V 53
K 266717374600 socket_bpi_bga64_easy
F Case
|R 20:06_1-26-12
Y 0
D 0 0 195 295
Z 10
i 114
U 0 -40 10 0 3 0 MANF=MICRON
U 0 -50 10 0 3 0 MANF_P/N=PZ28F064M29EWB
U 0 -60 10 0 3 0 VALUE=M29EW_BGA48
U 0 -10 10 0 3 3 DEVICE=M29EW_BGA48
U 0 -20 10 0 3 3 REFDES=U?
U 0 -30 10 0 3 3 PKG_TYPE=
P 1 0 260 20 260 0 2 0
L 20 260 10 0 2 0 1 0 A21
A 20 260 10 0 9 0 #=C4
A 20 265 10 0 2 0 PINTYPE=IN
P 22 0 50 20 50 0 2 0
L 20 50 10 0 2 0 1 0 A0
A 20 50 10 0 9 3 #=E1
A 20 55 10 0 2 0 PINTYPE=IN
P 38 195 120 175 120 0 3 0
L 175 120 10 0 8 0 1 0 DQ1
A 175 120 10 0 3 3 #=H2
A 175 125 10 0 2 0 PINTYPE=IN
P 37 195 130 175 130 0 3 0
L 175 130 10 0 8 0 1 0 DQ2
A 175 130 10 0 3 3 #=E3
A 175 135 10 0 2 0 PINTYPE=IN
P 36 195 140 175 140 0 3 0
L 175 140 10 0 8 0 1 0 DQ3
A 175 140 10 0 3 3 #=H3
A 175 145 10 0 2 0 PINTYPE=IN
P 35 195 150 175 150 0 3 0
L 175 150 10 0 8 0 1 0 DQ4
A 175 150 10 0 3 3 #=H4
A 175 155 10 0 2 0 PINTYPE=IN
P 34 195 160 175 160 0 3 0
L 175 160 10 0 8 0 1 0 DQ5
A 175 160 10 0 3 3 #=E4
A 175 165 10 0 2 0 PINTYPE=IN
P 33 195 170 175 170 0 3 0
L 175 170 10 0 8 0 1 0 DQ6
A 175 170 10 0 3 3 #=H5
A 175 175 10 0 2 0 PINTYPE=IN
P 32 195 180 175 180 0 3 0
L 175 180 10 0 8 0 1 0 DQ7
A 175 180 10 0 3 3 #=E5
A 175 185 10 0 2 0 PINTYPE=IN
P 31 195 190 175 190 0 3 0
L 175 190 10 0 8 0 1 0 DQ8
A 175 190 10 0 3 3 #=F2
A 175 195 10 0 2 0 PINTYPE=IN
P 30 195 200 175 200 0 3 0
L 175 200 10 0 8 0 1 0 DQ9
A 175 200 10 0 3 3 #=G2
A 175 205 10 0 2 0 PINTYPE=IN
P 28 195 220 175 220 0 3 0
L 175 220 10 0 8 0 1 0 DQ11
A 175 220 10 0 3 3 #=G3
A 175 225 10 0 2 0 PINTYPE=IN
P 26 195 240 175 240 0 3 0
L 175 240 10 0 8 0 1 0 DQ13
A 175 240 10 0 3 3 #=G5
A 175 245 10 0 2 0 PINTYPE=IN
P 20 0 70 20 70 0 2 0
L 20 70 10 0 2 0 1 0 A2
A 20 70 10 0 9 3 #=C1
A 20 75 10 0 2 0 PINTYPE=IN
P 19 0 80 20 80 0 2 0
L 20 80 10 0 2 0 1 0 A3
A 20 80 10 0 9 3 #=A1
A 20 85 10 0 2 0 PINTYPE=IN
P 18 0 90 20 90 0 2 0
L 20 90 10 0 2 0 1 0 A4
A 20 90 10 0 9 3 #=B1
A 20 95 10 0 2 0 PINTYPE=IN
P 17 0 100 20 100 0 2 0
L 20 100 10 0 2 0 1 0 A5
A 20 100 10 0 9 3 #=D2
A 20 105 10 0 2 0 PINTYPE=IN
P 16 0 110 20 110 0 2 0
L 20 110 10 0 2 0 1 0 A6
A 20 110 10 0 9 3 #=C2
A 20 115 10 0 2 0 PINTYPE=IN
P 15 0 120 20 120 0 2 0
L 20 120 10 0 2 0 1 0 A7
A 20 120 10 0 9 3 #=A2
A 20 125 10 0 2 0 PINTYPE=IN
P 14 0 130 20 130 0 2 0
L 20 130 10 0 2 0 1 0 A8
A 20 130 10 0 9 3 #=B5
A 20 135 10 0 2 0 PINTYPE=IN
P 13 0 140 20 140 0 2 0
L 20 140 10 0 2 0 1 0 A9
A 20 140 10 0 9 3 #=A5
A 20 145 10 0 2 0 PINTYPE=IN
P 12 0 150 20 150 0 2 0
L 20 150 10 0 2 0 1 0 A10
A 20 150 10 0 9 3 #=C5
A 20 155 10 0 2 0 PINTYPE=IN
P 11 0 160 20 160 0 2 0
L 20 160 10 0 2 0 1 0 A11
A 20 160 10 0 9 3 #=D5
A 20 165 10 0 2 0 PINTYPE=IN
P 10 0 170 20 170 0 2 0
L 20 170 10 0 2 0 1 0 A12
A 20 170 10 0 9 3 #=B6
A 20 175 10 0 2 0 PINTYPE=IN
P 8 0 190 20 190 0 2 0
L 20 190 10 0 2 0 1 0 A14
A 20 190 10 0 9 3 #=C6
A 20 195 10 0 2 0 PINTYPE=IN
P 5 0 220 20 220 0 2 0
L 20 220 10 0 2 0 1 0 A17
A 20 220 10 0 9 3 #=B2
A 20 225 10 0 2 0 PINTYPE=IN
P 4 0 230 20 230 0 2 0
L 20 230 10 0 2 0 1 0 A18
A 20 230 10 0 9 3 #=C3
A 20 235 10 0 2 0 PINTYPE=IN
P 3 0 240 20 240 0 2 0
L 20 240 10 0 2 0 1 0 A19
A 20 240 10 0 9 3 #=D4
A 20 245 10 0 2 0 PINTYPE=IN
P 2 0 250 20 250 0 2 0
L 20 250 10 0 2 0 1 0 A20
A 20 250 10 0 9 3 #=D3
A 20 255 10 0 2 0 PINTYPE=IN
P 6 0 210 20 210 0 2 0
L 20 210 10 0 2 0 1 0 A16
A 20 210 10 0 9 3 #=E6
A 20 215 10 0 2 0 PINTYPE=IN
P 7 0 200 20 200 0 2 0
L 20 200 10 0 2 0 1 0 A15
A 20 200 10 0 9 3 #=D6
A 20 205 10 0 2 0 PINTYPE=IN
P 9 0 180 20 180 0 2 0
L 20 180 10 0 2 0 1 0 A13
A 20 180 10 0 9 3 #=A6
A 20 185 10 0 2 0 PINTYPE=IN
P 25 195 250 175 250 0 3 0
L 175 250 10 0 8 0 1 0 DQ14
A 175 250 10 0 3 3 #=F5
A 175 255 10 0 2 0 PINTYPE=IN
P 27 195 230 175 230 0 3 0
L 175 230 10 0 8 0 1 0 DQ12
A 175 230 10 0 3 3 #=F4
A 175 235 10 0 2 0 PINTYPE=IN
P 29 195 210 175 210 0 3 0
L 175 210 10 0 8 0 1 0 DQ10
A 175 210 10 0 3 3 #=F3
A 175 215 10 0 2 0 PINTYPE=IN
P 39 195 110 175 110 0 3 0
L 175 110 10 0 8 0 1 0 DQ0
A 175 110 10 0 3 3 #=E2
A 175 115 10 0 2 0 PINTYPE=IN
P 21 0 60 20 60 0 2 0
L 20 60 10 0 2 0 1 0 A1
A 20 60 10 0 9 3 #=D1
A 20 65 10 0 2 0 PINTYPE=IN
P 46 195 40 175 40 0 3 0
L 175 40 10 0 8 0 1 0 BYTE_B
A 175 40 10 0 3 3 #=F6
A 175 45 10 0 2 0 PINTYPE=IN
P 43 195 70 175 70 0 3 0
L 175 70 10 0 8 0 1 0 OE_B
A 175 70 10 0 3 3 #=G1
A 175 75 10 0 2 0 PINTYPE=IN
P 44 195 60 175 60 0 3 0
L 175 60 10 0 8 0 1 0 WE_B
A 175 60 10 0 3 3 #=A4
A 175 65 10 0 2 0 PINTYPE=IN
P 23 80 295 80 275 0 0 0
L 80 275 10 5 2 0 0 0 VCC1
A 80 275 10 5 9 3 #=G4
A 85 295 10 5 2 0 PINTYPE=IN
P 24 195 260 175 260 0 3 0
L 175 260 10 0 8 0 1 0 DQ15_A_1
A 175 260 10 0 3 3 #=G6
A 175 265 10 0 2 0 PINTYPE=IN
P 48 70 0 70 20 0 1 0
A 75 20 10 1 2 0 PINTYPE=IN
A 70 20 10 1 9 3 #=H6
L 70 20 10 1 2 0 0 0 VSS2
P 47 80 0 80 20 0 1 0
A 85 20 10 1 2 0 PINTYPE=IN
A 80 20 10 1 9 3 #=H1
L 80 20 10 1 2 0 0 0 VSS1
P 45 195 50 175 50 0 3 0
L 175 50 10 0 8 0 1 0 RESET_B
A 175 50 10 0 3 3 #=B4
A 175 55 10 0 2 0 PINTYPE=IN
P 40 195 100 175 100 0 3 0
L 175 100 10 0 8 0 1 0 RY_BY_B
A 175 100 10 0 3 3 #=A3
A 175 105 10 0 2 0 PINTYPE=IN
P 41 195 90 175 90 0 3 0
L 175 90 10 0 8 0 1 0 CE_B
A 175 90 10 0 3 3 #=F1
A 175 95 10 0 2 0 PINTYPE=IN
P 42 195 80 175 80 0 3 0
A 175 85 10 0 2 0 PINTYPE=IN
L 175 80 10 0 8 0 1 0 WP_B
A 175 80 10 0 3 3 #=B3
T 130 375 10 3 2 VIO
Q 15 0 0
T 205 110 10 0 8 RFU
Q 15 0 0
T 205 100 10 0 8 RFU
Q 15 0 0
T 205 180 10 0 8 RFU
Q 15 0 0
T 120 25 10 3 8 GND
Q 15 0 0
T 80 25 10 3 8 GND
Q 15 0 0
T 100 25 10 3 8 GND
Q 15 0 0
T 205 170 10 0 8 RFU
Q 15 0 0
T 205 160 10 0 8 RFU
Q 15 0 0
T 205 150 10 0 8 RFU
Q 15 0 0
T 205 140 10 0 8 RFU
Q 15 0 0
T 205 130 10 0 8 RFU
Q 15 0 0
T 205 120 10 0 8 RFU
Q 15 0 0
T 150 375 10 3 2 VIO
Q 15 0 0
T 110 375 10 3 2 VCC
Q 15 0 0
T 120 250 10 0 5 BPI FLASH MEMORY
T 120 240 10 0 5 BGA64
b 20 20 175 275
E
