V 53
K 54499520590 $tmp$91865552$ap7173
F Case
|R 22:50_4-12-11
Y 1
D 0 0 170 180
Z 10
i 11
U 0 -80 10 0 3 0 DIST_P/N=AP7173-FNG-7DITR-ND
U 0 -70 10 0 3 0 DIST=DIGIKEY
U 0 -60 10 0 3 0 MANF=DIODES INC
U 0 -50 10 0 3 0 VALUE=AP7173
U 0 -40 10 0 3 0 MANF_P/N=AP7173-FNG-7
U 0 -30 10 0 3 3 PKG_TYPE=DFN3030_10
U 0 -20 10 0 3 3 REFDES=U?
U 0 -10 10 0 3 3 DEVICE=AP7173
P 11 80 0 80 20 0 1 0
L 80 20 10 1 2 0 1 0 EP
A 80 20 10 1 9 0 #=11
A 85 20 10 1 2 0 PINTYPE=IN
P 7 170 110 150 110 0 3 0
L 150 110 10 0 8 0 1 0 OUT2
A 150 110 10 0 3 0 #=10
A 150 120 10 0 2 0 PINTYPE=OUT
P 6 170 130 150 130 0 3 0
L 150 130 10 0 8 0 1 0 OUT1
A 150 130 10 0 3 0 #=9
A 150 140 10 0 2 0 PINTYPE=OUT
P 8 170 90 150 90 0 3 0
L 150 90 10 0 8 0 1 0 FB
A 150 90 10 0 3 0 #=8
A 150 100 10 0 2 0 PINTYPE=IN
P 9 170 70 150 70 0 3 0
L 150 70 10 0 8 0 1 0 SS
A 150 70 10 0 3 0 #=7
A 150 80 10 0 2 0 PINTYPE=IN
P 10 170 50 150 50 0 3 0
L 150 50 10 0 8 0 1 0 GND
A 150 50 10 0 3 0 #=6
A 150 60 10 0 2 0 PINTYPE=IN
P 5 0 50 20 50 0 2 0
L 20 50 10 0 2 0 1 0 EN
A 20 50 10 0 9 0 #=5
A 30 55 10 0 2 0 PINTYPE=IN
P 4 0 70 20 70 0 2 0
L 20 70 10 0 2 0 1 0 VCC
A 20 70 10 0 9 0 #=4
A 30 75 10 0 2 0 PINTYPE=IN
P 3 0 90 20 90 0 2 0
L 20 90 10 0 2 0 1 0 PG
A 20 90 10 0 9 0 #=3
A 30 95 10 0 2 0 PINTYPE=IN
P 2 0 110 20 110 0 2 0
L 20 110 10 0 2 0 1 0 IN2
A 20 110 10 0 9 0 #=2
A 30 115 10 0 2 0 PINTYPE=IN
P 1 0 130 20 130 0 2 0
L 20 130 10 0 2 0 1 0 IN1
A 20 130 10 0 9 0 #=1
A 30 135 10 0 2 0 PINTYPE=IN
b 20 20 150 160
E
