V 53
K 266717374600 socket_bpi_bga64_easy
F Case
|R 21:35_1-26-12
Y 0
D 0 0 205 305
Z 10
i 116
U 0 -40 10 0 3 0 MANF=MICRON
U 0 -50 10 0 3 0 MANF_P/N=PC28F128M29EWL
U 0 -60 10 0 3 0 VALUE=M29EW_BGA64
U 0 -10 10 0 3 3 REFDES=U?
U 0 -20 10 0 3 3 DEVICE=M29EW_BGA64
U 0 -30 10 0 3 3 PKG_TYPE=BGA64_11X13
P 1 0 270 20 270 0 2 0
L 20 270 10 0 2 0 1 0 A21
A 20 270 10 0 9 0 #=C4
A 20 275 10 0 2 0 PINTYPE=IN
P 22 0 60 20 60 0 2 0
L 20 60 10 0 2 0 1 0 A0
A 20 60 10 0 9 3 #=E1
A 20 65 10 0 2 0 PINTYPE=IN
P 38 205 130 185 130 0 3 0
L 185 130 10 0 8 0 1 0 DQ1
A 185 130 10 0 3 3 #=H2
A 185 135 10 0 2 0 PINTYPE=IN
P 37 205 140 185 140 0 3 0
L 185 140 10 0 8 0 1 0 DQ2
A 185 140 10 0 3 3 #=E3
A 185 145 10 0 2 0 PINTYPE=IN
P 36 205 150 185 150 0 3 0
L 185 150 10 0 8 0 1 0 DQ3
A 185 150 10 0 3 3 #=H3
A 185 155 10 0 2 0 PINTYPE=IN
P 35 205 160 185 160 0 3 0
L 185 160 10 0 8 0 1 0 DQ4
A 185 160 10 0 3 3 #=H4
A 185 165 10 0 2 0 PINTYPE=IN
P 34 205 170 185 170 0 3 0
L 185 170 10 0 8 0 1 0 DQ5
A 185 170 10 0 3 3 #=E4
A 185 175 10 0 2 0 PINTYPE=IN
P 33 205 180 185 180 0 3 0
L 185 180 10 0 8 0 1 0 DQ6
A 185 180 10 0 3 3 #=H5
A 185 185 10 0 2 0 PINTYPE=IN
P 32 205 190 185 190 0 3 0
L 185 190 10 0 8 0 1 0 DQ7
A 185 190 10 0 3 3 #=E5
A 185 195 10 0 2 0 PINTYPE=IN
P 31 205 200 185 200 0 3 0
L 185 200 10 0 8 0 1 0 DQ8
A 185 200 10 0 3 3 #=F2
A 185 205 10 0 2 0 PINTYPE=IN
P 30 205 210 185 210 0 3 0
L 185 210 10 0 8 0 1 0 DQ9
A 185 210 10 0 3 3 #=G2
A 185 215 10 0 2 0 PINTYPE=IN
P 28 205 230 185 230 0 3 0
L 185 230 10 0 8 0 1 0 DQ11
A 185 230 10 0 3 3 #=G3
A 185 235 10 0 2 0 PINTYPE=IN
P 26 205 250 185 250 0 3 0
L 185 250 10 0 8 0 1 0 DQ13
A 185 250 10 0 3 3 #=G5
A 185 255 10 0 2 0 PINTYPE=IN
P 20 0 80 20 80 0 2 0
L 20 80 10 0 2 0 1 0 A2
A 20 80 10 0 9 3 #=C1
A 20 85 10 0 2 0 PINTYPE=IN
P 19 0 90 20 90 0 2 0
L 20 90 10 0 2 0 1 0 A3
A 20 90 10 0 9 3 #=A1
A 20 95 10 0 2 0 PINTYPE=IN
P 18 0 100 20 100 0 2 0
L 20 100 10 0 2 0 1 0 A4
A 20 100 10 0 9 3 #=B1
A 20 105 10 0 2 0 PINTYPE=IN
P 17 0 110 20 110 0 2 0
L 20 110 10 0 2 0 1 0 A5
A 20 110 10 0 9 3 #=D2
A 20 115 10 0 2 0 PINTYPE=IN
P 16 0 120 20 120 0 2 0
L 20 120 10 0 2 0 1 0 A6
A 20 120 10 0 9 3 #=C2
A 20 125 10 0 2 0 PINTYPE=IN
P 15 0 130 20 130 0 2 0
L 20 130 10 0 2 0 1 0 A7
A 20 130 10 0 9 3 #=A2
A 20 135 10 0 2 0 PINTYPE=IN
P 14 0 140 20 140 0 2 0
L 20 140 10 0 2 0 1 0 A8
A 20 140 10 0 9 3 #=B5
A 20 145 10 0 2 0 PINTYPE=IN
P 13 0 150 20 150 0 2 0
L 20 150 10 0 2 0 1 0 A9
A 20 150 10 0 9 3 #=A5
A 20 155 10 0 2 0 PINTYPE=IN
P 12 0 160 20 160 0 2 0
L 20 160 10 0 2 0 1 0 A10
A 20 160 10 0 9 3 #=C5
A 20 165 10 0 2 0 PINTYPE=IN
P 11 0 170 20 170 0 2 0
L 20 170 10 0 2 0 1 0 A11
A 20 170 10 0 9 3 #=D5
A 20 175 10 0 2 0 PINTYPE=IN
P 10 0 180 20 180 0 2 0
L 20 180 10 0 2 0 1 0 A12
A 20 180 10 0 9 3 #=B6
A 20 185 10 0 2 0 PINTYPE=IN
P 8 0 200 20 200 0 2 0
L 20 200 10 0 2 0 1 0 A14
A 20 200 10 0 9 3 #=C6
A 20 205 10 0 2 0 PINTYPE=IN
P 5 0 230 20 230 0 2 0
L 20 230 10 0 2 0 1 0 A17
A 20 230 10 0 9 3 #=B2
A 20 235 10 0 2 0 PINTYPE=IN
P 4 0 240 20 240 0 2 0
L 20 240 10 0 2 0 1 0 A18
A 20 240 10 0 9 3 #=C3
A 20 245 10 0 2 0 PINTYPE=IN
P 3 0 250 20 250 0 2 0
L 20 250 10 0 2 0 1 0 A19
A 20 250 10 0 9 3 #=D4
A 20 255 10 0 2 0 PINTYPE=IN
P 2 0 260 20 260 0 2 0
L 20 260 10 0 2 0 1 0 A20
A 20 260 10 0 9 3 #=D3
A 20 265 10 0 2 0 PINTYPE=IN
P 6 0 220 20 220 0 2 0
L 20 220 10 0 2 0 1 0 A16
A 20 220 10 0 9 3 #=E6
A 20 225 10 0 2 0 PINTYPE=IN
P 7 0 210 20 210 0 2 0
L 20 210 10 0 2 0 1 0 A15
A 20 210 10 0 9 3 #=D6
A 20 215 10 0 2 0 PINTYPE=IN
P 9 0 190 20 190 0 2 0
L 20 190 10 0 2 0 1 0 A13
A 20 190 10 0 9 3 #=A6
A 20 195 10 0 2 0 PINTYPE=IN
P 25 205 260 185 260 0 3 0
L 185 260 10 0 8 0 1 0 DQ14
A 185 260 10 0 3 3 #=F5
A 185 265 10 0 2 0 PINTYPE=IN
P 27 205 240 185 240 0 3 0
L 185 240 10 0 8 0 1 0 DQ12
A 185 240 10 0 3 3 #=F4
A 185 245 10 0 2 0 PINTYPE=IN
P 29 205 220 185 220 0 3 0
L 185 220 10 0 8 0 1 0 DQ10
A 185 220 10 0 3 3 #=F3
A 185 225 10 0 2 0 PINTYPE=IN
P 39 205 120 185 120 0 3 0
L 185 120 10 0 8 0 1 0 DQ0
A 185 120 10 0 3 3 #=E2
A 185 125 10 0 2 0 PINTYPE=IN
P 21 0 70 20 70 0 2 0
L 20 70 10 0 2 0 1 0 A1
A 20 70 10 0 9 3 #=D1
A 20 75 10 0 2 0 PINTYPE=IN
P 46 205 40 185 40 0 3 0
L 185 40 10 0 8 0 1 0 BYTE_B
A 185 40 10 0 3 3 #=F6
A 185 45 10 0 2 0 PINTYPE=IN
P 43 205 70 185 70 0 3 0
L 185 70 10 0 8 0 1 0 OE_B
A 185 70 10 0 3 3 #=G1
A 185 75 10 0 2 0 PINTYPE=IN
P 44 205 60 185 60 0 3 0
L 185 60 10 0 8 0 1 0 WE_B
A 185 60 10 0 3 3 #=A4
A 185 65 10 0 2 0 PINTYPE=IN
P 24 205 270 185 270 0 3 0
L 185 270 10 0 8 0 1 0 DQ15_A_1
A 185 270 10 0 3 3 #=G6
A 185 275 10 0 2 0 PINTYPE=IN
P 45 205 50 185 50 0 3 0
L 185 50 10 0 8 0 1 0 RESET_B
A 185 50 10 0 3 3 #=B4
A 185 55 10 0 2 0 PINTYPE=IN
P 40 205 100 185 100 0 3 0
L 185 100 10 0 8 0 1 0 RY_BY_B
A 185 100 10 0 3 3 #=A3
A 185 105 10 0 2 0 PINTYPE=IN
P 41 205 90 185 90 0 3 0
L 185 90 10 0 8 0 1 0 CE_B
A 185 90 10 0 3 3 #=F1
A 185 95 10 0 2 0 PINTYPE=IN
P 42 205 80 185 80 0 3 0
A 185 85 10 0 2 0 PINTYPE=IN
L 185 80 10 0 8 0 1 0 WP_B
A 185 80 10 0 3 3 #=B3
P 48 70 0 70 20 0 1 0
A 75 20 10 1 2 0 PINTYPE=IN
A 70 20 10 1 9 3 #=H6
L 70 20 10 1 2 0 0 0 VSS2
P 47 90 0 90 20 0 1 0
A 95 20 10 1 2 0 PINTYPE=IN
A 90 20 10 1 9 3 #=H1
L 90 20 10 1 2 0 0 0 VSS1
P 23 90 305 90 285 0 0 0
L 90 285 10 5 2 0 0 0 VCC1
A 90 285 10 5 9 3 #=G4
A 95 305 10 5 2 0 PINTYPE=IN
T 100 25 10 1 2 GND
Q 15 0 0
T 80 25 10 1 2 GND
Q 15 0 0
T 100 185 10 0 5 BPI FLASH MEMORY
T 100 175 10 0 5 BGA64
T 105 285 10 1 8 VCC
Q 15 0 0
b 20 20 185 285
E
