V 51
K 105705308300 500254-1927
|R 21:49_4-18-13
Y 1
D 0 0 300 330
Z 10
i 963
U 40 0 10 0 3 0 PARTS=1
U 40 -10 10 0 3 0 LEVEL=STD
U 40 5 16 0 3 3 REFDES=P?
U 140 10 10 0 3 3 DEVICE=HDMI_CONN
U 215 10 10 0 3 3 PKG_TYPE=HDMI_CONN
U 40 310 10 0 3 3 VALUE=HDMI_CONN
P 963 300 150 260 150 0 3 0
A 265 150 10 0 3 3 #=16
L 255 150 10 0 8 0 1 0 GND5
A 315 150 10 0 2 0 PINTYPE=BI
P 962 0 40 40 40 0 2 0
A 35 40 10 4 3 3 #=14
L 45 40 10 4 8 0 1 0 CONFIG2
A -15 40 10 4 2 0 PINTYPE=BI
P 960 0 190 40 190 0 2 0
A 35 190 10 4 3 3 #=10
L 45 190 10 4 8 0 1 0 ML_LANE3_P
A -15 190 10 4 2 0 PINTYPE=BI
P 961 0 180 40 180 0 2 0
A 35 180 10 4 3 3 #=12
L 45 180 10 4 8 0 1 0 ML_LANE3_N
A -15 180 10 4 2 0 PINTYPE=BI
P 958 0 210 40 210 0 2 0
A -15 210 10 4 2 0 PINTYPE=BI
L 45 210 10 4 8 0 1 0 ML_LANE2_N
A 35 210 10 4 3 3 #=9
P 959 0 220 40 220 0 2 0
A -15 220 10 4 2 0 PINTYPE=BI
L 45 220 10 4 8 0 1 0 ML_LANE2_P
A 35 220 10 4 3 3 #=7
P 41 0 120 40 120 0 2 0
A 35 120 10 4 3 3 #=17
L 45 120 10 4 8 1 1 0 AUX_CH_N
A -15 120 10 4 2 0 PINTYPE=BI
P 22 300 90 260 90 0 3 0
A 265 90 10 4 9 3 #=21
L 255 90 10 4 2 1 1 0 SHLD1
A 315 90 10 4 8 0 PINTYPE=BI
P 19 300 80 260 80 0 3 0
A 265 80 10 4 9 3 #=22
L 255 80 10 4 2 1 1 0 SHLD2
A 315 80 10 4 8 0 PINTYPE=BI
P 38 300 70 260 70 0 3 0
A 265 70 10 0 3 3 #=23
L 255 70 10 0 8 1 1 0 SHLD3
A 315 70 10 0 2 0 PINTYPE=BI
P 46 300 60 260 60 0 3 0
A 265 60 10 0 3 3 #=24
L 255 60 10 0 8 1 1 0 SHLD4
A 315 60 10 0 2 0 PINTYPE=BI
P 947 0 130 40 130 0 2 0
A -15 130 10 4 2 0 PINTYPE=BI
L 45 130 10 4 8 0 1 0 AUX_CH_P
A 35 130 10 4 3 3 #=15
P 14 300 280 260 280 0 3 0
A 265 280 10 4 9 3 #=20
L 255 280 10 4 2 1 1 0 DP_PWR
A 315 280 10 4 8 0 PINTYPE=BI
P 17 0 280 40 280 0 2 0
A 35 280 10 0 9 3 #=1
L 45 280 10 0 2 1 1 0 ML_LANE0_P
A -15 280 10 0 8 0 PINTYPE=BI
P 18 0 270 40 270 0 2 0
A 35 270 9 0 9 3 #=3
L 45 270 10 0 2 1 1 0 ML_LANE0_N
A -15 270 7 0 8 0 PINTYPE=BI
P 955 300 180 260 180 0 3 0
A 315 180 10 0 2 0 PINTYPE=BI
L 255 180 10 0 8 0 1 0 GND2
A 265 180 10 0 3 3 #=5
P 956 300 170 260 170 0 3 0
A 265 170 10 0 3 3 #=8
L 255 170 10 0 8 0 1 0 GND3
A 315 170 10 0 2 0 PINTYPE=BI
P 948 300 190 260 190 0 3 0
A 265 190 10 0 3 3 #=2
L 255 190 10 0 8 0 1 0 GND1
A 315 190 10 0 2 0 PINTYPE=BI
P 40 0 250 40 250 0 2 0
A 35 250 10 4 3 3 #=4
L 45 250 10 4 8 1 1 0 ML_LANE1_P
A -15 250 10 4 2 0 PINTYPE=BI
P 39 0 240 40 240 0 2 0
A 35 240 10 4 3 3 #=6
L 45 240 10 4 8 1 1 0 ML_LANE1_N
A -15 240 10 4 2 0 PINTYPE=BI
P 23 0 160 40 160 0 2 0
A 35 160 10 0 9 3 #=18
L 45 160 10 0 2 1 1 0 HOTPLUG_DET
A -15 160 10 0 8 0 PINTYPE=BI
P 24 0 150 40 150 0 2 0
A 35 150 10 0 9 3 #=19
L 45 150 10 0 2 1 1 0 RETURN
A -15 150 10 0 8 0 PINTYPE=BI
P 949 0 50 40 50 0 2 0
A -15 50 10 4 2 0 PINTYPE=BI
L 45 50 10 4 8 0 1 0 CONFIG1
A 35 50 10 4 3 3 #=13
b 40 20 260 310
P 957 300 160 260 160 0 3 0
A 315 160 10 0 2 0 PINTYPE=BI
L 255 160 10 0 8 0 1 0 GND4
A 265 160 10 0 3 3 #=11
E
