V 51
K 153165148200 3s200anftg256
|R 22:58_7-21-10
Y 1
D 0 0 400 680
Z 10
i 946
U -500 330 10 0 3 0 HETERO=3s200anftg256_0,3s200anftg256_1,3s200anftg256_2,3s200
+ anftg256_3,3s200anftg256_222,3s200anftg256_0_Power,3s200anftg256_1_Power,3s200
+ anftg256_2_Power,3s200anftg256_3_Power,3s200anftg256_VCCINT,3s200anftg256_VCCA
+ UX,3s200anftg256_1_GND
U -500 310 10 0 3 0 PARTS=1
U -500 300 10 0 3 0 LEVEL=STD
P 1 400 570 350 570 0 3 0
A 355 570 10 0 3 3 #=N5
L 345 570 10 0 8 1 1 0 IP_2/VREF_2_N5
A 405 570 10 0 2 0 PINTYPE=BI
P 2 400 560 350 560 0 3 0
A 355 560 10 0 3 3 #=P4
L 345 560 10 0 8 1 1 0 IO_L01N_2/M0_P4
A 405 560 10 0 2 0 PINTYPE=BI
P 3 400 550 350 550 0 3 0
A 355 550 10 0 3 3 #=N4
L 345 550 10 0 8 1 1 0 IO_L01P_2/M1_N4
A 405 550 10 0 2 0 PINTYPE=BI
P 4 400 540 350 540 0 3 0
A 355 540 10 0 3 3 #=T2
L 345 540 10 0 8 1 1 0 IO_L02N_2/CSO_B_T2
A 405 540 10 0 2 0 PINTYPE=BI
P 5 400 530 350 530 0 3 0
A 355 530 10 0 3 3 #=R2
L 345 530 10 0 8 1 1 0 IO_L02P_2/M2_R2
A 405 530 10 0 2 0 PINTYPE=BI
P 6 400 520 350 520 0 3 0
A 355 520 10 0 3 3 #=L7
L 345 520 10 0 8 1 1 0 IP_2_L7
A 405 520 10 0 2 0 PINTYPE=IN
P 7 400 510 350 510 0 3 0
A 355 510 10 0 3 3 #=T3
L 345 510 10 0 8 1 1 0 IO_L03N_2/VS2_T3
A 405 510 10 0 2 0 PINTYPE=BI
P 8 400 500 350 500 0 3 0
A 355 500 10 0 3 3 #=R3
L 345 500 10 0 8 1 1 0 IO_L03P_2/RDWR_B_R3
A 405 500 10 0 2 0 PINTYPE=BI
P 9 400 490 350 490 0 3 0
A 355 490 10 0 3 3 #=M7
L 345 490 10 0 8 1 1 0 IP_2/VREF_2_M7
A 405 490 10 0 2 0 PINTYPE=BI
P 10 400 480 350 480 0 3 0
A 355 480 10 0 3 3 #=P5
L 345 480 10 0 8 1 1 0 IO_L04N_2/VS0_P5
A 405 480 10 0 2 0 PINTYPE=BI
P 11 400 470 350 470 0 3 0
A 355 470 10 0 3 3 #=N6
L 345 470 10 0 8 1 1 0 IO_L04P_2/VS1_N6
A 405 470 10 0 2 0 PINTYPE=BI
P 12 400 460 350 460 0 3 0
A 355 460 10 0 3 3 #=R5
L 345 460 10 0 8 1 1 0 IO_L05N_2_R5
A 405 460 10 0 2 0 PINTYPE=BI
P 13 400 450 350 450 0 3 0
A 355 450 10 0 3 3 #=T4
L 345 450 10 0 8 1 1 0 IO_L05P_2_T4
A 405 450 10 0 2 0 PINTYPE=BI
P 14 400 440 350 440 0 3 0
A 355 440 10 0 3 3 #=T6
L 345 440 10 0 8 1 1 0 IO_L06N_2/D6_T6
A 405 440 10 0 2 0 PINTYPE=BI
P 15 400 430 350 430 0 3 0
A 355 430 10 0 3 3 #=T5
L 345 430 10 0 8 1 1 0 IO_L06P_2/D7_T5
A 405 430 10 0 2 0 PINTYPE=BI
P 16 400 420 350 420 0 3 0
A 355 420 10 0 3 3 #=P6
L 345 420 10 0 8 1 1 0 IO_L07N_2_P6
A 405 420 10 0 2 0 PINTYPE=BI
P 17 400 410 350 410 0 3 0
A 355 410 10 0 3 3 #=N7
L 345 410 10 0 8 1 1 0 IO_L07P_2_N7
A 405 410 10 0 2 0 PINTYPE=BI
P 18 400 400 350 400 0 3 0
A 355 400 10 0 3 3 #=N8
L 345 400 10 0 8 1 1 0 IO_L08N_2/D4_N8
A 405 400 10 0 2 0 PINTYPE=BI
P 19 400 390 350 390 0 3 0
A 355 390 10 0 3 3 #=P7
L 345 390 10 0 8 1 1 0 IO_L08P_2/D5_P7
A 405 390 10 0 2 0 PINTYPE=BI
P 20 400 380 350 380 0 3 0
A 355 380 10 0 3 3 #=M8
L 345 380 10 0 8 1 1 0 IP_2/VREF_2_M8
A 405 380 10 0 2 0 PINTYPE=BI
P 21 400 370 350 370 0 3 0
A 355 370 10 0 3 3 #=T7
L 345 370 10 0 8 1 1 0 IO_L09N_2/GCLK13_T7
A 405 370 10 0 2 0 PINTYPE=BI
P 22 400 360 350 360 0 3 0
A 355 360 10 0 3 3 #=R7
L 345 360 10 0 8 1 1 0 IO_L09P_2/GCLK12_R7
A 405 360 10 0 2 0 PINTYPE=BI
P 23 400 350 350 350 0 3 0
A 355 350 10 0 3 3 #=T8
L 345 350 10 0 8 1 1 0 IO_L10N_2/GCLK15_T8
A 405 350 10 0 2 0 PINTYPE=BI
P 24 400 340 350 340 0 3 0
A 355 340 10 0 3 3 #=P8
L 345 340 10 0 8 1 1 0 IO_L10P_2/GCLK14_P8
A 405 340 10 0 2 0 PINTYPE=BI
P 25 400 330 350 330 0 3 0
A 355 330 10 0 3 3 #=L8
L 345 330 10 0 8 1 1 0 IP_2_L8
A 405 330 10 0 2 0 PINTYPE=IN
P 26 400 320 350 320 0 3 0
A 355 320 10 0 3 3 #=P9
L 345 320 10 0 8 1 1 0 IO_L11N_2/GCLK1_P9
A 405 320 10 0 2 0 PINTYPE=BI
P 27 400 310 350 310 0 3 0
A 355 310 10 0 3 3 #=N9
L 345 310 10 0 8 1 1 0 IO_L11P_2/GCLK0_N9
A 405 310 10 0 2 0 PINTYPE=BI
P 28 400 300 350 300 0 3 0
A 355 300 10 0 3 3 #=T9
L 345 300 10 0 8 1 1 0 IO_L12N_2/GCLK3_T9
A 405 300 10 0 2 0 PINTYPE=BI
P 29 400 290 350 290 0 3 0
A 355 290 10 0 3 3 #=R9
L 345 290 10 0 8 1 1 0 IO_L12P_2/GCLK2_R9
A 405 290 10 0 2 0 PINTYPE=BI
P 30 400 280 350 280 0 3 0
A 355 280 10 0 3 3 #=L9
L 345 280 10 0 8 1 1 0 IP_2/VREF_2_L9
A 405 280 10 0 2 0 PINTYPE=BI
P 31 400 270 350 270 0 3 0
A 355 270 10 0 3 3 #=M10
L 345 270 10 0 8 1 1 0 IO_L13N_2_M10
A 405 270 10 0 2 0 PINTYPE=BI
P 32 400 260 350 260 0 3 0
A 355 260 10 0 3 3 #=N10
L 345 260 10 0 8 1 1 0 IO_L13P_2_N10
A 405 260 10 0 2 0 PINTYPE=BI
P 33 400 250 350 250 0 3 0
A 355 250 10 0 3 3 #=P10
L 345 250 10 0 8 1 1 0 IO_L14N_2/MOSI/CSI_B_P10
A 405 250 10 0 2 0 PINTYPE=BI
P 34 400 240 350 240 0 3 0
A 355 240 10 0 3 3 #=T10
L 345 240 10 0 8 1 1 0 IO_L14P_2_T10
A 405 240 10 0 2 0 PINTYPE=BI
P 35 400 230 350 230 0 3 0
A 355 230 10 0 3 3 #=R11
L 345 230 10 0 8 1 1 0 IO_L15N_2/DOUT_R11
A 405 230 10 0 2 0 PINTYPE=BI
P 36 400 220 350 220 0 3 0
A 355 220 10 0 3 3 #=T11
L 345 220 10 0 8 1 1 0 IO_L15P_2/AWAKE_T11
A 405 220 10 0 2 0 PINTYPE=BI
P 37 400 210 350 210 0 3 0
A 355 210 10 0 3 3 #=L10
L 345 210 10 0 8 1 1 0 IP_2/VREF_2_L10
A 405 210 10 0 2 0 PINTYPE=BI
P 38 400 200 350 200 0 3 0
A 355 200 10 0 3 3 #=N11
L 345 200 10 0 8 1 1 0 IO_L16N_2_N11
A 405 200 10 0 2 0 PINTYPE=BI
P 39 400 190 350 190 0 3 0
A 355 190 10 0 3 3 #=P11
L 345 190 10 0 8 1 1 0 IO_L16P_2_P11
A 405 190 10 0 2 0 PINTYPE=BI
P 40 400 180 350 180 0 3 0
A 355 180 10 0 3 3 #=P12
L 345 180 10 0 8 1 1 0 IO_L17N_2/D3_P12
A 405 180 10 0 2 0 PINTYPE=BI
P 41 400 170 350 170 0 3 0
A 355 170 10 0 3 3 #=T12
L 345 170 10 0 8 1 1 0 IO_L17P_2/INIT_B_T12
A 405 170 10 0 2 0 PINTYPE=BI
P 42 400 160 350 160 0 3 0
A 355 160 10 0 3 3 #=R13
L 345 160 10 0 8 1 1 0 IO_L18N_2/D1_R13
A 405 160 10 0 2 0 PINTYPE=BI
P 43 400 150 350 150 0 3 0
A 355 150 10 0 3 3 #=T13
L 345 150 10 0 8 1 1 0 IO_L18P_2/D2_T13
A 405 150 10 0 2 0 PINTYPE=BI
P 44 400 140 350 140 0 3 0
A 355 140 10 0 3 3 #=M11
L 345 140 10 0 8 1 1 0 IP_2/VREF_2_M11
A 405 140 10 0 2 0 PINTYPE=BI
P 45 400 130 350 130 0 3 0
A 355 130 10 0 3 3 #=P13
L 345 130 10 0 8 1 1 0 IO_L19N_2_P13
A 405 130 10 0 2 0 PINTYPE=BI
P 46 400 120 350 120 0 3 0
A 355 120 10 0 3 3 #=N12
L 345 120 10 0 8 1 1 0 IO_L19P_2_N12
A 405 120 10 0 2 0 PINTYPE=BI
P 47 400 110 350 110 0 3 0
A 355 110 10 0 3 3 #=R14
L 345 110 10 0 8 1 1 0 IO_L20N_2/CCLK_R14
A 405 110 10 0 2 0 PINTYPE=BI
P 48 400 100 350 100 0 3 0
A 355 100 10 0 3 3 #=T14
L 345 100 10 0 8 1 1 0 IO_L20P_2/D0/DIN/MISO_T14
A 405 100 10 0 2 0 PINTYPE=BI
b 50 50 350 630
U 50 40 10 0 3 3 REFDES=U?
U 320 35 10 0 3 3 PKG_TYPE=FTG256
U 50 630 10 0 3 3 DEVICE=3S200AN
E
