V 51
K 348990208400 3s200anftg256_0
|R 22:55_7-21-10
Y 1
D 0 0 400 670
Z 10
i 946
U -500 325 10 0 3 0 HETERO=3s200anftg256_0,3s200anftg256_1,3s200anftg256_2,3s200
+ anftg256_3,3s200anftg256_222,3s200anftg256_0_Power,3s200anftg256_1_Power,3s200
+ anftg256_2_Power,3s200anftg256_3_Power,3s200anftg256_VCCINT,3s200anftg256_VCCA
+ UX,3s200anftg256_1_GND
U -500 305 10 0 3 0 PARTS=1
U -500 295 10 0 3 0 LEVEL=STD
P 1 400 560 350 560 0 3 0
A 355 560 10 0 3 3 #=E6
L 345 560 10 0 8 1 1 0 IP_0_E6
A 405 560 10 0 2 0 PINTYPE=IN
P 2 400 550 350 550 0 3 0
A 355 550 10 0 3 3 #=C4
L 345 550 10 0 8 1 1 0 IO_L20P_0/VREF_0_C4
A 405 550 10 0 2 0 PINTYPE=BI
P 3 400 540 350 540 0 3 0
A 355 540 10 0 3 3 #=D5
L 345 540 10 0 8 1 1 0 IO_L20N_0/PUDC_B_D5
A 405 540 10 0 2 0 PINTYPE=BI
P 4 400 530 350 530 0 3 0
A 355 530 10 0 3 3 #=A3
L 345 530 10 0 8 1 1 0 IO_L19P_0_A3
A 405 530 10 0 2 0 PINTYPE=BI
P 5 400 520 350 520 0 3 0
A 355 520 10 0 3 3 #=B3
L 345 520 10 0 8 1 1 0 IO_L19N_0_B3
A 405 520 10 0 2 0 PINTYPE=BI
P 6 400 510 350 510 0 3 0
A 355 510 10 0 3 3 #=D6
L 345 510 10 0 8 1 1 0 IP_0_D6
A 405 510 10 0 2 0 PINTYPE=IN
P 7 400 500 350 500 0 3 0
A 355 500 10 0 3 3 #=A4
L 345 500 10 0 8 1 1 0 IO_L18P_0_A4
A 405 500 10 0 2 0 PINTYPE=BI
P 8 400 490 350 490 0 3 0
A 355 490 10 0 3 3 #=B4
L 345 490 10 0 8 1 1 0 IO_L18N_0_B4
A 405 490 10 0 2 0 PINTYPE=BI
P 9 400 480 350 480 0 3 0
A 355 480 10 0 3 3 #=A5
L 345 480 10 0 8 1 1 0 IO_L17P_0_A5
A 405 480 10 0 2 0 PINTYPE=BI
P 10 400 470 350 470 0 3 0
A 355 470 10 0 3 3 #=C5
L 345 470 10 0 8 1 1 0 IO_L17N_0_C5
A 405 470 10 0 2 0 PINTYPE=BI
P 11 400 460 350 460 0 3 0
A 355 460 10 0 3 3 #=F7
L 345 460 10 0 8 1 1 0 IP_0_F7
A 405 460 10 0 2 0 PINTYPE=IN
P 12 400 450 350 450 0 3 0
A 355 450 10 0 3 3 #=D7
L 345 450 10 0 8 1 1 0 IO_L16P_0_D7
A 405 450 10 0 2 0 PINTYPE=BI
P 13 400 440 350 440 0 3 0
A 355 440 10 0 3 3 #=C6
L 345 440 10 0 8 1 1 0 IO_L16N_0_C6
A 405 440 10 0 2 0 PINTYPE=BI
P 14 400 430 350 430 0 3 0
A 355 430 10 0 3 3 #=A6
L 345 430 10 0 8 1 1 0 IO_L15P_0_A6
A 405 430 10 0 2 0 PINTYPE=BI
P 15 400 420 350 420 0 3 0
A 355 420 10 0 3 3 #=B6
L 345 420 10 0 8 1 1 0 IO_L15N_0_B6
A 405 420 10 0 2 0 PINTYPE=BI
P 16 400 410 350 410 0 3 0
A 355 410 10 0 3 3 #=F8
L 345 410 10 0 8 1 1 0 IO_L14P_0_F8
A 405 410 10 0 2 0 PINTYPE=BI
P 17 400 400 350 400 0 3 0
A 355 400 10 0 3 3 #=E7
L 345 400 10 0 8 1 1 0 IO_L14N_0/VREF_0_E7
A 405 400 10 0 2 0 PINTYPE=BI
P 18 400 390 350 390 0 3 0
A 355 390 10 0 3 3 #=A7
L 345 390 10 0 8 1 1 0 IO_L13P_0_A7
A 405 390 10 0 2 0 PINTYPE=BI
P 19 400 380 350 380 0 3 0
A 355 380 10 0 3 3 #=C7
L 345 380 10 0 8 1 1 0 IO_L13N_0_C7
A 405 380 10 0 2 0 PINTYPE=BI
P 20 400 370 350 370 0 3 0
A 355 370 10 0 3 3 #=F9
L 345 370 10 0 8 1 1 0 IP_0_F9
A 405 370 10 0 2 0 PINTYPE=IN
P 21 400 360 350 360 0 3 0
A 355 360 10 0 3 3 #=A8
L 345 360 10 0 8 1 1 0 IO_L12P_0/GCLK10_A8
A 405 360 10 0 2 0 PINTYPE=BI
P 22 400 350 350 350 0 3 0
A 355 350 10 0 3 3 #=B8
L 345 350 10 0 8 1 1 0 IO_L12N_0/GCLK11_B8
A 405 350 10 0 2 0 PINTYPE=BI
P 23 400 340 350 340 0 3 0
A 355 340 10 0 3 3 #=C8
L 345 340 10 0 8 1 1 0 IO_L11P_0/GCLK8_C8
A 405 340 10 0 2 0 PINTYPE=BI
P 24 400 330 350 330 0 3 0
A 355 330 10 0 3 3 #=D8
L 345 330 10 0 8 1 1 0 IO_L11N_0/GCLK9_D8
A 405 330 10 0 2 0 PINTYPE=BI
P 25 400 320 350 320 0 3 0
A 355 320 10 0 3 3 #=E9
L 345 320 10 0 8 1 1 0 IP_0/VREF_0_E9
A 405 320 10 0 2 0 PINTYPE=BI
P 26 400 310 350 310 0 3 0
A 355 310 10 0 3 3 #=C9
L 345 310 10 0 8 1 1 0 IO_L10P_0/GCLK6_C9
A 405 310 10 0 2 0 PINTYPE=BI
P 27 400 300 350 300 0 3 0
A 355 300 10 0 3 3 #=A9
L 345 300 10 0 8 1 1 0 IO_L10N_0/GCLK7_A9
A 405 300 10 0 2 0 PINTYPE=BI
P 28 400 290 350 290 0 3 0
A 355 290 10 0 3 3 #=C10
L 345 290 10 0 8 1 1 0 IO_L09P_0/GCLK4_C10
A 405 290 10 0 2 0 PINTYPE=BI
P 29 400 280 350 280 0 3 0
A 355 280 10 0 3 3 #=D9
L 345 280 10 0 8 1 1 0 IO_L09N_0/GCLK5_D9
A 405 280 10 0 2 0 PINTYPE=BI
P 30 400 270 350 270 0 3 0
A 355 270 10 0 3 3 #=F10
L 345 270 10 0 8 1 1 0 IP_0_F10
A 405 270 10 0 2 0 PINTYPE=IN
P 31 400 260 350 260 0 3 0
A 355 260 10 0 3 3 #=B10
L 345 260 10 0 8 1 1 0 IO_L08P_0_B10
A 405 260 10 0 2 0 PINTYPE=BI
P 32 400 250 350 250 0 3 0
A 355 250 10 0 3 3 #=A10
L 345 250 10 0 8 1 1 0 IO_L08N_0_A10
A 405 250 10 0 2 0 PINTYPE=BI
P 33 400 240 350 240 0 3 0
A 355 240 10 0 3 3 #=C11
L 345 240 10 0 8 1 1 0 IO_L07P_0_C11
A 405 240 10 0 2 0 PINTYPE=BI
P 34 400 230 350 230 0 3 0
A 355 230 10 0 3 3 #=A11
L 345 230 10 0 8 1 1 0 IO_L07N_0_A11
A 405 230 10 0 2 0 PINTYPE=BI
P 35 400 220 350 220 0 3 0
A 355 220 10 0 3 3 #=D10
L 345 220 10 0 8 1 1 0 IO_L06P_0_D10
A 405 220 10 0 2 0 PINTYPE=BI
P 36 400 210 350 210 0 3 0
A 355 210 10 0 3 3 #=E10
L 345 210 10 0 8 1 1 0 IO_L06N_0/VREF_0_E10
A 405 210 10 0 2 0 PINTYPE=BI
P 37 400 200 350 200 0 3 0
A 355 200 10 0 3 3 #=B12
L 345 200 10 0 8 1 1 0 IO_L05P_0_B12
A 405 200 10 0 2 0 PINTYPE=BI
P 38 400 190 350 190 0 3 0
A 355 190 10 0 3 3 #=A12
L 345 190 10 0 8 1 1 0 IO_L05N_0_A12
A 405 190 10 0 2 0 PINTYPE=BI
P 39 400 180 350 180 0 3 0
A 355 180 10 0 3 3 #=A14
L 345 180 10 0 8 1 1 0 IO_L04P_0_A14
A 405 180 10 0 2 0 PINTYPE=BI
P 40 400 170 350 170 0 3 0
A 355 170 10 0 3 3 #=A13
L 345 170 10 0 8 1 1 0 IO_L04N_0_A13
A 405 170 10 0 2 0 PINTYPE=BI
P 41 400 160 350 160 0 3 0
A 355 160 10 0 3 3 #=C12
L 345 160 10 0 8 1 1 0 IO_L03P_0_C12
A 405 160 10 0 2 0 PINTYPE=BI
P 42 400 150 350 150 0 3 0
A 355 150 10 0 3 3 #=D11
L 345 150 10 0 8 1 1 0 IO_L03N_0_D11
A 405 150 10 0 2 0 PINTYPE=BI
P 43 400 140 350 140 0 3 0
A 355 140 10 0 3 3 #=D12
L 345 140 10 0 8 1 1 0 IP_0_D12
A 405 140 10 0 2 0 PINTYPE=IN
P 44 400 130 350 130 0 3 0
A 355 130 10 0 3 3 #=B15
L 345 130 10 0 8 1 1 0 IO_L02P_0/VREF_0_B15
A 405 130 10 0 2 0 PINTYPE=BI
P 45 400 120 350 120 0 3 0
A 355 120 10 0 3 3 #=B14
L 345 120 10 0 8 1 1 0 IO_L02N_0_B14
A 405 120 10 0 2 0 PINTYPE=BI
P 46 400 110 350 110 0 3 0
A 355 110 10 0 3 3 #=D13
L 345 110 10 0 8 1 1 0 IO_L01P_0_D13
A 405 110 10 0 2 0 PINTYPE=BI
P 47 400 100 350 100 0 3 0
A 355 100 10 0 3 3 #=C13
L 345 100 10 0 8 1 1 0 IO_L01N_0_C13
A 405 100 10 0 2 0 PINTYPE=BI
b 50 50 350 620
U 50 40 10 0 3 3 REFDES=U?
U 320 40 10 0 3 3 PKG_TYPE=FTG256
U 50 620 10 0 3 3 DEVICE=3S200AN
E
