V 51
K 429230332600 xc6slx16_cs225_gnd
|R 19:36_1-7-13
Y 1
D 0 0 340 320
Z 10
i 30
U 0 -30 10 0 3 0 PARTS=1
U 0 -90 10 0 3 0 PARTS=1
U 0 -80 10 0 3 0 LEVEL=STD
U 0 -70 10 0 3 0 DIST_P/N=XC6SLX16-2CSG225C
U 0 -60 10 0 3 0 MFG_P/N=XC6SLX16-2CSG225C
U 0 -50 10 0 3 0 DIST=XILINX
U 0 -40 10 0 3 0 MFG=XILINX
U 0 -10 10 0 3 0 HETERO=6SLX16_CS225_0,6SLX16_CS225_1,6SLX16_CS225_2,6SLX16_CS22
+ 5_3,6SLX16_CS225_GND,6SLX16_CS225_VCCINT,6SLX16_CS225_VCCAUX,6SLX16_CS225_DED
U 25 -5 18 0 3 3 REFDES=U?
U 295 5 10 0 3 3 PKG_TYPE=CS225
U 30 305 10 0 3 3 DEVICE=6SLX16_CS225
U 0 -20 10 0 3 0 VALUE=XC6VLX16_CS225
P 28 340 260 320 260 0 3 0
A 340 260 10 0 9 0 PINTYPE=IN
A 340 260 10 0 9 3 #=B10
L 273 255 10 0 3 0 1 0 GND_B10
P 29 340 280 320 280 0 3 0
A 340 280 10 0 9 0 PINTYPE=IN
A 340 280 10 0 9 3 #=A1
L 279 275 10 0 3 0 1 0 GND_A1
P 30 340 270 320 270 0 3 0
A 340 270 10 0 9 0 PINTYPE=IN
A 340 270 10 0 9 3 #=A15
L 274 265 10 0 3 0 1 0 GND_A15
P 17 340 150 320 150 0 3 0
A 340 150 10 0 9 0 PINTYPE=IN
A 340 150 10 0 9 3 #=J7
L 278 145 10 0 3 0 1 0 GND_J7
P 18 340 160 320 160 0 3 0
A 340 160 10 0 9 0 PINTYPE=IN
A 340 160 10 0 9 3 #=H8
L 278 155 10 0 3 0 1 0 GND_H8
P 19 340 170 320 170 0 3 0
A 340 170 10 0 9 0 PINTYPE=IN
A 340 170 10 0 9 3 #=G9
L 278 165 10 0 3 0 1 0 GND_G9
P 20 340 180 320 180 0 3 0
A 340 180 10 0 9 0 PINTYPE=IN
A 340 180 10 0 9 3 #=G7
L 278 175 10 0 3 0 1 0 GND_G7
P 21 340 190 320 190 0 3 0
A 340 190 10 0 9 0 PINTYPE=IN
A 340 190 10 0 9 3 #=F6
L 278 185 10 0 3 0 1 0 GND_F6
P 22 340 200 320 200 0 3 0
A 340 200 10 0 9 0 PINTYPE=IN
A 340 200 10 0 9 3 #=F2
L 278 195 10 0 3 0 1 0 GND_F2
P 23 340 220 320 220 0 3 0
A 340 220 10 0 9 0 PINTYPE=IN
A 340 220 10 0 9 3 #=E11
L 273 215 10 0 3 0 1 0 GND_E11
P 24 340 230 320 230 0 3 0
A 340 230 10 0 9 0 PINTYPE=IN
A 340 230 10 0 9 3 #=C3
L 278 225 10 0 3 0 1 0 GND_C3
P 25 340 250 320 250 0 3 0
A 340 250 10 0 9 0 PINTYPE=IN
A 340 250 10 0 9 3 #=B6
L 279 245 10 0 3 0 1 0 GND_B6
P 26 340 240 320 240 0 3 0
A 340 240 10 0 9 0 PINTYPE=IN
A 340 240 10 0 9 3 #=C13
L 274 235 10 0 3 0 1 0 GND_C13
P 27 340 210 320 210 0 3 0
A 340 210 10 0 9 0 PINTYPE=IN
A 340 210 10 0 9 3 #=F14
L 273 205 10 0 3 0 1 0 GND_F14
P 16 340 40 320 40 0 3 0
A 340 40 10 0 9 0 PINTYPE=IN
A 340 40 10 0 9 3 #=R15
L 273 35 10 0 3 0 1 0 GND_R15
P 15 340 50 320 50 0 3 0
A 340 50 10 0 9 0 PINTYPE=IN
A 340 50 10 0 9 3 #=R1
L 278 45 10 0 3 0 1 0 GND_R1
P 14 340 60 320 60 0 3 0
A 340 60 10 0 9 0 PINTYPE=IN
A 340 60 10 0 9 3 #=P6
L 278 55 10 0 3 0 1 0 GND_P6
P 13 340 70 320 70 0 3 0
A 340 70 10 0 9 0 PINTYPE=IN
A 340 70 10 0 9 3 #=P10
L 273 65 10 0 3 0 1 0 GND_P10
P 12 340 80 320 80 0 3 0
A 340 80 10 0 9 0 PINTYPE=IN
A 340 80 10 0 9 3 #=N3
L 278 75 10 0 3 0 1 0 GND_N3
P 11 340 90 320 90 0 3 0
A 340 90 10 0 9 0 PINTYPE=IN
A 340 90 10 0 9 3 #=N13
L 273 85 10 0 3 0 1 0 GND_N13
P 9 340 110 320 110 0 3 0
A 340 110 10 0 9 0 PINTYPE=IN
A 340 110 10 0 9 3 #=K6
L 278 105 10 0 3 0 1 0 GND_K6
P 8 340 120 320 120 0 3 0
A 340 120 10 0 9 0 PINTYPE=IN
A 340 120 10 0 9 3 #=K2
L 278 115 10 0 3 0 1 0 GND_K2
P 1 340 140 320 140 0 3 0
A 340 140 10 0 9 0 PINTYPE=IN
A 340 140 10 0 9 3 #=J9
L 279 135 10 0 3 0 1 0 GND_J9
P 7 340 130 320 130 0 3 0
A 340 130 10 0 9 0 PINTYPE=IN
A 340 130 10 0 9 3 #=K14
L 274 125 10 0 3 0 1 0 GND_K14
P 10 340 100 320 100 0 3 0
A 340 100 10 0 9 0 PINTYPE=IN
A 340 100 10 0 9 3 #=L11
L 273 95 10 0 3 0 1 0 GND_L11
T 152 173 20 0 3 GND
T 129 156 20 0 3 XC6SLX16
T 144 139 20 0 3 CS225
c 40 280 10
b 20 20 320 300
E
