V 51
K 97129919590 cs225_2
|R 19:34_1-7-13
Y 1
D 0 0 340 640
Z 10
i 77
U 0 -20 10 0 3 0 PARTS=1
U 0 -100 10 0 3 0 VALUE=XC6VLX16_CS225
U 0 -80 10 0 3 0 PARTS=1
U 0 -70 10 0 3 0 LEVEL=STD
U 0 -60 10 0 3 0 MFG_P/N=XC6SLX16-2CS225C
U 0 -50 10 0 3 0 MFG=XILINX
U 0 -40 10 0 3 0 DIST_P/N=XC6SLX16-2CS225C
U 0 -30 10 0 3 0 DIST=XILINX
U 0 -10 10 0 3 0 HETERO=6SLX16_CS225_0,6SLX16_CS225_1,6SLX16_CS225_2,6SLX16_CS22
+ 5_3,6SLX16_CS225_GND,6SLX16_CS225_VCCINT,6SLX16_CS225_VCCAUX,6SLX16_CS225_DED
U 30 -10 18 0 3 3 REFDES=U?
U 30 630 10 0 3 3 DEVICE=6SLX16_CS225
U 290 0 10 0 3 3 PKG_TYPE=CS225
P 73 0 60 20 60 0 2 0
A 0 60 10 0 3 0 PINTYPE=IN
A 0 60 10 0 3 3 #=P8
L 35 55 10 0 3 0 1 0 VCCO_2_P8
P 69 0 70 20 70 0 2 0
A 0 70 10 0 3 0 PINTYPE=IN
A 0 70 10 0 3 3 #=P4
L 35 65 10 0 3 0 1 0 VCCO_2_P4
P 70 0 80 20 80 0 2 0
A 0 80 10 0 3 0 PINTYPE=IN
A 0 80 10 0 3 3 #=P12
L 35 75 10 0 3 0 1 0 VCCO_2_P12
P 71 0 90 20 90 0 2 0
A 0 90 10 0 3 0 PINTYPE=IN
A 0 90 10 0 3 3 #=M7
L 35 85 10 0 3 0 1 0 VCCO_2_M7
c 40 600 10
T 59 563 20 0 3 BANK 2
T 59 546 20 0 3 XC6SLX16
T 59 529 20 0 3 CS225
b 20 20 320 620
P 18 340 430 320 430 0 3 0
A 340 430 10 0 9 0 PINTYPE=BI
A 340 430 10 0 9 3 #=N12
L 216 425 10 0 3 0 1 0 IO_L1P_CCLK_2_N12
P 19 340 420 320 420 0 3 0
A 340 420 10 0 9 0 PINTYPE=BI
A 340 420 10 0 9 3 #=R12
L 185 415 10 0 3 0 1 0 IO_L1N_MO_CMPMISO_2_R12
P 20 340 410 320 410 0 3 0
A 340 410 10 0 9 0 PINTYPE=BI
A 340 410 10 0 9 3 #=P13
L 206 405 10 0 3 0 1 0 IO_L2P_CMPCLK_2_P13
P 21 340 400 320 400 0 3 0
A 340 400 10 0 9 0 PINTYPE=BI
A 340 400 10 0 9 3 #=R13
L 201 395 10 0 3 0 1 0 IO_L2N_CMPMOSI_2_R13
P 22 340 390 320 390 0 3 0
A 340 390 10 0 9 0 PINTYPE=BI
A 340 390 10 0 9 3 #=P11
L 148 385 10 0 3 0 1 0 IO_L3P_D0_DIN_MISO_MISO1_2_P11
P 23 340 380 320 380 0 3 0
A 340 380 10 0 9 0 PINTYPE=BI
A 340 380 10 0 9 3 #=R11
L 153 375 10 0 3 0 1 0 IO_L3N_MOSI_CSI_B_MISO0_2_R11
P 24 340 370 320 370 0 3 0
A 340 370 10 0 9 0 PINTYPE=BI
A 340 370 10 0 9 3 #=M11
L 190 365 10 0 3 0 1 0 IO_L12P_D1_MISO2_2_M11
P 25 340 360 320 360 0 3 0
A 340 360 10 0 9 0 PINTYPE=BI
A 340 360 10 0 9 3 #=N11
L 190 355 10 0 3 0 1 0 IO_L12N_D2_MISO3_2_N11
P 26 340 350 320 350 0 3 0
A 340 350 10 0 9 0 PINTYPE=BI
A 340 350 10 0 9 3 #=N10
L 221 345 10 0 3 0 1 0 IO_L13P_M1_2_N10
P 27 340 340 320 340 0 3 0
A 340 340 10 0 9 0 PINTYPE=BI
A 340 340 10 0 9 3 #=R10
L 216 335 10 0 3 0 1 0 IO_L13N_D10_2_R10
P 28 340 330 320 330 0 3 0
A 340 330 10 0 9 0 PINTYPE=BI
A 340 330 10 0 9 3 #=L9
L 221 325 10 0 3 0 1 0 IO_L14P_D11_2_L9
P 29 340 320 320 320 0 3 0
A 340 320 10 0 9 0 PINTYPE=BI
A 340 320 10 0 9 3 #=M10
L 216 315 10 0 3 0 1 0 IO_L14N_D12_2_M10
P 74 340 310 320 310 0 3 0
A 340 310 10 0 9 0 PINTYPE=BI
A 340 310 10 0 9 3 #=M9
L 242 305 10 0 3 0 1 0 IO_L15P_2_M9
P 75 340 300 320 300 0 3 0
A 340 300 10 0 9 0 PINTYPE=BI
A 340 300 10 0 9 3 #=N9
L 242 295 10 0 3 0 1 0 IO_L15N_2_N9
P 30 340 290 320 290 0 3 0
A 340 290 10 0 9 0 PINTYPE=BI
A 340 290 10 0 9 3 #=P9
L 242 285 10 0 3 0 1 0 IO_L16P_2_P9
P 31 340 280 320 280 0 3 0
A 340 280 10 0 9 0 PINTYPE=BI
A 340 280 10 0 9 3 #=R9
L 216 275 10 0 3 0 1 0 IO_L16N_VREF_2_R9
P 32 340 270 320 270 0 3 0
A 340 270 10 0 9 0 PINTYPE=BI
A 340 270 10 0 9 3 #=N8
L 211 265 10 0 3 0 1 0 IO_L29P_GCLK3_2_N8
P 33 340 260 320 260 0 3 0
A 340 260 10 0 9 0 PINTYPE=BI
A 340 260 10 0 9 3 #=R8
L 211 255 10 0 3 0 1 0 IO_L29N_GCLK2_2_R8
P 34 340 250 320 250 0 3 0
A 340 250 10 0 9 0 PINTYPE=BI
A 340 250 10 0 9 3 #=M8
L 190 245 10 0 3 0 1 0 IO_L30P_GCLK1_D13_2_M8
P 35 340 240 320 240 0 3 0
A 340 240 10 0 9 0 PINTYPE=BI
A 340 240 10 0 9 3 #=N7
L 164 234 10 0 3 0 1 0 IO_L30N_GCLK0_USERCCLK_2_N7
P 36 340 230 320 230 0 3 0
A 340 230 10 0 9 0 PINTYPE=BI
A 340 230 10 0 9 3 #=K8
L 185 225 10 0 3 0 1 0 IO_L31P_GCLK31_D14_2_K8
P 37 340 220 320 220 0 3 0
A 340 220 10 0 9 0 PINTYPE=BI
A 340 220 10 0 9 3 #=L8
L 185 215 10 0 3 0 1 0 IO_L31N_GCLK30_D15_2_L8
P 38 340 210 320 210 0 3 0
A 340 210 10 0 9 0 PINTYPE=BI
A 340 210 10 0 9 3 #=P7
L 206 205 10 0 3 0 1 0 IO_L32P_GCLK29_2_P7
P 39 340 200 320 200 0 3 0
A 340 200 10 0 9 0 PINTYPE=BI
A 340 200 10 0 9 3 #=R7
L 206 195 10 0 3 0 1 0 IO_L32N_GCLK28_2_R7
P 76 340 190 320 190 0 3 0
A 340 190 10 0 9 0 PINTYPE=BI
A 340 190 10 0 9 3 #=L7
L 242 185 10 0 3 0 1 0 IO_L47P_2_L7
P 77 340 180 320 180 0 3 0
A 340 180 10 0 9 0 PINTYPE=BI
A 340 180 10 0 9 3 #=M6
L 242 175 10 0 3 0 1 0 IO_L47N_2_M6
P 40 340 170 320 170 0 3 0
A 340 170 10 0 9 0 PINTYPE=BI
A 340 170 10 0 9 3 #=N6
L 226 165 10 0 3 0 1 0 IO_L48P_D7_2_N6
P 41 340 160 320 160 0 3 0
A 340 160 10 0 9 0 PINTYPE=BI
A 340 160 10 0 9 3 #=R6
L 179 155 10 0 3 0 1 0 IO_L48N_RDWR_B_VREF_2_R6
P 42 340 150 320 150 0 3 0
A 340 150 10 0 9 0 PINTYPE=BI
A 340 150 10 0 9 3 #=P5
L 227 145 10 0 3 0 1 0 IO_L49P_D3_2_P5
P 43 340 140 320 140 0 3 0
A 340 140 10 0 9 0 PINTYPE=BI
A 340 140 10 0 9 3 #=R5
L 227 135 10 0 3 0 1 0 IO_L49N_D4_2_R5
P 44 340 130 320 130 0 3 0
A 340 130 10 0 9 0 PINTYPE=BI
A 340 130 10 0 9 3 #=L6
L 227 125 10 0 3 0 1 0 IO_L62P_D5_2_L6
P 45 340 120 320 120 0 3 0
A 340 120 10 0 9 0 PINTYPE=BI
A 340 120 10 0 9 3 #=L5
L 227 115 10 0 3 0 1 0 IO_L62N_D6_2_L5
P 46 340 110 320 110 0 3 0
A 340 110 10 0 9 0 PINTYPE=BI
A 340 110 10 0 9 3 #=N4
L 243 105 10 0 3 0 1 0 IO_L63P_2_N4
P 47 340 100 320 100 0 3 0
A 340 100 10 0 9 0 PINTYPE=BI
A 340 100 10 0 9 3 #=R4
L 243 95 10 0 3 0 1 0 IO_L63N_2_R4
P 48 340 90 320 90 0 3 0
A 340 90 10 0 9 0 PINTYPE=BI
A 340 90 10 0 9 3 #=M5
L 227 85 10 0 3 0 1 0 IO_L64P_D8_2_M5
P 49 340 80 320 80 0 3 0
A 340 80 10 0 9 0 PINTYPE=BI
A 340 80 10 0 9 3 #=N5
L 227 75 10 0 3 0 1 0 IO_L64N_D9_2_N5
P 50 340 70 320 70 0 3 0
A 340 70 10 0 9 0 PINTYPE=BI
A 340 70 10 0 9 3 #=P3
L 206 65 10 0 3 0 1 0 IO_L65P_INIT_B_2_P3
P 51 340 60 320 60 0 3 0
A 340 60 10 0 9 0 PINTYPE=BI
A 340 60 10 0 9 3 #=R3
L 211 55 10 0 3 0 1 0 IO_L65N_CSO_B_2_R3
E
