V 51
K 46333243090 74lvc1g07
|R 20:18_7-16-13
Y 1
D 0 0 100 100
Z 10
i 7
U 0 -70 10 0 3 0 DIST_P/N
U 0 -50 10 0 3 0 MANF=TEXAS INSTRUMENTS
U 0 -30 10 0 3 0 DIST=DIGIKEY
U 0 -10 10 0 3 0 PKG_TYPE=SC70_5
U 0 -40 10 0 3 0 PARTS=1
U 0 -20 10 0 3 0 LEVEL=STD
U -20 -15 10 0 3 0 DEVICE=74LVC1G07
U 40 90 16 0 9 3 REFDES=U?
U 65 5 10 0 3 3 MANF_P/N=74LVC1G07
P 6 50 0 50 20 0 1 0
L 41 20 10 0 3 0 1 0 GND
A 50 20 10 3 1 0 PINTYPE=IN
A 51 19 10 0 1 3 #=3
P 5 50 100 50 80 0 0 0
L 42 70 10 0 3 0 1 0 VCC
A 50 80 10 1 1 0 PINTYPE=IN
A 57 80 10 2 1 3 #=5
P 2 100 50 70 50 0 3 0
A 95 50 10 0 9 3 #=4
L 50 45 10 0 3 0 0 0 Y
P 7 0 30 20 30 0 2 0
A 0 30 10 0 3 0 PINTYPE=IN
A 5 30 10 0 3 3 #=1
L 25 25 10 0 3 0 1 0 NC
P 1 0 50 40 50 0 2 0
A 5 50 10 0 3 3 #=2
L 45 45 10 0 3 0 0 0 A
l 2 40 30 40 70
l 2 40 30 70 50
l 2 70 50 40 70
b 20 20 80 80
E
