V 51
K 75707579290 74lvc125a
|R 21:17_9-10-11
Y 1
D 0 0 100 250
Z 10
i 22
U 0 -60 10 0 3 0 PARTS=1
U 0 -50 10 0 3 0 LEVEL=STD
U 0 -40 10 0 3 0 MANF_P/N=74LVC125APW
U 0 -30 10 0 3 0 MANF=PHILIPS
U 80 10 10 0 3 3 PKG_TYPE=TSSOP_14
U 0 -10 10 0 3 0 DIST=DIGI-KEY
U 0 -20 10 0 3 0 DIST_P?N=568-2288-1-ND
U 20 0 16 0 3 3 REFDES=U?
b 15 20 80 230
l 2 52 142 52 130
c 52 144 2
l 2 45 142 58 150
l 2 58 150 45 158
l 2 45 142 45 158
l 2 52 182 52 170
c 52 184 2
l 2 45 182 58 190
l 2 58 190 45 198
l 2 45 182 45 198
l 2 52 102 52 90
c 52 104 2
l 2 45 102 58 110
l 2 58 110 45 118
l 2 45 102 45 118
l 2 52 62 52 50
c 52 64 2
l 2 45 62 58 70
l 2 58 70 45 78
l 2 45 62 45 78
P 4 0 70 45 70 0 2 0
A -10 70 10 0 3 0 PINTYPE=IN
A 0 70 10 0 3 3 #=12
L 30 70 10 0 3 0 1 0 4A
P 6 100 70 60 70 0 3 0
A 95 70 10 0 9 3 #=11
A 115 70 10 0 9 0 PINTYPE=OUT
L 65 70 10 0 3 0 1 0 4Y
P 8 0 50 52 50 0 2 0
L 22 50 10 0 3 0 1 0 4OE_B
A 2 50 10 0 3 3 #=13
A -18 50 10 0 3 0 PINTYPE=IN
P 15 100 110 60 110 0 3 0
A 90 110 10 0 9 3 #=8
A 115 110 10 0 9 0 PINTYPE=OUT
L 65 110 10 0 3 0 1 0 3Y
P 16 100 150 60 150 0 3 0
A 90 150 10 0 9 3 #=6
A 115 150 10 0 9 0 PINTYPE=OUT
L 65 150 10 0 3 0 1 0 2Y
P 17 100 190 60 190 0 3 0
A 90 190 10 0 9 3 #=3
A 115 190 10 0 9 0 PINTYPE=OUT
L 65 190 10 0 3 0 1 0 1Y
P 12 0 110 45 110 0 2 0
A -10 110 10 0 3 0 PINTYPE=IN
A 5 110 10 0 3 3 #=9
L 20 110 10 0 3 0 1 0 3A
P 13 0 150 45 150 0 2 0
A -10 150 10 0 3 0 PINTYPE=IN
A 5 150 10 0 3 3 #=5
L 20 150 10 0 3 0 1 0 2A
P 14 0 190 45 190 0 2 0
A -10 190 10 0 3 0 PINTYPE=IN
A 5 190 10 0 3 3 #=2
L 20 190 10 0 3 0 1 0 1A
P 20 0 170 51 170 0 2 0
L 21 170 10 0 3 0 1 0 1OE_B
A 6 170 10 0 3 3 #=1
A -19 170 10 0 3 0 PINTYPE=IN
P 19 0 130 51 130 0 2 0
L 21 130 10 0 3 0 1 0 2OE_B
A 6 130 10 0 3 3 #=4
A -19 130 10 0 3 0 PINTYPE=IN
P 18 0 90 51 90 0 2 0
L 21 90 10 0 3 0 1 0 3OE_B
A 1 90 10 0 3 3 #=10
A -19 90 10 0 3 0 PINTYPE=IN
P 21 100 40 80 40 0 3 0
A 100 40 10 0 9 0 PINTYPE=IN
L 55 35 10 0 3 0 1 0 GND
A 90 40 10 0 9 3 #=7
P 22 100 210 80 210 0 3 0
L 55 205 10 0 3 0 1 0 VCC
A 100 210 10 0 9 0 PINTYPE=IN
A 95 210 10 0 9 3 #=14
U 15 235 10 0 3 3 DEVICE=74LVC125A
E
