V 51
K 351019964500 ad1981b
|R 22:18_2-6-06
Y 1
D 0 0 450 450
Z 10
i 946
U 0 0 10 0 3 0 PARTS=1
U 0 -10 10 0 3 0 LEVEL=STD
P 1 280 450 280 410 0 0 0
A 280 415 10 1 3 3 #=1
L 280 405 10 1 8 1 1 0 DVDD1_1
A 280 465 10 1 2 0 PINTYPE=BI
P 2 270 450 270 410 0 0 0
A 270 415 10 1 3 3 #=2
L 270 405 10 1 8 1 1 0 XTL_IN_2
A 270 465 10 1 2 0 PINTYPE=BI
P 3 260 450 260 410 0 0 0
A 260 415 10 1 3 3 #=3
L 260 405 10 1 8 1 1 0 XTL_OUT_3
A 260 465 10 1 2 0 PINTYPE=BI
P 4 250 450 250 410 0 0 0
A 250 415 10 1 3 3 #=4
L 250 405 10 1 8 1 1 0 DVSS1_4
A 250 465 10 1 2 0 PINTYPE=BI
P 5 240 450 240 410 0 0 0
A 240 415 10 1 3 3 #=5
L 240 405 10 1 8 1 1 0 SDATA_OUT_5
A 240 465 10 1 2 0 PINTYPE=BI
P 6 230 450 230 410 0 0 0
A 230 415 10 1 3 3 #=6
L 230 405 10 1 8 1 1 0 BIT_CLK_6
A 230 465 10 1 2 0 PINTYPE=BI
P 7 220 450 220 410 0 0 0
A 220 415 10 1 3 3 #=7
L 220 405 10 1 8 1 1 0 DVSS2_7
A 220 465 10 1 2 0 PINTYPE=BI
P 8 210 450 210 410 0 0 0
A 210 415 10 1 3 3 #=8
L 210 405 10 1 8 1 1 0 SDATA_IN_8
A 210 465 10 1 2 0 PINTYPE=BI
P 9 200 450 200 410 0 0 0
A 200 415 10 1 3 3 #=9
L 200 405 10 1 8 1 1 0 DVDD2_9
A 200 465 10 1 2 0 PINTYPE=BI
P 10 190 450 190 410 0 0 0
A 190 415 10 1 3 3 #=10
L 190 405 10 1 8 1 1 0 SYNC_10
A 190 465 10 1 2 0 PINTYPE=BI
P 11 180 450 180 410 0 0 0
A 180 415 10 1 3 3 #=11
L 180 405 10 1 8 1 1 0 RESET_N_11
A 180 465 10 1 2 0 PINTYPE=BI
P 12 170 450 170 410 0 0 0
A 170 415 10 1 3 3 #=12
L 170 405 10 1 8 1 1 0 PC_NC
A 170 465 10 1 2 0 PINTYPE=BI
P 13 0 280 40 280 0 2 0
A 35 280 10 0 9 3 #=13
L 45 280 10 0 2 1 1 0 13_PHONE_IN
A -15 280 10 0 8 0 PINTYPE=BI
P 14 0 270 40 270 0 2 0
A 35 270 10 0 9 3 #=14
L 45 270 10 0 2 1 1 0 14_AUX_L
A -15 270 10 0 8 0 PINTYPE=BI
P 15 0 260 40 260 0 2 0
A 35 260 10 0 9 3 #=15
L 45 260 10 0 2 1 1 0 15_AUX_R
A -15 260 10 0 8 0 PINTYPE=BI
P 16 0 250 40 250 0 2 0
A 35 250 10 0 9 3 #=16
L 45 250 10 0 2 1 1 0 16_JS1
A -15 250 10 0 8 0 PINTYPE=BI
P 17 0 240 40 240 0 2 0
A 35 240 10 0 9 3 #=17
L 45 240 10 0 2 1 1 0 17_JS0
A -15 240 10 0 8 0 PINTYPE=BI
P 18 0 230 40 230 0 2 0
A 35 230 10 0 9 3 #=18
L 45 230 10 0 2 1 1 0 18_CD_L
A -15 230 10 0 8 0 PINTYPE=BI
P 19 0 220 40 220 0 2 0
A 35 220 10 0 9 3 #=19
L 45 220 10 0 2 1 1 0 19_CD_GND_REF
A -15 220 10 0 8 0 PINTYPE=BI
P 20 0 210 40 210 0 2 0
A 35 210 10 0 9 3 #=20
L 45 210 10 0 2 1 1 0 20_CD_R
A -15 210 10 0 8 0 PINTYPE=BI
P 21 0 200 40 200 0 2 0
A 35 200 10 0 9 3 #=21
L 45 200 10 0 2 1 1 0 21_MIC1
A -15 200 10 0 8 0 PINTYPE=BI
P 22 0 190 40 190 0 2 0
A 35 190 10 0 9 3 #=22
L 45 190 10 0 2 1 1 0 22_MIC2
A -15 190 10 0 8 0 PINTYPE=BI
P 23 0 180 40 180 0 2 0
A 35 180 10 0 9 3 #=23
L 45 180 10 0 2 1 1 0 23_LINE_IN_L
A -15 180 10 0 8 0 PINTYPE=BI
P 24 0 170 40 170 0 2 0
A 35 170 10 0 9 3 #=24
L 45 170 10 0 2 1 1 0 24_LINE_IN_R
A -15 170 10 0 8 0 PINTYPE=BI
P 25 170 0 170 40 0 1 0
A 170 35 10 1 9 3 #=25
L 170 45 10 1 2 1 1 0 25_AVDD1
A 170 -15 10 1 8 0 PINTYPE=BI
P 26 180 0 180 40 0 1 0
A 180 35 10 1 9 3 #=26
L 180 45 10 1 2 1 1 0 26_AVSS1
A 180 -15 10 1 8 0 PINTYPE=BI
P 27 190 0 190 40 0 1 0
A 190 35 10 1 9 3 #=27
L 190 45 10 1 2 1 1 0 27_VREF
A 190 -15 10 1 8 0 PINTYPE=BI
P 28 200 0 200 40 0 1 0
A 200 35 10 1 9 3 #=28
L 200 45 10 1 2 1 1 0 28_VREFOUT
A 200 -15 10 1 8 0 PINTYPE=BI
P 29 210 0 210 40 0 1 0
A 210 35 10 1 9 3 #=29
L 210 45 10 1 2 1 1 0 29_AFILT1
A 210 -15 10 1 8 0 PINTYPE=BI
P 30 220 0 220 40 0 1 0
A 220 35 10 1 9 3 #=30
L 220 45 10 1 2 1 1 0 30_AFLIT2
A 220 -15 10 1 8 0 PINTYPE=BI
P 31 230 0 230 40 0 1 0
A 230 35 10 1 9 3 #=31
L 230 45 10 1 2 1 1 0 31_AFILT3
A 230 -15 10 1 8 0 PINTYPE=BI
P 32 240 0 240 40 0 1 0
A 240 35 10 1 9 3 #=32
L 240 45 10 1 2 1 1 0 32_AFILT4
A 240 -15 10 1 8 0 PINTYPE=BI
P 33 250 0 250 40 0 1 0
A 250 35 10 1 9 3 #=33
L 250 45 10 1 2 1 1 0 33_AVSS4
A 250 -15 10 1 8 0 PINTYPE=BI
P 34 260 0 260 40 0 1 0
A 260 35 10 1 9 3 #=34
L 260 45 10 1 2 1 1 0 34_AVDD4
A 260 -15 10 1 8 0 PINTYPE=BI
P 35 270 0 270 40 0 1 0
A 270 35 10 1 9 3 #=35
L 270 45 10 1 2 1 1 0 35_LINE_OUT_L
A 270 -15 10 1 8 0 PINTYPE=BI
P 36 280 0 280 40 0 1 0
A 280 35 10 1 9 3 #=36
L 280 45 10 1 2 1 1 0 36_LINE_OUT_R
A 280 -15 10 1 8 0 PINTYPE=BI
P 37 450 170 410 170 0 3 0
A 415 170 10 0 3 3 #=37
L 405 170 10 0 8 1 1 0 MONO_OUT_37
A 465 170 10 0 2 0 PINTYPE=BI
P 38 450 180 410 180 0 3 0
A 415 180 10 0 3 3 #=38
L 405 180 10 0 8 1 1 0 AVDD2_38
A 465 180 10 0 2 0 PINTYPE=BI
P 39 450 190 410 190 0 3 0
A 415 190 10 0 3 3 #=39
L 405 190 10 0 8 1 1 0 HP_OUT_L_39
A 465 190 10 0 2 0 PINTYPE=BI
P 40 450 200 410 200 0 3 0
A 415 200 10 0 3 3 #=40
L 405 200 10 0 8 1 1 0 AVSS2_40
A 465 200 10 0 2 0 PINTYPE=BI
P 41 450 210 410 210 0 3 0
A 415 210 10 0 3 3 #=41
L 405 210 10 0 8 1 1 0 HP_OUT_R_41
A 465 210 10 0 2 0 PINTYPE=BI
P 42 450 220 410 220 0 3 0
A 415 220 10 0 3 3 #=42
L 405 220 10 0 8 1 1 0 NC_42
A 465 220 10 0 2 0 PINTYPE=BI
P 43 450 230 410 230 0 3 0
A 415 230 10 0 3 3 #=43
L 405 230 10 0 8 1 1 0 AVDD3_43
A 465 230 10 0 2 0 PINTYPE=BI
P 44 450 240 410 240 0 3 0
A 415 240 10 0 3 3 #=44
L 405 240 10 0 8 1 1 0 AVSS3_44
A 465 240 10 0 2 0 PINTYPE=BI
P 45 450 250 410 250 0 3 0
A 415 250 10 0 3 3 #=45
L 405 250 10 0 8 1 1 0 ID0_N_45
A 465 250 10 0 2 0 PINTYPE=BI
P 46 450 260 410 260 0 3 0
A 415 260 10 0 3 3 #=46
L 405 260 10 0 8 1 1 0 ID1_N_46
A 465 260 10 0 2 0 PINTYPE=BI
P 47 450 270 410 270 0 3 0
A 415 270 10 0 3 3 #=47
L 405 270 10 0 8 1 1 0 EAPD_47
A 465 270 10 0 2 0 PINTYPE=BI
P 48 450 280 410 280 0 3 0
A 415 280 10 0 3 3 #=48
L 405 280 10 0 8 1 1 0 SPDIF_48
A 465 280 10 0 2 0 PINTYPE=BI
T 225 245 20 0 5 LQFP48
b 40 40 410 410
T 225 265 20 0 5 AD1981B
U 0 20 10 0 3 3 PKG_TYPE=LQFP-48
U 0 30 10 0 3 3 DEVICE=AD1981B_LQFP-48
U 0 10 10 0 3 3 REFDES=U?
E
