V 51
K 74770596090 atx_24pin_pwr
|R 19:24_1-14-13
Y 1
D -30 0 130 130
Z 10
i 50
U 0 -20 10 0 3 0 MANF=MOLEX
U 0 0 9 0 3 0 DEVICE=39-28-1243
U 0 0 9 0 3 0 PARTS=1
U 0 0 9 0 3 0 PKG_TYPE=39-28-1243
U 10 -10 10 0 3 3 MANF_P/N=39-28-1243
P 39 130 50 100 50 0 3 0
A 100 -60 9 4 3 0 PINTYPE=BI
A 105 50 9 4 9 3 #=20
L 95 50 9 4 2 0 1 0 5V0_NEG
P 40 130 30 100 30 0 3 0
L 95 30 9 4 2 0 1 0 5V0_3
A 105 30 9 4 9 3 #=22
A 100 -80 9 4 3 0 PINTYPE=BI
P 41 130 20 100 20 0 3 0
A 100 -90 9 4 3 0 PINTYPE=BI
A 105 20 9 4 9 3 #=23
L 95 20 9 4 2 0 1 0 5V0_4
P 42 130 110 100 110 0 3 0
L 95 110 9 4 2 0 1 0 12V0_NEG
A 105 110 9 4 9 3 #=14
A 100 0 9 4 3 0 PINTYPE=BI
P 44 130 90 100 90 0 3 0
A 100 -20 9 4 3 0 PINTYPE=BI
A 105 90 9 4 9 3 #=16
L 95 90 9 4 2 0 1 0 PS_ON_B
P 45 130 100 100 100 0 3 0
L 95 100 9 4 2 0 1 0 GND_3
A 105 100 9 4 9 3 #=15
A 100 -10 9 4 3 0 PINTYPE=BI
P 46 130 70 100 70 0 3 0
L 95 70 9 4 2 0 1 0 GND_5
A 105 70 9 4 9 3 #=18
A 100 -40 9 4 3 0 PINTYPE=BI
P 47 130 80 100 80 0 3 0
A 100 -30 9 4 3 0 PINTYPE=BI
A 105 80 9 4 9 3 #=17
L 95 80 9 4 2 0 1 0 GND_4
P 48 130 60 100 60 0 3 0
L 95 60 9 4 2 0 1 0 GND_6
A 105 60 9 4 9 3 #=19
A 100 -50 9 4 3 0 PINTYPE=BI
P 49 130 40 100 40 0 3 0
L 95 40 9 4 2 0 1 0 5V0_2
A 105 40 9 4 9 3 #=21
A 100 -70 9 4 3 0 PINTYPE=BI
P 50 130 10 100 10 0 3 0
A 100 -100 9 4 3 0 PINTYPE=BI
A 105 10 9 4 9 3 #=24
L 95 10 9 4 2 0 1 0 GND_7
P 38 -30 10 0 10 0 2 0
L 5 10 9 0 2 0 1 0 3V3_2
A -5 10 9 0 9 3 #=12
A 0 -100 9 0 3 0 PINTYPE=BI
P 37 -30 40 0 40 0 2 0
A 0 -70 9 0 3 0 PINTYPE=BI
A -5 40 9 0 9 3 #=9
L 5 40 9 0 2 0 1 0 5VSB
P 33 -30 60 0 60 0 2 0
A 0 -50 9 0 3 0 PINTYPE=BI
A -5 60 9 0 9 3 #=7
L 5 60 9 0 2 0 1 0 GND_2
P 31 -30 80 0 80 0 2 0
L 5 80 9 0 2 0 1 0 GND_1
A -5 80 9 0 9 3 #=5
A 0 -30 9 0 3 0 PINTYPE=BI
P 32 -30 70 0 70 0 2 0
A 0 -40 9 0 3 0 PINTYPE=BI
A -5 70 9 0 9 3 #=6
L 5 70 9 0 2 0 1 0 5V0_1
P 29 -30 100 0 100 0 2 0
A 0 -10 9 0 3 0 PINTYPE=BI
A -5 100 9 0 9 3 #=3
L 5 100 9 0 2 0 1 0 GND_0
P 30 -30 90 0 90 0 2 0
L 5 90 9 0 2 0 1 0 5V0_0
A -5 90 9 0 9 3 #=4
A 0 -20 9 0 3 0 PINTYPE=BI
P 27 -30 120 0 120 0 2 0
L 5 120 9 0 2 0 1 0 3V3_0
A -5 120 9 0 9 3 #=1
A 0 10 9 0 3 0 PINTYPE=BI
P 28 -30 110 0 110 0 2 0
A 0 0 9 0 3 0 PINTYPE=BI
A -5 110 9 0 9 3 #=2
L 5 110 9 0 2 0 1 0 3V3_1
P 11 -30 20 0 20 0 2 0
L 5 20 9 0 2 0 1 0 12V0_1
A -5 20 9 0 9 3 #=11
A 0 -90 9 0 3 0 PINTYPE=BI
P 21 -30 30 0 30 0 2 0
A 0 -80 9 0 3 0 PINTYPE=BI
A -5 30 9 0 9 3 #=10
L 5 30 9 0 2 0 1 0 12V0_0
P 34 -30 50 0 50 0 2 0
L 5 50 9 0 2 0 1 0 PWR_OK
A -5 50 9 0 9 3 #=8
A 0 -60 9 0 3 0 PINTYPE=BI
P 43 130 120 100 120 0 3 0
A 100 10 9 4 3 0 PINTYPE=BI
A 105 120 9 4 9 3 #=13
L 95 120 9 4 2 0 1 0 3V3_3
b 0 0 100 130
U 7 135 16 0 3 3 REFDES=P?
E
