V 51
K 152988707600 bcm54682e
|R 1:17_2-10-12
Y 1
D 0 0 290 980
Z 10
i 426
U 0 -40 10 0 3 0 LEVEL=STD
U 0 -30 10 0 3 0 PARTS=1
P 298 0 340 40 340 0 2 0
Q 15 0 0
A 50 345 10 0 2 0 PINTYPE=OUT
A 40 340 10 0 9 3 #=K19
L 45 345 10 0 2 0 1 0 TRD3_2_N
P 24 0 955 40 955 0 2 0
Q 15 0 0
A 40 960 10 0 2 0 PINTYPE=BI
A 40 955 10 0 9 3 #=T2
L 45 960 10 0 2 0 1 0 SGOUT8_P
P 25 0 945 40 945 0 2 0
Q 15 0 0
A 40 950 10 0 2 0 PINTYPE=IN
A 40 945 10 0 9 3 #=T1
L 45 950 10 0 2 0 1 0 SGOUT8_N
P 23 0 935 40 935 0 2 0
Q 15 0 0
A 40 940 10 0 2 0 PINTYPE=OUT
A 40 935 10 0 9 3 #=W1
L 45 940 10 0 2 0 1 0 SGOUT7_P
P 27 0 925 40 925 0 2 0
Q 15 0 0
A 40 930 10 0 2 0 PINTYPE=IN
A 40 925 10 0 9 3 #=Y1
L 45 930 10 0 2 0 1 0 SGOUT7_N
P 28 0 910 40 910 0 2 0
Q 15 0 0
A -170 915 10 0 2 0 PINTYPE=IN
A 40 910 10 0 9 3 #=V2
L 45 915 10 0 2 0 1 0 SGIN8_P
P 30 0 900 40 900 0 2 0
Q 15 0 0
A -170 905 10 0 2 0 PINTYPE=ANALOG
A 40 900 10 0 9 3 #=V1
L 45 905 10 0 2 0 1 0 SGIN8_N
P 61 0 890 39 890 0 2 0
Q 15 0 0
A 39 900 10 4 2 0 PINTYPE=OUT
A 39 890 10 4 3 3 #=W3
L 44 895 10 4 8 0 1 0 SGIN7_P
P 62 0 880 39 880 0 2 0
Q 15 0 0
A 39 890 10 4 2 0 PINTYPE=OUT
A 39 880 10 4 3 3 #=Y3
L 44 885 10 4 8 0 1 0 SGIN7_N
P 268 0 215 40 215 0 2 0
Q 15 0 0
A 50 220 10 0 2 0 PINTYPE=OUT
A 40 215 10 0 9 3 #=N18
L 45 220 10 0 2 0 1 0 TRD1_1_N
P 267 0 225 40 225 0 2 0
Q 15 0 0
A 40 230 10 0 2 0 PINTYPE=OUT
A 40 225 10 0 9 3 #=N17
L 45 230 10 0 2 0 1 0 TRD1_1_P
P 284 0 235 40 235 0 2 0
Q 15 0 0
A 50 240 10 0 2 0 PINTYPE=OUT
A 40 235 10 0 9 3 #=M19
L 45 240 10 0 2 0 1 0 TRD2_1_N
P 283 0 245 40 245 0 2 0
Q 15 0 0
A 40 250 10 0 2 0 PINTYPE=OUT
A 40 245 10 0 9 3 #=M20
L 45 250 10 0 2 0 1 0 TRD2_1_P
P 293 0 840 40 840 0 2 0
Q 15 0 0
A 40 845 10 0 2 0 PINTYPE=OUT
A 40 840 10 0 9 3 #=M1
L 45 845 10 0 2 0 1 0 TRD2_8_P
P 300 0 255 40 255 0 2 0
Q 15 0 0
A 50 260 10 0 2 0 PINTYPE=OUT
A 40 255 10 0 9 3 #=L19
L 45 260 10 0 2 0 1 0 TRD3_1_N
P 299 0 265 40 265 0 2 0
Q 15 0 0
A 40 270 10 0 2 0 PINTYPE=OUT
A 40 265 10 0 9 3 #=L20
L 45 270 10 0 2 0 1 0 TRD3_1_P
P 303 0 595 40 595 0 2 0
Q 15 0 0
A 50 600 10 0 2 0 PINTYPE=OUT
A 40 595 10 0 9 3 #=E2
L 45 600 10 0 2 0 1 0 TRD3_5_N
P 304 0 605 40 605 0 2 0
Q 15 0 0
A 50 610 10 0 2 0 PINTYPE=OUT
A 40 605 10 0 9 3 #=E1
L 45 610 10 0 2 0 1 0 TRD3_5_P
P 305 0 690 40 690 0 2 0
Q 15 0 0
A 40 695 10 0 2 0 PINTYPE=OUT
A 40 690 10 0 9 3 #=G4
L 45 695 10 0 2 0 1 0 TRD3_6_P
P 306 0 765 40 765 0 2 0
Q 15 0 0
A 50 770 10 0 2 0 PINTYPE=OUT
A 40 765 10 0 9 3 #=K2
L 45 770 10 0 2 0 1 0 TRD3_7_N
P 307 0 775 40 775 0 2 0
Q 15 0 0
A 50 780 10 0 2 0 PINTYPE=OUT
A 40 775 10 0 9 3 #=K1
L 45 780 10 0 2 0 1 0 TRD3_7_P
P 309 0 860 40 860 0 2 0
Q 15 0 0
A 40 865 10 0 2 0 PINTYPE=OUT
A 40 860 10 0 9 3 #=L1
L 45 865 10 0 2 0 1 0 TRD3_8_P
P 308 0 850 40 850 0 2 0
Q 15 0 0
A 50 855 10 0 2 0 PINTYPE=OUT
A 40 850 10 0 9 3 #=L2
L 45 855 10 0 2 0 1 0 TRD3_8_N
P 294 0 680 40 680 0 2 0
Q 15 0 0
A 50 685 10 0 2 0 PINTYPE=OUT
A 40 680 10 0 9 3 #=G3
L 45 685 10 0 2 0 1 0 TRD3_6_N
P 297 0 350 40 350 0 2 0
Q 15 0 0
A 50 355 10 0 2 0 PINTYPE=OUT
A 40 350 10 0 9 3 #=K20
L 45 355 10 0 2 0 1 0 TRD3_2_P
P 302 0 520 40 520 0 2 0
Q 15 0 0
A 50 525 10 0 2 0 PINTYPE=OUT
A 40 520 10 0 9 3 #=E20
L 45 525 10 0 2 0 1 0 TRD3_4_P
P 301 0 510 40 510 0 2 0
Q 15 0 0
A 50 515 10 0 2 0 PINTYPE=OUT
A 40 510 10 0 9 3 #=E19
L 45 515 10 0 2 0 1 0 TRD3_4_N
P 295 0 435 40 435 0 2 0
Q 15 0 0
A 40 440 10 0 2 0 PINTYPE=OUT
A 40 435 10 0 9 3 #=G17
L 45 440 10 0 2 0 1 0 TRD3_3_P
P 296 0 425 40 425 0 2 0
Q 15 0 0
A 50 430 10 0 2 0 PINTYPE=OUT
A 40 425 10 0 9 3 #=G18
L 45 430 10 0 2 0 1 0 TRD3_3_N
P 292 0 830 40 830 0 2 0
Q 15 0 0
A 50 835 10 0 2 0 PINTYPE=OUT
A 40 830 10 0 9 3 #=M2
L 45 835 10 0 2 0 1 0 TRD2_8_N
P 259 0 195 40 195 0 2 0
Q 15 0 0
A 50 200 10 0 2 0 PINTYPE=OUT
A 40 195 10 0 9 3 #=N19
L 45 200 10 0 2 0 1 0 TRD0_1_N
P 258 0 205 40 205 0 2 0
Q 15 0 0
A 40 210 10 0 2 0 PINTYPE=OUT
A 40 205 10 0 9 3 #=N20
L 45 210 10 0 2 0 1 0 TRD0_1_P
P 311 0 175 40 175 0 2 0
Q 15 0 0
A 40 180 10 0 2 0 PINTYPE=OUT
A 40 175 10 0 9 3 #=U10
L 45 180 10 0 2 0 1 0 QREF_CLK_P
P 310 0 165 40 165 0 2 0
Q 15 0 0
A 50 170 10 0 2 0 PINTYPE=OUT
A 40 165 10 0 9 3 #=U11
L 45 170 10 0 2 0 1 0 QREF_CLK_N
P 312 0 140 40 140 0 2 0
Q 15 0 0
A 40 145 10 0 2 0 PINTYPE=OUT
A 40 140 10 0 9 3 #=T18
L 45 145 10 0 2 0 1 0 QCLK_SEL0
P 313 0 150 40 150 0 2 0
Q 15 0 0
A 50 155 10 0 2 0 PINTYPE=OUT
A 40 150 10 0 9 3 #=T19
L 45 155 10 0 2 0 1 0 QCLK_SEL1
P 315 0 120 40 120 0 2 0
Q 15 0 0
A 50 125 10 0 2 0 PINTYPE=OUT
A 40 120 10 0 9 3 #=T20
L 45 125 10 0 2 0 1 0 SCLK_SRC1
P 314 0 110 40 110 0 2 0
Q 15 0 0
A 40 115 10 0 2 0 PINTYPE=OUT
A 40 110 10 0 9 3 #=B6
L 45 115 10 0 2 0 1 0 SCLK_SRC0
P 31 290 945 250 945 0 3 0
Q 15 0 0
A 250 950 10 4 2 0 PINTYPE=BI
A 250 945 10 4 9 3 #=Y9
L 245 950 10 4 2 0 1 0 QSGOUT2_N
P 29 290 955 250 955 0 3 0
Q 15 0 0
A 250 960 10 4 2 0 PINTYPE=BI
A 250 955 10 4 9 3 #=W9
L 245 960 10 4 2 0 1 0 QSGOUT2_P
P 320 290 935 250 935 0 3 0
Q 15 0 0
A 250 940 10 4 2 0 PINTYPE=BI
A 250 935 10 4 9 3 #=W14
L 245 940 10 4 2 0 1 0 QSGOUT1_P
P 319 290 925 250 925 0 3 0
Q 15 0 0
A 250 930 10 4 2 0 PINTYPE=BI
A 250 925 10 4 9 3 #=Y14
L 245 930 10 4 2 0 1 0 QSGOUT1_N
P 322 290 910 250 910 0 3 0
Q 15 0 0
A 250 915 10 4 2 0 PINTYPE=BI
A 250 910 10 4 9 3 #=W7
L 245 915 10 4 2 0 1 0 QSGIN2_P
P 321 290 900 250 900 0 3 0
Q 15 0 0
A 250 905 10 4 2 0 PINTYPE=BI
A 250 900 10 4 9 3 #=Y7
L 245 905 10 4 2 0 1 0 QSGIN2_N
P 323 290 890 250 890 0 3 0
Q 15 0 0
A 250 895 10 4 2 0 PINTYPE=BI
A 250 890 10 4 9 3 #=W12
L 245 895 10 4 2 0 1 0 QSGIN1_P
P 324 290 880 250 880 0 3 0
Q 15 0 0
A 250 885 10 4 2 0 PINTYPE=BI
A 250 880 10 4 9 3 #=Y12
L 245 885 10 4 2 0 1 0 QSGIN1_N
P 325 290 860 250 860 0 3 0
Q 15 0 0
A 250 865 10 4 2 0 PINTYPE=BI
A 250 860 10 4 9 3 #=A20
L 245 865 10 4 2 0 1 0 LED1_1
P 277 0 820 40 820 0 2 0
Q 15 0 0
A 40 825 10 0 2 0 PINTYPE=OUT
A 40 820 10 0 9 3 #=N4
L 45 825 10 0 2 0 1 0 TRD1_8_P
P 276 0 810 40 810 0 2 0
Q 15 0 0
A 50 815 10 0 2 0 PINTYPE=OUT
A 40 810 10 0 9 3 #=N3
L 45 815 10 0 2 0 1 0 TRD1_8_N
P 246 0 800 40 800 0 2 0
Q 15 0 0
A 40 805 10 0 2 0 PINTYPE=OUT
A 40 800 10 0 9 3 #=N1
L 45 805 10 0 2 0 1 0 TRD0_8_P
P 247 0 790 40 790 0 2 0
Q 15 0 0
A 50 795 10 0 2 0 PINTYPE=OUT
A 40 790 10 0 9 3 #=N2
L 45 795 10 0 2 0 1 0 TRD0_8_N
P 291 0 755 40 755 0 2 0
Q 15 0 0
A 50 760 10 0 2 0 PINTYPE=OUT
A 40 755 10 0 9 3 #=L4
L 45 760 10 0 2 0 1 0 TRD2_7_P
P 290 0 745 40 745 0 2 0
Q 15 0 0
A 50 750 10 0 2 0 PINTYPE=OUT
A 40 745 10 0 9 3 #=L3
L 45 750 10 0 2 0 1 0 TRD2_7_N
P 275 0 735 40 735 0 2 0
Q 15 0 0
A 50 740 10 0 2 0 PINTYPE=OUT
A 40 735 10 0 9 3 #=J1
L 45 740 10 0 2 0 1 0 TRD1_7_P
P 274 0 725 40 725 0 2 0
Q 15 0 0
A 50 730 10 0 2 0 PINTYPE=OUT
A 40 725 10 0 9 3 #=J2
L 45 730 10 0 2 0 1 0 TRD1_7_N
P 248 0 715 40 715 0 2 0
Q 15 0 0
A 50 720 10 0 2 0 PINTYPE=OUT
A 40 715 10 0 9 3 #=J4
L 45 720 10 0 2 0 1 0 TRD0_7_P
P 249 0 705 40 705 0 2 0
Q 15 0 0
A 50 710 10 0 2 0 PINTYPE=OUT
A 40 705 10 0 9 3 #=J3
L 45 710 10 0 2 0 1 0 TRD0_7_N
P 289 0 670 40 670 0 2 0
Q 15 0 0
A 40 675 10 0 2 0 PINTYPE=OUT
A 40 670 10 0 9 3 #=F1
L 45 675 10 0 2 0 1 0 TRD2_6_P
P 278 0 660 40 660 0 2 0
Q 15 0 0
A 50 665 10 0 2 0 PINTYPE=OUT
A 40 660 10 0 9 3 #=F2
L 45 665 10 0 2 0 1 0 TRD2_6_N
P 273 0 650 40 650 0 2 0
Q 15 0 0
A 40 655 10 0 2 0 PINTYPE=OUT
A 40 650 10 0 9 3 #=G1
L 45 655 10 0 2 0 1 0 TRD1_6_P
P 262 0 640 40 640 0 2 0
Q 15 0 0
A 50 645 10 0 2 0 PINTYPE=OUT
A 40 640 10 0 9 3 #=G2
L 45 645 10 0 2 0 1 0 TRD1_6_N
P 250 0 630 40 630 0 2 0
Q 15 0 0
A 40 635 10 0 2 0 PINTYPE=OUT
A 40 630 10 0 9 3 #=H1
L 45 635 10 0 2 0 1 0 TRD0_6_P
P 251 0 620 40 620 0 2 0
Q 15 0 0
A 50 625 10 0 2 0 PINTYPE=OUT
A 40 620 10 0 9 3 #=H2
L 45 625 10 0 2 0 1 0 TRD0_6_N
P 288 0 585 40 585 0 2 0
Q 15 0 0
A 50 590 10 0 2 0 PINTYPE=OUT
A 40 585 10 0 9 3 #=E4
L 45 590 10 0 2 0 1 0 TRD2_5_P
P 287 0 575 40 575 0 2 0
Q 15 0 0
A 50 580 10 0 2 0 PINTYPE=OUT
A 40 575 10 0 9 3 #=E3
L 45 580 10 0 2 0 1 0 TRD2_5_N
P 272 0 565 40 565 0 2 0
Q 15 0 0
A 50 570 10 0 2 0 PINTYPE=OUT
A 40 565 10 0 9 3 #=D1
L 45 570 10 0 2 0 1 0 TRD1_5_P
P 271 0 555 40 555 0 2 0
Q 15 0 0
A 50 560 10 0 2 0 PINTYPE=OUT
A 40 555 10 0 9 3 #=D2
L 45 560 10 0 2 0 1 0 TRD1_5_N
P 260 0 545 40 545 0 2 0
Q 15 0 0
A 50 550 10 0 2 0 PINTYPE=OUT
A 40 545 10 0 9 3 #=C1
L 45 550 10 0 2 0 1 0 TRD0_5_P
P 261 0 535 40 535 0 2 0
Q 15 0 0
A 50 540 10 0 2 0 PINTYPE=OUT
A 40 535 10 0 9 3 #=C2
L 45 540 10 0 2 0 1 0 TRD0_5_N
P 286 0 500 40 500 0 2 0
Q 15 0 0
A 50 505 10 0 2 0 PINTYPE=OUT
A 40 500 10 0 9 3 #=E17
L 45 505 10 0 2 0 1 0 TRD2_4_P
P 285 0 490 40 490 0 2 0
Q 15 0 0
A 50 495 10 0 2 0 PINTYPE=OUT
A 40 490 10 0 9 3 #=E18
L 45 495 10 0 2 0 1 0 TRD2_4_N
P 270 0 480 40 480 0 2 0
Q 15 0 0
A 50 485 10 0 2 0 PINTYPE=OUT
A 40 480 10 0 9 3 #=D20
L 45 485 10 0 2 0 1 0 TRD1_4_P
P 269 0 470 40 470 0 2 0
Q 15 0 0
A 50 475 10 0 2 0 PINTYPE=OUT
A 40 470 10 0 9 3 #=D19
L 45 475 10 0 2 0 1 0 TRD1_4_N
P 252 0 460 40 460 0 2 0
Q 15 0 0
A 50 465 10 0 2 0 PINTYPE=OUT
A 40 460 10 0 9 3 #=C20
L 45 465 10 0 2 0 1 0 TRD0_4_P
P 253 0 450 40 450 0 2 0
Q 15 0 0
A 50 455 10 0 2 0 PINTYPE=OUT
A 40 450 10 0 9 3 #=C19
L 45 455 10 0 2 0 1 0 TRD0_4_N
P 279 0 415 40 415 0 2 0
Q 15 0 0
A 40 420 10 0 2 0 PINTYPE=OUT
A 40 415 10 0 9 3 #=F20
L 45 420 10 0 2 0 1 0 TRD2_3_P
P 280 0 405 40 405 0 2 0
Q 15 0 0
A 50 410 10 0 2 0 PINTYPE=OUT
A 40 405 10 0 9 3 #=F19
L 45 410 10 0 2 0 1 0 TRD2_3_N
P 263 0 395 40 395 0 2 0
Q 15 0 0
A 40 400 10 0 2 0 PINTYPE=OUT
A 40 395 10 0 9 3 #=G20
L 45 400 10 0 2 0 1 0 TRD1_3_P
P 264 0 385 40 385 0 2 0
Q 15 0 0
A 50 390 10 0 2 0 PINTYPE=OUT
A 40 385 10 0 9 3 #=G19
L 45 390 10 0 2 0 1 0 TRD1_3_N
P 254 0 375 40 375 0 2 0
Q 15 0 0
A 40 380 10 0 2 0 PINTYPE=OUT
A 40 375 10 0 9 3 #=H20
L 45 380 10 0 2 0 1 0 TRD0_3_P
P 255 0 365 40 365 0 2 0
Q 15 0 0
A 50 370 10 0 2 0 PINTYPE=OUT
A 40 365 10 0 9 3 #=H19
L 45 370 10 0 2 0 1 0 TRD0_3_N
P 281 0 330 40 330 0 2 0
Q 15 0 0
A 50 335 10 0 2 0 PINTYPE=OUT
A 40 330 10 0 9 3 #=L17
L 45 335 10 0 2 0 1 0 TRD2_2_P
P 282 0 320 40 320 0 2 0
Q 15 0 0
A 50 325 10 0 2 0 PINTYPE=OUT
A 40 320 10 0 9 3 #=L18
L 45 325 10 0 2 0 1 0 TRD2_2_N
P 265 0 310 40 310 0 2 0
Q 15 0 0
A 50 315 10 0 2 0 PINTYPE=OUT
A 40 310 10 0 9 3 #=J20
L 45 315 10 0 2 0 1 0 TRD1_2_P
P 266 0 300 40 300 0 2 0
Q 15 0 0
A 50 305 10 0 2 0 PINTYPE=OUT
A 40 300 10 0 9 3 #=J19
L 45 305 10 0 2 0 1 0 TRD1_2_N
P 256 0 290 40 290 0 2 0
Q 15 0 0
A 50 295 10 0 2 0 PINTYPE=OUT
A 40 290 10 0 9 3 #=J17
L 45 295 10 0 2 0 1 0 TRD0_2_P
P 257 0 280 40 280 0 2 0
Q 15 0 0
A 50 285 10 0 2 0 PINTYPE=OUT
A 40 280 10 0 9 3 #=J18
L 45 285 10 0 2 0 1 0 TRD0_2_N
U 40 0 16 0 3 3 REFDES=U?
U 155 5 10 0 3 3 PKG_TYPE=XXXXXX
U 40 970 10 0 3 3 DEVICE=XXXXX
P 318 0 65 40 65 0 2 0
Q 15 0 0
A 40 70 10 0 2 0 PINTYPE=OUT
A 40 65 10 0 9 3 #=R19
L 45 70 10 0 2 0 1 0 GCLK_SEL
P 326 290 850 250 850 0 3 0
Q 15 0 0
A 250 855 10 4 2 0 PINTYPE=BI
A 250 850 10 4 9 3 #=E15
L 245 855 10 4 2 0 1 0 LED1_2
P 327 290 840 250 840 0 3 0
Q 15 0 0
A 250 845 10 4 2 0 PINTYPE=BI
A 250 840 10 4 9 3 #=F13
L 245 845 10 4 2 0 1 0 LED1_3
P 328 290 830 250 830 0 3 0
Q 15 0 0
A 250 835 10 4 2 0 PINTYPE=BI
A 250 830 10 4 9 3 #=V16
L 245 835 10 4 2 0 1 0 LED1_4
P 358 290 805 250 805 0 3 0
Q 15 0 0
A 250 810 10 4 2 0 PINTYPE=BI
A 250 805 10 4 9 3 #=E14
L 245 810 10 4 2 0 1 0 LED2_2
P 359 290 795 250 795 0 3 0
Q 15 0 0
A 250 800 10 4 2 0 PINTYPE=BI
A 250 795 10 4 9 3 #=D14
L 245 800 10 4 2 0 1 0 LED2_3
P 360 290 785 250 785 0 3 0
Q 15 0 0
A 250 790 10 4 2 0 PINTYPE=BI
A 250 785 10 4 9 3 #=W17
L 245 790 10 4 2 0 1 0 LED2_4
P 361 290 770 250 770 0 3 0
Q 15 0 0
A 250 775 10 4 2 0 PINTYPE=BI
A 250 770 10 4 9 3 #=C17
L 245 775 10 4 2 0 1 0 LED3_1
P 363 290 750 250 750 0 3 0
Q 15 0 0
A 250 755 10 4 2 0 PINTYPE=BI
A 250 750 10 4 9 3 #=G12
L 245 755 10 4 2 0 1 0 LED3_3
P 364 290 740 250 740 0 3 0
Q 15 0 0
A 250 745 10 4 2 0 PINTYPE=BI
A 250 740 10 4 9 3 #=B17
L 245 745 10 4 2 0 1 0 LED3_4
P 365 290 725 250 725 0 3 0
Q 15 0 0
A 250 730 10 4 2 0 PINTYPE=BI
A 250 725 10 4 9 3 #=F15
L 245 730 10 4 2 0 1 0 LED4_1
P 366 290 715 250 715 0 3 0
Q 15 0 0
A 250 720 10 4 2 0 PINTYPE=BI
A 250 715 10 4 9 3 #=B16
L 245 720 10 4 2 0 1 0 LED4_2
P 367 290 705 250 705 0 3 0
Q 15 0 0
A 250 710 10 4 2 0 PINTYPE=BI
A 250 705 10 4 9 3 #=D9
L 245 710 10 4 2 0 1 0 LED4_3
P 368 290 695 250 695 0 3 0
Q 15 0 0
A 250 700 10 4 2 0 PINTYPE=BI
A 250 695 10 4 9 3 #=G13
L 245 700 10 4 2 0 1 0 LED4_4
P 369 290 680 250 680 0 3 0
Q 15 0 0
A 250 685 10 4 2 0 PINTYPE=BI
A 250 680 10 4 9 3 #=C5
L 245 685 10 4 2 0 1 0 LED5_1
P 370 290 670 250 670 0 3 0
Q 15 0 0
A 250 675 10 4 2 0 PINTYPE=BI
A 250 670 10 4 9 3 #=B7
L 245 675 10 4 2 0 1 0 LED5_2
P 371 290 660 250 660 0 3 0
Q 15 0 0
A 250 665 10 4 2 0 PINTYPE=BI
A 250 660 10 4 9 3 #=D7
L 245 665 10 4 2 0 1 0 LED5_3
P 372 290 650 250 650 0 3 0
Q 15 0 0
A 250 655 10 4 2 0 PINTYPE=BI
A 250 650 10 4 9 3 #=E6
L 245 655 10 4 2 0 1 0 LED5_4
P 373 290 635 250 635 0 3 0
Q 15 0 0
A 250 640 10 4 2 0 PINTYPE=BI
A 250 635 10 4 9 3 #=A2
L 245 640 10 4 2 0 1 0 LED6_1
P 374 290 625 250 625 0 3 0
Q 15 0 0
A 250 630 10 4 2 0 PINTYPE=BI
A 250 625 10 4 9 3 #=E8
L 245 630 10 4 2 0 1 0 LED6_2
P 375 290 615 250 615 0 3 0
Q 15 0 0
A 250 620 10 4 2 0 PINTYPE=BI
A 250 615 10 4 9 3 #=E9
L 245 620 10 4 2 0 1 0 LED6_3
P 376 290 605 250 605 0 3 0
Q 15 0 0
A 250 610 10 4 2 0 PINTYPE=BI
A 250 605 10 4 9 3 #=A3
L 245 610 10 4 2 0 1 0 LED6_4
P 377 290 590 250 590 0 3 0
Q 15 0 0
A 250 595 10 4 2 0 PINTYPE=BI
A 250 590 10 4 9 3 #=F7
L 245 595 10 4 2 0 1 0 LED7_1
P 378 290 580 250 580 0 3 0
Q 15 0 0
A 250 585 10 4 2 0 PINTYPE=BI
A 250 580 10 4 9 3 #=C6
L 245 585 10 4 2 0 1 0 LED7_2
P 379 290 570 250 570 0 3 0
Q 15 0 0
A 250 575 10 4 2 0 PINTYPE=BI
A 250 570 10 4 9 3 #=G8
L 245 575 10 4 2 0 1 0 LED7_3
P 380 290 560 250 560 0 3 0
Q 15 0 0
A 250 565 10 4 2 0 PINTYPE=BI
A 250 560 10 4 9 3 #=V17
L 245 565 10 4 2 0 1 0 LED7_4
P 381 290 545 250 545 0 3 0
Q 15 0 0
A 250 550 10 4 2 0 PINTYPE=BI
A 250 545 10 4 9 3 #=A1
L 245 550 10 4 2 0 1 0 LED8_1
P 382 290 535 250 535 0 3 0
Q 15 0 0
A 250 540 10 4 2 0 PINTYPE=BI
A 250 535 10 4 9 3 #=D5
L 245 540 10 4 2 0 1 0 LED8_2
P 383 290 525 250 525 0 3 0
Q 15 0 0
A 250 530 10 4 2 0 PINTYPE=BI
A 250 525 10 4 9 3 #=C4
L 245 530 10 4 2 0 1 0 LED8_3
P 357 290 815 250 815 0 3 0
Q 15 0 0
A 250 820 10 4 2 0 PINTYPE=BI
A 250 815 10 4 9 3 #=D15
L 245 820 10 4 2 0 1 0 LED2_1
P 362 290 760 250 760 0 3 0
Q 15 0 0
A 250 765 10 4 2 0 PINTYPE=BI
A 250 760 10 4 9 3 #=C14
L 245 765 10 4 2 0 1 0 LED3_2
P 146 290 485 250 485 0 3 0
Q 15 0 0
A 240 490 10 4 2 0 PINTYPE=ANALOG
A 250 485 10 4 9 3 #=F12
L 245 490 10 4 2 0 1 0 SLED_CLK
P 385 290 475 250 475 0 3 0
Q 15 0 0
A 240 480 10 4 2 0 PINTYPE=ANALOG
A 250 475 10 4 9 3 #=B11
L 245 480 10 4 2 0 1 0 SLED_STRB
P 386 290 465 250 465 0 3 0
Q 15 0 0
A 240 470 10 4 2 0 PINTYPE=ANALOG
A 250 465 10 4 9 3 #=A12
L 245 470 10 4 2 0 1 0 SLED_IN
P 387 290 455 250 455 0 3 0
Q 15 0 0
A 240 460 10 4 2 0 PINTYPE=ANALOG
A 250 455 10 4 9 3 #=T15
L 245 460 10 4 2 0 1 0 SLED_OUT
P 388 290 440 250 440 0 3 0
Q 15 0 0
A 240 445 10 4 2 0 PINTYPE=ANALOG
A 250 440 10 4 9 3 #=A14
L 245 445 10 4 2 0 1 0 SL_CLK
P 389 290 430 250 430 0 3 0
Q 15 0 0
A 240 435 10 4 2 0 PINTYPE=ANALOG
A 250 430 10 4 9 3 #=D12
L 245 435 10 4 2 0 1 0 SL_DO
P 391 290 395 250 395 0 3 0
Q 15 0 0
A 240 400 10 4 2 0 PINTYPE=ANALOG
A 250 395 10 4 9 3 #=E7
L 245 400 10 4 2 0 1 0 SCL
P 393 290 375 250 375 0 3 0
Q 15 0 0
A 240 380 10 4 2 0 PINTYPE=ANALOG
A 250 375 10 4 9 3 #=B12
L 245 380 10 4 2 0 1 0 SL_FRAME
P 392 290 385 250 385 0 3 0
Q 15 0 0
A 240 390 10 4 2 0 PINTYPE=ANALOG
A 250 385 10 4 9 3 #=D6
L 245 390 10 4 2 0 1 0 SDA
P 394 290 355 250 355 0 3 0
Q 15 0 0
A 240 360 10 4 2 0 PINTYPE=ANALOG
A 250 355 10 4 9 3 #=C11
L 245 360 10 4 2 0 1 0 BSC_EN0
P 395 290 365 250 365 0 3 0
Q 15 0 0
A 240 370 10 4 2 0 PINTYPE=ANALOG
A 250 365 10 4 9 3 #=E12
L 245 370 10 4 2 0 1 0 BSC_EN1
P 396 290 330 250 330 0 3 0
Q 15 0 0
A 240 335 10 4 2 0 PINTYPE=ANALOG
A 250 330 10 4 9 3 #=A7
L 245 335 10 4 2 0 1 0 MDIO1
P 397 290 340 250 340 0 3 0
Q 15 0 0
A 240 345 10 4 2 0 PINTYPE=ANALOG
A 250 340 10 4 9 3 #=A6
L 245 345 10 4 2 0 1 0 MDIO2
P 317 0 85 40 85 0 2 0
Q 15 0 0
A 40 90 10 0 2 0 PINTYPE=OUT
A 40 85 10 0 9 3 #=B5
L 45 90 10 0 2 0 1 0 SCLK_SEL0
P 316 0 95 40 95 0 2 0
Q 15 0 0
A 50 100 10 0 2 0 PINTYPE=OUT
A 40 95 10 0 9 3 #=B4
L 45 100 10 0 2 0 1 0 SCLK_SEL1
P 402 0 45 40 45 0 2 0
Q 15 0 0
A 50 50 10 0 2 0 PINTYPE=OUT
A 40 45 10 0 9 3 #=L5
L 45 50 10 0 2 0 1 0 RDAC2
P 401 0 35 40 35 0 2 0
Q 15 0 0
A 40 40 10 0 2 0 PINTYPE=OUT
A 40 35 10 0 9 3 #=J16
L 45 40 10 0 2 0 1 0 RDAC1
P 390 290 420 250 420 0 3 0
Q 15 0 0
A 240 425 10 4 2 0 PINTYPE=ANALOG
A 250 420 10 4 9 3 #=B12
L 245 425 10 4 2 0 1 0 SL_FRAME
P 404 290 410 250 410 0 3 0
Q 15 0 0
A 240 415 10 4 2 0 PINTYPE=ANALOG
A 250 410 10 4 9 3 #=U16
L 245 415 10 4 2 0 1 0 INTRPT_B
P 400 290 300 250 300 0 3 0
Q 15 0 0
A 240 305 10 4 2 0 PINTYPE=ANALOG
A 250 300 10 4 9 3 #=F8
L 245 305 10 4 2 0 1 0 MDIO_SEL
P 398 290 310 250 310 0 3 0
Q 15 0 0
A 240 315 10 4 2 0 PINTYPE=ANALOG
A 250 310 10 4 9 3 #=D10
L 245 315 10 4 2 0 1 0 MDC1
P 399 290 320 250 320 0 3 0
Q 15 0 0
A 240 325 10 4 2 0 PINTYPE=ANALOG
A 250 320 10 4 9 3 #=F9
L 245 325 10 4 2 0 1 0 MDC2
P 408 290 125 250 125 0 3 0
Q 15 0 0
A 240 130 10 4 2 0 PINTYPE=ANALOG
A 250 125 10 4 9 3 #=W18
L 245 130 10 4 2 0 1 0 LOC_REC_CLK2
P 410 290 145 250 145 0 3 0
Q 15 0 0
A 240 150 10 4 2 0 PINTYPE=ANALOG
A 250 145 10 4 9 3 #=W18
L 245 150 10 4 2 0 1 0 LOC_REC_CLK2
P 411 290 135 250 135 0 3 0
Q 15 0 0
A 240 140 10 4 2 0 PINTYPE=ANALOG
A 250 135 10 4 9 3 #=Y18
L 245 140 10 4 2 0 1 0 LOC_REC_CLK2
P 412 290 165 250 165 0 3 0
Q 15 0 0
A 240 170 10 4 2 0 PINTYPE=ANALOG
A 250 165 10 4 9 3 #=Y5
L 245 170 10 4 2 0 1 0 REC_CLK2
P 413 290 155 250 155 0 3 0
Q 15 0 0
A 240 160 10 4 2 0 PINTYPE=ANALOG
A 250 155 10 4 9 3 #=W5
L 245 160 10 4 2 0 1 0 REC_CLK1
P 403 290 30 250 30 0 3 0
Q 15 0 0
A 240 35 10 4 2 0 PINTYPE=ANALOG
A 250 30 10 4 9 3 #=B3
L 245 35 10 4 2 0 1 0 RESET_B
P 414 290 45 250 45 0 3 0
Q 15 0 0
A 240 50 10 4 2 0 PINTYPE=ANALOG
A 250 45 10 4 9 3 #=F6
L 245 50 10 4 2 0 1 0 TRST_B
P 407 290 105 250 105 0 3 0
Q 15 0 0
A 240 110 10 4 2 0 PINTYPE=ANALOG
A 250 105 10 4 9 3 #=R1
L 245 110 10 4 2 0 1 0 CLK_125
b 40 15 250 970
P 420 290 85 250 85 0 3 0
Q 15 0 0
A 240 90 10 4 2 0 PINTYPE=ANALOG
A 250 85 10 4 9 3 #=B18
L 245 90 10 4 2 0 1 0 TDI
P 419 290 75 250 75 0 3 0
Q 15 0 0
A 240 80 10 4 2 0 PINTYPE=ANALOG
A 250 75 10 4 9 3 #=E16
L 245 80 10 4 2 0 1 0 TCK
P 418 290 65 250 65 0 3 0
Q 15 0 0
A 240 70 10 4 2 0 PINTYPE=ANALOG
A 250 65 10 4 9 3 #=G14
L 245 70 10 4 2 0 1 0 TMS
P 415 290 55 250 55 0 3 0
Q 15 0 0
A 240 60 10 4 2 0 PINTYPE=ANALOG
A 250 55 10 4 9 3 #=B2
L 245 60 10 4 2 0 1 0 TDO
P 409 290 115 250 115 0 3 0
Q 15 0 0
A 240 120 10 4 2 0 PINTYPE=ANALOG
A 250 115 10 4 9 3 #=Y18
L 245 120 10 4 2 0 1 0 LOC_REC_CLK2
P 384 290 515 250 515 0 3 0
Q 15 0 0
A 250 520 10 4 2 0 PINTYPE=BI
A 250 515 10 4 9 3 #=Y17
L 245 520 10 4 2 0 1 0 LED8_4
P 422 290 500 250 500 0 3 0
Q 15 0 0
A 240 505 10 4 2 0 PINTYPE=ANALOG
A 250 500 10 4 9 3 #=R4
L 245 505 10 4 2 0 1 0 CRNT_LED_EN
P 405 290 275 250 275 0 3 0
Q 15 0 0
A 240 280 10 4 2 0 PINTYPE=ANALOG
A 250 275 10 4 9 3 #=A16
L 245 280 10 4 2 0 1 0 INTERF_SEL0
P 406 290 285 250 285 0 3 0
Q 15 0 0
A 240 290 10 4 2 0 PINTYPE=ANALOG
A 250 285 10 4 9 3 #=A17
L 245 290 10 4 2 0 1 0 INTERF_SEL1
P 423 290 245 250 245 0 3 0
Q 15 0 0
A 240 250 10 4 2 0 PINTYPE=ANALOG
A 250 245 10 4 9 3 #=R9
L 245 250 10 4 2 0 1 0 TEST0
P 424 290 255 250 255 0 3 0
Q 15 0 0
A 240 260 10 4 2 0 PINTYPE=ANALOG
A 250 255 10 4 9 3 #=T8
L 245 260 10 4 2 0 1 0 TEST1
P 426 290 230 250 230 0 3 0
Q 15 0 0
A 240 235 10 4 2 0 PINTYPE=ANALOG
A 250 230 10 4 9 3 #=J5
L 245 235 10 4 2 0 1 0 TVC02
P 425 290 220 250 220 0 3 0
Q 15 0 0
A 240 225 10 4 2 0 PINTYPE=ANALOG
A 250 220 10 4 9 3 #=L16
L 245 225 10 4 2 0 1 0 TVCO1
E
