V 51
K 368903164500 bcm54682e_misc
|R 2:08_2-10-12
Y 1
D 0 0 290 340
Z 10
i 449
U 0 -10 10 0 3 0 HETERO=(BCM54682E_FUNC),(BCM54682E_MISC),(BCM54682E_PWR),(BCM54
+ 682E_GND)
U 0 -40 10 0 3 0 LEVEL=STD
U 0 -30 10 0 3 0 PARTS=1
P 24 0 255 40 255 0 2 0
Q 15 0 0
A 40 260 10 0 2 0 PINTYPE=BI
A 40 255 10 0 9 3 #=R8
L 45 260 10 0 2 0 1 0 PHYA4
P 25 0 245 40 245 0 2 0
Q 15 0 0
A 40 250 10 0 2 0 PINTYPE=IN
A 40 245 10 0 9 3 #=P9
L 45 250 10 0 2 0 1 0 PHYA3
P 23 0 235 40 235 0 2 0
Q 15 0 0
A 40 240 10 0 2 0 PINTYPE=OUT
A 40 235 10 0 9 3 #=U6
L 45 240 10 0 2 0 1 0 PHYA2
P 27 0 225 40 225 0 2 0
Q 15 0 0
A 40 230 10 0 2 0 PINTYPE=IN
A 40 225 10 0 9 3 #=P10
L 45 230 10 0 2 0 1 0 PHYA1
P 28 0 215 40 215 0 2 0
Q 15 0 0
A -170 220 10 0 2 0 PINTYPE=IN
A 40 215 10 0 9 3 #=T7
L 45 220 10 0 2 0 1 0 PHYA0
P 30 0 200 40 200 0 2 0
Q 15 0 0
A -170 205 10 0 2 0 PINTYPE=ANALOG
A 40 200 10 0 9 3 #=A11
L 45 205 10 0 2 0 1 0 PHYA_REV
P 62 0 185 39 185 0 2 0
Q 15 0 0
A 39 195 10 4 2 0 PINTYPE=OUT
A 39 185 10 4 3 3 #=D8
L 44 190 10 4 8 0 1 0 ANEN
P 309 0 170 40 170 0 2 0
Q 15 0 0
A 40 175 10 0 2 0 PINTYPE=OUT
A 40 170 10 0 9 3 #=F14
L 45 175 10 0 2 0 1 0 SPD0
P 308 0 160 40 160 0 2 0
Q 15 0 0
A 50 165 10 0 2 0 PINTYPE=OUT
A 40 160 10 0 9 3 #=C15
L 45 165 10 0 2 0 1 0 F1000
P 292 0 145 40 145 0 2 0
Q 15 0 0
A 50 150 10 0 2 0 PINTYPE=OUT
A 40 145 10 0 9 3 #=C7
L 45 150 10 0 2 0 1 0 FDX
P 277 0 130 40 130 0 2 0
Q 15 0 0
A 40 135 10 0 2 0 PINTYPE=OUT
A 40 130 10 0 9 3 #=A8
L 45 135 10 0 2 0 1 0 SYNC_IN
P 276 0 120 40 120 0 2 0
Q 15 0 0
A 50 125 10 0 2 0 PINTYPE=OUT
A 40 120 10 0 9 3 #=B8
L 45 125 10 0 2 0 1 0 SYNC_OUT
P 246 0 105 40 105 0 2 0
Q 15 0 0
A 40 110 10 0 2 0 PINTYPE=OUT
A 40 105 10 0 9 3 #=A13
L 45 110 10 0 2 0 1 0 SUPER_I
P 247 0 90 40 90 0 2 0
Q 15 0 0
A 50 95 10 0 2 0 PINTYPE=OUT
A 40 90 10 0 9 3 #=F11
L 45 95 10 0 2 0 1 0 HUB
P 307 0 75 40 75 0 2 0
Q 15 0 0
A 50 80 10 0 2 0 PINTYPE=OUT
A 40 75 10 0 9 3 #=F10
L 45 80 10 0 2 0 1 0 TDIODE_P
P 306 0 65 40 65 0 2 0
Q 15 0 0
A 50 70 10 0 2 0 PINTYPE=OUT
A 40 65 10 0 9 3 #=G10
L 45 70 10 0 2 0 1 0 TDIODE_N
P 29 290 310 250 310 0 3 0
Q 15 0 0
A 250 315 10 4 2 0 PINTYPE=BI
A 250 310 10 4 9 3 #=A4
L 245 315 10 4 2 0 1 0 DNC_A4
P 31 290 300 250 300 0 3 0
Q 15 0 0
A 250 305 10 4 2 0 PINTYPE=BI
A 250 300 10 4 9 3 #=A5
L 245 305 10 4 2 0 1 0 DNC_A5
P 320 290 290 250 290 0 3 0
Q 15 0 0
A 250 295 10 4 2 0 PINTYPE=BI
A 250 290 10 4 9 3 #=A9
L 245 295 10 4 2 0 1 0 DNC_A9
P 322 290 260 250 260 0 3 0
Q 15 0 0
A 250 265 10 4 2 0 PINTYPE=BI
A 250 260 10 4 9 3 #=A18
L 245 265 10 4 2 0 1 0 DNC_A18
P 321 290 250 250 250 0 3 0
Q 15 0 0
A 250 255 10 4 2 0 PINTYPE=BI
A 250 250 10 4 9 3 #=A19
L 245 255 10 4 2 0 1 0 DNC_A19
P 319 290 270 250 270 0 3 0
Q 15 0 0
A 250 275 10 4 2 0 PINTYPE=BI
A 250 270 10 4 9 3 #=A15
L 245 275 10 4 2 0 1 0 DNC_A15
P 427 290 280 250 280 0 3 0
Q 15 0 0
A 250 285 10 4 2 0 PINTYPE=BI
A 250 280 10 4 9 3 #=A10
L 245 285 10 4 2 0 1 0 DNC_A10
P 428 290 240 250 240 0 3 0
Q 15 0 0
A 250 245 10 4 2 0 PINTYPE=BI
A 250 240 10 4 9 3 #=B9
L 245 245 10 4 2 0 1 0 DNC_B9
P 432 290 210 250 210 0 3 0
Q 15 0 0
A 250 215 10 4 2 0 PINTYPE=BI
A 250 210 10 4 9 3 #=B14
L 245 215 10 4 2 0 1 0 DNC_B14
P 430 290 200 250 200 0 3 0
Q 15 0 0
A 250 205 10 4 2 0 PINTYPE=BI
A 250 200 10 4 9 3 #=B15
L 245 205 10 4 2 0 1 0 DNC_B15
P 434 290 190 250 190 0 3 0
Q 15 0 0
A 250 195 10 4 2 0 PINTYPE=BI
A 250 190 10 4 9 3 #=C10
L 245 195 10 4 2 0 1 0 DNC_C10
P 436 290 180 250 180 0 3 0
Q 15 0 0
A 250 185 10 4 2 0 PINTYPE=BI
A 250 180 10 4 9 3 #=C16
L 245 185 10 4 2 0 1 0 DNC_C16
P 437 290 170 250 170 0 3 0
Q 15 0 0
A 250 175 10 4 2 0 PINTYPE=BI
A 250 170 10 4 9 3 #=D13
L 245 175 10 4 2 0 1 0 DNC_D13
P 429 290 230 250 230 0 3 0
Q 15 0 0
A 250 235 10 4 2 0 PINTYPE=BI
A 250 230 10 4 9 3 #=B10
L 245 235 10 4 2 0 1 0 DNC_B10
P 433 290 220 250 220 0 3 0
Q 15 0 0
A 250 225 10 4 2 0 PINTYPE=BI
A 250 220 10 4 9 3 #=B13
L 245 225 10 4 2 0 1 0 DNC_B13
P 438 290 160 250 160 0 3 0
Q 15 0 0
A 250 165 10 4 2 0 PINTYPE=BI
A 250 160 10 4 9 3 #=E11
L 245 165 10 4 2 0 1 0 DNC_E11
P 439 290 150 250 150 0 3 0
Q 15 0 0
A 250 155 10 4 2 0 PINTYPE=BI
A 250 150 10 4 9 3 #=E13
L 245 155 10 4 2 0 1 0 DNC_E13
P 440 290 140 250 140 0 3 0
Q 15 0 0
A 250 145 10 4 2 0 PINTYPE=BI
A 250 140 10 4 9 3 #=P11
L 245 145 10 4 2 0 1 0 DNC_P11
P 442 290 130 250 130 0 3 0
Q 15 0 0
A 250 135 10 4 2 0 PINTYPE=BI
A 250 130 10 4 9 3 #=R2
L 245 135 10 4 2 0 1 0 DNC_R2
P 441 290 120 250 120 0 3 0
Q 15 0 0
A 250 125 10 4 2 0 PINTYPE=BI
A 250 120 10 4 9 3 #=R3
L 245 125 10 4 2 0 1 0 DNC_R3
P 443 290 110 250 110 0 3 0
Q 15 0 0
A 250 115 10 4 2 0 PINTYPE=BI
A 250 110 10 4 9 3 #=T3
L 245 115 10 4 2 0 1 0 DNC_T3
P 444 290 100 250 100 0 3 0
Q 15 0 0
A 250 105 10 4 2 0 PINTYPE=BI
A 250 100 10 4 9 3 #=T6
L 245 105 10 4 2 0 1 0 DNC_T6
P 445 290 90 250 90 0 3 0
Q 15 0 0
A 250 95 10 4 2 0 PINTYPE=BI
A 250 90 10 4 9 3 #=U17
L 245 95 10 4 2 0 1 0 DNC_U17
P 446 290 80 250 80 0 3 0
Q 15 0 0
A 250 85 10 4 2 0 PINTYPE=BI
A 250 80 10 4 9 3 #=U19
L 245 85 10 4 2 0 1 0 DNC_U19
P 447 290 70 250 70 0 3 0
Q 15 0 0
A 250 75 10 4 2 0 PINTYPE=BI
A 250 70 10 4 9 3 #=U20
L 245 75 10 4 2 0 1 0 DNC_U20
P 448 290 60 250 60 0 3 0
Q 15 0 0
A 250 65 10 4 2 0 PINTYPE=BI
A 250 60 10 4 9 3 #=W10
L 245 65 10 4 2 0 1 0 DNC_W10
P 449 290 50 250 50 0 3 0
Q 15 0 0
A 250 55 10 4 2 0 PINTYPE=BI
A 250 50 10 4 9 3 #=W11
L 245 55 10 4 2 0 1 0 DNC_W11
b 40 20 250 325
T 80 280 25 0 3 BCM54682E
T 100 250 25 0 3 (MISC)
U 45 325 10 0 3 3 DEVICE=XXXXX
U 45 0 16 0 3 3 REFDES=U?
U 160 5 10 0 3 3 PKG_TYPE=XXXXXX
E
