V 51
K 261519249100 bcm5461s
|R 1:21_2-17-12
Y 1
D 0 0 290 900
Z 10
i 184
U 0 -40 10 0 3 0 LEVEL=STD
U 0 -30 10 0 3 0 PARTS=1
U 250 -5 16 4 3 3 REFDES=U?
U 135 0 10 4 3 3 PKG_TYPE=XXXXXXX
U 230 870 10 4 3 3 DEVICE=XXXXXXXXX
P 182 0 240 40 240 0 2 0
Q 15 0 0
A 50 245 10 0 2 0 PINTYPE=IN
A 40 240 10 0 9 3 #=M9
L 45 240 10 0 2 0 1 0 AVDD_M9
P 183 0 250 40 250 0 2 0
Q 15 0 0
A 50 255 10 0 2 0 PINTYPE=OUT
A 40 250 10 0 9 3 #=M6
L 45 250 10 0 2 0 1 0 AVDD_M6
P 184 0 260 40 260 0 2 0
Q 15 0 0
A 50 265 10 0 2 0 PINTYPE=IN
A 40 260 10 0 9 3 #=M3
L 45 260 10 0 2 0 1 0 AVDD_M3
P 161 0 525 39 525 0 2 0
Q 15 0 0
A 39 515 10 2 2 0 PINTYPE=OUT
A 39 535 10 2 3 3 #=B4
L 44 525 10 2 8 0 1 0 RXD4
P 3 290 750 250 750 0 3 0
Q 15 0 0
A 240 755 10 4 2 0 PINTYPE=OUT
A 250 750 10 4 9 3 #=D2
L 245 750 10 4 2 0 1 0 XTALO
P 2 290 760 250 760 0 3 0
Q 15 0 0
A 240 765 10 4 2 0 PINTYPE=OUT
A 250 760 10 4 9 3 #=D1
L 245 760 10 4 2 0 1 0 XTALI
P 51 290 710 251 710 0 3 0
Q 15 0 0
A 251 720 10 0 2 0 PINTYPE=OUT
A 251 710 10 0 3 3 #=M1
L 246 710 10 0 8 0 1 0 RDAC
P 50 290 145 251 145 0 3 0
Q 15 0 0
A 251 155 10 0 2 0 PINTYPE=OUT
A 251 145 10 0 3 3 #=L2
L 246 145 10 0 8 0 1 0 REG_SUP2
P 53 290 135 251 135 0 3 0
Q 15 0 0
A 251 145 10 0 2 0 PINTYPE=OUT
A 251 135 10 0 3 3 #=K2
L 246 135 10 0 8 0 1 0 REG_SUP1
P 52 290 115 251 115 0 3 0
Q 15 0 0
A 251 125 10 0 2 0 PINTYPE=OUT
A 251 115 10 0 3 3 #=L1
L 246 115 10 0 8 0 1 0 REG_SEN2
P 54 290 105 251 105 0 3 0
Q 15 0 0
A 251 115 10 0 2 0 PINTYPE=OUT
A 251 105 10 0 3 3 #=K1
L 246 105 10 0 8 0 1 0 REG_SEN1
P 31 0 795 40 795 0 2 0
Q 15 0 0
A 40 790 10 6 2 0 PINTYPE=BI
A 40 805 10 6 9 3 #=D8
L 45 795 10 6 2 0 1 0 TXD6
P 33 0 805 40 805 0 2 0
Q 15 0 0
A 40 800 10 6 2 0 PINTYPE=BI
A 40 815 10 6 9 3 #=C8
L 45 805 10 6 2 0 1 0 TXD5
P 34 0 815 40 815 0 2 0
Q 15 0 0
A 40 810 10 6 2 0 PINTYPE=BI
A 40 825 10 6 9 3 #=B8
L 45 815 10 6 2 0 1 0 TXD4
P 39 0 825 40 825 0 2 0
Q 15 0 0
A 40 820 10 6 2 0 PINTYPE=BI
A 40 835 10 6 9 3 #=A8
L 45 825 10 6 2 0 1 0 TXD3
P 41 0 835 40 835 0 2 0
Q 15 0 0
A 40 830 10 6 2 0 PINTYPE=ANALOG
A 40 845 10 6 9 3 #=A9
L 45 835 10 6 2 0 1 0 TXD2
P 42 0 845 40 845 0 2 0
Q 15 0 0
A 40 840 10 6 2 0 PINTYPE=BI
A 40 855 10 6 9 3 #=B9
L 45 845 10 6 2 0 1 0 TXD1
P 37 0 770 40 770 0 2 0
Q 15 0 0
A 40 775 10 0 2 0 PINTYPE=ANALOG
A 40 770 10 0 9 3 #=B7
L 45 770 10 0 2 0 1 0 TX_EN
P 38 0 755 40 755 0 2 0
Q 15 0 0
A 40 760 10 0 2 0 PINTYPE=ANALOG
A 40 755 10 0 9 3 #=C7
L 45 755 10 0 2 0 1 0 TX_ER
P 65 0 740 39 740 0 2 0
Q 15 0 0
A 39 750 10 4 2 0 PINTYPE=OUT
A 39 740 10 4 3 3 #=A7
L 44 740 10 4 8 0 1 0 GTXCLK
P 66 0 725 39 725 0 2 0
Q 15 0 0
A 39 735 10 4 2 0 PINTYPE=OUT
A 39 725 10 4 3 3 #=D9
L 44 725 10 4 8 0 1 0 TXC
P 68 0 685 39 685 0 2 0
Q 15 0 0
A 39 695 10 4 2 0 PINTYPE=OUT
A 39 685 10 4 3 3 #=C2
L 44 685 10 4 8 0 1 0 SCLK_P
P 70 0 675 39 675 0 2 0
Q 15 0 0
A 39 685 10 4 2 0 PINTYPE=OUT
A 39 675 10 4 3 3 #=C1
L 44 675 10 4 8 0 1 0 SCLK_N
P 63 0 710 39 710 0 2 0
Q 15 0 0
A 39 720 10 4 2 0 PINTYPE=IN
A 39 710 10 4 3 3 #=A2
L 44 710 10 4 8 0 1 0 SGIN_P
P 64 0 700 39 700 0 2 0
Q 15 0 0
A 39 710 10 4 2 0 PINTYPE=IN
A 39 700 10 4 3 3 #=A1
L 44 700 10 4 8 0 1 0 SGIN_N
P 157 0 660 39 660 0 2 0
Q 15 0 0
A 39 670 10 4 2 0 PINTYPE=IN
A 39 660 10 4 3 3 #=B2
L 44 660 10 4 8 0 1 0 SGOUT_P
P 158 0 650 39 650 0 2 0
Q 15 0 0
A 39 660 10 4 2 0 PINTYPE=IN
A 39 650 10 4 3 3 #=B1
L 44 650 10 4 8 0 1 0 SGOUT_N
P 89 0 635 39 635 0 2 0
Q 15 0 0
A 39 645 10 4 2 0 PINTYPE=IN
A 39 635 10 4 3 3 #=F4
L 44 635 10 4 8 0 1 0 COL
P 90 0 625 39 625 0 2 0
Q 15 0 0
A 39 635 10 4 2 0 PINTYPE=IN
A 39 625 10 4 3 3 #=F3
L 44 625 10 4 8 0 1 0 CRS
P 91 0 610 39 610 0 2 0
Q 15 0 0
A 39 620 10 4 2 0 PINTYPE=IN
A 39 610 10 4 3 3 #=A4
L 44 610 10 4 8 0 1 0 RXC
P 69 0 595 39 595 0 2 0
Q 15 0 0
A 39 605 10 4 2 0 PINTYPE=OUT
A 39 595 10 4 3 3 #=D5
L 44 595 10 4 8 0 1 0 RX_DV
P 71 0 585 39 585 0 2 0
Q 15 0 0
A 39 595 10 4 2 0 PINTYPE=OUT
A 39 585 10 4 3 3 #=C5
L 44 585 10 4 8 0 1 0 RX_ER
P 159 0 505 39 505 0 2 0
Q 15 0 0
A 39 495 10 2 2 0 PINTYPE=OUT
A 39 515 10 2 3 3 #=D4
L 44 505 10 2 8 0 1 0 RXD6
P 160 0 515 39 515 0 2 0
Q 15 0 0
A 39 505 10 2 2 0 PINTYPE=OUT
A 39 525 10 2 3 3 #=C4
L 44 515 10 2 8 0 1 0 RXD5
P 165 0 535 39 535 0 2 0
Q 15 0 0
A 39 525 10 2 2 0 PINTYPE=OUT
A 39 545 10 2 3 3 #=B3
L 44 535 10 2 8 0 1 0 RXD3
P 164 0 545 39 545 0 2 0
Q 15 0 0
A 39 535 10 2 2 0 PINTYPE=OUT
A 39 555 10 2 3 3 #=C3
L 44 545 10 2 8 0 1 0 RXD2
P 163 0 555 39 555 0 2 0
Q 15 0 0
A 39 545 10 2 2 0 PINTYPE=OUT
A 39 565 10 2 3 3 #=D3
L 44 555 10 2 8 0 1 0 RXD1
P 75 290 545 251 545 0 3 0
Q 15 0 0
A 251 555 10 0 2 0 PINTYPE=OUT
A 251 545 10 0 3 3 #=J7
L 246 545 10 0 8 0 1 0 LINKSPD2_B
P 82 290 385 251 385 0 3 0
Q 15 0 0
A 251 395 10 0 2 0 PINTYPE=IN
A 251 385 10 0 3 3 #=H3
L 246 385 10 0 8 0 1 0 MDC
P 84 290 375 251 375 0 3 0
Q 15 0 0
A 251 385 10 0 2 0 PINTYPE=IN
A 251 375 10 0 3 3 #=H4
L 246 375 10 0 8 0 1 0 MDIO
P 85 290 365 251 365 0 3 0
Q 15 0 0
A 251 375 10 0 2 0 PINTYPE=IN
A 251 365 10 0 3 3 #=H6
L 246 365 10 0 8 0 1 0 INTR_B
P 86 290 355 251 355 0 3 0
Q 15 0 0
A 251 365 10 0 2 0 PINTYPE=IN
A 251 355 10 0 3 3 #=J4
L 246 355 10 0 8 0 1 0 LOWPWR
P 55 0 435 39 435 0 2 0
Q 15 0 0
A 39 445 10 4 2 0 PINTYPE=OUT
A 39 435 10 4 3 3 #=L3
L 44 435 10 4 8 0 1 0 2P5V_EN
P 56 0 420 39 420 0 2 0
Q 15 0 0
A 39 430 10 4 2 0 PINTYPE=OUT
A 39 420 10 4 3 3 #=A6
L 44 420 10 4 8 0 1 0 OVDD_A6
P 58 0 410 39 410 0 2 0
Q 15 0 0
A 39 420 10 4 2 0 PINTYPE=OUT
A 39 410 10 4 3 3 #=G1
L 44 410 10 4 8 0 1 0 OVDD_G1
P 59 0 400 39 400 0 2 0
Q 15 0 0
A 39 410 10 4 2 0 PINTYPE=OUT
A 39 400 10 4 3 3 #=G9
L 44 400 10 4 8 0 1 0 OVDD_G9
P 9 0 390 40 390 0 2 0
Q 15 0 0
A 50 395 10 0 2 0 PINTYPE=IN
A 40 390 10 0 9 3 #=A3
L 45 390 10 0 2 0 1 0 XTALVDD
P 12 0 360 40 360 0 2 0
Q 15 0 0
A 40 365 10 0 2 0 PINTYPE=IN
A 40 360 10 0 9 3 #=L4
L 45 360 10 0 2 0 1 0 AVDDL_L4
P 14 0 350 40 350 0 2 0
Q 15 0 0
A 40 355 10 0 2 0 PINTYPE=IN
A 40 350 10 0 9 3 #=L5
L 45 350 10 0 2 0 1 0 AVDDL_L5
P 16 0 340 40 340 0 2 0
Q 15 0 0
A 40 345 10 0 2 0 PINTYPE=IN
A 40 340 10 0 9 3 #=L7
L 45 340 10 0 2 0 1 0 AVDDL_L7
P 17 0 330 40 330 0 2 0
Q 15 0 0
A 40 335 10 0 2 0 PINTYPE=IN
A 40 330 10 0 9 3 #=L8
L 45 330 10 0 2 0 1 0 AVDDL_L8
P 18 0 310 40 310 0 2 0
Q 15 0 0
A 40 315 10 0 2 0 PINTYPE=IN
A 40 310 10 0 9 3 #=F1
L 45 310 10 0 2 0 1 0 DVDD_F1
P 19 0 300 40 300 0 2 0
Q 15 0 0
A 40 305 10 0 2 0 PINTYPE=IN
A 40 300 10 0 9 3 #=F9
L 45 300 10 0 2 0 1 0 DVDD_F9
P 20 0 290 40 290 0 2 0
Q 15 0 0
A 40 295 10 0 2 0 PINTYPE=IN
A 40 290 10 0 9 3 #=H1
L 45 290 10 0 2 0 1 0 DVDD_H1
P 166 0 280 40 280 0 2 0
Q 15 0 0
A 40 285 10 0 2 0 PINTYPE=IN
A 40 280 10 0 9 3 #=H9
L 45 280 10 0 2 0 1 0 DVDD_H9
P 47 0 185 40 185 0 2 0
Q 15 0 0
A 40 190 10 0 2 0 PINTYPE=IN
A 40 185 10 0 9 3 #=M4
L 45 185 10 0 2 0 1 0 AGND_M4
P 95 0 175 39 175 0 2 0
Q 15 0 0
A 39 185 10 4 2 0 PINTYPE=OUT
A 39 175 10 4 3 3 #=M5
L 44 175 10 4 8 0 1 0 AGND_M5
P 96 0 165 39 165 0 2 0
Q 15 0 0
A 39 175 10 4 2 0 PINTYPE=IN
A 39 165 10 4 3 3 #=M7
L 44 165 10 4 8 0 1 0 AGND_M7
P 126 0 155 40 155 0 2 0
Q 15 0 0
L 45 155 10 0 2 0 1 0 AGND_M8
A 40 155 10 0 9 3 #=M8
A 50 160 10 0 2 0 PINTYPE=ANALOG
P 156 0 140 40 140 0 2 0
Q 15 0 0
A 50 145 10 0 2 0 PINTYPE=ANALOG
A 40 140 10 0 9 3 #=F2
L 45 140 10 0 2 0 1 0 DGND_F2
P 130 0 130 40 130 0 2 0
Q 15 0 0
L 45 130 10 0 2 0 1 0 DGND_F8
A 40 130 10 0 9 3 #=F8
A 50 135 10 0 2 0 PINTYPE=ANALOG
P 111 0 120 40 120 0 2 0
Q 15 0 0
A 50 125 10 0 2 0 PINTYPE=ANALOG
A 40 120 10 0 9 3 #=H2
L 45 120 10 0 2 0 1 0 DGND_H2
P 154 0 110 40 110 0 2 0
Q 15 0 0
A 50 115 10 0 2 0 PINTYPE=ANALOG
A 40 110 10 0 9 3 #=H8
L 45 110 10 0 2 0 1 0 DGND_H8
P 110 0 95 40 95 0 2 0
Q 15 0 0
L 45 95 10 0 2 0 1 0 OGND_B6
A 40 95 10 0 9 3 #=B6
A 50 100 10 0 2 0 PINTYPE=ANALOG
P 102 0 85 40 85 0 2 0
Q 15 0 0
A 50 90 10 0 2 0 PINTYPE=ANALOG
A 40 85 10 0 9 3 #=G2
L 45 85 10 0 2 0 1 0 OGND_G2
P 139 0 75 39 75 0 2 0
Q 15 0 0
L 44 75 10 4 8 0 1 0 OGND_G8
A 39 75 10 4 3 3 #=G8
A 39 85 10 4 2 0 PINTYPE=ANALOG
P 140 0 55 39 55 0 2 0
Q 15 0 0
A 39 65 10 4 2 0 PINTYPE=ANALOG
A 39 55 10 4 3 3 #=E2
L 44 55 10 4 8 0 1 0 PLLGND2
P 135 0 40 39 40 0 2 0
Q 15 0 0
A 39 50 10 4 2 0 PINTYPE=ANALOG
A 39 40 10 4 3 3 #=J2
L 44 40 10 4 8 0 1 0 PLLGND1
P 134 0 25 39 25 0 2 0
Q 15 0 0
L 44 25 10 4 8 0 1 0 BIASGND
A 39 25 10 4 3 3 #=N1
A 39 35 10 4 2 0 PINTYPE=ANALOG
P 129 290 305 250 305 0 3 0
Q 15 0 0
L 245 305 10 4 2 0 1 0 RBC1
A 250 305 10 4 9 3 #=A5
A 240 310 10 4 2 0 PINTYPE=ANALOG
P 128 290 295 250 295 0 3 0
Q 15 0 0
A 240 300 10 4 2 0 PINTYPE=ANALOG
A 250 295 10 4 9 3 #=B5
L 245 295 10 4 2 0 1 0 RBC0
P 125 290 650 250 650 0 3 0
Q 15 0 0
A 240 655 10 4 2 0 PINTYPE=ANALOG
A 250 650 10 4 9 3 #=L6
L 245 650 10 4 2 0 1 0 PHYA3
P 115 290 640 250 640 0 3 0
Q 15 0 0
L 245 640 10 4 2 0 1 0 PHYA2
A 250 640 10 4 9 3 #=K5
A 240 645 10 4 2 0 PINTYPE=ANALOG
P 137 290 630 250 630 0 3 0
Q 15 0 0
L 245 630 10 4 2 0 1 0 PHYA1
A 250 630 10 4 9 3 #=K6
A 240 635 10 4 2 0 PINTYPE=ANALOG
P 141 290 620 250 620 0 3 0
Q 15 0 0
L 245 620 10 4 2 0 1 0 PHYA0
A 250 620 10 4 9 3 #=K7
A 240 625 10 4 2 0 PINTYPE=ANALOG
P 127 290 660 250 660 0 3 0
Q 15 0 0
L 245 660 10 4 2 0 1 0 PHYA4
A 250 660 10 4 9 3 #=L9
A 240 665 10 4 2 0 PINTYPE=ANALOG
P 131 290 270 250 270 0 3 0
Q 15 0 0
A 240 275 10 4 2 0 PINTYPE=ANALOG
A 250 270 10 4 9 3 #=G4
L 250 270 10 4 2 0 1 0 RESET_B
P 152 290 255 250 255 0 3 0
Q 15 0 0
L 245 255 10 4 2 0 1 0 FDX
A 250 255 10 4 9 3 #=E8
A 240 260 10 4 2 0 PINTYPE=ANALOG
P 151 290 240 250 240 0 3 0
Q 15 0 0
A 240 245 10 4 2 0 PINTYPE=ANALOG
A 250 240 10 4 9 3 #=F6
L 245 240 10 4 2 0 1 0 HUB
P 167 290 225 250 225 0 3 0
Q 15 0 0
A 240 230 10 4 2 0 PINTYPE=ANALOG
A 250 225 10 4 9 3 #=E5
L 245 225 10 4 2 0 1 0 ER
P 155 290 70 251 70 0 3 0
Q 15 0 0
L 246 70 10 0 8 0 1 0 TRST
A 251 70 10 0 3 3 #=E7
A 251 80 10 0 2 0 PINTYPE=ANALOG
P 109 290 190 250 190 0 3 0
Q 15 0 0
A 240 195 10 4 2 0 PINTYPE=ANALOG
A 250 190 10 4 9 3 #=K8
L 245 190 10 4 2 0 1 0 TEST1
P 171 290 55 250 55 0 3 0
Q 15 0 0
A 240 60 10 4 2 0 PINTYPE=ANALOG
A 250 55 10 4 9 3 #=C6
L 245 55 10 4 2 0 1 0 TDI
P 172 290 45 250 45 0 3 0
Q 15 0 0
A 240 50 10 4 2 0 PINTYPE=ANALOG
A 250 45 10 4 9 3 #=D6
L 245 45 10 4 2 0 1 0 TCK
P 174 290 35 250 35 0 3 0
Q 15 0 0
A 240 40 10 4 2 0 PINTYPE=ANALOG
A 250 35 10 4 9 3 #=E6
L 245 35 10 4 2 0 1 0 TMS
P 173 290 25 250 25 0 3 0
Q 15 0 0
A 240 30 10 4 2 0 PINTYPE=ANALOG
A 250 25 10 4 9 3 #=H7
L 245 25 10 4 2 0 1 0 TDO
P 170 290 180 250 180 0 3 0
Q 15 0 0
A 240 185 10 4 2 0 PINTYPE=ANALOG
A 250 180 10 4 9 3 #=K9
L 245 180 10 4 2 0 1 0 TEST0
P 61 290 840 251 840 0 3 0
Q 15 0 0
A 251 850 10 0 2 0 PINTYPE=OUT
A 251 840 10 0 3 3 #=N3
L 246 840 10 0 8 0 1 0 TRD0_N
P 30 290 850 250 850 0 3 0
Q 15 0 0
A 460 855 10 4 2 0 PINTYPE=ANALOG
A 250 850 10 4 9 3 #=N2
L 245 850 10 4 2 0 1 0 TRD0_P
P 27 290 830 250 830 0 3 0
Q 15 0 0
A 250 835 10 4 2 0 PINTYPE=IN
A 250 830 10 4 9 3 #=N5
L 245 830 10 4 2 0 1 0 TRD1_P
P 28 290 820 250 820 0 3 0
Q 15 0 0
A 460 825 10 4 2 0 PINTYPE=IN
A 250 820 10 4 9 3 #=N4
L 245 820 10 4 2 0 1 0 TRD1_N
P 22 290 810 250 810 0 3 0
Q 15 0 0
A 250 815 10 4 2 0 PINTYPE=OUT
A 250 810 10 4 9 3 #=N6
L 245 810 10 4 2 0 1 0 TRD2_P
P 23 290 800 250 800 0 3 0
Q 15 0 0
A 250 805 10 4 2 0 PINTYPE=OUT
A 250 800 10 4 9 3 #=N7
L 245 800 10 4 2 0 1 0 TRD2_N
P 24 290 790 250 790 0 3 0
Q 15 0 0
A 250 795 10 4 2 0 PINTYPE=BI
A 250 790 10 4 9 3 #=N9
L 245 790 10 4 2 0 1 0 TRD3_P
P 25 290 780 250 780 0 3 0
Q 15 0 0
A 250 785 10 4 2 0 PINTYPE=IN
A 250 780 10 4 9 3 #=N8
L 245 780 10 4 2 0 1 0 TRD3_N
P 179 0 475 39 475 0 2 0
Q 15 0 0
A 39 485 10 4 2 0 PINTYPE=OUT
A 39 475 10 4 3 3 #=F5
L 44 475 10 4 8 0 1 0 NC_F5
P 180 0 465 39 465 0 2 0
Q 15 0 0
A 39 475 10 4 2 0 PINTYPE=OUT
A 39 465 10 4 3 3 #=G5
L 44 465 10 4 8 0 1 0 NC_G5
P 181 0 455 39 455 0 2 0
Q 15 0 0
A 39 465 10 4 2 0 PINTYPE=OUT
A 39 455 10 4 3 3 #=G7
L 44 455 10 4 8 0 1 0 NC_G7
P 72 0 495 39 495 0 2 0
Q 15 0 0
A 39 485 10 2 2 0 PINTYPE=OUT
A 39 505 10 2 3 3 #=E4
L 44 495 10 2 8 0 1 0 RXD7
P 162 0 565 39 565 0 2 0
Q 15 0 0
A 39 555 10 2 2 0 PINTYPE=OUT
A 39 575 10 2 3 3 #=E3
L 44 565 10 2 8 0 1 0 RXD0
P 43 0 855 40 855 0 2 0
Q 15 0 0
A 40 850 10 6 2 0 PINTYPE=BI
A 40 865 10 6 9 3 #=C9
L 45 855 10 6 2 0 1 0 TXD0
P 29 0 785 40 785 0 2 0
Q 15 0 0
A 40 780 10 6 2 0 PINTYPE=BI
A 40 795 10 6 9 3 #=D7
L 45 785 10 6 2 0 1 0 TXD7
P 81 290 500 251 500 0 3 0
Q 15 0 0
A 251 510 10 0 2 0 PINTYPE=IN
A 251 500 10 0 3 3 #=J9
L 246 500 10 0 8 0 1 0 FDXLED_B_INTF_SEL1
P 77 290 565 251 565 0 3 0
Q 15 0 0
A 251 575 10 0 2 0 PINTYPE=OUT
A 251 565 10 0 3 3 #=J6
L 246 565 10 0 8 0 1 0 ACTIVITYLED_B
P 76 290 510 251 510 0 3 0
Q 15 0 0
A 251 520 10 0 2 0 PINTYPE=OUT
A 251 510 10 0 3 3 #=J8
L 246 510 10 0 8 0 1 0 LINKSPD1_B_INTF_SEL0
P 169 290 480 250 480 0 3 0
Q 15 0 0
A 240 485 10 4 2 0 PINTYPE=ANALOG
A 250 480 10 4 9 3 #=E9
L 245 480 10 4 2 0 1 0 RGMIIEN
P 146 290 490 250 490 0 3 0
Q 15 0 0
A 240 495 10 4 2 0 PINTYPE=ANALOG
A 250 490 10 4 9 3 #=J3
L 245 490 10 4 2 0 1 0 EN_10B_SD
P 80 290 555 251 555 0 3 0
Q 15 0 0
A 251 565 10 0 2 0 PINTYPE=IN
A 251 555 10 0 3 3 #=J5
L 246 555 10 0 8 0 1 0 XMTLED_B_AUTODET
P 175 290 520 250 520 0 3 0
Q 15 0 0
A 240 525 10 4 2 0 PINTYPE=ANALOG
A 250 520 10 4 9 3 #=F7
L 245 520 10 4 2 0 1 0 QUALITY_B
P 168 290 530 250 530 0 3 0
Q 15 0 0
A 240 535 10 4 2 0 PINTYPE=ANALOG
A 250 530 10 4 9 3 #=H5
L 245 530 10 4 2 0 1 0 SLAVE_B_ANEN
P 87 290 730 251 730 0 3 0
Q 15 0 0
A 251 740 10 0 2 0 PINTYPE=IN
A 251 730 10 0 3 3 #=G3
L 246 730 10 0 8 0 1 0 CLK125
P 138 290 460 250 460 0 3 0
Q 15 0 0
L 245 460 10 4 2 0 1 0 SPD0
A 250 460 10 4 9 3 #=K4
A 240 465 10 4 2 0 PINTYPE=ANALOG
P 136 290 450 250 450 0 3 0
Q 15 0 0
A 240 455 10 4 2 0 PINTYPE=ANALOG
A 250 450 10 4 9 3 #=K3
L 245 450 10 4 2 0 1 0 F1000
P 142 290 435 250 435 0 3 0
Q 15 0 0
A 240 440 10 4 2 0 PINTYPE=ANALOG
A 250 435 10 4 9 3 #=G6
L 245 435 10 4 2 0 1 0 MANMS
b 40 10 250 870
T 190 585 25 4 3 BCM5461S
P 46 0 220 40 220 0 2 0
Q 15 0 0
A 40 225 10 0 2 0 PINTYPE=IN
A 40 220 10 0 9 3 #=E1
L 45 220 10 0 2 0 1 0 PLLVDD2
P 44 0 205 40 205 0 2 0
Q 15 0 0
A 40 210 10 0 2 0 PINTYPE=IN
A 40 205 10 0 9 3 #=J1
L 45 205 10 0 2 0 1 0 PLLVDD1
P 11 0 380 40 380 0 2 0
Q 15 0 0
A 40 385 10 0 2 0 PINTYPE=IN
A 40 380 10 0 9 3 #=M2
L 45 380 10 0 2 0 1 0 BIASVDD
E
