V 51
K 359023281900 bth_120_cfg_ctrl
|R 22:55_8-7-13
Y 1
D 0 0 220 690
Z 10
i 343
U 0 -60 10 0 3 0 MANF_P/N=BTH-060-01-L-D-A-K-TR
U 0 -40 10 0 3 0 VENDOR=SAMTEC
U 0 -20 10 0 3 0 DEVICE=SAMTEC_BTH_060
U -20 -185 10 0 3 0 LEVEL=STD
U -20 -205 10 0 3 0 PARTS=1
U 20 0 16 0 3 3 REFDES=J?
U 50 5 10 0 3 0 PKG_TYPE=SAMTEC_BTH-060-01-L-D-A
U 30 670 10 0 3 3 VALUE=SAMTEC_BTH_060
P 343 0 40 20 40 0 2 0
L 30 35 10 0 3 0 0 0 GND_119
A -20 40 10 0 3 0 PINTYPE=OUT
A 0 40 10 0 3 3 #=119
P 342 0 50 20 50 0 2 0
L 30 45 10 0 3 0 0 0 GND_117
A -20 50 10 0 3 0 PINTYPE=OUT
A 0 50 10 0 3 3 #=117
P 341 0 60 20 60 0 2 0
L 30 55 10 0 3 0 0 0 GND_115
A -20 60 10 0 3 0 PINTYPE=OUT
A 0 60 10 0 3 3 #=115
P 340 0 70 20 70 0 2 0
L 30 65 10 0 3 0 0 0 GND_113
A -20 70 10 0 3 0 PINTYPE=OUT
A 0 70 10 0 3 3 #=113
P 275 0 190 20 190 0 2 0
L 30 185 10 0 3 0 1 0 SPARE_91
A -20 190 10 0 3 0 PINTYPE=IN
A 5 190 10 0 3 3 #=91
P 253 0 90 20 90 0 2 0
L 30 85 10 0 3 0 1 0 PMBUS_CTRL
A -20 90 10 0 3 0 PINTYPE=IN
A 0 90 10 0 3 3 #=111
P 252 0 100 20 100 0 2 0
L 30 95 10 0 3 0 1 0 PMBUS_ALERT
A -20 100 10 0 3 0 PINTYPE=IN
A 0 100 10 0 3 3 #=109
P 244 220 90 200 90 0 3 0
L 190 85 10 0 9 0 1 0 SERVICE_TDO
A 240 90 10 0 9 0 PINTYPE=OUT
A 220 90 10 0 9 3 #=112
P 247 220 110 200 110 0 3 0
L 190 105 10 0 9 0 1 0 SERVICE_TMS
A 240 110 10 0 9 0 PINTYPE=IN
A 220 110 10 0 9 3 #=108
P 197 0 230 20 230 0 2 0
L 30 225 10 0 3 0 1 0 SPARE_83
A -20 230 10 0 3 0 PINTYPE=BI
A 5 230 10 0 3 3 #=83
P 276 0 180 20 180 0 2 0
L 30 175 10 0 3 0 1 0 SPARE_93
A -20 180 10 0 3 0 PINTYPE=BI
A 5 180 10 0 3 3 #=93
P 157 0 590 20 590 0 2 0
L 30 585 10 0 3 0 1 0 SPARE_11
A -20 590 10 0 3 0 PINTYPE=IN
A 5 590 10 0 3 3 #=11
P 195 0 600 20 600 0 2 0
L 30 595 10 0 3 0 1 0 VCCO_RS_BANK
A -20 600 10 0 3 0 PINTYPE=IN
A 10 600 10 0 3 3 #=9
P 246 220 100 200 100 0 3 0
L 190 95 10 0 9 0 1 0 SERVICE_TDI
A 240 100 10 0 9 0 PINTYPE=IN
A 220 100 10 0 9 3 #=110
P 148 0 240 20 240 0 2 0
L 30 235 10 0 3 0 1 0 SPARE_81
A -20 240 10 0 3 0 PINTYPE=OUT
A 5 240 10 0 3 3 #=81
P 308 220 550 200 550 0 3 0
L 190 545 10 0 9 0 1 0 LOC_DSEL0
A 240 550 10 0 9 0 PINTYPE=IN
A 215 550 10 0 9 3 #=20
P 338 220 540 200 540 0 3 0
L 190 535 10 0 9 0 1 0 LOC_DSEL1
A 240 540 10 0 9 0 PINTYPE=IN
A 215 540 10 0 9 3 #=22
P 309 220 530 200 530 0 3 0
L 190 525 10 0 9 0 1 0 LOC_RSEL0
A 240 530 10 0 9 0 PINTYPE=IN
A 215 530 10 0 9 3 #=24
P 310 220 520 200 520 0 3 0
L 190 515 10 0 9 0 1 0 LOC_RSEL1
A 240 520 10 0 9 0 PINTYPE=IN
A 215 520 10 0 9 3 #=26
P 311 220 510 200 510 0 3 0
L 190 505 10 0 9 0 1 0 LOC_RSEL2
A 240 510 10 0 9 0 PINTYPE=IN
A 215 510 10 0 9 3 #=28
P 312 220 500 200 500 0 3 0
L 190 495 10 0 9 0 1 0 LOC_MDFY0
A 240 500 10 0 9 0 PINTYPE=IN
A 215 500 10 0 9 3 #=30
P 313 220 490 200 490 0 3 0
L 190 485 10 0 9 0 1 0 LOC_MDFY1
A 240 490 10 0 9 0 PINTYPE=IN
A 215 490 10 0 9 3 #=32
P 314 220 480 200 480 0 3 0
L 190 475 10 0 9 0 1 0 LOC_MDFY2
A 240 480 10 0 9 0 PINTYPE=IN
A 215 480 10 0 9 3 #=34
P 315 220 470 200 470 0 3 0
L 190 465 10 0 9 0 1 0 LOC_MDFY3
A 240 470 10 0 9 0 PINTYPE=IN
A 215 470 10 0 9 3 #=36
P 316 220 460 200 460 0 3 0
L 190 455 10 0 9 0 1 0 REM_MSEL0
A 240 460 10 0 9 0 PINTYPE=IN
A 215 460 10 0 9 3 #=38
P 318 220 450 200 450 0 3 0
L 190 445 10 0 9 0 1 0 REM_MSEL1
A 240 450 10 0 9 0 PINTYPE=IN
A 215 450 10 0 9 3 #=40
P 319 220 440 200 440 0 3 0
L 190 435 10 0 9 0 1 0 REM_DSEL0
A 240 440 10 0 9 0 PINTYPE=IN
A 215 440 10 0 9 3 #=42
P 320 220 430 200 430 0 3 0
L 190 425 10 0 9 0 1 0 REM_DSEL1
A 240 430 10 0 9 0 PINTYPE=IN
A 215 430 10 0 9 3 #=44
P 321 220 420 200 420 0 3 0
L 190 415 10 0 9 0 1 0 REM_RSEL0
A 240 420 10 0 9 0 PINTYPE=IN
A 215 420 10 0 9 3 #=46
P 322 220 410 200 410 0 3 0
L 190 405 10 0 9 0 1 0 REM_RSEL1
A 240 410 10 0 9 0 PINTYPE=IN
A 215 410 10 0 9 3 #=48
P 323 220 400 200 400 0 3 0
L 190 395 10 0 9 0 1 0 REM_RSEL2
A 240 400 10 0 9 0 PINTYPE=IN
A 215 400 10 0 9 3 #=50
P 324 220 390 200 390 0 3 0
L 190 385 10 0 9 0 1 0 REM_MDFY0
A 240 390 10 0 9 0 PINTYPE=IN
A 215 390 10 0 9 3 #=52
P 325 220 380 200 380 0 3 0
L 190 375 10 0 9 0 1 0 REM_MDFY1
A 240 380 10 0 9 0 PINTYPE=IN
A 215 380 10 0 9 3 #=54
P 326 220 370 200 370 0 3 0
L 190 365 10 0 9 0 1 0 REM_MDFY2
A 240 370 10 0 9 0 PINTYPE=IN
A 215 370 10 0 9 3 #=56
P 327 220 360 200 360 0 3 0
L 190 355 10 0 9 0 1 0 REM_MDFY3
A 240 360 10 0 9 0 PINTYPE=IN
A 215 360 10 0 9 3 #=58
P 329 220 350 200 350 0 3 0
L 190 345 10 0 9 0 1 0 FALLBACK0
A 240 350 10 0 9 0 PINTYPE=IN
A 215 350 10 0 9 3 #=60
P 330 220 340 200 340 0 3 0
L 190 335 10 0 9 0 1 0 FALLBACK1
A 240 340 10 0 9 0 PINTYPE=IN
A 215 340 10 0 9 3 #=62
P 332 220 600 200 600 0 3 0
L 190 595 10 0 9 0 1 0 FAMILY0
A 240 600 10 0 9 0 PINTYPE=IN
A 215 600 10 0 9 3 #=10
P 333 220 590 200 590 0 3 0
L 190 585 10 0 9 0 1 0 FAMILY1
A 240 590 10 0 9 0 PINTYPE=IN
A 215 590 10 0 9 3 #=12
P 334 220 580 200 580 0 3 0
L 190 575 10 0 9 0 1 0 FAMILY2
A 240 580 10 0 9 0 PINTYPE=IN
A 215 580 10 0 9 3 #=14
P 335 220 570 200 570 0 3 0
L 190 565 10 0 9 0 1 0 LOC_MSEL0
A 240 570 10 0 9 0 PINTYPE=IN
A 215 570 10 0 9 3 #=16
P 336 220 560 200 560 0 3 0
L 190 555 10 0 9 0 1 0 LOC_MSEL1
A 240 560 10 0 9 0 PINTYPE=IN
A 215 560 10 0 9 3 #=18
P 194 0 120 20 120 0 2 0
L 30 115 10 0 3 0 1 0 PMBUS_SCL
A -20 120 10 0 3 0 PINTYPE=OUT
A 0 120 10 0 3 3 #=105
P 265 0 110 20 110 0 2 0
L 30 105 10 0 3 0 1 0 PMBUS_SDA
A -20 110 10 0 3 0 PINTYPE=IN
A 0 110 10 0 3 3 #=107
P 173 220 160 200 160 0 3 0
L 190 155 10 0 9 0 1 0 REM_TCK
A 240 160 10 0 9 0 PINTYPE=BI
A 215 160 10 0 9 3 #=98
P 111 0 130 20 130 0 2 0
L 30 125 10 0 3 0 1 0 SPARE_103
A -20 130 10 0 3 0 PINTYPE=BI
A 0 130 10 0 3 3 #=103
P 278 0 200 20 200 0 2 0
L 30 195 10 0 3 0 1 0 SPARE_89
A -20 200 10 0 3 0 PINTYPE=BI
A 5 200 10 0 3 3 #=89
P 136 0 170 20 170 0 2 0
L 30 165 10 0 3 0 1 0 SPARE_95
A -20 170 10 0 3 0 PINTYPE=OUT
A 5 170 10 0 3 3 #=95
P 189 0 160 20 160 0 2 0
L 30 155 10 0 3 0 1 0 SPARE_97
A -20 160 10 0 3 0 PINTYPE=OUT
A 5 160 10 0 3 3 #=97
P 190 0 150 20 150 0 2 0
L 30 145 10 0 3 0 1 0 SPARE_99
A -20 150 10 0 3 0 PINTYPE=OUT
A 5 150 10 0 3 3 #=99
P 279 0 210 20 210 0 2 0
L 30 205 10 0 3 0 1 0 SPARE_87
A -20 210 10 0 3 0 PINTYPE=IN
A 5 210 10 0 3 3 #=87
P 193 0 140 20 140 0 2 0
L 30 135 10 0 3 0 1 0 PWR_ON_OFF
A -20 140 10 0 3 0 PINTYPE=BI
A 0 140 10 0 3 3 #=101
P 287 0 440 20 440 0 2 0
L 30 435 10 0 3 0 1 0 BPI_P33_LED
A -20 440 10 0 3 0 PINTYPE=BI
A 5 440 10 0 3 3 #=41
P 288 0 450 20 450 0 2 0
L 30 445 10 0 3 0 1 0 BPI_P30_LED
A -20 450 10 0 3 0 PINTYPE=BI
A 5 450 10 0 3 3 #=39
P 290 0 480 20 480 0 2 0
L 30 475 10 0 3 0 1 0 SPI_SOIC8_150_LED
A -20 480 10 0 3 0 PINTYPE=OUT
A 5 480 10 0 3 3 #=33
P 155 0 580 20 580 0 2 0
L 30 575 10 0 3 0 1 0 VCCO_RSVD_BANK
A -20 580 10 0 3 0 PINTYPE=OUT
A 5 580 10 0 3 3 #=13
P 121 220 150 200 150 0 3 0
L 190 145 10 0 9 0 1 0 REM_TMS
A 240 150 10 0 9 0 PINTYPE=OUT
A 220 150 10 0 9 3 #=100
P 120 220 140 200 140 0 3 0
L 190 135 10 0 9 0 1 0 REM_TDI
A 240 140 10 0 9 0 PINTYPE=OUT
A 220 140 10 0 9 3 #=102
P 88 220 120 200 120 0 3 0
L 190 115 10 0 9 0 1 0 SERVICE_TCK
A 240 120 10 0 9 0 PINTYPE=OUT
A 220 120 10 0 9 3 #=106
P 303 0 280 20 280 0 2 0
L 30 275 10 0 3 0 1 0 STACK_FAULT_LED
A -20 280 10 0 3 0 PINTYPE=BI
A 5 280 10 0 3 3 #=73
P 304 0 430 20 430 0 2 0
L 30 425 10 0 3 0 1 0 BPI_S29GL_LED
A -20 430 10 0 3 0 PINTYPE=IN
A 5 430 10 0 3 3 #=43
P 305 0 420 20 420 0 2 0
L 30 415 10 0 3 0 1 0 REMOTE_ACTIVE_LED
A -20 420 10 0 3 0 PINTYPE=BI
A 5 420 10 0 3 3 #=45
P 277 0 220 20 220 0 2 0
L 30 215 10 0 3 0 1 0 SPARE_85
A -20 220 10 0 3 0 PINTYPE=BI
A 5 220 10 0 3 3 #=85
P 306 220 650 200 650 0 3 0
L 190 645 10 0 9 0 0 0 3V3_2
A 240 650 10 0 9 0 PINTYPE=IN
A 210 650 10 0 9 3 #=2
P 307 220 640 200 640 0 3 0
L 190 635 10 0 9 0 0 0 3V3_4
A 240 640 10 0 9 0 PINTYPE=IN
A 210 640 10 0 9 3 #=4
P 317 220 630 200 630 0 3 0
L 190 625 10 0 9 0 0 0 3V3_6
A 240 630 10 0 9 0 PINTYPE=IN
A 210 630 10 0 9 3 #=6
P 328 220 620 200 620 0 3 0
L 190 615 10 0 9 0 0 0 3V3_8
A 240 620 10 0 9 0 PINTYPE=IN
A 210 620 10 0 9 3 #=8
P 299 0 650 20 650 0 2 0
L 35 645 10 0 3 0 0 0 5V0_1
A -20 650 10 0 3 0 PINTYPE=BI
A 10 650 10 0 3 3 #=1
P 300 0 640 20 640 0 2 0
L 35 635 10 0 3 0 0 0 5V0_3
A -20 640 10 0 3 0 PINTYPE=BI
A 10 640 10 0 3 3 #=3
P 301 0 630 20 630 0 2 0
L 35 625 10 0 3 0 0 0 5V0_5
A -20 630 10 0 3 0 PINTYPE=BI
A 10 630 10 0 3 3 #=5
P 302 0 620 20 620 0 2 0
L 35 615 10 0 3 0 0 0 5V0_7
A -20 620 10 0 3 0 PINTYPE=BI
A 10 620 10 0 3 3 #=7
P 89 220 130 200 130 0 3 0
L 190 125 10 0 9 0 1 0 REM_TDO
A 240 130 10 0 9 0 PINTYPE=OUT
A 220 130 10 0 9 3 #=104
P 152 0 570 20 570 0 2 0
L 30 565 10 0 3 0 1 0 SPARE_15
A -20 570 10 0 3 0 PINTYPE=OUT
A 5 570 10 0 3 3 #=15
P 295 0 560 20 560 0 2 0
L 30 555 10 0 3 0 1 0 LED_TEST
A -20 560 10 0 3 0 PINTYPE=BI
A 5 560 10 0 3 3 #=17
P 296 0 550 20 550 0 2 0
L 30 545 10 0 3 0 1 0 SEQ_LED
A -20 550 10 0 3 0 PINTYPE=BI
A 5 550 10 0 3 3 #=19
P 297 0 540 20 540 0 2 0
L 30 535 10 0 3 0 1 0 CON_LED
A -20 540 10 0 3 0 PINTYPE=BI
A 5 540 10 0 3 3 #=21
P 298 0 530 20 530 0 2 0
L 30 525 10 0 3 0 1 0 BUS08_LED
A -20 530 10 0 3 0 PINTYPE=BI
A 5 530 10 0 3 3 #=23
P 291 0 520 20 520 0 2 0
L 30 515 10 0 3 0 1 0 BUS16_LED
A -20 520 10 0 3 0 PINTYPE=BI
A 5 520 10 0 3 3 #=25
P 292 0 510 20 510 0 2 0
L 30 505 10 0 3 0 1 0 BUS32_LED
A -20 510 10 0 3 0 PINTYPE=BI
A 5 510 10 0 3 3 #=27
P 293 0 500 20 500 0 2 0
L 30 495 10 0 3 0 1 0 XCF32_LED
A -20 500 10 0 3 0 PINTYPE=BI
A 5 500 10 0 3 3 #=29
P 294 0 490 20 490 0 2 0
L 30 485 10 0 3 0 1 0 SPI_SOIC16_LED
A -20 490 10 0 3 0 PINTYPE=BI
A 5 490 10 0 3 3 #=31
P 280 0 410 20 410 0 2 0
L 30 405 10 0 3 0 1 0 CABLE_LED
A -20 410 10 0 3 0 PINTYPE=BI
A 5 410 10 0 3 3 #=47
P 281 0 400 20 400 0 2 0
L 30 395 10 0 3 0 1 0 MEMORY_LED
A -20 400 10 0 3 0 PINTYPE=BI
A 5 400 10 0 3 3 #=49
P 282 0 390 20 390 0 2 0
L 30 385 10 0 3 0 1 0 MASTER_MODE_LED
A -20 390 10 0 3 0 PINTYPE=BI
A 5 390 10 0 3 3 #=51
P 283 0 380 20 380 0 2 0
L 30 375 10 0 3 0 1 0 SLAVE_MODE_LED
A -20 380 10 0 3 0 PINTYPE=BI
A 5 380 10 0 3 3 #=53
P 284 0 460 20 460 0 2 0
L 30 455 10 0 3 0 1 0 SPI_M25P_W25Q_LED
A -20 460 10 0 3 0 PINTYPE=BI
A 5 460 10 0 3 3 #=37
P 289 0 470 20 470 0 2 0
L 30 465 10 0 3 0 1 0 SPI_SOIC8_208_LED
A -20 470 10 0 3 0 PINTYPE=BI
A 5 470 10 0 3 3 #=35
P 285 0 370 20 370 0 2 0
L 30 365 10 0 3 0 1 0 JTAG_MODE_LED
A -20 370 10 0 3 0 PINTYPE=BI
A 5 370 10 0 3 3 #=55
P 286 0 360 20 360 0 2 0
L 30 355 10 0 3 0 1 0 SERIAL_MODE_LED
A -20 360 10 0 3 0 PINTYPE=BI
A 5 360 10 0 3 3 #=57
P 272 0 350 20 350 0 2 0
L 30 345 10 0 3 0 1 0 SPI_MODE_LED
A -20 350 10 0 3 0 PINTYPE=BI
A 5 350 10 0 3 3 #=59
P 271 0 340 20 340 0 2 0
L 30 335 10 0 3 0 1 0 BPI_MODE_LED
A -20 340 10 0 3 0 PINTYPE=BI
A 5 340 10 0 3 3 #=61
P 273 0 330 20 330 0 2 0
L 30 325 10 0 3 0 1 0 SMAP_MODE_LED
A -20 330 10 0 3 0 PINTYPE=BI
A 5 330 10 0 3 3 #=63
P 274 0 320 20 320 0 2 0
L 30 315 10 0 3 0 1 0 MODULE1_LED
A -20 320 10 0 3 0 PINTYPE=BI
A 5 320 10 0 3 3 #=65
P 144 0 310 20 310 0 2 0
L 30 305 10 0 3 0 1 0 MODULE2_LED
A -20 310 10 0 3 0 PINTYPE=BI
A 5 310 10 0 3 3 #=67
P 146 0 300 20 300 0 2 0
L 30 295 10 0 3 0 1 0 MODULE3_LED
A -20 300 10 0 3 0 PINTYPE=BI
A 5 300 10 0 3 3 #=69
P 208 0 290 20 290 0 2 0
L 30 285 10 0 3 0 1 0 MODULE4_LED
A -20 290 10 0 3 0 PINTYPE=BI
A 5 290 10 0 3 3 #=71
P 143 0 270 20 270 0 2 0
L 30 265 10 0 3 0 1 0 ILLEGAL_MODE_LED
A -20 270 10 0 3 0 PINTYPE=BI
A 5 270 10 0 3 3 #=75
P 259 220 70 200 70 0 3 0
L 135 65 10 0 3 0 0 0 GND_114
A 240 70 10 0 9 0 PINTYPE=IN
A 220 70 10 0 9 3 #=114
P 261 220 60 200 60 0 3 0
L 135 55 10 0 3 0 0 0 GND_116
A 240 60 10 0 9 0 PINTYPE=IN
A 220 60 10 0 9 3 #=116
P 266 220 50 200 50 0 3 0
L 155 45 10 0 3 0 0 0 GND_118
A 240 50 10 0 9 0 PINTYPE=IN
A 220 50 10 0 9 3 #=118
P 337 220 40 200 40 0 3 0
L 155 35 10 0 3 0 0 0 GND_120
A 240 40 10 0 9 0 PINTYPE=IN
A 220 40 10 0 9 3 #=120
P 153 0 260 20 260 0 2 0
L 30 255 10 0 3 0 1 0 SPARE_77
A -20 260 10 0 3 0 PINTYPE=BI
A 5 260 10 0 3 3 #=77
P 154 0 250 20 250 0 2 0
L 30 245 10 0 3 0 1 0 SPARE_79
A -20 250 10 0 3 0 PINTYPE=BI
A 5 250 10 0 3 3 #=79
P 131 220 330 200 330 0 3 0
L 125 325 10 0 3 0 1 0 REM_DETECT_B
A 240 330 10 0 9 0 PINTYPE=IN
A 215 330 10 0 9 3 #=64
P 91 220 320 200 320 0 3 0
L 136 315 10 0 3 0 1 0 REM_PROG_B
A 240 320 10 0 9 0 PINTYPE=IN
A 215 320 10 0 9 3 #=66
P 90 220 310 200 310 0 3 0
L 142 305 10 0 3 0 1 0 REM_DUTP1
A 240 310 10 0 9 0 PINTYPE=IN
A 215 310 10 0 9 3 #=68
P 123 220 300 200 300 0 3 0
L 142 295 10 0 3 0 1 0 REM_DUTP2
A 240 300 10 0 9 0 PINTYPE=IN
A 215 300 10 0 9 3 #=70
P 122 220 290 200 290 0 3 0
L 147 285 10 0 3 0 1 0 REM_DONE
A 240 290 10 0 9 0 PINTYPE=IN
A 215 290 10 0 9 3 #=72
P 93 220 280 200 280 0 3 0
L 137 275 10 0 3 0 1 0 REM_INIT_B
A 240 280 10 0 9 0 PINTYPE=IN
A 215 280 10 0 9 3 #=74
P 92 220 270 200 270 0 3 0
L 126 265 10 0 3 0 1 0 REM_PS_POR_B
A 240 270 10 0 9 0 PINTYPE=IN
A 215 270 10 0 9 3 #=76
P 133 220 260 200 260 0 3 0
L 120 255 10 0 3 0 1 0 REM_PS_SRST_B
A 240 260 10 0 9 0 PINTYPE=IN
A 215 260 10 0 9 3 #=78
P 134 220 250 200 250 0 3 0
L 148 245 10 0 3 0 1 0 SPARE_80
A 240 250 10 0 9 0 PINTYPE=IN
A 215 250 10 0 9 3 #=80
P 140 220 240 200 240 0 3 0
L 148 235 10 0 3 0 1 0 SPARE_82
A 240 240 10 0 9 0 PINTYPE=BI
A 215 240 10 0 9 3 #=82
P 138 220 230 200 230 0 3 0
L 148 225 10 0 3 0 1 0 SPARE_84
A 240 230 10 0 9 0 PINTYPE=IN
A 215 230 10 0 9 3 #=84
P 169 220 220 200 220 0 3 0
L 148 215 10 0 3 0 1 0 SPARE_86
A 240 220 10 0 9 0 PINTYPE=BI
A 215 220 10 0 9 3 #=86
P 139 220 210 200 210 0 3 0
L 148 205 10 0 3 0 1 0 SPARE_88
A 240 210 10 0 9 0 PINTYPE=IN
A 215 210 10 0 9 3 #=88
P 172 220 200 200 200 0 3 0
L 148 195 10 0 3 0 1 0 SPARE_90
A 240 200 10 0 9 0 PINTYPE=BI
A 215 200 10 0 9 3 #=90
P 125 220 190 200 190 0 3 0
L 191 185 10 0 9 0 1 0 SPARE_92
A 240 190 10 0 9 0 PINTYPE=BI
A 215 190 10 0 9 3 #=92
P 124 220 180 200 180 0 3 0
L 191 175 10 0 9 0 1 0 SPARE_94
A 240 180 10 0 9 0 PINTYPE=BI
A 215 180 10 0 9 3 #=94
P 177 220 170 200 170 0 3 0
L 191 165 10 0 9 0 1 0 SPARE_96
A 240 170 10 0 9 0 PINTYPE=BI
A 215 170 10 0 9 3 #=96
T 175 615 10 0 3 3V3
Q 15 0 0
T 175 625 10 0 3 3V3
Q 15 0 0
T 175 635 10 0 3 3V3
Q 15 0 0
T 190 35 10 0 9 GND
Q 15 0 0
T 30 635 10 0 3 5V0
Q 15 0 0
T 30 625 10 0 3 5V0
Q 15 0 0
T 30 615 10 0 3 5V0
Q 15 0 0
T 30 645 10 0 3 5V0
Q 15 0 0
T 175 645 10 0 3 3V3
Q 15 0 0
T 190 45 10 0 9 GND
Q 15 0 0
T 190 55 10 0 9 GND
Q 15 0 0
T 190 65 10 0 9 GND
Q 15 0 0
T 45 65 10 0 9 GND
Q 15 0 0
T 45 55 10 0 9 GND
Q 15 0 0
T 45 45 10 0 9 GND
Q 15 0 0
T 45 35 10 0 9 GND
Q 15 0 0
b 20 20 200 670
E
