V 51
K 81805894490 cfp2_cage
|R 22:59_11-26-12
Y 1
D 0 0 100 480
Z 10
i 87
U 0 -90 10 0 3 0 DIST_P/N=CN121A-104-0002
U 0 -80 10 0 3 0 DIST=YAMAICHI
U 0 -70 10 0 3 0 DATASHEET=TBD
U 0 -50 10 0 3 0 MANF=YAMAICHI
U 0 -40 10 0 3 0 MANF_P/N=CN121A-104-0002
U 0 -30 10 0 3 0 PARTS=1
U 0 -10 10 0 3 0 DEVICE=CFP2_CAGE
U 205 0 10 0 3 0 VALUE=CFP2_CAGE
P 82 100 30 80 30 0 3 0
L 75 30 10 0 8 0 1 0 MH43
A 100 30 10 0 9 0 PINTYPE=IN
A 95 30 10 0 9 3 #=43
P 83 100 40 80 40 0 3 0
L 75 40 10 0 8 0 1 0 MH42
A 100 40 10 0 9 0 PINTYPE=IN
A 95 40 10 0 9 3 #=42
P 84 100 50 80 50 0 3 0
L 75 50 10 0 8 0 1 0 MH41
A 100 50 10 0 9 0 PINTYPE=IN
A 95 50 10 0 9 3 #=41
P 85 100 60 80 60 0 3 0
L 75 60 10 0 8 0 1 0 MH40
A 100 60 10 0 9 0 PINTYPE=IN
A 95 60 10 0 9 3 #=40
P 86 100 70 80 70 0 3 0
L 75 70 10 0 8 0 1 0 MH39
A 100 70 10 0 9 0 PINTYPE=IN
A 95 70 10 0 9 3 #=39
P 87 100 80 80 80 0 3 0
L 75 80 10 0 8 0 1 0 MH38
A 100 80 10 0 9 0 PINTYPE=IN
A 95 80 10 0 9 3 #=38
P 76 100 90 80 90 0 3 0
L 75 90 10 0 8 0 1 0 MH37
A 100 90 10 0 9 0 PINTYPE=IN
A 95 90 10 0 9 3 #=37
P 77 100 100 80 100 0 3 0
L 75 100 10 0 8 0 1 0 MH36
A 100 100 10 0 9 0 PINTYPE=IN
A 95 100 10 0 9 3 #=36
P 80 100 130 80 130 0 3 0
L 75 130 10 0 8 0 1 0 MH33
A 100 130 10 0 9 0 PINTYPE=IN
A 95 130 10 0 9 3 #=33
P 81 100 140 80 140 0 3 0
L 75 140 10 0 8 0 1 0 MH32
A 100 140 10 0 9 0 PINTYPE=IN
A 95 140 10 0 9 3 #=32
P 70 100 150 80 150 0 3 0
L 75 150 10 0 8 0 1 0 MH31
A 100 150 10 0 9 0 PINTYPE=IN
A 95 150 10 0 9 3 #=31
P 71 100 160 80 160 0 3 0
L 75 160 10 0 8 0 1 0 MH30
A 100 160 10 0 9 0 PINTYPE=IN
A 95 160 10 0 9 3 #=30
P 72 100 170 80 170 0 3 0
L 75 170 10 0 8 0 1 0 MH29
A 100 170 10 0 9 0 PINTYPE=IN
A 95 170 10 0 9 3 #=29
P 73 100 180 80 180 0 3 0
L 75 180 10 0 8 0 1 0 MH28
A 100 180 10 0 9 0 PINTYPE=IN
A 95 180 10 0 9 3 #=28
P 74 100 190 80 190 0 3 0
L 75 190 10 0 8 0 1 0 MH27
A 100 190 10 0 9 0 PINTYPE=IN
A 95 190 10 0 9 3 #=27
P 75 100 200 80 200 0 3 0
L 75 200 10 0 8 0 1 0 MH26
A 100 200 10 0 9 0 PINTYPE=IN
A 95 200 10 0 9 3 #=26
P 64 100 210 80 210 0 3 0
L 75 210 10 0 8 0 1 0 MH25
A 100 210 10 0 9 0 PINTYPE=IN
A 95 210 10 0 9 3 #=25
P 65 100 220 80 220 0 3 0
L 75 220 10 0 8 0 1 0 MH24
A 100 220 10 0 9 0 PINTYPE=IN
A 95 220 10 0 9 3 #=24
P 66 100 230 80 230 0 3 0
L 75 230 10 0 8 0 1 0 MH23
A 100 230 10 0 9 0 PINTYPE=IN
A 95 230 10 0 9 3 #=23
P 67 100 240 80 240 0 3 0
L 75 240 10 0 8 0 1 0 MH22
A 100 240 10 0 9 0 PINTYPE=IN
A 95 240 10 0 9 3 #=22
P 68 100 250 80 250 0 3 0
L 75 250 10 0 8 0 1 0 MH21
A 100 250 10 0 9 0 PINTYPE=IN
A 95 250 10 0 9 3 #=21
P 69 100 260 80 260 0 3 0
L 75 260 10 0 8 0 1 0 MH20
A 100 260 10 0 9 0 PINTYPE=IN
A 95 260 10 0 9 3 #=20
P 58 100 270 80 270 0 3 0
L 75 270 10 0 8 0 1 0 MH19
A 100 270 10 0 9 0 PINTYPE=IN
A 95 270 10 0 9 3 #=19
P 59 100 280 80 280 0 3 0
L 75 280 10 0 8 0 1 0 MH18
A 100 280 10 0 9 0 PINTYPE=IN
A 95 280 10 0 9 3 #=18
P 60 100 290 80 290 0 3 0
L 75 290 10 0 8 0 1 0 MH17
A 100 290 10 0 9 0 PINTYPE=IN
A 95 290 10 0 9 3 #=17
P 61 100 300 80 300 0 3 0
L 75 300 10 0 8 0 1 0 MH16
A 100 300 10 0 9 0 PINTYPE=IN
A 95 300 10 0 9 3 #=16
P 52 100 330 80 330 0 3 0
L 75 330 10 0 8 0 1 0 MH13
A 100 330 10 0 9 0 PINTYPE=IN
A 95 330 10 0 9 3 #=13
P 53 100 340 80 340 0 3 0
L 75 340 10 0 8 0 1 0 MH12
A 100 340 10 0 9 0 PINTYPE=IN
A 95 340 10 0 9 3 #=12
P 54 100 350 80 350 0 3 0
L 75 350 10 0 8 0 1 0 MH11
A 100 350 10 0 9 0 PINTYPE=IN
A 95 350 10 0 9 3 #=11
P 55 100 360 80 360 0 3 0
L 75 360 10 0 8 0 1 0 MH10
A 100 360 10 0 9 0 PINTYPE=IN
A 95 360 10 0 9 3 #=10
P 56 100 370 80 370 0 3 0
L 75 370 10 0 8 0 1 0 MH9
A 100 370 10 0 9 0 PINTYPE=IN
A 95 370 10 0 9 3 #=9
P 57 100 380 80 380 0 3 0
L 75 380 10 0 8 0 1 0 MH8
A 100 380 10 0 9 0 PINTYPE=IN
A 95 380 10 0 9 3 #=8
P 51 100 390 80 390 0 3 0
L 75 390 10 0 8 0 1 0 MH7
A 100 390 10 0 9 0 PINTYPE=IN
A 95 390 10 0 9 3 #=7
P 50 100 400 80 400 0 3 0
L 75 400 10 0 8 0 1 0 MH6
A 100 400 10 0 9 0 PINTYPE=IN
A 95 400 10 0 9 3 #=6
P 49 100 410 80 410 0 3 0
L 75 410 10 0 8 0 1 0 MH5
A 100 410 10 0 9 0 PINTYPE=IN
A 95 410 10 0 9 3 #=5
P 48 100 420 80 420 0 3 0
L 75 420 10 0 8 0 1 0 MH4
A 100 420 10 0 9 0 PINTYPE=IN
A 95 420 10 0 9 3 #=4
P 47 100 430 80 430 0 3 0
L 75 430 10 0 8 0 1 0 MH3
A 100 430 10 0 9 0 PINTYPE=IN
A 95 430 10 0 9 3 #=3
U 20 5 16 0 3 3 REFDES=J?
P 1 100 450 80 450 0 3 0
L 75 450 10 0 8 0 1 0 MH1
A 100 450 10 0 9 0 PINTYPE=IN
A 95 450 10 0 9 3 #=1
P 46 100 440 80 440 0 3 0
L 75 440 10 0 8 0 1 0 MH2
A 100 440 10 0 9 0 PINTYPE=IN
A 95 440 10 0 9 3 #=2
P 62 100 310 80 310 0 3 0
L 75 310 10 0 8 0 1 0 MH15
A 100 310 10 0 9 0 PINTYPE=IN
A 95 310 10 0 9 3 #=15
P 63 100 320 80 320 0 3 0
L 75 320 10 0 8 0 1 0 MH14
A 100 320 10 0 9 0 PINTYPE=IN
A 95 320 10 0 9 3 #=14
P 79 100 120 80 120 0 3 0
L 75 120 10 0 8 0 1 0 MH34
A 100 120 10 0 9 0 PINTYPE=IN
A 95 120 10 0 9 3 #=34
P 78 100 110 80 110 0 3 0
L 75 110 10 0 8 0 1 0 MH35
A 100 110 10 0 9 0 PINTYPE=IN
A 95 110 10 0 9 3 #=35
b 20 20 80 460
E
