V 51
K 155826518900 cp2103_alt
|R 22:00_2-17-13
Y 1
D 0 0 140 300
Z 10
i 58
U 0 -60 10 0 3 0 DIST_P/N=336-1164-ND
U 0 -50 10 0 3 0 DIST=DIGIKEY
U 0 -30 10 0 3 0 MANF=SILICON LABS
U 0 -20 10 0 3 0 PARTS=1
U 0 -10 10 0 3 0 LEVEL=STD
U 0 -70 10 0 3 0 VALUE=CP2130
U 0 -40 10 0 3 0 MANF_P/N=CP2103-GM
U 20 0 16 0 3 3 REFDES=U?
U 120 5 10 0 9 3 PKG_TYPE=QFN_28
P 58 0 40 20 40 0 2 0
L 25 35 10 0 3 0 1 0 GND_30
A 0 40 10 0 3 0 PINTYPE=IN
A 15 40 10 0 9 3 #=30
P 19 140 90 120 90 0 3 0
L 115 90 10 0 8 0 1 0 NC_20
A 140 90 10 0 9 0 PINTYPE=BI
A 125 90 10 0 3 3 #=20
P 48 140 80 120 80 0 3 0
L 115 80 10 0 8 0 1 0 NC_21
A 140 80 10 0 9 0 PINTYPE=BI
A 125 80 10 0 3 3 #=21
T 115 150 10 0 8 GPIO0
Q 15 0 0
T 115 140 10 0 8 GPIO1
Q 15 0 0
b 20 20 120 280
U 25 285 10 0 3 3 DEVICE=CP2103
P 27 0 260 20 260 0 2 0
L 25 255 10 0 3 0 1 0 VBUS
A 0 260 10 0 3 0 PINTYPE=POWER
A 15 260 10 0 9 3 #=8
P 32 0 240 20 240 0 2 0
L 25 235 10 0 3 0 1 0 VDD
A 0 240 10 0 3 0 PINTYPE=POWER
A 15 240 10 0 9 3 #=6
P 1 0 230 20 230 0 2 0
L 25 225 10 0 3 0 1 0 REGIN
A 0 230 10 0 3 0 PINTYPE=BI
A 15 230 10 0 9 3 #=7
P 14 0 180 20 180 0 2 0
L 25 175 10 0 3 0 1 0 RI_B
A 0 180 10 0 3 0 PINTYPE=IN
A 15 180 10 0 9 3 #=1
P 12 0 140 20 140 0 2 0
L 25 135 10 0 3 0 1 0 D_P
A 0 140 10 0 3 0 PINTYPE=BI
A 15 140 10 0 9 3 #=3
P 13 0 130 20 130 0 2 0
L 25 125 10 0 3 0 1 0 D_N
A 0 130 10 0 3 0 PINTYPE=BI
A 15 130 10 0 9 3 #=4
P 54 0 110 20 110 0 2 0
L 25 105 10 0 3 0 1 0 NC_10
A 0 110 10 0 3 0 PINTYPE=BI
A 15 110 10 0 9 3 #=10
P 53 0 100 20 100 0 2 0
L 25 95 10 0 3 0 1 0 NC_13
A 0 100 10 0 3 0 PINTYPE=BI
A 15 100 10 0 9 3 #=13
P 52 0 90 20 90 0 2 0
L 25 85 10 0 3 0 1 0 NC_14
A 0 90 10 0 3 0 PINTYPE=BI
A 15 90 10 0 9 3 #=14
P 11 0 80 20 80 0 2 0
L 25 75 10 0 3 0 1 0 NC_15
A 0 80 10 0 3 0 PINTYPE=BI
A 15 80 10 0 9 3 #=15
P 41 0 60 20 60 0 2 0
L 25 55 10 0 3 0 1 0 GND_02
A 0 60 10 0 3 0 PINTYPE=IN
A 15 60 10 0 9 3 #=2
P 42 0 50 20 50 0 2 0
L 25 45 10 0 3 0 1 0 GND_29
A 0 50 10 0 3 0 PINTYPE=IN
A 15 50 10 0 9 3 #=29
P 44 140 60 120 60 0 3 0
L 115 60 10 0 8 0 1 0 RST_B
A 140 60 10 0 9 0 PINTYPE=BI
A 125 60 10 0 3 3 #=9
P 56 140 50 120 50 0 3 0
L 115 50 10 0 8 0 1 0 SUSPEND
A 140 50 10 0 9 0 PINTYPE=IN
A 125 50 10 0 3 3 #=12
P 57 140 40 120 40 0 3 0
L 115 40 10 0 8 0 1 0 SUSPEND_B
A 140 40 10 0 9 0 PINTYPE=IN
A 125 40 10 0 3 3 #=11
P 17 140 120 120 120 0 3 0
L 115 120 10 0 8 0 1 0 GPIO3
A 140 120 10 0 9 0 PINTYPE=BI
A 125 120 10 0 3 3 #=16
P 21 140 130 120 130 0 3 0
L 115 130 10 0 8 0 1 0 GPIO2
A 140 130 10 0 9 0 PINTYPE=BI
A 125 130 10 0 3 3 #=17
P 45 140 140 120 140 0 3 0
L 255 190 10 0 8 0 0 0 VDD18_30
A 140 140 10 0 9 0 PINTYPE=BI
A 125 140 10 0 3 3 #=18
P 9 140 150 120 150 0 3 0
L 255 200 10 0 8 0 0 0 VDD18_28
A 140 150 10 0 9 0 PINTYPE=BI
A 125 150 10 0 3 3 #=19
P 26 140 170 120 170 0 3 0
L 115 170 10 0 8 0 1 0 RXD_I
A 140 170 10 0 9 0 PINTYPE=IN
A 125 170 10 0 3 3 #=24
P 20 140 180 120 180 0 3 0
L 115 180 10 0 8 0 1 0 TXD_O
A 140 180 10 0 9 0 PINTYPE=OUT
A 125 180 10 0 3 3 #=25
P 35 140 200 120 200 0 3 0
L 115 200 10 0 8 0 1 0 CTS_I_B
A 140 200 10 0 9 0 PINTYPE=IN
A 125 200 10 0 3 3 #=22
P 25 140 210 120 210 0 3 0
L 115 210 10 0 8 0 1 0 RTS_O_B
A 140 210 10 0 9 0 PINTYPE=OUT
A 125 210 10 0 3 3 #=23
P 51 140 220 120 220 0 3 0
L 115 220 10 0 8 0 1 0 DSR_I_B
A 140 220 10 0 9 0 PINTYPE=IN
A 125 220 10 0 3 3 #=26
P 49 140 230 120 230 0 3 0
L 115 230 10 0 8 0 1 0 DTR_O_B
A 140 230 10 0 9 0 PINTYPE=OUT
A 125 230 10 0 3 3 #=27
P 50 140 240 120 240 0 3 0
L 115 240 10 0 8 0 1 0 DCD_I_B
A 140 240 10 0 9 0 PINTYPE=IN
A 125 240 10 0 3 3 #=28
P 55 140 260 120 260 0 3 0
L 115 260 10 0 8 0 1 0 VIO
A 140 260 10 0 9 0 PINTYPE=POWER
A 125 260 10 0 3 3 #=5
E
