V 51
K 241295720900 dvi_conn
|R 0:26_3-21-06
Y 1
D 0 0 300 450
Z 10
i 954
U 40 0 10 0 3 0 PARTS=1
U 40 -10 10 0 3 0 LEVEL=STD
U 40 20 10 0 3 3 PKG_TYPE=DVI_CONN
U 40 30 10 0 3 3 DEVICE=DVI_CONN
U 40 10 10 0 3 3 REFDES=P?
P 953 300 140 260 140 0 3 0
A 315 140 10 0 2 0 PINTYPE=BI
L 255 140 10 0 8 0 1 0 SH_GND1
A 265 140 10 0 3 3 #=25
P 954 300 130 260 130 0 3 0
A 265 130 10 0 3 3 #=26
L 255 130 10 0 8 0 1 0 SH_GND2
A 315 130 10 0 2 0 PINTYPE=BI
P 952 300 160 260 160 0 3 0
A 315 160 10 0 2 0 PINTYPE=BI
L 255 160 10 0 8 0 1 0 AGND1
A 265 160 10 0 3 3 #=C6
P 951 0 60 40 60 0 2 0
A -15 60 10 4 2 0 PINTYPE=BI
L 45 60 10 4 8 0 1 0 BLUE
A 35 60 10 4 3 3 #=C3
P 950 0 70 40 70 0 2 0
A 35 70 10 4 3 3 #=C2
L 45 70 10 4 8 0 1 0 GREEN
A -15 70 10 4 2 0 PINTYPE=BI
P 949 0 80 40 80 0 2 0
A -15 80 10 4 2 0 PINTYPE=BI
L 45 80 10 4 8 0 1 0 RED
A 35 80 10 4 3 3 #=C1
P 17 0 350 40 350 0 2 0
A 35 350 10 0 9 3 #=17
L 45 350 10 0 2 1 1 0 DATA0_N
A -15 350 10 0 8 0 PINTYPE=BI
P 18 0 340 40 340 0 2 0
A 35 340 10 0 9 3 #=18
L 45 340 10 0 2 1 1 0 DATA0_P
A -15 340 10 0 8 0 PINTYPE=BI
P 20 0 200 40 200 0 2 0
A 35 200 10 0 9 3 #=20
L 45 200 10 0 2 1 1 0 DATA5_N
A -15 200 10 0 8 0 PINTYPE=BI
P 21 0 190 40 190 0 2 0
A 35 190 10 0 9 3 #=21
L 45 190 10 0 2 1 1 0 DATA5_P
A -15 190 10 0 8 0 PINTYPE=BI
P 23 0 170 40 170 0 2 0
A 35 170 10 0 9 3 #=23
L 45 170 10 0 2 1 1 0 CLK_P
A -15 170 10 0 8 0 PINTYPE=BI
P 24 0 160 40 160 0 2 0
A 35 160 10 0 9 3 #=24
L 45 160 10 0 2 1 1 0 CLK_N
A -15 160 10 0 8 0 PINTYPE=BI
P 37 0 260 40 260 0 2 0
A 35 260 10 4 3 3 #=12
L 45 260 10 4 8 1 1 0 DATA3_N
A -15 260 10 4 2 0 PINTYPE=BI
P 39 0 310 40 310 0 2 0
A 35 310 10 4 3 3 #=10
L 45 310 10 4 8 1 1 0 DATA1_P
A -15 310 10 4 2 0 PINTYPE=BI
P 40 0 320 40 320 0 2 0
A 35 320 10 4 3 3 #=9
L 45 320 10 4 8 1 1 0 DATA1_N
A -15 320 10 4 2 0 PINTYPE=BI
P 42 0 380 40 380 0 2 0
A 35 380 10 4 3 3 #=7
L 45 380 10 4 8 1 1 0 DDC_DATA
A -15 380 10 4 2 0 PINTYPE=BI
P 43 0 390 40 390 0 2 0
A 35 390 10 4 3 3 #=6
L 45 390 10 4 8 1 1 0 DDC_CLK
A -15 390 10 4 2 0 PINTYPE=BI
P 44 0 220 40 220 0 2 0
A 35 220 10 4 3 3 #=5
L 45 220 10 4 8 1 1 0 DATA4_P
A -15 220 10 4 2 0 PINTYPE=BI
P 45 0 230 40 230 0 2 0
A 35 230 10 4 3 3 #=4
L 45 230 10 4 8 1 1 0 DATA4_N
A -15 230 10 4 2 0 PINTYPE=BI
P 47 0 280 40 280 0 2 0
A 35 280 10 4 3 3 #=2
L 45 280 10 4 8 1 1 0 DATA2_P
A -15 280 10 4 2 0 PINTYPE=BI
P 48 0 290 40 290 0 2 0
A 35 290 10 4 3 3 #=1
L 45 290 10 4 8 1 1 0 DATA2_N
A -15 290 10 4 2 0 PINTYPE=BI
P 41 0 100 40 100 0 2 0
A 35 100 10 4 3 3 #=8
L 45 100 10 4 8 1 1 0 VS
A -15 100 10 4 2 0 PINTYPE=BI
P 22 300 240 260 240 0 3 0
A 265 240 10 4 9 3 #=22
L 255 240 10 4 2 1 1 0 SHIELD_CLK
A 315 240 10 4 8 0 PINTYPE=BI
P 19 300 230 260 230 0 3 0
A 265 230 10 4 9 3 #=19
L 255 230 10 4 2 1 1 0 SHIELD_0/5
A 315 230 10 4 8 0 PINTYPE=BI
P 38 300 220 260 220 0 3 0
A 265 220 10 0 3 3 #=11
L 255 220 10 0 8 1 1 0 SHIELD_1/3
A 315 220 10 0 2 0 PINTYPE=BI
P 46 300 210 260 210 0 3 0
A 265 210 10 0 3 3 #=3
L 255 210 10 0 8 1 1 0 SHIELD_2/4
A 315 210 10 0 2 0 PINTYPE=BI
P 947 0 110 40 110 0 2 0
A -15 110 10 4 2 0 PINTYPE=BI
L 45 110 10 4 8 0 1 0 HS
A 35 110 10 4 3 3 #=C4
P 13 0 250 40 250 0 2 0
A 35 250 10 0 9 3 #=13
L 45 250 10 0 2 1 1 0 DATA3_P
A -15 250 10 0 8 0 PINTYPE=BI
P 15 300 190 260 190 0 3 0
A 265 190 10 4 9 3 #=15
L 255 190 10 4 2 1 1 0 GND0
A 315 190 10 4 8 0 PINTYPE=BI
P 14 300 300 260 300 0 3 0
A 265 300 10 4 9 3 #=14
L 255 300 10 4 2 1 1 0 VCC5
A 315 300 10 4 8 0 PINTYPE=BI
P 16 0 130 40 130 0 2 0
A 35 130 10 0 9 3 #=16
L 45 130 10 0 2 1 1 0 HPDET
A -15 130 10 0 8 0 PINTYPE=BI
P 948 300 170 260 170 0 3 0
A 265 170 10 0 3 3 #=C5
L 255 170 10 0 8 0 1 0 AGND0
A 315 170 10 0 2 0 PINTYPE=BI
T 155 435 20 0 5 DVI_CONN
b 40 40 260 410
E
