V 51
K 293583748100 term_block_10pin
|R 23:05_1-21-12
Y 1
D 0 0 130 200
Z 10
i 24
U 0 -70 10 0 3 0 DESCRIPTION=6 POS TERMINAL BLOCK
U 0 -60 10 0 3 0 DEVICE=XXXX
U 0 -50 10 0 3 0 PARTS=1
U 0 -40 10 0 3 0 LEVEL=STD
U 0 -30 10 0 3 0 MANF=XXXX
U 0 -20 10 0 3 0 MANF_P/N=XXXX
U 0 -10 10 0 3 0 DIST_P/N=XXXX
U 80 5 10 0 3 3 PKG_TYPE=XXXX
P 10 130 150 70 150 0 3 0
A 130 150 10 0 9 0 PINTYPE=BI
A 110 150 10 0 9 3 #=1
L 100 150 10 0 3 0 0 0 P1
P 15 130 110 70 110 0 3 0
A 130 110 10 0 9 0 PINTYPE=BI
A 110 110 10 0 9 3 #=3
L 100 110 10 0 3 0 0 0 P3
P 14 130 130 70 130 0 3 0
A 130 130 10 0 9 0 PINTYPE=BI
A 110 130 10 0 9 3 #=2
L 100 130 10 0 3 0 0 0 P2
P 16 130 90 70 90 0 3 0
A 130 90 10 0 9 0 PINTYPE=BI
A 110 90 10 0 9 3 #=4
L 100 90 10 0 3 0 0 0 P4
P 17 130 70 70 70 0 3 0
A 130 70 10 0 9 0 PINTYPE=BI
A 110 70 10 0 9 3 #=5
L 100 70 10 0 3 0 0 0 P5
P 18 130 50 70 50 0 3 0
A 130 50 10 0 9 0 PINTYPE=BI
A 110 50 10 0 9 3 #=6
L 100 50 10 0 3 0 0 0 P6
l 2 90 40 30 40
l 2 60 71 67 77
l 2 68 76 61 70
l 2 68 64 61 70
l 2 67 63 60 69
l 2 52 76 59 70
l 2 53 77 60 71
c 60 70 10
l 2 52 64 59 70
l 2 53 63 60 69
l 2 60 111 67 117
l 2 68 116 61 110
l 2 68 104 61 110
l 2 67 103 60 109
l 2 52 116 59 110
l 2 53 117 60 111
c 60 110 10
l 2 52 104 59 110
l 2 53 103 60 109
l 2 60 151 67 157
l 2 68 156 61 150
l 2 68 144 61 150
l 2 67 143 60 149
l 2 52 156 59 150
l 2 53 157 60 151
c 60 150 10
l 2 52 144 59 150
l 2 53 143 60 149
l 2 60 51 67 57
l 2 68 56 61 50
l 2 68 44 61 50
l 2 67 43 60 49
l 2 53 57 60 51
c 60 50 10
l 2 52 44 59 50
l 2 53 43 60 49
l 2 60 91 67 97
l 2 68 96 61 90
l 2 68 84 61 90
l 2 67 83 60 89
l 2 52 96 59 90
l 2 53 97 60 91
c 60 90 10
l 2 52 84 59 90
l 2 53 83 60 89
l 2 60 131 67 137
l 2 68 136 61 130
l 2 68 124 61 130
l 2 67 123 60 129
l 2 90 160 30 160
l 2 90 140 30 140
l 2 90 120 30 120
l 2 90 80 30 80
l 2 52 136 59 130
l 2 53 137 60 131
c 60 130 10
l 2 52 124 59 130
l 2 53 123 60 129
l 2 90 100 30 100
l 2 52 56 59 50
l 2 90 60 30 60
b 30 20 90 180
U 20 5 16 0 3 3 REFDES=J?
E
