V 51
K 354667131800 em1988901
|R 21:02_10-26-11
Y 1
D 0 0 130 320
Z 10
i 28
U 0 -70 10 0 3 0 DESCRIPTION=12 POS TERMINAL BLOCK 5MM PITCH
U 0 -60 10 0 3 0 DEVICE=1988901
U 0 -50 10 0 3 0 PARTS=1
U 0 -40 10 0 3 0 LEVEL=STD
U 0 -30 10 0 3 0 MANF=PHOENIX CONTACT
U 0 -20 10 0 3 0 MANF_P/N=1988901
U 0 -10 10 0 3 0 DIST_P/N=277-1774-ND
U 20 5 16 0 3 3 REFDES=J?
P 10 130 270 70 270 0 3 0
A 130 270 10 0 9 0 PINTYPE=BI
A 110 270 10 0 9 3 #=1
L 100 270 10 0 3 0 0 0 P1
P 15 130 230 70 230 0 3 0
A 130 230 10 0 9 0 PINTYPE=BI
A 110 230 10 0 9 3 #=3
L 100 230 10 0 3 0 0 0 P3
P 14 130 250 70 250 0 3 0
A 130 250 10 0 9 0 PINTYPE=BI
A 110 250 10 0 9 3 #=2
L 100 250 10 0 3 0 0 0 P2
P 16 130 210 70 210 0 3 0
A 130 210 10 0 9 0 PINTYPE=BI
A 110 210 10 0 9 3 #=4
L 100 210 10 0 3 0 0 0 P4
P 17 130 190 70 190 0 3 0
A 130 190 10 0 9 0 PINTYPE=BI
A 110 190 10 0 9 3 #=5
L 100 190 10 0 3 0 0 0 P5
P 18 130 170 70 170 0 3 0
A 130 170 10 0 9 0 PINTYPE=BI
A 110 170 10 0 9 3 #=6
L 100 170 10 0 3 0 0 0 P6
P 19 130 150 70 150 0 3 0
A 130 150 10 0 9 0 PINTYPE=BI
A 110 150 10 0 9 3 #=7
L 100 150 10 0 3 0 0 0 P7
P 20 130 130 70 130 0 3 0
A 130 130 10 0 9 0 PINTYPE=BI
A 110 130 10 0 9 3 #=8
L 100 130 10 0 3 0 0 0 P8
P 22 130 90 70 90 0 3 0
A 130 90 10 0 9 0 PINTYPE=BI
A 110 90 10 0 9 3 #=10
L 100 90 10 0 3 0 0 0 P10
P 21 130 110 70 110 0 3 0
A 130 110 10 0 9 0 PINTYPE=BI
A 110 110 10 0 9 3 #=9
L 100 110 10 0 3 0 0 0 P9
P 27 130 50 70 50 0 3 0
A 130 50 10 0 9 0 PINTYPE=BI
A 110 50 10 0 9 3 #=12
L 100 50 10 0 3 0 0 0 P12
P 28 130 70 70 70 0 3 0
A 130 70 10 0 9 0 PINTYPE=BI
A 110 70 10 0 9 3 #=11
L 100 70 10 0 3 0 0 0 P11
l 2 60 71 67 77
l 2 68 76 61 70
l 2 68 64 61 70
l 2 67 63 60 69
l 2 52 76 59 70
l 2 53 77 60 71
c 60 70 10
l 2 52 64 59 70
l 2 53 63 60 69
l 2 68 56 61 50
l 2 68 44 61 50
l 2 67 43 60 49
l 2 53 57 60 51
c 60 50 10
l 2 52 44 59 50
l 2 53 43 60 49
l 2 90 80 30 80
l 2 90 60 30 60
l 2 52 56 59 50
l 2 60 51 67 57
l 2 60 111 67 117
l 2 68 116 61 110
l 2 68 104 61 110
l 2 67 103 60 109
l 2 52 116 59 110
l 2 53 117 60 111
c 60 110 10
l 2 52 104 59 110
l 2 53 103 60 109
l 2 60 151 67 157
l 2 68 156 61 150
l 2 68 144 61 150
l 2 67 143 60 149
l 2 52 156 59 150
l 2 53 157 60 151
c 60 150 10
l 2 52 144 59 150
l 2 53 143 60 149
l 2 60 191 67 197
l 2 68 196 61 190
l 2 68 184 61 190
l 2 67 183 60 189
l 2 52 196 59 190
l 2 53 197 60 191
c 60 190 10
l 2 52 184 59 190
l 2 53 183 60 189
l 2 60 231 67 237
l 2 68 236 61 230
l 2 68 224 61 230
l 2 67 223 60 229
l 2 52 236 59 230
l 2 53 237 60 231
c 60 230 10
l 2 52 224 59 230
l 2 53 223 60 229
l 2 60 271 67 277
l 2 68 276 61 270
l 2 68 264 61 270
l 2 67 263 60 269
l 2 52 276 59 270
l 2 53 277 60 271
c 60 270 10
l 2 52 264 59 270
l 2 53 263 60 269
l 2 68 96 61 90
l 2 68 84 61 90
l 2 67 83 60 89
l 2 53 97 60 91
c 60 90 10
l 2 52 84 59 90
l 2 53 83 60 89
l 2 60 131 67 137
l 2 68 136 61 130
l 2 68 124 61 130
l 2 67 123 60 129
l 2 52 136 59 130
l 2 53 137 60 131
c 60 130 10
l 2 52 124 59 130
l 2 53 123 60 129
l 2 60 171 67 177
l 2 68 176 61 170
l 2 68 164 61 170
l 2 67 163 60 169
l 2 53 177 60 171
c 60 170 10
l 2 52 164 59 170
l 2 53 163 60 169
l 2 60 211 67 217
l 2 68 216 61 210
l 2 68 204 61 210
l 2 67 203 60 209
l 2 52 216 59 210
l 2 53 217 60 211
c 60 210 10
l 2 52 204 59 210
l 2 53 203 60 209
l 2 60 251 67 257
l 2 68 256 61 250
l 2 68 244 61 250
l 2 67 243 60 249
l 2 90 280 30 280
l 2 90 260 30 260
l 2 90 240 30 240
l 2 90 200 30 200
l 2 90 180 30 180
l 2 90 140 30 140
l 2 90 120 30 120
l 2 90 100 30 100
l 2 90 80 30 80
l 2 52 256 59 250
l 2 53 257 60 251
c 60 250 10
l 2 52 244 59 250
l 2 53 243 60 249
l 2 90 160 30 160
l 2 52 96 59 90
l 2 60 91 67 97
l 2 52 176 59 170
l 2 90 40 30 40
b 30 20 90 300
U 80 5 10 0 3 3 PKG_TYPE=CONN_PC_EUROMAG_RA_12P_5MM
l 2 90 220 30 220
E
