V 51
K 42113343090 em2929_02a
|R 22:54_12-3-10
Y 1
D 0 0 120 120
Z 10
i 5
U 0 -60 10 0 3 0 DIST_P/N=XXX
U 0 -50 10 0 3 0 DIST=XXX
U 0 -40 10 0 3 0 MANF_P/N=EM2929-02
U 0 -30 10 0 3 0 MANF=COOPER BUSSMANN
U 0 -20 10 0 3 0 PARTS=1
U 0 -10 10 0 3 0 LEVEL=STD
U 15 -10 16 0 3 3 REFDES=J?
U 80 -5 10 0 3 3 PKG_TYPE=XXX
U 0 -80 10 0 3 0 HETERO=EM2929_02A,(EM2929_02B)
U 83 112 10 0 3 0 VALUE=65A
U 20 112 10 0 3 0 DEVICE=EM2929
P 4 120 80 75 80 0 3 0
A 110 80 10 0 9 3 #=1
A 115 80 10 0 9 0 PINTYPE=BI
L 45 97 10 0 3 0 1 0 12VDC
P 5 120 40 75 40 0 3 0
A 110 40 10 0 9 3 #=2
A 115 40 10 0 9 0 PINTYPE=BI
L 52 12 10 0 3 0 1 0 GND
c 60 40 8
l 2 64 47 60 43
l 2 67 44 63 40
l 2 56 33 60 37
l 2 53 36 57 40
l 2 64 33 67 36
l 2 60 43 56 47
l 2 57 40 53 44
l 2 53 44 56 47
l 2 56 33 53 36
l 2 67 44 64 47
l 2 63 40 67 36
l 2 60 37 64 33
c 60 80 8
l 2 64 87 60 83
l 2 67 84 63 80
l 2 56 73 60 77
l 2 53 76 57 80
l 2 64 73 67 76
l 2 60 83 56 87
l 2 57 80 53 84
l 2 53 84 56 87
l 2 56 73 53 76
c 60 40 15
l 2 67 84 64 87
l 2 63 80 67 76
l 2 60 77 64 73
c 60 80 15
b 32 58 88 62
Q 2 1 0
b 20 10 100 110
T -40 75 10 0 3 DO NOT USE
Q 14 0 0
T -40 65 10 0 3 FOR FUTURE
Q 14 0 0
T -40 55 10 0 3 DESIGNS -
Q 14 0 0
T -40 45 10 0 3 SEE
Q 14 0 0
T -40 35 10 0 3 EM2929_02C
Q 14 0 0
E
