V 53
K 201790834400 fmc-15-pwr
F Case
|R 18:28_8-17-09
Y 1
D 0 0 140 120
Z 10
i 26
U 0 -10 10 0 3 0 PKG_TYPE=FMC_15_PWR
U -70 -45 10 0 3 0 PARTS=1
U -70 -25 10 0 3 0 LEVEL=STD
U 80 105 10 0 3 3 REFDES=J?
P 19 10 0 10 20 0 1 0
A 15 -145 10 1 3 0 PINTYPE=BI
A 10 20 8 5 3 3 #=2
L 10 5 10 1 3 0 0 0 2
P 18 20 0 20 20 0 1 0
L 20 5 10 1 3 0 0 0 3
A 20 20 8 5 3 3 #=3
A 25 -145 10 1 3 0 PINTYPE=BI
P 10 30 0 30 20 0 1 0
A 35 -145 10 1 3 0 PINTYPE=BI
A 30 20 8 5 3 3 #=4
L 30 5 10 1 3 0 0 0 4
P 14 40 0 40 20 0 1 0
L 40 -15 10 1 3 0 0 0 5
A 40 20 8 5 3 3 #=5
A 45 -165 10 1 3 0 PINTYPE=BI
P 15 50 0 50 20 0 1 0
A 55 -165 10 1 3 0 PINTYPE=BI
A 50 20 8 5 3 3 #=6
L 50 -15 10 1 3 0 0 0 6
P 16 60 0 60 20 0 1 0
L 60 -15 10 1 3 0 0 0 7
A 60 20 8 5 3 3 #=7
A 65 -165 10 1 3 0 PINTYPE=BI
P 17 70 0 70 20 0 1 0
A 75 -165 10 1 3 0 PINTYPE=BI
A 70 20 8 5 3 3 #=8
L 70 -15 10 1 3 0 0 0 8
P 21 80 0 80 20 0 1 0
A 85 -165 10 1 3 0 PINTYPE=BI
A 80 20 8 5 3 3 #=9
L 80 -15 10 1 3 0 0 0 9
P 20 90 0 90 20 0 1 0
L 90 5 10 1 3 0 0 0 10
A 90 20 8 5 3 3 #=10
A 95 -145 10 1 3 0 PINTYPE=BI
P 25 100 0 100 20 0 1 0
A 105 -145 10 1 3 0 PINTYPE=BI
A 100 20 8 5 3 3 #=11
L 100 5 10 1 3 0 0 0 11
P 24 110 0 110 20 0 1 0
L 110 5 10 1 3 0 0 0 12
A 110 20 8 5 3 3 #=12
A 115 -145 10 1 3 0 PINTYPE=BI
P 23 120 0 120 20 0 1 0
L 120 5 10 1 3 0 0 0 13
A 120 20 8 5 3 3 #=13
A 125 -145 10 1 3 0 PINTYPE=BI
P 22 130 0 130 20 0 1 0
A 135 -145 10 1 3 0 PINTYPE=BI
A 130 20 8 5 3 3 #=14
L 130 5 10 1 3 0 0 0 14
P 12 70 120 70 75 0 0 0
A 65 120 8 1 9 3 #=1
A 75 240 10 1 9 0 PINTYPE=BI
L 70 85 10 1 3 0 0 0 1
l 4 80 70 80 70 90 60 90 20
l 4 85 75 85 75 100 60 100 20
l 5 85 80 85 80 95 80 110 65 110 20
l 4 85 85 105 85 120 70 120 20
l 5 80 90 80 90 115 90 130 75 130 20
l 4 65 65 65 65 60 60 60 20
l 4 75 65 75 65 80 60 80 20
l 2 70 65 70 20
c 70 80 15
b 65 105 75 120
c 70 80 5
b 45 40 95 105
l 4 60 70 60 70 50 60 50 20
l 4 55 75 55 75 40 60 40 20
l 5 55 80 55 80 45 80 30 65 30 20
l 4 55 85 35 85 20 70 20 20
l 5 60 90 60 90 25 90 10 75 10 20
U 26 122 10 0 3 0 DEVICE=FMC_15_PWR
E
