V 53
K 384532625600 fmc_hpc_alt_dp
F Case UTL
|R 18:51_9-25-12
Y 1
D 0 0 200 530
Z 10
i 49
U 0 -40 10 0 3 0 DIST_P/N=XXX
U 0 -50 10 0 3 0 DIST=XXX
U 0 -60 10 0 3 0 DATASHEET=XXX
U 0 -70 10 0 3 0 MANF=XXX
U 0 -80 10 0 3 0 MANF_P/N=XXX
U 0 -90 10 0 3 0 DEVICE=ASP-134486-01
U 0 -100 10 0 9 0 VALUE=XXX
U 0 10 10 0 3 0 HETERO=(FMC_HPC_ALT_GND),(FMC_HPC_ALT_HA),(FMC_HPC_ALT_DP),(FMC_
+ HPC_ALT_CLK),(FMC_HPC_ALT_CONFIG),(FMC_HPC_ALT_LA),(FMC_HPC_ALT_HB),(FMC_HPC_A
+ LT_PWR)
U 180 5 10 0 9 3 PKG_TYPE=ASP-134486-01
P 1 200 490 180 490 0 3 0
L 175 490 10 0 8 0 1 0 DP0_M2C_P
A 180 490 10 0 3 3 #=C6
A 180 495 10 0 2 0 PINTYPE=IN
P 2 200 480 180 480 0 3 0
A 180 480 10 0 3 3 #=C7
L 175 480 10 0 8 0 1 0 DP0_M2C_N
A 180 485 10 0 2 0 PINTYPE=IN
P 3 200 470 180 470 0 3 0
L 175 470 10 0 8 0 1 0 DP1_M2C_P
A 180 470 10 0 3 3 #=A2
A 180 475 10 0 2 0 PINTYPE=IN
P 4 200 460 180 460 0 3 0
A 180 460 10 0 3 3 #=A3
L 175 460 10 0 8 0 1 0 DP1_M2C_N
A 180 465 10 0 2 0 PINTYPE=IN
P 5 200 450 180 450 0 3 0
A 180 450 10 0 3 3 #=A6
L 175 450 10 0 8 0 1 0 DP2_M2C_P
A 180 455 10 0 2 0 PINTYPE=IN
P 6 200 440 180 440 0 3 0
A 180 440 10 0 3 3 #=A7
L 175 440 10 0 8 0 1 0 DP2_M2C_N
A 180 445 10 0 2 0 PINTYPE=IN
P 7 200 430 180 430 0 3 0
A 180 430 10 0 3 3 #=A10
L 175 430 10 0 8 0 1 0 DP3_M2C_P
A 180 435 10 0 2 0 PINTYPE=IN
P 8 200 420 180 420 0 3 0
A 180 420 10 0 3 3 #=A11
L 175 420 10 0 8 0 1 0 DP3_M2C_N
A 180 425 10 0 2 0 PINTYPE=IN
P 9 200 410 180 410 0 3 0
A 180 410 10 0 3 3 #=A14
L 175 410 10 0 8 0 1 0 DP4_M2C_P
A 180 415 10 0 2 0 PINTYPE=IN
P 10 200 400 180 400 0 3 0
A 180 400 10 0 3 3 #=A15
L 175 400 10 0 8 0 1 0 DP4_M2C_N
A 180 405 10 0 2 0 PINTYPE=IN
P 11 200 390 180 390 0 3 0
A 180 390 10 0 3 3 #=A18
L 175 390 10 0 8 0 1 0 DP5_M2C_P
A 180 395 10 0 2 0 PINTYPE=IN
P 12 200 380 180 380 0 3 0
A 180 380 10 0 3 3 #=A19
L 175 380 10 0 8 0 1 0 DP5_M2C_N
A 180 385 10 0 2 0 PINTYPE=IN
P 13 200 370 180 370 0 3 0
A 180 370 10 0 3 3 #=B16
L 175 370 10 0 8 0 1 0 DP6_M2C_P
A 180 375 10 0 2 0 PINTYPE=IN
P 14 200 360 180 360 0 3 0
A 180 360 10 0 3 3 #=B17
L 175 360 10 0 8 0 1 0 DP6_M2C_N
A 180 365 10 0 2 0 PINTYPE=IN
P 15 200 350 180 350 0 3 0
A 180 350 10 0 3 3 #=B12
L 175 350 10 0 8 0 1 0 DP7_M2C_P
A 180 355 10 0 2 0 PINTYPE=IN
P 16 200 340 180 340 0 3 0
A 180 340 10 0 3 3 #=B13
L 175 340 10 0 8 0 1 0 DP7_M2C_N
A 180 345 10 0 2 0 PINTYPE=IN
P 17 200 330 180 330 0 3 0
A 180 330 10 0 3 3 #=B8
L 175 330 10 0 8 0 1 0 DP8_M2C_P
A 180 335 10 0 2 0 PINTYPE=IN
P 18 200 320 180 320 0 3 0
A 180 320 10 0 3 3 #=B9
L 175 320 10 0 8 0 1 0 DP8_M2C_N
A 180 325 10 0 2 0 PINTYPE=IN
P 19 200 310 180 310 0 3 0
A 180 310 10 0 3 3 #=B4
L 175 310 10 0 8 0 1 0 DP9_M2C_P
A 180 315 10 0 2 0 PINTYPE=IN
P 20 200 300 180 300 0 3 0
A 180 300 10 0 3 3 #=B5
L 175 300 10 0 8 0 1 0 DP9_M2C_N
A 180 305 10 0 2 0 PINTYPE=IN
P 21 200 280 180 280 0 3 0
A 180 280 10 0 3 3 #=C2
L 175 280 10 0 8 0 1 0 DP0_C2M_P
A 180 285 10 0 2 0 PINTYPE=IN
P 22 200 270 180 270 0 3 0
A 180 270 10 0 3 3 #=C3
L 175 270 10 0 8 0 1 0 DP0_C2M_N
A 180 275 10 0 2 0 PINTYPE=IN
P 23 200 260 180 260 0 3 0
A 180 260 10 0 3 3 #=A22
L 175 260 10 0 8 0 1 0 DP1_C2M_P
A 180 265 10 0 2 0 PINTYPE=IN
P 24 200 250 180 250 0 3 0
A 180 250 10 0 3 3 #=A23
L 175 250 10 0 8 0 1 0 DP1_C2M_N
A 180 255 10 0 2 0 PINTYPE=IN
P 25 200 240 180 240 0 3 0
A 180 240 10 0 3 3 #=A26
L 175 240 10 0 8 0 1 0 DP2_C2M_P
A 180 245 10 0 2 0 PINTYPE=IN
P 26 200 230 180 230 0 3 0
A 180 230 10 0 3 3 #=A27
L 175 230 10 0 8 0 1 0 DP2_C2M_N
A 180 235 10 0 2 0 PINTYPE=IN
P 27 200 220 180 220 0 3 0
A 180 220 10 0 3 3 #=A30
L 175 220 10 0 8 0 1 0 DP3_C2M_P
A 180 225 10 0 2 0 PINTYPE=IN
P 28 200 210 180 210 0 3 0
A 180 210 10 0 3 3 #=A31
L 175 210 10 0 8 0 1 0 DP3_C2M_N
A 180 215 10 0 2 0 PINTYPE=IN
P 29 200 200 180 200 0 3 0
A 180 200 10 0 3 3 #=A34
L 175 200 10 0 8 0 1 0 DP4_C2M_P
A 180 205 10 0 2 0 PINTYPE=IN
P 30 200 190 180 190 0 3 0
A 180 190 10 0 3 3 #=A35
L 175 190 10 0 8 0 1 0 DP4_C2M_N
A 180 195 10 0 2 0 PINTYPE=IN
P 31 200 180 180 180 0 3 0
A 180 180 10 0 3 3 #=A38
L 175 180 10 0 8 0 1 0 DP5_C2M_P
A 180 185 10 0 2 0 PINTYPE=IN
P 32 200 170 180 170 0 3 0
A 180 170 10 0 3 3 #=A39
L 175 170 10 0 8 0 1 0 DP5_C2M_N
A 180 175 10 0 2 0 PINTYPE=IN
P 33 200 160 180 160 0 3 0
A 180 160 10 0 3 3 #=B36
L 175 160 10 0 8 0 1 0 DP6_C2M_P
A 180 165 10 0 2 0 PINTYPE=IN
P 34 200 150 180 150 0 3 0
A 180 150 10 0 3 3 #=B37
L 175 150 10 0 8 0 1 0 DP6_C2M_N
A 180 155 10 0 2 0 PINTYPE=IN
P 35 200 140 180 140 0 3 0
A 180 140 10 0 3 3 #=B32
L 175 140 10 0 8 0 1 0 DP7_C2M_P
A 180 145 10 0 2 0 PINTYPE=IN
P 36 200 130 180 130 0 3 0
A 180 130 10 0 3 3 #=B33
L 175 130 10 0 8 0 1 0 DP7_C2M_N
A 180 135 10 0 2 0 PINTYPE=IN
P 37 200 120 180 120 0 3 0
A 180 120 10 0 3 3 #=B28
L 175 120 10 0 8 0 1 0 DP8_C2M_P
A 180 125 10 0 2 0 PINTYPE=IN
P 38 200 110 180 110 0 3 0
A 180 110 10 0 3 3 #=B29
L 175 110 10 0 8 0 1 0 DP8_C2M_N
A 180 115 10 0 2 0 PINTYPE=IN
P 39 200 100 180 100 0 3 0
A 180 100 10 0 3 3 #=B24
L 175 100 10 0 8 0 1 0 DP9_C2M_P
A 180 105 10 0 2 0 PINTYPE=IN
P 40 200 90 180 90 0 3 0
A 180 90 10 0 3 3 #=B25
L 175 90 10 0 8 0 1 0 DP9_C2M_N
A 180 95 10 0 2 0 PINTYPE=IN
P 41 200 70 180 70 0 3 0
L 175 70 10 0 8 0 1 0 GBTCLK0_M2C_P
A 180 70 10 0 3 3 #=D4
A 180 75 10 0 2 0 PINTYPE=OUT
P 42 200 60 180 60 0 3 0
L 175 60 10 0 8 0 1 0 GBTCLK0_M2C_N
A 180 60 10 0 3 3 #=D5
A 180 65 10 0 2 0 PINTYPE=OUT
P 43 200 50 180 50 0 3 0
L 175 50 10 0 8 0 1 0 GBTCLK1_M2C_P
A 180 50 10 0 3 3 #=B20
A 180 55 10 0 2 0 PINTYPE=OUT
P 44 200 40 180 40 0 3 0
L 175 40 10 0 8 0 1 0 GBTCLK1_M2C_N
A 180 40 10 0 3 3 #=B21
A 180 45 10 0 2 0 PINTYPE=OUT
b 20 20 180 510
U 20 5 16 0 3 3 REFDES=J?
E
