V 51
K 38102150490 fsa4157p6
|R 16:17_10-16-11
Y 1
D 0 0 120 130
Z 10
i 15
U 0 -70 10 0 3 0 MANF_P/N=FSA4157P6X
U 0 -30 10 0 3 0 VALUE=FSA4157P6X
U 0 -50 10 0 3 0 PARTS=1
U 0 -60 10 0 3 0 LEVEL=STD
U 20 -9 16 0 3 3 REFDES=U?
P 15 120 30 100 30 0 3 0
A 111 30 10 0 9 3 #=5
A 120 30 10 0 9 0 PINTYPE=IN
L 75 25 10 0 3 0 1 0 GND
P 6 0 60 20 60 0 2 0
L 30 60 10 0 3 0 1 0 A
A -110 60 10 0 3 0 PINTYPE=BI
A 10 60 10 0 3 3 #=3
P 1 120 70 100 70 0 3 0
L 80 70 10 0 3 0 1 0 B0
A 140 70 10 0 3 0 PINTYPE=BI
A 105 70 10 0 3 3 #=4
P 7 120 50 100 50 0 3 0
A 120 50 10 0 9 0 PINTYPE=BI
A 105 50 10 0 3 3 #=6
L 80 40 10 0 3 0 1 0 B1
P 10 0 80 20 80 0 2 0
L 30 80 10 0 3 0 1 0 S
A 0 80 10 0 3 0 PINTYPE=IN
A 10 80 10 0 3 3 #=1
b 20 10 100 110
l 2 20 80 60 80
Q 2 0 1
c 45 45 0
c 55 65 0
l 2 55 80 55 80
l 2 80 55 80 55
l 2 80 55 80 55
l 2 80 60 80 60
l 2 60 80 60 80
l 2 70 60 20 60
l 2 85 70 75 65
l 2 85 70 100 70
l 2 75 70 85 70
l 2 100 50 85 50
l 2 85 50 75 55
l 2 75 55 75 50
l 2 75 65 75 70
l 2 75 50 85 50
l 2 60 65 60 80
Q 2 0 1
P 14 120 90 100 90 0 3 0
A 111 90 10 0 9 3 #=2
A 120 90 10 0 9 0 PINTYPE=IN
L 75 85 10 0 3 0 1 0 VCC
U 20 110 10 0 3 3 DEVICE=FSA4157P6X
U 65 -5 10 0 3 3 PKG_TYPE=SC70_6
E
