V 51
K 48995058690 ics525-01
|R 23:12_11-11-11
Y 1
D 0 0 120 260
Z 10
i 54
U 0 -70 10 0 3 0 VALUE=ICS525-01
U 0 -40 10 0 3 0 MANF_P/N=XXXX
U 20 0 16 0 3 3 REFDES=U?
U 100 5 10 0 9 3 PKG_TYPE=XXXX
U 25 250 10 0 3 3 DEVICE=ICS525-01
P 54 120 40 100 40 0 3 0
L 95 40 10 0 8 0 0 0 GND2
A 120 40 10 0 9 0 PINTYPE=POWER
A 105 40 10 0 3 3 #=9
P 51 0 210 20 210 0 2 0
L 25 205 10 0 3 0 1 0 S0
A 0 210 10 0 3 0 PINTYPE=IN
A 15 210 10 0 9 3 #=3
P 52 0 220 20 220 0 2 0
L 25 215 10 0 3 0 1 0 S1
A 0 220 10 0 3 0 PINTYPE=IN
A 15 220 10 0 9 3 #=4
P 53 0 230 20 230 0 2 0
L 25 225 10 0 3 0 1 0 S2
A 0 230 10 0 3 0 PINTYPE=IN
A 15 230 10 0 9 3 #=5
P 50 0 30 20 30 0 2 0
L 25 25 10 0 3 0 1 0 V0
A 0 30 10 0 3 0 PINTYPE=IN
A 15 30 10 0 9 3 #=10
P 45 0 80 20 80 0 2 0
L 25 75 10 0 3 0 1 0 V5
A 0 80 10 0 3 0 PINTYPE=IN
A 15 80 10 0 9 3 #=15
P 44 0 90 20 90 0 2 0
L 25 85 10 0 3 0 1 0 V6
A 0 90 10 0 3 0 PINTYPE=IN
A 15 90 10 0 9 3 #=16
P 42 0 130 20 130 0 2 0
L 25 125 10 0 3 0 1 0 R0
A 0 130 10 0 3 0 PINTYPE=IN
A 15 130 10 0 9 3 #=24
P 41 0 140 20 140 0 2 0
L 25 135 10 0 3 0 1 0 R1
A 0 140 10 0 3 0 PINTYPE=IN
A 15 140 10 0 9 3 #=25
P 40 0 150 20 150 0 2 0
L 25 145 10 0 3 0 1 0 R2
A 0 150 10 0 3 0 PINTYPE=IN
A 15 150 10 0 9 3 #=26
P 39 0 160 20 160 0 2 0
L 25 155 10 0 3 0 1 0 R3
A 0 160 10 0 3 0 PINTYPE=IN
A 15 160 10 0 9 3 #=27
P 38 0 170 20 170 0 2 0
L 25 165 10 0 3 0 1 0 R4
A 0 170 10 0 3 0 PINTYPE=IN
A 15 170 10 0 9 3 #=28
P 37 0 180 20 180 0 2 0
L 25 175 10 0 3 0 1 0 R5
A 0 180 10 0 3 0 PINTYPE=IN
A 15 180 10 0 9 3 #=1
P 36 0 190 20 190 0 2 0
L 25 185 10 0 3 0 1 0 R6
A 0 190 10 0 3 0 PINTYPE=IN
A 15 190 10 0 9 3 #=2
P 25 120 230 100 230 0 3 0
L 95 230 10 0 8 0 0 0 VDD1
A 120 230 10 0 9 0 PINTYPE=POWER
A 105 230 10 0 3 3 #=6
P 15 0 110 20 110 0 2 0
L 25 105 10 0 3 0 1 0 V8
A 0 110 10 0 3 0 PINTYPE=IN
A 15 110 10 0 9 3 #=18
P 43 0 100 20 100 0 2 0
L 25 95 10 0 3 0 1 0 V7
A 0 100 10 0 3 0 PINTYPE=IN
A 15 100 10 0 9 3 #=17
P 46 0 70 20 70 0 2 0
L 25 65 10 0 3 0 1 0 V4
A 0 70 10 0 3 0 PINTYPE=IN
A 15 70 10 0 9 3 #=14
P 47 0 60 20 60 0 2 0
L 25 55 10 0 3 0 1 0 V3
A 0 60 10 0 3 0 PINTYPE=IN
A 15 60 10 0 9 3 #=13
P 48 0 50 20 50 0 2 0
L 25 45 10 0 3 0 1 0 V2
A 0 50 10 0 3 0 PINTYPE=IN
A 15 50 10 0 9 3 #=12
P 49 0 40 20 40 0 2 0
L 25 35 10 0 3 0 1 0 V1
A 0 40 10 0 3 0 PINTYPE=IN
A 15 40 10 0 9 3 #=11
P 30 120 30 100 30 0 3 0
L 95 30 10 0 8 0 0 0 GND1
A 120 30 10 0 9 0 PINTYPE=POWER
A 105 30 10 0 3 3 #=20
P 26 120 220 100 220 0 3 0
L 95 220 10 0 8 0 0 0 VDD2
A 120 220 10 0 9 0 PINTYPE=POWER
A 105 220 10 0 3 3 #=23
P 35 120 200 100 200 0 3 0
L 95 200 10 0 8 0 1 0 CLK
A 120 200 10 0 9 0 PINTYPE=POWER
A 105 200 10 0 3 3 #=21
P 17 120 145 100 145 0 3 0
L 95 145 10 0 8 0 1 0 X1_CLK
A 120 145 10 0 9 0 PINTYPE=IN
A 105 145 10 0 3 3 #=7
P 9 120 180 100 180 0 3 0
L 95 180 10 0 8 0 1 0 REF
A 120 180 10 0 9 0 PINTYPE=POWER
A 105 180 10 0 3 3 #=22
T 95 230 10 0 8 VDD
Q 15 0 0
T 95 220 10 0 8 VDD
Q 15 0 0
T 95 30 10 0 8 GND
Q 15 0 0
T 95 40 10 0 8 GND
Q 15 0 0
b 20 20 100 245
P 19 120 115 100 115 0 3 0
L 95 115 10 0 8 0 1 0 X2
A 120 115 10 0 9 0 PINTYPE=IN
A 105 115 10 0 3 3 #=8
P 24 120 60 100 60 0 3 0
L 95 60 10 0 8 0 1 0 PD_B
A 120 60 10 0 9 0 PINTYPE=IN
A 105 60 10 0 3 3 #=19
E
