V 51
K 83384622690 idtqs32x2245q2g8
|R 1:58_2-25-11
Y 1
D 0 0 180 520
Z 10
i 78
U 0 -90 10 0 3 0 PART_TYPE=IC
U 20 360 10 0 3 0 VALUE=XXXXX
U 110 5 10 0 3 3 PKG_TYPE=XXXXX
U 20 0 16 0 3 3 REFDES=U?
l 2 110 225 95 225
Q 14 0 0
l 2 90 40 90 225
Q 14 0 0
l 2 100 35 80 35
Q 14 0 0
l 2 100 25 100 35
Q 14 0 0
l 2 115 25 100 25
Q 14 0 0
l 2 80 25 65 25
Q 14 0 0
l 2 80 25 80 35
Q 14 0 0
l 2 100 40 80 40
Q 14 0 0
l 2 100 60 80 60
Q 14 0 0
l 2 100 50 100 60
Q 14 0 0
l 2 115 50 100 50
Q 14 0 0
l 2 80 50 65 50
Q 14 0 0
l 2 80 50 80 60
Q 14 0 0
l 2 100 65 80 65
Q 14 0 0
l 2 100 85 80 85
Q 14 0 0
l 2 100 75 100 85
Q 14 0 0
l 2 115 75 100 75
Q 14 0 0
l 2 80 75 65 75
Q 14 0 0
l 2 80 75 80 85
Q 14 0 0
l 2 100 90 80 90
Q 14 0 0
l 2 100 110 80 110
Q 14 0 0
l 2 100 100 100 110
Q 14 0 0
l 2 115 100 100 100
Q 14 0 0
l 2 80 100 65 100
Q 14 0 0
l 2 80 100 80 110
Q 14 0 0
l 2 100 115 80 115
Q 14 0 0
l 2 100 135 80 135
Q 14 0 0
l 2 100 125 100 135
Q 14 0 0
l 2 115 125 100 125
Q 14 0 0
l 2 80 125 65 125
Q 14 0 0
l 2 80 125 80 135
Q 14 0 0
l 2 100 140 80 140
Q 14 0 0
l 2 100 160 80 160
Q 14 0 0
l 2 100 150 100 160
Q 14 0 0
l 2 115 150 100 150
Q 14 0 0
l 2 80 150 65 150
Q 14 0 0
l 2 80 150 80 160
Q 14 0 0
l 2 100 165 80 165
Q 14 0 0
l 2 100 185 80 185
Q 14 0 0
l 2 100 175 100 185
Q 14 0 0
l 2 115 175 100 175
Q 14 0 0
l 2 80 175 65 175
Q 14 0 0
l 2 80 175 80 185
Q 14 0 0
l 2 100 190 80 190
Q 14 0 0
l 2 100 210 80 210
Q 14 0 0
l 2 100 200 100 210
Q 14 0 0
l 2 115 200 100 200
Q 14 0 0
l 2 80 200 65 200
Q 14 0 0
l 2 80 200 80 210
Q 14 0 0
l 2 100 215 80 215
Q 14 0 0
l 2 100 245 80 245
Q 14 0 0
l 2 100 235 100 245
Q 14 0 0
l 2 115 235 100 235
Q 14 0 0
l 2 80 235 65 235
Q 14 0 0
l 2 80 235 80 245
Q 14 0 0
l 2 100 250 80 250
Q 14 0 0
l 2 100 270 80 270
Q 14 0 0
l 2 100 260 100 270
Q 14 0 0
l 2 115 260 100 260
Q 14 0 0
l 2 80 260 65 260
Q 14 0 0
l 2 80 260 80 270
Q 14 0 0
l 2 100 275 80 275
Q 14 0 0
l 2 100 295 80 295
Q 14 0 0
l 2 100 285 100 295
Q 14 0 0
l 2 115 285 100 285
Q 14 0 0
l 2 80 285 65 285
Q 14 0 0
l 2 80 285 80 295
Q 14 0 0
l 2 100 300 80 300
Q 14 0 0
l 2 100 320 80 320
Q 14 0 0
l 2 100 310 100 320
Q 14 0 0
l 2 115 310 100 310
Q 14 0 0
l 2 80 310 65 310
Q 14 0 0
l 2 80 310 80 320
Q 14 0 0
l 2 100 325 80 325
Q 14 0 0
l 2 100 345 80 345
Q 14 0 0
l 2 100 335 100 345
Q 14 0 0
l 2 115 335 100 335
Q 14 0 0
l 2 80 335 65 335
Q 14 0 0
l 2 80 335 80 345
Q 14 0 0
l 2 100 350 80 350
Q 14 0 0
l 2 100 370 80 370
Q 14 0 0
l 2 100 360 100 370
Q 14 0 0
l 2 115 360 100 360
Q 14 0 0
l 2 80 360 65 360
Q 14 0 0
l 2 80 360 80 370
Q 14 0 0
l 2 100 375 80 375
Q 14 0 0
l 2 100 400 80 400
Q 14 0 0
l 2 80 385 80 395
Q 14 0 0
l 2 80 385 65 385
Q 14 0 0
l 2 115 385 100 385
Q 14 0 0
l 2 100 385 100 395
Q 14 0 0
l 2 100 395 80 395
Q 14 0 0
l 2 80 410 80 420
Q 14 0 0
l 2 80 410 65 410
Q 14 0 0
l 2 115 410 100 410
Q 14 0 0
l 2 100 410 100 420
Q 14 0 0
l 2 100 420 80 420
Q 14 0 0
P 47 0 360 65 360 0 2 0
A 20 360 10 0 9 3 #=4
A 25 360 10 0 3 0 PINTYPE=BI
L 25 360 10 0 3 0 1 0 A2
P 45 180 360 115 360 0 3 0
A 160 360 10 0 3 3 #=36
A 145 360 10 0 9 0 PINTYPE=BI
L 135 360 10 0 3 0 1 0 B2
P 46 0 335 65 335 0 2 0
A 20 335 10 0 9 3 #=5
A 25 335 10 0 3 0 PINTYPE=BI
L 25 335 10 0 3 0 1 0 A3
P 44 180 335 115 335 0 3 0
A 160 335 10 0 3 3 #=35
A 145 335 10 0 9 0 PINTYPE=BI
L 135 335 10 0 3 0 1 0 B3
P 51 0 310 65 310 0 2 0
A 20 310 10 0 9 3 #=6
A 25 310 10 0 3 0 PINTYPE=BI
L 25 310 10 0 3 0 1 0 A4
P 49 180 310 115 310 0 3 0
A 160 310 10 0 3 3 #=34
A 145 310 10 0 9 0 PINTYPE=BI
L 135 310 10 0 3 0 1 0 B4
P 50 0 285 65 285 0 2 0
A 20 285 10 0 9 3 #=7
A 25 285 10 0 3 0 PINTYPE=BI
L 25 285 10 0 3 0 1 0 A5
P 48 180 285 115 285 0 3 0
A 160 285 10 0 3 3 #=33
A 145 285 10 0 9 0 PINTYPE=BI
L 135 285 10 0 3 0 1 0 B5
P 52 0 260 65 260 0 2 0
L 25 260 10 0 3 0 1 0 A6
A 25 260 10 0 3 0 PINTYPE=BI
A 20 260 10 0 9 3 #=8
P 54 180 260 115 260 0 3 0
L 135 260 10 0 3 0 1 0 B6
A 145 260 10 0 9 0 PINTYPE=BI
A 160 260 10 0 3 3 #=32
P 53 0 235 65 235 0 2 0
L 25 235 10 0 3 0 1 0 A7
A 25 235 10 0 3 0 PINTYPE=BI
A 20 235 10 0 9 3 #=9
P 55 180 235 115 235 0 3 0
L 135 235 10 0 3 0 1 0 B7
A 145 235 10 0 9 0 PINTYPE=BI
A 160 235 10 0 3 3 #=31
P 59 0 200 65 200 0 2 0
A 20 200 10 0 9 3 #=12
A 25 200 10 0 3 0 PINTYPE=BI
L 25 200 10 0 3 0 1 0 A8
P 57 180 200 115 200 0 3 0
A 160 200 10 0 3 3 #=28
A 145 200 10 0 9 0 PINTYPE=BI
L 135 200 10 0 3 0 1 0 B8
P 58 0 175 65 175 0 2 0
A 20 175 10 0 9 3 #=13
A 25 175 10 0 3 0 PINTYPE=BI
L 25 175 10 0 3 0 1 0 A9
P 56 180 175 115 175 0 3 0
A 160 175 10 0 3 3 #=27
A 145 175 10 0 9 0 PINTYPE=BI
L 135 175 10 0 3 0 1 0 B9
P 63 0 150 65 150 0 2 0
A 20 150 10 0 9 3 #=14
A 25 150 10 0 3 0 PINTYPE=BI
L 25 150 10 0 3 0 1 0 A10
P 64 180 150 115 150 0 3 0
A 160 150 10 0 3 3 #=26
A 145 150 10 0 9 0 PINTYPE=BI
L 135 150 10 0 3 0 1 0 B10
P 67 0 125 65 125 0 2 0
A 20 125 10 0 9 3 #=15
A 25 125 10 0 3 0 PINTYPE=BI
L 25 125 10 0 3 0 1 0 A11
P 68 180 125 115 125 0 3 0
A 160 125 10 0 3 3 #=25
A 145 125 10 0 9 0 PINTYPE=BI
L 135 125 10 0 3 0 1 0 B11
P 69 0 100 65 100 0 2 0
A 20 100 10 0 9 3 #=16
A 25 100 10 0 3 0 PINTYPE=BI
L 25 100 10 0 3 0 1 0 A12
P 70 180 100 115 100 0 3 0
A 160 100 10 0 3 3 #=24
A 145 100 10 0 9 0 PINTYPE=BI
L 135 100 10 0 3 0 1 0 B12
P 71 0 75 65 75 0 2 0
A 20 75 10 0 9 3 #=17
A 25 75 10 0 3 0 PINTYPE=BI
L 25 75 10 0 3 0 1 0 A13
P 72 180 75 115 75 0 3 0
A 160 75 10 0 3 3 #=23
A 145 75 10 0 9 0 PINTYPE=BI
L 135 75 10 0 3 0 1 0 B13
P 73 0 50 65 50 0 2 0
A 20 50 10 0 9 3 #=18
A 25 50 10 0 3 0 PINTYPE=BI
L 25 50 10 0 3 0 1 0 A14
P 74 180 50 115 50 0 3 0
A 160 50 10 0 3 3 #=22
A 145 50 10 0 9 0 PINTYPE=BI
L 135 50 10 0 3 0 1 0 B14
P 75 0 25 65 25 0 2 0
A 20 25 10 0 9 3 #=19
A 25 25 10 0 3 0 PINTYPE=BI
L 25 25 10 0 3 0 1 0 A15
P 76 180 25 115 25 0 3 0
A 160 25 10 0 3 3 #=21
A 145 25 10 0 9 0 PINTYPE=BI
L 135 25 10 0 3 0 1 0 B15
P 2 0 410 65 410 0 2 0
L 25 410 10 0 3 0 1 0 A0
A 25 410 10 0 3 0 PINTYPE=BI
A 20 410 10 0 9 3 #=2
P 3 180 410 115 410 0 3 0
L 135 410 10 0 3 0 1 0 B0
A 145 410 10 0 9 0 PINTYPE=BI
A 160 410 10 0 3 3 #=38
P 18 0 385 65 385 0 2 0
L 25 385 10 0 3 0 1 0 A1
A 25 385 10 0 3 0 PINTYPE=BI
A 20 385 10 0 9 3 #=3
P 17 180 385 115 385 0 3 0
L 135 385 10 0 3 0 1 0 B1
A 145 385 10 0 9 0 PINTYPE=BI
A 160 385 10 0 3 3 #=37
P 60 0 460 20 460 0 2 0
L 25 455 10 0 3 0 1 0 OE1_B
A 20 460 10 0 9 3 #=39
A -40 460 10 0 3 0 PINTYPE=IN
P 38 0 445 20 445 0 2 0
A -40 445 10 0 3 0 PINTYPE=IN
A 20 445 10 0 9 3 #=29
L 25 440 10 0 3 0 1 0 OE2_B
P 40 0 490 20 490 0 2 0
A -40 490 10 0 3 0 PINTYPE=IN
A 20 490 10 0 9 3 #=1
L 25 485 10 0 3 1 1 0 NC_1
P 77 0 475 20 475 0 2 0
A -40 475 10 0 3 0 PINTYPE=IN
A 20 475 10 0 9 3 #=11
L 25 470 10 0 3 0 1 0 NC_11
P 62 180 490 160 490 0 3 0
L 155 485 10 4 3 0 1 0 VCC_2
A 160 490 10 4 9 3 #=2
A 220 490 10 4 3 0 PINTYPE=IN
P 61 180 475 160 475 0 3 0
A 220 475 10 4 3 0 PINTYPE=IN
A 160 475 10 4 9 3 #=30
L 155 470 10 4 3 0 1 0 VCC_30
P 42 180 460 160 460 0 3 0
L 125 455 10 0 3 0 1 0 GND_10
A 180 460 10 0 9 0 PINTYPE=IN
A 160 460 10 0 3 3 #=10
P 78 180 445 160 445 0 3 0
L 125 440 10 0 3 0 1 0 GND_20
A 180 445 10 0 9 0 PINTYPE=IN
A 160 445 10 0 3 3 #=20
l 2 100 425 80 425
Q 14 0 0
U 20 505 10 0 3 3 DEVICE=XXXXX
l 2 90 250 90 435
Q 14 0 0
T 95 215 9 0 3 OE2
Q 14 0 0
b 20 15 160 505
l 2 110 435 95 435
Q 14 0 0
T 95 425 9 0 3 OE1
Q 14 0 0
E
