V 51
K 229281150500 ina226
|R 21:28_6-8-13
Y 1
D 0 0 120 180
Z 10
i 13
U 0 -50 10 0 3 0 DIST=DIGIKEY
U 0 -40 10 0 3 0 MFG_P/N=INA226AIDGS
U 0 -30 10 0 3 0 MFG=TEXAS INSTRUMENTS
U 0 -20 10 0 3 0 PARTS=1
U 0 -10 10 0 3 0 LEVEL=STD
U 0 -60 10 0 3 0 DIST_P/N=296-29034-1-ND
U 25 160 10 0 3 3 DEVICE=INA226
U 20 0 16 0 3 3 REFDES=U?
P 1 0 40 20 40 0 2 0
L 25 35 10 0 3 0 1 0 A0
A 0 40 10 0 3 0 PINTYPE=IN
A 10 40 10 0 3 3 #=2
P 4 0 50 20 50 0 2 0
L 25 45 10 0 3 0 1 0 A1
A 0 50 10 0 3 0 PINTYPE=IN
A 10 50 10 0 3 3 #=1
P 3 120 40 100 40 0 3 0
L 80 35 10 0 3 0 1 0 GND
A 120 40 10 0 9 0 PINTYPE=POWER
A 110 40 10 0 9 3 #=7
P 8 0 140 20 140 0 2 0
L 25 135 10 0 3 0 1 0 SCL
A 0 140 10 0 3 0 PINTYPE=IN
A 10 140 10 0 3 3 #=5
P 9 0 130 20 130 0 2 0
L 25 125 10 0 3 0 1 0 SDA
A 0 130 10 0 3 0 PINTYPE=BI
A 10 130 10 0 3 3 #=4
P 10 0 120 20 120 0 2 0
L 25 115 10 0 3 0 1 0 ALERT
A 0 120 10 0 3 0 PINTYPE=OUT
A 10 120 10 0 3 3 #=3
P 2 120 140 100 140 0 3 0
L 75 135 10 0 3 0 1 0 VS_P
A 120 140 10 0 9 0 PINTYPE=POWER
A 110 140 10 0 9 3 #=6
P 12 120 110 100 110 0 3 0
L 70 105 10 0 3 0 1 0 VIN_P
A 120 110 10 0 9 0 PINTYPE=IN
A 115 110 10 0 9 3 #=10
P 13 120 60 100 60 0 3 0
L 70 55 10 0 3 0 1 0 VIN_N
A 120 60 10 0 9 0 PINTYPE=IN
A 110 60 10 0 9 3 #=9
P 11 120 130 100 130 0 3 0
L 75 125 10 0 3 0 1 0 VBUS
A 120 130 10 0 9 0 PINTYPE=IN
A 110 130 10 0 9 3 #=8
b 20 20 100 160
U 45 10 10 0 3 0 PKG_TYPE=DGS_MSOP_10
E
