V 51
K 194835015600 lm21305sqe
|R 23:38_11-5-12
Y 1
D 0 0 260 220
Z 10
i 46
U 0 -60 10 0 3 0 VALUE=VALUE
U 0 -40 10 0 3 0 MANF_P/N=MANF_P/N
P 46 180 220 180 200 0 0 0
A 170 205 10 1 1 3 #=28
L 185 165 10 1 3 0 1 0 PVIN2
P 43 140 220 140 200 0 0 0
L 145 165 10 1 3 0 1 0 CBOOT
A 130 205 10 1 1 3 #=26
P 42 120 220 120 200 0 0 0
A 110 205 10 1 1 3 #=25
L 125 175 10 1 3 0 1 0 5V0
P 41 100 220 100 200 0 0 0
L 105 165 10 1 3 0 1 0 AGND6
A 90 205 10 1 1 3 #=24
P 40 80 220 80 200 0 0 0
A 70 205 10 1 1 3 #=23
L 85 165 10 1 3 0 1 0 AVIN2
P 39 60 220 60 200 0 0 0
L 65 165 10 1 3 0 1 0 AVIN1
A 50 205 10 1 1 3 #=22
P 2 0 160 20 160 0 2 0
L 25 160 10 0 2 0 1 0 2V5
A 15 160 10 0 9 3 #=21
P 3 0 140 20 140 0 2 0
L 25 140 10 0 2 0 1 0 AGND5
A 15 140 10 0 9 3 #=20
P 28 0 120 20 120 0 2 0
L 25 120 10 0 2 0 1 0 AGND4
A 15 120 10 0 9 3 #=19
P 29 0 100 20 100 0 2 0
L 25 100 10 0 2 0 1 0 AGND3
A 15 100 10 0 9 3 #=18
P 30 0 80 20 80 0 2 0
L 25 80 10 0 2 0 1 0 AGND2
A 15 80 10 0 9 3 #=17
P 31 0 60 20 60 0 2 0
L 25 60 10 0 2 0 1 0 FREQ
A 15 60 10 0 9 3 #=16
P 19 0 40 20 40 0 2 0
L 25 40 10 0 2 0 1 0 EN
A 15 40 10 0 9 3 #=15
P 21 70 0 70 20 0 1 0
A 60 5 10 1 1 3 #=14
L 75 25 10 1 3 0 1 0 AGND1
P 22 90 0 90 20 0 1 0
A 80 5 10 1 1 3 #=13
L 95 25 10 1 3 0 1 0 FB
P 23 110 0 110 20 0 1 0
A 100 5 10 1 1 3 #=12
L 115 25 10 1 3 0 1 0 PGOOD
P 25 150 0 150 20 0 1 0
A 140 5 10 1 1 3 #=10
L 155 25 10 1 3 0 1 0 PGND4
P 26 170 0 170 20 0 1 0
A 160 10 10 1 1 3 #=9
L 175 25 10 1 3 0 1 0 PGND3
P 27 190 0 190 20 0 1 0
A 180 10 10 1 1 3 #=8
L 195 25 10 1 3 0 1 0 PGND2
P 15 260 40 240 40 0 3 0
L 235 40 10 0 8 0 1 0 PGND1
A 245 40 10 0 3 3 #=7
P 14 260 60 240 60 0 3 0
L 235 60 10 0 8 0 1 0 SW4
A 245 60 10 0 3 3 #=6
P 13 260 80 240 80 0 3 0
L 235 80 10 0 8 0 1 0 SW3
A 245 80 10 0 3 3 #=5
P 12 260 100 240 100 0 3 0
L 235 100 10 0 8 0 1 0 SW2
A 245 100 10 0 3 3 #=4
P 11 260 120 240 120 0 3 0
L 235 120 10 0 8 0 1 0 SW1
A 245 120 10 0 3 3 #=3
P 10 260 140 240 140 0 3 0
L 235 140 10 0 8 0 1 0 PVIN2
A 245 140 10 0 3 3 #=2
P 9 260 160 240 160 0 3 0
L 235 160 10 0 8 0 1 0 PVIN1
A 245 160 10 0 3 3 #=1
P 44 160 220 160 200 0 0 0
A 150 205 10 1 1 3 #=27
L 165 165 10 1 3 0 1 0 PVIN1
P 45 200 220 200 200 0 0 0
L 205 175 10 1 3 0 1 0 DAP
A 190 205 10 1 1 3 #=29
b 20 20 240 200
U 10 0 16 0 3 3 REFDES=U?
P 24 130 0 130 20 0 1 0
A 120 5 10 1 1 3 #=11
L 135 25 10 1 3 0 1 0 COMP
U -20 205 10 0 3 3 DEVICE=DEVICE
U 205 5 10 0 3 3 PKG_TYPE=PKG_TYPE
E
