V 51
K 297377908200 lm3881mm
|R 19:20_11-7-12
Y 1
D 0 0 120 100
Z 10
i 49
U 0 -20 10 0 3 0 MANF_P/N=MANF_P/N
U -190 -40 10 0 3 0 LEVEL=STD
U -190 -50 10 0 3 0 PARTS=1
U 20 -5 16 0 3 3 REFDES=U?
U 50 0 10 0 3 3 PKG_TYPE=PKG_TYPE
U 20 90 10 0 3 3 DEVICE=DEVICE
P 38 120 60 100 60 0 3 0
A 100 60 10 0 3 3 #=7
A 160 55 10 0 3 0 PINTYPE=BI
L 100 60 10 0 8 0 1 0 FLAG2
P 40 120 40 100 40 0 3 0
L 100 40 10 0 8 1 1 0 FLAG3
A 100 40 10 0 3 3 #=6
A 160 35 10 0 3 0 PINTYPE=BI
P 27 120 20 100 20 0 3 0
A 100 20 10 0 3 3 #=5
A 160 15 10 0 3 0 PINTYPE=BI
L 100 20 10 0 8 0 1 0 GND
b 20 10 100 90
P 19 120 80 100 80 0 3 0
A 100 80 10 0 3 3 #=8
A 160 75 10 0 3 0 PINTYPE=BI
L 100 80 10 0 8 1 1 0 FLAG1
P 49 0 80 20 80 0 2 0
A -30 70 10 0 9 0 PINTYPE=BI
A 20 80 10 0 9 3 #=1
L 20 80 10 0 2 1 1 0 VCC
P 18 0 60 20 60 0 2 0
L 20 60 10 0 2 1 1 0 EN
A 20 60 10 0 9 3 #=2
A -30 50 10 0 9 0 PINTYPE=BI
P 20 0 40 20 40 0 2 0
A -30 30 10 0 9 0 PINTYPE=BI
A 20 40 10 0 9 3 #=3
L 20 40 10 0 2 0 1 0 INV
P 22 0 20 20 20 0 2 0
L 20 20 10 0 2 1 1 0 TADJ
A 20 20 10 0 9 3 #=4
A -30 10 10 0 9 0 PINTYPE=BI
E
