V 51
K 426021893700 lm5119psqe
|R 22:49_11-5-12
Y 1
D 0 0 220 320
Z 10
i 229
U 0 -20 10 0 3 0 VALUE=VALUE
U 0 -10 10 0 3 0 MANF_P/N=MANF_P/N
U 20 0 16 0 3 3 REFDES=U?
U 180 10 10 0 3 3 PKG_TYPE=PKG_TYPE
b 20 20 200 295
U 25 295 10 0 3 3 DEVICE=DEVICE
P 164 0 270 20 270 0 2 0
L 25 270 10 4 8 0 1 0 VIN
A 15 270 10 4 3 3 #=29
P 187 0 255 20 255 0 2 0
A 15 255 10 4 3 3 #=28
L 25 255 10 4 8 0 1 0 UVLO
P 203 0 240 20 240 0 2 0
A 15 240 10 4 3 3 #=9
L 25 240 10 4 8 0 1 0 FB1
P 204 0 225 20 225 0 2 0
A 15 225 10 4 3 3 #=10
L 25 225 10 4 8 0 1 0 COMP1
P 205 0 210 20 210 0 2 0
A 15 210 10 4 3 3 #=6
L 25 210 10 4 8 0 1 0 RAMP1
P 206 0 195 20 195 0 2 0
A 15 195 10 4 3 3 #=7
L 25 195 10 4 8 0 1 0 SS1
P 207 0 180 20 180 0 2 0
A 15 180 10 4 3 3 #=13
L 25 180 10 4 8 0 1 0 RT
P 208 0 165 20 165 0 2 0
A 15 165 10 4 3 3 #=14
L 25 165 10 4 8 0 1 0 RES
P 216 0 150 20 150 0 2 0
A 15 150 10 4 3 3 #=17
L 25 150 10 4 8 0 1 0 DEMB
P 217 0 135 20 135 0 2 0
A 15 135 10 4 3 3 #=8
L 25 135 10 4 8 0 1 0 VCCDIS
P 218 0 120 20 120 0 2 0
A 15 120 10 4 3 3 #=11
L 25 120 10 4 8 0 1 0 EN2
P 219 0 105 20 105 0 2 0
A 15 105 10 4 3 3 #=19
L 25 105 10 4 8 0 1 0 RAMP2
P 220 0 90 20 90 0 2 0
A 15 90 10 4 3 3 #=18
L 25 90 10 4 8 0 1 0 SS2
P 215 0 75 20 75 0 2 0
A 15 75 10 4 3 3 #=15
L 25 75 10 4 8 0 1 0 COMP2
P 191 0 60 20 60 0 2 0
A 15 60 10 4 3 3 #=16
L 25 60 10 4 8 0 1 0 FB2
P 190 0 45 20 45 0 2 0
A 15 45 10 4 3 3 #=12
L 25 45 10 4 8 0 1 0 AGND
P 198 220 45 200 45 0 3 0
A 205 45 10 0 3 3 #=22
L 195 45 10 0 8 0 1 0 PGND2
P 197 220 60 200 60 0 3 0
A 205 60 10 0 3 3 #=21
L 195 60 10 0 8 0 1 0 CSG2
P 229 110 0 110 20 0 1 0
L 115 25 10 1 3 0 1 0 DAP
A 100 5 10 1 1 3 #=33
P 226 220 75 200 75 0 3 0
A 205 75 10 0 3 3 #=20
L 195 75 10 0 8 0 1 0 CS2
P 227 220 90 200 90 0 3 0
A 205 90 10 0 3 3 #=23
L 195 90 10 0 8 0 1 0 LO2
P 228 220 105 200 105 0 3 0
A 205 105 10 0 3 3 #=25
L 195 105 10 0 8 0 1 0 SW2
P 202 220 120 200 120 0 3 0
A 205 120 10 0 3 3 #=26
L 195 120 10 0 8 0 1 0 HO2
P 201 220 135 200 135 0 3 0
A 205 135 10 0 3 3 #=27
L 195 135 10 0 8 0 1 0 HB2
P 200 220 150 200 150 0 3 0
A 205 150 10 0 3 3 #=3
L 195 150 10 0 8 0 1 0 PGND1
P 186 220 165 200 165 0 3 0
A 205 165 10 0 3 3 #=24
L 195 165 10 0 8 0 1 0 VCC2
P 185 220 180 200 180 0 3 0
A 205 180 10 0 3 3 #=4
L 195 180 10 0 8 0 1 0 CSG1
P 184 220 195 200 195 0 3 0
A 205 195 10 0 3 3 #=5
L 195 195 10 0 8 0 1 0 CS1
P 183 220 210 200 210 0 3 0
A 205 210 10 0 3 3 #=2
L 195 210 10 0 8 0 1 0 LO1
P 181 220 225 200 225 0 3 0
L 195 225 10 0 8 0 1 0 SW1
A 205 225 10 0 3 3 #=32
P 182 220 240 200 240 0 3 0
L 195 240 10 0 8 0 1 0 HO1
A 205 240 10 0 3 3 #=31
P 180 220 255 200 255 0 3 0
L 195 255 10 0 8 0 1 0 HB1
A 205 255 10 0 3 3 #=30
P 172 220 270 200 270 0 3 0
L 195 270 10 0 8 0 1 0 VCC1
A 205 270 10 0 3 3 #=1
E
