V 53
K 237676875400 ltc3418
F Case
|R 1:19_9-9-10
Y 1
D 0 0 300 315
Z 10
i 46
U 0 -170 10 0 3 0 VOLTAGE=ADJUSTABLE
U 0 -160 10 0 3 0 VALUE=LTC3418EUHF
U 0 -150 10 0 3 0 ROHS=YES
U 0 -140 10 0 3 0 PRICE=XX
U 0 -120 10 0 3 0 PARTS=1
U 0 -110 10 0 3 0 PART_TYPE=REGULATOR
U 0 -90 10 0 3 0 MANF=LINEAR
U 0 -80 10 0 3 0 LEVEL=STD
U 0 -70 10 0 3 0 DXDB_LIBNAME=IC
U 0 -60 10 0 3 0 DIST_P/N=LTC3418EUHF
U 0 -50 10 0 3 0 DIST=DIGIKEY
U 0 -30 10 0 3 0 DATASHEET=NEED
U 100 160 10 0 3 3 MANF_P/N=LTC3418EUHF
P 5 110 315 110 295 0 0 0
Q 10 0 0
L 110 290 10 3 2 0 1 0 ITH
A 110 295 10 3 9 3 #=26
A 115 285 10 3 2 0 PINTYPE=BI
P 30 300 155 280 155 0 3 0
A 300 155 10 0 9 0 PINTYPE=BI
L 275 155 10 0 8 0 0 0 PGND1
A 280 155 10 0 3 3 #=13
P 31 300 135 280 135 0 3 0
A 300 135 10 0 9 0 PINTYPE=BI
L 275 135 10 0 8 0 0 0 PGND2
A 280 135 10 0 3 3 #=14
P 32 300 115 280 115 0 3 0
A 300 115 10 0 9 0 PINTYPE=BI
L 275 115 10 0 8 0 0 0 PGND3
A 280 115 10 0 3 3 #=15
P 33 300 95 280 95 0 3 0
A 300 95 10 0 9 0 PINTYPE=BI
L 275 95 10 0 8 0 0 0 PGND4
A 280 95 10 0 3 3 #=17
P 25 150 315 150 295 0 0 0
Q 10 0 0
L 150 290 10 3 2 0 1 0 PGOOD
A 150 295 10 3 9 3 #=5
A 155 285 6 3 2 0 PINTYPE=BI
P 8 0 275 20 275 0 2 0
Q 10 0 0
L 25 275 10 0 2 0 0 0 PVIN1
A 20 275 10 0 9 3 #=3
A 30 280 6 0 2 0 PINTYPE=BI
P 9 0 255 20 255 0 2 0
Q 10 0 0
L 25 255 10 0 2 0 0 0 PVIN2
A 20 255 10 0 9 3 #=4
A 30 260 6 0 2 0 PINTYPE=BI
P 11 0 235 20 235 0 2 0
Q 10 0 0
L 25 235 10 0 2 0 0 0 PVIN3
A 20 235 10 0 9 3 #=9
A 30 240 6 0 2 0 PINTYPE=BI
P 10 0 215 20 215 0 2 0
Q 10 0 0
L 25 215 10 0 2 0 0 0 PVIN4
A 20 215 10 0 9 3 #=10
A 30 220 6 0 2 0 PINTYPE=BI
P 15 0 195 20 195 0 2 0
Q 10 0 0
L 25 195 10 0 2 0 0 0 PVIN5
A 20 195 10 0 9 3 #=22
A 30 200 6 0 2 0 PINTYPE=BI
P 14 0 175 20 175 0 2 0
Q 10 0 0
L 25 175 10 0 2 0 0 0 PVIN6
A 20 175 10 0 9 3 #=23
A 30 180 6 0 2 0 PINTYPE=BI
P 13 0 155 20 155 0 2 0
Q 10 0 0
L 25 155 10 0 2 0 0 0 PVIN7
A 20 155 10 0 9 3 #=28
A 30 160 6 0 2 0 PINTYPE=BI
P 12 0 135 20 135 0 2 0
Q 10 0 0
L 25 135 10 0 2 0 0 0 PVIN8
A 20 135 10 0 9 3 #=29
A 30 140 6 0 2 0 PINTYPE=BI
P 6 130 315 130 295 0 0 0
Q 10 0 0
L 130 290 10 3 2 0 1 0 RT
A 130 295 10 3 9 3 #=6
A 135 285 6 3 2 0 PINTYPE=BI
P 7 90 315 90 295 0 0 0
Q 10 0 0
L 90 290 10 3 2 0 1 0 SVIN
A 90 295 10 3 9 3 #=24
A 95 285 6 3 2 0 PINTYPE=BI
P 17 170 315 170 295 0 0 0
A 170 315 10 1 9 0 PINTYPE=BI
L 170 295 10 1 8 0 0 0 SW1
A 170 300 10 3 3 3 #=1
P 18 190 315 190 295 0 0 0
A 190 315 10 1 9 0 PINTYPE=BI
L 190 295 10 1 8 0 0 0 SW2
A 190 300 10 3 3 3 #=2
P 19 210 315 210 295 0 0 0
A 210 315 10 1 9 0 PINTYPE=BI
L 210 295 10 1 8 0 0 0 SW3
A 210 305 10 3 3 3 #=11
P 20 300 275 280 275 0 3 0
A 300 275 10 0 9 0 PINTYPE=BI
L 280 275 10 0 8 0 0 0 SW4
A 280 275 10 0 3 3 #=12
P 23 300 255 280 255 0 3 0
A 300 255 10 0 9 0 PINTYPE=BI
L 280 255 10 0 8 0 0 0 SW5
A 280 255 10 0 3 3 #=20
P 24 300 235 280 235 0 3 0
A 300 235 10 0 9 0 PINTYPE=BI
L 280 235 10 0 8 0 0 0 SW6
A 280 235 10 0 3 3 #=21
P 21 300 215 280 215 0 3 0
A 300 215 10 0 9 0 PINTYPE=BI
L 280 215 10 0 8 0 0 0 SW7
A 280 215 10 0 3 3 #=30
P 22 300 195 280 195 0 3 0
A 300 195 10 0 9 0 PINTYPE=BI
L 280 195 10 0 8 0 0 0 SW8
A 280 195 10 0 3 3 #=31
P 1 0 115 20 115 0 2 0
Q 10 0 0
L 25 115 10 0 2 0 1 0 TRACK
A 20 115 10 0 9 3 #=35
A 30 120 10 0 2 0 PINTYPE=BI
P 27 300 175 280 175 0 3 0
A 300 175 10 0 9 0 PINTYPE=BI
L 275 175 10 0 8 0 1 0 VFB
A 280 175 10 0 3 3 #=25
P 29 0 55 20 55 0 2 0
Q 10 0 0
L 25 55 10 0 2 0 1 0 VREF
A 20 55 10 0 9 3 #=16
A 30 60 10 0 2 0 PINTYPE=BI
P 4 0 75 20 75 0 2 0
Q 10 0 0
L 25 75 10 0 2 0 1 0 RUN_SS
A 20 75 10 0 9 3 #=7
A 30 80 10 0 2 0 PINTYPE=BI
P 26 0 95 20 95 0 2 0
Q 10 0 0
L 25 95 10 0 2 0 1 0 MODE
A 20 95 10 0 9 3 #=27
A 30 100 10 0 2 0 PINTYPE=BI
P 44 80 0 80 20 0 1 0
A 80 20 10 3 1 0 PINTYPE=BI
A 90 20 10 3 1 3 #=8
L 80 47 10 3 2 0 1 0 SGND
P 38 100 0 100 20 0 1 0
A 100 20 10 3 1 0 PINTYPE=BI
A 110 20 10 3 1 3 #=32
L 100 65 10 3 2 0 0 0 PGND12
P 39 120 0 120 20 0 1 0
A 120 20 10 3 1 0 PINTYPE=BI
A 130 20 10 3 1 3 #=33
L 120 65 10 3 2 0 0 0 PGND11
P 40 140 0 140 20 0 1 0
A 140 20 10 3 1 0 PINTYPE=BI
A 150 20 10 3 1 3 #=34
L 140 65 10 3 2 0 0 0 PGND10
P 41 160 0 160 20 0 1 0
A 160 20 10 3 1 0 PINTYPE=BI
A 170 20 10 3 1 3 #=36
L 160 65 10 3 2 0 0 0 PGND9
P 42 180 0 180 20 0 1 0
A 180 20 10 3 1 0 PINTYPE=BI
A 190 20 10 3 1 3 #=37
L 180 65 10 3 2 0 0 0 PGND8
P 35 300 55 280 55 0 3 0
A 300 55 10 0 9 0 PINTYPE=BI
L 275 55 10 0 8 0 0 0 PGND6
A 280 55 10 0 3 3 #=19
P 34 300 75 280 75 0 3 0
A 300 75 10 0 9 0 PINTYPE=BI
L 275 75 10 0 8 0 0 0 PGND5
A 280 75 10 0 3 3 #=18
P 43 200 0 200 20 0 1 0
A 200 20 10 3 1 0 PINTYPE=BI
A 210 20 10 3 1 3 #=38
L 200 65 10 3 2 0 0 0 PGND7
P 45 220 0 220 20 0 1 0
A 220 20 10 3 1 0 PINTYPE=BI
L 215 40 10 3 3 0 1 0 PAD
A 230 20 10 3 1 3 #=39
T 275 55 10 0 8 PGND
Q 15 0 0
T 275 75 10 0 8 PGND
Q 15 0 0
T 275 95 10 0 8 PGND
Q 15 0 0
T 275 115 10 0 8 PGND
Q 15 0 0
T 275 135 10 0 8 PGND
Q 15 0 0
T 275 195 10 0 8 SW
Q 15 0 0
T 275 215 10 0 8 SW
Q 15 0 0
T 275 235 10 0 8 SW
Q 15 0 0
T 275 255 10 0 8 SW
Q 15 0 0
T 275 275 10 0 8 SW
Q 15 0 0
T 25 130 10 0 3 PVIN
Q 15 0 0
T 25 150 10 0 3 PVIN
Q 15 0 0
T 25 170 10 0 3 PVIN
Q 15 0 0
T 25 190 10 0 3 PVIN
Q 15 0 0
T 25 210 10 0 3 PVIN
Q 15 0 0
T 25 230 10 0 3 PVIN
Q 15 0 0
T 25 250 10 0 3 PVIN
Q 15 0 0
T 25 270 10 0 3 PVIN
Q 15 0 0
T 275 155 10 0 8 PGND
Q 15 0 0
T 170 280 10 3 8 SW
Q 15 0 0
T 190 280 10 3 8 SW
Q 15 0 0
T 210 280 10 3 8 SW
Q 15 0 0
T 100 25 10 3 8 PGND
Q 15 0 0
T 120 25 10 3 8 PGND
Q 15 0 0
T 140 25 10 3 8 PGND
Q 15 0 0
T 160 25 10 3 8 PGND
Q 15 0 0
T 180 25 10 3 8 PGND
Q 15 0 0
T 200 25 10 3 8 PGND
Q 15 0 0
b 19 20 279 295
Q 14 0 0
U 20 0 18 0 3 3 REFDES=U?
U 5 300 10 0 3 3 DEVICE=LTC3418_QFN38
U 245 5 10 0 3 3 PKG_TYPE=QFN38
E
