V 51
K 378786390200 max15301etj
|R 22:26_6-20-13
Y 1
D 0 0 260 700
Z 10
i 36
U 0 -60 10 0 3 0 DIST_P/N=MAX15301ETJ+
U 0 -50 10 0 3 0 DIST=MAXIM
U 0 -40 10 0 3 0 MFG=MAXIM
U 0 -30 10 0 3 0 MFG_P/N=MAX15301ETJ+
U 0 -20 10 0 3 0 PARTS=1
U 0 -10 10 0 3 0 LEVEL=STD
U 30 0 16 0 3 3 REFDES=U?
U 180 10 10 0 3 3 PKG_TYPE=TQFN_32_EP
P 10 0 120 20 120 0 2 0
L 25 115 10 0 3 0 1 0 ADDR0
A 0 120 10 0 3 0 PINTYPE=IN
A 10 120 10 0 3 3 #=2
P 9 0 110 20 110 0 2 0
L 25 105 10 0 3 0 1 0 ADDR1
A 0 110 10 0 3 0 PINTYPE=IN
A 10 110 10 0 3 3 #=4
P 28 260 270 240 270 0 3 0
L 220 265 10 0 3 0 1 0 BST
A 260 270 10 0 9 0 PINTYPE=OUT
A 255 270 10 0 9 3 #=17
P 4 0 70 20 70 0 2 0
L 25 65 10 0 3 0 1 0 CIO
A 0 70 10 0 3 0 PINTYPE=IN
A 10 70 10 0 3 3 #=8
P 32 260 430 240 430 0 3 0
L 215 425 10 0 3 0 1 0 DCRN
A 260 430 10 0 9 0 PINTYPE=IN
A 255 430 10 0 9 3 #=31
P 33 260 410 240 410 0 3 0
L 215 405 10 0 3 0 1 0 DCRP
A 260 410 10 0 9 0 PINTYPE=IN
A 255 410 10 0 9 3 #=30
P 25 260 290 240 290 0 3 0
L 225 285 10 0 3 0 1 0 DH
A 260 290 10 0 9 0 PINTYPE=OUT
A 255 290 10 0 9 3 #=15
P 11 0 230 20 230 0 2 0
L 25 225 10 0 3 0 1 0 EN
A 0 230 10 0 3 0 PINTYPE=IN
A 5 230 10 0 3 3 #=12
P 30 0 660 20 660 0 2 0
L 25 655 10 0 3 0 1 0 INSNS
A 0 660 10 0 3 0 PINTYPE=IN
A 5 660 10 0 3 3 #=13
P 24 260 500 240 500 0 3 0
L 220 495 10 0 3 0 1 0 LBI
A 260 500 10 0 9 0 PINTYPE=OUT
A 255 500 10 0 9 3 #=21
P 23 260 520 240 520 0 3 0
L 220 515 10 0 3 0 1 0 LBO
A 260 520 10 0 9 0 PINTYPE=OUT
A 255 520 10 0 9 3 #=23
P 21 0 50 20 50 0 2 0
L 25 45 10 0 3 0 1 0 LCFFN
A 0 50 10 0 3 0 PINTYPE=IN
A 5 50 10 0 3 3 #=29
P 20 0 60 20 60 0 2 0
L 25 55 10 0 3 0 1 0 LCFFP
A 0 60 10 0 3 0 PINTYPE=IN
A 5 60 10 0 3 3 #=28
P 27 260 220 240 220 0 3 0
L 225 215 10 0 3 0 1 0 LX
A 260 220 10 0 9 0 PINTYPE=OUT
A 255 220 10 0 9 3 #=16
P 29 260 200 240 200 0 3 0
L 210 195 10 0 3 0 1 0 LXSNS
A 260 200 10 0 9 0 PINTYPE=IN
A 255 200 10 0 9 3 #=14
P 34 260 460 240 460 0 3 0
L 215 455 10 0 3 0 1 0 OUTN
A 260 460 10 0 9 0 PINTYPE=IN
A 255 460 10 0 9 3 #=26
P 35 260 480 240 480 0 3 0
L 215 475 10 0 3 0 1 0 OUTP
A 260 480 10 0 9 0 PINTYPE=IN
A 255 480 10 0 9 3 #=27
P 36 0 410 20 410 0 2 0
L 25 405 10 0 3 0 1 0 PG
A 0 410 10 0 3 0 PINTYPE=OUT
A 5 410 10 0 3 3 #=32
P 1 0 520 20 520 0 2 0
L 25 515 10 0 3 0 1 0 SALRT
A 0 520 10 0 3 0 PINTYPE=OUT
A 10 520 10 0 3 3 #=9
P 2 0 510 20 510 0 2 0
L 25 505 10 0 3 0 1 0 SCLK
A 0 510 10 0 3 0 PINTYPE=IN
A 5 510 10 0 3 3 #=10
P 3 0 500 20 500 0 2 0
L 25 495 10 0 3 0 1 0 SDAT
A 0 500 10 0 3 0 PINTYPE=IN
A 5 500 10 0 3 3 #=11
P 8 0 100 20 100 0 2 0
L 25 95 10 0 3 0 1 0 SET
A 0 100 10 0 3 0 PINTYPE=IN
A 10 100 10 0 3 3 #=3
P 12 0 250 20 250 0 2 0
L 25 245 10 0 3 0 1 0 SYNC
A 0 250 10 0 3 0 PINTYPE=IN
A 10 250 10 0 3 3 #=1
P 5 0 80 20 80 0 2 0
L 25 75 10 0 3 0 1 0 TEMPX
A 0 80 10 0 3 0 PINTYPE=IN
A 10 80 10 0 3 3 #=7
P 15 260 660 240 660 0 3 0
L 210 655 10 0 3 0 0 0 3P3_1
A 260 660 10 0 9 0 PINTYPE=OUT
A 255 660 10 0 9 3 #=24
P 16 260 650 240 650 0 3 0
L 210 645 10 0 3 0 0 0 3P3_2
A 260 650 10 0 9 0 PINTYPE=OUT
A 255 650 10 0 9 3 #=25
P 17 260 640 240 640 0 3 0
L 220 635 10 0 3 0 1 0 1P8
A 260 640 10 0 9 0 PINTYPE=OUT
A 250 640 10 0 9 3 #=6
P 18 260 40 240 40 0 3 0
L 215 35 10 0 3 0 1 0 EPAD
A 260 40 10 0 9 0 PINTYPE=IN
A 255 40 10 0 9 3 #=33
P 7 0 40 20 40 0 2 0
L 25 35 10 0 3 0 1 0 DGND
A 0 40 10 0 3 0 PINTYPE=IN
A 10 40 10 0 3 3 #=5
P 31 260 70 240 70 0 3 0
L 215 65 10 0 3 0 1 0 GDRV
A 260 70 10 0 9 0 PINTYPE=OUT
A 255 70 10 0 9 3 #=18
P 19 260 60 240 60 0 3 0
L 215 55 10 0 3 0 1 0 PGND
A 260 60 10 0 9 0 PINTYPE=IN
A 255 60 10 0 9 3 #=20
P 26 260 90 240 90 0 3 0
L 225 85 10 0 3 0 1 0 DL
A 260 90 10 0 9 0 PINTYPE=OUT
A 255 90 10 0 9 3 #=19
P 22 0 640 20 640 0 2 0
L 25 635 10 0 3 0 1 0 PWR
A 0 640 10 0 3 0 PINTYPE=IN
A 5 640 10 0 3 3 #=22
T 220 645 10 0 3 3P3
Q 15 0 0
T 220 655 10 0 3 3P3
Q 15 0 0
T 70 350 18 0 3 INTUNE DIGITAL
Q 7 0 0
T 70 335 18 0 3 POL CONTROLLER
Q 7 0 0
U 30 680 10 0 3 3 DEVICE=MAX15301
b 20 20 240 680
E
