V 51
K 111218659500 max15303etj
|R 23:03_6-20-13
Y 1
D 0 0 260 720
Z 10
i 49
U 0 -60 10 0 3 0 DIST_P/N=MAX15303ETJ+
U 0 -50 10 0 3 0 DIST=MAXIM
U 0 -40 10 0 3 0 MFG=MAXIM
U 0 -30 10 0 3 0 MFG_P/N=MAX15303ETJ+
U 0 -20 10 0 3 0 PARTS=1
U 0 -10 10 0 3 0 LEVEL=STD
U 30 0 16 0 3 3 REFDES=U?
U 180 10 10 0 3 3 PKG_TYPE=TQFN_40_EP
P 49 0 80 20 80 0 2 0
L 25 75 10 0 3 0 0 0 SGND_39
A 0 80 10 0 3 0 PINTYPE=PWR
A 5 80 10 0 3 3 #=39
P 47 0 60 20 60 0 2 0
L 25 55 10 0 3 0 0 0 SGND_18
A 0 60 10 0 3 0 PINTYPE=PWR
A 5 60 10 0 3 3 #=18
P 42 260 230 240 230 0 3 0
L 210 225 10 0 3 0 0 0 LX_19
A 260 230 10 0 9 0 PINTYPE=OUT
A 255 230 10 0 9 3 #=19
P 41 260 270 240 270 0 3 0
L 210 265 10 0 3 0 0 0 LX_29
A 260 270 10 0 9 0 PINTYPE=OUT
A 255 270 10 0 9 3 #=29
P 39 260 250 240 250 0 3 0
L 210 245 10 0 3 0 0 0 LX_23
A 260 250 10 0 9 0 PINTYPE=OUT
A 255 250 10 0 9 3 #=23
P 8 0 140 20 140 0 2 0
L 25 135 10 0 3 0 1 0 SET
A 0 140 10 0 3 0 PINTYPE=IN
A 10 140 10 0 3 3 #=6
P 9 0 150 20 150 0 2 0
L 25 145 10 0 3 0 1 0 ADDR1
A 0 150 10 0 3 0 PINTYPE=IN
A 10 150 10 0 3 3 #=5
P 10 0 160 20 160 0 2 0
L 25 155 10 0 3 0 1 0 ADDR0
A 0 160 10 0 3 0 PINTYPE=IN
A 10 160 10 0 3 3 #=4
P 2 0 530 20 530 0 2 0
L 25 525 10 0 3 0 1 0 SCLK
A 0 530 10 0 3 0 PINTYPE=IN
A 5 530 10 0 3 3 #=12
P 3 0 520 20 520 0 2 0
L 25 515 10 0 3 0 1 0 SDAT
A 0 520 10 0 3 0 PINTYPE=IN
A 5 520 10 0 3 3 #=13
P 20 0 100 20 100 0 2 0
L 25 95 10 0 3 0 1 0 LCFFP
A 0 100 10 0 3 0 PINTYPE=IN
A 5 100 10 0 3 3 #=28
P 21 0 90 20 90 0 2 0
L 25 85 10 0 3 0 1 0 LCFFN
A 0 90 10 0 3 0 PINTYPE=IN
A 5 90 10 0 3 3 #=29
P 23 260 540 240 540 0 3 0
L 220 535 10 0 3 0 1 0 LBO
A 260 540 10 0 9 0 PINTYPE=OUT
A 255 540 10 0 9 3 #=33
P 24 260 520 240 520 0 3 0
L 220 515 10 0 3 0 1 0 LB1
A 260 520 10 0 9 0 PINTYPE=OUT
A 255 520 10 0 9 3 #=32
P 30 0 640 20 640 0 2 0
L 25 635 10 0 3 0 1 0 INSNS
A 0 640 10 0 3 0 PINTYPE=IN
A 5 640 10 0 3 3 #=15
P 5 0 120 20 120 0 2 0
L 25 115 10 0 3 0 1 0 TEMPX
A 0 120 10 0 3 0 PINTYPE=IN
A 10 120 10 0 3 3 #=9
P 28 260 290 240 290 0 3 0
L 220 285 10 0 3 0 1 0 BST
A 260 290 10 0 9 0 PINTYPE=OUT
A 255 290 10 0 9 3 #=30
P 11 0 250 20 250 0 2 0
L 25 245 10 0 3 0 1 0 EN
A 0 250 10 0 3 0 PINTYPE=IN
A 5 250 10 0 3 3 #=14
P 12 0 270 20 270 0 2 0
L 25 265 10 0 3 0 1 0 SYNC
A 0 270 10 0 3 0 PINTYPE=IN
A 10 270 10 0 3 3 #=3
P 36 0 430 20 430 0 2 0
L 25 425 10 0 3 0 1 0 PG
A 0 430 10 0 3 0 PINTYPE=OUT
A 5 430 10 0 3 3 #=2
P 17 260 660 240 660 0 3 0
L 220 655 10 0 3 0 1 0 1P8
A 260 660 10 0 9 0 PINTYPE=PWR
A 250 660 10 0 9 3 #=8
P 1 0 540 20 540 0 2 0
L 25 535 10 0 3 0 1 0 SALRT
A 0 540 10 0 3 0 PINTYPE=OUT
A 5 540 10 0 3 3 #=11
P 18 260 40 240 40 0 3 0
L 215 35 10 0 3 0 1 0 EPAD
A 260 40 10 0 9 0 PINTYPE=PWR
A 255 40 10 0 9 3 #=41
P 4 0 110 20 110 0 2 0
L 25 105 10 0 3 0 1 0 CIO
A 0 110 10 0 3 0 PINTYPE=IN
A 5 110 10 0 3 3 #=10
P 32 260 450 240 450 0 3 0
L 215 445 10 0 3 0 1 0 DCRN
A 260 450 10 0 9 0 PINTYPE=IN
A 255 450 10 0 9 3 #=1
P 33 260 430 240 430 0 3 0
L 215 425 10 0 3 0 1 0 DCRP
A 260 430 10 0 9 0 PINTYPE=IN
A 255 430 10 0 9 3 #=40
P 35 260 500 240 500 0 3 0
L 215 495 10 0 3 0 1 0 OUTP
A 260 500 10 0 9 0 PINTYPE=IN
A 255 500 10 0 9 3 #=37
P 34 260 480 240 480 0 3 0
L 215 475 10 0 3 0 1 0 OUTN
A 260 480 10 0 9 0 PINTYPE=IN
A 255 480 10 0 9 3 #=36
T 25 45 10 0 3 SGND
Q 15 0 0
T 25 55 10 0 3 SGND
Q 15 0 0
T 25 65 10 0 3 SGND
Q 15 0 0
T 25 75 10 0 3 SGND
Q 15 0 0
T 215 55 10 0 3 PGND
Q 15 0 0
T 215 65 10 0 3 PGND
Q 15 0 0
T 215 75 10 0 3 PGND
Q 15 0 0
T 225 225 10 0 3 LX
Q 15 0 0
T 225 235 10 0 3 LX
Q 15 0 0
T 225 245 10 0 3 LX
Q 15 0 0
T 225 255 10 0 3 LX
Q 15 0 0
T 25 655 10 0 3 PWR
Q 15 0 0
T 25 675 10 0 3 PWR
Q 15 0 0
T 75 355 18 0 3 POL REGULATOR
Q 7 0 0
P 15 260 680 240 680 0 3 0
L 220 675 10 0 3 0 1 0 3P3
A 260 680 10 0 9 0 PINTYPE=PWR
A 255 680 10 0 9 3 #=35
T 25 665 10 0 3 PWR
Q 15 0 0
P 27 260 240 240 240 0 3 0
L 210 235 10 0 3 0 0 0 LX_20
A 260 240 10 0 9 0 PINTYPE=OUT
A 255 240 10 0 9 3 #=20
P 40 260 260 240 260 0 3 0
L 210 255 10 0 3 0 0 0 LX_26
A 260 260 10 0 9 0 PINTYPE=OUT
A 255 260 10 0 9 3 #=26
P 29 260 210 240 210 0 3 0
L 210 205 10 0 3 0 1 0 LXSNS
A 260 210 10 0 9 0 PINTYPE=IN
A 255 210 10 0 9 3 #=16
T 225 265 10 0 3 LX
Q 15 0 0
P 22 0 680 20 680 0 2 0
L 25 675 10 0 3 0 0 0 PWR_24
A 0 680 10 0 3 0 PINTYPE=PWR
A 5 680 10 0 3 3 #=24
P 37 0 670 20 670 0 2 0
L 25 665 10 0 3 0 0 0 PWR_25
A 0 670 10 0 3 0 PINTYPE=PWR
A 5 670 10 0 3 3 #=25
P 38 0 660 20 660 0 2 0
L 25 655 10 0 3 0 0 0 PWR_34
A 0 660 10 0 3 0 PINTYPE=PWR
A 5 660 10 0 3 3 #=34
T 70 370 18 0 3 INTUNE DIGITAL
Q 7 0 0
T 100 385 18 0 3 MAX15303
Q 7 0 0
U 30 700 10 0 3 3 DEVICE=MAX15303
P 31 260 100 240 100 0 3 0
L 215 95 10 0 3 0 1 0 GDRV
A 260 100 10 0 9 0 PINTYPE=PWR
A 255 100 10 0 9 3 #=31
P 19 260 60 240 60 0 3 0
L 200 55 10 0 3 0 0 0 PGND_21
A 260 60 10 0 9 0 PINTYPE=PWR
A 255 60 10 0 9 3 #=21
P 43 260 70 240 70 0 3 0
L 200 65 10 0 3 0 0 0 PGND_22
A 260 70 10 0 9 0 PINTYPE=PWR
A 255 70 10 0 9 3 #=22
P 44 260 80 240 80 0 3 0
L 200 75 10 0 3 0 0 0 PGND_27
A 260 80 10 0 9 0 PINTYPE=PWR
A 255 80 10 0 9 3 #=27
P 45 260 90 240 90 0 3 0
L 200 85 10 0 3 0 0 0 PGND_28
A 260 90 10 0 9 0 PINTYPE=PWR
A 255 90 10 0 9 3 #=28
T 215 85 10 0 3 PGND
Q 15 0 0
P 7 0 40 20 40 0 2 0
L 25 35 10 0 3 0 1 0 DGND
A 0 40 10 0 3 0 PINTYPE=PWR
A 10 40 10 0 3 3 #=7
P 46 0 50 20 50 0 2 0
L 25 45 10 0 3 0 0 0 SGND_17
A 0 50 10 0 3 0 PINTYPE=PWR
A 5 50 10 0 3 3 #=17
P 48 0 70 20 70 0 2 0
L 25 65 10 0 3 0 0 0 SGND_38
A 0 70 10 0 3 0 PINTYPE=PWR
A 5 70 10 0 3 3 #=38
b 20 20 240 700
E
