V 51
K 19873177490 sn74avc2t245_fixed
|R 21:07_12-12-11
Y 1
D 0 0 160 360
Z 10
i 69
P 56 160 220 140 220 0 3 0
A 145 220 10 0 3 3 #=16
A 160 220 10 0 9 0 PINTYPE=POWER
L 135 215 10 0 9 0 1 0 C_N
P 41 160 270 140 270 0 3 0
A 145 270 10 0 3 3 #=18
A 160 270 10 0 9 0 PINTYPE=POWER
L 135 265 10 0 9 1 1 0 C_P
P 60 160 320 140 320 0 3 0
A 145 320 10 0 3 3 #=4
A 160 320 10 0 9 0 PINTYPE=IN
L 135 315 10 0 9 0 1 0 FORCEOFF_B
P 61 160 310 140 310 0 3 0
A 145 310 10 0 3 3 #=3
A 160 310 10 0 9 0 PINTYPE=IN
L 135 305 10 0 9 0 1 0 FORCEON
P 62 160 45 140 45 0 3 0
L 135 40 10 0 9 0 0 0 GND17
A 170 45 10 0 9 0 PINTYPE=POWER
A 145 45 10 0 3 3 #=17
P 50 160 35 140 35 0 3 0
L 135 30 10 0 9 0 0 0 GND20
A 170 35 10 0 9 0 PINTYPE=POWER
A 145 35 10 0 3 3 #=20
P 63 160 55 140 55 0 3 0
L 135 50 10 0 9 0 0 0 GND5
A 170 55 10 0 9 0 PINTYPE=POWER
A 145 55 10 0 3 3 #=5
P 59 160 330 140 330 0 3 0
A 145 330 10 0 3 3 #=2
A 160 330 10 0 9 0 PINTYPE=OUT
L 135 325 10 0 9 0 1 0 INVALID_B
P 52 0 260 20 260 0 2 0
L 25 255 10 0 3 0 1 0 LX
A -20 260 10 0 3 0 PINTYPE=POWER
A 15 260 10 0 9 3 #=1
P 66 0 145 61 145 0 2 0
L 25 145 10 0 3 0 1 0 R1OUT
A 41 145 10 0 3 0 PINTYPE=OUT
A 16 145 10 0 9 3 #=9
P 23 160 75 100 75 0 3 0
L 135 75 10 0 9 0 1 0 R2IN
A 130 75 10 0 9 0 PINTYPE=IN
A 145 75 10 0 3 3 #=11
P 46 0 75 61 75 0 2 0
L 25 75 10 0 3 0 1 0 R2OUT
A 41 75 10 0 3 0 PINTYPE=OUT
A 16 75 10 0 9 3 #=10
P 67 0 180 65 180 0 2 0
L 25 180 10 0 3 0 1 0 T1IN
A 45 180 10 0 3 0 PINTYPE=IN
A 15 180 10 0 9 3 #=7
P 68 160 180 105 180 0 3 0
L 135 180 10 0 9 0 1 0 T1OUT
A 135 180 10 0 9 0 PINTYPE=OUT
A 145 180 10 0 3 3 #=14
P 44 0 110 65 110 0 2 0
L 25 110 10 0 3 0 1 0 T2IN
A 45 110 10 0 3 0 PINTYPE=IN
A 15 110 10 0 9 3 #=8
P 57 160 110 105 110 0 3 0
L 135 110 10 0 9 0 1 0 T2OUT
A 135 110 10 0 9 0 PINTYPE=OUT
A 145 110 10 0 3 3 #=13
P 40 0 330 20 330 0 2 0
A -40 330 10 0 3 0 PINTYPE=POWER
A 15 330 10 0 9 3 #=6
L 25 325 10 0 3 1 1 0 VCC
P 69 0 35 20 35 0 2 0
L 25 30 10 0 3 0 1 0 V_N
A -20 35 10 0 3 0 PINTYPE=POWER
A 15 35 10 0 9 3 #=15
P 54 0 200 20 200 0 2 0
L 25 195 10 0 3 0 1 0 V_P
A -20 200 10 0 3 0 PINTYPE=POWER
A 15 200 10 0 9 3 #=19
U 0 -20 10 0 3 0 MANF_P/N=XXXX
U 20 225 10 0 3 0 VALUE=MAX3218
U 35 0 16 0 3 3 REFDES=U?
U 115 5 10 0 3 3 PKG_TYPE=XXXX
U 25 345 10 0 3 3 DEVICE=MAX3218
T 135 35 10 0 8 GND
Q 15 0 0
T 135 45 10 0 8 GND
Q 15 0 0
c 63 145 2
l 2 100 125 100 165
l 2 100 180 65 200
l 2 65 160 65 200
l 2 65 145 100 165
l 2 100 125 65 145
l 2 65 160 100 180
c 102 180 2
l 2 104 180 105 180
Q 3 0 0
c 63 75 2
l 2 100 55 100 95
l 2 100 110 65 130
l 2 65 90 65 130
l 2 65 75 100 95
l 2 100 55 65 75
l 2 65 90 100 110
c 102 110 2
l 2 104 110 105 110
Q 3 0 0
T 80 180 10 0 5 T1
T 85 145 10 0 5 R1
T 80 110 10 0 5 T2
T 85 75 10 0 5 R2
T 135 55 10 0 8 GND
Q 15 0 0
b 20 20 140 345
P 65 160 145 100 145 0 3 0
L 135 145 10 0 9 0 1 0 R1IN
A 130 145 10 0 9 0 PINTYPE=IN
A 145 145 10 0 3 3 #=12
E
