V 51
K 122638368100 max6816
|R 0:26_5-7-11
Y 1
D 0 0 120 80
Z 10
i 53
U -190 -40 10 0 3 0 LEVEL=STD
U -190 -50 10 0 3 0 PARTS=1
U 5 0 16 0 3 3 REFDES=U?
P 53 120 55 100 55 0 3 0
A 100 55 10 0 3 3 #=4
A 160 50 10 0 3 0 PINTYPE=BI
L 95 55 10 0 8 0 1 0 VCC
P 52 0 30 20 30 0 2 0
A -30 20 10 0 9 0 PINTYPE=BI
A 20 30 10 0 9 3 #=1
L 25 30 10 0 2 0 1 0 GND
P 49 0 55 20 55 0 2 0
A -30 45 10 0 9 0 PINTYPE=BI
A 20 55 10 0 9 3 #=2
L 25 55 10 0 2 1 1 0 IN
P 19 120 30 100 30 0 3 0
A 100 30 10 0 3 3 #=3
A 160 25 10 0 3 0 PINTYPE=BI
L 95 30 10 0 8 1 1 0 OUT
b 20 20 100 70
U 80 10 10 0 3 3 PKG_TYPE=XXXXXX
U 30 70 10 0 3 3 DEVICE=XXXXXX
E
