V 51
K 269919261900 mech_standoff_10mm
|R 23:15_7-21-10
Y 1
D 0 0 60 80
Z 10
i 0
U 0 -30 10 0 3 0 DEVICE=STANDOFF_10MM
U 0 -20 10 0 3 0 MANF=OLANDER
U -45 135 10 0 3 0 PARTS=1
U -45 115 10 0 3 0 CLASS=MECHANICAL
U 0 -10 10 0 3 3 MANF_P/N=25S10H4FU
a 20 58 19 56 20 55
a 40 58 29 60 20 58
a 40 55 41 56 40 58
l 2 38 14 38 51
l 2 22 51 22 14
l 2 16 19 16 56
l 2 22 14 16 19
l 2 38 14 22 14
l 2 38 14 44 19
l 2 22 62 16 56
l 2 38 62 22 62
l 2 38 51 44 56
l 2 38 51 22 51
l 2 22 51 16 56
l 2 38 62 44 56
l 2 44 19 44 56
a 20 55 29 53 40 55
U -5 70 10 0 3 3 VALUE=VALUE
U 19 -2 10 0 3 3 REFDES=MSO?
E
