V 51
K 119504606900 mictor_038
|R 18:11_12-20-12
Y 1
D 0 0 200 400
Z 10
i 2058
U 5 -75 10 0 3 0 LEVEL=STD
U 5 -95 10 0 3 0 PARTS=1
U 5 -85 10 0 3 0 DEVICE=MTR_038_REC
P 1650 200 110 170 110 0 3 0
L 220 110 10 1 3 1 0 0 P038
A 220 110 10 6 3 0 PINTYPE=BI
A 170 110 10 0 3 3 #=38
P 1648 200 120 170 120 0 3 0
L 210 120 10 1 3 1 0 0 P036
A 170 120 10 0 3 3 #=36
A 220 120 10 6 3 0 PINTYPE=BI
P 1641 200 130 170 130 0 3 0
L 210 130 10 1 3 1 0 0 P034
A 220 130 10 6 3 0 PINTYPE=BI
A 170 130 10 0 3 3 #=34
P 1638 200 160 170 160 0 3 0
L 210 160 10 1 3 1 0 0 P028
A 170 160 10 0 3 3 #=28
A 220 160 10 6 3 0 PINTYPE=BI
P 1637 200 170 170 170 0 3 0
L 210 170 10 1 3 1 0 0 P026
A 220 170 10 6 3 0 PINTYPE=BI
A 170 170 10 0 3 3 #=26
P 1636 200 180 170 180 0 3 0
L 210 180 10 1 3 1 0 0 P024
A 220 180 10 6 3 0 PINTYPE=BI
A 170 180 10 0 3 3 #=24
P 1629 200 190 170 190 0 3 0
L 210 190 10 1 3 1 0 0 P022
A 170 190 10 0 3 3 #=22
A 220 190 10 6 3 0 PINTYPE=BI
P 1628 200 200 170 200 0 3 0
L 210 200 10 1 3 1 0 0 P020
A 220 200 10 6 3 0 PINTYPE=BI
A 170 200 10 0 3 3 #=20
P 1627 200 210 170 210 0 3 0
L 210 210 10 1 3 1 0 0 P018
A 170 210 10 0 3 3 #=18
A 220 210 10 6 3 0 PINTYPE=BI
P 1625 200 230 170 230 0 3 0
L 210 230 10 1 3 1 0 0 P014
A 170 230 10 0 3 3 #=14
A 220 230 10 6 3 0 PINTYPE=BI
P 1624 200 240 170 240 0 3 0
L 210 240 10 1 3 1 0 0 P012
A 170 240 10 0 3 3 #=12
A 220 240 10 6 3 0 PINTYPE=BI
P 1622 200 250 170 250 0 3 0
L 210 250 10 1 3 1 0 0 P010
A 220 250 10 6 3 0 PINTYPE=BI
A 170 250 10 0 3 3 #=10
P 1620 200 260 170 260 0 3 0
L 210 260 10 1 3 1 0 0 P008
A 170 260 10 0 3 3 #=8
A 220 260 10 6 3 0 PINTYPE=BI
P 1618 200 270 170 270 0 3 0
L 210 270 10 1 3 1 0 0 P006
A 220 270 10 6 3 0 PINTYPE=BI
A 170 270 10 0 3 3 #=6
P 1616 200 280 170 280 0 3 0
L 210 280 10 1 3 1 0 0 P004
A 170 280 10 0 3 3 #=4
A 220 280 10 6 3 0 PINTYPE=BI
P 1649 0 110 30 110 0 2 0
L -10 110 10 1 3 1 0 0 P037
A 30 110 10 0 9 3 #=37
A -20 110 10 2 3 0 PINTYPE=BI
P 1647 0 120 30 120 0 2 0
L -10 120 10 1 3 1 0 0 P035
A -20 120 10 2 3 0 PINTYPE=BI
A 30 120 10 0 9 3 #=35
P 1646 0 130 30 130 0 2 0
L -10 130 10 1 3 1 0 0 P033
A 30 130 10 0 9 3 #=33
A -20 130 10 2 3 0 PINTYPE=BI
P 1645 0 140 30 140 0 2 0
L -10 140 10 1 3 1 0 0 P031
A -20 140 10 2 3 0 PINTYPE=BI
A 30 140 10 0 9 3 #=31
P 1642 0 170 30 170 0 2 0
L -10 170 10 1 3 1 0 0 P025
A 30 170 10 0 9 3 #=25
A -20 170 10 2 3 0 PINTYPE=BI
P 1643 0 160 30 160 0 2 0
L -10 160 10 1 3 1 0 0 P027
A -20 160 10 2 3 0 PINTYPE=BI
A 30 160 10 0 9 3 #=27
P 1644 0 150 30 150 0 2 0
L -10 150 10 1 3 1 0 0 P029
A 30 150 10 0 9 3 #=29
A -20 150 10 2 3 0 PINTYPE=BI
P 1635 0 180 30 180 0 2 0
L -10 180 10 1 3 1 0 0 P023
A 30 180 10 0 9 3 #=23
A -20 180 10 2 3 0 PINTYPE=BI
P 1634 0 190 30 190 0 2 0
L -10 190 10 1 3 1 0 0 P021
A -20 190 10 2 3 0 PINTYPE=BI
A 30 190 10 0 9 3 #=21
P 1632 0 210 30 210 0 2 0
L -10 210 10 1 3 1 0 0 P017
A -20 210 10 2 3 0 PINTYPE=BI
A 30 210 10 0 9 3 #=17
P 1630 0 230 30 230 0 2 0
L -10 230 10 1 3 1 0 0 P013
A -20 230 10 2 3 0 PINTYPE=BI
A 30 230 10 0 9 3 #=13
P 1623 0 240 30 240 0 2 0
L -10 240 10 1 3 1 0 0 P011
A -20 240 10 2 3 0 PINTYPE=BI
A 30 240 10 0 9 3 #=11
P 1619 0 260 30 260 0 2 0
L -10 260 10 1 3 1 0 0 P007
A -20 260 10 2 3 0 PINTYPE=BI
A 30 260 10 0 9 3 #=7
P 1348 0 290 30 290 0 2 0
L -10 290 10 1 3 1 0 0 P001
A 30 290 10 0 9 3 #=1
A -20 290 10 2 3 0 PINTYPE=BI
P 1614 200 290 170 290 0 3 0
L 200 290 10 1 3 1 0 0 P002
A 220 290 10 6 3 0 PINTYPE=BI
A 170 290 10 0 3 3 #=2
P 1640 200 140 170 140 0 3 0
L 210 140 10 1 3 1 0 0 P032
A 170 140 10 0 3 3 #=32
A 220 140 10 6 3 0 PINTYPE=BI
P 1639 200 150 170 150 0 3 0
L 210 150 10 1 3 1 0 0 P030
A 220 150 10 6 3 0 PINTYPE=BI
A 170 150 10 0 3 3 #=30
P 1615 0 280 30 280 0 2 0
L -10 280 10 1 3 1 0 0 P003
A -20 280 10 2 3 0 PINTYPE=BI
A 30 280 10 0 9 3 #=3
P 1617 0 270 30 270 0 2 0
L -10 270 10 1 3 1 0 0 P005
A 30 270 10 0 9 3 #=5
A -20 270 10 2 3 0 PINTYPE=BI
P 1621 0 250 30 250 0 2 0
L -10 250 10 1 3 1 0 0 P009
A 30 250 10 0 9 3 #=9
A -20 250 10 2 3 0 PINTYPE=BI
P 1631 0 220 30 220 0 2 0
L -10 220 10 1 3 1 0 0 P015
A 30 220 10 0 9 3 #=15
A -20 220 10 2 3 0 PINTYPE=BI
P 1633 0 200 30 200 0 2 0
L -10 200 10 1 3 1 0 0 P019
A 30 200 10 0 9 3 #=19
A -20 200 10 2 3 0 PINTYPE=BI
P 1626 200 220 170 220 0 3 0
L 210 220 10 1 3 1 0 0 P016
A 220 220 10 6 3 0 PINTYPE=BI
A 170 220 10 0 3 3 #=16
P 2054 200 80 170 80 0 3 0
A 170 80 10 0 3 3 #=G1
A 220 80 10 6 3 0 PINTYPE=BI
L 210 80 10 1 3 0 0 0 G1
P 2055 200 70 170 70 0 3 0
A 220 70 10 6 3 0 PINTYPE=BI
A 170 70 10 0 3 3 #=G2
L 210 70 10 1 3 0 0 0 G2
P 2056 200 60 170 60 0 3 0
A 170 60 10 0 3 3 #=G3
A 220 60 10 6 3 0 PINTYPE=BI
L 210 60 10 1 3 0 0 0 G3
P 2057 200 50 170 50 0 3 0
A 220 50 10 6 3 0 PINTYPE=BI
A 170 50 10 0 3 3 #=G4
L 210 50 10 1 3 0 0 0 G4
P 2058 200 40 170 40 0 3 0
A 170 40 10 0 3 3 #=G5
A 220 40 10 6 3 0 PINTYPE=BI
L 220 40 10 1 3 0 0 0 G5
l 6 100 70 100 70 100 60 120 40 150 40 170 40
l 5 170 50 170 50 120 50 100 70 100 80
l 5 100 90 100 90 100 80 120 60 170 60
l 5 170 70 170 70 120 70 100 90 100 100
l 5 100 110 100 110 100 100 120 80 170 80
b 56 100 76 300
b 124 100 144 300
c 20 310 10
b 30 288 44 292
b 30 278 44 282
b 30 268 44 272
b 30 258 44 262
b 30 218 44 222
b 30 228 44 232
b 30 238 44 242
b 30 248 44 252
b 30 178 44 182
b 30 188 44 192
b 30 198 44 202
b 30 208 44 212
b 30 138 44 142
b 30 148 44 152
b 30 158 44 162
b 30 168 44 172
b 30 108 44 112
b 30 118 44 122
b 30 128 44 132
b 156 128 170 132
b 156 118 170 122
b 156 108 170 112
b 156 168 170 172
b 156 158 170 162
b 156 148 170 152
b 156 138 170 142
b 156 208 170 212
b 156 198 170 202
b 156 188 170 192
b 156 178 170 182
b 156 248 170 252
b 156 238 170 242
b 156 228 170 232
b 156 218 170 222
b 156 258 170 262
b 156 268 170 272
b 156 278 170 282
b 144 136 148 148
b 144 176 148 188
b 144 216 148 228
b 144 256 148 268
b 108 104 116 108
b 108 116 116 120
b 108 124 116 128
b 108 136 116 140
b 108 144 116 148
b 108 156 116 160
b 108 164 116 168
b 108 176 116 180
b 108 184 116 188
b 108 196 116 200
b 108 204 116 208
b 108 216 116 220
b 108 224 116 228
b 108 236 116 240
b 108 244 116 248
b 120 104 124 112
b 120 116 124 124
b 120 124 124 132
b 120 136 124 144
b 120 144 124 152
b 120 156 124 164
b 120 164 124 172
b 120 176 124 184
b 120 184 124 192
b 120 196 124 204
b 120 204 124 212
b 120 216 124 224
b 120 224 124 232
b 120 236 124 244
b 120 244 124 252
b 120 256 124 264
b 120 264 124 272
b 120 284 124 292
b 120 276 124 284
b 108 284 116 288
b 108 276 116 280
b 108 264 116 268
b 108 256 116 260
l 81 104 292 104 292 104 104 108 104 108 108 112 108
 112 116 108 116 108 120 112 120 112 124 108 124
 108 128 112 128 112 136 108 136 108 140 112 140
 112 144 108 144 108 148 112 148 112 156 108 156
 108 160 112 160 112 164 108 164 108 168 112 168
 112 168 112 176 108 176 108 180 112 180 112 184
 108 184 108 188 112 188 112 196 108 196 108 200
 112 200 112 204 108 204 108 208 112 208 112 216
 108 216 108 220 112 220 112 224 108 224 108 228
 112 228 112 236 108 236 108 240 112 240 112 244
 108 244 108 248 112 248 112 256 108 256 108 260
 112 260 112 264 108 264 108 268 112 268 112 276
 108 276 108 280 112 280 112 284 108 284 108 288
 112 288 112 292 104 292
l 2 100 104 100 292
a 100 132 104 140 100 148
a 100 288 96 276 100 264
b 84 104 92 108
b 84 116 92 120
b 84 124 92 128
b 84 136 92 140
b 84 144 92 148
b 84 156 92 160
b 84 164 92 168
b 84 176 92 180
b 84 184 92 188
b 84 196 92 200
b 84 204 92 208
b 84 216 92 220
b 84 224 92 228
b 84 236 92 240
b 84 244 92 248
b 76 104 80 112
b 76 116 80 124
b 76 124 80 132
b 76 136 80 144
b 76 144 80 152
b 76 156 80 164
b 76 164 80 172
b 76 176 80 184
b 76 184 80 192
b 76 196 80 204
b 76 204 80 212
b 76 216 80 224
b 76 224 80 232
b 76 236 80 244
b 76 244 80 252
b 76 256 80 264
b 76 264 80 272
l 2 120 380 120 380
l 8 156 400 156 400 156 292 152 292 152 388 124 388
 124 400 156 400
l 5 76 380 76 380 56 380 56 360 76 380
l 2 80 380 80 380
l 6 76 388 76 388 48 388 56 380 76 380 76 388
l 6 56 380 56 380 48 388 48 292 56 292 56 380
l 8 44 400 44 400 44 292 48 292 48 388 76 388
 76 400 44 400
l 2 120 20 120 20
l 5 76 20 76 20 56 20 56 40 76 20
l 2 80 20 80 20
l 6 76 12 76 12 48 12 56 20 76 20 76 12
l 6 56 20 56 20 48 12 48 108 56 108 56 20
l 8 44 0 44 0 44 108 48 108 48 12 76 12
 76 0 44 0
b 76 284 80 292
b 76 276 80 284
b 84 284 92 288
b 84 276 92 280
b 84 264 92 268
b 84 256 92 260
a 100 216 104 228 100 240
a 100 208 96 196 100 184
a 100 152 104 164 100 176
a 100 244 104 252 100 260
b 96 104 104 292
a 100 128 96 116 100 104
l 9 76 380 76 380 56 360 56 300 84 300 84 324
 92 324 92 380 76 380
l 81 96 292 96 292 96 104 92 104 92 108 88 108
 88 116 92 116 92 120 88 120 88 124 92 124
 92 128 88 128 88 136 92 136 92 140 88 140
 88 144 92 144 92 148 88 148 88 156 92 156
 92 160 88 160 88 164 92 164 92 168 88 168
 88 168 88 176 92 176 92 180 88 180 88 184
 92 184 92 188 88 188 88 196 92 196 92 200
 88 200 88 204 92 204 92 208 88 208 88 216
 92 216 92 220 88 220 88 224 92 224 92 228
 88 228 88 236 92 236 92 240 88 240 88 244
 92 244 92 248 88 248 88 256 92 256 92 260
 88 260 88 264 92 264 92 268 88 268 88 276
 92 276 92 280 88 280 88 284 92 284 92 288
 88 288 88 292 96 292
b 52 256 56 268
b 52 216 56 228
b 52 176 56 188
b 52 136 56 148
l 6 124 388 124 388 152 388 144 380 124 380 124 388
l 6 144 380 144 380 152 388 152 292 144 292 144 380
l 6 144 20 144 20 152 12 152 108 144 108 144 20
l 9 124 20 124 20 144 20 144 100 120 100 112 100
 108 96 108 20 124 20
l 9 124 380 124 380 144 380 144 300 120 300 112 300
 108 304 108 380 124 380
b 156 288 170 292
l 6 124 12 124 12 152 12 144 20 124 20 124 12
l 9 76 20 76 20 56 40 56 100 84 100 84 76
 92 76 92 20 76 20
l 8 156 0 156 0 156 108 152 108 152 12 124 12
 124 0 156 0
b 44 0 156 400
T 102 0 10 0 6 MICTOR 38
U 45 410 16 0 3 3 REFDES=P?
U 45 -10 10 0 3 3 VALUE=XX
E
