V 51
K 81989530490 mt29f2g16abaeawp
|R 1:14_11-17-11
Y 1
D 0 0 140 320
Z 10
i 88
U 0 -10 10 0 3 0 MANF_P/N=XXXX
U 30 0 16 0 3 3 REFDES=U?
U 90 5 10 0 3 3 PKG_TYPE=TBD
U 75 -55 10 0 9 0 VALUE=MT29F2G16ABAEAWP
U 70 305 10 0 6 3 DEVICE=MT29F2G16ABAEAWP
P 84 140 55 120 55 0 3 0
L 115 50 10 0 9 0 0 0 GND1
A 125 55 10 0 9 0 PINTYPE=POWER
A 135 55 10 0 9 3 #=48
P 83 140 45 120 45 0 3 0
L 115 40 10 0 9 0 0 0 GND2
A 125 45 10 0 9 0 PINTYPE=POWER
A 135 45 10 0 9 3 #=36
P 82 140 35 120 35 0 3 0
L 115 30 10 0 9 0 0 0 GND3
A 125 35 10 0 9 0 PINTYPE=POWER
A 135 35 10 0 9 3 #=25
P 2 0 275 20 275 0 2 0
A 20 277 5 0 2 0 PINTYPE=BI
A 15 275 10 0 9 3 #=30
L 25 275 10 0 2 0 1 0 IO_1
P 35 140 285 120 285 0 3 0
A 120 287 10 0 2 0 PINTYPE=POWER
A 125 285 10 0 3 3 #=12
L 115 285 10 0 8 0 0 0 VCC1
P 36 140 275 120 275 0 3 0
A 120 277 10 0 2 0 PINTYPE=POWER
A 125 275 10 0 3 3 #=34
L 115 275 10 0 8 0 0 0 VCC2
P 37 140 265 120 265 0 3 0
A 120 267 10 0 2 0 PINTYPE=POWER
A 125 265 10 0 3 3 #=37
L 115 265 10 0 8 0 0 0 VCC3
P 38 140 255 120 255 0 3 0
A 120 257 10 0 2 0 PINTYPE=POWER
A 125 255 10 0 3 3 #=39
L 115 255 10 0 8 0 0 0 VCC4
P 17 0 110 20 110 0 2 0
A 20 112 10 0 2 0 PINTYPE=IN
A 15 110 10 0 9 3 #=7
L 25 110 10 0 2 0 1 0 R/B_B
P 19 0 100 20 100 0 2 0
A 20 102 10 0 2 0 PINTYPE=IN
A 15 100 10 0 9 3 #=8
L 25 100 10 0 2 0 1 0 RE_B
P 20 0 90 20 90 0 2 0
A 20 92 10 0 2 0 PINTYPE=IN
A 15 90 10 0 9 3 #=9
L 25 90 10 0 2 0 1 0 CE_B
P 23 0 80 20 80 0 2 0
A 20 82 10 0 2 0 PINTYPE=IN
A 15 80 10 0 9 3 #=16
L 25 80 10 0 2 0 1 0 CLE
P 24 0 70 20 70 0 2 0
A 20 72 10 0 2 0 PINTYPE=IN
A 15 70 10 0 9 3 #=17
L 25 70 10 0 2 0 1 0 ALE
P 22 0 60 20 60 0 2 0
A 20 62 10 0 2 0 PINTYPE=IN
A 15 60 10 0 9 3 #=18
L 25 60 10 0 2 0 1 0 WE_B
P 69 140 25 120 25 0 3 0
L 115 20 10 0 9 0 0 0 GND4
A 125 25 10 0 9 0 PINTYPE=POWER
A 135 25 10 0 9 3 #=13
P 8 0 215 20 215 0 2 0
A 15 215 10 0 9 3 #=44
A 20 217 5 0 2 0 PINTYPE=BI
L 25 215 10 0 2 0 1 0 IO_7
P 7 0 225 20 225 0 2 0
A 20 227 5 0 2 0 PINTYPE=BI
A 15 225 10 0 9 3 #=43
L 25 225 10 0 2 0 1 0 IO_6
P 6 0 235 20 235 0 2 0
A 20 237 5 0 2 0 PINTYPE=BI
A 15 235 10 0 9 3 #=42
L 25 235 10 0 2 0 1 0 IO_5
P 5 0 245 20 245 0 2 0
A 20 247 5 0 2 0 PINTYPE=BI
A 15 245 10 0 9 3 #=41
L 25 245 10 0 2 0 1 0 IO_4
P 4 0 255 20 255 0 2 0
A 20 257 5 0 2 0 PINTYPE=BI
A 15 255 10 0 9 3 #=32
L 25 255 10 0 2 0 1 0 IO_3
P 3 0 265 20 265 0 2 0
A 20 267 5 0 2 0 PINTYPE=BI
A 15 265 10 0 9 3 #=31
L 25 265 10 0 2 0 1 0 IO_2
P 1 0 285 20 285 0 2 0
A 20 287 5 0 2 0 PINTYPE=BI
A 15 285 10 0 9 3 #=29
L 25 285 10 0 2 0 1 0 IO_0
P 44 140 235 120 235 0 3 0
A 125 235 10 0 3 3 #=19
A 120 237 10 0 2 0 PINTYPE=IN
L 115 235 10 0 8 0 1 0 WP_B
P 74 0 205 20 205 0 2 0
A 20 207 10 0 2 0 PINTYPE=IN
A 15 205 10 0 9 3 #=26
L 25 205 10 0 2 0 1 0 IO_8
P 81 0 165 20 165 0 2 0
A 20 167 10 0 2 0 PINTYPE=IN
A 15 165 10 0 9 3 #=40
L 25 165 10 0 2 0 1 0 IO_12
P 79 0 145 20 145 0 2 0
A 20 147 10 0 2 0 PINTYPE=IN
A 15 145 10 0 9 3 #=46
L 25 145 10 0 2 0 1 0 IO_14
P 78 0 135 20 135 0 2 0
A 20 137 10 0 2 0 PINTYPE=IN
A 15 135 10 0 9 3 #=47
L 25 135 10 0 2 0 1 0 IO_15
P 75 0 195 20 195 0 2 0
A 20 197 10 0 2 0 PINTYPE=IN
A 15 195 10 0 9 3 #=27
L 25 195 10 0 2 0 1 0 IO_9
P 76 0 185 20 185 0 2 0
A 20 187 10 0 2 0 PINTYPE=IN
A 15 185 10 0 9 3 #=28
L 25 185 10 0 2 0 1 0 IO_10
P 77 0 175 20 175 0 2 0
A 20 177 10 0 2 0 PINTYPE=IN
A 15 175 10 0 9 3 #=33
L 25 175 10 0 2 0 1 0 IO_11
P 80 0 155 20 155 0 2 0
A 20 157 10 0 2 0 PINTYPE=IN
A 15 155 10 0 9 3 #=45
L 25 155 10 0 2 0 1 0 IO_13
P 26 0 35 20 35 0 2 0
A 20 37 10 0 2 0 PINTYPE=IN
A 15 35 10 0 9 3 #=38
L 110 -105 10 0 2 0 0 0 DNU_38
T 115 125 10 0 8 NC
Q 15 0 0
T 115 135 10 0 8 NC
Q 15 0 0
T 115 255 10 0 8 VCC
Q 15 0 0
T 115 265 10 0 8 VCC
Q 15 0 0
T 115 275 10 0 8 VCC
Q 15 0 0
T 115 25 10 0 8 GND
Q 15 0 0
T 115 35 10 0 8 GND
Q 15 0 0
T 115 45 10 0 8 GND
Q 15 0 0
T 115 85 10 0 8 NC
Q 15 0 0
T 115 95 10 0 8 NC
Q 15 0 0
T 115 105 10 0 8 NC
Q 15 0 0
T 115 115 10 0 8 NC
Q 15 0 0
T 115 155 10 0 8 NC
Q 15 0 0
T 115 165 10 0 8 NC
Q 15 0 0
T 115 175 10 0 8 NC
Q 15 0 0
T 115 185 10 0 8 NC
Q 15 0 0
T 115 195 10 0 8 NC
Q 15 0 0
T 115 205 10 0 8 NC
Q 15 0 0
T 115 55 10 0 8 GND
Q 15 0 0
T 115 285 10 0 8 VCC
Q 15 0 0
T 25 30 10 0 3 DNU
Q 15 0 0
b 20 15 120 300
T 115 145 10 0 8 NC
Q 15 0 0
T 115 215 10 0 8 NC
Q 15 0 0
P 46 140 215 120 215 0 3 0
A 120 217 10 0 2 0 PINTYPE=IN
A 125 215 10 0 3 3 #=1
L 115 215 10 0 8 0 0 0 NC1
P 47 140 205 120 205 0 3 0
A 120 207 10 0 2 0 PINTYPE=IN
A 125 205 10 0 3 3 #=2
L 115 205 10 0 8 0 0 0 NC2
P 48 140 195 120 195 0 3 0
A 120 197 10 0 2 0 PINTYPE=IN
A 125 195 10 0 3 3 #=3
L 115 195 10 0 8 0 0 0 NC3
P 49 140 185 120 185 0 3 0
A 120 187 10 0 2 0 PINTYPE=IN
A 125 185 10 0 3 3 #=4
L 115 185 10 0 8 0 0 0 NC4
P 50 140 175 120 175 0 3 0
A 120 177 10 0 2 0 PINTYPE=IN
A 125 175 10 0 3 3 #=5
L 115 175 10 0 8 0 0 0 NC5
P 51 140 165 120 165 0 3 0
A 120 167 10 0 2 0 PINTYPE=IN
A 125 165 10 0 3 3 #=6
L 115 165 10 0 8 0 0 0 NC6
P 52 140 155 120 155 0 3 0
A 120 157 10 0 2 0 PINTYPE=IN
A 125 155 10 0 3 3 #=10
L 115 155 10 0 8 0 0 0 NC10
P 53 140 145 120 145 0 3 0
A 120 147 10 0 2 0 PINTYPE=IN
A 125 145 10 0 3 3 #=11
L 115 145 10 0 8 0 0 0 NC11
P 87 140 135 120 135 0 3 0
A 120 137 10 0 2 0 PINTYPE=IN
A 125 135 10 0 3 3 #=14
L 115 135 10 0 8 0 0 0 NC14
P 88 140 125 120 125 0 3 0
A 120 127 10 0 2 0 PINTYPE=IN
A 125 125 10 0 3 3 #=15
L 115 125 10 0 8 0 0 0 NC15
P 54 140 115 120 115 0 3 0
A 120 117 10 0 2 0 PINTYPE=IN
A 125 115 10 0 3 3 #=20
L 115 115 10 0 8 0 0 0 NC20
P 55 140 105 120 105 0 3 0
A 120 107 10 0 2 0 PINTYPE=IN
A 125 105 10 0 3 3 #=21
L 115 105 10 0 8 0 0 0 NC21
P 56 140 95 120 95 0 3 0
A 120 97 10 0 2 0 PINTYPE=IN
A 125 95 10 0 3 3 #=22
L 115 95 10 0 8 0 0 0 NC22
P 57 140 85 120 85 0 3 0
A 120 87 10 0 2 0 PINTYPE=IN
A 125 85 10 0 3 3 #=23
L 115 85 10 0 8 0 0 0 NC23
P 58 140 75 120 75 0 3 0
A 120 77 10 0 2 0 PINTYPE=IN
A 125 75 10 0 3 3 #=24
L 115 75 10 0 8 0 0 0 NC24
P 73 140 65 120 65 0 3 0
L 115 65 10 0 8 0 0 0 NC35
A 125 65 10 0 3 3 #=35
A 120 67 10 0 2 0 PINTYPE=IN
T 115 75 10 0 8 NC
Q 15 0 0
T 115 65 10 0 8 NC
Q 15 0 0
E
