V 51
K 138280093400 nx3l4357
|R 3:08_11-8-11
Y 1
D 0 0 120 140
Z 10
i 33
U 0 -10 10 0 3 0 VALUE=NX3L4357
U 0 -40 10 0 3 0 MANF_P/N=NX3L4357GM
U 20 0 16 0 3 3 REFDES=U?
P 10 0 90 20 90 0 2 0
L 25 85 10 0 3 0 1 0 Y1
A 0 90 10 0 3 0 PINTYPE=BI
A 15 90 10 0 9 3 #=8
P 33 0 50 20 50 0 2 0
L 25 45 10 0 3 0 1 0 S0
A 0 50 10 0 3 0 PINTYPE=IN
A 15 50 10 0 9 3 #=1
P 32 0 60 20 60 0 2 0
L 25 55 10 0 3 0 1 0 S1
A 0 60 10 0 3 0 PINTYPE=IN
A 15 60 10 0 9 3 #=2
P 12 0 30 20 30 0 2 0
L 25 25 10 0 3 0 1 0 E_B
A 0 30 10 0 3 0 PINTYPE=IN
A 15 30 10 0 9 3 #=4
P 9 120 90 100 90 0 3 0
L 95 90 10 0 8 0 1 0 Z
A 120 90 10 0 9 0 PINTYPE=BI
A 105 90 10 0 3 3 #=3
P 28 120 30 100 30 0 3 0
L 80 25 10 0 3 0 1 0 GND
A 120 30 10 0 9 0 PINTYPE=POWER
A 105 30 10 0 3 3 #=5
P 17 120 50 100 50 0 3 0
L 95 50 10 0 8 0 1 0 NC
A 120 50 10 0 9 0 PINTYPE=BI
A 105 50 10 0 3 3 #=6
P 25 120 110 100 110 0 3 0
L 80 105 10 0 3 0 1 0 VCC
A 120 110 10 0 9 0 PINTYPE=IN
A 105 110 10 0 3 3 #=10
b 20 20 100 120
U 25 125 10 0 3 3 DEVICE=NX3L4357
U 100 5 10 0 9 3 PKG_TYPE=XXXX
P 11 0 100 20 100 0 2 0
L 25 95 10 0 3 0 1 0 Y2
A 0 100 10 0 3 0 PINTYPE=BI
A 15 100 10 0 9 3 #=7
P 1 0 80 20 80 0 2 0
L 25 75 10 0 3 0 1 0 Y0
A 0 80 10 0 3 0 PINTYPE=BI
A 15 80 10 0 9 3 #=9
E
