V 51
K 317927255900 pca9548a
|R 21:17_5-29-12
Y 1
D -30 0 130 150
Z 10
i 46
U 0 -100 10 0 3 0 DIST_P/N=296-20960-2-ND
U 0 -80 10 0 3 0 DIST=DIGIKEY
U 0 -40 10 0 3 0 MANF_P/N=PCA9544ARGYR
U 0 -20 10 0 3 0 MANF=TI
U 0 -60 10 0 3 0 VALUE=PCA9544A
P 46 130 20 100 20 0 3 0
A 0 0 9 0 3 0 PINTYPE=IN
A 105 20 9 0 3 3 #=21
L 95 20 9 0 8 0 1 0 THERMPAD
P 45 130 30 100 30 0 3 0
L 95 30 9 0 8 0 1 0 GND
A 105 30 9 0 3 3 #=10
A 0 10 9 0 3 0 PINTYPE=IN
P 44 130 50 100 50 0 3 0
L 95 50 9 0 8 0 1 0 INT_B
A 105 50 9 0 3 3 #=17
A 130 50 9 0 9 0 PINTYPE=OUT
P 43 130 70 100 70 0 3 0
A 0 40 9 0 3 0 PINTYPE=IN
A 105 70 9 0 3 3 #=3
L 95 70 9 0 8 0 1 0 A2
P 42 130 80 100 80 0 3 0
A 0 0 9 0 3 0 PINTYPE=IN
A 105 80 9 0 3 3 #=2
L 95 80 9 0 8 0 1 0 A1
P 41 130 90 100 90 0 3 0
A 0 20 9 0 3 0 PINTYPE=IN
A 105 90 9 0 3 3 #=1
L 95 90 9 0 8 0 1 0 A0
P 40 130 105 100 105 0 3 0
L 95 105 9 0 8 0 1 0 SCL
A 105 105 9 0 3 3 #=18
A 0 65 9 0 3 0 PINTYPE=IN
P 39 130 115 100 115 0 3 0
L 95 115 9 0 8 0 1 0 SDA
A 105 115 9 0 3 3 #=19
A 0 65 9 0 3 0 PINTYPE=IN
P 38 130 130 100 130 0 3 0
L 95 130 9 0 8 0 1 0 VCC
A 105 130 9 0 3 3 #=20
A 0 70 6 0 3 0 PINTYPE=IN
P 29 -30 120 0 120 0 2 0
A 0 10 9 0 3 0 PINTYPE=BI
A -5 120 9 0 9 3 #=5
L 5 120 9 0 2 0 1 0 SD0
P 30 -30 110 0 110 0 2 0
A 0 10 9 0 3 0 PINTYPE=OUT
A -5 110 9 0 9 3 #=6
L 5 110 9 0 2 0 1 0 SC0
P 11 -30 100 0 100 0 2 0
L 5 100 9 0 2 0 1 0 INT1_B
A -5 100 9 0 9 3 #=7
A 0 -10 9 0 3 0 PINTYPE=BI
P 12 -30 90 0 90 0 2 0
L 5 90 9 0 2 0 1 0 SD1
A -5 90 9 0 9 3 #=8
A 0 -10 9 0 3 0 PINTYPE=OUT
P 21 -30 80 0 80 0 2 0
A 0 -30 9 0 3 0 PINTYPE=BI
A -5 80 9 0 9 3 #=9
L 5 80 9 0 2 0 1 0 SC1
P 22 -30 70 0 70 0 2 0
A 0 -30 9 0 3 0 PINTYPE=OUT
A -5 70 9 0 9 3 #=11
L 5 70 9 0 2 0 1 0 INT2_B
P 23 -30 60 0 60 0 2 0
L 5 60 9 0 2 0 1 0 SD2
A -5 60 9 0 9 3 #=12
A 0 -50 9 0 3 0 PINTYPE=BI
P 24 -30 50 0 50 0 2 0
L 5 50 9 0 2 0 1 0 SC2
A -5 50 9 0 9 3 #=13
A 0 -50 9 0 3 0 PINTYPE=OUT
P 25 -30 40 0 40 0 2 0
A 0 -70 9 0 3 0 PINTYPE=BI
A -5 40 9 0 9 3 #=14
L 5 40 9 0 2 0 1 0 INT3_B
P 26 -30 30 0 30 0 2 0
A 0 -70 9 0 3 0 PINTYPE=OUT
A -5 30 9 0 9 3 #=15
L 5 30 9 0 2 0 1 0 SD3
P 27 -30 20 0 20 0 2 0
L 5 20 9 0 2 0 1 0 SC3
A -5 20 9 0 9 3 #=16
A 0 -90 9 0 3 0 PINTYPE=BI
P 32 -30 130 0 130 0 2 0
L 5 130 9 0 2 0 1 0 INT0_B
A -5 130 9 0 9 3 #=4
A 0 30 9 0 3 0 PINTYPE=OUT
b 0 10 100 140
U 2 -5 16 0 3 3 REFDES=U?
U 0 140 9 0 3 3 DEVICE=PCA9544A
U 70 0 9 0 3 3 PKG_TYPE=XXX
E
