V 51
K 332426701500 pca
|R 23:45_11-8-10
Y 1
D -30 0 130 130
Z 10
i 34
U 0 -50 10 0 3 0 MANF_P/N=ST2378ETTR
U 0 -40 10 0 3 0 DIST_P/N=497-3730-1-ND
U 0 -30 10 0 3 0 DIST=DIGIKEY
U 0 -20 10 0 3 0 MANF=ST MICROELECTRONICS
U 0 0 9 0 3 0 PARTS=1
U 0 -60 10 0 3 0 VALUE=8BIT
U 0 -70 10 0 3 0 PRICE=2.68
U 0 -10 10 0 3 0 HETERO=ST2378E,(ST2378E_1)
U 2 -15 16 0 3 3 REFDES=U?
U 0 130 9 0 3 3 DEVICE=ST2378E
U 60 -10 9 0 3 3 PKG_TYPE=TSSOP-20
P 33 -30 200 0 200 0 2 0
A 0 90 9 0 3 0 PINTYPE=BI
A -5 200 9 0 9 3 #=20
L 5 200 9 0 2 0 1 0 SD0
P 34 -30 190 0 190 0 2 0
A 0 90 9 0 3 0 PINTYPE=OUT
A -5 190 9 0 9 3 #=19
L 5 190 9 0 2 0 1 0 SC0
P 31 -30 180 0 180 0 2 0
L 5 180 9 0 2 0 1 0 SD1
A -5 180 9 0 9 3 #=20
A 0 70 9 0 3 0 PINTYPE=BI
P 32 -30 170 0 170 0 2 0
L 5 170 9 0 2 0 1 0 SC1
A -5 170 9 0 9 3 #=19
A 0 70 9 0 3 0 PINTYPE=OUT
P 29 -30 160 0 160 0 2 0
A 0 50 9 0 3 0 PINTYPE=BI
A -5 160 9 0 9 3 #=20
L 5 160 9 0 2 0 1 0 SD2
P 30 -30 150 0 150 0 2 0
A 0 50 9 0 3 0 PINTYPE=OUT
A -5 150 9 0 9 3 #=19
L 5 150 9 0 2 0 1 0 SC2
P 27 -30 30 0 30 0 2 0
L 5 30 9 0 2 0 1 0 SD7
A -5 30 9 0 9 3 #=20
A 0 -80 9 0 3 0 PINTYPE=BI
P 28 -30 20 0 20 0 2 0
L 5 20 9 0 2 0 1 0 SC7
A -5 20 9 0 9 3 #=19
A 0 -80 9 0 3 0 PINTYPE=OUT
P 25 -30 50 0 50 0 2 0
A 0 -60 9 0 3 0 PINTYPE=BI
A -5 50 9 0 9 3 #=20
L 5 50 9 0 2 0 1 0 SD6
P 26 -30 40 0 40 0 2 0
A 0 -60 9 0 3 0 PINTYPE=OUT
A -5 40 9 0 9 3 #=19
L 5 40 9 0 2 0 1 0 SC6
P 23 -30 70 0 70 0 2 0
L 5 70 9 0 2 0 1 0 SD5
A -5 70 9 0 9 3 #=20
A 0 -40 9 0 3 0 PINTYPE=BI
P 24 -30 60 0 60 0 2 0
L 5 60 9 0 2 0 1 0 SC5
A -5 60 9 0 9 3 #=19
A 0 -40 9 0 3 0 PINTYPE=OUT
P 21 -30 90 0 90 0 2 0
A 0 -20 9 0 3 0 PINTYPE=BI
A -5 90 9 0 9 3 #=20
L 5 90 9 0 2 0 1 0 SD4
P 22 -30 80 0 80 0 2 0
A 0 -20 9 0 3 0 PINTYPE=OUT
A -5 80 9 0 9 3 #=19
L 5 80 9 0 2 0 1 0 SC4
P 12 -30 100 0 100 0 2 0
L 5 100 9 0 2 0 1 0 SC3
A -5 100 9 0 9 3 #=19
A 0 0 9 0 3 0 PINTYPE=OUT
P 2 130 100 100 100 0 3 0
L 95 100 9 0 8 0 1 0 IOVL1
A 105 100 9 0 3 3 #=2
A 0 0 9 0 3 0 PINTYPE=IN
P 3 130 90 100 90 0 3 0
L 95 90 9 0 8 0 1 0 IOVL2
A 105 90 9 0 3 3 #=18
A 0 0 9 0 3 0 PINTYPE=IN
P 4 130 80 100 80 0 3 0
L 95 80 9 0 8 0 1 0 IOVL3
A 105 80 9 0 3 3 #=4
A 0 0 9 0 3 0 PINTYPE=IN
P 5 130 70 100 70 0 3 0
L 95 70 9 0 8 0 1 0 IOVL4
A 105 70 9 0 3 3 #=16
A 0 0 9 0 3 0 PINTYPE=IN
P 6 130 60 100 60 0 3 0
L 95 60 9 0 8 0 1 0 IOVL5
A 105 60 9 0 3 3 #=6
A 0 0 6 0 3 0 PINTYPE=IN
P 7 130 50 100 50 0 3 0
L 95 50 9 0 8 0 1 0 IOVL6
A 105 50 9 0 3 3 #=14
A 0 0 9 0 3 0 PINTYPE=IN
P 8 130 40 100 40 0 3 0
L 95 40 9 0 8 0 1 0 IOVL7
A 105 40 9 0 3 3 #=8
A 0 0 9 0 3 0 PINTYPE=IN
P 9 130 30 100 30 0 3 0
L 95 30 9 0 8 0 1 0 IOVL8
A 105 30 9 0 3 3 #=12
A 0 0 9 0 3 0 PINTYPE=IN
P 11 -30 110 0 110 0 2 0
L 5 110 9 0 2 0 1 0 SD3
A -5 110 9 0 9 3 #=20
A 0 0 9 0 3 0 PINTYPE=BI
P 1 130 110 100 110 0 3 0
L 95 110 9 0 8 0 1 0 VL
A 105 110 9 0 3 3 #=1
A 0 0 9 0 3 0 PINTYPE=IN
b 0 0 100 130
P 10 130 10 100 10 0 3 0
L 95 10 9 0 8 0 1 0 GND
A 105 10 9 0 3 3 #=10
A 0 -10 9 0 3 0 PINTYPE=IN
E
