V 51
K 251107951000 pcie_x4_a
|R 23:11_4-17-13
Y 1
D 0 0 350 360
Z 10
i 978
P 948 350 325 300 325 0 3 0
A 305 325 10 4 9 3 #=B2
L 295 325 10 4 2 1 1 0 2B_12V
A 355 325 10 4 8 0 PINTYPE=BI
P 949 350 315 300 315 0 3 0
A 305 315 10 4 9 3 #=B3
L 295 315 10 4 2 1 1 0 3B_12V
A 355 315 10 4 8 0 PINTYPE=BI
P 950 350 305 300 305 0 3 0
A 305 305 10 4 9 3 #=B4
L 295 305 10 4 2 1 1 0 4B_GND
A 355 305 10 4 8 0 PINTYPE=BI
P 951 350 295 300 295 0 3 0
A 305 295 10 4 9 3 #=B5
L 295 295 10 4 2 1 1 0 5B_SMCLK
A 355 295 10 4 8 0 PINTYPE=BI
P 952 350 285 300 285 0 3 0
A 305 285 10 4 9 3 #=B6
L 295 285 10 4 2 1 1 0 6B_SMDAT
A 355 285 10 4 8 0 PINTYPE=BI
P 953 350 275 300 275 0 3 0
A 305 275 10 4 9 3 #=B7
L 295 275 10 4 2 1 1 0 7B_GND
A 355 275 10 4 8 0 PINTYPE=BI
P 954 350 265 300 265 0 3 0
A 305 265 10 4 9 3 #=B8
L 295 265 10 4 2 1 1 0 8B_3V3
A 355 265 10 4 8 0 PINTYPE=BI
P 955 350 255 300 255 0 3 0
A 305 255 10 4 9 3 #=B9
L 295 255 10 4 2 1 1 0 9B_TRST_N
A 355 255 10 4 8 0 PINTYPE=BI
P 956 350 245 300 245 0 3 0
A 305 245 10 4 9 3 #=B10
L 295 245 10 4 2 1 1 0 10B_3V3AUX
A 355 245 10 4 8 0 PINTYPE=BI
P 957 350 235 300 235 0 3 0
A 305 235 10 4 9 3 #=B11
L 295 235 10 4 2 1 1 0 11B_WAKE_N
A 355 235 10 4 8 0 PINTYPE=BI
P 958 350 225 300 225 0 3 0
A 305 225 10 4 9 3 #=B12
L 295 225 10 4 2 1 1 0 12B_RSVD
A 355 225 10 4 8 0 PINTYPE=BI
P 959 350 215 300 215 0 3 0
A 305 215 10 4 9 3 #=B13
L 295 215 10 4 2 1 1 0 13B_GND
A 355 215 10 4 8 0 PINTYPE=BI
P 960 350 205 300 205 0 3 0
A 305 205 10 4 9 3 #=B14
L 295 205 10 4 2 1 1 0 14B_HSOP0
A 355 205 10 4 8 0 PINTYPE=BI
P 961 350 195 300 195 0 3 0
A 305 195 10 4 9 3 #=B15
L 295 195 10 4 2 1 1 0 15B_HSON0
A 355 195 10 4 8 0 PINTYPE=BI
P 962 350 185 300 185 0 3 0
A 305 185 10 4 9 3 #=B16
L 295 185 10 4 2 1 1 0 16B_GND
A 355 185 10 4 8 0 PINTYPE=BI
P 963 350 175 300 175 0 3 0
A 305 175 10 4 9 3 #=B17
L 295 175 10 4 2 1 1 0 17B_PRSNT2_N
A 355 175 10 4 8 0 PINTYPE=BI
P 964 350 165 300 165 0 3 0
A 305 165 10 4 9 3 #=B18
L 295 165 10 4 2 1 1 0 18B_GND
A 355 165 10 4 8 0 PINTYPE=BI
P 965 350 155 300 155 0 3 0
A 305 155 10 4 9 3 #=B19
L 295 155 10 4 2 1 1 0 19B_HSOP1
A 355 155 10 4 8 0 PINTYPE=BI
P 966 350 145 300 145 0 3 0
A 305 145 10 4 9 3 #=B20
L 295 145 10 4 2 1 1 0 20B_HSON1
A 355 145 10 4 8 0 PINTYPE=BI
P 967 350 135 300 135 0 3 0
A 305 135 10 4 9 3 #=B21
L 295 135 10 4 2 1 1 0 21B_GND
A 355 135 10 4 8 0 PINTYPE=BI
P 968 350 125 300 125 0 3 0
A 305 125 10 4 9 3 #=B22
L 295 125 10 4 2 1 1 0 22B_GND
A 355 125 10 4 8 0 PINTYPE=BI
P 969 350 115 300 115 0 3 0
A 305 115 10 4 9 3 #=B23
L 295 115 10 4 2 1 1 0 23B_HSOP2
A 355 115 10 4 8 0 PINTYPE=BI
P 970 350 105 300 105 0 3 0
A 305 105 10 4 9 3 #=B24
L 295 105 10 4 2 1 1 0 24B_HSON2
A 355 105 10 4 8 0 PINTYPE=BI
P 971 350 95 300 95 0 3 0
A 305 95 10 4 9 3 #=B25
L 295 95 10 4 2 1 1 0 25B_GND
A 355 95 10 4 8 0 PINTYPE=BI
P 972 350 85 300 85 0 3 0
A 305 85 10 4 9 3 #=B26
L 295 85 10 4 2 1 1 0 26B_GND
A 355 85 10 4 8 0 PINTYPE=BI
P 973 350 75 300 75 0 3 0
A 305 75 10 4 9 3 #=B27
L 295 75 10 4 2 1 1 0 27B_HSOP3
A 355 75 10 4 8 0 PINTYPE=BI
P 974 350 65 300 65 0 3 0
A 305 65 10 4 9 3 #=B28
L 295 65 10 4 2 1 1 0 28B_HSON3
A 355 65 10 4 8 0 PINTYPE=BI
P 975 350 55 300 55 0 3 0
A 305 55 10 4 9 3 #=B29
L 295 55 10 4 2 1 1 0 29B_GND
A 355 55 10 4 8 0 PINTYPE=BI
P 976 350 45 300 45 0 3 0
A 305 45 10 4 9 3 #=B30
L 295 45 10 4 2 1 1 0 30B_RSVD
A 355 45 10 4 8 0 PINTYPE=BI
P 977 350 35 300 35 0 3 0
A 305 35 10 4 9 3 #=B31
L 295 35 10 4 2 1 1 0 31B_PRSNT2_N
A 355 35 10 4 8 0 PINTYPE=BI
P 978 350 25 300 25 0 3 0
A 305 25 10 4 9 3 #=B32
L 295 25 10 4 2 1 1 0 32B_GND
A 355 25 10 4 8 0 PINTYPE=BI
P 10 0 245 50 245 0 2 0
A 45 245 10 0 9 3 #=A10
L 55 245 10 0 2 1 1 0 10A_3v3
A -5 245 10 0 8 0 PINTYPE=BI
P 11 0 235 50 235 0 2 0
A 45 235 10 0 9 3 #=A11
L 55 235 10 0 2 1 1 0 11A_PERST_N
A -5 235 10 0 8 0 PINTYPE=BI
P 12 0 225 50 225 0 2 0
A 45 225 10 0 9 3 #=A12
L 55 225 10 0 2 1 1 0 12A_GND
A -5 225 10 0 8 0 PINTYPE=BI
P 13 0 215 50 215 0 2 0
A 45 215 10 0 9 3 #=A13
L 55 215 10 0 2 1 1 0 13A_REFCLKP
A -5 215 10 0 8 0 PINTYPE=BI
P 14 0 205 50 205 0 2 0
A 45 205 10 0 9 3 #=A14
L 55 205 10 0 2 1 1 0 14A_REFCLKN
A -5 205 10 0 8 0 PINTYPE=BI
P 15 0 195 50 195 0 2 0
A 45 195 10 0 9 3 #=A15
L 55 195 10 0 2 1 1 0 15A_GND
A -5 195 10 0 8 0 PINTYPE=BI
P 16 0 185 50 185 0 2 0
A 45 185 10 0 9 3 #=A16
L 55 185 10 0 2 1 1 0 16A_HSIp0
A -5 185 10 0 8 0 PINTYPE=BI
P 17 0 175 50 175 0 2 0
A 45 175 10 0 9 3 #=A17
L 55 175 10 0 2 1 1 0 17A_HSIn0
A -5 175 10 0 8 0 PINTYPE=BI
P 18 0 165 50 165 0 2 0
A 45 165 10 0 9 3 #=A18
L 55 165 10 0 2 1 1 0 18A_GND
A -5 165 10 0 8 0 PINTYPE=BI
P 19 0 155 50 155 0 2 0
A 45 155 10 0 9 3 #=A19
L 55 155 10 0 2 1 1 0 19A_RSVD
A -5 155 10 0 8 0 PINTYPE=BI
P 1 0 335 50 335 0 2 0
A 45 335 10 0 9 3 #=A1
L 55 335 10 0 2 1 1 0 1A_PRSNT1_N
A -5 335 10 0 8 0 PINTYPE=BI
P 20 0 145 50 145 0 2 0
A 45 145 10 0 9 3 #=A20
L 55 145 10 0 2 1 1 0 20A_GND
A -5 145 10 0 8 0 PINTYPE=BI
P 21 0 135 50 135 0 2 0
A 45 135 10 0 9 3 #=A21
L 55 135 10 0 2 1 1 0 21A_HSIp1
A -5 135 10 0 8 0 PINTYPE=BI
P 22 0 125 50 125 0 2 0
A 45 125 10 0 9 3 #=A22
L 55 125 10 0 2 1 1 0 22A_HSIn1
A -5 125 10 0 8 0 PINTYPE=BI
P 23 0 115 50 115 0 2 0
A 45 115 10 0 9 3 #=A23
L 55 115 10 0 2 1 1 0 23A_GND
A -5 115 10 0 8 0 PINTYPE=BI
P 24 0 105 50 105 0 2 0
A 45 105 10 0 9 3 #=A24
L 55 105 10 0 2 1 1 0 24A_GND
A -5 105 10 0 8 0 PINTYPE=BI
P 25 0 95 50 95 0 2 0
A 45 95 10 0 9 3 #=A25
L 55 95 10 0 2 1 1 0 25A_HSIp2
A -5 95 10 0 8 0 PINTYPE=BI
P 26 0 85 50 85 0 2 0
A 45 85 10 0 9 3 #=A26
L 55 85 10 0 2 1 1 0 26A_HSIn2
A -5 85 10 0 8 0 PINTYPE=BI
P 27 0 75 50 75 0 2 0
A 45 75 10 0 9 3 #=A27
L 55 75 10 0 2 1 1 0 27A_GND
A -5 75 10 0 8 0 PINTYPE=BI
P 28 0 65 50 65 0 2 0
A 45 65 10 0 9 3 #=A28
L 55 65 10 0 2 1 1 0 28A_GND
A -5 65 10 0 8 0 PINTYPE=BI
P 29 0 55 50 55 0 2 0
A 45 55 10 0 9 3 #=A29
L 55 55 10 0 2 1 1 0 29A_HSIp3
A -5 55 10 0 8 0 PINTYPE=BI
P 2 0 325 50 325 0 2 0
A 45 325 10 0 9 3 #=A2
L 55 325 10 0 2 1 1 0 2A_12v
A -5 325 10 0 8 0 PINTYPE=BI
P 30 0 45 50 45 0 2 0
A 45 45 10 0 9 3 #=A30
L 55 45 10 0 2 1 1 0 30A_HSIn3
A -5 45 10 0 8 0 PINTYPE=BI
P 31 0 35 50 35 0 2 0
A 45 35 10 0 9 3 #=A31
L 55 35 10 0 2 1 1 0 31A_GND
A -5 35 10 0 8 0 PINTYPE=BI
P 32 0 25 50 25 0 2 0
A 45 25 10 0 9 3 #=A32
L 55 25 10 0 2 1 1 0 32A_RSVD
A -5 25 10 0 8 0 PINTYPE=BI
P 3 0 315 50 315 0 2 0
A 45 315 10 0 9 3 #=A3
L 55 315 10 0 2 1 1 0 3A_12v
A -5 315 10 0 8 0 PINTYPE=BI
P 4 0 305 50 305 0 2 0
A 45 305 10 0 9 3 #=A4
L 55 305 10 0 2 1 1 0 4A_GND
A -5 305 10 0 8 0 PINTYPE=BI
P 5 0 295 50 295 0 2 0
A 45 295 10 0 9 3 #=A5
L 55 295 10 0 2 1 1 0 5A_TCK
A -5 295 10 0 8 0 PINTYPE=BI
P 6 0 285 50 285 0 2 0
A 45 285 10 0 9 3 #=A6
L 55 285 10 0 2 1 1 0 6A_TDI
A -5 285 10 0 8 0 PINTYPE=BI
P 7 0 275 50 275 0 2 0
A 45 275 10 0 9 3 #=A7
L 55 275 10 0 2 1 1 0 7A_TDO
A -5 275 10 0 8 0 PINTYPE=BI
P 8 0 265 50 265 0 2 0
A 45 265 10 0 9 3 #=A8
L 55 265 10 0 2 1 1 0 8A_TMS
A -5 265 10 0 8 0 PINTYPE=BI
P 9 0 255 50 255 0 2 0
A 45 255 10 0 9 3 #=A9
L 55 255 10 0 2 1 1 0 9A_3v3
A -5 255 10 0 8 0 PINTYPE=BI
b 50 20 300 350
T 180 320 20 0 5 PCI_E
U 125 90 10 0 3 0 PKG_TYPE=PKG_TYPE
P 947 350 335 300 335 0 3 0
A 305 335 10 4 9 3 #=B1
L 295 335 10 4 2 1 1 0 1B_12V
A 355 335 10 4 8 0 PINTYPE=BI
T 180 300 20 0 5 X4
U 60 0 16 0 3 3 REFDES=P?
U 55 350 10 0 3 3 VALUE=VALUE
E
