V 51
K 306766038400 mpt_08
|R 20:13_9-30-10
Y 1
D 0 0 160 380
Z 10
i 115
U 0 -70 10 0 3 1 VALUE=XXX
U 0 -30 10 0 3 0 MANF_P/N=PET-08-02-L-RA-SD
U 0 -20 10 0 3 0 MANF=SAMTEC
U 0 -60 10 0 3 0 PARTS=1
U 0 -50 10 0 3 0 LEVEL=STD
U 0 -40 10 0 3 0 DEVICE=SAMTEC_PET_08_RA
U 0 -10 10 0 3 0 PKG_TYPE=SAMTEC_PET_08_RA
U 25 590 10 0 3 3 REFDES=J?
Q 13 0 0
P 68 0 250 20 250 0 2 0
L 30 245 10 0 3 0 0 0 5V_1
A 0 250 10 0 3 0 PINTYPE=IN
A 0 250 10 0 3 3 #=B1
P 69 0 180 20 180 0 2 0
L 25 175 10 0 3 0 0 0 3V3_1
A 0 180 10 0 3 0 PINTYPE=IN
A 0 180 10 0 3 3 #=C1
P 110 0 110 20 110 0 2 0
L 25 105 10 0 3 0 0 0 GND_1
A 0 110 10 0 3 0 PINTYPE=IN
A 0 110 10 0 3 3 #=D1
P 60 160 320 140 320 0 3 0
L 95 315 10 0 3 0 0 0 VDD_1
A 180 320 10 0 9 0 PINTYPE=IN
A 160 320 10 0 9 3 #=E1
P 34 160 250 140 250 0 3 0
L 95 245 10 0 3 0 0 0 VDDARX_1
A 180 250 10 0 9 0 PINTYPE=IN
A 160 250 10 0 9 3 #=F1
P 109 160 110 140 110 0 3 0
A 165 110 10 0 9 0 PINTYPYE=IN
A 160 110 10 0 9 3 #=H1
L 160 110 10 0 3 0 0 0 VDDA1P8_1
P 67 0 320 20 320 0 2 0
L 30 315 10 0 3 0 0 0 12V_1
A 0 320 10 0 3 0 PINTYPE=IN
A 0 320 10 0 3 3 #=A1
P 97 160 180 140 180 0 3 0
A 165 180 10 0 9 0 PINTYPYE=IN
A 160 180 10 0 9 3 #=G1
L 160 180 10 0 3 0 0 0 VTTX_1
l 2 90 325 120 325
l 2 90 265 120 265
l 2 90 255 120 255
l 2 90 195 120 195
l 2 90 185 120 185
l 2 90 125 120 125
l 2 90 115 120 115
l 2 90 55 120 55
l 2 40 55 70 55
l 2 40 115 70 115
l 2 40 125 70 125
l 2 40 185 70 185
l 2 40 195 70 195
l 2 40 255 70 255
l 2 40 265 70 265
l 2 90 195 90 255
l 2 90 125 90 185
l 2 90 55 90 115
l 2 70 125 70 185
P 72 0 310 20 310 0 2 0
L 30 305 10 0 3 0 0 0 12V_2
A 0 310 10 0 3 0 PINTYPE=IN
A 0 310 10 0 3 3 #=A2
P 73 0 300 20 300 0 2 0
L 30 295 10 0 3 0 0 0 12V_3
A 0 300 10 0 3 0 PINTYPE=IN
A 0 300 10 0 3 3 #=A3
P 74 0 290 20 290 0 2 0
L 30 285 10 0 3 0 0 0 12V_4
A 0 290 10 0 3 0 PINTYPE=IN
A 0 290 10 0 3 3 #=A4
P 76 0 280 20 280 0 2 0
L 30 275 10 0 3 0 0 0 12V_5
A 0 280 10 0 3 0 PINTYPE=IN
A 0 280 10 0 3 3 #=A5
P 75 0 270 20 270 0 2 0
L 30 265 10 0 3 0 0 0 12V_6
A 0 270 10 0 3 0 PINTYPE=IN
A 0 270 10 0 3 3 #=A6
P 82 160 310 140 310 0 3 0
L 95 305 10 0 3 0 0 0 VDD_2
A 180 310 10 0 9 0 PINTYPE=IN
A 160 310 10 0 9 3 #=E2
P 83 160 300 140 300 0 3 0
L 95 295 10 0 3 0 0 0 VDD_3
A 180 300 10 0 9 0 PINTYPE=IN
A 160 300 10 0 9 3 #=E3
P 86 160 290 140 290 0 3 0
L 95 285 10 0 3 0 0 0 VDD_4
A 180 290 10 0 9 0 PINTYPE=IN
A 160 290 10 0 9 3 #=E4
P 85 160 280 140 280 0 3 0
L 95 275 10 0 3 0 0 0 VDD_5
A 180 280 10 0 9 0 PINTYPE=IN
A 160 280 10 0 9 3 #=E5
P 84 160 270 140 270 0 3 0
L 95 265 10 0 3 0 0 0 VDD_6
A 180 270 10 0 9 0 PINTYPE=IN
A 160 270 10 0 9 3 #=E6
P 77 0 240 20 240 0 2 0
L 30 235 10 0 3 0 0 0 5V_2
A 0 240 10 0 3 0 PINTYPE=IN
A 0 240 10 0 3 3 #=B2
P 78 0 230 20 230 0 2 0
L 30 225 10 0 3 0 0 0 5V_3
A 0 230 10 0 3 0 PINTYPE=IN
A 0 230 10 0 3 3 #=B3
P 81 0 220 20 220 0 2 0
L 30 215 10 0 3 0 0 0 5V_4
A 0 220 10 0 3 0 PINTYPE=IN
A 0 220 10 0 3 3 #=B4
P 80 0 210 20 210 0 2 0
L 30 205 10 0 3 0 0 0 5V_5
A 0 210 10 0 3 0 PINTYPE=IN
A 0 210 10 0 3 3 #=B5
P 79 0 200 20 200 0 2 0
L 30 195 10 0 3 0 0 0 5V_6
A 0 200 10 0 3 0 PINTYPE=IN
A 0 200 10 0 3 3 #=B6
P 92 0 170 20 170 0 2 0
L 25 165 10 0 3 0 0 0 3V3_2
A 0 170 10 0 3 0 PINTYPE=IN
A 0 170 10 0 3 3 #=C2
P 94 0 160 20 160 0 2 0
L 25 155 10 0 3 0 0 0 3V3_3
A 0 160 10 0 3 0 PINTYPE=IN
A 0 160 10 0 3 3 #=C3
P 93 0 150 20 150 0 2 0
L 25 145 10 0 3 0 0 0 3V3_4
A 0 150 10 0 3 0 PINTYPE=IN
A 0 150 10 0 3 3 #=C4
P 96 0 140 20 140 0 2 0
L 25 135 10 0 3 0 0 0 3V3_5
A 0 140 10 0 3 0 PINTYPE=IN
A 0 140 10 0 3 3 #=C5
P 95 0 130 20 130 0 2 0
L 25 125 10 0 3 0 0 0 3V3_6
A 0 130 10 0 3 0 PINTYPE=IN
A 0 130 10 0 3 3 #=C6
P 111 0 100 20 100 0 2 0
L 25 95 10 0 3 0 0 0 GND_2
A 0 100 10 0 3 0 PINTYPE=IN
A 0 100 10 0 3 3 #=D2
P 112 0 90 20 90 0 2 0
L 25 85 10 0 3 0 0 0 GND_3
A 0 90 10 0 3 0 PINTYPE=IN
A 0 90 10 0 3 3 #=D3
P 114 0 80 20 80 0 2 0
L 25 75 10 0 3 0 0 0 GND_4
A 0 80 10 0 3 0 PINTYPE=IN
A 0 80 10 0 3 3 #=D4
P 113 0 70 20 70 0 2 0
L 25 65 10 0 3 0 0 0 GND_5
A 0 70 10 0 3 0 PINTYPE=IN
A 0 70 10 0 3 3 #=D5
P 115 0 60 20 60 0 2 0
L 25 55 10 0 3 0 0 0 GND_6
A 0 60 10 0 3 0 PINTYPE=IN
A 0 60 10 0 3 3 #=D6
P 107 160 100 140 100 0 3 0
A 165 100 10 0 9 0 PINTYPYE=IN
A 160 100 10 0 9 3 #=H2
L 160 100 10 0 3 0 0 0 VDDA1P8_2
P 108 160 90 140 90 0 3 0
A 165 90 10 0 9 0 PINTYPYE=IN
A 160 90 10 0 9 3 #=H3
L 160 90 10 0 3 0 0 0 VDDA1P8_1-3
P 104 160 80 140 80 0 3 0
A 165 80 10 0 9 0 PINTYPYE=IN
A 160 80 10 0 9 3 #=H4
L 160 80 10 0 3 0 0 0 VDDA1P8_4
P 105 160 70 140 70 0 3 0
A 165 70 10 0 9 0 PINTYPYE=IN
A 160 70 10 0 9 3 #=H5
L 160 70 10 0 3 0 0 0 VDDA1P8_5
P 106 160 60 140 60 0 3 0
A 165 60 10 0 9 0 PINTYPYE=IN
A 160 60 10 0 9 3 #=H6
L 160 60 10 0 3 0 0 0 VDDA1P8_6
P 99 160 170 140 170 0 3 0
A 165 170 10 0 9 0 PINTYPYE=IN
A 160 170 10 0 9 3 #=G2
L 160 170 10 0 3 0 0 0 VTTX_2
P 100 160 160 140 160 0 3 0
A 165 160 10 0 9 0 PINTYPYE=IN
A 160 160 10 0 9 3 #=G3
L 160 160 10 0 3 0 0 0 VTTX_3
P 101 160 150 140 150 0 3 0
A 165 150 10 0 9 0 PINTYPYE=IN
A 160 150 10 0 9 3 #=G4
L 160 150 10 0 3 0 0 0 VTTX_4
P 102 160 140 140 140 0 3 0
A 165 140 10 0 9 0 PINTYPYE=IN
A 160 140 10 0 9 3 #=G5
L 160 140 10 0 3 0 0 0 VTTX_5
P 103 160 130 140 130 0 3 0
A 165 130 10 0 9 0 PINTYPYE=IN
A 160 130 10 0 9 3 #=G6
L 160 130 10 0 3 0 0 0 VTTX_6
P 87 160 240 140 240 0 3 0
L 95 235 10 0 3 0 0 0 VDDARX_2
A 180 240 10 0 9 0 PINTYPE=IN
A 160 240 10 0 9 3 #=F2
P 88 160 230 140 230 0 3 0
L 95 225 10 0 3 0 0 0 VDDARX_3
A 180 230 10 0 9 0 PINTYPE=IN
A 160 230 10 0 9 3 #=F3
P 91 160 220 140 220 0 3 0
L 95 215 10 0 3 0 0 0 VDDARX_4
A 180 220 10 0 9 0 PINTYPE=IN
A 160 220 10 0 9 3 #=F4
P 90 160 210 140 210 0 3 0
L 95 205 10 0 3 0 0 0 VDDARX_5
A 180 210 10 0 9 0 PINTYPE=IN
A 160 210 10 0 9 3 #=F5
P 89 160 200 140 200 0 3 0
L 95 195 10 0 3 0 0 0 VDDARX_6
A 180 200 10 0 9 0 PINTYPE=IN
A 160 200 10 0 9 3 #=F6
l 2 70 55 70 115
T 30 290 10 0 3 VCCINT
Q 15 0 0
T 30 150 10 0 3 VCCINT
Q 15 0 0
T 30 80 10 0 3 GND
Q 15 0 0
T 110 150 10 0 3 GND
Q 15 0 0
T 95 80 10 0 3 VCCINT
Q 15 0 0
T 95 220 10 0 3 VCCAUX
Q 15 0 0
T 110 290 10 0 3 GND
Q 15 0 0
l 2 70 265 70 325
l 2 90 265 90 325
l 2 70 195 70 255
b 20 20 140 360
l 2 40 325 70 325
T 30 220 10 0 3 GND
Q 15 0 0
E
