V 53
K 364874243000 qth_120_a
F Case
|R 1:11_9-10-10
Y 1
D 0 0 320 800
Z 10
i 266
P 259 0 80 20 80 0 2 0
L 35 75 10 0 3 0 1 0 APPCLK_EN_B
A -20 80 10 0 3 0 PINTYPE=IN
A 0 80 10 0 3 3 #=32
P 204 0 60 20 60 0 2 0
L 35 55 10 0 3 0 1 0 CCLK_EN_B
A -20 60 10 0 3 0 PINTYPE=BI
A 0 60 10 0 3 3 #=30
P 201 0 140 20 140 0 2 0
L 35 135 10 0 3 0 1 0 CCLK_SEL
A -20 140 10 0 3 0 PINTYPE=BI
A 0 140 10 0 3 3 #=44
P 171 320 740 300 740 0 3 0
L 285 735 10 0 9 0 1 0 D0
A 340 740 10 0 9 0 PINTYPE=IN
A 320 740 10 0 9 3 #=1
P 179 320 720 300 720 0 3 0
L 285 715 10 0 9 0 1 0 D1
A 340 720 10 0 9 0 PINTYPE=IN
A 320 720 10 0 9 3 #=3
P 222 320 540 300 540 0 3 0
L 285 535 10 0 9 0 1 0 D10
A 340 540 10 0 9 0 PINTYPE=IN
A 320 540 10 0 9 3 #=21
P 218 320 520 300 520 0 3 0
L 285 515 10 0 9 0 1 0 D11
A 340 520 10 0 9 0 PINTYPE=IN
A 320 520 10 0 9 3 #=23
P 219 320 500 300 500 0 3 0
L 285 495 10 0 9 0 1 0 D12
A 340 500 10 0 9 0 PINTYPE=IN
A 320 500 10 0 9 3 #=25
P 220 320 480 300 480 0 3 0
L 285 475 10 0 9 0 1 0 D13
A 340 480 10 0 9 0 PINTYPE=IN
A 320 480 10 0 9 3 #=27
P 215 320 460 300 460 0 3 0
L 285 455 10 0 9 0 1 0 D14
A 340 460 10 0 9 0 PINTYPE=IN
A 320 460 10 0 9 3 #=29
P 216 320 440 300 440 0 3 0
L 285 435 10 0 9 0 1 0 D15
A 340 440 10 0 9 0 PINTYPE=IN
A 320 440 10 0 9 3 #=31
P 217 320 420 300 420 0 3 0
L 285 415 10 0 9 0 1 0 D16
A 340 420 10 0 9 0 PINTYPE=IN
A 320 420 10 0 9 3 #=33
P 237 320 400 300 400 0 3 0
L 285 395 10 0 9 0 1 0 D17
A 340 400 10 0 9 0 PINTYPE=IN
A 320 400 10 0 9 3 #=35
P 238 320 380 300 380 0 3 0
L 285 375 10 0 9 0 1 0 D18
A 340 380 10 0 9 0 PINTYPE=IN
A 320 380 10 0 9 3 #=37
P 239 320 360 300 360 0 3 0
L 285 355 10 0 9 0 1 0 D19
A 340 360 10 0 9 0 PINTYPE=IN
A 320 360 10 0 9 3 #=39
P 178 320 700 300 700 0 3 0
L 285 695 10 0 9 0 1 0 D2
A 340 700 10 0 9 0 PINTYPE=IN
A 320 700 10 0 9 3 #=5
P 234 320 340 300 340 0 3 0
L 285 335 10 0 9 0 1 0 D20
A 340 340 10 0 9 0 PINTYPE=IN
A 320 340 10 0 9 3 #=41
P 235 320 320 300 320 0 3 0
L 285 315 10 0 9 0 1 0 D21
A 340 320 10 0 9 0 PINTYPE=IN
A 320 320 10 0 9 3 #=43
P 236 320 300 300 300 0 3 0
L 285 295 10 0 9 0 1 0 D22
A 340 300 10 0 9 0 PINTYPE=IN
A 320 300 10 0 9 3 #=45
P 231 320 280 300 280 0 3 0
L 285 275 10 0 9 0 1 0 D23
A 340 280 10 0 9 0 PINTYPE=IN
A 320 280 10 0 9 3 #=47
P 232 320 260 300 260 0 3 0
L 285 255 10 0 9 0 1 0 D24
A 340 260 10 0 9 0 PINTYPE=IN
A 320 260 10 0 9 3 #=49
P 233 320 240 300 240 0 3 0
L 285 235 10 0 9 0 1 0 D25
A 340 240 10 0 9 0 PINTYPE=IN
A 320 240 10 0 9 3 #=51
P 229 320 220 300 220 0 3 0
L 285 215 10 0 9 0 1 0 D26
A 340 220 10 0 9 0 PINTYPE=IN
A 320 220 10 0 9 3 #=53
P 230 320 200 300 200 0 3 0
L 285 195 10 0 9 0 1 0 D27
A 340 200 10 0 9 0 PINTYPE=IN
A 320 200 10 0 9 3 #=55
P 226 320 180 300 180 0 3 0
L 285 175 10 0 9 0 1 0 D28
A 340 180 10 0 9 0 PINTYPE=IN
A 320 180 10 0 9 3 #=57
P 227 320 160 300 160 0 3 0
L 285 155 10 0 9 0 1 0 D29
A 340 160 10 0 9 0 PINTYPE=IN
A 320 160 10 0 9 3 #=59
P 209 320 680 300 680 0 3 0
L 285 675 10 0 9 0 1 0 D3
A 340 680 10 0 9 0 PINTYPE=IN
A 320 680 10 0 9 3 #=7
P 252 320 140 300 140 0 3 0
L 285 135 10 0 9 0 1 0 D30
A 340 140 10 0 9 0 PINTYPE=IN
A 320 140 10 0 9 3 #=61
P 253 320 120 300 120 0 3 0
L 285 115 10 0 9 0 1 0 D31
A 340 120 10 0 9 0 PINTYPE=IN
A 320 120 10 0 9 3 #=63
P 210 320 660 300 660 0 3 0
L 285 655 10 0 9 0 1 0 D4
A 340 660 10 0 9 0 PINTYPE=IN
A 320 660 10 0 9 3 #=9
P 211 320 640 300 640 0 3 0
L 285 635 10 0 9 0 1 0 D5
A 340 640 10 0 9 0 PINTYPE=IN
A 320 640 10 0 9 3 #=11
P 212 320 620 300 620 0 3 0
L 285 615 10 0 9 0 1 0 D6
A 340 620 10 0 9 0 PINTYPE=IN
A 320 620 10 0 9 3 #=13
P 213 320 600 300 600 0 3 0
L 285 595 10 0 9 0 1 0 D7
A 340 600 10 0 9 0 PINTYPE=IN
A 320 600 10 0 9 3 #=15
P 214 320 580 300 580 0 3 0
L 285 575 10 0 9 0 1 0 D8
A 340 580 10 0 9 0 PINTYPE=IN
A 320 580 10 0 9 3 #=17
P 221 320 560 300 560 0 3 0
L 285 555 10 0 9 0 1 0 D9
A 340 560 10 0 9 0 PINTYPE=IN
A 320 560 10 0 9 3 #=19
P 262 320 80 300 80 0 3 0
L 255 75 10 0 3 0 0 0 GND7
A 340 80 10 0 9 0 PINTYPE=IN
A 320 80 10 0 9 3 #=127
P 265 320 60 300 60 0 3 0
L 255 55 10 0 3 0 0 0 GND8
A 340 60 10 0 9 0 PINTYPE=IN
A 320 60 10 0 9 3 #=128
P 205 0 100 20 100 0 2 0
L 35 95 10 0 3 0 1 0 JTAG_EN_B
A -20 100 10 0 3 0 PINTYPE=BI
A 0 100 10 0 3 3 #=28
P 266 0 120 20 120 0 2 0
L 35 115 10 0 3 0 1 0 POR_B
A -20 120 10 0 3 0 PINTYPE=IN
A 0 120 10 0 3 3 #=68
P 127 0 280 20 280 0 2 0
L 35 275 10 0 3 0 0 0 SPARE1
A -20 280 10 0 3 0 PINTYPE=BI
A 0 280 10 0 3 3 #=12
P 149 0 260 20 260 0 2 0
L 35 255 10 0 3 0 0 0 SPARE2
A -20 260 10 0 3 0 PINTYPE=BI
A 0 260 10 0 3 3 #=14
P 202 0 240 20 240 0 2 0
L 35 235 10 0 3 0 0 0 SPARE3
A -20 240 10 0 3 0 PINTYPE=BI
A 0 240 10 0 3 3 #=42
P 248 0 220 20 220 0 2 0
L 35 215 10 0 3 0 0 0 SPARE4
A -20 220 10 0 3 0 PINTYPE=BI
A 0 220 10 0 3 3 #=54
P 206 0 200 20 200 0 2 0
L 35 195 10 0 3 0 0 0 SPARE5
A -20 200 10 0 3 0 PINTYPE=BI
A 0 200 10 0 3 3 #=58
P 207 0 180 20 180 0 2 0
L 35 175 10 0 3 0 0 0 SPARE6
A -20 180 10 0 3 0 PINTYPE=BI
A 0 180 10 0 3 3 #=60
P 264 0 160 20 160 0 2 0
L 35 155 10 0 3 0 0 0 SPARE8
A -20 160 10 0 3 0 PINTYPE=BI
A 0 160 10 0 3 3 #=62
P 200 0 320 20 320 0 2 0
L 35 315 10 0 3 0 1 0 STACK_SIZE2
A -20 320 10 0 3 0 PINTYPE=BI
A 0 320 10 0 3 3 #=46
P 199 0 340 20 340 0 2 0
L 35 335 10 0 3 0 1 0 STACK_SIZE3
A -20 340 10 0 3 0 PINTYPE=BI
A 0 340 10 0 3 3 #=48
P 198 0 360 20 360 0 2 0
L 35 355 10 0 3 0 1 0 STACK_SIZE4
A -20 360 10 0 3 0 PINTYPE=BI
A 0 360 10 0 3 3 #=50
P 258 0 300 20 300 0 2 0
L 35 295 10 0 3 0 1 0 STACK_SIZE_FAULT
A -20 300 10 0 3 0 PINTYPE=OUT
A 0 300 10 0 3 3 #=52
P 167 0 540 20 540 0 2 0
L 35 535 10 0 3 0 0 0 VCC25A
A -20 540 10 0 3 0 PINTYPE=BI
A 0 540 10 0 3 3 #=20
P 135 0 520 20 520 0 2 0
L 35 515 10 0 3 0 0 0 VCC25B
A -20 520 10 0 3 0 PINTYPE=BI
A 0 520 10 0 3 3 #=22
P 116 0 500 20 500 0 2 0
L 35 495 10 0 3 0 0 0 VCC25C
A -20 500 10 0 3 0 PINTYPE=BI
A 0 500 10 0 3 3 #=24
P 156 0 480 20 480 0 2 0
L 35 475 10 0 3 0 0 0 VCC25D
A -20 480 10 0 3 0 PINTYPE=BI
A 0 480 10 0 3 3 #=26
P 102 0 640 20 640 0 2 0
L 35 635 10 0 3 0 0 0 VCC33A
A -20 640 10 0 3 0 PINTYPE=BI
A 0 640 10 0 3 3 #=2
P 112 0 620 20 620 0 2 0
L 35 615 10 0 3 0 0 0 VCC33B
A -20 620 10 0 3 0 PINTYPE=BI
A 0 620 10 0 3 3 #=4
P 114 0 600 20 600 0 2 0
L 35 595 10 0 3 0 0 0 VCC33C
A -20 600 10 0 3 0 PINTYPE=BI
A 0 600 10 0 3 3 #=6
P 115 0 580 20 580 0 2 0
L 25 575 10 0 3 0 0 0 VCC33D
A -20 580 10 0 3 0 PINTYPE=BI
A 0 580 10 0 3 3 #=8
P 128 0 740 20 740 0 2 0
L 35 735 10 0 3 0 0 0 VCC50A
A -20 740 10 0 3 0 PINTYPE=BI
A 0 740 10 0 3 3 #=34
P 119 0 720 20 720 0 2 0
L 35 715 10 0 3 0 0 0 VCC50B
A -20 720 10 0 3 0 PINTYPE=BI
A 0 720 10 0 3 3 #=36
P 118 0 700 20 700 0 2 0
L 35 695 10 0 3 0 0 0 VCC50C
A -20 700 10 0 3 0 PINTYPE=BI
A 0 700 10 0 3 3 #=38
P 103 0 680 20 680 0 2 0
L 35 675 10 0 3 0 0 0 VCC50D
A -20 680 10 0 3 0 PINTYPE=BI
A 0 680 10 0 3 3 #=40
P 147 0 420 20 420 0 2 0
L 35 415 10 0 3 0 1 0 VCCAUX_REF
Q 12 0 0
A -20 420 10 0 3 0 PINTYPE=BI
A 0 420 10 0 3 3 #=16
P 126 0 440 20 440 0 2 0
L 35 435 10 0 3 0 1 0 VCCO_REF
Q 12 0 0
A -20 440 10 0 3 0 PINTYPE=IN
A 0 440 10 0 3 3 #=10
P 113 0 400 20 400 0 2 0
L 35 395 10 0 3 0 1 0 VCCO_REG
Q 12 0 0
A -20 400 10 0 3 0 PINTYPE=BI
A 0 400 10 0 3 3 #=18
U 0 -80 10 0 3 0 DESCRIPTION
U 0 -70 10 0 3 0 PART_TYPE
U 0 -50 10 0 3 0 MANF_P/N=QSH-060-01-H-D-A
U 0 -40 10 0 3 0 VENDOR=SAMTEC
U 0 -20 10 0 3 0 DEVICE=SAMTEC_QSH-060-01-X-D-A
U -20 -185 10 0 3 0 LEVEL=STD
U 0 -30 10 0 3 0 HETERO=(QSH_120_A),(QSH_120_B)
U -200 350 10 0 3 0 PKG_TYPE=SAMTEC_QSH_060_01_X_D_A
l 2 280 25 260 15
l 2 260 15 240 25
l 2 240 25 220 15
l 2 220 15 200 25
l 2 200 25 180 15
l 2 160 25 140 15
l 2 140 15 120 25
l 2 120 25 100 15
l 2 100 15 80 25
T 35 155 10 0 3 SPARE
Q 14 0 0
T 35 475 10 0 3 VCC25
Q 12 0 0
T 35 495 10 0 3 VCC25
Q 12 0 0
T 35 515 10 0 3 VCC25
Q 12 0 0
T 35 595 10 0 3 VCC33
Q 12 0 0
T 35 615 10 0 3 VCC33
Q 12 0 0
T 35 635 10 0 3 VCC33
Q 12 0 0
T 35 675 10 0 3 VCC5
Q 12 0 0
T 35 695 10 0 3 VCC5
Q 12 0 0
T 35 715 10 0 3 VCC5
Q 12 0 0
T 285 75 10 0 9 GND
T 35 175 10 0 3 SPARE
Q 14 0 0
T 35 195 10 0 3 SPARE
Q 14 0 0
T 35 215 10 0 3 SPARE
Q 14 0 0
T 35 235 10 0 3 SPARE
Q 14 0 0
T 35 255 10 0 3 SPARE
Q 14 0 0
l 2 80 1560 560 1560
Q 14 0 0
T 35 275 10 0 3 SPARE
Q 14 0 0
T 35 735 10 0 3 VCC5
Q 12 0 0
T 35 575 10 0 3 VCC33
Q 12 0 0
T 35 535 10 0 3 VCC25
Q 12 0 0
l 2 80 25 60 15
l 2 60 15 40 25
l 2 40 25 20 20
l 2 300 20 280 25
T 160 715 14 0 6 QSH_120_A
Q 11 0 0
T 160 730 14 0 6 FPGA
Q 11 0 0
T 160 700 14 0 6 BOTTOM-SIDE
Q 11 0 0
T 285 55 10 0 9 GND
U 25 0 16 0 3 3 REFDES=J?
U 30 780 10 0 3 3 VALUE=SAMTEC_QSH-060-01-X-D-A
l 2 20 780 20 20
l 2 300 780 20 780
l 2 300 20 300 780
l 2 180 15 160 25
E
