V 51
K 1357665637 SAMTEC_QTH_060_D.1
|R 21:22_1-9-13
Y 1
D 0 -30 170 754
Z 10
i 132
U 100 -30 10 0 3 3 DEVICE=SAMTEC_QTH_060_D
U 0 740 10 0 3 1 REFDES=J?
U 0 -40 10 0 3 0 PARTS=1
U 0 -50 10 0 3 0 LEVEL=STD
U 10 -30 10 0 3 3 PKG_TYPE=SAMTEC_QTH_060_D
U 0 -30 10 0 1 0 FORWARD_PCB=1
P 2 0 40 20 40 0 2 0
L 20 40 10 0 2 0 1 0 A1_N
A 18 50 10 0 7 3 #=1
A 30 35 10 0 2 0 PINTYPE=BI
P 3 0 50 20 50 0 2 0
L 20 50 10 0 2 0 1 0 A2_P
A 18 60 10 0 7 3 #=3
A 30 45 10 0 2 0 PINTYPE=BI
P 4 0 60 20 60 0 2 0
L 20 60 10 0 2 0 1 0 A3_N
A 18 70 10 0 7 3 #=5
A 30 55 10 0 2 0 PINTYPE=BI
P 5 0 70 20 70 0 2 0
L 20 70 10 0 2 0 1 0 A4_P
A 18 80 10 0 7 3 #=7
A 30 65 10 0 2 0 PINTYPE=BI
P 6 0 80 20 80 0 2 0
L 20 80 10 0 2 0 1 0 A5_N
A 18 90 10 0 7 3 #=9
A 30 75 10 0 2 0 PINTYPE=BI
P 7 0 90 20 90 0 2 0
L 20 90 10 0 2 0 1 0 A6_P
A 18 100 10 0 7 3 #=11
A 20 85 10 0 2 0 PINTYPE=BI
P 8 0 100 20 100 0 2 0
L 20 100 10 0 2 0 1 0 A7_N
A 18 110 10 0 7 3 #=13
A 20 95 10 0 2 0 PINTYPE=BI
P 9 0 110 20 110 0 2 0
L 20 110 10 0 2 0 1 0 A8_P
A 18 120 10 0 7 3 #=15
A 20 105 10 0 2 0 PINTYPE=BI
P 10 0 120 20 120 0 2 0
L 20 120 10 0 2 0 1 0 A9_N
A 18 130 10 0 7 3 #=17
A 20 115 10 0 2 0 PINTYPE=BI
P 11 0 130 20 130 0 2 0
L 20 130 10 0 2 0 1 0 A10_P
A 18 140 10 0 7 3 #=19
A 20 125 10 0 2 0 PINTYPE=BI
P 12 0 140 20 140 0 2 0
L 20 140 10 0 2 0 1 0 A11_N
A 18 150 10 0 7 3 #=21
A 20 135 10 0 2 0 PINTYPE=BI
P 13 0 150 20 150 0 2 0
L 20 150 10 0 2 0 1 0 A12_P
A 18 160 10 0 7 3 #=23
A 20 145 10 0 2 0 PINTYPE=BI
P 14 0 160 20 160 0 2 0
L 20 160 10 0 2 0 1 0 A13_N
A 18 170 10 0 7 3 #=25
A 20 155 10 0 2 0 PINTYPE=BI
P 15 0 170 20 170 0 2 0
L 20 170 10 0 2 0 1 0 A14_P
A 18 180 10 0 7 3 #=27
A 20 165 10 0 2 0 PINTYPE=BI
P 16 0 180 20 180 0 2 0
L 20 180 10 0 2 0 1 0 A15_N
A 18 190 10 0 7 3 #=29
A 20 175 10 0 2 0 PINTYPE=BI
P 17 0 190 20 190 0 2 0
L 20 190 10 0 2 0 1 0 A16_P
A 18 200 10 0 7 3 #=31
A 20 185 10 0 2 0 PINTYPE=BI
P 18 0 200 20 200 0 2 0
L 20 200 10 0 2 0 1 0 A17_N
A 18 210 10 0 7 3 #=33
A 20 195 10 0 2 0 PINTYPE=BI
P 19 0 210 20 210 0 2 0
L 20 210 10 0 2 0 1 0 A18_P
A 18 220 10 0 7 3 #=35
A 20 205 10 0 2 0 PINTYPE=BI
P 20 0 220 20 220 0 2 0
L 20 220 10 0 2 0 1 0 A19_N
A 18 230 10 0 7 3 #=37
A 20 215 10 0 2 0 PINTYPE=BI
P 21 0 230 20 230 0 2 0
L 20 230 10 0 2 0 1 0 A20_P
A 18 240 10 0 7 3 #=39
A 20 225 10 0 2 0 PINTYPE=BI
P 22 0 240 20 240 0 2 0
L 20 240 10 0 2 0 1 0 A21_N
A 18 250 10 0 7 3 #=41
A 20 235 10 0 2 0 PINTYPE=BI
P 23 0 250 20 250 0 2 0
L 20 250 10 0 2 0 1 0 A22_P
A 18 260 10 0 7 3 #=43
A 20 245 10 0 2 0 PINTYPE=BI
P 24 0 260 20 260 0 2 0
L 20 260 10 0 2 0 1 0 A23_N
A 18 270 10 0 7 3 #=45
A 20 255 10 0 2 0 PINTYPE=BI
P 25 0 270 20 270 0 2 0
L 20 270 10 0 2 0 1 0 A24_P
A 18 280 10 0 7 3 #=47
A 20 265 10 0 2 0 PINTYPE=BI
P 26 0 280 20 280 0 2 0
L 20 280 10 0 2 0 1 0 A25_N
A 18 290 10 0 7 3 #=49
A 20 275 10 0 2 0 PINTYPE=BI
P 27 0 290 20 290 0 2 0
L 20 290 10 0 2 0 1 0 A26_P
A 18 300 10 0 7 3 #=51
A 20 285 10 0 2 0 PINTYPE=BI
P 28 0 300 20 300 0 2 0
L 20 300 10 0 2 0 1 0 A27_N
A 18 310 10 0 7 3 #=53
A 20 295 10 0 2 0 PINTYPE=BI
P 29 0 310 20 310 0 2 0
L 20 310 10 0 2 0 1 0 A28_P
A 18 320 10 0 7 3 #=55
A 20 305 10 0 2 0 PINTYPE=BI
P 30 0 320 20 320 0 2 0
L 20 320 10 0 2 0 1 0 A29_N
A 18 330 10 0 7 3 #=57
A 20 315 10 0 2 0 PINTYPE=BI
P 31 0 330 20 330 0 2 0
L 20 330 10 0 2 0 1 0 A30_P
A 18 340 10 0 7 3 #=59
A 20 325 10 0 2 0 PINTYPE=BI
P 32 0 20 20 20 0 2 0
L 20 20 10 0 2 0 1 0 G1
A 18 30 10 0 7 3 #=121
A 10 15 10 0 2 0 PINTYPE=BI
P 33 0 350 20 350 0 2 0
L 20 350 10 0 2 0 1 0 G2
A 18 360 10 0 7 3 #=123
A 10 345 10 0 2 0 PINTYPE=BI
P 34 0 0 20 0 0 2 0
L 20 0 10 0 2 0 1 0 MT1
A 18 10 10 0 7 3 #=MT1
A 10 -5 10 0 2 0 PINTYPE=BI
P 35 0 390 20 390 0 2 0
L 20 390 10 0 2 0 1 0 A31_N
A 18 400 10 0 7 3 #=61
A 20 385 10 0 2 0 PINTYPE=BI
P 36 0 400 20 400 0 2 0
L 20 400 10 0 2 0 1 0 A32_P
A 18 410 10 0 7 3 #=63
A 20 395 10 0 2 0 PINTYPE=BI
P 37 0 410 20 410 0 2 0
L 20 410 10 0 2 0 1 0 A33_N
A 18 420 10 0 7 3 #=65
A 20 405 10 0 2 0 PINTYPE=BI
P 38 0 420 20 420 0 2 0
L 20 420 10 0 2 0 1 0 A34_P
A 18 430 10 0 7 3 #=67
A 20 415 10 0 2 0 PINTYPE=BI
P 39 0 430 20 430 0 2 0
L 20 430 10 0 2 0 1 0 A35_N
A 18 440 10 0 7 3 #=69
A 20 425 10 0 2 0 PINTYPE=BI
P 40 0 440 20 440 0 2 0
L 20 440 10 0 2 0 1 0 A36_P
A 18 450 10 0 7 3 #=71
A 20 435 10 0 2 0 PINTYPE=BI
P 41 0 450 20 450 0 2 0
L 20 450 10 0 2 0 1 0 A37_N
A 18 460 10 0 7 3 #=73
A 20 445 10 0 2 0 PINTYPE=BI
P 42 0 460 20 460 0 2 0
L 20 460 10 0 2 0 1 0 A38_P
A 18 470 10 0 7 3 #=75
A 20 455 10 0 2 0 PINTYPE=BI
P 43 0 470 20 470 0 2 0
L 20 470 10 0 2 0 1 0 A39_N
A 18 480 10 0 7 3 #=77
A 20 465 10 0 2 0 PINTYPE=BI
P 44 0 480 20 480 0 2 0
L 20 480 10 0 2 0 1 0 A40_P
A 18 490 10 0 7 3 #=79
A 20 475 10 0 2 0 PINTYPE=BI
P 45 0 490 20 490 0 2 0
L 20 490 10 0 2 0 1 0 A41_N
A 18 500 10 0 7 3 #=81
A 20 485 10 0 2 0 PINTYPE=BI
P 46 0 500 20 500 0 2 0
L 20 500 10 0 2 0 1 0 A42_P
A 18 510 10 0 7 3 #=83
A 20 495 10 0 2 0 PINTYPE=BI
P 47 0 510 20 510 0 2 0
L 20 510 10 0 2 0 1 0 A43_N
A 18 520 10 0 7 3 #=85
A 20 505 10 0 2 0 PINTYPE=BI
P 48 0 520 20 520 0 2 0
L 20 520 10 0 2 0 1 0 A44_P
A 18 530 10 0 7 3 #=87
A 20 515 10 0 2 0 PINTYPE=BI
P 49 0 530 20 530 0 2 0
L 20 530 10 0 2 0 1 0 A45_N
A 18 540 10 0 7 3 #=89
A 20 525 10 0 2 0 PINTYPE=BI
P 50 0 540 20 540 0 2 0
L 20 540 10 0 2 0 1 0 A46_P
A 18 550 10 0 7 3 #=91
A 20 535 10 0 2 0 PINTYPE=BI
P 51 0 550 20 550 0 2 0
L 20 550 10 0 2 0 1 0 A47_N
A 18 560 10 0 7 3 #=93
A 20 545 10 0 2 0 PINTYPE=BI
P 52 0 560 20 560 0 2 0
L 20 560 10 0 2 0 1 0 A48_P
A 18 570 10 0 7 3 #=95
A 20 555 10 0 2 0 PINTYPE=BI
P 53 0 570 20 570 0 2 0
L 20 570 10 0 2 0 1 0 A49_N
A 18 580 10 0 7 3 #=97
A 20 565 10 0 2 0 PINTYPE=BI
P 54 0 580 20 580 0 2 0
L 20 580 10 0 2 0 1 0 A50_P
A 18 590 10 0 7 3 #=99
A 20 575 10 0 2 0 PINTYPE=BI
P 55 0 590 20 590 0 2 0
L 20 590 10 0 2 0 1 0 A51_N
A 18 600 10 0 7 3 #=101
A 10 585 10 0 2 0 PINTYPE=BI
P 56 0 600 20 600 0 2 0
L 20 600 10 0 2 0 1 0 A52_P
A 18 610 10 0 7 3 #=103
A 10 595 10 0 2 0 PINTYPE=BI
P 57 0 610 20 610 0 2 0
L 20 610 10 0 2 0 1 0 A53_N
A 18 620 10 0 7 3 #=105
A 10 605 10 0 2 0 PINTYPE=BI
P 58 0 620 20 620 0 2 0
L 20 620 10 0 2 0 1 0 A54_P
A 18 630 10 0 7 3 #=107
A 10 615 10 0 2 0 PINTYPE=BI
P 59 0 630 20 630 0 2 0
L 20 630 10 0 2 0 1 0 A55_N
A 18 640 10 0 7 3 #=109
A 10 625 10 0 2 0 PINTYPE=BI
P 60 0 640 20 640 0 2 0
L 20 640 10 0 2 0 1 0 A56_P
A 18 650 10 0 7 3 #=111
A 10 635 10 0 2 0 PINTYPE=BI
P 61 0 650 20 650 0 2 0
L 20 650 10 0 2 0 1 0 A57_N
A 18 660 10 0 7 3 #=113
A 10 645 10 0 2 0 PINTYPE=BI
P 62 0 660 20 660 0 2 0
L 20 660 10 0 2 0 1 0 A58_P
A 18 670 10 0 7 3 #=115
A 10 655 10 0 2 0 PINTYPE=BI
P 63 0 670 20 670 0 2 0
L 20 670 10 0 2 0 1 0 A59_N
A 18 680 10 0 7 3 #=117
A 10 665 10 0 2 0 PINTYPE=BI
P 64 0 680 20 680 0 2 0
L 20 680 10 0 2 0 1 0 A60_P
A 18 690 10 0 7 3 #=119
A 10 675 10 0 2 0 PINTYPE=BI
P 65 0 370 20 370 0 2 0
L 20 370 10 0 2 0 1 0 G5
A 18 380 10 0 7 3 #=125
A 10 365 10 0 2 0 PINTYPE=BI
P 66 0 700 20 700 0 2 0
L 20 700 10 0 2 0 1 0 G6
A 18 710 10 0 7 3 #=127
A 10 695 10 0 2 0 PINTYPE=BI
P 67 0 720 20 720 0 2 0
L 20 720 10 0 2 0 1 0 MT2
A 18 730 10 0 7 3 #=MT2
A 10 715 10 0 2 0 PINTYPE=BI
P 68 170 40 150 40 0 3 0
L 150 40 10 0 8 0 1 0 B1_N
A 155 51 10 0 1 3 #=2
A 150 35 10 0 2 0 PINTYPE=BI
P 69 170 50 150 50 0 3 0
L 150 50 10 0 8 0 1 0 B2_P
A 155 61 10 0 1 3 #=4
A 150 45 10 0 2 0 PINTYPE=BI
P 70 170 60 150 60 0 3 0
L 150 60 10 0 8 0 1 0 B3_N
A 155 71 10 0 1 3 #=6
A 150 55 10 0 2 0 PINTYPE=BI
P 71 170 70 150 70 0 3 0
L 150 70 10 0 8 0 1 0 B4_P
A 155 81 10 0 1 3 #=8
A 150 65 10 0 2 0 PINTYPE=BI
P 72 170 80 150 80 0 3 0
L 150 80 10 0 8 0 1 0 B5_N
A 155 91 10 0 1 3 #=10
A 150 75 10 0 2 0 PINTYPE=BI
P 73 170 90 150 90 0 3 0
L 150 90 10 0 8 0 1 0 B6_P
A 155 101 10 0 1 3 #=12
A 150 85 10 0 2 0 PINTYPE=BI
P 74 170 100 150 100 0 3 0
L 150 100 10 0 8 0 1 0 B7_N
A 155 111 10 0 1 3 #=14
A 150 95 10 0 2 0 PINTYPE=BI
P 75 170 110 150 110 0 3 0
L 150 110 10 0 8 0 1 0 B8_P
A 155 121 10 0 1 3 #=16
A 150 105 10 0 2 0 PINTYPE=BI
P 76 170 120 150 120 0 3 0
L 150 120 10 0 8 0 1 0 B9_N
A 155 131 10 0 1 3 #=18
A 150 115 10 0 2 0 PINTYPE=BI
P 77 170 130 150 130 0 3 0
L 150 130 10 0 8 0 1 0 B10_P
A 155 141 10 0 1 3 #=20
A 150 125 10 0 2 0 PINTYPE=BI
P 78 170 140 150 140 0 3 0
L 150 140 10 0 8 0 1 0 B11_N
A 155 151 10 0 1 3 #=22
A 150 135 10 0 2 0 PINTYPE=BI
P 79 170 150 150 150 0 3 0
L 150 150 10 0 8 0 1 0 B12_P
A 155 161 10 0 1 3 #=24
A 150 145 10 0 2 0 PINTYPE=BI
P 80 170 160 150 160 0 3 0
L 150 160 10 0 8 0 1 0 B13_N
A 155 171 10 0 1 3 #=26
A 150 155 10 0 2 0 PINTYPE=BI
P 81 170 170 150 170 0 3 0
L 150 170 10 0 8 0 1 0 B14_P
A 155 181 10 0 1 3 #=28
A 150 165 10 0 2 0 PINTYPE=BI
P 82 170 180 150 180 0 3 0
L 150 180 10 0 8 0 1 0 B15_N
A 155 191 10 0 1 3 #=30
A 150 175 10 0 2 0 PINTYPE=BI
P 83 170 190 150 190 0 3 0
L 150 190 10 0 8 0 1 0 B16_P
A 155 201 10 0 1 3 #=32
A 150 185 10 0 2 0 PINTYPE=BI
P 84 170 200 150 200 0 3 0
L 150 200 10 0 8 0 1 0 B17_N
A 155 211 10 0 1 3 #=34
A 150 195 10 0 2 0 PINTYPE=BI
P 85 170 210 150 210 0 3 0
L 150 210 10 0 8 0 1 0 B18_P
A 155 221 10 0 1 3 #=36
A 150 205 10 0 2 0 PINTYPE=BI
P 86 170 220 150 220 0 3 0
L 150 220 10 0 8 0 1 0 B19_N
A 155 231 10 0 1 3 #=38
A 150 215 10 0 2 0 PINTYPE=BI
P 87 170 230 150 230 0 3 0
L 150 230 10 0 8 0 1 0 B20_P
A 155 241 10 0 1 3 #=40
A 150 225 10 0 2 0 PINTYPE=BI
P 88 170 240 150 240 0 3 0
L 150 240 10 0 8 0 1 0 B21_N
A 155 251 10 0 1 3 #=42
A 150 235 10 0 2 0 PINTYPE=BI
P 89 170 250 150 250 0 3 0
L 150 250 10 0 8 0 1 0 B22_P
A 155 261 10 0 1 3 #=44
A 150 245 10 0 2 0 PINTYPE=BI
P 90 170 260 150 260 0 3 0
L 150 260 10 0 8 0 1 0 B23_N
A 155 271 10 0 1 3 #=46
A 150 255 10 0 2 0 PINTYPE=BI
P 91 170 270 150 270 0 3 0
L 150 270 10 0 8 0 1 0 B24_P
A 155 281 10 0 1 3 #=48
A 150 265 10 0 2 0 PINTYPE=BI
P 92 170 280 150 280 0 3 0
L 150 280 10 0 8 0 1 0 B25_N
A 155 291 10 0 1 3 #=50
A 150 275 10 0 2 0 PINTYPE=BI
P 93 170 290 150 290 0 3 0
L 150 290 10 0 8 0 1 0 B26_P
A 155 301 10 0 1 3 #=52
A 150 285 10 0 2 0 PINTYPE=BI
P 94 170 300 150 300 0 3 0
L 150 300 10 0 8 0 1 0 B27_N
A 155 311 10 0 1 3 #=54
A 150 295 10 0 2 0 PINTYPE=BI
P 95 170 310 150 310 0 3 0
L 150 310 10 0 8 0 1 0 B28_P
A 155 321 10 0 1 3 #=56
A 150 305 10 0 2 0 PINTYPE=BI
P 96 170 320 150 320 0 3 0
L 150 320 10 0 8 0 1 0 B29_N
A 155 331 10 0 1 3 #=58
A 150 315 10 0 2 0 PINTYPE=BI
P 97 170 330 150 330 0 3 0
L 150 330 10 0 8 0 1 0 B30_P
A 155 341 10 0 1 3 #=60
A 150 325 10 0 2 0 PINTYPE=BI
P 98 170 20 150 20 0 3 0
L 150 20 10 0 8 0 1 0 G3
A 155 31 10 0 1 3 #=122
A 150 15 10 0 2 0 PINTYPE=BI
P 99 170 350 150 350 0 3 0
L 150 350 10 0 8 0 1 0 G4
A 155 361 10 0 1 3 #=124
A 150 345 10 0 2 0 PINTYPE=BI
P 100 170 390 150 390 0 3 0
L 150 390 10 0 8 0 1 0 B31_N
A 155 401 10 0 1 3 #=62
A 150 385 10 0 2 0 PINTYPE=BI
P 101 170 400 150 400 0 3 0
L 150 400 10 0 8 0 1 0 B32_P
A 155 411 10 0 1 3 #=64
A 150 395 10 0 2 0 PINTYPE=BI
P 102 170 410 150 410 0 3 0
L 150 410 10 0 8 0 1 0 B33_N
A 155 421 10 0 1 3 #=66
A 150 405 10 0 2 0 PINTYPE=BI
P 103 170 420 150 420 0 3 0
L 150 420 10 0 8 0 1 0 B34_P
A 155 431 10 0 1 3 #=68
A 150 415 10 0 2 0 PINTYPE=BI
P 104 170 430 150 430 0 3 0
L 150 430 10 0 8 0 1 0 B35_N
A 155 441 10 0 1 3 #=70
A 150 425 10 0 2 0 PINTYPE=BI
P 105 170 440 150 440 0 3 0
L 150 440 10 0 8 0 1 0 B36_P
A 155 451 10 0 1 3 #=72
A 150 435 10 0 2 0 PINTYPE=BI
P 106 170 450 150 450 0 3 0
L 150 450 10 0 8 0 1 0 B37_N
A 155 461 10 0 1 3 #=74
A 150 445 10 0 2 0 PINTYPE=BI
P 107 170 460 150 460 0 3 0
L 150 460 10 0 8 0 1 0 B38_P
A 155 471 10 0 1 3 #=76
A 150 455 10 0 2 0 PINTYPE=BI
P 108 170 470 150 470 0 3 0
L 150 470 10 0 8 0 1 0 B39_N
A 155 481 10 0 1 3 #=78
A 150 465 10 0 2 0 PINTYPE=BI
P 109 170 480 150 480 0 3 0
L 150 480 10 0 8 0 1 0 B40_P
A 155 491 10 0 1 3 #=80
A 150 475 10 0 2 0 PINTYPE=BI
P 110 170 490 150 490 0 3 0
L 150 490 10 0 8 0 1 0 B41_N
A 155 501 10 0 1 3 #=82
A 150 485 10 0 2 0 PINTYPE=BI
P 111 170 500 150 500 0 3 0
L 150 500 10 0 8 0 1 0 B42_P
A 155 511 10 0 1 3 #=84
A 150 495 10 0 2 0 PINTYPE=BI
P 112 170 510 150 510 0 3 0
L 150 510 10 0 8 0 1 0 B43_N
A 155 521 10 0 1 3 #=86
A 150 505 10 0 2 0 PINTYPE=BI
P 113 170 520 150 520 0 3 0
L 150 520 10 0 8 0 1 0 B44_P
A 155 531 10 0 1 3 #=88
A 150 515 10 0 2 0 PINTYPE=BI
P 114 170 530 150 530 0 3 0
L 150 530 10 0 8 0 1 0 B45_N
A 155 541 10 0 1 3 #=90
A 150 525 10 0 2 0 PINTYPE=BI
P 115 170 540 150 540 0 3 0
L 150 540 10 0 8 0 1 0 B46_P
A 155 551 10 0 1 3 #=92
A 150 535 10 0 2 0 PINTYPE=BI
P 116 170 550 150 550 0 3 0
L 150 550 10 0 8 0 1 0 B47_N
A 155 561 10 0 1 3 #=94
A 150 545 10 0 2 0 PINTYPE=BI
P 117 170 560 150 560 0 3 0
L 150 560 10 0 8 0 1 0 B48_P
A 155 571 10 0 1 3 #=96
A 150 555 10 0 2 0 PINTYPE=BI
P 118 170 570 150 570 0 3 0
L 150 570 10 0 8 0 1 0 B49_N
A 155 581 10 0 1 3 #=98
A 150 565 10 0 2 0 PINTYPE=BI
P 119 170 580 150 580 0 3 0
L 150 580 10 0 8 0 1 0 B50_P
A 155 591 10 0 1 3 #=100
A 150 575 10 0 2 0 PINTYPE=BI
P 120 170 590 150 590 0 3 0
L 150 590 10 0 8 0 1 0 B51_N
A 155 601 10 0 1 3 #=102
A 150 585 10 0 2 0 PINTYPE=BI
P 121 170 600 150 600 0 3 0
L 150 600 10 0 8 0 1 0 B52_P
A 155 611 10 0 1 3 #=104
A 150 595 10 0 2 0 PINTYPE=BI
P 122 170 610 150 610 0 3 0
L 150 610 10 0 8 0 1 0 B53_N
A 155 621 10 0 1 3 #=106
A 150 605 10 0 2 0 PINTYPE=BI
P 123 170 620 150 620 0 3 0
L 150 620 10 0 8 0 1 0 B54_P
A 155 631 10 0 1 3 #=108
A 150 615 10 0 2 0 PINTYPE=BI
P 124 170 630 150 630 0 3 0
L 150 630 10 0 8 0 1 0 B55_N
A 155 641 10 0 1 3 #=110
A 150 625 10 0 2 0 PINTYPE=BI
P 125 170 640 150 640 0 3 0
L 150 640 10 0 8 0 1 0 B56_P
A 155 651 10 0 1 3 #=112
A 150 635 10 0 2 0 PINTYPE=BI
P 126 170 650 150 650 0 3 0
L 150 650 10 0 8 0 1 0 B57_N
A 155 661 10 0 1 3 #=114
A 150 645 10 0 2 0 PINTYPE=BI
P 127 170 660 150 660 0 3 0
L 150 660 10 0 8 0 1 0 B58_P
A 155 671 10 0 1 3 #=116
A 150 655 10 0 2 0 PINTYPE=BI
P 128 170 670 150 670 0 3 0
L 150 670 10 0 8 0 1 0 B59_N
A 155 681 10 0 1 3 #=118
A 150 665 10 0 2 0 PINTYPE=BI
P 129 170 680 150 680 0 3 0
L 150 680 10 0 8 0 1 0 B60_P
A 155 691 10 0 1 3 #=120
A 150 675 10 0 2 0 PINTYPE=BI
P 130 170 370 150 370 0 3 0
L 150 370 10 0 8 0 1 0 G7
A 155 381 10 0 1 3 #=126
A 150 365 10 0 2 0 PINTYPE=BI
P 131 170 700 150 700 0 3 0
L 150 700 10 0 8 0 1 0 G8
A 155 711 10 0 1 3 #=128
A 150 695 10 0 2 0 PINTYPE=BI
b 20 -10 150 730
l 2 150 10 130 -10
l 7 110 30 50 30 50 340 110 340 120 330 120 40
 110 30
l 2 80 30 80 340
l 2 90 340 90 30
l 2 150 710 130 730
l 2 20 360 150 360
l 7 110 380 50 380 50 690 110 690 120 680 120 390
 110 380
l 2 80 380 80 690
l 2 90 690 90 380
E
