V 51
K 181126933900 sc18is602ipw
|R 20:23_11-10-11
Y 1
D 0 0 160 160
Z 10
i 37
U 0 -10 10 0 3 0 VALUE=SC18IS602IPW
U 0 -40 10 0 3 0 MANF_P/N=SC18IS602IPW
U 20 0 16 0 3 3 REFDES=U?
U 105 5 10 0 3 3 PKG_TYPE=XXXX
U 25 150 10 0 3 3 DEVICE=SC18IS602IPW
P 36 160 40 140 40 0 3 0
L 135 40 10 0 8 0 1 0 A0
A 160 40 10 0 9 0 PINTYPE=BI
A 145 40 10 0 3 3 #=14
P 34 160 80 140 80 0 3 0
L 135 80 10 0 8 0 1 0 SS0_B/GPIO0
A 160 80 10 0 9 0 PINTYPE=BI
A 145 80 10 0 3 3 #=1
P 11 0 80 20 80 0 2 0
L 25 75 10 0 3 0 1 0 SPICLK
A 0 80 10 0 3 0 PINTYPE=IN
A 15 80 10 0 9 3 #=11
P 10 0 90 20 90 0 2 0
L 25 85 10 0 3 0 1 0 MOSI
A 0 90 10 0 3 0 PINTYPE=IN
A 15 90 10 0 9 3 #=6
P 17 160 110 140 110 0 3 0
L 135 110 10 0 8 0 1 0 SS3_B/GPIO3
A 160 110 10 0 9 0 PINTYPE=BI
A 145 110 10 0 3 3 #=13
P 19 160 100 140 100 0 3 0
L 135 100 10 0 8 0 1 0 SS2_B/GPIO2
A 160 100 10 0 9 0 PINTYPE=BI
A 145 100 10 0 3 3 #=10
P 13 0 60 20 60 0 2 0
L 25 55 10 0 3 0 1 0 RESET_B
A 0 60 10 0 3 0 PINTYPE=IN
A 15 60 10 0 9 3 #=3
P 1 0 100 20 100 0 2 0
L 25 95 10 0 3 0 1 0 MISO
A 0 100 10 0 3 0 PINTYPE=OUT
A 15 100 10 0 9 3 #=5
P 20 160 90 140 90 0 3 0
L 135 90 10 0 8 0 1 0 SS1_B/GPIO1
A 160 90 10 0 9 0 PINTYPE=BI
A 145 90 10 0 3 3 #=9
P 9 160 60 140 60 0 3 0
L 135 60 10 0 8 0 1 0 A2
A 160 60 10 0 9 0 PINTYPE=BI
A 145 60 10 0 3 3 #=16
P 35 160 50 140 50 0 3 0
L 135 50 10 0 8 0 1 0 A1
A 160 50 10 0 9 0 PINTYPE=BI
A 145 50 10 0 3 3 #=15
P 14 0 50 20 50 0 2 0
L 25 45 10 0 3 0 1 0 INT_B
A 0 50 10 0 3 0 PINTYPE=OUT
A 15 50 10 0 9 3 #=7
P 37 0 30 20 30 0 2 0
L 25 25 10 0 3 0 1 0 GND
A 0 30 10 0 3 0 PINTYPE=POWER
A 15 30 10 0 9 3 #=4
P 25 160 130 140 130 0 3 0
L 135 130 10 0 8 0 1 0 VDD
A 160 130 10 0 9 0 PINTYPE=POWER
A 145 130 10 0 3 3 #=12
b 20 20 140 150
P 31 0 130 20 130 0 2 0
L 25 125 10 0 3 0 1 0 SCL
A 0 130 10 0 3 0 PINTYPE=IN
A 15 130 10 0 9 3 #=8
P 32 0 120 20 120 0 2 0
L 25 115 10 0 3 0 1 0 SDA
A 0 120 10 0 3 0 PINTYPE=BI
A 15 120 10 0 9 3 #=7
E
