V 53
K 99692372590 sn65mlvd2a
F Case
|R 1:06_9-10-10
Y 1
D 0 0 120 180
Z 10
i 38
U 0 -30 10 0 3 0 PARTS=1
U 0 -10 10 0 3 0 LEVEL=STD
U 20 165 10 0 3 0 MANF_P/N=SN65MLVD2DRB
P 4 0 110 20 110 0 2 0
A 30 115 10 0 2 0 PINTYPE=IN
A 15 110 10 0 9 3 #=6
L 25 115 10 0 2 0 1 0 A
P 7 0 90 20 90 0 2 0
A 30 95 10 0 2 0 PINTYPE=IN
A 15 90 10 0 9 3 #=7
L 25 95 10 0 2 0 1 0 B
P 32 120 60 100 60 0 3 0
A 120 60 10 0 9 0 PINTYPE=IN
A 105 60 10 0 3 3 #=4
L 65 55 10 0 3 0 0 0 GND1
P 36 120 40 100 40 0 3 0
A 120 40 10 0 9 0 PINTYPE=IN
A 105 40 10 0 3 3 #=5
L 65 35 10 0 3 0 0 0 GND2
P 38 120 80 100 80 0 3 0
A 145 55 10 0 9 0 SIGNAL=GND;5
Q 15 0 0
A 120 80 10 0 9 0 PINTYPE=IN
A 105 80 10 0 3 3 #=9
L 75 75 10 0 3 0 1 0 PAD
P 15 120 100 100 100 0 3 0
A 100 110 10 0 2 0 PINTYPE=OUT
A 105 100 10 0 3 3 #=3
L 95 105 10 0 8 0 1 0 R
P 35 120 140 100 140 0 3 0
A 120 140 10 0 9 0 PINTYPE=IN
A 105 140 10 0 3 3 #=1
L 115 140 10 0 3 0 0 0 VCC1
P 30 120 120 100 120 0 3 0
A 120 120 10 0 9 0 PINTYPE=IN
A 105 120 10 0 3 3 #=8
L 115 120 10 0 3 0 0 0 VCC2
P 29 0 60 20 60 0 2 0
A 0 60 10 0 3 0 PINTYPE=IN
A 15 60 10 0 9 3 #=2
L 25 60 10 0 3 0 1 1 RE
T 75 35 10 0 3 GND
Q 15 0 0
l 2 45 110 20 110
Q 14 0 0
c 40 90 5
Q 14 0 0
l 2 35 90 20 90
Q 14 0 0
l 2 45 80 45 120
Q 14 0 0
l 2 45 120 75 100
Q 14 0 0
l 2 45 80 75 100
Q 14 0 0
l 2 100 100 75 100
Q 14 0 0
c 60 85 5
Q 14 0 0
l 2 60 60 60 80
Q 14 0 0
l 2 20 60 60 60
Q 14 0 0
T 75 135 10 0 3 VCC
Q 15 0 0
T 75 115 10 0 3 VCC
Q 15 0 0
T 75 55 10 0 3 GND
Q 15 0 0
U 20 0 16 0 3 3 REFDES=U?
U 75 5 10 0 3 3 PKG_TYPE=SON-8
U 35 160 10 0 3 3 DEVICE=SN65MLVD2
b 20 20 100 160
E
