V 51
K 235754787200 sn74lvc157a
|R 21:17_10-25-11
Y 1
D 0 0 130 330
Z 10
i 67
U 0 -10 10 0 3 0 MANF_P/N=SN74LVC157APWR
U 0 -40 10 0 3 0 MANF=TI
U -190 -40 10 0 3 0 LEVEL=STD
U -190 -50 10 0 3 0 PARTS=1
U 80 310 10 0 3 3 REFDES=U?
U 65 -20 10 0 6 3 PKG_TYPE=TSSOP-16
U 65 -10 10 0 6 3 DEVICE=SN74LVC157A
P 56 0 270 50 270 0 2 0
A 0 260 10 0 9 0 PINTYPE=BI
A 10 270 10 0 9 3 #=1
L 20 275 10 0 2 0 1 0 A/B
P 63 0 240 40 240 0 2 0
L 20 245 10 0 2 0 1 0 A1
A 10 240 10 0 9 3 #=2
A -10 230 10 0 9 0 PINTYPE=BI
P 60 0 180 40 180 0 2 0
A -10 170 10 0 9 0 PINTYPE=BI
A 10 180 10 0 9 3 #=5
L 20 185 10 0 2 0 1 0 A2
P 57 0 120 40 120 0 2 0
L 20 125 10 0 2 0 1 0 A3
A 15 120 10 0 9 3 #=11
A -10 110 10 0 9 0 PINTYPE=BI
P 49 0 60 40 60 0 2 0
A -10 50 10 0 9 0 PINTYPE=BI
A 15 60 10 0 9 3 #=14
L 20 65 10 0 2 0 1 0 A4
P 64 0 220 40 220 0 2 0
A -10 210 10 0 9 0 PINTYPE=BI
A 10 220 10 0 9 3 #=3
L 20 225 10 0 2 0 1 0 B1
P 61 0 160 40 160 0 2 0
L 20 165 10 0 2 0 1 0 B2
A 10 160 10 0 9 3 #=6
A -10 150 10 0 9 0 PINTYPE=BI
P 58 0 100 40 100 0 2 0
A -10 90 10 0 9 0 PINTYPE=BI
A 15 100 10 0 9 3 #=10
L 20 105 10 0 2 0 1 0 B3
P 55 0 40 40 40 0 2 0
L 20 45 10 0 2 0 1 0 B4
A 15 40 10 0 9 3 #=13
A -10 30 10 0 9 0 PINTYPE=BI
P 66 0 10 60 10 0 2 0
A 10 0 10 0 9 0 PINTYPE=BI
A 20 10 10 0 9 3 #=8
L 30 15 10 0 2 1 1 0 GND
P 67 0 320 60 320 0 2 0
L 30 325 10 0 2 1 1 0 VCC
A 20 320 10 0 9 3 #=16
A 10 310 10 0 9 0 PINTYPE=BI
P 65 130 230 90 230 0 3 0
L 110 235 10 0 8 0 1 0 Y1
A 150 225 10 0 3 0 PINTYPE=BI
A 120 230 10 0 3 3 #=4
P 62 130 170 90 170 0 3 0
A 120 170 10 0 3 3 #=7
A 150 165 10 0 3 0 PINTYPE=BI
L 110 175 10 0 8 0 1 0 Y2
P 59 130 110 90 110 0 3 0
L 110 115 10 0 8 0 1 0 Y3
A 150 105 10 0 3 0 PINTYPE=BI
A 120 110 10 0 3 3 #=9
P 52 130 50 90 50 0 3 0
A 110 50 10 0 3 3 #=12
A 150 45 10 0 3 0 PINTYPE=BI
L 110 55 10 0 8 0 1 0 Y4
P 54 0 290 50 290 0 2 0
L 20 295 10 0 2 0 1 1 OE
A 15 290 10 0 9 3 #=15
A 0 280 10 0 9 0 PINTYPE=BI
T 40 35 10 0 3 0
T 40 55 10 0 3 1
T 40 95 10 0 3 0
T 40 115 10 0 3 1
T 40 155 10 0 3 0
T 40 175 10 0 3 1
l 2 70 230 60 230
l 2 70 170 60 170
l 2 70 110 60 110
l 2 70 50 60 50
l 2 80 65 80 105
l 2 80 125 80 165
l 2 80 185 80 225
l 2 50 68 50 93
l 2 50 127 50 152
l 2 50 188 50 213
l 3 70 310 70 320 60 320
l 3 70 20 70 10 60 10
l 6 40 195 40 195 60 180 60 160 40 145 40 195
l 2 61 220 61 220
l 5 70 240 70 240 90 230 70 220 70 240
c 80 240 5
l 2 61 160 61 160
l 5 70 180 70 180 90 170 70 160 70 180
c 80 180 5
l 2 61 100 61 100
l 5 70 120 70 120 90 110 70 100 70 120
c 80 120 5
c 80 60 5
l 5 70 60 70 60 90 50 70 40 70 60
l 2 61 40 61 40
l 6 40 135 40 135 60 120 60 100 40 85 40 135
l 6 40 75 40 75 60 60 60 40 40 25 40 75
l 3 50 247 50 270 30 270
l 4 80 245 80 245 80 290 30 290
b 20 20 110 310
l 6 40 255 40 255 60 240 60 220 40 205 40 255
T 40 215 10 0 3 0
T 40 235 10 0 3 1
E
