V 51
K 79419051990 sn74lvch8t245
|R 18:09_9-20-11
Y 1
D -30 0 130 130
Z 10
i 27
U 0 0 9 0 3 0 PARTS=1
U 0 130 10 0 3 0 VALUE=VALUE
U 0 130 9 0 3 3 DEVICE=DEVICE
U -3 -15 16 0 3 3 REFDES=U?
U 70 -10 9 0 3 3 PKG_TYPE=PKG_TYPE
P 27 -30 20 0 20 0 2 0
A 100 0 9 4 3 0 PINTYPE=IN
A -5 20 9 4 3 3 #=2
L 5 20 9 4 8 0 1 0 DIR
P 1 130 110 100 110 0 3 0
L 95 110 9 0 8 0 1 0 VCCB2
A 105 110 9 0 3 3 #=22
A 0 0 9 0 3 0 PINTYPE=IN
P 2 130 100 100 100 0 3 0
L 95 100 9 0 8 0 1 0 B1
A 105 100 9 0 3 3 #=21
A 0 0 9 0 3 0 PINTYPE=IN
P 3 130 90 100 90 0 3 0
L 95 90 9 0 8 0 1 0 B2
A 105 90 9 0 3 3 #=20
A 0 0 9 0 3 0 PINTYPE=IN
P 4 130 80 100 80 0 3 0
L 95 80 9 0 8 0 1 0 B3
A 105 80 9 0 3 3 #=19
A 0 0 9 0 3 0 PINTYPE=IN
P 5 130 70 100 70 0 3 0
L 95 70 9 0 8 0 1 0 B4
A 105 70 9 0 3 3 #=18
A 0 0 9 0 3 0 PINTYPE=IN
P 7 130 50 100 50 0 3 0
L 95 50 9 0 8 0 1 0 B6
A 105 50 9 0 3 3 #=16
A 0 0 9 0 3 0 PINTYPE=IN
P 8 130 40 100 40 0 3 0
L 95 40 9 0 8 0 1 0 B7
A 105 40 9 0 3 3 #=15
A 0 0 9 0 3 0 PINTYPE=IN
P 14 -30 90 0 90 0 2 0
L 5 90 9 0 2 0 1 0 A3
A -5 90 9 0 9 3 #=5
A 0 10 9 0 3 0 PINTYPE=OUT
P 15 -30 40 0 40 0 2 0
L 5 40 9 0 2 0 1 0 A8
A -5 40 9 0 9 3 #=10
A 0 10 9 0 3 0 PINTYPE=POWER
P 16 -30 30 0 30 0 2 0
L 5 30 9 0 2 0 1 0 OE_B
A -5 30 9 0 9 3 #=22
A 0 10 9 0 3 0 PINTYPE=POWER
P 17 -30 80 0 80 0 2 0
L 5 80 9 0 2 0 1 0 A4
A -5 80 9 0 9 3 #=6
A 0 10 9 0 3 0 PINTYPE=OUT
P 18 -30 70 0 70 0 2 0
L 5 70 9 0 2 0 1 0 A5
A -5 70 9 0 9 3 #=7
A 0 10 9 0 3 0 PINTYPE=OUT
P 19 -30 50 0 50 0 2 0
L 5 50 9 0 2 0 1 0 A7
A -5 50 9 0 9 3 #=9
A 0 10 9 0 3 0 PINTYPE=POWER
P 20 -30 60 0 60 0 2 0
L 5 60 9 0 2 0 1 0 A6
A -5 60 9 0 9 3 #=8
A 0 10 9 0 3 0 PINTYPE=POWER
Q 0 5 0
P 6 130 60 100 60 0 3 0
L 95 60 9 0 8 0 1 0 B5
A 105 60 9 0 3 3 #=17
A 0 0 6 0 3 0 PINTYPE=IN
P 13 -30 100 0 100 0 2 0
L 5 100 9 0 2 0 1 0 A2
A -5 100 9 0 9 3 #=4
A 0 10 9 0 3 0 PINTYPE=OUT
P 9 130 30 100 30 0 3 0
L 95 30 9 0 8 0 1 0 B8
A 105 30 9 0 3 3 #=14
A 0 0 9 0 3 0 PINTYPE=IN
P 10 130 20 100 20 0 3 0
L 95 20 9 0 8 0 1 0 GND3
A 105 20 9 0 3 3 #=11
A 0 0 9 0 3 0 PINTYPE=IN
P 25 130 10 100 10 0 3 0
A 0 -10 9 0 3 0 PINTYPE=IN
A 105 10 9 0 3 3 #=12
L 95 10 9 0 8 0 1 0 GND2
P 21 130 120 100 120 0 3 0
A 0 40 9 0 3 0 PINTYPE=IN
A 105 120 9 0 3 3 #=23
L 95 120 9 0 8 0 1 0 VCCB1
b 0 0 100 130
Q 9 0 0
P 12 -30 110 0 110 0 2 0
L 5 110 9 0 2 0 1 0 A1
A -5 110 9 0 9 3 #=3
A 0 10 9 0 3 0 PINTYPE=OUT
P 11 -30 120 0 120 0 2 0
L 5 120 9 0 2 0 1 0 VCCA
A -5 120 9 0 9 3 #=1
A 0 10 9 0 3 0 PINTYPE=BI
P 26 -30 10 0 10 0 2 0
L 5 10 9 4 8 0 1 0 GND1
A -5 10 9 4 3 3 #=13
A 100 -10 9 4 3 0 PINTYPE=IN
E
