V 51
K 328823672400 sn74avc20t245_a
|R 23:00_9-14-10
Y 1
D 0 0 180 600
Z 10
i 62
U 0 -10 10 0 3 0 HETERO=(SN74AVC20T245_A),(SN74AVC20T245_B)
U 0 -140 10 0 3 0 PRICE=0.462
U 0 -130 10 0 3 0 ROHS=YES
U 0 -120 10 0 3 0 IBIS
U 0 -110 10 0 3 0 POWER
U 0 -100 10 0 3 0 VOLTAGE
U 0 -90 10 0 3 0 PART_TYPE=IC
U 0 -80 10 0 3 0 DIST_P/N=296-24366-2-ND
U 0 -70 10 0 3 0 DIST=DIGIKEY
U 0 -60 10 0 3 0 DATASHEET
U 0 -30 10 0 3 0 MANF=TEXAS INSTRUMENTS
U -90 90 10 0 3 0 MANF_P/N=SN74AVC4T245RSVR
U 20 360 10 0 3 0 VALUE=SN74AVC4T245
U 110 5 10 0 3 3 PKG_TYPE=QFN-RSV-16
U 20 0 16 0 3 3 REFDES=U?
U 20 595 10 0 3 3 DEVICE=SN74AVC4T245
P 61 180 560 160 560 0 3 0
A 220 560 10 4 3 0 PINTYPE=IN
A 160 560 10 4 9 3 #=22
L 155 555 10 4 3 0 1 0 VCCB2
P 62 180 580 160 580 0 3 0
L 155 575 10 4 3 0 1 0 VCCB1
A 160 580 10 4 9 3 #=7
A 220 580 10 4 3 0 PINTYPE=IN
P 56 180 50 115 50 0 3 0
A 160 50 10 0 3 3 #=14
A 145 50 10 0 9 0 PINTYPE=BI
L 135 50 10 0 3 0 1 0 1B10
P 57 180 100 115 100 0 3 0
A 160 100 10 0 3 3 #=13
A 145 100 10 0 9 0 PINTYPE=BI
L 135 100 10 0 3 0 1 0 1B9
P 58 0 50 65 50 0 2 0
A 20 50 10 0 9 3 #=43
A 25 50 10 0 3 0 PINTYPE=BI
L 25 50 10 0 3 0 1 0 1A10
P 59 0 100 65 100 0 2 0
A 20 100 10 0 9 3 #=44
A 25 100 10 0 3 0 PINTYPE=BI
L 25 100 10 0 3 0 1 0 1A9
P 48 180 250 115 250 0 3 0
A 160 250 10 0 3 3 #=9
A 145 250 10 0 9 0 PINTYPE=BI
L 135 250 10 0 3 0 1 0 1B6
P 50 0 250 65 250 0 2 0
A 20 250 10 0 9 3 #=48
A 25 250 10 0 3 0 PINTYPE=BI
L 25 250 10 0 3 0 1 0 1A6
P 51 0 300 65 300 0 2 0
A 20 300 10 0 9 3 #=49
A 25 300 10 0 3 0 PINTYPE=BI
L 25 300 10 0 3 0 1 0 1A5
P 52 0 200 65 200 0 2 0
L 25 200 10 0 3 0 1 0 1A7
A 25 200 10 0 3 0 PINTYPE=BI
A 20 200 10 0 9 3 #=47
P 53 0 150 65 150 0 2 0
L 25 150 10 0 3 0 1 0 1A8
A 25 150 10 0 3 0 PINTYPE=BI
A 20 150 10 0 9 3 #=45
P 54 180 200 115 200 0 3 0
L 135 200 10 0 3 0 1 0 1B7
A 145 200 10 0 9 0 PINTYPE=BI
A 160 200 10 0 3 3 #=10
P 55 180 150 115 150 0 3 0
L 135 150 10 0 3 0 1 0 1B8
A 145 150 10 0 9 0 PINTYPE=BI
A 160 150 10 0 3 3 #=12
P 45 180 400 115 400 0 3 0
A 160 400 10 0 3 3 #=5
A 145 400 10 0 9 0 PINTYPE=BI
L 135 400 10 0 3 0 1 0 1B3
P 46 0 350 65 350 0 2 0
A 20 350 10 0 9 3 #=51
A 25 350 10 0 3 0 PINTYPE=BI
L 25 350 10 0 3 0 1 0 1A4
P 47 0 400 65 400 0 2 0
A 20 400 10 0 9 3 #=52
A 25 400 10 0 3 0 PINTYPE=BI
L 25 400 10 0 3 0 1 0 1A3
P 2 0 500 65 500 0 2 0
L 25 500 10 0 3 0 1 0 1A1
A 25 500 10 0 3 0 PINTYPE=BI
A 20 500 10 0 9 3 #=55
P 18 0 450 65 450 0 2 0
L 25 450 10 0 3 0 1 0 1A2
A 25 450 10 0 3 0 PINTYPE=BI
A 20 450 10 0 9 3 #=54
P 3 180 500 115 500 0 3 0
L 135 500 10 0 3 0 1 0 1B1
A 145 500 10 0 9 0 PINTYPE=BI
A 160 500 10 0 3 3 #=2
P 17 180 450 115 450 0 3 0
L 135 450 10 0 3 0 1 0 1B2
A 145 450 10 0 9 0 PINTYPE=BI
A 160 450 10 0 3 3 #=3
P 42 180 530 160 530 0 3 0
L 130 525 10 0 3 0 1 0 1DIR
A 180 530 10 0 9 0 PINTYPE=IN
A 160 530 10 0 3 3 #=1
l 2 100 75 100 95
Q 14 0 0
l 2 80 35 100 45
Q 14 0 0
l 2 65 85 65 115
Q 14 0 0
l 2 100 75 80 85
Q 14 0 0
l 2 80 85 65 85
Q 14 0 0
l 2 80 85 100 95
Q 14 0 0
l 2 100 115 80 125
Q 14 0 0
l 2 115 85 100 85
Q 14 0 0
l 2 115 115 100 115
Q 14 0 0
l 2 80 115 65 115
Q 14 0 0
l 2 80 105 80 125
Q 14 0 0
l 2 80 105 100 115
Q 14 0 0
l 2 115 85 115 115
Q 14 0 0
l 2 65 35 65 65
Q 14 0 0
l 2 100 25 80 35
Q 14 0 0
l 2 80 35 65 35
Q 14 0 0
l 2 100 65 80 75
Q 14 0 0
l 2 115 35 100 35
Q 14 0 0
l 2 115 65 100 65
Q 14 0 0
l 2 80 65 65 65
Q 14 0 0
l 2 100 25 100 45
Q 14 0 0
l 2 80 55 80 75
Q 14 0 0
l 2 80 55 100 65
Q 14 0 0
l 2 115 35 115 65
Q 14 0 0
l 2 100 275 100 295
Q 14 0 0
l 2 80 235 100 245
Q 14 0 0
l 2 65 285 65 315
Q 14 0 0
l 2 100 275 80 285
Q 14 0 0
l 2 80 285 65 285
Q 14 0 0
l 2 80 285 100 295
Q 14 0 0
l 2 100 315 80 325
Q 14 0 0
l 2 115 285 100 285
Q 14 0 0
l 2 115 315 100 315
Q 14 0 0
l 2 80 315 65 315
Q 14 0 0
l 2 80 305 80 325
Q 14 0 0
l 2 80 305 100 315
Q 14 0 0
l 2 115 285 115 315
Q 14 0 0
l 2 65 235 65 265
Q 14 0 0
l 2 100 225 80 235
Q 14 0 0
l 2 80 235 65 235
Q 14 0 0
l 2 100 265 80 275
Q 14 0 0
l 2 115 235 100 235
Q 14 0 0
l 2 115 265 100 265
Q 14 0 0
l 2 80 265 65 265
Q 14 0 0
l 2 100 225 100 245
Q 14 0 0
l 2 80 255 80 275
Q 14 0 0
l 2 80 255 100 265
Q 14 0 0
l 2 115 235 115 265
Q 14 0 0
l 2 115 135 115 165
Q 14 0 0
l 2 80 155 100 165
Q 14 0 0
l 2 80 155 80 175
Q 14 0 0
l 2 100 125 100 145
Q 14 0 0
l 2 80 165 65 165
Q 14 0 0
l 2 115 165 100 165
Q 14 0 0
l 2 115 135 100 135
Q 14 0 0
l 2 100 165 80 175
Q 14 0 0
l 2 80 135 65 135
Q 14 0 0
l 2 100 125 80 135
Q 14 0 0
l 2 65 135 65 165
Q 14 0 0
l 2 115 185 115 215
Q 14 0 0
l 2 80 205 100 215
Q 14 0 0
l 2 80 205 80 225
Q 14 0 0
l 2 80 215 65 215
Q 14 0 0
l 2 115 215 100 215
Q 14 0 0
l 2 115 185 100 185
Q 14 0 0
l 2 100 215 80 225
Q 14 0 0
l 2 80 185 100 195
Q 14 0 0
l 2 80 185 65 185
Q 14 0 0
l 2 100 175 80 185
Q 14 0 0
l 2 65 185 65 215
Q 14 0 0
l 2 80 135 100 145
Q 14 0 0
l 2 100 175 100 195
Q 14 0 0
l 2 100 375 100 395
Q 14 0 0
l 2 80 335 100 345
Q 14 0 0
l 2 65 385 65 415
Q 14 0 0
l 2 100 375 80 385
Q 14 0 0
l 2 80 385 65 385
Q 14 0 0
l 2 80 385 100 395
Q 14 0 0
l 2 100 415 80 425
Q 14 0 0
l 2 115 385 100 385
Q 14 0 0
l 2 115 415 100 415
Q 14 0 0
l 2 80 415 65 415
Q 14 0 0
l 2 80 405 80 425
Q 14 0 0
l 2 80 405 100 415
Q 14 0 0
l 2 115 385 115 415
Q 14 0 0
l 2 65 335 65 365
Q 14 0 0
l 2 100 325 80 335
Q 14 0 0
l 2 80 335 65 335
Q 14 0 0
l 2 100 365 80 375
Q 14 0 0
l 2 115 335 100 335
Q 14 0 0
l 2 115 365 100 365
Q 14 0 0
l 2 80 365 65 365
Q 14 0 0
l 2 100 325 100 345
Q 14 0 0
l 2 80 355 80 375
Q 14 0 0
l 2 80 355 100 365
Q 14 0 0
l 2 115 335 115 365
Q 14 0 0
l 2 115 435 115 465
Q 14 0 0
l 2 80 455 100 465
Q 14 0 0
l 2 80 455 80 475
Q 14 0 0
l 2 100 425 100 445
Q 14 0 0
l 2 80 465 65 465
Q 14 0 0
l 2 115 465 100 465
Q 14 0 0
l 2 115 435 100 435
Q 14 0 0
l 2 100 465 80 475
Q 14 0 0
l 2 80 435 65 435
Q 14 0 0
l 2 100 425 80 435
Q 14 0 0
l 2 65 435 65 465
Q 14 0 0
l 2 115 485 115 515
Q 14 0 0
l 2 80 505 100 515
Q 14 0 0
l 2 80 505 80 525
Q 14 0 0
l 2 80 515 65 515
Q 14 0 0
l 2 115 515 100 515
Q 14 0 0
l 2 115 485 100 485
Q 14 0 0
l 2 100 515 80 525
Q 14 0 0
l 2 80 485 100 495
Q 14 0 0
l 2 80 485 65 485
Q 14 0 0
l 2 100 475 80 485
Q 14 0 0
l 2 65 485 65 515
Q 14 0 0
l 2 80 435 100 445
Q 14 0 0
l 2 100 475 100 495
Q 14 0 0
P 38 0 530 20 530 0 2 0
A -40 530 10 0 3 0 PINTYPE=IN
A 20 530 10 0 9 3 #=56
L 25 525 10 0 3 0 1 0 1OE_B
P 40 0 580 20 580 0 2 0
A -40 580 10 0 3 0 PINTYPE=IN
A 20 580 10 0 9 3 #=35
L 25 575 10 0 3 1 1 0 VCCA1
P 60 0 560 20 560 0 2 0
L 25 555 10 0 3 0 1 0 VCCA2
A 20 560 10 0 9 3 #=50
A -40 560 10 0 3 0 PINTYPE=IN
P 49 180 300 115 300 0 3 0
A 160 300 10 0 3 3 #=8
A 145 300 10 0 9 0 PINTYPE=BI
L 135 300 10 0 3 0 1 0 1B5
P 44 180 350 115 350 0 3 0
A 160 350 10 0 3 3 #=6
A 145 350 10 0 9 0 PINTYPE=BI
L 135 350 10 0 3 0 1 0 1B4
b 20 20 160 590
E
