V 51
K 126275907600 sn74avc8t245
|R 5:49_11-19-10
Y 0
D 0 0 120 220
Z 10
i 32
U 0 -70 10 0 3 0 VALUE=XXX
U 0 -60 10 0 3 0 DIST_P/N=XXX
U 0 -50 10 0 3 0 DIST=XXX
U 0 -40 10 0 3 0 MANF_P/N=SN74AVC8T245PWR
U 0 -30 10 0 3 0 MANF=TI
U 0 -20 10 0 3 0 PARTS=1
U 0 -10 10 0 3 0 LEVEL=STD
P 23 120 90 100 90 0 3 0
L 85 85 10 0 3 0 1 0 B7
A 120 90 10 0 9 0 PINTYPE=BI
A 115 90 10 0 9 3 #=15
P 22 120 100 100 100 0 3 0
L 85 95 10 0 3 0 1 0 B6
A 120 100 10 0 9 0 PINTYPE=BI
A 115 100 10 0 9 3 #=16
P 21 120 110 100 110 0 3 0
L 85 105 10 0 3 0 1 0 B5
A 120 110 10 0 9 0 PINTYPE=BI
A 115 110 10 0 9 3 #=17
P 20 120 120 100 120 0 3 0
L 85 115 10 0 3 0 1 0 B4
A 120 120 10 0 9 0 PINTYPE=BI
A 115 120 10 0 9 3 #=18
P 19 120 130 100 130 0 3 0
L 85 125 10 0 3 0 1 0 B3
A 120 130 10 0 9 0 PINTYPE=BI
A 115 130 10 0 9 3 #=19
P 17 120 140 100 140 0 3 0
L 85 135 10 0 3 0 1 0 B2
A 120 140 10 0 9 0 PINTYPE=BI
A 115 140 10 0 9 3 #=20
P 15 0 90 20 90 0 2 0
L 25 85 10 0 3 0 1 0 A7
A 0 90 10 0 3 0 PINTYPE=BI
A 10 90 10 0 3 3 #=9
P 14 0 100 20 100 0 2 0
L 25 95 10 0 3 0 1 0 A6
A 0 100 10 0 3 0 PINTYPE=BI
A 10 100 10 0 3 3 #=8
P 13 0 110 20 110 0 2 0
L 25 105 10 0 3 0 1 0 A5
A 0 110 10 0 3 0 PINTYPE=BI
A 10 110 10 0 3 3 #=7
P 12 0 120 20 120 0 2 0
L 25 115 10 0 3 0 1 0 A4
A 0 120 10 0 3 0 PINTYPE=BI
A 10 120 10 0 3 3 #=6
P 11 0 130 20 130 0 2 0
L 25 125 10 0 3 0 1 0 A3
A 0 130 10 0 3 0 PINTYPE=BI
A 10 130 10 0 3 3 #=5
P 10 0 140 20 140 0 2 0
L 25 135 10 0 3 0 1 0 A2
A 0 140 10 0 3 0 PINTYPE=BI
A 10 140 10 0 3 3 #=4
U 20 0 16 0 3 3 REFDES=U?
U 60 10 10 0 3 3 PKG_TYPE=XXX
P 9 120 150 100 150 0 3 0
L 85 145 10 0 3 0 1 0 B1
A 120 150 10 0 9 0 PINTYPE=BI
A 115 150 10 0 9 3 #=21
P 1 0 150 20 150 0 2 0
L 25 145 10 0 3 0 1 0 A1
A 0 150 10 0 3 0 PINTYPE=BI
A 10 150 10 0 3 3 #=3
P 24 120 80 100 80 0 3 0
L 85 75 10 0 3 0 1 0 B8
A 120 80 10 0 9 0 PINTYPE=BI
A 115 80 10 0 9 3 #=14
U 20 200 10 0 3 3 DEVICE=SN74AVC8T245
P 30 120 60 100 60 0 3 0
L 75 55 10 0 3 0 1 0 GND1
A 120 60 10 0 9 0 PINTYPE=IN
A 115 60 10 0 9 3 #=11
P 29 120 50 100 50 0 3 0
L 75 45 10 0 3 0 1 0 GND2
A 120 50 10 0 9 0 PINTYPE=IN
A 115 50 10 0 9 3 #=12
P 28 120 40 100 40 0 3 0
L 75 35 10 0 3 0 1 0 GND3
A 120 40 10 0 9 0 PINTYPE=IN
A 115 40 10 0 9 3 #=13
P 25 120 180 100 180 0 3 0
L 65 175 10 0 3 0 1 0 VCCB1
A 120 180 10 0 9 0 PINTYPE=IN
A 115 180 10 0 9 3 #=24
P 26 120 170 100 170 0 3 0
L 65 165 10 0 3 0 1 0 VCCB2
A 120 170 10 0 9 0 PINTYPE=IN
A 115 170 10 0 9 3 #=23
P 27 0 180 20 180 0 2 0
L 25 175 10 0 3 0 1 0 VCCA
A 0 180 10 0 3 0 PINTYPE=IN
A 10 180 10 0 3 3 #=1
P 16 0 80 20 80 0 2 0
L 25 75 10 0 3 0 1 0 A8
A 0 80 10 0 3 0 PINTYPE=BI
A 5 80 10 0 3 3 #=10
P 31 0 40 20 40 0 2 0
L 25 35 10 0 3 0 1 0 OE_B
A 0 40 10 0 3 0 PINTYPE=IN
A 5 40 10 0 3 3 #=22
b 20 20 100 200
P 32 0 170 20 170 0 2 0
L 25 165 10 0 3 0 1 0 DIR
A 0 170 10 0 3 0 PINTYPE=IN
A 10 170 10 0 3 3 #=2
E
