V 51
K 74524218790 sst25wf080
|R 23:33_10-5-11
Y 1
D 0 0 160 140
Z 10
i 16
U 0 -10 10 0 3 0 MANF_P/N=SST25WF080-75-4I-SAF
U 20 0 16 0 3 3 REFDES=U?
P 16 0 95 20 95 0 2 0
L 25 90 10 0 3 0 1 0 SCK
A -20 95 10 0 3 0 PINTYPE=OUT
A 9 95 10 0 3 3 #=6
P 14 160 55 141 55 0 3 0
L 135 55 10 0 8 0 1 0 RST_B/HOLD_B
A 191 55 10 0 9 0 PINTYPE=BI
A 151 55 10 0 9 3 #=7
U 0 -20 10 0 3 0 VALUE=SST25WF080
P 11 160 95 140 95 0 3 0
A 160 95 10 0 9 0 PINTYPE=IN
A 151 95 10 0 9 3 #=8
L 135 95 10 0 8 0 1 0 VCC
P 4 160 75 141 75 0 3 0
L 135 75 10 0 8 0 1 0 WP_B
A 191 75 10 0 9 0 PINTYPE=BI
A 151 75 10 0 9 3 #=3
P 3 160 35 140 35 0 3 0
L 135 35 10 0 8 0 1 0 SO
A 170 35 10 0 9 0 PINTYPE=BI
A 151 35 10 0 9 3 #=2
P 6 0 35 20 35 0 2 0
L 25 30 10 0 3 0 1 0 GND
A -20 35 10 0 3 0 PINTYPE=OUT
A 9 35 10 0 3 3 #=4
P 15 0 75 20 75 0 2 0
L 25 70 10 0 3 0 1 0 SI
A -20 75 10 0 3 0 PINTYPE=OUT
A 9 75 10 0 3 3 #=5
P 2 0 55 20 55 0 2 0
L 24 50 10 0 3 0 1 0 CE_B
A -20 55 10 0 3 0 PINTYPE=IN
A -21 55 10 0 3 3 #=4
U 140 5 10 0 9 3 PKG_TYPE=TBD
b 20 20 140 110
U 20 115 10 0 3 3 DEVICE=SST25WF080
E
