V 53
K 136870997500 st2378e_1
F Case
|R 21:28_1-31-10
Y 1
D 0 0 160 200
Z 10
i 20
U 0 -90 10 0 3 0 HETERO=ST2378E,(ST2378E_1)
U 0 -70 10 0 3 0 DIST_P/N=497-3730-1-ND
U 0 -20 10 0 3 0 DIST=DIGI-KEY
U 0 -60 10 0 3 0 LEVEL=STD
U 0 -50 10 0 3 0 PARTS=1
U 0 -40 10 0 3 0 PKG_TYPE=TSSOP-20
U 0 -30 10 0 3 0 MANF=ST MICRO
U 25 195 10 0 3 0 MANF_P/N=ST2378ETTR
U 20 195 10 0 3 3 DEVICE=ST2378E
U 20 205 10 0 3 3 REFDES=U?
P 20 0 60 20 60 0 2 0
L 30 55 10 0 3 0 1 0 IO_VCC8
A 0 60 10 0 3 0 PINTYPE=BI
A 10 60 10 0 3 3 #=9
P 19 0 70 20 70 0 2 0
L 30 65 10 0 3 0 1 0 IO_VCC7
A 0 70 10 0 3 0 PINTYPE=BI
A 5 70 10 0 3 3 #=13
P 18 0 80 20 80 0 2 0
L 30 75 10 0 3 0 1 0 IO_VCC6
A 0 80 10 0 3 0 PINTYPE=BI
A 10 80 10 0 3 3 #=7
P 17 0 90 20 90 0 2 0
L 30 85 10 0 3 0 1 0 IO_VCC5
A 0 90 10 0 3 0 PINTYPE=BI
A 5 90 10 0 3 3 #=15
P 16 0 100 20 100 0 2 0
L 30 95 10 0 3 0 1 0 IO_VCC4
A 0 100 10 0 3 0 PINTYPE=BI
A 10 100 10 0 3 3 #=5
P 15 0 110 20 110 0 2 0
L 30 105 10 0 3 0 1 0 IO_VCC3
A 0 110 10 0 3 0 PINTYPE=BI
A 5 110 10 0 3 3 #=17
P 14 0 120 20 120 0 2 0
L 30 115 10 0 3 0 1 0 IO_VCC2
A 0 120 10 0 3 0 PINTYPE=BI
A 10 120 10 0 3 3 #=3
P 12 160 60 140 60 0 3 0
L 95 55 10 0 3 0 1 0 IO_VL8
A 160 60 10 0 9 0 PINTYPE=BI
A 155 60 10 0 9 3 #=12
P 11 160 70 140 70 0 3 0
L 95 65 10 0 3 0 1 0 IO_VL7
A 160 70 10 0 9 0 PINTYPE=BI
A 150 70 10 0 9 3 #=8
P 10 160 80 140 80 0 3 0
L 95 75 10 0 3 0 1 0 IO_VL6
A 160 80 10 0 9 0 PINTYPE=BI
A 155 80 10 0 9 3 #=14
P 9 160 90 140 90 0 3 0
L 95 85 10 0 3 0 1 0 IO_VL5
A 160 90 10 0 9 0 PINTYPE=BI
A 150 90 10 0 9 3 #=6
P 8 160 100 140 100 0 3 0
L 95 95 10 0 3 0 1 0 IO_VL4
A 160 100 10 0 9 0 PINTYPE=BI
A 155 100 10 0 9 3 #=16
P 7 160 110 140 110 0 3 0
L 95 105 10 0 3 0 1 0 IO_VL3
A 160 110 10 0 9 0 PINTYPE=BI
A 150 110 10 0 9 3 #=4
P 6 160 120 140 120 0 3 0
L 95 115 10 0 3 0 1 0 IO_VL2
A 160 120 10 0 9 0 PINTYPE=BI
A 155 120 10 0 9 3 #=18
P 4 160 130 140 130 0 3 0
L 95 125 10 0 3 0 1 0 IO_VL1
A 160 130 10 0 9 0 PINTYPE=BI
A 150 130 10 0 9 3 #=2
P 1 0 160 20 160 0 2 0
A 0 160 10 0 3 0 PINTYPE=IN
A 5 160 10 0 3 3 #=20
L 30 155 10 0 3 0 1 0 VCC
P 5 0 40 20 40 0 2 0
L 30 35 10 0 3 1 1 0 GND
A 0 40 10 0 3 0 PINTYPE=IN
A 5 40 10 0 3 3 #=10
P 13 0 130 20 130 0 2 0
L 30 125 10 0 3 1 1 0 IO_VCC1
A 0 130 10 0 3 0 PINTYPE=BI
A 5 130 10 0 3 3 #=19
P 2 160 160 140 160 0 3 0
A 160 160 10 0 9 0 PINTYPE=IN
A 150 160 10 0 9 3 #=1
L 115 155 10 0 3 0 1 0 VL
P 3 160 150 140 150 0 3 0
A 160 150 10 0 9 0 PINTYPE=IN
A 155 150 10 0 9 3 #=11
L 115 145 10 0 3 0 1 0 OE
b 20 20 140 180
U 20 185 10 0 3 3 DESCRIPTION=LEVEL TRANSLATOR
E
