V 51
K 200671013700 tc6416a
|R 4:12_11-9-11
Y 1
D -30 0 90 130
Z 10
i 59
U 0 -40 10 0 3 0 MANF_P/N=TCA6416APWR
U 0 -60 10 0 3 0 VALUE=VALUE
U -5 120 9 0 3 3 DEVICE=DEVICE
U -8 0 16 0 3 3 REFDES=U?
U 60 5 9 0 3 3 PKG_TYPE=TCA6416A_PW
P 52 90 70 70 70 0 3 0
L 65 70 9 0 8 0 1 0 P4
A 75 70 9 0 3 3 #=9
A -30 -10 9 0 3 0 PINTYPE=IN
P 53 90 80 70 80 0 3 0
L 65 80 9 0 8 0 1 0 P5
A 75 80 9 0 3 3 #=10
A -30 10 9 0 3 0 PINTYPE=IN
P 54 90 50 70 50 0 3 0
L 65 50 9 0 8 0 1 0 P2
A 75 50 9 0 3 3 #=6
A -30 -10 6 0 3 0 PINTYPE=IN
P 55 90 90 70 90 0 3 0
L 65 90 9 0 8 0 1 0 P6
A 75 90 9 0 3 3 #=11
A -30 0 9 0 3 0 PINTYPE=IN
P 56 90 40 70 40 0 3 0
L 65 40 9 0 8 0 1 0 P1
A 75 40 9 0 3 3 #=5
A -30 20 9 0 3 0 PINTYPE=IN
P 57 90 60 70 60 0 3 0
L 65 60 9 0 8 0 1 0 P3
A 75 60 9 0 3 3 #=7
A -30 30 9 0 3 0 PINTYPE=IN
P 58 90 100 70 100 0 3 0
L 65 100 9 0 8 0 1 0 P7
A 75 100 9 0 3 3 #=12
A -30 60 9 0 3 0 PINTYPE=IN
P 59 90 30 70 30 0 3 0
A -30 10 9 0 3 0 PINTYPE=IN
A 75 30 9 0 3 3 #=4
L 65 30 9 0 8 0 1 0 P0
P 32 -30 70 -10 70 0 2 0
L -5 70 9 0 2 0 1 0 A2
A -15 70 9 0 9 3 #=3
A -10 -30 9 0 3 0 PINTYPE=OUT
P 29 -30 60 -10 60 0 2 0
A -10 -50 9 0 3 0 PINTYPE=BI
A -15 60 9 0 9 3 #=2
L -5 60 9 0 2 0 1 0 A1
P 30 -30 50 -10 50 0 2 0
A -10 -50 9 0 3 0 PINTYPE=OUT
A -15 50 9 0 9 3 #=1
L -5 50 9 0 2 0 1 0 A0
P 11 -30 40 -10 40 0 2 0
L -5 40 9 0 2 0 1 0 INT_B
A -15 40 9 0 9 3 #=13
A -10 -70 9 0 3 0 PINTYPE=BI
P 33 -30 100 -10 100 0 2 0
A -10 -10 9 0 3 0 PINTYPE=BI
A -15 100 9 0 9 3 #=16
L -5 100 9 0 2 0 1 0 VCC
P 12 -30 30 -10 30 0 2 0
L -5 30 9 0 2 0 1 0 GND
A -15 30 9 0 9 3 #=8
A -10 -70 9 0 3 0 PINTYPE=OUT
P 34 -30 80 -10 80 0 2 0
A -10 -20 9 0 3 0 PINTYPE=OUT
A -15 80 9 0 9 3 #=15
L -5 80 9 0 2 0 1 0 SDA
P 31 -30 90 -10 90 0 2 0
L -5 90 9 0 2 0 1 0 SCL
A -15 90 9 0 9 3 #=14
A -10 -20 9 0 3 0 PINTYPE=BI
b -10 20 70 120
E
