V 51
K 363731634700 tfp410
|R 22:10_9-14-10
Y 1
D -30 0 150 420
Z 10
i 90
U 0 0 9 0 3 0 PARTS=1
U -8 -10 16 0 3 3 REFDES=U?
U -15 -35 10 0 3 3 MANF_P/N=TFP410PAPG4
P 87 150 380 130 380 0 3 0
A 150 380 10 2 3 0 PINTYPE=IN
L 130 375 10 0 9 0 1 0 DATA2
A 130 380 10 0 3 3 #=61
P 88 150 390 130 390 0 3 0
A 130 390 10 0 3 3 #=62
L 130 385 10 0 9 0 1 0 DATA1
A 150 390 10 2 3 0 PINTYPE=IN
P 79 150 320 130 320 0 3 0
A 150 320 10 2 3 0 PINTYPE=IN
L 130 315 10 0 9 0 1 0 DATA8
A 130 320 10 0 3 3 #=53
P 80 150 330 130 330 0 3 0
A 130 330 10 0 3 3 #=54
L 130 325 10 0 9 0 1 0 DATA7
A 150 330 10 2 3 0 PINTYPE=IN
P 82 150 370 130 370 0 3 0
A 130 370 10 0 3 3 #=60
L 130 365 10 0 9 0 1 0 DATA3
A 150 370 10 2 3 0 PINTYPE=IN
P 83 150 360 130 360 0 3 0
A 150 360 10 2 3 0 PINTYPE=IN
L 130 355 10 0 9 0 1 0 DATA4
A 130 360 10 0 3 3 #=59
P 84 150 350 130 350 0 3 0
A 130 350 10 0 3 3 #=58
L 130 345 10 0 9 0 1 0 DATA5
A 150 350 10 2 3 0 PINTYPE=IN
P 85 -30 250 -10 250 0 2 0
A -30 250 10 6 3 0 PINTYPE=IN
L -10 245 10 4 9 0 1 0 IDCK_P
A -10 250 10 4 3 3 #=57
P 64 150 240 130 240 0 3 0
A 130 240 10 0 3 3 #=43
L 130 235 10 0 9 0 1 0 DATA16
A 150 240 10 2 3 0 PINTYPE=IN
P 68 150 300 130 300 0 3 0
A 130 300 10 0 3 3 #=51
L 130 295 10 0 9 0 1 0 DATA10
A 150 300 10 2 3 0 PINTYPE=IN
P 69 150 310 130 310 0 3 0
A 150 310 10 2 3 0 PINTYPE=IN
L 130 305 10 0 9 0 1 0 DATA9
A 130 310 10 0 3 3 #=52
P 74 150 280 130 280 0 3 0
A 130 280 10 0 3 3 #=47
L 130 275 10 0 9 0 1 0 DATA12
A 150 280 10 2 3 0 PINTYPE=IN
P 75 150 270 130 270 0 3 0
A 150 270 10 2 3 0 PINTYPE=IN
L 130 265 10 0 9 0 1 0 DATA13
A 130 270 10 0 3 3 #=46
P 76 150 260 130 260 0 3 0
A 130 260 10 0 3 3 #=45
L 130 255 10 0 9 0 1 0 DATA14
A 150 260 10 2 3 0 PINTYPE=IN
P 77 150 250 130 250 0 3 0
A 150 250 10 2 3 0 PINTYPE=IN
L 130 245 10 0 9 0 1 0 DATA15
A 130 250 10 0 3 3 #=44
P 78 150 230 130 230 0 3 0
A 150 230 10 2 3 0 PINTYPE=IN
L 130 225 10 0 9 0 1 0 DATA17
A 130 230 10 0 3 3 #=42
P 39 150 220 130 220 0 3 0
L 130 215 10 0 9 0 1 0 DATA18
A 150 220 10 0 9 0 PINTYPE=IN
A 130 220 10 0 3 3 #=41
P 40 150 210 130 210 0 3 0
L 130 205 10 0 9 0 1 0 DATA19
A 150 210 10 0 9 0 PINTYPE=IN
A 130 210 10 0 3 3 #=40
P 41 150 200 130 200 0 3 0
L 130 195 10 0 9 0 1 0 DATA20
A 150 200 10 0 9 0 PINTYPE=IN
A 130 200 10 0 3 3 #=39
P 42 150 190 130 190 0 3 0
A 150 190 10 2 3 0 PINTYPE=IN
A 130 190 10 0 3 3 #=38
L 130 185 10 0 9 0 1 0 DATA21
P 43 150 180 130 180 0 3 0
A 130 180 10 0 3 3 #=37
L 130 175 10 0 9 0 1 0 DATA22
A 150 180 10 2 3 0 PINTYPE=IN
P 44 150 170 130 170 0 3 0
A 150 170 10 2 3 0 PINTYPE=IN
L 130 165 10 0 9 0 1 0 DATA23
A 130 170 10 0 3 3 #=36
P 46 150 140 130 140 0 3 0
A 150 140 10 2 3 0 PINTYPE=IN
L 130 135 10 0 9 0 1 0 RESERVED
A 130 140 10 0 3 3 #=34
P 29 -30 180 -10 180 0 2 0
A -10 180 10 4 3 3 #=24
L -10 175 10 4 9 0 1 0 TX0_N
A -30 180 10 6 3 0 PINTYPE=IN
P 31 -30 200 -10 200 0 2 0
A -10 200 10 4 3 3 #=22
L -10 195 10 4 9 0 1 0 TXC_P
A -30 200 10 6 3 0 PINTYPE=IN
P 11 -30 350 -10 350 0 2 0
L -10 345 10 0 3 0 1 0 CTL2_A2_DK2
A -30 350 10 0 3 0 PINTYPE=IN
A -10 350 10 0 9 3 #=7
P 15 -30 340 -10 340 0 2 0
L -10 335 10 0 3 0 1 0 CTL1_A1_DK1
A -30 340 10 2 9 0 PINTYPE=OUT
A -10 340 10 0 9 3 #=8
P 16 -30 390 -10 390 0 2 0
L -10 385 10 0 3 0 1 0 VREF
A -30 390 10 2 9 0 PINTYPE=IN
A -10 390 10 0 9 3 #=3
P 17 -30 380 -10 380 0 2 0
L -10 375 10 0 3 0 1 0 HSYNC
A -30 380 10 2 9 0 PINTYPE=IN
A -10 380 10 0 9 3 #=4
P 18 -30 370 -10 370 0 2 0
L -10 365 10 0 3 0 1 0 VSYNC
A -30 370 10 2 9 0 PINTYPE=IN
A -10 370 10 0 9 3 #=5
P 19 -30 360 -10 360 0 2 0
L -10 355 10 0 3 0 1 0 CTL3_A3_DK3
A -30 360 10 2 9 0 PINTYPE=IN
A -10 360 10 0 9 3 #=6
P 1 -30 400 -10 400 0 2 0
L -10 395 10 0 3 1 1 0 DE
A -10 400 10 0 9 3 #=2
A -10 370 9 0 3 0 PINTYPE=IN
P 12 -30 330 -10 330 0 2 0
L -10 325 10 4 9 0 1 0 EDGE_HTPLG
A -30 330 10 6 3 0 PINTYPE=IN
A -10 330 10 4 3 3 #=9
P 2 -30 320 -10 320 0 2 0
L -10 315 10 4 9 1 1 0 PD_B
A -10 320 10 4 3 3 #=10
A -10 330 9 6 3 0 PINTYPE=in
P 22 -30 310 -10 310 0 2 0
L -10 305 10 4 9 0 1 0 MSEN_PO1
A -30 310 10 4 9 0 PINTYPE=IN
A -10 310 10 4 3 3 #=11
P 28 -30 170 -10 170 0 2 0
A -30 170 10 6 3 0 PINTYPE=IN
L -10 165 10 4 9 0 1 0 TX0_P
A -10 170 10 4 3 3 #=25
P 34 -30 150 -10 150 0 2 0
A -10 150 10 4 3 3 #=27
L -10 145 10 4 9 0 1 0 TX1_N
A -30 150 10 6 3 0 PINTYPE=IN
P 48 -30 140 -10 140 0 2 0
A -30 140 10 6 3 0 PINTYPE=IN
L -10 135 10 4 9 0 1 0 TX1_P
A -10 140 10 4 3 3 #=28
P 36 -30 120 -10 120 0 2 0
A -30 120 10 6 3 0 PINTYPE=IN
L -10 115 10 4 9 0 1 0 TX2_N
A -10 120 10 4 3 3 #=30
P 37 -30 110 -10 110 0 2 0
A -10 110 10 4 3 3 #=31
L -10 105 10 4 9 0 1 0 TX2_P
A -30 110 10 6 3 0 PINTYPE=IN
P 67 150 290 130 290 0 3 0
A 150 290 10 2 3 0 PINTYPE=IN
L 130 285 10 0 9 0 1 0 DATA11
A 130 290 10 0 3 3 #=50
P 81 150 340 130 340 0 3 0
A 150 340 10 2 3 0 PINTYPE=IN
L 130 335 10 0 9 0 1 0 DATA6
A 130 340 10 0 3 3 #=55
P 86 -30 240 -10 240 0 2 0
A -10 240 10 4 3 3 #=56
L -10 235 10 4 9 0 1 0 IDCK_N
A -30 240 10 6 3 0 PINTYPE=IN
P 90 150 10 130 10 0 3 0
A 130 10 10 0 3 3 #=64
L 130 5 10 0 9 0 1 0 DGND3
A 150 10 10 2 3 0 PINTYPE=IN
P 89 150 400 130 400 0 3 0
A 150 400 10 2 3 0 PINTYPE=IN
L 130 395 10 0 9 0 1 0 DATA0
A 130 400 10 0 3 3 #=63
P 65 150 20 130 20 0 3 0
A 150 20 10 2 3 0 PINTYPE=IN
L 130 15 10 0 9 0 1 0 DGND2
A 130 20 10 0 3 3 #=48
P 9 150 30 130 30 0 3 0
A 130 30 10 0 3 3 #=16
L 130 25 10 0 9 0 1 0 DGND1
A 150 30 10 2 3 0 PINTYPE=IN
P 38 150 70 130 70 0 3 0
A 150 70 10 2 3 0 PINTYPE=IN
L 130 65 10 0 9 0 1 0 TGND3
A 130 70 10 0 3 3 #=32
P 33 150 80 130 80 0 3 0
A 130 80 10 0 3 3 #=26
L 130 75 10 0 9 0 1 0 TGND2
A 150 80 10 2 3 0 PINTYPE=IN
P 27 150 90 130 90 0 3 0
A 130 90 10 0 3 3 #=20
L 130 85 10 0 9 0 1 0 TGND1
A 150 90 10 2 3 0 PINTYPE=IN
P 10 -30 270 -10 270 0 2 0
A -30 270 10 6 3 0 PINTYPE=IN
A -10 270 10 4 3 3 #=15
L -10 265 10 4 9 0 1 0 BSEL_SCL
P 20 -30 280 -10 280 0 2 0
L -10 275 10 4 9 0 1 0 DSEL_SDA
A -30 280 10 4 9 0 PINTYPE=IN
A -10 280 10 4 3 3 #=14
P 21 -30 290 -10 290 0 2 0
L -10 285 10 4 9 0 1 0 ISEL_RST_B
A -30 290 10 4 9 0 PINTYPE=IN
A -10 290 10 4 3 3 #=13
P 14 -30 30 -10 30 0 2 0
L -10 25 10 0 3 0 1 0 DVDD1
A -30 30 10 0 3 0 PINTYPE=IN
A -10 30 10 0 9 3 #=1
P 23 -30 20 -10 20 0 2 0
L -10 15 10 4 9 0 1 0 DVDD2
A -30 20 10 4 9 0 PINTYPE=IN
A -10 20 10 4 3 3 #=12
P 26 -30 300 -10 300 0 2 0
A -30 300 10 6 3 0 PINTYPE=IN
L -10 295 10 4 9 0 1 0 TFADJ
A -10 300 10 4 3 3 #=19
P 30 -30 80 -10 80 0 2 0
A -30 80 10 6 3 0 PINTYPE=IN
L -10 75 10 4 9 0 1 0 TVDD1
A -10 80 10 4 3 3 #=23
P 35 -30 70 -10 70 0 2 0
A -10 70 10 4 3 3 #=29
L -10 65 10 4 9 0 1 0 TVDD2
A -30 70 10 6 3 0 PINTYPE=IN
P 47 -30 10 -10 10 0 2 0
A -10 10 10 4 3 3 #=33
L -10 5 10 4 9 0 1 0 DVDD3
A -30 10 10 6 3 0 PINTYPE=IN
P 45 -30 260 -10 260 0 2 0
A -10 260 10 4 3 3 #=35
L -10 255 10 4 9 0 1 0 DKEN
A -30 260 10 6 3 0 PINTYPE=IN
P 32 -30 210 -10 210 0 2 0
A -30 210 10 6 3 0 PINTYPE=IN
L -10 205 10 4 9 0 1 0 TXC_N
A -10 210 10 4 3 3 #=21
P 66 150 150 130 150 0 3 0
A 130 150 10 0 3 3 #=49
L 130 145 10 0 9 0 1 0 NC
A 150 150 10 2 3 0 PINTYPE=IN
P 24 150 50 130 50 0 3 0
A 150 50 10 2 3 0 PINTYPE=IN
L 130 45 10 0 9 0 1 0 PGND
A 130 50 10 0 3 3 #=17
P 25 -30 50 -10 50 0 2 0
A -10 50 10 4 3 3 #=18
L -10 45 10 4 9 0 1 0 PVDD
A -30 50 10 6 3 0 PINTYPE=IN
b -10 5 130 410
U -10 410 9 0 3 3 DEVICE=TFP410
U 75 -5 9 0 3 3 PKG_TYPE=TFP410PAPG4
E
