V 51
K 218868230400 sn74lvc1g126
|R 20:02_11-22-10
Y 1
D 0 0 150 60
Z 10
i 36
U -20 -60 10 0 3 0 PART_SPEC=SN74LVC1G126
U -20 -20 10 0 3 0 LEVEL=STD
U -20 -40 10 0 3 0 PARTS=1
P 36 150 50 120 50 0 3 0
L 120 45 10 0 9 0 1 0 Y0
A 190 51 10 0 3 0 PINTYPE=BI
A 130 50 10 0 9 3 #=6
P 35 0 10 30 10 0 2 0
A 0 10 10 0 3 0 PINTYPE=BI
A 20 10 10 0 3 3 #=3
L 35 5 10 0 3 1 1 0 A
P 34 0 30 30 30 0 2 0
A 0 30 10 0 3 0 PINTYPE=BI
A 20 30 10 0 3 3 #=2
L 35 25 10 0 3 1 1 0 GND
P 33 0 50 30 50 0 2 0
A 0 50 10 0 3 0 PINTYPE=BI
A 20 50 10 0 3 3 #=1
L 35 45 10 0 3 0 1 0 S
P 22 150 10 120 10 0 3 0
A 130 10 10 0 9 3 #=4
A 190 11 10 0 3 0 PINTYPE=BI
L 120 5 10 0 9 0 1 0 Y1
P 20 150 30 120 30 0 3 0
A 130 30 10 0 9 3 #=5
A 190 31 10 0 3 0 PINTYPE=BI
L 120 25 10 0 9 0 1 0 VCC
b 30 0 120 60
l 2 75 15 60 15
l 2 60 10 45 10
l 2 45 10 50 10
l 2 45 50 60 50
l 2 60 50 60 30
l 2 60 30 75 30
c 75 15 1
Q 2 1 0
l 2 80 45 75 45
l 2 80 15 75 15
l 2 75 15 75 45
l 2 105 50 100 50
l 2 105 10 100 10
l 2 79 15 89 15
l 2 100 10 100 15
l 2 100 15 94 15
l 2 78 45 89 45
l 2 100 50 100 45
l 2 100 45 94 45
c 91 42 1
l 2 89 12 89 18
l 2 94 15 89 18
l 2 89 12 94 15
l 2 94 45 89 48
l 2 89 42 89 48
l 2 89 42 94 45
l 2 75 30 91 30
l 2 91 17 91 41
c 91 30 1
Q 2 1 0
l 2 60 10 60 15
U 90 -10 10 0 3 3 PKG_TYPE=XXX
U 32 -17 16 0 3 3 REFDES=U?
U 30 60 10 0 3 3 DEVICE=XXX
E
