V 51
K 317927255900 pca9548a
|R 16:24_4-22-13
Y 1
D -30 0 130 180
Z 10
i 36
U 0 0 9 0 3 0 PARTS=1
U 2 -15 16 0 3 3 REFDES=U?
U 60 -10 9 0 3 3 PKG_TYPE=PKG_TYPE
U 0 180 9 0 3 3 DEVICE=DEVICE
P 36 -30 80 0 80 0 2 0
L 5 80 9 0 2 0 1 0 D2_N
A -5 80 9 0 9 3 #=9
A 0 -30 9 0 3 0 PINTYPE=BI
P 33 -30 160 0 160 0 2 0
A 0 50 9 0 3 0 PINTYPE=BI
A -5 160 9 0 9 3 #=1
L 5 160 9 0 2 0 1 0 D0_P
P 34 -30 150 0 150 0 2 0
A 0 50 9 0 3 0 PINTYPE=BI
A -5 150 9 0 9 3 #=2
L 5 150 9 0 2 0 1 0 GND1
P 31 -30 140 0 140 0 2 0
L 5 140 9 0 2 0 1 0 D0_N
A -5 140 9 0 9 3 #=3
A 0 30 9 0 3 0 PINTYPE=BI
P 32 -30 130 0 130 0 2 0
L 5 130 9 0 2 0 1 0 D1_P
A -5 130 9 0 9 3 #=4
A 0 30 9 0 3 0 PINTYPE=BI
P 29 -30 120 0 120 0 2 0
A 0 10 9 0 3 0 PINTYPE=BI
A -5 120 9 0 9 3 #=5
L 5 120 9 0 2 0 1 0 GND2
P 30 -30 110 0 110 0 2 0
A 0 10 9 0 3 0 PINTYPE=BI
A -5 110 9 0 9 3 #=6
L 5 110 9 0 2 0 1 0 D1_N
P 11 -30 100 0 100 0 2 0
L 5 100 9 0 2 0 1 0 D2_P
A -5 100 9 0 9 3 #=7
A 0 -10 9 0 3 0 PINTYPE=BI
P 12 -30 90 0 90 0 2 0
L 5 90 9 0 2 0 1 0 GND3
A -5 90 9 0 9 3 #=8
A 0 -10 9 0 3 0 PINTYPE=BI
P 22 -30 60 0 60 0 2 0
A 0 -40 9 0 3 0 PINTYPE=BI
A -5 60 9 0 9 3 #=11
L 5 60 9 0 2 0 1 0 GND4
P 23 -30 50 0 50 0 2 0
L 5 50 9 0 2 0 1 0 D3_N
A -5 50 9 0 9 3 #=12
A 0 -60 9 0 3 0 PINTYPE=BI
P 3 130 80 100 80 0 3 0
L 95 80 9 0 8 0 1 0 VCC2
A 105 80 9 0 3 3 #=13
A 0 -10 9 0 3 0 PINTYPE=BI
P 7 130 140 100 140 0 3 0
L 95 140 9 0 8 0 1 0 VCC1
A 105 140 9 0 3 3 #=15
A 0 90 9 0 3 0 PINTYPE=BI
P 21 -30 70 0 70 0 2 0
A 0 -40 9 0 3 0 PINTYPE=BI
A -5 70 9 0 9 3 #=10
L 5 70 9 0 2 0 1 0 D3_P
b 0 0 100 180
P 8 130 110 100 110 0 3 0
L 95 110 9 0 8 0 1 0 NC
A 105 110 9 0 3 3 #=14
A 0 70 9 0 3 0 PINTYPE=BI
E
