V 51
K 95912848790 tps7a4901
|R 21:37_10-27-10
Y 1
D 0 0 120 100
Z 10
i 49
U -190 -40 10 0 3 0 LEVEL=STD
U -190 -50 10 0 3 0 PARTS=1
U 30 90 10 0 3 3 DEVICE=XXXXXX
U 20 -5 16 0 3 3 REFDES=U?
U 80 0 10 0 3 3 PKG_TYPE=XXXXXX
b 20 10 100 90
P 49 0 80 20 80 0 2 0
A -30 70 10 0 9 0 PINTYPE=BI
A 20 80 10 0 9 3 #=1
L 25 80 10 0 2 1 1 0 OUT
P 18 0 60 20 60 0 2 0
L 25 60 10 0 2 1 1 0 FB
A 20 60 10 0 9 3 #=2
A -30 50 10 0 9 0 PINTYPE=BI
P 22 0 20 20 20 0 2 0
L 25 20 10 0 2 1 1 0 GND
A 20 20 10 0 9 3 #=4
A -30 10 10 0 9 0 PINTYPE=BI
P 27 120 20 100 20 0 3 0
A 100 20 10 0 3 3 #=5
A 160 15 10 0 3 0 PINTYPE=BI
L 95 20 10 0 8 0 1 0 EN
P 40 120 40 100 40 0 3 0
L 95 40 10 0 8 1 1 0 NR_SS
A 100 40 10 0 3 3 #=6
A 160 35 10 0 3 0 PINTYPE=BI
P 19 120 80 100 80 0 3 0
A 100 80 10 0 3 3 #=8
A 160 75 10 0 3 0 PINTYPE=BI
L 95 80 10 0 8 1 1 0 IN
P 20 0 40 20 40 0 2 0
A -30 30 10 0 9 0 PINTYPE=BI
A 20 40 10 0 9 3 #=3
L 25 40 10 0 2 0 1 0 NC_3
P 38 120 60 100 60 0 3 0
A 100 60 10 0 3 3 #=7
A 160 55 10 0 3 0 PINTYPE=BI
L 95 60 10 0 8 0 1 0 NC_7
E
