V 51
K 242912356600 tps84k
|R 21:13_4-1-13
Y 1
D 0 0 200 400
Z 10
i 52
U 0 -70 10 0 3 0 DIST_P/N=TPS84A20RVQT
U 0 -60 10 0 3 0 DIST=TEXAS INSTRUMENTS
U 0 -50 10 0 3 0 MFG_P/N=TPS84A20RVQT
U 0 -40 10 0 3 0 MFG=TEXAS INSTRUMENTS
U 0 -30 10 0 3 0 PKG_TYPE=QFN_RVQ_42
U 0 -20 10 0 3 0 PARTS=1
U 0 -10 10 0 3 0 LEVEL=STD
U 25 0 16 0 3 3 REFDES=U?
U 30 380 10 0 3 3 DEVICE=TPS84A20
P 52 200 310 180 310 0 3 0
L 135 305 10 0 3 0 1 0 VOUT_41
A 200 310 10 0 9 0 PINTYPE=OUT
A 195 310 10 0 9 3 #=41
P 42 200 200 180 200 0 3 0
L 140 195 10 0 3 0 1 0 DNC_24
A 200 200 10 0 9 0 PINTYPE=OUT
A 195 200 10 0 9 3 #=24
P 43 200 210 180 210 0 3 0
L 140 205 10 0 3 0 1 0 DNC_09
A 200 210 10 0 9 0 PINTYPE=OUT
A 190 210 10 0 9 3 #=9
P 44 200 220 180 220 0 3 0
L 140 215 10 0 3 0 1 0 DNC_05
A 200 220 10 0 9 0 PINTYPE=OUT
A 190 220 10 0 9 3 #=5
P 45 200 230 180 230 0 3 0
L 140 225 10 0 3 0 1 0 DNC_04
A 200 230 10 0 9 0 PINTYPE=OUT
A 190 230 10 0 9 3 #=4
P 40 0 80 20 80 0 2 0
L 30 75 10 0 3 0 1 0 SS_TR
A 0 80 10 0 3 0 PINTYPE=IN
A 5 80 10 0 3 3 #=28
P 39 0 90 20 90 0 2 0
L 30 85 10 0 3 0 1 0 RT_CLK
A 0 90 10 0 3 0 PINTYPE=IN
A 5 90 10 0 3 3 #=22
P 26 0 200 20 200 0 2 0
L 30 195 10 0 3 0 1 0 PH_13
A 0 200 10 0 3 0 PINTYPE=IN
A 5 200 10 0 3 3 #=13
P 27 0 210 20 210 0 2 0
L 30 205 10 0 3 0 1 0 PH_10
A 0 210 10 0 3 0 PINTYPE=IN
A 5 210 10 0 3 3 #=10
P 24 200 330 180 330 0 3 0
L 135 325 10 0 3 0 1 0 VOUT_37
A 200 330 10 0 9 0 PINTYPE=OUT
A 195 330 10 0 9 3 #=37
P 17 0 140 20 140 0 2 0
L 30 135 10 0 3 0 1 0 PH_19
A 0 140 10 0 3 0 PINTYPE=IN
A 5 140 10 0 3 3 #=19
P 15 0 150 20 150 0 2 0
L 30 145 10 0 3 0 1 0 PH_18
A 0 150 10 0 3 0 PINTYPE=IN
A 5 150 10 0 3 3 #=18
P 13 0 160 20 160 0 2 0
L 30 155 10 0 3 0 1 0 PH_17
A 0 160 10 0 3 0 PINTYPE=IN
A 5 160 10 0 3 3 #=17
P 11 0 170 20 170 0 2 0
L 30 165 10 0 3 0 1 0 PH_16
A 0 170 10 0 3 0 PINTYPE=IN
A 5 170 10 0 3 3 #=16
P 9 0 180 20 180 0 2 0
L 30 175 10 0 3 0 1 0 PH_15
A 0 180 10 0 3 0 PINTYPE=IN
A 5 180 10 0 3 3 #=15
P 7 0 190 20 190 0 2 0
L 30 185 10 0 3 0 1 0 PH_14
A 0 190 10 0 3 0 PINTYPE=IN
A 5 190 10 0 3 3 #=14
P 4 200 350 180 350 0 3 0
L 135 345 10 0 3 0 1 0 VOUT_35
A 200 350 10 0 9 0 PINTYPE=OUT
A 195 350 10 0 9 3 #=35
P 6 200 340 180 340 0 3 0
L 135 335 10 0 3 0 1 0 VOUT_36
A 200 340 10 0 9 0 PINTYPE=OUT
A 195 340 10 0 9 3 #=36
P 19 0 130 20 130 0 2 0
L 30 125 10 0 3 0 1 0 PH_42
A 0 130 10 0 3 0 PINTYPE=IN
A 5 130 10 0 3 3 #=42
P 29 0 240 20 240 0 2 0
L 30 235 10 0 3 0 1 0 INH_UVLO
A 0 240 10 0 3 0 PINTYPE=IN
A 5 240 10 0 3 3 #=30
P 32 0 50 20 50 0 2 0
L 30 45 10 0 3 0 1 0 AGND_02
A 0 50 10 0 3 0 PINTYPE=POWER
A 10 50 10 0 3 3 #=2
P 31 0 40 20 40 0 2 0
L 30 35 10 0 3 0 1 0 AGND_23
A 0 40 10 0 3 0 PINTYPE=POWER
A 5 40 10 0 3 3 #=23
P 2 200 360 180 360 0 3 0
L 135 355 10 0 3 0 1 0 VOUT_34
A 200 360 10 0 9 0 PINTYPE=OUT
A 195 360 10 0 9 3 #=34
P 1 0 360 20 360 0 2 0
L 30 355 10 0 3 0 1 0 PVIN_01
A 0 360 10 0 3 0 PINTYPE=POWER
A 10 360 10 0 3 3 #=1
P 3 0 350 20 350 0 2 0
L 30 345 10 0 3 0 1 0 PVIN_11
A 0 350 10 0 3 0 PINTYPE=POWER
A 5 350 10 0 3 3 #=11
P 5 0 340 20 340 0 2 0
L 30 335 10 0 3 0 1 0 PVIN_12
A 0 340 10 0 3 0 PINTYPE=POWER
A 5 340 10 0 3 3 #=12
P 21 0 330 20 330 0 2 0
L 30 325 10 0 3 0 1 0 PVIN_39
A 0 330 10 0 3 0 PINTYPE=POWER
A 5 330 10 0 3 3 #=39
P 22 0 320 20 320 0 2 0
L 30 315 10 0 3 0 1 0 PVIN_40
A 0 320 10 0 3 0 PINTYPE=POWER
A 5 320 10 0 3 3 #=40
P 10 200 160 180 160 0 3 0
L 130 155 10 0 3 0 1 0 SYNC_OUT
A 200 160 10 0 9 0 PINTYPE=OUT
A 190 160 10 0 9 3 #=7
P 12 200 80 180 80 0 3 0
L 135 75 10 0 3 0 1 0 PGND_20
A 200 80 10 0 9 0 PINTYPE=POWER
A 195 80 10 0 9 3 #=20
P 14 200 70 180 70 0 3 0
L 135 65 10 0 3 0 1 0 PGND_21
A 200 70 10 0 9 0 PINTYPE=POWER
A 195 70 10 0 9 3 #=21
P 16 200 60 180 60 0 3 0
L 135 55 10 0 3 0 1 0 PGND_31
A 200 60 10 0 9 0 PINTYPE=POWER
A 195 60 10 0 9 3 #=31
P 18 200 50 180 50 0 3 0
L 135 45 10 0 3 0 1 0 PGND_32
A 200 50 10 0 9 0 PINTYPE=POWER
A 195 50 10 0 9 3 #=32
P 20 200 40 180 40 0 3 0
L 135 35 10 0 3 0 1 0 PGND_33
A 200 40 10 0 9 0 PINTYPE=POWER
A 195 40 10 0 9 3 #=33
P 28 0 310 20 310 0 2 0
L 30 305 10 0 3 0 1 0 VIN
A 0 310 10 0 3 0 PINTYPE=IN
A 10 310 10 0 3 3 #=3
P 8 200 270 180 270 0 3 0
L 135 265 10 0 3 0 1 0 SENSE_P
A 200 270 10 0 9 0 PINTYPE=IN
A 195 270 10 0 9 3 #=27
P 51 200 100 180 100 0 3 0
L 140 95 10 0 3 0 1 0 ISHARE
A 200 100 10 0 9 0 PINTYPE=IN
A 195 100 10 0 9 3 #=25
P 38 200 170 180 170 0 3 0
L 145 165 10 0 3 0 1 0 PWRGD
A 200 170 10 0 9 0 PINTYPE=OUT
A 190 170 10 0 9 3 #=8
P 46 0 60 20 60 0 2 0
L 30 55 10 0 3 0 1 0 STSEL
A 0 60 10 0 3 0 PINTYPE=IN
A 5 60 10 0 3 3 #=29
P 47 0 100 20 100 0 2 0
L 30 95 10 0 3 0 1 0 VADJ
A 0 100 10 0 3 0 PINTYPE=IN
A 5 100 10 0 3 3 #=26
P 36 0 70 20 70 0 2 0
L 30 65 10 0 3 0 1 0 ILIM
A 0 70 10 0 3 0 PINTYPE=IN
A 10 70 10 0 3 3 #=6
P 23 200 320 180 320 0 3 0
L 135 315 10 0 3 0 1 0 VOUT_38
A 200 320 10 0 9 0 PINTYPE=OUT
A 195 320 10 0 9 3 #=38
b 20 20 180 380
E
