V 51
K 346789586300 triax
|R 0:05_10-12-10
Y 1
D 0 0 80 120
Z 10
i 194
U 5 -75 10 0 3 0 LEVEL=STD
U 5 -95 10 0 3 0 PARTS=1
U 5 -85 10 0 3 0 DEVICE=TRIAX
U 0 -70 10 0 3 0 PKG_TYPE=TRIAX
U 10 -10 10 0 3 3 VALUE=XX
P 147 80 105 60 105 0 3 0
L 35 100 10 0 3 0 1 0 GND1
A 100 105 10 0 3 0 PINTYPE=BI
A 65 105 10 0 3 3 #=1
P 150 80 90 60 90 0 3 0
A 65 90 10 0 3 3 #=2
L 35 85 10 0 3 0 1 0 GND2
A 100 90 10 0 3 0 PINTYPE=BI
P 151 80 75 60 75 0 3 0
A 65 75 10 0 3 3 #=3
L 35 70 10 0 3 0 1 0 GND3
A 100 75 10 0 3 0 PINTYPE=BI
P 192 80 60 60 60 0 3 0
A 65 60 10 0 3 3 #=4
L 35 55 10 0 3 0 1 0 GND4
A 100 60 10 0 3 0 PINTYPE=BI
P 193 80 40 60 40 0 3 0
A 65 40 10 0 3 3 #=5
L 40 35 10 0 3 0 1 0 SIG
A 100 40 10 0 3 0 PINTYPE=BI
U 47 123 16 0 3 3 REFDES=J?
P 194 80 10 60 10 0 3 0
A 65 10 10 0 3 3 #=6
L 30 5 10 0 3 0 1 0 GUARD
A 100 10 10 0 3 0 PINTYPE=BI
b 0 0 60 120
E
