V 51
K 388407169300 ts3a44159_alt
|R 18:42_7-6-13
Y 1
D 0 0 120 180
Z 10
i 32
U 0 -60 10 0 3 0 DIST_P/N=296-21915-1-ND
U 0 -50 10 0 3 0 DIST=DIGIKEY
U 0 -40 10 0 3 0 MANF_P/N=TS3A44159PWR
U 0 -30 10 0 3 0 MANF=TI
U 0 -20 10 0 3 0 PARTS=1
U 0 -10 10 0 3 0 LEVEL=STD
U 20 0 16 0 3 3 REFDES=U?
U 55 10 10 0 3 3 PKG_TYPE=TSSOP_16
U 25 160 10 0 3 3 DEVICE=TS3A44159
P 16 0 35 20 35 0 2 0
L 25 30 10 0 3 0 1 0 NC4
A 0 35 10 0 3 0 PINTYPE=BI
A 5 35 10 0 3 3 #=11
P 1 0 115 20 115 0 2 0
L 25 110 10 0 3 0 1 0 NO1
A 0 115 10 0 3 0 PINTYPE=BI
A 5 115 10 0 3 3 #=13
P 11 0 105 20 105 0 2 0
L 25 100 10 0 3 0 1 0 NO2
A 0 105 10 0 3 0 PINTYPE=BI
A 10 105 10 0 3 3 #=1
P 13 0 95 20 95 0 2 0
L 25 90 10 0 3 0 1 0 NO3
A 0 95 10 0 3 0 PINTYPE=BI
A 10 95 10 0 3 3 #=5
P 12 0 65 20 65 0 2 0
L 25 60 10 0 3 0 1 0 NC1
A 0 65 10 0 3 0 PINTYPE=BI
A 5 65 10 0 3 3 #=15
P 15 0 85 20 85 0 2 0
L 25 80 10 0 3 0 1 0 NO4
A 0 85 10 0 3 0 PINTYPE=BI
A 10 85 10 0 3 3 #=9
P 14 0 45 20 45 0 2 0
L 25 40 10 0 3 0 1 0 NC3
A 0 45 10 0 3 0 PINTYPE=BI
A 10 45 10 0 3 3 #=7
P 10 0 55 20 55 0 2 0
L 25 50 10 0 3 0 1 0 NC2
A 0 55 10 0 3 0 PINTYPE=BI
A 10 55 10 0 3 3 #=3
P 25 120 145 100 145 0 3 0
L 80 140 10 0 3 0 1 0 VCC
A 120 145 10 0 9 0 PINTYPE=IN
A 115 145 10 0 9 3 #=12
P 32 0 145 20 145 0 2 0
L 25 140 10 0 3 0 1 0 SEL12
A 0 145 10 0 3 0 PINTYPE=IN
A 5 145 10 0 3 3 #=16
P 31 0 135 20 135 0 2 0
L 25 130 10 0 3 0 1 0 SEL34
A 0 135 10 0 3 0 PINTYPE=IN
A 10 135 10 0 3 3 #=8
P 9 120 115 100 115 0 3 0
L 75 110 10 0 3 0 1 0 COM1
A 120 115 10 0 9 0 PINTYPE=BI
A 115 115 10 0 9 3 #=14
P 17 120 105 100 105 0 3 0
L 75 100 10 0 3 0 1 0 COM2
A 120 105 10 0 9 0 PINTYPE=BI
A 110 105 10 0 9 3 #=2
P 19 120 95 100 95 0 3 0
L 75 90 10 0 3 0 1 0 COM3
A 120 95 10 0 9 0 PINTYPE=BI
A 110 95 10 0 9 3 #=6
P 20 120 85 100 85 0 3 0
L 75 80 10 0 3 0 1 0 COM4
A 120 85 10 0 9 0 PINTYPE=BI
A 115 85 10 0 9 3 #=10
P 28 120 35 100 35 0 3 0
L 80 30 10 0 3 0 1 0 GND
A 120 35 10 0 9 0 PINTYPE=IN
A 110 35 10 0 9 3 #=4
b 20 20 100 160
E
