V 51
K 373018878200 usb3333
|R 20:02_11-8-11
Y 1
D 0 0 120 220
Z 10
i 35
U 0 -70 10 0 3 0 VALUE=USB3333
U 0 -40 10 0 3 0 MANF_P/N=XXXX
U 20 0 16 0 3 3 REFDES=U?
U 20 200 10 0 3 3 DEVICE=USB3333
P 35 120 160 100 160 0 3 0
L 95 160 10 0 8 0 1 0 VDD33
A 120 160 10 0 9 0 PINTYPE=POWER
A 105 160 10 0 3 3 #=D3
P 10 0 140 20 140 0 2 0
L 25 135 10 0 3 0 1 0 DATA5
A 0 140 10 0 3 0 PINTYPE=BI
A 15 140 10 0 9 3 #=E5
P 11 0 130 20 130 0 2 0
L 25 125 10 0 3 0 1 0 DATA4
A 0 130 10 0 3 0 PINTYPE=BI
A 15 130 10 0 9 3 #=D4
P 12 0 120 20 120 0 2 0
L 25 115 10 0 3 0 1 0 DATA3
A 0 120 10 0 3 0 PINTYPE=BI
A 15 120 10 0 9 3 #=D5
P 13 0 110 20 110 0 2 0
L 25 105 10 0 3 0 1 0 DATA2
A 0 110 10 0 3 0 PINTYPE=BI
A 15 110 10 0 9 3 #=C4
P 14 0 100 20 100 0 2 0
L 25 95 10 0 3 0 1 0 DATA1
A 0 100 10 0 3 0 PINTYPE=BI
A 15 100 10 0 9 3 #=C5
P 30 120 30 100 30 0 3 0
L 95 30 10 0 8 0 1 0 GND
A 120 30 10 0 9 0 PINTYPE=POWER
A 105 30 10 0 3 3 #=C3
b 20 20 100 200
P 24 120 50 100 50 0 3 0
L 95 50 10 0 8 0 1 0 RBIAS
A 120 50 10 0 9 0 PINTYPE=BI
A 105 50 10 0 3 3 #=A1
P 32 0 160 20 160 0 2 0
L 25 155 10 0 3 0 1 0 DATA7
A 0 160 10 0 3 0 PINTYPE=IN
A 15 160 10 0 9 3 #=E3
P 1 0 150 20 150 0 2 0
L 25 145 10 0 3 0 1 0 DATA6
A 0 150 10 0 3 0 PINTYPE=BI
A 15 150 10 0 9 3 #=E4
P 34 0 30 20 30 0 2 0
L 25 25 10 0 3 0 1 0 RESET_B
A 0 30 10 0 3 0 PINTYPE=IN
A 15 30 10 0 9 3 #=C2
P 31 0 50 20 50 0 2 0
L 25 45 10 0 3 0 1 0 NXT
A 0 50 10 0 3 0 PINTYPE=OUT
A 15 50 10 0 9 3 #=B5
P 33 0 60 20 60 0 2 0
L 25 55 10 0 3 0 1 0 STP
A 0 60 10 0 3 0 PINTYPE=IN
A 15 60 10 0 9 3 #=A3
P 16 0 70 20 70 0 2 0
L 25 65 10 0 3 0 1 0 DIR
A 0 70 10 0 3 0 PINTYPE=OUT
A 15 70 10 0 9 3 #=A4
P 15 0 90 20 90 0 2 0
L 25 85 10 0 3 0 1 0 DATA0
A 0 90 10 0 3 0 PINTYPE=BI
A 15 90 10 0 9 3 #=B4
P 27 0 180 20 180 0 2 0
L 25 175 10 0 3 0 1 0 CLKOUT
A 0 180 10 0 3 0 PINTYPE=OUT
A 15 180 10 0 9 3 #=A5
P 25 120 180 100 180 0 3 0
L 95 180 10 0 8 0 1 0 VBAT
A 120 180 10 0 9 0 PINTYPE=POWER
A 105 180 10 0 3 3 #=C1
P 26 120 170 100 170 0 3 0
L 95 170 10 0 8 0 1 0 VDDIO
A 120 170 10 0 9 0 PINTYPE=POWER
A 105 170 10 0 3 3 #=B3
P 19 120 120 100 120 0 3 0
L 95 120 10 0 8 0 1 0 DM
A 120 120 10 0 9 0 PINTYPE=BI
A 105 120 10 0 3 3 #=D1
P 17 120 130 100 130 0 3 0
L 95 130 10 0 8 0 1 0 DP
A 120 130 10 0 9 0 PINTYPE=BI
A 105 130 10 0 3 3 #=E1
P 9 120 150 100 150 0 3 0
L 95 150 10 0 8 0 1 0 VDD18
A 120 150 10 0 9 0 PINTYPE=POWER
A 105 150 10 0 3 3 #=B2
P 22 120 80 100 80 0 3 0
L 95 80 10 0 8 0 1 0 REF0
A 120 80 10 0 9 0 PINTYPE=BI
A 105 80 10 0 3 3 #=E2
P 23 120 70 100 70 0 3 0
L 95 70 10 0 8 0 1 0 REFCLK
A 120 70 10 0 9 0 PINTYPE=BI
A 105 70 10 0 3 3 #=A2
P 20 120 110 100 110 0 3 0
L 95 110 10 0 8 0 1 0 ID
A 120 110 10 0 9 0 PINTYPE=BI
A 105 110 10 0 3 3 #=B1
P 21 120 100 100 100 0 3 0
L 95 100 10 0 8 0 1 0 VBUS
A 120 100 10 0 9 0 PINTYPE=BI
A 105 100 10 0 3 3 #=D2
U 100 5 10 0 9 3 PKG_TYPE=XXXX
E
