V 51
K 271763693500 usb3320_qfn32_alt
|R 0:49_11-17-11
Y 1
D 0 0 140 260
Z 10
i 47
U 0 -70 10 0 3 0 VALUE=USB3320
U 0 -40 10 0 3 0 MANF_P/N=XXXX
U 20 0 16 0 3 3 REFDES=U?
U 100 5 10 0 9 3 PKG_TYPE=XXXX
U 20 245 10 0 3 3 DEVICE=USB3320
P 44 140 85 120 85 0 3 0
L 115 85 10 0 8 0 1 0 SPK_R
A 140 85 10 0 9 0 PINTYPE=BI
A 125 85 10 0 3 3 #=16
P 42 0 30 20 30 0 2 0
L 25 25 10 0 3 0 1 0 REFSEL0
A 0 30 10 0 3 0 PINTYPE=OUT
A 15 30 10 0 9 3 #=8
P 37 140 115 120 115 0 3 0
L 115 115 10 0 8 0 1 0 XO
A 140 115 10 0 9 0 PINTYPE=BI
A 125 115 10 0 3 3 #=25
P 10 0 195 20 195 0 2 0
L 25 190 10 0 3 0 1 0 DATA5
A 0 195 10 0 3 0 PINTYPE=BI
A 15 195 10 0 9 3 #=9
P 11 0 185 20 185 0 2 0
L 25 180 10 0 3 0 1 0 DATA4
A 0 185 10 0 3 0 PINTYPE=BI
A 15 185 10 0 9 3 #=7
P 12 0 175 20 175 0 2 0
L 25 170 10 0 3 0 1 0 DATA3
A 0 175 10 0 3 0 PINTYPE=BI
A 15 175 10 0 9 3 #=6
P 13 0 165 20 165 0 2 0
L 25 160 10 0 3 0 1 0 DATA2
A 0 165 10 0 3 0 PINTYPE=BI
A 15 165 10 0 9 3 #=5
P 14 0 155 20 155 0 2 0
L 25 150 10 0 3 0 1 0 DATA1
A 0 155 10 0 3 0 PINTYPE=BI
A 15 155 10 0 9 3 #=4
P 30 140 30 120 30 0 3 0
L 115 30 10 0 8 0 1 0 GND
A 140 30 10 0 9 0 PINTYPE=POWER
A 125 30 10 0 3 3 #=33
P 32 0 215 20 215 0 2 0
L 25 210 10 0 3 0 1 0 DATA7
A 0 215 10 0 3 0 PINTYPE=IN
A 15 215 10 0 9 3 #=13
P 1 0 205 20 205 0 2 0
L 25 200 10 0 3 0 1 0 DATA6
A 0 205 10 0 3 0 PINTYPE=BI
A 15 205 10 0 9 3 #=10
P 34 0 75 20 75 0 2 0
L 25 70 10 0 3 0 1 0 RESET_B
A 0 75 10 0 3 0 PINTYPE=IN
A 15 75 10 0 9 3 #=27
P 33 0 115 20 115 0 2 0
L 25 110 10 0 3 0 1 0 STP
A 0 115 10 0 3 0 PINTYPE=IN
A 15 115 10 0 9 3 #=29
P 16 0 125 20 125 0 2 0
L 25 120 10 0 3 0 1 0 DIR
A 0 125 10 0 3 0 PINTYPE=OUT
A 15 125 10 0 9 3 #=31
P 15 0 145 20 145 0 2 0
L 25 140 10 0 3 0 1 0 DATA0
A 0 145 10 0 3 0 PINTYPE=BI
A 15 145 10 0 9 3 #=3
P 27 0 235 20 235 0 2 0
L 25 230 10 0 3 0 1 0 CLKOUT
A 0 235 10 0 3 0 PINTYPE=OUT
A 15 235 10 0 9 3 #=1
P 25 140 235 120 235 0 3 0
L 115 235 10 0 8 0 1 0 VBAT
A 140 235 10 0 9 0 PINTYPE=POWER
A 125 235 10 0 3 3 #=21
P 26 140 225 120 225 0 3 0
L 115 225 10 0 8 0 1 0 VDDIO
A 140 225 10 0 9 0 PINTYPE=POWER
A 125 225 10 0 3 3 #=32
P 19 140 165 120 165 0 3 0
L 115 165 10 0 8 0 1 0 DM
A 140 165 10 0 9 0 PINTYPE=BI
A 125 165 10 0 3 3 #=19
P 17 140 175 120 175 0 3 0
L 115 175 10 0 8 0 1 0 DP
A 140 175 10 0 9 0 PINTYPE=BI
A 125 175 10 0 3 3 #=18
P 20 140 155 120 155 0 3 0
L 115 155 10 0 8 0 1 0 ID
A 140 155 10 0 9 0 PINTYPE=BI
A 125 155 10 0 3 3 #=23
P 21 140 145 120 145 0 3 0
L 115 145 10 0 8 0 1 0 VBUS
A 140 145 10 0 9 0 PINTYPE=BI
A 125 145 10 0 3 3 #=22
P 23 140 125 120 125 0 3 0
L 115 125 10 0 8 0 1 0 REFCLK
A 140 125 10 0 9 0 PINTYPE=BI
A 125 125 10 0 3 3 #=26
P 40 0 50 20 50 0 2 0
L 25 45 10 0 3 0 1 0 REFSEL2
A 0 50 10 0 3 0 PINTYPE=OUT
A 15 50 10 0 9 3 #=14
P 41 0 40 20 40 0 2 0
L 25 35 10 0 3 0 1 0 REFSEL1
A 0 40 10 0 3 0 PINTYPE=OUT
A 15 40 10 0 9 3 #=11
P 24 140 55 120 55 0 3 0
L 115 55 10 0 8 0 1 0 RBIAS
A 140 55 10 0 9 0 PINTYPE=BI
A 125 55 10 0 3 3 #=24
P 9 140 215 120 215 0 3 0
L 255 265 10 0 8 0 0 0 VDD18_28
A 140 215 10 0 9 0 PINTYPE=POWER
A 125 215 10 0 3 3 #=28
P 35 140 195 120 195 0 3 0
L 115 195 10 0 8 0 1 0 VDD33
A 140 195 10 0 9 0 PINTYPE=POWER
A 125 195 10 0 3 3 #=20
P 43 140 95 120 95 0 3 0
L 115 95 10 0 8 0 1 0 SPK_L
A 140 95 10 0 9 0 PINTYPE=BI
A 125 95 10 0 3 3 #=15
P 31 0 105 20 105 0 2 0
L 25 100 10 0 3 0 1 0 NXT
A 0 105 10 0 3 0 PINTYPE=OUT
A 15 105 10 0 9 3 #=2
P 46 140 65 120 65 0 3 0
L 115 65 10 0 8 0 1 0 CPEN
A 140 65 10 0 9 0 PINTYPE=BI
A 125 65 10 0 3 3 #=17
P 45 140 205 120 205 0 3 0
L 255 255 10 0 8 0 0 0 VDD18_30
A 140 205 10 0 9 0 PINTYPE=POWER
A 125 205 10 0 3 3 #=30
T 115 205 10 0 8 VDD18
Q 15 0 0
T 115 215 10 0 8 VDD18
Q 15 0 0
b 20 20 120 245
P 47 0 85 20 85 0 2 0
L 25 80 10 0 3 0 1 0 NC
A 0 85 10 0 3 0 PINTYPE=OUT
A 15 85 10 0 9 3 #=12
E
