V 51
K 69817413290 cr2_cp132_2
|R 16:57_11-22-12
Y 1
D 0 0 340 640
Z 10
i 72
U 0 -100 10 0 3 0 VALUE
U 0 -80 10 0 3 0 PARTS=1
U 0 -70 10 0 3 0 LEVEL=STD
U 0 -60 10 0 3 0 MFG_P/N=XC2C256-7CP132
U 0 -50 10 0 3 0 MFG=XILINX
U 0 -40 10 0 3 0 DIST_P/N=XC2C256-7CP132
U 0 -30 10 0 3 0 DIST=XILINX
U 0 -10 10 0 3 0 HETERO=CR2_CP132_1,CR2_CP132_2,CR2_CP132_GND,CR2_CP132_VCC,CR2_
+ CP132_VAUX
U 30 -10 18 0 3 3 REFDES=U?
U 290 0 10 0 3 3 PKG_TYPE=CP132
U 30 630 10 0 3 3 DEVICE=XC2C256
P 68 340 60 320 60 0 3 0
A 340 60 10 0 9 0 PINTYPE=IN
A 340 60 10 0 9 3 #=G13
L 231 55 10 0 3 0 1 0 FB12_MC13_2_G13
P 67 340 70 320 70 0 3 0
A 340 70 10 0 9 0 PINTYPE=IN
A 340 70 10 0 9 3 #=G12
L 231 65 10 0 3 0 1 0 FB12_MC12_2_G12
P 66 340 80 320 80 0 3 0
A 340 80 10 0 9 0 PINTYPE=IN
A 340 80 10 0 9 3 #=F14
L 231 75 10 0 3 0 1 0 FB12_MC11_2_F14
P 65 340 90 320 90 0 3 0
A 340 90 10 0 9 0 PINTYPE=IN
A 340 90 10 0 9 3 #=F13
L 236 85 10 0 3 0 1 0 FB12_MC6_2_F13
P 64 340 100 320 100 0 3 0
A 340 100 10 0 9 0 PINTYPE=IN
A 340 100 10 0 9 3 #=F12
L 236 95 10 0 3 0 1 0 FB12_MC5_2_F12
P 63 340 110 320 110 0 3 0
A 340 110 10 0 9 0 PINTYPE=IN
A 340 110 10 0 9 3 #=C8
L 236 105 10 0 3 0 1 0 FB11_MC13_2_C8
P 62 340 120 320 120 0 3 0
A 340 120 10 0 9 0 PINTYPE=IN
A 340 120 10 0 9 3 #=B8
L 236 115 10 0 3 0 1 0 FB11_MC12_2_B8
P 61 340 130 320 130 0 3 0
A 340 130 10 0 9 0 PINTYPE=IN
A 340 130 10 0 9 3 #=A8
L 236 125 10 0 3 0 1 0 FB11_MC11_2_A8
P 59 340 150 320 150 0 3 0
A 340 150 10 0 9 0 PINTYPE=IN
A 340 150 10 0 9 3 #=A10
L 236 145 10 0 3 0 1 0 FB11_MC3_2_A10
P 58 340 160 320 160 0 3 0
A 340 160 10 0 9 0 PINTYPE=IN
A 340 160 10 0 9 3 #=B10
L 236 155 10 0 3 0 1 0 FB11_MC1_2_B10
P 57 340 170 320 170 0 3 0
A 340 170 10 0 9 0 PINTYPE=IN
A 340 170 10 0 9 3 #=E13
L 231 165 10 0 3 0 1 0 FB10_MC16_2_E13
P 56 340 180 320 180 0 3 0
A 340 180 10 0 9 0 PINTYPE=IN
A 340 180 10 0 9 3 #=E12
L 231 175 10 0 3 0 1 0 FB10_MC14_2_E12
P 55 340 190 320 190 0 3 0
A 340 190 10 0 9 0 PINTYPE=IN
A 340 190 10 0 9 3 #=D14
L 231 185 10 0 3 0 1 0 FB10_MC12_2_D14
P 54 340 200 320 200 0 3 0
A 340 200 10 0 9 0 PINTYPE=IN
A 340 200 10 0 9 3 #=D13
L 236 195 10 0 3 0 1 0 FB10_MC6_2_D13
P 53 340 210 320 210 0 3 0
A 340 210 10 0 9 0 PINTYPE=IN
A 340 210 10 0 9 3 #=D12
L 236 205 10 0 3 0 1 0 FB10_MC5_2_D12
P 52 340 220 320 220 0 3 0
A 340 220 10 0 9 0 PINTYPE=IN
A 340 220 10 0 9 3 #=C14
L 236 215 10 0 3 0 1 0 FB10_MC4_2_C14
P 51 340 230 320 230 0 3 0
A 340 230 10 0 9 0 PINTYPE=IN
A 340 230 10 0 9 3 #=C13
L 236 225 10 0 3 0 1 0 FB10_MC3_2_C13
P 50 340 240 320 240 0 3 0
A 340 240 10 0 9 0 PINTYPE=IN
A 340 240 10 0 9 3 #=B13
L 236 235 10 0 3 0 1 0 FB10_MC2_2_B13
P 49 340 250 320 250 0 3 0
A 340 250 10 0 9 0 PINTYPE=IN
A 340 250 10 0 9 3 #=A13
L 236 245 10 0 3 0 1 0 FB10_MC1_2_A13
P 48 340 260 320 260 0 3 0
A 340 260 10 0 9 0 PINTYPE=IN
A 340 260 10 0 9 3 #=C10
L 236 255 10 0 3 0 1 0 FB9_MC16_2_C10
P 17 340 570 320 570 0 3 0
A 340 570 10 0 9 0 PINTYPE=IN
A 340 570 10 0 9 3 #=B4
L 247 565 10 0 3 0 1 0 FB1_MC5_2_B4
P 1 340 580 320 580 0 3 0
A 340 580 10 0 9 0 PINTYPE=IN
A 340 580 10 0 9 3 #=A3
L 225 575 10 0 3 0 1 0 FB1_MC3_GSR_2_A3
P 18 340 560 320 560 0 3 0
A 340 560 10 0 9 0 PINTYPE=IN
A 340 560 10 0 9 3 #=A4
L 241 555 10 0 3 0 1 0 FB1_MC14_2_A4
P 19 340 550 320 550 0 3 0
A 340 550 10 0 9 0 PINTYPE=IN
A 340 550 10 0 9 3 #=C5
L 241 545 10 0 3 0 1 0 FB1_MC16_2_C5
P 20 340 540 320 540 0 3 0
A 340 540 10 0 9 0 PINTYPE=IN
A 340 540 10 0 9 3 #=A1
L 221 535 10 0 3 0 1 0 FB2_MC1_GTS2_2_A1
P 21 340 530 320 530 0 3 0
A 340 530 10 0 9 0 PINTYPE=IN
A 340 530 10 0 9 3 #=B2
L 221 525 10 0 3 0 1 0 FB2_MC3_GTS3_2_B2
P 22 340 520 320 520 0 3 0
A 340 520 10 0 9 0 PINTYPE=IN
A 340 520 10 0 9 3 #=B1
L 216 515 10 0 3 0 1 0 FB2_MC4_CDRST_2_B1
P 23 340 510 320 510 0 3 0
A 340 510 10 0 9 0 PINTYPE=IN
A 340 510 10 0 9 3 #=C3
L 221 505 10 0 3 0 1 0 FB2_MC5_GTS0_2_C3
P 24 340 500 320 500 0 3 0
A 340 500 10 0 9 0 PINTYPE=IN
A 340 500 10 0 9 3 #=C2
L 216 495 10 0 3 0 1 0 FB2_MC12_GTS1_2_C2
P 25 340 490 320 490 0 3 0
A 340 490 10 0 9 0 PINTYPE=IN
A 340 490 10 0 9 3 #=C1
L 242 485 10 0 3 0 1 0 FB2_MC13_2_C1
P 26 340 480 320 480 0 3 0
A 340 480 10 0 9 0 PINTYPE=IN
A 340 480 10 0 9 3 #=D2
L 242 475 10 0 3 0 1 0 FB2_MC14_2_D2
P 27 340 470 320 470 0 3 0
A 340 470 10 0 9 0 PINTYPE=IN
A 340 470 10 0 9 3 #=D1
L 242 465 10 0 3 0 1 0 FB2_MC16_2_D1
P 28 340 460 320 460 0 3 0
A 340 460 10 0 9 0 PINTYPE=IN
A 340 460 10 0 9 3 #=B5
L 247 455 10 0 3 0 1 0 FB3_MC2_2_B5
P 29 340 450 320 450 0 3 0
A 340 450 10 0 9 0 PINTYPE=IN
A 340 450 10 0 9 3 #=A5
L 247 445 10 0 3 0 1 0 FB3_MC4_2_A5
P 30 340 440 320 440 0 3 0
A 340 440 10 0 9 0 PINTYPE=IN
A 340 440 10 0 9 3 #=C6
L 247 435 10 0 3 0 1 0 FB3_MC6_2_C6
P 31 340 430 320 430 0 3 0
A 340 430 10 0 9 0 PINTYPE=IN
A 340 430 10 0 9 3 #=B6
L 242 425 10 0 3 0 1 0 FB3_MC13_2_B6
P 32 340 420 320 420 0 3 0
A 340 420 10 0 9 0 PINTYPE=IN
A 340 420 10 0 9 3 #=A6
L 241 415 10 0 3 0 1 0 FB3_MC14_2_A6
P 33 340 410 320 410 0 3 0
A 340 410 10 0 9 0 PINTYPE=IN
A 340 410 10 0 9 3 #=C7
L 242 405 10 0 3 0 1 0 FB3_MC15_2_C7
P 34 340 400 320 400 0 3 0
A 340 400 10 0 9 0 PINTYPE=IN
A 340 400 10 0 9 3 #=B7
L 242 395 10 0 3 0 1 0 FB3_MC16_2_B7
P 35 340 390 320 390 0 3 0
A 340 390 10 0 9 0 PINTYPE=IN
A 340 390 10 0 9 3 #=E3
L 247 384 10 0 3 0 1 0 FB4_MC1_2_E3
P 36 340 380 320 380 0 3 0
A 340 380 10 0 9 0 PINTYPE=IN
A 340 380 10 0 9 3 #=E2
L 247 375 10 0 3 0 1 0 FB4_MC3_2_E2
P 37 340 370 320 370 0 3 0
A 340 370 10 0 9 0 PINTYPE=IN
A 340 370 10 0 9 3 #=E1
L 247 365 10 0 3 0 1 0 FB4_MC4_2_E1
P 38 340 360 320 360 0 3 0
A 340 360 10 0 9 0 PINTYPE=IN
A 340 360 10 0 9 3 #=F3
L 246 355 10 0 3 0 1 0 FB4_MC5_2_F3
P 39 340 350 320 350 0 3 0
A 340 350 10 0 9 0 PINTYPE=IN
A 340 350 10 0 9 3 #=F2
L 246 345 10 0 3 0 1 0 FB4_MC6_2_F2
P 40 340 340 320 340 0 3 0
A 340 340 10 0 9 0 PINTYPE=IN
A 340 340 10 0 9 3 #=F1
L 242 335 10 0 3 0 1 0 FB4_MC12_2_F1
P 41 340 330 320 330 0 3 0
A 340 330 10 0 9 0 PINTYPE=IN
A 340 330 10 0 9 3 #=G1
L 242 325 10 0 3 0 1 0 FB4_MC13_2_G1
P 42 340 320 320 320 0 3 0
A 340 320 10 0 9 0 PINTYPE=IN
A 340 320 10 0 9 3 #=C12
L 242 315 10 0 3 0 1 0 FB9_MC1_2_C12
P 43 340 310 320 310 0 3 0
A 340 310 10 0 9 0 PINTYPE=IN
A 340 310 10 0 9 3 #=B12
L 242 305 10 0 3 0 1 0 FB9_MC2_2_B12
P 44 340 300 320 300 0 3 0
A 340 300 10 0 9 0 PINTYPE=IN
A 340 300 10 0 9 3 #=A12
L 241 295 10 0 3 0 1 0 FB9_MC4_2_A12
P 45 340 290 320 290 0 3 0
A 340 290 10 0 9 0 PINTYPE=IN
A 340 290 10 0 9 3 #=C11
L 242 285 10 0 3 0 1 0 FB9_MC6_2_C11
P 46 340 280 320 280 0 3 0
A 340 280 10 0 9 0 PINTYPE=IN
A 340 280 10 0 9 3 #=B11
L 236 275 10 0 3 0 1 0 FB9_MC12_2_B11
P 47 340 270 320 270 0 3 0
A 340 270 10 0 9 0 PINTYPE=IN
A 340 270 10 0 9 3 #=A11
L 236 265 10 0 3 0 1 0 FB9_MC14_2_A11
P 60 340 140 320 140 0 3 0
A 340 140 10 0 9 0 PINTYPE=IN
A 340 140 10 0 9 3 #=C9
L 241 135 10 0 3 0 1 0 FB11_MC5_2_C9
P 69 0 60 20 60 0 2 0
A 0 60 10 0 3 0 PINTYPE=IN
A 0 60 10 0 3 3 #=A7
L 35 55 10 0 3 0 1 0 VCCO_2_A7
P 70 0 70 20 70 0 2 0
A 0 70 10 0 3 0 PINTYPE=IN
A 0 70 10 0 3 3 #=C4
L 35 65 10 0 3 0 1 0 VCCO_2_C4
P 71 0 80 20 80 0 2 0
A 0 80 10 0 3 0 PINTYPE=IN
A 0 80 10 0 3 3 #=A14
L 35 75 10 0 3 0 1 0 VCCO_2_A14
c 40 600 10
T 59 546 20 0 3 XC2C256
T 59 529 20 0 3 CP132
T 59 563 20 0 3 BANK 2
b 20 20 320 620
E
