V 51
K 309926074100 zr431
|R 23:16_9-28-11
Y 1
D 0 0 120 110
Z 10
i 50
U -190 -40 10 0 3 0 LEVEL=STD
U -190 -50 10 0 3 0 PARTS=1
U 30 100 10 0 3 3 DEVICE=XXXXXX
U 5 0 16 0 3 3 REFDES=U?
U 75 10 10 0 3 3 PKG_TYPE=XXXXXX
P 18 0 65 20 65 0 2 0
L 25 65 10 0 2 1 1 0 GND
A 15 65 10 0 9 3 #=2
A -30 55 10 0 9 0 PINTYPE=BI
b 20 20 100 100
P 19 120 90 100 90 0 3 0
A 105 90 10 0 3 3 #=1
A 160 85 10 0 3 0 PINTYPE=BI
L 95 90 10 0 8 1 1 0 VZ
P 27 120 35 100 35 0 3 0
A 105 35 10 0 3 3 #=3
A 160 30 10 0 3 0 PINTYPE=BI
L 95 35 10 0 8 0 1 0 VREF
E
