V 51
K 147149708400 fsi-150
|R 20:04_10-20-05
Y 1
D 0 0 150 510
Z 10
i 946
U 150 130 10 1 3 0 DEVICE=FSI-150
U 160 130 10 1 3 0 PKG_TYPE=FSI-150-10-L-D-AD
U 170 130 10 1 3 0 PARTS=1
U 180 130 10 1 3 0 LEVEL=STD
U 70 495 10 0 3 3 REFDES=P?
U 70 485 10 0 3 3 VALUE=XX
P 1 0 500 25 500 0 2 0
A 20 500 10 0 9 3 #=1
L 30 500 10 0 2 1 1 0 P1
A -30 500 10 0 8 0 PINTYPE=BI
P 2 0 490 25 490 0 2 0
A 20 490 10 0 9 3 #=3
L 30 490 10 0 2 1 1 0 P3
A -30 490 10 0 8 0 PINTYPE=BI
P 3 0 480 25 480 0 2 0
A 20 480 10 0 9 3 #=5
L 30 480 10 0 2 1 1 0 P5
A -30 480 10 0 8 0 PINTYPE=BI
P 4 0 470 25 470 0 2 0
A 20 470 10 0 9 3 #=7
L 30 470 10 0 2 1 1 0 P7
A -30 470 10 0 8 0 PINTYPE=BI
P 5 0 460 25 460 0 2 0
A 20 460 10 0 9 3 #=9
L 30 460 10 0 2 1 1 0 P9
A -30 460 10 0 8 0 PINTYPE=BI
P 6 0 450 25 450 0 2 0
A 20 450 10 0 9 3 #=11
L 30 450 10 0 2 1 1 0 P11
A -30 450 10 0 8 0 PINTYPE=BI
P 7 0 440 25 440 0 2 0
A 20 440 10 0 9 3 #=13
L 30 440 10 0 2 1 1 0 P13
A -30 440 10 0 8 0 PINTYPE=BI
P 8 0 430 25 430 0 2 0
A 20 430 10 0 9 3 #=15
L 30 430 10 0 2 1 1 0 P15
A -30 430 10 0 8 0 PINTYPE=BI
P 9 0 420 25 420 0 2 0
A 20 420 10 0 9 3 #=17
L 30 420 10 0 2 1 1 0 P17
A -30 420 10 0 8 0 PINTYPE=BI
P 10 0 410 25 410 0 2 0
A 20 410 10 0 9 3 #=19
L 30 410 10 0 2 1 1 0 P19
A -30 410 10 0 8 0 PINTYPE=BI
P 11 0 400 25 400 0 2 0
A 20 400 10 0 9 3 #=21
L 30 400 10 0 2 1 1 0 P21
A -30 400 10 0 8 0 PINTYPE=BI
P 12 0 390 25 390 0 2 0
A 20 390 10 0 9 3 #=23
L 30 390 10 0 2 1 1 0 P23
A -30 390 10 0 8 0 PINTYPE=BI
P 13 0 380 25 380 0 2 0
A 20 380 10 0 9 3 #=25
L 30 380 10 0 2 1 1 0 P25
A -30 380 10 0 8 0 PINTYPE=BI
P 14 0 370 25 370 0 2 0
A 20 370 10 0 9 3 #=27
L 30 370 10 0 2 1 1 0 P27
A -30 370 10 0 8 0 PINTYPE=BI
P 15 0 360 25 360 0 2 0
A 20 360 10 0 9 3 #=29
L 30 360 10 0 2 1 1 0 P29
A -30 360 10 0 8 0 PINTYPE=BI
P 16 0 350 25 350 0 2 0
A 20 350 10 0 9 3 #=31
L 30 350 10 0 2 1 1 0 P31
A -30 350 10 0 8 0 PINTYPE=BI
P 17 0 340 25 340 0 2 0
A 20 340 10 0 9 3 #=33
L 30 340 10 0 2 1 1 0 P33
A -30 340 10 0 8 0 PINTYPE=BI
P 18 0 330 25 330 0 2 0
A 20 330 10 0 9 3 #=35
L 30 330 10 0 2 1 1 0 P35
A -30 330 10 0 8 0 PINTYPE=BI
P 19 0 320 25 320 0 2 0
A 20 320 10 0 9 3 #=37
L 30 320 10 0 2 1 1 0 P37
A -30 320 10 0 8 0 PINTYPE=BI
P 20 0 310 25 310 0 2 0
A 20 310 10 0 9 3 #=39
L 30 310 10 0 2 1 1 0 P39
A -30 310 10 0 8 0 PINTYPE=BI
P 21 0 300 25 300 0 2 0
A 20 300 10 0 9 3 #=41
L 30 300 10 0 2 1 1 0 P41
A -30 300 10 0 8 0 PINTYPE=BI
P 22 0 290 25 290 0 2 0
A 20 290 10 0 9 3 #=43
L 30 290 10 0 2 1 1 0 P43
A -30 290 10 0 8 0 PINTYPE=BI
P 23 0 280 25 280 0 2 0
A 20 280 10 0 9 3 #=45
L 30 280 10 0 2 1 1 0 P45
A -30 280 10 0 8 0 PINTYPE=BI
P 24 0 270 25 270 0 2 0
A 20 270 10 0 9 3 #=47
L 30 270 10 0 2 1 1 0 P47
A -30 270 10 0 8 0 PINTYPE=BI
P 25 0 260 25 260 0 2 0
A 20 260 10 0 9 3 #=49
L 30 260 10 0 2 1 1 0 P49
A -30 260 10 0 8 0 PINTYPE=BI
P 26 0 250 25 250 0 2 0
A 20 250 10 0 9 3 #=51
L 30 250 10 0 2 1 1 0 P51
A -30 250 10 0 8 0 PINTYPE=BI
P 27 0 240 25 240 0 2 0
A 20 240 10 0 9 3 #=53
L 30 240 10 0 2 1 1 0 P53
A -30 240 10 0 8 0 PINTYPE=BI
P 28 0 230 25 230 0 2 0
A 20 230 10 0 9 3 #=55
L 30 230 10 0 2 1 1 0 P55
A -30 230 10 0 8 0 PINTYPE=BI
P 29 0 220 25 220 0 2 0
A 20 220 10 0 9 3 #=57
L 30 220 10 0 2 1 1 0 P57
A -30 220 10 0 8 0 PINTYPE=BI
P 30 0 210 25 210 0 2 0
A 20 210 10 0 9 3 #=59
L 30 210 10 0 2 1 1 0 P59
A -30 210 10 0 8 0 PINTYPE=BI
P 31 0 200 25 200 0 2 0
A 20 200 10 0 9 3 #=61
L 30 200 10 0 2 1 1 0 P61
A -30 200 10 0 8 0 PINTYPE=BI
P 32 0 190 25 190 0 2 0
A 20 190 10 0 9 3 #=63
L 30 190 10 0 2 1 1 0 P63
A -30 190 10 0 8 0 PINTYPE=BI
P 33 0 180 25 180 0 2 0
A 20 180 10 0 9 3 #=65
L 30 180 10 0 2 1 1 0 P65
A -30 180 10 0 8 0 PINTYPE=BI
P 34 0 170 25 170 0 2 0
A 20 170 10 0 9 3 #=67
L 30 170 10 0 2 1 1 0 P67
A -30 170 10 0 8 0 PINTYPE=BI
P 35 0 160 25 160 0 2 0
A 20 160 10 0 9 3 #=69
L 30 160 10 0 2 1 1 0 P69
A -30 160 10 0 8 0 PINTYPE=BI
P 36 0 150 25 150 0 2 0
A 20 150 10 0 9 3 #=71
L 30 150 10 0 2 1 1 0 P71
A -30 150 10 0 8 0 PINTYPE=BI
P 37 0 140 25 140 0 2 0
A 20 140 10 0 9 3 #=73
L 30 140 10 0 2 1 1 0 P73
A -30 140 10 0 8 0 PINTYPE=BI
P 38 0 130 25 130 0 2 0
A 20 130 10 0 9 3 #=75
L 30 130 10 0 2 1 1 0 P75
A -30 130 10 0 8 0 PINTYPE=BI
P 39 0 120 25 120 0 2 0
A 20 120 10 0 9 3 #=77
L 30 120 10 0 2 1 1 0 P77
A -30 120 10 0 8 0 PINTYPE=BI
P 40 0 110 25 110 0 2 0
A 20 110 10 0 9 3 #=79
L 30 110 10 0 2 1 1 0 P79
A -30 110 10 0 8 0 PINTYPE=BI
P 41 0 100 25 100 0 2 0
A 20 100 10 0 9 3 #=81
L 30 100 10 0 2 1 1 0 P81
A -30 100 10 0 8 0 PINTYPE=BI
P 42 0 90 25 90 0 2 0
A 20 90 10 0 9 3 #=83
L 30 90 10 0 2 1 1 0 P83
A -30 90 10 0 8 0 PINTYPE=BI
P 43 0 80 25 80 0 2 0
A 20 80 10 0 9 3 #=85
L 30 80 10 0 2 1 1 0 P85
A -30 80 10 0 8 0 PINTYPE=BI
P 44 0 70 25 70 0 2 0
A 20 70 10 0 9 3 #=87
L 30 70 10 0 2 1 1 0 P87
A -30 70 10 0 8 0 PINTYPE=BI
P 45 0 60 25 60 0 2 0
A 20 60 10 0 9 3 #=89
L 30 60 10 0 2 1 1 0 P89
A -30 60 10 0 8 0 PINTYPE=BI
P 46 0 50 25 50 0 2 0
A 20 50 10 0 9 3 #=91
L 30 50 10 0 2 1 1 0 P91
A -30 50 10 0 8 0 PINTYPE=BI
P 47 0 40 25 40 0 2 0
A 20 40 10 0 9 3 #=93
L 30 40 10 0 2 1 1 0 P93
A -30 40 10 0 8 0 PINTYPE=BI
P 48 0 30 25 30 0 2 0
A 20 30 10 0 9 3 #=95
L 30 30 10 0 2 1 1 0 P95
A -30 30 10 0 8 0 PINTYPE=BI
P 49 0 20 25 20 0 2 0
A 20 20 10 0 9 3 #=97
L 30 20 10 0 2 1 1 0 P97
A -30 20 10 0 8 0 PINTYPE=BI
P 50 0 10 25 10 0 2 0
A 20 10 10 0 9 3 #=99
L 30 10 10 0 2 1 1 0 P99
A -30 10 10 0 8 0 PINTYPE=BI
P 63 150 380 120 380 0 3 0
A 125 380 10 0 3 3 #=26
L 115 380 10 0 8 1 1 0 P26
A 175 380 10 0 2 0 PINTYPE=BI
P 68 150 330 120 330 0 3 0
A 125 330 10 0 3 3 #=36
L 115 330 10 0 8 1 1 0 P36
A 175 330 10 0 2 0 PINTYPE=BI
P 83 150 180 120 180 0 3 0
A 125 180 10 0 3 3 #=66
L 115 180 10 0 8 1 1 0 P66
A 175 180 10 0 2 0 PINTYPE=BI
P 88 150 130 120 130 0 3 0
A 125 130 10 0 3 3 #=76
L 115 130 10 0 8 1 1 0 P76
A 175 130 10 0 2 0 PINTYPE=BI
P 100 150 10 120 10 0 3 0
A 125 10 10 0 3 3 #=100
L 115 10 10 0 8 1 1 0 P100
A 175 10 10 0 2 0 PINTYPE=BI
P 52 150 490 120 490 0 3 0
A 125 490 10 0 3 3 #=4
L 115 490 10 0 8 1 1 0 P4
A 175 490 10 0 2 0 PINTYPE=BI
P 99 150 20 120 20 0 3 0
A 125 20 10 0 3 3 #=98
L 115 20 10 0 8 1 1 0 P98
A 175 20 10 0 2 0 PINTYPE=BI
P 53 150 480 120 480 0 3 0
A 125 480 10 0 3 3 #=6
L 115 480 10 0 8 1 1 0 P6
A 175 480 10 0 2 0 PINTYPE=BI
P 54 150 470 120 470 0 3 0
A 125 470 10 0 3 3 #=8
L 115 470 10 0 8 1 1 0 P8
A 175 470 10 0 2 0 PINTYPE=BI
P 98 150 30 120 30 0 3 0
A 125 30 10 0 3 3 #=96
L 115 30 10 0 8 1 1 0 P96
A 175 30 10 0 2 0 PINTYPE=BI
P 97 150 40 120 40 0 3 0
A 125 40 10 0 3 3 #=94
L 115 40 10 0 8 1 1 0 P94
A 175 40 10 0 2 0 PINTYPE=BI
P 55 150 460 120 460 0 3 0
A 125 460 10 0 3 3 #=10
L 115 460 10 0 8 1 1 0 P10
A 175 460 10 0 2 0 PINTYPE=BI
P 96 150 50 120 50 0 3 0
A 125 50 10 0 3 3 #=92
L 115 50 10 0 8 1 1 0 P92
A 175 50 10 0 2 0 PINTYPE=BI
P 56 150 450 120 450 0 3 0
A 125 450 10 0 3 3 #=12
L 115 450 10 0 8 1 1 0 P12
A 175 450 10 0 2 0 PINTYPE=BI
P 51 150 500 120 500 0 3 0
A 125 500 10 0 3 3 #=2
L 115 500 10 0 8 1 1 0 P2
A 175 500 10 0 2 0 PINTYPE=BI
P 95 150 60 120 60 0 3 0
A 125 60 10 0 3 3 #=90
L 115 60 10 0 8 1 1 0 P90
A 175 60 10 0 2 0 PINTYPE=BI
P 94 150 70 120 70 0 3 0
A 125 70 10 0 3 3 #=88
L 115 70 10 0 8 1 1 0 P88
A 175 70 10 0 2 0 PINTYPE=BI
P 93 150 80 120 80 0 3 0
A 125 80 10 0 3 3 #=86
L 115 80 10 0 8 1 1 0 P86
A 175 80 10 0 2 0 PINTYPE=BI
P 92 150 90 120 90 0 3 0
A 125 90 10 0 3 3 #=84
L 115 90 10 0 8 1 1 0 P84
A 175 90 10 0 2 0 PINTYPE=BI
P 91 150 100 120 100 0 3 0
A 125 100 10 0 3 3 #=82
L 115 100 10 0 8 1 1 0 P82
A 175 100 10 0 2 0 PINTYPE=BI
P 90 150 110 120 110 0 3 0
A 125 110 10 0 3 3 #=80
L 115 110 10 0 8 1 1 0 P80
A 175 110 10 0 2 0 PINTYPE=BI
P 58 150 430 120 430 0 3 0
A 125 430 10 0 3 3 #=16
L 115 430 10 0 8 1 1 0 P16
A 175 430 10 0 2 0 PINTYPE=BI
P 57 150 440 120 440 0 3 0
A 125 440 10 0 3 3 #=14
L 115 440 10 0 8 1 1 0 P14
A 175 440 10 0 2 0 PINTYPE=BI
P 59 150 420 120 420 0 3 0
A 125 420 10 0 3 3 #=18
L 115 420 10 0 8 1 1 0 P18
A 175 420 10 0 2 0 PINTYPE=BI
P 60 150 410 120 410 0 3 0
A 125 410 10 0 3 3 #=20
L 115 410 10 0 8 1 1 0 P20
A 175 410 10 0 2 0 PINTYPE=BI
P 61 150 400 120 400 0 3 0
A 125 400 10 0 3 3 #=22
L 115 400 10 0 8 1 1 0 P22
A 175 400 10 0 2 0 PINTYPE=BI
P 62 150 390 120 390 0 3 0
A 125 390 10 0 3 3 #=24
L 115 390 10 0 8 1 1 0 P24
A 175 390 10 0 2 0 PINTYPE=BI
P 89 150 120 120 120 0 3 0
A 125 120 10 0 3 3 #=78
L 115 120 10 0 8 1 1 0 P78
A 175 120 10 0 2 0 PINTYPE=BI
P 87 150 140 120 140 0 3 0
A 125 140 10 0 3 3 #=74
L 115 140 10 0 8 1 1 0 P74
A 175 140 10 0 2 0 PINTYPE=BI
P 86 150 150 120 150 0 3 0
A 125 150 10 0 3 3 #=72
L 115 150 10 0 8 1 1 0 P72
A 175 150 10 0 2 0 PINTYPE=BI
P 85 150 160 120 160 0 3 0
A 125 160 10 0 3 3 #=70
L 115 160 10 0 8 1 1 0 P70
A 175 160 10 0 2 0 PINTYPE=BI
P 84 150 170 120 170 0 3 0
A 125 170 10 0 3 3 #=68
L 115 170 10 0 8 1 1 0 P68
A 175 170 10 0 2 0 PINTYPE=BI
P 64 150 370 120 370 0 3 0
A 125 370 10 0 3 3 #=28
L 115 370 10 0 8 1 1 0 P28
A 175 370 10 0 2 0 PINTYPE=BI
P 65 150 360 120 360 0 3 0
A 125 360 10 0 3 3 #=30
L 115 360 10 0 8 1 1 0 P30
A 175 360 10 0 2 0 PINTYPE=BI
P 66 150 350 120 350 0 3 0
A 125 350 10 0 3 3 #=32
L 115 350 10 0 8 1 1 0 P32
A 175 350 10 0 2 0 PINTYPE=BI
P 67 150 340 120 340 0 3 0
A 125 340 10 0 3 3 #=34
L 115 340 10 0 8 1 1 0 P34
A 175 340 10 0 2 0 PINTYPE=BI
P 82 150 190 120 190 0 3 0
A 125 190 10 0 3 3 #=64
L 115 190 10 0 8 1 1 0 P64
A 175 190 10 0 2 0 PINTYPE=BI
P 80 150 210 120 210 0 3 0
A 125 210 10 0 3 3 #=60
L 115 210 10 0 8 1 1 0 P60
A 175 210 10 0 2 0 PINTYPE=BI
P 79 150 220 120 220 0 3 0
A 125 220 10 0 3 3 #=58
L 115 220 10 0 8 1 1 0 P58
A 175 220 10 0 2 0 PINTYPE=BI
P 78 150 230 120 230 0 3 0
A 125 230 10 0 3 3 #=56
L 115 230 10 0 8 1 1 0 P56
A 175 230 10 0 2 0 PINTYPE=BI
P 77 150 240 120 240 0 3 0
A 125 240 10 0 3 3 #=54
L 115 240 10 0 8 1 1 0 P54
A 175 240 10 0 2 0 PINTYPE=BI
P 76 150 250 120 250 0 3 0
A 125 250 10 0 3 3 #=52
L 115 250 10 0 8 1 1 0 P52
A 175 250 10 0 2 0 PINTYPE=BI
P 81 150 200 120 200 0 3 0
A 125 200 10 0 3 3 #=62
L 115 200 10 0 8 1 1 0 P62
A 175 200 10 0 2 0 PINTYPE=BI
P 69 150 320 120 320 0 3 0
A 125 320 10 0 3 3 #=38
L 115 320 10 0 8 1 1 0 P38
A 175 320 10 0 2 0 PINTYPE=BI
P 70 150 310 120 310 0 3 0
A 125 310 10 0 3 3 #=40
L 115 310 10 0 8 1 1 0 P40
A 175 310 10 0 2 0 PINTYPE=BI
P 71 150 300 120 300 0 3 0
A 125 300 10 0 3 3 #=42
L 115 300 10 0 8 1 1 0 P42
A 175 300 10 0 2 0 PINTYPE=BI
P 72 150 290 120 290 0 3 0
A 125 290 10 0 3 3 #=44
L 115 290 10 0 8 1 1 0 P44
A 175 290 10 0 2 0 PINTYPE=BI
P 73 150 280 120 280 0 3 0
A 125 280 10 0 3 3 #=46
L 115 280 10 0 8 1 1 0 P46
A 175 280 10 0 2 0 PINTYPE=BI
P 74 150 270 120 270 0 3 0
A 125 270 10 0 3 3 #=48
L 115 270 10 0 8 1 1 0 P48
A 175 270 10 0 2 0 PINTYPE=BI
P 75 150 260 120 260 0 3 0
A 125 260 10 0 3 3 #=50
L 115 260 10 0 8 1 1 0 P50
A 175 260 10 0 2 0 PINTYPE=BI
b 25 0 120 510
E
