V 53
K 1413219000 1932588_vccint.1
F Case
|R 9:50:0_10-13-14
D 0 120 120 -20
Y 1
Z 10
i 76
U 0 -60 10 0 3 0 DIST_P/N=XXX
U 0 -50 10 0 3 0 DIST=XXX
U 0 -40 10 0 3 0 MANF_P/N=1932588
U 0 -30 10 0 3 0 MANF=PHOENIX
U 0 -10 10 0 3 0 LEVEL=STD
U 15 -35 16 0 3 3 REFDES=J?
U 90 -35 10 0 3 3 PKG_TYPE=TBD
U 83 112 10 0 3 0 VALUE=125A
U 20 112 10 0 3 0 DEVICE=1932588
U 0 -20 10 0 1 0 FORWARD_PCB=1
c 60 25 8
l 2 64 32 60 28 
l 2 67 29 63 25 
l 2 56 18 60 22 
l 2 53 21 57 25 
l 2 64 18 67 21 
l 2 60 28 56 32 
l 2 57 25 53 29 
l 2 53 29 56 32 
l 2 56 18 53 21 
l 2 67 29 64 32 
l 2 63 25 67 21 
l 2 60 22 64 18 
c 60 80 8
l 2 64 87 60 83 
l 2 67 84 63 80 
l 2 56 73 60 77 
l 2 53 76 57 80 
l 2 64 73 67 76 
l 2 60 83 56 87 
l 2 57 80 53 84 
l 2 53 84 56 87 
l 2 56 73 53 76 
c 60 25 15
l 2 67 84 64 87 
l 2 63 80 67 76 
l 2 60 77 64 73 
c 60 80 15
b 35 51 91 55
Q 2 1 0
|GRPHSTL 33280 1 0 1
b 20 -10 100 110
T 45 105 10 0 2 VCCINT
T 50 -5 10 0 2 GND
P 4 120 95 75 95 0 3 0
L 45 100 10 0 3 0 0 0 VCCINT_a
A 110 95 10 0 9 3 #=1A
A 115 95 10 0 9 0 PINTYPE=BI
P 5 120 40 75 40 0 3 0
L 50 25 10 0 3 0 0 0 GND_a
A 110 40 10 0 9 3 #=2A
A 115 40 10 0 9 0 PINTYPE=BI
P 54 120 85 75 85 0 3 0
L 45 90 10 0 3 0 0 0 VCCINT_b
A 110 85 10 0 9 3 #=1B
A 115 85 10 0 9 0 PINTYPE=BI
P 58 120 75 75 75 0 3 0
L 45 80 10 0 3 0 0 0 VCCINT_c
A 110 75 10 0 9 3 #=1C
A 115 75 10 0 9 0 PINTYPE=BI
P 62 120 65 75 65 0 3 0
L 45 70 10 0 3 0 0 0 VCCINT_d
A 110 65 10 0 9 3 #=1D
A 115 65 10 0 9 0 PINTYPE=BI
P 67 120 30 75 30 0 3 0
L 50 15 10 0 3 0 0 0 GND_b
A 110 30 10 0 9 3 #=2B
A 115 30 10 0 9 0 PINTYPE=BI
P 71 120 20 75 20 0 3 0
L 50 5 10 0 3 0 0 0 GND_c
A 110 20 10 0 9 3 #=2C
A 115 20 10 0 9 0 PINTYPE=BI
P 75 120 10 75 10 0 3 0
L 50 -5 10 0 3 0 0 0 GND_d
A 110 10 10 0 9 3 #=2D
A 115 10 10 0 9 0 PINTYPE=BI
E 
