V 51
K 153165148200 3s200anftg256
|R 20:59_8-19-10
Y 1
D 0 0 400 700
Z 10
i 946
U -500 340 10 0 3 0 HETERO=3s200anftg256_0,3s200anftg256_1,3s200anftg256_2,3s200
+ anftg256_3,3s200anftg256_222,3s200anftg256_0_Power,3s200anftg256_1_Power,3s200
+ anftg256_2_Power,3s200anftg256_3_Power,3s200anftg256_VCCINT,3s200anftg256_VCCA
+ UX,3s200anftg256_1_GND
U -500 320 10 0 3 0 PARTS=1
U -500 310 10 0 3 0 LEVEL=STD
U 320 40 10 0 3 3 PKG_TYPE=FTG256
U 50 650 10 0 3 3 DEVICE=3S200AN
P 1 400 590 350 590 0 3 0
A 355 590 10 0 3 3 #=C2
L 345 590 10 0 8 1 1 0 IO_L01P_3_C2
A 405 590 10 0 2 0 PINTYPE=BI
P 2 400 580 350 580 0 3 0
A 355 580 10 0 3 3 #=C1
L 345 580 10 0 8 1 1 0 IO_L01N_3_C1
A 405 580 10 0 2 0 PINTYPE=BI
P 3 400 570 350 570 0 3 0
A 355 570 10 0 3 3 #=D4
L 345 570 10 0 8 1 1 0 IO_L02P_3_D4
A 405 570 10 0 2 0 PINTYPE=BI
P 4 400 560 350 560 0 3 0
A 355 560 10 0 3 3 #=D3
L 345 560 10 0 8 1 1 0 IO_L02N_3_D3
A 405 560 10 0 2 0 PINTYPE=BI
P 5 400 550 350 550 0 3 0
A 355 550 10 0 3 3 #=D1
L 345 550 10 0 8 1 1 0 IO_L03P_3_D1
A 405 550 10 0 2 0 PINTYPE=BI
P 6 400 540 350 540 0 3 0
A 355 540 10 0 3 3 #=E1
L 345 540 10 0 8 1 1 0 IO_L03N_3_E1
A 405 540 10 0 2 0 PINTYPE=BI
P 7 400 530 350 530 0 3 0
A 355 530 10 0 3 3 #=E4
L 345 530 10 0 8 1 1 0 IP_L04P_3_E4
A 405 530 10 0 2 0 PINTYPE=IN
P 8 400 520 350 520 0 3 0
A 355 520 10 0 3 3 #=F4
L 345 520 10 0 8 1 1 0 IP_L04N_3/VREF_3_F4
A 405 520 10 0 2 0 PINTYPE=BI
P 9 400 510 350 510 0 3 0
A 355 510 10 0 3 3 #=E3
L 345 510 10 0 8 1 1 0 IO_L05P_3_E3
A 405 510 10 0 2 0 PINTYPE=BI
P 10 400 500 350 500 0 3 0
A 355 500 10 0 3 3 #=E2
L 345 500 10 0 8 1 1 0 IO_L05N_3_E2
A 405 500 10 0 2 0 PINTYPE=BI
P 11 400 490 350 490 0 3 0
A 355 490 10 0 3 3 #=G6
L 345 490 10 0 8 1 1 0 IP_L06P_3_G6
A 405 490 10 0 2 0 PINTYPE=IN
P 12 400 480 350 480 0 3 0
A 355 480 10 0 3 3 #=G5
L 345 480 10 0 8 1 1 0 IP_L06N_3/VREF_3_G5
A 405 480 10 0 2 0 PINTYPE=BI
P 13 400 470 350 470 0 3 0
A 355 470 10 0 3 3 #=F3
L 345 470 10 0 8 1 1 0 IO_L07P_3_F3
A 405 470 10 0 2 0 PINTYPE=BI
P 14 400 460 350 460 0 3 0
A 355 460 10 0 3 3 #=G4
L 345 460 10 0 8 1 1 0 IO_L07N_3_G4
A 405 460 10 0 2 0 PINTYPE=BI
P 15 400 450 350 450 0 3 0
A 355 450 10 0 3 3 #=F1
L 345 450 10 0 8 1 1 0 IO_L08P_3_F1
A 405 450 10 0 2 0 PINTYPE=BI
P 16 400 440 350 440 0 3 0
A 355 440 10 0 3 3 #=G1
L 345 440 10 0 8 1 1 0 IO_L08N_3/VREF_3_G1
A 405 440 10 0 2 0 PINTYPE=BI
P 17 400 430 350 430 0 3 0
A 355 430 10 0 3 3 #=G3
L 345 430 10 0 8 1 1 0 IO_L09P_3_G3
A 405 430 10 0 2 0 PINTYPE=BI
P 18 400 420 350 420 0 3 0
A 355 420 10 0 3 3 #=H4
L 345 420 10 0 8 1 1 0 IO_L09N_3_H4
A 405 420 10 0 2 0 PINTYPE=BI
P 19 400 410 350 410 0 3 0
A 355 410 10 0 3 3 #=H6
L 345 410 10 0 8 1 1 0 IO_L10P_3_H6
A 405 410 10 0 2 0 PINTYPE=BI
P 20 400 400 350 400 0 3 0
A 355 400 10 0 3 3 #=H5
L 345 400 10 0 8 1 1 0 IO_L10N_3_H5
A 405 400 10 0 2 0 PINTYPE=BI
P 21 400 390 350 390 0 3 0
A 355 390 10 0 3 3 #=G2
L 345 390 10 0 8 1 1 0 IO_L11P_3/LHCLK0_G2
A 405 390 10 0 2 0 PINTYPE=BI
P 22 400 380 350 380 0 3 0
A 355 380 10 0 3 3 #=H1
L 345 380 10 0 8 1 1 0 IO_L11N_3/LHCLK1_H1
A 405 380 10 0 2 0 PINTYPE=BI
P 23 400 370 350 370 0 3 0
A 355 370 10 0 3 3 #=H3
L 345 370 10 0 8 1 1 0 IO_L12P_3/LHCLK2_H3
A 405 370 10 0 2 0 PINTYPE=BI
P 24 400 360 350 360 0 3 0
A 355 360 10 0 3 3 #=J3
L 345 360 10 0 8 1 1 0 IO_L12N_3/IRDY2/LHCLK3_J3
A 405 360 10 0 2 0 PINTYPE=BI
P 25 400 350 350 350 0 3 0
A 355 350 10 0 3 3 #=H7
L 345 350 10 0 8 1 1 0 IP_L13P_3_H7
A 405 350 10 0 2 0 PINTYPE=IN
P 26 400 340 350 340 0 3 0
A 355 340 10 0 3 3 #=J7
L 345 340 10 0 8 1 1 0 IP_L13N_3_J7
A 405 340 10 0 2 0 PINTYPE=IN
P 27 400 330 350 330 0 3 0
A 355 330 10 0 3 3 #=J2
L 345 330 10 0 8 1 1 0 IO_L14P_3/LHCLK4_J2
A 405 330 10 0 2 0 PINTYPE=BI
P 28 400 320 350 320 0 3 0
A 355 320 10 0 3 3 #=J1
L 345 320 10 0 8 1 1 0 IO_L14N_3/LHCLK5_J1
A 405 320 10 0 2 0 PINTYPE=BI
P 29 400 310 350 310 0 3 0
A 355 310 10 0 3 3 #=K3
L 345 310 10 0 8 1 1 0 IO_L15P_3/TRDY2/LHCLK6_K3
A 405 310 10 0 2 0 PINTYPE=BI
P 30 400 300 350 300 0 3 0
A 355 300 10 0 3 3 #=K1
L 345 300 10 0 8 1 1 0 IO_L15N_3/LHCLK7_K1
A 405 300 10 0 2 0 PINTYPE=BI
P 31 400 290 350 290 0 3 0
A 355 290 10 0 3 3 #=L1
L 345 290 10 0 8 1 1 0 IO_L16P_3/VREF_3_L1
A 405 290 10 0 2 0 PINTYPE=BI
P 32 400 280 350 280 0 3 0
A 355 280 10 0 3 3 #=L2
L 345 280 10 0 8 1 1 0 IO_L16N_3_L2
A 405 280 10 0 2 0 PINTYPE=BI
P 33 400 270 350 270 0 3 0
A 355 270 10 0 3 3 #=J4
L 345 270 10 0 8 1 1 0 IO_L17P_3_J4
A 405 270 10 0 2 0 PINTYPE=BI
P 34 400 260 350 260 0 3 0
A 355 260 10 0 3 3 #=J6
L 345 260 10 0 8 1 1 0 IO_L17N_3_J6
A 405 260 10 0 2 0 PINTYPE=BI
P 35 400 250 350 250 0 3 0
A 355 250 10 0 3 3 #=K4
L 345 250 10 0 8 1 1 0 IO_L18P_3_K4
A 405 250 10 0 2 0 PINTYPE=BI
P 36 400 240 350 240 0 3 0
A 355 240 10 0 3 3 #=L3
L 345 240 10 0 8 1 1 0 IO_L18N_3_L3
A 405 240 10 0 2 0 PINTYPE=BI
P 37 400 230 350 230 0 3 0
A 355 230 10 0 3 3 #=M3
L 345 230 10 0 8 1 1 0 IO_L19P_3_M3
A 405 230 10 0 2 0 PINTYPE=BI
P 38 400 220 350 220 0 3 0
A 355 220 10 0 3 3 #=L4
L 345 220 10 0 8 1 1 0 IO_L19N_3_L4
A 405 220 10 0 2 0 PINTYPE=BI
P 39 400 210 350 210 0 3 0
A 355 210 10 0 3 3 #=M1
L 345 210 10 0 8 1 1 0 IO_L20P_3_M1
A 405 210 10 0 2 0 PINTYPE=BI
P 40 400 200 350 200 0 3 0
A 355 200 10 0 3 3 #=N1
L 345 200 10 0 8 1 1 0 IO_L20N_3_N1
A 405 200 10 0 2 0 PINTYPE=BI
P 41 400 190 350 190 0 3 0
A 355 190 10 0 3 3 #=K5
L 345 190 10 0 8 1 1 0 IP_L21P_3_K5
A 405 190 10 0 2 0 PINTYPE=IN
P 42 400 180 350 180 0 3 0
A 355 180 10 0 3 3 #=K6
L 345 180 10 0 8 1 1 0 IP_L21N_3_K6
A 405 180 10 0 2 0 PINTYPE=IN
P 43 400 170 350 170 0 3 0
A 355 170 10 0 3 3 #=N2
L 345 170 10 0 8 1 1 0 IO_L22P_3_N2
A 405 170 10 0 2 0 PINTYPE=BI
P 44 400 160 350 160 0 3 0
A 355 160 10 0 3 3 #=P1
L 345 160 10 0 8 1 1 0 IO_L22N_3_P1
A 405 160 10 0 2 0 PINTYPE=BI
P 45 400 150 350 150 0 3 0
A 355 150 10 0 3 3 #=R1
L 345 150 10 0 8 1 1 0 IO_L23P_3_R1
A 405 150 10 0 2 0 PINTYPE=BI
P 46 400 140 350 140 0 3 0
A 355 140 10 0 3 3 #=P2
L 345 140 10 0 8 1 1 0 IO_L23N_3_P2
A 405 140 10 0 2 0 PINTYPE=BI
P 47 400 130 350 130 0 3 0
A 355 130 10 0 3 3 #=N3
L 345 130 10 0 8 1 1 0 IO_L24P_3_N3
A 405 130 10 0 2 0 PINTYPE=BI
P 48 400 120 350 120 0 3 0
A 355 120 10 0 3 3 #=M4
L 345 120 10 0 8 1 1 0 IO_L24N_3_M4
A 405 120 10 0 2 0 PINTYPE=BI
P 49 400 110 350 110 0 3 0
A 355 110 10 0 3 3 #=L5
L 345 110 10 0 8 1 1 0 IP_L25P_3_L5
A 405 110 10 0 2 0 PINTYPE=IN
P 50 400 100 350 100 0 3 0
A 355 100 10 0 3 3 #=L6
L 345 100 10 0 8 1 1 0 IP_L25N_3/VREF_3_L6
A 405 100 10 0 2 0 PINTYPE=BI
b 50 50 350 650
U 50 35 16 0 3 3 REFDES=U?
E
