V 51
K 153165148200 3s200anftg256
|R 20:58_8-19-10
Y 1
D 0 0 400 270
Z 10
i 946
U -500 125 10 0 3 0 HETERO=3s200anftg256_0,3s200anftg256_1,3s200anftg256_2,3s200
+ anftg256_3,3s200anftg256_222,3s200anftg256_0_Power,3s200anftg256_1_Power,3s200
+ anftg256_2_Power,3s200anftg256_3_Power,3s200anftg256_VCCINT,3s200anftg256_VCCA
+ UX,3s200anftg256_1_GND
U -500 105 10 0 3 0 PARTS=1
U -500 95 10 0 3 0 LEVEL=STD
U 50 220 10 0 3 3 DEVICE=3S200AN
U 315 40 10 0 3 3 PKG_TYPE=FTG256
P 1 400 160 350 160 0 3 0
A 355 160 10 0 3 3 #=T15
L 345 160 10 0 8 1 1 0 DONE_T15
A 405 160 10 0 2 0 PINTYPE=OUT
P 2 400 150 350 150 0 3 0
A 355 150 10 0 3 3 #=A2
L 345 150 10 0 8 1 1 0 PROG_B_A2
A 405 150 10 0 2 0 PINTYPE=IN
P 3 400 140 350 140 0 3 0
A 355 140 10 0 3 3 #=R16
L 345 140 10 0 8 1 1 0 SUSPEND_R16
A 405 140 10 0 2 0 PINTYPE=IN
P 4 400 130 350 130 0 3 0
A 355 130 10 0 3 3 #=A15
L 345 130 10 0 8 1 1 0 TCK_A15
A 405 130 10 0 2 0 PINTYPE=IN
P 5 400 120 350 120 0 3 0
A 355 120 10 0 3 3 #=B1
L 345 120 10 0 8 1 1 0 TDI_B1
A 405 120 10 0 2 0 PINTYPE=IN
P 6 400 110 350 110 0 3 0
A 355 110 10 0 3 3 #=B16
L 345 110 10 0 8 1 1 0 TDO_B16
A 405 110 10 0 2 0 PINTYPE=OUT
P 7 400 100 350 100 0 3 0
A 355 100 10 0 3 3 #=B2
L 345 100 10 0 8 1 1 0 TMS_B2
A 405 100 10 0 2 0 PINTYPE=IN
b 50 50 350 220
U 50 35 16 0 3 3 REFDES=U?
E
