V 51
K 91202047490 67800-5005
|R 23:00_5-9-13
Y 1
D -30 0 130 80
Z 10
i 24
P 24 130 50 100 50 0 3 0
L 95 50 9 0 8 0 1 0 MHOLE2
A 105 50 9 0 3 3 #=9
A 0 30 9 0 3 0 PINTYPE=BI
P 23 130 60 100 60 0 3 0
A 0 40 9 0 3 0 PINTYPE=BI
A 105 60 9 0 3 3 #=8
L 95 60 9 0 8 0 1 0 MHOLE1
P 21 130 30 100 30 0 3 0
A 0 10 9 0 3 0 PINTYPE=BI
A 105 30 9 0 3 3 #=4
L 95 30 9 0 8 0 1 0 GND2
P 22 130 20 100 20 0 3 0
L 95 20 9 0 8 0 1 0 GND3
A 105 20 9 0 3 3 #=7
A 0 0 9 0 3 0 PINTYPE=BI
P 12 -30 30 0 30 0 2 0
L 5 30 9 0 2 0 1 0 HRX_N
A -5 30 9 0 9 3 #=5
A 0 -70 9 0 3 0 PINTYPE=BI
P 11 -30 20 0 20 0 2 0
L 5 20 9 0 2 0 1 0 HRX_P
A -5 20 9 0 9 3 #=6
A 0 -90 9 0 3 0 PINTYPE=BI
P 16 -30 50 0 50 0 2 0
L 5 50 9 0 2 0 1 0 HTX_N
A -5 50 9 0 9 3 #=3
A 0 30 9 0 3 0 PINTYPE=BI
P 15 -30 60 0 60 0 2 0
L 5 60 9 0 2 0 1 0 HTX_P
A -5 60 9 0 9 3 #=2
A 0 30 9 0 3 0 PINTYPE=BI
U 0 70 9 0 3 0 DEVICE=DEVICE
U 70 0 9 0 3 3 PKG_TYPE=PKG_TYPE
U -3 -5 16 0 3 3 REFDES=P?
U 0 70 10 0 3 3 VALUE=VALUE
P 10 130 40 100 40 0 3 0
L 95 40 9 0 8 0 1 0 GND1
A 105 40 9 0 3 3 #=1
A 0 20 9 0 3 0 PINTYPE=BI
b 0 10 100 70
E
