V 50
K 153165148200 7vx690tffg1927
Y 1
D 0 0 400 340
Z 10
i 946
b 50 50 350 290
P 1 400 100 350 100 0 3 0
A 355 100 10 0 3 0 #=AB5
L 345 100 10 0 8 0 1 0 MGTAVTT_G10_AB5
A 405 100 10 0 2 0 PINTYPE=BI
P 2 400 110 350 110 0 3 0
A 355 110 10 0 3 0 #=AC3
L 345 110 10 0 8 0 1 0 MGTAVTT_G10_AC3
A 405 110 10 0 2 0 PINTYPE=BI
P 3 400 120 350 120 0 3 0
A 355 120 10 0 3 0 #=AD5
L 345 120 10 0 8 0 1 0 MGTAVTT_G10_AD5
A 405 120 10 0 2 0 PINTYPE=BI
P 4 400 130 350 130 0 3 0
A 355 130 10 0 3 0 #=AF5
L 345 130 10 0 8 0 1 0 MGTAVTT_G10_AF5
A 405 130 10 0 2 0 PINTYPE=BI
P 5 400 140 350 140 0 3 0
A 355 140 10 0 3 0 #=AG3
L 345 140 10 0 8 0 1 0 MGTAVTT_G10_AG3
A 405 140 10 0 2 0 PINTYPE=BI
P 6 400 150 350 150 0 3 0
A 355 150 10 0 3 0 #=AH5
L 345 150 10 0 8 0 1 0 MGTAVTT_G10_AH5
A 405 150 10 0 2 0 PINTYPE=BI
P 7 400 160 350 160 0 3 0
A 355 160 10 0 3 0 #=AJ3
L 345 160 10 0 8 0 1 0 MGTAVTT_G10_AJ3
A 405 160 10 0 2 0 PINTYPE=BI
P 8 400 170 350 170 0 3 0
A 355 170 10 0 3 0 #=R3
L 345 170 10 0 8 0 1 0 MGTAVTT_G10_R3
A 405 170 10 0 2 0 PINTYPE=BI
P 9 400 180 350 180 0 3 0
A 355 180 10 0 3 0 #=T5
L 345 180 10 0 8 0 1 0 MGTAVTT_G10_T5
A 405 180 10 0 2 0 PINTYPE=BI
P 10 400 190 350 190 0 3 0
A 355 190 10 0 3 0 #=V5
L 345 190 10 0 8 0 1 0 MGTAVTT_G10_V5
A 405 190 10 0 2 0 PINTYPE=BI
P 11 400 200 350 200 0 3 0
A 355 200 10 0 3 0 #=W3
L 345 200 10 0 8 0 1 0 MGTAVTT_G10_W3
A 405 200 10 0 2 0 PINTYPE=BI
P 12 400 210 350 210 0 3 0
A 355 210 10 0 3 0 #=Y5
L 345 210 10 0 8 0 1 0 MGTAVTT_G10_Y5
A 405 210 10 0 2 0 PINTYPE=BI
T 220 230 20 0 5 XC7VX690TFFG1927
T 220 250 20 0 5 BANK MGTAVTT_G10
c 70 270 10
U 50 300 10 0 3 3 DEVICE=XXXXXX
U 50 30 16 0 3 3 REFDES=U?
U 250 30 10 0 3 3 PKG_TYPE=XXXXXX
U 0 0 10 0 3 0 HETERO=690tfg1927b0,690tfg1927b14,690tfg1927b15,690tfg1927b16,690tfg1927b17,690tfg1927b18,690tfg1927b19,690tfg1927b34,690tfg1927b35,690tfg1927b36,690tfg1927b37,690tfg1927b38,690tfg1927b39,690tfg1927b110,690tfg1927b111,690tfg1927b112,690tfg1927b113,690tfg1927b114,690tfg1927b115,690tfg1927b116,690tfg1927b117,690tfg1927b118,690tfg1927b119,690tfg1927b210,690tfg1927b211,690tfg1927b212,690tfg1927b213,690tfg1927b214,690tfg1927b215,690tfg1927b216,690tfg1927b217,690tfg1927b218,690tfg1927b219,690tfg1927bMAVCG10,690tfg1927bMAVCG11,690tfg1927bMAVCG20,690tfg1927bMAVCG21,690tfg1927bMAVTTG10,690tfg1927bMAVTTG11,690tfg1927bMAVTTG20,690tfg1927bMAVTTG21,690tfg1927bMAVCG9,690tfg1927bMAVCG19,690tfg1927bMAVTTG9,690tfg1927bMAVTTG19,690tfg1927bMVAUXG9,690tfg1927bMVAUXG19,690tfg1927bMVAUXG10,690tfg1927bMVAUXG11,690tfg1927bMVAUXG20,690tfg1927bMVAUXG21,690tfg1927bGND1,690tfg1927bGND2,690tfg1927bGND3,690tfg1927bVINT,690tfg1927bVAUX,690tfg1927bVAUXIOG3,690tfg1927bVAUXIOG2,690tfg1927bVAUXIOG1,690tfg1927bVAUXIOG0,690tfg1927bVBRAM
U 0 -10 10 0 3 0 PARTS=1
U 0 -20 10 0 3 0 LEVEL=STD
U 0 -30 10 0 3 0 DATE=2015_03_04
E
