V 50
K 153165148200 6slx16csg324
Y 1
D 0 0 400 300
Z 10
i 946
b 50 50 350 250
P 1 400 100 350 100 0 3 0
A 355 100 10 0 3 0 #=A17
L 345 100 10 0 8 0 1 0 TCK_A17
A 405 100 10 0 2 0 PINTYPE=BI
P 2 400 110 350 110 0 3 0
A 355 110 10 0 3 0 #=D15
L 345 110 10 0 8 0 1 0 TDI_D15
A 405 110 10 0 2 0 PINTYPE=BI
P 3 400 120 350 120 0 3 0
A 355 120 10 0 3 0 #=B18
L 345 120 10 0 8 0 1 0 TMS_B18
A 405 120 10 0 2 0 PINTYPE=BI
P 4 400 130 350 130 0 3 0
A 355 130 10 0 3 0 #=D16
L 345 130 10 0 8 0 1 0 TDO_D16
A 405 130 10 0 2 0 PINTYPE=BI
P 5 400 140 350 140 0 3 0
A 355 140 10 0 3 0 #=R16
L 345 140 10 0 8 0 1 0 SUSPEND_R16
A 405 140 10 0 2 0 PINTYPE=BI
P 6 400 150 350 150 0 3 0
A 355 150 10 0 3 0 #=P13
L 345 150 10 0 8 0 1 0 CMPCS_B_2_P13
A 405 150 10 0 2 0 PINTYPE=BI
P 7 400 160 350 160 0 3 0
A 355 160 10 0 3 0 #=V17
L 345 160 10 0 8 0 1 0 DONE_2_V17
A 405 160 10 0 2 0 PINTYPE=BI
P 8 400 170 350 170 0 3 0
A 355 170 10 0 3 0 #=V2
L 345 170 10 0 8 0 1 0 PROGRAM_B_2_V2
A 405 170 10 0 2 0 PINTYPE=BI
T 220 190 20 0 5 6slx16csg324
T 220 210 20 0 5 BANK DED
c 70 230 10
U 50 260 10 0 3 3 DEVICE=XXXXXX
U 50 30 16 0 3 3 REFDES=U?
U 250 30 10 0 3 3 PKG_TYPE=XXXXXX
U 0 0 10 0 3 0 HETERO=6slx16csg324_0,6slx16csg324_DED,6slx16csg324_1,6slx16csg324_2,6slx16csg324_3,6slx16csg324_GND,6slx16csg324_VCCAUX,6slx16csg324_VCCINT
U 0 -10 10 0 3 0 PARTS=1
U 0 -20 10 0 3 0 LEVEL=STD
U 0 -30 10 0 3 0 DATE=2009_02_24
E
