V 50
K 153165148200 6slx16csg324
Y 1
D 0 0 400 840
Z 10
i 946
b 50 50 350 790
P 1 400 100 350 100 0 3 0
A 355 100 10 0 3 0 #=F15
L 345 100 10 0 8 0 1 0 IO_L1P_A25_1_F15
A 405 100 10 0 2 0 PINTYPE=BI
P 2 400 110 350 110 0 3 0
A 355 110 10 0 3 0 #=F16
L 345 110 10 0 8 0 1 0 IO_L1N_A24_VREF_1_F16
A 405 110 10 0 2 0 PINTYPE=BI
P 3 400 120 350 120 0 3 0
A 355 120 10 0 3 0 #=C17
L 345 120 10 0 8 0 1 0 IO_L29P_A23_M1A13_1_C17
A 405 120 10 0 2 0 PINTYPE=BI
P 4 400 130 350 130 0 3 0
A 355 130 10 0 3 0 #=C18
L 345 130 10 0 8 0 1 0 IO_L29N_A22_M1A14_1_C18
A 405 130 10 0 2 0 PINTYPE=BI
P 5 400 140 350 140 0 3 0
A 355 140 10 0 3 0 #=F14
L 345 140 10 0 8 0 1 0 IO_L30P_A21_M1RESET_1_F14
A 405 140 10 0 2 0 PINTYPE=BI
P 6 400 150 350 150 0 3 0
A 355 150 10 0 3 0 #=G14
L 345 150 10 0 8 0 1 0 IO_L30N_A20_M1A11_1_G14
A 405 150 10 0 2 0 PINTYPE=BI
P 7 400 160 350 160 0 3 0
A 355 160 10 0 3 0 #=D17
L 345 160 10 0 8 0 1 0 IO_L31P_A19_M1CKE_1_D17
A 405 160 10 0 2 0 PINTYPE=BI
P 8 400 170 350 170 0 3 0
A 355 170 10 0 3 0 #=D18
L 345 170 10 0 8 0 1 0 IO_L31N_A18_M1A12_1_D18
A 405 170 10 0 2 0 PINTYPE=BI
P 9 400 180 350 180 0 3 0
A 355 180 10 0 3 0 #=H12
L 345 180 10 0 8 0 1 0 IO_L32P_A17_M1A8_1_H12
A 405 180 10 0 2 0 PINTYPE=BI
P 10 400 190 350 190 0 3 0
A 355 190 10 0 3 0 #=G13
L 345 190 10 0 8 0 1 0 IO_L32N_A16_M1A9_1_G13
A 405 190 10 0 2 0 PINTYPE=BI
P 11 400 200 350 200 0 3 0
A 355 200 10 0 3 0 #=E16
L 345 200 10 0 8 0 1 0 IO_L33P_A15_M1A10_1_E16
A 405 200 10 0 2 0 PINTYPE=BI
P 12 400 210 350 210 0 3 0
A 355 210 10 0 3 0 #=E18
L 345 210 10 0 8 0 1 0 IO_L33N_A14_M1A4_1_E18
A 405 210 10 0 2 0 PINTYPE=BI
P 13 400 220 350 220 0 3 0
A 355 220 10 0 3 0 #=K12
L 345 220 10 0 8 0 1 0 IO_L34P_A13_M1WE_1_K12
A 405 220 10 0 2 0 PINTYPE=BI
P 14 400 230 350 230 0 3 0
A 355 230 10 0 3 0 #=K13
L 345 230 10 0 8 0 1 0 IO_L34N_A12_M1BA2_1_K13
A 405 230 10 0 2 0 PINTYPE=BI
P 15 400 240 350 240 0 3 0
A 355 240 10 0 3 0 #=F17
L 345 240 10 0 8 0 1 0 IO_L35P_A11_M1A7_1_F17
A 405 240 10 0 2 0 PINTYPE=BI
P 16 400 250 350 250 0 3 0
A 355 250 10 0 3 0 #=F18
L 345 250 10 0 8 0 1 0 IO_L35N_A10_M1A2_1_F18
A 405 250 10 0 2 0 PINTYPE=BI
P 17 400 260 350 260 0 3 0
A 355 260 10 0 3 0 #=H13
L 345 260 10 0 8 0 1 0 IO_L36P_A9_M1BA0_1_H13
A 405 260 10 0 2 0 PINTYPE=BI
P 18 400 270 350 270 0 3 0
A 355 270 10 0 3 0 #=H14
L 345 270 10 0 8 0 1 0 IO_L36N_A8_M1BA1_1_H14
A 405 270 10 0 2 0 PINTYPE=BI
P 19 400 280 350 280 0 3 0
A 355 280 10 0 3 0 #=H15
L 345 280 10 0 8 0 1 0 IO_L37P_A7_M1A0_1_H15
A 405 280 10 0 2 0 PINTYPE=BI
P 20 400 290 350 290 0 3 0
A 355 290 10 0 3 0 #=H16
L 345 290 10 0 8 0 1 0 IO_L37N_A6_M1A1_1_H16
A 405 290 10 0 2 0 PINTYPE=BI
P 21 400 300 350 300 0 3 0
A 355 300 10 0 3 0 #=G16
L 345 300 10 0 8 0 1 0 IO_L38P_A5_M1CLK_1_G16
A 405 300 10 0 2 0 PINTYPE=BI
P 22 400 310 350 310 0 3 0
A 355 310 10 0 3 0 #=G18
L 345 310 10 0 8 0 1 0 IO_L38N_A4_M1CLKN_1_G18
A 405 310 10 0 2 0 PINTYPE=BI
P 23 400 320 350 320 0 3 0
A 355 320 10 0 3 0 #=J13
L 345 320 10 0 8 0 1 0 IO_L39P_M1A3_1_J13
A 405 320 10 0 2 0 PINTYPE=BI
P 24 400 330 350 330 0 3 0
A 355 330 10 0 3 0 #=K14
L 345 330 10 0 8 0 1 0 IO_L39N_M1ODT_1_K14
A 405 330 10 0 2 0 PINTYPE=BI
P 25 400 340 350 340 0 3 0
A 355 340 10 0 3 0 #=L12
L 345 340 10 0 8 0 1 0 IO_L40P_GCLK11_M1A5_1_L12
A 405 340 10 0 2 0 PINTYPE=BI
P 26 400 350 350 350 0 3 0
A 355 350 10 0 3 0 #=L13
L 345 350 10 0 8 0 1 0 IO_L40N_GCLK10_M1A6_1_L13
A 405 350 10 0 2 0 PINTYPE=BI
P 27 400 360 350 360 0 3 0
A 355 360 10 0 3 0 #=K15
L 345 360 10 0 8 0 1 0 IO_L41P_GCLK9_M1RASN_1_K15
A 405 360 10 0 2 0 PINTYPE=BI
P 28 400 370 350 370 0 3 0
A 355 370 10 0 3 0 #=K16
L 345 370 10 0 8 0 1 0 IO_L41N_GCLK8_M1CASN_1_K16
A 405 370 10 0 2 0 PINTYPE=BI
P 29 400 380 350 380 0 3 0
A 355 380 10 0 3 0 #=L15
L 345 380 10 0 8 0 1 0 IO_L42P_GCLK7_M1UDM_1_L15
A 405 380 10 0 2 0 PINTYPE=BI
P 30 400 390 350 390 0 3 0
A 355 390 10 0 3 0 #=L16
L 345 390 10 0 8 0 1 0 IO_L42N_GCLK6_M1LDM_1_L16
A 405 390 10 0 2 0 PINTYPE=BI
P 31 400 400 350 400 0 3 0
A 355 400 10 0 3 0 #=H17
L 345 400 10 0 8 0 1 0 IO_L43P_GCLK5_M1DQ4_1_H17
A 405 400 10 0 2 0 PINTYPE=BI
P 32 400 410 350 410 0 3 0
A 355 410 10 0 3 0 #=H18
L 345 410 10 0 8 0 1 0 IO_L43N_GCLK4_M1DQ5_1_H18
A 405 410 10 0 2 0 PINTYPE=BI
P 33 400 420 350 420 0 3 0
A 355 420 10 0 3 0 #=J16
L 345 420 10 0 8 0 1 0 IO_L44P_A3_M1DQ6_1_J16
A 405 420 10 0 2 0 PINTYPE=BI
P 34 400 430 350 430 0 3 0
A 355 430 10 0 3 0 #=J18
L 345 430 10 0 8 0 1 0 IO_L44N_A2_M1DQ7_1_J18
A 405 430 10 0 2 0 PINTYPE=BI
P 35 400 440 350 440 0 3 0
A 355 440 10 0 3 0 #=K17
L 345 440 10 0 8 0 1 0 IO_L45P_A1_M1LDQS_1_K17
A 405 440 10 0 2 0 PINTYPE=BI
P 36 400 450 350 450 0 3 0
A 355 450 10 0 3 0 #=K18
L 345 450 10 0 8 0 1 0 IO_L45N_A0_M1LDQSN_1_K18
A 405 450 10 0 2 0 PINTYPE=BI
P 37 400 460 350 460 0 3 0
A 355 460 10 0 3 0 #=L17
L 345 460 10 0 8 0 1 0 IO_L46P_FCS_B_M1DQ2_1_L17
A 405 460 10 0 2 0 PINTYPE=BI
P 38 400 470 350 470 0 3 0
A 355 470 10 0 3 0 #=L18
L 345 470 10 0 8 0 1 0 IO_L46N_FOE_B_M1DQ3_1_L18
A 405 470 10 0 2 0 PINTYPE=BI
P 39 400 480 350 480 0 3 0
A 355 480 10 0 3 0 #=M16
L 345 480 10 0 8 0 1 0 IO_L47P_FWE_B_M1DQ0_1_M16
A 405 480 10 0 2 0 PINTYPE=BI
P 40 400 490 350 490 0 3 0
A 355 490 10 0 3 0 #=M18
L 345 490 10 0 8 0 1 0 IO_L47N_LDC_M1DQ1_1_M18
A 405 490 10 0 2 0 PINTYPE=BI
P 41 400 500 350 500 0 3 0
A 355 500 10 0 3 0 #=N17
L 345 500 10 0 8 0 1 0 IO_L48P_HDC_M1DQ8_1_N17
A 405 500 10 0 2 0 PINTYPE=BI
P 42 400 510 350 510 0 3 0
A 355 510 10 0 3 0 #=N18
L 345 510 10 0 8 0 1 0 IO_L48N_M1DQ9_1_N18
A 405 510 10 0 2 0 PINTYPE=BI
P 43 400 520 350 520 0 3 0
A 355 520 10 0 3 0 #=P17
L 345 520 10 0 8 0 1 0 IO_L49P_M1DQ10_1_P17
A 405 520 10 0 2 0 PINTYPE=BI
P 44 400 530 350 530 0 3 0
A 355 530 10 0 3 0 #=P18
L 345 530 10 0 8 0 1 0 IO_L49N_M1DQ11_1_P18
A 405 530 10 0 2 0 PINTYPE=BI
P 45 400 540 350 540 0 3 0
A 355 540 10 0 3 0 #=N15
L 345 540 10 0 8 0 1 0 IO_L50P_M1UDQS_1_N15
A 405 540 10 0 2 0 PINTYPE=BI
P 46 400 550 350 550 0 3 0
A 355 550 10 0 3 0 #=N16
L 345 550 10 0 8 0 1 0 IO_L50N_M1UDQSN_1_N16
A 405 550 10 0 2 0 PINTYPE=BI
P 47 400 560 350 560 0 3 0
A 355 560 10 0 3 0 #=T17
L 345 560 10 0 8 0 1 0 IO_L51P_M1DQ12_1_T17
A 405 560 10 0 2 0 PINTYPE=BI
P 48 400 570 350 570 0 3 0
A 355 570 10 0 3 0 #=T18
L 345 570 10 0 8 0 1 0 IO_L51N_M1DQ13_1_T18
A 405 570 10 0 2 0 PINTYPE=BI
P 49 400 580 350 580 0 3 0
A 355 580 10 0 3 0 #=U17
L 345 580 10 0 8 0 1 0 IO_L52P_M1DQ14_1_U17
A 405 580 10 0 2 0 PINTYPE=BI
P 50 400 590 350 590 0 3 0
A 355 590 10 0 3 0 #=U18
L 345 590 10 0 8 0 1 0 IO_L52N_M1DQ15_1_U18
A 405 590 10 0 2 0 PINTYPE=BI
P 51 400 600 350 600 0 3 0
A 355 600 10 0 3 0 #=M14
L 345 600 10 0 8 0 1 0 IO_L53P_1_M14
A 405 600 10 0 2 0 PINTYPE=BI
P 52 400 610 350 610 0 3 0
A 355 610 10 0 3 0 #=N14
L 345 610 10 0 8 0 1 0 IO_L53N_VREF_1_N14
A 405 610 10 0 2 0 PINTYPE=BI
P 53 400 620 350 620 0 3 0
A 355 620 10 0 3 0 #=L14
L 345 620 10 0 8 0 1 0 IO_L61P_1_L14
A 405 620 10 0 2 0 PINTYPE=BI
P 54 400 630 350 630 0 3 0
A 355 630 10 0 3 0 #=M13
L 345 630 10 0 8 0 1 0 IO_L61N_1_M13
A 405 630 10 0 2 0 PINTYPE=BI
P 55 400 640 350 640 0 3 0
A 355 640 10 0 3 0 #=P15
L 345 640 10 0 8 0 1 0 IO_L74P_AWAKE_1_P15
A 405 640 10 0 2 0 PINTYPE=BI
P 56 400 650 350 650 0 3 0
A 355 650 10 0 3 0 #=P16
L 345 650 10 0 8 0 1 0 IO_L74N_DOUT_BUSY_1_P16
A 405 650 10 0 2 0 PINTYPE=BI
P 57 0 100 50 100 0 2 0
A 45 100 10 0 9 0 #=E17
L 55 100 10 0 2 0 1 0 VCCO_1_E17
A 10 100 10 0 2 0 PINTYPE=BI
P 58 0 110 50 110 0 2 0
A 45 110 10 0 9 0 #=G15
L 55 110 10 0 2 0 1 0 VCCO_1_G15
A 10 110 10 0 2 0 PINTYPE=BI
P 59 0 120 50 120 0 2 0
A 45 120 10 0 9 0 #=J14
L 55 120 10 0 2 0 1 0 VCCO_1_J14
A 10 120 10 0 2 0 PINTYPE=BI
P 60 0 130 50 130 0 2 0
A 45 130 10 0 9 0 #=J17
L 55 130 10 0 2 0 1 0 VCCO_1_J17
A 10 130 10 0 2 0 PINTYPE=BI
P 61 0 140 50 140 0 2 0
A 45 140 10 0 9 0 #=M15
L 55 140 10 0 2 0 1 0 VCCO_1_M15
A 10 140 10 0 2 0 PINTYPE=BI
P 62 0 150 50 150 0 2 0
A 45 150 10 0 9 0 #=R17
L 55 150 10 0 2 0 1 0 VCCO_1_R17
A 10 150 10 0 2 0 PINTYPE=BI
T 220 670 20 0 5 6slx16csg324
T 220 690 20 0 5 BANK 1
c 70 770 10
U 50 800 10 0 3 3 DEVICE=XXXXXX
U 50 30 16 0 3 3 REFDES=U?
U 250 30 10 0 3 3 PKG_TYPE=XXXXXX
U 0 0 10 0 3 0 HETERO=6slx16csg324_0,6slx16csg324_DED,6slx16csg324_1,6slx16csg324_2,6slx16csg324_3,6slx16csg324_GND,6slx16csg324_VCCAUX,6slx16csg324_VCCINT
U 0 -10 10 0 3 0 PARTS=1
U 0 -20 10 0 3 0 LEVEL=STD
U 0 -30 10 0 3 0 DATE=2009_02_24
E
