V 50
K 153165148200 6slx16csg324
Y 1
D 0 0 400 880
Z 10
i 946
b 50 50 350 830
P 1 400 100 350 100 0 3 0
A 355 100 10 0 3 0 #=D4
L 345 100 10 0 8 0 1 0 IO_L1P_HSWAPEN_0_D4
A 405 100 10 0 2 0 PINTYPE=BI
P 2 400 110 350 110 0 3 0
A 355 110 10 0 3 0 #=C4
L 345 110 10 0 8 0 1 0 IO_L1N_VREF_0_C4
A 405 110 10 0 2 0 PINTYPE=BI
P 3 400 120 350 120 0 3 0
A 355 120 10 0 3 0 #=B2
L 345 120 10 0 8 0 1 0 IO_L2P_0_B2
A 405 120 10 0 2 0 PINTYPE=BI
P 4 400 130 350 130 0 3 0
A 355 130 10 0 3 0 #=A2
L 345 130 10 0 8 0 1 0 IO_L2N_0_A2
A 405 130 10 0 2 0 PINTYPE=BI
P 5 400 140 350 140 0 3 0
A 355 140 10 0 3 0 #=D6
L 345 140 10 0 8 0 1 0 IO_L3P_0_D6
A 405 140 10 0 2 0 PINTYPE=BI
P 6 400 150 350 150 0 3 0
A 355 150 10 0 3 0 #=C6
L 345 150 10 0 8 0 1 0 IO_L3N_0_C6
A 405 150 10 0 2 0 PINTYPE=BI
P 7 400 160 350 160 0 3 0
A 355 160 10 0 3 0 #=B3
L 345 160 10 0 8 0 1 0 IO_L4P_0_B3
A 405 160 10 0 2 0 PINTYPE=BI
P 8 400 170 350 170 0 3 0
A 355 170 10 0 3 0 #=A3
L 345 170 10 0 8 0 1 0 IO_L4N_0_A3
A 405 170 10 0 2 0 PINTYPE=BI
P 9 400 180 350 180 0 3 0
A 355 180 10 0 3 0 #=B4
L 345 180 10 0 8 0 1 0 IO_L5P_0_B4
A 405 180 10 0 2 0 PINTYPE=BI
P 10 400 190 350 190 0 3 0
A 355 190 10 0 3 0 #=A4
L 345 190 10 0 8 0 1 0 IO_L5N_0_A4
A 405 190 10 0 2 0 PINTYPE=BI
P 11 400 200 350 200 0 3 0
A 355 200 10 0 3 0 #=C5
L 345 200 10 0 8 0 1 0 IO_L6P_0_C5
A 405 200 10 0 2 0 PINTYPE=BI
P 12 400 210 350 210 0 3 0
A 355 210 10 0 3 0 #=A5
L 345 210 10 0 8 0 1 0 IO_L6N_0_A5
A 405 210 10 0 2 0 PINTYPE=BI
P 13 400 220 350 220 0 3 0
A 355 220 10 0 3 0 #=F7
L 345 220 10 0 8 0 1 0 IO_L7P_0_F7
A 405 220 10 0 2 0 PINTYPE=BI
P 14 400 230 350 230 0 3 0
A 355 230 10 0 3 0 #=E6
L 345 230 10 0 8 0 1 0 IO_L7N_0_E6
A 405 230 10 0 2 0 PINTYPE=BI
P 15 400 240 350 240 0 3 0
A 355 240 10 0 3 0 #=B6
L 345 240 10 0 8 0 1 0 IO_L8P_0_B6
A 405 240 10 0 2 0 PINTYPE=BI
P 16 400 250 350 250 0 3 0
A 355 250 10 0 3 0 #=A6
L 345 250 10 0 8 0 1 0 IO_L8N_VREF_0_A6
A 405 250 10 0 2 0 PINTYPE=BI
P 17 400 260 350 260 0 3 0
A 355 260 10 0 3 0 #=E7
L 345 260 10 0 8 0 1 0 IO_L9P_0_E7
A 405 260 10 0 2 0 PINTYPE=BI
P 18 400 270 350 270 0 3 0
A 355 270 10 0 3 0 #=E8
L 345 270 10 0 8 0 1 0 IO_L9N_0_E8
A 405 270 10 0 2 0 PINTYPE=BI
P 19 400 280 350 280 0 3 0
A 355 280 10 0 3 0 #=C7
L 345 280 10 0 8 0 1 0 IO_L10P_0_C7
A 405 280 10 0 2 0 PINTYPE=BI
P 20 400 290 350 290 0 3 0
A 355 290 10 0 3 0 #=A7
L 345 290 10 0 8 0 1 0 IO_L10N_0_A7
A 405 290 10 0 2 0 PINTYPE=BI
P 21 400 300 350 300 0 3 0
A 355 300 10 0 3 0 #=D8
L 345 300 10 0 8 0 1 0 IO_L11P_0_D8
A 405 300 10 0 2 0 PINTYPE=BI
P 22 400 310 350 310 0 3 0
A 355 310 10 0 3 0 #=C8
L 345 310 10 0 8 0 1 0 IO_L11N_0_C8
A 405 310 10 0 2 0 PINTYPE=BI
P 23 400 320 350 320 0 3 0
A 355 320 10 0 3 0 #=G8
L 345 320 10 0 8 0 1 0 IO_L32P_0_G8
A 405 320 10 0 2 0 PINTYPE=BI
P 24 400 330 350 330 0 3 0
A 355 330 10 0 3 0 #=F8
L 345 330 10 0 8 0 1 0 IO_L32N_0_F8
A 405 330 10 0 2 0 PINTYPE=BI
P 25 400 340 350 340 0 3 0
A 355 340 10 0 3 0 #=B8
L 345 340 10 0 8 0 1 0 IO_L33P_0_B8
A 405 340 10 0 2 0 PINTYPE=BI
P 26 400 350 350 350 0 3 0
A 355 350 10 0 3 0 #=A8
L 345 350 10 0 8 0 1 0 IO_L33N_0_A8
A 405 350 10 0 2 0 PINTYPE=BI
P 27 400 360 350 360 0 3 0
A 355 360 10 0 3 0 #=D9
L 345 360 10 0 8 0 1 0 IO_L34P_GCLK19_0_D9
A 405 360 10 0 2 0 PINTYPE=BI
P 28 400 370 350 370 0 3 0
A 355 370 10 0 3 0 #=C9
L 345 370 10 0 8 0 1 0 IO_L34N_GCLK18_0_C9
A 405 370 10 0 2 0 PINTYPE=BI
P 29 400 380 350 380 0 3 0
A 355 380 10 0 3 0 #=B9
L 345 380 10 0 8 0 1 0 IO_L35P_GCLK17_0_B9
A 405 380 10 0 2 0 PINTYPE=BI
P 30 400 390 350 390 0 3 0
A 355 390 10 0 3 0 #=A9
L 345 390 10 0 8 0 1 0 IO_L35N_GCLK16_0_A9
A 405 390 10 0 2 0 PINTYPE=BI
P 31 400 400 350 400 0 3 0
A 355 400 10 0 3 0 #=D11
L 345 400 10 0 8 0 1 0 IO_L36P_GCLK15_0_D11
A 405 400 10 0 2 0 PINTYPE=BI
P 32 400 410 350 410 0 3 0
A 355 410 10 0 3 0 #=C11
L 345 410 10 0 8 0 1 0 IO_L36N_GCLK14_0_C11
A 405 410 10 0 2 0 PINTYPE=BI
P 33 400 420 350 420 0 3 0
A 355 420 10 0 3 0 #=C10
L 345 420 10 0 8 0 1 0 IO_L37P_GCLK13_0_C10
A 405 420 10 0 2 0 PINTYPE=BI
P 34 400 430 350 430 0 3 0
A 355 430 10 0 3 0 #=A10
L 345 430 10 0 8 0 1 0 IO_L37N_GCLK12_0_A10
A 405 430 10 0 2 0 PINTYPE=BI
P 35 400 440 350 440 0 3 0
A 355 440 10 0 3 0 #=G9
L 345 440 10 0 8 0 1 0 IO_L38P_0_G9
A 405 440 10 0 2 0 PINTYPE=BI
P 36 400 450 350 450 0 3 0
A 355 450 10 0 3 0 #=F9
L 345 450 10 0 8 0 1 0 IO_L38N_VREF_0_F9
A 405 450 10 0 2 0 PINTYPE=BI
P 37 400 460 350 460 0 3 0
A 355 460 10 0 3 0 #=B11
L 345 460 10 0 8 0 1 0 IO_L39P_0_B11
A 405 460 10 0 2 0 PINTYPE=BI
P 38 400 470 350 470 0 3 0
A 355 470 10 0 3 0 #=A11
L 345 470 10 0 8 0 1 0 IO_L39N_0_A11
A 405 470 10 0 2 0 PINTYPE=BI
P 39 400 480 350 480 0 3 0
A 355 480 10 0 3 0 #=G11
L 345 480 10 0 8 0 1 0 IO_L40P_0_G11
A 405 480 10 0 2 0 PINTYPE=BI
P 40 400 490 350 490 0 3 0
A 355 490 10 0 3 0 #=F10
L 345 490 10 0 8 0 1 0 IO_L40N_0_F10
A 405 490 10 0 2 0 PINTYPE=BI
P 41 400 500 350 500 0 3 0
A 355 500 10 0 3 0 #=B12
L 345 500 10 0 8 0 1 0 IO_L41P_0_B12
A 405 500 10 0 2 0 PINTYPE=BI
P 42 400 510 350 510 0 3 0
A 355 510 10 0 3 0 #=A12
L 345 510 10 0 8 0 1 0 IO_L41N_0_A12
A 405 510 10 0 2 0 PINTYPE=BI
P 43 400 520 350 520 0 3 0
A 355 520 10 0 3 0 #=F11
L 345 520 10 0 8 0 1 0 IO_L42P_0_F11
A 405 520 10 0 2 0 PINTYPE=BI
P 44 400 530 350 530 0 3 0
A 355 530 10 0 3 0 #=E11
L 345 530 10 0 8 0 1 0 IO_L42N_0_E11
A 405 530 10 0 2 0 PINTYPE=BI
P 45 400 540 350 540 0 3 0
A 355 540 10 0 3 0 #=D12
L 345 540 10 0 8 0 1 0 IO_L47P_0_D12
A 405 540 10 0 2 0 PINTYPE=BI
P 46 400 550 350 550 0 3 0
A 355 550 10 0 3 0 #=C12
L 345 550 10 0 8 0 1 0 IO_L47N_0_C12
A 405 550 10 0 2 0 PINTYPE=BI
P 47 400 560 350 560 0 3 0
A 355 560 10 0 3 0 #=C13
L 345 560 10 0 8 0 1 0 IO_L50P_0_C13
A 405 560 10 0 2 0 PINTYPE=BI
P 48 400 570 350 570 0 3 0
A 355 570 10 0 3 0 #=A13
L 345 570 10 0 8 0 1 0 IO_L50N_0_A13
A 405 570 10 0 2 0 PINTYPE=BI
P 49 400 580 350 580 0 3 0
A 355 580 10 0 3 0 #=F12
L 345 580 10 0 8 0 1 0 IO_L51P_0_F12
A 405 580 10 0 2 0 PINTYPE=BI
P 50 400 590 350 590 0 3 0
A 355 590 10 0 3 0 #=E12
L 345 590 10 0 8 0 1 0 IO_L51N_0_E12
A 405 590 10 0 2 0 PINTYPE=BI
P 51 400 600 350 600 0 3 0
A 355 600 10 0 3 0 #=B14
L 345 600 10 0 8 0 1 0 IO_L62P_0_B14
A 405 600 10 0 2 0 PINTYPE=BI
P 52 400 610 350 610 0 3 0
A 355 610 10 0 3 0 #=A14
L 345 610 10 0 8 0 1 0 IO_L62N_VREF_0_A14
A 405 610 10 0 2 0 PINTYPE=BI
P 53 400 620 350 620 0 3 0
A 355 620 10 0 3 0 #=F13
L 345 620 10 0 8 0 1 0 IO_L63P_SCP7_0_F13
A 405 620 10 0 2 0 PINTYPE=BI
P 54 400 630 350 630 0 3 0
A 355 630 10 0 3 0 #=E13
L 345 630 10 0 8 0 1 0 IO_L63N_SCP6_0_E13
A 405 630 10 0 2 0 PINTYPE=BI
P 55 400 640 350 640 0 3 0
A 355 640 10 0 3 0 #=C15
L 345 640 10 0 8 0 1 0 IO_L64P_SCP5_0_C15
A 405 640 10 0 2 0 PINTYPE=BI
P 56 400 650 350 650 0 3 0
A 355 650 10 0 3 0 #=A15
L 345 650 10 0 8 0 1 0 IO_L64N_SCP4_0_A15
A 405 650 10 0 2 0 PINTYPE=BI
P 57 400 660 350 660 0 3 0
A 355 660 10 0 3 0 #=D14
L 345 660 10 0 8 0 1 0 IO_L65P_SCP3_0_D14
A 405 660 10 0 2 0 PINTYPE=BI
P 58 400 670 350 670 0 3 0
A 355 670 10 0 3 0 #=C14
L 345 670 10 0 8 0 1 0 IO_L65N_SCP2_0_C14
A 405 670 10 0 2 0 PINTYPE=BI
P 59 400 680 350 680 0 3 0
A 355 680 10 0 3 0 #=B16
L 345 680 10 0 8 0 1 0 IO_L66P_SCP1_0_B16
A 405 680 10 0 2 0 PINTYPE=BI
P 60 400 690 350 690 0 3 0
A 355 690 10 0 3 0 #=A16
L 345 690 10 0 8 0 1 0 IO_L66N_SCP0_0_A16
A 405 690 10 0 2 0 PINTYPE=BI
P 61 0 100 50 100 0 2 0
A 45 100 10 0 9 0 #=B10
L 55 100 10 0 2 0 1 0 VCCO_0_B10
A 10 100 10 0 2 0 PINTYPE=BI
P 62 0 110 50 110 0 2 0
A 45 110 10 0 9 0 #=B15
L 55 110 10 0 2 0 1 0 VCCO_0_B15
A 10 110 10 0 2 0 PINTYPE=BI
P 63 0 120 50 120 0 2 0
A 45 120 10 0 9 0 #=B5
L 55 120 10 0 2 0 1 0 VCCO_0_B5
A 10 120 10 0 2 0 PINTYPE=BI
P 64 0 130 50 130 0 2 0
A 45 130 10 0 9 0 #=D13
L 55 130 10 0 2 0 1 0 VCCO_0_D13
A 10 130 10 0 2 0 PINTYPE=BI
P 65 0 140 50 140 0 2 0
A 45 140 10 0 9 0 #=D7
L 55 140 10 0 2 0 1 0 VCCO_0_D7
A 10 140 10 0 2 0 PINTYPE=BI
P 66 0 150 50 150 0 2 0
A 45 150 10 0 9 0 #=E10
L 55 150 10 0 2 0 1 0 VCCO_0_E10
A 10 150 10 0 2 0 PINTYPE=BI
T 220 710 20 0 5 6slx16csg324
T 220 730 20 0 5 BANK 0
c 70 810 10
U 50 840 10 0 3 3 DEVICE=XXXXXX
U 50 30 16 0 3 3 REFDES=U?
U 250 30 10 0 3 3 PKG_TYPE=XXXXXX
U 0 0 10 0 3 0 HETERO=6slx16csg324_0,6slx16csg324_DED,6slx16csg324_1,6slx16csg324_2,6slx16csg324_3,6slx16csg324_GND,6slx16csg324_VCCAUX,6slx16csg324_VCCINT
U 0 -10 10 0 3 0 PARTS=1
U 0 -20 10 0 3 0 LEVEL=STD
U 0 -30 10 0 3 0 DATE=2009_02_24
E
