V 50
K 153165148200 6slx16cp196
Y 1
D 0 0 550 480
Z 10
i 946
b 50 50 500 430
P 1 550 100 500 100 0 3 0
A 505 100 10 0 3 0 #=B2
L 495 100 10 0 8 0 1 0 IO_L1P_HSWAPEN_0_B2
A 555 100 10 0 2 0 PINTYPE=BI
P 2 550 110 500 110 0 3 0
A 505 110 10 0 3 0 #=A2
L 495 110 10 0 8 0 1 0 IO_L1N_VREF_0_A2
A 555 110 10 0 2 0 PINTYPE=BI
P 3 550 120 500 120 0 3 0
A 505 120 10 0 3 0 #=B3
L 495 120 10 0 8 0 1 0 IO_L2P_0_B3
A 555 120 10 0 2 0 PINTYPE=BI
P 4 550 130 500 130 0 3 0
A 505 130 10 0 3 0 #=A3
L 495 130 10 0 8 0 1 0 IO_L2N_0_A3
A 555 130 10 0 2 0 PINTYPE=BI
P 5 550 140 500 140 0 3 0
A 505 140 10 0 3 0 #=B4
L 495 140 10 0 8 0 1 0 IO_L3P_0_B4
A 555 140 10 0 2 0 PINTYPE=BI
P 6 550 150 500 150 0 3 0
A 505 150 10 0 3 0 #=A4
L 495 150 10 0 8 0 1 0 IO_L3N_0_A4
A 555 150 10 0 2 0 PINTYPE=BI
P 7 550 160 500 160 0 3 0
A 505 160 10 0 3 0 #=B5
L 495 160 10 0 8 0 1 0 IO_L4P_0_B5
A 555 160 10 0 2 0 PINTYPE=BI
P 8 550 170 500 170 0 3 0
A 505 170 10 0 3 0 #=A5
L 495 170 10 0 8 0 1 0 IO_L4N_0_A5
A 555 170 10 0 2 0 PINTYPE=BI
P 9 550 180 500 180 0 3 0
A 505 180 10 0 3 0 #=B6
L 495 180 10 0 8 0 1 0 IO_L34P_GCLK19_0_B6
A 555 180 10 0 2 0 PINTYPE=BI
P 10 550 190 500 190 0 3 0
A 505 190 10 0 3 0 #=A6
L 495 190 10 0 8 0 1 0 IO_L34N_GCLK18_0_A6
A 555 190 10 0 2 0 PINTYPE=BI
P 11 550 200 500 200 0 3 0
A 505 200 10 0 3 0 #=B7
L 495 200 10 0 8 0 1 0 IO_L35P_GCLK17_0_B7
A 555 200 10 0 2 0 PINTYPE=BI
P 12 550 210 500 210 0 3 0
A 505 210 10 0 3 0 #=A7
L 495 210 10 0 8 0 1 0 IO_L35N_GCLK16_0_A7
A 555 210 10 0 2 0 PINTYPE=BI
P 13 550 220 500 220 0 3 0
A 505 220 10 0 3 0 #=D8
L 495 220 10 0 8 0 1 0 IO_L36P_GCLK15_0_D8
A 555 220 10 0 2 0 PINTYPE=BI
P 14 550 230 500 230 0 3 0
A 505 230 10 0 3 0 #=C8
L 495 230 10 0 8 0 1 0 IO_L36N_GCLK14_0_C8
A 555 230 10 0 2 0 PINTYPE=BI
P 15 550 240 500 240 0 3 0
A 505 240 10 0 3 0 #=B8
L 495 240 10 0 8 0 1 0 IO_L37P_GCLK13_0_B8
A 555 240 10 0 2 0 PINTYPE=BI
P 16 550 250 500 250 0 3 0
A 505 250 10 0 3 0 #=A8
L 495 250 10 0 8 0 1 0 IO_L37N_GCLK12_0_A8
A 555 250 10 0 2 0 PINTYPE=BI
P 17 550 260 500 260 0 3 0
A 505 260 10 0 3 0 #=B9
L 495 260 10 0 8 0 1 0 IO_L62P_0_B9
A 555 260 10 0 2 0 PINTYPE=BI
P 18 550 270 500 270 0 3 0
A 505 270 10 0 3 0 #=A9
L 495 270 10 0 8 0 1 0 IO_L62N_VREF_0_A9
A 555 270 10 0 2 0 PINTYPE=BI
P 19 550 280 500 280 0 3 0
A 505 280 10 0 3 0 #=B10
L 495 280 10 0 8 0 1 0 IO_L63P_SCP7_0_B10
A 555 280 10 0 2 0 PINTYPE=BI
P 20 550 290 500 290 0 3 0
A 505 290 10 0 3 0 #=A10
L 495 290 10 0 8 0 1 0 IO_L63N_SCP6_0_A10
A 555 290 10 0 2 0 PINTYPE=BI
P 21 550 300 500 300 0 3 0
A 505 300 10 0 3 0 #=B11
L 495 300 10 0 8 0 1 0 IO_L64P_SCP5_0_B11
A 555 300 10 0 2 0 PINTYPE=BI
P 22 550 310 500 310 0 3 0
A 505 310 10 0 3 0 #=A11
L 495 310 10 0 8 0 1 0 IO_L64N_SCP4_0_A11
A 555 310 10 0 2 0 PINTYPE=BI
P 23 550 320 500 320 0 3 0
A 505 320 10 0 3 0 #=B12
L 495 320 10 0 8 0 1 0 IO_L65P_SCP3_0_B12
A 555 320 10 0 2 0 PINTYPE=BI
P 24 550 330 500 330 0 3 0
A 505 330 10 0 3 0 #=A12
L 495 330 10 0 8 0 1 0 IO_L65N_SCP2_0_A12
A 555 330 10 0 2 0 PINTYPE=BI
P 25 550 340 500 340 0 3 0
A 505 340 10 0 3 0 #=D11
L 495 340 10 0 8 0 1 0 IO_L66P_SCP1_0_D11
A 555 340 10 0 2 0 PINTYPE=BI
P 26 550 350 500 350 0 3 0
A 505 350 10 0 3 0 #=C11
L 495 350 10 0 8 0 1 0 IO_L66N_SCP0_0_C11
A 555 350 10 0 2 0 PINTYPE=BI
P 27 0 100 50 100 0 2 0
A 45 100 10 0 9 0 #=C10
L 55 100 10 0 2 0 1 0 VCCO_0_C10
A 10 100 10 0 2 0 PINTYPE=BI
P 28 0 110 50 110 0 2 0
A 45 110 10 0 9 0 #=C4
L 55 110 10 0 2 0 1 0 VCCO_0_C4
A 10 110 10 0 2 0 PINTYPE=BI
P 29 0 120 50 120 0 2 0
A 45 120 10 0 9 0 #=C5
L 55 120 10 0 2 0 1 0 VCCO_0_C5
A 10 120 10 0 2 0 PINTYPE=BI
P 30 0 130 50 130 0 2 0
A 45 130 10 0 9 0 #=C9
L 55 130 10 0 2 0 1 0 VCCO_0_C9
A 10 130 10 0 2 0 PINTYPE=BI
T 220 370 20 0 5 6slx16cp196
T 220 390 20 0 5 BANK 0
c 70 410 10
U 50 30 16 0 3 3 REFDES=U?
U 100 40 10 0 3 3 DEVICE=XXXXXXXX
U 0 450 10 0 3 0 HETERO=6slx16cp196_0,6slx16cp196_DED,6slx16cp196_1,6slx16cp196_2,6slx16cp196_3,6slx16cp196_GND,6slx16cp196_VCCINT,6slx16cp196_VCCAUX
U 100 30 10 0 3 3 PKG_TYPE=XXXXXXXX
U 0 430 10 0 3 0 PARTS=1
U 0 420 10 0 3 0 LEVEL=STD
U 100 20 10 0 3 3 VALUE=XXXXXXXX
U 0 280 10 0 3 0 DATE=2009_08_27
E
