V 50
K 153165148200 6vlx550tff1760
Y 1
D 0 0 400 670
Z 10
i 946
b 50 50 350 620
P 1 0 100 50 100 0 2 0
A 45 100 10 0 9 0 #=BA38
L 55 100 10 0 2 0 1 0 VCCO_23_BA38
A 10 100 10 0 2 0 PINTYPE=BI
P 2 0 110 50 110 0 2 0
A 45 110 10 0 9 0 #=AY41
L 55 110 10 0 2 0 1 0 VCCO_23_AY41
A 10 110 10 0 2 0 PINTYPE=BI
P 3 0 120 50 120 0 2 0
A 45 120 10 0 9 0 #=AV37
L 55 120 10 0 2 0 1 0 VCCO_23_AV37
A 10 120 10 0 2 0 PINTYPE=BI
P 4 0 130 50 130 0 2 0
A 45 130 10 0 9 0 #=AT33
L 55 130 10 0 2 0 1 0 VCCO_23_AT33
A 10 130 10 0 2 0 PINTYPE=BI
P 5 0 140 50 140 0 2 0
A 45 140 10 0 9 0 #=AN32
L 55 140 10 0 2 0 1 0 VCCO_23_AN32
A 10 140 10 0 2 0 PINTYPE=BI
P 6 400 100 350 100 0 3 0
A 355 100 10 0 3 0 #=AV35
L 345 100 10 0 8 0 1 0 IO_L19N_23_AV35
A 405 100 10 0 2 0 PINTYPE=BI
P 7 400 110 350 110 0 3 0
A 355 110 10 0 3 0 #=AW36
L 345 110 10 0 8 0 1 0 IO_L19P_23_AW36
A 405 110 10 0 2 0 PINTYPE=BI
P 8 400 120 350 120 0 3 0
A 355 120 10 0 3 0 #=AN31
L 345 120 10 0 8 0 1 0 IO_L18N_23_AN31
A 405 120 10 0 2 0 PINTYPE=BI
P 9 400 130 350 130 0 3 0
A 355 130 10 0 3 0 #=AN30
L 345 130 10 0 8 0 1 0 IO_L18P_23_AN30
A 405 130 10 0 2 0 PINTYPE=BI
P 10 400 140 350 140 0 3 0
A 355 140 10 0 3 0 #=AR34
L 345 140 10 0 8 0 1 0 IO_L17N_23_AR34
A 405 140 10 0 2 0 PINTYPE=BI
P 11 400 150 350 150 0 3 0
A 355 150 10 0 3 0 #=AT35
L 345 150 10 0 8 0 1 0 IO_L17P_23_AT35
A 405 150 10 0 2 0 PINTYPE=BI
P 12 400 160 350 160 0 3 0
A 355 160 10 0 3 0 #=AR32
L 345 160 10 0 8 0 1 0 IO_L16N_23_AR32
A 405 160 10 0 2 0 PINTYPE=BI
P 13 400 170 350 170 0 3 0
A 355 170 10 0 3 0 #=AP32
L 345 170 10 0 8 0 1 0 IO_L16P_23_AP32
A 405 170 10 0 2 0 PINTYPE=BI
P 14 400 180 350 180 0 3 0
A 355 180 10 0 3 0 #=AW37
L 345 180 10 0 8 0 1 0 IO_L15N_23_AW37
A 405 180 10 0 2 0 PINTYPE=BI
P 15 400 190 350 190 0 3 0
A 355 190 10 0 3 0 #=AV36
L 345 190 10 0 8 0 1 0 IO_L15P_23_AV36
A 405 190 10 0 2 0 PINTYPE=BI
P 16 400 200 350 200 0 3 0
A 355 200 10 0 3 0 #=AT34
L 345 200 10 0 8 0 1 0 IO_L14N_VREF_23_AT34
A 405 200 10 0 2 0 PINTYPE=BI
P 17 400 210 350 210 0 3 0
A 355 210 10 0 3 0 #=AR33
L 345 210 10 0 8 0 1 0 IO_L14P_23_AR33
A 405 210 10 0 2 0 PINTYPE=BI
P 18 400 220 350 220 0 3 0
A 355 220 10 0 3 0 #=AN33
L 345 220 10 0 8 0 1 0 IO_L13N_23_AN33
A 405 220 10 0 2 0 PINTYPE=BI
P 19 400 230 350 230 0 3 0
A 355 230 10 0 3 0 #=AP33
L 345 230 10 0 8 0 1 0 IO_L13P_23_AP33
A 405 230 10 0 2 0 PINTYPE=BI
P 20 400 240 350 240 0 3 0
A 355 240 10 0 3 0 #=BA36
L 345 240 10 0 8 0 1 0 IO_L12N_VRP_23_BA36
A 405 240 10 0 2 0 PINTYPE=BI
P 21 400 250 350 250 0 3 0
A 355 250 10 0 3 0 #=BB36
L 345 250 10 0 8 0 1 0 IO_L12P_VRN_23_BB36
A 405 250 10 0 2 0 PINTYPE=BI
P 22 400 260 350 260 0 3 0
A 355 260 10 0 3 0 #=BB39
L 345 260 10 0 8 0 1 0 IO_L11N_SRCC_23_BB39
A 405 260 10 0 2 0 PINTYPE=BI
P 23 400 270 350 270 0 3 0
A 355 270 10 0 3 0 #=BA40
L 345 270 10 0 8 0 1 0 IO_L11P_SRCC_23_BA40
A 405 270 10 0 2 0 PINTYPE=BI
P 24 400 280 350 280 0 3 0
A 355 280 10 0 3 0 #=AU37
L 345 280 10 0 8 0 1 0 IO_L10N_MRCC_23_AU37
A 405 280 10 0 2 0 PINTYPE=BI
P 25 400 290 350 290 0 3 0
A 355 290 10 0 3 0 #=AU36
L 345 290 10 0 8 0 1 0 IO_L10P_MRCC_23_AU36
A 405 290 10 0 2 0 PINTYPE=BI
P 26 400 300 350 300 0 3 0
A 355 300 10 0 3 0 #=AY39
L 345 300 10 0 8 0 1 0 IO_L9N_MRCC_23_AY39
A 405 300 10 0 2 0 PINTYPE=BI
P 27 400 310 350 310 0 3 0
A 355 310 10 0 3 0 #=BA39
L 345 310 10 0 8 0 1 0 IO_L9P_MRCC_23_BA39
A 405 310 10 0 2 0 PINTYPE=BI
P 28 400 320 350 320 0 3 0
A 355 320 10 0 3 0 #=BB38
L 345 320 10 0 8 0 1 0 IO_L8N_SRCC_23_BB38
A 405 320 10 0 2 0 PINTYPE=BI
P 29 400 330 350 330 0 3 0
A 355 330 10 0 3 0 #=BB37
L 345 330 10 0 8 0 1 0 IO_L8P_SRCC_23_BB37
A 405 330 10 0 2 0 PINTYPE=BI
P 30 400 340 350 340 0 3 0
A 355 340 10 0 3 0 #=BB41
L 345 340 10 0 8 0 1 0 IO_L7N_23_BB41
A 405 340 10 0 2 0 PINTYPE=BI
P 31 400 350 350 350 0 3 0
A 355 350 10 0 3 0 #=BA41
L 345 350 10 0 8 0 1 0 IO_L7P_23_BA41
A 405 350 10 0 2 0 PINTYPE=BI
P 32 400 360 350 360 0 3 0
A 355 360 10 0 3 0 #=AM32
L 345 360 10 0 8 0 1 0 IO_L6N_23_AM32
A 405 360 10 0 2 0 PINTYPE=BI
P 33 400 370 350 370 0 3 0
A 355 370 10 0 3 0 #=AM31
L 345 370 10 0 8 0 1 0 IO_L6P_23_AM31
A 405 370 10 0 2 0 PINTYPE=BI
P 34 400 380 350 380 0 3 0
A 355 380 10 0 3 0 #=AU38
L 345 380 10 0 8 0 1 0 IO_L5N_23_AU38
A 405 380 10 0 2 0 PINTYPE=BI
P 35 400 390 350 390 0 3 0
A 355 390 10 0 3 0 #=AV38
L 345 390 10 0 8 0 1 0 IO_L5P_23_AV38
A 405 390 10 0 2 0 PINTYPE=BI
P 36 400 400 350 400 0 3 0
A 355 400 10 0 3 0 #=AY37
L 345 400 10 0 8 0 1 0 IO_L4N_VREF_23_AY37
A 405 400 10 0 2 0 PINTYPE=BI
P 37 400 410 350 410 0 3 0
A 355 410 10 0 3 0 #=BA37
L 345 410 10 0 8 0 1 0 IO_L4P_23_BA37
A 405 410 10 0 2 0 PINTYPE=BI
P 38 400 420 350 420 0 3 0
A 355 420 10 0 3 0 #=AY42
L 345 420 10 0 8 0 1 0 IO_L3N_23_AY42
A 405 420 10 0 2 0 PINTYPE=BI
P 39 400 430 350 430 0 3 0
A 355 430 10 0 3 0 #=BA42
L 345 430 10 0 8 0 1 0 IO_L3P_23_BA42
A 405 430 10 0 2 0 PINTYPE=BI
P 40 400 440 350 440 0 3 0
A 355 440 10 0 3 0 #=AW38
L 345 440 10 0 8 0 1 0 IO_L2N_23_AW38
A 405 440 10 0 2 0 PINTYPE=BI
P 41 400 450 350 450 0 3 0
A 355 450 10 0 3 0 #=AY38
L 345 450 10 0 8 0 1 0 IO_L2P_23_AY38
A 405 450 10 0 2 0 PINTYPE=BI
P 42 400 460 350 460 0 3 0
A 355 460 10 0 3 0 #=AW40
L 345 460 10 0 8 0 1 0 IO_L1N_23_AW40
A 405 460 10 0 2 0 PINTYPE=BI
P 43 400 470 350 470 0 3 0
A 355 470 10 0 3 0 #=AY40
L 345 470 10 0 8 0 1 0 IO_L1P_23_AY40
A 405 470 10 0 2 0 PINTYPE=BI
P 44 400 480 350 480 0 3 0
A 355 480 10 0 3 0 #=AV39
L 345 480 10 0 8 0 1 0 IO_L0N_23_AV39
A 405 480 10 0 2 0 PINTYPE=BI
P 45 400 490 350 490 0 3 0
A 355 490 10 0 3 0 #=AU39
L 345 490 10 0 8 0 1 0 IO_L0P_23_AU39
A 405 490 10 0 2 0 PINTYPE=BI
T 220 510 20 0 5 6VLX550TFF1760
T 220 530 20 0 5 BANK 23
c 70 600 10
U 50 630 10 0 3 3 DEVICE=XXXXXX
U 50 30 16 0 3 3 REFDES=U?
U 250 30 10 0 3 3 PKG_TYPE=XXXXXX
U 0 0 10 0 3 0 HETERO=6vlx550tff1760_0,6vlx550tff1760_12,6vlx550tff1760_13,6vlx550tff1760_14,6vlx550tff1760_15,6vlx550tff1760_16,6vlx550tff1760_17,6vlx550tff1760_20,6vlx550tff1760_21,6vlx550tff1760_22,6vlx550tff1760_23,6vlx550tff1760_24,6vlx550tff1760_25,6vlx550tff1760_26,6vlx550tff1760_27,6vlx550tff1760_28,6vlx550tff1760_30,6vlx550tff1760_31,6vlx550tff1760_32,6vlx550tff1760_33,6vlx550tff1760_34,6vlx550tff1760_35,6vlx550tff1760_36,6vlx550tff1760_37,6vlx550tff1760_38,6vlx550tff1760_42,6vlx550tff1760_43,6vlx550tff1760_44,6vlx550tff1760_45,6vlx550tff1760_46,6vlx550tff1760_47,6vlx550tff1760_GND1,6vlx550tff1760_GND2,6vlx550tff1760_VCCAUX,6vlx550tff1760_VCCINT
U 0 -10 10 0 3 0 PARTS=1
U 0 -20 10 0 3 0 LEVEL=STD
U 0 -30 10 0 3 0 DATE=2009_01_06
E
