V 50
K 153165148200 6vlx550tff1760
Y 1
D 0 0 400 670
Z 10
i 946
b 50 50 350 620
P 1 0 100 50 100 0 2 0
A 45 100 10 0 9 0 #=AY11
L 55 100 10 0 2 0 1 0 VCCO_31_AY11
A 10 100 10 0 2 0 PINTYPE=BI
P 2 0 110 50 110 0 2 0
A 45 110 10 0 9 0 #=AW14
L 55 110 10 0 2 0 1 0 VCCO_31_AW14
A 10 110 10 0 2 0 PINTYPE=BI
P 3 0 120 50 120 0 2 0
A 45 120 10 0 9 0 #=AR16
L 55 120 10 0 2 0 1 0 VCCO_31_AR16
A 10 120 10 0 2 0 PINTYPE=BI
P 4 0 130 50 130 0 2 0
A 45 130 10 0 9 0 #=AP19
L 55 130 10 0 2 0 1 0 VCCO_31_AP19
A 10 130 10 0 2 0 PINTYPE=BI
P 5 0 140 50 140 0 2 0
A 45 140 10 0 9 0 #=AK21
L 55 140 10 0 2 0 1 0 VCCO_31_AK21
A 10 140 10 0 2 0 PINTYPE=BI
P 6 400 100 350 100 0 3 0
A 355 100 10 0 3 0 #=AV16
L 345 100 10 0 8 0 1 0 IO_L19N_31_AV16
A 405 100 10 0 2 0 PINTYPE=BI
P 7 400 110 350 110 0 3 0
A 355 110 10 0 3 0 #=AU17
L 345 110 10 0 8 0 1 0 IO_L19P_31_AU17
A 405 110 10 0 2 0 PINTYPE=BI
P 8 400 120 350 120 0 3 0
A 355 120 10 0 3 0 #=AL20
L 345 120 10 0 8 0 1 0 IO_L18N_31_AL20
A 405 120 10 0 2 0 PINTYPE=BI
P 9 400 130 350 130 0 3 0
A 355 130 10 0 3 0 #=AL21
L 345 130 10 0 8 0 1 0 IO_L18P_31_AL21
A 405 130 10 0 2 0 PINTYPE=BI
P 10 400 140 350 140 0 3 0
A 355 140 10 0 3 0 #=BB13
L 345 140 10 0 8 0 1 0 IO_L17N_31_BB13
A 405 140 10 0 2 0 PINTYPE=BI
P 11 400 150 350 150 0 3 0
A 355 150 10 0 3 0 #=BB12
L 345 150 10 0 8 0 1 0 IO_L17P_31_BB12
A 405 150 10 0 2 0 PINTYPE=BI
P 12 400 160 350 160 0 3 0
A 355 160 10 0 3 0 #=AM18
L 345 160 10 0 8 0 1 0 IO_L16N_31_AM18
A 405 160 10 0 2 0 PINTYPE=BI
P 13 400 170 350 170 0 3 0
A 355 170 10 0 3 0 #=AL19
L 345 170 10 0 8 0 1 0 IO_L16P_31_AL19
A 405 170 10 0 2 0 PINTYPE=BI
P 14 400 180 350 180 0 3 0
A 355 180 10 0 3 0 #=AW15
L 345 180 10 0 8 0 1 0 IO_L15N_31_AW15
A 405 180 10 0 2 0 PINTYPE=BI
P 15 400 190 350 190 0 3 0
A 355 190 10 0 3 0 #=AW16
L 345 190 10 0 8 0 1 0 IO_L15P_31_AW16
A 405 190 10 0 2 0 PINTYPE=BI
P 16 400 200 350 200 0 3 0
A 355 200 10 0 3 0 #=AT15
L 345 200 10 0 8 0 1 0 IO_L14N_VREF_31_AT15
A 405 200 10 0 2 0 PINTYPE=BI
P 17 400 210 350 210 0 3 0
A 355 210 10 0 3 0 #=AT16
L 345 210 10 0 8 0 1 0 IO_L14P_31_AT16
A 405 210 10 0 2 0 PINTYPE=BI
P 18 400 220 350 220 0 3 0
A 355 220 10 0 3 0 #=AY14
L 345 220 10 0 8 0 1 0 IO_L13N_31_AY14
A 405 220 10 0 2 0 PINTYPE=BI
P 19 400 230 350 230 0 3 0
A 355 230 10 0 3 0 #=AY15
L 345 230 10 0 8 0 1 0 IO_L13P_31_AY15
A 405 230 10 0 2 0 PINTYPE=BI
P 20 400 240 350 240 0 3 0
A 355 240 10 0 3 0 #=AW12
L 345 240 10 0 8 0 1 0 IO_L12N_VRP_31_AW12
A 405 240 10 0 2 0 PINTYPE=BI
P 21 400 250 350 250 0 3 0
A 355 250 10 0 3 0 #=AW13
L 345 250 10 0 8 0 1 0 IO_L12P_VRN_31_AW13
A 405 250 10 0 2 0 PINTYPE=BI
P 22 400 260 350 260 0 3 0
A 355 260 10 0 3 0 #=AY13
L 345 260 10 0 8 0 1 0 IO_L11N_SRCC_31_AY13
A 405 260 10 0 2 0 PINTYPE=BI
P 23 400 270 350 270 0 3 0
A 355 270 10 0 3 0 #=AY12
L 345 270 10 0 8 0 1 0 IO_L11P_SRCC_31_AY12
A 405 270 10 0 2 0 PINTYPE=BI
P 24 400 280 350 280 0 3 0
A 355 280 10 0 3 0 #=AJ21
L 345 280 10 0 8 0 1 0 IO_L10N_MRCC_31_AJ21
A 405 280 10 0 2 0 PINTYPE=BI
P 25 400 290 350 290 0 3 0
A 355 290 10 0 3 0 #=AK20
L 345 290 10 0 8 0 1 0 IO_L10P_MRCC_31_AK20
A 405 290 10 0 2 0 PINTYPE=BI
P 26 400 300 350 300 0 3 0
A 355 300 10 0 3 0 #=AR18
L 345 300 10 0 8 0 1 0 IO_L9N_MRCC_31_AR18
A 405 300 10 0 2 0 PINTYPE=BI
P 27 400 310 350 310 0 3 0
A 355 310 10 0 3 0 #=AT17
L 345 310 10 0 8 0 1 0 IO_L9P_MRCC_31_AT17
A 405 310 10 0 2 0 PINTYPE=BI
P 28 400 320 350 320 0 3 0
A 355 320 10 0 3 0 #=BB11
L 345 320 10 0 8 0 1 0 IO_L8N_SRCC_31_BB11
A 405 320 10 0 2 0 PINTYPE=BI
P 29 400 330 350 330 0 3 0
A 355 330 10 0 3 0 #=BA12
L 345 330 10 0 8 0 1 0 IO_L8P_SRCC_31_BA12
A 405 330 10 0 2 0 PINTYPE=BI
P 30 400 340 350 340 0 3 0
A 355 340 10 0 3 0 #=AR17
L 345 340 10 0 8 0 1 0 IO_L7N_31_AR17
A 405 340 10 0 2 0 PINTYPE=BI
P 31 400 350 350 350 0 3 0
A 355 350 10 0 3 0 #=AP17
L 345 350 10 0 8 0 1 0 IO_L7P_31_AP17
A 405 350 10 0 2 0 PINTYPE=BI
P 32 400 360 350 360 0 3 0
A 355 360 10 0 3 0 #=AK19
L 345 360 10 0 8 0 1 0 IO_L6N_31_AK19
A 405 360 10 0 2 0 PINTYPE=BI
P 33 400 370 350 370 0 3 0
A 355 370 10 0 3 0 #=AJ20
L 345 370 10 0 8 0 1 0 IO_L6P_31_AJ20
A 405 370 10 0 2 0 PINTYPE=BI
P 34 400 380 350 380 0 3 0
A 355 380 10 0 3 0 #=AV15
L 345 380 10 0 8 0 1 0 IO_L5N_31_AV15
A 405 380 10 0 2 0 PINTYPE=BI
P 35 400 390 350 390 0 3 0
A 355 390 10 0 3 0 #=AU16
L 345 390 10 0 8 0 1 0 IO_L5P_31_AU16
A 405 390 10 0 2 0 PINTYPE=BI
P 36 400 400 350 400 0 3 0
A 355 400 10 0 3 0 #=BA10
L 345 400 10 0 8 0 1 0 IO_L4N_VREF_31_BA10
A 405 400 10 0 2 0 PINTYPE=BI
P 37 400 410 350 410 0 3 0
A 355 410 10 0 3 0 #=BA11
L 345 410 10 0 8 0 1 0 IO_L4P_31_BA11
A 405 410 10 0 2 0 PINTYPE=BI
P 38 400 420 350 420 0 3 0
A 355 420 10 0 3 0 #=AM19
L 345 420 10 0 8 0 1 0 IO_L3N_31_AM19
A 405 420 10 0 2 0 PINTYPE=BI
P 39 400 430 350 430 0 3 0
A 355 430 10 0 3 0 #=AN19
L 345 430 10 0 8 0 1 0 IO_L3P_31_AN19
A 405 430 10 0 2 0 PINTYPE=BI
P 40 400 440 350 440 0 3 0
A 355 440 10 0 3 0 #=AY10
L 345 440 10 0 8 0 1 0 IO_L2N_31_AY10
A 405 440 10 0 2 0 PINTYPE=BI
P 41 400 450 350 450 0 3 0
A 355 450 10 0 3 0 #=AW11
L 345 450 10 0 8 0 1 0 IO_L2P_31_AW11
A 405 450 10 0 2 0 PINTYPE=BI
P 42 400 460 350 460 0 3 0
A 355 460 10 0 3 0 #=AN18
L 345 460 10 0 8 0 1 0 IO_L1N_31_AN18
A 405 460 10 0 2 0 PINTYPE=BI
P 43 400 470 350 470 0 3 0
A 355 470 10 0 3 0 #=AP18
L 345 470 10 0 8 0 1 0 IO_L1P_31_AP18
A 405 470 10 0 2 0 PINTYPE=BI
P 44 400 480 350 480 0 3 0
A 355 480 10 0 3 0 #=AV14
L 345 480 10 0 8 0 1 0 IO_L0N_31_AV14
A 405 480 10 0 2 0 PINTYPE=BI
P 45 400 490 350 490 0 3 0
A 355 490 10 0 3 0 #=AV13
L 345 490 10 0 8 0 1 0 IO_L0P_31_AV13
A 405 490 10 0 2 0 PINTYPE=BI
T 220 510 20 0 5 6VLX550TFF1760
T 220 530 20 0 5 BANK 31
c 70 600 10
U 50 630 10 0 3 3 DEVICE=XXXXXX
U 50 30 16 0 3 3 REFDES=U?
U 250 30 10 0 3 3 PKG_TYPE=XXXXXX
U 0 0 10 0 3 0 HETERO=6vlx550tff1760_0,6vlx550tff1760_12,6vlx550tff1760_13,6vlx550tff1760_14,6vlx550tff1760_15,6vlx550tff1760_16,6vlx550tff1760_17,6vlx550tff1760_20,6vlx550tff1760_21,6vlx550tff1760_22,6vlx550tff1760_23,6vlx550tff1760_24,6vlx550tff1760_25,6vlx550tff1760_26,6vlx550tff1760_27,6vlx550tff1760_28,6vlx550tff1760_30,6vlx550tff1760_31,6vlx550tff1760_32,6vlx550tff1760_33,6vlx550tff1760_34,6vlx550tff1760_35,6vlx550tff1760_36,6vlx550tff1760_37,6vlx550tff1760_38,6vlx550tff1760_42,6vlx550tff1760_43,6vlx550tff1760_44,6vlx550tff1760_45,6vlx550tff1760_46,6vlx550tff1760_47,6vlx550tff1760_GND1,6vlx550tff1760_GND2,6vlx550tff1760_VCCAUX,6vlx550tff1760_VCCINT
U 0 -10 10 0 3 0 PARTS=1
U 0 -20 10 0 3 0 LEVEL=STD
U 0 -30 10 0 3 0 DATE=2009_01_06
E
