V 50
K 153165148200 6vlx550tff1760
Y 1
D 0 0 400 430
Z 10
i 946
b 50 50 350 380
P 1 400 100 350 100 0 3 0
A 355 100 10 0 3 0 #=AA12
L 345 100 10 0 8 0 1 0 VCCAUX_AA12
A 405 100 10 0 2 0 PINTYPE=BI
P 2 400 110 350 110 0 3 0
A 355 110 10 0 3 0 #=AA30
L 345 110 10 0 8 0 1 0 VCCAUX_AA30
A 405 110 10 0 2 0 PINTYPE=BI
P 3 400 120 350 120 0 3 0
A 355 120 10 0 3 0 #=AB13
L 345 120 10 0 8 0 1 0 VCCAUX_AB13
A 405 120 10 0 2 0 PINTYPE=BI
P 4 400 130 350 130 0 3 0
A 355 130 10 0 3 0 #=AB29
L 345 130 10 0 8 0 1 0 VCCAUX_AB29
A 405 130 10 0 2 0 PINTYPE=BI
P 5 400 140 350 140 0 3 0
A 355 140 10 0 3 0 #=AB31
L 345 140 10 0 8 0 1 0 VCCAUX_AB31
A 405 140 10 0 2 0 PINTYPE=BI
P 6 400 150 350 150 0 3 0
A 355 150 10 0 3 0 #=AC12
L 345 150 10 0 8 0 1 0 VCCAUX_AC12
A 405 150 10 0 2 0 PINTYPE=BI
P 7 400 160 350 160 0 3 0
A 355 160 10 0 3 0 #=AC30
L 345 160 10 0 8 0 1 0 VCCAUX_AC30
A 405 160 10 0 2 0 PINTYPE=BI
P 8 400 170 350 170 0 3 0
A 355 170 10 0 3 0 #=AD13
L 345 170 10 0 8 0 1 0 VCCAUX_AD13
A 405 170 10 0 2 0 PINTYPE=BI
P 9 400 180 350 180 0 3 0
A 355 180 10 0 3 0 #=AD29
L 345 180 10 0 8 0 1 0 VCCAUX_AD29
A 405 180 10 0 2 0 PINTYPE=BI
P 10 400 190 350 190 0 3 0
A 355 190 10 0 3 0 #=AE30
L 345 190 10 0 8 0 1 0 VCCAUX_AE30
A 405 190 10 0 2 0 PINTYPE=BI
P 11 400 200 350 200 0 3 0
A 355 200 10 0 3 0 #=R12
L 345 200 10 0 8 0 1 0 VCCAUX_R12
A 405 200 10 0 2 0 PINTYPE=BI
P 12 400 210 350 210 0 3 0
A 355 210 10 0 3 0 #=T13
L 345 210 10 0 8 0 1 0 VCCAUX_T13
A 405 210 10 0 2 0 PINTYPE=BI
P 13 400 220 350 220 0 3 0
A 355 220 10 0 3 0 #=U12
L 345 220 10 0 8 0 1 0 VCCAUX_U12
A 405 220 10 0 2 0 PINTYPE=BI
P 14 400 230 350 230 0 3 0
A 355 230 10 0 3 0 #=U30
L 345 230 10 0 8 0 1 0 VCCAUX_U30
A 405 230 10 0 2 0 PINTYPE=BI
P 15 400 240 350 240 0 3 0
A 355 240 10 0 3 0 #=V13
L 345 240 10 0 8 0 1 0 VCCAUX_V13
A 405 240 10 0 2 0 PINTYPE=BI
P 16 400 250 350 250 0 3 0
A 355 250 10 0 3 0 #=V29
L 345 250 10 0 8 0 1 0 VCCAUX_V29
A 405 250 10 0 2 0 PINTYPE=BI
P 17 400 260 350 260 0 3 0
A 355 260 10 0 3 0 #=V31
L 345 260 10 0 8 0 1 0 VCCAUX_V31
A 405 260 10 0 2 0 PINTYPE=BI
P 18 400 270 350 270 0 3 0
A 355 270 10 0 3 0 #=W12
L 345 270 10 0 8 0 1 0 VCCAUX_W12
A 405 270 10 0 2 0 PINTYPE=BI
P 19 400 280 350 280 0 3 0
A 355 280 10 0 3 0 #=W30
L 345 280 10 0 8 0 1 0 VCCAUX_W30
A 405 280 10 0 2 0 PINTYPE=BI
P 20 400 290 350 290 0 3 0
A 355 290 10 0 3 0 #=Y13
L 345 290 10 0 8 0 1 0 VCCAUX_Y13
A 405 290 10 0 2 0 PINTYPE=BI
P 21 400 300 350 300 0 3 0
A 355 300 10 0 3 0 #=Y31
L 345 300 10 0 8 0 1 0 VCCAUX_Y31
A 405 300 10 0 2 0 PINTYPE=BI
T 220 320 20 0 5 6VLX550TFF1760
T 220 340 20 0 5 BANK VCCAUX
c 70 360 10
U 50 390 10 0 3 3 DEVICE=XXXXXX
U 50 30 16 0 3 3 REFDES=U?
U 250 30 10 0 3 3 PKG_TYPE=XXXXXX
U 0 0 10 0 3 0 HETERO=6vlx550tff1760_0,6vlx550tff1760_12,6vlx550tff1760_13,6vlx550tff1760_14,6vlx550tff1760_15,6vlx550tff1760_16,6vlx550tff1760_17,6vlx550tff1760_20,6vlx550tff1760_21,6vlx550tff1760_22,6vlx550tff1760_23,6vlx550tff1760_24,6vlx550tff1760_25,6vlx550tff1760_26,6vlx550tff1760_27,6vlx550tff1760_28,6vlx550tff1760_30,6vlx550tff1760_31,6vlx550tff1760_32,6vlx550tff1760_33,6vlx550tff1760_34,6vlx550tff1760_35,6vlx550tff1760_36,6vlx550tff1760_37,6vlx550tff1760_38,6vlx550tff1760_42,6vlx550tff1760_43,6vlx550tff1760_44,6vlx550tff1760_45,6vlx550tff1760_46,6vlx550tff1760_47,6vlx550tff1760_GND1,6vlx550tff1760_GND2,6vlx550tff1760_VCCAUX,6vlx550tff1760_VCCINT
U 0 -10 10 0 3 0 PARTS=1
U 0 -20 10 0 3 0 LEVEL=STD
U 0 -30 10 0 3 0 DATE=2009_01_06
E
