V 51
K 98403347190 74auc1g07
|R 18:43_11-6-10
Y 1
D 0 0 100 100
Z 10
i 30
U 0 -80 10 0 3 0 DIST_P/N=296-12464-1-ND
U 0 -70 10 0 3 0 DIST=DIGI-KEY
U 0 -10 10 0 3 0 MANF=TEXAS INSTRUMENTS
U 0 -60 10 0 3 0 NC=1
U 0 -50 10 0 3 0 MANF_P/N=SN74AUC1G07DCKR
U 0 -40 10 0 3 0 LEVEL=STD
U 0 -30 10 0 3 0 PARTS=1
U 5 0 16 0 3 3 REFDES=U?
U 70 5 10 0 3 3 PKG_TYPE=SC70-5
U -20 85 10 0 3 3 DEVICE=SN74AUC1G07
P 15 100 50 65 50 0 3 0
L 70 50 10 0 3 0 1 0 Y
A 65 60 10 0 2 0 PINTYPE=OUT
A 85 50 10 0 3 3 #=4
P 29 0 50 35 50 0 2 0
A -10 50 10 0 3 0 PINTYPE=IN
L 25 50 10 0 3 0 1 0 A
A 10 50 10 0 3 3 #=2
P 24 50 0 50 40 0 1 0
L 52 30 10 0 3 1 1 0 GND
A 50 40 10 3 1 0 PINTYPE=IN
A 53 20 10 0 1 3 #=3
P 25 50 100 50 60 0 0 0
L 52 60 10 0 3 0 1 0 VCC
A 59 80 10 2 1 3 #=5
A 50 60 10 1 1 0 PINTYPE=IN
l 2 65 50 35 70
Q 14 0 0
l 2 35 30 65 50
Q 14 0 0
l 2 35 30 35 70
Q 14 0 0
b 20 20 80 80
l 2 47 54 51 50
Q 14 0 0
l 2 43 50 47 46
Q 14 0 0
l 2 47 46 51 50
Q 14 0 0
l 2 43 50 47 54
Q 14 0 0
l 2 51 46 43 46
Q 14 0 0
E
