V 53
K 1464811473 74aup1g332.1
F Case
|R 14:04:33_6-1-16
D 0 100 120 0
Y 1
Z 10
i 7
U 0 -50 10 0 3 0 LEVEL=STD
U 0 -40 10 0 3 0 PARTS=1
U 20 0 16 0 3 3 REFDES=U?
U 80 5 10 0 3 3 PKG_TYPE=PKG_TYPE
U 50 85 10 0 9 3 DEVICE=DEVICE
U 20 0 10 0 1 0 MANF=MANF
U 0 0 10 0 1 0 MANF_P/N=MANF_P/N
U 0 0 10 0 1 0 FORWARD_PCB=1
T 60 20 10 0 6 GND
T 60 80 10 0 4 VCC
b 20 20 100 80
l 2 35 60 45 60 
l 2 85 50 75 50 
a 55 65 67 60 75 50
a 55 35 67 40 75 50
a 45 65 49 50 45 35
l 2 45 60 47 60 
l 2 35 50 49 50 
l 2 35 40 47 40 
l 2 45 65 55 65 
l 2 45 35 55 35 
T 50 50 10 0 2 OR
P 1 0 60 20 60 0 2 0
L 25 60 10 0 2 0 1 0 A
A 15 60 10 0 9 3 #=1
A 30 65 10 0 2 0 PINTYPE=IN
P 2 0 50 20 50 0 2 0
L 25 50 10 0 2 0 1 0 B
A 15 50 10 0 9 3 #=3
A 30 55 10 0 2 0 PINTYPE=IN
P 3 60 100 60 80 0 0 0
L 60 80 10 0 3 0 0 0 VCC
A 65 95 10 0 7 3 #=5
A 65 90 10 1 8 0 PINTYPE=IN
P 4 120 50 100 50 0 3 0
L 95 50 10 0 8 0 1 0 Y
A 105 50 10 0 3 3 #=4
A 100 60 10 0 2 0 PINTYPE=OUT
P 5 60 0 60 20 0 1 0
L 60 20 10 0 3 0 0 0 GND
A 65 5 10 0 9 3 #=2
A 65 20 10 1 2 0 PINTYPE=IN
P 6 0 40 20 40 0 2 0
L 25 40 10 0 2 0 1 0 C
A 15 40 10 0 9 3 #=6
A 30 45 10 0 2 0 PINTYPE=IN
E 
