V 51
K 389090243200 74lvc125a_alt
|R 20:17_6-26-13
Y 1
D 0 0 120 180
Z 10
i 22
U 0 -40 10 0 3 0 DIST=DIGIKEY
U 0 -30 10 0 3 0 MFG_P/N=SN74LVC125APWR
U 0 -10 10 0 3 0 MFG=TEXAS INSTRUMENTS
U 0 -20 10 0 3 0 LEVEL=STD
U 20 0 16 0 3 3 REFDES=U?
U 0 -50 10 0 3 0 DIST_P/N=296-1222-2-ND
U 0 -60 10 0 3 0 PARTS=1
U 55 10 10 0 3 3 PKG_TYPE=TSSOP_14
P 21 0 70 20 70 0 2 0
A 0 70 10 0 3 0 PINTYPE=IN
A 10 70 10 0 3 3 #=1
L 25 65 10 0 3 0 1 0 OE1_B
P 22 0 60 20 60 0 2 0
A 0 60 10 0 3 0 PINTYPE=IN
A 10 60 10 0 3 3 #=4
L 25 55 10 0 3 0 1 0 OE2_B
P 20 120 40 100 40 0 3 0
A 120 40 10 0 9 0 PINTYPE=OUT
A 110 40 10 0 9 3 #=7
L 80 35 10 0 3 0 1 0 GND
P 19 120 140 100 140 0 3 0
A 120 140 10 0 9 0 PINTYPE=OUT
A 115 140 10 0 9 3 #=14
L 80 135 10 0 3 0 1 0 VCC
P 18 0 50 20 50 0 2 0
A 0 50 10 0 3 0 PINTYPE=IN
A 5 50 10 0 3 3 #=10
L 25 45 10 0 3 0 1 0 OE3_B
P 17 0 40 20 40 0 2 0
A 0 40 10 0 3 0 PINTYPE=IN
A 5 40 10 0 3 3 #=13
L 25 35 10 0 3 0 1 0 OE4_B
P 13 120 90 100 90 0 3 0
A 120 90 10 0 9 0 PINTYPE=OUT
A 115 90 10 0 9 3 #=11
L 85 85 10 0 3 0 1 0 Y4
P 12 120 100 100 100 0 3 0
A 120 100 10 0 9 0 PINTYPE=OUT
A 110 100 10 0 9 3 #=8
L 85 95 10 0 3 0 1 0 Y3
P 11 120 110 100 110 0 3 0
A 120 110 10 0 9 0 PINTYPE=OUT
A 110 110 10 0 9 3 #=6
L 85 105 10 0 3 0 1 0 Y2
P 5 0 90 20 90 0 2 0
A 0 90 10 0 3 0 PINTYPE=IN
A 5 90 10 0 3 3 #=12
L 25 85 10 0 3 0 1 0 A4
P 4 0 100 20 100 0 2 0
A 0 100 10 0 3 0 PINTYPE=IN
A 10 100 10 0 3 3 #=9
L 25 95 10 0 3 0 1 0 A3
P 3 0 110 20 110 0 2 0
A 0 110 10 0 3 0 PINTYPE=IN
A 10 110 10 0 3 3 #=5
L 25 105 10 0 3 0 1 0 A2
P 1 0 120 20 120 0 2 0
A 0 120 10 0 3 0 PINTYPE=IN
A 10 120 10 0 3 3 #=2
L 25 115 10 0 3 0 1 0 A1
P 10 120 120 100 120 0 3 0
A 120 120 10 0 9 0 PINTYPE=OUT
A 110 120 10 0 9 3 #=3
L 85 115 10 0 3 0 1 0 Y1
b 20 20 100 160
U 25 160 10 0 3 3 DEVICE=SN74LVC125A
E
