V 51
K 75707579290 74lvc125a
|R 21:24_9-10-11
Y 1
D 0 0 100 250
Z 10
i 22
U 0 -60 10 0 3 0 PARTS=1
U 0 -50 10 0 3 0 LEVEL=STD
U 0 -40 10 0 3 0 MANF_P/N=74LVC125APW
U 0 -30 10 0 3 0 MANF=PHILIPS
U 0 -10 10 0 3 0 DIST=DIGI-KEY
U 0 -20 10 0 3 0 DIST_P?N=568-2288-1-ND
U 20 0 16 0 3 3 REFDES=U?
l 2 57 142 57 130
c 57 144 2
l 2 50 142 63 150
l 2 63 150 50 158
l 2 50 142 50 158
l 2 57 182 57 170
c 57 184 2
l 2 50 182 63 190
l 2 63 190 50 198
l 2 50 182 50 198
c 57 104 2
l 2 50 102 63 110
l 2 63 110 50 118
l 2 57 62 57 50
c 57 64 2
l 2 50 62 63 70
l 2 63 70 50 78
l 2 50 62 50 78
U 15 235 10 0 3 3 DEVICE=74LVC125A
l 2 57 102 57 90
P 22 100 210 85 210 0 3 0
L 64 205 10 0 3 0 1 0 VCC
A 105 210 10 0 9 0 PINTYPE=IN
A 99 210 10 0 9 3 #=14
P 21 100 40 85 40 0 3 0
A 105 40 10 0 9 0 PINTYPE=IN
L 63 35 10 0 3 0 1 0 GND
A 94 40 10 0 9 3 #=7
U 55 5 10 0 3 3 PKG_TYPE=TSSOP_14
P 6 100 70 63 70 0 3 0
A 99 70 10 0 9 3 #=11
A 118 70 10 0 9 0 PINTYPE=OUT
L 69 70 10 0 3 0 1 0 4Y
P 15 100 110 63 110 0 3 0
A 94 110 10 0 9 3 #=8
A 118 110 10 0 9 0 PINTYPE=OUT
L 69 110 10 0 3 0 1 0 3Y
P 16 100 150 63 150 0 3 0
A 94 150 10 0 9 3 #=6
A 118 150 10 0 9 0 PINTYPE=OUT
L 70 150 10 0 3 0 1 0 2Y
P 17 100 190 63 190 0 3 0
A 94 190 10 0 9 3 #=3
A 118 190 10 0 9 0 PINTYPE=OUT
L 70 190 10 0 3 0 1 0 1Y
l 2 50 102 50 118
P 18 0 90 57 90 0 2 0
L 26 90 10 0 3 0 1 0 3OE_B
A 5 90 10 0 3 3 #=10
A -13 90 10 0 3 0 PINTYPE=IN
P 4 0 70 50 70 0 2 0
A -5 70 10 0 3 0 PINTYPE=IN
A 5 70 10 0 3 3 #=12
L 25 70 10 0 3 0 1 0 4A
P 8 0 50 57 50 0 2 0
L 26 50 10 0 3 0 1 0 4OE_B
A 5 50 10 0 3 3 #=13
A -13 50 10 0 3 0 PINTYPE=IN
P 13 0 150 50 150 0 2 0
A -5 150 10 0 3 0 PINTYPE=IN
A 10 150 10 0 3 3 #=5
L 25 150 10 0 3 0 1 0 2A
P 20 0 170 57 170 0 2 0
L 26 170 10 0 3 0 1 0 1OE_B
A 10 170 10 0 3 3 #=1
A -13 170 10 0 3 0 PINTYPE=IN
P 14 0 190 50 190 0 2 0
A -5 190 10 0 3 0 PINTYPE=IN
A 10 190 10 0 3 3 #=2
L 25 190 10 0 3 0 1 0 1A
P 12 0 110 50 110 0 2 0
A -5 110 10 0 3 0 PINTYPE=IN
A 10 110 10 0 3 3 #=9
L 25 110 10 0 3 0 1 0 3A
P 19 0 130 57 130 0 2 0
L 26 130 10 0 3 0 1 0 2OE_B
A 10 130 10 0 3 3 #=4
A -13 130 10 0 3 0 PINTYPE=IN
b 20 20 85 230
E
