V 50
K 153165148200 7v2000tfhg1761
Y 1
D 0 0 400 1280
Z 10
i 946
b 50 50 350 1230
P 1 400 100 350 100 0 3 0
A 355 100 10 0 3 3 #=A2
L 345 100 10 0 8 0 1 0 GND_A2
A 405 100 10 0 2 0 PINTYPE=BI
P 2 400 110 350 110 0 3 0
A 355 110 10 0 3 3 #=A3
L 345 110 10 0 8 0 1 0 GND_A3
A 405 110 10 0 2 0 PINTYPE=BI
P 3 400 120 350 120 0 3 0
A 355 120 10 0 3 3 #=A4
L 345 120 10 0 8 0 1 0 GND_A4
A 405 120 10 0 2 0 PINTYPE=BI
P 4 400 130 350 130 0 3 0
A 355 130 10 0 3 3 #=A7
L 345 130 10 0 8 0 1 0 GND_A7
A 405 130 10 0 2 0 PINTYPE=BI
P 5 400 140 350 140 0 3 0
A 355 140 10 0 3 3 #=A8
L 345 140 10 0 8 0 1 0 GND_A8
A 405 140 10 0 2 0 PINTYPE=BI
P 6 400 150 350 150 0 3 0
A 355 150 10 0 3 3 #=A11
L 345 150 10 0 8 0 1 0 GND_A11
A 405 150 10 0 2 0 PINTYPE=BI
P 7 400 160 350 160 0 3 0
A 355 160 10 0 3 3 #=A13
L 345 160 10 0 8 0 1 0 GND_A13
A 405 160 10 0 2 0 PINTYPE=BI
P 8 400 170 350 170 0 3 0
A 355 170 10 0 3 3 #=A18
L 345 170 10 0 8 0 1 0 GND_A18
A 405 170 10 0 2 0 PINTYPE=BI
P 9 400 180 350 180 0 3 0
A 355 180 10 0 3 3 #=A28
L 345 180 10 0 8 0 1 0 GND_A28
A 405 180 10 0 2 0 PINTYPE=BI
P 10 400 190 350 190 0 3 0
A 355 190 10 0 3 3 #=A38
L 345 190 10 0 8 0 1 0 GND_A38
A 405 190 10 0 2 0 PINTYPE=BI
P 11 400 200 350 200 0 3 0
A 355 200 10 0 3 3 #=AA3
L 345 200 10 0 8 0 1 0 GND_AA3
A 405 200 10 0 2 0 PINTYPE=BI
P 12 400 210 350 210 0 3 0
A 355 210 10 0 3 3 #=AA7
L 345 210 10 0 8 0 1 0 GND_AA7
A 405 210 10 0 2 0 PINTYPE=BI
P 13 400 220 350 220 0 3 0
A 355 220 10 0 3 3 #=AA9
L 345 220 10 0 8 0 1 0 GND_AA9
A 405 220 10 0 2 0 PINTYPE=BI
P 14 400 230 350 230 0 3 0
A 355 230 10 0 3 3 #=AA11
L 345 230 10 0 8 0 1 0 GND_AA11
A 405 230 10 0 2 0 PINTYPE=BI
P 15 400 240 350 240 0 3 0
A 355 240 10 0 3 3 #=AA13
L 345 240 10 0 8 0 1 0 GND_AA13
A 405 240 10 0 2 0 PINTYPE=BI
P 16 400 250 350 250 0 3 0
A 355 250 10 0 3 3 #=AA15
L 345 250 10 0 8 0 1 0 GND_AA15
A 405 250 10 0 2 0 PINTYPE=BI
P 17 400 260 350 260 0 3 0
A 355 260 10 0 3 3 #=AA17
L 345 260 10 0 8 0 1 0 GND_AA17
A 405 260 10 0 2 0 PINTYPE=BI
P 18 400 270 350 270 0 3 0
A 355 270 10 0 3 3 #=AA19
L 345 270 10 0 8 0 1 0 GND_AA19
A 405 270 10 0 2 0 PINTYPE=BI
P 19 400 280 350 280 0 3 0
A 355 280 10 0 3 3 #=AA23
L 345 280 10 0 8 0 1 0 GND_AA23
A 405 280 10 0 2 0 PINTYPE=BI
P 20 400 290 350 290 0 3 0
A 355 290 10 0 3 3 #=AA25
L 345 290 10 0 8 0 1 0 GND_AA25
A 405 290 10 0 2 0 PINTYPE=BI
P 21 400 300 350 300 0 3 0
A 355 300 10 0 3 3 #=AA27
L 345 300 10 0 8 0 1 0 GND_AA27
A 405 300 10 0 2 0 PINTYPE=BI
P 22 400 310 350 310 0 3 0
A 355 310 10 0 3 3 #=AA38
L 345 310 10 0 8 0 1 0 GND_AA38
A 405 310 10 0 2 0 PINTYPE=BI
P 23 400 320 350 320 0 3 0
A 355 320 10 0 3 3 #=AB1
L 345 320 10 0 8 0 1 0 GND_AB1
A 405 320 10 0 2 0 PINTYPE=BI
P 24 400 330 350 330 0 3 0
A 355 330 10 0 3 3 #=AB2
L 345 330 10 0 8 0 1 0 GND_AB2
A 405 330 10 0 2 0 PINTYPE=BI
P 25 400 340 350 340 0 3 0
A 355 340 10 0 3 3 #=AB5
L 345 340 10 0 8 0 1 0 GND_AB5
A 405 340 10 0 2 0 PINTYPE=BI
P 26 400 350 350 350 0 3 0
A 355 350 10 0 3 3 #=AB6
L 345 350 10 0 8 0 1 0 GND_AB6
A 405 350 10 0 2 0 PINTYPE=BI
P 27 400 360 350 360 0 3 0
A 355 360 10 0 3 3 #=AB9
L 345 360 10 0 8 0 1 0 GND_AB9
A 405 360 10 0 2 0 PINTYPE=BI
P 28 400 370 350 370 0 3 0
A 355 370 10 0 3 3 #=AB10
L 345 370 10 0 8 0 1 0 GND_AB10
A 405 370 10 0 2 0 PINTYPE=BI
P 29 400 380 350 380 0 3 0
A 355 380 10 0 3 3 #=AB12
L 345 380 10 0 8 0 1 0 GND_AB12
A 405 380 10 0 2 0 PINTYPE=BI
P 30 400 390 350 390 0 3 0
A 355 390 10 0 3 3 #=AB14
L 345 390 10 0 8 0 1 0 GND_AB14
A 405 390 10 0 2 0 PINTYPE=BI
P 31 400 400 350 400 0 3 0
A 355 400 10 0 3 3 #=AB16
L 345 400 10 0 8 0 1 0 GND_AB16
A 405 400 10 0 2 0 PINTYPE=BI
P 32 400 410 350 410 0 3 0
A 355 410 10 0 3 3 #=AB18
L 345 410 10 0 8 0 1 0 GND_AB18
A 405 410 10 0 2 0 PINTYPE=BI
P 33 400 420 350 420 0 3 0
A 355 420 10 0 3 3 #=AB22
L 345 420 10 0 8 0 1 0 GND_AB22
A 405 420 10 0 2 0 PINTYPE=BI
P 34 400 430 350 430 0 3 0
A 355 430 10 0 3 3 #=AB24
L 345 430 10 0 8 0 1 0 GND_AB24
A 405 430 10 0 2 0 PINTYPE=BI
P 35 400 440 350 440 0 3 0
A 355 440 10 0 3 3 #=AB26
L 345 440 10 0 8 0 1 0 GND_AB26
A 405 440 10 0 2 0 PINTYPE=BI
P 36 400 450 350 450 0 3 0
A 355 450 10 0 3 3 #=AB28
L 345 450 10 0 8 0 1 0 GND_AB28
A 405 450 10 0 2 0 PINTYPE=BI
P 37 400 460 350 460 0 3 0
A 355 460 10 0 3 3 #=AB35
L 345 460 10 0 8 0 1 0 GND_AB35
A 405 460 10 0 2 0 PINTYPE=BI
P 38 400 470 350 470 0 3 0
A 355 470 10 0 3 3 #=AC3
L 345 470 10 0 8 0 1 0 GND_AC3
A 405 470 10 0 2 0 PINTYPE=BI
P 39 400 480 350 480 0 3 0
A 355 480 10 0 3 3 #=AC7
L 345 480 10 0 8 0 1 0 GND_AC7
A 405 480 10 0 2 0 PINTYPE=BI
P 40 400 490 350 490 0 3 0
A 355 490 10 0 3 3 #=AC11
L 345 490 10 0 8 0 1 0 GND_AC11
A 405 490 10 0 2 0 PINTYPE=BI
P 41 400 500 350 500 0 3 0
A 355 500 10 0 3 3 #=AC13
L 345 500 10 0 8 0 1 0 GND_AC13
A 405 500 10 0 2 0 PINTYPE=BI
P 42 400 510 350 510 0 3 0
A 355 510 10 0 3 3 #=AC15
L 345 510 10 0 8 0 1 0 GND_AC15
A 405 510 10 0 2 0 PINTYPE=BI
P 43 400 520 350 520 0 3 0
A 355 520 10 0 3 3 #=AC17
L 345 520 10 0 8 0 1 0 GND_AC17
A 405 520 10 0 2 0 PINTYPE=BI
P 44 400 530 350 530 0 3 0
A 355 530 10 0 3 3 #=AC19
L 345 530 10 0 8 0 1 0 GND_AC19
A 405 530 10 0 2 0 PINTYPE=BI
P 45 400 540 350 540 0 3 0
A 355 540 10 0 3 3 #=AC23
L 345 540 10 0 8 0 1 0 GND_AC23
A 405 540 10 0 2 0 PINTYPE=BI
P 46 400 550 350 550 0 3 0
A 355 550 10 0 3 3 #=AC25
L 345 550 10 0 8 0 1 0 GND_AC25
A 405 550 10 0 2 0 PINTYPE=BI
P 47 400 560 350 560 0 3 0
A 355 560 10 0 3 3 #=AC27
L 345 560 10 0 8 0 1 0 GND_AC27
A 405 560 10 0 2 0 PINTYPE=BI
P 48 400 570 350 570 0 3 0
A 355 570 10 0 3 3 #=AC32
L 345 570 10 0 8 0 1 0 GND_AC32
A 405 570 10 0 2 0 PINTYPE=BI
P 49 400 580 350 580 0 3 0
A 355 580 10 0 3 3 #=AC42
L 345 580 10 0 8 0 1 0 GND_AC42
A 405 580 10 0 2 0 PINTYPE=BI
P 50 400 590 350 590 0 3 0
A 355 590 10 0 3 3 #=AD1
L 345 590 10 0 8 0 1 0 GND_AD1
A 405 590 10 0 2 0 PINTYPE=BI
P 51 400 600 350 600 0 3 0
A 355 600 10 0 3 3 #=AD2
L 345 600 10 0 8 0 1 0 GND_AD2
A 405 600 10 0 2 0 PINTYPE=BI
P 52 400 610 350 610 0 3 0
A 355 610 10 0 3 3 #=AD5
L 345 610 10 0 8 0 1 0 GND_AD5
A 405 610 10 0 2 0 PINTYPE=BI
P 53 400 620 350 620 0 3 0
A 355 620 10 0 3 3 #=AD6
L 345 620 10 0 8 0 1 0 GND_AD6
A 405 620 10 0 2 0 PINTYPE=BI
P 54 400 630 350 630 0 3 0
A 355 630 10 0 3 3 #=AD9
L 345 630 10 0 8 0 1 0 GND_AD9
A 405 630 10 0 2 0 PINTYPE=BI
P 55 400 640 350 640 0 3 0
A 355 640 10 0 3 3 #=AD10
L 345 640 10 0 8 0 1 0 GND_AD10
A 405 640 10 0 2 0 PINTYPE=BI
P 56 400 650 350 650 0 3 0
A 355 650 10 0 3 3 #=AD12
L 345 650 10 0 8 0 1 0 GND_AD12
A 405 650 10 0 2 0 PINTYPE=BI
P 57 400 660 350 660 0 3 0
A 355 660 10 0 3 3 #=AD14
L 345 660 10 0 8 0 1 0 GND_AD14
A 405 660 10 0 2 0 PINTYPE=BI
P 58 400 670 350 670 0 3 0
A 355 670 10 0 3 3 #=AD16
L 345 670 10 0 8 0 1 0 GND_AD16
A 405 670 10 0 2 0 PINTYPE=BI
P 59 400 680 350 680 0 3 0
A 355 680 10 0 3 3 #=AD18
L 345 680 10 0 8 0 1 0 GND_AD18
A 405 680 10 0 2 0 PINTYPE=BI
P 60 400 690 350 690 0 3 0
A 355 690 10 0 3 3 #=AD20
L 345 690 10 0 8 0 1 0 GND_AD20
A 405 690 10 0 2 0 PINTYPE=BI
P 61 400 700 350 700 0 3 0
A 355 700 10 0 3 3 #=AD22
L 345 700 10 0 8 0 1 0 GND_AD22
A 405 700 10 0 2 0 PINTYPE=BI
P 62 400 710 350 710 0 3 0
A 355 710 10 0 3 3 #=AD24
L 345 710 10 0 8 0 1 0 GND_AD24
A 405 710 10 0 2 0 PINTYPE=BI
P 63 400 720 350 720 0 3 0
A 355 720 10 0 3 3 #=AD26
L 345 720 10 0 8 0 1 0 GND_AD26
A 405 720 10 0 2 0 PINTYPE=BI
P 64 400 730 350 730 0 3 0
A 355 730 10 0 3 3 #=AD28
L 345 730 10 0 8 0 1 0 GND_AD28
A 405 730 10 0 2 0 PINTYPE=BI
P 65 400 740 350 740 0 3 0
A 355 740 10 0 3 3 #=AD29
L 345 740 10 0 8 0 1 0 GND_AD29
A 405 740 10 0 2 0 PINTYPE=BI
P 66 400 750 350 750 0 3 0
A 355 750 10 0 3 3 #=AD39
L 345 750 10 0 8 0 1 0 GND_AD39
A 405 750 10 0 2 0 PINTYPE=BI
P 67 400 760 350 760 0 3 0
A 355 760 10 0 3 3 #=AE3
L 345 760 10 0 8 0 1 0 GND_AE3
A 405 760 10 0 2 0 PINTYPE=BI
P 68 400 770 350 770 0 3 0
A 355 770 10 0 3 3 #=AE7
L 345 770 10 0 8 0 1 0 GND_AE7
A 405 770 10 0 2 0 PINTYPE=BI
P 69 400 780 350 780 0 3 0
A 355 780 10 0 3 3 #=AE9
L 345 780 10 0 8 0 1 0 GND_AE9
A 405 780 10 0 2 0 PINTYPE=BI
P 70 400 790 350 790 0 3 0
A 355 790 10 0 3 3 #=AE11
L 345 790 10 0 8 0 1 0 GND_AE11
A 405 790 10 0 2 0 PINTYPE=BI
P 71 400 800 350 800 0 3 0
A 355 800 10 0 3 3 #=AE13
L 345 800 10 0 8 0 1 0 GND_AE13
A 405 800 10 0 2 0 PINTYPE=BI
P 72 400 810 350 810 0 3 0
A 355 810 10 0 3 3 #=AE15
L 345 810 10 0 8 0 1 0 GND_AE15
A 405 810 10 0 2 0 PINTYPE=BI
P 73 400 820 350 820 0 3 0
A 355 820 10 0 3 3 #=AE17
L 345 820 10 0 8 0 1 0 GND_AE17
A 405 820 10 0 2 0 PINTYPE=BI
P 74 400 830 350 830 0 3 0
A 355 830 10 0 3 3 #=AE19
L 345 830 10 0 8 0 1 0 GND_AE19
A 405 830 10 0 2 0 PINTYPE=BI
P 75 400 840 350 840 0 3 0
A 355 840 10 0 3 3 #=AE21
L 345 840 10 0 8 0 1 0 GND_AE21
A 405 840 10 0 2 0 PINTYPE=BI
P 76 400 850 350 850 0 3 0
A 355 850 10 0 3 3 #=AE23
L 345 850 10 0 8 0 1 0 GND_AE23
A 405 850 10 0 2 0 PINTYPE=BI
P 77 400 860 350 860 0 3 0
A 355 860 10 0 3 3 #=AE25
L 345 860 10 0 8 0 1 0 GND_AE25
A 405 860 10 0 2 0 PINTYPE=BI
P 78 400 870 350 870 0 3 0
A 355 870 10 0 3 3 #=AE27
L 345 870 10 0 8 0 1 0 GND_AE27
A 405 870 10 0 2 0 PINTYPE=BI
P 79 400 880 350 880 0 3 0
A 355 880 10 0 3 3 #=AE36
L 345 880 10 0 8 0 1 0 GND_AE36
A 405 880 10 0 2 0 PINTYPE=BI
P 80 400 890 350 890 0 3 0
A 355 890 10 0 3 3 #=AF1
L 345 890 10 0 8 0 1 0 GND_AF1
A 405 890 10 0 2 0 PINTYPE=BI
P 81 400 900 350 900 0 3 0
A 355 900 10 0 3 3 #=AF2
L 345 900 10 0 8 0 1 0 GND_AF2
A 405 900 10 0 2 0 PINTYPE=BI
P 82 400 910 350 910 0 3 0
A 355 910 10 0 3 3 #=AF5
L 345 910 10 0 8 0 1 0 GND_AF5
A 405 910 10 0 2 0 PINTYPE=BI
P 83 400 920 350 920 0 3 0
A 355 920 10 0 3 3 #=AF6
L 345 920 10 0 8 0 1 0 GND_AF6
A 405 920 10 0 2 0 PINTYPE=BI
P 84 400 930 350 930 0 3 0
A 355 930 10 0 3 3 #=AF9
L 345 930 10 0 8 0 1 0 GND_AF9
A 405 930 10 0 2 0 PINTYPE=BI
P 85 400 940 350 940 0 3 0
A 355 940 10 0 3 3 #=AF10
L 345 940 10 0 8 0 1 0 GND_AF10
A 405 940 10 0 2 0 PINTYPE=BI
P 86 400 950 350 950 0 3 0
A 355 950 10 0 3 3 #=AF12
L 345 950 10 0 8 0 1 0 GND_AF12
A 405 950 10 0 2 0 PINTYPE=BI
P 87 400 960 350 960 0 3 0
A 355 960 10 0 3 3 #=AF14
L 345 960 10 0 8 0 1 0 GND_AF14
A 405 960 10 0 2 0 PINTYPE=BI
P 88 400 970 350 970 0 3 0
A 355 970 10 0 3 3 #=AF16
L 345 970 10 0 8 0 1 0 GND_AF16
A 405 970 10 0 2 0 PINTYPE=BI
P 89 400 980 350 980 0 3 0
A 355 980 10 0 3 3 #=AF18
L 345 980 10 0 8 0 1 0 GND_AF18
A 405 980 10 0 2 0 PINTYPE=BI
P 90 400 990 350 990 0 3 0
A 355 990 10 0 3 3 #=AF20
L 345 990 10 0 8 0 1 0 GND_AF20
A 405 990 10 0 2 0 PINTYPE=BI
P 91 400 1000 350 1000 0 3 0
A 355 1000 10 0 3 3 #=AF22
L 345 1000 10 0 8 0 1 0 GND_AF22
A 405 1000 10 0 2 0 PINTYPE=BI
P 92 400 1010 350 1010 0 3 0
A 355 1010 10 0 3 3 #=AF24
L 345 1010 10 0 8 0 1 0 GND_AF24
A 405 1010 10 0 2 0 PINTYPE=BI
P 93 400 1020 350 1020 0 3 0
A 355 1020 10 0 3 3 #=AF26
L 345 1020 10 0 8 0 1 0 GND_AF26
A 405 1020 10 0 2 0 PINTYPE=BI
P 94 400 1030 350 1030 0 3 0
A 355 1030 10 0 3 3 #=AF33
L 345 1030 10 0 8 0 1 0 GND_AF33
A 405 1030 10 0 2 0 PINTYPE=BI
P 95 400 1040 350 1040 0 3 0
A 355 1040 10 0 3 3 #=AG3
L 345 1040 10 0 8 0 1 0 GND_AG3
A 405 1040 10 0 2 0 PINTYPE=BI
P 96 400 1050 350 1050 0 3 0
A 355 1050 10 0 3 3 #=AG4
L 345 1050 10 0 8 0 1 0 GND_AG4
A 405 1050 10 0 2 0 PINTYPE=BI
P 97 400 1060 350 1060 0 3 0
A 355 1060 10 0 3 3 #=AG7
L 345 1060 10 0 8 0 1 0 GND_AG7
A 405 1060 10 0 2 0 PINTYPE=BI
P 98 400 1070 350 1070 0 3 0
A 355 1070 10 0 3 3 #=AG8
L 345 1070 10 0 8 0 1 0 GND_AG8
A 405 1070 10 0 2 0 PINTYPE=BI
P 99 400 1080 350 1080 0 3 0
A 355 1080 10 0 3 3 #=AG9
L 345 1080 10 0 8 0 1 0 GND_AG9
A 405 1080 10 0 2 0 PINTYPE=BI
P 100 400 1090 350 1090 0 3 0
A 355 1090 10 0 3 3 #=AG10
L 345 1090 10 0 8 0 1 0 GND_AG10
A 405 1090 10 0 2 0 PINTYPE=BI
P 101 400 1100 350 1100 0 3 0
A 355 1100 10 0 3 3 #=AG13
L 345 1100 10 0 8 0 1 0 GND_AG13
A 405 1100 10 0 2 0 PINTYPE=BI
P 102 400 1110 350 1110 0 3 0
A 355 1110 10 0 3 3 #=AG15
L 345 1110 10 0 8 0 1 0 GND_AG15
A 405 1110 10 0 2 0 PINTYPE=BI
P 103 400 1120 350 1120 0 3 0
A 355 1120 10 0 3 3 #=AG17
L 345 1120 10 0 8 0 1 0 GND_AG17
A 405 1120 10 0 2 0 PINTYPE=BI
P 104 400 1130 350 1130 0 3 0
A 355 1130 10 0 3 3 #=AG19
L 345 1130 10 0 8 0 1 0 GND_AG19
A 405 1130 10 0 2 0 PINTYPE=BI
P 105 400 1140 350 1140 0 3 0
A 355 1140 10 0 3 3 #=AG21
L 345 1140 10 0 8 0 1 0 GND_AG21
A 405 1140 10 0 2 0 PINTYPE=BI
P 106 400 1150 350 1150 0 3 0
A 355 1150 10 0 3 3 #=AG23
L 345 1150 10 0 8 0 1 0 GND_AG23
A 405 1150 10 0 2 0 PINTYPE=BI
P 107 400 1160 350 1160 0 3 0
A 355 1160 10 0 3 3 #=AG25
L 345 1160 10 0 8 0 1 0 GND_AG25
A 405 1160 10 0 2 0 PINTYPE=BI
P 108 0 110 50 110 0 2 0
A 45 110 10 0 9 3 #=AG27
L 55 110 10 0 2 0 1 0 GND_AG27
A 10 110 10 0 2 0 PINTYPE=BI
P 109 0 120 50 120 0 2 0
A 45 120 10 0 9 3 #=AG30
L 55 120 10 0 2 0 1 0 GND_AG30
A 10 120 10 0 2 0 PINTYPE=BI
P 110 0 130 50 130 0 2 0
A 45 130 10 0 9 3 #=AG40
L 55 130 10 0 2 0 1 0 GND_AG40
A 10 130 10 0 2 0 PINTYPE=BI
P 111 0 140 50 140 0 2 0
A 45 140 10 0 9 3 #=AH1
L 55 140 10 0 2 0 1 0 GND_AH1
A 10 140 10 0 2 0 PINTYPE=BI
P 112 0 150 50 150 0 2 0
A 45 150 10 0 9 3 #=AH2
L 55 150 10 0 2 0 1 0 GND_AH2
A 10 150 10 0 2 0 PINTYPE=BI
P 113 0 160 50 160 0 2 0
A 45 160 10 0 9 3 #=AH5
L 55 160 10 0 2 0 1 0 GND_AH5
A 10 160 10 0 2 0 PINTYPE=BI
P 114 0 170 50 170 0 2 0
A 45 170 10 0 9 3 #=AH6
L 55 170 10 0 2 0 1 0 GND_AH6
A 10 170 10 0 2 0 PINTYPE=BI
P 115 0 180 50 180 0 2 0
A 45 180 10 0 9 3 #=AH9
L 55 180 10 0 2 0 1 0 GND_AH9
A 10 180 10 0 2 0 PINTYPE=BI
P 116 0 190 50 190 0 2 0
A 45 190 10 0 9 3 #=AH12
L 55 190 10 0 2 0 1 0 GND_AH12
A 10 190 10 0 2 0 PINTYPE=BI
P 117 0 200 50 200 0 2 0
A 45 200 10 0 9 3 #=AH14
L 55 200 10 0 2 0 1 0 GND_AH14
A 10 200 10 0 2 0 PINTYPE=BI
P 118 0 210 50 210 0 2 0
A 45 210 10 0 9 3 #=AH16
L 55 210 10 0 2 0 1 0 GND_AH16
A 10 210 10 0 2 0 PINTYPE=BI
P 119 0 220 50 220 0 2 0
A 45 220 10 0 9 3 #=AH17
L 55 220 10 0 2 0 1 0 GND_AH17
A 10 220 10 0 2 0 PINTYPE=BI
P 120 0 230 50 230 0 2 0
A 45 230 10 0 9 3 #=AH18
L 55 230 10 0 2 0 1 0 GND_AH18
A 10 230 10 0 2 0 PINTYPE=BI
P 121 0 240 50 240 0 2 0
A 45 240 10 0 9 3 #=AH20
L 55 240 10 0 2 0 1 0 GND_AH20
A 10 240 10 0 2 0 PINTYPE=BI
P 122 0 250 50 250 0 2 0
A 45 250 10 0 9 3 #=AH22
L 55 250 10 0 2 0 1 0 GND_AH22
A 10 250 10 0 2 0 PINTYPE=BI
P 123 0 260 50 260 0 2 0
A 45 260 10 0 9 3 #=AH24
L 55 260 10 0 2 0 1 0 GND_AH24
A 10 260 10 0 2 0 PINTYPE=BI
P 124 0 270 50 270 0 2 0
A 45 270 10 0 9 3 #=AH26
L 55 270 10 0 2 0 1 0 GND_AH26
A 10 270 10 0 2 0 PINTYPE=BI
P 125 0 280 50 280 0 2 0
A 45 280 10 0 9 3 #=AH37
L 55 280 10 0 2 0 1 0 GND_AH37
A 10 280 10 0 2 0 PINTYPE=BI
P 126 0 290 50 290 0 2 0
A 45 290 10 0 9 3 #=AJ3
L 55 290 10 0 2 0 1 0 GND_AJ3
A 10 290 10 0 2 0 PINTYPE=BI
P 127 0 300 50 300 0 2 0
A 45 300 10 0 9 3 #=AJ7
L 55 300 10 0 2 0 1 0 GND_AJ7
A 10 300 10 0 2 0 PINTYPE=BI
P 128 0 310 50 310 0 2 0
A 45 310 10 0 9 3 #=AJ9
L 55 310 10 0 2 0 1 0 GND_AJ9
A 10 310 10 0 2 0 PINTYPE=BI
P 129 0 320 50 320 0 2 0
A 45 320 10 0 9 3 #=AJ14
L 55 320 10 0 2 0 1 0 GND_AJ14
A 10 320 10 0 2 0 PINTYPE=BI
P 130 0 330 50 330 0 2 0
A 45 330 10 0 9 3 #=AJ24
L 55 330 10 0 2 0 1 0 GND_AJ24
A 10 330 10 0 2 0 PINTYPE=BI
P 131 0 340 50 340 0 2 0
A 45 340 10 0 9 3 #=AJ27
L 55 340 10 0 2 0 1 0 GND_AJ27
A 10 340 10 0 2 0 PINTYPE=BI
P 132 0 350 50 350 0 2 0
A 45 350 10 0 9 3 #=AJ34
L 55 350 10 0 2 0 1 0 GND_AJ34
A 10 350 10 0 2 0 PINTYPE=BI
P 133 0 360 50 360 0 2 0
A 45 360 10 0 9 3 #=AK1
L 55 360 10 0 2 0 1 0 GND_AK1
A 10 360 10 0 2 0 PINTYPE=BI
P 134 0 370 50 370 0 2 0
A 45 370 10 0 9 3 #=AK2
L 55 370 10 0 2 0 1 0 GND_AK2
A 10 370 10 0 2 0 PINTYPE=BI
P 135 0 380 50 380 0 2 0
A 45 380 10 0 9 3 #=AK5
L 55 380 10 0 2 0 1 0 GND_AK5
A 10 380 10 0 2 0 PINTYPE=BI
P 136 0 390 50 390 0 2 0
A 45 390 10 0 9 3 #=AK6
L 55 390 10 0 2 0 1 0 GND_AK6
A 10 390 10 0 2 0 PINTYPE=BI
P 137 0 400 50 400 0 2 0
A 45 400 10 0 9 3 #=AK9
L 55 400 10 0 2 0 1 0 GND_AK9
A 10 400 10 0 2 0 PINTYPE=BI
P 138 0 410 50 410 0 2 0
A 45 410 10 0 9 3 #=AK11
L 55 410 10 0 2 0 1 0 GND_AK11
A 10 410 10 0 2 0 PINTYPE=BI
P 139 0 420 50 420 0 2 0
A 45 420 10 0 9 3 #=AK21
L 55 420 10 0 2 0 1 0 GND_AK21
A 10 420 10 0 2 0 PINTYPE=BI
P 140 0 430 50 430 0 2 0
A 45 430 10 0 9 3 #=AK31
L 55 430 10 0 2 0 1 0 GND_AK31
A 10 430 10 0 2 0 PINTYPE=BI
P 141 0 440 50 440 0 2 0
A 45 440 10 0 9 3 #=AK41
L 55 440 10 0 2 0 1 0 GND_AK41
A 10 440 10 0 2 0 PINTYPE=BI
P 142 0 450 50 450 0 2 0
A 45 450 10 0 9 3 #=AL3
L 55 450 10 0 2 0 1 0 GND_AL3
A 10 450 10 0 2 0 PINTYPE=BI
P 143 0 460 50 460 0 2 0
A 45 460 10 0 9 3 #=AL7
L 55 460 10 0 2 0 1 0 GND_AL7
A 10 460 10 0 2 0 PINTYPE=BI
P 144 0 470 50 470 0 2 0
A 45 470 10 0 9 3 #=AL9
L 55 470 10 0 2 0 1 0 GND_AL9
A 10 470 10 0 2 0 PINTYPE=BI
P 145 0 480 50 480 0 2 0
A 45 480 10 0 9 3 #=AL18
L 55 480 10 0 2 0 1 0 GND_AL18
A 10 480 10 0 2 0 PINTYPE=BI
P 146 0 490 50 490 0 2 0
A 45 490 10 0 9 3 #=AL28
L 55 490 10 0 2 0 1 0 GND_AL28
A 10 490 10 0 2 0 PINTYPE=BI
P 147 0 500 50 500 0 2 0
A 45 500 10 0 9 3 #=AL38
L 55 500 10 0 2 0 1 0 GND_AL38
A 10 500 10 0 2 0 PINTYPE=BI
P 148 0 510 50 510 0 2 0
A 45 510 10 0 9 3 #=AM1
L 55 510 10 0 2 0 1 0 GND_AM1
A 10 510 10 0 2 0 PINTYPE=BI
P 149 0 520 50 520 0 2 0
A 45 520 10 0 9 3 #=AM2
L 55 520 10 0 2 0 1 0 GND_AM2
A 10 520 10 0 2 0 PINTYPE=BI
P 150 0 530 50 530 0 2 0
A 45 530 10 0 9 3 #=AM5
L 55 530 10 0 2 0 1 0 GND_AM5
A 10 530 10 0 2 0 PINTYPE=BI
P 151 0 540 50 540 0 2 0
A 45 540 10 0 9 3 #=AM9
L 55 540 10 0 2 0 1 0 GND_AM9
A 10 540 10 0 2 0 PINTYPE=BI
P 152 0 550 50 550 0 2 0
A 45 550 10 0 9 3 #=AM10
L 55 550 10 0 2 0 1 0 GND_AM10
A 10 550 10 0 2 0 PINTYPE=BI
P 153 0 560 50 560 0 2 0
A 45 560 10 0 9 3 #=AM15
L 55 560 10 0 2 0 1 0 GND_AM15
A 10 560 10 0 2 0 PINTYPE=BI
P 154 0 570 50 570 0 2 0
A 45 570 10 0 9 3 #=AM25
L 55 570 10 0 2 0 1 0 GND_AM25
A 10 570 10 0 2 0 PINTYPE=BI
P 155 0 580 50 580 0 2 0
A 45 580 10 0 9 3 #=AM35
L 55 580 10 0 2 0 1 0 GND_AM35
A 10 580 10 0 2 0 PINTYPE=BI
P 156 0 590 50 590 0 2 0
A 45 590 10 0 9 3 #=AN3
L 55 590 10 0 2 0 1 0 GND_AN3
A 10 590 10 0 2 0 PINTYPE=BI
P 157 0 600 50 600 0 2 0
A 45 600 10 0 9 3 #=AN7
L 55 600 10 0 2 0 1 0 GND_AN7
A 10 600 10 0 2 0 PINTYPE=BI
P 158 0 610 50 610 0 2 0
A 45 610 10 0 9 3 #=AN9
L 55 610 10 0 2 0 1 0 GND_AN9
A 10 610 10 0 2 0 PINTYPE=BI
P 159 0 620 50 620 0 2 0
A 45 620 10 0 9 3 #=AN10
L 55 620 10 0 2 0 1 0 GND_AN10
A 10 620 10 0 2 0 PINTYPE=BI
P 160 0 630 50 630 0 2 0
A 45 630 10 0 9 3 #=AN12
L 55 630 10 0 2 0 1 0 GND_AN12
A 10 630 10 0 2 0 PINTYPE=BI
P 161 0 640 50 640 0 2 0
A 45 640 10 0 9 3 #=AN22
L 55 640 10 0 2 0 1 0 GND_AN22
A 10 640 10 0 2 0 PINTYPE=BI
P 162 0 650 50 650 0 2 0
A 45 650 10 0 9 3 #=AN32
L 55 650 10 0 2 0 1 0 GND_AN32
A 10 650 10 0 2 0 PINTYPE=BI
P 163 0 660 50 660 0 2 0
A 45 660 10 0 9 3 #=AN42
L 55 660 10 0 2 0 1 0 GND_AN42
A 10 660 10 0 2 0 PINTYPE=BI
P 164 0 670 50 670 0 2 0
A 45 670 10 0 9 3 #=AP1
L 55 670 10 0 2 0 1 0 GND_AP1
A 10 670 10 0 2 0 PINTYPE=BI
P 165 0 680 50 680 0 2 0
A 45 680 10 0 9 3 #=AP2
L 55 680 10 0 2 0 1 0 GND_AP2
A 10 680 10 0 2 0 PINTYPE=BI
P 166 0 690 50 690 0 2 0
A 45 690 10 0 9 3 #=AP5
L 55 690 10 0 2 0 1 0 GND_AP5
A 10 690 10 0 2 0 PINTYPE=BI
P 167 0 700 50 700 0 2 0
A 45 700 10 0 9 3 #=AP9
L 55 700 10 0 2 0 1 0 GND_AP9
A 10 700 10 0 2 0 PINTYPE=BI
P 168 0 710 50 710 0 2 0
A 45 710 10 0 9 3 #=AP10
L 55 710 10 0 2 0 1 0 GND_AP10
A 10 710 10 0 2 0 PINTYPE=BI
P 169 0 720 50 720 0 2 0
A 45 720 10 0 9 3 #=AP19
L 55 720 10 0 2 0 1 0 GND_AP19
A 10 720 10 0 2 0 PINTYPE=BI
P 170 0 730 50 730 0 2 0
A 45 730 10 0 9 3 #=AP29
L 55 730 10 0 2 0 1 0 GND_AP29
A 10 730 10 0 2 0 PINTYPE=BI
P 171 0 740 50 740 0 2 0
A 45 740 10 0 9 3 #=AP39
L 55 740 10 0 2 0 1 0 GND_AP39
A 10 740 10 0 2 0 PINTYPE=BI
P 172 0 750 50 750 0 2 0
A 45 750 10 0 9 3 #=AR3
L 55 750 10 0 2 0 1 0 GND_AR3
A 10 750 10 0 2 0 PINTYPE=BI
P 173 0 760 50 760 0 2 0
A 45 760 10 0 9 3 #=AR7
L 55 760 10 0 2 0 1 0 GND_AR7
A 10 760 10 0 2 0 PINTYPE=BI
P 174 0 770 50 770 0 2 0
A 45 770 10 0 9 3 #=AR9
L 55 770 10 0 2 0 1 0 GND_AR9
A 10 770 10 0 2 0 PINTYPE=BI
P 175 0 780 50 780 0 2 0
A 45 780 10 0 9 3 #=AR10
L 55 780 10 0 2 0 1 0 GND_AR10
A 10 780 10 0 2 0 PINTYPE=BI
P 176 0 790 50 790 0 2 0
A 45 790 10 0 9 3 #=AR16
L 55 790 10 0 2 0 1 0 GND_AR16
A 10 790 10 0 2 0 PINTYPE=BI
P 177 0 800 50 800 0 2 0
A 45 800 10 0 9 3 #=AR26
L 55 800 10 0 2 0 1 0 GND_AR26
A 10 800 10 0 2 0 PINTYPE=BI
P 178 0 810 50 810 0 2 0
A 45 810 10 0 9 3 #=AR36
L 55 810 10 0 2 0 1 0 GND_AR36
A 10 810 10 0 2 0 PINTYPE=BI
P 179 0 820 50 820 0 2 0
A 45 820 10 0 9 3 #=AT1
L 55 820 10 0 2 0 1 0 GND_AT1
A 10 820 10 0 2 0 PINTYPE=BI
P 180 0 830 50 830 0 2 0
A 45 830 10 0 9 3 #=AT2
L 55 830 10 0 2 0 1 0 GND_AT2
A 10 830 10 0 2 0 PINTYPE=BI
P 181 0 840 50 840 0 2 0
A 45 840 10 0 9 3 #=AT5
L 55 840 10 0 2 0 1 0 GND_AT5
A 10 840 10 0 2 0 PINTYPE=BI
P 182 0 850 50 850 0 2 0
A 45 850 10 0 9 3 #=AT6
L 55 850 10 0 2 0 1 0 GND_AT6
A 10 850 10 0 2 0 PINTYPE=BI
P 183 0 860 50 860 0 2 0
A 45 860 10 0 9 3 #=AT9
L 55 860 10 0 2 0 1 0 GND_AT9
A 10 860 10 0 2 0 PINTYPE=BI
P 184 0 870 50 870 0 2 0
A 45 870 10 0 9 3 #=AT10
L 55 870 10 0 2 0 1 0 GND_AT10
A 10 870 10 0 2 0 PINTYPE=BI
P 185 0 880 50 880 0 2 0
A 45 880 10 0 9 3 #=AT11
L 55 880 10 0 2 0 1 0 GND_AT11
A 10 880 10 0 2 0 PINTYPE=BI
P 186 0 890 50 890 0 2 0
A 45 890 10 0 9 3 #=AT13
L 55 890 10 0 2 0 1 0 GND_AT13
A 10 890 10 0 2 0 PINTYPE=BI
P 187 0 900 50 900 0 2 0
A 45 900 10 0 9 3 #=AT23
L 55 900 10 0 2 0 1 0 GND_AT23
A 10 900 10 0 2 0 PINTYPE=BI
P 188 0 910 50 910 0 2 0
A 45 910 10 0 9 3 #=AT33
L 55 910 10 0 2 0 1 0 GND_AT33
A 10 910 10 0 2 0 PINTYPE=BI
P 189 0 920 50 920 0 2 0
A 45 920 10 0 9 3 #=AU3
L 55 920 10 0 2 0 1 0 GND_AU3
A 10 920 10 0 2 0 PINTYPE=BI
P 190 0 930 50 930 0 2 0
A 45 930 10 0 9 3 #=AU7
L 55 930 10 0 2 0 1 0 GND_AU7
A 10 930 10 0 2 0 PINTYPE=BI
P 191 0 940 50 940 0 2 0
A 45 940 10 0 9 3 #=AU11
L 55 940 10 0 2 0 1 0 GND_AU11
A 10 940 10 0 2 0 PINTYPE=BI
P 192 0 950 50 950 0 2 0
A 45 950 10 0 9 3 #=AU20
L 55 950 10 0 2 0 1 0 GND_AU20
A 10 950 10 0 2 0 PINTYPE=BI
P 193 0 960 50 960 0 2 0
A 45 960 10 0 9 3 #=AU30
L 55 960 10 0 2 0 1 0 GND_AU30
A 10 960 10 0 2 0 PINTYPE=BI
P 194 0 970 50 970 0 2 0
A 45 970 10 0 9 3 #=AU40
L 55 970 10 0 2 0 1 0 GND_AU40
A 10 970 10 0 2 0 PINTYPE=BI
P 195 0 980 50 980 0 2 0
A 45 980 10 0 9 3 #=AV1
L 55 980 10 0 2 0 1 0 GND_AV1
A 10 980 10 0 2 0 PINTYPE=BI
P 196 0 990 50 990 0 2 0
A 45 990 10 0 9 3 #=AV2
L 55 990 10 0 2 0 1 0 GND_AV2
A 10 990 10 0 2 0 PINTYPE=BI
P 197 0 1000 50 1000 0 2 0
A 45 1000 10 0 9 3 #=AV5
L 55 1000 10 0 2 0 1 0 GND_AV5
A 10 1000 10 0 2 0 PINTYPE=BI
P 198 0 1010 50 1010 0 2 0
A 45 1010 10 0 9 3 #=AV9
L 55 1010 10 0 2 0 1 0 GND_AV9
A 10 1010 10 0 2 0 PINTYPE=BI
P 199 0 1020 50 1020 0 2 0
A 45 1020 10 0 9 3 #=AV10
L 55 1020 10 0 2 0 1 0 GND_AV10
A 10 1020 10 0 2 0 PINTYPE=BI
P 200 0 1030 50 1030 0 2 0
A 45 1030 10 0 9 3 #=AV11
L 55 1030 10 0 2 0 1 0 GND_AV11
A 10 1030 10 0 2 0 PINTYPE=BI
P 201 0 1040 50 1040 0 2 0
A 45 1040 10 0 9 3 #=AV17
L 55 1040 10 0 2 0 1 0 GND_AV17
A 10 1040 10 0 2 0 PINTYPE=BI
P 202 0 1050 50 1050 0 2 0
A 45 1050 10 0 9 3 #=AV27
L 55 1050 10 0 2 0 1 0 GND_AV27
A 10 1050 10 0 2 0 PINTYPE=BI
P 203 0 1060 50 1060 0 2 0
A 45 1060 10 0 9 3 #=AV37
L 55 1060 10 0 2 0 1 0 GND_AV37
A 10 1060 10 0 2 0 PINTYPE=BI
P 204 0 1070 50 1070 0 2 0
A 45 1070 10 0 9 3 #=AW3
L 55 1070 10 0 2 0 1 0 GND_AW3
A 10 1070 10 0 2 0 PINTYPE=BI
P 205 0 1080 50 1080 0 2 0
A 45 1080 10 0 9 3 #=AW7
L 55 1080 10 0 2 0 1 0 GND_AW7
A 10 1080 10 0 2 0 PINTYPE=BI
P 206 0 1090 50 1090 0 2 0
A 45 1090 10 0 9 3 #=AW11
L 55 1090 10 0 2 0 1 0 GND_AW11
A 10 1090 10 0 2 0 PINTYPE=BI
P 207 0 1100 50 1100 0 2 0
A 45 1100 10 0 9 3 #=AW14
L 55 1100 10 0 2 0 1 0 GND_AW14
A 10 1100 10 0 2 0 PINTYPE=BI
P 208 0 1110 50 1110 0 2 0
A 45 1110 10 0 9 3 #=AW24
L 55 1110 10 0 2 0 1 0 GND_AW24
A 10 1110 10 0 2 0 PINTYPE=BI
P 209 0 1120 50 1120 0 2 0
A 45 1120 10 0 9 3 #=AW34
L 55 1120 10 0 2 0 1 0 GND_AW34
A 10 1120 10 0 2 0 PINTYPE=BI
P 210 0 1130 50 1130 0 2 0
A 45 1130 10 0 9 3 #=AY1
L 55 1130 10 0 2 0 1 0 GND_AY1
A 10 1130 10 0 2 0 PINTYPE=BI
P 211 0 1140 50 1140 0 2 0
A 45 1140 10 0 9 3 #=AY2
L 55 1140 10 0 2 0 1 0 GND_AY2
A 10 1140 10 0 2 0 PINTYPE=BI
P 212 0 1150 50 1150 0 2 0
A 45 1150 10 0 9 3 #=AY5
L 55 1150 10 0 2 0 1 0 GND_AY5
A 10 1150 10 0 2 0 PINTYPE=BI
T 220 1170 20 0 5 XC7V2000TFHG1761
T 220 1190 20 0 5 BANK GND1
c 70 1210 10
U 50 1240 10 0 3 3 DEVICE=XXXXXX
U 50 30 16 0 3 3 REFDES=U?
U 250 30 10 0 3 3 PKG_TYPE=XXXXXX
U 0 0 10 0 3 0 HETERO=7v2000tfhg1761b_0,7v2000tfhg1761b_12,7v2000tfhg1761b_13,7v2000tfhg1761b_14,7v2000tfhg1761b_15,7v2000tfhg1761b_16,7v2000tfhg1761b_17,7v2000tfhg1761b_18,7v2000tfhg1761b_19,7v2000tfhg1761b_31,7v2000tfhg1761b_32,7v2000tfhg1761b_33,7v2000tfhg1761b_34,7v2000tfhg1761b_35,7v2000tfhg1761b_36,7v2000tfhg1761b_37,7v2000tfhg1761b_38,7v2000tfhg1761b_39,7v2000tfhg1761b_111,7v2000tfhg1761b_112,7v2000tfhg1761b_113,7v2000tfhg1761b_114,7v2000tfhg1761b_115,7v2000tfhg1761b_116,7v2000tfhg1761b_117,7v2000tfhg1761b_118,7v2000tfhg1761b_119,7v2000tfhg1761b_MGTAVCC_G11,7v2000tfhg1761b_MGTAVCC_G10,7v2000tfhg1761b_MGTAVTT_G11,7v2000tfhg1761b_MGTAVTT_G10,7v2000tfhg1761b_MGTVCCAUX_G11,7v2000tfhg1761b_MGTVCCAUX_G10,7v2000tfhg1761b_GND1,7v2000tfhg1761b_GND2,7v2000tfhg1761b_VCCINT,7v2000tfhg1761b_VCCAUX,7v2000tfhg1761b_VCCAUX_IO_G0,7v2000tfhg1761b_VCCAUX_IO_G1,7v2000tfhg1761b_VCCAUX_IO_G2,7v2000tfhg1761b_VCCAUX_IO_G3,7v2000tfhg1761b_VCCAUX_IO_G4,7v2000tfhg1761b_VCCAUX_IO_G5,7v2000tfhg1761b_VCCBRAM
U 0 -10 10 0 3 0 PARTS=1
U 0 -20 10 0 3 0 LEVEL=STD
U 0 -30 10 0 3 0 DATE=2011_09_01
E
