V 50
K 153165148200 7v2000tfhg1761
Y 1
D 0 0 400 420
Z 10
i 946
b 50 50 350 370
P 1 400 100 350 100 0 3 0
A 355 100 10 0 3 3 #=V7
L 345 100 10 0 8 0 1 0 MGTREFCLK1N_116_V7
A 405 100 10 0 2 0 PINTYPE=BI
P 2 400 110 350 110 0 3 0
A 355 110 10 0 3 3 #=V8
L 345 110 10 0 8 0 1 0 MGTREFCLK1P_116_V8
A 405 110 10 0 2 0 PINTYPE=BI
P 3 400 120 350 120 0 3 0
A 355 120 10 0 3 3 #=T7
L 345 120 10 0 8 0 1 0 MGTREFCLK0N_116_T7
A 405 120 10 0 2 0 PINTYPE=BI
P 4 400 130 350 130 0 3 0
A 355 130 10 0 3 3 #=T8
L 345 130 10 0 8 0 1 0 MGTREFCLK0P_116_T8
A 405 130 10 0 2 0 PINTYPE=BI
P 5 400 140 350 140 0 3 0
A 355 140 10 0 3 3 #=R5
L 345 140 10 0 8 0 1 0 MGTXRXN3_116_R5
A 405 140 10 0 2 0 PINTYPE=BI
P 6 400 150 350 150 0 3 0
A 355 150 10 0 3 3 #=R6
L 345 150 10 0 8 0 1 0 MGTXRXP3_116_R6
A 405 150 10 0 2 0 PINTYPE=BI
P 7 400 160 350 160 0 3 0
A 355 160 10 0 3 3 #=P3
L 345 160 10 0 8 0 1 0 MGTXTXN3_116_P3
A 405 160 10 0 2 0 PINTYPE=BI
P 8 400 170 350 170 0 3 0
A 355 170 10 0 3 3 #=P4
L 345 170 10 0 8 0 1 0 MGTXTXP3_116_P4
A 405 170 10 0 2 0 PINTYPE=BI
P 9 400 180 350 180 0 3 0
A 355 180 10 0 3 3 #=U5
L 345 180 10 0 8 0 1 0 MGTXRXN2_116_U5
A 405 180 10 0 2 0 PINTYPE=BI
P 10 400 190 350 190 0 3 0
A 355 190 10 0 3 3 #=U6
L 345 190 10 0 8 0 1 0 MGTXRXP2_116_U6
A 405 190 10 0 2 0 PINTYPE=BI
P 11 400 200 350 200 0 3 0
A 355 200 10 0 3 3 #=R1
L 345 200 10 0 8 0 1 0 MGTXTXN2_116_R1
A 405 200 10 0 2 0 PINTYPE=BI
P 12 400 210 350 210 0 3 0
A 355 210 10 0 3 3 #=R2
L 345 210 10 0 8 0 1 0 MGTXTXP2_116_R2
A 405 210 10 0 2 0 PINTYPE=BI
P 13 400 220 350 220 0 3 0
A 355 220 10 0 3 3 #=V3
L 345 220 10 0 8 0 1 0 MGTXRXN1_116_V3
A 405 220 10 0 2 0 PINTYPE=BI
P 14 400 230 350 230 0 3 0
A 355 230 10 0 3 3 #=V4
L 345 230 10 0 8 0 1 0 MGTXRXP1_116_V4
A 405 230 10 0 2 0 PINTYPE=BI
P 15 400 240 350 240 0 3 0
A 355 240 10 0 3 3 #=T3
L 345 240 10 0 8 0 1 0 MGTXTXN1_116_T3
A 405 240 10 0 2 0 PINTYPE=BI
P 16 400 250 350 250 0 3 0
A 355 250 10 0 3 3 #=T4
L 345 250 10 0 8 0 1 0 MGTXTXP1_116_T4
A 405 250 10 0 2 0 PINTYPE=BI
P 17 400 260 350 260 0 3 0
A 355 260 10 0 3 3 #=W5
L 345 260 10 0 8 0 1 0 MGTXRXN0_116_W5
A 405 260 10 0 2 0 PINTYPE=BI
P 18 400 270 350 270 0 3 0
A 355 270 10 0 3 3 #=W6
L 345 270 10 0 8 0 1 0 MGTXRXP0_116_W6
A 405 270 10 0 2 0 PINTYPE=BI
P 19 400 280 350 280 0 3 0
A 355 280 10 0 3 3 #=U1
L 345 280 10 0 8 0 1 0 MGTXTXN0_116_U1
A 405 280 10 0 2 0 PINTYPE=BI
P 20 400 290 350 290 0 3 0
A 355 290 10 0 3 3 #=U2
L 345 290 10 0 8 0 1 0 MGTXTXP0_116_U2
A 405 290 10 0 2 0 PINTYPE=BI
T 220 310 20 0 5 XC7V2000TFHG1761
T 220 330 20 0 5 BANK 116
c 70 350 10
U 50 380 10 0 3 3 DEVICE=XXXXXX
U 50 30 16 0 3 3 REFDES=U?
U 250 30 10 0 3 3 PKG_TYPE=XXXXXX
U 0 0 10 0 3 0 HETERO=7v2000tfhg1761b_0,7v2000tfhg1761b_12,7v2000tfhg1761b_13,7v2000tfhg1761b_14,7v2000tfhg1761b_15,7v2000tfhg1761b_16,7v2000tfhg1761b_17,7v2000tfhg1761b_18,7v2000tfhg1761b_19,7v2000tfhg1761b_31,7v2000tfhg1761b_32,7v2000tfhg1761b_33,7v2000tfhg1761b_34,7v2000tfhg1761b_35,7v2000tfhg1761b_36,7v2000tfhg1761b_37,7v2000tfhg1761b_38,7v2000tfhg1761b_39,7v2000tfhg1761b_111,7v2000tfhg1761b_112,7v2000tfhg1761b_113,7v2000tfhg1761b_114,7v2000tfhg1761b_115,7v2000tfhg1761b_116,7v2000tfhg1761b_117,7v2000tfhg1761b_118,7v2000tfhg1761b_119,7v2000tfhg1761b_MGTAVCC_G11,7v2000tfhg1761b_MGTAVCC_G10,7v2000tfhg1761b_MGTAVTT_G11,7v2000tfhg1761b_MGTAVTT_G10,7v2000tfhg1761b_MGTVCCAUX_G11,7v2000tfhg1761b_MGTVCCAUX_G10,7v2000tfhg1761b_GND1,7v2000tfhg1761b_GND2,7v2000tfhg1761b_VCCINT,7v2000tfhg1761b_VCCAUX,7v2000tfhg1761b_VCCAUX_IO_G0,7v2000tfhg1761b_VCCAUX_IO_G1,7v2000tfhg1761b_VCCAUX_IO_G2,7v2000tfhg1761b_VCCAUX_IO_G3,7v2000tfhg1761b_VCCAUX_IO_G4,7v2000tfhg1761b_VCCAUX_IO_G5,7v2000tfhg1761b_VCCBRAM
U 0 -10 10 0 3 0 PARTS=1
U 0 -20 10 0 3 0 LEVEL=STD
U 0 -30 10 0 3 0 DATE=2011_09_01
E
