V 50
K 153165148200 7v2000tfhg1761
Y 1
D 0 0 400 330
Z 10
i 946
b 50 50 350 280
P 1 400 100 350 100 0 3 0
A 355 100 10 0 3 3 #=B6
L 345 100 10 0 8 0 1 0 MGTAVTT_G11_B6
A 405 100 10 0 2 0 PINTYPE=BI
P 2 400 110 350 110 0 3 0
A 355 110 10 0 3 3 #=C4
L 345 110 10 0 8 0 1 0 MGTAVTT_G11_C4
A 405 110 10 0 2 0 PINTYPE=BI
P 3 400 120 350 120 0 3 0
A 355 120 10 0 3 3 #=D6
L 345 120 10 0 8 0 1 0 MGTAVTT_G11_D6
A 405 120 10 0 2 0 PINTYPE=BI
P 4 400 130 350 130 0 3 0
A 355 130 10 0 3 3 #=E4
L 345 130 10 0 8 0 1 0 MGTAVTT_G11_E4
A 405 130 10 0 2 0 PINTYPE=BI
P 5 400 140 350 140 0 3 0
A 355 140 10 0 3 3 #=F6
L 345 140 10 0 8 0 1 0 MGTAVTT_G11_F6
A 405 140 10 0 2 0 PINTYPE=BI
P 6 400 150 350 150 0 3 0
A 355 150 10 0 3 3 #=G4
L 345 150 10 0 8 0 1 0 MGTAVTT_G11_G4
A 405 150 10 0 2 0 PINTYPE=BI
P 7 400 160 350 160 0 3 0
A 355 160 10 0 3 3 #=H6
L 345 160 10 0 8 0 1 0 MGTAVTT_G11_H6
A 405 160 10 0 2 0 PINTYPE=BI
P 8 400 170 350 170 0 3 0
A 355 170 10 0 3 3 #=J4
L 345 170 10 0 8 0 1 0 MGTAVTT_G11_J4
A 405 170 10 0 2 0 PINTYPE=BI
P 9 400 180 350 180 0 3 0
A 355 180 10 0 3 3 #=L4
L 345 180 10 0 8 0 1 0 MGTAVTT_G11_L4
A 405 180 10 0 2 0 PINTYPE=BI
P 10 400 190 350 190 0 3 0
A 355 190 10 0 3 3 #=N4
L 345 190 10 0 8 0 1 0 MGTAVTT_G11_N4
A 405 190 10 0 2 0 PINTYPE=BI
P 11 400 200 350 200 0 3 0
A 355 200 10 0 3 3 #=P6
L 345 200 10 0 8 0 1 0 MGTAVTT_G11_P6
A 405 200 10 0 2 0 PINTYPE=BI
T 220 220 20 0 5 XC7V2000TFHG1761
T 220 240 20 0 5 BANK MGTAVTT_G11
c 70 260 10
U 50 290 10 0 3 3 DEVICE=XXXXXX
U 50 30 16 0 3 3 REFDES=U?
U 250 30 10 0 3 3 PKG_TYPE=XXXXXX
U 0 0 10 0 3 0 HETERO=7v2000tfhg1761b_0,7v2000tfhg1761b_12,7v2000tfhg1761b_13,7v2000tfhg1761b_14,7v2000tfhg1761b_15,7v2000tfhg1761b_16,7v2000tfhg1761b_17,7v2000tfhg1761b_18,7v2000tfhg1761b_19,7v2000tfhg1761b_31,7v2000tfhg1761b_32,7v2000tfhg1761b_33,7v2000tfhg1761b_34,7v2000tfhg1761b_35,7v2000tfhg1761b_36,7v2000tfhg1761b_37,7v2000tfhg1761b_38,7v2000tfhg1761b_39,7v2000tfhg1761b_111,7v2000tfhg1761b_112,7v2000tfhg1761b_113,7v2000tfhg1761b_114,7v2000tfhg1761b_115,7v2000tfhg1761b_116,7v2000tfhg1761b_117,7v2000tfhg1761b_118,7v2000tfhg1761b_119,7v2000tfhg1761b_MGTAVCC_G11,7v2000tfhg1761b_MGTAVCC_G10,7v2000tfhg1761b_MGTAVTT_G11,7v2000tfhg1761b_MGTAVTT_G10,7v2000tfhg1761b_MGTVCCAUX_G11,7v2000tfhg1761b_MGTVCCAUX_G10,7v2000tfhg1761b_GND1,7v2000tfhg1761b_GND2,7v2000tfhg1761b_VCCINT,7v2000tfhg1761b_VCCAUX,7v2000tfhg1761b_VCCAUX_IO_G0,7v2000tfhg1761b_VCCAUX_IO_G1,7v2000tfhg1761b_VCCAUX_IO_G2,7v2000tfhg1761b_VCCAUX_IO_G3,7v2000tfhg1761b_VCCAUX_IO_G4,7v2000tfhg1761b_VCCAUX_IO_G5,7v2000tfhg1761b_VCCBRAM
U 0 -10 10 0 3 0 PARTS=1
U 0 -20 10 0 3 0 LEVEL=STD
U 0 -30 10 0 3 0 DATE=2011_09_01
E
