V 50
K 153165148200 7v2000tfhg1761
Y 1
D 0 0 400 450
Z 10
i 946
b 50 50 350 400
P 1 0 100 50 100 0 2 0
A 45 100 10 0 9 3 #=M10
L 55 100 10 0 2 0 1 0 VCCO_0_M10
A 10 100 10 0 2 0 PINTYPE=BI
P 2 0 110 50 110 0 2 0
A 45 110 10 0 9 3 #=T11
L 55 110 10 0 2 0 1 0 VCCO_0_T11
A 10 110 10 0 2 0 PINTYPE=BI
P 3 400 100 350 100 0 3 0
A 355 100 10 0 3 3 #=AK10
L 345 100 10 0 8 0 1 0 M1_0_AK10
A 405 100 10 0 2 0 PINTYPE=BI
P 4 400 110 350 110 0 3 0
A 355 110 10 0 3 3 #=AL10
L 345 110 10 0 8 0 1 0 M0_0_AL10
A 405 110 10 0 2 0 PINTYPE=BI
P 5 400 120 350 120 0 3 0
A 355 120 10 0 3 3 #=AJ10
L 345 120 10 0 8 0 1 0 M2_0_AJ10
A 405 120 10 0 2 0 PINTYPE=BI
P 6 400 130 350 130 0 3 0
A 355 130 10 0 3 3 #=AL11
L 345 130 10 0 8 0 1 0 DONE_0_AL11
A 405 130 10 0 2 0 PINTYPE=BI
P 7 400 140 350 140 0 3 0
A 355 140 10 0 3 3 #=AH10
L 345 140 10 0 8 0 1 0 CFGBVS_0_AH10
A 405 140 10 0 2 0 PINTYPE=BI
P 8 400 150 350 150 0 3 0
A 355 150 10 0 3 3 #=AJ11
L 345 150 10 0 8 0 1 0 PROGRAM_B_0_AJ11
A 405 150 10 0 2 0 PINTYPE=BI
P 9 400 160 350 160 0 3 0
A 355 160 10 0 3 3 #=AG11
L 345 160 10 0 8 0 1 0 INIT_B_0_AG11
A 405 160 10 0 2 0 PINTYPE=BI
P 10 400 170 350 170 0 3 0
A 355 170 10 0 3 3 #=T10
L 345 170 10 0 8 0 1 0 TDI_0_T10
A 405 170 10 0 2 0 PINTYPE=BI
P 11 400 180 350 180 0 3 0
A 355 180 10 0 3 3 #=R10
L 345 180 10 0 8 0 1 0 TDO_0_R10
A 405 180 10 0 2 0 PINTYPE=BI
P 12 400 190 350 190 0 3 0
A 355 190 10 0 3 3 #=P11
L 345 190 10 0 8 0 1 0 TMS_0_P11
A 405 190 10 0 2 0 PINTYPE=BI
P 13 400 200 350 200 0 3 0
A 355 200 10 0 3 3 #=P10
L 345 200 10 0 8 0 1 0 TCK_0_P10
A 405 200 10 0 2 0 PINTYPE=BI
P 14 400 210 350 210 0 3 0
A 355 210 10 0 3 3 #=N10
L 345 210 10 0 8 0 1 0 CCLK_0_N10
A 405 210 10 0 2 0 PINTYPE=BI
P 15 400 220 350 220 0 3 0
A 355 220 10 0 3 3 #=N11
L 345 220 10 0 8 0 1 0 VCCBATT_0_N11
A 405 220 10 0 2 0 PINTYPE=BI
P 16 400 230 350 230 0 3 0
A 355 230 10 0 3 3 #=AB20
L 345 230 10 0 8 0 1 0 VN_0_AB20
A 405 230 10 0 2 0 PINTYPE=BI
P 17 400 240 350 240 0 3 0
A 355 240 10 0 3 3 #=AA21
L 345 240 10 0 8 0 1 0 VP_0_AA21
A 405 240 10 0 2 0 PINTYPE=BI
P 18 400 250 350 250 0 3 0
A 355 250 10 0 3 3 #=AB21
L 345 250 10 0 8 0 1 0 VREFP_0_AB21
A 405 250 10 0 2 0 PINTYPE=BI
P 19 400 260 350 260 0 3 0
A 355 260 10 0 3 3 #=AA20
L 345 260 10 0 8 0 1 0 VREFN_0_AA20
A 405 260 10 0 2 0 PINTYPE=BI
P 20 400 270 350 270 0 3 0
A 355 270 10 0 3 3 #=AC21
L 345 270 10 0 8 0 1 0 DXP_0_AC21
A 405 270 10 0 2 0 PINTYPE=BI
P 21 400 280 350 280 0 3 0
A 355 280 10 0 3 3 #=Y20
L 345 280 10 0 8 0 1 0 GNDADC_0_Y20
A 405 280 10 0 2 0 PINTYPE=BI
P 22 400 290 350 290 0 3 0
A 355 290 10 0 3 3 #=Y21
L 345 290 10 0 8 0 1 0 VCCADC_0_Y21
A 405 290 10 0 2 0 PINTYPE=BI
P 23 400 300 350 300 0 3 0
A 355 300 10 0 3 3 #=AC20
L 345 300 10 0 8 0 1 0 DXN_0_AC20
A 405 300 10 0 2 0 PINTYPE=BI
T 220 320 20 0 5 XC7V2000TFHG1761
T 220 340 20 0 5 BANK 0
c 70 380 10
U 50 410 10 0 3 3 DEVICE=XXXXXX
U 50 30 16 0 3 3 REFDES=U?
U 250 30 10 0 3 3 PKG_TYPE=XXXXXX
U 0 0 10 0 3 0 HETERO=7v2000tfhg1761b_0,7v2000tfhg1761b_12,7v2000tfhg1761b_13,7v2000tfhg1761b_14,7v2000tfhg1761b_15,7v2000tfhg1761b_16,7v2000tfhg1761b_17,7v2000tfhg1761b_18,7v2000tfhg1761b_19,7v2000tfhg1761b_31,7v2000tfhg1761b_32,7v2000tfhg1761b_33,7v2000tfhg1761b_34,7v2000tfhg1761b_35,7v2000tfhg1761b_36,7v2000tfhg1761b_37,7v2000tfhg1761b_38,7v2000tfhg1761b_39,7v2000tfhg1761b_111,7v2000tfhg1761b_112,7v2000tfhg1761b_113,7v2000tfhg1761b_114,7v2000tfhg1761b_115,7v2000tfhg1761b_116,7v2000tfhg1761b_117,7v2000tfhg1761b_118,7v2000tfhg1761b_119,7v2000tfhg1761b_MGTAVCC_G11,7v2000tfhg1761b_MGTAVCC_G10,7v2000tfhg1761b_MGTAVTT_G11,7v2000tfhg1761b_MGTAVTT_G10,7v2000tfhg1761b_MGTVCCAUX_G11,7v2000tfhg1761b_MGTVCCAUX_G10,7v2000tfhg1761b_GND1,7v2000tfhg1761b_GND2,7v2000tfhg1761b_VCCINT,7v2000tfhg1761b_VCCAUX,7v2000tfhg1761b_VCCAUX_IO_G0,7v2000tfhg1761b_VCCAUX_IO_G1,7v2000tfhg1761b_VCCAUX_IO_G2,7v2000tfhg1761b_VCCAUX_IO_G3,7v2000tfhg1761b_VCCAUX_IO_G4,7v2000tfhg1761b_VCCAUX_IO_G5,7v2000tfhg1761b_VCCBRAM
U 0 -10 10 0 3 0 PARTS=1
U 0 -20 10 0 3 0 LEVEL=STD
U 0 -30 10 0 3 0 DATE=2011_09_01
E
