V 50
K 153165148200 xc7vx690tffg1158
Y 1
D 0 0 400 420
Z 10
i 946
b 50 50 350 370
P 1 400 100 350 100 0 3 0
A 355 100 10 0 3 0 #=L28
L 345 100 10 0 8 0 1 0 MGTREFCLK1N_219_L28
A 405 100 10 0 2 0 PINTYPE=BI
P 2 400 110 350 110 0 3 0
A 355 110 10 0 3 0 #=L27
L 345 110 10 0 8 0 1 0 MGTREFCLK1P_219_L27
A 405 110 10 0 2 0 PINTYPE=BI
P 3 400 120 350 120 0 3 0
A 355 120 10 0 3 0 #=J28
L 345 120 10 0 8 0 1 0 MGTREFCLK0N_219_J28
A 405 120 10 0 2 0 PINTYPE=BI
P 4 400 130 350 130 0 3 0
A 355 130 10 0 3 0 #=J27
L 345 130 10 0 8 0 1 0 MGTREFCLK0P_219_J27
A 405 130 10 0 2 0 PINTYPE=BI
P 5 400 140 350 140 0 3 0
A 355 140 10 0 3 0 #=B30
L 345 140 10 0 8 0 1 0 MGTHRXN3_219_B30
A 405 140 10 0 2 0 PINTYPE=BI
P 6 400 150 350 150 0 3 0
A 355 150 10 0 3 0 #=B29
L 345 150 10 0 8 0 1 0 MGTHRXP3_219_B29
A 405 150 10 0 2 0 PINTYPE=BI
P 7 400 160 350 160 0 3 0
A 355 160 10 0 3 0 #=A32
L 345 160 10 0 8 0 1 0 MGTHTXN3_219_A32
A 405 160 10 0 2 0 PINTYPE=BI
P 8 400 170 350 170 0 3 0
A 355 170 10 0 3 0 #=A31
L 345 170 10 0 8 0 1 0 MGTHTXP3_219_A31
A 405 170 10 0 2 0 PINTYPE=BI
P 9 400 180 350 180 0 3 0
A 355 180 10 0 3 0 #=C32
L 345 180 10 0 8 0 1 0 MGTHRXN2_219_C32
A 405 180 10 0 2 0 PINTYPE=BI
P 10 400 190 350 190 0 3 0
A 355 190 10 0 3 0 #=C31
L 345 190 10 0 8 0 1 0 MGTHRXP2_219_C31
A 405 190 10 0 2 0 PINTYPE=BI
P 11 400 200 350 200 0 3 0
A 355 200 10 0 3 0 #=B34
L 345 200 10 0 8 0 1 0 MGTHTXN2_219_B34
A 405 200 10 0 2 0 PINTYPE=BI
P 12 400 210 350 210 0 3 0
A 355 210 10 0 3 0 #=B33
L 345 210 10 0 8 0 1 0 MGTHTXP2_219_B33
A 405 210 10 0 2 0 PINTYPE=BI
P 13 400 220 350 220 0 3 0
A 355 220 10 0 3 0 #=D30
L 345 220 10 0 8 0 1 0 MGTHRXN1_219_D30
A 405 220 10 0 2 0 PINTYPE=BI
P 14 400 230 350 230 0 3 0
A 355 230 10 0 3 0 #=D29
L 345 230 10 0 8 0 1 0 MGTHRXP1_219_D29
A 405 230 10 0 2 0 PINTYPE=BI
P 15 400 240 350 240 0 3 0
A 355 240 10 0 3 0 #=D34
L 345 240 10 0 8 0 1 0 MGTHTXN1_219_D34
A 405 240 10 0 2 0 PINTYPE=BI
P 16 400 250 350 250 0 3 0
A 355 250 10 0 3 0 #=D33
L 345 250 10 0 8 0 1 0 MGTHTXP1_219_D33
A 405 250 10 0 2 0 PINTYPE=BI
P 17 400 260 350 260 0 3 0
A 355 260 10 0 3 0 #=E32
L 345 260 10 0 8 0 1 0 MGTHRXN0_219_E32
A 405 260 10 0 2 0 PINTYPE=BI
P 18 400 270 350 270 0 3 0
A 355 270 10 0 3 0 #=E31
L 345 270 10 0 8 0 1 0 MGTHRXP0_219_E31
A 405 270 10 0 2 0 PINTYPE=BI
P 19 400 280 350 280 0 3 0
A 355 280 10 0 3 0 #=F34
L 345 280 10 0 8 0 1 0 MGTHTXN0_219_F34
A 405 280 10 0 2 0 PINTYPE=BI
P 20 400 290 350 290 0 3 0
A 355 290 10 0 3 0 #=F33
L 345 290 10 0 8 0 1 0 MGTHTXP0_219_F33
A 405 290 10 0 2 0 PINTYPE=BI
T 220 310 20 0 5 XC7VX690TFFG1158
T 220 330 20 0 5 BANK 219
c 70 350 10
U 50 380 10 0 3 3 DEVICE=XXXXXX
U 50 30 16 0 3 3 REFDES=U?
U 250 30 10 0 3 3 PKG_TYPE=XXXXXX
U 0 0 10 0 3 0 HETERO=7vx690tffg1158b_0,7vx690tffg1158b_14,7vx690tffg1158b_15,7vx690tffg1158b_16,7vx690tffg1158b_17,7vx690tffg1158b_34,7vx690tffg1158b_35,7vx690tffg1158b_36,7vx690tffg1158b_114,7vx690tffg1158b_115,7vx690tffg1158b_116,7vx690tffg1158b_117,7vx690tffg1158b_118,7vx690tffg1158b_119,7vx690tffg1158b_214,7vx690tffg1158b_215,7vx690tffg1158b_216,7vx690tffg1158b_217,7vx690tffg1158b_218,7vx690tffg1158b_219,7vx690tffg1158b_MGTAVCC_G11,7vx690tffg1158b_MGTAVCC_G10,7vx690tffg1158b_MGTAVCC_G21,7vx690tffg1158b_MGTAVCC_G20,7vx690tffg1158b_MGTVCCAUX_G11,7vx690tffg1158b_MGTVCCAUX_G10,7vx690tffg1158b_MGTVCCAUX_G21,7vx690tffg1158b_MGTVCCAUX_G20,7vx690tffg1158b_MGTAVTT_G11,7vx690tffg1158b_MGTAVTT_G10,7vx690tffg1158b_MGTAVTT_G21,7vx690tffg1158b_MGTAVTT_G20,7vx690tffg1158b_GND1,7vx690tffg1158b_GND2,7vx690tffg1158b_VCCINT,7vx690tffg1158b_VCCAUX,7vx690tffg1158b_VCCAUX_IO_G1,7vx690tffg1158b_VCCAUX_IO_G0,7vx690tffg1158b_VCCBRAM
U 0 -10 10 0 3 0 PARTS=1
U 0 -20 10 0 3 0 LEVEL=STD
U 0 -30 10 0 3 0 DATE=2011_09_22
E
