V 50
K 153165148200 xc7vx690tffg1158
Y 1
D 0 0 400 440
Z 10
i 946
b 50 50 350 390
P 1 400 100 350 100 0 3 0
A 355 100 10 0 3 0 #=G28
L 345 100 10 0 8 0 1 0 MGTRREF_215_G28
A 405 100 10 0 2 0 PINTYPE=BI
P 2 400 110 350 110 0 3 0
A 355 110 10 0 3 0 #=G27
L 345 110 10 0 8 0 1 0 MGTAVTTRCAL_215_G27
A 405 110 10 0 2 0 PINTYPE=BI
P 3 400 120 350 120 0 3 0
A 355 120 10 0 3 0 #=AC28
L 345 120 10 0 8 0 1 0 MGTREFCLK1N_215_AC28
A 405 120 10 0 2 0 PINTYPE=BI
P 4 400 130 350 130 0 3 0
A 355 130 10 0 3 0 #=AC27
L 345 130 10 0 8 0 1 0 MGTREFCLK1P_215_AC27
A 405 130 10 0 2 0 PINTYPE=BI
P 5 400 140 350 140 0 3 0
A 355 140 10 0 3 0 #=AB30
L 345 140 10 0 8 0 1 0 MGTREFCLK0N_215_AB30
A 405 140 10 0 2 0 PINTYPE=BI
P 6 400 150 350 150 0 3 0
A 355 150 10 0 3 0 #=AB29
L 345 150 10 0 8 0 1 0 MGTREFCLK0P_215_AB29
A 405 150 10 0 2 0 PINTYPE=BI
P 7 400 160 350 160 0 3 0
A 355 160 10 0 3 0 #=AE32
L 345 160 10 0 8 0 1 0 MGTHRXN3_215_AE32
A 405 160 10 0 2 0 PINTYPE=BI
P 8 400 170 350 170 0 3 0
A 355 170 10 0 3 0 #=AE31
L 345 170 10 0 8 0 1 0 MGTHRXP3_215_AE31
A 405 170 10 0 2 0 PINTYPE=BI
P 9 400 180 350 180 0 3 0
A 355 180 10 0 3 0 #=AD34
L 345 180 10 0 8 0 1 0 MGTHTXN3_215_AD34
A 405 180 10 0 2 0 PINTYPE=BI
P 10 400 190 350 190 0 3 0
A 355 190 10 0 3 0 #=AD33
L 345 190 10 0 8 0 1 0 MGTHTXP3_215_AD33
A 405 190 10 0 2 0 PINTYPE=BI
P 11 400 200 350 200 0 3 0
A 355 200 10 0 3 0 #=AF30
L 345 200 10 0 8 0 1 0 MGTHRXN2_215_AF30
A 405 200 10 0 2 0 PINTYPE=BI
P 12 400 210 350 210 0 3 0
A 355 210 10 0 3 0 #=AF29
L 345 210 10 0 8 0 1 0 MGTHRXP2_215_AF29
A 405 210 10 0 2 0 PINTYPE=BI
P 13 400 220 350 220 0 3 0
A 355 220 10 0 3 0 #=AF34
L 345 220 10 0 8 0 1 0 MGTHTXN2_215_AF34
A 405 220 10 0 2 0 PINTYPE=BI
P 14 400 230 350 230 0 3 0
A 355 230 10 0 3 0 #=AF33
L 345 230 10 0 8 0 1 0 MGTHTXP2_215_AF33
A 405 230 10 0 2 0 PINTYPE=BI
P 15 400 240 350 240 0 3 0
A 355 240 10 0 3 0 #=AG32
L 345 240 10 0 8 0 1 0 MGTHRXN1_215_AG32
A 405 240 10 0 2 0 PINTYPE=BI
P 16 400 250 350 250 0 3 0
A 355 250 10 0 3 0 #=AG31
L 345 250 10 0 8 0 1 0 MGTHRXP1_215_AG31
A 405 250 10 0 2 0 PINTYPE=BI
P 17 400 260 350 260 0 3 0
A 355 260 10 0 3 0 #=AH34
L 345 260 10 0 8 0 1 0 MGTHTXN1_215_AH34
A 405 260 10 0 2 0 PINTYPE=BI
P 18 400 270 350 270 0 3 0
A 355 270 10 0 3 0 #=AH33
L 345 270 10 0 8 0 1 0 MGTHTXP1_215_AH33
A 405 270 10 0 2 0 PINTYPE=BI
P 19 400 280 350 280 0 3 0
A 355 280 10 0 3 0 #=AH30
L 345 280 10 0 8 0 1 0 MGTHRXN0_215_AH30
A 405 280 10 0 2 0 PINTYPE=BI
P 20 400 290 350 290 0 3 0
A 355 290 10 0 3 0 #=AH29
L 345 290 10 0 8 0 1 0 MGTHRXP0_215_AH29
A 405 290 10 0 2 0 PINTYPE=BI
P 21 400 300 350 300 0 3 0
A 355 300 10 0 3 0 #=AJ32
L 345 300 10 0 8 0 1 0 MGTHTXN0_215_AJ32
A 405 300 10 0 2 0 PINTYPE=BI
P 22 400 310 350 310 0 3 0
A 355 310 10 0 3 0 #=AJ31
L 345 310 10 0 8 0 1 0 MGTHTXP0_215_AJ31
A 405 310 10 0 2 0 PINTYPE=BI
T 220 330 20 0 5 XC7VX690TFFG1158
T 220 350 20 0 5 BANK 215
c 70 370 10
U 50 400 10 0 3 3 DEVICE=XXXXXX
U 50 30 16 0 3 3 REFDES=U?
U 250 30 10 0 3 3 PKG_TYPE=XXXXXX
U 0 0 10 0 3 0 HETERO=7vx690tffg1158b_0,7vx690tffg1158b_14,7vx690tffg1158b_15,7vx690tffg1158b_16,7vx690tffg1158b_17,7vx690tffg1158b_34,7vx690tffg1158b_35,7vx690tffg1158b_36,7vx690tffg1158b_114,7vx690tffg1158b_115,7vx690tffg1158b_116,7vx690tffg1158b_117,7vx690tffg1158b_118,7vx690tffg1158b_119,7vx690tffg1158b_214,7vx690tffg1158b_215,7vx690tffg1158b_216,7vx690tffg1158b_217,7vx690tffg1158b_218,7vx690tffg1158b_219,7vx690tffg1158b_MGTAVCC_G11,7vx690tffg1158b_MGTAVCC_G10,7vx690tffg1158b_MGTAVCC_G21,7vx690tffg1158b_MGTAVCC_G20,7vx690tffg1158b_MGTVCCAUX_G11,7vx690tffg1158b_MGTVCCAUX_G10,7vx690tffg1158b_MGTVCCAUX_G21,7vx690tffg1158b_MGTVCCAUX_G20,7vx690tffg1158b_MGTAVTT_G11,7vx690tffg1158b_MGTAVTT_G10,7vx690tffg1158b_MGTAVTT_G21,7vx690tffg1158b_MGTAVTT_G20,7vx690tffg1158b_GND1,7vx690tffg1158b_GND2,7vx690tffg1158b_VCCINT,7vx690tffg1158b_VCCAUX,7vx690tffg1158b_VCCAUX_IO_G1,7vx690tffg1158b_VCCAUX_IO_G0,7vx690tffg1158b_VCCBRAM
U 0 -10 10 0 3 0 PARTS=1
U 0 -20 10 0 3 0 LEVEL=STD
U 0 -30 10 0 3 0 DATE=2011_09_22
E
