V 50
K 153165148200 xc7vx690tffg1761
Y 1
D 0 0 400 420
Z 10
i 946
b 50 50 350 370
P 1 400 100 350 100 0 3 0
A 355 100 10 0 3 0 #=BA9
L 345 100 10 0 8 0 1 0 MGTREFCLK1N_111_BA9
A 405 100 10 0 2 0 PINTYPE=BI
P 2 400 110 350 110 0 3 0
A 355 110 10 0 3 0 #=BA10
L 345 110 10 0 8 0 1 0 MGTREFCLK1P_111_BA10
A 405 110 10 0 2 0 PINTYPE=BI
P 3 400 120 350 120 0 3 0
A 355 120 10 0 3 0 #=AW9
L 345 120 10 0 8 0 1 0 MGTREFCLK0N_111_AW9
A 405 120 10 0 2 0 PINTYPE=BI
P 4 400 130 350 130 0 3 0
A 355 130 10 0 3 0 #=AW10
L 345 130 10 0 8 0 1 0 MGTREFCLK0P_111_AW10
A 405 130 10 0 2 0 PINTYPE=BI
P 5 400 140 350 140 0 3 0
A 355 140 10 0 3 0 #=AW5
L 345 140 10 0 8 0 1 0 MGTHRXN3_111_AW5
A 405 140 10 0 2 0 PINTYPE=BI
P 6 400 150 350 150 0 3 0
A 355 150 10 0 3 0 #=AW6
L 345 150 10 0 8 0 1 0 MGTHRXP3_111_AW6
A 405 150 10 0 2 0 PINTYPE=BI
P 7 400 160 350 160 0 3 0
A 355 160 10 0 3 0 #=AW1
L 345 160 10 0 8 0 1 0 MGTHTXN3_111_AW1
A 405 160 10 0 2 0 PINTYPE=BI
P 8 400 170 350 170 0 3 0
A 355 170 10 0 3 0 #=AW2
L 345 170 10 0 8 0 1 0 MGTHTXP3_111_AW2
A 405 170 10 0 2 0 PINTYPE=BI
P 9 400 180 350 180 0 3 0
A 355 180 10 0 3 0 #=AY7
L 345 180 10 0 8 0 1 0 MGTHRXN2_111_AY7
A 405 180 10 0 2 0 PINTYPE=BI
P 10 400 190 350 190 0 3 0
A 355 190 10 0 3 0 #=AY8
L 345 190 10 0 8 0 1 0 MGTHRXP2_111_AY8
A 405 190 10 0 2 0 PINTYPE=BI
P 11 400 200 350 200 0 3 0
A 355 200 10 0 3 0 #=AY3
L 345 200 10 0 8 0 1 0 MGTHTXN2_111_AY3
A 405 200 10 0 2 0 PINTYPE=BI
P 12 400 210 350 210 0 3 0
A 355 210 10 0 3 0 #=AY4
L 345 210 10 0 8 0 1 0 MGTHTXP2_111_AY4
A 405 210 10 0 2 0 PINTYPE=BI
P 13 400 220 350 220 0 3 0
A 355 220 10 0 3 0 #=BA5
L 345 220 10 0 8 0 1 0 MGTHRXN1_111_BA5
A 405 220 10 0 2 0 PINTYPE=BI
P 14 400 230 350 230 0 3 0
A 355 230 10 0 3 0 #=BA6
L 345 230 10 0 8 0 1 0 MGTHRXP1_111_BA6
A 405 230 10 0 2 0 PINTYPE=BI
P 15 400 240 350 240 0 3 0
A 355 240 10 0 3 0 #=BA1
L 345 240 10 0 8 0 1 0 MGTHTXN1_111_BA1
A 405 240 10 0 2 0 PINTYPE=BI
P 16 400 250 350 250 0 3 0
A 355 250 10 0 3 0 #=BA2
L 345 250 10 0 8 0 1 0 MGTHTXP1_111_BA2
A 405 250 10 0 2 0 PINTYPE=BI
P 17 400 260 350 260 0 3 0
A 355 260 10 0 3 0 #=BB7
L 345 260 10 0 8 0 1 0 MGTHRXN0_111_BB7
A 405 260 10 0 2 0 PINTYPE=BI
P 18 400 270 350 270 0 3 0
A 355 270 10 0 3 0 #=BB8
L 345 270 10 0 8 0 1 0 MGTHRXP0_111_BB8
A 405 270 10 0 2 0 PINTYPE=BI
P 19 400 280 350 280 0 3 0
A 355 280 10 0 3 0 #=BB3
L 345 280 10 0 8 0 1 0 MGTHTXN0_111_BB3
A 405 280 10 0 2 0 PINTYPE=BI
P 20 400 290 350 290 0 3 0
A 355 290 10 0 3 0 #=BB4
L 345 290 10 0 8 0 1 0 MGTHTXP0_111_BB4
A 405 290 10 0 2 0 PINTYPE=BI
T 220 310 20 0 5 XC7VX690TFFG1761
T 220 330 20 0 5 BANK 111
c 70 350 10
U 50 380 10 0 3 3 DEVICE=XXXXXX
U 50 30 16 0 3 3 REFDES=U?
U 250 30 10 0 3 3 PKG_TYPE=XXXXXX
U 0 0 10 0 3 0 HETERO=7vx690tffg1761b_0,7vx690tffg1761b_12,7vx690tffg1761b_13,7vx690tffg1761b_14,7vx690tffg1761b_15,7vx690tffg1761b_16,7vx690tffg1761b_17,7vx690tffg1761b_18,7vx690tffg1761b_19,7vx690tffg1761b_31,7vx690tffg1761b_32,7vx690tffg1761b_33,7vx690tffg1761b_34,7vx690tffg1761b_35,7vx690tffg1761b_36,7vx690tffg1761b_37,7vx690tffg1761b_38,7vx690tffg1761b_39,7vx690tffg1761b_111,7vx690tffg1761b_112,7vx690tffg1761b_113,7vx690tffg1761b_114,7vx690tffg1761b_115,7vx690tffg1761b_116,7vx690tffg1761b_117,7vx690tffg1761b_118,7vx690tffg1761b_119,7vx690tffg1761b_MGTAVCC_G11,7vx690tffg1761b_MGTAVCC_G10,7vx690tffg1761b_MGTAVTT_G11,7vx690tffg1761b_MGTAVTT_G10,7vx690tffg1761b_MGTVCCAUX_G11,7vx690tffg1761b_MGTVCCAUX_G10,7vx690tffg1761b_GND1,7vx690tffg1761b_GND2,7vx690tffg1761b_VCCINT,7vx690tffg1761b_VCCAUX,7vx690tffg1761b_VCCAUX_IO_G0,7vx690tffg1761b_VCCAUX_IO_G1,7vx690tffg1761b_VCCAUX_IO_G2,7vx690tffg1761b_VCCAUX_IO_G3,7vx690tffg1761b_VCCAUX_IO_G4,7vx690tffg1761b_VCCAUX_IO_G5,7vx690tffg1761b_VCCBRAM,7vx690tffg1761b_NC
U 0 -10 10 0 3 0 PARTS=1
U 0 -20 10 0 3 0 LEVEL=STD
U 0 -30 10 0 3 0 DATE=2011_09_22
E