V 51
K 412892115900 88e1111-rcj-bga
|R 1:42_2-16-13
Y 1
D 0 0 290 900
Z 10
i 156
U 0 -40 10 0 3 0 LEVEL=STD
U 0 -30 10 0 3 0 PARTS=1
U 155 0 10 0 3 3 PKG_TYPE=TFBGA-117
P 29 290 860 250 860 0 3 0
A 250 865 10 4 2 0 PINTYPE=BI
A 250 860 10 4 9 3 #=N1
L 245 860 10 4 2 0 1 0 MDI0_P
P 41 290 790 250 790 0 3 0
A 250 795 10 4 2 0 PINTYPE=ANALOG
A 250 790 10 4 9 3 #=N7
L 245 790 10 4 2 0 1 0 MDI2_N
P 31 290 850 250 850 0 3 0
A 250 855 10 4 2 0 PINTYPE=BI
A 250 850 10 4 9 3 #=N2
L 245 850 10 4 2 0 1 0 MDI0_N
P 33 290 830 250 830 0 3 0
A 250 835 10 4 2 0 PINTYPE=BI
A 250 830 10 4 9 3 #=N3
L 245 830 10 4 2 0 1 0 MDI1_P
P 34 290 820 250 820 0 3 0
A 250 825 10 4 2 0 PINTYPE=BI
A 250 820 10 4 9 3 #=N4
L 245 820 10 4 2 0 1 0 MDI1_N
P 39 290 800 250 800 0 3 0
A 250 805 10 4 2 0 PINTYPE=BI
A 250 800 10 4 9 3 #=N6
L 245 800 10 4 2 0 1 0 MDI2_P
P 42 290 770 250 770 0 3 0
A 250 775 10 4 2 0 PINTYPE=BI
A 250 770 10 4 9 3 #=N8
L 245 770 10 4 2 0 1 0 MDI3_P
P 43 290 760 250 760 0 3 0
A 250 765 10 4 2 0 PINTYPE=BI
A 250 760 10 4 9 3 #=N9
L 245 760 10 4 2 0 1 0 MDI3_N
P 37 290 730 250 730 0 3 0
A 250 735 10 4 2 0 PINTYPE=ANALOG
A 250 730 10 4 9 3 #=M5
L 245 730 10 4 2 0 1 0 HSDAC_P
P 38 290 720 250 720 0 3 0
A 250 725 10 4 2 0 PINTYPE=ANALOG
A 250 720 10 4 9 3 #=M6
L 245 720 10 4 2 0 1 0 HSDAC_N
P 65 290 690 251 690 0 3 0
A 251 700 10 0 2 0 PINTYPE=OUT
A 251 690 10 0 3 3 #=A5
L 246 690 10 0 8 0 1 0 SCLK_P
P 66 290 680 251 680 0 3 0
A 251 690 10 0 2 0 PINTYPE=OUT
A 251 680 10 0 3 3 #=A6
L 246 680 10 0 8 0 1 0 SCLK_N
P 63 290 660 251 660 0 3 0
A 251 670 10 0 2 0 PINTYPE=IN
A 251 660 10 0 3 3 #=A3
L 246 660 10 0 8 0 1 0 SIN_P
P 64 290 650 251 650 0 3 0
A 251 660 10 0 2 0 PINTYPE=IN
A 251 650 10 0 3 3 #=A4
L 246 650 10 0 8 0 1 0 SIN_N
P 68 290 630 251 630 0 3 0
A 251 640 10 0 2 0 PINTYPE=OUT
A 251 630 10 0 3 3 #=A7
L 246 630 10 0 8 0 1 0 SOUT_P
P 70 290 620 251 620 0 3 0
A 251 630 10 0 2 0 PINTYPE=OUT
A 251 620 10 0 3 3 #=A8
L 246 620 10 0 8 0 1 0 SOUT_N
P 89 290 590 251 590 0 3 0
A 251 600 10 0 2 0 PINTYPE=IN
A 251 590 10 0 3 3 #=H8
L 246 590 10 0 8 0 1 0 SEL_OSC
P 90 290 570 251 570 0 3 0
A 251 580 10 0 2 0 PINTYPE=IN
A 251 570 10 0 3 3 #=H9
L 246 570 10 0 8 0 1 0 XTAL1
P 91 290 560 251 560 0 3 0
A 251 570 10 0 2 0 PINTYPE=IN
A 251 560 10 0 3 3 #=J9
L 246 560 10 0 8 0 1 0 XTAL2
P 69 290 540 251 540 0 3 0
A 251 550 10 0 2 0 PINTYPE=OUT
A 251 540 10 0 3 3 #=C8
L 246 540 10 0 8 0 1 0 LED_LINK10
P 71 290 530 251 530 0 3 0
A 251 540 10 0 2 0 PINTYPE=OUT
A 251 530 10 0 3 3 #=B8
L 246 530 10 0 8 0 1 0 LED_LINK100
P 72 290 520 251 520 0 3 0
A 251 530 10 0 2 0 PINTYPE=OUT
A 251 520 10 0 3 3 #=A9
L 246 520 10 0 8 0 1 0 LED_LINK1000
P 75 290 500 251 500 0 3 0
A 251 510 10 0 2 0 PINTYPE=OUT
A 251 500 10 0 3 3 #=E8
L 246 500 10 0 8 0 1 0 LED_DPLX
P 76 290 490 251 490 0 3 0
A 251 500 10 0 2 0 PINTYPE=OUT
A 251 490 10 0 3 3 #=C9
L 246 490 10 0 8 0 1 0 LED_RX
P 77 290 480 251 480 0 3 0
A 251 490 10 0 2 0 PINTYPE=OUT
A 251 480 10 0 3 3 #=D9
L 246 480 10 0 8 0 1 0 LED_TX
P 80 290 460 251 460 0 3 0
A 251 470 10 0 2 0 PINTYPE=IN
A 251 460 10 0 3 3 #=D8
L 246 460 10 0 8 0 1 0 CONFIG0
P 81 290 450 251 450 0 3 0
A 251 460 10 0 2 0 PINTYPE=IN
A 251 450 10 0 3 3 #=E9
L 246 450 10 0 8 0 1 0 CONFIG1
P 82 290 440 251 440 0 3 0
A 251 450 10 0 2 0 PINTYPE=IN
A 251 440 10 0 3 3 #=F8
L 246 440 10 0 8 0 1 0 CONFIG2
P 84 290 430 251 430 0 3 0
A 251 440 10 0 2 0 PINTYPE=IN
A 251 430 10 0 3 3 #=G7
L 246 430 10 0 8 0 1 0 CONFIG3
P 85 290 420 251 420 0 3 0
A 251 430 10 0 2 0 PINTYPE=IN
A 251 420 10 0 3 3 #=F9
L 246 420 10 0 8 0 1 0 CONFIG4
P 86 290 410 251 410 0 3 0
A 251 420 10 0 2 0 PINTYPE=IN
A 251 410 10 0 3 3 #=G9
L 246 410 10 0 8 0 1 0 CONFIG5
P 87 290 400 251 400 0 3 0
A 251 410 10 0 2 0 PINTYPE=IN
A 251 400 10 0 3 3 #=G8
L 246 400 10 0 8 0 1 0 CONFIG6
P 146 290 370 250 370 0 3 0
A 240 375 10 4 2 0 PINTYPE=ANALOG
A 250 370 10 4 9 3 #=B7
L 245 370 10 4 2 0 1 0 AVDD_B7
P 129 290 360 250 360 0 3 0
L 245 360 10 4 2 0 1 0 AVDD_M3
A 250 360 10 4 9 3 #=M3
A 240 365 10 4 2 0 PINTYPE=ANALOG
P 128 290 350 250 350 0 3 0
A 240 355 10 4 2 0 PINTYPE=ANALOG
A 250 350 10 4 9 3 #=M4
L 245 350 10 4 2 0 1 0 AVDD_M4
P 127 290 340 250 340 0 3 0
L 245 340 10 4 2 0 1 0 AVDD_M7
A 250 340 10 4 9 3 #=M7
A 240 345 10 4 2 0 PINTYPE=ANALOG
P 125 290 330 250 330 0 3 0
A 240 335 10 4 2 0 PINTYPE=ANALOG
A 250 330 10 4 9 3 #=M8
L 245 330 10 4 2 0 1 0 AVDD_M8
P 115 290 320 250 320 0 3 0
L 245 320 10 4 2 0 1 0 AVDD_N5
A 250 320 10 4 9 3 #=N5
A 240 325 10 4 2 0 PINTYPE=ANALOG
P 137 290 300 250 300 0 3 0
L 245 300 10 4 2 0 1 0 VDDOH_B9
A 250 300 10 4 9 3 #=B9
A 240 305 10 4 2 0 PINTYPE=ANALOG
P 141 290 290 250 290 0 3 0
L 245 290 10 4 2 0 1 0 VDDOH_F7
A 250 290 10 4 9 3 #=F7
A 240 295 10 4 2 0 PINTYPE=ANALOG
P 131 290 280 250 280 0 3 0
A 240 285 10 4 2 0 PINTYPE=ANALOG
A 250 280 10 4 9 3 #=J8
L 245 280 10 4 2 0 1 0 VDDOH_J8
P 155 290 80 251 80 0 3 0
L 246 80 10 0 8 0 1 0 VSS_L5
A 251 80 10 0 3 3 #=L5
A 251 90 10 0 2 0 PINTYPE=ANALOG
P 153 290 70 251 70 0 3 0
A 251 80 10 0 2 0 PINTYPE=ANALOG
A 251 70 10 0 3 3 #=L6
L 246 70 10 0 8 0 1 0 VSS_L6
P 132 290 30 251 30 0 3 0
A 251 40 10 0 2 0 PINTYPE=ANALOG
A 251 30 10 0 3 3 #=H7
L 246 30 10 0 8 0 1 0 VSSC_H7
P 152 290 260 250 260 0 3 0
L 245 260 10 4 2 0 1 0 DVDD_C6
A 250 260 10 4 9 3 #=C6
A 240 265 10 4 2 0 PINTYPE=ANALOG
P 151 290 250 250 250 0 3 0
A 240 255 10 4 2 0 PINTYPE=ANALOG
A 250 250 10 4 9 3 #=C7
L 245 250 10 4 2 0 1 0 DVDD_C7
P 142 290 240 250 240 0 3 0
A 240 245 10 4 2 0 PINTYPE=ANALOG
A 250 240 10 4 9 3 #=D7
L 245 240 10 4 2 0 1 0 DVDD_D7
P 138 290 230 250 230 0 3 0
L 245 230 10 4 2 0 1 0 DVDD_E3
A 250 230 10 4 9 3 #=E3
A 240 235 10 4 2 0 PINTYPE=ANALOG
P 136 290 220 250 220 0 3 0
A 240 225 10 4 2 0 PINTYPE=ANALOG
A 250 220 10 4 9 3 #=E7
L 245 220 10 4 2 0 1 0 DVDD_E7
P 133 290 210 250 210 0 3 0
L 245 210 10 4 2 0 1 0 DVDD_F3
A 250 210 10 4 9 3 #=F3
A 240 215 10 4 2 0 PINTYPE=ANALOG
P 109 290 200 250 200 0 3 0
A 240 205 10 4 2 0 PINTYPE=ANALOG
A 250 200 10 4 9 3 #=J3
L 245 200 10 4 2 0 1 0 DVDD_J3
P 108 290 190 250 190 0 3 0
A 240 195 10 4 2 0 PINTYPE=ANALOG
A 250 190 10 4 9 3 #=J7
L 245 190 10 4 2 0 1 0 DVDD_J7
P 24 0 860 40 860 0 2 0
A 40 865 10 0 2 0 PINTYPE=BI
A 40 860 10 0 9 3 #=M1
L 45 860 10 0 2 0 1 0 MDIO_SDA
P 25 0 850 40 850 0 2 0
A 40 855 10 0 2 0 PINTYPE=IN
A 40 850 10 0 9 3 #=L3
L 45 850 10 0 2 0 1 0 MDC_SCL
P 22 0 830 40 830 0 2 0
A 40 835 10 0 2 0 PINTYPE=OUT
A 40 830 10 0 9 3 #=K2
L 45 830 10 0 2 0 1 0 125CLK
P 23 0 820 40 820 0 2 0
A 40 825 10 0 2 0 PINTYPE=OUT
A 40 820 10 0 9 3 #=L1
L 45 820 10 0 2 0 1 0 INT_B
P 27 0 810 40 810 0 2 0
A 40 815 10 0 2 0 PINTYPE=IN
A 40 810 10 0 9 3 #=L4
L 45 810 10 0 2 0 1 0 COMA
P 28 0 800 40 800 0 2 0
A -170 805 10 0 2 0 PINTYPE=IN
A 40 800 10 0 9 3 #=K3
L 45 800 10 0 2 0 1 0 RESET_B
P 30 0 790 40 790 0 2 0
A -170 795 10 0 2 0 PINTYPE=ANALOG
A 40 790 10 0 9 3 #=M2
L 45 790 10 0 2 0 1 0 RSET
P 61 0 780 39 780 0 2 0
A 39 790 10 4 2 0 PINTYPE=OUT
A 39 780 10 4 3 3 #=B5
L 44 780 10 4 8 0 1 0 CRS
P 62 0 770 39 770 0 2 0
A 39 780 10 4 2 0 PINTYPE=OUT
A 39 770 10 4 3 3 #=B6
L 44 770 10 4 8 0 1 0 COL
P 2 0 740 40 740 0 2 0
A 50 745 10 0 2 0 PINTYPE=OUT
A 40 740 10 0 9 3 #=C1
L 45 740 10 0 2 0 1 0 RXCLK
P 3 0 730 40 730 0 2 0
A 50 735 10 0 2 0 PINTYPE=OUT
A 40 730 10 0 9 3 #=D2
L 45 730 10 0 2 0 1 0 RXER
P 51 0 720 39 720 0 2 0
A 39 730 10 4 2 0 PINTYPE=OUT
A 39 720 10 4 3 3 #=B1
L 44 720 10 4 8 0 1 0 RXDV
P 50 0 700 39 700 0 2 0
A 39 710 10 4 2 0 PINTYPE=OUT
A 39 700 10 4 3 3 #=B2
L 44 700 10 4 8 0 1 0 RXD0
P 53 0 690 39 690 0 2 0
A 39 700 10 4 2 0 PINTYPE=OUT
A 39 690 10 4 3 3 #=D3
L 44 690 10 4 8 0 1 0 RXD1
P 52 0 680 39 680 0 2 0
A 39 690 10 4 2 0 PINTYPE=OUT
A 39 680 10 4 3 3 #=C3
L 44 680 10 4 8 0 1 0 RXD2
P 54 0 670 39 670 0 2 0
A 39 680 10 4 2 0 PINTYPE=OUT
A 39 670 10 4 3 3 #=B3
L 44 670 10 4 8 0 1 0 RXD3
P 55 0 650 39 650 0 2 0
A 39 660 10 4 2 0 PINTYPE=OUT
A 39 650 10 4 3 3 #=C4
L 44 650 10 4 8 0 1 0 RXD4
P 56 0 640 39 640 0 2 0
A 39 650 10 4 2 0 PINTYPE=OUT
A 39 640 10 4 3 3 #=A1
L 44 640 10 4 8 0 1 0 RXD5
P 59 0 620 39 620 0 2 0
A 39 630 10 4 2 0 PINTYPE=OUT
A 39 620 10 4 3 3 #=C5
L 44 620 10 4 8 0 1 0 RXD7
P 58 0 630 39 630 0 2 0
A 39 640 10 4 2 0 PINTYPE=OUT
A 39 630 10 4 3 3 #=A2
L 44 630 10 4 8 0 1 0 RXD6
P 8 0 590 40 590 0 2 0
A 50 595 10 0 2 0 PINTYPE=IN
A 40 590 10 0 9 3 #=E2
L 45 590 10 0 2 0 1 0 GTXCLK
P 4 0 580 40 580 0 2 0
A 50 585 10 0 2 0 PINTYPE=OUT
A 40 580 10 0 9 3 #=D1
L 45 580 10 0 2 0 1 0 TXCLK
P 7 0 570 40 570 0 2 0
A 50 575 10 0 2 0 PINTYPE=IN
A 40 570 10 0 9 3 #=F2
L 45 570 10 0 2 0 1 0 TXER
P 9 0 560 40 560 0 2 0
A 50 565 10 0 2 0 PINTYPE=IN
A 40 560 10 0 9 3 #=E1
L 45 560 10 0 2 0 1 0 TXEN
P 11 0 540 40 540 0 2 0
A 40 545 10 0 2 0 PINTYPE=IN
A 40 540 10 0 9 3 #=F1
L 45 540 10 0 2 0 1 0 TXD0
P 12 0 530 40 530 0 2 0
A 40 535 10 0 2 0 PINTYPE=IN
A 40 530 10 0 9 3 #=G2
L 45 530 10 0 2 0 1 0 TXD1
P 14 0 520 40 520 0 2 0
A 40 525 10 0 2 0 PINTYPE=IN
A 40 520 10 0 9 3 #=G3
L 45 520 10 0 2 0 1 0 TXD2
P 16 0 510 40 510 0 2 0
A 40 515 10 0 2 0 PINTYPE=IN
A 40 510 10 0 9 3 #=H2
L 45 510 10 0 2 0 1 0 TXD3
P 17 0 490 40 490 0 2 0
A 40 495 10 0 2 0 PINTYPE=IN
A 40 490 10 0 9 3 #=H1
L 45 490 10 0 2 0 1 0 TXD4
P 18 0 480 40 480 0 2 0
A 40 485 10 0 2 0 PINTYPE=IN
A 40 480 10 0 9 3 #=H3
L 45 480 10 0 2 0 1 0 TXD5
P 19 0 470 40 470 0 2 0
A 40 475 10 0 2 0 PINTYPE=IN
A 40 470 10 0 9 3 #=J1
L 45 470 10 0 2 0 1 0 TXD6
P 20 0 460 40 460 0 2 0
A 40 465 10 0 2 0 PINTYPE=IN
A 40 460 10 0 9 3 #=J2
L 45 460 10 0 2 0 1 0 TXD7
P 44 0 430 40 430 0 2 0
A 40 435 10 0 2 0 PINTYPE=IN
A 40 430 10 0 9 3 #=L7
L 45 430 10 0 2 0 1 0 TDI
P 46 0 420 40 420 0 2 0
A 40 425 10 0 2 0 PINTYPE=IN
A 40 420 10 0 9 3 #=L8
L 45 420 10 0 2 0 1 0 TMS
P 47 0 410 40 410 0 2 0
A 40 415 10 0 2 0 PINTYPE=IN
A 40 410 10 0 9 3 #=M9
L 45 410 10 0 2 0 1 0 TRST_B
P 95 0 400 39 400 0 2 0
A 39 410 10 4 2 0 PINTYPE=OUT
A 39 400 10 4 3 3 #=K8
L 44 400 10 4 8 0 1 0 TDO
P 96 0 390 39 390 0 2 0
A 39 400 10 4 2 0 PINTYPE=IN
A 39 390 10 4 3 3 #=L9
L 44 390 10 4 8 0 1 0 TCK
P 126 0 370 40 370 0 2 0
L 45 370 10 0 2 0 1 0 NC_G1
A 40 370 10 0 9 3 #=G1
A 50 375 10 0 2 0 PINTYPE=ANALOG
l 2 75 765 130 765
l 2 75 450 130 450
l 2 130 450 130 750
l 2 110 665 110 655
l 2 85 670 75 660
l 2 75 660 85 650
l 2 85 665 85 670
l 2 85 650 85 655
l 2 85 655 110 655
l 2 85 665 110 665
l 2 75 495 75 505
l 2 100 490 110 500
l 2 110 500 100 510
l 2 100 495 100 490
l 2 100 510 100 505
P 156 0 360 40 360 0 2 0
A 50 365 10 0 2 0 PINTYPE=ANALOG
A 40 360 10 0 9 3 #=K7
L 45 360 10 0 2 0 1 0 NC_K7
P 130 0 330 40 330 0 2 0
L 45 330 10 0 2 0 1 0 VDDOX_K9
A 40 330 10 0 9 3 #=K9
A 50 335 10 0 2 0 PINTYPE=ANALOG
P 154 0 290 40 290 0 2 0
A 50 295 10 0 2 0 PINTYPE=ANALOG
A 40 290 10 0 9 3 #=B4
L 45 290 10 0 2 0 1 0 VDDO_B4
P 110 0 280 40 280 0 2 0
L 45 280 10 0 2 0 1 0 VDDO_C2
A 40 280 10 0 9 3 #=C2
A 50 285 10 0 2 0 PINTYPE=ANALOG
P 102 0 270 40 270 0 2 0
A 50 275 10 0 2 0 PINTYPE=ANALOG
A 40 270 10 0 9 3 #=K1
L 45 270 10 0 2 0 1 0 VDDO_K1
P 111 0 320 40 320 0 2 0
A 50 325 10 0 2 0 PINTYPE=ANALOG
A 40 320 10 0 9 3 #=L2
L 45 320 10 0 2 0 1 0 VDDOX_L2
P 139 0 230 39 230 0 2 0
L 44 230 10 4 8 0 1 0 VSS_D4
A 39 230 10 4 3 3 #=D4
A 39 240 10 4 2 0 PINTYPE=ANALOG
P 140 0 220 39 220 0 2 0
A 39 230 10 4 2 0 PINTYPE=ANALOG
A 39 220 10 4 3 3 #=D5
L 44 220 10 4 8 0 1 0 VSS_D5
P 135 0 210 39 210 0 2 0
A 39 220 10 4 2 0 PINTYPE=ANALOG
A 39 210 10 4 3 3 #=D6
L 44 210 10 4 8 0 1 0 VSS_D6
P 134 0 200 39 200 0 2 0
L 44 200 10 4 8 0 1 0 VSS_E4
A 39 200 10 4 3 3 #=E4
A 39 210 10 4 2 0 PINTYPE=ANALOG
P 124 0 190 39 190 0 2 0
L 44 190 10 4 8 0 1 0 VSS_E5
A 39 190 10 4 3 3 #=E5
A 39 200 10 4 2 0 PINTYPE=ANALOG
P 123 0 180 39 180 0 2 0
A 39 190 10 4 2 0 PINTYPE=ANALOG
A 39 180 10 4 3 3 #=E6
L 44 180 10 4 8 0 1 0 VSS_E6
P 122 0 170 39 170 0 2 0
L 44 170 10 4 8 0 1 0 VSS_F4
A 39 170 10 4 3 3 #=F4
A 39 180 10 4 2 0 PINTYPE=ANALOG
P 121 0 160 39 160 0 2 0
A 39 170 10 4 2 0 PINTYPE=ANALOG
A 39 160 10 4 3 3 #=F5
L 44 160 10 4 8 0 1 0 VSS_F5
P 120 0 150 39 150 0 2 0
L 44 150 10 4 8 0 1 0 VSS_F6
A 39 150 10 4 3 3 #=F6
A 39 160 10 4 2 0 PINTYPE=ANALOG
P 119 0 140 39 140 0 2 0
A 39 150 10 4 2 0 PINTYPE=ANALOG
A 39 140 10 4 3 3 #=G4
L 44 140 10 4 8 0 1 0 VSS_G4
P 118 0 130 39 130 0 2 0
L 44 130 10 4 8 0 1 0 VSS_G5
A 39 130 10 4 3 3 #=G5
A 39 140 10 4 2 0 PINTYPE=ANALOG
P 117 0 120 39 120 0 2 0
A 39 130 10 4 2 0 PINTYPE=ANALOG
A 39 120 10 4 3 3 #=G6
L 44 120 10 4 8 0 1 0 VSS_G6
P 116 0 110 39 110 0 2 0
L 44 110 10 4 8 0 1 0 VSS_H4
A 39 110 10 4 3 3 #=H4
A 39 120 10 4 2 0 PINTYPE=ANALOG
P 114 0 100 39 100 0 2 0
A 39 110 10 4 2 0 PINTYPE=ANALOG
A 39 100 10 4 3 3 #=H5
L 44 100 10 4 8 0 1 0 VSS_H5
P 113 0 90 39 90 0 2 0
L 44 90 10 4 8 0 1 0 VSS_H6
A 39 90 10 4 3 3 #=H6
A 39 100 10 4 2 0 PINTYPE=ANALOG
P 112 0 80 39 80 0 2 0
A 39 90 10 4 2 0 PINTYPE=ANALOG
A 39 80 10 4 3 3 #=J4
L 44 80 10 4 8 0 1 0 VSS_J4
P 107 0 70 39 70 0 2 0
L 44 70 10 4 8 0 1 0 VSS_J5
A 39 70 10 4 3 3 #=J5
A 39 80 10 4 2 0 PINTYPE=ANALOG
P 106 0 60 39 60 0 2 0
A 39 70 10 4 2 0 PINTYPE=ANALOG
A 39 60 10 4 3 3 #=J6
L 44 60 10 4 8 0 1 0 VSS_J6
P 104 0 50 39 50 0 2 0
A 39 60 10 4 2 0 PINTYPE=ANALOG
A 39 50 10 4 3 3 #=K4
L 44 50 10 4 8 0 1 0 VSS_K4
P 101 0 40 39 40 0 2 0
A 39 50 10 4 2 0 PINTYPE=ANALOG
A 39 40 10 4 3 3 #=K5
L 44 40 10 4 8 0 1 0 VSS_K5
P 98 0 30 39 30 0 2 0
L 44 30 10 4 8 0 1 0 VSS_K6
A 39 30 10 4 3 3 #=K6
A 39 40 10 4 2 0 PINTYPE=ANALOG
U 45 875 10 0 3 3 DEVICE=M88E1111_BAB1C000
l 2 100 505 75 505
l 2 100 495 75 495
U 50 -10 16 0 3 3 REFDES=U?
l 2 130 750 75 750
l 2 130 865 130 765
b 40 10 250 870
T 140 810 10 0 3 MGMT
T 140 600 10 0 3 GMII
E
