V 53
K 1450024164 9dbu0631akilf_func.1
F Case
|R 9:29:24_12-14-15
D 0 320 250 0
Y 1
Z 10
i 47
U 0 -40 10 0 3 0 MANF=IDT
U 0 -50 10 0 3 0 MANF_P/N=9DBU0631AKILF
U 0 -60 10 0 3 0 DIST=DIGIKEY
U 0 -70 10 0 3 0 DIST_P/N=800-2797-ND
U 0 -30 10 0 3 0 PARTS=1
U 0 -20 10 0 3 0 LEVEL=STD
U 100 165 10 0 3 3 DEVICE=9DBU0631
U 20 0 16 0 3 3 REFDES=U?
U 190 5 10 0 3 3 PKG_TYPE=VFQFPN_40
U 0 0 10 0 1 0 FORWARD_PCB=1
b 20 20 230 300
P 1 250 120 230 120 0 3 0
L 220 120 10 0 8 0 1 0 DIF5_B
A 250 120 37 0 9 0 PINTYPE=OUT
A 245 120 10 0 9 3 #=37
P 2 0 90 20 90 0 2 0
L 30 90 10 0 2 0 1 0 SCLK
A 0 90 10 0 3 0 PINTYPE=IN
A 10 90 10 0 3 3 #=9
P 3 0 150 20 150 0 2 0
L 30 150 10 0 2 0 1 0 OE5_B
A 0 150 10 0 3 0 PINTYPE=IN
A 5 150 10 0 3 3 #=38
P 4 50 320 50 300 0 0 0
L 50 250 10 1 2 0 1 0 VDDIO5
A 50 320 10 1 9 0 PINTYPE=POWER
A 50 315 10 1 9 3 #=39
P 5 250 280 230 280 0 3 0
L 220 280 10 0 8 0 1 0 DIF0
A 250 280 10 0 9 0 PINTYPE=OUT
A 245 280 10 0 9 3 #=14
P 6 0 100 20 100 0 2 0
L 30 100 10 0 2 0 1 0 SADR
A 0 100 10 0 3 0 PINTYPE=IN
A 10 100 10 0 3 3 #=1
P 7 250 70 230 70 0 3 0
L 220 70 10 0 8 0 1 0 FB_DNC_B
A 250 70 10 0 9 0 PINTYPE=IN
A 240 70 10 0 9 3 #=4
P 8 0 200 20 200 0 2 0
L 30 200 10 0 2 0 1 0 OE0_B
A 0 200 10 0 3 0 PINTYPE=IN
A 5 200 10 0 3 3 #=13
P 9 250 40 230 40 0 3 0
L 170 35 10 0 3 0 1 0 QFN_EPAD
A 250 40 10 0 9 0 PINTYPE=POWER
A 245 40 10 0 9 3 #=41
P 10 175 320 175 300 0 0 0
L 175 250 10 1 2 0 1 0 VDD_RA
A 175 320 37 1 9 0 PINTYPE=POWER
A 175 310 10 1 9 3 #=5
P 11 0 170 20 170 0 2 0
L 30 170 10 0 2 0 1 0 OE3_B
A 0 170 37 0 3 0 PINTYPE=IN
A 5 170 10 0 3 3 #=29
P 12 250 90 230 90 0 3 0
L 220 90 10 0 8 0 1 0 NC2
A 250 90 37 0 9 0 PINTYPE=IN
A 245 90 10 0 9 3 #=30
P 13 60 320 60 300 0 0 0
L 60 250 10 1 2 0 1 0 VDDIO4
A 60 320 37 1 9 0 PINTYPE=POWER
A 60 315 10 1 9 3 #=32
P 14 110 320 110 300 0 0 0
L 110 250 10 1 2 0 1 0 VDD_DL2
A 110 320 37 1 9 0 PINTYPE=POWER
A 110 315 10 1 9 3 #=31
P 15 250 150 230 150 0 3 0
L 220 150 10 0 8 0 1 0 DIF4_B
A 250 150 37 0 9 0 PINTYPE=OUT
A 245 150 10 0 9 3 #=34
P 16 250 160 230 160 0 3 0
L 220 160 10 0 8 0 1 0 DIF4
A 250 160 37 0 9 0 PINTYPE=OUT
A 245 160 10 0 9 3 #=33
P 17 250 130 230 130 0 3 0
L 220 130 10 0 8 0 1 0 DIF5
A 250 130 37 0 9 0 PINTYPE=OUT
A 245 130 10 0 9 3 #=36
P 18 0 160 20 160 0 2 0
L 30 160 10 0 2 0 1 0 OE4_B
A 0 160 37 0 3 0 PINTYPE=IN
A 5 160 10 0 3 3 #=35
P 19 0 80 20 80 0 2 0
L 30 80 10 0 2 0 1 0 SDATA
A 0 80 10 0 3 0 PINTYPE=IN
A 5 80 10 0 3 3 #=10
P 20 160 320 160 300 0 0 0
L 160 250 10 1 2 0 1 0 VDD_DIG
A 160 320 10 1 9 0 PINTYPE=POWER
A 160 315 10 1 9 3 #=11
P 21 90 320 90 300 0 0 0
L 90 250 10 1 2 0 1 0 VDDIO1
A 90 320 10 1 9 0 PINTYPE=POWER
A 90 315 10 1 9 3 #=12
P 22 70 320 70 300 0 0 0
L 70 250 10 1 2 0 1 0 VDDIO3
A 70 320 10 1 9 0 PINTYPE=POWER
A 70 315 10 1 9 3 #=26
P 23 140 320 140 300 0 0 0
L 140 250 10 1 2 0 1 0 VDD_PLL
A 140 320 10 1 9 0 PINTYPE=POWER
A 140 315 10 1 9 3 #=25
P 24 0 180 20 180 0 2 0
L 30 180 10 0 2 0 1 0 OE2_B
A 0 180 10 0 3 0 PINTYPE=IN
A 5 180 10 0 3 3 #=24
P 25 250 210 230 210 0 3 0
L 220 210 10 0 8 0 1 0 DIF2_B
A 250 210 10 0 9 0 PINTYPE=OUT
A 245 210 10 0 9 3 #=23
P 26 0 60 20 60 0 2 0
L 30 60 10 0 2 0 1 0 HIBW_BYPM_LOBW_B
A 0 60 37 0 3 0 PINTYPE=IN
A 10 60 10 0 3 3 #=2
P 27 250 80 230 80 0 3 0
L 220 80 10 0 8 0 1 0 FB_DNC
A 250 80 37 0 9 0 PINTYPE=IN
A 240 80 10 0 9 3 #=3
P 28 0 40 20 40 0 2 0
L 30 40 10 0 2 0 1 0 CKPWRGD_PD_B
A 0 40 37 0 3 0 PINTYPE=IN
A 5 40 10 0 3 3 #=40
P 29 250 180 230 180 0 3 0
L 220 180 10 0 8 0 1 0 DIF3_B
A 250 180 37 0 9 0 PINTYPE=OUT
A 245 180 10 0 9 3 #=28
P 30 250 190 230 190 0 3 0
L 220 190 10 0 8 0 1 0 DIF3
A 250 190 37 0 9 0 PINTYPE=OUT
A 245 190 10 0 9 3 #=27
P 31 250 50 230 50 0 3 0
L 220 50 10 0 8 0 1 0 DGND1
A 250 50 37 0 9 0 PINTYPE=POWER
A 240 50 10 0 9 3 #=8
P 32 0 120 20 120 0 2 0
L 30 120 10 0 2 0 1 0 CLK_IN_B
A 0 120 37 0 3 0 PINTYPE=IN
A 10 120 10 0 3 3 #=7
P 33 0 130 20 130 0 2 0
L 30 130 10 0 2 0 1 0 CLK_IN
A 0 130 37 0 3 0 PINTYPE=IN
A 10 130 10 0 3 3 #=6
P 34 250 220 230 220 0 3 0
L 220 220 10 0 8 0 1 0 DIF2
A 250 220 10 0 9 0 PINTYPE=OUT
A 245 220 10 0 9 3 #=22
P 35 0 190 20 190 0 2 0
L 30 190 10 0 2 0 1 0 OE1_B
A 0 190 10 0 3 0 PINTYPE=IN
A 5 190 10 0 3 3 #=21
P 36 250 100 230 100 0 3 0
L 220 100 10 0 8 0 1 0 NC1
A 250 100 10 0 9 0 PINTYPE=IN
A 245 100 10 0 9 3 #=20
P 37 250 240 230 240 0 3 0
L 220 240 10 0 8 0 1 0 DIF1_B
A 250 240 10 0 9 0 PINTYPE=OUT
A 245 240 10 0 9 3 #=19
P 38 250 250 230 250 0 3 0
L 220 250 10 0 8 0 1 0 DIF1
A 250 250 10 0 9 0 PINTYPE=OUT
A 245 250 10 0 9 3 #=18
P 39 80 320 80 300 0 0 0
L 80 250 10 1 2 0 1 0 VDDIO2
A 80 320 10 1 9 0 PINTYPE=POWER
A 80 315 10 1 9 3 #=17
P 40 120 320 120 300 0 0 0
L 120 250 10 1 2 0 1 0 VDD_DL1
A 120 320 10 1 9 0 PINTYPE=POWER
A 120 315 10 1 9 3 #=16
P 41 250 270 230 270 0 3 0
L 220 270 10 0 8 0 1 0 DIF0_B
A 250 270 10 0 9 0 PINTYPE=OUT
A 245 270 10 0 9 3 #=15
E