V 53
K 1408650993 ad8429.1
F Case
|R 12:56:33_8-21-14
D 0 100 120 -5
Y 1
Z 10
i 50
U 0 -20 10 0 3 0 MANF_P/N=XXXX
U 20 90 10 0 3 3 DEVICE=AD8429
U 75 0 10 0 3 3 PKG_TYPE=XXXX
U 20 -5 16 0 3 3 REFDES=U?
U 20 -5 10 0 1 0 VALUE=AD8429
U 0 -5 10 0 1 0 FORWARD_PCB=1
b 20 10 100 90
T 25 80 10 0 2 RG
Q 15 0 0
|FNTSTL 16777215 0
T 95 80 10 0 8 RG
Q 15 0 0
|FNTSTL 16777215 0
P 18 0 60 20 60 0 2 0
L 25 60 10 0 2 0 1 0 IN_P
A 15 60 10 0 9 3 #=4
A -30 50 10 0 9 0 PINTYPE=BI
P 19 120 80 100 80 0 3 0
L 95 80 10 0 8 0 0 0 RG2
A 105 80 10 0 3 3 #=3
A 160 75 10 0 3 0 PINTYPE=BI
P 20 0 40 20 40 0 2 0
L 25 40 10 0 2 0 1 0 IN_N
A -30 30 10 0 9 0 PINTYPE=BI
A 15 40 10 0 9 3 #=1
P 22 0 20 20 20 0 2 0
L 25 20 10 0 2 0 1 0 VS_N
A 15 20 10 0 9 3 #=5
A -30 10 10 0 9 0 PINTYPE=BI
P 27 120 20 100 20 0 3 0
L 95 20 10 0 8 0 1 0 REF
A 105 20 10 0 3 3 #=6
A 160 15 10 0 3 0 PINTYPE=BI
P 38 120 60 100 60 0 3 0
L 95 60 10 0 8 0 1 0 VS_P
A 105 60 10 0 3 3 #=8
A 160 55 10 0 3 0 PINTYPE=BI
P 40 120 40 100 40 0 3 0
L 95 40 10 0 8 0 1 0 VOUT
A 105 40 10 0 3 3 #=7
A 160 35 10 0 3 0 PINTYPE=BI
P 49 0 80 20 80 0 2 0
L 25 80 10 0 2 0 0 0 RG1
A -30 70 10 0 9 0 PINTYPE=BI
A 15 80 10 0 9 3 #=2
E 
