V 53
K 1450225320 ADG772BCPZ_LFCSP_ALT1.1
F Case
|R 16:22:0_12-15-15
D 0 160 120 0
Y 1
Z 10
i 38
U 0 -40 10 0 3 0 MANF_P/N=ADG774BCPZ
U 0 -30 10 0 3 0 MANF=ANALOG DEVICES
U 0 -20 10 0 3 0 PARTS=1
U 20 0 16 0 3 3 REFDES=U?
U 55 10 10 0 3 3 PKG_TYPE=LFCSP_10P_130X160
U 25 145 10 0 3 3 DEVICE=ADG772
U 20 0 10 0 1 0 VALUE=ADG772
U 0 0 10 0 1 0 FORWARD_PCB=1
T 35 125 10 0 3 2 x SPDT
l 2 55 58 62 60 
l 2 58 55 56 58 
l 2 54 55 56 58 
l 2 56 62 54 65 
l 2 56 62 58 65 
l 2 58 55 43 55 
c 64 60 2
Q 2 1 0
|GRPHSTL 33280 1 0 1
l 2 66 60 73 60 
l 2 58 85 43 85 
l 2 55 78 62 80 
l 2 58 75 56 78 
l 2 54 75 56 78 
l 2 56 82 54 85 
l 2 56 82 58 85 
l 2 58 75 43 75 
c 64 80 2
Q 2 1 0
|GRPHSTL 33280 1 0 1
b 20 20 100 140
l 2 66 80 73 80 
l 2 58 65 43 65 
l 2 49 115 60 115 
Q 2 0 1
|GRPHSTL 33280 0 1 1
l 2 60 105 49 105 
Q 2 0 1
|GRPHSTL 33280 0 1 1
l 2 60 88 60 115 
Q 2 0 1
|GRPHSTL 33280 0 1 1
P 1 0 85 20 85 0 2 0
L 25 80 10 0 3 0 1 0 S1A
A 0 85 10 0 3 0 PINTYPE=BI
A 10 85 10 0 3 3 #=1
P 9 120 80 100 80 0 3 0
L 85 75 10 0 3 0 1 0 D1
A 120 80 10 0 9 0 PINTYPE=BI
A 110 80 10 0 9 3 #=2
P 10 0 75 20 75 0 2 0
L 25 70 10 0 3 0 1 0 S1B
A 0 75 10 0 3 0 PINTYPE=BI
A 10 75 10 0 3 3 #=3
P 11 0 65 20 65 0 2 0
L 25 60 10 0 3 0 1 0 S2A
A 0 65 10 0 3 0 PINTYPE=BI
A 10 65 10 0 3 3 #=9
P 12 0 55 20 55 0 2 0
L 25 50 10 0 3 0 1 0 S2B
A 0 55 10 0 3 0 PINTYPE=BI
A 10 55 10 0 3 3 #=7
P 17 120 60 100 60 0 3 0
L 85 55 10 0 3 0 1 0 D2
A 120 60 10 0 9 0 PINTYPE=BI
A 110 60 10 0 9 3 #=8
P 25 120 115 100 115 0 3 0
L 80 110 10 0 3 0 1 0 VDD
A 120 115 10 0 9 0 PINTYPE=IN
A 110 115 10 0 9 3 #=6
P 28 120 40 100 40 0 3 0
L 80 35 10 0 3 0 1 0 GND
A 120 40 10 0 9 0 PINTYPE=IN
A 115 40 10 0 9 3 #=10
P 31 0 105 20 105 0 2 0
L 25 100 10 0 3 0 1 0 IN2
A 0 105 10 0 3 0 PINTYPE=IN
A 10 105 10 0 3 3 #=5
P 32 0 115 20 115 0 2 0
L 25 110 10 0 3 0 1 0 IN1
A 0 115 10 0 3 0 PINTYPE=IN
A 10 115 10 0 3 3 #=4
E 
