V 53
K 1450143824 ADG772BCPZ_LFCSP.1
F Case
|R 17:43:44_12-14-15
D -15 110 110 -40
Y 1
Z 10
i 82
U 5 90 10 0 3 3 DEVICE=ADG772
U -55 -8 10 0 1 0 MANF=Analog Devices
U 90 -35 10 0 9 3 PKG_TYPE=LFCSP_10P_130X160
U -55 -20 10 0 1 0 MANF_P/N=ADG774BCPZ
U -55 -45 10 0 1 0 VALUE=ADG772
U 5 -40 16 0 3 3 REFDES=U?
U -84546 84546 5 0 1 0 Primitive=YES
U -15 -40 10 0 1 0 FORWARD_PCB=1
l 5 50 10 48 10 49 11 50 10 65 10 
l 5 50 20 48 20 49 19 50 20 65 20 
l 5 50 50 48 50 49 51 50 50 65 50 
l 5 50 60 48 60 49 59 50 60 65 60 
l 2 45 22 45 24 
l 2 45 18 45 20 
l 2 45 26 45 28 
l 2 33 30 29 30 
l 2 39 30 35 30 
l 2 45 30 41 30 
l 2 45 62 45 64 
l 2 45 58 45 60 
l 2 45 66 45 68 
l 2 33 70 29 70 
l 2 39 70 35 70 
l 2 45 70 41 70 
b 5 -20 90 90
c 40 10 1
|GRPHSTL -1 1 0 1
c 40 50 1
|GRPHSTL -1 1 0 1
l 3 25 50 40 50 50 55 
l 3 25 10 40 10 50 15 
P 12 110 50 90 50 0 3 0
L 85 50 10 0 8 0 1 0 S1B
A 110 50 5 0 1 0 PINTYPE=BI
A 105 50 10 0 9 3 #=3
P 15 -15 50 5 50 0 2 0
L 10 50 10 0 2 0 1 0 D1
A -15 50 5 0 7 0 PINTYPE=BI
A 0 50 10 0 9 3 #=2
P 18 110 20 90 20 0 3 0
L 85 20 10 0 8 0 1 0 S2A
A 110 20 5 0 1 0 PINTYPE=BI
A 105 20 10 0 9 3 #=9
P 21 110 10 90 10 0 3 0
L 85 10 10 0 8 0 1 0 S2B
A 110 10 5 0 1 0 PINTYPE=BI
A 105 10 10 0 9 3 #=7
P 24 -15 10 5 10 0 2 0
L 10 10 10 0 2 0 1 0 D2
A -15 10 5 0 7 0 PINTYPE=BI
A 0 10 10 0 9 3 #=8
P 30 110 -10 90 -10 0 3 0
L 85 -10 10 0 8 0 1 0 GND
A 110 -10 5 0 7 0 PINTYPE=IN
A 105 -10 10 0 9 3 #=10
P 66 110 60 90 60 0 3 0
L 85 60 10 0 8 0 1 0 S1A
A 110 60 5 0 1 0 PINTYPE=BI
A 105 60 10 0 9 3 #=1
P 75 -15 70 5 70 0 2 0
L 10 70 10 0 2 0 1 0 IN1
A -15 70 5 0 1 0 PINTYPE=IN
A 0 70 10 0 9 3 #=4
P 78 -15 30 5 30 0 2 0
L 10 30 10 0 2 0 1 0 IN2
A -15 30 5 0 1 0 PINTYPE=IN
A 0 30 10 0 9 3 #=5
P 81 110 80 90 80 0 3 0
L 85 80 10 0 8 0 1 0 VDD
A 110 80 5 0 1 0 PINTYPE=IN
A 95 80 10 0 3 3 #=6
E 
