V 50
K 153165148200 AFX
Y 1
D 0 0 300 630
Z 10
i 946
b 30 50 270 580
P 1 0 510 30 510 0 2 0
A 25 510 10 0 9 3 #=505
L 35 510 10 0 2 0 1 0 DCIFACE_A_D505_505
A 25 510 10 0 9 0 PINTYPE=BI
P 2 0 500 30 500 0 2 0
A 25 500 10 0 9 3 #=507
L 35 500 10 0 2 0 1 0 DCIFACE_A_D507_507
A 25 500 10 0 9 0 PINTYPE=BI
P 3 0 490 30 490 0 2 0
A 25 490 10 0 9 3 #=509
L 35 490 10 0 2 0 1 0 DCIFACE_A_D509_509
A 25 490 10 0 9 0 PINTYPE=BI
P 4 0 480 30 480 0 2 0
A 25 480 10 0 9 3 #=511
L 35 480 10 0 2 0 1 0 DCIFACE_A_D511_511
A 25 480 10 0 9 0 PINTYPE=BI
P 5 0 470 30 470 0 2 0
A 25 470 10 0 9 3 #=513
L 35 470 10 0 2 0 1 0 DCIFACE_A_D513_513
A 25 470 10 0 9 0 PINTYPE=BI
P 6 0 460 30 460 0 2 0
A 25 460 10 0 9 3 #=515
L 35 460 10 0 2 0 1 0 DCIFACE_A_D515_515
A 25 460 10 0 9 0 PINTYPE=BI
P 7 0 450 30 450 0 2 0
A 25 450 10 0 9 3 #=517
L 35 450 10 0 2 0 1 0 DCIFACE_A_D517_517
A 25 450 10 0 9 0 PINTYPE=BI
P 8 0 440 30 440 0 2 0
A 25 440 10 0 9 3 #=519
L 35 440 10 0 2 0 1 0 DCIFACE_A_D519_519
A 25 440 10 0 9 0 PINTYPE=BI
P 9 0 430 30 430 0 2 0
A 25 430 10 0 9 3 #=521
L 35 430 10 0 2 0 1 0 DCIFACE_A_D521_521
A 25 430 10 0 9 0 PINTYPE=BI
P 10 0 420 30 420 0 2 0
A 25 420 10 0 9 3 #=523
L 35 420 10 0 2 0 1 0 DCIFACE_A_D523_523
A 25 420 10 0 9 0 PINTYPE=BI
P 11 0 410 30 410 0 2 0
A 25 410 10 0 9 3 #=525
L 35 410 10 0 2 0 1 0 DCIFACE_A_D525_525
A 25 410 10 0 9 0 PINTYPE=BI
P 12 0 400 30 400 0 2 0
A 25 400 10 0 9 3 #=527
L 35 400 10 0 2 0 1 0 DCIFACE_A_D527_527
A 25 400 10 0 9 0 PINTYPE=BI
P 13 0 390 30 390 0 2 0
A 25 390 10 0 9 3 #=529
L 35 390 10 0 2 0 1 0 DCIFACE_A_D529_529
A 25 390 10 0 9 0 PINTYPE=BI
P 14 0 380 30 380 0 2 0
A 25 380 10 0 9 3 #=531
L 35 380 10 0 2 0 1 0 DCIFACE_A_D531_531
A 25 380 10 0 9 0 PINTYPE=BI
P 15 0 370 30 370 0 2 0
A 25 370 10 0 9 3 #=533
L 35 370 10 0 2 0 1 0 DCIFACE_A_D533_533
A 25 370 10 0 9 0 PINTYPE=BI
P 16 0 360 30 360 0 2 0
A 25 360 10 0 9 3 #=535
L 35 360 10 0 2 0 1 0 DCIFACE_A_D535_535
A 25 360 10 0 9 0 PINTYPE=BI
P 17 0 350 30 350 0 2 0
A 25 350 10 0 9 3 #=537
L 35 350 10 0 2 0 1 0 DCIFACE_A_D537_537
A 25 350 10 0 9 0 PINTYPE=BI
P 18 0 340 30 340 0 2 0
A 25 340 10 0 9 3 #=539
L 35 340 10 0 2 0 1 0 DCIFACE_A_D539_539
A 25 340 10 0 9 0 PINTYPE=BI
P 19 0 330 30 330 0 2 0
A 25 330 10 0 9 3 #=541
L 35 330 10 0 2 0 1 0 DCIFACE_A_D541_541
A 25 330 10 0 9 0 PINTYPE=BI
P 20 0 320 30 320 0 2 0
A 25 320 10 0 9 3 #=543
L 35 320 10 0 2 0 1 0 DCIFACE_A_D543_543
A 25 320 10 0 9 0 PINTYPE=BI
P 21 0 310 30 310 0 2 0
A 25 310 10 0 9 3 #=545
L 35 310 10 0 2 0 1 0 DCIFACE_A_D545_545
A 25 310 10 0 9 0 PINTYPE=BI
P 22 0 300 30 300 0 2 0
A 25 300 10 0 9 3 #=547
L 35 300 10 0 2 0 1 0 DCIFACE_A_D547_547
A 25 300 10 0 9 0 PINTYPE=BI
P 23 0 290 30 290 0 2 0
A 25 290 10 0 9 3 #=549
L 35 290 10 0 2 0 1 0 DCIFACE_A_D549_549
A 25 290 10 0 9 0 PINTYPE=BI
P 24 0 280 30 280 0 2 0
A 25 280 10 0 9 3 #=551
L 35 280 10 0 2 0 1 0 DCIFACE_A_D551_551
A 25 280 10 0 9 0 PINTYPE=BI
P 25 0 270 30 270 0 2 0
A 25 270 10 0 9 3 #=553
L 35 270 10 0 2 0 1 0 DCIFACE_A_D553_553
A 25 270 10 0 9 0 PINTYPE=BI
P 26 0 260 30 260 0 2 0
A 25 260 10 0 9 3 #=555
L 35 260 10 0 2 0 1 0 DCIFACE_A_D555_555
A 25 260 10 0 9 0 PINTYPE=BI
P 27 0 250 30 250 0 2 0
A 25 250 10 0 9 3 #=557
L 35 250 10 0 2 0 1 0 DCIFACE_A_D557_557
A 25 250 10 0 9 0 PINTYPE=BI
P 28 0 240 30 240 0 2 0
A 25 240 10 0 9 3 #=559
L 35 240 10 0 2 0 1 0 DCIFACE_A_D559_559
A 25 240 10 0 9 0 PINTYPE=BI
P 29 0 230 30 230 0 2 0
A 25 230 10 0 9 3 #=561
L 35 230 10 0 2 0 1 0 DCIFACE_A_D561_561
A 25 230 10 0 9 0 PINTYPE=BI
P 30 0 220 30 220 0 2 0
A 25 220 10 0 9 3 #=563
L 35 220 10 0 2 0 1 0 DCIFACE_A_D563_563
A 25 220 10 0 9 0 PINTYPE=BI
P 31 0 210 30 210 0 2 0
A 25 210 10 0 9 3 #=565
L 35 210 10 0 2 0 1 0 DCIFACE_A_D565_565
A 25 210 10 0 9 0 PINTYPE=BI
P 32 0 200 30 200 0 2 0
A 25 200 10 0 9 3 #=567
L 35 200 10 0 2 0 1 0 DCIFACE_A_D567_567
A 25 200 10 0 9 0 PINTYPE=BI
P 33 0 190 30 190 0 2 0
A 25 190 10 0 9 3 #=569
L 35 190 10 0 2 0 1 0 DCIFACE_A_D569_569
A 25 190 10 0 9 0 PINTYPE=BI
P 34 0 180 30 180 0 2 0
A 25 180 10 0 9 3 #=571
L 35 180 10 0 2 0 1 0 DCIFACE_A_D571_571
A 25 180 10 0 9 0 PINTYPE=BI
P 35 0 170 30 170 0 2 0
A 25 170 10 0 9 3 #=573
L 35 170 10 0 2 0 1 0 DCIFACE_A_D573_573
A 25 170 10 0 9 0 PINTYPE=BI
P 36 0 160 30 160 0 2 0
A 25 160 10 0 9 3 #=575
L 35 160 10 0 2 0 1 0 DCIFACE_A_D575_575
A 25 160 10 0 9 0 PINTYPE=BI
P 37 0 150 30 150 0 2 0
A 25 150 10 0 9 3 #=577
L 35 150 10 0 2 0 1 0 DCIFACE_A_D577_577
A 25 150 10 0 9 0 PINTYPE=BI
P 38 0 140 30 140 0 2 0
A 25 140 10 0 9 3 #=579
L 35 140 10 0 2 0 1 0 DCIFACE_A_D579_579
A 25 140 10 0 9 0 PINTYPE=BI
P 39 0 130 30 130 0 2 0
A 25 130 10 0 9 3 #=581
L 35 130 10 0 2 0 1 0 DCIFACE_A_D581_581
A 25 130 10 0 9 0 PINTYPE=BI
P 40 0 120 30 120 0 2 0
A 25 120 10 0 9 3 #=583
L 35 120 10 0 2 0 1 0 DCIFACE_A_D583_583
A 25 120 10 0 9 0 PINTYPE=BI
P 41 0 110 30 110 0 2 0
A 25 110 10 0 9 3 #=585
L 35 110 10 0 2 0 1 0 DCIFACE_A_D585_585
A 25 110 10 0 9 0 PINTYPE=BI
P 42 0 100 30 100 0 2 0
A 25 100 10 0 9 3 #=587
L 35 100 10 0 2 0 1 0 DCIFACE_A_D587_587
A 25 100 10 0 9 0 PINTYPE=BI
P 43 0 90 30 90 0 2 0
A 25 90 10 0 9 3 #=589
L 35 90 10 0 2 0 1 0 DCIFACE_A_D589_589
A 25 90 10 0 9 0 PINTYPE=BI
P 44 0 80 30 80 0 2 0
A 25 80 10 0 9 3 #=591
L 35 80 10 0 2 0 1 0 DCIFACE_A_D591_591
A 25 80 10 0 9 0 PINTYPE=BI
P 45 300 510 270 510 0 3 0
A 275 510 10 0 3 3 #=504
L 265 510 10 0 8 0 1 0 DCIFACE_A_D504_504
A 265 510 10 0 3 0 PINTYPE=BI
P 46 300 500 270 500 0 3 0
A 275 500 10 0 3 3 #=506
L 265 500 10 0 8 0 1 0 DCIFACE_A_D506_506
A 265 500 10 0 3 0 PINTYPE=BI
P 47 300 490 270 490 0 3 0
A 275 490 10 0 3 3 #=508
L 265 490 10 0 8 0 1 0 DCIFACE_A_D508_508
A 265 490 10 0 3 0 PINTYPE=BI
P 48 300 480 270 480 0 3 0
A 275 480 10 0 3 3 #=510
L 265 480 10 0 8 0 1 0 DCIFACE_A_D510_510
A 265 480 10 0 3 0 PINTYPE=BI
P 49 300 470 270 470 0 3 0
A 275 470 10 0 3 3 #=512
L 265 470 10 0 8 0 1 0 DCIFACE_A_D512_512
A 265 470 10 0 3 0 PINTYPE=BI
P 50 300 460 270 460 0 3 0
A 275 460 10 0 3 3 #=514
L 265 460 10 0 8 0 1 0 DCIFACE_A_D514_514
A 265 460 10 0 3 0 PINTYPE=BI
P 51 300 450 270 450 0 3 0
A 275 450 10 0 3 3 #=516
L 265 450 10 0 8 0 1 0 DCIFACE_A_D516_516
A 265 450 10 0 3 0 PINTYPE=BI
P 52 300 440 270 440 0 3 0
A 275 440 10 0 3 3 #=518
L 265 440 10 0 8 0 1 0 DCIFACE_A_D518_518
A 265 440 10 0 3 0 PINTYPE=BI
P 53 300 430 270 430 0 3 0
A 275 430 10 0 3 3 #=520
L 265 430 10 0 8 0 1 0 DCIFACE_A_D520_520
A 265 430 10 0 3 0 PINTYPE=BI
P 54 300 420 270 420 0 3 0
A 275 420 10 0 3 3 #=522
L 265 420 10 0 8 0 1 0 DCIFACE_A_D522_522
A 265 420 10 0 3 0 PINTYPE=BI
P 55 300 410 270 410 0 3 0
A 275 410 10 0 3 3 #=524
L 265 410 10 0 8 0 1 0 DCIFACE_A_D524_524
A 265 410 10 0 3 0 PINTYPE=BI
P 56 300 400 270 400 0 3 0
A 275 400 10 0 3 3 #=526
L 265 400 10 0 8 0 1 0 DCIFACE_A_D526_526
A 265 400 10 0 3 0 PINTYPE=BI
P 57 300 390 270 390 0 3 0
A 275 390 10 0 3 3 #=528
L 265 390 10 0 8 0 1 0 DCIFACE_A_D528_528
A 265 390 10 0 3 0 PINTYPE=BI
P 58 300 380 270 380 0 3 0
A 275 380 10 0 3 3 #=530
L 265 380 10 0 8 0 1 0 DCIFACE_A_D530_530
A 265 380 10 0 3 0 PINTYPE=BI
P 59 300 370 270 370 0 3 0
A 275 370 10 0 3 3 #=532
L 265 370 10 0 8 0 1 0 DCIFACE_A_D532_532
A 265 370 10 0 3 0 PINTYPE=BI
P 60 300 360 270 360 0 3 0
A 275 360 10 0 3 3 #=534
L 265 360 10 0 8 0 1 0 DCIFACE_A_D534_534
A 265 360 10 0 3 0 PINTYPE=BI
P 61 300 350 270 350 0 3 0
A 275 350 10 0 3 3 #=536
L 265 350 10 0 8 0 1 0 DCIFACE_A_D536_536
A 265 350 10 0 3 0 PINTYPE=BI
P 62 300 340 270 340 0 3 0
A 275 340 10 0 3 3 #=538
L 265 340 10 0 8 0 1 0 DCIFACE_A_D538_538
A 265 340 10 0 3 0 PINTYPE=BI
P 63 300 330 270 330 0 3 0
A 275 330 10 0 3 3 #=540
L 265 330 10 0 8 0 1 0 DCIFACE_A_D540_540
A 265 330 10 0 3 0 PINTYPE=BI
P 64 300 320 270 320 0 3 0
A 275 320 10 0 3 3 #=542
L 265 320 10 0 8 0 1 0 DCIFACE_A_D542_542
A 265 320 10 0 3 0 PINTYPE=BI
P 65 300 310 270 310 0 3 0
A 275 310 10 0 3 3 #=544
L 265 310 10 0 8 0 1 0 DCIFACE_A_D544_544
A 265 310 10 0 3 0 PINTYPE=BI
P 66 300 300 270 300 0 3 0
A 275 300 10 0 3 3 #=546
L 265 300 10 0 8 0 1 0 DCIFACE_A_D546_546
A 265 300 10 0 3 0 PINTYPE=BI
P 67 300 290 270 290 0 3 0
A 275 290 10 0 3 3 #=548
L 265 290 10 0 8 0 1 0 DCIFACE_A_D548_548
A 265 290 10 0 3 0 PINTYPE=BI
P 68 300 280 270 280 0 3 0
A 275 280 10 0 3 3 #=550
L 265 280 10 0 8 0 1 0 DCIFACE_A_D550_550
A 265 280 10 0 3 0 PINTYPE=BI
P 69 300 270 270 270 0 3 0
A 275 270 10 0 3 3 #=552
L 265 270 10 0 8 0 1 0 DCIFACE_A_D552_552
A 265 270 10 0 3 0 PINTYPE=BI
P 70 300 260 270 260 0 3 0
A 275 260 10 0 3 3 #=554
L 265 260 10 0 8 0 1 0 DCIFACE_A_D554_554
A 265 260 10 0 3 0 PINTYPE=BI
P 71 300 250 270 250 0 3 0
A 275 250 10 0 3 3 #=556
L 265 250 10 0 8 0 1 0 DCIFACE_A_D556_556
A 265 250 10 0 3 0 PINTYPE=BI
P 72 300 240 270 240 0 3 0
A 275 240 10 0 3 3 #=558
L 265 240 10 0 8 0 1 0 DCIFACE_A_D558_558
A 265 240 10 0 3 0 PINTYPE=BI
P 73 300 230 270 230 0 3 0
A 275 230 10 0 3 3 #=560
L 265 230 10 0 8 0 1 0 DCIFACE_A_D560_560
A 265 230 10 0 3 0 PINTYPE=BI
P 74 300 220 270 220 0 3 0
A 275 220 10 0 3 3 #=562
L 265 220 10 0 8 0 1 0 DCIFACE_A_D562_562
A 265 220 10 0 3 0 PINTYPE=BI
P 75 300 210 270 210 0 3 0
A 275 210 10 0 3 3 #=564
L 265 210 10 0 8 0 1 0 DCIFACE_A_D564_564
A 265 210 10 0 3 0 PINTYPE=BI
P 76 300 200 270 200 0 3 0
A 275 200 10 0 3 3 #=566
L 265 200 10 0 8 0 1 0 DCIFACE_A_D566_566
A 265 200 10 0 3 0 PINTYPE=BI
P 77 300 190 270 190 0 3 0
A 275 190 10 0 3 3 #=568
L 265 190 10 0 8 0 1 0 DCIFACE_A_D568_568
A 265 190 10 0 3 0 PINTYPE=BI
P 78 300 180 270 180 0 3 0
A 275 180 10 0 3 3 #=570
L 265 180 10 0 8 0 1 0 DCIFACE_A_D570_570
A 265 180 10 0 3 0 PINTYPE=BI
P 79 300 170 270 170 0 3 0
A 275 170 10 0 3 3 #=572
L 265 170 10 0 8 0 1 0 DCIFACE_A_D572_572
A 265 170 10 0 3 0 PINTYPE=BI
P 80 300 160 270 160 0 3 0
A 275 160 10 0 3 3 #=574
L 265 160 10 0 8 0 1 0 DCIFACE_A_D574_574
A 265 160 10 0 3 0 PINTYPE=BI
P 81 300 150 270 150 0 3 0
A 275 150 10 0 3 3 #=576
L 265 150 10 0 8 0 1 0 DCIFACE_A_D576_576
A 265 150 10 0 3 0 PINTYPE=BI
P 82 300 140 270 140 0 3 0
A 275 140 10 0 3 3 #=578
L 265 140 10 0 8 0 1 0 DCIFACE_A_D578_578
A 265 140 10 0 3 0 PINTYPE=BI
P 83 300 130 270 130 0 3 0
A 275 130 10 0 3 3 #=580
L 265 130 10 0 8 0 1 0 DCIFACE_A_D580_580
A 265 130 10 0 3 0 PINTYPE=BI
P 84 300 120 270 120 0 3 0
A 275 120 10 0 3 3 #=582
L 265 120 10 0 8 0 1 0 DCIFACE_A_D582_582
A 265 120 10 0 3 0 PINTYPE=BI
P 85 300 110 270 110 0 3 0
A 275 110 10 0 3 3 #=584
L 265 110 10 0 8 0 1 0 DCIFACE_A_D584_584
A 265 110 10 0 3 0 PINTYPE=BI
P 86 300 100 270 100 0 3 0
A 275 100 10 0 3 3 #=586
L 265 100 10 0 8 0 1 0 DCIFACE_A_D586_586
A 265 100 10 0 3 0 PINTYPE=BI
P 87 300 90 270 90 0 3 0
A 275 90 10 0 3 3 #=588
L 265 90 10 0 8 0 1 0 DCIFACE_A_D588_588
A 265 90 10 0 3 0 PINTYPE=BI
P 88 300 80 270 80 0 3 0
A 275 80 10 0 3 3 #=590
L 265 80 10 0 8 0 1 0 DCIFACE_A_D590_590
A 265 80 10 0 3 0 PINTYPE=BI
T 150 560 20 0 5 P16
T 150 540 20 0 5 AFX
U 30 580 10 0 3 3 DEVICE=XXXXXXX
U 30 50 16 0 1 3 REFDES=U?
U 270 35 10 0 9 3 PKG_TYPE=XXXXXXX
U 0 0 10 0 3 0 HETERO=AFXa_P1,AFXa_P10B,AFXa_P2,AFXa_P3,AFXa_P4,AFXa_P5,AFXa_P6,AFXa_P7,AFXa_P8,AFXa_P9B,AFXa_P10A,AFXa_P11,AFXa_P12,AFXa_P13,AFXa_P14,AFXa_P15,AFXa_P16,AFXa_P17,AFXa_P18,AFXa_P9A
E