V 50
K 153165148200 AFX
Y 1
D 0 0 300 630
Z 10
i 946
b 30 50 270 580
P 1 0 510 30 510 0 2 0
A 25 510 10 0 9 3 #=177
L 35 510 10 0 2 0 1 0 DCIFACE_B_D177_177
A 25 510 10 0 9 0 PINTYPE=BI
P 2 0 500 30 500 0 2 0
A 25 500 10 0 9 3 #=179
L 35 500 10 0 2 0 1 0 DCIFACE_B_D179_179
A 25 500 10 0 9 0 PINTYPE=BI
P 3 0 490 30 490 0 2 0
A 25 490 10 0 9 3 #=181
L 35 490 10 0 2 0 1 0 DCIFACE_B_D181_181
A 25 490 10 0 9 0 PINTYPE=BI
P 4 0 480 30 480 0 2 0
A 25 480 10 0 9 3 #=183
L 35 480 10 0 2 0 1 0 DCIFACE_B_D183_183
A 25 480 10 0 9 0 PINTYPE=BI
P 5 0 470 30 470 0 2 0
A 25 470 10 0 9 3 #=185
L 35 470 10 0 2 0 1 0 DCIFACE_B_D185_185
A 25 470 10 0 9 0 PINTYPE=BI
P 6 0 460 30 460 0 2 0
A 25 460 10 0 9 3 #=187
L 35 460 10 0 2 0 1 0 DCIFACE_B_D187_187
A 25 460 10 0 9 0 PINTYPE=BI
P 7 0 450 30 450 0 2 0
A 25 450 10 0 9 3 #=189
L 35 450 10 0 2 0 1 0 DCIFACE_B_D189_189
A 25 450 10 0 9 0 PINTYPE=BI
P 8 0 440 30 440 0 2 0
A 25 440 10 0 9 3 #=191
L 35 440 10 0 2 0 1 0 DCIFACE_B_D191_191
A 25 440 10 0 9 0 PINTYPE=BI
P 9 0 430 30 430 0 2 0
A 25 430 10 0 9 3 #=193
L 35 430 10 0 2 0 1 0 DCIFACE_B_D193_193
A 25 430 10 0 9 0 PINTYPE=BI
P 10 0 420 30 420 0 2 0
A 25 420 10 0 9 3 #=195
L 35 420 10 0 2 0 1 0 DCIFACE_B_D195_195
A 25 420 10 0 9 0 PINTYPE=BI
P 11 0 410 30 410 0 2 0
A 25 410 10 0 9 3 #=197
L 35 410 10 0 2 0 1 0 DCIFACE_B_D197_197
A 25 410 10 0 9 0 PINTYPE=BI
P 12 0 400 30 400 0 2 0
A 25 400 10 0 9 3 #=199
L 35 400 10 0 2 0 1 0 DCIFACE_B_D199_199
A 25 400 10 0 9 0 PINTYPE=BI
P 13 0 390 30 390 0 2 0
A 25 390 10 0 9 3 #=201
L 35 390 10 0 2 0 1 0 DCIFACE_B_D201_201
A 25 390 10 0 9 0 PINTYPE=BI
P 14 0 380 30 380 0 2 0
A 25 380 10 0 9 3 #=203
L 35 380 10 0 2 0 1 0 DCIFACE_B_D203_203
A 25 380 10 0 9 0 PINTYPE=BI
P 15 0 370 30 370 0 2 0
A 25 370 10 0 9 3 #=205
L 35 370 10 0 2 0 1 0 DCIFACE_B_D205_205
A 25 370 10 0 9 0 PINTYPE=BI
P 16 0 360 30 360 0 2 0
A 25 360 10 0 9 3 #=207
L 35 360 10 0 2 0 1 0 DCIFACE_B_D207_207
A 25 360 10 0 9 0 PINTYPE=BI
P 17 0 350 30 350 0 2 0
A 25 350 10 0 9 3 #=209
L 35 350 10 0 2 0 1 0 DCIFACE_B_D209_209
A 25 350 10 0 9 0 PINTYPE=BI
P 18 0 340 30 340 0 2 0
A 25 340 10 0 9 3 #=211
L 35 340 10 0 2 0 1 0 DCIFACE_B_D211_211
A 25 340 10 0 9 0 PINTYPE=BI
P 19 0 330 30 330 0 2 0
A 25 330 10 0 9 3 #=213
L 35 330 10 0 2 0 1 0 DCIFACE_B_D213_213
A 25 330 10 0 9 0 PINTYPE=BI
P 20 0 320 30 320 0 2 0
A 25 320 10 0 9 3 #=215
L 35 320 10 0 2 0 1 0 DCIFACE_B_D215_215
A 25 320 10 0 9 0 PINTYPE=BI
P 21 0 310 30 310 0 2 0
A 25 310 10 0 9 3 #=217
L 35 310 10 0 2 0 1 0 DCIFACE_B_D217_217
A 25 310 10 0 9 0 PINTYPE=BI
P 22 0 300 30 300 0 2 0
A 25 300 10 0 9 3 #=219
L 35 300 10 0 2 0 1 0 DCIFACE_B_D219_219
A 25 300 10 0 9 0 PINTYPE=BI
P 23 0 290 30 290 0 2 0
A 25 290 10 0 9 3 #=221
L 35 290 10 0 2 0 1 0 DCIFACE_B_D221_221
A 25 290 10 0 9 0 PINTYPE=BI
P 24 0 280 30 280 0 2 0
A 25 280 10 0 9 3 #=223
L 35 280 10 0 2 0 1 0 DCIFACE_B_D223_223
A 25 280 10 0 9 0 PINTYPE=BI
P 25 0 270 30 270 0 2 0
A 25 270 10 0 9 3 #=225
L 35 270 10 0 2 0 1 0 DCIFACE_B_D225_225
A 25 270 10 0 9 0 PINTYPE=BI
P 26 0 260 30 260 0 2 0
A 25 260 10 0 9 3 #=227
L 35 260 10 0 2 0 1 0 DCIFACE_B_D227_227
A 25 260 10 0 9 0 PINTYPE=BI
P 27 0 250 30 250 0 2 0
A 25 250 10 0 9 3 #=229
L 35 250 10 0 2 0 1 0 DCIFACE_B_D229_229
A 25 250 10 0 9 0 PINTYPE=BI
P 28 0 240 30 240 0 2 0
A 25 240 10 0 9 3 #=231
L 35 240 10 0 2 0 1 0 DCIFACE_B_D231_231
A 25 240 10 0 9 0 PINTYPE=BI
P 29 0 230 30 230 0 2 0
A 25 230 10 0 9 3 #=233
L 35 230 10 0 2 0 1 0 DCIFACE_B_D233_233
A 25 230 10 0 9 0 PINTYPE=BI
P 30 0 220 30 220 0 2 0
A 25 220 10 0 9 3 #=235
L 35 220 10 0 2 0 1 0 DCIFACE_B_D235_235
A 25 220 10 0 9 0 PINTYPE=BI
P 31 0 210 30 210 0 2 0
A 25 210 10 0 9 3 #=237
L 35 210 10 0 2 0 1 0 DCIFACE_B_D237_237
A 25 210 10 0 9 0 PINTYPE=BI
P 32 0 200 30 200 0 2 0
A 25 200 10 0 9 3 #=239
L 35 200 10 0 2 0 1 0 DCIFACE_B_D239_239
A 25 200 10 0 9 0 PINTYPE=BI
P 33 0 190 30 190 0 2 0
A 25 190 10 0 9 3 #=241
L 35 190 10 0 2 0 1 0 DCIFACE_B_D241_241
A 25 190 10 0 9 0 PINTYPE=BI
P 34 0 180 30 180 0 2 0
A 25 180 10 0 9 3 #=243
L 35 180 10 0 2 0 1 0 DCIFACE_B_D243_243
A 25 180 10 0 9 0 PINTYPE=BI
P 35 0 170 30 170 0 2 0
A 25 170 10 0 9 3 #=245
L 35 170 10 0 2 0 1 0 DCIFACE_B_D245_245
A 25 170 10 0 9 0 PINTYPE=BI
P 36 0 160 30 160 0 2 0
A 25 160 10 0 9 3 #=247
L 35 160 10 0 2 0 1 0 DCIFACE_B_D247_247
A 25 160 10 0 9 0 PINTYPE=BI
P 37 0 150 30 150 0 2 0
A 25 150 10 0 9 3 #=249
L 35 150 10 0 2 0 1 0 DCIFACE_B_D249_249
A 25 150 10 0 9 0 PINTYPE=BI
P 38 0 140 30 140 0 2 0
A 25 140 10 0 9 3 #=251
L 35 140 10 0 2 0 1 0 DCIFACE_B_D251_251
A 25 140 10 0 9 0 PINTYPE=BI
P 39 0 130 30 130 0 2 0
A 25 130 10 0 9 3 #=253
L 35 130 10 0 2 0 1 0 DCIFACE_B_D253_253
A 25 130 10 0 9 0 PINTYPE=BI
P 40 0 120 30 120 0 2 0
A 25 120 10 0 9 3 #=255
L 35 120 10 0 2 0 1 0 DCIFACE_B_D255_255
A 25 120 10 0 9 0 PINTYPE=BI
P 41 0 110 30 110 0 2 0
A 25 110 10 0 9 3 #=257
L 35 110 10 0 2 0 1 0 DCIFACE_B_D257_257
A 25 110 10 0 9 0 PINTYPE=BI
P 42 0 100 30 100 0 2 0
A 25 100 10 0 9 3 #=259
L 35 100 10 0 2 0 1 0 DCIFACE_B_D259_259
A 25 100 10 0 9 0 PINTYPE=BI
P 43 0 90 30 90 0 2 0
A 25 90 10 0 9 3 #=261
L 35 90 10 0 2 0 1 0 DCIFACE_B_D261_261
A 25 90 10 0 9 0 PINTYPE=BI
P 44 0 80 30 80 0 2 0
A 25 80 10 0 9 3 #=263
L 35 80 10 0 2 0 1 0 DCIFACE_B_D263_263
A 25 80 10 0 9 0 PINTYPE=BI
P 45 300 510 270 510 0 3 0
A 275 510 10 0 3 3 #=176
L 265 510 10 0 8 0 1 0 DCIFACE_B_D176_176
A 265 510 10 0 3 0 PINTYPE=BI
P 46 300 500 270 500 0 3 0
A 275 500 10 0 3 3 #=178
L 265 500 10 0 8 0 1 0 DCIFACE_B_D178_178
A 265 500 10 0 3 0 PINTYPE=BI
P 47 300 490 270 490 0 3 0
A 275 490 10 0 3 3 #=180
L 265 490 10 0 8 0 1 0 DCIFACE_B_D180_180
A 265 490 10 0 3 0 PINTYPE=BI
P 48 300 480 270 480 0 3 0
A 275 480 10 0 3 3 #=182
L 265 480 10 0 8 0 1 0 DCIFACE_B_D182_182
A 265 480 10 0 3 0 PINTYPE=BI
P 49 300 470 270 470 0 3 0
A 275 470 10 0 3 3 #=184
L 265 470 10 0 8 0 1 0 DCIFACE_B_D184_184
A 265 470 10 0 3 0 PINTYPE=BI
P 50 300 460 270 460 0 3 0
A 275 460 10 0 3 3 #=186
L 265 460 10 0 8 0 1 0 DCIFACE_B_D186_186
A 265 460 10 0 3 0 PINTYPE=BI
P 51 300 450 270 450 0 3 0
A 275 450 10 0 3 3 #=188
L 265 450 10 0 8 0 1 0 DCIFACE_B_D188_188
A 265 450 10 0 3 0 PINTYPE=BI
P 52 300 440 270 440 0 3 0
A 275 440 10 0 3 3 #=190
L 265 440 10 0 8 0 1 0 DCIFACE_B_D190_190
A 265 440 10 0 3 0 PINTYPE=BI
P 53 300 430 270 430 0 3 0
A 275 430 10 0 3 3 #=192
L 265 430 10 0 8 0 1 0 DCIFACE_B_D192_192
A 265 430 10 0 3 0 PINTYPE=BI
P 54 300 420 270 420 0 3 0
A 275 420 10 0 3 3 #=194
L 265 420 10 0 8 0 1 0 DCIFACE_B_D194_194
A 265 420 10 0 3 0 PINTYPE=BI
P 55 300 410 270 410 0 3 0
A 275 410 10 0 3 3 #=196
L 265 410 10 0 8 0 1 0 DCIFACE_B_D196_196
A 265 410 10 0 3 0 PINTYPE=BI
P 56 300 400 270 400 0 3 0
A 275 400 10 0 3 3 #=198
L 265 400 10 0 8 0 1 0 DCIFACE_B_D198_198
A 265 400 10 0 3 0 PINTYPE=BI
P 57 300 390 270 390 0 3 0
A 275 390 10 0 3 3 #=200
L 265 390 10 0 8 0 1 0 DCIFACE_B_D200_200
A 265 390 10 0 3 0 PINTYPE=BI
P 58 300 380 270 380 0 3 0
A 275 380 10 0 3 3 #=202
L 265 380 10 0 8 0 1 0 DCIFACE_B_D202_202
A 265 380 10 0 3 0 PINTYPE=BI
P 59 300 370 270 370 0 3 0
A 275 370 10 0 3 3 #=204
L 265 370 10 0 8 0 1 0 DCIFACE_B_D204_204
A 265 370 10 0 3 0 PINTYPE=BI
P 60 300 360 270 360 0 3 0
A 275 360 10 0 3 3 #=206
L 265 360 10 0 8 0 1 0 DCIFACE_B_D206_206
A 265 360 10 0 3 0 PINTYPE=BI
P 61 300 350 270 350 0 3 0
A 275 350 10 0 3 3 #=208
L 265 350 10 0 8 0 1 0 DCIFACE_B_D208_208
A 265 350 10 0 3 0 PINTYPE=BI
P 62 300 340 270 340 0 3 0
A 275 340 10 0 3 3 #=210
L 265 340 10 0 8 0 1 0 DCIFACE_B_D210_210
A 265 340 10 0 3 0 PINTYPE=BI
P 63 300 330 270 330 0 3 0
A 275 330 10 0 3 3 #=212
L 265 330 10 0 8 0 1 0 DCIFACE_B_D212_212
A 265 330 10 0 3 0 PINTYPE=BI
P 64 300 320 270 320 0 3 0
A 275 320 10 0 3 3 #=214
L 265 320 10 0 8 0 1 0 DCIFACE_B_D214_214
A 265 320 10 0 3 0 PINTYPE=BI
P 65 300 310 270 310 0 3 0
A 275 310 10 0 3 3 #=216
L 265 310 10 0 8 0 1 0 DCIFACE_B_D216_216
A 265 310 10 0 3 0 PINTYPE=BI
P 66 300 300 270 300 0 3 0
A 275 300 10 0 3 3 #=218
L 265 300 10 0 8 0 1 0 DCIFACE_B_D218_218
A 265 300 10 0 3 0 PINTYPE=BI
P 67 300 290 270 290 0 3 0
A 275 290 10 0 3 3 #=220
L 265 290 10 0 8 0 1 0 DCIFACE_B_D220_220
A 265 290 10 0 3 0 PINTYPE=BI
P 68 300 280 270 280 0 3 0
A 275 280 10 0 3 3 #=222
L 265 280 10 0 8 0 1 0 DCIFACE_B_D222_222
A 265 280 10 0 3 0 PINTYPE=BI
P 69 300 270 270 270 0 3 0
A 275 270 10 0 3 3 #=224
L 265 270 10 0 8 0 1 0 DCIFACE_B_D224_224
A 265 270 10 0 3 0 PINTYPE=BI
P 70 300 260 270 260 0 3 0
A 275 260 10 0 3 3 #=226
L 265 260 10 0 8 0 1 0 DCIFACE_B_D226_226
A 265 260 10 0 3 0 PINTYPE=BI
P 71 300 250 270 250 0 3 0
A 275 250 10 0 3 3 #=228
L 265 250 10 0 8 0 1 0 DCIFACE_B_D228_228
A 265 250 10 0 3 0 PINTYPE=BI
P 72 300 240 270 240 0 3 0
A 275 240 10 0 3 3 #=230
L 265 240 10 0 8 0 1 0 DCIFACE_B_D230_230
A 265 240 10 0 3 0 PINTYPE=BI
P 73 300 230 270 230 0 3 0
A 275 230 10 0 3 3 #=232
L 265 230 10 0 8 0 1 0 DCIFACE_B_D232_232
A 265 230 10 0 3 0 PINTYPE=BI
P 74 300 220 270 220 0 3 0
A 275 220 10 0 3 3 #=234
L 265 220 10 0 8 0 1 0 DCIFACE_B_D234_234
A 265 220 10 0 3 0 PINTYPE=BI
P 75 300 210 270 210 0 3 0
A 275 210 10 0 3 3 #=236
L 265 210 10 0 8 0 1 0 DCIFACE_B_D236_236
A 265 210 10 0 3 0 PINTYPE=BI
P 76 300 200 270 200 0 3 0
A 275 200 10 0 3 3 #=238
L 265 200 10 0 8 0 1 0 DCIFACE_B_D238_238
A 265 200 10 0 3 0 PINTYPE=BI
P 77 300 190 270 190 0 3 0
A 275 190 10 0 3 3 #=240
L 265 190 10 0 8 0 1 0 DCIFACE_B_D240_240
A 265 190 10 0 3 0 PINTYPE=BI
P 78 300 180 270 180 0 3 0
A 275 180 10 0 3 3 #=242
L 265 180 10 0 8 0 1 0 DCIFACE_B_D242_242
A 265 180 10 0 3 0 PINTYPE=BI
P 79 300 170 270 170 0 3 0
A 275 170 10 0 3 3 #=244
L 265 170 10 0 8 0 1 0 DCIFACE_B_D244_244
A 265 170 10 0 3 0 PINTYPE=BI
P 80 300 160 270 160 0 3 0
A 275 160 10 0 3 3 #=246
L 265 160 10 0 8 0 1 0 DCIFACE_B_D246_246
A 265 160 10 0 3 0 PINTYPE=BI
P 81 300 150 270 150 0 3 0
A 275 150 10 0 3 3 #=248
L 265 150 10 0 8 0 1 0 DCIFACE_B_D248_248
A 265 150 10 0 3 0 PINTYPE=BI
P 82 300 140 270 140 0 3 0
A 275 140 10 0 3 3 #=250
L 265 140 10 0 8 0 1 0 DCIFACE_B_D250_250
A 265 140 10 0 3 0 PINTYPE=BI
P 83 300 130 270 130 0 3 0
A 275 130 10 0 3 3 #=252
L 265 130 10 0 8 0 1 0 DCIFACE_B_D252_252
A 265 130 10 0 3 0 PINTYPE=BI
P 84 300 120 270 120 0 3 0
A 275 120 10 0 3 3 #=254
L 265 120 10 0 8 0 1 0 DCIFACE_B_D254_254
A 265 120 10 0 3 0 PINTYPE=BI
P 85 300 110 270 110 0 3 0
A 275 110 10 0 3 3 #=256
L 265 110 10 0 8 0 1 0 DCIFACE_B_D256_256
A 265 110 10 0 3 0 PINTYPE=BI
P 86 300 100 270 100 0 3 0
A 275 100 10 0 3 3 #=258
L 265 100 10 0 8 0 1 0 DCIFACE_B_D258_258
A 265 100 10 0 3 0 PINTYPE=BI
P 87 300 90 270 90 0 3 0
A 275 90 10 0 3 3 #=260
L 265 90 10 0 8 0 1 0 DCIFACE_B_D260_260
A 265 90 10 0 3 0 PINTYPE=BI
P 88 300 80 270 80 0 3 0
A 275 80 10 0 3 3 #=262
L 265 80 10 0 8 0 1 0 DCIFACE_B_D262_262
A 265 80 10 0 3 0 PINTYPE=BI
T 150 560 20 0 5 P3
T 150 540 20 0 5 AFX
U 30 580 10 0 3 3 DEVICE=XXXXXXX
U 30 50 16 0 1 3 REFDES=U?
U 270 35 10 0 9 3 PKG_TYPE=XXXXXXX
U 0 0 10 0 3 0 HETERO=AFXa_P1,AFXa_P10B,AFXa_P2,AFXa_P3,AFXa_P4,AFXa_P5,AFXa_P6,AFXa_P7,AFXa_P8,AFXa_P9B,AFXa_P10A,AFXa_P11,AFXa_P12,AFXa_P13,AFXa_P14,AFXa_P15,AFXa_P16,AFXa_P17,AFXa_P18,AFXa_P9A
E