V 50
K 153165148200 AFX
Y 1
D 0 0 300 630
Z 10
i 946
b 30 50 270 580
P 1 0 510 30 510 0 2 0
A 25 510 10 0 9 3 #=417
L 35 510 10 0 2 0 1 0 DCIFACE_B_D417_417
A 25 510 10 0 9 0 PINTYPE=BI
P 2 0 500 30 500 0 2 0
A 25 500 10 0 9 3 #=419
L 35 500 10 0 2 0 1 0 DCIFACE_B_D419_419
A 25 500 10 0 9 0 PINTYPE=BI
P 3 0 490 30 490 0 2 0
A 25 490 10 0 9 3 #=421
L 35 490 10 0 2 0 1 0 DCIFACE_B_D421_421
A 25 490 10 0 9 0 PINTYPE=BI
P 4 0 480 30 480 0 2 0
A 25 480 10 0 9 3 #=423
L 35 480 10 0 2 0 1 0 DCIFACE_B_D423_423
A 25 480 10 0 9 0 PINTYPE=BI
P 5 0 470 30 470 0 2 0
A 25 470 10 0 9 3 #=425
L 35 470 10 0 2 0 1 0 DCIFACE_B_D425_425
A 25 470 10 0 9 0 PINTYPE=BI
P 6 0 460 30 460 0 2 0
A 25 460 10 0 9 3 #=427
L 35 460 10 0 2 0 1 0 DCIFACE_B_D427_427
A 25 460 10 0 9 0 PINTYPE=BI
P 7 0 450 30 450 0 2 0
A 25 450 10 0 9 3 #=429
L 35 450 10 0 2 0 1 0 DCIFACE_B_D429_429
A 25 450 10 0 9 0 PINTYPE=BI
P 8 0 440 30 440 0 2 0
A 25 440 10 0 9 3 #=431
L 35 440 10 0 2 0 1 0 DCIFACE_B_D431_431
A 25 440 10 0 9 0 PINTYPE=BI
P 9 0 430 30 430 0 2 0
A 25 430 10 0 9 3 #=433
L 35 430 10 0 2 0 1 0 DCIFACE_B_D433_433
A 25 430 10 0 9 0 PINTYPE=BI
P 10 0 420 30 420 0 2 0
A 25 420 10 0 9 3 #=435
L 35 420 10 0 2 0 1 0 DCIFACE_B_D435_435
A 25 420 10 0 9 0 PINTYPE=BI
P 11 0 410 30 410 0 2 0
A 25 410 10 0 9 3 #=437
L 35 410 10 0 2 0 1 0 DCIFACE_B_D437_437
A 25 410 10 0 9 0 PINTYPE=BI
P 12 0 400 30 400 0 2 0
A 25 400 10 0 9 3 #=439
L 35 400 10 0 2 0 1 0 DCIFACE_B_D439_439
A 25 400 10 0 9 0 PINTYPE=BI
P 13 0 390 30 390 0 2 0
A 25 390 10 0 9 3 #=441
L 35 390 10 0 2 0 1 0 DCIFACE_B_D441_441
A 25 390 10 0 9 0 PINTYPE=BI
P 14 0 380 30 380 0 2 0
A 25 380 10 0 9 3 #=443
L 35 380 10 0 2 0 1 0 DCIFACE_B_D443_443
A 25 380 10 0 9 0 PINTYPE=BI
P 15 0 370 30 370 0 2 0
A 25 370 10 0 9 3 #=445
L 35 370 10 0 2 0 1 0 DCIFACE_B_D445_445
A 25 370 10 0 9 0 PINTYPE=BI
P 16 0 360 30 360 0 2 0
A 25 360 10 0 9 3 #=447
L 35 360 10 0 2 0 1 0 DCIFACE_B_D447_447
A 25 360 10 0 9 0 PINTYPE=BI
P 17 0 350 30 350 0 2 0
A 25 350 10 0 9 3 #=449
L 35 350 10 0 2 0 1 0 DCIFACE_B_D449_449
A 25 350 10 0 9 0 PINTYPE=BI
P 18 0 340 30 340 0 2 0
A 25 340 10 0 9 3 #=451
L 35 340 10 0 2 0 1 0 DCIFACE_B_D451_451
A 25 340 10 0 9 0 PINTYPE=BI
P 19 0 330 30 330 0 2 0
A 25 330 10 0 9 3 #=453
L 35 330 10 0 2 0 1 0 DCIFACE_B_D453_453
A 25 330 10 0 9 0 PINTYPE=BI
P 20 0 320 30 320 0 2 0
A 25 320 10 0 9 3 #=455
L 35 320 10 0 2 0 1 0 DCIFACE_B_D455_455
A 25 320 10 0 9 0 PINTYPE=BI
P 21 0 310 30 310 0 2 0
A 25 310 10 0 9 3 #=457
L 35 310 10 0 2 0 1 0 DCIFACE_B_D457_457
A 25 310 10 0 9 0 PINTYPE=BI
P 22 0 300 30 300 0 2 0
A 25 300 10 0 9 3 #=459
L 35 300 10 0 2 0 1 0 DCIFACE_B_D459_459
A 25 300 10 0 9 0 PINTYPE=BI
P 23 0 290 30 290 0 2 0
A 25 290 10 0 9 3 #=461
L 35 290 10 0 2 0 1 0 DCIFACE_B_D461_461
A 25 290 10 0 9 0 PINTYPE=BI
P 24 0 280 30 280 0 2 0
A 25 280 10 0 9 3 #=463
L 35 280 10 0 2 0 1 0 DCIFACE_B_D463_463
A 25 280 10 0 9 0 PINTYPE=BI
P 25 0 270 30 270 0 2 0
A 25 270 10 0 9 3 #=465
L 35 270 10 0 2 0 1 0 DCIFACE_B_D465_465
A 25 270 10 0 9 0 PINTYPE=BI
P 26 0 260 30 260 0 2 0
A 25 260 10 0 9 3 #=467
L 35 260 10 0 2 0 1 0 DCIFACE_B_D467_467
A 25 260 10 0 9 0 PINTYPE=BI
P 27 0 250 30 250 0 2 0
A 25 250 10 0 9 3 #=469
L 35 250 10 0 2 0 1 0 DCIFACE_B_D469_469
A 25 250 10 0 9 0 PINTYPE=BI
P 28 0 240 30 240 0 2 0
A 25 240 10 0 9 3 #=471
L 35 240 10 0 2 0 1 0 DCIFACE_B_D471_471
A 25 240 10 0 9 0 PINTYPE=BI
P 29 0 230 30 230 0 2 0
A 25 230 10 0 9 3 #=473
L 35 230 10 0 2 0 1 0 DCIFACE_B_D473_473
A 25 230 10 0 9 0 PINTYPE=BI
P 30 0 220 30 220 0 2 0
A 25 220 10 0 9 3 #=475
L 35 220 10 0 2 0 1 0 DCIFACE_B_D475_475
A 25 220 10 0 9 0 PINTYPE=BI
P 31 0 210 30 210 0 2 0
A 25 210 10 0 9 3 #=477
L 35 210 10 0 2 0 1 0 DCIFACE_B_D477_477
A 25 210 10 0 9 0 PINTYPE=BI
P 32 0 200 30 200 0 2 0
A 25 200 10 0 9 3 #=479
L 35 200 10 0 2 0 1 0 DCIFACE_B_D479_479
A 25 200 10 0 9 0 PINTYPE=BI
P 33 0 190 30 190 0 2 0
A 25 190 10 0 9 3 #=481
L 35 190 10 0 2 0 1 0 DCIFACE_B_D481_481
A 25 190 10 0 9 0 PINTYPE=BI
P 34 0 180 30 180 0 2 0
A 25 180 10 0 9 3 #=483
L 35 180 10 0 2 0 1 0 DCIFACE_B_D483_483
A 25 180 10 0 9 0 PINTYPE=BI
P 35 0 170 30 170 0 2 0
A 25 170 10 0 9 3 #=485
L 35 170 10 0 2 0 1 0 DCIFACE_B_D485_485
A 25 170 10 0 9 0 PINTYPE=BI
P 36 0 160 30 160 0 2 0
A 25 160 10 0 9 3 #=487
L 35 160 10 0 2 0 1 0 DCIFACE_B_D487_487
A 25 160 10 0 9 0 PINTYPE=BI
P 37 0 150 30 150 0 2 0
A 25 150 10 0 9 3 #=489
L 35 150 10 0 2 0 1 0 DCIFACE_B_D489_489
A 25 150 10 0 9 0 PINTYPE=BI
P 38 0 140 30 140 0 2 0
A 25 140 10 0 9 3 #=491
L 35 140 10 0 2 0 1 0 DCIFACE_B_D491_491
A 25 140 10 0 9 0 PINTYPE=BI
P 39 0 130 30 130 0 2 0
A 25 130 10 0 9 3 #=493
L 35 130 10 0 2 0 1 0 DCIFACE_B_D493_493
A 25 130 10 0 9 0 PINTYPE=BI
P 40 0 120 30 120 0 2 0
A 25 120 10 0 9 3 #=495
L 35 120 10 0 2 0 1 0 DCIFACE_B_D495_495
A 25 120 10 0 9 0 PINTYPE=BI
P 41 0 110 30 110 0 2 0
A 25 110 10 0 9 3 #=497
L 35 110 10 0 2 0 1 0 DCIFACE_B_D497_497
A 25 110 10 0 9 0 PINTYPE=BI
P 42 0 100 30 100 0 2 0
A 25 100 10 0 9 3 #=499
L 35 100 10 0 2 0 1 0 DCIFACE_B_D499_499
A 25 100 10 0 9 0 PINTYPE=BI
P 43 0 90 30 90 0 2 0
A 25 90 10 0 9 3 #=501
L 35 90 10 0 2 0 1 0 DCIFACE_B_D501_501
A 25 90 10 0 9 0 PINTYPE=BI
P 44 0 80 30 80 0 2 0
A 25 80 10 0 9 3 #=503
L 35 80 10 0 2 0 1 0 DCIFACE_B_D503_503
A 25 80 10 0 9 0 PINTYPE=BI
P 45 300 510 270 510 0 3 0
A 275 510 10 0 3 3 #=416
L 265 510 10 0 8 0 1 0 DCIFACE_B_D416_416
A 265 510 10 0 3 0 PINTYPE=BI
P 46 300 500 270 500 0 3 0
A 275 500 10 0 3 3 #=418
L 265 500 10 0 8 0 1 0 DCIFACE_B_D418_418
A 265 500 10 0 3 0 PINTYPE=BI
P 47 300 490 270 490 0 3 0
A 275 490 10 0 3 3 #=420
L 265 490 10 0 8 0 1 0 DCIFACE_B_D420_420
A 265 490 10 0 3 0 PINTYPE=BI
P 48 300 480 270 480 0 3 0
A 275 480 10 0 3 3 #=422
L 265 480 10 0 8 0 1 0 DCIFACE_B_D422_422
A 265 480 10 0 3 0 PINTYPE=BI
P 49 300 470 270 470 0 3 0
A 275 470 10 0 3 3 #=424
L 265 470 10 0 8 0 1 0 DCIFACE_B_D424_424
A 265 470 10 0 3 0 PINTYPE=BI
P 50 300 460 270 460 0 3 0
A 275 460 10 0 3 3 #=426
L 265 460 10 0 8 0 1 0 DCIFACE_B_D426_426
A 265 460 10 0 3 0 PINTYPE=BI
P 51 300 450 270 450 0 3 0
A 275 450 10 0 3 3 #=428
L 265 450 10 0 8 0 1 0 DCIFACE_B_D428_428
A 265 450 10 0 3 0 PINTYPE=BI
P 52 300 440 270 440 0 3 0
A 275 440 10 0 3 3 #=430
L 265 440 10 0 8 0 1 0 DCIFACE_B_D430_430
A 265 440 10 0 3 0 PINTYPE=BI
P 53 300 430 270 430 0 3 0
A 275 430 10 0 3 3 #=432
L 265 430 10 0 8 0 1 0 DCIFACE_B_D432_432
A 265 430 10 0 3 0 PINTYPE=BI
P 54 300 420 270 420 0 3 0
A 275 420 10 0 3 3 #=434
L 265 420 10 0 8 0 1 0 DCIFACE_B_D434_434
A 265 420 10 0 3 0 PINTYPE=BI
P 55 300 410 270 410 0 3 0
A 275 410 10 0 3 3 #=436
L 265 410 10 0 8 0 1 0 DCIFACE_B_D436_436
A 265 410 10 0 3 0 PINTYPE=BI
P 56 300 400 270 400 0 3 0
A 275 400 10 0 3 3 #=438
L 265 400 10 0 8 0 1 0 DCIFACE_B_D438_438
A 265 400 10 0 3 0 PINTYPE=BI
P 57 300 390 270 390 0 3 0
A 275 390 10 0 3 3 #=440
L 265 390 10 0 8 0 1 0 DCIFACE_B_D440_440
A 265 390 10 0 3 0 PINTYPE=BI
P 58 300 380 270 380 0 3 0
A 275 380 10 0 3 3 #=442
L 265 380 10 0 8 0 1 0 DCIFACE_B_D442_442
A 265 380 10 0 3 0 PINTYPE=BI
P 59 300 370 270 370 0 3 0
A 275 370 10 0 3 3 #=444
L 265 370 10 0 8 0 1 0 DCIFACE_B_D444_444
A 265 370 10 0 3 0 PINTYPE=BI
P 60 300 360 270 360 0 3 0
A 275 360 10 0 3 3 #=446
L 265 360 10 0 8 0 1 0 DCIFACE_B_D446_446
A 265 360 10 0 3 0 PINTYPE=BI
P 61 300 350 270 350 0 3 0
A 275 350 10 0 3 3 #=448
L 265 350 10 0 8 0 1 0 DCIFACE_B_D448_448
A 265 350 10 0 3 0 PINTYPE=BI
P 62 300 340 270 340 0 3 0
A 275 340 10 0 3 3 #=450
L 265 340 10 0 8 0 1 0 DCIFACE_B_D450_450
A 265 340 10 0 3 0 PINTYPE=BI
P 63 300 330 270 330 0 3 0
A 275 330 10 0 3 3 #=452
L 265 330 10 0 8 0 1 0 DCIFACE_B_D452_452
A 265 330 10 0 3 0 PINTYPE=BI
P 64 300 320 270 320 0 3 0
A 275 320 10 0 3 3 #=454
L 265 320 10 0 8 0 1 0 DCIFACE_B_D454_454
A 265 320 10 0 3 0 PINTYPE=BI
P 65 300 310 270 310 0 3 0
A 275 310 10 0 3 3 #=456
L 265 310 10 0 8 0 1 0 DCIFACE_B_D456_456
A 265 310 10 0 3 0 PINTYPE=BI
P 66 300 300 270 300 0 3 0
A 275 300 10 0 3 3 #=458
L 265 300 10 0 8 0 1 0 DCIFACE_B_D458_458
A 265 300 10 0 3 0 PINTYPE=BI
P 67 300 290 270 290 0 3 0
A 275 290 10 0 3 3 #=460
L 265 290 10 0 8 0 1 0 DCIFACE_B_D460_460
A 265 290 10 0 3 0 PINTYPE=BI
P 68 300 280 270 280 0 3 0
A 275 280 10 0 3 3 #=462
L 265 280 10 0 8 0 1 0 DCIFACE_B_D462_462
A 265 280 10 0 3 0 PINTYPE=BI
P 69 300 270 270 270 0 3 0
A 275 270 10 0 3 3 #=464
L 265 270 10 0 8 0 1 0 DCIFACE_B_D464_464
A 265 270 10 0 3 0 PINTYPE=BI
P 70 300 260 270 260 0 3 0
A 275 260 10 0 3 3 #=466
L 265 260 10 0 8 0 1 0 DCIFACE_B_D466_466
A 265 260 10 0 3 0 PINTYPE=BI
P 71 300 250 270 250 0 3 0
A 275 250 10 0 3 3 #=468
L 265 250 10 0 8 0 1 0 DCIFACE_B_D468_468
A 265 250 10 0 3 0 PINTYPE=BI
P 72 300 240 270 240 0 3 0
A 275 240 10 0 3 3 #=470
L 265 240 10 0 8 0 1 0 DCIFACE_B_D470_470
A 265 240 10 0 3 0 PINTYPE=BI
P 73 300 230 270 230 0 3 0
A 275 230 10 0 3 3 #=472
L 265 230 10 0 8 0 1 0 DCIFACE_B_D472_472
A 265 230 10 0 3 0 PINTYPE=BI
P 74 300 220 270 220 0 3 0
A 275 220 10 0 3 3 #=474
L 265 220 10 0 8 0 1 0 DCIFACE_B_D474_474
A 265 220 10 0 3 0 PINTYPE=BI
P 75 300 210 270 210 0 3 0
A 275 210 10 0 3 3 #=476
L 265 210 10 0 8 0 1 0 DCIFACE_B_D476_476
A 265 210 10 0 3 0 PINTYPE=BI
P 76 300 200 270 200 0 3 0
A 275 200 10 0 3 3 #=478
L 265 200 10 0 8 0 1 0 DCIFACE_B_D478_478
A 265 200 10 0 3 0 PINTYPE=BI
P 77 300 190 270 190 0 3 0
A 275 190 10 0 3 3 #=480
L 265 190 10 0 8 0 1 0 DCIFACE_B_D480_480
A 265 190 10 0 3 0 PINTYPE=BI
P 78 300 180 270 180 0 3 0
A 275 180 10 0 3 3 #=482
L 265 180 10 0 8 0 1 0 DCIFACE_B_D482_482
A 265 180 10 0 3 0 PINTYPE=BI
P 79 300 170 270 170 0 3 0
A 275 170 10 0 3 3 #=484
L 265 170 10 0 8 0 1 0 DCIFACE_B_D484_484
A 265 170 10 0 3 0 PINTYPE=BI
P 80 300 160 270 160 0 3 0
A 275 160 10 0 3 3 #=486
L 265 160 10 0 8 0 1 0 DCIFACE_B_D486_486
A 265 160 10 0 3 0 PINTYPE=BI
P 81 300 150 270 150 0 3 0
A 275 150 10 0 3 3 #=488
L 265 150 10 0 8 0 1 0 DCIFACE_B_D488_488
A 265 150 10 0 3 0 PINTYPE=BI
P 82 300 140 270 140 0 3 0
A 275 140 10 0 3 3 #=490
L 265 140 10 0 8 0 1 0 DCIFACE_B_D490_490
A 265 140 10 0 3 0 PINTYPE=BI
P 83 300 130 270 130 0 3 0
A 275 130 10 0 3 3 #=492
L 265 130 10 0 8 0 1 0 DCIFACE_B_D492_492
A 265 130 10 0 3 0 PINTYPE=BI
P 84 300 120 270 120 0 3 0
A 275 120 10 0 3 3 #=494
L 265 120 10 0 8 0 1 0 DCIFACE_B_D494_494
A 265 120 10 0 3 0 PINTYPE=BI
P 85 300 110 270 110 0 3 0
A 275 110 10 0 3 3 #=496
L 265 110 10 0 8 0 1 0 DCIFACE_B_D496_496
A 265 110 10 0 3 0 PINTYPE=BI
P 86 300 100 270 100 0 3 0
A 275 100 10 0 3 3 #=498
L 265 100 10 0 8 0 1 0 DCIFACE_B_D498_498
A 265 100 10 0 3 0 PINTYPE=BI
P 87 300 90 270 90 0 3 0
A 275 90 10 0 3 3 #=500
L 265 90 10 0 8 0 1 0 DCIFACE_B_D500_500
A 265 90 10 0 3 0 PINTYPE=BI
P 88 300 80 270 80 0 3 0
A 275 80 10 0 3 3 #=502
L 265 80 10 0 8 0 1 0 DCIFACE_B_D502_502
A 265 80 10 0 3 0 PINTYPE=BI
T 150 560 20 0 5 P6
T 150 540 20 0 5 AFX
U 30 580 10 0 3 3 DEVICE=XXXXXXX
U 30 50 16 0 1 3 REFDES=U?
U 270 35 10 0 9 3 PKG_TYPE=XXXXXXX
U 0 0 10 0 3 0 HETERO=AFXa_P1,AFXa_P10B,AFXa_P2,AFXa_P3,AFXa_P4,AFXa_P5,AFXa_P6,AFXa_P7,AFXa_P8,AFXa_P9B,AFXa_P10A,AFXa_P11,AFXa_P12,AFXa_P13,AFXa_P14,AFXa_P15,AFXa_P16,AFXa_P17,AFXa_P18,AFXa_P9A
E