V 50
K 153165148200 AFX
Y 1
D 0 0 300 630
Z 10
i 946
b 30 50 270 580
P 1 0 510 30 510 0 2 0
A 25 510 10 0 9 3 #=89
L 35 510 10 0 2 0 1 0 DCIFACE_A_D089_89
A 25 510 10 0 9 0 PINTYPE=BI
P 2 0 500 30 500 0 2 0
A 25 500 10 0 9 3 #=91
L 35 500 10 0 2 0 1 0 DCIFACE_A_D091_91
A 25 500 10 0 9 0 PINTYPE=BI
P 3 0 490 30 490 0 2 0
A 25 490 10 0 9 3 #=93
L 35 490 10 0 2 0 1 0 DCIFACE_A_D093_93
A 25 490 10 0 9 0 PINTYPE=BI
P 4 0 480 30 480 0 2 0
A 25 480 10 0 9 3 #=95
L 35 480 10 0 2 0 1 0 DCIFACE_A_D095_95
A 25 480 10 0 9 0 PINTYPE=BI
P 5 0 470 30 470 0 2 0
A 25 470 10 0 9 3 #=97
L 35 470 10 0 2 0 1 0 DCIFACE_A_D097_97
A 25 470 10 0 9 0 PINTYPE=BI
P 6 0 460 30 460 0 2 0
A 25 460 10 0 9 3 #=99
L 35 460 10 0 2 0 1 0 DCIFACE_A_D099_99
A 25 460 10 0 9 0 PINTYPE=BI
P 7 0 450 30 450 0 2 0
A 25 450 10 0 9 3 #=101
L 35 450 10 0 2 0 1 0 DCIFACE_A_D101_101
A 25 450 10 0 9 0 PINTYPE=BI
P 8 0 440 30 440 0 2 0
A 25 440 10 0 9 3 #=103
L 35 440 10 0 2 0 1 0 DCIFACE_A_D103_103
A 25 440 10 0 9 0 PINTYPE=BI
P 9 0 430 30 430 0 2 0
A 25 430 10 0 9 3 #=105
L 35 430 10 0 2 0 1 0 DCIFACE_A_D105_105
A 25 430 10 0 9 0 PINTYPE=BI
P 10 0 420 30 420 0 2 0
A 25 420 10 0 9 3 #=107
L 35 420 10 0 2 0 1 0 DCIFACE_A_D107_107
A 25 420 10 0 9 0 PINTYPE=BI
P 11 0 410 30 410 0 2 0
A 25 410 10 0 9 3 #=109
L 35 410 10 0 2 0 1 0 DCIFACE_A_D109_109
A 25 410 10 0 9 0 PINTYPE=BI
P 12 0 400 30 400 0 2 0
A 25 400 10 0 9 3 #=111
L 35 400 10 0 2 0 1 0 DCIFACE_A_D111_111
A 25 400 10 0 9 0 PINTYPE=BI
P 13 0 390 30 390 0 2 0
A 25 390 10 0 9 3 #=113
L 35 390 10 0 2 0 1 0 DCIFACE_A_D113_113
A 25 390 10 0 9 0 PINTYPE=BI
P 14 0 380 30 380 0 2 0
A 25 380 10 0 9 3 #=115
L 35 380 10 0 2 0 1 0 DCIFACE_A_D115_115
A 25 380 10 0 9 0 PINTYPE=BI
P 15 0 370 30 370 0 2 0
A 25 370 10 0 9 3 #=117
L 35 370 10 0 2 0 1 0 DCIFACE_A_D117_117
A 25 370 10 0 9 0 PINTYPE=BI
P 16 0 360 30 360 0 2 0
A 25 360 10 0 9 3 #=119
L 35 360 10 0 2 0 1 0 DCIFACE_A_D119_119
A 25 360 10 0 9 0 PINTYPE=BI
P 17 0 350 30 350 0 2 0
A 25 350 10 0 9 3 #=121
L 35 350 10 0 2 0 1 0 DCIFACE_A_D121_121
A 25 350 10 0 9 0 PINTYPE=BI
P 18 0 340 30 340 0 2 0
A 25 340 10 0 9 3 #=123
L 35 340 10 0 2 0 1 0 DCIFACE_A_D123_123
A 25 340 10 0 9 0 PINTYPE=BI
P 19 0 330 30 330 0 2 0
A 25 330 10 0 9 3 #=125
L 35 330 10 0 2 0 1 0 DCIFACE_A_D125_125
A 25 330 10 0 9 0 PINTYPE=BI
P 20 0 320 30 320 0 2 0
A 25 320 10 0 9 3 #=127
L 35 320 10 0 2 0 1 0 DCIFACE_A_D127_127
A 25 320 10 0 9 0 PINTYPE=BI
P 21 0 310 30 310 0 2 0
A 25 310 10 0 9 3 #=129
L 35 310 10 0 2 0 1 0 DCIFACE_A_D129_129
A 25 310 10 0 9 0 PINTYPE=BI
P 22 0 300 30 300 0 2 0
A 25 300 10 0 9 3 #=131
L 35 300 10 0 2 0 1 0 DCIFACE_A_D131_131
A 25 300 10 0 9 0 PINTYPE=BI
P 23 0 290 30 290 0 2 0
A 25 290 10 0 9 3 #=133
L 35 290 10 0 2 0 1 0 DCIFACE_A_D133_133
A 25 290 10 0 9 0 PINTYPE=BI
P 24 0 280 30 280 0 2 0
A 25 280 10 0 9 3 #=135
L 35 280 10 0 2 0 1 0 DCIFACE_A_D135_135
A 25 280 10 0 9 0 PINTYPE=BI
P 25 0 270 30 270 0 2 0
A 25 270 10 0 9 3 #=137
L 35 270 10 0 2 0 1 0 DCIFACE_A_D137_137
A 25 270 10 0 9 0 PINTYPE=BI
P 26 0 260 30 260 0 2 0
A 25 260 10 0 9 3 #=139
L 35 260 10 0 2 0 1 0 DCIFACE_A_D139_139
A 25 260 10 0 9 0 PINTYPE=BI
P 27 0 250 30 250 0 2 0
A 25 250 10 0 9 3 #=141
L 35 250 10 0 2 0 1 0 DCIFACE_A_D141_141
A 25 250 10 0 9 0 PINTYPE=BI
P 28 0 240 30 240 0 2 0
A 25 240 10 0 9 3 #=143
L 35 240 10 0 2 0 1 0 DCIFACE_A_D143_143
A 25 240 10 0 9 0 PINTYPE=BI
P 29 0 230 30 230 0 2 0
A 25 230 10 0 9 3 #=145
L 35 230 10 0 2 0 1 0 DCIFACE_A_D145_145
A 25 230 10 0 9 0 PINTYPE=BI
P 30 0 220 30 220 0 2 0
A 25 220 10 0 9 3 #=147
L 35 220 10 0 2 0 1 0 DCIFACE_A_D147_147
A 25 220 10 0 9 0 PINTYPE=BI
P 31 0 210 30 210 0 2 0
A 25 210 10 0 9 3 #=149
L 35 210 10 0 2 0 1 0 DCIFACE_A_D149_149
A 25 210 10 0 9 0 PINTYPE=BI
P 32 0 200 30 200 0 2 0
A 25 200 10 0 9 3 #=151
L 35 200 10 0 2 0 1 0 DCIFACE_A_D151_151
A 25 200 10 0 9 0 PINTYPE=BI
P 33 0 190 30 190 0 2 0
A 25 190 10 0 9 3 #=153
L 35 190 10 0 2 0 1 0 DCIFACE_A_D153_153
A 25 190 10 0 9 0 PINTYPE=BI
P 34 0 180 30 180 0 2 0
A 25 180 10 0 9 3 #=155
L 35 180 10 0 2 0 1 0 DCIFACE_A_D155_155
A 25 180 10 0 9 0 PINTYPE=BI
P 35 0 170 30 170 0 2 0
A 25 170 10 0 9 3 #=157
L 35 170 10 0 2 0 1 0 DCIFACE_A_D157_157
A 25 170 10 0 9 0 PINTYPE=BI
P 36 0 160 30 160 0 2 0
A 25 160 10 0 9 3 #=159
L 35 160 10 0 2 0 1 0 DCIFACE_A_D159_159
A 25 160 10 0 9 0 PINTYPE=BI
P 37 0 150 30 150 0 2 0
A 25 150 10 0 9 3 #=161
L 35 150 10 0 2 0 1 0 DCIFACE_A_D161_161
A 25 150 10 0 9 0 PINTYPE=BI
P 38 0 140 30 140 0 2 0
A 25 140 10 0 9 3 #=163
L 35 140 10 0 2 0 1 0 DCIFACE_A_D163_163
A 25 140 10 0 9 0 PINTYPE=BI
P 39 0 130 30 130 0 2 0
A 25 130 10 0 9 3 #=165
L 35 130 10 0 2 0 1 0 DCIFACE_A_D165_165
A 25 130 10 0 9 0 PINTYPE=BI
P 40 0 120 30 120 0 2 0
A 25 120 10 0 9 3 #=167
L 35 120 10 0 2 0 1 0 DCIFACE_A_D167_167
A 25 120 10 0 9 0 PINTYPE=BI
P 41 0 110 30 110 0 2 0
A 25 110 10 0 9 3 #=169
L 35 110 10 0 2 0 1 0 DCIFACE_A_D169_169
A 25 110 10 0 9 0 PINTYPE=BI
P 42 0 100 30 100 0 2 0
A 25 100 10 0 9 3 #=171
L 35 100 10 0 2 0 1 0 DCIFACE_A_D171_171
A 25 100 10 0 9 0 PINTYPE=BI
P 43 0 90 30 90 0 2 0
A 25 90 10 0 9 3 #=173
L 35 90 10 0 2 0 1 0 DCIFACE_A_D173_173
A 25 90 10 0 9 0 PINTYPE=BI
P 44 0 80 30 80 0 2 0
A 25 80 10 0 9 3 #=175
L 35 80 10 0 2 0 1 0 DCIFACE_A_D175_175
A 25 80 10 0 9 0 PINTYPE=BI
P 45 300 510 270 510 0 3 0
A 275 510 10 0 3 3 #=88
L 265 510 10 0 8 0 1 0 DCIFACE_A_D088_88
A 265 510 10 0 3 0 PINTYPE=BI
P 46 300 500 270 500 0 3 0
A 275 500 10 0 3 3 #=90
L 265 500 10 0 8 0 1 0 DCIFACE_A_D090_90
A 265 500 10 0 3 0 PINTYPE=BI
P 47 300 490 270 490 0 3 0
A 275 490 10 0 3 3 #=92
L 265 490 10 0 8 0 1 0 DCIFACE_A_D092_92
A 265 490 10 0 3 0 PINTYPE=BI
P 48 300 480 270 480 0 3 0
A 275 480 10 0 3 3 #=94
L 265 480 10 0 8 0 1 0 DCIFACE_A_D094_94
A 265 480 10 0 3 0 PINTYPE=BI
P 49 300 470 270 470 0 3 0
A 275 470 10 0 3 3 #=96
L 265 470 10 0 8 0 1 0 DCIFACE_A_D096_96
A 265 470 10 0 3 0 PINTYPE=BI
P 50 300 460 270 460 0 3 0
A 275 460 10 0 3 3 #=98
L 265 460 10 0 8 0 1 0 DCIFACE_A_D098_98
A 265 460 10 0 3 0 PINTYPE=BI
P 51 300 450 270 450 0 3 0
A 275 450 10 0 3 3 #=100
L 265 450 10 0 8 0 1 0 DCIFACE_A_D100_100
A 265 450 10 0 3 0 PINTYPE=BI
P 52 300 440 270 440 0 3 0
A 275 440 10 0 3 3 #=102
L 265 440 10 0 8 0 1 0 DCIFACE_A_D102_102
A 265 440 10 0 3 0 PINTYPE=BI
P 53 300 430 270 430 0 3 0
A 275 430 10 0 3 3 #=104
L 265 430 10 0 8 0 1 0 DCIFACE_A_D104_104
A 265 430 10 0 3 0 PINTYPE=BI
P 54 300 420 270 420 0 3 0
A 275 420 10 0 3 3 #=106
L 265 420 10 0 8 0 1 0 DCIFACE_A_D106_106
A 265 420 10 0 3 0 PINTYPE=BI
P 55 300 410 270 410 0 3 0
A 275 410 10 0 3 3 #=108
L 265 410 10 0 8 0 1 0 DCIFACE_A_D108_108
A 265 410 10 0 3 0 PINTYPE=BI
P 56 300 400 270 400 0 3 0
A 275 400 10 0 3 3 #=110
L 265 400 10 0 8 0 1 0 DCIFACE_A_D110_110
A 265 400 10 0 3 0 PINTYPE=BI
P 57 300 390 270 390 0 3 0
A 275 390 10 0 3 3 #=112
L 265 390 10 0 8 0 1 0 DCIFACE_A_D112_112
A 265 390 10 0 3 0 PINTYPE=BI
P 58 300 380 270 380 0 3 0
A 275 380 10 0 3 3 #=114
L 265 380 10 0 8 0 1 0 DCIFACE_A_D114_114
A 265 380 10 0 3 0 PINTYPE=BI
P 59 300 370 270 370 0 3 0
A 275 370 10 0 3 3 #=116
L 265 370 10 0 8 0 1 0 DCIFACE_A_D116_116
A 265 370 10 0 3 0 PINTYPE=BI
P 60 300 360 270 360 0 3 0
A 275 360 10 0 3 3 #=118
L 265 360 10 0 8 0 1 0 DCIFACE_A_D118_118
A 265 360 10 0 3 0 PINTYPE=BI
P 61 300 350 270 350 0 3 0
A 275 350 10 0 3 3 #=120
L 265 350 10 0 8 0 1 0 DCIFACE_A_D120_120
A 265 350 10 0 3 0 PINTYPE=BI
P 62 300 340 270 340 0 3 0
A 275 340 10 0 3 3 #=122
L 265 340 10 0 8 0 1 0 DCIFACE_A_D122_122
A 265 340 10 0 3 0 PINTYPE=BI
P 63 300 330 270 330 0 3 0
A 275 330 10 0 3 3 #=124
L 265 330 10 0 8 0 1 0 DCIFACE_A_D124_124
A 265 330 10 0 3 0 PINTYPE=BI
P 64 300 320 270 320 0 3 0
A 275 320 10 0 3 3 #=126
L 265 320 10 0 8 0 1 0 DCIFACE_A_D126_126
A 265 320 10 0 3 0 PINTYPE=BI
P 65 300 310 270 310 0 3 0
A 275 310 10 0 3 3 #=128
L 265 310 10 0 8 0 1 0 DCIFACE_A_D128_128
A 265 310 10 0 3 0 PINTYPE=BI
P 66 300 300 270 300 0 3 0
A 275 300 10 0 3 3 #=130
L 265 300 10 0 8 0 1 0 DCIFACE_A_D130_130
A 265 300 10 0 3 0 PINTYPE=BI
P 67 300 290 270 290 0 3 0
A 275 290 10 0 3 3 #=132
L 265 290 10 0 8 0 1 0 DCIFACE_A_D132_132
A 265 290 10 0 3 0 PINTYPE=BI
P 68 300 280 270 280 0 3 0
A 275 280 10 0 3 3 #=134
L 265 280 10 0 8 0 1 0 DCIFACE_A_D134_134
A 265 280 10 0 3 0 PINTYPE=BI
P 69 300 270 270 270 0 3 0
A 275 270 10 0 3 3 #=136
L 265 270 10 0 8 0 1 0 DCIFACE_A_D136_136
A 265 270 10 0 3 0 PINTYPE=BI
P 70 300 260 270 260 0 3 0
A 275 260 10 0 3 3 #=138
L 265 260 10 0 8 0 1 0 DCIFACE_A_D138_138
A 265 260 10 0 3 0 PINTYPE=BI
P 71 300 250 270 250 0 3 0
A 275 250 10 0 3 3 #=140
L 265 250 10 0 8 0 1 0 DCIFACE_A_D140_140
A 265 250 10 0 3 0 PINTYPE=BI
P 72 300 240 270 240 0 3 0
A 275 240 10 0 3 3 #=142
L 265 240 10 0 8 0 1 0 DCIFACE_A_D142_142
A 265 240 10 0 3 0 PINTYPE=BI
P 73 300 230 270 230 0 3 0
A 275 230 10 0 3 3 #=144
L 265 230 10 0 8 0 1 0 DCIFACE_A_D144_144
A 265 230 10 0 3 0 PINTYPE=BI
P 74 300 220 270 220 0 3 0
A 275 220 10 0 3 3 #=146
L 265 220 10 0 8 0 1 0 DCIFACE_A_D146_146
A 265 220 10 0 3 0 PINTYPE=BI
P 75 300 210 270 210 0 3 0
A 275 210 10 0 3 3 #=148
L 265 210 10 0 8 0 1 0 DCIFACE_A_D148_148
A 265 210 10 0 3 0 PINTYPE=BI
P 76 300 200 270 200 0 3 0
A 275 200 10 0 3 3 #=150
L 265 200 10 0 8 0 1 0 DCIFACE_A_D150_150
A 265 200 10 0 3 0 PINTYPE=BI
P 77 300 190 270 190 0 3 0
A 275 190 10 0 3 3 #=152
L 265 190 10 0 8 0 1 0 DCIFACE_A_D152_152
A 265 190 10 0 3 0 PINTYPE=BI
P 78 300 180 270 180 0 3 0
A 275 180 10 0 3 3 #=154
L 265 180 10 0 8 0 1 0 DCIFACE_A_D154_154
A 265 180 10 0 3 0 PINTYPE=BI
P 79 300 170 270 170 0 3 0
A 275 170 10 0 3 3 #=156
L 265 170 10 0 8 0 1 0 DCIFACE_A_D156_156
A 265 170 10 0 3 0 PINTYPE=BI
P 80 300 160 270 160 0 3 0
A 275 160 10 0 3 3 #=158
L 265 160 10 0 8 0 1 0 DCIFACE_A_D158_158
A 265 160 10 0 3 0 PINTYPE=BI
P 81 300 150 270 150 0 3 0
A 275 150 10 0 3 3 #=160
L 265 150 10 0 8 0 1 0 DCIFACE_A_D160_160
A 265 150 10 0 3 0 PINTYPE=BI
P 82 300 140 270 140 0 3 0
A 275 140 10 0 3 3 #=162
L 265 140 10 0 8 0 1 0 DCIFACE_A_D162_162
A 265 140 10 0 3 0 PINTYPE=BI
P 83 300 130 270 130 0 3 0
A 275 130 10 0 3 3 #=164
L 265 130 10 0 8 0 1 0 DCIFACE_A_D164_164
A 265 130 10 0 3 0 PINTYPE=BI
P 84 300 120 270 120 0 3 0
A 275 120 10 0 3 3 #=166
L 265 120 10 0 8 0 1 0 DCIFACE_A_D166_166
A 265 120 10 0 3 0 PINTYPE=BI
P 85 300 110 270 110 0 3 0
A 275 110 10 0 3 3 #=168
L 265 110 10 0 8 0 1 0 DCIFACE_A_D168_168
A 265 110 10 0 3 0 PINTYPE=BI
P 86 300 100 270 100 0 3 0
A 275 100 10 0 3 3 #=170
L 265 100 10 0 8 0 1 0 DCIFACE_A_D170_170
A 265 100 10 0 3 0 PINTYPE=BI
P 87 300 90 270 90 0 3 0
A 275 90 10 0 3 3 #=172
L 265 90 10 0 8 0 1 0 DCIFACE_A_D172_172
A 265 90 10 0 3 0 PINTYPE=BI
P 88 300 80 270 80 0 3 0
A 275 80 10 0 3 3 #=174
L 265 80 10 0 8 0 1 0 DCIFACE_A_D174_174
A 265 80 10 0 3 0 PINTYPE=BI
T 150 560 20 0 5 P11
T 150 540 20 0 5 AFX
U 30 580 10 0 3 3 DEVICE=XXXXXXX
U 30 50 16 0 1 3 REFDES=U?
U 270 35 10 0 9 3 PKG_TYPE=XXXXXXX
U 0 0 10 0 3 0 HETERO=AFXa_P1,AFXa_P10B,AFXa_P2,AFXa_P3,AFXa_P4,AFXa_P5,AFXa_P6,AFXa_P7,AFXa_P8,AFXa_P9B,AFXa_P10A,AFXa_P11,AFXa_P12,AFXa_P13,AFXa_P14,AFXa_P15,AFXa_P16,AFXa_P17,AFXa_P18,AFXa_P9A
E