V 50
K 153165148200 AFX
Y 1
D 0 0 300 630
Z 10
i 946
b 30 50 270 580
P 1 0 510 30 510 0 2 0
A 25 510 10 0 9 3 #=265
L 35 510 10 0 2 0 1 0 DCIFACE_B_D265_265
A 25 510 10 0 9 0 PINTYPE=BI
P 2 0 500 30 500 0 2 0
A 25 500 10 0 9 3 #=267
L 35 500 10 0 2 0 1 0 DCIFACE_B_D267_267
A 25 500 10 0 9 0 PINTYPE=BI
P 3 0 490 30 490 0 2 0
A 25 490 10 0 9 3 #=269
L 35 490 10 0 2 0 1 0 DCIFACE_B_D269_269
A 25 490 10 0 9 0 PINTYPE=BI
P 4 0 480 30 480 0 2 0
A 25 480 10 0 9 3 #=271
L 35 480 10 0 2 0 1 0 DCIFACE_B_D271_271
A 25 480 10 0 9 0 PINTYPE=BI
P 5 0 470 30 470 0 2 0
A 25 470 10 0 9 3 #=273
L 35 470 10 0 2 0 1 0 DCIFACE_B_D273_273
A 25 470 10 0 9 0 PINTYPE=BI
P 6 0 460 30 460 0 2 0
A 25 460 10 0 9 3 #=275
L 35 460 10 0 2 0 1 0 DCIFACE_B_D275_275
A 25 460 10 0 9 0 PINTYPE=BI
P 7 0 450 30 450 0 2 0
A 25 450 10 0 9 3 #=277
L 35 450 10 0 2 0 1 0 DCIFACE_B_D277_277
A 25 450 10 0 9 0 PINTYPE=BI
P 8 0 440 30 440 0 2 0
A 25 440 10 0 9 3 #=279
L 35 440 10 0 2 0 1 0 DCIFACE_B_D279_279
A 25 440 10 0 9 0 PINTYPE=BI
P 9 0 430 30 430 0 2 0
A 25 430 10 0 9 3 #=281
L 35 430 10 0 2 0 1 0 DCIFACE_B_D281_281
A 25 430 10 0 9 0 PINTYPE=BI
P 10 0 420 30 420 0 2 0
A 25 420 10 0 9 3 #=283
L 35 420 10 0 2 0 1 0 DCIFACE_B_D283_283
A 25 420 10 0 9 0 PINTYPE=BI
P 11 0 410 30 410 0 2 0
A 25 410 10 0 9 3 #=285
L 35 410 10 0 2 0 1 0 DCIFACE_B_D285_285
A 25 410 10 0 9 0 PINTYPE=BI
P 12 0 400 30 400 0 2 0
A 25 400 10 0 9 3 #=287
L 35 400 10 0 2 0 1 0 DCIFACE_B_D287_287
A 25 400 10 0 9 0 PINTYPE=BI
P 13 0 390 30 390 0 2 0
A 25 390 10 0 9 3 #=289
L 35 390 10 0 2 0 1 0 DCIFACE_B_D289_289
A 25 390 10 0 9 0 PINTYPE=BI
P 14 0 380 30 380 0 2 0
A 25 380 10 0 9 3 #=291
L 35 380 10 0 2 0 1 0 DCIFACE_B_D291_291
A 25 380 10 0 9 0 PINTYPE=BI
P 15 0 370 30 370 0 2 0
A 25 370 10 0 9 3 #=293
L 35 370 10 0 2 0 1 0 DCIFACE_B_D293_293
A 25 370 10 0 9 0 PINTYPE=BI
P 16 0 360 30 360 0 2 0
A 25 360 10 0 9 3 #=295
L 35 360 10 0 2 0 1 0 DCIFACE_B_D295_295
A 25 360 10 0 9 0 PINTYPE=BI
P 17 0 350 30 350 0 2 0
A 25 350 10 0 9 3 #=297
L 35 350 10 0 2 0 1 0 DCIFACE_B_D297_297
A 25 350 10 0 9 0 PINTYPE=BI
P 18 0 340 30 340 0 2 0
A 25 340 10 0 9 3 #=299
L 35 340 10 0 2 0 1 0 DCIFACE_B_D299_299
A 25 340 10 0 9 0 PINTYPE=BI
P 19 0 330 30 330 0 2 0
A 25 330 10 0 9 3 #=301
L 35 330 10 0 2 0 1 0 DCIFACE_B_D301_301
A 25 330 10 0 9 0 PINTYPE=BI
P 20 0 320 30 320 0 2 0
A 25 320 10 0 9 3 #=303
L 35 320 10 0 2 0 1 0 DCIFACE_B_D303_303
A 25 320 10 0 9 0 PINTYPE=BI
P 21 0 310 30 310 0 2 0
A 25 310 10 0 9 3 #=305
L 35 310 10 0 2 0 1 0 DCIFACE_B_D305_305
A 25 310 10 0 9 0 PINTYPE=BI
P 22 0 300 30 300 0 2 0
A 25 300 10 0 9 3 #=307
L 35 300 10 0 2 0 1 0 DCIFACE_B_D307_307
A 25 300 10 0 9 0 PINTYPE=BI
P 23 0 290 30 290 0 2 0
A 25 290 10 0 9 3 #=309
L 35 290 10 0 2 0 1 0 DCIFACE_B_D309_309
A 25 290 10 0 9 0 PINTYPE=BI
P 24 0 280 30 280 0 2 0
A 25 280 10 0 9 3 #=311
L 35 280 10 0 2 0 1 0 DCIFACE_B_D311_311
A 25 280 10 0 9 0 PINTYPE=BI
P 25 0 270 30 270 0 2 0
A 25 270 10 0 9 3 #=313
L 35 270 10 0 2 0 1 0 DCIFACE_B_D313_313
A 25 270 10 0 9 0 PINTYPE=BI
P 26 0 260 30 260 0 2 0
A 25 260 10 0 9 3 #=315
L 35 260 10 0 2 0 1 0 DCIFACE_B_D315_315
A 25 260 10 0 9 0 PINTYPE=BI
P 27 0 250 30 250 0 2 0
A 25 250 10 0 9 3 #=317
L 35 250 10 0 2 0 1 0 DCIFACE_B_D317_317
A 25 250 10 0 9 0 PINTYPE=BI
P 28 0 240 30 240 0 2 0
A 25 240 10 0 9 3 #=319
L 35 240 10 0 2 0 1 0 DCIFACE_B_D319_319
A 25 240 10 0 9 0 PINTYPE=BI
P 29 0 230 30 230 0 2 0
A 25 230 10 0 9 3 #=321
L 35 230 10 0 2 0 1 0 DCIFACE_B_D321_321
A 25 230 10 0 9 0 PINTYPE=BI
P 30 0 220 30 220 0 2 0
A 25 220 10 0 9 3 #=323
L 35 220 10 0 2 0 1 0 DCIFACE_B_D323_323
A 25 220 10 0 9 0 PINTYPE=BI
P 31 0 210 30 210 0 2 0
A 25 210 10 0 9 3 #=325
L 35 210 10 0 2 0 1 0 DCIFACE_B_D325_325
A 25 210 10 0 9 0 PINTYPE=BI
P 32 0 200 30 200 0 2 0
A 25 200 10 0 9 3 #=327
L 35 200 10 0 2 0 1 0 DCIFACE_B_D327_327
A 25 200 10 0 9 0 PINTYPE=BI
P 33 0 190 30 190 0 2 0
A 25 190 10 0 9 3 #=329
L 35 190 10 0 2 0 1 0 DCIFACE_B_D329_329
A 25 190 10 0 9 0 PINTYPE=BI
P 34 0 180 30 180 0 2 0
A 25 180 10 0 9 3 #=331
L 35 180 10 0 2 0 1 0 DCIFACE_B_D331_331
A 25 180 10 0 9 0 PINTYPE=BI
P 35 0 170 30 170 0 2 0
A 25 170 10 0 9 3 #=333
L 35 170 10 0 2 0 1 0 DCIFACE_B_D333_333
A 25 170 10 0 9 0 PINTYPE=BI
P 36 0 160 30 160 0 2 0
A 25 160 10 0 9 3 #=335
L 35 160 10 0 2 0 1 0 DCIFACE_B_D335_335
A 25 160 10 0 9 0 PINTYPE=BI
P 37 0 150 30 150 0 2 0
A 25 150 10 0 9 3 #=337
L 35 150 10 0 2 0 1 0 DCIFACE_B_D337_337
A 25 150 10 0 9 0 PINTYPE=BI
P 38 0 140 30 140 0 2 0
A 25 140 10 0 9 3 #=339
L 35 140 10 0 2 0 1 0 DCIFACE_B_D339_339
A 25 140 10 0 9 0 PINTYPE=BI
P 39 0 130 30 130 0 2 0
A 25 130 10 0 9 3 #=341
L 35 130 10 0 2 0 1 0 DCIFACE_B_D341_341
A 25 130 10 0 9 0 PINTYPE=BI
P 40 0 120 30 120 0 2 0
A 25 120 10 0 9 3 #=343
L 35 120 10 0 2 0 1 0 DCIFACE_B_D343_343
A 25 120 10 0 9 0 PINTYPE=BI
P 41 0 110 30 110 0 2 0
A 25 110 10 0 9 3 #=345
L 35 110 10 0 2 0 1 0 DCIFACE_B_D345_345
A 25 110 10 0 9 0 PINTYPE=BI
P 42 0 100 30 100 0 2 0
A 25 100 10 0 9 3 #=347
L 35 100 10 0 2 0 1 0 DCIFACE_B_D347_347
A 25 100 10 0 9 0 PINTYPE=BI
P 43 0 90 30 90 0 2 0
A 25 90 10 0 9 3 #=349
L 35 90 10 0 2 0 1 0 DCIFACE_B_D349_349
A 25 90 10 0 9 0 PINTYPE=BI
P 44 0 80 30 80 0 2 0
A 25 80 10 0 9 3 #=351
L 35 80 10 0 2 0 1 0 DCIFACE_B_D351_351
A 25 80 10 0 9 0 PINTYPE=BI
P 45 300 510 270 510 0 3 0
A 275 510 10 0 3 3 #=264
L 265 510 10 0 8 0 1 0 DCIFACE_B_D264_264
A 265 510 10 0 3 0 PINTYPE=BI
P 46 300 500 270 500 0 3 0
A 275 500 10 0 3 3 #=266
L 265 500 10 0 8 0 1 0 DCIFACE_B_D266_266
A 265 500 10 0 3 0 PINTYPE=BI
P 47 300 490 270 490 0 3 0
A 275 490 10 0 3 3 #=268
L 265 490 10 0 8 0 1 0 DCIFACE_B_D268_268
A 265 490 10 0 3 0 PINTYPE=BI
P 48 300 480 270 480 0 3 0
A 275 480 10 0 3 3 #=270
L 265 480 10 0 8 0 1 0 DCIFACE_B_D270_270
A 265 480 10 0 3 0 PINTYPE=BI
P 49 300 470 270 470 0 3 0
A 275 470 10 0 3 3 #=272
L 265 470 10 0 8 0 1 0 DCIFACE_B_D272_272
A 265 470 10 0 3 0 PINTYPE=BI
P 50 300 460 270 460 0 3 0
A 275 460 10 0 3 3 #=274
L 265 460 10 0 8 0 1 0 DCIFACE_B_D274_274
A 265 460 10 0 3 0 PINTYPE=BI
P 51 300 450 270 450 0 3 0
A 275 450 10 0 3 3 #=276
L 265 450 10 0 8 0 1 0 DCIFACE_B_D276_276
A 265 450 10 0 3 0 PINTYPE=BI
P 52 300 440 270 440 0 3 0
A 275 440 10 0 3 3 #=278
L 265 440 10 0 8 0 1 0 DCIFACE_B_D278_278
A 265 440 10 0 3 0 PINTYPE=BI
P 53 300 430 270 430 0 3 0
A 275 430 10 0 3 3 #=280
L 265 430 10 0 8 0 1 0 DCIFACE_B_D280_280
A 265 430 10 0 3 0 PINTYPE=BI
P 54 300 420 270 420 0 3 0
A 275 420 10 0 3 3 #=282
L 265 420 10 0 8 0 1 0 DCIFACE_B_D282_282
A 265 420 10 0 3 0 PINTYPE=BI
P 55 300 410 270 410 0 3 0
A 275 410 10 0 3 3 #=284
L 265 410 10 0 8 0 1 0 DCIFACE_B_D284_284
A 265 410 10 0 3 0 PINTYPE=BI
P 56 300 400 270 400 0 3 0
A 275 400 10 0 3 3 #=286
L 265 400 10 0 8 0 1 0 DCIFACE_B_D286_286
A 265 400 10 0 3 0 PINTYPE=BI
P 57 300 390 270 390 0 3 0
A 275 390 10 0 3 3 #=288
L 265 390 10 0 8 0 1 0 DCIFACE_B_D288_288
A 265 390 10 0 3 0 PINTYPE=BI
P 58 300 380 270 380 0 3 0
A 275 380 10 0 3 3 #=290
L 265 380 10 0 8 0 1 0 DCIFACE_B_D290_290
A 265 380 10 0 3 0 PINTYPE=BI
P 59 300 370 270 370 0 3 0
A 275 370 10 0 3 3 #=292
L 265 370 10 0 8 0 1 0 DCIFACE_B_D292_292
A 265 370 10 0 3 0 PINTYPE=BI
P 60 300 360 270 360 0 3 0
A 275 360 10 0 3 3 #=294
L 265 360 10 0 8 0 1 0 DCIFACE_B_D294_294
A 265 360 10 0 3 0 PINTYPE=BI
P 61 300 350 270 350 0 3 0
A 275 350 10 0 3 3 #=296
L 265 350 10 0 8 0 1 0 DCIFACE_B_D296_296
A 265 350 10 0 3 0 PINTYPE=BI
P 62 300 340 270 340 0 3 0
A 275 340 10 0 3 3 #=298
L 265 340 10 0 8 0 1 0 DCIFACE_B_D298_298
A 265 340 10 0 3 0 PINTYPE=BI
P 63 300 330 270 330 0 3 0
A 275 330 10 0 3 3 #=300
L 265 330 10 0 8 0 1 0 DCIFACE_B_D300_300
A 265 330 10 0 3 0 PINTYPE=BI
P 64 300 320 270 320 0 3 0
A 275 320 10 0 3 3 #=302
L 265 320 10 0 8 0 1 0 DCIFACE_B_D302_302
A 265 320 10 0 3 0 PINTYPE=BI
P 65 300 310 270 310 0 3 0
A 275 310 10 0 3 3 #=304
L 265 310 10 0 8 0 1 0 DCIFACE_B_D304_304
A 265 310 10 0 3 0 PINTYPE=BI
P 66 300 300 270 300 0 3 0
A 275 300 10 0 3 3 #=306
L 265 300 10 0 8 0 1 0 DCIFACE_B_D306_306
A 265 300 10 0 3 0 PINTYPE=BI
P 67 300 290 270 290 0 3 0
A 275 290 10 0 3 3 #=308
L 265 290 10 0 8 0 1 0 DCIFACE_B_D308_308
A 265 290 10 0 3 0 PINTYPE=BI
P 68 300 280 270 280 0 3 0
A 275 280 10 0 3 3 #=310
L 265 280 10 0 8 0 1 0 DCIFACE_B_D310_310
A 265 280 10 0 3 0 PINTYPE=BI
P 69 300 270 270 270 0 3 0
A 275 270 10 0 3 3 #=312
L 265 270 10 0 8 0 1 0 DCIFACE_B_D312_312
A 265 270 10 0 3 0 PINTYPE=BI
P 70 300 260 270 260 0 3 0
A 275 260 10 0 3 3 #=314
L 265 260 10 0 8 0 1 0 DCIFACE_B_D314_314
A 265 260 10 0 3 0 PINTYPE=BI
P 71 300 250 270 250 0 3 0
A 275 250 10 0 3 3 #=316
L 265 250 10 0 8 0 1 0 DCIFACE_B_D316_316
A 265 250 10 0 3 0 PINTYPE=BI
P 72 300 240 270 240 0 3 0
A 275 240 10 0 3 3 #=318
L 265 240 10 0 8 0 1 0 DCIFACE_B_D318_318
A 265 240 10 0 3 0 PINTYPE=BI
P 73 300 230 270 230 0 3 0
A 275 230 10 0 3 3 #=320
L 265 230 10 0 8 0 1 0 DCIFACE_B_D320_320
A 265 230 10 0 3 0 PINTYPE=BI
P 74 300 220 270 220 0 3 0
A 275 220 10 0 3 3 #=322
L 265 220 10 0 8 0 1 0 DCIFACE_B_D322_322
A 265 220 10 0 3 0 PINTYPE=BI
P 75 300 210 270 210 0 3 0
A 275 210 10 0 3 3 #=324
L 265 210 10 0 8 0 1 0 DCIFACE_B_D324_324
A 265 210 10 0 3 0 PINTYPE=BI
P 76 300 200 270 200 0 3 0
A 275 200 10 0 3 3 #=326
L 265 200 10 0 8 0 1 0 DCIFACE_B_D326_326
A 265 200 10 0 3 0 PINTYPE=BI
P 77 300 190 270 190 0 3 0
A 275 190 10 0 3 3 #=328
L 265 190 10 0 8 0 1 0 DCIFACE_B_D328_328
A 265 190 10 0 3 0 PINTYPE=BI
P 78 300 180 270 180 0 3 0
A 275 180 10 0 3 3 #=330
L 265 180 10 0 8 0 1 0 DCIFACE_B_D330_330
A 265 180 10 0 3 0 PINTYPE=BI
P 79 300 170 270 170 0 3 0
A 275 170 10 0 3 3 #=332
L 265 170 10 0 8 0 1 0 DCIFACE_B_D332_332
A 265 170 10 0 3 0 PINTYPE=BI
P 80 300 160 270 160 0 3 0
A 275 160 10 0 3 3 #=334
L 265 160 10 0 8 0 1 0 DCIFACE_B_D334_334
A 265 160 10 0 3 0 PINTYPE=BI
P 81 300 150 270 150 0 3 0
A 275 150 10 0 3 3 #=336
L 265 150 10 0 8 0 1 0 DCIFACE_B_D336_336
A 265 150 10 0 3 0 PINTYPE=BI
P 82 300 140 270 140 0 3 0
A 275 140 10 0 3 3 #=338
L 265 140 10 0 8 0 1 0 DCIFACE_B_D338_338
A 265 140 10 0 3 0 PINTYPE=BI
P 83 300 130 270 130 0 3 0
A 275 130 10 0 3 3 #=340
L 265 130 10 0 8 0 1 0 DCIFACE_B_D340_340
A 265 130 10 0 3 0 PINTYPE=BI
P 84 300 120 270 120 0 3 0
A 275 120 10 0 3 3 #=342
L 265 120 10 0 8 0 1 0 DCIFACE_B_D342_342
A 265 120 10 0 3 0 PINTYPE=BI
P 85 300 110 270 110 0 3 0
A 275 110 10 0 3 3 #=344
L 265 110 10 0 8 0 1 0 DCIFACE_B_D344_344
A 265 110 10 0 3 0 PINTYPE=BI
P 86 300 100 270 100 0 3 0
A 275 100 10 0 3 3 #=346
L 265 100 10 0 8 0 1 0 DCIFACE_B_D346_346
A 265 100 10 0 3 0 PINTYPE=BI
P 87 300 90 270 90 0 3 0
A 275 90 10 0 3 3 #=348
L 265 90 10 0 8 0 1 0 DCIFACE_B_D348_348
A 265 90 10 0 3 0 PINTYPE=BI
P 88 300 80 270 80 0 3 0
A 275 80 10 0 3 3 #=350
L 265 80 10 0 8 0 1 0 DCIFACE_B_D350_350
A 265 80 10 0 3 0 PINTYPE=BI
T 150 560 20 0 5 P4
T 150 540 20 0 5 AFX
U 30 580 10 0 3 3 DEVICE=XXXXXXX
U 30 50 16 0 1 3 REFDES=U?
U 270 35 10 0 9 3 PKG_TYPE=XXXXXXX
U 0 0 10 0 3 0 HETERO=AFXa_P1,AFXa_P10B,AFXa_P2,AFXa_P3,AFXa_P4,AFXa_P5,AFXa_P6,AFXa_P7,AFXa_P8,AFXa_P9B,AFXa_P10A,AFXa_P11,AFXa_P12,AFXa_P13,AFXa_P14,AFXa_P15,AFXa_P16,AFXa_P17,AFXa_P18,AFXa_P9A
E