V 50
K 153165148200 AFX
Y 1
D 0 0 300 410
Z 10
i 946
b 30 50 270 360
P 1 0 290 30 290 0 2 0
A 25 290 10 0 9 3 #=45
L 35 290 10 0 2 0 1 0 DCIFACE_A_D045_45
A 25 290 10 0 9 0 PINTYPE=BI
P 2 0 280 30 280 0 2 0
A 25 280 10 0 9 3 #=47
L 35 280 10 0 2 0 1 0 DCIFACE_A_D047_47
A 25 280 10 0 9 0 PINTYPE=BI
P 3 0 270 30 270 0 2 0
A 25 270 10 0 9 3 #=49
L 35 270 10 0 2 0 1 0 DCIFACE_A_D049_49
A 25 270 10 0 9 0 PINTYPE=BI
P 4 0 260 30 260 0 2 0
A 25 260 10 0 9 3 #=51
L 35 260 10 0 2 0 1 0 DCIFACE_A_D051_51
A 25 260 10 0 9 0 PINTYPE=BI
P 5 0 250 30 250 0 2 0
A 25 250 10 0 9 3 #=53
L 35 250 10 0 2 0 1 0 DCIFACE_A_D053_53
A 25 250 10 0 9 0 PINTYPE=BI
P 6 0 240 30 240 0 2 0
A 25 240 10 0 9 3 #=55
L 35 240 10 0 2 0 1 0 DCIFACE_A_D055_55
A 25 240 10 0 9 0 PINTYPE=BI
P 7 0 230 30 230 0 2 0
A 25 230 10 0 9 3 #=57
L 35 230 10 0 2 0 1 0 DCIFACE_A_D057_57
A 25 230 10 0 9 0 PINTYPE=BI
P 8 0 220 30 220 0 2 0
A 25 220 10 0 9 3 #=59
L 35 220 10 0 2 0 1 0 DCIFACE_A_D059_59
A 25 220 10 0 9 0 PINTYPE=BI
P 9 0 210 30 210 0 2 0
A 25 210 10 0 9 3 #=61
L 35 210 10 0 2 0 1 0 DCIFACE_A_D061_61
A 25 210 10 0 9 0 PINTYPE=BI
P 10 0 200 30 200 0 2 0
A 25 200 10 0 9 3 #=63
L 35 200 10 0 2 0 1 0 DCIFACE_A_D063_63
A 25 200 10 0 9 0 PINTYPE=BI
P 11 0 190 30 190 0 2 0
A 25 190 10 0 9 3 #=65
L 35 190 10 0 2 0 1 0 DCIFACE_A_D065_65
A 25 190 10 0 9 0 PINTYPE=BI
P 12 0 180 30 180 0 2 0
A 25 180 10 0 9 3 #=67
L 35 180 10 0 2 0 1 0 DCIFACE_A_D067_67
A 25 180 10 0 9 0 PINTYPE=BI
P 13 0 170 30 170 0 2 0
A 25 170 10 0 9 3 #=69
L 35 170 10 0 2 0 1 0 DCIFACE_A_D069_69
A 25 170 10 0 9 0 PINTYPE=BI
P 14 0 160 30 160 0 2 0
A 25 160 10 0 9 3 #=71
L 35 160 10 0 2 0 1 0 DCIFACE_A_D071_71
A 25 160 10 0 9 0 PINTYPE=BI
P 15 0 150 30 150 0 2 0
A 25 150 10 0 9 3 #=73
L 35 150 10 0 2 0 1 0 DCIFACE_A_D073_73
A 25 150 10 0 9 0 PINTYPE=BI
P 16 0 140 30 140 0 2 0
A 25 140 10 0 9 3 #=75
L 35 140 10 0 2 0 1 0 DCIFACE_A_D075_75
A 25 140 10 0 9 0 PINTYPE=BI
P 17 0 130 30 130 0 2 0
A 25 130 10 0 9 3 #=77
L 35 130 10 0 2 0 1 0 DCIFACE_A_D077_77
A 25 130 10 0 9 0 PINTYPE=BI
P 18 0 120 30 120 0 2 0
A 25 120 10 0 9 3 #=79
L 35 120 10 0 2 0 1 0 DCIFACE_A_D079_79
A 25 120 10 0 9 0 PINTYPE=BI
P 19 0 110 30 110 0 2 0
A 25 110 10 0 9 3 #=81
L 35 110 10 0 2 0 1 0 DCIFACE_A_D081_81
A 25 110 10 0 9 0 PINTYPE=BI
P 20 0 100 30 100 0 2 0
A 25 100 10 0 9 3 #=83
L 35 100 10 0 2 0 1 0 DCIFACE_A_D083_83
A 25 100 10 0 9 0 PINTYPE=BI
P 21 0 90 30 90 0 2 0
A 25 90 10 0 9 3 #=85
L 35 90 10 0 2 0 1 0 DCIFACE_A_D085_85
A 25 90 10 0 9 0 PINTYPE=BI
P 22 0 80 30 80 0 2 0
A 25 80 10 0 9 3 #=87
L 35 80 10 0 2 0 1 0 DCIFACE_A_D087_87
A 25 80 10 0 9 0 PINTYPE=BI
P 23 300 290 270 290 0 3 0
A 275 290 10 0 3 3 #=44
L 265 290 10 0 8 0 1 0 DCIFACE_A_D044_44
A 265 290 10 0 3 0 PINTYPE=BI
P 24 300 280 270 280 0 3 0
A 275 280 10 0 3 3 #=46
L 265 280 10 0 8 0 1 0 DCIFACE_A_D046_46
A 265 280 10 0 3 0 PINTYPE=BI
P 25 300 270 270 270 0 3 0
A 275 270 10 0 3 3 #=48
L 265 270 10 0 8 0 1 0 DCIFACE_A_D048_48
A 265 270 10 0 3 0 PINTYPE=BI
P 26 300 260 270 260 0 3 0
A 275 260 10 0 3 3 #=50
L 265 260 10 0 8 0 1 0 DCIFACE_A_D050_50
A 265 260 10 0 3 0 PINTYPE=BI
P 27 300 250 270 250 0 3 0
A 275 250 10 0 3 3 #=52
L 265 250 10 0 8 0 1 0 DCIFACE_A_D052_52
A 265 250 10 0 3 0 PINTYPE=BI
P 28 300 240 270 240 0 3 0
A 275 240 10 0 3 3 #=54
L 265 240 10 0 8 0 1 0 DCIFACE_A_D054_54
A 265 240 10 0 3 0 PINTYPE=BI
P 29 300 230 270 230 0 3 0
A 275 230 10 0 3 3 #=56
L 265 230 10 0 8 0 1 0 DCIFACE_A_D056_56
A 265 230 10 0 3 0 PINTYPE=BI
P 30 300 220 270 220 0 3 0
A 275 220 10 0 3 3 #=58
L 265 220 10 0 8 0 1 0 DCIFACE_A_D058_58
A 265 220 10 0 3 0 PINTYPE=BI
P 31 300 210 270 210 0 3 0
A 275 210 10 0 3 3 #=60
L 265 210 10 0 8 0 1 0 DCIFACE_A_D060_60
A 265 210 10 0 3 0 PINTYPE=BI
P 32 300 200 270 200 0 3 0
A 275 200 10 0 3 3 #=62
L 265 200 10 0 8 0 1 0 DCIFACE_A_D062_62
A 265 200 10 0 3 0 PINTYPE=BI
P 33 300 190 270 190 0 3 0
A 275 190 10 0 3 3 #=64
L 265 190 10 0 8 0 1 0 DCIFACE_A_D064_64
A 265 190 10 0 3 0 PINTYPE=BI
P 34 300 180 270 180 0 3 0
A 275 180 10 0 3 3 #=66
L 265 180 10 0 8 0 1 0 DCIFACE_A_D066_66
A 265 180 10 0 3 0 PINTYPE=BI
P 35 300 170 270 170 0 3 0
A 275 170 10 0 3 3 #=68
L 265 170 10 0 8 0 1 0 DCIFACE_A_D068_68
A 265 170 10 0 3 0 PINTYPE=BI
P 36 300 160 270 160 0 3 0
A 275 160 10 0 3 3 #=70
L 265 160 10 0 8 0 1 0 DCIFACE_A_D070_70
A 265 160 10 0 3 0 PINTYPE=BI
P 37 300 150 270 150 0 3 0
A 275 150 10 0 3 3 #=72
L 265 150 10 0 8 0 1 0 DCIFACE_A_D072_72
A 265 150 10 0 3 0 PINTYPE=BI
P 38 300 140 270 140 0 3 0
A 275 140 10 0 3 3 #=74
L 265 140 10 0 8 0 1 0 DCIFACE_A_D074_74
A 265 140 10 0 3 0 PINTYPE=BI
P 39 300 130 270 130 0 3 0
A 275 130 10 0 3 3 #=76
L 265 130 10 0 8 0 1 0 DCIFACE_A_D076_76
A 265 130 10 0 3 0 PINTYPE=BI
P 40 300 120 270 120 0 3 0
A 275 120 10 0 3 3 #=78
L 265 120 10 0 8 0 1 0 DCIFACE_A_D078_78
A 265 120 10 0 3 0 PINTYPE=BI
P 41 300 110 270 110 0 3 0
A 275 110 10 0 3 3 #=80
L 265 110 10 0 8 0 1 0 DCIFACE_A_D080_80
A 265 110 10 0 3 0 PINTYPE=BI
P 42 300 100 270 100 0 3 0
A 275 100 10 0 3 3 #=82
L 265 100 10 0 8 0 1 0 DCIFACE_A_D082_82
A 265 100 10 0 3 0 PINTYPE=BI
P 43 300 90 270 90 0 3 0
A 275 90 10 0 3 3 #=84
L 265 90 10 0 8 0 1 0 DCIFACE_A_D084_84
A 265 90 10 0 3 0 PINTYPE=BI
P 44 300 80 270 80 0 3 0
A 275 80 10 0 3 3 #=86
L 265 80 10 0 8 0 1 0 DCIFACE_A_D086_86
A 265 80 10 0 3 0 PINTYPE=BI
T 150 340 20 0 5 P10A
T 150 320 20 0 5 AFX
U 30 360 10 0 3 3 DEVICE=XXXXXXX
U 30 50 16 0 1 3 REFDES=U?
U 270 35 10 0 9 3 PKG_TYPE=XXXXXXX
U 0 0 10 0 3 0 HETERO=AFXa_P1,AFXa_P10B,AFXa_P2,AFXa_P3,AFXa_P4,AFXa_P5,AFXa_P6,AFXa_P7,AFXa_P8,AFXa_P9B,AFXa_P10A,AFXa_P11,AFXa_P12,AFXa_P13,AFXa_P14,AFXa_P15,AFXa_P16,AFXa_P17,AFXa_P18,AFXa_P9A
E