V 53
K 1447891571 ASP_184329_e.1
F Case
|R 16:06:11_11-18-15
D 0 580 170 0
Y 1
Z 10
i 26
U 0 -30 10 0 3 0 PKG_TYPE=PKG_TYPE
U 0 -40 10 0 3 0 LEVEL=STD
U 0 -50 10 0 3 0 PARTS=1
U 0 10 10 0 3 0 HETERO=(ASP_184329_A),(ASP_184329_B),(ASP_184329_C),(ASP_184329_D),(ASP_184329_E),(ASP_184329_F),(ASP_184329_G),(ASP_184329_H),(ASP_184329_J),(ASP_184329_K),(ASP_184329_L),(ASP_184329_M),(ASP_184329_Y),(ASP_184329_Z),(ASP_184329_GND),(ASP_184329_GND2)
U 20 560 10 0 3 3 DEVICE=DEVICE
U 20 5 16 0 3 3 REFDES=J?
U 115 10 10 0 3 3 VALUE=VALUE
U 0 0 10 0 1 0 FORWARD_PCB=1
b 20 20 150 560
P 1 170 530 150 530 0 3 0
L 150 530 10 0 8 0 1 0 HA01_P_CC
A 150 530 10 0 3 3 #=E2
A 150 540 10 0 2 0 PINTYPE=BI
P 2 170 510 150 510 0 3 0
L 150 510 10 0 8 0 1 0 HA01_N_CC
A 150 510 10 0 3 3 #=E3
A 150 520 10 0 2 0 PINTYPE=BI
P 3 170 490 150 490 0 3 0
L 150 490 10 0 8 0 1 0 HA05_P
A 150 490 10 0 3 3 #=E6
A 150 500 10 0 2 0 PINTYPE=BI
P 4 170 470 150 470 0 3 0
L 150 470 10 0 8 0 1 0 HA05_N
A 150 470 10 0 3 3 #=E7
A 150 480 10 0 2 0 PINTYPE=BI
P 5 170 450 150 450 0 3 0
L 150 450 10 0 8 0 1 0 HA09_P
A 150 450 10 0 3 3 #=E9
A 150 460 10 0 2 0 PINTYPE=BI
P 6 170 430 150 430 0 3 0
L 150 430 10 0 8 0 1 0 HA09_N
A 150 430 10 0 3 3 #=E10
A 150 440 10 0 2 0 PINTYPE=BI
P 7 170 410 150 410 0 3 0
L 150 410 10 0 8 0 1 0 HA13_P
A 150 410 10 0 3 3 #=E12
A 150 420 10 0 2 0 PINTYPE=BI
P 8 170 390 150 390 0 3 0
L 150 390 10 0 8 0 1 0 HA13_N
A 150 390 10 0 3 3 #=E13
A 150 400 10 0 2 0 PINTYPE=BI
P 9 170 370 150 370 0 3 0
L 150 370 10 0 8 0 1 0 HA16_P
A 150 370 10 0 3 3 #=E15
A 150 380 10 0 2 0 PINTYPE=BI
P 10 170 350 150 350 0 3 0
L 150 350 10 0 8 0 1 0 HA16_N
A 150 350 10 0 3 3 #=E16
A 150 360 10 0 2 0 PINTYPE=BI
P 11 170 330 150 330 0 3 0
L 150 330 10 0 8 0 1 0 HA20_P
A 150 330 10 0 3 3 #=E18
A 150 340 10 0 2 0 PINTYPE=BI
P 12 170 310 150 310 0 3 0
L 150 310 10 0 8 0 1 0 HA20_N
A 150 310 10 0 3 3 #=E19
A 150 320 10 0 2 0 PINTYPE=BI
P 13 170 290 150 290 0 3 0
L 150 290 10 0 8 0 1 0 HB03_P
A 150 290 10 0 3 3 #=E21
A 150 300 10 0 2 0 PINTYPE=BI
P 14 170 270 150 270 0 3 0
L 150 270 10 0 8 0 1 0 HB03_N
A 150 270 10 0 3 3 #=E22
A 150 280 10 0 2 0 PINTYPE=BI
P 15 170 250 150 250 0 3 0
L 150 250 10 0 8 0 1 0 HB05_P
A 150 250 10 0 3 3 #=E24
A 150 260 10 0 2 0 PINTYPE=BI
P 16 170 230 150 230 0 3 0
L 150 230 10 0 8 0 1 0 HB05_N
A 150 230 10 0 3 3 #=E25
A 150 240 10 0 2 0 PINTYPE=BI
P 17 170 210 150 210 0 3 0
L 150 210 10 0 8 0 1 0 HB09_P
A 150 210 10 0 3 3 #=E27
A 150 220 10 0 2 0 PINTYPE=BI
P 18 170 190 150 190 0 3 0
L 150 190 10 0 8 0 1 0 HB09_N
A 150 190 10 0 3 3 #=E28
A 150 200 10 0 2 0 PINTYPE=BI
P 19 170 170 150 170 0 3 0
L 150 170 10 0 8 0 1 0 HB13_P
A 150 170 10 0 3 3 #=E30
A 150 180 10 0 2 0 PINTYPE=BI
P 20 170 150 150 150 0 3 0
L 150 150 10 0 8 0 1 0 HB13_N
A 150 150 10 0 3 3 #=E31
A 150 160 10 0 2 0 PINTYPE=BI
P 21 170 130 150 130 0 3 0
L 150 130 10 0 8 0 1 0 HB19_P
A 150 130 10 0 3 3 #=E33
A 150 140 10 0 2 0 PINTYPE=BI
P 22 170 110 150 110 0 3 0
L 150 110 10 0 8 0 1 0 HB19_N
A 150 110 10 0 3 3 #=E34
A 150 120 10 0 2 0 PINTYPE=BI
P 23 170 90 150 90 0 3 0
L 150 90 10 0 8 0 1 0 HB21_P
A 150 90 10 0 3 3 #=E36
A 150 100 10 0 2 0 PINTYPE=BI
P 24 170 70 150 70 0 3 0
L 150 70 10 0 8 0 1 0 HB21_N
A 150 70 10 0 3 3 #=E37
A 150 80 10 0 2 0 PINTYPE=BI
P 25 170 50 150 50 0 3 0
L 150 50 10 0 8 0 1 0 VADJ_1
A 150 50 10 0 3 3 #=E39
A 150 60 10 0 2 0 PINTYPE=BI
E 
