V 51
K 376168708400 pes_08_ra
|R 2:30_1-15-13
Y 1
D 0 0 160 420
Z 10
i 134
P 77 0 210 20 210 0 2 0
L 25 205 10 0 3 0 1 0 CLK_N
A 0 210 10 0 3 0 PINTYPE=BI
A 5 210 10 0 3 3 #=21
P 68 0 230 20 230 0 2 0
L 25 225 10 0 3 0 1 0 CLK_P
A 0 230 10 0 3 0 PINTYPE=BI
A 5 230 10 0 3 3 #=19
P 90 160 170 140 170 0 3 0
L 105 165 10 0 3 0 1 0 DBGACK
A 180 170 10 0 9 0 PINTYPE=BI
A 155 170 10 0 9 3 #=26
P 88 160 210 140 210 0 3 0
L 105 205 10 0 3 0 1 0 DBGREQ
A 180 210 10 0 9 0 PINTYPE=BI
A 155 210 10 0 9 3 #=22
P 73 0 370 20 370 0 2 0
L 25 365 10 0 3 0 1 0 GND1
A 0 370 10 0 3 0 PINTYPE=BI
A 10 370 10 0 3 3 #=5
P 126 160 130 140 130 0 3 0
L 110 125 10 0 3 0 1 0 GND10
A 180 130 10 0 9 0 PINTYPE=BI
A 155 130 10 0 9 3 #=30
P 69 0 70 20 70 0 2 0
L 25 65 10 0 3 0 1 0 GND11
A 0 70 10 0 3 0 PINTYPE=BI
A 5 70 10 0 3 3 #=35
P 83 160 370 140 370 0 3 0
L 115 365 10 0 3 0 1 0 GND2
A 180 370 10 0 9 0 PINTYPE=BI
A 150 370 10 0 9 3 #=6
P 75 0 310 20 310 0 2 0
L 25 305 10 0 3 0 1 0 GND3
A 0 310 10 0 3 0 PINTYPE=BI
A 5 310 10 0 3 3 #=11
P 84 160 310 140 310 0 3 0
L 115 305 10 0 3 0 1 0 GND4
A 180 310 10 0 9 0 PINTYPE=BI
A 155 310 10 0 9 3 #=12
P 134 0 250 20 250 0 2 0
A 5 250 10 0 3 3 #=17
A 0 250 10 0 3 0 PINTYPE=BI
L 25 245 10 0 3 0 1 0 GND5
P 34 160 250 140 250 0 3 0
L 115 245 10 0 3 0 1 0 GND6
A 180 250 10 0 9 0 PINTYPE=BI
A 155 250 10 0 9 3 #=18
P 78 0 190 20 190 0 2 0
L 25 185 10 0 3 0 1 0 GND7
A 0 190 10 0 3 0 PINTYPE=BI
A 5 190 10 0 3 3 #=23
P 91 160 190 140 190 0 3 0
L 115 185 10 0 3 0 1 0 GND8
A 180 190 10 0 9 0 PINTYPE=BI
A 155 190 10 0 9 3 #=24
P 79 0 130 20 130 0 2 0
L 25 125 10 0 3 0 1 0 GND9
A 0 130 10 0 3 0 PINTYPE=BI
A 5 130 10 0 3 3 #=29
P 99 160 70 140 70 0 3 0
A 165 70 10 0 9 0 PINTYPYE=BI
A 155 70 10 0 9 3 #=36
L 95 65 10 0 3 0 1 0 RSVDGND1
P 100 160 50 140 50 0 3 0
A 165 50 10 0 9 0 PINTYPYE=BI
A 155 50 10 0 9 3 #=38
L 95 45 10 0 3 0 1 0 RSVDGND2
P 101 160 30 140 30 0 3 0
A 165 30 10 0 9 0 PINTYPYE=BI
A 155 30 10 0 9 3 #=40
L 95 25 10 0 3 0 1 0 RSVDGND3
P 89 160 150 140 150 0 3 0
L 115 145 10 0 3 0 1 0 RTCK
A 180 150 10 0 9 0 PINTYPE=BI
A 155 150 10 0 9 3 #=28
P 87 160 230 140 230 0 3 0
L 105 225 10 0 3 0 1 0 SRST_B
A 180 230 10 0 9 0 PINTYPE=BI
A 155 230 10 0 9 3 #=20
P 82 160 390 140 390 0 3 0
L 120 385 10 0 3 0 1 0 TCK
A 180 390 10 0 9 0 PINTYPE=BI
A 150 390 10 0 9 3 #=4
P 130 160 290 140 290 0 3 0
L 120 285 10 0 3 0 1 0 TDI
A 180 290 10 0 9 0 PINTYPE=BI
A 155 290 10 0 9 3 #=14
P 131 160 270 140 270 0 3 0
L 120 265 10 0 3 0 1 0 TDO
A 180 270 10 0 9 0 PINTYPE=BI
A 155 270 10 0 9 3 #=16
P 86 160 350 140 350 0 3 0
L 120 345 10 0 3 0 1 0 TMS
A 180 350 10 0 9 0 PINTYPE=BI
A 150 350 10 0 9 3 #=8
P 127 160 110 140 110 0 3 0
L 105 105 10 0 3 0 1 0 TRIGIN
A 180 110 10 0 9 0 PINTYPE=BI
A 155 110 10 0 9 3 #=32
P 97 160 90 140 90 0 3 0
A 165 90 10 0 9 0 PINTYPYE=BI
A 155 90 10 0 9 3 #=34
L 100 85 10 0 3 0 1 0 TRIGOUT
P 85 160 330 140 330 0 3 0
L 105 325 10 0 3 0 1 0 TRST_B
A 180 330 10 0 9 0 PINTYPE=BI
A 155 330 10 0 9 3 #=10
P 133 0 270 20 270 0 2 0
L 25 265 10 0 3 0 1 0 TX0_N
A 0 270 10 0 3 0 PINTYPE=BI
A 5 270 10 0 3 3 #=15
P 132 0 290 20 290 0 2 0
L 25 285 10 0 3 0 1 0 TX0_P
A 0 290 10 0 3 0 PINTYPE=BI
A 5 290 10 0 3 3 #=13
P 80 0 150 20 150 0 2 0
L 25 145 10 0 3 0 1 0 TX1_N
A 0 150 10 0 3 0 PINTYPE=BI
A 5 150 10 0 3 3 #=27
P 81 0 170 20 170 0 2 0
L 25 165 10 0 3 0 1 0 TX1_P
A 0 170 10 0 3 0 PINTYPE=BI
A 5 170 10 0 3 3 #=25
P 76 0 330 20 330 0 2 0
L 25 325 10 0 3 0 1 0 TX2_N
A 0 330 10 0 3 0 PINTYPE=BI
A 10 330 10 0 3 3 #=9
P 74 0 350 20 350 0 2 0
L 25 345 10 0 3 0 1 0 TX2_P
A 0 350 10 0 3 0 PINTYPE=BI
A 10 350 10 0 3 3 #=7
P 129 0 90 20 90 0 2 0
L 25 85 10 0 3 0 1 0 TX3_N
A 0 90 10 0 3 0 PINTYPE=BI
A 5 90 10 0 3 3 #=33
P 128 0 110 20 110 0 2 0
L 25 105 10 0 3 0 1 0 TX3_P
A 0 110 10 0 3 0 PINTYPE=BI
A 5 110 10 0 3 3 #=31
P 72 0 390 20 390 0 2 0
L 25 385 10 0 3 0 1 0 TX4_N
A 0 390 10 0 3 0 PINTYPE=BI
A 10 390 10 0 3 3 #=3
P 67 0 410 20 410 0 2 0
L 25 405 10 0 3 0 1 0 TX4_P
A 0 410 10 0 3 0 PINTYPE=BI
A 10 410 10 0 3 3 #=1
P 94 0 30 20 30 0 2 0
L 25 25 10 0 3 0 1 0 TX5_N
A 0 30 10 0 3 0 PINTYPE=BI
A 5 30 10 0 3 3 #=39
P 92 0 50 20 50 0 2 0
L 25 45 10 0 3 0 1 0 TX5_P
A 0 50 10 0 3 0 PINTYPE=BI
A 5 50 10 0 3 3 #=37
P 60 160 410 140 410 0 3 0
L 110 405 10 0 3 0 1 0 VTREF
A 180 410 10 0 9 0 PINTYPE=BI
A 150 410 10 0 9 3 #=2
U 0 -30 10 0 3 0 MANF_P/N=XXXX
U 0 -20 10 0 3 0 MANF=SAMTEC
U 0 -60 10 0 3 0 PARTS=1
U 0 -50 10 0 3 0 LEVEL=STD
U 0 -40 10 0 3 0 DEVICE=DEVICE
U 0 -10 10 0 3 0 PKG_TYPE=PKG_TYPE
U 25 5 10 0 3 3 VALUE=XXX
U 25 420 16 0 3 3 REFDES=J?
b 20 20 140 420
E
