V 53
K 1447893574 ASP_184329_l.1
F Case
|R 16:39:34_11-18-15
D 0 480 170 0
Y 1
Z 10
i 21
U 0 -30 10 0 3 0 PKG_TYPE=PKG_TYPE
U 0 -40 10 0 3 0 LEVEL=STD
U 0 -50 10 0 3 0 PARTS=1
U 20 460 10 0 3 3 DEVICE=DEVICE
U 20 5 16 0 3 3 REFDES=J?
U 0 10 10 0 3 0 HETERO=(ASP_184329_A),(ASP_184329_B),(ASP_184329_C),(ASP_184329_D),(ASP_184329_E),(ASP_184329_F),(ASP_184329_G),(ASP_184329_H),(ASP_184329_J),(ASP_184329_K),(ASP_184329_L),(ASP_184329_M),(ASP_184329_Y),(ASP_184329_Z),(ASP_184329_GND),(ASP_184329_GND2)
U 100 10 10 0 3 3 VALUE=VALUE
U 0 0 10 0 1 0 FORWARD_PCB=1
b 20 20 150 460
P 1 170 430 150 430 0 3 0
L 150 430 10 0 8 0 1 0 DP23_M2C_P
A 150 430 10 0 3 0 #=M2
A 150 440 10 0 2 0 PINTYPE=BI
P 2 170 410 150 410 0 3 0
L 150 410 10 0 8 0 1 0 DP23_M2C_N
A 150 410 10 0 3 0 #=M3
A 150 420 10 0 2 0 PINTYPE=BI
P 3 170 390 150 390 0 3 0
L 150 390 10 0 8 0 1 0 DP22_M2C_P
A 150 390 10 0 3 0 #=M6
A 150 400 10 0 2 0 PINTYPE=BI
P 4 170 370 150 370 0 3 0
L 150 370 10 0 8 0 1 0 DP22_M2C_N
A 150 370 10 0 3 0 #=M7
A 150 380 10 0 2 0 PINTYPE=BI
P 5 170 350 150 350 0 3 0
L 150 350 10 0 8 0 1 0 DP21_M2C_P
A 150 350 10 0 3 0 #=M10
A 150 360 10 0 2 0 PINTYPE=BI
P 6 170 330 150 330 0 3 0
L 150 330 10 0 8 0 1 0 DP21_M2C_N
A 150 330 10 0 3 0 #=M11
A 150 340 10 0 2 0 PINTYPE=BI
P 7 170 310 150 310 0 3 0
L 150 310 10 0 8 0 1 0 DP20_M2C_P
A 150 310 10 0 3 0 #=M14
A 150 320 10 0 2 0 PINTYPE=BI
P 8 170 290 150 290 0 3 0
L 150 290 10 0 8 0 1 0 DP20_M2C_N
A 150 290 10 0 3 0 #=M15
A 150 300 10 0 2 0 PINTYPE=BI
P 9 170 270 150 270 0 3 0
L 150 270 10 0 8 0 1 0 DP14_C2M_P
A 150 270 10 0 3 0 #=M18
A 150 280 10 0 2 0 PINTYPE=BI
P 10 170 250 150 250 0 3 0
L 150 250 10 0 8 0 1 0 DP14_C2M_N
A 150 250 10 0 3 0 #=M19
A 150 260 10 0 2 0 PINTYPE=BI
P 11 170 230 150 230 0 3 0
L 150 230 10 0 8 0 1 0 DP15_C2M_P
A 150 230 10 0 3 0 #=M22
A 150 240 10 0 2 0 PINTYPE=BI
P 12 170 210 150 210 0 3 0
L 150 210 10 0 8 0 1 0 DP15_C2M_N
A 150 210 10 0 3 0 #=M23
A 150 220 10 0 2 0 PINTYPE=BI
P 13 170 190 150 190 0 3 0
L 150 190 10 0 8 0 1 0 DP16_C2M_P
A 150 190 10 0 3 0 #=M26
A 150 200 10 0 2 0 PINTYPE=BI
P 14 170 170 150 170 0 3 0
L 150 170 10 0 8 0 1 0 DP16_C2M_N
A 150 170 10 0 3 0 #=M27
A 150 180 10 0 2 0 PINTYPE=BI
P 15 170 150 150 150 0 3 0
L 150 150 10 0 8 0 1 0 DP17_C2M_P
A 150 150 10 0 3 0 #=M30
A 150 160 10 0 2 0 PINTYPE=BI
P 16 170 130 150 130 0 3 0
L 150 130 10 0 8 0 1 0 DP17_C2M_N
A 150 130 10 0 3 0 #=M31
A 150 140 10 0 2 0 PINTYPE=BI
P 17 170 110 150 110 0 3 0
L 150 110 10 0 8 0 1 0 DP18_C2M_P
A 150 110 10 0 3 0 #=M34
A 150 120 10 0 2 0 PINTYPE=BI
P 18 170 90 150 90 0 3 0
L 150 90 10 0 8 0 1 0 DP18_C2M_N
A 150 90 10 0 3 0 #=M35
A 150 100 10 0 2 0 PINTYPE=BI
P 19 170 70 150 70 0 3 0
L 150 70 10 0 8 0 1 0 DP19_C2M_P
A 150 70 10 0 3 0 #=M38
A 150 80 10 0 2 0 PINTYPE=BI
P 20 170 50 150 50 0 3 0
L 150 50 10 0 8 0 1 0 DP19_C2M_N
A 150 50 10 0 3 0 #=M39
A 150 60 10 0 2 0 PINTYPE=BI
E 
