V 53
K 1447891603 ASP_184329_f.1
F Case
|R 16:06:43_11-18-15
D 0 600 170 0
Y 1
Z 10
i 27
U 0 -30 10 0 3 0 PARTS=1
U 0 -40 10 0 3 0 LEVEL=STD
U 0 -50 10 0 3 0 PKG_TYPE=PKG_TYPE
U 0 10 10 0 3 0 HETERO=(ASP_184329_A),(ASP_184329_B),(ASP_184329_C),(ASP_184329_D),(ASP_184329_E),(ASP_184329_F),(ASP_184329_G),(ASP_184329_H),(ASP_184329_J),(ASP_184329_K),(ASP_184329_L),(ASP_184329_M),(ASP_184329_Y),(ASP_184329_Z),(ASP_184329_GND),(ASP_184329_GND2)
U 20 580 10 0 3 3 DEVICE=DEVICE
U 20 5 16 0 3 3 REFDES=J?
U 115 10 10 0 3 3 VALUE=VALUE
U 0 0 10 0 1 0 FORWARD_PCB=1
b 20 20 150 580
P 1 170 550 150 550 0 3 0
L 150 550 10 0 8 0 1 0 PG_M2C
A 150 550 10 0 3 0 #=F1
A 150 560 10 0 2 0 PINTYPE=BI
P 2 170 530 150 530 0 3 0
L 150 530 10 0 8 0 1 0 HA00_P_CC
A 150 530 10 0 3 3 #=F4
A 150 540 10 0 2 0 PINTYPE=BI
P 3 170 510 150 510 0 3 0
L 150 510 10 0 8 0 1 0 HA00_N_CC
A 150 510 10 0 3 0 #=F5
A 150 520 10 0 2 0 PINTYPE=BI
P 4 170 490 150 490 0 3 0
L 150 490 10 0 8 0 1 0 HA04_P
A 150 490 10 0 3 0 #=F7
A 150 500 10 0 2 0 PINTYPE=BI
P 5 170 470 150 470 0 3 0
L 150 470 10 0 8 0 1 0 HA04_N
A 150 470 10 0 3 0 #=F8
A 150 480 10 0 2 0 PINTYPE=BI
P 6 170 450 150 450 0 3 0
L 150 450 10 0 8 0 1 0 HA08_P
A 150 450 10 0 3 0 #=F10
A 150 460 10 0 2 0 PINTYPE=BI
P 7 170 430 150 430 0 3 0
L 150 430 10 0 8 0 1 0 HA08_N
A 150 430 10 0 3 0 #=F11
A 150 440 10 0 2 0 PINTYPE=BI
P 8 170 410 150 410 0 3 0
L 150 410 10 0 8 0 1 0 HA12_P
A 150 410 10 0 3 0 #=F13
A 150 420 10 0 2 0 PINTYPE=BI
P 9 170 390 150 390 0 3 0
L 150 390 10 0 8 0 1 0 HA12_N
A 150 390 10 0 3 0 #=F14
A 150 400 10 0 2 0 PINTYPE=BI
P 10 170 370 150 370 0 3 0
L 150 370 10 0 8 0 1 0 HA15_P
A 150 370 10 0 3 0 #=F16
A 150 380 10 0 2 0 PINTYPE=BI
P 11 170 350 150 350 0 3 0
L 150 350 10 0 8 0 1 0 HA15_N
A 150 350 10 0 3 0 #=F17
A 150 360 10 0 2 0 PINTYPE=BI
P 12 170 330 150 330 0 3 0
L 150 330 10 0 8 0 1 0 HA19_P
A 150 330 10 0 3 0 #=F19
A 150 340 10 0 2 0 PINTYPE=BI
P 13 170 310 150 310 0 3 0
L 150 310 10 0 8 0 1 0 HA19_N
A 150 310 10 0 3 0 #=F20
A 150 320 10 0 2 0 PINTYPE=BI
P 14 170 290 150 290 0 3 0
L 150 290 10 0 8 0 1 0 HB02_P
A 150 290 10 0 3 0 #=F22
A 150 300 10 0 2 0 PINTYPE=BI
P 15 170 270 150 270 0 3 0
L 150 270 10 0 8 0 1 0 HB02_N
A 150 270 10 0 3 0 #=F23
A 150 280 10 0 2 0 PINTYPE=BI
P 16 170 250 150 250 0 3 0
L 150 250 10 0 8 0 1 0 HB04_P
A 150 250 10 0 3 0 #=F25
A 150 260 10 0 2 0 PINTYPE=BI
P 17 170 230 150 230 0 3 0
L 150 230 10 0 8 0 1 0 HB04_N
A 150 230 10 0 3 0 #=F26
A 150 240 10 0 2 0 PINTYPE=BI
P 18 170 210 150 210 0 3 0
L 150 210 10 0 8 0 1 0 HB08_P
A 150 210 10 0 3 0 #=F28
A 150 220 10 0 2 0 PINTYPE=BI
P 19 170 190 150 190 0 3 0
L 150 190 10 0 8 0 1 0 HB08_N
A 150 190 10 0 3 0 #=F29
A 150 200 10 0 2 0 PINTYPE=BI
P 20 170 170 150 170 0 3 0
L 150 170 10 0 8 0 1 0 HB12_P
A 150 170 10 0 3 0 #=F31
A 150 180 10 0 2 0 PINTYPE=BI
P 21 170 150 150 150 0 3 0
L 150 150 10 0 8 0 1 0 HB12_N
A 150 150 10 0 3 0 #=F32
A 150 160 10 0 2 0 PINTYPE=BI
P 22 170 130 150 130 0 3 0
L 150 130 10 0 8 0 1 0 HB16_P
A 150 130 10 0 3 0 #=F34
A 150 140 10 0 2 0 PINTYPE=BI
P 23 170 110 150 110 0 3 0
L 150 110 10 0 8 0 1 0 HB16_N
A 150 110 10 0 3 0 #=F35
A 150 120 10 0 2 0 PINTYPE=BI
P 24 170 90 150 90 0 3 0
L 150 90 10 0 8 0 1 0 HB20_P
A 150 90 10 0 3 0 #=F37
A 150 100 10 0 2 0 PINTYPE=BI
P 25 170 70 150 70 0 3 0
L 150 70 10 0 8 0 1 0 HB20_N
A 150 70 10 0 3 0 #=F38
A 150 80 10 0 2 0 PINTYPE=BI
P 26 170 50 150 50 0 3 0
L 150 50 10 0 8 0 1 0 VADJ_2
A 150 50 10 0 3 0 #=F40
A 150 60 10 0 2 0 PINTYPE=BI
E 
