V 53
K 1447895332 ASP_184329_y.1
F Case
|R 17:08:52_11-18-15
D 0 480 170 0
Y 1
Z 10
i 21
U 0 -30 10 0 3 0 PKG_TYPE=PKG_TYPE
U 0 -40 10 0 3 0 LEVEL=STD
U 0 -50 10 0 3 0 PARTS=1
U 20 460 10 0 3 3 DEVICE=DEVICE
U 20 5 16 0 3 3 REFDES=J?
U 0 10 10 0 3 0 HETERO=(ASP_184329_A),(ASP_184329_B),(ASP_184329_C),(ASP_184329_D),(ASP_184329_E),(ASP_184329_F),(ASP_184329_G),(ASP_184329_H),(ASP_184329_J),(ASP_184329_K),(ASP_184329_L),(ASP_184329_M),(ASP_184329_Y),(ASP_184329_Z),(ASP_184329_GND),(ASP_184329_GND2)
U 100 10 10 0 3 3 VALUE=VALUE
U 0 0 10 0 1 0 FORWARD_PCB=1
b 20 20 150 460
P 89 170 430 150 430 0 3 0
L 150 430 10 0 8 0 1 0 DP23_C2M_P
A 170 430 10 0 1 0 PINTYPE=BI
A 165 440 10 0 7 3 #=Y2
P 92 170 410 150 410 0 3 0
L 150 410 10 0 8 0 1 0 DP23_C2M_N
A 170 410 10 0 1 0 PINTYPE=BI
A 165 420 10 0 7 3 #=Y3
P 95 170 390 150 390 0 3 0
L 150 390 10 0 8 0 1 0 DP21_C2M_P
A 170 390 10 0 1 0 PINTYPE=BI
A 165 400 10 0 7 3 #=Y6
P 98 170 370 150 370 0 3 0
L 150 370 10 0 8 0 1 0 DP21_C2M_N
A 170 370 10 0 1 0 PINTYPE=BI
A 165 380 10 0 7 3 #=Y7
P 101 170 350 150 350 0 3 0
L 150 350 10 0 8 0 1 0 DP10_M2C_P
A 170 350 10 0 1 0 PINTYPE=BI
A 170 360 10 0 7 3 #=Y10
P 104 170 330 150 330 0 3 0
L 150 330 10 0 8 0 1 0 DP10_M2C_N
A 170 330 10 0 1 0 PINTYPE=BI
A 170 340 10 0 7 3 #=Y11
P 107 170 310 150 310 0 3 0
L 150 310 10 0 8 0 1 0 DP12_M2C_P
A 170 310 10 0 1 0 PINTYPE=BI
A 170 320 10 0 7 3 #=Y14
P 110 170 290 150 290 0 3 0
L 150 290 10 0 8 0 1 0 DP12_M2C_N
A 170 290 10 0 1 0 PINTYPE=BI
A 170 300 10 0 7 3 #=Y15
P 113 170 270 150 270 0 3 0
L 150 270 10 0 8 0 1 0 DP14_M2C_P
A 170 270 10 0 1 0 PINTYPE=BI
A 170 280 10 0 7 3 #=Y18
P 116 170 250 150 250 0 3 0
L 150 250 10 0 8 0 1 0 DP14_M2C_N
A 170 250 10 0 1 0 PINTYPE=BI
A 170 260 10 0 7 3 #=Y19
P 119 170 230 150 230 0 3 0
L 150 230 10 0 8 0 1 0 DP15_M2C_P
A 170 230 10 0 1 0 PINTYPE=BI
A 170 240 10 0 7 3 #=Y22
P 122 170 210 150 210 0 3 0
L 150 210 10 0 8 0 1 0 DP15_M2C_N
A 170 210 10 0 1 0 PINTYPE=BI
A 170 220 10 0 7 3 #=Y23
P 125 170 190 150 190 0 3 0
L 150 190 10 0 8 0 1 0 DP11_C2M_P
A 170 190 10 0 1 0 PINTYPE=BI
A 170 200 10 0 7 3 #=Y26
P 128 170 170 150 170 0 3 0
L 150 170 10 0 8 0 1 0 DP11_C2M_N
A 170 170 10 0 1 0 PINTYPE=BI
A 170 180 10 0 7 3 #=Y27
P 131 170 150 150 150 0 3 0
L 150 150 10 0 8 0 1 0 DP13_C2M_P
A 170 150 10 0 1 0 PINTYPE=BI
A 170 160 10 0 7 3 #=Y30
P 134 170 130 150 130 0 3 0
L 150 130 10 0 8 0 1 0 DP13_C2M_N
A 170 130 10 0 1 0 PINTYPE=BI
A 170 140 10 0 7 3 #=Y31
P 137 170 110 150 110 0 3 0
L 150 110 10 0 8 0 1 0 DP17_M2C_P
A 170 110 10 0 1 0 PINTYPE=BI
A 170 120 10 0 7 3 #=Y34
P 140 170 90 150 90 0 3 0
L 150 90 10 0 8 0 1 0 DP17_M2C_N
A 170 90 10 0 1 0 PINTYPE=BI
A 170 100 10 0 7 3 #=Y35
P 143 170 70 150 70 0 3 0
L 150 70 10 0 8 0 1 0 DP19_M2C_P
A 170 70 10 0 1 0 PINTYPE=BI
A 170 80 10 0 7 3 #=Y38
P 146 170 50 150 50 0 3 0
L 150 50 10 0 8 0 1 0 DP19_M2C_N
A 170 50 10 0 1 0 PINTYPE=BI
A 170 60 10 0 7 3 #=Y39
E 
