V 53
K 1377304500 asp_134604_01_gnd.1
F Case
|R 17:35:0_8-23-13
D 0 250 690 0
Y 1
Z 10
i 168
U 0 -50 10 0 3 0 PARTS=1
U 0 -30 10 0 3 0 PKG_TYPE=ASP_134604_01
U 0 10 10 0 3 0 HETERO=(ASP_134604_01_C),(ASP_134604_01_D),(ASP_134604_01_G),(ASP_134604_01_H),(ASP_134604_01_GND)
U 270 120 10 0 3 0 DEVICE=ASP_134604_01
U 270 115 10 0 3 3 VALUE=VALUE
U -5 230 16 0 3 3 REFDES=J?
U 0 0 10 0 1 0 FORWARD_PCB=1
b 20 20 670 230
P 41 650 250 650 230 0 0 0
L 650 230 10 1 8 0 1 0 GND_1
A 650 230 10 1 3 0 #=C1
A 655 250 10 1 8 0 PINTYPE=BI
P 42 630 250 630 230 0 0 0
L 630 230 10 1 8 0 1 0 GND_2
A 630 230 10 1 3 0 #=C4
A 635 250 10 1 8 0 PINTYPE=BI
P 43 610 250 610 230 0 0 0
L 610 230 10 1 8 0 1 0 GND_3
A 610 230 10 1 3 0 #=C5
A 615 250 10 1 8 0 PINTYPE=BI
P 44 590 250 590 230 0 0 0
L 590 230 10 1 8 0 1 0 GND_4
A 590 230 10 1 3 0 #=C8
A 595 250 10 1 8 0 PINTYPE=BI
P 45 570 250 570 230 0 0 0
L 570 230 10 1 8 0 1 0 GND_5
A 570 230 10 1 3 0 #=C9
A 575 250 10 1 8 0 PINTYPE=BI
P 46 550 250 550 230 0 0 0
L 550 230 10 1 8 0 1 0 GND_6
A 550 230 10 1 3 0 #=C12
A 555 260 10 1 8 0 PINTYPE=BI
P 47 530 250 530 230 0 0 0
L 530 230 10 1 8 0 1 0 GND_7
A 530 230 10 1 3 0 #=C13
A 535 260 10 1 8 0 PINTYPE=BI
P 48 510 250 510 230 0 0 0
L 510 230 10 1 8 0 1 0 GND_8
A 510 230 10 1 3 0 #=C16
A 515 260 10 1 8 0 PINTYPE=BI
P 49 490 250 490 230 0 0 0
L 490 230 10 1 8 0 1 0 GND_9
A 490 230 10 1 3 0 #=C17
A 495 260 10 1 8 0 PINTYPE=BI
P 50 470 250 470 230 0 0 0
L 470 230 10 1 8 0 1 0 GND_10
A 470 230 10 1 3 0 #=C20
A 475 260 10 1 8 0 PINTYPE=BI
P 51 450 250 450 230 0 0 0
L 450 230 10 1 8 0 1 0 GND_11
A 450 230 10 1 3 0 #=C21
A 455 260 10 1 8 0 PINTYPE=BI
P 52 430 250 430 230 0 0 0
L 430 230 10 1 8 0 1 0 GND_12
A 430 230 10 1 3 0 #=C24
A 435 260 10 1 8 0 PINTYPE=BI
P 53 410 250 410 230 0 0 0
L 410 230 10 1 8 0 1 0 GND_13
A 410 230 10 1 3 0 #=C25
A 415 260 10 1 8 0 PINTYPE=BI
P 54 390 250 390 230 0 0 0
L 390 230 10 1 8 0 1 0 GND_14
A 390 230 10 1 3 0 #=C28
A 395 260 10 1 8 0 PINTYPE=BI
P 55 370 250 370 230 0 0 0
L 370 230 10 1 8 0 1 0 GND_15
A 370 230 10 1 3 0 #=C29
A 375 260 10 1 8 0 PINTYPE=BI
P 56 350 250 350 230 0 0 0
L 350 230 10 1 8 0 1 0 GND_16
A 350 230 10 1 3 0 #=C32
A 355 260 10 1 8 0 PINTYPE=BI
P 57 330 250 330 230 0 0 0
L 330 230 10 1 8 0 1 0 GND_17
A 330 230 10 1 3 0 #=C33
A 335 260 10 1 8 0 PINTYPE=BI
P 58 310 250 310 230 0 0 0
L 310 230 10 1 8 0 1 0 GND_18
A 310 230 10 1 3 0 #=C36
A 315 260 10 1 8 0 PINTYPE=BI
P 59 290 250 290 230 0 0 0
L 290 230 10 1 8 0 1 0 GND_19
A 290 230 10 1 3 0 #=C38
A 295 260 10 1 8 0 PINTYPE=BI
P 60 270 250 270 230 0 0 0
L 270 230 10 1 8 0 1 0 GND_20
A 270 230 10 1 3 0 #=C40
A 275 260 10 1 8 0 PINTYPE=BI
P 61 250 250 250 230 0 0 0
L 250 230 10 1 8 0 1 0 GND_21
A 250 230 10 1 3 0 #=D2
A 255 250 10 1 8 0 PINTYPE=BI
P 62 230 250 230 230 0 0 0
L 230 230 10 1 8 0 1 0 GND_22
A 230 230 10 1 3 0 #=D3
A 235 250 10 1 8 0 PINTYPE=BI
P 63 210 250 210 230 0 0 0
L 210 230 10 1 8 0 1 0 GND_23
A 210 230 10 1 3 0 #=D6
A 215 250 10 1 8 0 PINTYPE=BI
P 64 190 250 190 230 0 0 0
L 190 230 10 1 8 0 1 0 GND_24
A 190 230 10 1 3 0 #=D7
A 195 250 10 1 8 0 PINTYPE=BI
P 65 170 250 170 230 0 0 0
L 170 230 10 1 8 0 1 0 GND_25
A 170 230 10 1 3 0 #=D10
A 175 260 10 1 8 0 PINTYPE=BI
P 66 150 250 150 230 0 0 0
L 150 230 10 1 8 0 1 0 GND_26
A 150 230 10 1 3 0 #=D13
A 155 260 10 1 8 0 PINTYPE=BI
P 67 130 250 130 230 0 0 0
L 130 230 10 1 8 0 1 0 GND_27
A 130 230 10 1 3 0 #=D16
A 135 260 10 1 8 0 PINTYPE=BI
P 68 110 250 110 230 0 0 0
L 110 230 10 1 8 0 1 0 GND_28
A 110 230 10 1 3 0 #=D19
A 115 260 10 1 8 0 PINTYPE=BI
P 69 90 250 90 230 0 0 0
L 90 230 10 1 8 0 1 0 GND_29
A 90 230 10 1 3 0 #=D22
A 95 260 10 1 8 0 PINTYPE=BI
P 70 70 250 70 230 0 0 0
L 70 230 10 1 8 0 1 0 GND_30
A 70 230 10 1 3 0 #=D25
A 75 260 10 1 8 0 PINTYPE=BI
P 71 50 250 50 230 0 0 0
L 50 230 10 1 8 0 1 0 GND_31
A 50 230 10 1 3 0 #=D28
A 55 260 10 1 8 0 PINTYPE=BI
P 103 590 0 590 20 0 1 0
L 590 20 10 1 2 0 1 0 GND_75
A 590 20 10 1 9 0 #=G1
A 595 20 10 1 2 0 PINTYPE=BI
P 104 570 0 570 20 0 1 0
L 570 20 10 1 2 0 1 0 GND_76
A 570 20 10 1 9 0 #=G4
A 575 20 10 1 2 0 PINTYPE=BI
P 105 550 0 550 20 0 1 0
L 550 20 10 1 2 0 1 0 GND_77
A 550 20 10 1 9 0 #=G5
A 555 20 10 1 2 0 PINTYPE=BI
P 106 530 0 530 20 0 1 0
L 530 20 10 1 2 0 1 0 GND_78
A 530 20 10 1 9 0 #=G8
A 535 20 10 1 2 0 PINTYPE=BI
P 107 510 0 510 20 0 1 0
L 510 20 10 1 2 0 1 0 GND_79
A 510 20 10 1 9 0 #=G11
A 515 20 10 1 2 0 PINTYPE=BI
P 108 490 0 490 20 0 1 0
L 490 20 10 1 2 0 1 0 GND_80
A 490 20 10 1 9 0 #=G14
A 495 20 10 1 2 0 PINTYPE=BI
P 109 470 0 470 20 0 1 0
L 470 20 10 1 2 0 1 0 GND_81
A 470 20 10 1 9 0 #=G17
A 475 20 10 1 2 0 PINTYPE=BI
P 110 450 0 450 20 0 1 0
L 450 20 10 1 2 0 1 0 GND_82
A 450 20 10 1 9 0 #=G20
A 455 20 10 1 2 0 PINTYPE=BI
P 111 430 0 430 20 0 1 0
L 430 20 10 1 2 0 1 0 GND_83
A 430 20 10 1 9 0 #=G23
A 435 20 10 1 2 0 PINTYPE=BI
P 112 410 0 410 20 0 1 0
L 410 20 10 1 2 0 1 0 GND_84
A 410 20 10 1 9 0 #=G26
A 415 20 10 1 2 0 PINTYPE=BI
P 113 390 0 390 20 0 1 0
L 390 20 10 1 2 0 1 0 GND_85
A 390 20 10 1 9 0 #=G29
A 395 20 10 1 2 0 PINTYPE=BI
P 114 370 0 370 20 0 1 0
L 370 20 10 1 2 0 1 0 GND_86
A 370 20 10 1 9 0 #=G32
A 375 20 10 1 2 0 PINTYPE=BI
P 115 350 0 350 20 0 1 0
L 350 20 10 1 2 0 1 0 GND_87
A 350 20 10 1 9 0 #=G35
A 355 20 10 1 2 0 PINTYPE=BI
P 116 330 0 330 20 0 1 0
L 330 20 10 1 2 0 1 0 GND_88
A 330 20 10 1 9 0 #=G38
A 335 20 10 1 2 0 PINTYPE=BI
P 117 310 0 310 20 0 1 0
L 310 20 10 1 2 0 1 0 GND_89
A 310 20 10 1 9 0 #=G40
A 315 20 10 1 2 0 PINTYPE=BI
P 118 290 0 290 20 0 1 0
L 290 20 10 1 2 0 1 0 GND_90
A 290 20 10 1 9 0 #=H3
A 295 20 10 1 2 0 PINTYPE=BI
P 119 270 0 270 20 0 1 0
L 270 20 10 1 2 0 1 0 GND_91
A 270 20 10 1 9 0 #=H6
A 275 20 10 1 2 0 PINTYPE=BI
P 120 250 0 250 20 0 1 0
L 250 20 10 1 2 0 1 0 GND_92
A 250 20 10 1 9 0 #=H9
A 255 20 10 1 2 0 PINTYPE=BI
P 121 230 0 230 20 0 1 0
L 230 20 10 1 2 0 1 0 GND_93
A 230 20 10 1 9 0 #=H12
A 235 20 10 1 2 0 PINTYPE=BI
P 122 210 0 210 20 0 1 0
L 210 20 10 1 2 0 1 0 GND_94
A 210 20 10 1 9 0 #=H15
A 215 20 10 1 2 0 PINTYPE=BI
P 123 190 0 190 20 0 1 0
L 190 20 10 1 2 0 1 0 GND_95
A 190 20 10 1 9 0 #=H18
A 195 20 10 1 2 0 PINTYPE=BI
P 124 170 0 170 20 0 1 0
L 170 20 10 1 2 0 1 0 GND_96
A 170 20 10 1 9 0 #=H21
A 175 20 10 1 2 0 PINTYPE=BI
P 125 150 0 150 20 0 1 0
L 150 20 10 1 2 0 1 0 GND_97
A 150 20 10 1 9 0 #=H24
A 155 20 10 1 2 0 PINTYPE=BI
P 126 130 0 130 20 0 1 0
L 130 20 10 1 2 0 1 0 GND_98
A 130 20 10 1 9 0 #=H27
A 135 20 10 1 2 0 PINTYPE=BI
P 127 110 0 110 20 0 1 0
L 110 20 10 1 2 0 1 0 GND_99
A 110 20 10 1 9 0 #=H30
A 115 20 10 1 2 0 PINTYPE=BI
P 128 90 0 90 20 0 1 0
L 90 20 10 1 2 0 1 0 GND_100
A 90 20 10 1 9 0 #=H33
A 95 20 10 1 2 0 PINTYPE=BI
P 129 70 0 70 20 0 1 0
L 70 20 10 1 2 0 1 0 GND_101
A 70 20 10 1 9 0 #=H36
A 75 20 10 1 2 0 PINTYPE=BI
P 130 50 0 50 20 0 1 0
L 50 20 10 1 2 0 1 0 GND_102
A 50 20 10 1 9 0 #=H39
A 55 20 10 1 2 0 PINTYPE=BI
P 164 610 0 610 20 0 1 0
L 610 20 10 1 2 0 1 0 GND_33
A 615 20 10 1 2 0 PINTYPE=BI
A 610 20 10 1 9 0 #=D39
P 165 630 0 630 20 0 1 0
L 630 20 10 1 2 0 1 0 GND_32
A 630 20 10 1 9 0 #=D37
A 635 20 10 1 2 0 PINTYPE=BI
P 359 30 0 30 20 0 1 0
L 30 20 10 1 2 0 1 0 GND_ST1
A 30 20 10 1 9 0 #=ST1
A 35 20 10 1 2 0 PINTYPE=BI
P 363 650 0 650 20 0 1 0
L 650 20 10 1 2 0 1 0 GND_ST2
A 650 20 10 1 9 0 #=ST2
A 655 20 10 1 2 0 PINTYPE=BI
E 
