V 53
K 1447894475 ASP_184329_m.1
F Case
|R 16:54:35_11-18-15
D 0 480 170 0
Y 1
Z 10
i 21
U 0 -30 10 0 3 0 PKG_TYPE=PKG_TYPE
U 0 -40 10 0 3 0 LEVEL=STD
U 0 -50 10 0 3 0 PARTS=1
U 20 460 10 0 3 3 DEVICE=DEVICE
U 20 5 16 0 3 3 REFDES=J?
U 0 10 10 0 3 0 HETERO=(ASP_184329_A),(ASP_184329_B),(ASP_184329_C),(ASP_184329_D),(ASP_184329_E),(ASP_184329_F),(ASP_184329_G),(ASP_184329_H),(ASP_184329_J),(ASP_184329_K),(ASP_184329_L),(ASP_184329_M),(ASP_184329_Y),(ASP_184329_Z),(ASP_184329_GND),(ASP_184329_GND2)
U 100 10 10 0 3 3 VALUE=VALUE
U 0 0 10 0 1 0 FORWARD_PCB=1
b 20 20 150 460
P 159 170 310 150 310 0 3 0
L 150 310 10 0 8 0 1 0 GBTCLK2_M2C_N
A 170 310 10 0 1 0 PINTYPE=BI
A 170 318 10 0 7 3 #=L13
P 162 170 330 150 330 0 3 0
L 150 330 10 0 8 0 1 0 GBTCLK2_M2C_P
A 170 330 10 0 1 0 PINTYPE=BI
A 170 338 10 0 7 3 #=L12
P 165 170 350 150 350 0 3 0
L 150 350 10 0 8 0 1 0 GBTCLK3_M2C_N
A 170 350 10 0 1 0 PINTYPE=BI
A 165 358 10 0 7 3 #=L9
P 168 170 370 150 370 0 3 0
L 150 370 10 0 8 0 1 0 GBTCLK3_M2C_P
A 170 370 10 0 1 0 PINTYPE=BI
A 165 378 10 0 7 3 #=L8
P 171 170 390 150 390 0 3 0
L 150 390 10 0 8 0 1 0 GBTCLK4_M2C_N
A 170 390 10 0 1 0 PINTYPE=BI
A 165 398 10 0 7 3 #=L5
P 174 170 410 150 410 0 3 0
L 150 410 10 0 8 0 1 0 GBTCLK4_M2C_P
A 170 410 10 0 1 0 PINTYPE=BI
A 165 418 10 0 7 3 #=L4
P 177 170 230 150 230 0 3 0
L 150 230 10 0 8 0 1 0 REFCLK_C2M_N
A 170 230 10 0 1 0 PINTYPE=BI
A 170 238 10 0 7 3 #=L21
P 180 170 250 150 250 0 3 0
L 150 250 10 0 8 0 1 0 REFCLK_C2M_P
A 170 250 10 0 1 0 PINTYPE=BI
A 170 258 10 0 7 3 #=L20
P 183 170 190 150 190 0 3 0
L 150 190 10 0 8 0 1 0 REFCLK_M2C_N
A 170 190 10 0 1 0 PINTYPE=BI
A 170 198 10 0 7 3 #=L25
P 186 170 210 150 210 0 3 0
L 150 210 10 0 8 0 1 0 REFCLK_M2C_P
A 170 210 10 0 1 0 PINTYPE=BI
A 170 218 10 0 7 3 #=L24
P 189 170 430 150 430 0 3 0
L 150 430 10 0 8 0 1 0 RES1
A 170 430 10 0 1 0 PINTYPE=BI
A 165 440 10 0 7 3 #=L1
P 192 170 130 150 130 0 3 0
L 150 130 10 0 8 0 1 0 RES2
A 170 130 10 0 1 0 PINTYPE=BI
A 170 138 10 0 7 3 #=L32
P 195 170 110 150 110 0 3 0
L 150 110 10 0 8 0 1 0 RES3
A 170 110 10 0 1 0 PINTYPE=BI
A 170 118 10 0 7 3 #=L33
P 198 170 270 150 270 0 3 0
L 150 270 10 0 8 0 1 0 SYNC_C2M_N
A 170 270 10 0 1 0 PINTYPE=BI
A 170 278 10 0 7 3 #=L17
P 201 170 290 150 290 0 3 0
L 150 290 10 0 8 0 1 0 SYNC_C2M_P
A 170 290 10 0 1 0 PINTYPE=BI
A 170 298 10 0 7 3 #=L16
P 204 170 150 150 150 0 3 0
L 150 150 10 0 8 0 1 0 SYNC_M2C_N
A 170 150 10 0 1 0 PINTYPE=BI
A 170 158 10 0 7 3 #=L29
P 207 170 170 150 170 0 3 0
L 150 170 10 0 8 0 1 0 SYNC_M2C_P
A 170 170 10 0 1 0 PINTYPE=BI
A 170 178 10 0 7 3 #=L28
P 244 170 90 150 90 0 3 0
L 150 90 10 0 8 0 1 0 12P0V_3
A 170 90 10 0 1 0 PINTYPE=BI
A 170 98 10 0 7 3 #=L36
P 247 170 70 150 70 0 3 0
L 150 70 10 0 8 0 1 0 12P0V_4
A 170 70 10 0 1 0 PINTYPE=BI
A 170 78 10 0 7 3 #=L37
P 250 170 50 150 50 0 3 0
L 150 50 10 0 8 0 1 0 12P0V_5
A 170 50 10 0 1 0 PINTYPE=BI
A 170 58 10 0 7 3 #=L40
E 
