V 51
K 74770596090 atx_24pin_pwr
|R 19:40_1-14-13
Y 1
D -30 0 130 50
Z 10
i 50
U 0 -20 10 0 3 0 MANF=MOLEX
U 0 0 9 0 3 0 DEVICE=39-28-8080
U 0 0 9 0 3 0 PARTS=1
U 0 0 9 0 3 0 PKG_TYPE=39-28-8080
P 42 130 30 100 30 0 3 0
L 95 30 9 4 2 0 1 0 12V0_1
A 105 30 9 4 9 3 #=6
A 100 -80 9 4 3 0 PINTYPE=BI
P 44 130 10 100 10 0 3 0
A 100 -100 9 4 3 0 PINTYPE=BI
A 105 10 9 4 9 3 #=8
L 95 10 9 4 2 0 1 0 12V0_3
P 45 130 20 100 20 0 3 0
L 95 20 9 4 2 0 1 0 12V0_2
A 105 20 9 4 9 3 #=7
A 100 -90 9 4 3 0 PINTYPE=BI
P 29 -30 20 0 20 0 2 0
A 0 -90 9 0 3 0 PINTYPE=BI
A -5 20 9 0 9 3 #=3
L 5 20 9 0 2 0 1 0 GND_2
P 30 -30 10 0 10 0 2 0
L 5 10 9 0 2 0 1 0 GND_3
A -5 10 9 0 9 3 #=4
A 0 -100 9 0 3 0 PINTYPE=BI
P 27 -30 40 0 40 0 2 0
L 5 40 9 0 2 0 1 0 GND_0
A -5 40 9 0 9 3 #=1
A 0 -70 9 0 3 0 PINTYPE=BI
P 28 -30 30 0 30 0 2 0
A 0 -80 9 0 3 0 PINTYPE=BI
A -5 30 9 0 9 3 #=2
L 5 30 9 0 2 0 1 0 GND_1
P 43 130 40 100 40 0 3 0
A 100 -70 9 4 3 0 PINTYPE=BI
A 105 40 9 4 9 3 #=5
L 95 40 9 4 2 0 1 0 12V0_0
b 0 0 100 50
U 7 50 16 0 3 3 REFDES=P?
U 10 -10 10 0 3 3 MANF_P/N=39-28-8080
E
