V 51
K 415957166500 atx_fem_periph_pwr
|R 0:29_4-27-13
Y 1
D 0 0 100 120
Z 10
i 155
U 0 -10 10 0 3 0 DEVICE=DEVICE
P 152 100 90 80 90 0 3 0
A 100 90 10 0 9 0 PINTYPE=BI
A 95 90 10 0 9 3 #=1
L 10 85 10 0 3 0 1 0 12V
P 155 100 30 80 30 0 3 0
L 20 25 10 0 3 0 1 0 5V
A 95 30 10 0 9 3 #=4
A 100 30 10 0 9 0 PINTYPE=BI
P 153 100 70 80 70 0 3 0
L 10 65 10 0 3 0 0 0 COM_A
A 95 70 10 0 9 3 #=2
A 100 70 10 0 9 0 PINTYPE=BI
P 154 100 50 80 50 0 3 0
L 95 50 10 0 3 0 0 0 COM_B
A 95 50 10 0 9 3 #=3
A 100 50 10 0 9 0 PINTYPE=BI
U 0 -80 10 0 3 0 PKG_TYPE=PKG_TYPE
U 0 -30 10 0 3 0 PARTS=1
U 10 110 10 0 3 3 VALUE=VALUE
U 5 -5 16 0 3 3 REFDES=J?
T 10 45 10 0 3 COM
Q 15 0 0
T 10 65 10 0 3 COM
Q 15 0 0
l 2 40 10 5 10
l 2 50 20 40 10
b 50 20 80 40
c 65 30 5
b 50 40 80 60
b 50 60 80 80
c 65 50 5
c 65 70 5
b 50 80 80 100
c 65 90 5
l 2 50 100 40 110
l 2 40 110 5 110
l 2 5 10 5 110
E
