V 53
K 1423180926 atx_24pin_pwr_alt.1
F Case
|R 16:02:6_2-5-15
D -30 150 135 -20
Y 1
Z 10
i 55
U 0 0 9 0 3 0 DEVICE=DEVICE
U 0 0 9 0 3 0 PKG_TYPE=PKG_TYPE
U 5 -20 10 0 3 3 MANF_P/N=MANF_P/N
U 5 135 16 0 3 3 REFDES=J?
U 65 -5 10 0 1 3 VALUE=VALUE
U -30 -20 10 0 1 0 FORWARD_PCB=1
b 0 -5 100 135
T 5 120 10 0 2 3V3
Q 15 0 0
|FNTSTL 16777215 0
T 5 110 10 0 2 3V3
Q 15 0 0
|FNTSTL 16777215 0
T 95 120 10 0 8 3V3
Q 15 0 0
|FNTSTL 16777215 0
T 5 100 10 0 2 GND
Q 15 0 0
|FNTSTL 16777215 0
T 5 80 10 0 2 GND
Q 15 0 0
|FNTSTL 16777215 0
T 5 60 10 0 2 GND
Q 15 0 0
|FNTSTL 16777215 0
T 95 10 10 0 8 GND
Q 15 0 0
|FNTSTL 16777215 0
T 95 60 10 0 8 GND
Q 15 0 0
|FNTSTL 16777215 0
T 95 70 10 0 8 GND
Q 15 0 0
|FNTSTL 16777215 0
T 95 100 10 0 8 GND
Q 15 0 0
|FNTSTL 16777215 0
T 5 70 10 0 2 5V0
Q 15 0 0
|FNTSTL 16777215 0
T 95 40 10 0 8 5V0
Q 15 0 0
|FNTSTL 16777215 0
T 95 30 10 0 8 5V0
Q 15 0 0
|FNTSTL 16777215 0
T 5 30 10 0 2 +12V
Q 15 0 0
|FNTSTL 16777215 0
T 5 10 10 0 2 3V3
Q 15 0 0
|FNTSTL 16777215 0
T 95 20 10 0 8 5V0
Q 15 0 0
|FNTSTL 16777215 0
T 95 80 10 0 8 GND
Q 15 0 0
|FNTSTL 16777215 0
T 95 110 10 0 8 -12V
Q 15 0 0
|FNTSTL 16777215 0
T 5 20 10 0 2 +12V
Q 15 0 0
|FNTSTL 16777215 0
T 5 90 10 0 2 5V0
Q 15 0 0
|FNTSTL 16777215 0
P 21 -30 30 0 30 0 2 0
L 5 30 10 0 2 0 0 0 12V_POS_1
A 0 -80 9 0 3 0 PINTYPE=BI
A -5 30 9 0 9 3 #=10
P 27 -30 120 0 120 0 2 0
L 5 120 9 0 2 0 0 0 3V3_0
A -5 120 9 0 9 3 #=1
A 0 10 9 0 3 0 PINTYPE=BI
P 28 -30 110 0 110 0 2 0
L 5 110 9 0 2 0 0 0 3V3_1
A 0 0 9 0 3 0 PINTYPE=BI
A -5 110 9 0 9 3 #=2
P 29 -30 100 0 100 0 2 0
L 5 100 9 0 2 0 0 0 GND_0
A 0 -10 9 0 3 0 PINTYPE=BI
A -5 100 9 0 9 3 #=3
P 30 -30 90 0 90 0 2 0
L 5 90 9 0 2 0 0 0 5V0_0
A -5 90 9 0 9 3 #=4
A 0 -20 9 0 3 0 PINTYPE=BI
P 31 -30 80 0 80 0 2 0
L 5 80 9 0 2 0 0 0 GND_1
A -5 80 9 0 9 3 #=5
A 0 -30 9 0 3 0 PINTYPE=BI
P 32 -30 70 0 70 0 2 0
L 5 70 9 0 2 0 0 0 5V0_1
A 0 -40 9 0 3 0 PINTYPE=BI
A -5 70 9 0 9 3 #=6
P 33 -30 60 0 60 0 2 0
L 5 60 9 0 2 0 0 0 GND_2
A 0 -50 9 0 3 0 PINTYPE=BI
A -5 60 9 0 9 3 #=7
P 34 -30 50 0 50 0 2 0
L 5 50 10 0 2 0 1 0 PWR_OK
A -5 50 9 0 9 3 #=8
A 0 -60 9 0 3 0 PINTYPE=BI
P 37 -30 40 0 40 0 2 0
L 5 40 10 0 2 0 1 0 5V0_SB
A 0 -70 9 0 3 0 PINTYPE=BI
A -5 40 9 0 9 3 #=9
P 39 130 50 100 50 0 3 0
L 95 50 10 0 8 0 1 0 NC
A 100 -60 9 0 9 0 PINTYPE=BI
A 105 50 9 0 3 3 #=20
P 40 130 30 100 30 0 3 0
L 95 30 9 0 8 0 0 0 5V0_3
A 105 30 9 0 3 3 #=22
A 100 -80 9 0 9 0 PINTYPE=BI
P 42 130 110 100 110 0 3 0
L 95 110 10 0 8 0 0 0 12V_NEG
A 105 110 9 0 3 3 #=14
A 100 0 9 0 9 0 PINTYPE=BI
P 43 130 120 100 120 0 3 0
L 95 120 9 0 8 0 0 0 3V3_3
A 100 10 9 0 9 0 PINTYPE=BI
A 105 120 9 0 3 3 #=13
P 44 130 90 100 90 0 3 0
L 95 90 10 0 8 0 1 0 PS_ON_B
A 100 -20 9 0 9 0 PINTYPE=BI
A 105 90 9 0 3 3 #=16
P 45 130 100 100 100 0 3 0
L 95 100 9 0 8 0 0 0 GND_3
A 105 100 9 0 3 3 #=15
A 100 -10 9 0 9 0 PINTYPE=BI
P 46 130 70 100 70 0 3 0
L 95 70 9 0 8 0 0 0 GND_5
A 105 70 9 0 3 3 #=18
A 100 -40 9 0 9 0 PINTYPE=BI
P 47 130 80 100 80 0 3 0
L 95 80 9 0 8 0 0 0 GND_4
A 100 -30 9 0 9 0 PINTYPE=BI
A 105 80 9 0 3 3 #=17
P 48 130 60 100 60 0 3 0
L 95 60 9 0 8 0 0 0 GND_6
A 105 60 9 0 3 3 #=19
A 100 -50 9 0 9 0 PINTYPE=BI
P 49 130 40 100 40 0 3 0
L 95 40 9 0 8 0 0 0 5V0_2
A 105 40 9 0 3 3 #=21
A 100 -70 9 0 9 0 PINTYPE=BI
P 133 -30 20 0 20 0 2 0
L 5 20 10 0 2 0 0 0 12V_POS_2
A 0 -90 9 0 3 0 PINTYPE=BI
A -5 20 9 0 9 3 #=11
P 137 -30 10 0 10 0 2 0
L 5 10 9 0 2 0 0 0 3V3_2
A 0 -100 9 0 3 0 PINTYPE=BI
A -5 10 9 0 9 3 #=12
P 141 130 10 100 10 0 3 0
L 95 10 9 0 8 0 0 0 GND_7
A 105 10 9 0 3 3 #=24
A 100 -100 9 0 9 0 PINTYPE=BI
P 145 130 20 100 20 0 3 0
L 95 20 9 0 8 0 0 0 5V0_4
A 105 20 9 0 3 3 #=23
A 100 -90 9 0 9 0 PINTYPE=BI
E 
