V 51
K 360514734500 bcm54682e_func
|R 2:17_2-11-12
Y 1
D 0 0 290 980
Z 10
i 426
U 0 -10 10 0 3 0 HETERO=(BCM54682E_FUNC),(BCM54682E_MISC),(BCM54682E_PWR),(BCM54
+ 682E_GND)
U 0 -40 10 0 3 0 LEVEL=STD
U 0 -30 10 0 3 0 PARTS=1
P 24 290 955 250 955 0 3 0
Q 15 0 0
A 250 960 10 4 2 0 PINTYPE=BI
A 250 955 10 4 9 3 #=T2
L 245 960 10 4 2 0 1 0 SGOUT8_P
P 25 290 945 250 945 0 3 0
Q 15 0 0
A 250 950 10 4 2 0 PINTYPE=IN
A 250 945 10 4 9 3 #=T1
L 245 950 10 4 2 0 1 0 SGOUT8_N
P 23 290 935 250 935 0 3 0
Q 15 0 0
A 250 940 10 4 2 0 PINTYPE=OUT
A 250 935 10 4 9 3 #=W1
L 245 940 10 4 2 0 1 0 SGOUT7_P
P 27 290 925 250 925 0 3 0
Q 15 0 0
A 250 930 10 4 2 0 PINTYPE=IN
A 250 925 10 4 9 3 #=Y1
L 245 930 10 4 2 0 1 0 SGOUT7_N
P 28 290 910 250 910 0 3 0
Q 15 0 0
A 460 915 10 4 2 0 PINTYPE=IN
A 250 910 10 4 9 3 #=V2
L 245 915 10 4 2 0 1 0 SGIN8_P
P 30 290 900 250 900 0 3 0
Q 15 0 0
A 460 905 10 4 2 0 PINTYPE=ANALOG
A 250 900 10 4 9 3 #=V1
L 245 905 10 4 2 0 1 0 SGIN8_N
P 61 290 890 251 890 0 3 0
Q 15 0 0
A 251 900 10 0 2 0 PINTYPE=OUT
A 251 890 10 0 3 3 #=W3
L 246 895 10 0 8 0 1 0 SGIN7_P
P 62 290 880 251 880 0 3 0
Q 15 0 0
A 251 890 10 0 2 0 PINTYPE=OUT
A 251 880 10 0 3 3 #=Y3
L 246 885 10 0 8 0 1 0 SGIN7_N
P 268 290 235 250 235 0 3 0
Q 15 0 0
A 240 240 10 4 2 0 PINTYPE=OUT
A 250 235 10 4 9 3 #=N18
L 245 240 10 4 2 0 1 0 TRD1_1_N
P 267 290 245 250 245 0 3 0
Q 15 0 0
A 250 250 10 4 2 0 PINTYPE=OUT
A 250 245 10 4 9 3 #=N17
L 245 250 10 4 2 0 1 0 TRD1_1_P
P 293 290 820 250 820 0 3 0
Q 15 0 0
A 250 825 10 4 2 0 PINTYPE=OUT
A 250 820 10 4 9 3 #=M1
L 245 825 10 4 2 0 1 0 TRD2_8_P
P 292 290 810 250 810 0 3 0
Q 15 0 0
A 240 815 10 4 2 0 PINTYPE=OUT
A 250 810 10 4 9 3 #=M2
L 245 815 10 4 2 0 1 0 TRD2_8_N
P 311 290 175 250 175 0 3 0
Q 15 0 0
A 250 180 10 4 2 0 PINTYPE=OUT
A 250 175 10 4 9 3 #=U10
L 245 180 10 4 2 0 1 0 QREF_CLK_P
P 310 290 165 250 165 0 3 0
Q 15 0 0
A 240 170 10 4 2 0 PINTYPE=OUT
A 250 165 10 4 9 3 #=U11
L 245 170 10 4 2 0 1 0 QREF_CLK_N
P 312 290 140 250 140 0 3 0
Q 15 0 0
A 250 145 10 4 2 0 PINTYPE=OUT
A 250 140 10 4 9 3 #=T18
L 245 145 10 4 2 0 1 0 QCLK_SEL0
P 313 290 150 250 150 0 3 0
Q 15 0 0
A 240 155 10 4 2 0 PINTYPE=OUT
A 250 150 10 4 9 3 #=T19
L 245 155 10 4 2 0 1 0 QCLK_SEL1
P 315 290 120 250 120 0 3 0
Q 15 0 0
A 240 125 10 4 2 0 PINTYPE=OUT
A 250 120 10 4 9 3 #=T20
L 245 125 10 4 2 0 1 0 SCLK_SRC1
P 314 290 110 250 110 0 3 0
Q 15 0 0
A 250 115 10 4 2 0 PINTYPE=OUT
A 250 110 10 4 9 3 #=B6
L 245 115 10 4 2 0 1 0 SCLK_SRC0
P 31 0 945 40 945 0 2 0
Q 15 0 0
A 40 950 10 0 2 0 PINTYPE=BI
A 40 945 10 0 9 3 #=Y9
L 45 950 10 0 2 0 1 0 QSGOUT2_N
P 29 0 955 40 955 0 2 0
Q 15 0 0
A 40 960 10 0 2 0 PINTYPE=BI
A 40 955 10 0 9 3 #=W9
L 45 960 10 0 2 0 1 0 QSGOUT2_P
P 320 0 935 40 935 0 2 0
Q 15 0 0
A 40 940 10 0 2 0 PINTYPE=BI
A 40 935 10 0 9 3 #=W14
L 45 940 10 0 2 0 1 0 QSGOUT1_P
P 319 0 925 40 925 0 2 0
Q 15 0 0
A 40 930 10 0 2 0 PINTYPE=BI
A 40 925 10 0 9 3 #=Y14
L 45 930 10 0 2 0 1 0 QSGOUT1_N
P 322 0 910 40 910 0 2 0
Q 15 0 0
A 40 915 10 0 2 0 PINTYPE=BI
A 40 910 10 0 9 3 #=W7
L 45 915 10 0 2 0 1 0 QSGIN2_P
P 321 0 900 40 900 0 2 0
Q 15 0 0
A 40 905 10 0 2 0 PINTYPE=BI
A 40 900 10 0 9 3 #=Y7
L 45 905 10 0 2 0 1 0 QSGIN2_N
P 323 0 890 40 890 0 2 0
Q 15 0 0
A 40 895 10 0 2 0 PINTYPE=BI
A 40 890 10 0 9 3 #=W12
L 45 895 10 0 2 0 1 0 QSGIN1_P
P 324 0 880 40 880 0 2 0
Q 15 0 0
A 40 885 10 0 2 0 PINTYPE=BI
A 40 880 10 0 9 3 #=Y12
L 45 885 10 0 2 0 1 0 QSGIN1_N
P 325 0 860 40 860 0 2 0
Q 15 0 0
A 40 865 10 0 2 0 PINTYPE=BI
A 40 860 10 0 9 3 #=A20
L 45 865 10 0 2 0 1 0 LED1_1
P 246 290 860 250 860 0 3 0
Q 15 0 0
A 250 865 10 4 2 0 PINTYPE=OUT
A 250 860 10 4 9 3 #=N1
L 245 865 10 4 2 0 1 0 TRD0_8_P
P 247 290 850 250 850 0 3 0
Q 15 0 0
A 240 855 10 4 2 0 PINTYPE=OUT
A 250 850 10 4 9 3 #=N2
L 245 855 10 4 2 0 1 0 TRD0_8_N
P 248 290 775 250 775 0 3 0
Q 15 0 0
A 240 780 10 4 2 0 PINTYPE=OUT
A 250 775 10 4 9 3 #=J4
L 245 780 10 4 2 0 1 0 TRD0_7_P
P 249 290 765 250 765 0 3 0
Q 15 0 0
A 240 770 10 4 2 0 PINTYPE=OUT
A 250 765 10 4 9 3 #=J3
L 245 770 10 4 2 0 1 0 TRD0_7_N
P 250 290 690 250 690 0 3 0
Q 15 0 0
A 250 695 10 4 2 0 PINTYPE=OUT
A 250 690 10 4 9 3 #=H1
L 245 695 10 4 2 0 1 0 TRD0_6_P
P 251 290 680 250 680 0 3 0
Q 15 0 0
A 240 685 10 4 2 0 PINTYPE=OUT
A 250 680 10 4 9 3 #=H2
L 245 685 10 4 2 0 1 0 TRD0_6_N
P 261 290 595 250 595 0 3 0
Q 15 0 0
A 240 600 10 4 2 0 PINTYPE=OUT
A 250 595 10 4 9 3 #=C2
L 245 600 10 4 2 0 1 0 TRD0_5_N
P 252 290 520 250 520 0 3 0
Q 15 0 0
A 240 525 10 4 2 0 PINTYPE=OUT
A 250 520 10 4 9 3 #=C20
L 245 525 10 4 2 0 1 0 TRD0_4_P
P 253 290 510 250 510 0 3 0
Q 15 0 0
A 240 515 10 4 2 0 PINTYPE=OUT
A 250 510 10 4 9 3 #=C19
L 245 515 10 4 2 0 1 0 TRD0_4_N
P 254 290 435 250 435 0 3 0
Q 15 0 0
A 250 440 10 4 2 0 PINTYPE=OUT
A 250 435 10 4 9 3 #=H20
L 245 440 10 4 2 0 1 0 TRD0_3_P
P 255 290 425 250 425 0 3 0
Q 15 0 0
A 240 430 10 4 2 0 PINTYPE=OUT
A 250 425 10 4 9 3 #=H19
L 245 430 10 4 2 0 1 0 TRD0_3_N
P 265 290 330 250 330 0 3 0
Q 15 0 0
A 240 335 10 4 2 0 PINTYPE=OUT
A 250 330 10 4 9 3 #=J20
L 245 335 10 4 2 0 1 0 TRD1_2_P
P 266 290 320 250 320 0 3 0
Q 15 0 0
A 240 325 10 4 2 0 PINTYPE=OUT
A 250 320 10 4 9 3 #=J19
L 245 325 10 4 2 0 1 0 TRD1_2_N
P 318 290 65 250 65 0 3 0
Q 15 0 0
A 250 70 10 4 2 0 PINTYPE=OUT
A 250 65 10 4 9 3 #=R19
L 245 70 10 4 2 0 1 0 GCLK_SEL
P 326 0 850 40 850 0 2 0
Q 15 0 0
A 40 855 10 0 2 0 PINTYPE=BI
A 40 850 10 0 9 3 #=E15
L 45 855 10 0 2 0 1 0 LED1_2
P 327 0 840 40 840 0 2 0
Q 15 0 0
A 40 845 10 0 2 0 PINTYPE=BI
A 40 840 10 0 9 3 #=F13
L 45 845 10 0 2 0 1 0 LED1_3
P 328 0 830 40 830 0 2 0
Q 15 0 0
A 40 835 10 0 2 0 PINTYPE=BI
A 40 830 10 0 9 3 #=V16
L 45 835 10 0 2 0 1 0 LED1_4
P 358 0 805 40 805 0 2 0
Q 15 0 0
A 40 810 10 0 2 0 PINTYPE=BI
A 40 805 10 0 9 3 #=E14
L 45 810 10 0 2 0 1 0 LED2_2
P 359 0 795 40 795 0 2 0
Q 15 0 0
A 40 800 10 0 2 0 PINTYPE=BI
A 40 795 10 0 9 3 #=D14
L 45 800 10 0 2 0 1 0 LED2_3
P 360 0 785 40 785 0 2 0
Q 15 0 0
A 40 790 10 0 2 0 PINTYPE=BI
A 40 785 10 0 9 3 #=W17
L 45 790 10 0 2 0 1 0 LED2_4
P 361 0 770 40 770 0 2 0
Q 15 0 0
A 40 775 10 0 2 0 PINTYPE=BI
A 40 770 10 0 9 3 #=C17
L 45 775 10 0 2 0 1 0 LED3_1
P 363 0 750 40 750 0 2 0
Q 15 0 0
A 40 755 10 0 2 0 PINTYPE=BI
A 40 750 10 0 9 3 #=G12
L 45 755 10 0 2 0 1 0 LED3_3
P 364 0 740 40 740 0 2 0
Q 15 0 0
A 40 745 10 0 2 0 PINTYPE=BI
A 40 740 10 0 9 3 #=B17
L 45 745 10 0 2 0 1 0 LED3_4
P 365 0 725 40 725 0 2 0
Q 15 0 0
A 40 730 10 0 2 0 PINTYPE=BI
A 40 725 10 0 9 3 #=F15
L 45 730 10 0 2 0 1 0 LED4_1
P 366 0 715 40 715 0 2 0
Q 15 0 0
A 40 720 10 0 2 0 PINTYPE=BI
A 40 715 10 0 9 3 #=B16
L 45 720 10 0 2 0 1 0 LED4_2
P 367 0 705 40 705 0 2 0
Q 15 0 0
A 40 710 10 0 2 0 PINTYPE=BI
A 40 705 10 0 9 3 #=D9
L 45 710 10 0 2 0 1 0 LED4_3
P 368 0 695 40 695 0 2 0
Q 15 0 0
A 40 700 10 0 2 0 PINTYPE=BI
A 40 695 10 0 9 3 #=G13
L 45 700 10 0 2 0 1 0 LED4_4
P 369 0 680 40 680 0 2 0
Q 15 0 0
A 40 685 10 0 2 0 PINTYPE=BI
A 40 680 10 0 9 3 #=C5
L 45 685 10 0 2 0 1 0 LED5_1
P 370 0 670 40 670 0 2 0
Q 15 0 0
A 40 675 10 0 2 0 PINTYPE=BI
A 40 670 10 0 9 3 #=B7
L 45 675 10 0 2 0 1 0 LED5_2
P 371 0 660 40 660 0 2 0
Q 15 0 0
A 40 665 10 0 2 0 PINTYPE=BI
A 40 660 10 0 9 3 #=D7
L 45 665 10 0 2 0 1 0 LED5_3
P 372 0 650 40 650 0 2 0
Q 15 0 0
A 40 655 10 0 2 0 PINTYPE=BI
A 40 650 10 0 9 3 #=E6
L 45 655 10 0 2 0 1 0 LED5_4
P 373 0 635 40 635 0 2 0
Q 15 0 0
A 40 640 10 0 2 0 PINTYPE=BI
A 40 635 10 0 9 3 #=A2
L 45 640 10 0 2 0 1 0 LED6_1
P 374 0 625 40 625 0 2 0
Q 15 0 0
A 40 630 10 0 2 0 PINTYPE=BI
A 40 625 10 0 9 3 #=E8
L 45 630 10 0 2 0 1 0 LED6_2
P 375 0 615 40 615 0 2 0
Q 15 0 0
A 40 620 10 0 2 0 PINTYPE=BI
A 40 615 10 0 9 3 #=E9
L 45 620 10 0 2 0 1 0 LED6_3
P 376 0 605 40 605 0 2 0
Q 15 0 0
A 40 610 10 0 2 0 PINTYPE=BI
A 40 605 10 0 9 3 #=A3
L 45 610 10 0 2 0 1 0 LED6_4
P 377 0 590 40 590 0 2 0
Q 15 0 0
A 40 595 10 0 2 0 PINTYPE=BI
A 40 590 10 0 9 3 #=F7
L 45 595 10 0 2 0 1 0 LED7_1
P 378 0 580 40 580 0 2 0
Q 15 0 0
A 40 585 10 0 2 0 PINTYPE=BI
A 40 580 10 0 9 3 #=C6
L 45 585 10 0 2 0 1 0 LED7_2
P 379 0 570 40 570 0 2 0
Q 15 0 0
A 40 575 10 0 2 0 PINTYPE=BI
A 40 570 10 0 9 3 #=G8
L 45 575 10 0 2 0 1 0 LED7_3
P 380 0 560 40 560 0 2 0
Q 15 0 0
A 40 565 10 0 2 0 PINTYPE=BI
A 40 560 10 0 9 3 #=V17
L 45 565 10 0 2 0 1 0 LED7_4
P 381 0 545 40 545 0 2 0
Q 15 0 0
A 40 550 10 0 2 0 PINTYPE=BI
A 40 545 10 0 9 3 #=A1
L 45 550 10 0 2 0 1 0 LED8_1
P 382 0 535 40 535 0 2 0
Q 15 0 0
A 40 540 10 0 2 0 PINTYPE=BI
A 40 535 10 0 9 3 #=D5
L 45 540 10 0 2 0 1 0 LED8_2
P 383 0 525 40 525 0 2 0
Q 15 0 0
A 40 530 10 0 2 0 PINTYPE=BI
A 40 525 10 0 9 3 #=C4
L 45 530 10 0 2 0 1 0 LED8_3
P 357 0 815 40 815 0 2 0
Q 15 0 0
A 40 820 10 0 2 0 PINTYPE=BI
A 40 815 10 0 9 3 #=D15
L 45 820 10 0 2 0 1 0 LED2_1
P 362 0 760 40 760 0 2 0
Q 15 0 0
A 40 765 10 0 2 0 PINTYPE=BI
A 40 760 10 0 9 3 #=C14
L 45 765 10 0 2 0 1 0 LED3_2
P 146 0 485 40 485 0 2 0
Q 15 0 0
A 50 490 10 0 2 0 PINTYPE=ANALOG
A 40 485 10 0 9 3 #=F12
L 45 490 10 0 2 0 1 0 SLED_CLK
P 385 0 475 40 475 0 2 0
Q 15 0 0
A 50 480 10 0 2 0 PINTYPE=ANALOG
A 40 475 10 0 9 3 #=B11
L 45 480 10 0 2 0 1 0 SLED_STRB
P 386 0 465 40 465 0 2 0
Q 15 0 0
A 50 470 10 0 2 0 PINTYPE=ANALOG
A 40 465 10 0 9 3 #=A12
L 45 470 10 0 2 0 1 0 SLED_IN
P 387 0 455 40 455 0 2 0
Q 15 0 0
A 50 460 10 0 2 0 PINTYPE=ANALOG
A 40 455 10 0 9 3 #=T15
L 45 460 10 0 2 0 1 0 SLED_OUT
P 388 0 440 40 440 0 2 0
Q 15 0 0
A 50 445 10 0 2 0 PINTYPE=ANALOG
A 40 440 10 0 9 3 #=A14
L 45 445 10 0 2 0 1 0 SL_CLK
P 389 0 430 40 430 0 2 0
Q 15 0 0
A 50 435 10 0 2 0 PINTYPE=ANALOG
A 40 430 10 0 9 3 #=D12
L 45 435 10 0 2 0 1 0 SL_DO
P 391 0 395 40 395 0 2 0
Q 15 0 0
A 50 400 10 0 2 0 PINTYPE=ANALOG
A 40 395 10 0 9 3 #=E7
L 45 400 10 0 2 0 1 0 SCL
P 392 0 385 40 385 0 2 0
Q 15 0 0
A 50 390 10 0 2 0 PINTYPE=ANALOG
A 40 385 10 0 9 3 #=D6
L 45 390 10 0 2 0 1 0 SDA
P 396 0 330 40 330 0 2 0
Q 15 0 0
A 50 335 10 0 2 0 PINTYPE=ANALOG
A 40 330 10 0 9 3 #=A7
L 45 335 10 0 2 0 1 0 MDIO1
P 397 0 340 40 340 0 2 0
Q 15 0 0
A 50 345 10 0 2 0 PINTYPE=ANALOG
A 40 340 10 0 9 3 #=A6
L 45 345 10 0 2 0 1 0 MDIO2
P 317 290 85 250 85 0 3 0
Q 15 0 0
A 250 90 10 4 2 0 PINTYPE=OUT
A 250 85 10 4 9 3 #=B5
L 245 90 10 4 2 0 1 0 SCLK_SEL0
P 316 290 95 250 95 0 3 0
Q 15 0 0
A 240 100 10 4 2 0 PINTYPE=OUT
A 250 95 10 4 9 3 #=B4
L 245 100 10 4 2 0 1 0 SCLK_SEL1
P 402 290 45 250 45 0 3 0
Q 15 0 0
A 240 50 10 4 2 0 PINTYPE=OUT
A 250 45 10 4 9 3 #=L5
L 245 50 10 4 2 0 1 0 RDAC2
P 401 290 35 250 35 0 3 0
Q 15 0 0
A 250 40 10 4 2 0 PINTYPE=OUT
A 250 35 10 4 9 3 #=J16
L 245 40 10 4 2 0 1 0 RDAC1
P 390 0 420 40 420 0 2 0
Q 15 0 0
A 50 425 10 0 2 0 PINTYPE=ANALOG
A 40 420 10 0 9 3 #=B12
L 45 425 10 0 2 0 1 0 SL_FRAME
P 404 0 410 40 410 0 2 0
Q 15 0 0
A 50 415 10 0 2 0 PINTYPE=ANALOG
A 40 410 10 0 9 3 #=U16
L 45 415 10 0 2 0 1 0 INTRPT_B
P 400 0 300 40 300 0 2 0
Q 15 0 0
A 50 305 10 0 2 0 PINTYPE=ANALOG
A 40 300 10 0 9 3 #=F8
L 45 305 10 0 2 0 1 0 MDIO_SEL
P 398 0 310 40 310 0 2 0
Q 15 0 0
A 50 315 10 0 2 0 PINTYPE=ANALOG
A 40 310 10 0 9 3 #=D10
L 45 315 10 0 2 0 1 0 MDC1
P 399 0 320 40 320 0 2 0
Q 15 0 0
A 50 325 10 0 2 0 PINTYPE=ANALOG
A 40 320 10 0 9 3 #=F9
L 45 325 10 0 2 0 1 0 MDC2
P 410 0 145 40 145 0 2 0
Q 15 0 0
A 50 150 10 0 2 0 PINTYPE=ANALOG
A 40 145 10 0 9 3 #=W18
L 45 150 10 0 2 0 1 0 LOC_REC_CLK2
P 412 0 165 40 165 0 2 0
Q 15 0 0
A 50 170 10 0 2 0 PINTYPE=ANALOG
A 40 165 10 0 9 3 #=Y5
L 45 170 10 0 2 0 1 0 REC_CLK2
P 413 0 155 40 155 0 2 0
Q 15 0 0
A 50 160 10 0 2 0 PINTYPE=ANALOG
A 40 155 10 0 9 3 #=W5
L 45 160 10 0 2 0 1 0 REC_CLK1
P 403 0 30 40 30 0 2 0
Q 15 0 0
A 50 35 10 0 2 0 PINTYPE=ANALOG
A 40 30 10 0 9 3 #=B3
L 45 35 10 0 2 0 1 0 RESET_B
P 414 0 45 40 45 0 2 0
Q 15 0 0
A 50 50 10 0 2 0 PINTYPE=ANALOG
A 40 45 10 0 9 3 #=F6
L 45 50 10 0 2 0 1 0 TRST_B
P 420 0 85 40 85 0 2 0
Q 15 0 0
A 50 90 10 0 2 0 PINTYPE=ANALOG
A 40 85 10 0 9 3 #=B18
L 45 90 10 0 2 0 1 0 TDI
P 419 0 75 40 75 0 2 0
Q 15 0 0
A 50 80 10 0 2 0 PINTYPE=ANALOG
A 40 75 10 0 9 3 #=E16
L 45 80 10 0 2 0 1 0 TCK
P 418 0 65 40 65 0 2 0
Q 15 0 0
A 50 70 10 0 2 0 PINTYPE=ANALOG
A 40 65 10 0 9 3 #=G14
L 45 70 10 0 2 0 1 0 TMS
P 415 0 55 40 55 0 2 0
Q 15 0 0
A 50 60 10 0 2 0 PINTYPE=ANALOG
A 40 55 10 0 9 3 #=B2
L 45 60 10 0 2 0 1 0 TDO
P 384 0 515 40 515 0 2 0
Q 15 0 0
A 40 520 10 0 2 0 PINTYPE=BI
A 40 515 10 0 9 3 #=Y17
L 45 520 10 0 2 0 1 0 LED8_4
P 422 0 500 40 500 0 2 0
Q 15 0 0
A 50 505 10 0 2 0 PINTYPE=ANALOG
A 40 500 10 0 9 3 #=R4
L 45 505 10 0 2 0 1 0 CRNT_LED_EN
P 405 0 275 40 275 0 2 0
Q 15 0 0
A 50 280 10 0 2 0 PINTYPE=ANALOG
A 40 275 10 0 9 3 #=A16
L 45 280 10 0 2 0 1 0 INTERF_SEL0
P 406 0 285 40 285 0 2 0
Q 15 0 0
A 50 290 10 0 2 0 PINTYPE=ANALOG
A 40 285 10 0 9 3 #=A17
L 45 290 10 0 2 0 1 0 INTERF_SEL1
P 423 0 245 40 245 0 2 0
Q 15 0 0
A 50 250 10 0 2 0 PINTYPE=ANALOG
A 40 245 10 0 9 3 #=R9
L 45 250 10 0 2 0 1 0 TEST0
P 424 0 255 40 255 0 2 0
Q 15 0 0
A 50 260 10 0 2 0 PINTYPE=ANALOG
A 40 255 10 0 9 3 #=T8
L 45 260 10 0 2 0 1 0 TEST1
P 426 0 230 40 230 0 2 0
Q 15 0 0
A 50 235 10 0 2 0 PINTYPE=ANALOG
A 40 230 10 0 9 3 #=J5
L 45 235 10 0 2 0 1 0 TVC02
P 425 0 220 40 220 0 2 0
Q 15 0 0
A 50 225 10 0 2 0 PINTYPE=ANALOG
A 40 220 10 0 9 3 #=L16
L 45 225 10 0 2 0 1 0 TVCO1
P 407 0 125 40 125 0 2 0
Q 15 0 0
A 50 130 10 0 2 0 PINTYPE=ANALOG
A 40 125 10 0 9 3 #=R1
L 45 130 10 0 2 0 1 0 CLK_125
P 395 0 375 40 375 0 2 0
Q 15 0 0
A 50 380 10 0 2 0 PINTYPE=ANALOG
A 40 375 10 0 9 3 #=E12
L 45 380 10 0 2 0 1 0 BSC_EN1
P 394 0 365 40 365 0 2 0
Q 15 0 0
A 50 370 10 0 2 0 PINTYPE=ANALOG
A 40 365 10 0 9 3 #=C11
L 45 370 10 0 2 0 1 0 BSC_EN0
b 40 15 250 970
T 200 670 25 4 3 BCM54682E
T 180 645 25 4 3 (FUNC)
P 411 0 135 40 135 0 2 0
Q 15 0 0
A 50 140 10 0 2 0 PINTYPE=ANALOG
A 40 135 10 0 9 3 #=Y18
L 45 140 10 0 2 0 1 0 LOC_REC_CLK1
U 70 970 10 4 3 3 DEVICE=XXXXX
U 65 0 16 4 3 3 REFDES=U?
U 245 5 10 4 3 3 PKG_TYPE=XXXXXX
P 283 290 225 250 225 0 3 0
Q 15 0 0
A 250 230 10 4 2 0 PINTYPE=OUT
A 250 225 10 4 9 3 #=M20
L 245 230 10 4 2 0 1 0 TRD2_1_P
P 284 290 215 250 215 0 3 0
Q 15 0 0
A 240 220 10 4 2 0 PINTYPE=OUT
A 250 215 10 4 9 3 #=M19
L 245 220 10 4 2 0 1 0 TRD2_1_N
P 300 290 195 250 195 0 3 0
Q 15 0 0
A 240 200 10 4 2 0 PINTYPE=OUT
A 250 195 10 4 9 3 #=L19
L 245 200 10 4 2 0 1 0 TRD3_1_N
P 299 290 205 250 205 0 3 0
Q 15 0 0
A 250 210 10 4 2 0 PINTYPE=OUT
A 250 205 10 4 9 3 #=L20
L 245 210 10 4 2 0 1 0 TRD3_1_P
P 259 290 255 250 255 0 3 0
Q 15 0 0
A 240 260 10 4 2 0 PINTYPE=OUT
A 250 255 10 4 9 3 #=N19
L 245 260 10 4 2 0 1 0 TRD0_1_N
P 258 290 265 250 265 0 3 0
Q 15 0 0
A 250 270 10 4 2 0 PINTYPE=OUT
A 250 265 10 4 9 3 #=N20
L 245 270 10 4 2 0 1 0 TRD0_1_P
P 297 290 290 250 290 0 3 0
Q 15 0 0
A 240 295 10 4 2 0 PINTYPE=OUT
A 250 290 10 4 9 3 #=K20
L 245 295 10 4 2 0 1 0 TRD3_2_P
P 298 290 280 250 280 0 3 0
Q 15 0 0
A 240 285 10 4 2 0 PINTYPE=OUT
A 250 280 10 4 9 3 #=K19
L 245 285 10 4 2 0 1 0 TRD3_2_N
P 281 290 310 250 310 0 3 0
Q 15 0 0
A 240 315 10 4 2 0 PINTYPE=OUT
A 250 310 10 4 9 3 #=L17
L 245 315 10 4 2 0 1 0 TRD2_2_P
P 282 290 300 250 300 0 3 0
Q 15 0 0
A 240 305 10 4 2 0 PINTYPE=OUT
A 250 300 10 4 9 3 #=L18
L 245 305 10 4 2 0 1 0 TRD2_2_N
P 257 290 340 250 340 0 3 0
Q 15 0 0
A 240 345 10 4 2 0 PINTYPE=OUT
A 250 340 10 4 9 3 #=J18
L 245 345 10 4 2 0 1 0 TRD0_2_N
P 256 290 350 250 350 0 3 0
Q 15 0 0
A 240 355 10 4 2 0 PINTYPE=OUT
A 250 350 10 4 9 3 #=J17
L 245 355 10 4 2 0 1 0 TRD0_2_P
P 264 290 405 250 405 0 3 0
Q 15 0 0
A 240 410 10 4 2 0 PINTYPE=OUT
A 250 405 10 4 9 3 #=G19
L 245 410 10 4 2 0 1 0 TRD1_3_N
P 263 290 415 250 415 0 3 0
Q 15 0 0
A 250 420 10 4 2 0 PINTYPE=OUT
A 250 415 10 4 9 3 #=G20
L 245 420 10 4 2 0 1 0 TRD1_3_P
P 280 290 385 250 385 0 3 0
Q 15 0 0
A 240 390 10 4 2 0 PINTYPE=OUT
A 250 385 10 4 9 3 #=F19
L 245 390 10 4 2 0 1 0 TRD2_3_N
P 279 290 395 250 395 0 3 0
Q 15 0 0
A 250 400 10 4 2 0 PINTYPE=OUT
A 250 395 10 4 9 3 #=F20
L 245 400 10 4 2 0 1 0 TRD2_3_P
P 296 290 365 250 365 0 3 0
Q 15 0 0
A 240 370 10 4 2 0 PINTYPE=OUT
A 250 365 10 4 9 3 #=G18
L 245 370 10 4 2 0 1 0 TRD3_3_N
P 295 290 375 250 375 0 3 0
Q 15 0 0
A 250 380 10 4 2 0 PINTYPE=OUT
A 250 375 10 4 9 3 #=G17
L 245 380 10 4 2 0 1 0 TRD3_3_P
P 270 290 500 250 500 0 3 0
Q 15 0 0
A 240 505 10 4 2 0 PINTYPE=OUT
A 250 500 10 4 9 3 #=D20
L 245 505 10 4 2 0 1 0 TRD1_4_P
P 269 290 490 250 490 0 3 0
Q 15 0 0
A 240 495 10 4 2 0 PINTYPE=OUT
A 250 490 10 4 9 3 #=D19
L 245 495 10 4 2 0 1 0 TRD1_4_N
P 285 290 470 250 470 0 3 0
Q 15 0 0
A 240 475 10 4 2 0 PINTYPE=OUT
A 250 470 10 4 9 3 #=E18
L 245 475 10 4 2 0 1 0 TRD2_4_N
P 286 290 480 250 480 0 3 0
Q 15 0 0
A 240 485 10 4 2 0 PINTYPE=OUT
A 250 480 10 4 9 3 #=E17
L 245 485 10 4 2 0 1 0 TRD2_4_P
P 301 290 450 250 450 0 3 0
Q 15 0 0
A 240 455 10 4 2 0 PINTYPE=OUT
A 250 450 10 4 9 3 #=E19
L 245 455 10 4 2 0 1 0 TRD3_4_N
P 302 290 460 250 460 0 3 0
Q 15 0 0
A 240 465 10 4 2 0 PINTYPE=OUT
A 250 460 10 4 9 3 #=E20
L 245 465 10 4 2 0 1 0 TRD3_4_P
P 271 290 575 250 575 0 3 0
Q 15 0 0
A 240 580 10 4 2 0 PINTYPE=OUT
A 250 575 10 4 9 3 #=D2
L 245 580 10 4 2 0 1 0 TRD1_5_N
P 272 290 585 250 585 0 3 0
Q 15 0 0
A 240 590 10 4 2 0 PINTYPE=OUT
A 250 585 10 4 9 3 #=D1
L 245 590 10 4 2 0 1 0 TRD1_5_P
P 287 290 555 250 555 0 3 0
Q 15 0 0
A 240 560 10 4 2 0 PINTYPE=OUT
A 250 555 10 4 9 3 #=E3
L 245 560 10 4 2 0 1 0 TRD2_5_N
P 288 290 565 250 565 0 3 0
Q 15 0 0
A 240 570 10 4 2 0 PINTYPE=OUT
A 250 565 10 4 9 3 #=E4
L 245 570 10 4 2 0 1 0 TRD2_5_P
P 260 290 605 250 605 0 3 0
Q 15 0 0
A 240 610 10 4 2 0 PINTYPE=OUT
A 250 605 10 4 9 3 #=C1
L 245 610 10 4 2 0 1 0 TRD0_5_P
P 303 290 535 250 535 0 3 0
Q 15 0 0
A 240 540 10 4 2 0 PINTYPE=OUT
A 250 535 10 4 9 3 #=E2
L 245 540 10 4 2 0 1 0 TRD3_5_N
P 304 290 545 250 545 0 3 0
Q 15 0 0
A 240 550 10 4 2 0 PINTYPE=OUT
A 250 545 10 4 9 3 #=E1
L 245 550 10 4 2 0 1 0 TRD3_5_P
P 262 290 660 250 660 0 3 0
Q 15 0 0
A 240 665 10 4 2 0 PINTYPE=OUT
A 250 660 10 4 9 3 #=G2
L 245 665 10 4 2 0 1 0 TRD1_6_N
P 273 290 670 250 670 0 3 0
Q 15 0 0
A 250 675 10 4 2 0 PINTYPE=OUT
A 250 670 10 4 9 3 #=G1
L 245 675 10 4 2 0 1 0 TRD1_6_P
P 278 290 640 250 640 0 3 0
Q 15 0 0
A 240 645 10 4 2 0 PINTYPE=OUT
A 250 640 10 4 9 3 #=F2
L 245 645 10 4 2 0 1 0 TRD2_6_N
P 289 290 650 250 650 0 3 0
Q 15 0 0
A 250 655 10 4 2 0 PINTYPE=OUT
A 250 650 10 4 9 3 #=F1
L 245 655 10 4 2 0 1 0 TRD2_6_P
P 305 290 630 250 630 0 3 0
Q 15 0 0
A 250 635 10 4 2 0 PINTYPE=OUT
A 250 630 10 4 9 3 #=G4
L 245 635 10 4 2 0 1 0 TRD3_6_P
P 294 290 620 250 620 0 3 0
Q 15 0 0
A 240 625 10 4 2 0 PINTYPE=OUT
A 250 620 10 4 9 3 #=G3
L 245 625 10 4 2 0 1 0 TRD3_6_N
P 274 290 745 250 745 0 3 0
Q 15 0 0
A 240 750 10 4 2 0 PINTYPE=OUT
A 250 745 10 4 9 3 #=J2
L 245 750 10 4 2 0 1 0 TRD1_7_N
P 275 290 755 250 755 0 3 0
Q 15 0 0
A 240 760 10 4 2 0 PINTYPE=OUT
A 250 755 10 4 9 3 #=J1
L 245 760 10 4 2 0 1 0 TRD1_7_P
P 291 290 735 250 735 0 3 0
Q 15 0 0
A 240 740 10 4 2 0 PINTYPE=OUT
A 250 735 10 4 9 3 #=L4
L 245 740 10 4 2 0 1 0 TRD2_7_P
P 290 290 725 250 725 0 3 0
Q 15 0 0
A 240 730 10 4 2 0 PINTYPE=OUT
A 250 725 10 4 9 3 #=L3
L 245 730 10 4 2 0 1 0 TRD2_7_N
P 306 290 705 250 705 0 3 0
Q 15 0 0
A 240 710 10 4 2 0 PINTYPE=OUT
A 250 705 10 4 9 3 #=K2
L 245 710 10 4 2 0 1 0 TRD3_7_N
P 307 290 715 250 715 0 3 0
Q 15 0 0
A 240 720 10 4 2 0 PINTYPE=OUT
A 250 715 10 4 9 3 #=K1
L 245 720 10 4 2 0 1 0 TRD3_7_P
P 277 290 840 250 840 0 3 0
Q 15 0 0
A 250 845 10 4 2 0 PINTYPE=OUT
A 250 840 10 4 9 3 #=N4
L 245 845 10 4 2 0 1 0 TRD1_8_P
P 276 290 830 250 830 0 3 0
Q 15 0 0
A 240 835 10 4 2 0 PINTYPE=OUT
A 250 830 10 4 9 3 #=N3
L 245 835 10 4 2 0 1 0 TRD1_8_N
P 308 290 790 250 790 0 3 0
Q 15 0 0
A 240 795 10 4 2 0 PINTYPE=OUT
A 250 790 10 4 9 3 #=L2
L 245 795 10 4 2 0 1 0 TRD3_8_N
P 309 290 800 250 800 0 3 0
Q 15 0 0
A 250 805 10 4 2 0 PINTYPE=OUT
A 250 800 10 4 9 3 #=L1
L 245 805 10 4 2 0 1 0 TRD3_8_P
E
