V 51
K 121317396900 delta_12vdc_fan
|R 19:09_11-8-10
Y 1
D 0 0 140 140
Z 10
i 2
P 2 140 40 120 40 0 3 0
A 140 40 10 0 9 0 PINTYPE=IN
A 130 40 10 0 9 3 #=2
L 100 35 10 0 3 0 1 0 GND
P 1 140 100 120 100 0 3 0
A 140 100 10 0 9 0 PINTYPE=IN
A 130 100 10 0 9 3 #=1
L 100 95 10 0 3 0 1 0 VCC
U 0 -80 10 0 3 0 DIST_P/N=XXX
U 0 -70 10 0 3 0 DIST=XXX
U 0 -60 10 0 3 0 MANF_P/N
U 0 -50 10 0 3 0 MANF=DELTA
U 0 -30 10 0 3 0 LEVEL=STD
U 0 -10 10 0 3 0 PARTS=1
U 20 125 10 0 3 0 DEVICE=XXX
U 100 5 10 0 3 0 PKG_TYPE=XXX
U 20 0 16 0 3 3 REFDES=F?
l 2 30 107 24 111
l 2 30 115 24 111
l 2 30 109 30 107
l 2 30 115 30 113
l 2 44 109 44 113
l 2 44 109 30 109
l 2 44 113 30 113
c 70 70 10
a 75 109 73 106 72 100
a 81 108 78 104 78 99
a 87 106 83 102 83 97
a 92 103 88 100 87 95
a 97 99 93 97 91 92
a 102 94 97 92 95 87
a 105 89 100 86 98 82
a 108 83 101 81 99 78
a 109 77 103 77 100 73
a 110 70 105 72 100 70
a 109 64 105 66 100 66
a 108 58 103 62 99 62
a 106 53 102 58 98 58
a 103 48 99 52 95 53
a 98 42 95 48 92 49
a 93 37 91 43 87 45
a 87 34 86 40 83 43
a 80 31 80 39 78 41
a 73 30 74 36 73 40
a 66 30 68 37 67 40
a 58 32 63 38 62 41
a 53 34 58 40 58 42
a 48 37 52 40 54 44
a 43 41 48 44 50 47
a 39 45 45 47 47 51
a 35 51 41 52 44 55
a 32 58 37 57 42 59
a 31 64 38 63 40 64
a 30 71 36 68 40 69
a 31 78 38 73 40 73
a 33 85 39 77 40 77
a 36 91 38 84 42 81
a 40 96 41 88 44 86
a 44 100 44 92 46 89
a 48 103 48 95 49 92
a 53 106 52 97 53 95
a 58 108 56 99 57 97
a 63 109 60 103 61 99
c 70 70 30
c 70 70 40
b 20 20 120 120
a 69 110 65 102 66 100
E
