V 53
K 1425310220 bpi_s29gl_m29ew_bga64.1
F Case
|R 8:30:20_3-2-15
D 0 449 300 0
Y 1
Z 10
i 123
U 0 -70 10 0 3 0 VALUE=???
U 0 -60 10 0 3 0 DIST_P/N=???
U 0 -50 10 0 3 0 DIST=???
U 0 -40 10 0 3 0 DATASHEET=???
U 0 -30 10 0 3 0 MANF_P/N=???
U 0 -20 10 0 3 0 MANF=???
U 270 5 10 0 9 3 PKG_TYPE=???
U 30 435 10 0 3 3 DEVICE=???
U 30 0 16 0 3 3 REFDES=U?
U 0 0 10 0 1 0 FORWARD_PCB=0
T 265 100 10 0 8 RFU
Q 15 0 0
|FNTSTL 16777215 0
T 265 90 10 0 8 RFU
Q 15 0 0
|FNTSTL 16777215 0
T 265 60 10 0 8 GND
Q 15 0 0
|FNTSTL 16777215 0
T 265 140 10 0 8 RFU
Q 15 0 0
|FNTSTL 16777215 0
T 265 130 10 0 8 RFU
Q 15 0 0
|FNTSTL 16777215 0
T 265 120 10 0 8 RFU
Q 15 0 0
|FNTSTL 16777215 0
T 265 110 10 0 8 RFU
Q 15 0 0
|FNTSTL 16777215 0
T 265 150 10 0 8 RFU
Q 15 0 0
|FNTSTL 16777215 0
T 265 160 10 0 8 RFU
Q 15 0 0
|FNTSTL 16777215 0
T 265 410 10 0 8 VIO
Q 15 0 0
|FNTSTL 16777215 0
T 265 400 10 0 8 VIO
Q 15 0 0
|FNTSTL 16777215 0
T 265 50 10 0 8 GND
Q 15 0 0
|FNTSTL 16777215 0
T 265 40 10 0 8 GND
Q 15 0 0
|FNTSTL 16777215 0
T 150 300 10 0 6 BGA64 BPI FLASH MEMORY
T 150 290 10 0 6 S29GL, M29EW COMPATIBLE
b 30 20 270 430
P 31 0 170 30 170 0 2 0
L 35 170 10 0 2 0 1 0 A24
A 20 170 10 0 9 3 #=F8
A 10 170 10 0 3 0 PINTYPE=IN
P 32 0 180 30 180 0 2 0
L 35 180 10 0 2 0 1 0 A23
A 20 180 10 0 9 3 #=C8
A 10 180 10 0 3 0 PINTYPE=IN
P 33 0 190 30 190 0 2 0
L 35 190 10 0 2 0 1 0 A22
A 20 190 10 0 9 3 #=B8
A 10 190 10 0 3 0 PINTYPE=IN
P 34 0 200 30 200 0 2 0
L 35 200 10 0 2 0 1 0 A21
A 20 200 10 0 9 3 #=C5
A 10 200 10 0 3 0 PINTYPE=IN
P 35 0 210 30 210 0 2 0
L 35 210 10 0 2 0 1 0 A20
A 20 210 10 0 9 3 #=D4
A 10 210 10 0 3 0 PINTYPE=IN
P 36 0 220 30 220 0 2 0
L 35 220 10 0 2 0 1 0 A19
A 20 220 10 0 9 3 #=D5
A 10 220 10 0 3 0 PINTYPE=IN
P 37 0 230 30 230 0 2 0
L 35 230 10 0 2 0 1 0 A18
A 20 230 10 0 9 3 #=C4
A 10 230 10 0 3 0 PINTYPE=IN
P 38 0 240 30 240 0 2 0
L 35 240 10 0 2 0 1 0 A17
A 20 240 10 0 9 3 #=B3
A 10 240 10 0 3 0 PINTYPE=IN
P 39 0 250 30 250 0 2 0
L 35 250 10 0 2 0 1 0 A16
A 20 250 10 0 9 3 #=E7
A 10 250 10 0 3 0 PINTYPE=IN
P 40 0 260 30 260 0 2 0
L 35 260 10 0 2 0 1 0 A15
A 20 260 10 0 9 3 #=D7
A 10 260 10 0 3 0 PINTYPE=IN
P 41 0 270 30 270 0 2 0
L 35 270 10 0 2 0 1 0 A14
A 20 270 10 0 9 3 #=C7
A 10 270 10 0 3 0 PINTYPE=IN
P 42 0 280 30 280 0 2 0
L 35 280 10 0 2 0 1 0 A13
A 20 280 10 0 9 3 #=A7
A 10 280 10 0 3 0 PINTYPE=IN
P 43 0 290 30 290 0 2 0
L 35 290 10 0 2 0 1 0 A12
A 20 290 10 0 9 3 #=B7
A 10 290 10 0 3 0 PINTYPE=IN
P 44 0 300 30 300 0 2 0
L 35 300 10 0 2 0 1 0 A11
A 20 300 10 0 9 3 #=D6
A 10 300 10 0 3 0 PINTYPE=IN
P 45 0 310 30 310 0 2 0
L 35 310 10 0 2 0 1 0 A10
A 20 310 10 0 9 3 #=C6
A 10 310 10 0 3 0 PINTYPE=IN
P 46 0 320 30 320 0 2 0
L 35 320 10 0 2 0 1 0 A9
A 20 320 10 0 9 3 #=A6
A 10 320 10 0 3 0 PINTYPE=IN
P 47 0 330 30 330 0 2 0
L 35 330 10 0 2 0 1 0 A8
A 20 330 10 0 9 3 #=B6
A 10 330 10 0 3 0 PINTYPE=IN
P 48 0 340 30 340 0 2 0
L 35 340 10 0 2 0 1 0 A7
A 20 340 10 0 9 3 #=A3
A 10 340 10 0 3 0 PINTYPE=IN
P 49 0 350 30 350 0 2 0
L 35 350 10 0 2 0 1 0 A6
A 20 350 10 0 9 3 #=C3
A 10 350 10 0 3 0 PINTYPE=IN
P 50 0 360 30 360 0 2 0
L 35 360 10 0 2 0 1 0 A5
A 20 360 10 0 9 3 #=D3
A 10 360 10 0 3 0 PINTYPE=IN
P 51 0 370 30 370 0 2 0
L 35 370 10 0 2 0 1 0 A4
A 20 370 10 0 9 3 #=B2
A 10 370 10 0 3 0 PINTYPE=IN
P 52 0 380 30 380 0 2 0
L 35 380 10 0 2 0 1 0 A3
A 20 380 10 0 9 3 #=A2
A 10 380 10 0 3 0 PINTYPE=IN
P 53 0 390 30 390 0 2 0
L 35 390 10 0 2 0 1 0 A2
A 20 390 10 0 9 3 #=C2
A 10 390 10 0 3 0 PINTYPE=IN
P 54 0 400 30 400 0 2 0
L 35 400 10 0 2 0 1 0 A1
A 20 400 10 0 9 3 #=D2
A 10 400 10 0 3 0 PINTYPE=IN
P 62 300 190 270 190 0 3 0
L 265 190 10 0 8 0 1 0 DQ15_A_1
A 280 190 10 0 3 3 #=G7
A 290 190 10 0 9 0 PINTYPE=IN
P 63 300 200 270 200 0 3 0
L 265 200 10 0 8 0 1 0 DQ14
A 280 200 10 0 3 3 #=F6
A 290 200 10 0 9 0 PINTYPE=IN
P 64 300 210 270 210 0 3 0
L 265 210 10 0 8 0 1 0 DQ13
A 280 210 10 0 3 3 #=G6
A 290 210 10 0 9 0 PINTYPE=IN
P 65 300 220 270 220 0 3 0
L 265 220 10 0 8 0 1 0 DQ12
A 280 220 10 0 3 3 #=F5
A 290 220 10 0 9 0 PINTYPE=IN
P 66 300 230 270 230 0 3 0
L 265 230 10 0 8 0 1 0 DQ11
A 280 230 10 0 3 3 #=G4
A 290 230 10 0 9 0 PINTYPE=IN
P 67 300 240 270 240 0 3 0
L 265 240 10 0 8 0 1 0 DQ10
A 280 240 10 0 3 3 #=F4
A 290 240 10 0 9 0 PINTYPE=IN
P 68 300 250 270 250 0 3 0
L 265 250 10 0 8 0 1 0 DQ9
A 280 250 10 0 3 3 #=G3
A 290 250 10 0 9 0 PINTYPE=IN
P 69 300 260 270 260 0 3 0
L 265 260 10 0 8 0 1 0 DQ8
A 280 260 10 0 3 3 #=F3
A 290 260 10 0 9 0 PINTYPE=IN
P 70 300 270 270 270 0 3 0
L 265 270 10 0 8 0 1 0 DQ7
A 280 270 10 0 3 3 #=E6
A 290 270 10 0 9 0 PINTYPE=IN
P 71 300 280 270 280 0 3 0
L 265 280 10 0 8 0 1 0 DQ6
A 280 280 10 0 3 3 #=H6
A 290 280 10 0 9 0 PINTYPE=IN
P 72 300 290 270 290 0 3 0
L 265 290 10 0 8 0 1 0 DQ5
A 280 290 10 0 3 3 #=E5
A 290 290 10 0 9 0 PINTYPE=IN
P 73 300 300 270 300 0 3 0
L 265 300 10 0 8 0 1 0 DQ4
A 280 300 10 0 3 3 #=H5
A 290 300 10 0 9 0 PINTYPE=IN
P 74 300 310 270 310 0 3 0
L 265 310 10 0 8 0 1 0 DQ3
A 280 310 10 0 3 3 #=H4
A 290 310 10 0 9 0 PINTYPE=IN
P 75 300 320 270 320 0 3 0
L 265 320 10 0 8 0 1 0 DQ2
A 280 320 10 0 3 3 #=E4
A 290 320 10 0 9 0 PINTYPE=IN
P 76 300 330 270 330 0 3 0
L 265 330 10 0 8 0 1 0 DQ1
A 280 330 10 0 3 3 #=H3
A 290 330 10 0 9 0 PINTYPE=IN
P 77 300 340 270 340 0 3 0
L 265 340 10 0 8 0 1 0 DQ0
A 280 340 10 0 3 3 #=E3
A 290 340 10 0 9 0 PINTYPE=IN
P 80 0 70 30 70 0 2 0
L 35 70 10 0 2 0 1 0 OE_B
A 20 70 10 0 9 3 #=G2
A 10 70 10 0 3 0 PINTYPE=IN
P 81 0 60 30 60 0 2 0
L 35 60 10 0 2 0 1 0 WE_B
A 20 60 10 0 9 3 #=A5
A 10 60 10 0 3 0 PINTYPE=IN
P 89 0 40 30 40 0 2 0
L 35 40 10 0 2 0 1 0 RESET_B
A 20 40 10 0 9 3 #=B5
A 10 40 10 0 3 0 PINTYPE=IN
P 90 300 150 270 150 0 3 0
L 265 150 10 0 8 0 0 0 RFU1
A 280 150 10 0 3 3 #=H8
A 290 150 10 0 9 0 PINTYPE=IN
P 95 300 160 270 160 0 3 0
L 265 160 10 0 8 0 0 0 RFU0
A 280 160 10 0 3 3 #=A8
A 290 160 10 0 9 0 PINTYPE=IN
P 96 300 140 270 140 0 3 0
L 265 140 10 0 8 0 0 0 RFU2
A 280 140 10 0 3 3 #=A1
A 290 140 10 0 9 0 PINTYPE=IN
P 98 300 130 270 130 0 3 0
L 265 130 10 0 8 0 0 0 RFU4
A 280 130 10 0 3 3 #=C1
A 290 130 10 0 9 0 PINTYPE=IN
P 100 300 120 270 120 0 3 0
L 265 150 10 0 8 0 0 0 RFU5
A 280 120 10 0 3 3 #=D1
A 290 150 10 0 9 0 PINTYPE=IN
P 101 300 110 270 110 0 3 0
L 265 130 10 0 8 0 0 0 RFU6
A 280 110 10 0 3 3 #=E1
A 290 130 10 0 9 0 PINTYPE=IN
P 104 0 410 30 410 0 2 0
L 35 410 10 0 2 0 1 0 A0
A 20 410 10 0 9 3 #=E2
A 10 410 10 0 3 0 PINTYPE=IN
P 107 0 100 30 100 0 2 0
L 35 100 10 0 2 0 1 0 BYTE_B
A 20 100 10 0 9 3 #=F7
A 10 100 10 0 3 0 PINTYPE=IN
P 108 0 160 30 160 0 2 0
L 35 160 10 0 2 0 1 0 A25
A 20 160 10 0 9 3 #=G8
A 10 160 10 0 3 0 PINTYPE=IN
P 109 300 100 270 100 0 3 0
L 265 110 10 0 8 0 0 0 RFU7
A 280 100 10 0 3 3 #=G1
A 290 110 10 0 9 0 PINTYPE=IN
P 110 300 90 270 90 0 3 0
L 265 90 10 0 8 0 0 0 RFU8
A 280 90 10 0 3 3 #=H1
A 290 90 10 0 9 0 PINTYPE=IN
P 113 0 150 30 150 0 2 0
L 35 150 10 0 2 0 1 0 A26
A 0 150 10 0 3 0 PINTYPE=IN
A 20 150 10 0 9 3 #=B1
P 114 0 120 30 120 0 2 0
L 35 120 10 0 2 0 1 0 VPP_WP_B
A 0 120 10 0 3 0 PINTYPE=IN
A 20 120 10 0 9 3 #=B4
P 115 0 110 30 110 0 2 0
L 35 110 10 0 2 0 1 0 RY_BY_B
A 0 110 10 0 3 0 PINTYPE=IN
A 20 110 10 0 9 3 #=A4
P 116 0 80 30 80 0 2 0
L 35 80 10 0 2 0 1 0 CE_B
A 0 80 10 0 3 0 PINTYPE=IN
A 20 80 10 0 9 3 #=F2
P 117 300 410 270 410 0 3 0
L 280 410 10 0 3 0 0 0 VIO2
A 300 410 10 0 9 0 PINTYPE=IN
A 280 410 10 0 3 3 #=F1
P 118 300 400 270 400 0 3 0
L 280 400 10 0 3 0 0 0 VIO1
A 300 400 10 0 9 0 PINTYPE=IN
A 280 400 10 0 3 3 #=D8
P 119 300 380 270 380 0 3 0
L 265 380 10 0 8 0 1 0 VCC
A 300 380 10 0 9 0 PINTYPE=IN
A 280 380 10 0 3 3 #=G5
P 120 300 60 270 60 0 3 0
L 280 60 10 0 3 0 0 0 GND1
A 300 60 10 0 9 0 PINTYPE=IN
A 280 60 10 0 3 3 #=H2
P 121 300 50 270 50 0 3 0
L 285 50 10 0 3 0 0 0 GND2
A 300 50 10 0 9 0 PINTYPE=IN
A 280 50 10 0 3 3 #=H7
P 122 300 40 270 40 0 3 0
L 285 40 10 0 3 0 0 0 GND3
A 300 40 10 0 9 0 PINTYPE=IN
A 280 40 10 0 3 3 #=E8
E 
