V 54
K 1370991986 bsheetl_1.1
F Case
|R 16:06:26_6-11-13
D 0 254000 254000 0
Y 3
Z 5
i 1
U 40386000 2286000 254000 0 3 3 VERSION=A
U 40386000 1778000 254000 0 3 3 REVISION=01
U 40386000 889000 254000 0 3 3 DRAWN_BY=XX
U 33020000 2286000 254000 0 3 3 @DATETIME=6-6-2013_17:07
U 40005000 3302000 254000 0 3 3 PCB_PN=PCB P/N:  128XXXX
U 40005000 2794000 254000 0 3 3 TEST_PN=TEST P/N: TSS0XXX
U 40005000 3048000 254000 0 3 3 SCH_PN=SCH P/N:  038XXXX
U 40005000 3556000 254000 0 3 3 ASSY_PN=ASSY P/N: 043XXXX
U 36830000 889000 508000 0 3 3 @SHEETTOTAL=1
U 33909000 889000 508000 0 3 3 @PRINTORDER=
U 33147000 3556000 254000 0 3 3 @SHEET=1
U 33147000 3302000 254000 0 3 3 TITLE_2=SCHEM, ROHS COMPLIANT
U 33147000 3048000 254000 0 3 3 @NAME=BSHEETL_1
U 0 0 254000 0 1 0 FORWARD_PCB=0
l 2 32004000 635000 32004000 1651000 
l 2 38354000 1524000 38354000 1524000 
T 42799000 2540000 254000 0 3 A
T 42799000 10287000 254000 0 3 B
T 42799000 17272000 254000 0 3 C
T 42799000 24257000 254000 0 3 D
T 37719000 27559000 254000 0 3 1
T 26924000 27559000 254000 0 3 2
T 16129000 27559000 254000 0 3 3
T 5334000 27559000 254000 0 3 4
T 127000 24257000 254000 0 3 D
T 127000 17272000 254000 0 3 C
T 127000 10287000 254000 0 3 B
T 127000 3302000 254000 0 3 A
T 5334000 127000 254000 0 3 4
T 16129000 127000 254000 0 3 3
T 26924000 127000 254000 0 3 2
T 37719000 127000 254000 0 3 1
l 2 42545000 27305000 635000 27305000 
l 2 10795000 635000 10795000 0 
l 2 21564600 635000 21564600 0 
l 2 635000 20955000 0 20955000 
l 2 635000 13970000 0 13970000 
l 2 635000 6985000 0 6985000 
l 2 32359600 27940000 32359600 27305000 
l 2 21564600 27940000 21564600 27305000 
l 2 10795000 27940000 10795000 27305000 
l 2 43180000 6985000 42545000 6985000 
l 2 43180000 13970000 42545000 13970000 
l 2 43180000 20955000 42545000 20955000 
l 2 42545000 2159000 32004000 2159000 
l 2 42545000 1651000 32004000 1651000 
l 2 38354000 1651000 38354000 2667000 
l 2 38354000 635000 38354000 1651000 
l 3 42545000 5207000 32004000 5207000 32004000 1651000 
l 2 635000 635000 635000 27305000 
l 2 42545000 2667000 32004000 2667000 
l 2 42545000 635000 635000 635000 
T 32131000 1778000 254000 0 3 SHEET SIZE: B
T 32131000 1270000 254000 0 3 SHEET
T 35433000 1270000 254000 0 3 OF
T 38481000 2286000 254000 0 3 VER:
T 38481000 1778000 254000 0 3 REV:
l 2 42545000 2667000 37465000 2667000 
T 38481000 1270000 254000 0 3 DRAWN BY:
l 2 42545000 635000 42545000 27305000 
l 2 32359600 635000 32359600 0 
l 2 42545000 3937000 32004000 3937000 
T 32131000 3556000 254000 0 3 TITLE:
T 32131000 2286000 254000 0 3 DATE:
l 5 35188600 5075000 34960000 4795600 35188600 5075000 35976000 5075000 35722000 4821000 
Q 12 0 0
|GRPHSTL 16711680 0 0 1
l 2 35721000 4820000 35503500 5035000 
Q 12 0 0
|GRPHSTL 16711680 0 0 1
l 3 34960000 4795600 35163200 4567000 34960000 4313000 
Q 12 0 0
|GRPHSTL 16711680 0 0 1
l 2 36382400 5075000 36668500 4570000 
|GRPHSTL 8685188 0 0 1
l 2 36534800 5075000 36746000 4707500 
|GRPHSTL 8685188 0 0 1
l 2 36751000 4710000 36966600 5075000 
|GRPHSTL 8685188 0 0 1
l 2 36382400 5075000 36534800 5075000 
|GRPHSTL 8685188 0 0 1
l 4 37119000 5075000 36966600 5075000 37119000 5075000 36831000 4572500 
|GRPHSTL 8685188 0 0 1
l 3 36828500 4567500 37144400 4033600 36992000 4033600 
|GRPHSTL 8685188 0 0 1
l 4 36992000 4033600 36751000 4435000 36533500 4032500 36368500 4032500 
|GRPHSTL 8685188 0 0 1
l 2 36366000 4032500 36668500 4567500 
|GRPHSTL 8685188 0 0 1
l 8 35503500 5035000 35315600 4795600 35518800 4567000 35315600 4313000 35518800 4059000 35722000 4313000 35976000 4033600 35188600 4033600 
Q 12 0 0
|GRPHSTL 16711680 0 0 1
l 2 35188600 4033600 34960000 4313000 
Q 12 0 0
|GRPHSTL 16711680 0 0 1
l 2 37220600 5075000 37322200 5075000 
|GRPHSTL 8685188 0 0 1
l 2 37220600 5075000 37220600 4033600 
|GRPHSTL 8685188 0 0 1
l 2 37220600 4033600 37322200 4033600 
|GRPHSTL 8685188 0 0 1
l 2 37322200 5075000 37322200 4033600 
|GRPHSTL 8685188 0 0 1
l 3 38439800 5075000 38439800 4033600 38566800 4033600 
|GRPHSTL 8685188 0 0 1
l 2 38439800 5075000 38566800 5075000 
|GRPHSTL 8685188 0 0 1
l 2 38566800 5075000 39074800 4287600 
|GRPHSTL 8685188 0 0 1
l 2 39074800 4287600 39074800 5075000 
|GRPHSTL 8685188 0 0 1
l 2 39074800 5075000 39201800 5075000 
|GRPHSTL 8685188 0 0 1
l 5 39201800 5075000 39201800 4033600 39074800 4033600 38566800 4821000 38566800 4033600 
|GRPHSTL 8685188 0 0 1
l 2 38185800 5075000 38287400 5075000 
|GRPHSTL 8685188 0 0 1
l 2 38185800 5075000 38185800 4033600 
|GRPHSTL 8685188 0 0 1
l 2 38185800 4033600 38287400 4033600 
|GRPHSTL 8685188 0 0 1
l 2 38287400 5075000 38287400 4033600 
|GRPHSTL 8685188 0 0 1
l 4 37601600 5075000 37500000 5075000 37500000 4033600 38033400 4033600 
|GRPHSTL 8685188 0 0 1
l 4 38033400 4033600 38033500 4145000 37603500 4145000 37601600 5075000 
|GRPHSTL 8685188 0 0 1
l 2 35315600 4795600 34960000 4795600 
Q 12 0 0
|GRPHSTL 16711680 0 0 1
l 2 35315600 4313000 34960000 4313000 
Q 12 0 0
|GRPHSTL 16711680 0 0 1
l 2 35283500 4312500 35506000 4035000 
Q 12 0 0
|GRPHSTL 16711680 0 0 1
l 2 35661000 4235000 35838800 4034700 
Q 12 0 0
|GRPHSTL 16711680 0 0 1
l 2 35673500 4252500 35868500 4035000 
Q 12 0 0
|GRPHSTL 16711680 0 0 1
l 2 35688500 4267500 35896000 4035000 
Q 12 0 0
|GRPHSTL 16711680 0 0 1
l 2 35701000 4280000 35925200 4033600 
Q 12 0 0
|GRPHSTL 16711680 0 0 1
l 2 35713500 4295000 35950600 4033600 
Q 12 0 0
|GRPHSTL 16711680 0 0 1
l 2 35648500 4217500 35811000 4035000 
Q 12 0 0
|GRPHSTL 16711680 0 0 1
l 2 35633500 4200000 35783500 4035000 
Q 12 0 0
|GRPHSTL 16711680 0 0 1
l 2 35621000 4182500 35753500 4037500 
Q 12 0 0
|GRPHSTL 16711680 0 0 1
l 2 35608500 4165000 35728500 4035000 
Q 12 0 0
|GRPHSTL 16711680 0 0 1
l 2 35593500 4147500 35698500 4035000 
Q 12 0 0
|GRPHSTL 16711680 0 0 1
l 2 35578500 4130000 35668500 4035000 
Q 12 0 0
|GRPHSTL 16711680 0 0 1
l 2 35563500 4112500 35638500 4035000 
Q 12 0 0
|GRPHSTL 16711680 0 0 1
l 2 35523500 4062500 35548500 4035000 
Q 12 0 0
|GRPHSTL 16711680 0 0 1
l 2 35538500 4077500 35578500 4035000 
Q 12 0 0
|GRPHSTL 16711680 0 0 1
l 2 35551000 4097500 35611000 4035000 
Q 12 0 0
|GRPHSTL 16711680 0 0 1
l 2 35253500 4312500 35476000 4035000 
Q 12 0 0
|GRPHSTL 16711680 0 0 1
l 2 35223500 4312500 35446000 4035000 
Q 12 0 0
|GRPHSTL 16711680 0 0 1
l 2 35193500 4312500 35416000 4035000 
Q 12 0 0
|GRPHSTL 16711680 0 0 1
l 2 35163500 4312500 35386000 4035000 
Q 12 0 0
|GRPHSTL 16711680 0 0 1
l 2 35133500 4312500 35356000 4035000 
Q 12 0 0
|GRPHSTL 16711680 0 0 1
l 2 35103500 4312500 35326000 4035000 
Q 12 0 0
|GRPHSTL 16711680 0 0 1
l 2 35071000 4315000 35293500 4037500 
Q 12 0 0
|GRPHSTL 16711680 0 0 1
l 2 35043500 4312500 35266000 4035000 
Q 12 0 0
|GRPHSTL 16711680 0 0 1
l 2 35013500 4312500 35236000 4035000 
Q 12 0 0
|GRPHSTL 16711680 0 0 1
l 2 34988500 4312500 35211000 4035000 
Q 12 0 0
|GRPHSTL 16711680 0 0 1
l 2 35191000 4567500 34991000 4315000 
Q 12 0 0
|GRPHSTL 16711680 0 0 1
l 2 35216000 4565000 35021000 4315000 
Q 12 0 0
|GRPHSTL 16711680 0 0 1
l 2 35246000 4565000 35051000 4315000 
Q 12 0 0
|GRPHSTL 16711680 0 0 1
l 2 35276000 4565000 35081000 4315000 
Q 12 0 0
|GRPHSTL 16711680 0 0 1
l 2 35303500 4565000 35111000 4315000 
Q 12 0 0
|GRPHSTL 16711680 0 0 1
l 2 35336000 4565000 35141000 4315000 
Q 12 0 0
|GRPHSTL 16711680 0 0 1
l 2 35363500 4562500 35171000 4315000 
Q 12 0 0
|GRPHSTL 16711680 0 0 1
l 2 35393500 4565000 35203500 4317500 
Q 12 0 0
|GRPHSTL 16711680 0 0 1
l 2 35423500 4565000 35231000 4315000 
Q 12 0 0
|GRPHSTL 16711680 0 0 1
l 2 35453500 4562500 35261000 4315000 
Q 12 0 0
|GRPHSTL 16711680 0 0 1
l 2 35483500 4565000 35286000 4315000 
Q 12 0 0
|GRPHSTL 16711680 0 0 1
l 2 35188500 4567500 34996000 4792500 
Q 12 0 0
|GRPHSTL 16711680 0 0 1
l 2 35216000 4565000 35026000 4792500 
Q 12 0 0
|GRPHSTL 16711680 0 0 1
l 2 35243500 4567500 35056000 4792500 
Q 12 0 0
|GRPHSTL 16711680 0 0 1
l 2 35276000 4565000 35086000 4792500 
Q 12 0 0
|GRPHSTL 16711680 0 0 1
l 2 35303500 4567500 35116000 4792500 
Q 12 0 0
|GRPHSTL 16711680 0 0 1
l 2 35338500 4567500 35146000 4792500 
Q 12 0 0
|GRPHSTL 16711680 0 0 1
l 2 35366000 4567500 35176000 4792500 
Q 12 0 0
|GRPHSTL 16711680 0 0 1
l 2 35396000 4567500 35208500 4790000 
Q 12 0 0
|GRPHSTL 16711680 0 0 1
l 2 35423500 4570000 35236000 4792500 
Q 12 0 0
|GRPHSTL 16711680 0 0 1
l 2 35456000 4570000 35266000 4792500 
Q 12 0 0
|GRPHSTL 16711680 0 0 1
l 2 35488500 4567500 35291000 4792500 
Q 12 0 0
|GRPHSTL 16711680 0 0 1
l 2 35213500 5072500 34998500 4797500 
Q 12 0 0
|GRPHSTL 16711680 0 0 1
l 2 35243500 5072500 35028500 4797500 
Q 12 0 0
|GRPHSTL 16711680 0 0 1
l 2 35273500 5075000 35058500 4797500 
Q 12 0 0
|GRPHSTL 16711680 0 0 1
l 2 35303500 5072500 35088500 4797500 
Q 12 0 0
|GRPHSTL 16711680 0 0 1
l 2 35331000 5072500 35118500 4797500 
Q 12 0 0
|GRPHSTL 16711680 0 0 1
l 2 35363500 5075000 35148500 4797500 
Q 12 0 0
|GRPHSTL 16711680 0 0 1
l 2 35391000 5072500 35178500 4797500 
Q 12 0 0
|GRPHSTL 16711680 0 0 1
l 2 35418500 5072500 35211000 4800000 
Q 12 0 0
|GRPHSTL 16711680 0 0 1
l 2 35448500 5072500 35238500 4797500 
Q 12 0 0
|GRPHSTL 16711680 0 0 1
l 2 35481000 5075000 35268500 4797500 
Q 12 0 0
|GRPHSTL 16711680 0 0 1
l 2 35506000 5072500 35293500 4797500 
Q 12 0 0
|GRPHSTL 16711680 0 0 1
l 2 35941000 5075000 35703500 4840000 
Q 12 0 0
|GRPHSTL 16711680 0 0 1
l 2 35903500 5075000 35683500 4857500 
Q 12 0 0
|GRPHSTL 16711680 0 0 1
l 2 35861000 5072500 35666000 4880000 
Q 12 0 0
|GRPHSTL 16711680 0 0 1
l 2 35828500 5075000 35646000 4897500 
Q 12 0 0
|GRPHSTL 16711680 0 0 1
l 2 35791000 5075000 35628500 4915000 
Q 12 0 0
|GRPHSTL 16711680 0 0 1
l 2 35758500 5075000 35613500 4932500 
Q 12 0 0
|GRPHSTL 16711680 0 0 1
l 2 35723500 5075000 35596000 4947500 
Q 12 0 0
|GRPHSTL 16711680 0 0 1
l 2 35688500 5075000 35578500 4965000 
Q 12 0 0
|GRPHSTL 16711680 0 0 1
l 2 35653500 5075000 35558500 4982500 
Q 12 0 0
|GRPHSTL 16711680 0 0 1
l 2 35618500 5075000 35541000 5000000 
Q 12 0 0
|GRPHSTL 16711680 0 0 1
l 2 35578500 5075000 35523500 5020000 
Q 12 0 0
|GRPHSTL 16711680 0 0 1
l 2 35543500 5075000 35508500 5035000 
Q 12 0 0
|GRPHSTL 16711680 0 0 1
l 2 36408500 5072500 37021000 4035000 
|GRPHSTL 8685188 0 0 1
l 2 36438500 5072500 37051000 4035000 
|GRPHSTL 8685188 0 0 1
l 2 36468500 5072500 37081000 4035000 
|GRPHSTL 8685188 0 0 1
l 2 36498500 5072500 37111000 4035000 
|GRPHSTL 8685188 0 0 1
l 2 36393500 4032500 36991000 5072500 
|GRPHSTL 8685188 0 0 1
l 2 36426000 4032500 37023500 5072500 
|GRPHSTL 8685188 0 0 1
l 2 36456000 4032500 37053500 5072500 
|GRPHSTL 8685188 0 0 1
l 2 36491000 4032500 37088500 5072500 
|GRPHSTL 8685188 0 0 1
l 2 37243500 5075000 37243500 4035000 
|GRPHSTL 8685188 0 0 1
l 2 37271000 5075000 37271000 4035000 
|GRPHSTL 8685188 0 0 1
l 2 37298500 5075000 37298500 4035000 
|GRPHSTL 8685188 0 0 1
l 2 37523500 5075000 37523500 4035000 
|GRPHSTL 8685188 0 0 1
l 2 37551000 5075000 37551000 4035000 
|GRPHSTL 8685188 0 0 1
l 2 37578500 5075000 37578500 4035000 
|GRPHSTL 8685188 0 0 1
l 2 38208500 5075000 38208500 4035000 
|GRPHSTL 8685188 0 0 1
l 2 38236000 5075000 38236000 4035000 
|GRPHSTL 8685188 0 0 1
l 2 38263500 5075000 38263500 4035000 
|GRPHSTL 8685188 0 0 1
l 2 38463500 5072500 38463500 4032500 
|GRPHSTL 8685188 0 0 1
l 2 38491000 5072500 38491000 4032500 
|GRPHSTL 8685188 0 0 1
l 2 38518500 5072500 38518500 4032500 
|GRPHSTL 8685188 0 0 1
l 2 39101000 5075000 39101000 4035000 
|GRPHSTL 8685188 0 0 1
l 2 39128500 5075000 39128500 4035000 
|GRPHSTL 8685188 0 0 1
l 2 39156000 5075000 39156000 4035000 
|GRPHSTL 8685188 0 0 1
l 2 37581000 4117500 38031000 4117500 
|GRPHSTL 8685188 0 0 1
l 2 37581000 4090000 38031000 4090000 
|GRPHSTL 8685188 0 0 1
l 2 37581000 4062500 38031000 4062500 
|GRPHSTL 8685188 0 0 1
l 2 38543500 5072500 38543500 4032500 
|GRPHSTL 8685188 0 0 1
l 2 38543500 4910000 39101000 4040000 
|GRPHSTL 8685188 0 0 1
l 2 38543500 4960000 39101000 4090000 
|GRPHSTL 8685188 0 0 1
l 2 38543500 5017500 39101000 4147500 
|GRPHSTL 8685188 0 0 1
l 2 38543500 5062500 39101000 4192500 
|GRPHSTL 8685188 0 0 1
l 2 39178500 5077500 39178500 4037500 
|GRPHSTL 8685188 0 0 1
l 2 39312400 5075000 39598500 4570000 
|GRPHSTL 8685188 0 0 1
l 2 39464800 5075000 39676000 4707500 
|GRPHSTL 8685188 0 0 1
l 2 39681000 4710000 39896600 5075000 
|GRPHSTL 8685188 0 0 1
l 2 39312400 5075000 39464800 5075000 
|GRPHSTL 8685188 0 0 1
l 4 40049000 5075000 39896600 5075000 40049000 5075000 39761000 4572500 
|GRPHSTL 8685188 0 0 1
l 3 39758500 4567500 40074400 4033600 39922000 4033600 
|GRPHSTL 8685188 0 0 1
l 4 39922000 4033600 39681000 4435000 39463500 4032500 39298500 4032500 
|GRPHSTL 8685188 0 0 1
l 2 39296000 4032500 39598500 4567500 
|GRPHSTL 8685188 0 0 1
l 2 39338500 5072500 39951000 4035000 
|GRPHSTL 8685188 0 0 1
l 2 39368500 5072500 39981000 4035000 
|GRPHSTL 8685188 0 0 1
l 2 39398500 5072500 40011000 4035000 
|GRPHSTL 8685188 0 0 1
l 2 39428500 5072500 40041000 4035000 
|GRPHSTL 8685188 0 0 1
l 2 39323500 4032500 39921000 5072500 
|GRPHSTL 8685188 0 0 1
l 2 39356000 4032500 39953500 5072500 
|GRPHSTL 8685188 0 0 1
l 2 39386000 4032500 39983500 5072500 
|GRPHSTL 8685188 0 0 1
l 2 39421000 4032500 40018500 5072500 
|GRPHSTL 8685188 0 0 1
E 
