V 51
K 123119410300 bsheetl
|R 0:07_6-7-13
Y 3
D 0 0 10 10
Z 10
i 0
U 1590 90 10 0 3 3 VERSION=A
U 1590 70 10 0 3 3 REVISION=01
U 1590 35 10 0 3 3 DRAWN_BY=XX
U 1300 90 10 0 3 3 @DATETIME=6-6-2013_17:07
U 1575 130 10 0 3 3 PCB_PN=PCB P/N:  128XXXX
U 1575 110 10 0 3 3 TEST_PN=TEST P/N: TSS0XXX
U 1575 120 10 0 3 3 SCH_PN=SCH P/N:  038XXXX
U 1575 140 10 0 3 3 ASSY_PN=ASSY P/N: 043XXXX
U 1450 35 20 0 3 3 @SHEETTOTAL=1
U 1335 35 20 0 3 3 @PRINTORDER
l 2 1260 25 1260 65
l 2 1510 60 1510 60
l 5 1418 163 1421 160 1435 160 1425 170 1415 160
Q 4 0 0
l 2 1542 195 1526 165
Q 7 0 0
l 2 1544 165 1528 195
Q 7 0 0
l 2 1543 165 1527 195
Q 7 0 0
l 2 1434 160 1425 169
Q 4 0 0
l 2 1424 169 1433 160
Q 4 0 0
l 2 1432 160 1424 168
Q 4 0 0
l 2 1423 168 1431 160
Q 4 0 0
l 2 1430 160 1423 167
Q 4 0 0
l 2 1422 167 1429 160
Q 4 0 0
l 2 1428 160 1422 166
Q 4 0 0
l 2 1421 166 1427 160
Q 4 0 0
l 2 1426 160 1421 165
Q 4 0 0
l 2 1420 165 1425 160
Q 4 0 0
l 2 1424 160 1420 164
Q 4 0 0
l 2 1419 164 1423 160
Q 4 0 0
l 2 1422 160 1419 163
Q 4 0 0
l 2 1456 195 1439 165
Q 7 0 0
l 2 1488 165 1473 165
Q 7 0 0
l 2 1488 165 1473 165
Q 7 0 0
l 2 1542 165 1526 195
Q 7 0 0
l 2 1492 165 1492 195
Q 7 0 0
l 2 1493 165 1493 195
Q 7 0 0
l 2 1520 165 1503 195
Q 7 0 0
l 2 1519 165 1502 195
Q 7 0 0
l 2 1494 165 1494 195
Q 7 0 0
l 2 1495 165 1495 195
Q 7 0 0
l 2 1518 165 1501 195
Q 7 0 0
l 2 1517 165 1500 195
Q 7 0 0
l 2 1466 165 1466 195
Q 7 0 0
l 2 1464 165 1464 195
Q 7 0 0
l 2 1499 165 1499 195
Q 7 0 0
l 2 1500 165 1500 195
Q 7 0 0
l 2 1456 165 1439 195
Q 7 0 0
l 2 1457 165 1440 195
Q 7 0 0
l 2 1518 165 1501 195
Q 7 0 0
l 2 1459 165 1442 195
Q 7 0 0
l 2 1465 165 1465 195
Q 7 0 0
l 2 1463 165 1463 195
Q 7 0 0
l 2 1494 165 1494 195
Q 7 0 0
l 2 1520 165 1520 195
Q 7 0 0
l 2 1457 195 1440 165
Q 7 0 0
l 2 1458 165 1441 195
Q 7 0 0
l 2 1541 195 1525 165
Q 7 0 0
l 2 1541 165 1525 195
Q 7 0 0
l 2 1464 165 1464 195
Q 7 0 0
l 2 1520 165 1520 195
Q 7 0 0
l 2 1521 165 1521 195
Q 7 0 0
l 2 1488 166 1473 166
Q 7 0 0
l 2 1470 165 1470 195
Q 7 0 0
l 2 1471 165 1471 195
Q 7 0 0
l 2 1471 165 1471 195
Q 7 0 0
l 2 1472 165 1472 195
Q 7 0 0
l 2 1473 165 1473 195
Q 7 0 0
l 2 1401 160 1391 170
Q 4 0 0
l 2 1401 180 1391 190
Q 4 0 0
l 2 1415 180 1405 190
Q 4 0 0
l 2 1391 170 1401 180
Q 12 0 0
l 2 1419 197 1422 200
Q 12 0 0
l 2 1419 196 1423 200
Q 12 0 0
l 2 1420 196 1424 200
Q 12 0 0
l 2 1420 195 1425 200
Q 12 0 0
l 2 1421 195 1426 200
Q 12 0 0
l 2 1421 194 1427 200
Q 12 0 0
l 2 1422 194 1428 200
Q 12 0 0
l 2 1403 160 1393 170
Q 4 0 0
l 2 1404 160 1394 170
Q 4 0 0
l 2 1405 160 1395 170
Q 4 0 0
l 2 1406 160 1396 170
Q 4 0 0
l 2 1401 160 1391 170
Q 4 0 0
l 2 1402 160 1392 170
Q 4 0 0
l 2 1410 160 1400 170
Q 4 0 0
l 2 1411 160 1401 170
Q 4 0 0
l 2 1412 180 1402 190
Q 4 0 0
l 2 1411 180 1401 190
Q 4 0 0
l 2 1410 180 1400 190
Q 4 0 0
l 2 1409 180 1399 190
Q 4 0 0
l 2 1408 180 1398 190
Q 4 0 0
l 2 1407 180 1397 190
Q 4 0 0
l 2 1402 180 1392 190
Q 4 0 0
l 2 1401 180 1391 190
Q 4 0 0
l 2 1395 170 1405 180
Q 12 0 0
l 2 1394 170 1404 180
Q 12 0 0
l 2 1392 170 1402 180
Q 12 0 0
l 2 1393 170 1403 180
Q 12 0 0
l 2 1403 170 1413 180
Q 12 0 0
l 2 1402 170 1412 180
Q 12 0 0
l 2 1401 170 1411 180
Q 12 0 0
l 2 1400 170 1410 180
Q 12 0 0
l 2 1399 170 1409 180
Q 12 0 0
l 2 1398 170 1408 180
Q 12 0 0
l 2 1397 170 1407 180
Q 12 0 0
l 2 1396 170 1406 180
Q 12 0 0
l 2 1396 190 1406 200
Q 12 0 0
l 2 1397 190 1407 200
Q 12 0 0
l 2 1402 190 1412 200
Q 12 0 0
l 2 1394 190 1404 200
Q 12 0 0
l 2 1395 190 1405 200
Q 12 0 0
l 2 1391 170 1405 170
Q 12 0 0
l 2 1405 170 1415 180
Q 12 0 0
l 2 1391 170 1401 180
Q 12 0 0
l 2 1406 180 1396 190
Q 4 0 0
l 2 1405 180 1395 190
Q 4 0 0
l 2 1404 180 1394 190
Q 4 0 0
l 2 1403 180 1393 190
Q 4 0 0
l 2 1391 190 1405 190
Q 12 0 0
l 2 1407 160 1397 170
Q 4 0 0
l 2 1408 160 1398 170
Q 4 0 0
l 2 1409 160 1399 170
Q 4 0 0
l 2 1398 190 1408 200
Q 12 0 0
l 2 1399 190 1409 200
Q 12 0 0
l 2 1400 190 1410 200
Q 12 0 0
l 2 1401 190 1411 200
Q 12 0 0
l 2 1422 193 1429 200
Q 12 0 0
l 2 1423 193 1430 200
Q 12 0 0
l 2 1423 192 1431 200
Q 12 0 0
l 2 1424 191 1433 200
Q 12 0 0
l 2 1424 192 1432 200
Q 12 0 0
l 2 1425 191 1434 200
Q 12 0 0
l 4 1418 197 1421 200 1435 200 1425 190
Q 12 0 0
l 2 1392 190 1402 200
Q 12 0 0
l 2 1393 190 1403 200
Q 12 0 0
l 2 1391 190 1401 200
Q 12 0 0
l 2 1403 190 1413 200
Q 12 0 0
l 2 1404 190 1414 200
Q 12 0 0
l 2 1413 180 1403 190
Q 4 0 0
l 2 1415 180 1405 190
Q 4 0 0
l 2 1414 180 1404 190
Q 4 0 0
l 2 1401 200 1415 200
Q 12 0 0
l 2 1415 200 1425 190
Q 4 0 0
l 2 1401 200 1415 200
Q 12 0 0
l 2 1405 190 1415 200
Q 12 0 0
l 2 1405 170 1415 180
Q 12 0 0
l 2 1404 170 1414 180
Q 12 0 0
l 2 1415 160 1405 170
Q 4 0 0
l 2 1415 160 1405 170
Q 4 0 0
l 2 1413 160 1403 170
Q 4 0 0
l 2 1414 160 1404 170
Q 4 0 0
l 2 1412 160 1402 170
Q 4 0 0
l 2 1401 160 1415 160
Q 4 0 0
T 1685 100 10 0 3 A
T 1685 405 10 0 3 B
T 1685 680 10 0 3 C
T 1685 955 10 0 3 D
T 1485 1085 10 0 3 1
T 1060 1085 10 0 3 2
T 635 1085 10 0 3 3
T 210 1085 10 0 3 4
T 5 955 10 0 3 D
T 5 680 10 0 3 C
T 5 405 10 0 3 B
T 5 130 10 0 3 A
T 210 5 10 0 3 4
T 635 5 10 0 3 3
T 1060 5 10 0 3 2
T 1485 5 10 0 3 1
l 2 1675 1075 25 1075
l 2 425 25 425 0
l 2 849 25 849 0
l 2 25 825 0 825
l 2 25 550 0 550
l 2 25 275 0 275
l 2 1274 1100 1274 1075
l 2 849 1100 849 1075
l 2 425 1100 425 1075
l 2 1700 275 1675 275
l 2 1700 550 1675 550
l 2 1700 825 1675 825
l 2 1675 85 1260 85
l 2 1675 65 1260 65
l 2 1510 65 1510 105
l 2 1510 25 1510 65
l 3 1675 205 1260 205 1260 65
l 2 25 25 25 1075
l 2 1675 105 1260 105
l 2 1675 25 25 25
T 1265 70 10 0 3 SHEET SIZE: B
T 1265 50 10 0 3 SHEET
T 1395 50 10 0 3 OF
T 1515 90 10 0 3 VER:
T 1515 70 10 0 3 REV:
l 2 1675 105 1475 105
T 1515 50 10 0 3 DRAWN BY:
l 2 1675 25 1675 1075
l 2 1274 25 1274 0
l 2 1675 155 1260 155
T 1265 140 10 0 3 TITLE:
U 1305 140 10 0 3 3 @SHEET=1
T 1265 90 10 0 3 DATE:
U 1305 130 10 0 3 3 TITLE_2=SCHEM, ROHS COMPLIANT
U 1305 120 10 0 3 3 @NAME=BSHEETL_1
E
