V 53
K 1439418409 bth_120_boot_ctrl.1
F Case
|R 15:26:49_8-12-15
D 0 690 285 0
Y 1
Z 10
i 345
U 0 -60 10 0 3 0 MANF_P/N=BTH-060-01-L-D-A-K-TR
U 0 -40 10 0 3 0 VENDOR=SAMTEC
U 0 -20 10 0 3 0 DEVICE=SAMTEC_BTH_060
U -20 -185 10 0 3 0 LEVEL=STD
U -20 -205 10 0 3 0 PARTS=1
U 20 0 16 0 3 3 REFDES=J?
U 50 5 10 0 3 0 PKG_TYPE=SAMTEC_BTH-060-01-L-D-A
U 30 670 10 0 3 3 VALUE=SAMTEC_BTH_060
U 0 0 10 0 1 0 FORWARD_PCB=1
T 245 615 10 0 3 3V3
Q 15 0 0
|FNTSTL 16777215 0
T 245 625 10 0 3 3V3
Q 15 0 0
|FNTSTL 16777215 0
T 245 635 10 0 3 3V3
Q 15 0 0
|FNTSTL 16777215 0
T 260 35 10 0 9 GND
Q 15 0 0
|FNTSTL 16777215 0
T 25 635 10 0 3 5V0
Q 15 0 0
|FNTSTL 16777215 0
T 25 625 10 0 3 5V0
Q 15 0 0
|FNTSTL 16777215 0
T 25 615 10 0 3 5V0
Q 15 0 0
|FNTSTL 16777215 0
T 25 645 10 0 3 5V0
Q 15 0 0
|FNTSTL 16777215 0
T 245 645 10 0 3 3V3
Q 15 0 0
|FNTSTL 16777215 0
T 260 45 10 0 9 GND
Q 15 0 0
|FNTSTL 16777215 0
T 260 55 10 0 9 GND
Q 15 0 0
|FNTSTL 16777215 0
T 260 65 10 0 9 GND
Q 15 0 0
|FNTSTL 16777215 0
T 40 65 10 0 9 GND
Q 15 0 0
|FNTSTL 16777215 0
T 40 55 10 0 9 GND
Q 15 0 0
|FNTSTL 16777215 0
T 40 45 10 0 9 GND
Q 15 0 0
|FNTSTL 16777215 0
T 40 35 10 0 9 GND
Q 15 0 0
|FNTSTL 16777215 0
b 20 20 265 670
P 88 285 120 265 120 0 3 0
L 260 115 10 0 9 0 1 0 SERVICE_TCK
A 305 120 10 0 9 0 PINTYPE=OUT
A 285 120 10 0 9 3 #=106
P 89 285 130 265 130 0 3 0
L 260 125 10 0 9 0 1 0 REM_TDO
A 305 130 10 0 9 0 PINTYPE=OUT
A 285 130 10 0 9 3 #=104
P 90 285 310 265 310 0 3 0
L 260 305 10 0 9 0 1 0 REM_DUTP1
A 305 310 10 0 9 0 PINTYPE=IN
A 280 310 10 0 9 3 #=68
P 91 285 320 265 320 0 3 0
L 260 315 10 0 9 0 1 0 REM_PROG_B
A 305 320 10 0 9 0 PINTYPE=IN
A 280 320 10 0 9 3 #=66
P 92 285 270 265 270 0 3 0
L 260 265 10 0 9 0 1 0 REM_PS_POR_B
A 305 270 10 0 9 0 PINTYPE=IN
A 280 270 10 0 9 3 #=76
P 93 285 280 265 280 0 3 0
L 260 275 10 0 9 0 1 0 REM_INIT_B
A 305 280 10 0 9 0 PINTYPE=IN
A 280 280 10 0 9 3 #=74
P 111 0 130 20 130 0 2 0
L 25 125 10 0 3 0 1 0 SPARE_103
A -20 130 10 0 3 0 PINTYPE=BI
A 0 130 10 0 3 3 #=103
P 120 285 140 265 140 0 3 0
L 260 135 10 0 9 0 1 0 REM_TDI
A 305 140 10 0 9 0 PINTYPE=OUT
A 285 140 10 0 9 3 #=102
P 121 285 150 265 150 0 3 0
L 260 145 10 0 9 0 1 0 REM_TMS_N
A 305 150 10 0 9 0 PINTYPE=OUT
A 285 150 10 0 9 3 #=100
P 122 285 290 265 290 0 3 0
L 260 285 10 0 9 0 1 0 REM_DONE
A 305 290 10 0 9 0 PINTYPE=IN
A 280 290 10 0 9 3 #=72
P 123 285 300 265 300 0 3 0
L 260 295 10 0 9 0 1 0 REM_DUTP2
A 305 300 10 0 9 0 PINTYPE=IN
A 280 300 10 0 9 3 #=70
P 124 285 180 265 180 0 3 0
L 261 175 10 0 9 0 1 0 REM_TCK_P
A 305 180 10 0 9 0 PINTYPE=BI
A 280 180 10 0 9 3 #=94
P 125 285 190 265 190 0 3 0
L 260 185 10 0 9 0 1 0 SPARE_92
A 305 190 10 0 9 0 PINTYPE=BI
A 280 190 10 0 9 3 #=92
P 131 285 330 265 330 0 3 0
L 260 325 10 0 9 0 1 0 REM_DETECT_B
A 305 330 10 0 9 0 PINTYPE=IN
A 280 330 10 0 9 3 #=64
P 133 285 260 265 260 0 3 0
L 260 255 10 0 9 0 1 0 REM_PS_SRST_B
A 305 260 10 0 9 0 PINTYPE=IN
A 280 260 10 0 9 3 #=78
P 134 285 250 265 250 0 3 0
L 260 245 10 0 9 0 1 0 SPARE_80
A 305 250 10 0 9 0 PINTYPE=BI
A 280 250 10 0 9 3 #=80
P 136 0 170 20 170 0 2 0
L 25 165 10 0 3 0 1 0 RESERVE_8
A -20 170 10 0 3 0 PINTYPE=OUT
A 5 170 10 0 3 3 #=95
P 138 285 230 265 230 0 3 0
L 260 225 10 0 9 0 1 0 SPARE_84
A 305 230 10 0 9 0 PINTYPE=BI
A 280 230 10 0 9 3 #=84
P 139 285 210 265 210 0 3 0
L 260 205 10 0 9 0 1 0 SPARE_88
A 305 210 10 0 9 0 PINTYPE=BI
A 280 210 10 0 9 3 #=88
P 140 285 240 265 240 0 3 0
L 260 235 10 0 9 0 1 0 SPARE_82
A 305 240 10 0 9 0 PINTYPE=BI
A 280 240 10 0 9 3 #=82
P 143 0 270 20 270 0 2 0
L 25 265 10 0 3 0 1 0 ILLEGAL_MODE_LED
A -20 270 10 0 3 0 PINTYPE=BI
A 5 270 10 0 3 3 #=75
P 144 0 310 20 310 0 2 0
L 25 305 10 0 3 0 1 0 MODULE2_LED
A -20 310 10 0 3 0 PINTYPE=BI
A 5 310 10 0 3 3 #=67
P 146 0 300 20 300 0 2 0
L 25 295 10 0 3 0 1 0 MODULE3_LED
A -20 300 10 0 3 0 PINTYPE=BI
A 5 300 10 0 3 3 #=69
P 148 0 240 20 240 0 2 0
L 25 235 10 0 3 0 1 0 RESERVE_1
A -20 240 10 0 3 0 PINTYPE=OUT
A 5 240 10 0 3 3 #=81
P 152 0 570 20 570 0 2 0
L 25 565 10 0 3 0 1 0 SPARE_15
A -20 570 10 0 3 0 PINTYPE=OUT
A 5 570 10 0 3 3 #=15
P 153 0 260 20 260 0 2 0
L 25 255 10 0 3 0 1 0 SPARE_77
A -20 260 10 0 3 0 PINTYPE=BI
A 5 260 10 0 3 3 #=77
P 154 0 250 20 250 0 2 0
L 25 245 10 0 3 0 1 0 SPARE_79
A -20 250 10 0 3 0 PINTYPE=BI
A 5 250 10 0 3 3 #=79
P 155 0 580 20 580 0 2 0
L 25 575 10 0 3 0 1 0 VCCO_RSVD_BANK
A -20 580 10 0 3 0 PINTYPE=OUT
A 5 580 10 0 3 3 #=13
P 157 0 590 20 590 0 2 0
L 25 585 10 0 3 0 1 0 SPARE_11
A -20 590 10 0 3 0 PINTYPE=BI
A 5 590 10 0 3 3 #=11
P 169 285 220 265 220 0 3 0
L 260 215 10 0 9 0 1 0 SPARE_86
A 305 220 10 0 9 0 PINTYPE=BI
A 280 220 10 0 9 3 #=86
P 172 285 200 265 200 0 3 0
L 260 195 10 0 9 0 1 0 AFX_MB_DETECT_B
A 305 200 10 0 9 0 PINTYPE=BI
A 280 200 10 0 9 3 #=90
P 173 285 160 265 160 0 3 0
L 260 155 10 0 9 0 1 0 REM_TMS_P
A 305 160 10 0 9 0 PINTYPE=BI
A 280 160 10 0 9 3 #=98
P 177 285 170 265 170 0 3 0
L 261 165 10 0 9 0 1 0 REM_TCK_N
A 305 170 10 0 9 0 PINTYPE=BI
A 280 170 10 0 9 3 #=96
P 189 0 160 20 160 0 2 0
L 25 155 10 0 3 0 1 0 MB_CABLE_DETECT_B
A -20 160 10 0 3 0 PINTYPE=IN
A 5 160 10 0 3 3 #=97
P 190 0 150 20 150 0 2 0
L 25 145 10 0 3 0 1 0 SPARE_99
A -20 150 10 0 3 0 PINTYPE=OUT
A 5 150 10 0 3 3 #=99
P 193 0 140 20 140 0 2 0
L 25 135 10 0 3 0 1 0 REM_PWR_OFF_B
A -20 140 10 0 3 0 PINTYPE=BI
A 0 140 10 0 3 3 #=101
P 194 0 120 20 120 0 2 0
L 25 115 10 0 3 0 1 0 PMBUS_SCL
A -20 120 10 0 3 0 PINTYPE=OUT
A 0 120 10 0 3 3 #=105
P 195 0 600 20 600 0 2 0
L 25 595 10 0 3 0 1 0 VCCO_RS_BANK
A -20 600 10 0 3 0 PINTYPE=IN
A 10 600 10 0 3 3 #=9
P 197 0 230 20 230 0 2 0
L 25 225 10 0 3 0 1 0 RESERVE_2
A -20 230 10 0 3 0 PINTYPE=BI
A 5 230 10 0 3 3 #=83
P 208 0 290 20 290 0 2 0
L 25 285 10 0 3 0 1 0 MODULE4_LED
A -20 290 10 0 3 0 PINTYPE=BI
A 5 290 10 0 3 3 #=71
P 244 285 90 265 90 0 3 0
L 260 85 10 0 9 0 1 0 SERVICE_TDO
A 305 90 10 0 9 0 PINTYPE=OUT
A 285 90 10 0 9 3 #=112
P 246 285 100 265 100 0 3 0
L 260 95 10 0 9 0 1 0 SERVICE_TDI
A 305 100 10 0 9 0 PINTYPE=IN
A 285 100 10 0 9 3 #=110
P 247 285 110 265 110 0 3 0
L 260 105 10 0 9 0 1 0 SERVICE_TMS
A 305 110 10 0 9 0 PINTYPE=IN
A 285 110 10 0 9 3 #=108
P 252 0 100 20 100 0 2 0
L 25 95 10 0 3 0 1 0 PMBUS_ALERT
A -20 100 10 0 3 0 PINTYPE=IN
A 0 100 10 0 3 3 #=109
P 253 0 90 20 90 0 2 0
L 25 85 10 0 3 0 1 0 PMBUS_CTRL
A -20 90 10 0 3 0 PINTYPE=IN
A 0 90 10 0 3 3 #=111
P 259 285 70 265 70 0 3 0
L 200 65 10 0 3 0 0 0 GND_114
A 305 70 10 0 9 0 PINTYPE=IN
A 285 70 10 0 9 3 #=114
P 261 285 60 265 60 0 3 0
L 200 55 10 0 3 0 0 0 GND_116
A 305 60 10 0 9 0 PINTYPE=IN
A 285 60 10 0 9 3 #=116
P 265 0 110 20 110 0 2 0
L 25 105 10 0 3 0 1 0 PMBUS_SDA
A -20 110 10 0 3 0 PINTYPE=IN
A 0 110 10 0 3 3 #=107
P 266 285 50 265 50 0 3 0
L 220 45 10 0 3 0 0 0 GND_118
A 305 50 10 0 9 0 PINTYPE=IN
A 285 50 10 0 9 3 #=118
P 271 0 340 20 340 0 2 0
L 25 335 10 0 3 0 1 0 DDR_TYPE
A -20 340 10 0 3 0 PINTYPE=BI
A 5 340 10 0 3 3 #=61
P 272 0 350 20 350 0 2 0
L 25 345 10 0 3 0 1 0 RESERVE_LED6
A -20 350 10 0 3 0 PINTYPE=BI
A 5 350 10 0 3 3 #=59
P 273 0 330 20 330 0 2 0
L 25 325 10 0 3 0 1 0 SPARE_63
A -20 330 10 0 3 0 PINTYPE=BI
A 5 330 10 0 3 3 #=63
P 274 0 320 20 320 0 2 0
L 25 315 10 0 3 0 1 0 MODULE1_LED
A -20 320 10 0 3 0 PINTYPE=BI
A 5 320 10 0 3 3 #=65
P 275 0 190 20 190 0 2 0
L 25 185 10 0 3 0 1 0 RESERVE_6
A -20 190 10 0 3 0 PINTYPE=IN
A 5 190 10 0 3 3 #=91
P 276 0 180 20 180 0 2 0
L 25 175 10 0 3 0 1 0 RESERVE_7
A -20 180 10 0 3 0 PINTYPE=BI
A 5 180 10 0 3 3 #=93
P 277 0 220 20 220 0 2 0
L 25 215 10 0 3 0 1 0 RESERVE_3
A -20 220 10 0 3 0 PINTYPE=BI
A 5 220 10 0 3 3 #=85
P 278 0 200 20 200 0 2 0
L 25 195 10 0 3 0 1 0 RESERVE_5
A -20 200 10 0 3 0 PINTYPE=BI
A 5 200 10 0 3 3 #=89
P 279 0 210 20 210 0 2 0
L 25 205 10 0 3 0 1 0 RESERVE_4
A -20 210 10 0 3 0 PINTYPE=IN
A 5 210 10 0 3 3 #=87
P 280 0 410 20 410 0 2 0
L 25 405 10 0 3 0 1 0 CABLE_LED
A -20 410 10 0 3 0 PINTYPE=BI
A 5 410 10 0 3 3 #=47
P 281 0 400 20 400 0 2 0
L 25 395 10 0 3 0 1 0 DDR_INSTALLED_LED
A -20 400 10 0 3 0 PINTYPE=BI
A 5 400 10 0 3 3 #=49
P 282 0 390 20 390 0 2 0
L 25 385 10 0 3 0 1 0 BOOT_MODULE_INSTALLED
A -20 390 10 0 3 0 PINTYPE=BI
A 5 390 10 0 3 3 #=51
P 283 0 380 20 380 0 2 0
L 25 375 10 0 3 0 1 0 RESERVE_LED3
A -20 380 10 0 3 0 PINTYPE=BI
A 5 380 10 0 3 3 #=53
P 284 0 460 20 460 0 2 0
L 25 455 10 0 3 0 1 0 SPARE_37
A -20 460 10 0 3 0 PINTYPE=BI
A 5 460 10 0 3 3 #=37
P 285 0 370 20 370 0 2 0
L 25 365 10 0 3 0 1 0 RESERVE_LED4
A -20 370 10 0 3 0 PINTYPE=BI
A 5 370 10 0 3 3 #=55
P 286 0 360 20 360 0 2 0
L 25 355 10 0 3 0 1 0 RESERVE_LED5
A -20 360 10 0 3 0 PINTYPE=BI
A 5 360 10 0 3 3 #=57
P 287 0 440 20 440 0 2 0
L 25 435 10 0 3 0 1 0 QSPI_STACK_LOWER_LED
A -20 440 10 0 3 0 PINTYPE=BI
A 5 440 10 0 3 3 #=41
P 288 0 450 20 450 0 2 0
L 25 445 10 0 3 0 1 0 QSPI_DUAL_PARAL_LED
A -20 450 10 0 3 0 PINTYPE=BI
A 5 450 10 0 3 3 #=39
P 289 0 470 20 470 0 2 0
L 25 465 10 0 3 0 1 0 RESERVE_LED2
A -20 470 10 0 3 0 PINTYPE=BI
A 5 470 10 0 3 3 #=35
P 290 0 480 20 480 0 2 0
L 25 475 10 0 3 0 1 0 RESERVE_LED1
A -20 480 10 0 3 0 PINTYPE=BI
A 5 480 10 0 3 3 #=33
P 291 0 520 20 520 0 2 0
L 25 515 10 0 3 0 1 0 NAND_LED1
A -20 520 10 0 3 0 PINTYPE=BI
A 5 520 10 0 3 3 #=25
P 292 0 510 20 510 0 2 0
L 25 505 10 0 3 0 1 0 SD_LED0
A -20 510 10 0 3 0 PINTYPE=BI
A 5 510 10 0 3 3 #=27
P 293 0 500 20 500 0 2 0
L 25 495 10 0 3 0 1 0 SD_LED1
A -20 500 10 0 3 0 PINTYPE=BI
A 5 500 10 0 3 3 #=29
P 294 0 490 20 490 0 2 0
L 25 485 10 0 3 0 1 0 QSPI_STACK_DUAL_P_LED
A -20 490 10 0 3 0 PINTYPE=BI
A 5 490 10 0 3 3 #=31
P 295 0 560 20 560 0 2 0
L 25 555 10 0 3 0 1 0 LED_TEST
A -20 560 10 0 3 0 PINTYPE=BI
A 5 560 10 0 3 3 #=17
P 296 0 550 20 550 0 2 0
L 25 545 10 0 3 0 1 0 SPARE19
A -20 550 10 0 3 0 PINTYPE=BI
A 5 550 10 0 3 3 #=19
P 297 0 540 20 540 0 2 0
L 25 535 10 0 3 0 1 0 SPARE_21
A -20 540 10 0 3 0 PINTYPE=BI
A 5 540 10 0 3 3 #=21
P 298 0 530 20 530 0 2 0
L 25 525 10 0 3 0 1 0 NAND_LED0
A -20 530 10 0 3 0 PINTYPE=BI
A 5 530 10 0 3 3 #=23
P 299 0 650 20 650 0 2 0
L 35 645 10 0 3 0 0 0 5V0_1
A -20 650 10 0 3 0 PINTYPE=BI
A 10 650 10 0 3 3 #=1
P 300 0 640 20 640 0 2 0
L 35 635 10 0 3 0 0 0 5V0_3
A -20 640 10 0 3 0 PINTYPE=BI
A 10 640 10 0 3 3 #=3
P 301 0 630 20 630 0 2 0
L 35 625 10 0 3 0 0 0 5V0_5
A -20 630 10 0 3 0 PINTYPE=BI
A 10 630 10 0 3 3 #=5
P 302 0 620 20 620 0 2 0
L 35 615 10 0 3 0 0 0 5V0_7
A -20 620 10 0 3 0 PINTYPE=BI
A 10 620 10 0 3 3 #=7
P 303 0 280 20 280 0 2 0
L 25 275 10 0 3 0 1 0 STACK_FAULT_LED
A -20 280 10 0 3 0 PINTYPE=BI
A 5 280 10 0 3 3 #=73
P 304 0 430 20 430 0 2 0
L 25 425 10 0 3 0 1 0 QSPI_STACK_UPPER_LED
A -20 430 10 0 3 0 PINTYPE=IN
A 5 430 10 0 3 3 #=43
P 305 0 420 20 420 0 2 0
L 25 415 10 0 3 0 1 0 REMOTE_ACTIVE_LED
A -20 420 10 0 3 0 PINTYPE=BI
A 5 420 10 0 3 3 #=45
P 306 285 650 265 650 0 3 0
L 255 645 10 0 9 0 0 0 3V3_2
A 305 650 10 0 9 0 PINTYPE=IN
A 275 650 10 0 9 3 #=2
P 307 285 640 265 640 0 3 0
L 255 635 10 0 9 0 0 0 3V3_4
A 305 640 10 0 9 0 PINTYPE=IN
A 275 640 10 0 9 3 #=4
P 308 285 550 265 550 0 3 0
L 260 545 10 0 9 0 1 0 LOCAL_DSEL0
A 305 550 10 0 9 0 PINTYPE=OUT
A 280 550 10 0 9 3 #=20
P 309 285 530 265 530 0 3 0
L 260 525 10 0 9 0 1 0 LOCAL_RSEL0
A 305 530 10 0 9 0 PINTYPE=BI
A 280 530 10 0 9 3 #=24
P 310 285 520 265 520 0 3 0
L 260 515 10 0 9 0 1 0 LOCAL_RSEL1
A 305 520 10 0 9 0 PINTYPE=BI
A 280 520 10 0 9 3 #=26
P 311 285 510 265 510 0 3 0
L 260 505 10 0 9 0 1 0 LOCAL_RSEL2
A 305 510 10 0 9 0 PINTYPE=BI
A 280 510 10 0 9 3 #=28
P 312 285 500 265 500 0 3 0
L 260 495 10 0 9 0 1 0 LOCAL_TOPOLOGY0
A 305 500 10 0 9 0 PINTYPE=OUT
A 280 500 10 0 9 3 #=30
P 313 285 490 265 490 0 3 0
L 260 485 10 0 9 0 1 0 LOCAL_TOPOLOGY1
A 305 490 10 0 9 0 PINTYPE=OUT
A 280 490 10 0 9 3 #=32
P 314 285 480 265 480 0 3 0
L 260 475 10 0 9 0 1 0 LOCAL_TOPOLOGY2
A 305 480 10 0 9 0 PINTYPE=OUT
A 280 480 10 0 9 3 #=34
P 315 285 470 265 470 0 3 0
L 260 465 10 0 9 0 1 0 LOCAL_TOPOLOGY3
A 305 470 10 0 9 0 PINTYPE=OUT
A 280 470 10 0 9 3 #=36
P 316 285 460 265 460 0 3 0
L 260 455 10 0 9 0 1 0 REM_MSEL0
A 305 460 10 0 9 0 PINTYPE=BI
A 280 460 10 0 9 3 #=38
P 317 285 630 265 630 0 3 0
L 255 625 10 0 9 0 0 0 3V3_6
A 305 630 10 0 9 0 PINTYPE=IN
A 275 630 10 0 9 3 #=6
P 318 285 450 265 450 0 3 0
L 260 445 10 0 9 0 1 0 REM_MSEL1
A 305 450 10 0 9 0 PINTYPE=IN
A 280 450 10 0 9 3 #=40
P 319 285 440 265 440 0 3 0
L 260 435 10 0 9 0 1 0 REM_DSEL0
A 305 440 10 0 9 0 PINTYPE=BI
A 280 440 10 0 9 3 #=42
P 320 285 430 265 430 0 3 0
L 260 425 10 0 9 0 1 0 REM_DSEL1
A 305 430 10 0 9 0 PINTYPE=OUT
A 280 430 10 0 9 3 #=44
P 321 285 420 265 420 0 3 0
L 260 415 10 0 9 0 1 0 MODULE_TYPE0
A 305 420 10 0 9 0 PINTYPE=OUT
A 280 420 10 0 9 3 #=46
P 322 285 410 265 410 0 3 0
L 260 405 10 0 9 0 1 0 MODULE_TYPE1
A 305 410 10 0 9 0 PINTYPE=IN
A 280 410 10 0 9 3 #=48
P 323 285 400 265 400 0 3 0
L 260 395 10 0 9 0 1 0 SPARE_50
A 305 400 10 0 9 0 PINTYPE=OUT
A 280 400 10 0 9 3 #=50
P 324 285 390 265 390 0 3 0
L 260 385 10 0 9 0 1 0 REM_TOPOLOGY0
A 305 390 10 0 9 0 PINTYPE=IN
A 280 390 10 0 9 3 #=52
P 325 285 380 265 380 0 3 0
L 260 375 10 0 9 0 1 0 REM_TOPOLOGY1
A 305 380 10 0 9 0 PINTYPE=IN
A 280 380 10 0 9 3 #=54
P 326 285 370 265 370 0 3 0
L 260 365 10 0 9 0 1 0 REM_TOPOLOGY2
A 305 370 10 0 9 0 PINTYPE=OUT
A 280 370 10 0 9 3 #=56
P 327 285 360 265 360 0 3 0
L 260 355 10 0 9 0 1 0 REM_TOPOLOGY3
A 305 360 10 0 9 0 PINTYPE=OUT
A 280 360 10 0 9 3 #=58
P 328 285 620 265 620 0 3 0
L 255 615 10 0 9 0 0 0 3V3_8
A 305 620 10 0 9 0 PINTYPE=IN
A 275 620 10 0 9 3 #=8
P 329 285 350 265 350 0 3 0
L 260 345 10 0 9 0 1 0 FALLBACK0
A 305 350 10 0 9 0 PINTYPE=IN
A 280 350 10 0 9 3 #=60
P 330 285 340 265 340 0 3 0
L 260 335 10 0 9 0 1 0 FALLBACK1
A 305 340 10 0 9 0 PINTYPE=IN
A 280 340 10 0 9 3 #=62
P 332 285 600 265 600 0 3 0
L 260 595 10 0 9 0 1 0 SPARE_10
A 305 600 10 0 9 0 PINTYPE=BI
A 280 600 10 0 9 3 #=10
P 333 285 590 265 590 0 3 0
L 260 585 10 0 9 0 1 0 SPARE_12
A 305 590 10 0 9 0 PINTYPE=BI
A 280 590 10 0 9 3 #=12
P 334 285 580 265 580 0 3 0
L 260 575 10 0 9 0 1 0 SPARE_14
A 305 580 10 0 9 0 PINTYPE=BI
A 280 580 10 0 9 3 #=14
P 335 285 570 265 570 0 3 0
L 260 565 10 0 9 0 1 0 LOCAL_MSEL0
A 305 570 10 0 9 0 PINTYPE=OUT
A 280 570 10 0 9 3 #=16
P 336 285 560 265 560 0 3 0
L 260 555 10 0 9 0 1 0 LOCAL_MSEL1
A 305 560 10 0 9 0 PINTYPE=OUT
A 280 560 10 0 9 3 #=18
P 337 285 40 265 40 0 3 0
L 220 35 10 0 3 0 0 0 GND_120
A 305 40 10 0 9 0 PINTYPE=IN
A 285 40 10 0 9 3 #=120
P 338 285 540 265 540 0 3 0
L 260 535 10 0 9 0 1 0 LOCAL_DSEL1
A 305 540 10 0 9 0 PINTYPE=OUT
A 280 540 10 0 9 3 #=22
P 340 0 70 20 70 0 2 0
L 30 65 10 0 3 0 0 0 GND_113
A -20 70 10 0 3 0 PINTYPE=OUT
A 0 70 10 0 3 3 #=113
P 341 0 60 20 60 0 2 0
L 30 55 10 0 3 0 0 0 GND_115
A -20 60 10 0 3 0 PINTYPE=OUT
A 0 60 10 0 3 3 #=115
P 342 0 50 20 50 0 2 0
L 30 45 10 0 3 0 0 0 GND_117
A -20 50 10 0 3 0 PINTYPE=OUT
A 0 50 10 0 3 3 #=117
P 343 0 40 20 40 0 2 0
L 30 35 10 0 3 0 0 0 GND_119
A -20 40 10 0 3 0 PINTYPE=OUT
A 0 40 10 0 3 3 #=119
E 
