V 51
K 164205341000 cd74hc4051_a
|R 1:33_10-10-10
Y 1
D -10 0 90 180
Z 10
i 37
U 0 -10 10 0 3 0 HETERO=(CD74HC4051PWT),CD74HC4051_A
U 0 0 9 0 3 0 PARTS=1
U 0 0 0 0 3 0 SOURCE_PATH
U 5 -10 9 0 3 3 VALUE
P 34 90 40 70 40 0 3 0
L 55 35 10 0 3 0 1 0 S1
A 85 40 10 0 9 3 #=10
A 90 40 10 0 9 0 PINTYPE=IN
P 6 -10 60 10 60 0 2 0
L 15 60 9 0 2 0 1 0 E_B
A 5 60 10 0 9 3 #=6
A 10 10 9 0 3 0 PINTYPE=OUT
P 7 -10 40 10 40 0 2 0
L 15 40 9 0 2 0 1 0 VEE
A 5 40 10 0 9 3 #=7
A 10 10 9 0 3 0 PINTYPE=OUT
P 2 -10 120 10 120 0 2 0
L 15 120 9 0 2 0 1 0 A3
A 5 120 10 0 9 3 #=12
A 10 -10 9 0 3 0 PINTYPE=BI
P 17 -10 140 10 140 0 2 0
L 15 140 9 0 2 0 1 0 A1
A 5 140 10 0 9 3 #=14
A 10 10 9 0 3 0 PINTYPE=BI
P 1 -10 150 10 150 0 2 0
L 15 150 9 0 2 0 1 0 A0
A 5 150 10 0 9 3 #=13
A 10 0 9 0 3 0 PINTYPE=BI
P 18 -10 130 10 130 0 2 0
L 15 130 9 0 2 0 1 0 A2
A 5 130 10 0 9 3 #=15
A 10 0 9 0 3 0 PINTYPE=BI
P 3 -10 110 10 110 0 2 0
L 15 110 9 0 2 0 1 0 A4
A 5 110 10 0 9 3 #=1
A 10 0 9 0 3 0 PINTYPE=BI
P 4 -10 100 10 100 0 2 0
L 15 100 9 0 2 0 1 0 A5
A 5 100 10 0 9 3 #=5
A 10 10 9 0 3 0 PINTYPE=BI
P 5 -10 90 10 90 0 2 0
L 15 90 9 0 2 0 1 0 A6
A 5 90 10 0 9 3 #=2
A 10 20 9 0 3 0 PINTYPE=BI
P 19 -10 80 10 80 0 2 0
L 15 80 9 0 2 0 1 0 A7
A 5 80 10 0 9 3 #=4
A 10 10 9 0 3 0 PINTYPE=BI
P 8 -10 30 10 30 0 2 0
L 15 30 9 0 2 0 1 0 GND
A 5 30 10 0 9 3 #=8
A 10 20 9 0 3 0 PINTYPE=OUT
U 5 170 10 0 3 3 DEVICE=XXX
U 0 -10 16 0 3 3 REFDES=U?
U 65 -5 10 0 3 3 PKG_TYPE=XXX
P 33 90 50 70 50 0 3 0
L 55 45 10 0 3 0 1 0 S0
A 85 50 10 0 9 3 #=11
A 90 50 10 0 9 0 PINTYPE=IN
P 35 90 30 70 30 0 3 0
L 55 25 10 0 3 0 1 0 S2
A 80 30 10 0 9 3 #=9
A 90 30 10 0 9 0 PINTYPE=IN
P 36 90 110 70 110 0 3 0
L 60 105 10 0 3 0 1 0 A
A 80 110 10 0 9 3 #=3
A 90 110 10 0 9 0 PINTYPE=BI
P 37 90 150 70 150 0 3 0
L 50 145 10 0 3 0 1 0 VCC
A 85 150 10 0 9 3 #=16
A 90 150 10 0 9 0 PINTYPE=IN
b 10 10 70 170
E
