V 51
K 417173967700 cfp2
|R 1:14_11-22-12
Y 1
D 0 0 400 590
Z 10
i 104
P 13 0 430 20 430 0 2 0
L 25 430 10 0 2 0 0 0 3.3V_GND--3.3V_GND_13
A 20 430 10 0 9 0 #=13
A 20 435 10 0 2 0 PINTYPE=IN
P 14 0 420 20 420 0 2 0
L 25 420 10 0 2 0 0 0 3.3V_GND--3.3V_GND_14
A 20 420 10 0 9 0 #=14
A 20 425 10 0 2 0 PINTYPE=IN
P 39 0 170 20 170 0 2 0
L 25 170 10 0 2 0 0 0 3.3V_GND--3.3V_GND_39
A 20 170 10 0 9 0 #=39
A 20 175 10 0 2 0 PINTYPE=IN
P 40 0 160 20 160 0 2 0
L 25 160 10 0 2 0 0 0 3.3V_GND--3.3V_GND_40
A 20 160 10 0 9 0 #=40
A 20 165 10 0 2 0 PINTYPE=IN
P 45 0 110 20 110 0 2 0
L 25 110 10 0 2 0 0 0 3.3V_GND--3.3V_GND_45
A 20 110 10 0 9 0 #=45
A 20 115 10 0 2 0 PINTYPE=IN
P 8 0 480 20 480 0 2 0
L 25 480 10 0 2 0 0 0 3.3V_GND--3.3V_GND_8
A 20 480 10 0 9 0 #=8
A 30 485 10 0 2 0 PINTYPE=IN
P 46 0 100 20 100 0 2 0
L 25 100 10 0 2 0 0 0 3.3V_GND--GND_46
A 20 100 10 0 9 0 #=46
A 20 105 10 0 2 0 PINTYPE=IN
P 7 0 490 20 490 0 2 0
L 25 490 10 0 2 0 0 0 3.3V_GND--GND_7
A 20 490 10 0 9 0 #=7
A 30 495 10 0 2 0 PINTYPE=IN
P 10 0 460 20 460 0 2 0
L 25 460 10 0 2 0 0 0 3.3V--3.3V_10
A 20 460 10 0 9 0 #=10
A 20 465 10 0 2 0 PINTYPE=IN
P 11 0 450 20 450 0 2 0
L 25 450 10 0 2 0 0 0 3.3V--3.3V_11
A 20 450 10 0 9 0 #=11
A 20 455 10 0 2 0 PINTYPE=IN
P 12 0 440 20 440 0 2 0
L 25 440 10 0 2 0 0 0 3.3V--3.3V_12
A 20 440 10 0 9 0 #=12
A 20 445 10 0 2 0 PINTYPE=IN
P 41 0 150 20 150 0 2 0
L 25 150 10 0 2 0 0 0 3.3V--3.3V_41
A 20 150 10 0 9 0 #=41
A 20 155 10 0 2 0 PINTYPE=IN
P 42 0 140 20 140 0 2 0
L 25 140 10 0 2 0 0 0 3.3V--3.3V_42
A 20 140 10 0 9 0 #=42
A 20 145 10 0 2 0 PINTYPE=IN
P 43 0 130 20 130 0 2 0
L 25 130 10 0 2 0 0 0 3.3V--3.3V_43
A 20 130 10 0 9 0 #=43
A 20 135 10 0 2 0 PINTYPE=IN
P 44 0 120 20 120 0 2 0
L 25 120 10 0 2 0 0 0 3.3V--3.3V_44
A 20 120 10 0 9 0 #=44
A 20 125 10 0 2 0 PINTYPE=IN
P 9 0 470 20 470 0 2 0
L 25 470 10 0 2 0 0 0 3.3V--3.3V_9
A 20 470 10 0 9 0 #=9
A 30 475 10 0 2 0 PINTYPE=IN
P 29 0 270 20 270 0 2 0
A 20 270 10 0 9 0 #=29
L 25 270 10 0 2 0 1 0 GLB_ALRMN--GLB_ALRMN
A 20 275 10 0 2 0 PINTYPE=IN
P 1 0 550 20 550 0 2 0
L 25 550 10 0 2 0 0 0 GND--GND_1
A 20 550 10 0 9 0 #=1
A 30 555 10 0 2 0 PINTYPE=IN
P 56 400 520 380 520 0 3 0
L 375 520 10 0 8 0 0 0 GND--GND_101
A 380 520 10 0 3 0 #=101
A 380 525 10 0 2 0 PINTYPE=IN
P 53 400 550 380 550 0 3 0
L 375 550 10 0 8 0 0 0 GND--GND_104
A 380 550 10 0 3 0 #=104
A 380 555 10 0 2 0 PINTYPE=IN
P 23 0 330 20 330 0 2 0
L 25 330 10 0 2 0 0 0 GND--GND_23
A 20 330 10 0 9 0 #=23
A 20 335 10 0 2 0 PINTYPE=IN
P 30 0 260 20 260 0 2 0
L 25 260 10 0 2 0 0 0 GND--GND_30
A 20 260 10 0 9 0 #=30
A 20 265 10 0 2 0 PINTYPE=IN
P 4 0 520 20 520 0 2 0
L 25 520 10 0 2 0 0 0 GND--GND_4
A 20 520 10 0 9 0 #=4
A 30 525 10 0 2 0 PINTYPE=IN
P 49 0 70 20 70 0 2 0
L 25 70 10 0 2 0 0 0 GND--GND_49
A 20 70 10 0 9 0 #=49
A 20 75 10 0 2 0 PINTYPE=IN
P 52 0 40 20 40 0 2 0
L 25 40 10 0 2 0 0 0 GND--GND_52
A 20 40 10 0 9 0 #=52
A 20 45 10 0 2 0 PINTYPE=IN
P 104 400 40 380 40 0 3 0
L 375 40 10 0 8 0 0 0 GND--GND_53
A 380 40 10 0 3 0 #=53
A 380 45 10 0 2 0 PINTYPE=IN
P 101 400 70 380 70 0 3 0
L 375 70 10 0 8 0 0 0 GND--GND_56
A 380 70 10 0 3 0 #=56
A 380 75 10 0 2 0 PINTYPE=IN
P 98 400 100 380 100 0 3 0
L 375 100 10 0 8 0 0 0 GND--GND_59
A 380 100 10 0 3 0 #=59
A 380 105 10 0 2 0 PINTYPE=IN
P 95 400 130 380 130 0 3 0
L 375 130 10 0 8 0 0 0 GND--GND_62
A 380 130 10 0 3 0 #=62
A 380 135 10 0 2 0 PINTYPE=IN
P 92 400 160 380 160 0 3 0
L 375 160 10 0 8 0 0 0 GND--GND_65
A 380 160 10 0 3 0 #=65
A 380 165 10 0 2 0 PINTYPE=IN
P 89 400 190 380 190 0 3 0
L 375 190 10 0 8 0 0 0 GND--GND_68
A 380 190 10 0 3 0 #=68
A 380 195 10 0 2 0 PINTYPE=IN
P 86 400 220 380 220 0 3 0
L 375 220 10 0 8 0 0 0 GND--GND_71
A 380 220 10 0 3 0 #=71
A 380 225 10 0 2 0 PINTYPE=IN
P 83 400 250 380 250 0 3 0
L 375 250 10 0 8 0 0 0 GND--GND_74
A 380 250 10 0 3 0 #=74
A 380 255 10 0 2 0 PINTYPE=IN
P 80 400 280 380 280 0 3 0
L 375 280 10 0 8 0 0 0 GND--GND_77
A 380 280 10 0 3 0 #=77
A 380 285 10 0 2 0 PINTYPE=IN
P 77 400 310 380 310 0 3 0
L 375 310 10 0 8 0 0 0 GND--GND_80
A 380 310 10 0 3 0 #=80
A 380 315 10 0 2 0 PINTYPE=IN
P 74 400 340 380 340 0 3 0
L 375 340 10 0 8 0 0 0 GND--GND_83
A 380 340 10 0 3 0 #=83
A 380 345 10 0 2 0 PINTYPE=IN
P 71 400 370 380 370 0 3 0
L 375 370 10 0 8 0 0 0 GND--GND_86
A 380 370 10 0 3 0 #=86
A 380 375 10 0 2 0 PINTYPE=IN
P 68 400 400 380 400 0 3 0
L 375 400 10 0 8 0 0 0 GND--GND_89
A 380 400 10 0 3 0 #=89
A 380 405 10 0 2 0 PINTYPE=IN
P 65 400 430 380 430 0 3 0
L 375 430 10 0 8 0 0 0 GND--GND_92
A 380 430 10 0 3 0 #=92
A 380 435 10 0 2 0 PINTYPE=IN
P 62 400 460 380 460 0 3 0
L 375 460 10 0 8 0 0 0 GND--GND_95
A 380 460 10 0 3 0 #=95
A 380 465 10 0 2 0 PINTYPE=IN
P 59 400 490 380 490 0 3 0
L 375 490 10 0 8 0 0 0 GND--GND_98
A 380 490 10 0 3 0 #=98
A 380 495 10 0 2 0 PINTYPE=IN
P 31 0 250 20 250 0 2 0
L 25 250 10 0 2 0 1 0 MDC--MDC
A 20 250 10 0 9 0 #=31
A 20 255 10 0 2 0 PINTYPE=IN
P 32 0 240 20 240 0 2 0
L 25 240 10 0 2 0 1 0 MDIO--MDIO
A 20 240 10 0 9 0 #=32
A 20 245 10 0 2 0 PINTYPE=IN
P 27 0 290 20 290 0 2 0
L 25 290 10 0 2 0 1 0 MOD_ABS--MOD_ABS
A 20 290 10 0 9 0 #=27
A 20 295 10 0 2 0 PINTYPE=IN
P 26 0 300 20 300 0 2 0
L 25 300 10 0 2 0 1 0 MOD_LOPWR--MOD_LOPWR
A 20 300 10 0 9 0 #=26
A 20 305 10 0 2 0 PINTYPE=IN
P 28 0 280 20 280 0 2 0
L 25 280 10 0 2 0 1 0 MOD_RSTN--MOD_RSTN
A 20 280 10 0 9 0 #=28
A 20 285 10 0 2 0 PINTYPE=IN
P 102 400 60 380 60 0 3 0
L 375 60 10 0 8 0 1 0 NC--RX0_N
A 380 60 10 0 3 0 #=55
A 380 65 10 0 2 0 PINTYPE=IN
P 103 400 50 380 50 0 3 0
L 375 50 10 0 8 0 1 0 NC--RX0_P
A 380 50 10 0 3 0 #=54
A 380 55 10 0 2 0 PINTYPE=IN
P 93 400 150 380 150 0 3 0
L 375 150 10 0 8 0 1 0 NC--RX3_N
A 380 150 10 0 3 0 #=64
A 380 155 10 0 2 0 PINTYPE=IN
P 94 400 140 380 140 0 3 0
L 375 140 10 0 8 0 1 0 NC--RX3_P
A 380 140 10 0 3 0 #=63
A 380 145 10 0 2 0 PINTYPE=IN
P 90 400 180 380 180 0 3 0
L 375 180 10 0 8 0 1 0 NC--RX4_N
A 380 180 10 0 3 0 #=67
A 380 185 10 0 2 0 PINTYPE=IN
P 91 400 170 380 170 0 3 0
L 375 170 10 0 8 0 1 0 NC--RX4_P
A 380 170 10 0 3 0 #=66
A 380 175 10 0 2 0 PINTYPE=IN
P 81 400 270 380 270 0 3 0
L 375 270 10 0 8 0 1 0 NC--RX7_N
A 380 270 10 0 3 0 #=76
A 380 275 10 0 2 0 PINTYPE=IN
P 82 400 260 380 260 0 3 0
L 375 260 10 0 8 0 1 0 NC--RX7_P
A 380 260 10 0 3 0 #=75
A 380 265 10 0 2 0 PINTYPE=IN
P 47 0 90 20 90 0 2 0
L 25 90 10 0 2 0 1 0 NC--RX9_N
A 20 90 10 0 9 0 #=47
A 20 95 10 0 2 0 PINTYPE=IN
P 48 0 80 20 80 0 2 0
L 25 80 10 0 2 0 1 0 NC--RX9_P
A 20 80 10 0 9 0 #=48
A 20 85 10 0 2 0 PINTYPE=IN
P 75 400 330 380 330 0 3 0
L 375 330 10 0 8 0 1 0 NC--TX0_N
A 380 330 10 0 3 0 #=82
A 380 335 10 0 2 0 PINTYPE=OUT
P 76 400 320 380 320 0 3 0
L 375 320 10 0 8 0 1 0 NC--TX0_P
A 380 320 10 0 3 0 #=81
A 380 325 10 0 2 0 PINTYPE=OUT
P 66 400 420 380 420 0 3 0
L 375 420 10 0 8 0 1 0 NC--TX3_N
A 380 420 10 0 3 0 #=91
A 380 425 10 0 2 0 PINTYPE=OUT
P 67 400 410 380 410 0 3 0
L 375 410 10 0 8 0 1 0 NC--TX3_P
A 380 410 10 0 3 0 #=90
A 380 415 10 0 2 0 PINTYPE=OUT
P 63 400 450 380 450 0 3 0
L 375 450 10 0 8 0 1 0 NC--TX4_N
A 380 450 10 0 3 0 #=94
A 380 455 10 0 2 0 PINTYPE=OUT
P 64 400 440 380 440 0 3 0
L 375 440 10 0 8 0 1 0 NC--TX4_P
A 380 440 10 0 3 0 #=93
A 380 445 10 0 2 0 PINTYPE=OUT
P 54 400 540 380 540 0 3 0
L 375 540 10 0 8 0 1 0 NC--TX7_N
A 380 540 10 0 3 0 #=103
A 380 545 10 0 2 0 PINTYPE=OUT
P 55 400 530 380 530 0 3 0
L 375 530 10 0 8 0 1 0 NC--TX7_P
A 380 530 10 0 3 0 #=102
A 380 535 10 0 2 0 PINTYPE=OUT
P 5 0 510 20 510 0 2 0
L 25 510 10 0 2 0 1 0 NC--TX8_N
A 20 510 10 0 9 0 #=5
A 30 515 10 0 2 0 PINTYPE=OUT
P 6 0 500 20 500 0 2 0
A 20 500 10 0 9 0 #=6
L 25 500 10 0 2 0 1 0 NC--TX8_P
A 30 505 10 0 2 0 PINTYPE=OUT
P 20 0 360 20 360 0 2 0
L 25 360 10 0 2 0 1 0 PRG_ALRM1--PRG_ALRM1
A 20 360 10 0 9 0 #=20
A 20 365 10 0 2 0 PINTYPE=IN
P 21 0 350 20 350 0 2 0
L 25 350 10 0 2 0 1 0 PRG_ALRM2--PRG_ALRM2
A 20 350 10 0 9 0 #=21
A 20 355 10 0 2 0 PINTYPE=IN
P 22 0 340 20 340 0 2 0
L 25 340 10 0 2 0 1 0 PRG_ALRM3--PRG_ALRM3
A 20 340 10 0 9 0 #=22
A 20 345 10 0 2 0 PINTYPE=IN
P 17 0 390 20 390 0 2 0
L 25 390 10 0 2 0 1 0 PRG_CNTL1--PRG_CNTL1
A 20 390 10 0 9 0 #=17
A 20 395 10 0 2 0 PINTYPE=IN
P 18 0 380 20 380 0 2 0
L 25 380 10 0 2 0 1 0 PRG_CNTL2--PRG_CNTL2
A 20 380 10 0 9 0 #=18
A 20 385 10 0 2 0 PINTYPE=IN
P 19 0 370 20 370 0 2 0
L 25 370 10 0 2 0 1 0 PRG_CNTL3--PRG_CNTL3
A 20 370 10 0 9 0 #=19
A 20 375 10 0 2 0 PINTYPE=IN
P 33 0 230 20 230 0 2 0
L 25 230 10 0 2 0 1 0 PRTADR0--PRTADR0
A 20 230 10 0 9 0 #=33
A 20 235 10 0 2 0 PINTYPE=IN
P 34 0 220 20 220 0 2 0
L 25 220 10 0 2 0 1 0 PRTADR1--PRTADR1
A 20 220 10 0 9 0 #=34
A 20 225 10 0 2 0 PINTYPE=IN
P 35 0 210 20 210 0 2 0
L 25 210 10 0 2 0 1 0 PRTADR2--PRTADR2
A 20 210 10 0 9 0 #=35
A 20 215 10 0 2 0 PINTYPE=IN
P 78 400 300 380 300 0 3 0
L 375 300 10 0 8 0 1 0 REFCLK_N--REFCLK_N
A 380 300 10 0 3 0 #=79
A 380 305 10 0 2 0 PINTYPE=IN
P 79 400 290 380 290 0 3 0
L 375 290 10 0 8 0 1 0 REFCLK_P--REFCLK_P
A 380 290 10 0 3 0 #=78
A 380 295 10 0 2 0 PINTYPE=IN
P 99 400 90 380 90 0 3 0
L 375 90 10 0 8 0 1 0 RX0_N--RX1_N
A 380 90 10 0 3 0 #=58
A 380 95 10 0 2 0 PINTYPE=IN
P 100 400 80 380 80 0 3 0
L 375 80 10 0 8 0 1 0 RX0_P--RX1_P
A 380 80 10 0 3 0 #=57
A 380 85 10 0 2 0 PINTYPE=IN
P 96 400 120 380 120 0 3 0
L 375 120 10 0 8 0 1 0 RX1_N--RX2_N
A 380 120 10 0 3 0 #=61
A 380 125 10 0 2 0 PINTYPE=IN
P 97 400 110 380 110 0 3 0
L 375 110 10 0 8 0 1 0 RX1_P--RX2_P
A 380 110 10 0 3 0 #=60
A 380 115 10 0 2 0 PINTYPE=IN
P 87 400 210 380 210 0 3 0
L 375 210 10 0 8 0 1 0 RX2_N--RX5_N
A 380 210 10 0 3 0 #=70
A 380 215 10 0 2 0 PINTYPE=IN
P 88 400 200 380 200 0 3 0
L 375 200 10 0 8 0 1 0 RX2_P--RX5_P
A 380 200 10 0 3 0 #=69
A 380 205 10 0 2 0 PINTYPE=IN
P 84 400 240 380 240 0 3 0
L 375 240 10 0 8 0 1 0 RX3_N--RX6_N
A 380 240 10 0 3 0 #=73
A 380 245 10 0 2 0 PINTYPE=IN
P 85 400 230 380 230 0 3 0
L 375 230 10 0 8 0 1 0 RX3_P--RX6_P
A 380 230 10 0 3 0 #=72
A 380 235 10 0 2 0 PINTYPE=IN
P 25 0 310 20 310 0 2 0
L 25 310 10 0 2 0 1 0 RX_LOS--RX_LOS
A 20 310 10 0 9 0 #=25
A 20 315 10 0 2 0 PINTYPE=IN
P 50 0 60 20 60 0 2 0
L 25 60 10 0 2 0 1 0 RX_MCLK_N--RX8_N
A 20 60 10 0 9 0 #=50
A 20 65 10 0 2 0 PINTYPE=IN
P 51 0 50 20 50 0 2 0
L 25 50 10 0 2 0 1 0 RX_MCLK_P--RX8_P
A 20 50 10 0 9 0 #=51
A 20 55 10 0 2 0 PINTYPE=IN
P 72 400 360 380 360 0 3 0
L 375 360 10 0 8 0 1 0 TX0_N--TX1_N
A 380 360 10 0 3 0 #=85
A 380 365 10 0 2 0 PINTYPE=OUT
P 73 400 350 380 350 0 3 0
L 375 350 10 0 8 0 1 0 TX0_P--TX1_P
A 380 350 10 0 3 0 #=84
A 380 355 10 0 2 0 PINTYPE=OUT
P 69 400 390 380 390 0 3 0
L 375 390 10 0 8 0 1 0 TX1_N--TX2_N
A 380 390 10 0 3 0 #=88
A 380 395 10 0 2 0 PINTYPE=OUT
P 70 400 380 380 380 0 3 0
L 375 380 10 0 8 0 1 0 TX1_P--TX2_P
A 380 380 10 0 3 0 #=87
A 380 385 10 0 2 0 PINTYPE=OUT
P 60 400 480 380 480 0 3 0
L 375 480 10 0 8 0 1 0 TX2_N--TX5_N
A 380 480 10 0 3 0 #=97
A 380 485 10 0 2 0 PINTYPE=OUT
P 61 400 470 380 470 0 3 0
L 375 470 10 0 8 0 1 0 TX2_P--TX5_P
A 380 470 10 0 3 0 #=96
A 380 475 10 0 2 0 PINTYPE=OUT
P 57 400 510 380 510 0 3 0
L 375 510 10 0 8 0 1 0 TX3_N--TX6_N
A 380 510 10 0 3 0 #=100
A 380 515 10 0 2 0 PINTYPE=OUT
P 58 400 500 380 500 0 3 0
L 375 500 10 0 8 0 1 0 TX3_P--TX6_P
A 380 500 10 0 3 0 #=99
A 380 505 10 0 2 0 PINTYPE=OUT
P 24 0 320 20 320 0 2 0
L 25 320 10 0 2 0 1 0 TX_DIS--TX_DIS
A 20 320 10 0 9 0 #=24
A 20 325 10 0 2 0 PINTYPE=IN
P 2 0 540 20 540 0 2 0
L 25 540 10 0 2 0 1 0 TX_MCLK_N--TX9_N
A 20 540 10 0 9 0 #=2
A 30 545 10 0 2 0 PINTYPE=OUT
P 3 0 530 20 530 0 2 0
L 25 530 10 0 2 0 1 0 TX_MCLK_P--TX9_P
A 20 530 10 0 9 0 #=3
A 30 535 10 0 2 0 PINTYPE=OUT
P 15 0 410 20 410 0 2 0
L 25 410 10 0 2 0 1 0 VND_IO_A--VND_IO_A
A 20 410 10 0 9 0 #=15
A 20 415 10 0 2 0 PINTYPE=IN
P 16 0 400 20 400 0 2 0
L 25 400 10 0 2 0 1 0 VND_IO_B--VND_IO_B
A 20 400 10 0 9 0 #=16
A 20 405 10 0 2 0 PINTYPE=IN
P 36 0 200 20 200 0 2 0
L 25 200 10 0 2 0 1 0 VND_IO_C--VND_IO_C
A 20 200 10 0 9 0 #=36
A 20 205 10 0 2 0 PINTYPE=IN
P 37 0 190 20 190 0 2 0
L 25 190 10 0 2 0 1 0 VND_IO_D--VND_IO_D
A 20 190 10 0 9 0 #=37
A 20 195 10 0 2 0 PINTYPE=IN
P 38 0 180 20 180 0 2 0
L 25 180 10 0 2 0 1 0 VND_IO_E--VND_IO_E
A 20 180 10 0 9 0 #=38
A 20 185 10 0 2 0 PINTYPE=IN
U 0 -90 10 0 3 0 DIST_P/N=CN121S-104-0001
U 0 -80 10 0 3 0 DIST=YAMAICHI
U 0 -70 10 0 3 0 DATASHEET=XXX
U 0 -60 10 0 3 0 MANF=YAMAICHI
U 0 -40 10 0 3 0 MANF_P/N=CN121S-104-0001
U 0 -10 10 0 3 0 DEVICE=CFP2
U 20 0 16 0 3 3 REFDES=J?
U 20 570 10 0 3 3 VALUE=CFP2
U 380 5 10 0 9 3 PKG_TYPE=TBD
T 25 120 10 0 2 3.3V--3.3V
Q 15 0 0
T 25 130 10 0 2 3.3V--3.3V
Q 15 0 0
T 25 140 10 0 2 3.3V--3.3V
Q 15 0 0
T 25 150 10 0 2 3.3V--3.3V
Q 15 0 0
T 25 440 10 0 2 3.3V--3.3V
Q 15 0 0
T 25 450 10 0 2 3.3V--3.3V
Q 15 0 0
T 25 460 10 0 2 3.3V--3.3V
Q 15 0 0
T 25 110 10 0 2 3.3V_GND--3.3V_GND
Q 15 0 0
T 25 160 10 0 2 3.3V_GND--3.3V_GND
Q 15 0 0
T 25 170 10 0 2 3.3V_GND--3.3V_GND
Q 15 0 0
T 25 420 10 0 2 3.3V_GND--3.3V_GND
Q 15 0 0
T 25 430 10 0 2 3.3V_GND--3.3V_GND
Q 15 0 0
T 25 100 10 0 2 3.3V_GND--GND
Q 15 0 0
T 375 40 10 0 8 GND--GND
Q 15 0 0
T 375 70 10 0 8 GND--GND
Q 15 0 0
T 375 100 10 0 8 GND--GND
Q 15 0 0
T 375 130 10 0 8 GND--GND
Q 15 0 0
T 375 160 10 0 8 GND--GND
Q 15 0 0
T 375 190 10 0 8 GND--GND
Q 15 0 0
T 375 220 10 0 8 GND--GND
Q 15 0 0
T 375 250 10 0 8 GND--GND
Q 15 0 0
T 375 280 10 0 8 GND--GND
Q 15 0 0
T 375 310 10 0 8 GND--GND
Q 15 0 0
T 375 340 10 0 8 GND--GND
Q 15 0 0
T 375 370 10 0 8 GND--GND
Q 15 0 0
T 375 400 10 0 8 GND--GND
Q 15 0 0
T 375 430 10 0 8 GND--GND
Q 15 0 0
T 375 460 10 0 8 GND--GND
Q 15 0 0
T 375 490 10 0 8 GND--GND
Q 15 0 0
T 375 520 10 0 8 GND--GND
Q 15 0 0
T 25 40 10 0 2 GND--GND
Q 15 0 0
T 25 70 10 0 2 GND--GND
Q 15 0 0
T 25 260 10 0 2 GND--GND
Q 15 0 0
T 25 330 10 0 2 GND--GND
Q 15 0 0
T 25 520 10 0 2 GND--GND
Q 15 0 0
T 375 550 10 0 8 GND--GND
Q 15 0 0
T 25 490 10 0 2 3.3V_GND--GND
Q 15 0 0
T 25 480 10 0 2 3.3V_GND--3.3V_GND
Q 15 0 0
T 25 470 10 0 2 3.3V--3.3V
Q 15 0 0
T 200 510 16 0 6 CFP2 MODULE
Q 14 0 0
T 200 495 16 0 6 4x25G--10x10G
Q 14 0 0
b 20 20 380 570
T 25 550 10 0 2 GND--GND
Q 15 0 0
E
