V 53
K 1399327520 CFP4_CAGE_QUAD.1
F Case
|R 15:05:20_5-5-14
D 0 294 100 0
Y 1
Z 10
i 291
U 0 -90 10 0 3 0 DIST_P/N=CN121A-104-0002
U 0 -80 10 0 3 0 DIST=YAMAICHI
U 0 -70 10 0 3 0 DATASHEET=TBD
U 0 -30 10 0 3 0 PARTS=1
U 0 -10 10 0 3 0 DEVICE=CFP2_CAGE_SINGLE
U 20 5 16 0 3 3 REFDES=J?
U 20 280 10 0 3 3 VALUE=VALUE
U 0 0 10 0 3 0 PKG_TYPE=PKG_TYPE
U 0 0 10 0 1 0 FORWARD_PCB=1
b 20 20 80 280
b -140 215 -140 215
P 1 100 270 80 270 0 3 0
L 75 270 10 0 8 0 1 0 MH1
A 100 270 10 0 9 0 PINTYPE=IN
A 95 270 10 0 9 3 #=1
P 46 100 260 80 260 0 3 0
L 75 260 10 0 8 0 1 0 MH2
A 100 260 10 0 9 0 PINTYPE=IN
A 95 260 10 0 9 3 #=2
P 47 100 250 80 250 0 3 0
L 75 250 10 0 8 0 1 0 MH3
A 100 250 10 0 9 0 PINTYPE=IN
A 95 250 10 0 9 3 #=3
P 48 100 240 80 240 0 3 0
L 75 240 10 0 8 0 1 0 MH4
A 100 240 10 0 9 0 PINTYPE=IN
A 95 240 10 0 9 3 #=4
P 49 100 230 80 230 0 3 0
L 75 230 10 0 8 0 1 0 MH5
A 100 230 10 0 9 0 PINTYPE=IN
A 95 230 10 0 9 3 #=5
P 50 100 220 80 220 0 3 0
L 75 220 10 0 8 0 1 0 MH6
A 100 220 10 0 9 0 PINTYPE=IN
A 95 220 10 0 9 3 #=6
P 51 100 210 80 210 0 3 0
L 75 210 10 0 8 0 1 0 MH7
A 100 210 10 0 9 0 PINTYPE=IN
A 95 210 10 0 9 3 #=7
P 52 100 150 80 150 0 3 0
L 75 150 10 0 8 0 1 0 MH13
A 100 150 10 0 9 0 PINTYPE=IN
A 95 150 10 0 9 3 #=13
P 53 100 160 80 160 0 3 0
L 75 160 10 0 8 0 1 0 MH12
A 100 160 10 0 9 0 PINTYPE=IN
A 95 160 10 0 9 3 #=12
P 54 100 170 80 170 0 3 0
L 75 170 10 0 8 0 1 0 MH11
A 100 170 10 0 9 0 PINTYPE=IN
A 95 170 10 0 9 3 #=11
P 55 100 180 80 180 0 3 0
L 75 180 10 0 8 0 1 0 MH10
A 100 180 10 0 9 0 PINTYPE=IN
A 95 180 10 0 9 3 #=10
P 56 100 190 80 190 0 3 0
L 75 190 10 0 8 0 1 0 MH9
A 100 190 10 0 9 0 PINTYPE=IN
A 95 190 10 0 9 3 #=9
P 57 100 200 80 200 0 3 0
L 75 200 10 0 8 0 1 0 MH8
A 100 200 10 0 9 0 PINTYPE=IN
A 95 200 10 0 9 3 #=8
P 59 100 100 80 100 0 3 0
L 75 100 10 0 8 0 1 0 MH18
A 100 100 10 0 9 0 PINTYPE=IN
A 95 100 10 0 9 3 #=18
P 60 100 110 80 110 0 3 0
L 75 110 10 0 8 0 1 0 MH17
A 100 110 10 0 9 0 PINTYPE=IN
A 95 110 10 0 9 3 #=17
P 61 100 120 80 120 0 3 0
L 75 120 10 0 8 0 1 0 MH16
A 100 120 10 0 9 0 PINTYPE=IN
A 95 120 10 0 9 3 #=16
P 62 100 130 80 130 0 3 0
L 75 130 10 0 8 0 1 0 MH15
A 100 130 10 0 9 0 PINTYPE=IN
A 95 130 10 0 9 3 #=15
P 63 100 140 80 140 0 3 0
L 75 140 10 0 8 0 1 0 MH14
A 100 140 10 0 9 0 PINTYPE=IN
A 95 140 10 0 9 3 #=14
P 208 100 90 80 90 0 3 0
L 78 90 10 0 8 0 1 0 MH19
A 100 90 10 0 1 0 PINTYPE=IN
A 95 100 10 0 7 3 #=19
P 211 100 80 80 80 0 3 0
L 78 80 10 0 8 0 1 0 MH20
A 100 80 10 0 1 0 PINTYPE=IN
A 95 90 10 0 7 3 #=20
P 214 100 70 80 70 0 3 0
L 78 70 10 0 8 0 1 0 MH21
A 100 70 10 0 1 0 PINTYPE=IN
A 95 80 10 0 7 3 #=21
P 217 100 60 80 60 0 3 0
L 78 60 10 0 8 0 1 0 MH22
A 100 60 10 0 1 0 PINTYPE=IN
A 95 70 10 0 7 3 #=22
P 223 100 40 80 40 0 3 0
L 78 40 10 0 8 0 1 0 MH24
A 100 40 10 0 1 0 PINTYPE=IN
A 95 50 10 0 7 3 #=24
P 226 0 270 20 270 0 2 0
L 22 270 10 0 2 0 1 0 MH25
A 0 270 10 0 1 0 PINTYPE=IN
A 5 280 10 0 1 3 #=25
P 229 0 260 20 260 0 2 0
L 20 260 10 0 2 0 1 0 MH26
A 0 260 10 0 1 0 PINTYPE=IN
A 5 270 10 0 1 3 #=26
P 232 0 250 20 250 0 2 0
L 22 250 10 0 2 0 1 0 MH27
A 0 250 10 0 1 0 PINTYPE=IN
A 5 260 10 0 1 3 #=27
P 235 0 240 20 240 0 2 0
L 22 240 10 0 2 0 1 0 MH28
A 0 240 10 0 1 0 PINTYPE=IN
A 5 250 10 0 1 3 #=28
P 238 0 230 20 230 0 2 0
L 22 230 10 0 2 0 1 0 MH29
A 0 230 10 0 1 0 PINTYPE=IN
A 5 240 10 0 1 3 #=29
P 241 0 220 20 220 0 2 0
L 22 220 10 0 2 0 1 0 MH30
A 0 220 10 0 1 0 PINTYPE=IN
A 5 230 10 0 1 3 #=30
P 244 0 210 20 210 0 2 0
L 22 210 10 0 2 0 1 0 MH31
A 0 210 10 0 1 0 PINTYPE=IN
A 5 220 10 0 1 3 #=31
P 247 0 200 20 200 0 2 0
L 22 200 10 0 2 0 1 0 MH32
A 0 200 10 0 1 0 PINTYPE=IN
A 5 210 10 0 1 3 #=32
P 250 0 190 20 190 0 2 0
L 22 190 10 0 2 0 1 0 MH33
A 0 190 10 0 1 0 PINTYPE=IN
A 5 200 10 0 1 3 #=33
P 253 0 180 20 180 0 2 0
L 22 180 10 0 2 0 1 0 MH34
A 0 180 10 0 1 0 PINTYPE=IN
A 5 190 10 0 1 3 #=34
P 256 0 170 20 170 0 2 0
L 22 170 10 0 2 0 1 0 MH35
A 0 170 10 0 1 0 PINTYPE=IN
A 5 180 10 0 1 3 #=35
P 259 0 160 20 160 0 2 0
L 22 160 10 0 2 0 1 0 MH36
A 0 160 10 0 1 0 PINTYPE=IN
A 5 170 10 0 1 3 #=36
P 262 0 150 20 150 0 2 0
L 22 150 10 0 2 0 1 0 MH37
A 0 150 10 0 1 0 PINTYPE=IN
A 5 160 10 0 1 3 #=37
P 265 0 140 20 140 0 2 0
L 22 140 10 0 2 0 1 0 MH38
A 0 140 10 0 1 0 PINTYPE=IN
A 5 150 10 0 1 3 #=38
P 268 0 130 20 130 0 2 0
L 22 130 10 0 2 0 1 0 MH39
A 0 130 10 0 1 0 PINTYPE=IN
A 5 140 10 0 1 3 #=39
P 271 0 120 20 120 0 2 0
L 22 120 10 0 2 0 1 0 MH40
A 0 120 10 0 1 0 PINTYPE=IN
A 5 130 10 0 1 3 #=40
P 274 0 110 20 110 0 2 0
L 22 110 10 0 2 0 1 0 MH41
A 0 110 10 0 1 0 PINTYPE=IN
A 5 120 10 0 1 3 #=41
P 277 0 100 20 100 0 2 0
L 22 100 10 0 2 0 1 0 MH42
A 0 100 10 0 1 0 PINTYPE=IN
A 5 110 10 0 1 3 #=42
P 280 0 90 20 90 0 2 0
L 22 90 10 0 2 0 1 0 MH43
A 0 90 10 0 1 0 PINTYPE=IN
A 5 100 10 0 1 3 #=43
P 283 0 80 20 80 0 2 0
L 22 80 10 0 2 0 1 0 MH44
A 0 80 10 0 1 0 PINTYPE=IN
A 5 90 10 0 1 3 #=44
P 286 0 70 20 70 0 2 0
L 22 70 10 0 2 0 1 0 MH45
A 0 70 10 0 1 0 PINTYPE=IN
A 5 80 10 0 1 3 #=45
P 434 100 50 80 50 0 3 0
L 78 50 10 0 8 0 1 0 MH23
A 100 50 10 0 1 0 PINTYPE=IN
A 95 60 10 0 7 3 #=23
P 442 0 60 20 60 0 2 0
L 22 60 10 0 2 0 1 0 MH46
A 0 60 10 0 1 0 PINTYPE=IN
A 5 70 10 0 1 3 #=46
P 446 0 50 20 50 0 2 0
L 22 50 10 0 2 0 1 0 MH47
A 0 50 10 0 1 0 PINTYPE=IN
A 5 60 10 0 1 3 #=47
P 450 0 40 20 40 0 2 0
L 22 40 10 0 2 0 1 0 MH48
A 0 40 10 0 1 0 PINTYPE=IN
A 5 50 10 0 1 3 #=48
P 454 0 30 20 30 0 2 0
L 22 30 10 0 2 0 1 0 MH49
A 0 30 10 0 1 0 PINTYPE=IN
A 5 40 10 0 1 3 #=49
E 
