V 53
K 1396989958 cfp4.1
F Case
|R 13:45:58_4-8-14
D 0 344 400 -5
Y 1
Z 10
i 105
U 0 -10 10 0 3 0 DEVICE=DEVICE
U 20 -5 16 0 3 3 REFDES=J?
U 20 330 10 0 3 3 VALUE=VALUE
U 380 0 10 0 9 3 PKG_TYPE=PKG_TYPE
U 0 -5 10 0 1 0 FORWARD_PCB=1
T 200 270 16 0 6 CFP4 MODULE
T 200 255 16 0 6 4x25G
T 200 240 14 0 6 (Baseline)--(Alternate)
b 20 20 380 330
b 470 80 470 80
P 1 0 310 20 310 0 2 0
L 25 310 10 0 2 0 1 0 3.3V_GND_1
A 20 310 10 0 9 0 #=1
A 30 315 10 0 2 0 PINTYPE=GROUND
P 2 0 300 20 300 0 2 0
L 25 300 10 0 2 0 1 0 3.3V_GND_2
A 20 300 10 0 9 0 #=2
A 30 305 10 0 2 0 PINTYPE=GROUND
P 3 0 290 20 290 0 2 0
L 25 290 10 0 2 0 1 0 3.3V_3
A 20 290 10 0 9 0 #=3
A 30 295 10 0 2 0 PINTYPE=POWER
P 4 0 280 20 280 0 2 0
L 25 280 10 0 2 0 1 0 3.3V_4
A 20 280 10 0 9 0 #=4
A 30 285 10 0 2 0 PINTYPE=POWER
P 5 0 270 20 270 0 2 0
L 25 270 10 0 2 0 1 0 3.3V_5
A 20 270 10 0 9 0 #=5
A 30 275 10 0 2 0 PINTYPE=POWER
P 6 0 260 20 260 0 2 0
L 25 260 10 0 2 0 1 0 3.3V_6
A 20 260 10 0 9 0 #=6
A 30 265 10 0 2 0 PINTYPE=POWER
P 7 0 250 20 250 0 2 0
L 25 250 10 0 2 0 1 0 3.3V_GND_7
A 20 250 10 0 9 0 #=7
A 30 255 10 0 2 0 PINTYPE=GROUND
P 8 0 240 20 240 0 2 0
L 25 240 10 0 2 0 1 0 3.3V_GND_8
A 20 240 10 0 9 0 #=8
A 30 245 10 0 2 0 PINTYPE=GROUND
P 9 0 230 20 230 0 2 0
L 25 230 10 0 2 0 1 0 VND_IO_A
A 20 230 10 0 9 0 #=9
A 30 235 10 0 2 0 PINTYPE=BI
P 10 0 220 20 220 0 2 0
L 25 220 10 0 2 0 1 0 VND_IO_B
A 20 220 10 0 9 0 #=10
A 20 225 10 0 2 0 PINTYPE=BI
P 11 0 210 20 210 0 2 0
L 25 210 10 0 2 0 1 0 TX_DIS--PRG_CNTL1
A 20 210 10 0 9 0 #=11
A 20 215 10 0 2 0 PINTYPE=IN
P 12 0 200 20 200 0 2 0
L 25 200 10 0 2 0 1 0 RX_LOS--PRG_ALRM1
A 20 200 10 0 9 0 #=12
A 20 205 10 0 2 0 PINTYPE=OUT
P 13 0 190 20 190 0 2 0
L 25 190 10 0 2 0 1 0 GLB_ALRMN
A 20 190 10 0 9 0 #=13
A 20 195 10 0 2 0 PINTYPE=OUT
P 14 0 180 20 180 0 2 0
L 25 180 10 0 2 0 1 0 MOD_LOPWR
A 20 180 10 0 9 0 #=14
A 20 185 10 0 2 0 PINTYPE=IN
P 15 0 170 20 170 0 2 0
L 25 170 10 0 2 0 1 0 MOD_ABS
A 20 170 10 0 9 0 #=15
A 20 175 10 0 2 0 PINTYPE=OUT
P 16 0 160 20 160 0 2 0
L 25 160 10 0 2 0 1 0 MOD_RSTN
A 20 160 10 0 9 0 #=16
A 20 165 10 0 2 0 PINTYPE=IN
P 17 0 150 20 150 0 2 0
L 25 150 10 0 2 0 1 0 MDC
A 20 150 10 0 9 0 #=17
A 20 155 10 0 2 0 PINTYPE=IN
P 18 0 140 20 140 0 2 0
L 25 140 10 0 2 0 1 0 MDIO
A 20 140 10 0 9 0 #=18
A 20 145 10 0 2 0 PINTYPE=BI
P 19 0 130 20 130 0 2 0
L 25 130 10 0 2 0 1 0 PRTADR0
A 20 130 10 0 9 0 #=19
A 20 135 10 0 2 0 PINTYPE=IN
P 20 0 120 20 120 0 2 0
L 25 120 10 0 2 0 1 0 PRTADR1
A 20 120 10 0 9 0 #=20
A 20 125 10 0 2 0 PINTYPE=IN
P 21 0 110 20 110 0 2 0
L 25 110 10 0 2 0 1 0 PRTADR2
A 20 110 10 0 9 0 #=21
A 20 115 10 0 2 0 PINTYPE=IN
P 22 0 100 20 100 0 2 0
L 25 100 10 0 2 0 1 0 VND_IO_C
A 20 100 10 0 9 0 #=22
A 20 105 10 0 2 0 PINTYPE=BI
P 23 0 90 20 90 0 2 0
L 25 90 10 0 2 0 1 0 VND_IO_D
A 20 90 10 0 9 0 #=23
A 20 95 10 0 2 0 PINTYPE=BI
P 24 0 80 20 80 0 2 0
L 25 80 10 0 2 0 1 0 VND_IO_E
A 20 80 10 0 9 0 #=24
A 20 85 10 0 2 0 PINTYPE=BI
P 25 0 70 20 70 0 2 0
L 25 70 10 0 2 0 1 0 GND_25
A 20 70 10 0 9 0 #=25
A 20 75 10 0 2 0 PINTYPE=GROUND
P 26 0 60 20 60 0 2 0
L 25 60 10 0 2 0 1 0 MCLKN
A 20 60 10 0 9 0 #=26
A 20 65 10 0 2 0 PINTYPE=OUT
P 27 0 50 20 50 0 2 0
L 25 50 10 0 2 0 1 0 MCLKP
A 20 50 10 0 9 0 #=27
A 20 55 10 0 2 0 PINTYPE=OUT
P 28 0 40 20 40 0 2 0
L 25 40 10 0 2 0 1 0 GND_28
A 20 40 10 0 9 0 #=28
A 20 45 10 0 2 0 PINTYPE=GROUND
P 29 400 40 380 40 0 3 0
L 375 40 10 0 8 0 1 0 GND_29
A 380 40 10 0 3 0 #=29
A 380 45 10 0 8 0 PINTYPE=GROUND
P 30 400 50 380 50 0 3 0
L 375 50 10 0 8 0 1 0 RX0P--RX0N
A 380 50 10 0 3 0 #=30
A 380 55 10 0 8 0 PINTYPE=IN
P 31 400 60 380 60 0 3 0
L 375 60 10 0 8 0 1 0 RX0N--RX0P
A 380 60 10 0 3 0 #=31
A 380 65 10 0 8 0 PINTYPE=IN
P 32 400 70 380 70 0 3 0
L 375 70 10 0 8 0 1 0 GND_32
A 380 70 10 0 3 0 #=32
A 380 75 10 0 8 0 PINTYPE=GROUND
P 33 400 80 380 80 0 3 0
L 375 80 10 0 8 0 1 0 RX1P--RX1N
A 380 80 10 0 3 0 #=33
A 380 85 10 0 8 0 PINTYPE=IN
P 34 400 90 380 90 0 3 0
L 375 90 10 0 8 0 1 0 RX1N--RX1P
A 380 90 10 0 3 0 #=34
A 380 95 10 0 8 0 PINTYPE=IN
P 35 400 100 380 100 0 3 0
L 375 100 10 0 8 0 1 0 GND_35
A 380 100 10 0 3 0 #=35
A 380 105 10 0 8 0 PINTYPE=GROUND
P 36 400 110 380 110 0 3 0
L 375 110 10 0 8 0 1 0 RX2P--RX2N
A 380 110 10 0 3 0 #=36
A 380 115 10 0 8 0 PINTYPE=IN
P 37 400 120 380 120 0 3 0
L 375 120 10 0 8 0 1 0 RX2N--RX2P
A 380 120 10 0 3 0 #=37
A 380 125 10 0 8 0 PINTYPE=IN
P 38 400 130 380 130 0 3 0
L 375 130 10 0 8 0 1 0 GND_38
A 380 130 10 0 3 0 #=38
A 380 135 10 0 8 0 PINTYPE=GROUND
P 39 400 140 380 140 0 3 0
L 375 140 10 0 8 0 1 0 RX3P--RX3N
A 380 140 10 0 3 0 #=39
A 380 145 10 0 8 0 PINTYPE=IN
P 40 400 150 380 150 0 3 0
L 375 150 10 0 8 0 1 0 RX3N--RX3P
A 380 150 10 0 3 0 #=40
A 380 155 10 0 8 0 PINTYPE=IN
P 41 400 160 380 160 0 3 0
L 375 160 10 0 8 0 1 0 GND_41
A 380 160 10 0 3 0 #=41
A 380 165 10 0 8 0 PINTYPE=GROUND
P 42 400 170 380 170 0 3 0
L 375 170 10 0 8 0 1 0 REFCLKP
A 380 170 10 0 3 0 #=42
A 380 175 10 0 8 0 PINTYPE=IN
P 43 400 180 380 180 0 3 0
L 375 180 10 0 8 0 1 0 REFCLKN
A 380 180 10 0 3 0 #=43
A 380 185 10 0 8 0 PINTYPE=IN
P 44 400 190 380 190 0 3 0
L 375 190 10 0 8 0 1 0 GND_44
A 380 190 10 0 3 0 #=44
A 380 195 10 0 8 0 PINTYPE=GROUND
P 45 400 200 380 200 0 3 0
L 375 200 10 0 8 0 1 0 TX0P--TX3P
A 380 200 10 0 3 0 #=45
A 380 205 10 0 8 0 PINTYPE=OUT
P 46 400 210 380 210 0 3 0
L 375 210 10 0 8 0 1 0 TX0N--TX3N
A 380 210 10 0 3 0 #=46
A 380 215 10 0 8 0 PINTYPE=OUT
P 47 400 220 380 220 0 3 0
L 375 220 10 0 8 0 1 0 GND_47
A 380 220 10 0 3 0 #=47
A 380 225 10 0 8 0 PINTYPE=GROUND
P 48 400 230 380 230 0 3 0
L 375 230 10 0 8 0 1 0 TX1P--TX2P
A 380 230 10 0 3 0 #=48
A 380 235 10 0 8 0 PINTYPE=OUT
P 49 400 240 380 240 0 3 0
L 375 240 10 0 8 0 1 0 TX1N--TX2N
A 380 240 10 0 3 0 #=49
A 380 245 10 0 8 0 PINTYPE=OUT
P 50 400 250 380 250 0 3 0
L 375 250 10 0 8 0 1 0 GND_50
A 380 250 10 0 3 0 #=50
A 380 255 10 0 8 0 PINTYPE=GROUND
P 51 400 260 380 260 0 3 0
L 375 260 10 0 8 0 1 0 TX2P--TX1P
A 380 260 10 0 3 0 #=51
A 380 265 10 0 8 0 PINTYPE=OUT
P 52 400 270 380 270 0 3 0
L 375 270 10 0 8 0 1 0 TX2N--TX1N
A 380 270 10 0 3 0 #=52
A 380 275 10 0 8 0 PINTYPE=OUT
P 101 400 310 380 310 0 3 0
L 375 310 10 0 8 0 1 0 GND_56
A 380 310 10 0 3 0 #=56
A 380 315 10 0 2 0 PINTYPE=GROUND
P 102 400 300 380 300 0 3 0
L 375 300 10 0 8 0 1 0 TX3N--TX0N
A 380 300 10 0 3 0 #=55
A 380 305 10 0 2 0 PINTYPE=OUT
P 103 400 290 380 290 0 3 0
L 375 290 10 0 8 0 1 0 TX3P--TX0P
A 380 290 10 0 3 0 #=54
A 380 295 10 0 2 0 PINTYPE=OUT
P 104 400 280 380 280 0 3 0
L 375 280 10 0 8 0 1 0 GND_53
A 380 280 10 0 3 0 #=53
A 380 285 10 0 2 0 PINTYPE=GROUND
E 
