V 53
K 1445970250 cfp8.1
F Case
|R 11:24:10_10-27-15
D 0 590 300 -100
Y 1
Z 10
i 710
U 0 -70 10 0 3 0 DATASHEET=XXX
U 0 -60 10 0 3 0 MANF=YAMAICHI
U 0 -40 10 0 3 0 MANF_P/N=CN0696
U 0 -10 10 0 3 0 DEVICE=CFP8
U 25 -100 16 0 3 3 REFDES=J?
U 20 570 10 0 3 3 VALUE=CFP8
U 275 -95 10 0 9 3 PKG_TYPE=TBD
U 0 -100 10 0 1 0 FORWARD_PCB=1
T 25 520 10 0 2 GND
Q 15 0 0
|FNTSTL 16777215 0
T 275 550 10 0 8 GND
Q 15 0 0
|FNTSTL 16777215 0
T 25 490 10 0 2 GND
Q 15 0 0
|FNTSTL 16777215 0
T 150 510 16 0 6 CFP8 MODULE
T 150 495 16 0 6 16x25G
b 20 -80 280 570
T 25 550 10 0 2 GND
Q 15 0 0
|FNTSTL 16777215 0
T 25 460 10 0 2 GND
Q 15 0 0
|FNTSTL 16777215 0
T 25 430 10 0 2 GND
Q 15 0 0
|FNTSTL 16777215 0
T 25 400 10 0 2 GND
Q 15 0 0
|FNTSTL 16777215 0
T 25 370 10 0 2 GND
Q 15 0 0
|FNTSTL 16777215 0
T 25 340 10 0 2 GND
Q 15 0 0
|FNTSTL 16777215 0
T 25 310 10 0 2 GND
Q 15 0 0
|FNTSTL 16777215 0
T 25 290 10 0 2 3.3V
Q 15 0 0
|FNTSTL 16777215 0
T 25 280 10 0 2 3.3V
Q 15 0 0
|FNTSTL 16777215 0
T 25 270 10 0 2 3.3V
Q 15 0 0
|FNTSTL 16777215 0
T 25 260 10 0 2 3.3V
Q 15 0 0
|FNTSTL 16777215 0
T 25 250 10 0 2 3.3V
Q 15 0 0
|FNTSTL 16777215 0
T 25 240 10 0 2 3.3V
Q 15 0 0
|FNTSTL 16777215 0
T 25 230 10 0 2 3.3V
Q 15 0 0
|FNTSTL 16777215 0
T 25 220 10 0 2 3.3V
Q 15 0 0
|FNTSTL 16777215 0
T 25 210 10 0 2 GND
Q 15 0 0
|FNTSTL 16777215 0
T 25 180 10 0 2 GND
Q 15 0 0
|FNTSTL 16777215 0
T 25 150 10 0 2 GND
Q 15 0 0
|FNTSTL 16777215 0
T 25 120 10 0 2 GND
Q 15 0 0
|FNTSTL 16777215 0
T 25 90 10 0 2 GND
Q 15 0 0
|FNTSTL 16777215 0
T 25 60 10 0 2 GND
Q 15 0 0
|FNTSTL 16777215 0
T 25 30 10 0 2 GND
Q 15 0 0
|FNTSTL 16777215 0
T 25 300 10 0 2 GND
Q 15 0 0
|FNTSTL 16777215 0
T 25 0 10 0 2 GND
Q 15 0 0
|FNTSTL 16777215 0
T 25 -30 10 0 2 GND
Q 15 0 0
|FNTSTL 16777215 0
T 25 -60 10 0 2 GND
Q 15 0 0
|FNTSTL 16777215 0
T 275 520 10 0 8 GND
Q 15 0 0
|FNTSTL 16777215 0
T 275 490 10 0 8 GND
Q 15 0 0
|FNTSTL 16777215 0
T 275 460 10 0 8 GND
Q 15 0 0
|FNTSTL 16777215 0
T 275 430 10 0 8 GND
Q 15 0 0
|FNTSTL 16777215 0
T 275 400 10 0 8 GND
Q 15 0 0
|FNTSTL 16777215 0
T 275 370 10 0 8 GND
Q 15 0 0
|FNTSTL 16777215 0
T 275 340 10 0 8 GND
Q 15 0 0
|FNTSTL 16777215 0
T 275 310 10 0 8 GND
Q 15 0 0
|FNTSTL 16777215 0
T 275 280 10 0 8 GND
Q 15 0 0
|FNTSTL 16777215 0
T 275 180 10 0 8 GND
Q 15 0 0
|FNTSTL 16777215 0
T 275 150 10 0 8 GND
Q 15 0 0
|FNTSTL 16777215 0
T 275 120 10 0 8 GND
Q 15 0 0
|FNTSTL 16777215 0
T 275 90 10 0 8 GND
Q 15 0 0
|FNTSTL 16777215 0
T 275 60 10 0 8 GND
Q 15 0 0
|FNTSTL 16777215 0
T 275 30 10 0 8 GND
Q 15 0 0
|FNTSTL 16777215 0
T 275 0 10 0 8 GND
Q 15 0 0
|FNTSTL 16777215 0
T 275 -30 10 0 8 GND
Q 15 0 0
|FNTSTL 16777215 0
T 275 -60 10 0 8 GND
Q 15 0 0
|FNTSTL 16777215 0
P 1 0 550 20 550 0 2 0
L 25 550 10 0 2 0 0 0 GND_1
A 20 550 10 0 9 0 #=1
A 30 555 10 0 2 0 PINTYPE=POWER
P 2 0 540 20 540 0 2 0
L 25 540 10 0 2 0 1 0 TX15_N
A 20 540 10 0 9 0 #=2
A 30 545 10 0 2 0 PINTYPE=IN
P 3 0 530 20 530 0 2 0
L 25 530 10 0 2 0 1 0 TX15_P
A 20 530 10 0 9 0 #=3
A 30 535 10 0 2 0 PINTYPE=IN
P 4 0 520 20 520 0 2 0
L 25 520 10 0 2 0 0 0 GND_4
A 20 520 10 0 9 0 #=4
A 30 525 10 0 2 0 PINTYPE=POWER
P 5 0 510 20 510 0 2 0
L 25 510 10 0 2 0 1 0 TX13_N
A 20 510 10 0 9 0 #=5
A 30 515 10 0 2 0 PINTYPE=IN
P 6 0 500 20 500 0 2 0
L 25 500 10 0 2 0 1 0 TX13_P
A 20 500 10 0 9 0 #=6
A 30 505 10 0 2 0 PINTYPE=IN
P 7 0 490 20 490 0 2 0
L 25 490 10 0 2 0 0 0 GND_7
A 20 490 10 0 9 0 #=7
A 30 495 10 0 2 0 PINTYPE=POWER
P 8 0 480 20 480 0 2 0
L 25 480 10 0 2 0 1 0 TX11_N
A 20 480 10 0 9 0 #=8
A 30 485 10 0 2 0 PINTYPE=IN
P 9 0 470 20 470 0 2 0
L 25 470 10 0 2 0 1 0 TX11_P
A 20 470 10 0 9 0 #=9
A 30 475 10 0 2 0 PINTYPE=IN
P 10 0 460 20 460 0 2 0
L 25 460 10 0 2 0 0 0 GND_10
A 20 460 10 0 9 0 #=10
A 20 465 10 0 2 0 PINTYPE=POWER
P 11 0 450 20 450 0 2 0
L 25 450 10 0 2 0 1 0 TX9_N
A 20 450 10 0 9 0 #=11
A 20 455 10 0 2 0 PINTYPE=IN
P 12 0 440 20 440 0 2 0
L 25 440 10 0 2 0 1 0 TX9_P
A 20 440 10 0 9 0 #=12
A 20 445 10 0 2 0 PINTYPE=IN
P 13 0 430 20 430 0 2 0
L 25 430 10 0 2 0 0 0 GND_13
A 20 430 10 0 9 0 #=13
A 20 435 10 0 2 0 PINTYPE=POWER
P 14 0 420 20 420 0 2 0
L 25 420 10 0 2 0 1 0 TX7_N
A 20 420 10 0 9 0 #=14
A 20 425 10 0 2 0 PINTYPE=IN
P 15 0 410 20 410 0 2 0
L 25 410 10 0 2 0 1 0 TX7_P
A 20 410 10 0 9 0 #=15
A 20 415 10 0 2 0 PINTYPE=IN
P 16 0 400 20 400 0 2 0
L 25 400 10 0 2 0 0 0 GND_16
A 20 400 10 0 9 0 #=16
A 20 405 10 0 2 0 PINTYPE=POWER
P 17 0 390 20 390 0 2 0
L 25 390 10 0 2 0 1 0 TX5_N
A 20 390 10 0 9 0 #=17
A 20 395 10 0 2 0 PINTYPE=IN
P 18 0 380 20 380 0 2 0
L 25 380 10 0 2 0 1 0 TX5_P
A 20 380 10 0 9 0 #=18
A 20 385 10 0 2 0 PINTYPE=IN
P 19 0 370 20 370 0 2 0
L 25 370 10 0 2 0 0 0 GND_19
A 20 370 10 0 9 0 #=19
A 20 375 10 0 2 0 PINTYPE=POWER
P 20 0 360 20 360 0 2 0
L 25 360 10 0 2 0 1 0 TX3_N
A 20 360 10 0 9 0 #=20
A 20 365 10 0 2 0 PINTYPE=IN
P 21 0 350 20 350 0 2 0
L 25 350 10 0 2 0 1 0 TX3_P
A 20 350 10 0 9 0 #=21
A 20 355 10 0 2 0 PINTYPE=IN
P 22 0 340 20 340 0 2 0
L 25 340 10 0 2 0 0 0 GND_22
A 20 340 10 0 9 0 #=22
A 20 345 10 0 2 0 PINTYPE=POWER
P 23 0 330 20 330 0 2 0
L 25 330 10 0 2 0 1 0 TX1_N
A 20 330 10 0 9 0 #=23
A 20 335 10 0 2 0 PINTYPE=IN
P 24 0 320 20 320 0 2 0
L 25 320 10 0 2 0 1 0 TX1_P
A 20 320 10 0 9 0 #=24
A 20 325 10 0 2 0 PINTYPE=IN
P 25 0 310 20 310 0 2 0
L 25 310 10 0 2 0 0 0 GND_25
A 20 310 10 0 9 0 #=25
A 20 315 10 0 2 0 PINTYPE=POWER
P 26 0 300 20 300 0 2 0
L 25 300 10 0 2 0 0 0 GND_26
A 20 300 10 0 9 0 #=26
A 20 305 10 0 2 0 PINTYPE=POWER
P 27 0 290 20 290 0 2 0
L 25 290 10 0 2 0 0 0 3.3V_27
A 20 290 10 0 9 0 #=27
A 20 295 10 0 2 0 PINTYPE=POWER
P 28 0 280 20 280 0 2 0
L 25 280 10 0 2 0 0 0 3.3V_28
A 20 280 10 0 9 0 #=28
A 20 285 10 0 2 0 PINTYPE=POWER
P 29 0 270 20 270 0 2 0
L 25 270 10 0 2 0 0 0 3.3V_29
A 20 270 10 0 9 0 #=29
A 20 275 10 0 2 0 PINTYPE=POWER
P 30 0 260 20 260 0 2 0
L 25 260 10 0 2 0 0 0 3.3V_30
A 20 260 10 0 9 0 #=30
A 20 265 10 0 2 0 PINTYPE=POWER
P 31 0 250 20 250 0 2 0
L 25 250 10 0 2 0 0 0 3.3V_31
A 20 250 10 0 9 0 #=31
A 20 255 10 0 2 0 PINTYPE=POWER
P 32 0 240 20 240 0 2 0
L 25 240 10 0 2 0 0 0 3.3V_32
A 20 240 10 0 9 0 #=32
A 20 245 10 0 2 0 PINTYPE=POWER
P 33 0 230 20 230 0 2 0
L 25 230 10 0 2 0 0 0 3.3V_33
A 20 230 10 0 9 0 #=33
A 20 235 10 0 2 0 PINTYPE=POWER
P 34 0 220 20 220 0 2 0
L 25 220 10 0 2 0 0 0 3.3V_34
A 20 220 10 0 9 0 #=34
A 20 225 10 0 2 0 PINTYPE=POWER
P 35 0 210 20 210 0 2 0
L 25 210 10 0 2 0 0 0 GND_35
A 20 210 10 0 9 0 #=35
A 20 215 10 0 2 0 PINTYPE=POWER
P 36 0 200 20 200 0 2 0
L 25 200 10 0 2 0 1 0 MCLK_N
A 20 200 10 0 9 0 #=36
A 20 205 10 0 2 0 PINTYPE=OUT
P 37 0 190 20 190 0 2 0
L 25 190 10 0 2 0 1 0 MCLK_P
A 20 190 10 0 9 0 #=37
A 20 195 10 0 2 0 PINTYPE=OUT
P 38 0 180 20 180 0 2 0
L 25 180 10 0 2 0 0 0 GND_38
A 20 180 10 0 9 0 #=38
A 20 185 10 0 2 0 PINTYPE=POWER
P 39 0 170 20 170 0 2 0
L 25 170 10 0 2 0 1 0 RX15_N
A 20 170 10 0 9 0 #=39
A 20 175 10 0 2 0 PINTYPE=OUT
P 40 0 160 20 160 0 2 0
L 25 160 10 0 2 0 1 0 RX15_P
A 20 160 10 0 9 0 #=40
A 20 165 10 0 2 0 PINTYPE=OUT
P 41 0 150 20 150 0 2 0
L 25 150 10 0 2 0 0 0 GND_41
A 20 150 10 0 9 0 #=41
A 20 155 10 0 2 0 PINTYPE=POWER
P 42 0 140 20 140 0 2 0
L 25 140 10 0 2 0 1 0 RX13_N
A 20 140 10 0 9 0 #=42
A 20 145 10 0 2 0 PINTYPE=OUT
P 43 0 130 20 130 0 2 0
L 25 130 10 0 2 0 1 0 RX13_P
A 20 130 10 0 9 0 #=43
A 20 135 10 0 2 0 PINTYPE=OUT
P 44 0 120 20 120 0 2 0
L 25 120 10 0 2 0 0 0 GND_44
A 20 120 10 0 9 0 #=44
A 20 125 10 0 2 0 PINTYPE=POWER
P 45 0 110 20 110 0 2 0
L 25 110 10 0 2 0 1 0 RX11_N
A 20 110 10 0 9 0 #=45
A 20 115 10 0 2 0 PINTYPE=OUT
P 46 0 100 20 100 0 2 0
L 25 100 10 0 2 0 1 0 RX11_P
A 20 100 10 0 9 0 #=46
A 20 105 10 0 2 0 PINTYPE=OUT
P 47 0 90 20 90 0 2 0
L 25 90 10 0 2 0 0 0 GND_47
A 20 90 10 0 9 0 #=47
A 20 95 10 0 2 0 PINTYPE=POWER
P 48 0 80 20 80 0 2 0
L 25 80 10 0 2 0 1 0 RX9_N
A 20 80 10 0 9 0 #=48
A 20 85 10 0 2 0 PINTYPE=OUT
P 49 0 70 20 70 0 2 0
L 25 70 10 0 2 0 1 0 RX9_P
A 20 70 10 0 9 0 #=49
A 20 75 10 0 2 0 PINTYPE=OUT
P 50 0 60 20 60 0 2 0
L 25 60 10 0 2 0 0 0 GND_50
A 20 60 10 0 9 0 #=50
A 20 65 10 0 2 0 PINTYPE=POWER
P 51 0 50 20 50 0 2 0
L 25 50 10 0 2 0 1 0 RX7_N
A 20 50 10 0 9 0 #=51
A 20 55 10 0 2 0 PINTYPE=OUT
P 52 0 40 20 40 0 2 0
L 25 40 10 0 2 0 1 0 RX7_P
A 20 40 10 0 9 0 #=52
A 20 45 10 0 2 0 PINTYPE=OUT
P 489 0 30 20 30 0 2 0
L 21 30 10 0 2 0 0 0 GND_53
A 0 30 10 0 1 0 PINTYPE=POWER
A 20 30 10 0 9 0 #=53
P 496 0 20 20 20 0 2 0
L 25 20 10 0 2 0 1 0 RX5_N
A 0 20 10 0 1 0 PINTYPE=OUT
A 20 20 10 0 9 0 #=54
P 499 0 10 20 10 0 2 0
L 25 10 10 0 2 0 1 0 RX5_P
A 0 10 10 0 1 0 PINTYPE=OUT
A 20 10 10 0 9 0 #=55
P 502 0 0 20 0 0 2 0
L 21 0 10 0 2 0 0 0 GND_56
A 0 0 10 0 1 0 PINTYPE=POWER
A 20 0 10 0 9 0 #=56
P 505 0 -10 20 -10 0 2 0
L 25 -10 10 0 2 0 1 0 RX3_N
A 0 -10 10 0 1 0 PINTYPE=OUT
A 20 -10 10 0 9 0 #=57
P 508 0 -20 20 -20 0 2 0
L 25 -20 10 0 2 0 1 0 RX3_P
A 0 -20 10 0 1 0 PINTYPE=OUT
A 20 -20 10 0 9 0 #=58
P 511 0 -30 20 -30 0 2 0
L 21 -30 10 0 2 0 0 0 GND_59
A 0 -30 10 0 1 0 PINTYPE=POWER
A 20 -30 10 0 9 0 #=59
P 514 0 -40 20 -40 0 2 0
L 25 -40 10 0 2 0 1 0 RX1_N
A 0 -40 10 0 1 0 PINTYPE=OUT
A 20 -40 10 0 9 0 #=60
P 517 0 -50 20 -50 0 2 0
L 25 -50 10 0 2 0 1 0 RX1_P
A 0 -50 10 0 1 0 PINTYPE=OUT
A 20 -50 10 0 9 0 #=61
P 520 0 -60 20 -60 0 2 0
L 21 -60 10 0 2 0 0 0 GND_62
A 0 -60 10 0 1 0 PINTYPE=POWER
A 20 -60 10 0 9 0 #=62
P 526 300 550 280 550 0 3 0
L 279 550 10 0 8 0 0 0 GND_124
A 300 550 10 0 1 0 PINTYPE=POWER
A 280 550 10 0 3 0 #=124
P 529 300 540 280 540 0 3 0
L 274 540 10 0 8 0 1 0 TX14_N
A 300 540 10 0 1 0 PINTYPE=IN
A 280 540 10 0 3 0 #=123
P 532 300 530 280 530 0 3 0
L 274 530 10 0 8 0 1 0 TX14_P
A 300 530 10 0 1 0 PINTYPE=IN
A 280 530 10 0 3 0 #=122
P 535 300 520 280 520 0 3 0
L 279 520 10 0 8 0 0 0 GND_121
A 300 520 10 0 1 0 PINTYPE=POWER
A 280 520 10 0 3 0 #=121
P 538 300 510 280 510 0 3 0
L 274 510 10 0 8 0 1 0 TX12_N
A 300 510 10 0 1 0 PINTYPE=IN
A 280 510 10 0 3 0 #=120
P 541 300 500 280 500 0 3 0
L 274 500 10 0 8 0 1 0 TX12_P
A 300 500 10 0 1 0 PINTYPE=IN
A 280 500 10 0 3 0 #=119
P 544 300 490 280 490 0 3 0
L 279 490 10 0 8 0 0 0 GND_118
A 300 490 10 0 1 0 PINTYPE=POWER
A 280 490 10 0 3 0 #=118
P 547 300 480 280 480 0 3 0
L 274 480 10 0 8 0 1 0 TX10_N
A 300 480 10 0 1 0 PINTYPE=IN
A 280 480 10 0 3 0 #=117
P 550 300 470 280 470 0 3 0
L 274 470 10 0 8 0 1 0 TX10_P
A 300 470 10 0 1 0 PINTYPE=IN
A 280 470 10 0 3 0 #=116
P 553 300 460 280 460 0 3 0
L 279 460 10 0 8 0 0 0 GND_115
A 300 460 10 0 1 0 PINTYPE=POWER
A 280 460 10 0 3 0 #=115
P 556 300 450 280 450 0 3 0
L 274 450 10 0 8 0 1 0 TX8_N
A 300 450 10 0 1 0 PINTYPE=IN
A 280 450 10 0 3 0 #=114
P 559 300 440 280 440 0 3 0
L 274 440 10 0 8 0 1 0 TX8_P
A 300 440 10 0 1 0 PINTYPE=IN
A 280 440 10 0 3 0 #=113
P 562 300 430 280 430 0 3 0
L 279 430 10 0 8 0 0 0 GND_112
A 300 430 10 0 1 0 PINTYPE=POWER
A 280 430 10 0 3 0 #=112
P 565 300 420 280 420 0 3 0
L 274 420 10 0 8 0 1 0 TX6_N
A 300 420 10 0 1 0 PINTYPE=IN
A 280 420 10 0 3 0 #=111
P 568 300 410 280 410 0 3 0
L 274 410 10 0 8 0 1 0 TX6_P
A 300 410 10 0 1 0 PINTYPE=IN
A 280 410 10 0 3 0 #=110
P 571 300 400 280 400 0 3 0
L 279 400 10 0 8 0 0 0 GND_109
A 300 400 10 0 1 0 PINTYPE=POWER
A 280 400 10 0 3 0 #=109
P 574 300 390 280 390 0 3 0
L 274 390 10 0 8 0 1 0 TX4_N
A 300 390 10 0 1 0 PINTYPE=IN
A 280 390 10 0 3 0 #=108
P 577 300 380 280 380 0 3 0
L 274 380 10 0 8 0 1 0 TX4_P
A 300 380 10 0 1 0 PINTYPE=IN
A 280 380 10 0 3 0 #=107
P 580 300 370 280 370 0 3 0
L 279 370 10 0 8 0 0 0 GND_106
A 300 370 10 0 1 0 PINTYPE=POWER
A 280 370 10 0 3 0 #=106
P 583 300 360 280 360 0 3 0
L 274 360 10 0 8 0 1 0 TX2_N
A 300 360 10 0 1 0 PINTYPE=IN
A 280 360 10 0 3 0 #=105
P 586 300 350 280 350 0 3 0
L 274 350 10 0 8 0 1 0 TX2_P
A 300 350 10 0 1 0 PINTYPE=IN
A 280 350 10 0 3 0 #=104
P 589 300 340 280 340 0 3 0
L 279 340 10 0 8 0 0 0 GND_103
A 300 340 10 0 1 0 PINTYPE=POWER
A 280 340 10 0 3 0 #=103
P 592 300 330 280 330 0 3 0
L 274 330 10 0 8 0 1 0 TX0_N
A 300 330 10 0 1 0 PINTYPE=IN
A 280 330 10 0 3 0 #=102
P 595 300 320 280 320 0 3 0
L 274 320 10 0 8 0 1 0 TX0_P
A 300 320 10 0 1 0 PINTYPE=IN
A 280 320 10 0 3 0 #=101
P 598 300 310 280 310 0 3 0
L 279 310 10 0 8 0 0 0 GND_100
A 300 310 10 0 1 0 PINTYPE=POWER
A 280 310 10 0 3 0 #=100
P 601 300 300 280 300 0 3 0
L 274 300 10 0 8 0 1 0 REFCLK_N
A 300 300 10 0 1 0 PINTYPE=IN
A 280 300 10 0 3 0 #=99
P 604 300 290 280 290 0 3 0
L 274 290 10 0 8 0 1 0 REFCLK_P
A 300 290 10 0 1 0 PINTYPE=IN
A 280 290 10 0 3 0 #=98
P 607 300 280 280 280 0 3 0
L 279 280 10 0 8 0 0 0 GND_97
A 300 280 10 0 1 0 PINTYPE=POWER
A 280 280 10 0 3 0 #=97
P 610 300 270 280 270 0 3 0
L 274 270 10 0 8 0 1 0 TX_DIS
A 300 270 10 0 1 0 PINTYPE=IN
A 280 270 10 0 3 0 #=96
P 613 300 260 280 260 0 3 0
L 274 260 10 0 8 0 1 0 RX_LOS
A 300 260 10 0 1 0 PINTYPE=OUT
A 280 260 10 0 3 0 #=95
P 616 300 250 280 250 0 3 0
L 274 250 10 0 8 0 1 0 MOD_LOPWR
A 300 250 10 0 1 0 PINTYPE=IN
A 280 250 10 0 3 0 #=94
P 619 300 240 280 240 0 3 0
L 274 240 10 0 8 0 1 0 MOD_ABS
A 300 240 10 0 1 0 PINTYPE=OUT
A 280 240 10 0 3 0 #=93
P 622 300 230 280 230 0 3 0
L 274 230 10 0 8 0 1 0 MDC
A 300 230 10 0 1 0 PINTYPE=IN
A 280 230 10 0 3 0 #=92
P 625 300 220 280 220 0 3 0
L 274 220 10 0 8 0 1 0 MDIO
A 300 220 10 0 1 0 PINTYPE=BI
A 280 220 10 0 3 0 #=91
P 628 300 210 280 210 0 3 0
L 274 210 10 0 8 0 1 0 MOD_SELn
A 300 210 10 0 1 0 PINTYPE=IN
A 280 210 10 0 3 0 #=90
P 631 300 200 280 200 0 3 0
L 274 200 10 0 8 0 1 0 GLB_ALRMn
A 300 200 10 0 1 0 PINTYPE=OUT
A 280 200 10 0 3 0 #=89
P 634 300 190 280 190 0 3 0
L 274 190 10 0 8 0 1 0 MOD_RSTn
A 300 190 10 0 1 0 PINTYPE=IN
A 280 190 10 0 3 0 #=88
P 637 300 180 280 180 0 3 0
L 279 180 10 0 8 0 0 0 GND_87
A 300 180 10 0 1 0 PINTYPE=POWER
A 280 180 10 0 3 0 #=87
P 640 300 170 280 170 0 3 0
L 274 170 10 0 8 0 1 0 RX14_N
A 300 170 10 0 1 0 PINTYPE=OUT
A 280 170 10 0 3 0 #=86
P 643 300 160 280 160 0 3 0
L 274 160 10 0 8 0 1 0 RX14_P
A 300 160 10 0 1 0 PINTYPE=OUT
A 280 160 10 0 3 0 #=85
P 646 300 150 280 150 0 3 0
L 279 150 10 0 8 0 0 0 GND_84
A 300 150 10 0 1 0 PINTYPE=POWER
A 280 150 10 0 3 0 #=84
P 649 300 140 280 140 0 3 0
L 274 140 10 0 8 0 1 0 RX12_N
A 300 140 10 0 1 0 PINTYPE=OUT
A 280 140 10 0 3 0 #=83
P 652 300 130 280 130 0 3 0
L 274 130 10 0 8 0 1 0 RX12_P
A 300 130 10 0 1 0 PINTYPE=OUT
A 280 130 10 0 3 0 #=82
P 655 300 120 280 120 0 3 0
L 279 120 10 0 8 0 0 0 GND_81
A 300 120 10 0 1 0 PINTYPE=POWER
A 280 120 10 0 3 0 #=81
P 658 300 110 280 110 0 3 0
L 274 110 10 0 8 0 1 0 RX10_N
A 300 110 10 0 1 0 PINTYPE=OUT
A 280 110 10 0 3 0 #=80
P 661 300 100 280 100 0 3 0
L 274 100 10 0 8 0 1 0 RX10_P
A 300 100 10 0 1 0 PINTYPE=OUT
A 280 100 10 0 3 0 #=79
P 664 300 90 280 90 0 3 0
L 279 90 10 0 8 0 0 0 GND_78
A 300 90 10 0 1 0 PINTYPE=POWER
A 280 90 10 0 3 0 #=78
P 667 300 80 280 80 0 3 0
L 274 80 10 0 8 0 1 0 RX8_N
A 300 80 10 0 1 0 PINTYPE=OUT
A 280 80 10 0 3 0 #=77
P 670 300 70 280 70 0 3 0
L 274 70 10 0 8 0 1 0 RX8_P
A 300 70 10 0 1 0 PINTYPE=OUT
A 280 70 10 0 3 0 #=76
P 673 300 60 280 60 0 3 0
L 279 60 10 0 8 0 0 0 GND_75
A 300 60 10 0 1 0 PINTYPE=POWER
A 280 60 10 0 3 0 #=75
P 676 300 50 280 50 0 3 0
L 274 50 10 0 8 0 1 0 RX6_N
A 300 50 10 0 1 0 PINTYPE=OUT
A 280 50 10 0 3 0 #=74
P 679 300 40 280 40 0 3 0
L 274 40 10 0 8 0 1 0 RX6_P
A 300 40 10 0 1 0 PINTYPE=OUT
A 280 40 10 0 3 0 #=73
P 682 300 30 280 30 0 3 0
L 279 30 10 0 8 0 0 0 GND_72
A 300 30 10 0 1 0 PINTYPE=POWER
A 280 30 10 0 3 0 #=72
P 685 300 20 280 20 0 3 0
L 274 20 10 0 8 0 1 0 RX4_N
A 300 20 10 0 1 0 PINTYPE=OUT
A 280 20 10 0 3 0 #=71
P 688 300 10 280 10 0 3 0
L 274 10 10 0 8 0 1 0 RX4_P
A 300 10 10 0 1 0 PINTYPE=OUT
A 280 10 10 0 3 0 #=70
P 691 300 0 280 0 0 3 0
L 279 0 10 0 8 0 0 0 GND_69
A 300 0 10 0 1 0 PINTYPE=POWER
A 280 0 10 0 3 0 #=69
P 694 300 -10 280 -10 0 3 0
L 274 -10 10 0 8 0 1 0 RX2_N
A 300 -10 10 0 1 0 PINTYPE=OUT
A 280 -10 10 0 3 0 #=68
P 697 300 -20 280 -20 0 3 0
L 274 -20 10 0 8 0 1 0 RX2_P
A 300 -20 10 0 1 0 PINTYPE=OUT
A 280 -20 10 0 3 0 #=67
P 700 300 -30 280 -30 0 3 0
L 279 -30 10 0 8 0 0 0 GND_66
A 300 -30 10 0 1 0 PINTYPE=POWER
A 280 -30 10 0 3 0 #=66
P 703 300 -40 280 -40 0 3 0
L 274 -40 10 0 8 0 1 0 RX0_N
A 300 -40 10 0 1 0 PINTYPE=OUT
A 280 -40 10 0 3 0 #=65
P 706 300 -50 280 -50 0 3 0
L 274 -50 10 0 8 0 1 0 RX0_P
A 300 -50 10 0 1 0 PINTYPE=OUT
A 280 -50 10 0 3 0 #=64
P 709 300 -60 280 -60 0 3 0
L 279 -60 10 0 8 0 0 0 GND_63
A 300 -60 10 0 1 0 PINTYPE=POWER
A 280 -60 10 0 3 0 #=63
E 
