V 53
K 1447355738 CFP8_CAGE_SINGLE.1
F Case
|R 11:15:38_11-12-15
D 0 224 100 0
Y 1
Z 10
i 64
U 0 -70 10 0 3 0 DATASHEET=TBD
U 0 -30 10 0 3 0 PARTS=1
U 0 -10 10 0 3 0 DEVICE=CFP8_CAGE_SINGLE
U 20 0 16 0 3 3 REFDES=J?
U 20 210 10 0 3 3 VALUE=CFP8_CAGE_SINGLE
U 0 0 10 0 3 0 PKG_TYPE=PKG_TYPE
U 0 0 10 0 1 0 FORWARD_PCB=1
b 20 20 80 210
P 1 100 200 80 200 0 3 0
L 75 200 10 0 8 0 1 0 MH1
A 100 200 10 0 9 0 PINTYPE=IN
A 95 200 10 0 9 3 #=1
P 46 100 190 80 190 0 3 0
L 75 190 10 0 8 0 1 0 MH2
A 100 190 10 0 9 0 PINTYPE=IN
A 95 190 10 0 9 3 #=2
P 47 100 180 80 180 0 3 0
L 75 180 10 0 8 0 1 0 MH3
A 100 180 10 0 9 0 PINTYPE=IN
A 95 180 10 0 9 3 #=3
P 48 100 170 80 170 0 3 0
L 75 170 10 0 8 0 1 0 MH4
A 100 170 10 0 9 0 PINTYPE=IN
A 95 170 10 0 9 3 #=4
P 49 100 160 80 160 0 3 0
L 75 160 10 0 8 0 1 0 MH5
A 100 160 10 0 9 0 PINTYPE=IN
A 95 160 10 0 9 3 #=5
P 50 100 150 80 150 0 3 0
L 75 150 10 0 8 0 1 0 MH6
A 100 150 10 0 9 0 PINTYPE=IN
A 95 150 10 0 9 3 #=6
P 51 100 140 80 140 0 3 0
L 75 140 10 0 8 0 1 0 MH7
A 100 140 10 0 9 0 PINTYPE=IN
A 95 140 10 0 9 3 #=7
P 52 100 80 80 80 0 3 0
L 75 80 10 0 8 0 1 0 MH13
A 100 80 10 0 9 0 PINTYPE=IN
A 95 80 10 0 9 3 #=13
P 53 100 90 80 90 0 3 0
L 75 90 10 0 8 0 1 0 MH12
A 100 90 10 0 9 0 PINTYPE=IN
A 95 90 10 0 9 3 #=12
P 54 100 100 80 100 0 3 0
L 75 100 10 0 8 0 1 0 MH11
A 100 100 10 0 9 0 PINTYPE=IN
A 95 100 10 0 9 3 #=11
P 55 100 110 80 110 0 3 0
L 75 110 10 0 8 0 1 0 MH10
A 100 110 10 0 9 0 PINTYPE=IN
A 95 110 10 0 9 3 #=10
P 56 100 120 80 120 0 3 0
L 75 120 10 0 8 0 1 0 MH9
A 100 120 10 0 9 0 PINTYPE=IN
A 95 120 10 0 9 3 #=9
P 57 100 130 80 130 0 3 0
L 75 130 10 0 8 0 1 0 MH8
A 100 130 10 0 9 0 PINTYPE=IN
A 95 130 10 0 9 3 #=8
P 59 100 30 80 30 0 3 0
L 75 30 10 0 8 0 1 0 MH18
A 100 30 10 0 9 0 PINTYPE=IN
A 95 30 10 0 9 3 #=18
P 60 100 40 80 40 0 3 0
L 75 40 10 0 8 0 1 0 MH17
A 100 40 10 0 9 0 PINTYPE=IN
A 95 40 10 0 9 3 #=17
P 61 100 50 80 50 0 3 0
L 75 50 10 0 8 0 1 0 MH16
A 100 50 10 0 9 0 PINTYPE=IN
A 95 50 10 0 9 3 #=16
P 62 100 60 80 60 0 3 0
L 75 60 10 0 8 0 1 0 MH15
A 100 60 10 0 9 0 PINTYPE=IN
A 95 60 10 0 9 3 #=15
P 63 100 70 80 70 0 3 0
L 75 70 10 0 8 0 1 0 MH14
A 100 70 10 0 9 0 PINTYPE=IN
A 95 70 10 0 9 3 #=14
E 
