V 51
K 97768725390 clksel_afx_hsclk
|R 0:22_8-17-13
Y 3
D 0 0 95 70
Z 10
i 0
l 2 15 25 15 45
l 2 65 10 30 10
l 2 65 60 30 60
l 2 30 45 30 60
l 2 65 10 65 25
l 2 15 25 30 25
l 2 15 45 30 45
l 2 65 25 80 25
l 2 80 25 80 45
c 25 35 5
c 70 35 5
l 2 65 45 80 45
l 2 65 45 65 60
l 2 30 10 30 25
T 85 30 10 0 3 AFX HSCLK
c 40 50 5
T 38 45 10 0 3 1
T 23 30 10 0 3 3
b 48 13 62 42
Q 2 13 0
c 55 50 5
T 53 45 10 0 3 2
c 55 35 5
Q 14 0 0
T 53 30 10 0 3 5
T 67 30 10 0 3 6
c 55 20 5
Q 14 0 0
T 53 15 10 0 3 8
b 33 13 47 42
Q 2 13 0
c 40 35 5
Q 14 0 0
c 40 20 5
Q 14 0 0
T 37 30 10 0 3 4
T 37 15 10 0 3 7
E
