V 51
K 416327885700 conn_rt_angle_16m
|R 0:45_6-8-11
Y 1
D 0 0 100 320
Z 10
i 223
U 0 -30 10 0 3 0 MANF_P/N=TSW-108-25-F-D-RA
U 0 -40 10 0 3 0 VENDOR=SAMTEC
U 0 -20 10 0 3 0 PKG_TYPE=HDR_2X8M
U 0 -10 10 0 3 0 DEVICE=HDR_2X8M
U 5 -75 10 0 3 0 LEVEL=STD
U 5 -95 10 0 3 0 PARTS=1
P 200 100 190 80 190 0 3 0
A 90 190 10 0 3 3 #=13
L 15 185 10 0 3 0 0 0 SIG13
A 120 190 10 0 3 0 PINTYPE=IN
P 202 100 170 80 170 0 3 0
A 90 170 10 0 3 3 #=15
L 15 165 10 0 3 0 0 0 SIG15
A 120 170 10 0 3 0 PINTYPE=OUT
P 205 100 290 80 290 0 3 0
A 90 290 10 0 3 3 #=3
L 20 285 10 0 3 0 0 0 S1G3
A 120 290 10 0 3 0 PINTYPE=BI
P 203 100 270 80 270 0 3 0
A 120 270 10 0 3 0 PINTYPE=BI
L 20 265 10 0 3 0 0 0 SIG5
A 90 270 10 0 3 3 #=5
P 198 100 250 80 250 0 3 0
A 90 250 10 0 3 3 #=7
L 20 245 10 0 3 0 0 0 SIG7
A 120 250 10 0 3 0 PINTYPE=BI
P 201 100 230 80 230 0 3 0
A 90 230 10 0 3 3 #=9
L 20 225 10 0 3 0 0 0 SIG9
A 120 230 10 0 3 0 PINTYPE=BI
P 207 100 210 80 210 0 3 0
A 90 210 10 0 3 3 #=11
L 15 205 10 0 3 0 0 0 SIG11
A 125 210 10 0 3 0 PINTYPE=BI
P 147 100 150 80 150 0 3 0
L 20 145 10 0 3 0 0 0 SIG2
A 120 150 10 0 3 0 PINTYPE=OUT
A 90 150 10 0 3 3 #=2
P 151 100 130 80 130 0 3 0
L 20 125 10 0 3 0 0 0 SIG4
A 90 130 10 0 3 3 #=4
A 120 130 10 0 3 0 PINTYPE=OUT
P 150 100 110 80 110 0 3 0
L 20 105 10 0 3 0 0 0 SIG6
A 90 110 10 0 3 3 #=6
A 120 110 10 0 3 0 PINTYPE=OUT
P 155 100 90 80 90 0 3 0
L 20 85 10 0 3 0 0 0 SIG8
A 120 90 10 0 3 0 PINTYPE=IN
A 90 90 10 0 3 3 #=8
P 153 100 70 80 70 0 3 0
A 90 70 10 0 3 3 #=10
L 15 65 10 0 3 0 0 0 SIG10
A 120 70 10 0 3 0 PINTYPE=IN
P 154 100 50 80 50 0 3 0
A 90 50 10 0 3 3 #=12
L 15 45 10 0 3 0 0 0 SIG12
A 125 50 10 0 3 0 PINTYPE=IN
P 197 100 30 80 30 0 3 0
A 90 30 10 0 3 3 #=14
L 15 25 10 0 3 0 0 0 SIG14
A 120 30 10 0 3 0 PINTYPE=IN
P 191 100 10 80 10 0 3 0
A 90 10 10 0 3 3 #=16
L 15 5 10 0 3 0 0 0 SIG16
A 120 10 10 0 3 0 PINTYPE=IN
l 2 70 160 10 160
Q 14 0 0
l 2 0 190 10 200
l 2 0 190 10 180
l 2 0 170 10 180
l 2 0 170 10 160
l 2 0 210 10 220
l 2 0 210 10 200
l 2 0 230 10 240
l 2 0 230 10 220
l 2 0 250 10 260
l 2 0 250 10 240
l 2 0 270 10 280
l 2 0 270 10 260
l 2 0 290 10 300
l 2 0 290 10 280
l 2 80 190 70 200
l 2 70 180 80 190
l 2 80 170 70 180
l 2 70 160 80 170
l 2 80 210 70 220
l 2 70 200 80 210
l 2 80 230 70 240
l 2 70 220 80 230
l 2 80 250 70 260
l 2 70 240 80 250
l 2 80 270 70 280
l 2 70 260 80 270
l 2 80 290 70 300
l 2 70 280 80 290
l 2 80 310 70 320
l 2 70 300 80 310
l 2 0 310 10 320
l 2 0 310 10 300
l 2 70 320 10 320
Q 14 0 0
l 2 0 30 10 40
l 2 0 30 10 20
l 2 0 10 10 20
l 2 0 10 10 0
l 2 0 50 10 60
l 2 0 50 10 40
l 2 0 70 10 80
l 2 0 70 10 60
l 2 0 90 10 100
l 2 0 90 10 80
l 2 0 110 10 120
l 2 0 110 10 100
l 2 0 150 10 160
l 2 0 150 10 140
l 2 80 30 70 40
l 2 70 20 80 30
l 2 80 10 70 20
l 2 70 0 80 10
l 2 80 50 70 60
l 2 70 40 80 50
l 2 80 70 70 80
l 2 70 60 80 70
l 2 80 90 70 100
l 2 70 80 80 90
l 2 80 110 70 120
l 2 70 100 80 110
l 2 80 150 70 160
l 2 70 140 80 150
l 2 -75 -25 -75 -25
l 2 80 130 70 140
l 2 70 120 80 130
l 2 0 130 10 140
l 2 0 130 10 120
l 2 70 140 10 140
Q 14 0 0
l 2 70 320 10 320
l 2 70 300 10 300
l 2 70 280 10 280
l 2 70 260 10 260
l 2 70 240 10 240
l 2 70 220 10 220
l 2 70 200 10 200
l 2 70 180 10 180
l 2 70 160 10 160
l 2 70 140 10 140
l 2 70 120 10 120
l 2 70 100 10 100
l 2 70 80 10 80
l 2 70 60 10 60
l 2 70 40 10 40
l 2 70 20 10 20
l 2 70 0 10 0
U 32 328 16 0 3 3 REFDES=J?
P 211 100 310 80 310 0 3 0
A 90 310 10 0 3 3 #=1
L 20 305 10 0 3 0 0 0 SIG1
A 120 310 10 0 3 0 PINTYPE=BI
T 35 -20 10 0 3 MALE
Q 14 0 0
E
