V 53
K 1438880854 cp2108.1
F Case
|R 10:07:34_8-6-15
D -60 260 135 -200
Y 1
Z 10
i 203
U -45 255 10 0 1 3 DEVICE=CP2108
U -40 -196 10 0 1 0 LEVEL=STD
U -40 -196 10 0 1 0 MANF=SILICON LABS
U 40 -185 10 0 1 0 MANF_P/N=CP2108-B02-GM
U -40 -210 10 0 1 0 Parts=1
U 70 -185 10 0 1 3 PKG_TYPE=64-VFQFN
U -40 -185 10 0 1 3 REFDES=U?
U -40 -345 10 0 1 0 VALUE=CP2108
U -40 -237 10 0 1 0 Model=
U -60 -200 10 0 1 0 FORWARD_PCB=1
b -40 -180 115 240
P 12 -60 210 -40 210 0 2 0
L -38 210 10 0 2 0 1 0 VBUS
A -60 210 10 0 1 0 PINTYPE=IN
A -55 210 10 0 3 3 #=61
P 15 -60 200 -40 200 0 2 0
L -38 200 10 0 2 0 1 0 VREGIN
A -60 200 10 0 1 0 PINTYPE=BI
A -55 200 10 0 3 3 #=60
P 18 -60 190 -40 190 0 2 0
L -38 190 10 0 2 0 1 0 VDD
A -60 190 10 0 1 0 PINTYPE=IN
A -55 190 10 0 3 3 #=58
P 21 -60 160 -40 160 0 2 0
L -38 160 10 0 2 0 1 0 VSS1
A -60 160 10 0 1 0 PINTYPE=IN
A -55 160 10 0 3 3 #=25
P 24 -60 150 -40 150 0 2 0
L -38 150 10 0 2 0 1 0 VSS2
A -60 150 10 0 1 0 PINTYPE=IN
A -55 150 10 0 3 3 #=59
P 27 -60 140 -40 140 0 2 0
L -38 140 10 0 2 0 1 0 VSSHD
A -60 140 10 0 1 0 PINTYPE=IN
A -55 140 10 0 3 3 #=2
P 30 -60 115 -40 115 0 2 0
L -38 115 10 0 2 0 1 0 SUSPEND
A -60 115 10 0 1 0 PINTYPE=OUT
A -55 115 10 0 3 3 #=20
P 33 -60 105 -40 105 0 2 0
L -38 105 10 0 2 0 1 0 SUSPEND_B
A -60 105 10 0 1 0 PINTYPE=OUT
A -55 105 10 0 3 3 #=19
P 36 -60 95 -40 95 0 2 0
L -38 95 10 0 2 0 1 0 NC1
A -60 95 10 0 1 0 PINTYPE=BI
A -55 95 10 0 3 3 #=35
P 39 -60 85 -40 85 0 2 0
L -38 85 10 0 2 0 1 0 NC2
A -60 85 10 0 1 0 PINTYPE=BI
A -55 85 10 0 3 3 #=36
P 42 -60 55 -40 55 0 2 0
L -38 55 10 0 2 0 1 0 D_P
A -60 55 10 0 1 0 PINTYPE=BI
A -55 55 10 0 3 3 #=62
P 45 -60 45 -40 45 0 2 0
L -38 45 10 0 2 0 1 0 D_N
A -60 45 10 0 1 0 PINTYPE=BI
A -55 45 10 0 3 3 #=63
P 48 -60 15 -40 15 0 2 0
L -38 15 10 0 2 0 1 0 GPIO_0
A -60 15 10 0 1 0 PINTYPE=BI
A -55 15 10 0 3 3 #=41
P 51 -60 5 -40 5 0 2 0
L -38 5 10 0 2 0 1 0 GPIO_1
A -60 5 10 0 1 0 PINTYPE=BI
A -55 5 10 0 3 3 #=40
P 54 -60 -5 -40 -5 0 2 0
L -38 -5 10 0 2 0 1 0 GPIO_2
A -60 -5 10 0 1 0 PINTYPE=BI
A -55 -5 10 0 3 3 #=38
P 57 -60 -15 -40 -15 0 2 0
L -38 -15 10 0 2 0 1 0 GPIO_3
A -60 -15 10 0 1 0 PINTYPE=BI
A -55 -15 10 0 3 3 #=37
P 60 -60 -25 -40 -25 0 2 0
L -38 -25 10 0 2 0 1 0 GPIO_4
A -60 -25 10 0 1 0 PINTYPE=BI
A -55 -25 10 0 3 3 #=34
P 63 -60 -35 -40 -35 0 2 0
L -38 -35 10 0 2 0 1 0 GPIO_5
A -60 -35 10 0 1 0 PINTYPE=BI
A -55 -35 10 0 3 3 #=33
P 66 -60 -45 -40 -45 0 2 0
L -38 -45 10 0 2 0 1 0 GPIO_6
A -60 -45 10 0 1 0 PINTYPE=BI
A -55 -45 10 0 3 3 #=32
P 69 -60 -55 -40 -55 0 2 0
L -38 -55 10 0 2 0 1 0 GPIO_7
A -60 -55 10 0 1 0 PINTYPE=BI
A -55 -55 10 0 3 3 #=31
P 72 -60 -65 -40 -65 0 2 0
L -38 -65 10 0 2 0 1 0 GPIO_8
A -60 -65 10 0 1 0 PINTYPE=BI
A -55 -65 10 0 3 3 #=30
P 75 -60 -75 -40 -75 0 2 0
L -38 -75 10 0 2 0 1 0 GPIO_9
A -60 -75 10 0 1 0 PINTYPE=BI
A -55 -75 10 0 3 3 #=29
P 78 -60 -85 -40 -85 0 2 0
L -38 -85 10 0 2 0 1 0 GPIO_10
A -60 -85 10 0 1 0 PINTYPE=BI
A -55 -85 10 0 3 3 #=28
P 81 -60 -95 -40 -95 0 2 0
L -38 -95 10 0 2 0 1 0 GPIO_11
A -60 -95 10 0 1 0 PINTYPE=BI
A -55 -95 10 0 3 3 #=27
P 84 -60 -105 -40 -105 0 2 0
L -38 -105 10 0 2 0 1 0 GPIO_12
A -60 -105 10 0 1 0 PINTYPE=BI
A -55 -105 10 0 3 3 #=26
P 87 -60 -115 -40 -115 0 2 0
L -38 -115 10 0 2 0 1 0 GPIO_13
A -60 -115 10 0 1 0 PINTYPE=BI
A -55 -115 10 0 3 3 #=23
P 90 -60 -125 -40 -125 0 2 0
L -38 -125 10 0 2 0 1 0 GPIO_14
A -60 -125 10 0 1 0 PINTYPE=BI
A -55 -125 10 0 3 3 #=22
P 93 -60 -135 -40 -135 0 2 0
L -38 -135 10 0 2 0 1 0 GPIO_15
A -60 -135 10 0 1 0 PINTYPE=BI
A -55 -135 10 0 3 3 #=21
P 96 135 210 115 210 0 3 0
L 113 210 10 0 8 0 1 0 VIO1
A 135 210 10 0 1 0 PINTYPE=IN
A 130 210 10 0 9 3 #=24
P 99 135 200 115 200 0 3 0
L 113 200 10 0 8 0 1 0 VIO2
A 135 200 10 0 1 0 PINTYPE=IN
A 130 200 10 0 9 3 #=39
P 102 135 190 115 190 0 3 0
L 113 190 10 0 8 0 1 0 VIOHD
A 135 190 10 0 1 0 PINTYPE=IN
A 130 190 10 0 9 3 #=3
P 105 135 165 115 165 0 3 0
L 113 165 10 0 8 0 1 0 TX_0
A 135 165 10 0 1 0 PINTYPE=OUT
A 130 165 10 0 9 3 #=57
P 108 135 155 115 155 0 3 0
L 113 155 10 0 8 0 1 0 RX_0
A 135 155 10 0 1 0 PINTYPE=IN
A 130 155 10 0 9 3 #=56
P 111 135 145 115 145 0 3 0
L 113 145 10 0 8 0 1 0 RTS_0
A 135 145 10 0 1 0 PINTYPE=OUT
A 130 145 10 0 9 3 #=55
P 114 135 135 115 135 0 3 0
L 113 135 10 0 8 0 1 0 CTS_0
A 135 135 10 0 1 0 PINTYPE=IN
A 130 135 10 0 9 3 #=54
P 117 135 125 115 125 0 3 0
L 113 125 10 0 8 0 1 0 DTR_0
A 135 125 10 0 1 0 PINTYPE=OUT
A 130 125 10 0 9 3 #=53
P 120 135 115 115 115 0 3 0
L 113 115 10 0 8 0 1 0 DSR_0
A 135 115 10 0 1 0 PINTYPE=IN
A 130 115 10 0 9 3 #=52
P 123 135 105 115 105 0 3 0
L 113 105 10 0 8 0 1 0 DCD_0
A 135 105 10 0 1 0 PINTYPE=IN
A 130 105 10 0 9 3 #=51
P 126 135 95 115 95 0 3 0
L 113 95 10 0 8 0 1 0 RI_0
A 135 95 10 0 1 0 PINTYPE=IN
A 130 95 10 0 9 3 #=50
P 129 135 80 115 80 0 3 0
L 113 80 10 0 8 0 1 0 TX_1
A 135 80 10 0 1 0 PINTYPE=OUT
A 130 80 10 0 9 3 #=49
P 132 135 70 115 70 0 3 0
L 113 70 10 0 8 0 1 0 RX_1
A 135 70 10 0 1 0 PINTYPE=IN
A 130 70 10 0 9 3 #=48
P 135 135 60 115 60 0 3 0
L 113 60 10 0 8 0 1 0 RTS_1
A 135 60 10 0 1 0 PINTYPE=OUT
A 130 60 10 0 9 3 #=47
P 138 135 50 115 50 0 3 0
L 113 50 10 0 8 0 1 0 CTS_1
A 135 50 10 0 1 0 PINTYPE=IN
A 130 50 10 0 9 3 #=46
P 141 135 40 115 40 0 3 0
L 113 40 10 0 8 0 1 0 DTR_1
A 135 40 10 0 1 0 PINTYPE=OUT
A 130 40 10 0 9 3 #=45
P 144 135 30 115 30 0 3 0
L 113 30 10 0 8 0 1 0 DSR_1
A 135 30 10 0 1 0 PINTYPE=IN
A 130 30 10 0 9 3 #=44
P 147 135 20 115 20 0 3 0
L 113 20 10 0 8 0 1 0 DCD_1
A 135 20 10 0 1 0 PINTYPE=IN
A 130 20 10 0 9 3 #=43
P 150 135 10 115 10 0 3 0
L 113 10 10 0 8 0 1 0 RI_1
A 135 10 10 0 1 0 PINTYPE=IN
A 130 10 10 0 9 3 #=42
P 153 135 -5 115 -5 0 3 0
L 113 -5 10 0 8 0 1 0 TX_2
A 135 -5 10 0 1 0 PINTYPE=OUT
A 130 -5 10 0 9 3 #=16
P 156 135 -15 115 -15 0 3 0
L 113 -15 10 0 8 0 1 0 RX_2
A 135 -15 10 0 1 0 PINTYPE=IN
A 130 -15 10 0 9 3 #=15
P 159 135 -25 115 -25 0 3 0
L 113 -25 10 0 8 0 1 0 RTS_2
A 135 -25 10 0 1 0 PINTYPE=OUT
A 130 -25 10 0 9 3 #=14
P 162 135 -35 115 -35 0 3 0
L 113 -35 10 0 8 0 1 0 CTS_2
A 135 -35 10 0 1 0 PINTYPE=IN
A 130 -35 10 0 9 3 #=13
P 165 135 -45 115 -45 0 3 0
L 113 -45 10 0 8 0 1 0 DTR_2
A 135 -45 10 0 1 0 PINTYPE=OUT
A 130 -45 10 0 9 3 #=18
P 168 135 -55 115 -55 0 3 0
L 113 -55 10 0 8 0 1 0 DSR_2
A 135 -55 10 0 1 0 PINTYPE=IN
A 130 -55 10 0 9 3 #=17
P 171 135 -65 115 -65 0 3 0
L 113 -65 10 0 8 0 1 0 DCD_2
A 135 -65 10 0 1 0 PINTYPE=IN
A 130 -65 10 0 9 3 #=12
P 174 135 -75 115 -75 0 3 0
L 113 -75 10 0 8 0 1 0 RI_2
A 135 -75 10 0 1 0 PINTYPE=IN
A 130 -75 10 0 9 3 #=11
P 177 135 -90 115 -90 0 3 0
L 113 -90 10 0 8 0 1 0 TX_3
A 135 -90 10 0 1 0 PINTYPE=OUT
A 130 -90 10 0 9 3 #=4
P 180 135 -100 115 -100 0 3 0
L 113 -100 10 0 8 0 1 0 RX_3
A 135 -100 10 0 1 0 PINTYPE=IN
A 130 -100 10 0 9 3 #=1
P 183 135 -110 115 -110 0 3 0
L 113 -110 10 0 8 0 1 0 RTS_3
A 135 -110 10 0 1 0 PINTYPE=OUT
A 130 -110 10 0 9 3 #=6
P 186 135 -120 115 -120 0 3 0
L 113 -120 10 0 8 0 1 0 CTS_3
A 135 -120 10 0 1 0 PINTYPE=IN
A 130 -120 10 0 9 3 #=5
P 189 135 -130 115 -130 0 3 0
L 113 -130 10 0 8 0 1 0 DTR_3
A 135 -130 10 0 1 0 PINTYPE=OUT
A 130 -130 10 0 9 3 #=10
P 192 135 -140 115 -140 0 3 0
L 113 -140 10 0 8 0 1 0 DSR_3
A 135 -140 10 0 1 0 PINTYPE=IN
A 130 -140 10 0 9 3 #=9
P 195 135 -150 115 -150 0 3 0
L 113 -150 10 0 8 0 1 0 DCD_3
A 135 -150 10 0 1 0 PINTYPE=IN
A 130 -150 10 0 9 3 #=8
P 198 135 -160 115 -160 0 3 0
L 113 -160 10 0 8 0 1 0 RI_3
A 135 -160 10 0 1 0 PINTYPE=IN
A 130 -160 10 0 9 3 #=7
P 201 -60 -160 -40 -160 0 2 0
L -40 -160 10 0 2 0 1 0 RESET_B
A -60 -160 10 0 1 0 PINTYPE=BI
A -55 -161 10 0 3 3 #=64
P 407 -60 -170 -40 -170 0 2 0
L -40 -170 10 0 2 0 1 0 GNDPAD
A -60 -170 10 0 1 0 PINTYPE=GROUND
A -55 -171 10 0 3 3 #=65
E 
