V 51
K 347859619800 csd16411
|R 21:10_4-1-13
Y 1
D 0 0 140 110
Z 10
i 9
U 0 -60 10 0 3 0 DIST_P/N=296-24255-2-ND
U 0 -50 10 0 3 0 DIST=DIGIKEY
U 0 -40 10 0 3 0 MFG_P/N=CSD16411Q3
U 25 90 10 0 3 3 DEVICE=CSD16411
U 0 -20 10 0 3 0 PARTS=1
U 0 -10 10 0 3 0 LEVEL=STD
U 100 10 10 0 3 3 PKG_TYPE=Q3
U 25 0 16 0 3 3 REFDES=Q?
U 0 -30 10 0 3 0 MFG=TEXAS INSTRUMENTS
P 7 0 50 20 50 0 2 0
L 30 45 10 0 3 0 1 0 S_3
A 0 50 10 0 3 0 PINTYPE=IN
A 10 50 10 0 3 3 #=3
P 6 0 60 20 60 0 2 0
L 30 55 10 0 3 0 1 0 S_2
A 0 60 10 0 3 0 PINTYPE=IN
A 10 60 10 0 3 3 #=2
P 5 140 40 120 40 0 3 0
L 95 35 10 0 3 0 1 0 D_5
A 130 40 10 0 9 3 #=5
P 4 140 50 120 50 0 3 0
L 95 45 10 0 3 0 1 0 D_6
A 130 50 10 0 9 3 #=6
P 3 140 60 120 60 0 3 0
L 95 55 10 0 3 0 1 0 D_7
A 130 60 10 0 9 3 #=7
P 2 140 70 120 70 0 3 0
L 95 65 10 0 3 0 1 0 D_8
A 130 70 10 0 9 3 #=8
P 1 0 70 20 70 0 2 0
L 30 65 10 0 3 0 1 0 S_1
A 0 70 10 0 3 0 PINTYPE=IN
A 10 70 10 0 3 3 #=1
P 8 70 0 70 20 0 1 0
L 60 25 10 0 3 0 1 0 GATE
A 70 20 10 3 1 0 PINTYPE=IN
A 75 15 10 0 1 3 #=4
l 2 70 35 70 45
l 2 85 70 85 77
l 2 70 70 70 77
c 85 70 2
Q 2 1 0
l 2 90 70 85 70
l 2 85 70 85 50
l 2 55 50 55 70
l 2 90 50 80 50
l 2 60 50 50 50
l 2 75 50 65 50
l 2 70 70 50 70
l 2 70 55 70 70
c 70 70 2
Q 2 1 0
l 2 75 74 75 80
l 2 75 80 80 77
l 2 75 74 80 77
l 2 73 55 67 55
l 2 70 50 67 55
l 2 70 50 73 55
l 2 70 77 75 77
l 2 85 77 80 77
b 20 20 120 90
l 2 50 45 90 45
E
