V 51
K 5975350380 ddr4_1v2_288p_skt
|R 19:49_7-31-13
Y 1
D 0 0 1490 200
Z 10
i 631
P 629 30 0 30 30 0 1 0
A 25 30 10 5 2 0 PINTYPE=IN
A 30 30 10 5 3 3 #=1
L 30 30 10 5 8 0 1 0 12V_1_NC
P 628 30 200 30 170 0 0 0
L 35 126 10 1 3 0 1 0 12V_2_NC
A 25 180 10 5 2 0 PINTYPE=IN
A 30 170 10 5 9 3 #=145
P 506 810 0 810 30 0 1 0
A 805 30 10 5 2 0 PINTYPE=IN
A 810 30 10 5 3 3 #=79
L 810 30 10 5 8 0 1 0 A0
P 504 740 0 740 30 0 1 0
A 735 30 10 5 2 0 PINTYPE=IN
A 740 30 10 5 3 3 #=72
L 740 30 10 5 8 0 1 0 A1
P 481 830 200 830 170 0 0 0
A 825 180 10 5 2 0 PINTYPE=IN
A 830 170 10 5 9 3 #=225
L 830 170 10 5 2 0 1 0 A10/AP
P 582 680 200 680 170 0 0 0
A 675 180 10 5 2 0 PINTYPE=IN
A 680 170 10 5 9 3 #=210
L 680 170 10 5 2 0 1 0 A11
P 500 670 0 670 30 0 1 0
A 665 30 10 5 2 0 PINTYPE=IN
A 670 30 10 5 3 3 #=65
L 670 30 10 5 8 0 1 0 A12/BCN
P 483 900 200 900 170 0 0 0
A 895 180 10 5 2 0 PINTYPE=IN
A 900 170 10 5 9 3 #=232
L 900 170 10 5 2 0 1 0 A13
P 596 920 200 920 170 0 0 0
A 915 180 10 5 2 0 PINTYPE=IN
A 920 170 10 5 9 3 #=234
L 920 170 10 5 2 0 1 0 A17
P 586 740 200 740 170 0 0 0
A 735 180 10 5 2 0 PINTYPE=IN
A 740 170 10 5 9 3 #=216
L 740 170 10 5 2 0 1 0 A2
P 503 730 0 730 30 0 1 0
A 725 30 10 5 2 0 PINTYPE=IN
A 730 30 10 5 3 3 #=71
L 730 30 10 5 8 0 1 0 A3
P 585 720 200 720 170 0 0 0
A 715 180 10 5 2 0 PINTYPE=IN
A 720 170 10 5 9 3 #=214
L 720 170 10 5 2 0 1 0 A4
P 584 710 200 710 170 0 0 0
A 705 180 10 5 2 0 PINTYPE=IN
A 710 170 10 5 9 3 #=213
L 710 170 10 5 2 0 1 0 A5
P 502 710 0 710 30 0 1 0
A 705 30 10 5 2 0 PINTYPE=IN
A 710 30 10 5 3 3 #=69
L 710 30 10 5 8 0 1 0 A6
P 583 690 200 690 170 0 0 0
A 685 180 10 5 2 0 PINTYPE=IN
A 690 170 10 5 9 3 #=211
L 690 170 10 5 2 0 1 0 A7
P 501 700 0 700 30 0 1 0
A 695 30 10 5 2 0 PINTYPE=IN
A 700 30 10 5 3 3 #=68
L 700 30 10 5 8 0 1 0 A8
P 224 680 0 680 30 0 1 0
A 675 30 10 5 2 0 PINTYPE=IN
A 680 30 10 5 3 3 #=66
L 680 30 10 5 8 0 1 0 A9
P 499 640 0 640 30 0 1 0
L 640 30 10 1 2 0 1 0 ACT_N
A 640 30 10 3 1 0 PINTYPE=IN
A 630 20 10 1 1 3 #=62
P 581 660 200 660 170 0 0 0
A 655 170 10 1 2 0 PINTYPE=OUT
A 660 170 10 1 3 3 #=208
L 660 170 10 1 8 0 1 0 ALERT_N
P 236 830 0 830 30 0 1 0
A 825 30 10 1 2 0 PINTYPE=IN
A 830 30 10 1 9 3 #=81
L 830 30 10 1 2 0 1 0 BA0
P 480 820 200 820 170 0 0 0
A 815 180 10 5 2 0 PINTYPE=IN
A 820 170 10 5 9 3 #=224
L 820 170 10 5 2 0 1 0 BA1
P 5 650 0 650 30 0 1 0
A 645 30 10 1 2 0 PINTYPE=IN
A 650 30 10 1 9 3 #=63
L 650 30 10 1 2 0 1 0 BG0
P 580 650 200 650 170 0 0 0
A 645 180 10 5 2 0 PINTYPE=IN
A 650 170 10 5 9 3 #=207
L 650 170 10 5 2 0 1 0 BG1
P 240 880 0 880 30 0 1 0
A 875 30 10 5 2 0 PINTYPE=IN
A 880 30 10 5 3 3 #=86
L 880 30 10 5 8 0 1 0 CAS_N/A15
P 13 510 0 510 30 0 1 0
A 505 30 10 1 2 0 PINTYPE=BI
A 510 30 10 1 9 3 #=49
L 510 30 10 1 2 0 1 0 CB0
P 454 520 200 520 170 0 0 0
A 515 180 10 5 2 0 PINTYPE=BI
A 520 170 10 5 9 3 #=194
L 520 170 10 5 2 0 1 0 CB1
P 217 580 0 580 30 0 1 0
A 575 30 10 1 2 0 PINTYPE=BI
A 580 30 10 1 9 3 #=56
L 580 30 10 1 2 0 1 0 CB2
P 467 590 200 590 170 0 0 0
A 585 180 10 5 2 0 PINTYPE=BI
A 590 170 10 5 9 3 #=201
L 590 170 10 5 2 0 1 0 CB3
P 62 490 0 490 30 0 1 0
A 485 30 10 1 2 0 PINTYPE=BI
A 490 30 10 1 9 3 #=47
L 490 30 10 1 2 0 1 0 CB4
P 456 500 200 500 170 0 0 0
A 495 180 10 5 2 0 PINTYPE=BI
A 500 170 10 5 9 3 #=192
L 500 170 10 5 2 0 1 0 CB5
P 216 560 0 560 30 0 1 0
A 555 30 10 1 2 0 PINTYPE=BI
A 560 30 10 1 9 3 #=54
L 560 30 10 1 2 0 1 0 CB6
P 469 570 200 570 170 0 0 0
A 565 180 10 5 2 0 PINTYPE=BI
A 570 170 10 5 9 3 #=199
L 570 170 10 5 2 0 1 0 CB7
P 230 770 0 770 30 0 1 0
A 765 30 10 5 2 0 PINTYPE=IN
A 770 30 10 5 3 3 #=75
L 770 30 10 5 8 0 1 0 CK0_C
P 162 760 0 760 30 0 1 0
A 755 30 10 5 2 0 PINTYPE=IN
A 760 30 10 5 3 3 #=74
L 760 30 10 5 8 0 1 0 CK0_T
P 588 770 200 770 170 0 0 0
L 775 141 10 1 3 0 1 0 CK1_C
A 765 180 10 5 2 0 PINTYPE=IN
A 770 170 10 5 9 3 #=219
P 587 760 200 760 170 0 0 0
L 765 141 10 1 3 0 1 0 CK1_T
A 755 180 10 5 2 0 PINTYPE=IN
A 760 170 10 5 9 3 #=218
P 24 620 0 620 30 0 1 0
A 615 30 10 1 2 0 PINTYPE=IN
A 620 30 10 1 9 3 #=60
L 620 30 10 1 2 0 1 0 CKE0
P 35 70 0 70 30 0 1 0
A 65 40 10 1 2 0 PINTYPE=BI
A 70 30 10 1 9 3 #=5
L 70 30 10 1 2 0 1 0 DQ0
P 431 80 200 80 170 0 0 0
A 75 180 10 5 2 0 PINTYPE=BI
A 80 170 10 5 9 3 #=150
L 80 170 10 5 2 0 1 0 DQ1
P 4 250 0 250 30 0 1 0
A 255 30 10 1 2 0 PINTYPE=BI
A 250 30 10 1 9 3 #=23
L 250 30 10 1 2 0 1 0 DQ10
P 550 260 200 260 170 0 0 0
A 255 180 10 5 2 0 PINTYPE=BI
A 260 170 10 5 9 3 #=168
L 260 170 10 5 2 0 1 0 DQ11
P 2 160 0 160 30 0 1 0
A 155 40 10 1 2 0 PINTYPE=BI
A 160 30 10 1 9 3 #=14
L 160 30 10 1 2 0 1 0 DQ12
P 447 170 200 170 170 0 0 0
A 165 180 10 5 2 0 PINTYPE=BI
A 170 170 10 5 9 3 #=159
L 170 170 10 5 2 0 1 0 DQ13
P 3 230 0 230 30 0 1 0
A 225 30 10 1 2 0 PINTYPE=BI
A 230 30 10 1 9 3 #=21
L 230 30 10 1 2 0 1 0 DQ14
P 548 240 200 240 170 0 0 0
A 235 180 10 5 2 0 PINTYPE=BI
A 240 170 10 5 9 3 #=166
L 240 170 10 5 2 0 1 0 DQ15
P 10 290 0 290 30 0 1 0
A 285 30 10 1 2 0 PINTYPE=BI
A 290 30 10 1 9 3 #=27
L 290 30 10 1 2 0 1 0 DQ16
P 554 300 200 300 170 0 0 0
A 295 180 10 5 2 0 PINTYPE=BI
A 300 170 10 5 9 3 #=172
L 300 170 10 5 2 0 1 0 DQ17
P 12 360 0 360 30 0 1 0
A 355 30 10 1 2 0 PINTYPE=BI
A 360 30 10 1 9 3 #=34
L 360 30 10 1 2 0 1 0 DQ18
P 561 370 200 370 170 0 0 0
A 365 180 10 5 2 0 PINTYPE=BI
A 370 170 10 5 9 3 #=179
L 370 170 10 5 2 0 1 0 DQ19
P 90 140 0 140 30 0 1 0
A 135 30 10 1 2 0 PINTYPE=BI
A 140 30 10 1 9 3 #=12
L 140 30 10 1 2 0 1 0 DQ2
P 9 270 0 270 30 0 1 0
A 265 30 10 1 2 0 PINTYPE=BI
A 270 30 10 1 9 3 #=25
L 270 30 10 1 2 0 1 0 DQ20
P 552 280 200 280 170 0 0 0
A 275 180 10 5 2 0 PINTYPE=BI
A 280 170 10 5 9 3 #=170
L 280 170 10 5 2 0 1 0 DQ21
P 11 340 0 340 30 0 1 0
A 335 30 10 1 2 0 PINTYPE=BI
A 340 30 10 1 9 3 #=32
L 340 30 10 1 2 0 1 0 DQ22
P 559 350 200 350 170 0 0 0
A 345 180 10 5 2 0 PINTYPE=BI
A 350 170 10 5 9 3 #=177
L 350 170 10 5 2 0 1 0 DQ23
P 19 400 0 400 30 0 1 0
A 395 30 10 1 2 0 PINTYPE=BI
A 400 30 10 1 9 3 #=38
L 400 30 10 1 2 0 1 0 DQ24
P 565 410 200 410 170 0 0 0
A 405 180 10 5 2 0 PINTYPE=BI
A 410 170 10 5 9 3 #=183
L 410 170 10 5 2 0 1 0 DQ25
P 21 470 0 470 30 0 1 0
A 465 30 10 1 2 0 PINTYPE=BI
A 470 30 10 1 9 3 #=45
L 470 30 10 1 2 0 1 0 DQ26
P 571 480 200 480 170 0 0 0
A 475 180 10 5 2 0 PINTYPE=BI
A 480 170 10 5 9 3 #=190
L 480 170 10 5 2 0 1 0 DQ27
P 18 380 0 380 30 0 1 0
A 375 30 10 1 2 0 PINTYPE=BI
A 380 30 10 1 9 3 #=36
L 380 30 10 1 2 0 1 0 DQ28
P 437 150 200 150 170 0 0 0
A 145 180 10 5 2 0 PINTYPE=BI
A 150 170 10 5 9 3 #=157
L 150 170 10 5 2 0 1 0 DQ3
P 20 450 0 450 30 0 1 0
A 445 30 10 1 2 0 PINTYPE=BI
A 450 30 10 1 9 3 #=43
L 450 30 10 1 2 0 1 0 DQ30
P 569 460 200 460 170 0 0 0
A 455 180 10 5 2 0 PINTYPE=BI
A 460 170 10 5 9 3 #=188
L 460 170 10 5 2 0 1 0 DQ31
P 247 990 0 990 30 0 1 0
A 985 30 10 1 2 0 PINTYPE=BI
A 990 30 10 1 9 3 #=97
L 990 30 10 1 2 0 1 0 DQ32
P 457 1000 200 1000 170 0 0 0
A 995 180 10 5 2 0 PINTYPE=BI
A 1000 170 10 5 9 3 #=242
L 1000 170 10 5 2 0 1 0 DQ33
P 253 1060 0 1060 30 0 1 0
A 1055 30 10 1 2 0 PINTYPE=BI
A 1060 30 10 1 9 3 #=104
L 1060 30 10 1 2 0 1 0 DQ34
P 446 1070 200 1070 170 0 0 0
A 1065 180 10 5 2 0 PINTYPE=BI
A 1070 170 10 5 9 3 #=249
L 1070 170 10 5 2 0 1 0 DQ35
P 246 970 0 970 30 0 1 0
A 965 30 10 1 2 0 PINTYPE=BI
A 970 30 10 1 9 3 #=95
L 970 30 10 1 2 0 1 0 DQ36
P 459 980 200 980 170 0 0 0
A 975 180 10 5 2 0 PINTYPE=BI
A 980 170 10 5 9 3 #=240
L 980 170 10 5 2 0 1 0 DQ37
P 252 1040 0 1040 30 0 1 0
A 1035 30 10 1 2 0 PINTYPE=BI
A 1040 30 10 1 9 3 #=102
L 1040 30 10 1 2 0 1 0 DQ38
P 444 1050 200 1050 170 0 0 0
A 1045 180 10 5 2 0 PINTYPE=BI
A 1050 170 10 5 9 3 #=247
L 1050 170 10 5 2 0 1 0 DQ39
P 1 50 0 50 30 0 1 0
A 45 40 10 1 2 0 PINTYPE=BI
A 50 30 10 1 9 3 #=3
L 50 30 10 1 2 0 1 0 DQ4
P 258 1100 0 1100 30 0 1 0
A 1095 40 10 1 2 0 PINTYPE=BI
A 1100 30 10 1 9 3 #=108
L 1100 30 10 1 2 0 1 0 DQ40
P 440 1110 200 1110 170 0 0 0
A 1105 180 10 5 2 0 PINTYPE=BI
A 1110 170 10 5 9 3 #=253
L 1110 170 10 5 2 0 1 0 DQ41
P 526 1170 0 1170 30 0 1 0
A 1165 30 10 1 2 0 PINTYPE=BI
A 1170 30 10 1 9 3 #=115
L 1170 30 10 1 2 0 1 0 DQ42
P 610 1180 200 1180 170 0 0 0
A 1175 180 10 5 2 0 PINTYPE=BI
A 1180 170 10 5 9 3 #=260
L 1180 170 10 5 2 0 1 0 DQ43
P 259 1080 0 1080 30 0 1 0
A 1075 40 10 1 2 0 PINTYPE=BI
A 1080 30 10 1 9 3 #=106
L 1080 30 10 1 2 0 1 0 DQ44
P 438 1090 200 1090 170 0 0 0
A 1085 180 10 5 2 0 PINTYPE=BI
A 1090 170 10 5 9 3 #=251
L 1090 170 10 5 2 0 1 0 DQ45
P 523 1150 0 1150 30 0 1 0
A 1145 30 10 1 2 0 PINTYPE=BI
A 1150 30 10 1 9 3 #=113
L 1150 30 10 1 2 0 1 0 DQ46
P 608 1160 200 1160 170 0 0 0
A 1155 180 10 5 2 0 PINTYPE=BI
A 1160 170 10 5 9 3 #=258
L 1160 170 10 5 2 0 1 0 DQ47
P 530 1210 0 1210 30 0 1 0
A 1205 40 10 1 2 0 PINTYPE=BI
A 1210 30 10 1 9 3 #=119
L 1210 30 10 1 2 0 1 0 DQ48
P 616 1240 200 1240 170 0 0 0
A 1235 180 10 5 2 0 PINTYPE=BI
A 1240 170 10 5 9 3 #=266
L 1240 170 10 5 2 0 1 0 DQS6_C
P 429 60 200 60 170 0 0 0
A 55 180 10 5 2 0 PINTYPE=BI
A 60 170 10 5 9 3 #=148
L 60 170 10 5 2 0 1 0 DQ5
P 537 1280 0 1280 30 0 1 0
A 1275 30 10 1 2 0 PINTYPE=BI
A 1280 30 10 1 9 3 #=126
L 1280 30 10 1 2 0 1 0 DQ50
P 621 1310 200 1310 170 0 0 0
A 1305 180 10 5 2 0 PINTYPE=BI
A 1310 170 10 5 9 3 #=273
L 1310 170 10 5 2 0 1 0 DQ61
P 527 1190 0 1190 30 0 1 0
A 1185 40 10 1 2 0 PINTYPE=BI
A 1190 30 10 1 9 3 #=117
L 1190 30 10 1 2 0 1 0 DQ52
P 612 1200 200 1200 170 0 0 0
A 1195 180 10 5 2 0 PINTYPE=BI
A 1200 170 10 5 9 3 #=262
L 1200 170 10 5 2 0 1 0 DQ53
P 534 1260 0 1260 30 0 1 0
A 1255 30 10 1 2 0 PINTYPE=BI
A 1260 30 10 1 9 3 #=124
L 1260 30 10 1 2 0 1 0 DQ54
P 619 1290 200 1290 170 0 0 0
A 1285 180 10 5 2 0 PINTYPE=BI
A 1290 170 10 5 9 3 #=271
L 1290 170 10 5 2 0 1 0 DQ51
P 541 1320 0 1320 30 0 1 0
A 1315 40 10 1 2 0 PINTYPE=BI
A 1320 30 10 1 9 3 #=130
L 1320 30 10 1 2 0 1 0 DQ56
P 545 1390 0 1390 30 0 1 0
A 1385 40 10 1 2 0 PINTYPE=BI
A 1390 30 10 1 9 3 #=137
L 1390 30 10 1 2 0 1 0 DQ58
P 420 1400 200 1400 170 0 0 0
A 1395 180 10 5 2 0 PINTYPE=BI
A 1400 170 10 5 9 3 #=282
L 1400 170 10 5 2 0 1 0 DQ59
P 46 120 0 120 30 0 1 0
A 115 40 10 1 2 0 PINTYPE=BI
A 120 30 10 1 9 3 #=10
L 120 30 10 1 2 0 1 0 DQ6
P 538 1300 0 1300 30 0 1 0
A 1295 40 10 1 2 0 PINTYPE=BI
A 1300 30 10 1 9 3 #=128
L 1300 30 10 1 2 0 1 0 DQ60
P 623 1330 200 1330 170 0 0 0
A 1325 180 10 5 2 0 PINTYPE=BI
A 1330 170 10 5 9 3 #=275
L 1330 170 10 5 2 0 1 0 DQ57
P 543 1370 0 1370 30 0 1 0
A 1365 40 10 1 2 0 PINTYPE=BI
A 1370 30 10 1 9 3 #=135
L 1370 30 10 1 2 0 1 0 DQ62
P 422 1380 200 1380 170 0 0 0
A 1375 180 10 5 2 0 PINTYPE=BI
A 1380 170 10 5 9 3 #=280
L 1380 170 10 5 2 0 1 0 DQ63
P 435 130 200 130 170 0 0 0
A 125 180 10 5 2 0 PINTYPE=BI
A 130 170 10 5 9 3 #=155
L 130 170 10 5 2 0 1 0 DQ7
P 57 180 0 180 30 0 1 0
A 175 30 10 1 2 0 PINTYPE=BI
A 180 30 10 1 9 3 #=16
L 180 30 10 1 2 0 1 0 DQ8
P 449 190 200 190 170 0 0 0
A 185 180 10 5 2 0 PINTYPE=BI
A 190 170 10 5 9 3 #=161
L 190 170 10 5 2 0 1 0 DQ9
P 423 100 200 100 170 0 0 0
A 95 180 10 5 2 0 PINTYPE=IN
A 100 170 10 5 9 3 #=152
L 100 169 10 5 2 0 1 0 DQS0_C
P 425 110 200 110 170 0 0 0
A 105 180 10 5 2 0 PINTYPE=IN
A 110 170 10 5 9 3 #=153
L 110 168 10 5 2 0 1 0 DQS0_T
P 66 210 0 210 30 0 1 0
A 205 30 10 1 2 0 PINTYPE=BI
A 210 30 10 1 9 3 #=19
L 210 30 10 1 2 0 1 0 DQS10_C
P 74 200 0 200 30 0 1 0
A 195 30 10 1 2 0 PINTYPE=BI
A 200 30 10 1 9 3 #=18
L 200 30 10 1 2 0 1 0 DQS10_T_DM1_N
P 67 320 0 320 30 0 1 0
A 315 30 10 1 2 0 PINTYPE=BI
A 320 30 10 1 9 3 #=30
L 320 30 10 1 2 0 1 0 DQS11_C
P 75 310 0 310 30 0 1 0
A 305 30 10 1 2 0 PINTYPE=BI
A 310 30 10 1 9 3 #=29
L 310 30 10 1 2 0 1 0 DQS11_T_DM2_N
P 68 430 0 430 30 0 1 0
A 425 30 10 1 2 0 PINTYPE=BI
A 430 30 10 1 9 3 #=41
L 430 30 10 1 2 0 1 0 DQS12_C
P 76 420 0 420 30 0 1 0
A 415 30 10 1 2 0 PINTYPE=BI
A 420 30 10 1 9 3 #=40
L 420 30 10 1 2 0 1 0 DQS12_T_DM3_N
P 250 1020 0 1020 30 0 1 0
A 1015 30 10 1 2 0 PINTYPE=BI
A 1020 30 10 1 9 3 #=100
L 1020 30 10 1 2 0 1 0 DQS13_C
P 249 1010 0 1010 30 0 1 0
A 1005 30 10 1 2 0 PINTYPE=BI
A 1010 30 10 1 9 3 #=99
L 1010 30 10 1 2 0 1 0 DQS13_T_DM4_N
P 256 1130 0 1130 30 0 1 0
A 1125 30 10 1 2 0 PINTYPE=BI
A 1130 30 10 1 9 3 #=111
L 1130 30 10 1 2 0 1 0 DQS14_C
P 257 1120 0 1120 30 0 1 0
A 1115 30 10 1 2 0 PINTYPE=BI
A 1120 30 10 1 9 3 #=110
L 1120 30 10 1 2 0 1 0 DQS14_T_DM5_N
P 525 1240 0 1240 30 0 1 0
A 1235 30 10 1 2 0 PINTYPE=BI
A 1240 30 10 1 9 3 #=122
L 1240 30 10 1 2 0 1 0 DQS15_C
P 524 1230 0 1230 30 0 1 0
A 1225 30 10 1 2 0 PINTYPE=BI
A 1230 30 10 1 9 3 #=121
L 1230 30 10 1 2 0 1 0 DQS15_T_DM6_N
P 536 1350 0 1350 30 0 1 0
A 1345 30 10 1 2 0 PINTYPE=BI
A 1350 30 10 1 9 3 #=133
L 1350 30 10 1 2 0 1 0 DQS16_C
P 535 1340 0 1340 30 0 1 0
A 1335 30 10 1 2 0 PINTYPE=BI
A 1340 30 10 1 9 3 #=132
L 1340 30 10 1 2 0 1 0 DQS16_T_DM7_N
P 213 540 0 540 30 0 1 0
A 535 30 10 1 2 0 PINTYPE=BI
A 540 30 10 1 9 3 #=52
L 540 30 10 1 2 0 1 0 DQS17_C
P 212 530 0 530 30 0 1 0
A 525 30 10 1 2 0 PINTYPE=BI
A 530 30 10 1 9 3 #=51
L 530 30 10 1 2 0 1 0 DQS17_T_DM8_N
P 441 210 200 210 170 0 0 0
A 205 180 10 5 2 0 PINTYPE=IN
A 210 170 10 5 9 3 #=163
L 210 169 10 5 2 0 1 0 DQS1_C
P 443 220 200 220 170 0 0 0
A 215 180 10 5 2 0 PINTYPE=IN
A 220 170 10 5 9 3 #=164
L 220 168 10 5 2 0 1 0 DQS1_T
P 555 320 200 320 170 0 0 0
A 315 180 10 5 2 0 PINTYPE=IN
A 320 170 10 5 9 3 #=174
L 320 169 10 5 2 0 1 0 DQS2_C
P 556 330 200 330 170 0 0 0
A 325 180 10 5 2 0 PINTYPE=IN
A 330 170 10 5 9 3 #=175
L 330 168 10 5 2 0 1 0 DQS2_T
P 566 430 200 430 170 0 0 0
A 425 180 10 5 2 0 PINTYPE=IN
A 430 170 10 5 9 3 #=185
L 430 169 10 5 2 0 1 0 DQS3_C
P 567 440 200 440 170 0 0 0
A 435 180 10 5 2 0 PINTYPE=IN
A 440 170 10 5 9 3 #=186
L 440 168 10 5 2 0 1 0 DQS3_T
P 600 1020 200 1020 170 0 0 0
A 1015 180 10 5 2 0 PINTYPE=IN
A 1020 170 10 5 9 3 #=244
L 1020 170 10 5 2 0 1 0 DQS4_C
P 601 1030 200 1030 170 0 0 0
A 1025 180 10 5 2 0 PINTYPE=IN
A 1030 170 10 5 9 3 #=245
L 1030 169 10 5 2 0 1 0 DQS4_T
P 602 1130 200 1130 170 0 0 0
A 1125 180 10 5 2 0 PINTYPE=IN
A 1130 170 10 5 9 3 #=255
L 1130 170 10 5 2 0 1 0 DQS5_C
P 603 1140 200 1140 170 0 0 0
A 1135 180 10 5 2 0 PINTYPE=IN
A 1140 170 10 5 9 3 #=256
L 1140 169 10 5 2 0 1 0 DQS5_T
P 606 1270 200 1270 170 0 0 0
A 1265 180 10 5 2 0 PINTYPE=IN
A 1270 170 10 5 9 3 #=269
L 1270 170 10 5 2 0 1 0 DQ55
P 625 1350 200 1350 170 0 0 0
A 1345 180 10 5 2 0 PINTYPE=IN
A 1350 170 10 5 9 3 #=277
L 1350 169 10 5 2 0 1 0 DQS7_C
P 626 1360 200 1360 170 0 0 0
A 1355 180 10 5 2 0 PINTYPE=IN
A 1360 170 10 5 9 3 #=278
L 1360 168 10 5 2 0 1 0 DQS7_T
P 576 540 200 540 170 0 0 0
A 535 180 10 5 2 0 PINTYPE=IN
A 540 170 10 5 9 3 #=196
L 540 169 10 5 2 0 1 0 DQS8_C
P 577 550 200 550 170 0 0 0
A 545 180 10 5 2 0 PINTYPE=IN
A 550 170 10 5 9 3 #=197
L 550 168 10 5 2 0 1 0 DQS8_T
P 65 100 0 100 30 0 1 0
A 95 30 10 1 2 0 PINTYPE=BI
A 100 30 10 1 9 3 #=8
L 100 30 10 1 2 0 1 0 DQS9_C
P 73 90 0 90 30 0 1 0
A 85 30 10 1 2 0 PINTYPE=BI
A 90 30 10 1 9 3 #=7
L 90 30 10 1 2 0 1 0 DQS9_T_DM0_N
P 563 390 200 390 170 0 0 0
A 385 180 10 5 2 0 PINTYPE=BI
A 390 170 10 5 9 3 #=181
L 390 170 10 5 2 0 1 0 DQ29
P 614 1220 200 1220 170 0 0 0
A 1215 180 10 5 2 0 PINTYPE=BI
A 1220 170 10 5 9 3 #=264
L 1220 170 10 5 2 0 1 0 DQ49
P 505 800 0 800 30 0 1 0
A 795 30 10 1 2 0 PINTYPE=OUT
A 800 30 10 1 9 3 #=78
L 800 30 10 1 2 0 1 0 EVENT_N
P 512 950 0 950 30 0 1 0
A 945 30 10 5 2 0 PINTYPE=IN
A 950 30 10 5 3 3 #=93
L 950 30 10 5 8 0 1 0 CS2_N_C0
P 473 630 200 630 170 0 0 0
A 625 180 10 5 2 0 PINTYPE=IN
A 630 170 10 5 9 3 #=205
L 630 170 10 5 2 0 1 0 RFU2
P 591 850 200 850 170 0 0 0
A 845 180 10 5 2 0 PINTYPE=IN
A 850 170 10 5 9 3 #=227
L 850 170 10 5 2 0 1 0 RFU3
P 593 880 200 880 170 0 0 0
A 875 180 10 5 2 0 PINTYPE=IN
A 880 170 10 5 9 3 #=230
L 880 170 10 5 2 0 1 0 SAVE_N_NC
P 597 930 200 930 170 0 0 0
A 925 180 10 5 2 0 PINTYPE=IN
A 930 170 10 5 9 3 #=235
L 930 170 10 5 2 0 1 0 C2_NC
P 599 950 200 950 170 0 0 0
A 945 180 10 5 2 0 PINTYPE=IN
A 950 170 10 5 9 3 #=237
L 950 171 10 5 2 0 1 0 CS3_N_C1
P 229 910 0 910 30 0 1 0
A 905 30 10 5 2 0 PINTYPE=IN
A 910 30 10 5 3 3 #=89
L 910 30 10 5 8 0 1 0 CS1_N
P 511 930 0 930 30 0 1 0
A 925 30 10 5 2 0 PINTYPE=IN
A 930 30 10 5 3 3 #=91
L 930 30 10 5 8 0 1 0 ODT1
P 474 610 200 610 170 0 0 0
L 615 145 10 1 3 0 1 0 CKE1
A 605 180 10 5 2 0 PINTYPE=IN
A 610 170 10 5 9 3 #=203
P 245 890 0 890 30 0 1 0
A 885 30 10 5 2 0 PINTYPE=IN
A 890 30 10 5 3 3 #=87
L 890 30 10 5 8 0 1 0 ODT0
P 590 800 200 800 170 0 0 0
A 795 170 10 1 2 0 PINTYPE=IN
A 800 170 10 1 3 3 #=222
L 800 170 10 1 8 0 1 0 PARITY
P 507 840 0 840 30 0 1 0
A 835 30 10 5 2 0 PINTYPE=IN
A 840 30 10 5 3 3 #=82
L 840 30 10 5 8 0 1 0 RAS_N/A16
P 208 600 0 600 30 0 1 0
L 600 30 10 1 2 0 1 0 RESET_N
A 600 30 10 3 1 0 PINTYPE=IN
A 590 20 10 1 1 3 #=58
P 630 1460 0 1460 30 0 1 0
A 1455 30 10 5 2 0 PINTYPE=IN
A 1460 30 10 5 3 3 #=144
L 1460 30 10 5 8 0 1 0 RFU1
P 508 860 0 860 30 0 1 0
A 855 30 10 5 2 0 PINTYPE=IN
A 860 30 10 5 3 3 #=84
L 860 30 10 5 8 0 1 0 CS0_N
P 193 1410 0 1410 30 0 1 0
A 1405 30 10 5 2 0 PINTYPE=IN
A 1410 30 10 5 3 3 #=139
L 1410 30 10 5 8 0 1 0 SA0
P 283 1420 0 1420 30 0 1 0
A 1415 30 10 5 2 0 PINTYPE=IN
A 1420 30 10 5 3 3 #=140
L 1420 30 10 5 8 0 1 0 SA1
P 385 960 200 960 170 0 0 0
A 955 180 10 5 2 0 PINTYPE=IN
A 960 170 10 5 9 3 #=238
L 960 170 10 5 2 0 1 0 SA2
P 284 1430 0 1430 30 0 1 0
A 1425 30 10 5 2 0 PINTYPE=IN
A 1430 30 10 5 3 3 #=141
L 1430 30 10 5 8 0 1 0 SCL
P 393 1430 200 1430 170 0 0 0
A 1425 180 10 5 2 0 PINTYPE=BI
A 1430 170 10 5 9 3 #=285
L 1430 170 10 5 2 0 1 0 SDA
P 218 610 0 610 30 0 1 0
A 605 30 10 5 2 0 PINTYPE=IN
A 610 30 10 5 3 3 #=59
L 610 30 10 5 8 0 1 0 VDD1
P 241 870 0 870 30 0 1 0
A 865 30 10 5 2 0 PINTYPE=IN
A 870 30 10 5 3 3 #=85
L 870 30 10 5 8 0 1 0 VDD10
P 242 900 0 900 30 0 1 0
A 895 30 10 5 2 0 PINTYPE=IN
A 900 30 10 5 3 3 #=88
L 900 30 10 5 8 0 1 0 VDD11
P 509 920 0 920 30 0 1 0
A 915 30 10 5 2 0 PINTYPE=IN
A 920 30 10 5 3 3 #=90
L 920 30 10 5 8 0 1 0 VDD12
P 510 940 0 940 30 0 1 0
A 935 30 10 5 2 0 PINTYPE=IN
A 940 30 10 5 3 3 #=92
L 940 30 10 5 8 0 1 0 VDD13
P 491 620 200 620 170 0 0 0
A 615 170 10 1 2 0 PINTYPE=IN
A 620 170 10 1 3 3 #=204
L 620 170 10 1 8 0 1 0 VDD14
P 627 640 200 640 170 0 0 0
A 635 170 10 1 2 0 PINTYPE=IN
A 640 170 10 1 3 3 #=206
L 640 170 10 1 8 0 1 0 VDD15
P 497 670 200 670 170 0 0 0
A 665 170 10 1 2 0 PINTYPE=IN
A 670 170 10 1 3 3 #=209
L 670 170 10 1 8 0 1 0 VDD16
P 496 700 200 700 170 0 0 0
A 695 170 10 1 2 0 PINTYPE=IN
A 700 170 10 1 3 3 #=212
L 700 170 10 1 8 0 1 0 VDD17
P 494 730 200 730 170 0 0 0
A 725 170 10 1 2 0 PINTYPE=IN
A 730 170 10 1 3 3 #=215
L 730 170 10 1 8 0 1 0 VDD18
P 488 750 200 750 170 0 0 0
A 745 170 10 1 2 0 PINTYPE=IN
A 750 170 10 1 3 3 #=217
L 750 170 10 1 8 0 1 0 VDD19
P 219 630 0 630 30 0 1 0
A 625 30 10 5 2 0 PINTYPE=IN
A 630 30 10 5 3 3 #=61
L 630 30 10 5 8 0 1 0 VDD2
P 482 780 200 780 170 0 0 0
A 775 170 10 1 2 0 PINTYPE=IN
A 780 170 10 1 3 3 #=220
L 780 170 10 1 8 0 1 0 VDD20
P 478 810 200 810 170 0 0 0
A 805 170 10 1 2 0 PINTYPE=IN
A 810 170 10 1 3 3 #=223
L 810 170 10 1 8 0 1 0 VDD21
P 472 840 200 840 170 0 0 0
A 835 170 10 1 2 0 PINTYPE=IN
A 840 170 10 1 3 3 #=226
L 840 170 10 1 8 0 1 0 VDD22
P 466 870 200 870 170 0 0 0
A 865 170 10 1 2 0 PINTYPE=IN
A 870 170 10 1 3 3 #=229
L 870 170 10 1 8 0 1 0 VDD23
P 594 890 200 890 170 0 0 0
A 885 170 10 1 2 0 PINTYPE=IN
A 890 170 10 1 3 3 #=231
L 890 170 10 1 8 0 1 0 VDD24
P 595 910 200 910 170 0 0 0
A 905 170 10 1 2 0 PINTYPE=IN
A 910 170 10 1 3 3 #=233
L 910 170 10 1 8 0 1 0 VDD25
P 598 940 200 940 170 0 0 0
A 935 170 10 1 2 0 PINTYPE=IN
A 940 170 10 1 3 3 #=236
L 940 170 10 1 8 0 1 0 VDD26
P 222 660 0 660 30 0 1 0
A 655 30 10 5 2 0 PINTYPE=IN
A 660 30 10 5 3 3 #=64
L 660 30 10 5 8 0 1 0 VDD3
P 223 690 0 690 30 0 1 0
A 685 30 10 5 2 0 PINTYPE=IN
A 690 30 10 5 3 3 #=67
L 690 30 10 5 8 0 1 0 VDD4
P 228 720 0 720 30 0 1 0
A 715 30 10 5 2 0 PINTYPE=IN
A 720 30 10 5 3 3 #=70
L 720 30 10 5 8 0 1 0 VDD5
P 231 750 0 750 30 0 1 0
A 745 30 10 5 2 0 PINTYPE=IN
A 750 30 10 5 3 3 #=73
L 750 30 10 5 8 0 1 0 VDD6
P 232 780 0 780 30 0 1 0
A 775 30 10 5 2 0 PINTYPE=IN
A 780 30 10 5 3 3 #=76
L 780 30 10 5 8 0 1 0 VDD7
P 235 820 0 820 30 0 1 0
A 815 30 10 5 2 0 PINTYPE=IN
A 820 30 10 5 3 3 #=80
L 820 30 10 5 8 0 1 0 VDD8
P 238 850 0 850 30 0 1 0
A 845 30 10 5 2 0 PINTYPE=IN
A 850 30 10 5 3 3 #=83
L 850 30 10 5 8 0 1 0 VDD9
P 384 1420 200 1420 170 0 0 0
A 1415 180 10 5 2 0 PINTYPE=IN
A 1420 170 10 5 9 3 #=284
L 1420 170 10 5 2 0 1 0 VDDSPD
P 519 1440 0 1440 30 0 1 0
A 1435 30 10 5 2 0 PINTYPE=IN
A 1440 30 10 5 3 3 #=142
L 1440 30 10 5 8 0 1 0 VPP1
P 282 1450 0 1450 30 0 1 0
A 1445 30 10 5 2 0 PINTYPE=IN
A 1450 30 10 5 3 3 #=143
L 1450 30 10 5 8 0 1 0 VPP2
P 396 1440 200 1440 170 0 0 0
A 1435 170 10 1 2 0 PINTYPE=IN
A 1440 170 10 1 3 3 #=286
L 1440 170 10 1 8 0 1 0 VPP3
P 604 1450 200 1450 170 0 0 0
A 1445 170 10 1 2 0 PINTYPE=IN
A 1450 170 10 1 3 3 #=287
L 1450 170 10 1 8 0 1 0 VPP4
P 631 1460 200 1460 170 0 0 0
A 1455 170 10 1 2 0 PINTYPE=IN
A 1460 170 10 1 3 3 #=288
L 1460 170 10 1 8 0 1 0 VPP5
P 475 40 200 40 170 0 0 0
L 45 133 10 1 3 0 1 0 VREFCA
A 35 180 10 5 2 0 PINTYPE=IN
A 40 170 10 5 9 3 #=146
P 210 40 0 40 30 0 1 0
A 35 30 10 5 2 0 PINTYPE=IN
A 40 30 10 5 3 3 #=2
L 40 30 10 5 8 0 1 0 VSS1
P 152 240 0 240 30 0 1 0
A 235 30 10 5 2 0 PINTYPE=IN
A 240 30 10 5 3 3 #=22
L 240 30 10 5 8 0 1 0 VSS10
P 153 260 0 260 30 0 1 0
A 255 30 10 5 2 0 PINTYPE=IN
A 260 30 10 5 3 3 #=24
L 260 30 10 5 8 0 1 0 VSS11
P 154 280 0 280 30 0 1 0
A 275 30 10 5 2 0 PINTYPE=IN
A 280 30 10 5 3 3 #=26
L 280 30 10 5 8 0 1 0 VSS12
P 155 300 0 300 30 0 1 0
A 295 30 10 5 2 0 PINTYPE=IN
A 300 30 10 5 3 3 #=28
L 300 30 10 5 8 0 1 0 VSS13
P 157 330 0 330 30 0 1 0
A 325 30 10 5 2 0 PINTYPE=IN
A 330 30 10 5 3 3 #=31
L 330 30 10 5 8 0 1 0 VSS14
P 214 350 0 350 30 0 1 0
A 345 30 10 5 2 0 PINTYPE=IN
A 350 30 10 5 3 3 #=33
L 350 30 10 5 8 0 1 0 VSS15
P 215 370 0 370 30 0 1 0
A 365 30 10 5 2 0 PINTYPE=IN
A 370 30 10 5 3 3 #=35
L 370 30 10 5 8 0 1 0 VSS16
P 163 390 0 390 30 0 1 0
A 385 30 10 5 2 0 PINTYPE=IN
A 390 30 10 5 3 3 #=37
L 390 30 10 5 8 0 1 0 VSS17
P 248 410 0 410 30 0 1 0
A 405 30 10 5 2 0 PINTYPE=IN
A 410 30 10 5 3 3 #=39
L 410 30 10 5 8 0 1 0 VSS18
P 251 440 0 440 30 0 1 0
A 435 30 10 5 2 0 PINTYPE=IN
A 440 30 10 5 3 3 #=42
L 440 30 10 5 8 0 1 0 VSS19
P 147 60 0 60 30 0 1 0
A 55 30 10 5 2 0 PINTYPE=IN
A 60 30 10 5 3 3 #=4
L 60 30 10 5 8 0 1 0 VSS2
P 254 460 0 460 30 0 1 0
A 455 30 10 5 2 0 PINTYPE=IN
A 460 30 10 5 3 3 #=44
L 460 30 10 5 8 0 1 0 VSS20
P 255 480 0 480 30 0 1 0
A 475 30 10 5 2 0 PINTYPE=IN
A 480 30 10 5 3 3 #=46
L 480 30 10 5 8 0 1 0 VSS21
P 260 500 0 500 30 0 1 0
A 495 30 10 5 2 0 PINTYPE=IN
A 500 30 10 5 3 3 #=48
L 500 30 10 5 8 0 1 0 VSS22
P 263 520 0 520 30 0 1 0
A 515 30 10 5 2 0 PINTYPE=IN
A 520 30 10 5 3 3 #=50
L 520 30 10 5 8 0 1 0 VSS23
P 266 550 0 550 30 0 1 0
A 545 30 10 5 2 0 PINTYPE=IN
A 550 30 10 5 3 3 #=53
L 550 30 10 5 8 0 1 0 VSS24
P 269 570 0 570 30 0 1 0
A 565 30 10 5 2 0 PINTYPE=IN
A 570 30 10 5 3 3 #=55
L 570 30 10 5 8 0 1 0 VSS25
P 272 590 0 590 30 0 1 0
A 585 30 10 5 2 0 PINTYPE=IN
A 590 30 10 5 3 3 #=57
L 590 30 10 5 8 0 1 0 VSS26
P 275 960 0 960 30 0 1 0
A 955 30 10 5 2 0 PINTYPE=IN
A 960 30 10 5 3 3 #=94
L 960 30 10 5 8 0 1 0 VSS27
P 278 980 0 980 30 0 1 0
A 975 30 10 5 2 0 PINTYPE=IN
A 980 30 10 5 3 3 #=96
L 980 30 10 5 8 0 1 0 VSS28
P 281 1000 0 1000 30 0 1 0
A 995 30 10 5 2 0 PINTYPE=IN
A 1000 30 10 5 3 3 #=98
L 1000 30 10 5 8 0 1 0 VSS29
P 176 80 0 80 30 0 1 0
A 75 30 10 5 2 0 PINTYPE=IN
A 80 30 10 5 3 3 #=6
L 80 30 10 5 8 0 1 0 VSS3
P 513 1030 0 1030 30 0 1 0
A 1025 30 10 5 2 0 PINTYPE=IN
A 1030 30 10 5 3 3 #=101
L 1030 30 10 5 8 0 1 0 VSS30
P 514 1050 0 1050 30 0 1 0
A 1045 30 10 5 2 0 PINTYPE=IN
A 1050 30 10 5 3 3 #=103
L 1050 30 10 5 8 0 1 0 VSS31
P 515 1070 0 1070 30 0 1 0
A 1065 30 10 5 2 0 PINTYPE=IN
A 1070 30 10 5 3 3 #=105
L 1070 30 10 5 8 0 1 0 VSS32
P 516 1090 0 1090 30 0 1 0
A 1085 30 10 5 2 0 PINTYPE=IN
A 1090 30 10 5 3 3 #=107
L 1090 30 10 5 8 0 1 0 VSS33
P 517 1110 0 1110 30 0 1 0
A 1105 30 10 5 2 0 PINTYPE=IN
A 1110 30 10 5 3 3 #=109
L 1110 30 10 5 8 0 1 0 VSS34
P 518 1140 0 1140 30 0 1 0
A 1135 30 10 5 2 0 PINTYPE=IN
A 1140 30 10 5 3 3 #=112
L 1140 30 10 5 8 0 1 0 VSS35
P 522 1160 0 1160 30 0 1 0
A 1155 30 10 5 2 0 PINTYPE=IN
A 1160 30 10 5 3 3 #=114
L 1160 30 10 5 8 0 1 0 VSS36
P 528 1180 0 1180 30 0 1 0
A 1175 30 10 5 2 0 PINTYPE=IN
A 1180 30 10 5 3 3 #=116
L 1180 30 10 5 8 0 1 0 VSS37
P 529 1200 0 1200 30 0 1 0
A 1195 30 10 5 2 0 PINTYPE=IN
A 1200 30 10 5 3 3 #=118
L 1200 30 10 5 8 0 1 0 VSS38
P 521 1220 0 1220 30 0 1 0
A 1215 30 10 5 2 0 PINTYPE=IN
A 1220 30 10 5 3 3 #=120
L 1220 30 10 5 8 0 1 0 VSS39
P 148 110 0 110 30 0 1 0
A 105 30 10 5 2 0 PINTYPE=IN
A 110 30 10 5 3 3 #=9
L 110 30 10 5 8 0 1 0 VSS4
P 520 1250 0 1250 30 0 1 0
A 1245 30 10 5 2 0 PINTYPE=IN
A 1250 30 10 5 3 3 #=123
L 1250 30 10 5 8 0 1 0 VSS40
P 533 1270 0 1270 30 0 1 0
A 1265 30 10 5 2 0 PINTYPE=IN
A 1270 30 10 5 3 3 #=125
L 1270 30 10 5 8 0 1 0 VSS41
P 539 1290 0 1290 30 0 1 0
A 1285 30 10 5 2 0 PINTYPE=IN
A 1290 30 10 5 3 3 #=127
L 1290 30 10 5 8 0 1 0 VSS42
P 540 1310 0 1310 30 0 1 0
A 1305 30 10 5 2 0 PINTYPE=IN
A 1310 30 10 5 3 3 #=129
L 1310 30 10 5 8 0 1 0 VSS43
P 532 1330 0 1330 30 0 1 0
A 1325 30 10 5 2 0 PINTYPE=IN
A 1330 30 10 5 3 3 #=131
L 1330 30 10 5 8 0 1 0 VSS44
P 531 1360 0 1360 30 0 1 0
A 1355 30 10 5 2 0 PINTYPE=IN
A 1360 30 10 5 3 3 #=134
L 1360 30 10 5 8 0 1 0 VSS45
P 542 1380 0 1380 30 0 1 0
A 1375 30 10 5 2 0 PINTYPE=IN
A 1380 30 10 5 3 3 #=136
L 1380 30 10 5 8 0 1 0 VSS46
P 544 1400 0 1400 30 0 1 0
A 1395 30 10 5 2 0 PINTYPE=IN
A 1400 30 10 5 3 3 #=138
L 1400 30 10 5 8 0 1 0 VSS47
P 427 50 200 50 170 0 0 0
A 45 170 10 1 2 0 PINTYPE=IN
A 50 170 10 1 3 3 #=147
L 50 170 10 1 8 0 1 0 VSS48
P 439 70 200 70 170 0 0 0
A 65 170 10 1 2 0 PINTYPE=IN
A 70 170 10 1 3 3 #=149
L 70 170 10 1 8 0 1 0 VSS49
P 177 130 0 130 30 0 1 0
A 125 30 10 5 2 0 PINTYPE=IN
A 130 30 10 5 3 3 #=11
L 130 30 10 5 8 0 1 0 VSS5
P 445 90 200 90 170 0 0 0
A 85 170 10 1 2 0 PINTYPE=IN
A 90 170 10 1 3 3 #=151
L 90 170 10 1 8 0 1 0 VSS50
P 433 120 200 120 170 0 0 0
A 115 170 10 1 2 0 PINTYPE=IN
A 120 170 10 1 3 3 #=154
L 120 170 10 1 8 0 1 0 VSS51
P 452 140 200 140 170 0 0 0
A 135 170 10 1 2 0 PINTYPE=IN
A 140 170 10 1 3 3 #=156
L 140 170 10 1 8 0 1 0 VSS52
P 458 160 200 160 170 0 0 0
A 155 170 10 1 2 0 PINTYPE=IN
A 160 170 10 1 3 3 #=158
L 160 170 10 1 8 0 1 0 VSS53
P 465 180 200 180 170 0 0 0
A 175 170 10 1 2 0 PINTYPE=IN
A 180 170 10 1 3 3 #=160
L 180 170 10 1 8 0 1 0 VSS54
P 471 200 200 200 170 0 0 0
A 195 170 10 1 2 0 PINTYPE=IN
A 200 170 10 1 3 3 #=162
L 200 170 10 1 8 0 1 0 VSS55
P 546 230 200 230 170 0 0 0
A 225 170 10 1 2 0 PINTYPE=IN
A 230 170 10 1 3 3 #=165
L 230 170 10 1 8 0 1 0 VSS56
P 549 250 200 250 170 0 0 0
A 245 170 10 1 2 0 PINTYPE=IN
A 250 170 10 1 3 3 #=167
L 250 170 10 1 8 0 1 0 VSS57
P 551 270 200 270 170 0 0 0
A 265 170 10 1 2 0 PINTYPE=IN
A 270 170 10 1 3 3 #=169
L 270 170 10 1 8 0 1 0 VSS58
P 553 290 200 290 170 0 0 0
A 285 170 10 1 2 0 PINTYPE=IN
A 290 170 10 1 3 3 #=171
L 290 170 10 1 8 0 1 0 VSS59
P 149 150 0 150 30 0 1 0
A 145 30 10 5 2 0 PINTYPE=IN
A 150 30 10 5 3 3 #=13
L 150 30 10 5 8 0 1 0 VSS6
P 557 310 200 310 170 0 0 0
A 305 170 10 1 2 0 PINTYPE=IN
A 310 170 10 1 3 3 #=173
L 310 170 10 1 8 0 1 0 VSS60
P 547 340 200 340 170 0 0 0
A 335 170 10 1 2 0 PINTYPE=IN
A 340 170 10 1 3 3 #=176
L 340 170 10 1 8 0 1 0 VSS61
P 560 360 200 360 170 0 0 0
A 355 170 10 1 2 0 PINTYPE=IN
A 360 170 10 1 3 3 #=178
L 360 170 10 1 8 0 1 0 VSS62
P 562 380 200 380 170 0 0 0
A 375 170 10 1 2 0 PINTYPE=IN
A 380 170 10 1 3 3 #=180
L 380 170 10 1 8 0 1 0 VSS63
P 564 400 200 400 170 0 0 0
A 395 170 10 1 2 0 PINTYPE=IN
A 400 170 10 1 3 3 #=182
L 400 170 10 1 8 0 1 0 VSS64
P 568 420 200 420 170 0 0 0
A 415 170 10 1 2 0 PINTYPE=IN
A 420 170 10 1 3 3 #=184
L 420 170 10 1 8 0 1 0 VSS65
P 558 450 200 450 170 0 0 0
A 445 170 10 1 2 0 PINTYPE=IN
A 450 170 10 1 3 3 #=187
L 450 170 10 1 8 0 1 0 VSS66
P 570 470 200 470 170 0 0 0
A 465 170 10 1 2 0 PINTYPE=IN
A 470 170 10 1 3 3 #=189
L 470 170 10 1 8 0 1 0 VSS67
P 572 490 200 490 170 0 0 0
A 485 170 10 1 2 0 PINTYPE=IN
A 490 170 10 1 3 3 #=191
L 490 170 10 1 8 0 1 0 VSS68
P 573 510 200 510 170 0 0 0
A 505 170 10 1 2 0 PINTYPE=IN
A 510 170 10 1 3 3 #=193
L 510 170 10 1 8 0 1 0 VSS69
P 150 170 0 170 30 0 1 0
A 165 30 10 5 2 0 PINTYPE=IN
A 170 30 10 5 3 3 #=15
L 170 30 10 5 8 0 1 0 VSS7
P 574 530 200 530 170 0 0 0
A 525 170 10 1 2 0 PINTYPE=IN
A 530 170 10 1 3 3 #=195
L 530 170 10 1 8 0 1 0 VSS70
P 575 560 200 560 170 0 0 0
A 555 170 10 1 2 0 PINTYPE=IN
A 560 170 10 1 3 3 #=198
L 560 170 10 1 8 0 1 0 VSS71
P 578 580 200 580 170 0 0 0
A 575 170 10 1 2 0 PINTYPE=IN
A 580 170 10 1 3 3 #=200
L 580 170 10 1 8 0 1 0 VSS72
P 579 600 200 600 170 0 0 0
A 595 170 10 1 2 0 PINTYPE=IN
A 600 170 10 1 3 3 #=202
L 600 170 10 1 8 0 1 0 VSS73
P 461 970 200 970 170 0 0 0
A 965 170 10 1 2 0 PINTYPE=IN
A 970 170 10 1 3 3 #=239
L 970 170 10 1 8 0 1 0 VSS74
P 455 990 200 990 170 0 0 0
A 985 170 10 1 2 0 PINTYPE=IN
A 990 170 10 1 3 3 #=241
L 990 170 10 1 8 0 1 0 VSS75
P 448 1010 200 1010 170 0 0 0
A 1005 170 10 1 2 0 PINTYPE=IN
A 1010 170 10 1 3 3 #=243
L 1010 170 10 1 8 0 1 0 VSS76
P 442 1040 200 1040 170 0 0 0
A 1035 170 10 1 2 0 PINTYPE=IN
A 1040 170 10 1 3 3 #=246
L 1040 170 10 1 8 0 1 0 VSS77
P 430 1060 200 1060 170 0 0 0
A 1055 170 10 1 2 0 PINTYPE=IN
A 1060 170 10 1 3 3 #=248
L 1060 170 10 1 8 0 1 0 VSS78
P 436 1080 200 1080 170 0 0 0
A 1075 170 10 1 2 0 PINTYPE=IN
A 1080 170 10 1 3 3 #=250
L 1080 170 10 1 8 0 1 0 VSS79
P 151 190 0 190 30 0 1 0
A 185 30 10 5 2 0 PINTYPE=IN
A 190 30 10 5 3 3 #=17
L 190 30 10 5 8 0 1 0 VSS8
P 424 1100 200 1100 170 0 0 0
A 1095 170 10 1 2 0 PINTYPE=IN
A 1100 170 10 1 3 3 #=252
L 1100 170 10 1 8 0 1 0 VSS80
P 135 1120 200 1120 170 0 0 0
A 1115 170 10 1 2 0 PINTYPE=IN
A 1120 170 10 1 3 3 #=254
L 1120 170 10 1 8 0 1 0 VSS81
P 607 1150 200 1150 170 0 0 0
A 1145 170 10 1 2 0 PINTYPE=IN
A 1150 170 10 1 3 3 #=257
L 1150 170 10 1 8 0 1 0 VSS82
P 609 1170 200 1170 170 0 0 0
A 1165 170 10 1 2 0 PINTYPE=IN
A 1170 170 10 1 3 3 #=259
L 1170 170 10 1 8 0 1 0 VSS83
P 611 1190 200 1190 170 0 0 0
A 1185 170 10 1 2 0 PINTYPE=IN
A 1190 170 10 1 3 3 #=261
L 1190 170 10 1 8 0 1 0 VSS84
P 613 1210 200 1210 170 0 0 0
A 1205 170 10 1 2 0 PINTYPE=IN
A 1210 170 10 1 3 3 #=263
L 1210 170 10 1 8 0 1 0 VSS85
P 615 1230 200 1230 170 0 0 0
A 1225 170 10 1 2 0 PINTYPE=IN
A 1230 170 10 1 3 3 #=265
L 1230 170 10 1 8 0 1 0 VSS86
P 617 1250 200 1250 170 0 0 0
A 1245 170 10 1 2 0 PINTYPE=IN
A 1250 170 10 1 3 3 #=267
L 1250 169 10 1 8 0 1 0 DQS6_T
P 618 1280 200 1280 170 0 0 0
A 1275 170 10 1 2 0 PINTYPE=IN
A 1280 170 10 1 3 3 #=270
L 1280 170 10 1 8 0 1 0 VSS88
P 620 1300 200 1300 170 0 0 0
A 1295 170 10 1 2 0 PINTYPE=IN
A 1300 170 10 1 3 3 #=272
L 1300 170 10 1 8 0 1 0 VSS89
P 178 220 0 220 30 0 1 0
A 215 30 10 5 2 0 PINTYPE=IN
A 220 30 10 5 3 3 #=20
L 220 30 10 5 8 0 1 0 VSS9
P 622 1320 200 1320 170 0 0 0
A 1315 170 10 1 2 0 PINTYPE=IN
A 1320 170 10 1 3 3 #=274
L 1320 170 10 1 8 0 1 0 VSS90
P 624 1340 200 1340 170 0 0 0
A 1335 170 10 1 2 0 PINTYPE=IN
A 1340 170 10 1 3 3 #=276
L 1340 170 10 1 8 0 1 0 VSS91
P 394 1370 200 1370 170 0 0 0
A 1365 170 10 1 2 0 PINTYPE=IN
A 1370 170 10 1 3 3 #=279
L 1370 170 10 1 8 0 1 0 VSS92
P 413 1390 200 1390 170 0 0 0
A 1385 170 10 1 2 0 PINTYPE=IN
A 1390 170 10 1 3 3 #=281
L 1390 170 10 1 8 0 1 0 VSS93
P 386 1410 200 1410 170 0 0 0
A 1405 170 10 1 2 0 PINTYPE=IN
A 1410 170 10 1 3 3 #=283
L 1410 170 10 1 8 0 1 0 VSS94
P 158 790 0 790 30 0 1 0
A 785 30 10 5 2 0 PINTYPE=IN
A 790 30 10 5 3 3 #=77
L 790 30 10 5 8 0 1 0 VTT1
P 589 790 200 790 170 0 0 0
A 785 170 10 1 2 0 PINTYPE=IN
A 790 170 10 1 3 3 #=221
L 790 170 10 1 8 0 1 0 VTT2
P 592 860 200 860 170 0 0 0
A 855 170 10 1 2 0 PINTYPE=IN
A 860 170 10 1 3 3 #=228
L 860 170 10 1 8 0 1 0 WE_N/A14
U 0 -40 10 0 3 0 MANF_P/N=10124677
U 0 -10 10 0 3 0 MANF=FC1
U 0 -20 10 0 3 0 LEVEL=STD
U 0 -30 10 0 3 0 PARTS=1
U 0 -50 10 0 3 0 DEVICE=DDR4_1V2_288P_DIMM_SMT_SKT
U -5 95 10 5 6 0 VALUE=FCI_10124677
U 10 95 10 1 6 3 PKG_TYPE=SOC_FCI_DDR4_288_DIMM
U 1485 30 16 2 3 3 REFDES=J?
T 589 76 8 1 3 KEY
Q 0 7 0
l 2 795 100 795 30
b 790 100 800 130
l 2 795 130 795 170
T 800 105 10 1 3 KEY
P 605 1260 200 1260 170 0 0 0
A 1255 180 10 5 2 0 PINTYPE=IN
A 1260 170 10 5 9 3 #=268
L 1260 170 10 5 2 0 1 0 VSS87
b 10 30 1470 170
E
