V 51
K 105998983000 ds1374u
|R 18:48_4-17-12
Y 1
D 0 0 120 180
Z 10
i 86
U 0 -20 10 0 3 0 MANF_P/N=DS1374U-33+
U 20 225 10 0 3 0 VALUE=DS1374U
U 25 0 16 0 3 3 REFDES=U?
b 20 20 100 160
P 54 0 140 20 140 0 2 0
L 25 135 10 0 3 0 1 0 X1
A -20 140 10 0 3 0 PINTYPE=IN
A 15 140 10 0 9 3 #=1
P 86 0 70 20 70 0 2 0
L 25 65 10 0 3 0 1 0 SCL
A -20 70 10 0 3 0 PINTYPE=IN
A 15 70 10 0 9 3 #=7
P 85 0 60 20 60 0 2 0
L 25 55 10 0 3 0 1 0 SDA
A -20 60 10 0 3 0 PINTYPE=IN
A 15 60 10 0 9 3 #=6
P 79 0 50 21 50 0 2 0
L 25 45 10 0 3 0 1 0 INT_B
A 1 50 10 0 3 0 PINTYPE=OUT
A 16 50 10 0 9 3 #=8
P 81 0 40 21 40 0 2 0
L 25 35 10 0 3 0 1 0 RST_B
A 1 40 10 0 3 0 PINTYPE=IN
A 16 40 10 0 9 3 #=4
P 50 120 40 100 40 0 3 0
L 95 35 10 0 9 0 1 0 GND
A 130 40 10 0 9 0 PINTYPE=POWER
A 105 40 10 0 3 3 #=5
P 56 120 140 100 140 0 3 0
A 105 140 10 0 3 3 #=10
A 120 140 10 0 9 0 PINTYPE=POWER
L 95 135 10 0 9 0 1 0 VCC
P 83 120 120 100 120 0 3 0
A 105 120 10 0 3 3 #=9
A 120 120 10 0 9 0 PINTYPE=OUT
L 95 115 10 0 9 0 1 0 SQW
U 25 165 10 0 3 3 DEVICE=DS1374U
U 70 5 10 0 3 3 PKG_TYPE=USOP_10
P 82 120 100 100 100 0 3 0
L 95 95 10 0 9 0 1 0 VBACKUP
A 130 100 10 0 9 0 PINTYPE=POWER
A 105 100 10 0 3 3 #=3
P 84 0 110 20 110 0 2 0
L 25 105 10 0 3 0 1 0 X2
A -20 110 10 0 3 0 PINTYPE=IN
A 15 110 10 0 9 3 #=2
E
