V 51
K 336089139100 ds90lv804
|R 22:21_6-27-13
Y 1
D 0 0 160 400
Z 10
i 57
P 33 0 90 20 90 0 2 0
L 30 85 10 0 3 0 1 0 EN
A 5 90 10 0 3 3 #=8
A -20 90 10 0 3 0 PINTYPE=OUT
P 22 160 40 140 40 0 3 0
L 110 35 10 0 3 0 1 0 EPAD
A 155 40 10 0 9 3 #=33
A 180 40 10 0 9 0 PINTYPE=IN
P 53 160 90 140 90 0 3 0
L 105 85 10 0 3 0 0 0 GND_1
A 150 90 10 0 9 3 #=1
A 180 90 10 0 9 0 PINTYPE=OUT
P 34 160 60 140 60 0 3 0
L 100 55 10 0 3 0 0 0 GND_17
A 155 60 10 0 9 3 #=17
A 180 60 10 0 9 0 PINTYPE=OUT
P 50 160 50 140 50 0 3 0
L 100 45 10 0 3 0 0 0 GND_18
A 155 50 10 0 9 3 #=18
A 180 50 10 0 9 0 PINTYPE=OUT
P 52 160 80 140 80 0 3 0
L 105 75 10 0 3 0 0 0 GND_2
A 150 80 10 0 9 3 #=2
A 180 80 10 0 9 0 PINTYPE=OUT
P 51 160 70 140 70 0 3 0
L 105 65 10 0 3 0 0 0 GND_5
A 150 70 10 0 9 3 #=5
A 180 70 10 0 9 0 PINTYPE=OUT
P 8 0 280 20 280 0 2 0
L 30 275 10 0 3 0 1 0 IN0_N
A 5 280 10 0 3 3 #=10
A -20 280 10 0 3 0 PINTYPE=IN
P 7 0 290 20 290 0 2 0
L 30 285 10 0 3 0 1 0 IN0_P
A 10 290 10 0 3 3 #=9
A -20 290 10 0 3 0 PINTYPE=IN
P 4 0 230 20 230 0 2 0
L 30 225 10 0 3 0 1 0 IN1_N
A 5 230 10 0 3 3 #=12
A -20 230 10 0 3 0 PINTYPE=IN
P 3 0 240 20 240 0 2 0
L 30 235 10 0 3 0 1 0 IN1_P
A 5 240 10 0 3 3 #=11
A -20 240 10 0 3 0 PINTYPE=IN
P 5 0 180 20 180 0 2 0
L 30 175 10 0 3 0 1 0 IN2_N
A 5 180 10 0 3 3 #=14
A -20 180 10 0 3 0 PINTYPE=IN
P 6 0 190 20 190 0 2 0
L 30 185 10 0 3 0 1 0 IN2_P
A 5 190 10 0 3 3 #=13
A -20 190 10 0 3 0 PINTYPE=IN
P 28 0 130 20 130 0 2 0
L 30 125 10 0 3 0 1 0 IN3_N
A 5 130 10 0 3 3 #=16
A -20 130 10 0 3 0 PINTYPE=IN
P 29 0 140 20 140 0 2 0
L 30 135 10 0 3 0 1 0 IN3_P
A 5 140 10 0 3 3 #=15
A -20 140 10 0 3 0 PINTYPE=IN
P 23 0 50 20 50 0 2 0
L 30 45 10 0 3 0 1 0 NC_23
A 5 50 10 0 3 3 #=23
A -20 50 10 0 3 0 PINTYPE=IN
P 9 0 40 20 40 0 2 0
L 30 35 10 0 3 0 1 0 NC_24
A 5 40 10 0 3 3 #=24
A -20 40 10 0 3 0 PINTYPE=IN
P 35 160 280 140 280 0 3 0
L 100 275 10 0 3 0 1 0 OUT0_N
A 155 280 10 0 9 3 #=31
A 180 280 10 0 9 0 PINTYPE=OUT
P 1 160 290 140 290 0 3 0
L 100 285 10 0 3 0 1 0 OUT0_P
A 155 290 10 0 9 3 #=32
A 180 290 10 0 9 0 PINTYPE=OUT
P 36 160 230 140 230 0 3 0
L 100 225 10 0 3 0 1 0 OUT1_N
A 155 230 10 0 9 3 #=29
A 180 230 10 0 9 0 PINTYPE=OUT
P 37 160 240 140 240 0 3 0
L 100 235 10 0 3 0 1 0 OUT1_P
A 155 240 10 0 9 3 #=30
A 180 240 10 0 9 0 PINTYPE=OUT
P 42 160 180 140 180 0 3 0
L 100 175 10 0 3 0 1 0 OUT2_N
A 155 180 10 0 9 3 #=27
A 180 180 10 0 9 0 PINTYPE=OUT
P 43 160 190 140 190 0 3 0
L 100 185 10 0 3 0 1 0 OUT2_P
A 155 190 10 0 9 3 #=28
A 180 190 10 0 9 0 PINTYPE=OUT
P 44 160 130 140 130 0 3 0
L 100 125 10 0 3 0 1 0 OUT3_N
A 155 130 10 0 9 3 #=25
A 180 130 10 0 9 0 PINTYPE=OUT
P 45 160 140 140 140 0 3 0
L 100 135 10 0 3 0 1 0 OUT3_P
A 155 140 10 0 9 3 #=26
A 180 140 10 0 9 0 PINTYPE=OUT
P 10 160 360 140 360 0 3 0
L 85 355 10 0 3 0 0 0 VDD_19
A 155 360 10 0 9 3 #=19
A 180 360 10 0 9 0 PINTYPE=IN
P 11 160 350 140 350 0 3 0
L 85 345 10 0 3 0 0 0 VDD_20
A 155 350 10 0 9 3 #=20
A 180 350 10 0 9 0 PINTYPE=IN
P 13 160 340 140 340 0 3 0
L 85 335 10 0 3 0 0 0 VDD_21
A 155 340 10 0 9 3 #=21
A 180 340 10 0 9 0 PINTYPE=IN
P 12 160 330 140 330 0 3 0
L 85 325 10 0 3 0 0 0 VDD_22
A 155 330 10 0 9 3 #=22
A 180 330 10 0 9 0 PINTYPE=IN
P 54 0 360 20 360 0 2 0
L 30 355 10 0 3 0 0 0 VDD_3
A 10 360 10 0 3 3 #=3
A -20 360 10 0 3 0 PINTYPE=IN
P 55 0 350 20 350 0 2 0
L 30 345 10 0 3 0 0 0 VDD_4
A 10 350 10 0 3 3 #=4
A -20 350 10 0 3 0 PINTYPE=IN
P 56 0 340 20 340 0 2 0
L 30 335 10 0 3 0 0 0 VDD_5
A 10 340 10 0 3 3 #=6
A -20 340 10 0 3 0 PINTYPE=IN
P 57 0 330 20 330 0 2 0
L 30 325 10 0 3 0 0 0 VDD_7
A 10 330 10 0 3 3 #=7
A -20 330 10 0 3 0 PINTYPE=IN
U 0 -60 10 0 3 0 DIST_P/N=DS90LV804TSQ/NOPBTR-ND
U 0 -10 10 0 3 0 DIST=DIGIKEY
U 0 -40 10 0 3 0 MFG=TEXAS INSTRUMENTS
U 0 -30 10 0 3 0 LEVEL=STD
U 0 -20 10 0 3 0 PARTS=1
U 0 -50 10 0 3 0 MFG_P/N=DS90LV804TSQ/NOPB
U 25 0 16 0 3 3 REFDES=U?
U 25 380 10 0 3 3 DEVICE=DS90LV804
U 100 10 10 0 3 3 PKG_TYPE=WQFN_32
b 20 20 140 380
T 30 325 10 0 3 VDD
Q 15 0 0
T 30 335 10 0 3 VDD
Q 15 0 0
T 30 345 10 0 3 VDD
Q 15 0 0
T 30 355 10 0 3 VDD
Q 15 0 0
T 115 85 10 0 3 GND
Q 15 0 0
T 115 75 10 0 3 GND
Q 15 0 0
T 115 65 10 0 3 GND
Q 15 0 0
T 115 55 10 0 3 GND
Q 15 0 0
T 115 345 10 0 3 VDD
Q 15 0 0
T 115 335 10 0 3 VDD
Q 15 0 0
T 115 325 10 0 3 VDD
Q 15 0 0
T 115 45 10 0 3 GND
Q 15 0 0
T 115 355 10 0 3 VDD
Q 15 0 0
E
