V 51
K 339445778600 ds91d176
|R 23:01_2-14-13
Y 1
D 0 0 140 160
Z 10
i 13
U 0 -10 10 0 3 0 HETEREO=DS91D176,(DS91D176_ALT)
U 0 -60 10 0 3 0 DIST_P/N=DS91D176TMA-ND
U 0 -50 10 0 3 0 DIST=DIGIKEY
U 0 -40 10 0 3 0 LEVEL=STD
U 0 -30 10 0 3 0 PARTS=1
U 0 -20 10 0 3 0 MANF=NATIONAL
U 20 230 10 0 3 0 MANF_P/N=DS91D176TMA
U 20 0 16 0 3 3 REFDES=U?
U 85 5 10 0 3 3 PKG_TYPE=SOIC_8
P 4 140 50 86 50 0 3 0
L 85 50 10 0 3 0 1 0 B
A 136 50 10 0 9 0 PINTYPE=BI
A 131 50 10 0 9 3 #=7
l 2 65 69 65 75
l 2 65 113 65 125
l 2 110 60 110 115
l 2 100 50 100 95
l 2 80 90 80 120
l 2 80 105 50 120
l 2 50 90 80 105
l 2 50 90 50 120
l 2 80 40 50 55
l 2 50 55 80 70
c 100 50 3
Q 2 1 0
c 83 50 3
P 3 140 60 80 60 0 3 0
L 85 60 10 0 3 0 1 0 A
A 110 60 10 0 9 0 PINTYPE=BI
A 131 60 10 0 9 3 #=6
P 6 0 55 50 55 0 2 0
L 25 55 10 0 3 0 1 0 R
A 10 55 10 0 3 0 PINTYPE=OUT
A 9 55 10 0 3 3 #=1
P 2 0 105 50 105 0 2 0
L 24 105 10 0 3 0 1 0 D
A 10 105 10 0 3 0 PINTYPE=IN
A 9 105 10 0 3 3 #=4
l 2 80 40 80 70
c 83 95 3
l 2 86 95 100 95
l 2 80 115 110 115
c 110 60 3
Q 2 1 0
c 65 66 3
U 25 145 10 0 3 3 DEVICE=DS91D176
P 10 0 75 65 75 0 2 0
A 5 75 10 0 3 0 PINTYPE=IN
A 9 75 10 0 3 3 #=2
L 25 75 10 0 3 0 1 0 RE_B
b 20 20 120 140
P 9 0 125 65 125 0 2 0
A 5 125 10 0 3 0 PINTYPE=IN
A 9 125 10 0 3 3 #=3
L 24 125 10 0 3 0 1 0 DE
P 13 140 35 120 35 0 3 0
L 100 30 10 0 3 0 1 0 GND
A 140 35 10 0 9 0 PINTYPE=IN
A 131 35 10 0 9 3 #=5
P 11 140 125 120 125 0 3 0
A 140 125 10 0 9 0 PINTYPE=IN
A 131 125 10 0 9 3 #=8
L 100 120 10 0 3 0 1 0 VCC
E
