V 53
K 1410805824 em1988804a.1
F Case
|R 11:30:24_9-15-14
D 0 120 130 0
Y 1
Z 10
i 15
U 0 -70 10 0 3 0 DESCRIPTION=XXXX
U 0 -60 10 0 3 0 DEVICE=XXXX
U 0 -50 10 0 3 0 PARTS=1
U 0 -40 10 0 3 0 LEVEL=STD
U 0 -30 10 0 3 0 MANF=XXXX
U 0 -20 10 0 3 0 MANF_P/N=XXXX
U 0 -10 10 0 3 0 DIST_P/N=XXXX
U 80 5 10 0 3 3 PKG_TYPE=XXXX
U 20 5 16 0 3 3 REFDES=J?
U 0 0 10 0 1 0 FORWARD_PCB=1
b 30 20 90 100
l 2 90 40 30 40 
l 2 60 71 67 77 
l 2 68 76 61 70 
l 2 68 64 61 70 
l 2 67 63 60 69 
l 2 52 76 59 70 
l 2 53 77 60 71 
c 60 70 10
l 2 52 64 59 70 
l 2 53 63 60 69 
l 2 60 51 67 57 
l 2 68 56 61 50 
l 2 68 44 61 50 
l 2 67 43 60 49 
l 2 90 60 30 60 
l 2 52 56 59 50 
l 2 53 57 60 51 
c 60 50 10
l 2 52 44 59 50 
l 2 53 43 60 49 
l 2 90 80 30 80 
T 40 85 10 0 3 12VDC
Q 15 0 0
|FNTSTL 16777215 0
T 50 20 10 0 3 GND
Q 15 0 0
|FNTSTL 16777215 0
P 10 130 70 70 70 0 3 0
L 100 70 10 0 3 0 0 0 P1
A 130 70 10 0 9 0 PINTYPE=BI
A 110 70 10 0 9 3 #=1
P 14 130 50 70 50 0 3 0
L 100 50 10 0 3 0 0 0 P2
A 130 50 10 0 9 0 PINTYPE=BI
A 110 50 10 0 9 3 #=2
E 
