V 51
K 354667131800 em1988901
|R 23:03_1-6-12
Y 1
D 0 0 130 360
Z 10
i 30
U 0 -70 10 0 3 0 DESCRIPTION=14 POS TERMINAL BLOCK 5MM PITCH
U 0 -60 10 0 3 0 DEVICE=1988901
U 0 -50 10 0 3 0 PARTS=1
U 0 -40 10 0 3 0 LEVEL=STD
U 0 -30 10 0 3 0 MANF=PHOENIX CONTACT
U 0 -20 10 0 3 0 MANF_P/N=1988927
U 0 -10 10 0 3 0 DIST_P/N=277-1776-ND
P 10 130 310 75 310 0 3 0
A 135 310 10 0 9 0 PINTYPE=BI
A 115 310 10 0 9 3 #=1
L 105 310 10 0 3 0 0 0 P1
P 15 130 270 75 270 0 3 0
A 135 270 10 0 9 0 PINTYPE=BI
A 115 270 10 0 9 3 #=3
L 105 270 10 0 3 0 0 0 P3
P 14 130 290 75 290 0 3 0
A 135 290 10 0 9 0 PINTYPE=BI
A 115 290 10 0 9 3 #=2
L 105 290 10 0 3 0 0 0 P2
P 16 130 250 75 250 0 3 0
A 135 250 10 0 9 0 PINTYPE=BI
A 115 250 10 0 9 3 #=4
L 105 250 10 0 3 0 0 0 P4
P 17 130 230 75 230 0 3 0
A 135 230 10 0 9 0 PINTYPE=BI
A 115 230 10 0 9 3 #=5
L 105 230 10 0 3 0 0 0 P5
P 18 130 210 75 210 0 3 0
A 135 210 10 0 9 0 PINTYPE=BI
A 115 210 10 0 9 3 #=6
L 105 210 10 0 3 0 0 0 P6
P 19 130 190 75 190 0 3 0
A 135 190 10 0 9 0 PINTYPE=BI
A 115 190 10 0 9 3 #=7
L 105 190 10 0 3 0 0 0 P7
P 20 130 170 75 170 0 3 0
A 135 170 10 0 9 0 PINTYPE=BI
A 115 170 10 0 9 3 #=8
L 105 170 10 0 3 0 0 0 P8
P 22 130 130 75 130 0 3 0
A 135 130 10 0 9 0 PINTYPE=BI
A 115 130 10 0 9 3 #=10
L 105 130 10 0 3 0 0 0 P10
P 21 130 150 75 150 0 3 0
A 135 150 10 0 9 0 PINTYPE=BI
A 115 150 10 0 9 3 #=9
L 105 150 10 0 3 0 0 0 P9
P 28 130 110 75 110 0 3 0
A 135 110 10 0 9 0 PINTYPE=BI
A 115 110 10 0 9 3 #=11
L 105 110 10 0 3 0 0 0 P11
l 2 65 51 72 57
l 2 57 56 64 50
l 2 58 43 65 49
l 2 57 44 64 50
c 65 50 10
l 2 58 57 65 51
l 2 72 43 65 49
l 2 73 44 66 50
l 2 73 56 66 50
l 2 73 76 66 70
l 2 73 64 66 70
l 2 72 63 65 69
l 2 58 77 65 71
c 65 70 10
l 2 57 64 64 70
l 2 58 63 65 69
l 2 57 76 64 70
l 2 65 71 72 77
l 2 65 111 72 117
l 2 73 116 66 110
l 2 73 104 66 110
l 2 72 103 65 109
l 2 57 116 64 110
l 2 58 117 65 111
c 65 110 10
l 2 57 104 64 110
l 2 58 103 65 109
l 2 73 96 66 90
l 2 73 84 66 90
l 2 72 83 65 89
l 2 58 97 65 91
c 65 90 10
l 2 57 84 64 90
l 2 58 83 65 89
l 2 95 120 35 120
l 2 95 100 35 100
l 2 57 96 64 90
l 2 65 91 72 97
l 2 65 151 72 157
l 2 73 156 66 150
l 2 73 144 66 150
l 2 72 143 65 149
l 2 57 156 64 150
l 2 58 157 65 151
c 65 150 10
l 2 57 144 64 150
l 2 58 143 65 149
l 2 65 191 72 197
l 2 73 196 66 190
l 2 73 184 66 190
l 2 72 183 65 189
l 2 57 196 64 190
l 2 58 197 65 191
c 65 190 10
l 2 57 184 64 190
l 2 58 183 65 189
l 2 65 231 72 237
l 2 73 236 66 230
l 2 73 224 66 230
l 2 72 223 65 229
l 2 57 236 64 230
l 2 58 237 65 231
c 65 230 10
l 2 57 224 64 230
l 2 58 223 65 229
l 2 65 271 72 277
l 2 73 276 66 270
l 2 73 264 66 270
l 2 72 263 65 269
l 2 57 276 64 270
l 2 58 277 65 271
c 65 270 10
l 2 57 264 64 270
l 2 58 263 65 269
l 2 65 311 72 317
l 2 73 316 66 310
l 2 73 304 66 310
l 2 72 303 65 309
l 2 57 316 64 310
l 2 58 317 65 311
c 65 310 10
l 2 57 304 64 310
l 2 58 303 65 309
l 2 73 136 66 130
l 2 73 124 66 130
l 2 72 123 65 129
l 2 58 137 65 131
c 65 130 10
l 2 57 124 64 130
l 2 58 123 65 129
l 2 65 171 72 177
l 2 73 176 66 170
l 2 73 164 66 170
l 2 72 163 65 169
l 2 57 176 64 170
l 2 58 177 65 171
c 65 170 10
l 2 57 164 64 170
l 2 58 163 65 169
l 2 65 211 72 217
l 2 73 216 66 210
l 2 73 204 66 210
l 2 72 203 65 209
l 2 58 217 65 211
c 65 210 10
l 2 57 204 64 210
l 2 58 203 65 209
l 2 65 251 72 257
l 2 73 256 66 250
l 2 73 244 66 250
l 2 72 243 65 249
l 2 57 256 64 250
l 2 58 257 65 251
c 65 250 10
l 2 57 244 64 250
l 2 58 243 65 249
l 2 65 291 72 297
l 2 73 296 66 290
l 2 73 284 66 290
l 2 72 283 65 289
l 2 95 320 35 320
l 2 95 300 35 300
l 2 95 280 35 280
l 2 95 240 35 240
l 2 95 220 35 220
l 2 95 180 35 180
l 2 95 160 35 160
l 2 95 140 35 140
l 2 95 120 35 120
l 2 57 296 64 290
l 2 58 297 65 291
c 65 290 10
l 2 57 284 64 290
l 2 58 283 65 289
l 2 95 200 35 200
l 2 57 136 64 130
l 2 65 131 72 137
l 2 57 216 64 210
l 2 95 80 35 80
l 2 95 40 35 40
b 35 20 95 340
l 2 95 260 35 260
P 27 130 90 75 90 0 3 0
A 135 90 10 0 9 0 PINTYPE=BI
A 115 90 10 0 9 3 #=12
L 105 90 10 0 3 0 0 0 P12
P 29 130 70 75 70 0 3 0
A 135 70 10 0 9 0 PINTYPE=BI
A 115 70 10 0 9 3 #=13
L 105 70 10 0 3 0 0 0 P13
P 30 130 50 75 50 0 3 0
A 135 50 10 0 9 0 PINTYPE=BI
A 115 50 10 0 9 3 #=14
L 105 50 10 0 3 0 0 0 P14
U 80 5 10 0 3 3 PKG_TYPE=CONN_PC_EUROMAG_RA_14_5MM
U 20 0 16 0 3 3 REFDES=J?
E
