V 53
K 1463600418 fanhdr4.1
F Case
|R 15:40:18_5-18-16
D 0 60 50 -20
Y 1
Z 10
i 179
U 0 -20 10 0 3 0 MANF_P/N=47053-3000
U 0 -40 10 0 3 0 MANF=MOLEX
U 0 -10 10 0 3 0 PKG_TYPE=MOLEX_47053-3000
U 5 -75 10 0 3 0 LEVEL=STD
U 5 -95 10 0 3 0 PARTS=1
U 5 -85 10 0 3 0 DEVICE=FANHDR4
U 10 60 10 0 3 3 VALUE=47053-3000
U 20 -30 16 0 5 3 REFDES=J?
U 11 -39 10 0 1 0 DIST_P/N=WM9797-ND
U 11 -53 10 0 1 0 DIST=DIGIKEY
U 0 -20 10 0 1 0 FORWARD_PCB=1
b 10 -20 50 60
b 40 10 50 50
b 20 45 30 55
c 25 50 5
c 25 30 5
c 25 10 5
c 25 -10 5
P 147 0 50 10 50 0 2 0
L -10 45 10 0 9 0 0 0 P1
A -30 50 10 0 9 0 PINTYPE=BI
A 5 50 10 0 6 3 #=1
P 150 0 30 10 30 0 2 0
L -10 25 10 0 9 0 0 0 P2
A 5 30 10 0 6 3 #=2
A -30 30 10 0 9 0 PINTYPE=BI
P 151 0 10 10 10 0 2 0
L -10 5 10 0 9 0 0 0 P3
A 5 10 10 0 6 3 #=3
A -30 10 10 0 9 0 PINTYPE=BI
P 178 0 -10 10 -10 0 2 0
L 11 -10 10 0 2 0 0 0 P4
A 0 -10 10 0 1 0 PINTYPE=IN
A 5 -10 10 0 6 3 #=4
E 
