V 51
K 92661812790 fci_10045722_rx_gnd
|R 19:43_7-14-10
Y 1
D 0 0 170 460
Z 10
i 149
P 74 0 430 20 430 0 2 0
L 20 430 10 4 8 0 1 0 GND1
A 20 430 10 4 3 3 #=A2
A 20 440 10 4 2 0 PINTYPE=IN
P 75 0 340 20 340 0 2 0
L 20 340 10 4 8 0 1 0 GND10
A 20 340 10 4 3 3 #=B10
A 20 350 10 4 2 0 PINTYPE=IN
P 99 0 330 20 330 0 2 0
L 20 330 10 4 8 0 1 0 GND11
A 20 330 10 4 3 3 #=C1
A 20 340 10 4 2 0 PINTYPE=IN
P 96 0 320 20 320 0 2 0
L 20 320 10 4 8 0 1 0 GND12
A 20 320 10 4 3 3 #=C2
A 20 330 10 4 2 0 PINTYPE=IN
P 97 0 310 20 310 0 2 0
L 20 310 10 4 8 0 1 0 GND13
A 20 310 10 4 3 3 #=C3
A 20 320 10 4 2 0 PINTYPE=IN
P 98 0 300 20 300 0 2 0
L 20 300 10 4 8 0 1 0 GND14
A 20 300 10 4 3 3 #=C4
A 20 310 10 4 2 0 PINTYPE=IN
P 95 0 290 20 290 0 2 0
L 20 290 10 4 8 0 1 0 GND15
A 20 290 10 4 3 3 #=C5
A 20 300 10 4 2 0 PINTYPE=IN
P 89 0 280 20 280 0 2 0
L 20 280 10 4 8 0 1 0 GND16
A 20 280 10 4 3 3 #=C6
A 20 290 10 4 2 0 PINTYPE=IN
P 86 0 270 20 270 0 2 0
L 20 270 10 4 8 0 1 0 GND17
A 20 270 10 4 3 3 #=C7
A 20 280 10 4 2 0 PINTYPE=IN
P 87 0 260 20 260 0 2 0
L 20 260 10 4 8 0 1 0 GND18
A 20 260 10 4 3 3 #=C8
A 20 270 10 4 2 0 PINTYPE=IN
P 88 0 250 20 250 0 2 0
L 20 250 10 4 8 0 1 0 GND19
A 20 250 10 4 3 3 #=C9
A 20 260 10 4 2 0 PINTYPE=IN
P 71 0 420 20 420 0 2 0
L 20 420 10 4 8 0 1 0 GND2
A 20 420 10 4 3 3 #=A4
A 20 430 10 4 2 0 PINTYPE=IN
P 85 0 240 20 240 0 2 0
L 20 240 10 4 8 0 1 0 GND20
A 20 240 10 4 3 3 #=C10
A 20 250 10 4 2 0 PINTYPE=IN
P 139 0 230 20 230 0 2 0
L 20 230 10 4 8 0 1 0 GND21
A 20 230 10 4 3 3 #=D1
A 20 240 10 4 2 0 PINTYPE=IN
P 136 0 220 20 220 0 2 0
L 20 220 10 4 8 0 1 0 GND22
A 20 220 10 4 3 3 #=D3
A 20 230 10 4 2 0 PINTYPE=IN
P 137 0 210 20 210 0 2 0
L 20 210 10 4 8 0 1 0 GND23
A 20 210 10 4 3 3 #=D5
A 20 220 10 4 2 0 PINTYPE=IN
P 138 0 200 20 200 0 2 0
L 20 200 10 4 8 0 1 0 GND24
A 20 200 10 4 3 3 #=D7
A 20 210 10 4 2 0 PINTYPE=IN
P 135 0 190 20 190 0 2 0
L 20 190 10 4 8 0 1 0 GND25
A 20 190 10 4 3 3 #=D9
A 20 200 10 4 2 0 PINTYPE=IN
P 129 0 180 20 180 0 2 0
L 20 180 10 4 8 0 1 0 GND26
A 20 180 10 4 3 3 #=D10
A 20 190 10 4 2 0 PINTYPE=IN
P 126 0 170 20 170 0 2 0
L 20 170 10 4 8 0 1 0 GND27
A 20 170 10 4 3 3 #=E1
A 20 180 10 4 2 0 PINTYPE=IN
P 127 0 160 20 160 0 2 0
L 20 160 10 4 8 0 1 0 GND28
A 20 160 10 4 3 3 #=E3
A 20 170 10 4 2 0 PINTYPE=IN
P 128 0 150 20 150 0 2 0
L 20 150 10 4 8 0 1 0 GND29
A 20 150 10 4 3 3 #=E5
A 20 160 10 4 2 0 PINTYPE=IN
P 72 0 410 20 410 0 2 0
L 20 410 10 4 8 0 1 0 GND3
A 20 410 10 4 3 3 #=A6
A 20 420 10 4 2 0 PINTYPE=IN
P 125 0 140 20 140 0 2 0
L 20 140 10 4 8 0 1 0 GND30
A 20 140 10 4 3 3 #=E7
A 20 150 10 4 2 0 PINTYPE=IN
P 119 0 130 20 130 0 2 0
L 20 130 10 4 8 0 1 0 GND31
A 20 130 10 4 3 3 #=E9
A 20 140 10 4 2 0 PINTYPE=IN
P 116 0 120 20 120 0 2 0
L 20 120 10 4 8 0 1 0 GND32
A 20 120 10 4 3 3 #=F1
A 20 130 10 4 2 0 PINTYPE=IN
P 117 0 110 20 110 0 2 0
L 20 110 10 4 8 0 1 0 GND33
A 20 110 10 4 3 3 #=F2
A 20 120 10 4 2 0 PINTYPE=IN
P 118 0 100 20 100 0 2 0
L 20 100 10 4 8 0 1 0 GND34
A 20 100 10 4 3 3 #=F3
A 20 110 10 4 2 0 PINTYPE=IN
P 115 0 90 20 90 0 2 0
L 20 90 10 4 8 0 1 0 GND35
A 20 90 10 4 3 3 #=F4
A 20 100 10 4 2 0 PINTYPE=IN
P 109 0 80 20 80 0 2 0
L 20 80 10 4 8 0 1 0 GND36
A 20 80 10 4 3 3 #=F5
A 20 90 10 4 2 0 PINTYPE=IN
P 106 0 70 20 70 0 2 0
L 20 70 10 4 8 0 1 0 GND37
A 20 70 10 4 3 3 #=F6
A 20 80 10 4 2 0 PINTYPE=IN
P 107 0 60 20 60 0 2 0
L 20 60 10 4 8 0 1 0 GND38
A 20 60 10 4 3 3 #=F7
A 20 70 10 4 2 0 PINTYPE=IN
P 108 0 50 20 50 0 2 0
L 20 50 10 4 8 0 1 0 GND39
A 20 50 10 4 3 3 #=F8
A 20 60 10 4 2 0 PINTYPE=IN
P 73 0 400 20 400 0 2 0
L 20 400 10 4 8 0 1 0 GND4
A 20 400 10 4 3 3 #=A8
A 20 410 10 4 2 0 PINTYPE=IN
P 105 0 40 20 40 0 2 0
L 20 40 10 4 8 0 1 0 GND40
A 20 40 10 4 3 3 #=F9
A 20 50 10 4 2 0 PINTYPE=IN
P 145 0 30 20 30 0 2 0
L 20 30 10 4 8 0 1 0 GND41
A 20 30 10 4 3 3 #=F10
A 20 40 10 4 2 0 PINTYPE=IN
P 1 170 430 150 430 0 3 0
L 150 430 10 0 8 0 1 0 GND42
A 150 430 10 0 3 3 #=G2
A 150 440 10 0 2 0 PINTYPE=IN
P 21 170 420 150 420 0 3 0
L 150 420 10 0 8 0 1 0 GND43
A 150 420 10 0 3 3 #=G4
A 150 430 10 0 2 0 PINTYPE=IN
P 22 170 410 150 410 0 3 0
L 150 410 10 0 8 0 1 0 GND44
A 150 410 10 0 3 3 #=G6
A 150 420 10 0 2 0 PINTYPE=IN
P 23 170 400 150 400 0 3 0
L 150 400 10 0 8 0 1 0 GND45
A 150 400 10 0 3 3 #=G7
A 150 410 10 0 2 0 PINTYPE=IN
P 69 170 390 150 390 0 3 0
L 150 390 10 0 8 0 1 0 GND46
A 150 390 10 0 3 3 #=G8
A 150 400 10 0 2 0 PINTYPE=IN
P 84 170 380 150 380 0 3 0
L 150 380 10 0 8 0 1 0 GND47
A 150 380 10 0 3 3 #=G9
A 150 390 10 0 2 0 PINTYPE=IN
P 81 170 370 150 370 0 3 0
L 150 370 10 0 8 0 1 0 GND48
A 150 370 10 0 3 3 #=G10
A 150 380 10 0 2 0 PINTYPE=IN
P 82 170 360 150 360 0 3 0
L 150 360 10 0 8 0 1 0 GND49
A 150 360 10 0 3 3 #=H2
A 150 370 10 0 2 0 PINTYPE=IN
P 70 0 390 20 390 0 2 0
L 20 390 10 4 8 0 1 0 GND5
A 20 390 10 4 3 3 #=A10
A 20 400 10 4 2 0 PINTYPE=IN
P 83 170 350 150 350 0 3 0
L 150 350 10 0 8 0 1 0 GND50
A 150 350 10 0 3 3 #=H4
A 150 360 10 0 2 0 PINTYPE=IN
P 80 170 340 150 340 0 3 0
L 150 340 10 0 8 0 1 0 GND51
A 150 340 10 0 3 3 #=H6
A 150 350 10 0 2 0 PINTYPE=IN
P 104 170 330 150 330 0 3 0
L 150 330 10 0 8 0 1 0 GND52
A 150 330 10 0 3 3 #=H8
A 150 340 10 0 2 0 PINTYPE=IN
P 101 170 320 150 320 0 3 0
L 150 320 10 0 8 0 1 0 GND53
A 150 320 10 0 3 3 #=H10
A 150 330 10 0 2 0 PINTYPE=IN
P 102 170 310 150 310 0 3 0
L 150 310 10 0 8 0 1 0 GND54
A 150 310 10 0 3 3 #=I1
A 150 320 10 0 2 0 PINTYPE=IN
P 103 170 300 150 300 0 3 0
L 150 300 10 0 8 0 1 0 GND55
A 150 300 10 0 3 3 #=I2
A 150 310 10 0 2 0 PINTYPE=IN
P 100 170 290 150 290 0 3 0
L 150 290 10 0 8 0 1 0 GND56
A 150 290 10 0 3 3 #=I3
A 150 300 10 0 2 0 PINTYPE=IN
P 94 170 280 150 280 0 3 0
L 150 280 10 0 8 0 1 0 GND57
A 150 280 10 0 3 3 #=I4
A 150 290 10 0 2 0 PINTYPE=IN
P 91 170 270 150 270 0 3 0
L 150 270 10 0 8 0 1 0 GND58
A 150 270 10 0 3 3 #=I5
A 150 280 10 0 2 0 PINTYPE=IN
P 92 170 260 150 260 0 3 0
L 150 260 10 0 8 0 1 0 GND59
A 150 260 10 0 3 3 #=I6
A 150 270 10 0 2 0 PINTYPE=IN
P 79 0 380 20 380 0 2 0
L 20 380 10 4 8 0 1 0 GND6
A 20 380 10 4 3 3 #=B2
A 20 390 10 4 2 0 PINTYPE=IN
P 93 170 250 150 250 0 3 0
L 150 250 10 0 8 0 1 0 GND60
A 150 250 10 0 3 3 #=I7
A 150 260 10 0 2 0 PINTYPE=IN
P 90 170 240 150 240 0 3 0
L 150 240 10 0 8 0 1 0 GND61
A 150 240 10 0 3 3 #=I8
A 150 250 10 0 2 0 PINTYPE=IN
P 144 170 230 150 230 0 3 0
L 150 230 10 0 8 0 1 0 GND62
A 150 230 10 0 3 3 #=I9
A 150 240 10 0 2 0 PINTYPE=IN
P 141 170 220 150 220 0 3 0
L 150 220 10 0 8 0 1 0 GND63
A 150 220 10 0 3 3 #=I10
A 150 230 10 0 2 0 PINTYPE=IN
P 142 170 210 150 210 0 3 0
L 150 210 10 0 8 0 1 0 GND64
A 150 210 10 0 3 3 #=J1
A 150 220 10 0 2 0 PINTYPE=IN
P 143 170 200 150 200 0 3 0
L 150 200 10 0 8 0 1 0 GND65
A 150 200 10 0 3 3 #=J3
A 150 210 10 0 2 0 PINTYPE=IN
P 140 170 190 150 190 0 3 0
L 150 190 10 0 8 0 1 0 GND66
A 150 190 10 0 3 3 #=J5
A 150 200 10 0 2 0 PINTYPE=IN
P 134 170 180 150 180 0 3 0
L 150 180 10 0 8 0 1 0 GND67
A 150 180 10 0 3 3 #=J7
A 150 190 10 0 2 0 PINTYPE=IN
P 131 170 170 150 170 0 3 0
L 150 170 10 0 8 0 1 0 GND68
A 150 170 10 0 3 3 #=J9
A 150 180 10 0 2 0 PINTYPE=IN
P 132 170 160 150 160 0 3 0
L 150 160 10 0 8 0 1 0 GND69
A 150 160 10 0 3 3 #=K1
A 150 170 10 0 2 0 PINTYPE=IN
P 76 0 370 20 370 0 2 0
L 20 370 10 4 8 0 1 0 GND7
A 20 370 10 4 3 3 #=B4
A 20 380 10 4 2 0 PINTYPE=IN
P 133 170 150 150 150 0 3 0
L 150 150 10 0 8 0 1 0 GND70
A 150 150 10 0 3 3 #=K3
A 150 160 10 0 2 0 PINTYPE=IN
P 130 170 140 150 140 0 3 0
L 150 140 10 0 8 0 1 0 GND71
A 150 140 10 0 3 3 #=K5
A 150 150 10 0 2 0 PINTYPE=IN
P 124 170 130 150 130 0 3 0
L 150 130 10 0 8 0 1 0 GND72
A 150 130 10 0 3 3 #=K7
A 150 140 10 0 2 0 PINTYPE=IN
P 121 170 120 150 120 0 3 0
L 150 120 10 0 8 0 1 0 GND73
A 150 120 10 0 3 3 #=K9
A 150 130 10 0 2 0 PINTYPE=IN
P 122 170 110 150 110 0 3 0
L 150 110 10 0 8 0 1 0 GND74
A 150 110 10 0 3 3 #=L1
A 150 120 10 0 2 0 PINTYPE=IN
P 123 170 100 150 100 0 3 0
L 150 100 10 0 8 0 1 0 GND75
A 150 100 10 0 3 3 #=L2
A 150 110 10 0 2 0 PINTYPE=IN
P 120 170 90 150 90 0 3 0
L 150 90 10 0 8 0 1 0 GND76
A 150 90 10 0 3 3 #=L3
A 150 100 10 0 2 0 PINTYPE=IN
P 114 170 80 150 80 0 3 0
L 150 80 10 0 8 0 1 0 GND77
A 150 80 10 0 3 3 #=L4
A 150 90 10 0 2 0 PINTYPE=IN
P 111 170 70 150 70 0 3 0
L 150 70 10 0 8 0 1 0 GND78
A 150 70 10 0 3 3 #=L5
A 150 80 10 0 2 0 PINTYPE=IN
P 112 170 60 150 60 0 3 0
L 150 60 10 0 8 0 1 0 GND79
A 150 60 10 0 3 3 #=L6
A 150 70 10 0 2 0 PINTYPE=IN
P 77 0 360 20 360 0 2 0
L 20 360 10 4 8 0 1 0 GND8
A 20 360 10 4 3 3 #=B6
A 20 370 10 4 2 0 PINTYPE=IN
P 113 170 50 150 50 0 3 0
L 150 50 10 0 8 0 1 0 GND80
A 150 50 10 0 3 3 #=L7
A 150 60 10 0 2 0 PINTYPE=IN
P 110 170 40 150 40 0 3 0
L 150 40 10 0 8 0 1 0 GND81
A 150 40 10 0 3 3 #=L8
A 150 50 10 0 2 0 PINTYPE=IN
P 146 170 30 150 30 0 3 0
L 150 30 10 0 8 0 1 0 GND82
A 150 30 10 0 3 3 #=L9
A 150 40 10 0 2 0 PINTYPE=IN
P 149 170 20 150 20 0 3 0
L 150 20 10 0 8 0 1 0 GND83
A 150 20 10 0 3 3 #=L10
A 150 30 10 0 2 0 PINTYPE=IN
P 78 0 350 20 350 0 2 0
L 20 350 10 4 8 0 1 0 GND9
A 20 350 10 4 3 3 #=B8
A 20 360 10 4 2 0 PINTYPE=IN
U 0 445 14 0 3 3 REFDES=J?
U 60 500 10 0 3 0 MANF_P/N=10045722-101LF
U 60 510 10 0 3 0 MANF=FCI USA
U 0 -30 10 0 3 0 PKG_TYPE=CON_FCI_10045722
U 0 -40 10 0 3 0 LEVEL=STD
U 0 -50 10 0 3 0 PARTS=1
U 0 10 10 0 3 0 HETERO=FCI_10045722_RECEPT,FCI_10045722_RECEPT_GND
U 20 0 10 0 3 3 DEVICE=FCI_10045722_120_PIN
b 20 10 150 445
U 55 445 10 0 3 3 VALUE=RECEPTACLE
E
