V 51
K 237338322700 fds6681z
|R 16:49_7-15-13
Y 1
D 0 0 80 80
Z 10
i 9
U 0 -60 10 0 3 0 DIST_P/N=FDS6681ZTR-ND
U 0 -50 10 0 3 0 DIST=DIGIKEY
U 0 -40 10 0 3 0 MFG_P/N=FDS6681Z
U 0 -20 10 0 3 0 PARTS=1
U 0 -10 10 0 3 0 LEVEL=STD
U 0 -30 10 0 3 0 MFG=FAIRCHILD
U 122 29 10 4 3 0 PKG_TYPE=SOIC_8
U 90 40 16 4 3 3 REFDES=Q?
P 5 20 80 20 55 0 0 0
L 15 30 10 7 3 0 0 0 D_5
A 21 65 10 4 9 3 #=5
P 4 30 80 30 55 0 0 0
L 25 30 10 7 3 0 0 0 D_6
A 31 65 10 4 9 3 #=6
P 3 40 80 40 55 0 0 0
L 35 30 10 7 3 0 0 0 D_7
A 41 65 10 4 9 3 #=7
P 2 50 80 50 55 0 0 0
L 45 30 10 7 3 0 0 0 D_8
A 51 65 10 4 9 3 #=8
P 7 30 0 30 25 0 1 0
L 25 35 10 7 3 0 0 0 S_3
A 30 5 10 7 3 0 PINTYPE=IN
A 36 5 10 4 3 3 #=3
P 6 40 0 40 25 0 1 0
L 35 35 10 7 3 0 0 0 S_2
A 40 5 10 7 3 0 PINTYPE=IN
A 46 5 10 4 3 3 #=2
P 1 50 0 50 25 0 1 0
L 45 35 10 7 3 0 0 0 S_1
A 50 5 10 7 3 0 PINTYPE=IN
A 56 5 10 4 3 3 #=1
P 8 0 30 25 30 0 2 0
L 30 20 10 7 3 0 0 0 GATE
A 25 30 10 4 1 0 PINTYPE=IN
A 6 29 10 6 1 3 #=4
l 2 47 37 53 37
l 2 30 47 30 53
l 2 30 27 30 33
l 2 40 50 40 60
c 40 50 2
Q 2 1 0
l 2 50 72 50 70
c 40 30 2
Q 2 1 0
l 2 40 30 50 30
l 2 30 30 40 30
l 2 30 25 50 25
l 2 20 55 50 55
l 2 20 72 20 70
T 17 39 10 6 3 G
Q 15 0 0
T 54 60 10 6 3 D
Q 15 0 0
T 54 30 10 6 3 S
Q 15 0 0
l 2 30 37 30 43
l 2 40 25 40 40
l 2 25 27 25 53
l 2 35 43 40 40
l 2 35 37 40 40
l 2 35 43 35 37
l 2 30 40 35 40
l 2 49 30 55 30
l 2 50 37 50 30
l 2 50 37 47 42
l 2 50 37 53 42
l 2 50 50 30 50
l 2 50 50 50 42
l 2 47 42 53 42
b 15 15 65 65
U 113 33 10 4 3 3 DEVICE=FDS6681Z
E
