V 50
K 153165148200 flvb1760
Y 1
D 0 0 400 530
Z 10
i 946
b 50 50 350 480
P 1 0 100 50 100 0 2 0
A 45 100 10 0 9 3 #=BB13
L 55 100 10 0 2 0 1 0 VCCO_84_BB13
A 10 100 10 0 2 0 PINTYPE=BI
P 2 0 110 50 110 0 2 0
A 45 110 10 0 9 3 #=AW12
L 55 110 10 0 2 0 1 0 VCCO_84_AW12
A 10 110 10 0 2 0 PINTYPE=BI
P 3 0 120 50 120 0 2 0
A 45 120 10 0 9 3 #=AV15
L 55 120 10 0 2 0 1 0 VCCO_84_AV15
A 10 120 10 0 2 0 PINTYPE=BI
P 4 0 130 50 130 0 2 0
A 45 130 10 0 9 3 #=AR14
L 55 130 10 0 2 0 1 0 VCCO_84_AR14
A 10 130 10 0 2 0 PINTYPE=BI
P 5 400 100 350 100 0 3 0
A 355 100 10 0 3 3 #=AR15
L 345 100 10 0 8 0 1 0 VREF_84_AR15
A 405 100 10 0 2 0 PINTYPE=BI
P 6 400 110 350 110 0 3 0
A 355 110 10 0 3 3 #=AW13
L 345 110 10 0 8 0 1 0 IO_L13N_T2L_N1_GC_QBC_84_AW13
A 405 110 10 0 2 0 PINTYPE=BI
P 7 400 120 350 120 0 3 0
A 355 120 10 0 3 3 #=AW14
L 345 120 10 0 8 0 1 0 IO_L13P_T2L_N0_GC_QBC_84_AW14
A 405 120 10 0 2 0 PINTYPE=BI
P 8 400 130 350 130 0 3 0
A 355 130 10 0 3 3 #=BB15
L 345 130 10 0 8 0 1 0 IO_T2U_N12_84_BB15
A 405 130 10 0 2 0 PINTYPE=BI
P 9 400 140 350 140 0 3 0
A 355 140 10 0 3 3 #=AY15
L 345 140 10 0 8 0 1 0 IO_L14N_T2L_N3_GC_84_AY15
A 405 140 10 0 2 0 PINTYPE=BI
P 10 400 150 350 150 0 3 0
A 355 150 10 0 3 3 #=AW15
L 345 150 10 0 8 0 1 0 IO_L14P_T2L_N2_GC_84_AW15
A 405 150 10 0 2 0 PINTYPE=BI
P 11 400 160 350 160 0 3 0
A 355 160 10 0 3 3 #=AY12
L 345 160 10 0 8 0 1 0 IO_L15N_T2L_N5_AD11N_84_AY12
A 405 160 10 0 2 0 PINTYPE=BI
P 12 400 170 350 170 0 3 0
A 355 170 10 0 3 3 #=AY13
L 345 170 10 0 8 0 1 0 IO_L15P_T2L_N4_AD11P_84_AY13
A 405 170 10 0 2 0 PINTYPE=BI
P 13 400 180 350 180 0 3 0
A 355 180 10 0 3 3 #=BB14
L 345 180 10 0 8 0 1 0 IO_L16N_T2U_N7_QBC_AD3N_84_BB14
A 405 180 10 0 2 0 PINTYPE=BI
P 14 400 190 350 190 0 3 0
A 355 190 10 0 3 3 #=BA15
L 345 190 10 0 8 0 1 0 IO_L16P_T2U_N6_QBC_AD3P_84_BA15
A 405 190 10 0 2 0 PINTYPE=BI
P 15 400 200 350 200 0 3 0
A 355 200 10 0 3 3 #=BB12
L 345 200 10 0 8 0 1 0 IO_L17N_T2U_N9_AD10N_84_BB12
A 405 200 10 0 2 0 PINTYPE=BI
P 16 400 210 350 210 0 3 0
A 355 210 10 0 3 3 #=BA12
L 345 210 10 0 8 0 1 0 IO_L17P_T2U_N8_AD10P_84_BA12
A 405 210 10 0 2 0 PINTYPE=BI
P 17 400 220 350 220 0 3 0
A 355 220 10 0 3 3 #=BA13
L 345 220 10 0 8 0 1 0 IO_L18N_T2U_N11_AD2N_84_BA13
A 405 220 10 0 2 0 PINTYPE=BI
P 18 400 230 350 230 0 3 0
A 355 230 10 0 3 3 #=BA14
L 345 230 10 0 8 0 1 0 IO_L18P_T2U_N10_AD2P_84_BA14
A 405 230 10 0 2 0 PINTYPE=BI
P 19 400 240 350 240 0 3 0
A 355 240 10 0 3 3 #=AV12
L 345 240 10 0 8 0 1 0 IO_L19N_T3L_N1_DBC_AD9N_84_AV12
A 405 240 10 0 2 0 PINTYPE=BI
P 20 400 250 350 250 0 3 0
A 355 250 10 0 3 3 #=AU12
L 345 250 10 0 8 0 1 0 IO_L19P_T3L_N0_DBC_AD9P_84_AU12
A 405 250 10 0 2 0 PINTYPE=BI
P 21 400 260 350 260 0 3 0
A 355 260 10 0 3 3 #=AV16
L 345 260 10 0 8 0 1 0 IO_L20N_T3L_N3_AD1N_84_AV16
A 405 260 10 0 2 0 PINTYPE=BI
P 22 400 270 350 270 0 3 0
A 355 270 10 0 3 3 #=AV17
L 345 270 10 0 8 0 1 0 IO_L20P_T3L_N2_AD1P_84_AV17
A 405 270 10 0 2 0 PINTYPE=BI
P 23 400 280 350 280 0 3 0
A 355 280 10 0 3 3 #=AU14
L 345 280 10 0 8 0 1 0 IO_L21N_T3L_N5_AD8N_84_AU14
A 405 280 10 0 2 0 PINTYPE=BI
P 24 400 290 350 290 0 3 0
A 355 290 10 0 3 3 #=AT14
L 345 290 10 0 8 0 1 0 IO_L21P_T3L_N4_AD8P_84_AT14
A 405 290 10 0 2 0 PINTYPE=BI
P 25 400 300 350 300 0 3 0
A 355 300 10 0 3 3 #=AV13
L 345 300 10 0 8 0 1 0 IO_L22N_T3U_N7_DBC_AD0N_84_AV13
A 405 300 10 0 2 0 PINTYPE=BI
P 26 400 310 350 310 0 3 0
A 355 310 10 0 3 3 #=AV14
L 345 310 10 0 8 0 1 0 IO_L22P_T3U_N6_DBC_AD0P_84_AV14
A 405 310 10 0 2 0 PINTYPE=BI
P 27 400 320 350 320 0 3 0
A 355 320 10 0 3 3 #=AT12
L 345 320 10 0 8 0 1 0 IO_L23N_T3U_N9_84_AT12
A 405 320 10 0 2 0 PINTYPE=BI
P 28 400 330 350 330 0 3 0
A 355 330 10 0 3 3 #=AT13
L 345 330 10 0 8 0 1 0 IO_L23P_T3U_N8_84_AT13
A 405 330 10 0 2 0 PINTYPE=BI
P 29 400 340 350 340 0 3 0
A 355 340 10 0 3 3 #=AT15
L 345 340 10 0 8 0 1 0 IO_T3U_N12_84_AT15
A 405 340 10 0 2 0 PINTYPE=BI
P 30 400 350 350 350 0 3 0
A 355 350 10 0 3 3 #=AU15
L 345 350 10 0 8 0 1 0 IO_L24N_T3U_N11_84_AU15
A 405 350 10 0 2 0 PINTYPE=BI
P 31 400 360 350 360 0 3 0
A 355 360 10 0 3 3 #=AU16
L 345 360 10 0 8 0 1 0 IO_L24P_T3U_N10_84_AU16
A 405 360 10 0 2 0 PINTYPE=BI
T 220 380 20 0 5 XCKU115FLVB1760
T 220 400 20 0 5 BANK 84_H
c 70 460 10
U 50 490 10 0 3 3 DEVICE=XXXXXX
U 50 30 16 0 3 3 REFDES=U?
U 250 30 10 0 3 3 PKG_TYPE=XXXXXX
U 0 0 10 0 3 0 HETERO=flvb1760a_0_H,flvb1760a_44_H,flvb1760a_45_H,flvb1760a_46_H,flvb1760a_47_H,flvb1760a_48_H,flvb1760a_49_H,flvb1760a_50_H,flvb1760a_51_H,flvb1760a_52_H,flvb1760a_53_H,flvb1760a_65_H,flvb1760a_66_H,flvb1760a_67_H,flvb1760a_84_H,flvb1760a_94_H,flvb1760a_GND_H
U 0 -10 10 0 3 0 PARTS=1
U 0 -20 10 0 3 0 LEVEL=STD
U 0 -30 10 0 3 0 DATE=2014_11_14
E
