V 53
K 1416272297 flvb1760c_53.1
F Case
|R 16:58:17_11-17-14
D 0 530 400 0
Y 1
Z 10
i 32
U 50 490 10 0 3 3 DEVICE=XXXXXX
U 50 30 16 0 3 3 REFDES=U?
U 250 30 10 0 3 3 PKG_TYPE=XXXXXX
U 0 0 10 0 3 0 HETERO=flvb1760c_0,flvb1760c_44,flvb1760c_45,flvb1760c_46,flvb1760c_47,flvb1760c_48,flvb1760c_49,flvb1760c_50,flvb1760c_51,flvb1760c_52,flvb1760c_53,flvb1760c_65,flvb1760c_66,flvb1760c_67,flvb1760c_84,flvb1760c_94,flvb1760c_128,flvb1760c_131,flvb1760c_132,flvb1760c_133,flvb1760c_224,flvb1760c_225,flvb1760c_226,flvb1760c_227,flvb1760c_228,flvb1760c_230,flvb1760c_231,flvb1760c_232,flvb1760c_233,flvb1760c_GND1,flvb1760c_GND2,flvb1760c_MGTAVCC_L,flvb1760c_MGTAVCC_RN,flvb1760c_MGTAVCC_RS,flvb1760c_MGTAVTT_L,flvb1760c_MGTAVTT_RN,flvb1760c_MGTAVTT_RS,flvb1760c_MGTVCCAUX_L,flvb1760c_MGTVCCAUX_RN,flvb1760c_MGTVCCAUX_RS,flvb1760c_VCCAUX,flvb1760c_VCCAUX_IO,flvb1760c_VCCINT,flvb1760c_VCCINT_IO,flvb1760c_VCCBRAM
U 0 -10 10 0 3 0 PARTS=1
U 0 -20 10 0 3 0 LEVEL=STD
U 0 -30 10 0 3 0 DATE=2014_11_14
U 0 0 10 0 1 0 FORWARD_PCB=1
b 50 50 350 480
T 220 430 20 0 5 XCKU115FLVB1760
T 220 450 20 0 5 BANK 53
T 140 410 12 0 6 BANK MIGRATION:
T 140 400 10 0 6 KU075 = BANK 72
T 140 390 10 0 6 KU100 = BANK 53
T 140 380 10 0 6 VU080 = BANK 51
T 140 370 10 0 6 VU095 = BANK 51
T 140 360 10 0 6 VU125 = BANK 53
c 70 460 10
P 1 0 100 50 100 0 2 0
L 55 100 10 0 2 0 1 0 VCCO_53_L26
A 45 100 10 0 9 3 #=L26
A 10 100 10 0 2 0 PINTYPE=BI
P 2 0 110 50 110 0 2 0
L 55 110 10 0 2 0 1 0 VCCO_53_H25
A 45 110 10 0 9 3 #=H25
A 10 110 10 0 2 0 PINTYPE=BI
P 3 0 120 50 120 0 2 0
L 55 120 10 0 2 0 1 0 VCCO_53_D27
A 45 120 10 0 9 3 #=D27
A 10 120 10 0 2 0 PINTYPE=BI
P 4 0 130 50 130 0 2 0
L 55 130 10 0 2 0 1 0 VCCO_53_A26
A 45 130 10 0 9 3 #=A26
A 10 130 10 0 2 0 PINTYPE=BI
P 5 400 100 350 100 0 3 0
L 345 100 10 0 8 0 1 0 VREF_53_P25
A 355 100 10 0 3 3 #=P25
A 405 100 10 0 2 0 PINTYPE=BI
P 6 400 110 350 110 0 3 0
L 345 110 10 0 8 0 1 0 IO_L1N_T0L_N1_DBC_53_L27
A 355 110 10 0 3 3 #=L27
A 405 110 10 0 2 0 PINTYPE=BI
P 7 400 120 350 120 0 3 0
L 345 120 10 0 8 0 1 0 IO_L1P_T0L_N0_DBC_53_M27
A 355 120 10 0 3 3 #=M27
A 405 120 10 0 2 0 PINTYPE=BI
P 8 400 130 350 130 0 3 0
L 345 130 10 0 8 0 1 0 IO_T0U_N12_VRP_53_M26
A 355 130 10 0 3 3 #=M26
A 405 130 10 0 2 0 PINTYPE=BI
P 9 400 140 350 140 0 3 0
L 345 140 10 0 8 0 1 0 IO_L2N_T0L_N3_53_L25
A 355 140 10 0 3 3 #=L25
A 405 140 10 0 2 0 PINTYPE=BI
P 10 400 150 350 150 0 3 0
L 345 150 10 0 8 0 1 0 IO_L2P_T0L_N2_53_M25
A 355 150 10 0 3 3 #=M25
A 405 150 10 0 2 0 PINTYPE=BI
P 11 400 160 350 160 0 3 0
L 345 160 10 0 8 0 1 0 IO_L3N_T0L_N5_AD15N_53_K27
A 355 160 10 0 3 3 #=K27
A 405 160 10 0 2 0 PINTYPE=BI
P 12 400 170 350 170 0 3 0
L 345 170 10 0 8 0 1 0 IO_L3P_T0L_N4_AD15P_53_K26
A 355 170 10 0 3 3 #=K26
A 405 170 10 0 2 0 PINTYPE=BI
P 13 400 180 350 180 0 3 0
L 345 180 10 0 8 0 1 0 IO_L4N_T0U_N7_DBC_AD7N_53_J25
A 355 180 10 0 3 3 #=J25
A 405 180 10 0 2 0 PINTYPE=BI
P 14 400 190 350 190 0 3 0
L 345 190 10 0 8 0 1 0 IO_L4P_T0U_N6_DBC_AD7P_53_K25
A 355 190 10 0 3 3 #=K25
A 405 190 10 0 2 0 PINTYPE=BI
P 15 400 200 350 200 0 3 0
L 345 200 10 0 8 0 1 0 IO_L5N_T0U_N9_AD14N_53_H26
A 355 200 10 0 3 3 #=H26
A 405 200 10 0 2 0 PINTYPE=BI
P 16 400 210 350 210 0 3 0
L 345 210 10 0 8 0 1 0 IO_L5P_T0U_N8_AD14P_53_J26
A 355 210 10 0 3 3 #=J26
A 405 210 10 0 2 0 PINTYPE=BI
P 17 400 220 350 220 0 3 0
L 345 220 10 0 8 0 1 0 IO_L6N_T0U_N11_AD6N_53_G26
A 355 220 10 0 3 3 #=G26
A 405 220 10 0 2 0 PINTYPE=BI
P 18 400 230 350 230 0 3 0
L 345 230 10 0 8 0 1 0 IO_L6P_T0U_N10_AD6P_53_G25
A 355 230 10 0 3 3 #=G25
A 405 230 10 0 2 0 PINTYPE=BI
P 19 400 240 350 240 0 3 0
L 345 240 10 0 8 0 1 0 IO_L7N_T1L_N1_QBC_AD13N_53_G27
A 355 240 10 0 3 3 #=G27
A 405 240 10 0 2 0 PINTYPE=BI
P 20 400 250 350 250 0 3 0
L 345 250 10 0 8 0 1 0 IO_L7P_T1L_N0_QBC_AD13P_53_H27
A 355 250 10 0 3 3 #=H27
A 405 250 10 0 2 0 PINTYPE=BI
P 21 400 260 350 260 0 3 0
L 345 260 10 0 8 0 1 0 IO_L8N_T1L_N3_AD5N_53_B26
A 355 260 10 0 3 3 #=B26
A 405 260 10 0 2 0 PINTYPE=BI
P 22 400 270 350 270 0 3 0
L 345 270 10 0 8 0 1 0 IO_L8P_T1L_N2_AD5P_53_C26
A 355 270 10 0 3 3 #=C26
A 405 270 10 0 2 0 PINTYPE=BI
P 23 400 280 350 280 0 3 0
L 345 280 10 0 8 0 1 0 IO_L9N_T1L_N5_AD12N_53_E27
A 355 280 10 0 3 3 #=E27
A 405 280 10 0 2 0 PINTYPE=BI
P 24 400 290 350 290 0 3 0
L 345 290 10 0 8 0 1 0 IO_L9P_T1L_N4_AD12P_53_F27
A 355 290 10 0 3 3 #=F27
A 405 290 10 0 2 0 PINTYPE=BI
P 25 400 300 350 300 0 3 0
L 345 300 10 0 8 0 1 0 IO_L10N_T1U_N7_QBC_AD4N_53_B27
A 355 300 10 0 3 3 #=B27
A 405 300 10 0 2 0 PINTYPE=BI
P 26 400 310 350 310 0 3 0
L 345 310 10 0 8 0 1 0 IO_L10P_T1U_N6_QBC_AD4P_53_C27
A 355 310 10 0 3 3 #=C27
A 405 310 10 0 2 0 PINTYPE=BI
P 27 400 320 350 320 0 3 0
L 345 320 10 0 8 0 1 0 IO_L11N_T1U_N9_GC_53_D26
A 355 320 10 0 3 3 #=D26
A 405 320 10 0 2 0 PINTYPE=BI
P 28 400 330 350 330 0 3 0
L 345 330 10 0 8 0 1 0 IO_L11P_T1U_N8_GC_53_E26
A 355 330 10 0 3 3 #=E26
A 405 330 10 0 2 0 PINTYPE=BI
P 29 400 340 350 340 0 3 0
L 345 340 10 0 8 0 1 0 IO_T1U_N12_53_A27
A 355 340 10 0 3 3 #=A27
A 405 340 10 0 2 0 PINTYPE=BI
P 30 400 350 350 350 0 3 0
L 345 350 10 0 8 0 1 0 IO_L12N_T1U_N11_GC_53_E25
A 355 350 10 0 3 3 #=E25
A 405 350 10 0 2 0 PINTYPE=BI
P 31 400 360 350 360 0 3 0
L 345 360 10 0 8 0 1 0 IO_L12P_T1U_N10_GC_53_F25
A 355 360 10 0 3 3 #=F25
A 405 360 10 0 2 0 PINTYPE=BI
E 
