V 50
K 153165148200 flvb1760
Y 1
D 0 0 400 420
Z 10
i 946
b 50 50 350 370
P 1 400 100 350 100 0 3 0
A 355 100 10 0 3 3 #=W37
L 345 100 10 0 8 0 1 0 MGTREFCLK1N_131_W37
A 405 100 10 0 2 0 PINTYPE=BI
P 2 400 110 350 110 0 3 0
A 355 110 10 0 3 3 #=W36
L 345 110 10 0 8 0 1 0 MGTREFCLK1P_131_W36
A 405 110 10 0 2 0 PINTYPE=BI
P 3 400 120 350 120 0 3 0
A 355 120 10 0 3 3 #=AA37
L 345 120 10 0 8 0 1 0 MGTREFCLK0N_131_AA37
A 405 120 10 0 2 0 PINTYPE=BI
P 4 400 130 350 130 0 3 0
A 355 130 10 0 3 3 #=AA36
L 345 130 10 0 8 0 1 0 MGTREFCLK0P_131_AA36
A 405 130 10 0 2 0 PINTYPE=BI
P 5 400 140 350 140 0 3 0
A 355 140 10 0 3 3 #=R42
L 345 140 10 0 8 0 1 0 MGTHRXN3_131_R42
A 405 140 10 0 2 0 PINTYPE=BI
P 6 400 150 350 150 0 3 0
A 355 150 10 0 3 3 #=R41
L 345 150 10 0 8 0 1 0 MGTHRXP3_131_R41
A 405 150 10 0 2 0 PINTYPE=BI
P 7 400 160 350 160 0 3 0
A 355 160 10 0 3 3 #=P39
L 345 160 10 0 8 0 1 0 MGTHTXN3_131_P39
A 405 160 10 0 2 0 PINTYPE=BI
P 8 400 170 350 170 0 3 0
A 355 170 10 0 3 3 #=P38
L 345 170 10 0 8 0 1 0 MGTHTXP3_131_P38
A 405 170 10 0 2 0 PINTYPE=BI
P 9 400 180 350 180 0 3 0
A 355 180 10 0 3 3 #=U42
L 345 180 10 0 8 0 1 0 MGTHRXN2_131_U42
A 405 180 10 0 2 0 PINTYPE=BI
P 10 400 190 350 190 0 3 0
A 355 190 10 0 3 3 #=U41
L 345 190 10 0 8 0 1 0 MGTHRXP2_131_U41
A 405 190 10 0 2 0 PINTYPE=BI
P 11 400 200 350 200 0 3 0
A 355 200 10 0 3 3 #=T39
L 345 200 10 0 8 0 1 0 MGTHTXN2_131_T39
A 405 200 10 0 2 0 PINTYPE=BI
P 12 400 210 350 210 0 3 0
A 355 210 10 0 3 3 #=T38
L 345 210 10 0 8 0 1 0 MGTHTXP2_131_T38
A 405 210 10 0 2 0 PINTYPE=BI
P 13 400 220 350 220 0 3 0
A 355 220 10 0 3 3 #=W42
L 345 220 10 0 8 0 1 0 MGTHRXN1_131_W42
A 405 220 10 0 2 0 PINTYPE=BI
P 14 400 230 350 230 0 3 0
A 355 230 10 0 3 3 #=W41
L 345 230 10 0 8 0 1 0 MGTHRXP1_131_W41
A 405 230 10 0 2 0 PINTYPE=BI
P 15 400 240 350 240 0 3 0
A 355 240 10 0 3 3 #=V39
L 345 240 10 0 8 0 1 0 MGTHTXN1_131_V39
A 405 240 10 0 2 0 PINTYPE=BI
P 16 400 250 350 250 0 3 0
A 355 250 10 0 3 3 #=V38
L 345 250 10 0 8 0 1 0 MGTHTXP1_131_V38
A 405 250 10 0 2 0 PINTYPE=BI
P 17 400 260 350 260 0 3 0
A 355 260 10 0 3 3 #=AA42
L 345 260 10 0 8 0 1 0 MGTHRXN0_131_AA42
A 405 260 10 0 2 0 PINTYPE=BI
P 18 400 270 350 270 0 3 0
A 355 270 10 0 3 3 #=AA41
L 345 270 10 0 8 0 1 0 MGTHRXP0_131_AA41
A 405 270 10 0 2 0 PINTYPE=BI
P 19 400 280 350 280 0 3 0
A 355 280 10 0 3 3 #=Y39
L 345 280 10 0 8 0 1 0 MGTHTXN0_131_Y39
A 405 280 10 0 2 0 PINTYPE=BI
P 20 400 290 350 290 0 3 0
A 355 290 10 0 3 3 #=Y38
L 345 290 10 0 8 0 1 0 MGTHTXP0_131_Y38
A 405 290 10 0 2 0 PINTYPE=BI
T 220 310 20 0 5 XCKU115FLVB1760
T 220 330 20 0 5 BANK 131
T 135 280 12 0 6 BANK MIGRATION:
T 135 270 10 0 6 KU075 = BANK 130
T 135 260 10 0 6 KU100 = BANK 131
T 135 250 10 0 6 VU080 = BANK 129
T 135 240 10 0 6 VU095 = BANK 129
T 135 230 10 0 6 VU125 = BANK 130
c 70 350 10
U 50 380 10 0 3 3 DEVICE=XXXXXX
U 50 30 16 0 3 3 REFDES=U?
U 250 30 10 0 3 3 PKG_TYPE=XXXXXX
U 0 0 10 0 3 0 HETERO=flvb1760c_0,flvb1760c_44,flvb1760c_45,flvb1760c_46,flvb1760c_47,flvb1760c_48,flvb1760c_49,flvb1760c_50,flvb1760c_51,flvb1760c_52,flvb1760c_53,flvb1760c_65,flvb1760c_66,flvb1760c_67,flvb1760c_84,flvb1760c_94,flvb1760c_128,flvb1760c_131,flvb1760c_132,flvb1760c_133,flvb1760c_224,flvb1760c_225,flvb1760c_226,flvb1760c_227,flvb1760c_228,flvb1760c_230,flvb1760c_231,flvb1760c_232,flvb1760c_233,flvb1760c_GND1,flvb1760c_GND2,flvb1760c_MGTAVCC_L,flvb1760c_MGTAVCC_RN,flvb1760c_MGTAVCC_RS,flvb1760c_MGTAVTT_L,flvb1760c_MGTAVTT_RN,flvb1760c_MGTAVTT_RS,flvb1760c_MGTVCCAUX_L,flvb1760c_MGTVCCAUX_RN,flvb1760c_MGTVCCAUX_RS,flvb1760c_VCCAUX,flvb1760c_VCCAUX_IO,flvb1760c_VCCINT,flvb1760c_VCCINT_IO,flvb1760c_VCCBRAM
U 0 -10 10 0 3 0 PARTS=1
U 0 -20 10 0 3 0 LEVEL=STD
U 0 -30 10 0 3 0 DATE=2014_11_14
E
