V 50
K 153165148200 flvj1924
Y 1
D 0 0 400 810
Z 10
i 946
b 50 50 350 760
P 1 0 100 50 100 0 2 0
A 45 100 10 0 9 3 #=L16
L 55 100 10 0 2 0 1 0 VCCO_72_L16
A 10 100 10 0 2 0 PINTYPE=BI
P 2 0 110 50 110 0 2 0
A 45 110 10 0 9 3 #=K19
L 55 110 10 0 2 0 1 0 VCCO_72_K19
A 10 110 10 0 2 0 PINTYPE=BI
P 3 0 120 50 120 0 2 0
A 45 120 10 0 9 3 #=H15
L 55 120 10 0 2 0 1 0 VCCO_72_H15
A 10 120 10 0 2 0 PINTYPE=BI
P 4 0 130 50 130 0 2 0
A 45 130 10 0 9 3 #=G18
L 55 130 10 0 2 0 1 0 VCCO_72_G18
A 10 130 10 0 2 0 PINTYPE=BI
P 5 0 140 50 140 0 2 0
A 45 140 10 0 9 3 #=D17
L 55 140 10 0 2 0 1 0 VCCO_72_D17
A 10 140 10 0 2 0 PINTYPE=BI
P 6 0 150 50 150 0 2 0
A 45 150 10 0 9 3 #=A16
L 55 150 10 0 2 0 1 0 VCCO_72_A16
A 10 150 10 0 2 0 PINTYPE=BI
P 7 400 100 350 100 0 3 0
A 355 100 10 0 3 3 #=N19
L 345 100 10 0 8 0 1 0 VREF_72_N19
A 405 100 10 0 2 0 PINTYPE=BI
P 8 400 110 350 110 0 3 0
A 355 110 10 0 3 3 #=L17
L 345 110 10 0 8 0 1 0 IO_L1N_T0L_N1_DBC_72_L17
A 405 110 10 0 2 0 PINTYPE=BI
P 9 400 120 350 120 0 3 0
A 355 120 10 0 3 3 #=M17
L 345 120 10 0 8 0 1 0 IO_L1P_T0L_N0_DBC_72_M17
A 405 120 10 0 2 0 PINTYPE=BI
P 10 400 130 350 130 0 3 0
A 355 130 10 0 3 3 #=L14
L 345 130 10 0 8 0 1 0 IO_T0U_N12_VRP_72_L14
A 405 130 10 0 2 0 PINTYPE=BI
P 11 400 140 350 140 0 3 0
A 355 140 10 0 3 3 #=M16
L 345 140 10 0 8 0 1 0 IO_L2N_T0L_N3_72_M16
A 405 140 10 0 2 0 PINTYPE=BI
P 12 400 150 350 150 0 3 0
A 355 150 10 0 3 3 #=N16
L 345 150 10 0 8 0 1 0 IO_L2P_T0L_N2_72_N16
A 405 150 10 0 2 0 PINTYPE=BI
P 13 400 160 350 160 0 3 0
A 355 160 10 0 3 3 #=N17
L 345 160 10 0 8 0 1 0 IO_L3N_T0L_N5_AD15N_72_N17
A 405 160 10 0 2 0 PINTYPE=BI
P 14 400 170 350 170 0 3 0
A 355 170 10 0 3 3 #=N18
L 345 170 10 0 8 0 1 0 IO_L3P_T0L_N4_AD15P_72_N18
A 405 170 10 0 2 0 PINTYPE=BI
P 15 400 180 350 180 0 3 0
A 355 180 10 0 3 3 #=L15
L 345 180 10 0 8 0 1 0 IO_L4N_T0U_N7_DBC_AD7N_72_L15
A 405 180 10 0 2 0 PINTYPE=BI
P 16 400 190 350 190 0 3 0
A 355 190 10 0 3 3 #=M15
L 345 190 10 0 8 0 1 0 IO_L4P_T0U_N6_DBC_AD7P_72_M15
A 405 190 10 0 2 0 PINTYPE=BI
P 17 400 200 350 200 0 3 0
A 355 200 10 0 3 3 #=L19
L 345 200 10 0 8 0 1 0 IO_L5N_T0U_N9_AD14N_72_L19
A 405 200 10 0 2 0 PINTYPE=BI
P 18 400 210 350 210 0 3 0
A 355 210 10 0 3 3 #=M19
L 345 210 10 0 8 0 1 0 IO_L5P_T0U_N8_AD14P_72_M19
A 405 210 10 0 2 0 PINTYPE=BI
P 19 400 220 350 220 0 3 0
A 355 220 10 0 3 3 #=M14
L 345 220 10 0 8 0 1 0 IO_L6N_T0U_N11_AD6N_72_M14
A 405 220 10 0 2 0 PINTYPE=BI
P 20 400 230 350 230 0 3 0
A 355 230 10 0 3 3 #=N14
L 345 230 10 0 8 0 1 0 IO_L6P_T0U_N10_AD6P_72_N14
A 405 230 10 0 2 0 PINTYPE=BI
P 21 400 240 350 240 0 3 0
A 355 240 10 0 3 3 #=J16
L 345 240 10 0 8 0 1 0 IO_L7N_T1L_N1_QBC_AD13N_72_J16
A 405 240 10 0 2 0 PINTYPE=BI
P 22 400 250 350 250 0 3 0
A 355 250 10 0 3 3 #=K17
L 345 250 10 0 8 0 1 0 IO_L7P_T1L_N0_QBC_AD13P_72_K17
A 405 250 10 0 2 0 PINTYPE=BI
P 23 400 260 350 260 0 3 0
A 355 260 10 0 3 3 #=K15
L 345 260 10 0 8 0 1 0 IO_L8N_T1L_N3_AD5N_72_K15
A 405 260 10 0 2 0 PINTYPE=BI
P 24 400 270 350 270 0 3 0
A 355 270 10 0 3 3 #=K16
L 345 270 10 0 8 0 1 0 IO_L8P_T1L_N2_AD5P_72_K16
A 405 270 10 0 2 0 PINTYPE=BI
P 25 400 280 350 280 0 3 0
A 355 280 10 0 3 3 #=K18
L 345 280 10 0 8 0 1 0 IO_L9N_T1L_N5_AD12N_72_K18
A 405 280 10 0 2 0 PINTYPE=BI
P 26 400 290 350 290 0 3 0
A 355 290 10 0 3 3 #=L18
L 345 290 10 0 8 0 1 0 IO_L9P_T1L_N4_AD12P_72_L18
A 405 290 10 0 2 0 PINTYPE=BI
P 27 400 300 350 300 0 3 0
A 355 300 10 0 3 3 #=H14
L 345 300 10 0 8 0 1 0 IO_L10N_T1U_N7_QBC_AD4N_72_H14
A 405 300 10 0 2 0 PINTYPE=BI
P 28 400 310 350 310 0 3 0
A 355 310 10 0 3 3 #=J14
L 345 310 10 0 8 0 1 0 IO_L10P_T1U_N6_QBC_AD4P_72_J14
A 405 310 10 0 2 0 PINTYPE=BI
P 29 400 320 350 320 0 3 0
A 355 320 10 0 3 3 #=J18
L 345 320 10 0 8 0 1 0 IO_L11N_T1U_N9_GC_72_J18
A 405 320 10 0 2 0 PINTYPE=BI
P 30 400 330 350 330 0 3 0
A 355 330 10 0 3 3 #=J19
L 345 330 10 0 8 0 1 0 IO_L11P_T1U_N8_GC_72_J19
A 405 330 10 0 2 0 PINTYPE=BI
P 31 400 340 350 340 0 3 0
A 355 340 10 0 3 3 #=J15
L 345 340 10 0 8 0 1 0 IO_T1U_N12_72_J15
A 405 340 10 0 2 0 PINTYPE=BI
P 32 400 350 350 350 0 3 0
A 355 350 10 0 3 3 #=H16
L 345 350 10 0 8 0 1 0 IO_L12N_T1U_N11_GC_72_H16
A 405 350 10 0 2 0 PINTYPE=BI
P 33 400 360 350 360 0 3 0
A 355 360 10 0 3 3 #=H17
L 345 360 10 0 8 0 1 0 IO_L12P_T1U_N10_GC_72_H17
A 405 360 10 0 2 0 PINTYPE=BI
P 34 400 370 350 370 0 3 0
A 355 370 10 0 3 3 #=H18
L 345 370 10 0 8 0 1 0 IO_L13N_T2L_N1_GC_QBC_72_H18
A 405 370 10 0 2 0 PINTYPE=BI
P 35 400 380 350 380 0 3 0
A 355 380 10 0 3 3 #=H19
L 345 380 10 0 8 0 1 0 IO_L13P_T2L_N0_GC_QBC_72_H19
A 405 380 10 0 2 0 PINTYPE=BI
P 36 400 390 350 390 0 3 0
A 355 390 10 0 3 3 #=E16
L 345 390 10 0 8 0 1 0 IO_T2U_N12_72_E16
A 405 390 10 0 2 0 PINTYPE=BI
P 37 400 400 350 400 0 3 0
A 355 400 10 0 3 3 #=G16
L 345 400 10 0 8 0 1 0 IO_L14N_T2L_N3_GC_72_G16
A 405 400 10 0 2 0 PINTYPE=BI
P 38 400 410 350 410 0 3 0
A 355 410 10 0 3 3 #=G17
L 345 410 10 0 8 0 1 0 IO_L14P_T2L_N2_GC_72_G17
A 405 410 10 0 2 0 PINTYPE=BI
P 39 400 420 350 420 0 3 0
A 355 420 10 0 3 3 #=F17
L 345 420 10 0 8 0 1 0 IO_L15N_T2L_N5_AD11N_72_F17
A 405 420 10 0 2 0 PINTYPE=BI
P 40 400 430 350 430 0 3 0
A 355 430 10 0 3 3 #=F18
L 345 430 10 0 8 0 1 0 IO_L15P_T2L_N4_AD11P_72_F18
A 405 430 10 0 2 0 PINTYPE=BI
P 41 400 440 350 440 0 3 0
A 355 440 10 0 3 3 #=G14
L 345 440 10 0 8 0 1 0 IO_L16N_T2U_N7_QBC_AD3N_72_G14
A 405 440 10 0 2 0 PINTYPE=BI
P 42 400 450 350 450 0 3 0
A 355 450 10 0 3 3 #=G15
L 345 450 10 0 8 0 1 0 IO_L16P_T2U_N6_QBC_AD3P_72_G15
A 405 450 10 0 2 0 PINTYPE=BI
P 43 400 460 350 460 0 3 0
A 355 460 10 0 3 3 #=F19
L 345 460 10 0 8 0 1 0 IO_L17N_T2U_N9_AD10N_72_F19
A 405 460 10 0 2 0 PINTYPE=BI
P 44 400 470 350 470 0 3 0
A 355 470 10 0 3 3 #=G19
L 345 470 10 0 8 0 1 0 IO_L17P_T2U_N8_AD10P_72_G19
A 405 470 10 0 2 0 PINTYPE=BI
P 45 400 480 350 480 0 3 0
A 355 480 10 0 3 3 #=E17
L 345 480 10 0 8 0 1 0 IO_L18N_T2U_N11_AD2N_72_E17
A 405 480 10 0 2 0 PINTYPE=BI
P 46 400 490 350 490 0 3 0
A 355 490 10 0 3 3 #=E18
L 345 490 10 0 8 0 1 0 IO_L18P_T2U_N10_AD2P_72_E18
A 405 490 10 0 2 0 PINTYPE=BI
P 47 400 500 350 500 0 3 0
A 355 500 10 0 3 3 #=C18
L 345 500 10 0 8 0 1 0 IO_L19N_T3L_N1_DBC_AD9N_72_C18
A 405 500 10 0 2 0 PINTYPE=BI
P 48 400 510 350 510 0 3 0
A 355 510 10 0 3 3 #=D18
L 345 510 10 0 8 0 1 0 IO_L19P_T3L_N0_DBC_AD9P_72_D18
A 405 510 10 0 2 0 PINTYPE=BI
P 49 400 520 350 520 0 3 0
A 355 520 10 0 3 3 #=C16
L 345 520 10 0 8 0 1 0 IO_L20N_T3L_N3_AD1N_72_C16
A 405 520 10 0 2 0 PINTYPE=BI
P 50 400 530 350 530 0 3 0
A 355 530 10 0 3 3 #=D16
L 345 530 10 0 8 0 1 0 IO_L20P_T3L_N2_AD1P_72_D16
A 405 530 10 0 2 0 PINTYPE=BI
P 51 400 540 350 540 0 3 0
A 355 540 10 0 3 3 #=C19
L 345 540 10 0 8 0 1 0 IO_L21N_T3L_N5_AD8N_72_C19
A 405 540 10 0 2 0 PINTYPE=BI
P 52 400 550 350 550 0 3 0
A 355 550 10 0 3 3 #=D19
L 345 550 10 0 8 0 1 0 IO_L21P_T3L_N4_AD8P_72_D19
A 405 550 10 0 2 0 PINTYPE=BI
P 53 400 560 350 560 0 3 0
A 355 560 10 0 3 3 #=B16
L 345 560 10 0 8 0 1 0 IO_L22N_T3U_N7_DBC_AD0N_72_B16
A 405 560 10 0 2 0 PINTYPE=BI
P 54 400 570 350 570 0 3 0
A 355 570 10 0 3 3 #=C17
L 345 570 10 0 8 0 1 0 IO_L22P_T3U_N6_DBC_AD0P_72_C17
A 405 570 10 0 2 0 PINTYPE=BI
P 55 400 580 350 580 0 3 0
A 355 580 10 0 3 3 #=A18
L 345 580 10 0 8 0 1 0 IO_L23N_T3U_N9_72_A18
A 405 580 10 0 2 0 PINTYPE=BI
P 56 400 590 350 590 0 3 0
A 355 590 10 0 3 3 #=B19
L 345 590 10 0 8 0 1 0 IO_L23P_T3U_N8_72_B19
A 405 590 10 0 2 0 PINTYPE=BI
P 57 400 600 350 600 0 3 0
A 355 600 10 0 3 3 #=A19
L 345 600 10 0 8 0 1 0 IO_T3U_N12_72_A19
A 405 600 10 0 2 0 PINTYPE=BI
P 58 400 610 350 610 0 3 0
A 355 610 10 0 3 3 #=A17
L 345 610 10 0 8 0 1 0 IO_L24N_T3U_N11_72_A17
A 405 610 10 0 2 0 PINTYPE=BI
P 59 400 620 350 620 0 3 0
A 355 620 10 0 3 3 #=B17
L 345 620 10 0 8 0 1 0 IO_L24P_T3U_N10_72_B17
A 405 620 10 0 2 0 PINTYPE=BI
T 220 640 20 0 5 XCVU160FLVJ1924
T 220 660 20 0 5 BANK 72
c 70 740 10
U 50 770 10 0 3 3 DEVICE=XXXXXX
U 50 30 16 0 3 3 REFDES=U?
U 250 30 10 0 3 3 PKG_TYPE=XXXXXX
U 0 0 10 0 3 0 HETERO=flvj1924a_0,flvj1924a_65,flvj1924a_66,flvj1924a_67,flvj1924a_70,flvj1924a_71,flvj1924a_72,flvj1924a_84,flvj1924a_94,flvj1924a_120,flvj1924a_121,flvj1924a_122,flvj1924a_123,flvj1924a_124,flvj1924a_125,flvj1924a_126,flvj1924a_127,flvj1924a_128,flvj1924a_129,flvj1924a_130,flvj1924a_131,flvj1924a_132,flvj1924a_220,flvj1924a_221,flvj1924a_222,flvj1924a_223,flvj1924a_224,flvj1924a_225,flvj1924a_226,flvj1924a_227,flvj1924a_228,flvj1924a_229,flvj1924a_230,flvj1924a_231,flvj1924a_232,flvj1924a_MGTAVCC_LC,flvj1924a_MGTAVCC_LN,flvj1924a_MGTAVCC_LS,flvj1924a_MGTAVCC_RC,flvj1924a_MGTAVCC_RN,flvj1924a_MGTAVCC_RS,flvj1924a_MGTAVTT_LC,flvj1924a_MGTAVTT_LN,flvj1924a_MGTAVTT_LS,flvj1924a_MGTAVTT_RC,flvj1924a_MGTAVTT_RN,flvj1924a_MGTAVTT_RS,flvj1924a_MGTVCCAUX_LC,flvj1924a_MGTVCCAUX_LN,flvj1924a_MGTVCCAUX_LS,flvj1924a_MGTVCCAUX_RC,flvj1924a_MGTVCCAUX_RN,flvj1924a_MGTVCCAUX_RS,flvj1924a_GND1,flvj1924a_GND2,flvj1924a_GND3,flvj1924a_VCCINT,flvj1924a_VCCINT_IO,flvj1924a_VCCAUX,flvj1924a_VCCAUX_IO,flvj1924a_VCCBRAM
U 0 -10 10 0 3 0 PARTS=1
U 0 -20 10 0 3 0 LEVEL=STD
U 0 -30 10 0 3 0 DATE=2014_01_24
E
