V 53
K 1424401482 FOD817DSD.1
F Case
|R 19:04:42_2-19-15
D 0 50 90 0
Y 1
Z 10
i 10
U 0 -120 10 0 3 0 LEVEL=STD
U 0 -110 10 0 3 0 PARTS=1
U 0 50 10 0 3 0 PKG_TYPE=PKG_TYPE
U 60 -10 10 0 3 3 DEVICE=DEVICE
U 10 50 10 0 3 3 VALUE=VALUE
U 20 -15 16 0 6 3 REFDES=ISO?
U 0 0 10 0 1 0 FORWARD_PCB=1
l 3 25 30 25 40 10 40 
l 3 10 10 25 10 25 20 
b 10 0 80 50
l 4 20 30 30 30 25 20 20 30 
l 2 20 20 30 20 
l 7 35 30 45 30 35 20 45 20 44 21 44 19 45 20 
l 6 80 40 60 40 50 30 50 20 60 10 80 10 
l 2 50 35 50 30 
l 2 50 20 50 15 
l 4 60 10 59 12 58 11 60 10 
P 1 0 40 10 40 0 2 0
L 25 40 10 0 9 0 1 0 AN
A -15 20 10 0 7 0 PINTYPE=BI
A 5 40 10 0 3 3 #=1
P 3 0 10 10 10 0 2 0
L 25 0 10 0 9 0 1 0 CA
A 5 0 10 0 3 3 #=2
A -15 -10 10 0 7 0 PINTYPE=BI
P 8 90 40 80 40 0 3 0
L 60 40 10 0 3 0 1 0 COL
A 100 40 10 0 9 0 PINTYPE=BI
A 85 40 10 0 9 3 #=4
P 9 90 10 80 10 0 3 0
L 60 10 10 0 3 0 1 0 EMI
A 100 10 10 0 9 0 PINTYPE=BI
A 85 10 10 0 9 3 #=3
E 
