V 53
K 1467147157 fsi-150-p6-afx3.1
F Case
|R 13:52:37_6-28-16
D -25 560 210 0
Y 1
Z 10
i 101
U 150 130 10 1 3 0 DEVICE=DEVICE
U 160 130 10 1 3 0 PKG_TYPE=PKG_TYPE
U 10 15 10 0 1 3 VALUE=VALUE
U 90 550 16 0 5 3 REFDES=P?
U 10 5 10 0 1 3 MANF_P/N=MANF_PN
U -25 0 10 0 1 0 FORWARD_PCB=1
b 0 20 185 540
T 90 505 20 0 6 FSI LANDS
T 5 460 10 0 2 GND
|FNTSTL 3237375 0
T 5 380 10 0 2 GND
|FNTSTL 3237375 0
T 5 300 10 0 2 GND
|FNTSTL 3237375 0
T 5 220 10 0 2 GND
|FNTSTL 3237375 0
T 5 140 10 0 2 GND
|FNTSTL 3237375 0
T 5 60 10 0 2 GND
|FNTSTL 3237375 0
T 180 490 10 0 8 GND
|FNTSTL 3237375 0
T 180 410 10 0 8 GND
|FNTSTL 3237375 0
T 180 330 10 0 8 GND
|FNTSTL 3237375 0
T 180 250 10 0 8 GND
|FNTSTL 3237375 0
T 180 170 10 0 8 GND
|FNTSTL 3237375 0
T 180 90 10 0 8 GND
|FNTSTL 3237375 0
T 90 480 20 0 6 P6
P 1 -25 520 0 520 0 2 0
L 5 520 10 0 2 0 1 0 P1
A -5 520 10 0 9 3 #=1
A -55 520 10 0 8 0 PINTYPE=BI
P 2 -25 510 0 510 0 2 0
L 5 510 10 0 2 0 1 0 P3
A -6 510 10 0 9 3 #=3
A -55 510 10 0 8 0 PINTYPE=BI
P 3 -25 500 0 500 0 2 0
L 5 500 10 0 2 0 1 0 P5
A -6 500 10 0 9 3 #=5
A -55 500 10 0 8 0 PINTYPE=BI
P 4 -25 490 0 490 0 2 0
L 5 490 10 0 2 0 1 0 P7
A -6 490 10 0 9 3 #=7
A -55 490 10 0 8 0 PINTYPE=BI
P 5 -25 480 0 480 0 2 0
L 5 480 10 0 2 0 1 0 P9
A -6 480 10 0 9 3 #=9
A -55 480 10 0 8 0 PINTYPE=BI
P 6 -25 470 0 470 0 2 0
L 5 470 10 0 2 0 1 0 P11
A -5 470 10 0 9 3 #=11
A -55 470 10 0 8 0 PINTYPE=BI
P 7 -25 460 0 460 0 2 0
L 5 460 10 0 2 0 0 0 P13
A -5 460 10 0 9 3 #=13
A -55 460 10 0 8 0 PINTYPE=BI
P 8 -25 450 0 450 0 2 0
L 5 450 10 0 2 0 1 0 P15
A -5 450 10 0 9 3 #=15
A -55 450 10 0 8 0 PINTYPE=BI
P 9 -25 440 0 440 0 2 0
L 5 440 10 0 2 0 1 0 P17
A -5 440 10 0 9 3 #=17
A -55 440 10 0 8 0 PINTYPE=BI
P 10 -25 430 0 430 0 2 0
L 5 430 10 0 2 0 1 0 P19
A -5 430 10 0 9 3 #=19
A -55 430 10 0 8 0 PINTYPE=BI
P 11 -25 420 0 420 0 2 0
L 5 420 10 0 2 0 1 0 P21
A -5 420 10 0 9 3 #=21
A -55 420 10 0 8 0 PINTYPE=BI
P 12 -25 410 0 410 0 2 0
L 5 410 10 0 2 0 1 0 P23
A -5 410 10 0 9 3 #=23
A -55 410 10 0 8 0 PINTYPE=BI
P 13 -25 400 0 400 0 2 0
L 5 400 10 0 2 0 1 0 P25
A -5 400 10 0 9 3 #=25
A -55 400 10 0 8 0 PINTYPE=BI
P 14 -25 390 0 390 0 2 0
L 5 390 10 0 2 0 1 0 P27
A -5 390 10 0 9 3 #=27
A -55 390 10 0 8 0 PINTYPE=BI
P 15 -25 380 0 380 0 2 0
L 5 380 10 0 2 0 0 0 P29
A -5 380 10 0 9 3 #=29
A -55 380 10 0 8 0 PINTYPE=BI
P 16 -25 370 0 370 0 2 0
L 5 370 10 0 2 0 1 0 P31
A -5 370 10 0 9 3 #=31
A -55 370 10 0 8 0 PINTYPE=BI
P 17 -25 360 0 360 0 2 0
L 5 360 10 0 2 0 1 0 P33
A -5 360 10 0 9 3 #=33
A -55 360 10 0 8 0 PINTYPE=BI
P 18 -25 350 0 350 0 2 0
L 5 350 10 0 2 0 1 0 P35
A -5 350 10 0 9 3 #=35
A -55 350 10 0 8 0 PINTYPE=BI
P 19 -25 340 0 340 0 2 0
L 5 340 10 0 2 0 1 0 P37
A -5 340 10 0 9 3 #=37
A -55 340 10 0 8 0 PINTYPE=BI
P 20 -25 330 0 330 0 2 0
L 5 330 10 0 2 0 1 0 P39
A -5 330 10 0 9 3 #=39
A -55 330 10 0 8 0 PINTYPE=BI
P 21 -25 320 0 320 0 2 0
L 5 320 10 0 2 0 1 0 P41
A -5 320 10 0 9 3 #=41
A -55 320 10 0 8 0 PINTYPE=BI
P 22 -25 310 0 310 0 2 0
L 5 310 10 0 2 0 1 0 P43
A -5 310 10 0 9 3 #=43
A -55 310 10 0 8 0 PINTYPE=BI
P 23 -25 300 0 300 0 2 0
L 5 300 10 0 2 0 0 0 P45
A -5 300 10 0 9 3 #=45
A -55 300 10 0 8 0 PINTYPE=BI
P 24 -25 290 0 290 0 2 0
L 5 290 10 0 2 0 1 0 P47
A -5 290 10 0 9 3 #=47
A -55 290 10 0 8 0 PINTYPE=BI
P 25 -25 280 0 280 0 2 0
L 5 280 10 0 2 0 1 0 P49
A -5 280 10 0 9 3 #=49
A -55 280 10 0 8 0 PINTYPE=BI
P 26 -25 270 0 270 0 2 0
L 5 270 10 0 2 0 1 0 P51
A -5 270 10 0 9 3 #=51
A -55 270 10 0 8 0 PINTYPE=BI
P 27 -25 260 0 260 0 2 0
L 5 260 10 0 2 0 1 0 P53
A -5 260 10 0 9 3 #=53
A -55 260 10 0 8 0 PINTYPE=BI
P 28 -25 250 0 250 0 2 0
L 5 250 10 0 2 0 1 0 P55
A -5 250 10 0 9 3 #=55
A -55 250 10 0 8 0 PINTYPE=BI
P 29 -25 240 0 240 0 2 0
L 5 240 10 0 2 0 1 0 P57
A -5 240 10 0 9 3 #=57
A -55 240 10 0 8 0 PINTYPE=BI
P 30 -25 230 0 230 0 2 0
L 5 230 10 0 2 0 1 0 P59
A -5 230 10 0 9 3 #=59
A -55 230 10 0 8 0 PINTYPE=BI
P 31 -25 220 0 220 0 2 0
L 5 220 10 0 2 0 0 0 P61
A -5 220 10 0 9 3 #=61
A -55 220 10 0 8 0 PINTYPE=BI
P 32 -25 210 0 210 0 2 0
L 5 210 10 0 2 0 1 0 P63
A -5 210 10 0 9 3 #=63
A -55 210 10 0 8 0 PINTYPE=BI
P 33 -25 200 0 200 0 2 0
L 5 200 10 0 2 0 1 0 P65
A -5 200 10 0 9 3 #=65
A -55 200 10 0 8 0 PINTYPE=BI
P 34 -25 190 0 190 0 2 0
L 5 190 10 0 2 0 1 0 P67
A -5 190 10 0 9 3 #=67
A -55 190 10 0 8 0 PINTYPE=BI
P 35 -25 180 0 180 0 2 0
L 5 180 10 0 2 0 1 0 P69
A -5 180 10 0 9 3 #=69
A -55 180 10 0 8 0 PINTYPE=BI
P 36 -25 170 0 170 0 2 0
L 5 170 10 0 2 0 1 0 P71
A -5 170 10 0 9 3 #=71
A -55 170 10 0 8 0 PINTYPE=BI
P 37 -25 160 0 160 0 2 0
L 5 160 10 0 2 0 1 0 P73
A -5 160 10 0 9 3 #=73
A -55 160 10 0 8 0 PINTYPE=BI
P 38 -25 150 0 150 0 2 0
L 5 150 10 0 2 0 1 0 P75
A -5 150 10 0 9 3 #=75
A -55 150 10 0 8 0 PINTYPE=BI
P 39 -25 140 0 140 0 2 0
L 5 140 10 0 2 0 0 0 P77
A -5 140 10 0 9 3 #=77
A -55 140 10 0 8 0 PINTYPE=BI
P 40 -25 130 0 130 0 2 0
L 5 130 10 0 2 0 1 0 P79
A -5 130 10 0 9 3 #=79
A -55 130 10 0 8 0 PINTYPE=BI
P 41 -25 120 0 120 0 2 0
L 5 120 10 0 2 0 1 0 P81
A -5 120 10 0 9 3 #=81
A -55 120 10 0 8 0 PINTYPE=BI
P 42 -25 110 0 110 0 2 0
L 5 110 10 0 2 0 1 0 P83
A -5 110 10 0 9 3 #=83
A -55 110 10 0 8 0 PINTYPE=BI
P 43 -25 100 0 100 0 2 0
L 5 100 10 0 2 0 1 0 P85
A -5 100 10 0 9 3 #=85
A -55 100 10 0 8 0 PINTYPE=BI
P 44 -25 90 0 90 0 2 0
L 5 90 10 0 2 0 1 0 P87
A -5 90 10 0 9 3 #=87
A -55 90 10 0 8 0 PINTYPE=BI
P 45 -25 80 0 80 0 2 0
L 5 80 10 0 2 0 1 0 P89
A -5 80 10 0 9 3 #=89
A -55 80 10 0 8 0 PINTYPE=BI
P 46 -25 70 0 70 0 2 0
L 5 70 10 0 2 0 1 0 P91
A -5 70 10 0 9 3 #=91
A -55 70 10 0 8 0 PINTYPE=BI
P 47 -25 60 0 60 0 2 0
L 5 60 10 0 2 0 0 0 P93
A -5 60 10 0 9 3 #=93
A -55 60 10 0 8 0 PINTYPE=BI
P 48 -25 50 0 50 0 2 0
L 5 50 10 0 2 0 1 0 P95
A -5 50 10 0 9 3 #=95
A -55 50 10 0 8 0 PINTYPE=BI
P 49 -25 40 0 40 0 2 0
L 5 40 10 0 2 0 1 0 P97
A -5 40 10 0 9 3 #=97
A -55 40 10 0 8 0 PINTYPE=BI
P 50 -25 30 0 30 0 2 0
L 5 30 10 0 2 0 1 0 P99
A -5 30 10 0 9 3 #=99
A -55 30 10 0 8 0 PINTYPE=BI
P 51 210 520 185 520 0 3 0
L 180 520 10 0 8 0 1 0 P2
A 190 520 10 0 3 3 #=2
A 240 520 10 0 2 0 PINTYPE=BI
P 52 210 510 185 510 0 3 0
L 180 510 10 0 8 0 1 0 P4
A 190 510 10 0 3 3 #=4
A 240 510 10 0 2 0 PINTYPE=BI
P 53 210 500 185 500 0 3 0
L 180 500 10 0 8 0 1 0 P6
A 190 500 10 0 3 3 #=6
A 240 500 10 0 2 0 PINTYPE=BI
P 54 210 490 185 490 0 3 0
L 180 490 10 0 8 0 0 0 P8
A 190 490 10 0 3 3 #=8
A 240 490 10 0 2 0 PINTYPE=BI
P 55 210 480 185 480 0 3 0
L 180 480 10 0 8 0 1 0 P10
A 190 480 10 0 3 3 #=10
A 240 480 10 0 2 0 PINTYPE=BI
P 56 210 470 185 470 0 3 0
L 180 470 10 0 8 0 1 0 P12
A 190 470 10 0 3 3 #=12
A 240 470 10 0 2 0 PINTYPE=BI
P 57 210 460 185 460 0 3 0
L 180 460 10 0 8 0 1 0 P14
A 190 460 10 0 3 3 #=14
A 240 460 10 0 2 0 PINTYPE=BI
P 58 210 450 185 450 0 3 0
L 180 450 10 0 8 0 1 0 P16
A 190 450 10 0 3 3 #=16
A 240 450 10 0 2 0 PINTYPE=BI
P 59 210 440 185 440 0 3 0
L 180 440 10 0 8 0 1 0 P18
A 190 440 10 0 3 3 #=18
A 240 440 10 0 2 0 PINTYPE=BI
P 60 210 430 185 430 0 3 0
L 180 430 10 0 8 0 1 0 P20
A 190 430 10 0 3 3 #=20
A 240 430 10 0 2 0 PINTYPE=BI
P 61 210 420 185 420 0 3 0
L 180 420 10 0 8 0 1 0 P22
A 190 420 10 0 3 3 #=22
A 240 420 10 0 2 0 PINTYPE=BI
P 62 210 410 185 410 0 3 0
L 180 410 10 0 8 0 0 0 P24
A 190 410 10 0 3 3 #=24
A 240 410 10 0 2 0 PINTYPE=BI
P 63 210 400 185 400 0 3 0
L 180 400 10 0 8 0 1 0 P26
A 190 400 10 0 3 3 #=26
A 240 400 10 0 2 0 PINTYPE=BI
P 64 210 390 185 390 0 3 0
L 180 390 10 0 8 0 1 0 P28
A 190 390 10 0 3 3 #=28
A 240 390 10 0 2 0 PINTYPE=BI
P 65 210 380 185 380 0 3 0
L 180 380 10 0 8 0 1 0 P30
A 190 380 10 0 3 3 #=30
A 240 380 10 0 2 0 PINTYPE=BI
P 66 210 370 185 370 0 3 0
L 180 370 10 0 8 0 1 0 P32
A 190 370 10 0 3 3 #=32
A 240 370 10 0 2 0 PINTYPE=BI
P 67 210 360 185 360 0 3 0
L 180 360 10 0 8 0 1 0 P34
A 190 360 10 0 3 3 #=34
A 240 360 10 0 2 0 PINTYPE=BI
P 68 210 350 185 350 0 3 0
L 180 350 10 0 8 0 1 0 P36
A 190 350 10 0 3 3 #=36
A 240 350 10 0 2 0 PINTYPE=BI
P 69 210 340 185 340 0 3 0
L 180 340 10 0 8 0 1 0 P38
A 190 340 10 0 3 3 #=38
A 240 340 10 0 2 0 PINTYPE=BI
P 70 210 330 185 330 0 3 0
L 180 330 10 0 8 0 0 0 P40
A 190 330 10 0 3 3 #=40
A 240 330 10 0 2 0 PINTYPE=BI
P 71 210 320 185 320 0 3 0
L 180 320 10 0 8 0 1 0 P42
A 190 320 10 0 3 3 #=42
A 240 320 10 0 2 0 PINTYPE=BI
P 72 210 310 185 310 0 3 0
L 180 310 10 0 8 0 1 0 P44
A 190 310 10 0 3 3 #=44
A 240 310 10 0 2 0 PINTYPE=BI
P 73 210 300 185 300 0 3 0
L 180 300 10 0 8 0 1 0 P46
A 190 300 10 0 3 3 #=46
A 240 300 10 0 2 0 PINTYPE=BI
P 74 210 290 185 290 0 3 0
L 180 290 10 0 8 0 1 0 P48
A 190 290 10 0 3 3 #=48
A 240 290 10 0 2 0 PINTYPE=BI
P 75 210 280 185 280 0 3 0
L 180 280 10 0 8 0 1 0 P50
A 190 280 10 0 3 3 #=50
A 240 280 10 0 2 0 PINTYPE=BI
P 76 210 270 185 270 0 3 0
L 180 270 10 0 8 0 1 0 P52
A 190 270 10 0 3 3 #=52
A 240 270 10 0 2 0 PINTYPE=BI
P 77 210 260 185 260 0 3 0
L 180 260 10 0 8 0 1 0 P54
A 190 260 10 0 3 3 #=54
A 240 260 10 0 2 0 PINTYPE=BI
P 78 210 250 185 250 0 3 0
L 180 250 10 0 8 0 0 0 P56
A 190 250 10 0 3 3 #=56
A 240 250 10 0 2 0 PINTYPE=BI
P 79 210 240 185 240 0 3 0
L 180 240 10 0 8 0 1 0 P58
A 190 240 10 0 3 3 #=58
A 240 240 10 0 2 0 PINTYPE=BI
P 80 210 230 185 230 0 3 0
L 180 230 10 0 8 0 1 0 P60
A 190 230 10 0 3 3 #=60
A 240 230 10 0 2 0 PINTYPE=BI
P 81 210 220 185 220 0 3 0
L 180 220 10 0 8 0 1 0 P62
A 190 220 10 0 3 3 #=62
A 240 220 10 0 2 0 PINTYPE=BI
P 82 210 210 185 210 0 3 0
L 180 210 10 0 8 0 1 0 P64
A 190 210 10 0 3 3 #=64
A 240 210 10 0 2 0 PINTYPE=BI
P 83 210 200 185 200 0 3 0
L 180 200 10 0 8 0 1 0 P66
A 190 200 10 0 3 3 #=66
A 240 200 10 0 2 0 PINTYPE=BI
P 84 210 190 185 190 0 3 0
L 180 190 10 0 8 0 1 0 P68
A 190 190 10 0 3 3 #=68
A 240 190 10 0 2 0 PINTYPE=BI
P 85 210 180 185 180 0 3 0
L 180 180 10 0 8 0 1 0 P70
A 190 180 10 0 3 3 #=70
A 240 180 10 0 2 0 PINTYPE=BI
P 86 210 170 185 170 0 3 0
L 180 170 10 0 8 0 0 0 P72
A 190 170 10 0 3 3 #=72
A 240 170 10 0 2 0 PINTYPE=BI
P 87 210 160 185 160 0 3 0
L 180 160 10 0 8 0 1 0 P74
A 190 160 10 0 3 3 #=74
A 240 160 10 0 2 0 PINTYPE=BI
P 88 210 150 185 150 0 3 0
L 180 150 10 0 8 0 1 0 P76
A 190 150 10 0 3 3 #=76
A 240 150 10 0 2 0 PINTYPE=BI
P 89 210 140 185 140 0 3 0
L 180 140 10 0 8 0 1 0 P78
A 190 140 10 0 3 3 #=78
A 240 140 10 0 2 0 PINTYPE=BI
P 90 210 130 185 130 0 3 0
L 180 130 10 0 8 0 1 0 P80
A 190 130 10 0 3 3 #=80
A 240 130 10 0 2 0 PINTYPE=BI
P 91 210 120 185 120 0 3 0
L 180 120 10 0 8 0 1 0 P82
A 190 120 10 0 3 3 #=82
A 240 120 10 0 2 0 PINTYPE=BI
P 92 210 110 185 110 0 3 0
L 180 110 10 0 8 0 1 0 P84
A 190 110 10 0 3 3 #=84
A 240 110 10 0 2 0 PINTYPE=BI
P 93 210 100 185 100 0 3 0
L 180 100 10 0 8 0 1 0 P86
A 190 100 10 0 3 3 #=86
A 240 100 10 0 2 0 PINTYPE=BI
P 94 210 90 185 90 0 3 0
L 180 90 10 0 8 0 0 0 P88
A 190 90 10 0 3 3 #=88
A 240 90 10 0 2 0 PINTYPE=BI
P 95 210 80 185 80 0 3 0
L 180 80 10 0 8 0 1 0 P90
A 190 80 10 0 3 3 #=90
A 240 80 10 0 2 0 PINTYPE=BI
P 96 210 70 185 70 0 3 0
L 180 70 10 0 8 0 1 0 P92
A 190 70 10 0 3 3 #=92
A 240 70 10 0 2 0 PINTYPE=BI
P 97 210 60 185 60 0 3 0
L 180 60 10 0 8 0 1 0 P94
A 190 60 10 0 3 3 #=94
A 240 60 10 0 2 0 PINTYPE=BI
P 98 210 50 185 50 0 3 0
L 180 50 10 0 8 0 1 0 P96
A 190 50 10 0 3 3 #=96
A 240 50 10 0 2 0 PINTYPE=BI
P 99 210 40 185 40 0 3 0
L 180 40 10 0 8 0 1 0 P98
A 190 40 10 0 3 3 #=98
A 240 40 10 0 2 0 PINTYPE=BI
P 100 210 30 185 30 0 3 0
L 180 30 10 0 8 0 1 0 P100
A 190 30 10 0 3 3 #=100
A 240 30 10 0 2 0 PINTYPE=BI
E 
