V 51
K 92895152790 fsi-150-p12
|R 1:12_3-25-11
Y 1
D 0 0 150 560
Z 10
i 946
U 150 130 10 1 3 0 DEVICE=FSI-150
U 160 130 10 1 3 0 PKG_TYPE=FSI-150-10-L-D-AD
U 170 130 10 1 3 0 PARTS=1
U 180 130 10 1 3 0 LEVEL=STD
U 80 545 16 0 5 3 REFDES=P?
U 70 5 10 0 5 3 VALUE=XX
P 1 0 520 30 520 0 2 0
A 15 520 10 0 9 3 #=1
L 35 520 10 0 2 1 1 0 P1
A -25 520 10 0 8 0 PINTYPE=BI
P 2 0 510 30 510 0 2 0
A 15 510 10 0 9 3 #=3
L 35 510 10 0 2 1 1 0 P3
A -25 510 10 0 8 0 PINTYPE=BI
P 3 0 500 30 500 0 2 0
A 15 500 10 0 9 3 #=5
L 35 500 10 0 2 1 1 0 P5
A -25 500 10 0 8 0 PINTYPE=BI
P 4 0 490 30 490 0 2 0
A 15 490 10 0 9 3 #=7
L 35 490 10 0 2 1 1 0 P7
A -25 490 10 0 8 0 PINTYPE=BI
P 5 0 480 30 480 0 2 0
A 15 480 10 0 9 3 #=9
L 35 480 10 0 2 1 1 0 P9
A -25 480 10 0 8 0 PINTYPE=BI
P 6 0 470 30 470 0 2 0
A 20 470 10 0 9 3 #=11
L 35 470 10 0 2 1 1 0 P11
A -25 470 10 0 8 0 PINTYPE=BI
P 7 0 460 30 460 0 2 0
A 20 460 10 0 9 3 #=13
L 35 460 10 0 2 1 1 0 P13
A -25 460 10 0 8 0 PINTYPE=BI
P 8 0 450 30 450 0 2 0
A 20 450 10 0 9 3 #=15
L 35 450 10 0 2 1 1 0 P15
A -25 450 10 0 8 0 PINTYPE=BI
P 9 0 440 30 440 0 2 0
A 20 440 10 0 9 3 #=17
L 35 440 10 0 2 1 1 0 P17
A -25 440 10 0 8 0 PINTYPE=BI
P 10 0 430 30 430 0 2 0
A 20 430 10 0 9 3 #=19
L 35 430 10 0 2 1 1 0 P19
A -25 430 10 0 8 0 PINTYPE=BI
P 11 0 420 30 420 0 2 0
A 20 420 10 0 9 3 #=21
L 35 420 10 0 2 1 1 0 P21
A -25 420 10 0 8 0 PINTYPE=BI
P 12 0 410 30 410 0 2 0
A 20 410 10 0 9 3 #=23
L 35 410 10 0 2 1 1 0 P23
A -25 410 10 0 8 0 PINTYPE=BI
P 14 0 390 30 390 0 2 0
A 20 390 10 0 9 3 #=27
L 35 390 10 0 2 1 1 0 P27
A -25 390 10 0 8 0 PINTYPE=BI
P 15 0 380 30 380 0 2 0
A 20 380 10 0 9 3 #=29
L 35 380 10 0 2 1 1 0 P29
A -25 380 10 0 8 0 PINTYPE=BI
P 16 0 370 30 370 0 2 0
A 20 370 10 0 9 3 #=31
L 35 370 10 0 2 1 1 0 P31
A -25 370 10 0 8 0 PINTYPE=BI
P 17 0 360 30 360 0 2 0
A 20 360 10 0 9 3 #=33
L 35 360 10 0 2 1 1 0 P33
A -25 360 10 0 8 0 PINTYPE=BI
P 18 0 350 30 350 0 2 0
A 20 350 10 0 9 3 #=35
L 35 350 10 0 2 1 1 0 P35
A -25 350 10 0 8 0 PINTYPE=BI
P 19 0 340 30 340 0 2 0
A 20 340 10 0 9 3 #=37
L 35 340 10 0 2 1 1 0 P37
A -25 340 10 0 8 0 PINTYPE=BI
P 20 0 330 30 330 0 2 0
A 20 330 10 0 9 3 #=39
L 35 330 10 0 2 1 1 0 P39
A -25 330 10 0 8 0 PINTYPE=BI
P 21 0 320 30 320 0 2 0
A 20 320 10 0 9 3 #=41
L 35 320 10 0 2 1 1 0 P41
A -25 320 10 0 8 0 PINTYPE=BI
P 22 0 310 30 310 0 2 0
A 20 310 10 0 9 3 #=43
L 35 310 10 0 2 1 1 0 P43
A -25 310 10 0 8 0 PINTYPE=BI
P 23 0 300 30 300 0 2 0
A 20 300 10 0 9 3 #=45
L 35 300 10 0 2 1 1 0 P45
A -25 300 10 0 8 0 PINTYPE=BI
P 24 0 290 30 290 0 2 0
A 20 290 10 0 9 3 #=47
L 35 290 10 0 2 1 1 0 P47
A -25 290 10 0 8 0 PINTYPE=BI
P 25 0 280 30 280 0 2 0
A 20 280 10 0 9 3 #=49
L 35 280 10 0 2 1 1 0 P49
A -25 280 10 0 8 0 PINTYPE=BI
P 26 0 270 30 270 0 2 0
A 20 270 10 0 9 3 #=51
L 35 270 10 0 2 1 1 0 P51
A -25 270 10 0 8 0 PINTYPE=BI
P 27 0 260 30 260 0 2 0
A 20 260 10 0 9 3 #=53
L 35 260 10 0 2 1 1 0 P53
A -25 260 10 0 8 0 PINTYPE=BI
P 28 0 250 30 250 0 2 0
A 20 250 10 0 9 3 #=55
L 35 250 10 0 2 1 1 0 P55
A -25 250 10 0 8 0 PINTYPE=BI
P 29 0 240 30 240 0 2 0
A 20 240 10 0 9 3 #=57
L 35 240 10 0 2 1 1 0 P57
A -25 240 10 0 8 0 PINTYPE=BI
P 30 0 230 30 230 0 2 0
A 20 230 10 0 9 3 #=59
L 35 230 10 0 2 1 1 0 P59
A -25 230 10 0 8 0 PINTYPE=BI
P 31 0 220 30 220 0 2 0
A 20 220 10 0 9 3 #=61
L 35 220 10 0 2 1 1 0 P61
A -25 220 10 0 8 0 PINTYPE=BI
P 32 0 210 30 210 0 2 0
A 20 210 10 0 9 3 #=63
L 35 210 10 0 2 1 1 0 P63
A -25 210 10 0 8 0 PINTYPE=BI
P 33 0 200 30 200 0 2 0
A 20 200 10 0 9 3 #=65
L 35 200 10 0 2 1 1 0 P65
A -25 200 10 0 8 0 PINTYPE=BI
P 34 0 190 30 190 0 2 0
A 20 190 10 0 9 3 #=67
L 35 190 10 0 2 1 1 0 P67
A -25 190 10 0 8 0 PINTYPE=BI
P 35 0 180 30 180 0 2 0
A 20 180 10 0 9 3 #=69
L 35 180 10 0 2 1 1 0 P69
A -25 180 10 0 8 0 PINTYPE=BI
P 36 0 170 30 170 0 2 0
A 20 170 10 0 9 3 #=71
L 35 170 10 0 2 1 1 0 P71
A -25 170 10 0 8 0 PINTYPE=BI
P 37 0 160 30 160 0 2 0
A 20 160 10 0 9 3 #=73
L 35 160 10 0 2 1 1 0 P73
A -25 160 10 0 8 0 PINTYPE=BI
P 38 0 150 30 150 0 2 0
A 20 150 10 0 9 3 #=75
L 35 150 10 0 2 1 1 0 P75
A -25 150 10 0 8 0 PINTYPE=BI
P 39 0 140 30 140 0 2 0
A 20 140 10 0 9 3 #=77
L 35 140 10 0 2 1 1 0 P77
A -25 140 10 0 8 0 PINTYPE=BI
P 40 0 130 30 130 0 2 0
A 20 130 10 0 9 3 #=79
L 35 130 10 0 2 1 1 0 P79
A -25 130 10 0 8 0 PINTYPE=BI
P 41 0 120 30 120 0 2 0
A 20 120 10 0 9 3 #=81
L 35 120 10 0 2 1 1 0 P81
A -25 120 10 0 8 0 PINTYPE=BI
P 42 0 110 30 110 0 2 0
A 20 110 10 0 9 3 #=83
L 35 110 10 0 2 1 1 0 P83
A -25 110 10 0 8 0 PINTYPE=BI
P 43 0 100 30 100 0 2 0
A 20 100 10 0 9 3 #=85
L 35 100 10 0 2 1 1 0 P85
A -25 100 10 0 8 0 PINTYPE=BI
P 44 0 90 30 90 0 2 0
A 20 90 10 0 9 3 #=87
L 35 90 10 0 2 1 1 0 P87
A -25 90 10 0 8 0 PINTYPE=BI
P 45 0 80 30 80 0 2 0
A 20 80 10 0 9 3 #=89
L 35 80 10 0 2 1 1 0 P89
A -25 80 10 0 8 0 PINTYPE=BI
P 46 0 70 30 70 0 2 0
A 20 70 10 0 9 3 #=91
L 35 70 10 0 2 1 1 0 P91
A -25 70 10 0 8 0 PINTYPE=BI
P 47 0 60 30 60 0 2 0
A 20 60 10 0 9 3 #=93
L 35 60 10 0 2 1 1 0 P93
A -25 60 10 0 8 0 PINTYPE=BI
P 48 0 50 30 50 0 2 0
A 20 50 10 0 9 3 #=95
L 35 50 10 0 2 1 1 0 P95
A -25 50 10 0 8 0 PINTYPE=BI
P 49 0 40 30 40 0 2 0
A 20 40 10 0 9 3 #=97
L 35 40 10 0 2 1 1 0 P97
A -25 40 10 0 8 0 PINTYPE=BI
P 50 0 30 30 30 0 2 0
A 20 30 10 0 9 3 #=99
L 35 30 10 0 2 1 1 0 P99
A -25 30 10 0 8 0 PINTYPE=BI
P 63 150 400 120 400 0 3 0
A 130 400 10 0 3 3 #=26
L 115 400 10 0 8 1 1 0 P26
A 175 400 10 0 2 0 PINTYPE=BI
P 68 150 350 120 350 0 3 0
A 130 350 10 0 3 3 #=36
L 115 350 10 0 8 1 1 0 P36
A 175 350 10 0 2 0 PINTYPE=BI
P 83 150 200 120 200 0 3 0
A 130 200 10 0 3 3 #=66
L 115 200 10 0 8 1 1 0 P66
A 175 200 10 0 2 0 PINTYPE=BI
P 88 150 150 120 150 0 3 0
A 130 150 10 0 3 3 #=76
L 115 150 10 0 8 1 1 0 P76
A 175 150 10 0 2 0 PINTYPE=BI
P 100 150 30 120 30 0 3 0
A 130 30 10 0 3 3 #=100
L 115 30 10 0 8 1 1 0 P100
A 175 30 10 0 2 0 PINTYPE=BI
P 52 150 510 120 510 0 3 0
A 130 510 10 0 3 3 #=4
L 115 510 10 0 8 1 1 0 P4
A 175 510 10 0 2 0 PINTYPE=BI
P 99 150 40 120 40 0 3 0
A 130 40 10 0 3 3 #=98
L 115 40 10 0 8 1 1 0 P98
A 175 40 10 0 2 0 PINTYPE=BI
P 53 150 500 120 500 0 3 0
A 130 500 10 0 3 3 #=6
L 115 500 10 0 8 1 1 0 P6
A 175 500 10 0 2 0 PINTYPE=BI
P 54 150 490 120 490 0 3 0
A 130 490 10 0 3 3 #=8
L 115 490 10 0 8 1 1 0 P8
A 175 490 10 0 2 0 PINTYPE=BI
P 98 150 50 120 50 0 3 0
A 130 50 10 0 3 3 #=96
L 115 50 10 0 8 1 1 0 P96
A 175 50 10 0 2 0 PINTYPE=BI
P 97 150 60 120 60 0 3 0
A 130 60 10 0 3 3 #=94
L 115 60 10 0 8 1 1 0 P94
A 175 60 10 0 2 0 PINTYPE=BI
P 55 150 480 120 480 0 3 0
A 130 480 10 0 3 3 #=10
L 115 480 10 0 8 1 1 0 P10
A 175 480 10 0 2 0 PINTYPE=BI
P 96 150 70 120 70 0 3 0
A 130 70 10 0 3 3 #=92
L 115 70 10 0 8 1 1 0 P92
A 175 70 10 0 2 0 PINTYPE=BI
P 56 150 470 120 470 0 3 0
A 130 470 10 0 3 3 #=12
L 115 470 10 0 8 1 1 0 P12
A 175 470 10 0 2 0 PINTYPE=BI
P 51 150 520 120 520 0 3 0
A 130 520 10 0 3 3 #=2
L 115 520 10 0 8 1 1 0 P2
A 175 520 10 0 2 0 PINTYPE=BI
P 95 150 80 120 80 0 3 0
A 130 80 10 0 3 3 #=90
L 115 80 10 0 8 1 1 0 P90
A 175 80 10 0 2 0 PINTYPE=BI
P 94 150 90 120 90 0 3 0
A 130 90 10 0 3 3 #=88
L 115 90 10 0 8 1 1 0 P88
A 175 90 10 0 2 0 PINTYPE=BI
P 93 150 100 120 100 0 3 0
A 130 100 10 0 3 3 #=86
L 115 100 10 0 8 1 1 0 P86
A 175 100 10 0 2 0 PINTYPE=BI
P 92 150 110 120 110 0 3 0
A 130 110 10 0 3 3 #=84
L 115 110 10 0 8 1 1 0 P84
A 175 110 10 0 2 0 PINTYPE=BI
P 91 150 120 120 120 0 3 0
A 130 120 10 0 3 3 #=82
L 115 120 10 0 8 1 1 0 P82
A 175 120 10 0 2 0 PINTYPE=BI
P 90 150 130 120 130 0 3 0
A 130 130 10 0 3 3 #=80
L 115 130 10 0 8 1 1 0 P80
A 175 130 10 0 2 0 PINTYPE=BI
P 58 150 450 120 450 0 3 0
A 130 450 10 0 3 3 #=16
L 115 450 10 0 8 1 1 0 P16
A 175 450 10 0 2 0 PINTYPE=BI
P 57 150 460 120 460 0 3 0
A 130 460 10 0 3 3 #=14
L 115 460 10 0 8 1 1 0 P14
A 175 460 10 0 2 0 PINTYPE=BI
P 59 150 440 120 440 0 3 0
A 130 440 10 0 3 3 #=18
L 115 440 10 0 8 1 1 0 P18
A 175 440 10 0 2 0 PINTYPE=BI
P 60 150 430 120 430 0 3 0
A 130 430 10 0 3 3 #=20
L 115 430 10 0 8 1 1 0 P20
A 175 430 10 0 2 0 PINTYPE=BI
P 61 150 420 120 420 0 3 0
A 130 420 10 0 3 3 #=22
L 115 420 10 0 8 1 1 0 P22
A 175 420 10 0 2 0 PINTYPE=BI
P 62 150 410 120 410 0 3 0
A 130 410 10 0 3 3 #=24
L 115 410 10 0 8 1 1 0 P24
A 175 410 10 0 2 0 PINTYPE=BI
P 89 150 140 120 140 0 3 0
A 130 140 10 0 3 3 #=78
L 115 140 10 0 8 1 1 0 P78
A 175 140 10 0 2 0 PINTYPE=BI
P 87 150 160 120 160 0 3 0
A 130 160 10 0 3 3 #=74
L 115 160 10 0 8 1 1 0 P74
A 175 160 10 0 2 0 PINTYPE=BI
P 86 150 170 120 170 0 3 0
A 130 170 10 0 3 3 #=72
L 115 170 10 0 8 1 1 0 P72
A 175 170 10 0 2 0 PINTYPE=BI
P 85 150 180 120 180 0 3 0
A 130 180 10 0 3 3 #=70
L 115 180 10 0 8 1 1 0 P70
A 175 180 10 0 2 0 PINTYPE=BI
P 84 150 190 120 190 0 3 0
A 130 190 10 0 3 3 #=68
L 115 190 10 0 8 1 1 0 P68
A 175 190 10 0 2 0 PINTYPE=BI
P 64 150 390 120 390 0 3 0
A 130 390 10 0 3 3 #=28
L 115 390 10 0 8 1 1 0 P28
A 175 390 10 0 2 0 PINTYPE=BI
P 65 150 380 120 380 0 3 0
A 130 380 10 0 3 3 #=30
L 115 380 10 0 8 1 1 0 P30
A 175 380 10 0 2 0 PINTYPE=BI
P 66 150 370 120 370 0 3 0
A 130 370 10 0 3 3 #=32
L 115 370 10 0 8 1 1 0 P32
A 175 370 10 0 2 0 PINTYPE=BI
P 67 150 360 120 360 0 3 0
A 130 360 10 0 3 3 #=34
L 115 360 10 0 8 1 1 0 P34
A 175 360 10 0 2 0 PINTYPE=BI
P 82 150 210 120 210 0 3 0
A 130 210 10 0 3 3 #=64
L 115 210 10 0 8 1 1 0 P64
A 175 210 10 0 2 0 PINTYPE=BI
P 80 150 230 120 230 0 3 0
A 130 230 10 0 3 3 #=60
L 115 230 10 0 8 1 1 0 P60
A 175 230 10 0 2 0 PINTYPE=BI
P 79 150 240 120 240 0 3 0
A 130 240 10 0 3 3 #=58
L 115 240 10 0 8 1 1 0 P58
A 175 240 10 0 2 0 PINTYPE=BI
P 78 150 250 120 250 0 3 0
A 130 250 10 0 3 3 #=56
L 115 250 10 0 8 1 1 0 P56
A 175 250 10 0 2 0 PINTYPE=BI
P 77 150 260 120 260 0 3 0
A 130 260 10 0 3 3 #=54
L 115 260 10 0 8 1 1 0 P54
A 175 260 10 0 2 0 PINTYPE=BI
P 81 150 220 120 220 0 3 0
A 130 220 10 0 3 3 #=62
L 115 220 10 0 8 1 1 0 P62
A 175 220 10 0 2 0 PINTYPE=BI
P 69 150 340 120 340 0 3 0
A 130 340 10 0 3 3 #=38
L 115 340 10 0 8 1 1 0 P38
A 175 340 10 0 2 0 PINTYPE=BI
P 70 150 330 120 330 0 3 0
A 130 330 10 0 3 3 #=40
L 115 330 10 0 8 1 1 0 P40
A 175 330 10 0 2 0 PINTYPE=BI
P 71 150 320 120 320 0 3 0
A 130 320 10 0 3 3 #=42
L 115 320 10 0 8 1 1 0 P42
A 175 320 10 0 2 0 PINTYPE=BI
P 72 150 310 120 310 0 3 0
A 130 310 10 0 3 3 #=44
L 115 310 10 0 8 1 1 0 P44
A 175 310 10 0 2 0 PINTYPE=BI
P 73 150 300 120 300 0 3 0
A 130 300 10 0 3 3 #=46
L 115 300 10 0 8 1 1 0 P46
A 175 300 10 0 2 0 PINTYPE=BI
P 74 150 290 120 290 0 3 0
A 130 290 10 0 3 3 #=48
L 115 290 10 0 8 1 1 0 P48
A 175 290 10 0 2 0 PINTYPE=BI
P 75 150 280 120 280 0 3 0
A 130 280 10 0 3 3 #=50
L 115 280 10 0 8 1 1 0 P50
A 175 280 10 0 2 0 PINTYPE=BI
P 13 0 400 30 400 0 2 0
A 20 400 10 0 9 3 #=25
L 35 400 10 0 2 1 1 0 P25
A -25 400 10 0 8 0 PINTYPE=BI
P 76 150 270 120 270 0 3 0
A 130 270 10 0 3 3 #=52
L 115 270 10 0 8 1 1 0 P52
A 175 270 10 0 2 0 PINTYPE=BI
T 90 45 8 0 3 NC
T 50 515 8 0 3 GND
T 50 495 8 0 3 GND
T 90 505 8 0 3 GND
T 80 55 8 0 3 VREF
Q 13 0 0
T 90 515 8 0 3 NC
T 50 505 8 0 3 NC
l 2 115 495 35 495
Q 14 0 0
T 90 495 8 0 3 NC
T 85 485 8 0 3 VREF
Q 13 0 0
T 85 35 8 0 3 GND
l 2 115 55 35 55
Q 14 0 0
T 50 35 8 0 3 NC
T 50 25 8 0 3 GND
T 85 25 8 0 3 NC
T 50 45 8 0 3 GND
T 65 390 15 0 3 P12
Q 13 0 0
b 30 20 120 530
T 65 140 15 0 3 P12
Q 13 0 0
E
