V 51
K 147149708400 fsi-150
|R 18:46_1-29-13
Y 1
D 0 0 180 560
Z 10
i 946
U 0 -30 10 0 3 0 MFG=SAMTEC
U 0 -10 10 0 3 0 DIST_P/N=FSI-150-10-L-D-AD
U 150 130 10 1 3 0 DEVICE=FSI-150
U 160 130 10 1 3 0 PKG_TYPE=FSI-150-10-L-D-AD
U 170 130 10 1 3 0 PARTS=1
U 180 130 10 1 3 0 LEVEL=STD
U 70 5 10 0 5 0 VALUE=XX
P 1 0 520 25 520 0 2 0
A 20 520 10 0 9 3 #=1
L 30 520 10 0 2 1 1 0 P1
A -30 520 10 0 8 0 PINTYPE=BI
P 2 0 510 25 510 0 2 0
A 19 510 10 0 9 3 #=3
L 30 510 10 0 2 1 1 0 P3
A -30 510 10 0 8 0 PINTYPE=BI
P 3 0 500 25 500 0 2 0
A 19 500 10 0 9 3 #=5
L 30 500 10 0 2 1 1 0 P5
A -30 500 10 0 8 0 PINTYPE=BI
P 4 0 490 25 490 0 2 0
A 19 490 10 0 9 3 #=7
L 30 490 10 0 2 1 1 0 P7
A -30 490 10 0 8 0 PINTYPE=BI
P 5 0 480 25 480 0 2 0
A 19 480 10 0 9 3 #=9
L 30 480 10 0 2 1 1 0 P9
A -30 480 10 0 8 0 PINTYPE=BI
P 6 0 470 25 470 0 2 0
A 20 470 10 0 9 3 #=11
L 30 470 10 0 2 1 1 0 P11
A -30 470 10 0 8 0 PINTYPE=BI
P 7 0 460 25 460 0 2 0
A 20 460 10 0 9 3 #=13
L 30 460 10 0 2 1 1 0 P13
A -30 460 10 0 8 0 PINTYPE=BI
P 8 0 450 25 450 0 2 0
A 20 450 10 0 9 3 #=15
L 30 450 10 0 2 1 1 0 P15
A -30 450 10 0 8 0 PINTYPE=BI
P 9 0 440 25 440 0 2 0
A 20 440 10 0 9 3 #=17
L 30 440 10 0 2 1 1 0 P17
A -30 440 10 0 8 0 PINTYPE=BI
P 10 0 430 25 430 0 2 0
A 20 430 10 0 9 3 #=19
L 30 430 10 0 2 1 1 0 P19
A -30 430 10 0 8 0 PINTYPE=BI
P 11 0 420 25 420 0 2 0
A 20 420 10 0 9 3 #=21
L 30 420 10 0 2 1 1 0 P21
A -30 420 10 0 8 0 PINTYPE=BI
P 12 0 410 25 410 0 2 0
A 20 410 10 0 9 3 #=23
L 30 410 10 0 2 1 1 0 P23
A -30 410 10 0 8 0 PINTYPE=BI
P 14 0 390 25 390 0 2 0
A 20 390 10 0 9 3 #=27
L 30 390 10 0 2 1 1 0 P27
A -30 390 10 0 8 0 PINTYPE=BI
P 15 0 380 25 380 0 2 0
A 20 380 10 0 9 3 #=29
L 30 380 10 0 2 1 1 0 P29
A -30 380 10 0 8 0 PINTYPE=BI
P 16 0 370 25 370 0 2 0
A 20 370 10 0 9 3 #=31
L 30 370 10 0 2 1 1 0 P31
A -30 370 10 0 8 0 PINTYPE=BI
P 17 0 360 25 360 0 2 0
A 20 360 10 0 9 3 #=33
L 30 360 10 0 2 1 1 0 P33
A -30 360 10 0 8 0 PINTYPE=BI
P 18 0 350 25 350 0 2 0
A 20 350 10 0 9 3 #=35
L 30 350 10 0 2 1 1 0 P35
A -30 350 10 0 8 0 PINTYPE=BI
P 19 0 340 25 340 0 2 0
A 20 340 10 0 9 3 #=37
L 30 340 10 0 2 1 1 0 P37
A -30 340 10 0 8 0 PINTYPE=BI
P 20 0 330 25 330 0 2 0
A 20 330 10 0 9 3 #=39
L 30 330 10 0 2 1 1 0 P39
A -30 330 10 0 8 0 PINTYPE=BI
P 21 0 320 25 320 0 2 0
A 20 320 10 0 9 3 #=41
L 30 320 10 0 2 1 1 0 P41
A -30 320 10 0 8 0 PINTYPE=BI
P 22 0 310 25 310 0 2 0
A 20 310 10 0 9 3 #=43
L 30 310 10 0 2 1 1 0 P43
A -30 310 10 0 8 0 PINTYPE=BI
P 23 0 300 25 300 0 2 0
A 20 300 10 0 9 3 #=45
L 30 300 10 0 2 1 1 0 P45
A -30 300 10 0 8 0 PINTYPE=BI
P 24 0 290 25 290 0 2 0
A 20 290 10 0 9 3 #=47
L 30 290 10 0 2 1 1 0 P47
A -30 290 10 0 8 0 PINTYPE=BI
P 25 0 280 25 280 0 2 0
A 20 280 10 0 9 3 #=49
L 30 280 10 0 2 1 1 0 P49
A -30 280 10 0 8 0 PINTYPE=BI
P 26 0 270 25 270 0 2 0
A 20 270 10 0 9 3 #=51
L 30 270 10 0 2 1 1 0 P51
A -30 270 10 0 8 0 PINTYPE=BI
P 27 0 260 25 260 0 2 0
A 20 260 10 0 9 3 #=53
L 30 260 10 0 2 1 1 0 P53
A -30 260 10 0 8 0 PINTYPE=BI
P 28 0 250 25 250 0 2 0
A 20 250 10 0 9 3 #=55
L 30 250 10 0 2 1 1 0 P55
A -30 250 10 0 8 0 PINTYPE=BI
P 29 0 240 25 240 0 2 0
A 20 240 10 0 9 3 #=57
L 30 240 10 0 2 1 1 0 P57
A -30 240 10 0 8 0 PINTYPE=BI
P 30 0 230 25 230 0 2 0
A 20 230 10 0 9 3 #=59
L 30 230 10 0 2 1 1 0 P59
A -30 230 10 0 8 0 PINTYPE=BI
P 31 0 220 25 220 0 2 0
A 20 220 10 0 9 3 #=61
L 30 220 10 0 2 1 1 0 P61
A -30 220 10 0 8 0 PINTYPE=BI
P 32 0 210 25 210 0 2 0
A 20 210 10 0 9 3 #=63
L 30 210 10 0 2 1 1 0 P63
A -30 210 10 0 8 0 PINTYPE=BI
P 33 0 200 25 200 0 2 0
A 20 200 10 0 9 3 #=65
L 30 200 10 0 2 1 1 0 P65
A -30 200 10 0 8 0 PINTYPE=BI
P 34 0 190 25 190 0 2 0
A 20 190 10 0 9 3 #=67
L 30 190 10 0 2 1 1 0 P67
A -30 190 10 0 8 0 PINTYPE=BI
P 35 0 180 25 180 0 2 0
A 20 180 10 0 9 3 #=69
L 30 180 10 0 2 1 1 0 P69
A -30 180 10 0 8 0 PINTYPE=BI
P 36 0 170 25 170 0 2 0
A 20 170 10 0 9 3 #=71
L 30 170 10 0 2 1 1 0 P71
A -30 170 10 0 8 0 PINTYPE=BI
P 37 0 160 25 160 0 2 0
A 20 160 10 0 9 3 #=73
L 30 160 10 0 2 1 1 0 P73
A -30 160 10 0 8 0 PINTYPE=BI
P 38 0 150 25 150 0 2 0
A 20 150 10 0 9 3 #=75
L 30 150 10 0 2 1 1 0 P75
A -30 150 10 0 8 0 PINTYPE=BI
P 39 0 140 25 140 0 2 0
A 20 140 10 0 9 3 #=77
L 30 140 10 0 2 1 1 0 P77
A -30 140 10 0 8 0 PINTYPE=BI
P 40 0 130 25 130 0 2 0
A 20 130 10 0 9 3 #=79
L 30 130 10 0 2 1 1 0 P79
A -30 130 10 0 8 0 PINTYPE=BI
P 41 0 120 25 120 0 2 0
A 20 120 10 0 9 3 #=81
L 30 120 10 0 2 1 1 0 P81
A -30 120 10 0 8 0 PINTYPE=BI
P 42 0 110 25 110 0 2 0
A 20 110 10 0 9 3 #=83
L 30 110 10 0 2 1 1 0 P83
A -30 110 10 0 8 0 PINTYPE=BI
P 43 0 100 25 100 0 2 0
A 20 100 10 0 9 3 #=85
L 30 100 10 0 2 1 1 0 P85
A -30 100 10 0 8 0 PINTYPE=BI
P 44 0 90 25 90 0 2 0
A 20 90 10 0 9 3 #=87
L 30 90 10 0 2 1 1 0 P87
A -30 90 10 0 8 0 PINTYPE=BI
P 45 0 80 25 80 0 2 0
A 20 80 10 0 9 3 #=89
L 30 80 10 0 2 1 1 0 P89
A -30 80 10 0 8 0 PINTYPE=BI
P 46 0 70 25 70 0 2 0
A 20 70 10 0 9 3 #=91
L 30 70 10 0 2 1 1 0 P91
A -30 70 10 0 8 0 PINTYPE=BI
P 47 0 60 25 60 0 2 0
A 20 60 10 0 9 3 #=93
L 30 60 10 0 2 1 1 0 P93
A -30 60 10 0 8 0 PINTYPE=BI
P 48 0 50 25 50 0 2 0
A 20 50 10 0 9 3 #=95
L 30 50 10 0 2 1 1 0 P95
A -30 50 10 0 8 0 PINTYPE=BI
P 49 0 40 25 40 0 2 0
A 20 40 10 0 9 3 #=97
L 30 40 10 0 2 1 1 0 P97
A -30 40 10 0 8 0 PINTYPE=BI
P 50 0 30 25 30 0 2 0
A 20 30 10 0 9 3 #=99
L 30 30 10 0 2 1 1 0 P99
A -30 30 10 0 8 0 PINTYPE=BI
P 63 180 400 155 400 0 3 0
A 160 400 10 0 3 3 #=26
L 150 400 10 0 8 1 1 0 P26
A 210 400 10 0 2 0 PINTYPE=BI
P 68 180 350 155 350 0 3 0
A 160 350 10 0 3 3 #=36
L 150 350 10 0 8 1 1 0 P36
A 210 350 10 0 2 0 PINTYPE=BI
P 83 180 200 155 200 0 3 0
A 160 200 10 0 3 3 #=66
L 150 200 10 0 8 1 1 0 P66
A 210 200 10 0 2 0 PINTYPE=BI
P 88 180 150 155 150 0 3 0
A 160 150 10 0 3 3 #=76
L 150 150 10 0 8 1 1 0 P76
A 210 150 10 0 2 0 PINTYPE=BI
P 100 180 30 155 30 0 3 0
A 160 30 10 0 3 3 #=100
L 150 30 10 0 8 1 1 0 P100
A 210 30 10 0 2 0 PINTYPE=BI
P 52 180 510 155 510 0 3 0
A 160 510 10 0 3 3 #=4
L 150 510 10 0 8 1 1 0 P4
A 210 510 10 0 2 0 PINTYPE=BI
P 99 180 40 155 40 0 3 0
A 160 40 10 0 3 3 #=98
L 150 40 10 0 8 1 1 0 P98
A 210 40 10 0 2 0 PINTYPE=BI
P 53 180 500 155 500 0 3 0
A 160 500 10 0 3 3 #=6
L 150 500 10 0 8 1 1 0 P6
A 210 500 10 0 2 0 PINTYPE=BI
P 54 180 490 155 490 0 3 0
A 160 490 10 0 3 3 #=8
L 150 490 10 0 8 1 1 0 P8
A 210 490 10 0 2 0 PINTYPE=BI
P 98 180 50 155 50 0 3 0
A 160 50 10 0 3 3 #=96
L 150 50 10 0 8 1 1 0 P96
A 210 50 10 0 2 0 PINTYPE=BI
P 97 180 60 155 60 0 3 0
A 160 60 10 0 3 3 #=94
L 150 60 10 0 8 1 1 0 P94
A 210 60 10 0 2 0 PINTYPE=BI
P 55 180 480 155 480 0 3 0
A 160 480 10 0 3 3 #=10
L 150 480 10 0 8 1 1 0 P10
A 210 480 10 0 2 0 PINTYPE=BI
P 96 180 70 155 70 0 3 0
A 160 70 10 0 3 3 #=92
L 150 70 10 0 8 1 1 0 P92
A 210 70 10 0 2 0 PINTYPE=BI
P 56 180 470 155 470 0 3 0
A 160 470 10 0 3 3 #=12
L 150 470 10 0 8 1 1 0 P12
A 210 470 10 0 2 0 PINTYPE=BI
P 51 180 520 155 520 0 3 0
A 160 520 10 0 3 3 #=2
L 150 520 10 0 8 1 1 0 P2
A 210 520 10 0 2 0 PINTYPE=BI
P 95 180 80 155 80 0 3 0
A 160 80 10 0 3 3 #=90
L 150 80 10 0 8 1 1 0 P90
A 210 80 10 0 2 0 PINTYPE=BI
P 94 180 90 155 90 0 3 0
A 160 90 10 0 3 3 #=88
L 150 90 10 0 8 1 1 0 P88
A 210 90 10 0 2 0 PINTYPE=BI
P 93 180 100 155 100 0 3 0
A 160 100 10 0 3 3 #=86
L 150 100 10 0 8 1 1 0 P86
A 210 100 10 0 2 0 PINTYPE=BI
P 92 180 110 155 110 0 3 0
A 160 110 10 0 3 3 #=84
L 150 110 10 0 8 1 1 0 P84
A 210 110 10 0 2 0 PINTYPE=BI
P 91 180 120 155 120 0 3 0
A 160 120 10 0 3 3 #=82
L 150 120 10 0 8 1 1 0 P82
A 210 120 10 0 2 0 PINTYPE=BI
P 90 180 130 155 130 0 3 0
A 160 130 10 0 3 3 #=80
L 150 130 10 0 8 1 1 0 P80
A 210 130 10 0 2 0 PINTYPE=BI
P 58 180 450 155 450 0 3 0
A 160 450 10 0 3 3 #=16
L 150 450 10 0 8 1 1 0 P16
A 210 450 10 0 2 0 PINTYPE=BI
P 57 180 460 155 460 0 3 0
A 160 460 10 0 3 3 #=14
L 150 460 10 0 8 1 1 0 P14
A 210 460 10 0 2 0 PINTYPE=BI
P 59 180 440 155 440 0 3 0
A 160 440 10 0 3 3 #=18
L 150 440 10 0 8 1 1 0 P18
A 210 440 10 0 2 0 PINTYPE=BI
P 60 180 430 155 430 0 3 0
A 160 430 10 0 3 3 #=20
L 150 430 10 0 8 1 1 0 P20
A 210 430 10 0 2 0 PINTYPE=BI
P 61 180 420 155 420 0 3 0
A 160 420 10 0 3 3 #=22
L 150 420 10 0 8 1 1 0 P22
A 210 420 10 0 2 0 PINTYPE=BI
P 62 180 410 155 410 0 3 0
A 160 410 10 0 3 3 #=24
L 150 410 10 0 8 1 1 0 P24
A 210 410 10 0 2 0 PINTYPE=BI
P 89 180 140 155 140 0 3 0
A 160 140 10 0 3 3 #=78
L 150 140 10 0 8 1 1 0 P78
A 210 140 10 0 2 0 PINTYPE=BI
P 87 180 160 155 160 0 3 0
A 160 160 10 0 3 3 #=74
L 150 160 10 0 8 1 1 0 P74
A 210 160 10 0 2 0 PINTYPE=BI
P 86 180 170 155 170 0 3 0
A 160 170 10 0 3 3 #=72
L 150 170 10 0 8 1 1 0 P72
A 210 170 10 0 2 0 PINTYPE=BI
P 85 180 180 155 180 0 3 0
A 160 180 10 0 3 3 #=70
L 150 180 10 0 8 1 1 0 P70
A 210 180 10 0 2 0 PINTYPE=BI
P 84 180 190 155 190 0 3 0
A 160 190 10 0 3 3 #=68
L 150 190 10 0 8 1 1 0 P68
A 210 190 10 0 2 0 PINTYPE=BI
P 64 180 390 155 390 0 3 0
A 160 390 10 0 3 3 #=28
L 150 390 10 0 8 1 1 0 P28
A 210 390 10 0 2 0 PINTYPE=BI
P 65 180 380 155 380 0 3 0
A 160 380 10 0 3 3 #=30
L 150 380 10 0 8 1 1 0 P30
A 210 380 10 0 2 0 PINTYPE=BI
P 66 180 370 155 370 0 3 0
A 160 370 10 0 3 3 #=32
L 150 370 10 0 8 1 1 0 P32
A 210 370 10 0 2 0 PINTYPE=BI
P 67 180 360 155 360 0 3 0
A 160 360 10 0 3 3 #=34
L 150 360 10 0 8 1 1 0 P34
A 210 360 10 0 2 0 PINTYPE=BI
P 82 180 210 155 210 0 3 0
A 160 210 10 0 3 3 #=64
L 150 210 10 0 8 1 1 0 P64
A 210 210 10 0 2 0 PINTYPE=BI
P 80 180 230 155 230 0 3 0
A 160 230 10 0 3 3 #=60
L 150 230 10 0 8 1 1 0 P60
A 210 230 10 0 2 0 PINTYPE=BI
P 79 180 240 155 240 0 3 0
A 160 240 10 0 3 3 #=58
L 150 240 10 0 8 1 1 0 P58
A 210 240 10 0 2 0 PINTYPE=BI
P 78 180 250 155 250 0 3 0
A 160 250 10 0 3 3 #=56
L 150 250 10 0 8 1 1 0 P56
A 210 250 10 0 2 0 PINTYPE=BI
P 77 180 260 155 260 0 3 0
A 160 260 10 0 3 3 #=54
L 150 260 10 0 8 1 1 0 P54
A 210 260 10 0 2 0 PINTYPE=BI
P 76 180 270 155 270 0 3 0
A 160 270 10 0 3 3 #=52
L 150 270 10 0 8 1 1 0 P52
A 210 270 10 0 2 0 PINTYPE=BI
P 81 180 220 155 220 0 3 0
A 160 220 10 0 3 3 #=62
L 150 220 10 0 8 1 1 0 P62
A 210 220 10 0 2 0 PINTYPE=BI
P 69 180 340 155 340 0 3 0
A 160 340 10 0 3 3 #=38
L 150 340 10 0 8 1 1 0 P38
A 210 340 10 0 2 0 PINTYPE=BI
P 70 180 330 155 330 0 3 0
A 160 330 10 0 3 3 #=40
L 150 330 10 0 8 1 1 0 P40
A 210 330 10 0 2 0 PINTYPE=BI
P 71 180 320 155 320 0 3 0
A 160 320 10 0 3 3 #=42
L 150 320 10 0 8 1 1 0 P42
A 210 320 10 0 2 0 PINTYPE=BI
P 72 180 310 155 310 0 3 0
A 160 310 10 0 3 3 #=44
L 150 310 10 0 8 1 1 0 P44
A 210 310 10 0 2 0 PINTYPE=BI
P 73 180 300 155 300 0 3 0
A 160 300 10 0 3 3 #=46
L 150 300 10 0 8 1 1 0 P46
A 210 300 10 0 2 0 PINTYPE=BI
P 74 180 290 155 290 0 3 0
A 160 290 10 0 3 3 #=48
L 150 290 10 0 8 1 1 0 P48
A 210 290 10 0 2 0 PINTYPE=BI
P 75 180 280 155 280 0 3 0
A 160 280 10 0 3 3 #=50
L 150 280 10 0 8 1 1 0 P50
A 210 280 10 0 2 0 PINTYPE=BI
P 13 0 400 25 400 0 2 0
A 20 400 10 0 9 3 #=25
L 30 400 10 0 2 1 1 0 P25
A -30 400 10 0 8 0 PINTYPE=BI
U 40 550 16 0 5 3 REFDES=P?
b 25 20 155 540
T 100 210 18 1 3 SAMTEC FSI-150
Q 14 0 0
U 0 -20 10 0 3 0 MFG_P/N=FSI-150-10-L-D-AD
E
