V 50
K 153165148200 gtmff1924
Y 1
D 0 0 215 1190
Z 10
i 946
b 30 50 185 1140
P 1 0 1070 30 1070 0 2 0
A 25 1070 10 0 9 3 #=AC23
L 35 1070 10 0 2 0 1 0  GND_AC23
A 25 1070 10 0 9 0 PINTYPE=BI
P 2 0 1060 30 1060 0 2 0
A 25 1060 10 0 9 3 #=AC25
L 35 1060 10 0 2 0 1 0  GND_AC25
A 25 1060 10 0 9 0 PINTYPE=BI
P 3 0 1050 30 1050 0 2 0
A 25 1050 10 0 9 3 #=AC27
L 35 1050 10 0 2 0 1 0  GND_AC27
A 25 1050 10 0 9 0 PINTYPE=BI
P 4 0 1040 30 1040 0 2 0
A 25 1040 10 0 9 3 #=AC29
L 35 1040 10 0 2 0 1 0  GND_AC29
A 25 1040 10 0 9 0 PINTYPE=BI
P 5 0 1030 30 1030 0 2 0
A 25 1030 10 0 9 3 #=AC30
L 35 1030 10 0 2 0 1 0  GND_AC30
A 25 1030 10 0 9 0 PINTYPE=BI
P 6 0 1020 30 1020 0 2 0
A 25 1020 10 0 9 3 #=AC31
L 35 1020 10 0 2 0 1 0  GND_AC31
A 25 1020 10 0 9 0 PINTYPE=BI
P 7 0 1010 30 1010 0 2 0
A 25 1010 10 0 9 3 #=AC32
L 35 1010 10 0 2 0 1 0  GND_AC32
A 25 1010 10 0 9 0 PINTYPE=BI
P 8 0 1000 30 1000 0 2 0
A 25 1000 10 0 9 3 #=AC33
L 35 1000 10 0 2 0 1 0  GND_AC33
A 25 1000 10 0 9 0 PINTYPE=BI
P 9 0 990 30 990 0 2 0
A 25 990 10 0 9 3 #=AC34
L 35 990 10 0 2 0 1 0  GND_AC34
A 25 990 10 0 9 0 PINTYPE=BI
P 10 0 980 30 980 0 2 0
A 25 980 10 0 9 3 #=AC35
L 35 980 10 0 2 0 1 0  GND_AC35
A 25 980 10 0 9 0 PINTYPE=BI
P 11 0 970 30 970 0 2 0
A 25 970 10 0 9 3 #=AC36
L 35 970 10 0 2 0 1 0  GND_AC36
A 25 970 10 0 9 0 PINTYPE=BI
P 12 0 960 30 960 0 2 0
A 25 960 10 0 9 3 #=AC37
L 35 960 10 0 2 0 1 0  GND_AC37
A 25 960 10 0 9 0 PINTYPE=BI
P 13 0 950 30 950 0 2 0
A 25 950 10 0 9 3 #=AC38
L 35 950 10 0 2 0 1 0  GND_AC38
A 25 950 10 0 9 0 PINTYPE=BI
P 14 0 940 30 940 0 2 0
A 25 940 10 0 9 3 #=AC39
L 35 940 10 0 2 0 1 0  GND_AC39
A 25 940 10 0 9 0 PINTYPE=BI
P 15 0 930 30 930 0 2 0
A 25 930 10 0 9 3 #=AC40
L 35 930 10 0 2 0 1 0  GND_AC40
A 25 930 10 0 9 0 PINTYPE=BI
P 16 0 920 30 920 0 2 0
A 25 920 10 0 9 3 #=AC41
L 35 920 10 0 2 0 1 0  GND_AC41
A 25 920 10 0 9 0 PINTYPE=BI
P 17 0 910 30 910 0 2 0
A 25 910 10 0 9 3 #=AC42
L 35 910 10 0 2 0 1 0  GND_AC42
A 25 910 10 0 9 0 PINTYPE=BI
P 18 0 900 30 900 0 2 0
A 25 900 10 0 9 3 #=AC43
L 35 900 10 0 2 0 1 0  GND_AC43
A 25 900 10 0 9 0 PINTYPE=BI
P 19 0 890 30 890 0 2 0
A 25 890 10 0 9 3 #=AC44
L 35 890 10 0 2 0 1 0  GND_AC44
A 25 890 10 0 9 0 PINTYPE=BI
P 20 0 880 30 880 0 2 0
A 25 880 10 0 9 3 #=AD24
L 35 880 10 0 2 0 1 0  GND_AD24
A 25 880 10 0 9 0 PINTYPE=BI
P 21 0 870 30 870 0 2 0
A 25 870 10 0 9 3 #=AD26
L 35 870 10 0 2 0 1 0  GND_AD26
A 25 870 10 0 9 0 PINTYPE=BI
P 22 0 860 30 860 0 2 0
A 25 860 10 0 9 3 #=AD28
L 35 860 10 0 2 0 1 0  GND_AD28
A 25 860 10 0 9 0 PINTYPE=BI
P 23 0 850 30 850 0 2 0
A 25 850 10 0 9 3 #=AD29
L 35 850 10 0 2 0 1 0  GND_AD29
A 25 850 10 0 9 0 PINTYPE=BI
P 24 0 840 30 840 0 2 0
A 25 840 10 0 9 3 #=AD30
L 35 840 10 0 2 0 1 0  GND_AD30
A 25 840 10 0 9 0 PINTYPE=BI
P 25 0 830 30 830 0 2 0
A 25 830 10 0 9 3 #=AD31
L 35 830 10 0 2 0 1 0  GND_AD31
A 25 830 10 0 9 0 PINTYPE=BI
P 26 0 820 30 820 0 2 0
A 25 820 10 0 9 3 #=AD32
L 35 820 10 0 2 0 1 0  GND_AD32
A 25 820 10 0 9 0 PINTYPE=BI
P 27 0 810 30 810 0 2 0
A 25 810 10 0 9 3 #=AD33
L 35 810 10 0 2 0 1 0  GND_AD33
A 25 810 10 0 9 0 PINTYPE=BI
P 28 0 800 30 800 0 2 0
A 25 800 10 0 9 3 #=AD34
L 35 800 10 0 2 0 1 0  GND_AD34
A 25 800 10 0 9 0 PINTYPE=BI
P 29 0 790 30 790 0 2 0
A 25 790 10 0 9 3 #=AD35
L 35 790 10 0 2 0 1 0  GND_AD35
A 25 790 10 0 9 0 PINTYPE=BI
P 30 0 780 30 780 0 2 0
A 25 780 10 0 9 3 #=AD36
L 35 780 10 0 2 0 1 0  GND_AD36
A 25 780 10 0 9 0 PINTYPE=BI
P 31 0 770 30 770 0 2 0
A 25 770 10 0 9 3 #=AD37
L 35 770 10 0 2 0 1 0  GND_AD37
A 25 770 10 0 9 0 PINTYPE=BI
P 32 0 760 30 760 0 2 0
A 25 760 10 0 9 3 #=AD38
L 35 760 10 0 2 0 1 0  GND_AD38
A 25 760 10 0 9 0 PINTYPE=BI
P 33 0 750 30 750 0 2 0
A 25 750 10 0 9 3 #=AD39
L 35 750 10 0 2 0 1 0  GND_AD39
A 25 750 10 0 9 0 PINTYPE=BI
P 34 0 740 30 740 0 2 0
A 25 740 10 0 9 3 #=AD40
L 35 740 10 0 2 0 1 0  GND_AD40
A 25 740 10 0 9 0 PINTYPE=BI
P 35 0 730 30 730 0 2 0
A 25 730 10 0 9 3 #=AD41
L 35 730 10 0 2 0 1 0  GND_AD41
A 25 730 10 0 9 0 PINTYPE=BI
P 36 0 720 30 720 0 2 0
A 25 720 10 0 9 3 #=AD42
L 35 720 10 0 2 0 1 0  GND_AD42
A 25 720 10 0 9 0 PINTYPE=BI
P 37 0 710 30 710 0 2 0
A 25 710 10 0 9 3 #=AD43
L 35 710 10 0 2 0 1 0  GND_AD43
A 25 710 10 0 9 0 PINTYPE=BI
P 38 0 700 30 700 0 2 0
A 25 700 10 0 9 3 #=AD44
L 35 700 10 0 2 0 1 0  GND_AD44
A 25 700 10 0 9 0 PINTYPE=BI
P 39 0 690 30 690 0 2 0
A 25 690 10 0 9 3 #=AE23
L 35 690 10 0 2 0 1 0  GND_AE23
A 25 690 10 0 9 0 PINTYPE=BI
P 40 0 680 30 680 0 2 0
A 25 680 10 0 9 3 #=AE25
L 35 680 10 0 2 0 1 0  GND_AE25
A 25 680 10 0 9 0 PINTYPE=BI
P 41 0 670 30 670 0 2 0
A 25 670 10 0 9 3 #=AE27
L 35 670 10 0 2 0 1 0  GND_AE27
A 25 670 10 0 9 0 PINTYPE=BI
P 42 0 660 30 660 0 2 0
A 25 660 10 0 9 3 #=AE29
L 35 660 10 0 2 0 1 0  GND_AE29
A 25 660 10 0 9 0 PINTYPE=BI
P 43 0 650 30 650 0 2 0
A 25 650 10 0 9 3 #=AE30
L 35 650 10 0 2 0 1 0  GND_AE30
A 25 650 10 0 9 0 PINTYPE=BI
P 44 0 640 30 640 0 2 0
A 25 640 10 0 9 3 #=AE31
L 35 640 10 0 2 0 1 0  GND_AE31
A 25 640 10 0 9 0 PINTYPE=BI
P 45 0 630 30 630 0 2 0
A 25 630 10 0 9 3 #=AE32
L 35 630 10 0 2 0 1 0  GND_AE32
A 25 630 10 0 9 0 PINTYPE=BI
P 46 0 620 30 620 0 2 0
A 25 620 10 0 9 3 #=AE33
L 35 620 10 0 2 0 1 0  GND_AE33
A 25 620 10 0 9 0 PINTYPE=BI
P 47 0 610 30 610 0 2 0
A 25 610 10 0 9 3 #=AE34
L 35 610 10 0 2 0 1 0  GND_AE34
A 25 610 10 0 9 0 PINTYPE=BI
P 48 0 600 30 600 0 2 0
A 25 600 10 0 9 3 #=AE35
L 35 600 10 0 2 0 1 0  GND_AE35
A 25 600 10 0 9 0 PINTYPE=BI
P 49 0 590 30 590 0 2 0
A 25 590 10 0 9 3 #=AE36
L 35 590 10 0 2 0 1 0  GND_AE36
A 25 590 10 0 9 0 PINTYPE=BI
P 50 0 580 30 580 0 2 0
A 25 580 10 0 9 3 #=AE37
L 35 580 10 0 2 0 1 0  GND_AE37
A 25 580 10 0 9 0 PINTYPE=BI
P 51 0 570 30 570 0 2 0
A 25 570 10 0 9 3 #=AE38
L 35 570 10 0 2 0 1 0  GND_AE38
A 25 570 10 0 9 0 PINTYPE=BI
P 52 0 560 30 560 0 2 0
A 25 560 10 0 9 3 #=AE39
L 35 560 10 0 2 0 1 0  GND_AE39
A 25 560 10 0 9 0 PINTYPE=BI
P 53 0 550 30 550 0 2 0
A 25 550 10 0 9 3 #=AE40
L 35 550 10 0 2 0 1 0  GND_AE40
A 25 550 10 0 9 0 PINTYPE=BI
P 54 0 540 30 540 0 2 0
A 25 540 10 0 9 3 #=AE41
L 35 540 10 0 2 0 1 0  GND_AE41
A 25 540 10 0 9 0 PINTYPE=BI
P 55 0 530 30 530 0 2 0
A 25 530 10 0 9 3 #=AE42
L 35 530 10 0 2 0 1 0  GND_AE42
A 25 530 10 0 9 0 PINTYPE=BI
P 56 0 520 30 520 0 2 0
A 25 520 10 0 9 3 #=AF24
L 35 520 10 0 2 0 1 0  GND_AF24
A 25 520 10 0 9 0 PINTYPE=BI
P 57 0 510 30 510 0 2 0
A 25 510 10 0 9 3 #=AF26
L 35 510 10 0 2 0 1 0  GND_AF26
A 25 510 10 0 9 0 PINTYPE=BI
P 58 0 500 30 500 0 2 0
A 25 500 10 0 9 3 #=AF28
L 35 500 10 0 2 0 1 0  GND_AF28
A 25 500 10 0 9 0 PINTYPE=BI
P 59 0 490 30 490 0 2 0
A 25 490 10 0 9 3 #=AF29
L 35 490 10 0 2 0 1 0  GND_AF29
A 25 490 10 0 9 0 PINTYPE=BI
P 60 0 480 30 480 0 2 0
A 25 480 10 0 9 3 #=AF30
L 35 480 10 0 2 0 1 0  GND_AF30
A 25 480 10 0 9 0 PINTYPE=BI
P 61 0 470 30 470 0 2 0
A 25 470 10 0 9 3 #=AF32
L 35 470 10 0 2 0 1 0  GND_AF32
A 25 470 10 0 9 0 PINTYPE=BI
P 62 0 460 30 460 0 2 0
A 25 460 10 0 9 3 #=AF33
L 35 460 10 0 2 0 1 0  GND_AF33
A 25 460 10 0 9 0 PINTYPE=BI
P 63 0 450 30 450 0 2 0
A 25 450 10 0 9 3 #=AF34
L 35 450 10 0 2 0 1 0  GND_AF34
A 25 450 10 0 9 0 PINTYPE=BI
P 64 0 440 30 440 0 2 0
A 25 440 10 0 9 3 #=AF35
L 35 440 10 0 2 0 1 0  GND_AF35
A 25 440 10 0 9 0 PINTYPE=BI
P 65 0 430 30 430 0 2 0
A 25 430 10 0 9 3 #=AF36
L 35 430 10 0 2 0 1 0  GND_AF36
A 25 430 10 0 9 0 PINTYPE=BI
P 66 0 420 30 420 0 2 0
A 25 420 10 0 9 3 #=AF37
L 35 420 10 0 2 0 1 0  GND_AF37
A 25 420 10 0 9 0 PINTYPE=BI
P 67 0 410 30 410 0 2 0
A 25 410 10 0 9 3 #=AF38
L 35 410 10 0 2 0 1 0  GND_AF38
A 25 410 10 0 9 0 PINTYPE=BI
P 68 0 400 30 400 0 2 0
A 25 400 10 0 9 3 #=AF39
L 35 400 10 0 2 0 1 0  GND_AF39
A 25 400 10 0 9 0 PINTYPE=BI
P 69 0 390 30 390 0 2 0
A 25 390 10 0 9 3 #=AF40
L 35 390 10 0 2 0 1 0  GND_AF40
A 25 390 10 0 9 0 PINTYPE=BI
P 70 0 380 30 380 0 2 0
A 25 380 10 0 9 3 #=AF41
L 35 380 10 0 2 0 1 0  GND_AF41
A 25 380 10 0 9 0 PINTYPE=BI
P 71 0 370 30 370 0 2 0
A 25 370 10 0 9 3 #=AF42
L 35 370 10 0 2 0 1 0  GND_AF42
A 25 370 10 0 9 0 PINTYPE=BI
P 72 0 360 30 360 0 2 0
A 25 360 10 0 9 3 #=AF43
L 35 360 10 0 2 0 1 0  GND_AF43
A 25 360 10 0 9 0 PINTYPE=BI
P 73 0 350 30 350 0 2 0
A 25 350 10 0 9 3 #=AF44
L 35 350 10 0 2 0 1 0  GND_AF44
A 25 350 10 0 9 0 PINTYPE=BI
P 74 0 340 30 340 0 2 0
A 25 340 10 0 9 3 #=AG23
L 35 340 10 0 2 0 1 0  GND_AG23
A 25 340 10 0 9 0 PINTYPE=BI
P 75 0 330 30 330 0 2 0
A 25 330 10 0 9 3 #=AG25
L 35 330 10 0 2 0 1 0  GND_AG25
A 25 330 10 0 9 0 PINTYPE=BI
P 76 0 320 30 320 0 2 0
A 25 320 10 0 9 3 #=AG27
L 35 320 10 0 2 0 1 0  GND_AG27
A 25 320 10 0 9 0 PINTYPE=BI
P 77 0 310 30 310 0 2 0
A 25 310 10 0 9 3 #=AG29
L 35 310 10 0 2 0 1 0  GND_AG29
A 25 310 10 0 9 0 PINTYPE=BI
P 78 0 300 30 300 0 2 0
A 25 300 10 0 9 3 #=AG31
L 35 300 10 0 2 0 1 0  GND_AG31
A 25 300 10 0 9 0 PINTYPE=BI
P 79 0 290 30 290 0 2 0
A 25 290 10 0 9 3 #=AG32
L 35 290 10 0 2 0 1 0  GND_AG32
A 25 290 10 0 9 0 PINTYPE=BI
P 80 0 280 30 280 0 2 0
A 25 280 10 0 9 3 #=AG34
L 35 280 10 0 2 0 1 0  GND_AG34
A 25 280 10 0 9 0 PINTYPE=BI
P 81 0 270 30 270 0 2 0
A 25 270 10 0 9 3 #=AG35
L 35 270 10 0 2 0 1 0  GND_AG35
A 25 270 10 0 9 0 PINTYPE=BI
P 82 0 260 30 260 0 2 0
A 25 260 10 0 9 3 #=AG36
L 35 260 10 0 2 0 1 0  GND_AG36
A 25 260 10 0 9 0 PINTYPE=BI
P 83 0 250 30 250 0 2 0
A 25 250 10 0 9 3 #=AG37
L 35 250 10 0 2 0 1 0  GND_AG37
A 25 250 10 0 9 0 PINTYPE=BI
P 84 0 240 30 240 0 2 0
A 25 240 10 0 9 3 #=AG38
L 35 240 10 0 2 0 1 0  GND_AG38
A 25 240 10 0 9 0 PINTYPE=BI
P 85 0 230 30 230 0 2 0
A 25 230 10 0 9 3 #=AG39
L 35 230 10 0 2 0 1 0  GND_AG39
A 25 230 10 0 9 0 PINTYPE=BI
P 86 0 220 30 220 0 2 0
A 25 220 10 0 9 3 #=AG40
L 35 220 10 0 2 0 1 0  GND_AG40
A 25 220 10 0 9 0 PINTYPE=BI
P 87 0 210 30 210 0 2 0
A 25 210 10 0 9 3 #=AG41
L 35 210 10 0 2 0 1 0  GND_AG41
A 25 210 10 0 9 0 PINTYPE=BI
P 88 0 200 30 200 0 2 0
A 25 200 10 0 9 3 #=AG42
L 35 200 10 0 2 0 1 0  GND_AG42
A 25 200 10 0 9 0 PINTYPE=BI
P 89 0 190 30 190 0 2 0
A 25 190 10 0 9 3 #=AH24
L 35 190 10 0 2 0 1 0  GND_AH24
A 25 190 10 0 9 0 PINTYPE=BI
P 90 0 180 30 180 0 2 0
A 25 180 10 0 9 3 #=AH26
L 35 180 10 0 2 0 1 0  GND_AH26
A 25 180 10 0 9 0 PINTYPE=BI
P 91 0 170 30 170 0 2 0
A 25 170 10 0 9 3 #=AH28
L 35 170 10 0 2 0 1 0  GND_AH28
A 25 170 10 0 9 0 PINTYPE=BI
P 92 0 160 30 160 0 2 0
A 25 160 10 0 9 3 #=AH29
L 35 160 10 0 2 0 1 0  GND_AH29
A 25 160 10 0 9 0 PINTYPE=BI
P 93 0 150 30 150 0 2 0
A 25 150 10 0 9 3 #=AH30
L 35 150 10 0 2 0 1 0  GND_AH30
A 25 150 10 0 9 0 PINTYPE=BI
P 94 0 140 30 140 0 2 0
A 25 140 10 0 9 3 #=AH32
L 35 140 10 0 2 0 1 0  GND_AH32
A 25 140 10 0 9 0 PINTYPE=BI
P 95 0 130 30 130 0 2 0
A 25 130 10 0 9 3 #=AH33
L 35 130 10 0 2 0 1 0  GND_AH33
A 25 130 10 0 9 0 PINTYPE=BI
P 96 0 120 30 120 0 2 0
A 25 120 10 0 9 3 #=AH35
L 35 120 10 0 2 0 1 0  GND_AH35
A 25 120 10 0 9 0 PINTYPE=BI
P 97 0 110 30 110 0 2 0
A 25 110 10 0 9 3 #=AH36
L 35 110 10 0 2 0 1 0  GND_AH36
A 25 110 10 0 9 0 PINTYPE=BI
P 98 0 100 30 100 0 2 0
A 25 100 10 0 9 3 #=AH37
L 35 100 10 0 2 0 1 0  GND_AH37
A 25 100 10 0 9 0 PINTYPE=BI
P 99 0 90 30 90 0 2 0
A 25 90 10 0 9 3 #=AH38
L 35 90 10 0 2 0 1 0  GND_AH38
A 25 90 10 0 9 0 PINTYPE=BI
P 100 0 80 30 80 0 2 0
A 25 80 10 0 9 3 #=AH39
L 35 80 10 0 2 0 1 0  GND_AH39
A 25 80 10 0 9 0 PINTYPE=BI
P 101 215 1070 185 1070 0 3 0
A 190 1070 10 0 3 3 #=AH40
L 180 1070 10 0 8 0 1 0  GND_AH40
A 180 1070 10 0 3 0 PINTYPE=BI
P 102 215 1060 185 1060 0 3 0
A 190 1060 10 0 3 3 #=AH41
L 180 1060 10 0 8 0 1 0  GND_AH41
A 180 1060 10 0 3 0 PINTYPE=BI
P 103 215 1050 185 1050 0 3 0
A 190 1050 10 0 3 3 #=AH42
L 180 1050 10 0 8 0 1 0  GND_AH42
A 180 1050 10 0 3 0 PINTYPE=BI
P 104 215 1040 185 1040 0 3 0
A 190 1040 10 0 3 3 #=AH43
L 180 1040 10 0 8 0 1 0  GND_AH43
A 180 1040 10 0 3 0 PINTYPE=BI
P 105 215 1030 185 1030 0 3 0
A 190 1030 10 0 3 3 #=AH44
L 180 1030 10 0 8 0 1 0  GND_AH44
A 180 1030 10 0 3 0 PINTYPE=BI
P 106 215 1020 185 1020 0 3 0
A 190 1020 10 0 3 3 #=AJ23
L 180 1020 10 0 8 0 1 0  GND_AJ23
A 180 1020 10 0 3 0 PINTYPE=BI
P 107 215 1010 185 1010 0 3 0
A 190 1010 10 0 3 3 #=AJ24
L 180 1010 10 0 8 0 1 0  GND_AJ24
A 180 1010 10 0 3 0 PINTYPE=BI
P 108 215 1000 185 1000 0 3 0
A 190 1000 10 0 3 3 #=AJ25
L 180 1000 10 0 8 0 1 0  GND_AJ25
A 180 1000 10 0 3 0 PINTYPE=BI
P 109 215 990 185 990 0 3 0
A 190 990 10 0 3 3 #=AJ26
L 180 990 10 0 8 0 1 0  GND_AJ26
A 180 990 10 0 3 0 PINTYPE=BI
P 110 215 980 185 980 0 3 0
A 190 980 10 0 3 3 #=AJ27
L 180 980 10 0 8 0 1 0  GND_AJ27
A 180 980 10 0 3 0 PINTYPE=BI
P 111 215 970 185 970 0 3 0
A 190 970 10 0 3 3 #=AJ28
L 180 970 10 0 8 0 1 0  GND_AJ28
A 180 970 10 0 3 0 PINTYPE=BI
P 112 215 960 185 960 0 3 0
A 190 960 10 0 3 3 #=AJ29
L 180 960 10 0 8 0 1 0  GND_AJ29
A 180 960 10 0 3 0 PINTYPE=BI
P 113 215 950 185 950 0 3 0
A 190 950 10 0 3 3 #=AJ31
L 180 950 10 0 8 0 1 0  GND_AJ31
A 180 950 10 0 3 0 PINTYPE=BI
P 114 215 940 185 940 0 3 0
A 190 940 10 0 3 3 #=AJ32
L 180 940 10 0 8 0 1 0  GND_AJ32
A 180 940 10 0 3 0 PINTYPE=BI
P 115 215 930 185 930 0 3 0
A 190 930 10 0 3 3 #=AJ34
L 180 930 10 0 8 0 1 0  GND_AJ34
A 180 930 10 0 3 0 PINTYPE=BI
P 116 215 920 185 920 0 3 0
A 190 920 10 0 3 3 #=AJ35
L 180 920 10 0 8 0 1 0  GND_AJ35
A 180 920 10 0 3 0 PINTYPE=BI
P 117 215 910 185 910 0 3 0
A 190 910 10 0 3 3 #=AJ36
L 180 910 10 0 8 0 1 0  GND_AJ36
A 180 910 10 0 3 0 PINTYPE=BI
P 118 215 900 185 900 0 3 0
A 190 900 10 0 3 3 #=AJ37
L 180 900 10 0 8 0 1 0  GND_AJ37
A 180 900 10 0 3 0 PINTYPE=BI
P 119 215 890 185 890 0 3 0
A 190 890 10 0 3 3 #=AJ38
L 180 890 10 0 8 0 1 0  GND_AJ38
A 180 890 10 0 3 0 PINTYPE=BI
P 120 215 880 185 880 0 3 0
A 190 880 10 0 3 3 #=AJ39
L 180 880 10 0 8 0 1 0  GND_AJ39
A 180 880 10 0 3 0 PINTYPE=BI
P 121 215 870 185 870 0 3 0
A 190 870 10 0 3 3 #=AJ40
L 180 870 10 0 8 0 1 0  GND_AJ40
A 180 870 10 0 3 0 PINTYPE=BI
P 122 215 860 185 860 0 3 0
A 190 860 10 0 3 3 #=AJ41
L 180 860 10 0 8 0 1 0  GND_AJ41
A 180 860 10 0 3 0 PINTYPE=BI
P 123 215 850 185 850 0 3 0
A 190 850 10 0 3 3 #=AJ42
L 180 850 10 0 8 0 1 0  GND_AJ42
A 180 850 10 0 3 0 PINTYPE=BI
P 124 215 840 185 840 0 3 0
A 190 840 10 0 3 3 #=AK23
L 180 840 10 0 8 0 1 0  GND_AK23
A 180 840 10 0 3 0 PINTYPE=BI
P 125 215 830 185 830 0 3 0
A 190 830 10 0 3 3 #=AK24
L 180 830 10 0 8 0 1 0  GND_AK24
A 180 830 10 0 3 0 PINTYPE=BI
P 126 215 820 185 820 0 3 0
A 190 820 10 0 3 3 #=AK25
L 180 820 10 0 8 0 1 0  GND_AK25
A 180 820 10 0 3 0 PINTYPE=BI
P 127 215 810 185 810 0 3 0
A 190 810 10 0 3 3 #=AK26
L 180 810 10 0 8 0 1 0  GND_AK26
A 180 810 10 0 3 0 PINTYPE=BI
P 128 215 800 185 800 0 3 0
A 190 800 10 0 3 3 #=AK27
L 180 800 10 0 8 0 1 0  GND_AK27
A 180 800 10 0 3 0 PINTYPE=BI
P 129 215 790 185 790 0 3 0
A 190 790 10 0 3 3 #=AK28
L 180 790 10 0 8 0 1 0  GND_AK28
A 180 790 10 0 3 0 PINTYPE=BI
P 130 215 780 185 780 0 3 0
A 190 780 10 0 3 3 #=AK29
L 180 780 10 0 8 0 1 0  GND_AK29
A 180 780 10 0 3 0 PINTYPE=BI
P 131 215 770 185 770 0 3 0
A 190 770 10 0 3 3 #=AK30
L 180 770 10 0 8 0 1 0  GND_AK30
A 180 770 10 0 3 0 PINTYPE=BI
P 132 215 760 185 760 0 3 0
A 190 760 10 0 3 3 #=AK31
L 180 760 10 0 8 0 1 0  GND_AK31
A 180 760 10 0 3 0 PINTYPE=BI
P 133 215 750 185 750 0 3 0
A 190 750 10 0 3 3 #=AK32
L 180 750 10 0 8 0 1 0  GND_AK32
A 180 750 10 0 3 0 PINTYPE=BI
P 134 215 740 185 740 0 3 0
A 190 740 10 0 3 3 #=AK33
L 180 740 10 0 8 0 1 0  GND_AK33
A 180 740 10 0 3 0 PINTYPE=BI
P 135 215 730 185 730 0 3 0
A 190 730 10 0 3 3 #=AK35
L 180 730 10 0 8 0 1 0  GND_AK35
A 180 730 10 0 3 0 PINTYPE=BI
P 136 215 720 185 720 0 3 0
A 190 720 10 0 3 3 #=AK36
L 180 720 10 0 8 0 1 0  GND_AK36
A 180 720 10 0 3 0 PINTYPE=BI
P 137 215 710 185 710 0 3 0
A 190 710 10 0 3 3 #=AK37
L 180 710 10 0 8 0 1 0  GND_AK37
A 180 710 10 0 3 0 PINTYPE=BI
P 138 215 700 185 700 0 3 0
A 190 700 10 0 3 3 #=AK38
L 180 700 10 0 8 0 1 0  GND_AK38
A 180 700 10 0 3 0 PINTYPE=BI
P 139 215 690 185 690 0 3 0
A 190 690 10 0 3 3 #=AK39
L 180 690 10 0 8 0 1 0  GND_AK39
A 180 690 10 0 3 0 PINTYPE=BI
P 140 215 680 185 680 0 3 0
A 190 680 10 0 3 3 #=AK40
L 180 680 10 0 8 0 1 0  GND_AK40
A 180 680 10 0 3 0 PINTYPE=BI
P 141 215 670 185 670 0 3 0
A 190 670 10 0 3 3 #=AK41
L 180 670 10 0 8 0 1 0  GND_AK41
A 180 670 10 0 3 0 PINTYPE=BI
P 142 215 660 185 660 0 3 0
A 190 660 10 0 3 3 #=AK42
L 180 660 10 0 8 0 1 0  GND_AK42
A 180 660 10 0 3 0 PINTYPE=BI
P 143 215 650 185 650 0 3 0
A 190 650 10 0 3 3 #=AK43
L 180 650 10 0 8 0 1 0  GND_AK43
A 180 650 10 0 3 0 PINTYPE=BI
P 144 215 640 185 640 0 3 0
A 190 640 10 0 3 3 #=AK44
L 180 640 10 0 8 0 1 0  GND_AK44
A 180 640 10 0 3 0 PINTYPE=BI
P 145 215 630 185 630 0 3 0
A 190 630 10 0 3 3 #=AL23
L 180 630 10 0 8 0 1 0  GND_AL23
A 180 630 10 0 3 0 PINTYPE=BI
P 146 215 620 185 620 0 3 0
A 190 620 10 0 3 3 #=AL24
L 180 620 10 0 8 0 1 0  GND_AL24
A 180 620 10 0 3 0 PINTYPE=BI
P 147 215 610 185 610 0 3 0
A 190 610 10 0 3 3 #=AL25
L 180 610 10 0 8 0 1 0  GND_AL25
A 180 610 10 0 3 0 PINTYPE=BI
P 148 215 600 185 600 0 3 0
A 190 600 10 0 3 3 #=AL26
L 180 600 10 0 8 0 1 0  GND_AL26
A 180 600 10 0 3 0 PINTYPE=BI
P 149 215 590 185 590 0 3 0
A 190 590 10 0 3 3 #=AL27
L 180 590 10 0 8 0 1 0  GND_AL27
A 180 590 10 0 3 0 PINTYPE=BI
P 150 215 580 185 580 0 3 0
A 190 580 10 0 3 3 #=AL28
L 180 580 10 0 8 0 1 0  GND_AL28
A 180 580 10 0 3 0 PINTYPE=BI
P 151 215 570 185 570 0 3 0
A 190 570 10 0 3 3 #=AL29
L 180 570 10 0 8 0 1 0  GND_AL29
A 180 570 10 0 3 0 PINTYPE=BI
P 152 215 560 185 560 0 3 0
A 190 560 10 0 3 3 #=AL31
L 180 560 10 0 8 0 1 0  GND_AL31
A 180 560 10 0 3 0 PINTYPE=BI
P 153 215 550 185 550 0 3 0
A 190 550 10 0 3 3 #=AL32
L 180 550 10 0 8 0 1 0  GND_AL32
A 180 550 10 0 3 0 PINTYPE=BI
P 154 215 540 185 540 0 3 0
A 190 540 10 0 3 3 #=AL33
L 180 540 10 0 8 0 1 0  GND_AL33
A 180 540 10 0 3 0 PINTYPE=BI
P 155 215 530 185 530 0 3 0
A 190 530 10 0 3 3 #=AL34
L 180 530 10 0 8 0 1 0  GND_AL34
A 180 530 10 0 3 0 PINTYPE=BI
P 156 215 520 185 520 0 3 0
A 190 520 10 0 3 3 #=AL35
L 180 520 10 0 8 0 1 0  GND_AL35
A 180 520 10 0 3 0 PINTYPE=BI
P 157 215 510 185 510 0 3 0
A 190 510 10 0 3 3 #=AL36
L 180 510 10 0 8 0 1 0  GND_AL36
A 180 510 10 0 3 0 PINTYPE=BI
P 158 215 500 185 500 0 3 0
A 190 500 10 0 3 3 #=AL37
L 180 500 10 0 8 0 1 0  GND_AL37
A 180 500 10 0 3 0 PINTYPE=BI
P 159 215 490 185 490 0 3 0
A 190 490 10 0 3 3 #=AL38
L 180 490 10 0 8 0 1 0  GND_AL38
A 180 490 10 0 3 0 PINTYPE=BI
P 160 215 480 185 480 0 3 0
A 190 480 10 0 3 3 #=AL39
L 180 480 10 0 8 0 1 0  GND_AL39
A 180 480 10 0 3 0 PINTYPE=BI
P 161 215 470 185 470 0 3 0
A 190 470 10 0 3 3 #=AL40
L 180 470 10 0 8 0 1 0  GND_AL40
A 180 470 10 0 3 0 PINTYPE=BI
P 162 215 460 185 460 0 3 0
A 190 460 10 0 3 3 #=AL41
L 180 460 10 0 8 0 1 0  GND_AL41
A 180 460 10 0 3 0 PINTYPE=BI
P 163 215 450 185 450 0 3 0
A 190 450 10 0 3 3 #=AL42
L 180 450 10 0 8 0 1 0  GND_AL42
A 180 450 10 0 3 0 PINTYPE=BI
P 164 215 440 185 440 0 3 0
A 190 440 10 0 3 3 #=AM23
L 180 440 10 0 8 0 1 0  GND_AM23
A 180 440 10 0 3 0 PINTYPE=BI
P 165 215 430 185 430 0 3 0
A 190 430 10 0 3 3 #=AM24
L 180 430 10 0 8 0 1 0  GND_AM24
A 180 430 10 0 3 0 PINTYPE=BI
P 166 215 420 185 420 0 3 0
A 190 420 10 0 3 3 #=AM25
L 180 420 10 0 8 0 1 0  GND_AM25
A 180 420 10 0 3 0 PINTYPE=BI
P 167 215 410 185 410 0 3 0
A 190 410 10 0 3 3 #=AM26
L 180 410 10 0 8 0 1 0  GND_AM26
A 180 410 10 0 3 0 PINTYPE=BI
P 168 215 400 185 400 0 3 0
A 190 400 10 0 3 3 #=AM27
L 180 400 10 0 8 0 1 0  GND_AM27
A 180 400 10 0 3 0 PINTYPE=BI
P 169 215 390 185 390 0 3 0
A 190 390 10 0 3 3 #=AM28
L 180 390 10 0 8 0 1 0  GND_AM28
A 180 390 10 0 3 0 PINTYPE=BI
P 170 215 380 185 380 0 3 0
A 190 380 10 0 3 3 #=AM29
L 180 380 10 0 8 0 1 0  GND_AM29
A 180 380 10 0 3 0 PINTYPE=BI
P 171 215 370 185 370 0 3 0
A 190 370 10 0 3 3 #=AM30
L 180 370 10 0 8 0 1 0  GND_AM30
A 180 370 10 0 3 0 PINTYPE=BI
P 172 215 360 185 360 0 3 0
A 190 360 10 0 3 3 #=AM32
L 180 360 10 0 8 0 1 0  GND_AM32
A 180 360 10 0 3 0 PINTYPE=BI
P 173 215 350 185 350 0 3 0
A 190 350 10 0 3 3 #=AM33
L 180 350 10 0 8 0 1 0  GND_AM33
A 180 350 10 0 3 0 PINTYPE=BI
P 174 215 340 185 340 0 3 0
A 190 340 10 0 3 3 #=AM34
L 180 340 10 0 8 0 1 0  GND_AM34
A 180 340 10 0 3 0 PINTYPE=BI
P 175 215 330 185 330 0 3 0
A 190 330 10 0 3 3 #=AM35
L 180 330 10 0 8 0 1 0  GND_AM35
A 180 330 10 0 3 0 PINTYPE=BI
P 176 215 320 185 320 0 3 0
A 190 320 10 0 3 3 #=AM36
L 180 320 10 0 8 0 1 0  GND_AM36
A 180 320 10 0 3 0 PINTYPE=BI
P 177 215 310 185 310 0 3 0
A 190 310 10 0 3 3 #=AM37
L 180 310 10 0 8 0 1 0  GND_AM37
A 180 310 10 0 3 0 PINTYPE=BI
P 178 215 300 185 300 0 3 0
A 190 300 10 0 3 3 #=AM38
L 180 300 10 0 8 0 1 0  GND_AM38
A 180 300 10 0 3 0 PINTYPE=BI
P 179 215 290 185 290 0 3 0
A 190 290 10 0 3 3 #=AM39
L 180 290 10 0 8 0 1 0  GND_AM39
A 180 290 10 0 3 0 PINTYPE=BI
P 180 215 280 185 280 0 3 0
A 190 280 10 0 3 3 #=AM42
L 180 280 10 0 8 0 1 0  GND_AM42
A 180 280 10 0 3 0 PINTYPE=BI
P 181 215 270 185 270 0 3 0
A 190 270 10 0 3 3 #=AM43
L 180 270 10 0 8 0 1 0  GND_AM43
A 180 270 10 0 3 0 PINTYPE=BI
P 182 215 260 185 260 0 3 0
A 190 260 10 0 3 3 #=AM44
L 180 260 10 0 8 0 1 0  GND_AM44
A 180 260 10 0 3 0 PINTYPE=BI
P 183 215 250 185 250 0 3 0
A 190 250 10 0 3 3 #=AN23
L 180 250 10 0 8 0 1 0  GND_AN23
A 180 250 10 0 3 0 PINTYPE=BI
P 184 215 240 185 240 0 3 0
A 190 240 10 0 3 3 #=AN24
L 180 240 10 0 8 0 1 0  GND_AN24
A 180 240 10 0 3 0 PINTYPE=BI
P 185 215 230 185 230 0 3 0
A 190 230 10 0 3 3 #=AN25
L 180 230 10 0 8 0 1 0  GND_AN25
A 180 230 10 0 3 0 PINTYPE=BI
P 186 215 220 185 220 0 3 0
A 190 220 10 0 3 3 #=AN26
L 180 220 10 0 8 0 1 0  GND_AN26
A 180 220 10 0 3 0 PINTYPE=BI
P 187 215 210 185 210 0 3 0
A 190 210 10 0 3 3 #=AN27
L 180 210 10 0 8 0 1 0  GND_AN27
A 180 210 10 0 3 0 PINTYPE=BI
P 188 215 200 185 200 0 3 0
A 190 200 10 0 3 3 #=AN28
L 180 200 10 0 8 0 1 0  GND_AN28
A 180 200 10 0 3 0 PINTYPE=BI
P 189 215 190 185 190 0 3 0
A 190 190 10 0 3 3 #=AN29
L 180 190 10 0 8 0 1 0  GND_AN29
A 180 190 10 0 3 0 PINTYPE=BI
P 190 215 180 185 180 0 3 0
A 190 180 10 0 3 3 #=AN30
L 180 180 10 0 8 0 1 0  GND_AN30
A 180 180 10 0 3 0 PINTYPE=BI
P 191 215 170 185 170 0 3 0
A 190 170 10 0 3 3 #=AN31
L 180 170 10 0 8 0 1 0  GND_AN31
A 180 170 10 0 3 0 PINTYPE=BI
P 192 215 160 185 160 0 3 0
A 190 160 10 0 3 3 #=AN32
L 180 160 10 0 8 0 1 0  GND_AN32
A 180 160 10 0 3 0 PINTYPE=BI
P 193 215 150 185 150 0 3 0
A 190 150 10 0 3 3 #=AN33
L 180 150 10 0 8 0 1 0  GND_AN33
A 180 150 10 0 3 0 PINTYPE=BI
P 194 215 140 185 140 0 3 0
A 190 140 10 0 3 3 #=AN34
L 180 140 10 0 8 0 1 0  GND_AN34
A 180 140 10 0 3 0 PINTYPE=BI
P 195 215 130 185 130 0 3 0
A 190 130 10 0 3 3 #=AN35
L 180 130 10 0 8 0 1 0  GND_AN35
A 180 130 10 0 3 0 PINTYPE=BI
P 196 215 120 185 120 0 3 0
A 190 120 10 0 3 3 #=AN36
L 180 120 10 0 8 0 1 0  GND_AN36
A 180 120 10 0 3 0 PINTYPE=BI
P 197 215 110 185 110 0 3 0
A 190 110 10 0 3 3 #=AN37
L 180 110 10 0 8 0 1 0  GND_AN37
A 180 110 10 0 3 0 PINTYPE=BI
P 198 215 100 185 100 0 3 0
A 190 100 10 0 3 3 #=AN38
L 180 100 10 0 8 0 1 0  GND_AN38
A 180 100 10 0 3 0 PINTYPE=BI
P 199 215 90 185 90 0 3 0
A 190 90 10 0 3 3 #=AN39
L 180 90 10 0 8 0 1 0  GND_AN39
A 180 90 10 0 3 0 PINTYPE=BI
P 200 215 80 185 80 0 3 0
A 190 80 10 0 3 3 #=AN40
L 180 80 10 0 8 0 1 0  GND_AN40
A 180 80 10 0 3 0 PINTYPE=BI
T 110 1120 20 0 5 GND_D_1
T 110 1100 20 0 5 GTMFF1924
U 30 1140 10 0 3 3 DEVICE=XXXXXXX
U 30 50 16 0 1 3 REFDES=U?
U 185 35 10 0 9 3 PKG_TYPE=XXXXXXX
U 0 0 10 0 3 0 HETERO=gtmff1924A_POWER_A,gtmff1924A_JTAG_A,gtmff1924A_VCO_A,gtmff1924A_MEM_A,gtmff1924A_SCAN_A,gtmff1924A_GTM_A,gtmff1924A_ESD_A,gtmff1924A_GND_A_1,gtmff1924A_GND_A_2,gtmff1924A_POWER_C,gtmff1924A_JTAG_C,gtmff1924A_VCO_C,gtmff1924A_MEM_C,gtmff1924A_SCAN_C,gtmff1924A_GTM_C,gtmff1924A_ESD_C,gtmff1924A_GND_C_1,gtmff1924A_GND_C_2,gtmff1924A_POWER_B,gtmff1924A_JTAG_B,gtmff1924A_VCO_B,gtmff1924A_MEM_B,gtmff1924A_SCAN_B,gtmff1924A_GTM_B,gtmff1924A_ESD_B,gtmff1924A_GND_B_1,gtmff1924A_GND_B_2,gtmff1924A_POWER_D,gtmff1924A_JTAG_D,gtmff1924A_VCO_D,gtmff1924A_MEM_D,gtmff1924A_SCAN_D,gtmff1924A_GTM_D,gtmff1924A_ESD_D,gtmff1924A_GND_D_1,gtmff1924A_GND_D_2
E