V 50
K 153165148200 gtmff1924
Y 1
D 0 0 215 1190
Z 10
i 946
b 30 50 185 1140
P 1 0 1070 30 1070 0 2 0
A 25 1070 10 0 9 3 #=AN41
L 35 1070 10 0 2 0 1 0  GND_AN41
A 25 1070 10 0 9 0 PINTYPE=BI
P 2 0 1060 30 1060 0 2 0
A 25 1060 10 0 9 3 #=AN42
L 35 1060 10 0 2 0 1 0  GND_AN42
A 25 1060 10 0 9 0 PINTYPE=BI
P 3 0 1050 30 1050 0 2 0
A 25 1050 10 0 9 3 #=AP23
L 35 1050 10 0 2 0 1 0  GND_AP23
A 25 1050 10 0 9 0 PINTYPE=BI
P 4 0 1040 30 1040 0 2 0
A 25 1040 10 0 9 3 #=AP24
L 35 1040 10 0 2 0 1 0  GND_AP24
A 25 1040 10 0 9 0 PINTYPE=BI
P 5 0 1030 30 1030 0 2 0
A 25 1030 10 0 9 3 #=AP25
L 35 1030 10 0 2 0 1 0  GND_AP25
A 25 1030 10 0 9 0 PINTYPE=BI
P 6 0 1020 30 1020 0 2 0
A 25 1020 10 0 9 3 #=AP26
L 35 1020 10 0 2 0 1 0  GND_AP26
A 25 1020 10 0 9 0 PINTYPE=BI
P 7 0 1010 30 1010 0 2 0
A 25 1010 10 0 9 3 #=AP27
L 35 1010 10 0 2 0 1 0  GND_AP27
A 25 1010 10 0 9 0 PINTYPE=BI
P 8 0 1000 30 1000 0 2 0
A 25 1000 10 0 9 3 #=AP28
L 35 1000 10 0 2 0 1 0  GND_AP28
A 25 1000 10 0 9 0 PINTYPE=BI
P 9 0 990 30 990 0 2 0
A 25 990 10 0 9 3 #=AP29
L 35 990 10 0 2 0 1 0  GND_AP29
A 25 990 10 0 9 0 PINTYPE=BI
P 10 0 980 30 980 0 2 0
A 25 980 10 0 9 3 #=AP30
L 35 980 10 0 2 0 1 0  GND_AP30
A 25 980 10 0 9 0 PINTYPE=BI
P 11 0 970 30 970 0 2 0
A 25 970 10 0 9 3 #=AP31
L 35 970 10 0 2 0 1 0  GND_AP31
A 25 970 10 0 9 0 PINTYPE=BI
P 12 0 960 30 960 0 2 0
A 25 960 10 0 9 3 #=AP32
L 35 960 10 0 2 0 1 0  GND_AP32
A 25 960 10 0 9 0 PINTYPE=BI
P 13 0 950 30 950 0 2 0
A 25 950 10 0 9 3 #=AP33
L 35 950 10 0 2 0 1 0  GND_AP33
A 25 950 10 0 9 0 PINTYPE=BI
P 14 0 940 30 940 0 2 0
A 25 940 10 0 9 3 #=AP34
L 35 940 10 0 2 0 1 0  GND_AP34
A 25 940 10 0 9 0 PINTYPE=BI
P 15 0 930 30 930 0 2 0
A 25 930 10 0 9 3 #=AP35
L 35 930 10 0 2 0 1 0  GND_AP35
A 25 930 10 0 9 0 PINTYPE=BI
P 16 0 920 30 920 0 2 0
A 25 920 10 0 9 3 #=AP36
L 35 920 10 0 2 0 1 0  GND_AP36
A 25 920 10 0 9 0 PINTYPE=BI
P 17 0 910 30 910 0 2 0
A 25 910 10 0 9 3 #=AP37
L 35 910 10 0 2 0 1 0  GND_AP37
A 25 910 10 0 9 0 PINTYPE=BI
P 18 0 900 30 900 0 2 0
A 25 900 10 0 9 3 #=AP38
L 35 900 10 0 2 0 1 0  GND_AP38
A 25 900 10 0 9 0 PINTYPE=BI
P 19 0 890 30 890 0 2 0
A 25 890 10 0 9 3 #=AP39
L 35 890 10 0 2 0 1 0  GND_AP39
A 25 890 10 0 9 0 PINTYPE=BI
P 20 0 880 30 880 0 2 0
A 25 880 10 0 9 3 #=AP42
L 35 880 10 0 2 0 1 0  GND_AP42
A 25 880 10 0 9 0 PINTYPE=BI
P 21 0 870 30 870 0 2 0
A 25 870 10 0 9 3 #=AP43
L 35 870 10 0 2 0 1 0  GND_AP43
A 25 870 10 0 9 0 PINTYPE=BI
P 22 0 860 30 860 0 2 0
A 25 860 10 0 9 3 #=AP44
L 35 860 10 0 2 0 1 0  GND_AP44
A 25 860 10 0 9 0 PINTYPE=BI
P 23 0 850 30 850 0 2 0
A 25 850 10 0 9 3 #=AR23
L 35 850 10 0 2 0 1 0  GND_AR23
A 25 850 10 0 9 0 PINTYPE=BI
P 24 0 840 30 840 0 2 0
A 25 840 10 0 9 3 #=AR24
L 35 840 10 0 2 0 1 0  GND_AR24
A 25 840 10 0 9 0 PINTYPE=BI
P 25 0 830 30 830 0 2 0
A 25 830 10 0 9 3 #=AR25
L 35 830 10 0 2 0 1 0  GND_AR25
A 25 830 10 0 9 0 PINTYPE=BI
P 26 0 820 30 820 0 2 0
A 25 820 10 0 9 3 #=AR26
L 35 820 10 0 2 0 1 0  GND_AR26
A 25 820 10 0 9 0 PINTYPE=BI
P 27 0 810 30 810 0 2 0
A 25 810 10 0 9 3 #=AR27
L 35 810 10 0 2 0 1 0  GND_AR27
A 25 810 10 0 9 0 PINTYPE=BI
P 28 0 800 30 800 0 2 0
A 25 800 10 0 9 3 #=AR28
L 35 800 10 0 2 0 1 0  GND_AR28
A 25 800 10 0 9 0 PINTYPE=BI
P 29 0 790 30 790 0 2 0
A 25 790 10 0 9 3 #=AR29
L 35 790 10 0 2 0 1 0  GND_AR29
A 25 790 10 0 9 0 PINTYPE=BI
P 30 0 780 30 780 0 2 0
A 25 780 10 0 9 3 #=AR30
L 35 780 10 0 2 0 1 0  GND_AR30
A 25 780 10 0 9 0 PINTYPE=BI
P 31 0 770 30 770 0 2 0
A 25 770 10 0 9 3 #=AR31
L 35 770 10 0 2 0 1 0  GND_AR31
A 25 770 10 0 9 0 PINTYPE=BI
P 32 0 760 30 760 0 2 0
A 25 760 10 0 9 3 #=AR32
L 35 760 10 0 2 0 1 0  GND_AR32
A 25 760 10 0 9 0 PINTYPE=BI
P 33 0 750 30 750 0 2 0
A 25 750 10 0 9 3 #=AR33
L 35 750 10 0 2 0 1 0  GND_AR33
A 25 750 10 0 9 0 PINTYPE=BI
P 34 0 740 30 740 0 2 0
A 25 740 10 0 9 3 #=AR34
L 35 740 10 0 2 0 1 0  GND_AR34
A 25 740 10 0 9 0 PINTYPE=BI
P 35 0 730 30 730 0 2 0
A 25 730 10 0 9 3 #=AR35
L 35 730 10 0 2 0 1 0  GND_AR35
A 25 730 10 0 9 0 PINTYPE=BI
P 36 0 720 30 720 0 2 0
A 25 720 10 0 9 3 #=AR36
L 35 720 10 0 2 0 1 0  GND_AR36
A 25 720 10 0 9 0 PINTYPE=BI
P 37 0 710 30 710 0 2 0
A 25 710 10 0 9 3 #=AR37
L 35 710 10 0 2 0 1 0  GND_AR37
A 25 710 10 0 9 0 PINTYPE=BI
P 38 0 700 30 700 0 2 0
A 25 700 10 0 9 3 #=AR38
L 35 700 10 0 2 0 1 0  GND_AR38
A 25 700 10 0 9 0 PINTYPE=BI
P 39 0 690 30 690 0 2 0
A 25 690 10 0 9 3 #=AR39
L 35 690 10 0 2 0 1 0  GND_AR39
A 25 690 10 0 9 0 PINTYPE=BI
P 40 0 680 30 680 0 2 0
A 25 680 10 0 9 3 #=AR40
L 35 680 10 0 2 0 1 0  GND_AR40
A 25 680 10 0 9 0 PINTYPE=BI
P 41 0 670 30 670 0 2 0
A 25 670 10 0 9 3 #=AR41
L 35 670 10 0 2 0 1 0  GND_AR41
A 25 670 10 0 9 0 PINTYPE=BI
P 42 0 660 30 660 0 2 0
A 25 660 10 0 9 3 #=AR42
L 35 660 10 0 2 0 1 0  GND_AR42
A 25 660 10 0 9 0 PINTYPE=BI
P 43 0 650 30 650 0 2 0
A 25 650 10 0 9 3 #=AT23
L 35 650 10 0 2 0 1 0  GND_AT23
A 25 650 10 0 9 0 PINTYPE=BI
P 44 0 640 30 640 0 2 0
A 25 640 10 0 9 3 #=AT24
L 35 640 10 0 2 0 1 0  GND_AT24
A 25 640 10 0 9 0 PINTYPE=BI
P 45 0 630 30 630 0 2 0
A 25 630 10 0 9 3 #=AT25
L 35 630 10 0 2 0 1 0  GND_AT25
A 25 630 10 0 9 0 PINTYPE=BI
P 46 0 620 30 620 0 2 0
A 25 620 10 0 9 3 #=AT26
L 35 620 10 0 2 0 1 0  GND_AT26
A 25 620 10 0 9 0 PINTYPE=BI
P 47 0 610 30 610 0 2 0
A 25 610 10 0 9 3 #=AT27
L 35 610 10 0 2 0 1 0  GND_AT27
A 25 610 10 0 9 0 PINTYPE=BI
P 48 0 600 30 600 0 2 0
A 25 600 10 0 9 3 #=AT28
L 35 600 10 0 2 0 1 0  GND_AT28
A 25 600 10 0 9 0 PINTYPE=BI
P 49 0 590 30 590 0 2 0
A 25 590 10 0 9 3 #=AT29
L 35 590 10 0 2 0 1 0  GND_AT29
A 25 590 10 0 9 0 PINTYPE=BI
P 50 0 580 30 580 0 2 0
A 25 580 10 0 9 3 #=AT30
L 35 580 10 0 2 0 1 0  GND_AT30
A 25 580 10 0 9 0 PINTYPE=BI
P 51 0 570 30 570 0 2 0
A 25 570 10 0 9 3 #=AT31
L 35 570 10 0 2 0 1 0  GND_AT31
A 25 570 10 0 9 0 PINTYPE=BI
P 52 0 560 30 560 0 2 0
A 25 560 10 0 9 3 #=AT32
L 35 560 10 0 2 0 1 0  GND_AT32
A 25 560 10 0 9 0 PINTYPE=BI
P 53 0 550 30 550 0 2 0
A 25 550 10 0 9 3 #=AT33
L 35 550 10 0 2 0 1 0  GND_AT33
A 25 550 10 0 9 0 PINTYPE=BI
P 54 0 540 30 540 0 2 0
A 25 540 10 0 9 3 #=AT34
L 35 540 10 0 2 0 1 0  GND_AT34
A 25 540 10 0 9 0 PINTYPE=BI
P 55 0 530 30 530 0 2 0
A 25 530 10 0 9 3 #=AT35
L 35 530 10 0 2 0 1 0  GND_AT35
A 25 530 10 0 9 0 PINTYPE=BI
P 56 0 520 30 520 0 2 0
A 25 520 10 0 9 3 #=AT36
L 35 520 10 0 2 0 1 0  GND_AT36
A 25 520 10 0 9 0 PINTYPE=BI
P 57 0 510 30 510 0 2 0
A 25 510 10 0 9 3 #=AT37
L 35 510 10 0 2 0 1 0  GND_AT37
A 25 510 10 0 9 0 PINTYPE=BI
P 58 0 500 30 500 0 2 0
A 25 500 10 0 9 3 #=AT38
L 35 500 10 0 2 0 1 0  GND_AT38
A 25 500 10 0 9 0 PINTYPE=BI
P 59 0 490 30 490 0 2 0
A 25 490 10 0 9 3 #=AT39
L 35 490 10 0 2 0 1 0  GND_AT39
A 25 490 10 0 9 0 PINTYPE=BI
P 60 0 480 30 480 0 2 0
A 25 480 10 0 9 3 #=AT40
L 35 480 10 0 2 0 1 0  GND_AT40
A 25 480 10 0 9 0 PINTYPE=BI
P 61 0 470 30 470 0 2 0
A 25 470 10 0 9 3 #=AT41
L 35 470 10 0 2 0 1 0  GND_AT41
A 25 470 10 0 9 0 PINTYPE=BI
P 62 0 460 30 460 0 2 0
A 25 460 10 0 9 3 #=AT42
L 35 460 10 0 2 0 1 0  GND_AT42
A 25 460 10 0 9 0 PINTYPE=BI
P 63 0 450 30 450 0 2 0
A 25 450 10 0 9 3 #=AT43
L 35 450 10 0 2 0 1 0  GND_AT43
A 25 450 10 0 9 0 PINTYPE=BI
P 64 0 440 30 440 0 2 0
A 25 440 10 0 9 3 #=AT44
L 35 440 10 0 2 0 1 0  GND_AT44
A 25 440 10 0 9 0 PINTYPE=BI
P 65 0 430 30 430 0 2 0
A 25 430 10 0 9 3 #=AU23
L 35 430 10 0 2 0 1 0  GND_AU23
A 25 430 10 0 9 0 PINTYPE=BI
P 66 0 420 30 420 0 2 0
A 25 420 10 0 9 3 #=AU24
L 35 420 10 0 2 0 1 0  GND_AU24
A 25 420 10 0 9 0 PINTYPE=BI
P 67 0 410 30 410 0 2 0
A 25 410 10 0 9 3 #=AU25
L 35 410 10 0 2 0 1 0  GND_AU25
A 25 410 10 0 9 0 PINTYPE=BI
P 68 0 400 30 400 0 2 0
A 25 400 10 0 9 3 #=AU26
L 35 400 10 0 2 0 1 0  GND_AU26
A 25 400 10 0 9 0 PINTYPE=BI
P 69 0 390 30 390 0 2 0
A 25 390 10 0 9 3 #=AU27
L 35 390 10 0 2 0 1 0  GND_AU27
A 25 390 10 0 9 0 PINTYPE=BI
P 70 0 380 30 380 0 2 0
A 25 380 10 0 9 3 #=AU28
L 35 380 10 0 2 0 1 0  GND_AU28
A 25 380 10 0 9 0 PINTYPE=BI
P 71 0 370 30 370 0 2 0
A 25 370 10 0 9 3 #=AU29
L 35 370 10 0 2 0 1 0  GND_AU29
A 25 370 10 0 9 0 PINTYPE=BI
P 72 0 360 30 360 0 2 0
A 25 360 10 0 9 3 #=AU31
L 35 360 10 0 2 0 1 0  GND_AU31
A 25 360 10 0 9 0 PINTYPE=BI
P 73 0 350 30 350 0 2 0
A 25 350 10 0 9 3 #=AU32
L 35 350 10 0 2 0 1 0  GND_AU32
A 25 350 10 0 9 0 PINTYPE=BI
P 74 0 340 30 340 0 2 0
A 25 340 10 0 9 3 #=AU33
L 35 340 10 0 2 0 1 0  GND_AU33
A 25 340 10 0 9 0 PINTYPE=BI
P 75 0 330 30 330 0 2 0
A 25 330 10 0 9 3 #=AU34
L 35 330 10 0 2 0 1 0  GND_AU34
A 25 330 10 0 9 0 PINTYPE=BI
P 76 0 320 30 320 0 2 0
A 25 320 10 0 9 3 #=AU35
L 35 320 10 0 2 0 1 0  GND_AU35
A 25 320 10 0 9 0 PINTYPE=BI
P 77 0 310 30 310 0 2 0
A 25 310 10 0 9 3 #=AU36
L 35 310 10 0 2 0 1 0  GND_AU36
A 25 310 10 0 9 0 PINTYPE=BI
P 78 0 300 30 300 0 2 0
A 25 300 10 0 9 3 #=AU37
L 35 300 10 0 2 0 1 0  GND_AU37
A 25 300 10 0 9 0 PINTYPE=BI
P 79 0 290 30 290 0 2 0
A 25 290 10 0 9 3 #=AU38
L 35 290 10 0 2 0 1 0  GND_AU38
A 25 290 10 0 9 0 PINTYPE=BI
P 80 0 280 30 280 0 2 0
A 25 280 10 0 9 3 #=AU39
L 35 280 10 0 2 0 1 0  GND_AU39
A 25 280 10 0 9 0 PINTYPE=BI
P 81 0 270 30 270 0 2 0
A 25 270 10 0 9 3 #=AU40
L 35 270 10 0 2 0 1 0  GND_AU40
A 25 270 10 0 9 0 PINTYPE=BI
P 82 0 260 30 260 0 2 0
A 25 260 10 0 9 3 #=AU41
L 35 260 10 0 2 0 1 0  GND_AU41
A 25 260 10 0 9 0 PINTYPE=BI
P 83 0 250 30 250 0 2 0
A 25 250 10 0 9 3 #=AU42
L 35 250 10 0 2 0 1 0  GND_AU42
A 25 250 10 0 9 0 PINTYPE=BI
P 84 0 240 30 240 0 2 0
A 25 240 10 0 9 3 #=AU43
L 35 240 10 0 2 0 1 0  GND_AU43
A 25 240 10 0 9 0 PINTYPE=BI
P 85 0 230 30 230 0 2 0
A 25 230 10 0 9 3 #=AU44
L 35 230 10 0 2 0 1 0  GND_AU44
A 25 230 10 0 9 0 PINTYPE=BI
P 86 0 220 30 220 0 2 0
A 25 220 10 0 9 3 #=AV23
L 35 220 10 0 2 0 1 0  GND_AV23
A 25 220 10 0 9 0 PINTYPE=BI
P 87 0 210 30 210 0 2 0
A 25 210 10 0 9 3 #=AV31
L 35 210 10 0 2 0 1 0  GND_AV31
A 25 210 10 0 9 0 PINTYPE=BI
P 88 0 200 30 200 0 2 0
A 25 200 10 0 9 3 #=AV32
L 35 200 10 0 2 0 1 0  GND_AV32
A 25 200 10 0 9 0 PINTYPE=BI
P 89 0 190 30 190 0 2 0
A 25 190 10 0 9 3 #=AV35
L 35 190 10 0 2 0 1 0  GND_AV35
A 25 190 10 0 9 0 PINTYPE=BI
P 90 0 180 30 180 0 2 0
A 25 180 10 0 9 3 #=AV36
L 35 180 10 0 2 0 1 0  GND_AV36
A 25 180 10 0 9 0 PINTYPE=BI
P 91 0 170 30 170 0 2 0
A 25 170 10 0 9 3 #=AV37
L 35 170 10 0 2 0 1 0  GND_AV37
A 25 170 10 0 9 0 PINTYPE=BI
P 92 0 160 30 160 0 2 0
A 25 160 10 0 9 3 #=AV38
L 35 160 10 0 2 0 1 0  GND_AV38
A 25 160 10 0 9 0 PINTYPE=BI
P 93 0 150 30 150 0 2 0
A 25 150 10 0 9 3 #=AV39
L 35 150 10 0 2 0 1 0  GND_AV39
A 25 150 10 0 9 0 PINTYPE=BI
P 94 0 140 30 140 0 2 0
A 25 140 10 0 9 3 #=AV40
L 35 140 10 0 2 0 1 0  GND_AV40
A 25 140 10 0 9 0 PINTYPE=BI
P 95 0 130 30 130 0 2 0
A 25 130 10 0 9 3 #=AV41
L 35 130 10 0 2 0 1 0  GND_AV41
A 25 130 10 0 9 0 PINTYPE=BI
P 96 0 120 30 120 0 2 0
A 25 120 10 0 9 3 #=AV42
L 35 120 10 0 2 0 1 0  GND_AV42
A 25 120 10 0 9 0 PINTYPE=BI
P 97 0 110 30 110 0 2 0
A 25 110 10 0 9 3 #=AV43
L 35 110 10 0 2 0 1 0  GND_AV43
A 25 110 10 0 9 0 PINTYPE=BI
P 98 0 100 30 100 0 2 0
A 25 100 10 0 9 3 #=AV44
L 35 100 10 0 2 0 1 0  GND_AV44
A 25 100 10 0 9 0 PINTYPE=BI
P 99 0 90 30 90 0 2 0
A 25 90 10 0 9 3 #=AW23
L 35 90 10 0 2 0 1 0  GND_AW23
A 25 90 10 0 9 0 PINTYPE=BI
P 100 0 80 30 80 0 2 0
A 25 80 10 0 9 3 #=AW29
L 35 80 10 0 2 0 1 0  GND_AW29
A 25 80 10 0 9 0 PINTYPE=BI
P 101 215 1070 185 1070 0 3 0
A 190 1070 10 0 3 3 #=AW31
L 180 1070 10 0 8 0 1 0  GND_AW31
A 180 1070 10 0 3 0 PINTYPE=BI
P 102 215 1060 185 1060 0 3 0
A 190 1060 10 0 3 3 #=AW32
L 180 1060 10 0 8 0 1 0  GND_AW32
A 180 1060 10 0 3 0 PINTYPE=BI
P 103 215 1050 185 1050 0 3 0
A 190 1050 10 0 3 3 #=AW33
L 180 1050 10 0 8 0 1 0  GND_AW33
A 180 1050 10 0 3 0 PINTYPE=BI
P 104 215 1040 185 1040 0 3 0
A 190 1040 10 0 3 3 #=AW34
L 180 1040 10 0 8 0 1 0  GND_AW34
A 180 1040 10 0 3 0 PINTYPE=BI
P 105 215 1030 185 1030 0 3 0
A 190 1030 10 0 3 3 #=AW35
L 180 1030 10 0 8 0 1 0  GND_AW35
A 180 1030 10 0 3 0 PINTYPE=BI
P 106 215 1020 185 1020 0 3 0
A 190 1020 10 0 3 3 #=AW36
L 180 1020 10 0 8 0 1 0  GND_AW36
A 180 1020 10 0 3 0 PINTYPE=BI
P 107 215 1010 185 1010 0 3 0
A 190 1010 10 0 3 3 #=AW37
L 180 1010 10 0 8 0 1 0  GND_AW37
A 180 1010 10 0 3 0 PINTYPE=BI
P 108 215 1000 185 1000 0 3 0
A 190 1000 10 0 3 3 #=AW38
L 180 1000 10 0 8 0 1 0  GND_AW38
A 180 1000 10 0 3 0 PINTYPE=BI
P 109 215 990 185 990 0 3 0
A 190 990 10 0 3 3 #=AW39
L 180 990 10 0 8 0 1 0  GND_AW39
A 180 990 10 0 3 0 PINTYPE=BI
P 110 215 980 185 980 0 3 0
A 190 980 10 0 3 3 #=AW40
L 180 980 10 0 8 0 1 0  GND_AW40
A 180 980 10 0 3 0 PINTYPE=BI
P 111 215 970 185 970 0 3 0
A 190 970 10 0 3 3 #=AW41
L 180 970 10 0 8 0 1 0  GND_AW41
A 180 970 10 0 3 0 PINTYPE=BI
P 112 215 960 185 960 0 3 0
A 190 960 10 0 3 3 #=AW42
L 180 960 10 0 8 0 1 0  GND_AW42
A 180 960 10 0 3 0 PINTYPE=BI
P 113 215 950 185 950 0 3 0
A 190 950 10 0 3 3 #=AW43
L 180 950 10 0 8 0 1 0  GND_AW43
A 180 950 10 0 3 0 PINTYPE=BI
P 114 215 940 185 940 0 3 0
A 190 940 10 0 3 3 #=AW44
L 180 940 10 0 8 0 1 0  GND_AW44
A 180 940 10 0 3 0 PINTYPE=BI
P 115 215 930 185 930 0 3 0
A 190 930 10 0 3 3 #=AY23
L 180 930 10 0 8 0 1 0  GND_AY23
A 180 930 10 0 3 0 PINTYPE=BI
P 116 215 920 185 920 0 3 0
A 190 920 10 0 3 3 #=AY26
L 180 920 10 0 8 0 1 0  GND_AY26
A 180 920 10 0 3 0 PINTYPE=BI
P 117 215 910 185 910 0 3 0
A 190 910 10 0 3 3 #=AY34
L 180 910 10 0 8 0 1 0  GND_AY34
A 180 910 10 0 3 0 PINTYPE=BI
P 118 215 900 185 900 0 3 0
A 190 900 10 0 3 3 #=AY35
L 180 900 10 0 8 0 1 0  GND_AY35
A 180 900 10 0 3 0 PINTYPE=BI
P 119 215 890 185 890 0 3 0
A 190 890 10 0 3 3 #=AY36
L 180 890 10 0 8 0 1 0  GND_AY36
A 180 890 10 0 3 0 PINTYPE=BI
P 120 215 880 185 880 0 3 0
A 190 880 10 0 3 3 #=AY37
L 180 880 10 0 8 0 1 0  GND_AY37
A 180 880 10 0 3 0 PINTYPE=BI
P 121 215 870 185 870 0 3 0
A 190 870 10 0 3 3 #=AY38
L 180 870 10 0 8 0 1 0  GND_AY38
A 180 870 10 0 3 0 PINTYPE=BI
P 122 215 860 185 860 0 3 0
A 190 860 10 0 3 3 #=AY39
L 180 860 10 0 8 0 1 0  GND_AY39
A 180 860 10 0 3 0 PINTYPE=BI
P 123 215 850 185 850 0 3 0
A 190 850 10 0 3 3 #=AY40
L 180 850 10 0 8 0 1 0  GND_AY40
A 180 850 10 0 3 0 PINTYPE=BI
P 124 215 840 185 840 0 3 0
A 190 840 10 0 3 3 #=AY41
L 180 840 10 0 8 0 1 0  GND_AY41
A 180 840 10 0 3 0 PINTYPE=BI
P 125 215 830 185 830 0 3 0
A 190 830 10 0 3 3 #=AY42
L 180 830 10 0 8 0 1 0  GND_AY42
A 180 830 10 0 3 0 PINTYPE=BI
P 126 215 820 185 820 0 3 0
A 190 820 10 0 3 3 #=AY43
L 180 820 10 0 8 0 1 0  GND_AY43
A 180 820 10 0 3 0 PINTYPE=BI
P 127 215 810 185 810 0 3 0
A 190 810 10 0 3 3 #=AY44
L 180 810 10 0 8 0 1 0  GND_AY44
A 180 810 10 0 3 0 PINTYPE=BI
P 128 215 800 185 800 0 3 0
A 190 800 10 0 3 3 #=BA23
L 180 800 10 0 8 0 1 0  GND_BA23
A 180 800 10 0 3 0 PINTYPE=BI
P 129 215 790 185 790 0 3 0
A 190 790 10 0 3 3 #=BA33
L 180 790 10 0 8 0 1 0  GND_BA33
A 180 790 10 0 3 0 PINTYPE=BI
P 130 215 780 185 780 0 3 0
A 190 780 10 0 3 3 #=BA35
L 180 780 10 0 8 0 1 0  GND_BA35
A 180 780 10 0 3 0 PINTYPE=BI
P 131 215 770 185 770 0 3 0
A 190 770 10 0 3 3 #=BA36
L 180 770 10 0 8 0 1 0  GND_BA36
A 180 770 10 0 3 0 PINTYPE=BI
P 132 215 760 185 760 0 3 0
A 190 760 10 0 3 3 #=BA37
L 180 760 10 0 8 0 1 0  GND_BA37
A 180 760 10 0 3 0 PINTYPE=BI
P 133 215 750 185 750 0 3 0
A 190 750 10 0 3 3 #=BA38
L 180 750 10 0 8 0 1 0  GND_BA38
A 180 750 10 0 3 0 PINTYPE=BI
P 134 215 740 185 740 0 3 0
A 190 740 10 0 3 3 #=BA39
L 180 740 10 0 8 0 1 0  GND_BA39
A 180 740 10 0 3 0 PINTYPE=BI
P 135 215 730 185 730 0 3 0
A 190 730 10 0 3 3 #=BA40
L 180 730 10 0 8 0 1 0  GND_BA40
A 180 730 10 0 3 0 PINTYPE=BI
P 136 215 720 185 720 0 3 0
A 190 720 10 0 3 3 #=BA41
L 180 720 10 0 8 0 1 0  GND_BA41
A 180 720 10 0 3 0 PINTYPE=BI
P 137 215 710 185 710 0 3 0
A 190 710 10 0 3 3 #=BA42
L 180 710 10 0 8 0 1 0  GND_BA42
A 180 710 10 0 3 0 PINTYPE=BI
P 138 215 700 185 700 0 3 0
A 190 700 10 0 3 3 #=BA43
L 180 700 10 0 8 0 1 0  GND_BA43
A 180 700 10 0 3 0 PINTYPE=BI
P 139 215 690 185 690 0 3 0
A 190 690 10 0 3 3 #=BA44
L 180 690 10 0 8 0 1 0  GND_BA44
A 180 690 10 0 3 0 PINTYPE=BI
P 140 215 680 185 680 0 3 0
A 190 680 10 0 3 3 #=BB23
L 180 680 10 0 8 0 1 0  GND_BB23
A 180 680 10 0 3 0 PINTYPE=BI
P 141 215 670 185 670 0 3 0
A 190 670 10 0 3 3 #=BB30
L 180 670 10 0 8 0 1 0  GND_BB30
A 180 670 10 0 3 0 PINTYPE=BI
P 142 215 660 185 660 0 3 0
A 190 660 10 0 3 3 #=BB35
L 180 660 10 0 8 0 1 0  GND_BB35
A 180 660 10 0 3 0 PINTYPE=BI
P 143 215 650 185 650 0 3 0
A 190 650 10 0 3 3 #=BB37
L 180 650 10 0 8 0 1 0  GND_BB37
A 180 650 10 0 3 0 PINTYPE=BI
P 144 215 640 185 640 0 3 0
A 190 640 10 0 3 3 #=BB38
L 180 640 10 0 8 0 1 0  GND_BB38
A 180 640 10 0 3 0 PINTYPE=BI
P 145 215 630 185 630 0 3 0
A 190 630 10 0 3 3 #=BB39
L 180 630 10 0 8 0 1 0  GND_BB39
A 180 630 10 0 3 0 PINTYPE=BI
P 146 215 620 185 620 0 3 0
A 190 620 10 0 3 3 #=BB40
L 180 620 10 0 8 0 1 0  GND_BB40
A 180 620 10 0 3 0 PINTYPE=BI
P 147 215 610 185 610 0 3 0
A 190 610 10 0 3 3 #=BB41
L 180 610 10 0 8 0 1 0  GND_BB41
A 180 610 10 0 3 0 PINTYPE=BI
P 148 215 600 185 600 0 3 0
A 190 600 10 0 3 3 #=BB42
L 180 600 10 0 8 0 1 0  GND_BB42
A 180 600 10 0 3 0 PINTYPE=BI
P 149 215 590 185 590 0 3 0
A 190 590 10 0 3 3 #=BB43
L 180 590 10 0 8 0 1 0  GND_BB43
A 180 590 10 0 3 0 PINTYPE=BI
P 150 215 580 185 580 0 3 0
A 190 580 10 0 3 3 #=BB44
L 180 580 10 0 8 0 1 0  GND_BB44
A 180 580 10 0 3 0 PINTYPE=BI
P 151 215 570 185 570 0 3 0
A 190 570 10 0 3 3 #=BC23
L 180 570 10 0 8 0 1 0  GND_BC23
A 180 570 10 0 3 0 PINTYPE=BI
P 152 215 560 185 560 0 3 0
A 190 560 10 0 3 3 #=BC27
L 180 560 10 0 8 0 1 0  GND_BC27
A 180 560 10 0 3 0 PINTYPE=BI
P 153 215 550 185 550 0 3 0
A 190 550 10 0 3 3 #=BC31
L 180 550 10 0 8 0 1 0  GND_BC31
A 180 550 10 0 3 0 PINTYPE=BI
P 154 215 540 185 540 0 3 0
A 190 540 10 0 3 3 #=BC32
L 180 540 10 0 8 0 1 0  GND_BC32
A 180 540 10 0 3 0 PINTYPE=BI
P 155 215 530 185 530 0 3 0
A 190 530 10 0 3 3 #=BC33
L 180 530 10 0 8 0 1 0  GND_BC33
A 180 530 10 0 3 0 PINTYPE=BI
P 156 215 520 185 520 0 3 0
A 190 520 10 0 3 3 #=BC34
L 180 520 10 0 8 0 1 0  GND_BC34
A 180 520 10 0 3 0 PINTYPE=BI
P 157 215 510 185 510 0 3 0
A 190 510 10 0 3 3 #=BC37
L 180 510 10 0 8 0 1 0  GND_BC37
A 180 510 10 0 3 0 PINTYPE=BI
P 158 215 500 185 500 0 3 0
A 190 500 10 0 3 3 #=BC38
L 180 500 10 0 8 0 1 0  GND_BC38
A 180 500 10 0 3 0 PINTYPE=BI
P 159 215 490 185 490 0 3 0
A 190 490 10 0 3 3 #=BC39
L 180 490 10 0 8 0 1 0  GND_BC39
A 180 490 10 0 3 0 PINTYPE=BI
P 160 215 480 185 480 0 3 0
A 190 480 10 0 3 3 #=BC40
L 180 480 10 0 8 0 1 0  GND_BC40
A 180 480 10 0 3 0 PINTYPE=BI
P 161 215 470 185 470 0 3 0
A 190 470 10 0 3 3 #=BC41
L 180 470 10 0 8 0 1 0  GND_BC41
A 180 470 10 0 3 0 PINTYPE=BI
P 162 215 460 185 460 0 3 0
A 190 460 10 0 3 3 #=BC42
L 180 460 10 0 8 0 1 0  GND_BC42
A 180 460 10 0 3 0 PINTYPE=BI
P 163 215 450 185 450 0 3 0
A 190 450 10 0 3 3 #=BC43
L 180 450 10 0 8 0 1 0  GND_BC43
A 180 450 10 0 3 0 PINTYPE=BI
P 164 215 440 185 440 0 3 0
A 190 440 10 0 3 3 #=BD23
L 180 440 10 0 8 0 1 0  GND_BD23
A 180 440 10 0 3 0 PINTYPE=BI
P 165 215 430 185 430 0 3 0
A 190 430 10 0 3 3 #=BD24
L 180 430 10 0 8 0 1 0  GND_BD24
A 180 430 10 0 3 0 PINTYPE=BI
P 166 215 420 185 420 0 3 0
A 190 420 10 0 3 3 #=BD29
L 180 420 10 0 8 0 1 0  GND_BD29
A 180 420 10 0 3 0 PINTYPE=BI
P 167 215 410 185 410 0 3 0
A 190 410 10 0 3 3 #=BD30
L 180 410 10 0 8 0 1 0  GND_BD30
A 180 410 10 0 3 0 PINTYPE=BI
P 168 215 400 185 400 0 3 0
A 190 400 10 0 3 3 #=BD31
L 180 400 10 0 8 0 1 0  GND_BD31
A 180 400 10 0 3 0 PINTYPE=BI
P 169 215 390 185 390 0 3 0
A 190 390 10 0 3 3 #=BD34
L 180 390 10 0 8 0 1 0  GND_BD34
A 180 390 10 0 3 0 PINTYPE=BI
P 170 215 380 185 380 0 3 0
A 190 380 10 0 3 3 #=BD38
L 180 380 10 0 8 0 1 0  GND_BD38
A 180 380 10 0 3 0 PINTYPE=BI
P 171 215 370 185 370 0 3 0
A 190 370 10 0 3 3 #=BD39
L 180 370 10 0 8 0 1 0  GND_BD39
A 180 370 10 0 3 0 PINTYPE=BI
P 172 215 360 185 360 0 3 0
A 190 360 10 0 3 3 #=BD40
L 180 360 10 0 8 0 1 0  GND_BD40
A 180 360 10 0 3 0 PINTYPE=BI
P 173 215 350 185 350 0 3 0
A 190 350 10 0 3 3 #=BD41
L 180 350 10 0 8 0 1 0  GND_BD41
A 180 350 10 0 3 0 PINTYPE=BI
P 174 215 340 185 340 0 3 0
A 190 340 10 0 3 3 #=BD42
L 180 340 10 0 8 0 1 0  GND_BD42
A 180 340 10 0 3 0 PINTYPE=BI
T 110 1120 20 0 5 GND_D_2
T 110 1100 20 0 5 GTMFF1924
U 30 1140 10 0 3 3 DEVICE=XXXXXXX
U 30 50 16 0 1 3 REFDES=U?
U 185 35 10 0 9 3 PKG_TYPE=XXXXXXX
U 0 0 10 0 3 0 HETERO=gtmff1924A_POWER_A,gtmff1924A_JTAG_A,gtmff1924A_VCO_A,gtmff1924A_MEM_A,gtmff1924A_SCAN_A,gtmff1924A_GTM_A,gtmff1924A_ESD_A,gtmff1924A_GND_A_1,gtmff1924A_GND_A_2,gtmff1924A_POWER_C,gtmff1924A_JTAG_C,gtmff1924A_VCO_C,gtmff1924A_MEM_C,gtmff1924A_SCAN_C,gtmff1924A_GTM_C,gtmff1924A_ESD_C,gtmff1924A_GND_C_1,gtmff1924A_GND_C_2,gtmff1924A_POWER_B,gtmff1924A_JTAG_B,gtmff1924A_VCO_B,gtmff1924A_MEM_B,gtmff1924A_SCAN_B,gtmff1924A_GTM_B,gtmff1924A_ESD_B,gtmff1924A_GND_B_1,gtmff1924A_GND_B_2,gtmff1924A_POWER_D,gtmff1924A_JTAG_D,gtmff1924A_VCO_D,gtmff1924A_MEM_D,gtmff1924A_SCAN_D,gtmff1924A_GTM_D,gtmff1924A_ESD_D,gtmff1924A_GND_D_1,gtmff1924A_GND_D_2
E