V 50
K 153165148200 gtmff1924
Y 1
D 0 0 215 1190
Z 10
i 946
b 30 50 185 1140
P 1 0 1070 30 1070 0 2 0
A 25 1070 10 0 9 3 #=A3
L 35 1070 10 0 2 0 1 0  GND_A3
A 25 1070 10 0 9 0 PINTYPE=BI
P 2 0 1060 30 1060 0 2 0
A 25 1060 10 0 9 3 #=A4
L 35 1060 10 0 2 0 1 0  GND_A4
A 25 1060 10 0 9 0 PINTYPE=BI
P 3 0 1050 30 1050 0 2 0
A 25 1050 10 0 9 3 #=A5
L 35 1050 10 0 2 0 1 0  GND_A5
A 25 1050 10 0 9 0 PINTYPE=BI
P 4 0 1040 30 1040 0 2 0
A 25 1040 10 0 9 3 #=A6
L 35 1040 10 0 2 0 1 0  GND_A6
A 25 1040 10 0 9 0 PINTYPE=BI
P 5 0 1030 30 1030 0 2 0
A 25 1030 10 0 9 3 #=A7
L 35 1030 10 0 2 0 1 0  GND_A7
A 25 1030 10 0 9 0 PINTYPE=BI
P 6 0 1020 30 1020 0 2 0
A 25 1020 10 0 9 3 #=A11
L 35 1020 10 0 2 0 1 0  GND_A11
A 25 1020 10 0 9 0 PINTYPE=BI
P 7 0 1010 30 1010 0 2 0
A 25 1010 10 0 9 3 #=A14
L 35 1010 10 0 2 0 1 0  GND_A14
A 25 1010 10 0 9 0 PINTYPE=BI
P 8 0 1000 30 1000 0 2 0
A 25 1000 10 0 9 3 #=A15
L 35 1000 10 0 2 0 1 0  GND_A15
A 25 1000 10 0 9 0 PINTYPE=BI
P 9 0 990 30 990 0 2 0
A 25 990 10 0 9 3 #=A16
L 35 990 10 0 2 0 1 0  GND_A16
A 25 990 10 0 9 0 PINTYPE=BI
P 10 0 980 30 980 0 2 0
A 25 980 10 0 9 3 #=A21
L 35 980 10 0 2 0 1 0  GND_A21
A 25 980 10 0 9 0 PINTYPE=BI
P 11 0 970 30 970 0 2 0
A 25 970 10 0 9 3 #=A22
L 35 970 10 0 2 0 1 0  GND_A22
A 25 970 10 0 9 0 PINTYPE=BI
P 12 0 960 30 960 0 2 0
A 25 960 10 0 9 3 #=B2
L 35 960 10 0 2 0 1 0  GND_B2
A 25 960 10 0 9 0 PINTYPE=BI
P 13 0 950 30 950 0 2 0
A 25 950 10 0 9 3 #=B3
L 35 950 10 0 2 0 1 0  GND_B3
A 25 950 10 0 9 0 PINTYPE=BI
P 14 0 940 30 940 0 2 0
A 25 940 10 0 9 3 #=B4
L 35 940 10 0 2 0 1 0  GND_B4
A 25 940 10 0 9 0 PINTYPE=BI
P 15 0 930 30 930 0 2 0
A 25 930 10 0 9 3 #=B5
L 35 930 10 0 2 0 1 0  GND_B5
A 25 930 10 0 9 0 PINTYPE=BI
P 16 0 920 30 920 0 2 0
A 25 920 10 0 9 3 #=B6
L 35 920 10 0 2 0 1 0  GND_B6
A 25 920 10 0 9 0 PINTYPE=BI
P 17 0 910 30 910 0 2 0
A 25 910 10 0 9 3 #=B7
L 35 910 10 0 2 0 1 0  GND_B7
A 25 910 10 0 9 0 PINTYPE=BI
P 18 0 900 30 900 0 2 0
A 25 900 10 0 9 3 #=B8
L 35 900 10 0 2 0 1 0  GND_B8
A 25 900 10 0 9 0 PINTYPE=BI
P 19 0 890 30 890 0 2 0
A 25 890 10 0 9 3 #=B11
L 35 890 10 0 2 0 1 0  GND_B11
A 25 890 10 0 9 0 PINTYPE=BI
P 20 0 880 30 880 0 2 0
A 25 880 10 0 9 3 #=B12
L 35 880 10 0 2 0 1 0  GND_B12
A 25 880 10 0 9 0 PINTYPE=BI
P 21 0 870 30 870 0 2 0
A 25 870 10 0 9 3 #=B13
L 35 870 10 0 2 0 1 0  GND_B13
A 25 870 10 0 9 0 PINTYPE=BI
P 22 0 860 30 860 0 2 0
A 25 860 10 0 9 3 #=B14
L 35 860 10 0 2 0 1 0  GND_B14
A 25 860 10 0 9 0 PINTYPE=BI
P 23 0 850 30 850 0 2 0
A 25 850 10 0 9 3 #=B18
L 35 850 10 0 2 0 1 0  GND_B18
A 25 850 10 0 9 0 PINTYPE=BI
P 24 0 840 30 840 0 2 0
A 25 840 10 0 9 3 #=B22
L 35 840 10 0 2 0 1 0  GND_B22
A 25 840 10 0 9 0 PINTYPE=BI
P 25 0 830 30 830 0 2 0
A 25 830 10 0 9 3 #=C1
L 35 830 10 0 2 0 1 0  GND_C1
A 25 830 10 0 9 0 PINTYPE=BI
P 26 0 820 30 820 0 2 0
A 25 820 10 0 9 3 #=C2
L 35 820 10 0 2 0 1 0  GND_C2
A 25 820 10 0 9 0 PINTYPE=BI
P 27 0 810 30 810 0 2 0
A 25 810 10 0 9 3 #=C3
L 35 810 10 0 2 0 1 0  GND_C3
A 25 810 10 0 9 0 PINTYPE=BI
P 28 0 800 30 800 0 2 0
A 25 800 10 0 9 3 #=C4
L 35 800 10 0 2 0 1 0  GND_C4
A 25 800 10 0 9 0 PINTYPE=BI
P 29 0 790 30 790 0 2 0
A 25 790 10 0 9 3 #=C5
L 35 790 10 0 2 0 1 0  GND_C5
A 25 790 10 0 9 0 PINTYPE=BI
P 30 0 780 30 780 0 2 0
A 25 780 10 0 9 3 #=C6
L 35 780 10 0 2 0 1 0  GND_C6
A 25 780 10 0 9 0 PINTYPE=BI
P 31 0 770 30 770 0 2 0
A 25 770 10 0 9 3 #=C7
L 35 770 10 0 2 0 1 0  GND_C7
A 25 770 10 0 9 0 PINTYPE=BI
P 32 0 760 30 760 0 2 0
A 25 760 10 0 9 3 #=C8
L 35 760 10 0 2 0 1 0  GND_C8
A 25 760 10 0 9 0 PINTYPE=BI
P 33 0 750 30 750 0 2 0
A 25 750 10 0 9 3 #=C10
L 35 750 10 0 2 0 1 0  GND_C10
A 25 750 10 0 9 0 PINTYPE=BI
P 34 0 740 30 740 0 2 0
A 25 740 10 0 9 3 #=C15
L 35 740 10 0 2 0 1 0  GND_C15
A 25 740 10 0 9 0 PINTYPE=BI
P 35 0 730 30 730 0 2 0
A 25 730 10 0 9 3 #=C22
L 35 730 10 0 2 0 1 0  GND_C22
A 25 730 10 0 9 0 PINTYPE=BI
P 36 0 720 30 720 0 2 0
A 25 720 10 0 9 3 #=D3
L 35 720 10 0 2 0 1 0  GND_D3
A 25 720 10 0 9 0 PINTYPE=BI
P 37 0 710 30 710 0 2 0
A 25 710 10 0 9 3 #=D4
L 35 710 10 0 2 0 1 0  GND_D4
A 25 710 10 0 9 0 PINTYPE=BI
P 38 0 700 30 700 0 2 0
A 25 700 10 0 9 3 #=D5
L 35 700 10 0 2 0 1 0  GND_D5
A 25 700 10 0 9 0 PINTYPE=BI
P 39 0 690 30 690 0 2 0
A 25 690 10 0 9 3 #=D6
L 35 690 10 0 2 0 1 0  GND_D6
A 25 690 10 0 9 0 PINTYPE=BI
P 40 0 680 30 680 0 2 0
A 25 680 10 0 9 3 #=D7
L 35 680 10 0 2 0 1 0  GND_D7
A 25 680 10 0 9 0 PINTYPE=BI
P 41 0 670 30 670 0 2 0
A 25 670 10 0 9 3 #=D8
L 35 670 10 0 2 0 1 0  GND_D8
A 25 670 10 0 9 0 PINTYPE=BI
P 42 0 660 30 660 0 2 0
A 25 660 10 0 9 3 #=D9
L 35 660 10 0 2 0 1 0  GND_D9
A 25 660 10 0 9 0 PINTYPE=BI
P 43 0 650 30 650 0 2 0
A 25 650 10 0 9 3 #=D10
L 35 650 10 0 2 0 1 0  GND_D10
A 25 650 10 0 9 0 PINTYPE=BI
P 44 0 640 30 640 0 2 0
A 25 640 10 0 9 3 #=D12
L 35 640 10 0 2 0 1 0  GND_D12
A 25 640 10 0 9 0 PINTYPE=BI
P 45 0 630 30 630 0 2 0
A 25 630 10 0 9 3 #=D22
L 35 630 10 0 2 0 1 0  GND_D22
A 25 630 10 0 9 0 PINTYPE=BI
P 46 0 620 30 620 0 2 0
A 25 620 10 0 9 3 #=E1
L 35 620 10 0 2 0 1 0  GND_E1
A 25 620 10 0 9 0 PINTYPE=BI
P 47 0 610 30 610 0 2 0
A 25 610 10 0 9 3 #=E2
L 35 610 10 0 2 0 1 0  GND_E2
A 25 610 10 0 9 0 PINTYPE=BI
P 48 0 600 30 600 0 2 0
A 25 600 10 0 9 3 #=E3
L 35 600 10 0 2 0 1 0  GND_E3
A 25 600 10 0 9 0 PINTYPE=BI
P 49 0 590 30 590 0 2 0
A 25 590 10 0 9 3 #=E6
L 35 590 10 0 2 0 1 0  GND_E6
A 25 590 10 0 9 0 PINTYPE=BI
P 50 0 580 30 580 0 2 0
A 25 580 10 0 9 3 #=E7
L 35 580 10 0 2 0 1 0  GND_E7
A 25 580 10 0 9 0 PINTYPE=BI
P 51 0 570 30 570 0 2 0
A 25 570 10 0 9 3 #=E8
L 35 570 10 0 2 0 1 0  GND_E8
A 25 570 10 0 9 0 PINTYPE=BI
P 52 0 560 30 560 0 2 0
A 25 560 10 0 9 3 #=E9
L 35 560 10 0 2 0 1 0  GND_E9
A 25 560 10 0 9 0 PINTYPE=BI
P 53 0 550 30 550 0 2 0
A 25 550 10 0 9 3 #=E10
L 35 550 10 0 2 0 1 0  GND_E10
A 25 550 10 0 9 0 PINTYPE=BI
P 54 0 540 30 540 0 2 0
A 25 540 10 0 9 3 #=E11
L 35 540 10 0 2 0 1 0  GND_E11
A 25 540 10 0 9 0 PINTYPE=BI
P 55 0 530 30 530 0 2 0
A 25 530 10 0 9 3 #=E19
L 35 530 10 0 2 0 1 0  GND_E19
A 25 530 10 0 9 0 PINTYPE=BI
P 56 0 520 30 520 0 2 0
A 25 520 10 0 9 3 #=E22
L 35 520 10 0 2 0 1 0  GND_E22
A 25 520 10 0 9 0 PINTYPE=BI
P 57 0 510 30 510 0 2 0
A 25 510 10 0 9 3 #=F3
L 35 510 10 0 2 0 1 0  GND_F3
A 25 510 10 0 9 0 PINTYPE=BI
P 58 0 500 30 500 0 2 0
A 25 500 10 0 9 3 #=F4
L 35 500 10 0 2 0 1 0  GND_F4
A 25 500 10 0 9 0 PINTYPE=BI
P 59 0 490 30 490 0 2 0
A 25 490 10 0 9 3 #=F5
L 35 490 10 0 2 0 1 0  GND_F5
A 25 490 10 0 9 0 PINTYPE=BI
P 60 0 480 30 480 0 2 0
A 25 480 10 0 9 3 #=F6
L 35 480 10 0 2 0 1 0  GND_F6
A 25 480 10 0 9 0 PINTYPE=BI
P 61 0 470 30 470 0 2 0
A 25 470 10 0 9 3 #=F7
L 35 470 10 0 2 0 1 0  GND_F7
A 25 470 10 0 9 0 PINTYPE=BI
P 62 0 460 30 460 0 2 0
A 25 460 10 0 9 3 #=F8
L 35 460 10 0 2 0 1 0  GND_F8
A 25 460 10 0 9 0 PINTYPE=BI
P 63 0 450 30 450 0 2 0
A 25 450 10 0 9 3 #=F9
L 35 450 10 0 2 0 1 0  GND_F9
A 25 450 10 0 9 0 PINTYPE=BI
P 64 0 440 30 440 0 2 0
A 25 440 10 0 9 3 #=F10
L 35 440 10 0 2 0 1 0  GND_F10
A 25 440 10 0 9 0 PINTYPE=BI
P 65 0 430 30 430 0 2 0
A 25 430 10 0 9 3 #=F11
L 35 430 10 0 2 0 1 0  GND_F11
A 25 430 10 0 9 0 PINTYPE=BI
P 66 0 420 30 420 0 2 0
A 25 420 10 0 9 3 #=F12
L 35 420 10 0 2 0 1 0  GND_F12
A 25 420 10 0 9 0 PINTYPE=BI
P 67 0 410 30 410 0 2 0
A 25 410 10 0 9 3 #=F13
L 35 410 10 0 2 0 1 0  GND_F13
A 25 410 10 0 9 0 PINTYPE=BI
P 68 0 400 30 400 0 2 0
A 25 400 10 0 9 3 #=F14
L 35 400 10 0 2 0 1 0  GND_F14
A 25 400 10 0 9 0 PINTYPE=BI
P 69 0 390 30 390 0 2 0
A 25 390 10 0 9 3 #=F16
L 35 390 10 0 2 0 1 0  GND_F16
A 25 390 10 0 9 0 PINTYPE=BI
P 70 0 380 30 380 0 2 0
A 25 380 10 0 9 3 #=F22
L 35 380 10 0 2 0 1 0  GND_F22
A 25 380 10 0 9 0 PINTYPE=BI
P 71 0 370 30 370 0 2 0
A 25 370 10 0 9 3 #=G1
L 35 370 10 0 2 0 1 0  GND_G1
A 25 370 10 0 9 0 PINTYPE=BI
P 72 0 360 30 360 0 2 0
A 25 360 10 0 9 3 #=G2
L 35 360 10 0 2 0 1 0  GND_G2
A 25 360 10 0 9 0 PINTYPE=BI
P 73 0 350 30 350 0 2 0
A 25 350 10 0 9 3 #=G3
L 35 350 10 0 2 0 1 0  GND_G3
A 25 350 10 0 9 0 PINTYPE=BI
P 74 0 340 30 340 0 2 0
A 25 340 10 0 9 3 #=G6
L 35 340 10 0 2 0 1 0  GND_G6
A 25 340 10 0 9 0 PINTYPE=BI
P 75 0 330 30 330 0 2 0
A 25 330 10 0 9 3 #=G7
L 35 330 10 0 2 0 1 0  GND_G7
A 25 330 10 0 9 0 PINTYPE=BI
P 76 0 320 30 320 0 2 0
A 25 320 10 0 9 3 #=G8
L 35 320 10 0 2 0 1 0  GND_G8
A 25 320 10 0 9 0 PINTYPE=BI
P 77 0 310 30 310 0 2 0
A 25 310 10 0 9 3 #=G9
L 35 310 10 0 2 0 1 0  GND_G9
A 25 310 10 0 9 0 PINTYPE=BI
P 78 0 300 30 300 0 2 0
A 25 300 10 0 9 3 #=G10
L 35 300 10 0 2 0 1 0  GND_G10
A 25 300 10 0 9 0 PINTYPE=BI
P 79 0 290 30 290 0 2 0
A 25 290 10 0 9 3 #=G13
L 35 290 10 0 2 0 1 0  GND_G13
A 25 290 10 0 9 0 PINTYPE=BI
P 80 0 280 30 280 0 2 0
A 25 280 10 0 9 3 #=G14
L 35 280 10 0 2 0 1 0  GND_G14
A 25 280 10 0 9 0 PINTYPE=BI
P 81 0 270 30 270 0 2 0
A 25 270 10 0 9 3 #=G22
L 35 270 10 0 2 0 1 0  GND_G22
A 25 270 10 0 9 0 PINTYPE=BI
P 82 0 260 30 260 0 2 0
A 25 260 10 0 9 3 #=H1
L 35 260 10 0 2 0 1 0  GND_H1
A 25 260 10 0 9 0 PINTYPE=BI
P 83 0 250 30 250 0 2 0
A 25 250 10 0 9 3 #=H2
L 35 250 10 0 2 0 1 0  GND_H2
A 25 250 10 0 9 0 PINTYPE=BI
P 84 0 240 30 240 0 2 0
A 25 240 10 0 9 3 #=H3
L 35 240 10 0 2 0 1 0  GND_H3
A 25 240 10 0 9 0 PINTYPE=BI
P 85 0 230 30 230 0 2 0
A 25 230 10 0 9 3 #=H4
L 35 230 10 0 2 0 1 0  GND_H4
A 25 230 10 0 9 0 PINTYPE=BI
P 86 0 220 30 220 0 2 0
A 25 220 10 0 9 3 #=H5
L 35 220 10 0 2 0 1 0  GND_H5
A 25 220 10 0 9 0 PINTYPE=BI
P 87 0 210 30 210 0 2 0
A 25 210 10 0 9 3 #=H6
L 35 210 10 0 2 0 1 0  GND_H6
A 25 210 10 0 9 0 PINTYPE=BI
P 88 0 200 30 200 0 2 0
A 25 200 10 0 9 3 #=H7
L 35 200 10 0 2 0 1 0  GND_H7
A 25 200 10 0 9 0 PINTYPE=BI
P 89 0 190 30 190 0 2 0
A 25 190 10 0 9 3 #=H8
L 35 190 10 0 2 0 1 0  GND_H8
A 25 190 10 0 9 0 PINTYPE=BI
P 90 0 180 30 180 0 2 0
A 25 180 10 0 9 3 #=H9
L 35 180 10 0 2 0 1 0  GND_H9
A 25 180 10 0 9 0 PINTYPE=BI
P 91 0 170 30 170 0 2 0
A 25 170 10 0 9 3 #=H10
L 35 170 10 0 2 0 1 0  GND_H10
A 25 170 10 0 9 0 PINTYPE=BI
P 92 0 160 30 160 0 2 0
A 25 160 10 0 9 3 #=H11
L 35 160 10 0 2 0 1 0  GND_H11
A 25 160 10 0 9 0 PINTYPE=BI
P 93 0 150 30 150 0 2 0
A 25 150 10 0 9 3 #=H12
L 35 150 10 0 2 0 1 0  GND_H12
A 25 150 10 0 9 0 PINTYPE=BI
P 94 0 140 30 140 0 2 0
A 25 140 10 0 9 3 #=H13
L 35 140 10 0 2 0 1 0  GND_H13
A 25 140 10 0 9 0 PINTYPE=BI
P 95 0 130 30 130 0 2 0
A 25 130 10 0 9 3 #=H14
L 35 130 10 0 2 0 1 0  GND_H14
A 25 130 10 0 9 0 PINTYPE=BI
P 96 0 120 30 120 0 2 0
A 25 120 10 0 9 3 #=H16
L 35 120 10 0 2 0 1 0  GND_H16
A 25 120 10 0 9 0 PINTYPE=BI
P 97 0 110 30 110 0 2 0
A 25 110 10 0 9 3 #=H17
L 35 110 10 0 2 0 1 0  GND_H17
A 25 110 10 0 9 0 PINTYPE=BI
P 98 0 100 30 100 0 2 0
A 25 100 10 0 9 3 #=H18
L 35 100 10 0 2 0 1 0  GND_H18
A 25 100 10 0 9 0 PINTYPE=BI
P 99 0 90 30 90 0 2 0
A 25 90 10 0 9 3 #=H19
L 35 90 10 0 2 0 1 0  GND_H19
A 25 90 10 0 9 0 PINTYPE=BI
P 100 0 80 30 80 0 2 0
A 25 80 10 0 9 3 #=H20
L 35 80 10 0 2 0 1 0  GND_H20
A 25 80 10 0 9 0 PINTYPE=BI
P 101 215 1070 185 1070 0 3 0
A 190 1070 10 0 3 3 #=H21
L 180 1070 10 0 8 0 1 0  GND_H21
A 180 1070 10 0 3 0 PINTYPE=BI
P 102 215 1060 185 1060 0 3 0
A 190 1060 10 0 3 3 #=H22
L 180 1060 10 0 8 0 1 0  GND_H22
A 180 1060 10 0 3 0 PINTYPE=BI
P 103 215 1050 185 1050 0 3 0
A 190 1050 10 0 3 3 #=J2
L 180 1050 10 0 8 0 1 0  GND_J2
A 180 1050 10 0 3 0 PINTYPE=BI
P 104 215 1040 185 1040 0 3 0
A 190 1040 10 0 3 3 #=J3
L 180 1040 10 0 8 0 1 0  GND_J3
A 180 1040 10 0 3 0 PINTYPE=BI
P 105 215 1030 185 1030 0 3 0
A 190 1030 10 0 3 3 #=J4
L 180 1030 10 0 8 0 1 0  GND_J4
A 180 1030 10 0 3 0 PINTYPE=BI
P 106 215 1020 185 1020 0 3 0
A 190 1020 10 0 3 3 #=J5
L 180 1020 10 0 8 0 1 0  GND_J5
A 180 1020 10 0 3 0 PINTYPE=BI
P 107 215 1010 185 1010 0 3 0
A 190 1010 10 0 3 3 #=J6
L 180 1010 10 0 8 0 1 0  GND_J6
A 180 1010 10 0 3 0 PINTYPE=BI
P 108 215 1000 185 1000 0 3 0
A 190 1000 10 0 3 3 #=J7
L 180 1000 10 0 8 0 1 0  GND_J7
A 180 1000 10 0 3 0 PINTYPE=BI
P 109 215 990 185 990 0 3 0
A 190 990 10 0 3 3 #=J8
L 180 990 10 0 8 0 1 0  GND_J8
A 180 990 10 0 3 0 PINTYPE=BI
P 110 215 980 185 980 0 3 0
A 190 980 10 0 3 3 #=J9
L 180 980 10 0 8 0 1 0  GND_J9
A 180 980 10 0 3 0 PINTYPE=BI
P 111 215 970 185 970 0 3 0
A 190 970 10 0 3 3 #=J10
L 180 970 10 0 8 0 1 0  GND_J10
A 180 970 10 0 3 0 PINTYPE=BI
P 112 215 960 185 960 0 3 0
A 190 960 10 0 3 3 #=J11
L 180 960 10 0 8 0 1 0  GND_J11
A 180 960 10 0 3 0 PINTYPE=BI
P 113 215 950 185 950 0 3 0
A 190 950 10 0 3 3 #=J12
L 180 950 10 0 8 0 1 0  GND_J12
A 180 950 10 0 3 0 PINTYPE=BI
P 114 215 940 185 940 0 3 0
A 190 940 10 0 3 3 #=J13
L 180 940 10 0 8 0 1 0  GND_J13
A 180 940 10 0 3 0 PINTYPE=BI
P 115 215 930 185 930 0 3 0
A 190 930 10 0 3 3 #=J14
L 180 930 10 0 8 0 1 0  GND_J14
A 180 930 10 0 3 0 PINTYPE=BI
P 116 215 920 185 920 0 3 0
A 190 920 10 0 3 3 #=J15
L 180 920 10 0 8 0 1 0  GND_J15
A 180 920 10 0 3 0 PINTYPE=BI
P 117 215 910 185 910 0 3 0
A 190 910 10 0 3 3 #=J16
L 180 910 10 0 8 0 1 0  GND_J16
A 180 910 10 0 3 0 PINTYPE=BI
P 118 215 900 185 900 0 3 0
A 190 900 10 0 3 3 #=J17
L 180 900 10 0 8 0 1 0  GND_J17
A 180 900 10 0 3 0 PINTYPE=BI
P 119 215 890 185 890 0 3 0
A 190 890 10 0 3 3 #=J18
L 180 890 10 0 8 0 1 0  GND_J18
A 180 890 10 0 3 0 PINTYPE=BI
P 120 215 880 185 880 0 3 0
A 190 880 10 0 3 3 #=J19
L 180 880 10 0 8 0 1 0  GND_J19
A 180 880 10 0 3 0 PINTYPE=BI
P 121 215 870 185 870 0 3 0
A 190 870 10 0 3 3 #=J20
L 180 870 10 0 8 0 1 0  GND_J20
A 180 870 10 0 3 0 PINTYPE=BI
P 122 215 860 185 860 0 3 0
A 190 860 10 0 3 3 #=J21
L 180 860 10 0 8 0 1 0  GND_J21
A 180 860 10 0 3 0 PINTYPE=BI
P 123 215 850 185 850 0 3 0
A 190 850 10 0 3 3 #=J22
L 180 850 10 0 8 0 1 0  GND_J22
A 180 850 10 0 3 0 PINTYPE=BI
P 124 215 840 185 840 0 3 0
A 190 840 10 0 3 3 #=K2
L 180 840 10 0 8 0 1 0  GND_K2
A 180 840 10 0 3 0 PINTYPE=BI
P 125 215 830 185 830 0 3 0
A 190 830 10 0 3 3 #=K3
L 180 830 10 0 8 0 1 0  GND_K3
A 180 830 10 0 3 0 PINTYPE=BI
P 126 215 820 185 820 0 3 0
A 190 820 10 0 3 3 #=K4
L 180 820 10 0 8 0 1 0  GND_K4
A 180 820 10 0 3 0 PINTYPE=BI
P 127 215 810 185 810 0 3 0
A 190 810 10 0 3 3 #=K5
L 180 810 10 0 8 0 1 0  GND_K5
A 180 810 10 0 3 0 PINTYPE=BI
P 128 215 800 185 800 0 3 0
A 190 800 10 0 3 3 #=K6
L 180 800 10 0 8 0 1 0  GND_K6
A 180 800 10 0 3 0 PINTYPE=BI
P 129 215 790 185 790 0 3 0
A 190 790 10 0 3 3 #=K7
L 180 790 10 0 8 0 1 0  GND_K7
A 180 790 10 0 3 0 PINTYPE=BI
P 130 215 780 185 780 0 3 0
A 190 780 10 0 3 3 #=K8
L 180 780 10 0 8 0 1 0  GND_K8
A 180 780 10 0 3 0 PINTYPE=BI
P 131 215 770 185 770 0 3 0
A 190 770 10 0 3 3 #=K9
L 180 770 10 0 8 0 1 0  GND_K9
A 180 770 10 0 3 0 PINTYPE=BI
P 132 215 760 185 760 0 3 0
A 190 760 10 0 3 3 #=K10
L 180 760 10 0 8 0 1 0  GND_K10
A 180 760 10 0 3 0 PINTYPE=BI
P 133 215 750 185 750 0 3 0
A 190 750 10 0 3 3 #=K11
L 180 750 10 0 8 0 1 0  GND_K11
A 180 750 10 0 3 0 PINTYPE=BI
P 134 215 740 185 740 0 3 0
A 190 740 10 0 3 3 #=K12
L 180 740 10 0 8 0 1 0  GND_K12
A 180 740 10 0 3 0 PINTYPE=BI
P 135 215 730 185 730 0 3 0
A 190 730 10 0 3 3 #=K13
L 180 730 10 0 8 0 1 0  GND_K13
A 180 730 10 0 3 0 PINTYPE=BI
P 136 215 720 185 720 0 3 0
A 190 720 10 0 3 3 #=K14
L 180 720 10 0 8 0 1 0  GND_K14
A 180 720 10 0 3 0 PINTYPE=BI
P 137 215 710 185 710 0 3 0
A 190 710 10 0 3 3 #=K15
L 180 710 10 0 8 0 1 0  GND_K15
A 180 710 10 0 3 0 PINTYPE=BI
P 138 215 700 185 700 0 3 0
A 190 700 10 0 3 3 #=K16
L 180 700 10 0 8 0 1 0  GND_K16
A 180 700 10 0 3 0 PINTYPE=BI
P 139 215 690 185 690 0 3 0
A 190 690 10 0 3 3 #=K17
L 180 690 10 0 8 0 1 0  GND_K17
A 180 690 10 0 3 0 PINTYPE=BI
P 140 215 680 185 680 0 3 0
A 190 680 10 0 3 3 #=K18
L 180 680 10 0 8 0 1 0  GND_K18
A 180 680 10 0 3 0 PINTYPE=BI
P 141 215 670 185 670 0 3 0
A 190 670 10 0 3 3 #=K19
L 180 670 10 0 8 0 1 0  GND_K19
A 180 670 10 0 3 0 PINTYPE=BI
P 142 215 660 185 660 0 3 0
A 190 660 10 0 3 3 #=K20
L 180 660 10 0 8 0 1 0  GND_K20
A 180 660 10 0 3 0 PINTYPE=BI
P 143 215 650 185 650 0 3 0
A 190 650 10 0 3 3 #=K21
L 180 650 10 0 8 0 1 0  GND_K21
A 180 650 10 0 3 0 PINTYPE=BI
P 144 215 640 185 640 0 3 0
A 190 640 10 0 3 3 #=K22
L 180 640 10 0 8 0 1 0  GND_K22
A 180 640 10 0 3 0 PINTYPE=BI
P 145 215 630 185 630 0 3 0
A 190 630 10 0 3 3 #=L1
L 180 630 10 0 8 0 1 0  GND_L1
A 180 630 10 0 3 0 PINTYPE=BI
P 146 215 620 185 620 0 3 0
A 190 620 10 0 3 3 #=L2
L 180 620 10 0 8 0 1 0  GND_L2
A 180 620 10 0 3 0 PINTYPE=BI
P 147 215 610 185 610 0 3 0
A 190 610 10 0 3 3 #=L3
L 180 610 10 0 8 0 1 0  GND_L3
A 180 610 10 0 3 0 PINTYPE=BI
P 148 215 600 185 600 0 3 0
A 190 600 10 0 3 3 #=L4
L 180 600 10 0 8 0 1 0  GND_L4
A 180 600 10 0 3 0 PINTYPE=BI
P 149 215 590 185 590 0 3 0
A 190 590 10 0 3 3 #=L5
L 180 590 10 0 8 0 1 0  GND_L5
A 180 590 10 0 3 0 PINTYPE=BI
P 150 215 580 185 580 0 3 0
A 190 580 10 0 3 3 #=L6
L 180 580 10 0 8 0 1 0  GND_L6
A 180 580 10 0 3 0 PINTYPE=BI
P 151 215 570 185 570 0 3 0
A 190 570 10 0 3 3 #=L7
L 180 570 10 0 8 0 1 0  GND_L7
A 180 570 10 0 3 0 PINTYPE=BI
P 152 215 560 185 560 0 3 0
A 190 560 10 0 3 3 #=L8
L 180 560 10 0 8 0 1 0  GND_L8
A 180 560 10 0 3 0 PINTYPE=BI
P 153 215 550 185 550 0 3 0
A 190 550 10 0 3 3 #=L9
L 180 550 10 0 8 0 1 0  GND_L9
A 180 550 10 0 3 0 PINTYPE=BI
P 154 215 540 185 540 0 3 0
A 190 540 10 0 3 3 #=L10
L 180 540 10 0 8 0 1 0  GND_L10
A 180 540 10 0 3 0 PINTYPE=BI
P 155 215 530 185 530 0 3 0
A 190 530 10 0 3 3 #=L11
L 180 530 10 0 8 0 1 0  GND_L11
A 180 530 10 0 3 0 PINTYPE=BI
P 156 215 520 185 520 0 3 0
A 190 520 10 0 3 3 #=L12
L 180 520 10 0 8 0 1 0  GND_L12
A 180 520 10 0 3 0 PINTYPE=BI
P 157 215 510 185 510 0 3 0
A 190 510 10 0 3 3 #=L13
L 180 510 10 0 8 0 1 0  GND_L13
A 180 510 10 0 3 0 PINTYPE=BI
P 158 215 500 185 500 0 3 0
A 190 500 10 0 3 3 #=L14
L 180 500 10 0 8 0 1 0  GND_L14
A 180 500 10 0 3 0 PINTYPE=BI
P 159 215 490 185 490 0 3 0
A 190 490 10 0 3 3 #=L15
L 180 490 10 0 8 0 1 0  GND_L15
A 180 490 10 0 3 0 PINTYPE=BI
P 160 215 480 185 480 0 3 0
A 190 480 10 0 3 3 #=L16
L 180 480 10 0 8 0 1 0  GND_L16
A 180 480 10 0 3 0 PINTYPE=BI
P 161 215 470 185 470 0 3 0
A 190 470 10 0 3 3 #=L17
L 180 470 10 0 8 0 1 0  GND_L17
A 180 470 10 0 3 0 PINTYPE=BI
P 162 215 460 185 460 0 3 0
A 190 460 10 0 3 3 #=L18
L 180 460 10 0 8 0 1 0  GND_L18
A 180 460 10 0 3 0 PINTYPE=BI
P 163 215 450 185 450 0 3 0
A 190 450 10 0 3 3 #=L19
L 180 450 10 0 8 0 1 0  GND_L19
A 180 450 10 0 3 0 PINTYPE=BI
P 164 215 440 185 440 0 3 0
A 190 440 10 0 3 3 #=L20
L 180 440 10 0 8 0 1 0  GND_L20
A 180 440 10 0 3 0 PINTYPE=BI
P 165 215 430 185 430 0 3 0
A 190 430 10 0 3 3 #=L21
L 180 430 10 0 8 0 1 0  GND_L21
A 180 430 10 0 3 0 PINTYPE=BI
P 166 215 420 185 420 0 3 0
A 190 420 10 0 3 3 #=L22
L 180 420 10 0 8 0 1 0  GND_L22
A 180 420 10 0 3 0 PINTYPE=BI
P 167 215 410 185 410 0 3 0
A 190 410 10 0 3 3 #=M1
L 180 410 10 0 8 0 1 0  GND_M1
A 180 410 10 0 3 0 PINTYPE=BI
P 168 215 400 185 400 0 3 0
A 190 400 10 0 3 3 #=M2
L 180 400 10 0 8 0 1 0  GND_M2
A 180 400 10 0 3 0 PINTYPE=BI
P 169 215 390 185 390 0 3 0
A 190 390 10 0 3 3 #=M3
L 180 390 10 0 8 0 1 0  GND_M3
A 180 390 10 0 3 0 PINTYPE=BI
P 170 215 380 185 380 0 3 0
A 190 380 10 0 3 3 #=M4
L 180 380 10 0 8 0 1 0  GND_M4
A 180 380 10 0 3 0 PINTYPE=BI
P 171 215 370 185 370 0 3 0
A 190 370 10 0 3 3 #=M5
L 180 370 10 0 8 0 1 0  GND_M5
A 180 370 10 0 3 0 PINTYPE=BI
P 172 215 360 185 360 0 3 0
A 190 360 10 0 3 3 #=M6
L 180 360 10 0 8 0 1 0  GND_M6
A 180 360 10 0 3 0 PINTYPE=BI
P 173 215 350 185 350 0 3 0
A 190 350 10 0 3 3 #=M7
L 180 350 10 0 8 0 1 0  GND_M7
A 180 350 10 0 3 0 PINTYPE=BI
P 174 215 340 185 340 0 3 0
A 190 340 10 0 3 3 #=M8
L 180 340 10 0 8 0 1 0  GND_M8
A 180 340 10 0 3 0 PINTYPE=BI
P 175 215 330 185 330 0 3 0
A 190 330 10 0 3 3 #=M9
L 180 330 10 0 8 0 1 0  GND_M9
A 180 330 10 0 3 0 PINTYPE=BI
P 176 215 320 185 320 0 3 0
A 190 320 10 0 3 3 #=M10
L 180 320 10 0 8 0 1 0  GND_M10
A 180 320 10 0 3 0 PINTYPE=BI
P 177 215 310 185 310 0 3 0
A 190 310 10 0 3 3 #=M11
L 180 310 10 0 8 0 1 0  GND_M11
A 180 310 10 0 3 0 PINTYPE=BI
P 178 215 300 185 300 0 3 0
A 190 300 10 0 3 3 #=M12
L 180 300 10 0 8 0 1 0  GND_M12
A 180 300 10 0 3 0 PINTYPE=BI
P 179 215 290 185 290 0 3 0
A 190 290 10 0 3 3 #=M13
L 180 290 10 0 8 0 1 0  GND_M13
A 180 290 10 0 3 0 PINTYPE=BI
P 180 215 280 185 280 0 3 0
A 190 280 10 0 3 3 #=M14
L 180 280 10 0 8 0 1 0  GND_M14
A 180 280 10 0 3 0 PINTYPE=BI
P 181 215 270 185 270 0 3 0
A 190 270 10 0 3 3 #=M15
L 180 270 10 0 8 0 1 0  GND_M15
A 180 270 10 0 3 0 PINTYPE=BI
P 182 215 260 185 260 0 3 0
A 190 260 10 0 3 3 #=M16
L 180 260 10 0 8 0 1 0  GND_M16
A 180 260 10 0 3 0 PINTYPE=BI
P 183 215 250 185 250 0 3 0
A 190 250 10 0 3 3 #=M17
L 180 250 10 0 8 0 1 0  GND_M17
A 180 250 10 0 3 0 PINTYPE=BI
P 184 215 240 185 240 0 3 0
A 190 240 10 0 3 3 #=M18
L 180 240 10 0 8 0 1 0  GND_M18
A 180 240 10 0 3 0 PINTYPE=BI
P 185 215 230 185 230 0 3 0
A 190 230 10 0 3 3 #=M19
L 180 230 10 0 8 0 1 0  GND_M19
A 180 230 10 0 3 0 PINTYPE=BI
P 186 215 220 185 220 0 3 0
A 190 220 10 0 3 3 #=M20
L 180 220 10 0 8 0 1 0  GND_M20
A 180 220 10 0 3 0 PINTYPE=BI
P 187 215 210 185 210 0 3 0
A 190 210 10 0 3 3 #=M21
L 180 210 10 0 8 0 1 0  GND_M21
A 180 210 10 0 3 0 PINTYPE=BI
P 188 215 200 185 200 0 3 0
A 190 200 10 0 3 3 #=M22
L 180 200 10 0 8 0 1 0  GND_M22
A 180 200 10 0 3 0 PINTYPE=BI
P 189 215 190 185 190 0 3 0
A 190 190 10 0 3 3 #=N2
L 180 190 10 0 8 0 1 0  GND_N2
A 180 190 10 0 3 0 PINTYPE=BI
P 190 215 180 185 180 0 3 0
A 190 180 10 0 3 3 #=N3
L 180 180 10 0 8 0 1 0  GND_N3
A 180 180 10 0 3 0 PINTYPE=BI
P 191 215 170 185 170 0 3 0
A 190 170 10 0 3 3 #=N4
L 180 170 10 0 8 0 1 0  GND_N4
A 180 170 10 0 3 0 PINTYPE=BI
P 192 215 160 185 160 0 3 0
A 190 160 10 0 3 3 #=N5
L 180 160 10 0 8 0 1 0  GND_N5
A 180 160 10 0 3 0 PINTYPE=BI
P 193 215 150 185 150 0 3 0
A 190 150 10 0 3 3 #=N6
L 180 150 10 0 8 0 1 0  GND_N6
A 180 150 10 0 3 0 PINTYPE=BI
P 194 215 140 185 140 0 3 0
A 190 140 10 0 3 3 #=N7
L 180 140 10 0 8 0 1 0  GND_N7
A 180 140 10 0 3 0 PINTYPE=BI
P 195 215 130 185 130 0 3 0
A 190 130 10 0 3 3 #=N8
L 180 130 10 0 8 0 1 0  GND_N8
A 180 130 10 0 3 0 PINTYPE=BI
P 196 215 120 185 120 0 3 0
A 190 120 10 0 3 3 #=N10
L 180 120 10 0 8 0 1 0  GND_N10
A 180 120 10 0 3 0 PINTYPE=BI
P 197 215 110 185 110 0 3 0
A 190 110 10 0 3 3 #=N11
L 180 110 10 0 8 0 1 0  GND_N11
A 180 110 10 0 3 0 PINTYPE=BI
P 198 215 100 185 100 0 3 0
A 190 100 10 0 3 3 #=N12
L 180 100 10 0 8 0 1 0  GND_N12
A 180 100 10 0 3 0 PINTYPE=BI
P 199 215 90 185 90 0 3 0
A 190 90 10 0 3 3 #=N13
L 180 90 10 0 8 0 1 0  GND_N13
A 180 90 10 0 3 0 PINTYPE=BI
P 200 215 80 185 80 0 3 0
A 190 80 10 0 3 3 #=N14
L 180 80 10 0 8 0 1 0  GND_N14
A 180 80 10 0 3 0 PINTYPE=BI
T 110 1120 20 0 5 GND_A_1
T 110 1100 20 0 5 GTMFF1924
U 30 1140 10 0 3 3 DEVICE=XXXXXXX
U 30 50 16 0 1 3 REFDES=U?
U 185 35 10 0 9 3 PKG_TYPE=XXXXXXX
U 0 0 10 0 3 0 HETERO=gtmff1924A_POWER_A,gtmff1924A_JTAG_A,gtmff1924A_VCO_A,gtmff1924A_MEM_A,gtmff1924A_SCAN_A,gtmff1924A_GTM_A,gtmff1924A_ESD_A,gtmff1924A_GND_A_1,gtmff1924A_GND_A_2,gtmff1924A_POWER_C,gtmff1924A_JTAG_C,gtmff1924A_VCO_C,gtmff1924A_MEM_C,gtmff1924A_SCAN_C,gtmff1924A_GTM_C,gtmff1924A_ESD_C,gtmff1924A_GND_C_1,gtmff1924A_GND_C_2,gtmff1924A_POWER_B,gtmff1924A_JTAG_B,gtmff1924A_VCO_B,gtmff1924A_MEM_B,gtmff1924A_SCAN_B,gtmff1924A_GTM_B,gtmff1924A_ESD_B,gtmff1924A_GND_B_1,gtmff1924A_GND_B_2,gtmff1924A_POWER_D,gtmff1924A_JTAG_D,gtmff1924A_VCO_D,gtmff1924A_MEM_D,gtmff1924A_SCAN_D,gtmff1924A_GTM_D,gtmff1924A_ESD_D,gtmff1924A_GND_D_1,gtmff1924A_GND_D_2
E