V 51
K 89855446090 hdr_2x11
|R 22:04_4-30-10
Y 1
D 0 0 80 220
Z 10
i 226
U 0 -10 10 0 3 0 PKG_TYPE=HDR_XXX
U -20 -30 10 0 3 0 LEVEL=STD
U -20 -50 10 0 3 0 PARTS=1
U -20 -40 10 0 3 0 DEVICE=HDR_XXX
U 20 -10 10 0 3 3 VALUE=HDR_XXX
U 27 223 16 0 3 3 REFDES=J?
P 173 80 130 60 130 0 3 0
L 115 125 10 4 3 0 0 0 P10
A 215 130 10 4 3 0 PINTYPE=BI
A 75 130 10 4 3 3 #=10
P 157 0 50 20 50 0 2 0
L 0 45 10 4 3 0 0 0 P17
A -20 50 10 4 3 0 PINTYPE=BI
A 15 50 10 4 3 3 #=17
P 149 80 210 60 210 0 3 0
L 105 205 10 4 3 0 0 0 P2
A 215 210 10 4 3 0 PINTYPE=BI
A 75 210 10 4 3 3 #=2
P 150 0 190 20 190 0 2 0
L 0 185 10 4 3 0 0 0 P3
A -20 190 10 4 3 0 PINTYPE=BI
A 15 190 10 4 3 3 #=3
P 170 80 190 60 190 0 3 0
L 105 185 10 4 3 0 0 0 P4
A 215 190 10 4 3 0 PINTYPE=BI
A 75 190 10 4 3 3 #=4
P 151 0 170 20 170 0 2 0
L 0 165 10 4 3 0 0 0 P5
A -20 170 10 4 3 0 PINTYPE=BI
A 15 170 10 4 3 3 #=5
P 171 80 170 60 170 0 3 0
L 105 165 10 4 3 0 0 0 P6
A 215 170 10 4 3 0 PINTYPE=BI
A 75 170 10 4 3 3 #=6
P 152 0 150 20 150 0 2 0
L 0 145 10 4 3 0 0 0 P7
A -20 150 10 4 3 0 PINTYPE=BI
A 15 150 10 4 3 3 #=7
P 172 80 150 60 150 0 3 0
L 105 145 10 4 3 0 0 0 P8
A 215 150 10 4 3 0 PINTYPE=BI
A 75 150 10 4 3 3 #=8
P 153 0 130 20 130 0 2 0
L 0 125 10 4 3 0 0 0 P9
A -20 130 10 4 3 0 PINTYPE=BI
A 15 130 10 4 3 3 #=9
P 174 80 110 60 110 0 3 0
L 115 105 10 4 3 0 0 0 P12
A 215 110 10 4 3 0 PINTYPE=BI
A 75 110 10 4 3 3 #=12
P 175 80 90 60 90 0 3 0
L 115 85 10 4 3 0 0 0 P14
A 215 90 10 4 3 0 PINTYPE=BI
A 75 90 10 4 3 3 #=14
P 176 80 70 60 70 0 3 0
L 115 65 10 4 3 0 0 0 P16
A 215 70 10 4 3 0 PINTYPE=BI
A 75 70 10 4 3 3 #=16
P 177 80 50 60 50 0 3 0
L 115 45 10 4 3 0 0 0 P18
A 215 50 10 4 3 0 PINTYPE=BI
A 75 50 10 4 3 3 #=18
P 178 80 30 60 30 0 3 0
A 75 30 10 4 3 3 #=20
A 215 30 10 4 3 0 PINTYPE=BI
L 115 25 10 4 3 0 0 0 P20
P 191 80 10 60 10 0 3 0
L 115 5 10 4 3 0 0 0 P22
A 215 10 10 4 3 0 PINTYPE=BI
A 75 10 10 4 3 3 #=22
P 199 0 10 20 10 0 2 0
L -5 5 10 4 3 0 0 0 P21
A -25 10 10 4 3 0 PINTYPE=BI
A 15 10 10 4 3 3 #=21
P 156 0 70 20 70 0 2 0
L 0 65 10 4 3 0 0 0 P15
A -20 70 10 4 3 0 PINTYPE=BI
A 15 70 10 4 3 3 #=15
P 154 0 110 20 110 0 2 0
L -5 105 10 4 3 0 0 0 P11
A -25 110 10 4 3 0 PINTYPE=BI
A 15 110 10 4 3 3 #=11
P 155 0 90 20 90 0 2 0
L 0 85 10 4 3 0 0 0 P13
A -20 90 10 4 3 0 PINTYPE=BI
A 15 90 10 4 3 3 #=13
P 147 0 210 20 210 0 2 0
L 0 205 10 4 3 0 0 0 P1
A -20 210 10 4 3 0 PINTYPE=BI
A 15 210 10 4 3 3 #=1
P 158 0 30 20 30 0 2 0
A 15 30 10 4 3 3 #=19
A -20 30 10 4 3 0 PINTYPE=BI
L 0 25 10 4 3 0 0 0 P19
c 60 10 0
b 40 0 60 20
c 50 10 5
b 20 0 40 20
c 30 10 5
c 60 110 0
b 40 200 60 220
b 40 180 60 200
b 40 160 60 180
b 40 140 60 160
b 40 120 60 140
b 40 100 60 120
b 40 80 60 100
b 40 60 60 80
c 50 50 5
b 40 40 60 60
b 40 20 60 40
b 20 20 40 40
b 20 40 40 60
c 30 70 5
c 30 90 5
c 50 70 5
c 30 30 5
c 50 30 5
c 30 50 5
b 20 80 40 100
b 20 60 40 80
c 50 90 5
c 50 110 5
b 20 100 40 120
b 20 120 40 140
b 20 140 40 160
b 20 160 40 180
b 20 180 40 200
c 50 210 5
c 50 190 5
c 50 170 5
c 50 150 5
c 50 130 5
b 20 200 40 220
c 30 210 5
c 30 190 5
c 30 170 5
c 30 150 5
c 30 130 5
c 30 110 5
E
