V 51
K 261180631500 hdr_1x32
|R 1:42_4-30-10
Y 1
D 0 0 40 320
Z 10
i 203
U 0 -10 10 0 3 0 PKG_TYPE=HDR_1X32
U -20 -30 10 0 3 0 LEVEL=STD
U -20 -50 10 0 3 0 PARTS=1
U -20 -40 10 0 3 0 DEVICE=HDR_1X32
U 10 -10 10 0 3 3 VALUE=XX
U 7 328 10 0 3 3 REFDES=J?
P 147 40 315 20 315 0 3 0
A 20 315 10 0 3 3 #=1
L 40 310 10 0 3 0 0 0 P1
A 75 310 10 0 3 0 PINTYPE=BI
P 158 40 225 20 225 0 3 0
A 20 225 10 0 3 3 #=10
L 40 220 10 0 3 0 0 0 P10
A 75 220 10 0 3 0 PINTYPE=BI
P 159 40 215 20 215 0 3 0
A 20 215 10 0 3 3 #=11
L 40 210 10 0 3 0 0 0 P11
A 75 210 10 0 3 0 PINTYPE=BI
P 160 40 205 20 205 0 3 0
A 20 205 10 0 3 3 #=12
L 40 200 10 0 3 0 0 0 P12
A 75 200 10 0 3 0 PINTYPE=BI
P 161 40 195 20 195 0 3 0
A 20 195 10 0 3 3 #=13
L 40 190 10 0 3 0 0 0 P13
A 75 190 10 0 3 0 PINTYPE=BI
P 162 40 185 20 185 0 3 0
A 20 185 10 0 3 3 #=14
L 40 180 10 0 3 0 0 0 P14
A 75 180 10 0 3 0 PINTYPE=BI
P 163 40 175 20 175 0 3 0
A 20 175 10 0 3 3 #=15
L 40 170 10 0 3 0 0 0 P15
A 75 170 10 0 3 0 PINTYPE=BI
P 164 40 165 20 165 0 3 0
A 20 165 10 0 3 3 #=16
A 75 160 10 0 3 0 PINTYPE=BI
L 40 160 10 0 3 0 0 0 P16
P 165 40 155 20 155 0 3 0
A 20 155 10 0 3 3 #=17
A 75 150 10 0 3 0 PINTYPE=BI
L 40 150 10 0 3 0 0 0 P17
P 166 40 145 20 145 0 3 0
A 20 145 10 0 3 3 #=18
A 75 140 10 0 3 0 PINTYPE=BI
L 40 140 10 0 3 0 0 0 P18
P 167 40 135 20 135 0 3 0
A 20 135 10 0 3 3 #=19
A 75 130 10 0 3 0 PINTYPE=BI
L 40 130 10 0 3 0 0 0 P19
P 150 40 305 20 305 0 3 0
A 20 305 10 0 3 3 #=2
L 40 300 10 0 3 0 0 0 P2
A 75 300 10 0 3 0 PINTYPE=BI
P 169 40 125 20 125 0 3 0
A 20 125 10 0 3 3 #=20
A 75 120 10 0 3 0 PINTYPE=BI
L 40 120 10 0 3 0 0 0 P20
P 193 40 115 20 115 0 3 0
A 20 115 10 0 3 3 #=21
A 75 110 10 0 3 0 PINTYPE=BI
L 40 110 10 0 3 0 0 0 P21
P 192 40 105 20 105 0 3 0
A 20 105 10 0 3 3 #=22
A 75 100 10 0 3 0 PINTYPE=BI
L 40 100 10 0 3 0 0 0 P22
P 191 40 95 20 95 0 3 0
A 20 95 10 0 3 3 #=23
A 75 90 10 0 3 0 PINTYPE=BI
L 40 90 10 0 3 0 0 0 P23
P 190 40 85 20 85 0 3 0
A 20 85 10 0 3 3 #=24
A 75 80 10 0 3 0 PINTYPE=BI
L 40 80 10 0 3 0 0 0 P24
P 189 40 75 20 75 0 3 0
L 40 70 10 0 3 0 0 0 P25
A 75 70 10 0 3 0 PINTYPE=BI
A 20 75 10 0 3 3 #=25
P 151 40 295 20 295 0 3 0
A 20 295 10 0 3 3 #=3
L 40 290 10 0 3 0 0 0 P3
A 75 290 10 0 3 0 PINTYPE=BI
P 155 40 255 20 255 0 3 0
A 20 255 10 0 3 3 #=7
L 40 250 10 0 3 0 0 0 P7
A 75 250 10 0 3 0 PINTYPE=BI
P 156 40 245 20 245 0 3 0
A 20 245 10 0 3 3 #=8
L 40 240 10 0 3 0 0 0 P8
A 75 240 10 0 3 0 PINTYPE=BI
P 157 40 235 20 235 0 3 0
A 20 235 10 0 3 3 #=9
L 40 230 10 0 3 0 0 0 P9
A 75 230 10 0 3 0 PINTYPE=BI
P 194 40 65 20 65 0 3 0
A 20 65 10 0 3 3 #=26
A 75 60 10 0 3 0 PINTYPE=BI
L 40 60 10 0 3 0 0 0 P26
P 195 40 55 20 55 0 3 0
L 40 50 10 0 3 0 0 0 P27
A 75 50 10 0 3 0 PINTYPE=BI
A 20 55 10 0 3 3 #=27
P 196 40 45 20 45 0 3 0
A 20 45 10 0 3 3 #=28
A 75 40 10 0 3 0 PINTYPE=BI
L 40 40 10 0 3 0 0 0 P28
P 197 40 35 20 35 0 3 0
L 40 30 10 0 3 0 0 0 P29
A 75 30 10 0 3 0 PINTYPE=BI
A 20 35 10 0 3 3 #=29
P 198 40 25 20 25 0 3 0
A 20 25 10 0 3 3 #=30
A 75 20 10 0 3 0 PINTYPE=BI
L 40 20 10 0 3 0 0 0 P30
P 199 40 15 20 15 0 3 0
L 40 10 10 0 3 0 0 0 P31
A 75 10 10 0 3 0 PINTYPE=BI
A 20 15 10 0 3 3 #=31
P 200 40 5 20 5 0 3 0
A 20 5 10 0 3 3 #=32
A 75 0 10 0 3 0 PINTYPE=BI
L 40 0 10 0 3 0 0 0 P32
P 154 40 265 20 265 0 3 0
A 20 265 10 0 3 3 #=6
L 40 260 10 0 3 0 0 0 P6
A 75 260 10 0 3 0 PINTYPE=BI
P 153 40 275 20 275 0 3 0
A 20 275 10 0 3 3 #=5
L 40 270 10 0 3 0 0 0 P5
A 75 270 10 0 3 0 PINTYPE=BI
P 152 40 285 20 285 0 3 0
A 20 285 10 0 3 3 #=4
L 40 280 10 0 3 0 0 0 P4
A 75 280 10 0 3 0 PINTYPE=BI
b 0 0 20 10
c 10 5 4
b 0 10 20 20
c 10 15 4
b 0 20 20 30
c 10 25 4
b 0 30 20 40
c 10 35 4
b 0 40 20 50
c 10 45 4
b 0 50 20 60
c 10 55 4
b 0 60 20 70
c 10 65 4
c 10 95 4
c 10 85 4
c 10 75 4
c 10 135 4
c 10 125 4
c 10 115 4
c 10 105 4
c 10 165 4
c 10 155 4
c 10 145 4
c 10 215 4
c 10 205 4
c 10 195 4
c 10 185 4
c 10 255 4
c 10 245 4
c 10 235 4
c 10 225 4
c 10 275 4
c 10 265 4
c 10 255 4
c 10 245 4
c 10 285 4
c 10 295 4
c 10 305 4
b 0 70 20 80
b 0 150 20 160
b 0 140 20 150
b 0 130 20 140
b 0 90 20 100
b 0 100 20 110
b 0 230 20 240
b 0 220 20 230
b 0 200 20 210
b 0 210 20 220
b 0 170 20 180
b 0 160 20 170
b 0 180 20 190
b 0 190 20 200
b 0 270 20 280
b 0 260 20 270
b 0 240 20 250
b 0 250 20 260
b 0 290 20 300
b 0 280 20 290
b 0 300 20 310
b 0 310 20 320
b 0 80 20 90
c 10 315 4
c 10 175 4
b 0 110 20 120
b 0 120 20 130
E
