V 51
K 299714542700 hdr_2x17
|R 22:08_4-30-10
Y 1
D 0 0 80 340
Z 10
i 226
U 0 -10 10 0 3 0 PKG_TYPE=HDR_XXX
U -20 -30 10 0 3 0 LEVEL=STD
U -20 -50 10 0 3 0 PARTS=1
U -20 -40 10 0 3 0 DEVICE=HDR_XXX
U 20 -10 10 0 3 3 VALUE=HDR_XXX
U 27 343 16 0 3 3 REFDES=J?
P 173 80 250 60 250 0 3 0
L 115 245 10 4 3 0 0 0 P10
A 215 250 10 4 3 0 PINTYPE=BI
A 75 250 10 4 3 3 #=10
P 157 0 170 20 170 0 2 0
L 0 165 10 4 3 0 0 0 P17
A -20 170 10 4 3 0 PINTYPE=BI
A 15 170 10 4 3 3 #=17
P 149 80 330 60 330 0 3 0
L 105 325 10 4 3 0 0 0 P2
A 215 330 10 4 3 0 PINTYPE=BI
A 75 330 10 4 3 3 #=2
P 150 0 310 20 310 0 2 0
L 0 305 10 4 3 0 0 0 P3
A -20 310 10 4 3 0 PINTYPE=BI
A 15 310 10 4 3 3 #=3
P 170 80 310 60 310 0 3 0
L 105 305 10 4 3 0 0 0 P4
A 215 310 10 4 3 0 PINTYPE=BI
A 75 310 10 4 3 3 #=4
P 151 0 290 20 290 0 2 0
L 0 285 10 4 3 0 0 0 P5
A -20 290 10 4 3 0 PINTYPE=BI
A 15 290 10 4 3 3 #=5
P 171 80 290 60 290 0 3 0
L 105 285 10 4 3 0 0 0 P6
A 215 290 10 4 3 0 PINTYPE=BI
A 75 290 10 4 3 3 #=6
P 152 0 270 20 270 0 2 0
L 0 265 10 4 3 0 0 0 P7
A -20 270 10 4 3 0 PINTYPE=BI
A 15 270 10 4 3 3 #=7
P 172 80 270 60 270 0 3 0
L 105 265 10 4 3 0 0 0 P8
A 215 270 10 4 3 0 PINTYPE=BI
A 75 270 10 4 3 3 #=8
P 153 0 250 20 250 0 2 0
L 0 245 10 4 3 0 0 0 P9
A -20 250 10 4 3 0 PINTYPE=BI
A 15 250 10 4 3 3 #=9
P 174 80 230 60 230 0 3 0
L 115 225 10 4 3 0 0 0 P12
A 215 230 10 4 3 0 PINTYPE=BI
A 75 230 10 4 3 3 #=12
P 175 80 210 60 210 0 3 0
L 115 205 10 4 3 0 0 0 P14
A 215 210 10 4 3 0 PINTYPE=BI
A 75 210 10 4 3 3 #=14
P 176 80 190 60 190 0 3 0
L 115 185 10 4 3 0 0 0 P16
A 215 190 10 4 3 0 PINTYPE=BI
A 75 190 10 4 3 3 #=16
P 177 80 170 60 170 0 3 0
L 115 165 10 4 3 0 0 0 P18
A 215 170 10 4 3 0 PINTYPE=BI
A 75 170 10 4 3 3 #=18
P 178 80 150 60 150 0 3 0
A 75 150 10 4 3 3 #=20
A 215 150 10 4 3 0 PINTYPE=BI
L 115 145 10 4 3 0 0 0 P20
P 191 80 130 60 130 0 3 0
L 115 125 10 4 3 0 0 0 P22
A 215 130 10 4 3 0 PINTYPE=BI
A 75 130 10 4 3 3 #=22
P 193 80 110 60 110 0 3 0
L 115 105 10 4 3 0 0 0 P24
A 215 110 10 4 3 0 PINTYPE=BI
A 75 110 10 4 3 3 #=24
P 194 80 90 60 90 0 3 0
L 115 85 10 4 3 0 0 0 P26
A 215 90 10 4 3 0 PINTYPE=BI
A 75 90 10 4 3 3 #=26
P 196 80 70 60 70 0 3 0
L 115 65 10 4 3 0 0 0 P28
A 215 70 10 4 3 0 PINTYPE=BI
A 75 70 10 4 3 3 #=28
P 198 80 50 60 50 0 3 0
A 75 50 10 4 3 3 #=30
A 215 50 10 4 3 0 PINTYPE=BI
L 115 45 10 4 3 0 0 0 P30
P 197 0 50 20 50 0 2 0
A 15 50 10 4 3 3 #=29
A -20 50 10 4 3 0 PINTYPE=BI
L 0 45 10 4 3 0 0 0 P29
P 195 0 70 20 70 0 2 0
L 0 65 10 4 3 0 0 0 P27
A -20 70 10 4 3 0 PINTYPE=BI
A 15 70 10 4 3 3 #=27
P 200 0 90 20 90 0 2 0
L 0 85 10 4 3 0 0 0 P25
A -20 90 10 4 3 0 PINTYPE=BI
A 15 90 10 4 3 3 #=25
P 192 0 110 20 110 0 2 0
L 0 105 10 4 3 0 0 0 P23
A -20 110 10 4 3 0 PINTYPE=BI
A 15 110 10 4 3 3 #=23
P 199 0 130 20 130 0 2 0
L -5 125 10 4 3 0 0 0 P21
A -25 130 10 4 3 0 PINTYPE=BI
A 15 130 10 4 3 3 #=21
P 156 0 190 20 190 0 2 0
L 0 185 10 4 3 0 0 0 P15
A -20 190 10 4 3 0 PINTYPE=BI
A 15 190 10 4 3 3 #=15
P 154 0 230 20 230 0 2 0
L -5 225 10 4 3 0 0 0 P11
A -25 230 10 4 3 0 PINTYPE=BI
A 15 230 10 4 3 3 #=11
P 155 0 210 20 210 0 2 0
L 0 205 10 4 3 0 0 0 P13
A -20 210 10 4 3 0 PINTYPE=BI
A 15 210 10 4 3 3 #=13
P 201 80 30 60 30 0 3 0
L 115 25 10 4 3 0 0 0 P32
A 215 30 10 4 3 0 PINTYPE=BI
A 75 30 10 4 3 3 #=32
P 147 0 330 20 330 0 2 0
L 0 325 10 4 3 0 0 0 P1
A -20 330 10 4 3 0 PINTYPE=BI
A 15 330 10 4 3 3 #=1
P 158 0 150 20 150 0 2 0
A 15 150 10 4 3 3 #=19
A -20 150 10 4 3 0 PINTYPE=BI
L 0 145 10 4 3 0 0 0 P19
P 206 0 30 20 30 0 2 0
L 0 25 10 4 3 0 0 0 P31
A -20 30 10 4 3 0 PINTYPE=BI
A 15 30 10 4 3 3 #=31
P 219 0 10 20 10 0 2 0
L -5 5 10 4 3 0 0 0 P33
A -25 10 10 4 3 0 PINTYPE=BI
A 15 10 10 4 3 3 #=33
P 221 80 10 60 10 0 3 0
L 115 5 10 4 3 0 0 0 P34
A 215 10 10 4 3 0 PINTYPE=BI
A 75 10 10 4 3 3 #=34
c 60 10 0
c 30 10 5
c 50 10 5
b 20 0 40 20
b 40 0 60 20
c 30 30 5
c 50 30 5
c 60 130 0
b 40 120 60 140
b 40 100 60 120
b 40 80 60 100
c 50 70 5
b 40 60 60 80
b 40 40 60 60
b 20 40 40 60
b 20 60 40 80
c 30 90 5
c 30 110 5
c 50 90 5
c 30 50 5
c 50 50 5
c 30 70 5
b 20 100 40 120
b 20 80 40 100
c 50 110 5
c 50 130 5
b 20 120 40 140
c 30 130 5
c 60 230 0
b 40 320 60 340
b 40 300 60 320
b 40 280 60 300
b 40 260 60 280
b 40 240 60 260
b 40 220 60 240
b 40 200 60 220
b 40 180 60 200
c 50 170 5
b 40 160 60 180
b 40 140 60 160
b 20 140 40 160
b 20 160 40 180
c 30 190 5
c 30 210 5
c 50 190 5
c 30 150 5
c 50 150 5
c 30 170 5
b 20 200 40 220
b 20 180 40 200
c 50 210 5
c 50 230 5
b 20 220 40 240
b 20 240 40 260
b 20 260 40 280
b 20 280 40 300
b 20 300 40 320
c 50 330 5
c 50 310 5
c 50 290 5
c 50 270 5
c 50 250 5
b 20 320 40 340
c 30 330 5
c 30 310 5
c 30 290 5
c 30 270 5
c 30 250 5
c 30 230 5
b 20 20 40 40
b 40 20 60 40
E
