V 51
K 100340180000 hdr_2x9
|R 23:18_11-29-12
Y 1
D 0 0 80 180
Z 10
i 190
U -20 -30 10 0 3 0 LEVEL=STD
U -20 -50 10 0 3 0 PARTS=1
U -20 -40 10 0 3 0 DEVICE=HDR_XXX
U 22 183 16 0 3 3 REFDES=J?
U 20 -10 10 0 3 3 VALUE=HDR_XXX
P 147 0 170 20 170 0 2 0
L 0 165 10 4 3 0 0 0 P1
A -20 170 10 4 3 0 PINTYPE=BI
A 15 170 10 4 3 3 #=1
P 173 80 90 60 90 0 3 0
L 115 85 10 4 3 0 0 0 P10
A 215 90 10 4 3 0 PINTYPE=BI
A 75 90 10 4 3 3 #=10
P 174 80 70 60 70 0 3 0
L 115 65 10 4 3 0 0 0 P12
A 215 70 10 4 3 0 PINTYPE=BI
A 75 70 10 4 3 3 #=12
P 155 0 50 20 50 0 2 0
L 0 45 10 4 3 0 0 0 P13
A -20 50 10 4 3 0 PINTYPE=BI
A 15 50 10 4 3 3 #=13
P 175 80 50 60 50 0 3 0
L 115 45 10 4 3 0 0 0 P14
A 215 50 10 4 3 0 PINTYPE=BI
A 75 50 10 4 3 3 #=14
P 176 80 30 60 30 0 3 0
L 115 25 10 4 3 0 0 0 P16
A 215 30 10 4 3 0 PINTYPE=BI
A 75 30 10 4 3 3 #=16
P 157 0 10 20 10 0 2 0
L 0 5 10 4 3 0 0 0 P17
A -20 10 10 4 3 0 PINTYPE=BI
A 15 10 10 4 3 3 #=17
P 177 80 10 60 10 0 3 0
L 115 5 10 4 3 0 0 0 P18
A 215 10 10 4 3 0 PINTYPE=BI
A 75 10 10 4 3 3 #=18
P 149 80 170 60 170 0 3 0
L 105 165 10 4 3 0 0 0 P2
A 215 170 10 4 3 0 PINTYPE=BI
A 75 170 10 4 3 3 #=2
P 150 0 150 20 150 0 2 0
L 0 145 10 4 3 0 0 0 P3
A -20 150 10 4 3 0 PINTYPE=BI
A 15 150 10 4 3 3 #=3
P 170 80 150 60 150 0 3 0
L 105 145 10 4 3 0 0 0 P4
A 215 150 10 4 3 0 PINTYPE=BI
A 75 150 10 4 3 3 #=4
P 151 0 130 20 130 0 2 0
L 0 125 10 4 3 0 0 0 P5
A -20 130 10 4 3 0 PINTYPE=BI
A 15 130 10 4 3 3 #=5
P 171 80 130 60 130 0 3 0
L 105 125 10 4 3 0 0 0 P6
A 215 130 10 4 3 0 PINTYPE=BI
A 75 130 10 4 3 3 #=6
P 152 0 110 20 110 0 2 0
L 0 105 10 4 3 0 0 0 P7
A -20 110 10 4 3 0 PINTYPE=BI
A 15 110 10 4 3 3 #=7
P 172 80 110 60 110 0 3 0
L 105 105 10 4 3 0 0 0 P8
A 215 110 10 4 3 0 PINTYPE=BI
A 75 110 10 4 3 3 #=8
P 153 0 90 20 90 0 2 0
L 0 85 10 4 3 0 0 0 P9
A -20 90 10 4 3 0 PINTYPE=BI
A 15 90 10 4 3 3 #=9
P 154 0 70 20 70 0 2 0
L -5 65 10 4 3 0 0 0 P11
A -25 70 10 4 3 0 PINTYPE=BI
A 15 70 10 4 3 3 #=11
c 60 70 0
b 40 160 60 180
b 40 140 60 160
b 40 120 60 140
b 40 100 60 120
b 40 80 60 100
b 40 60 60 80
b 40 40 60 60
b 40 20 60 40
c 50 10 5
b 40 0 60 20
b 20 0 40 20
c 30 30 5
c 30 50 5
c 50 30 5
c 30 10 5
b 20 40 40 60
b 20 20 40 40
c 50 50 5
c 50 70 5
b 20 60 40 80
b 20 80 40 100
b 20 100 40 120
b 20 120 40 140
b 20 140 40 160
c 50 170 5
c 50 150 5
c 50 130 5
c 50 110 5
c 50 90 5
b 20 160 40 180
c 30 170 5
c 30 150 5
c 30 130 5
c 30 110 5
c 30 90 5
c 30 70 5
P 156 0 30 20 30 0 2 0
L 0 25 10 4 3 0 0 0 P15
A -20 30 10 4 3 0 PINTYPE=BI
A 15 30 10 4 3 3 #=15
E
