V 51
K 217749099400 hdr_1x37
|R 17:14_4-30-10
Y 1
D 0 0 40 740
Z 10
i 242
U 0 -20 10 0 3 0 PKG_TYPE=HDR_XXX
U 5 -75 10 0 3 0 LEVEL=STD
U 5 -95 10 0 3 0 PARTS=1
U 5 -85 10 0 3 0 DEVICE=HDR_XXX
U 7 743 10 0 3 3 REFDES=J?
U 0 -10 10 0 3 3 VALUE=XX
P 147 40 730 20 730 0 3 0
L 40 725 10 0 3 0 0 0 P1
A 60 730 10 0 3 0 PINTYPE=BI
A 25 730 10 0 3 3 #=1
P 150 40 710 20 710 0 3 0
A 25 710 10 0 3 3 #=2
L 40 705 10 0 3 0 0 0 P2
A 60 710 10 0 3 0 PINTYPE=BI
P 151 40 690 20 690 0 3 0
A 25 690 10 0 3 3 #=3
L 40 685 10 0 3 0 0 0 P3
A 60 690 10 0 3 0 PINTYPE=BI
P 152 40 670 20 670 0 3 0
A 25 670 10 0 3 3 #=4
L 40 665 10 0 3 0 0 0 P4
A 60 670 10 0 3 0 PINTYPE=BI
P 153 40 650 20 650 0 3 0
A 25 650 10 0 3 3 #=5
L 40 645 10 0 3 0 0 0 P5
A 60 650 10 0 3 0 PINTYPE=BI
P 154 40 630 15 630 0 3 0
A 25 630 10 0 3 3 #=6
L 40 625 10 0 3 0 0 0 P6
A 60 630 10 0 3 0 PINTYPE=BI
P 155 40 610 20 610 0 3 0
A 60 610 10 0 3 0 PINTYPE=BI
L 40 605 10 0 3 0 0 0 P7
A 25 610 10 0 3 3 #=7
P 189 40 590 20 590 0 3 0
A 60 590 10 0 3 0 PINTYPE=BI
L 40 585 10 0 3 0 0 0 P8
A 25 590 10 0 3 3 #=8
P 191 40 570 20 570 0 3 0
A 25 570 10 0 3 3 #=9
L 40 565 10 0 3 0 0 0 P9
A 60 570 10 0 3 0 PINTYPE=BI
P 208 40 350 20 350 0 3 0
A 25 350 10 0 3 3 #=20
L 40 345 10 0 3 0 0 0 P20
A 60 350 10 0 3 0 PINTYPE=BI
P 207 40 370 20 370 0 3 0
A 60 370 10 0 3 0 PINTYPE=BI
L 40 365 10 0 3 0 0 0 P19
A 25 370 10 0 3 3 #=19
P 209 40 390 20 390 0 3 0
A 60 390 10 0 3 0 PINTYPE=BI
L 40 385 10 0 3 0 0 0 P18
A 25 390 10 0 3 3 #=18
P 205 40 410 20 410 0 3 0
A 25 410 10 0 3 3 #=17
L 40 405 10 0 3 0 0 0 P17
A 60 410 10 0 3 0 PINTYPE=BI
P 204 40 430 15 430 0 3 0
A 60 430 10 0 3 0 PINTYPE=BI
L 40 425 10 0 3 0 0 0 P16
A 25 430 10 0 3 3 #=16
P 198 40 450 20 450 0 3 0
A 25 450 10 0 3 3 #=15
L 40 445 10 0 3 0 0 0 P15
A 60 450 10 0 3 0 PINTYPE=BI
P 193 40 470 20 470 0 3 0
A 60 470 10 0 3 0 PINTYPE=BI
L 40 465 10 0 3 0 0 0 P14
A 25 470 10 0 3 3 #=14
P 194 40 490 20 490 0 3 0
A 25 490 10 0 3 3 #=13
L 40 485 10 0 3 0 0 0 P13
A 60 490 10 0 3 0 PINTYPE=BI
P 195 40 510 20 510 0 3 0
A 25 510 10 0 3 3 #=12
L 40 505 10 0 3 0 0 0 P12
A 60 510 10 0 3 0 PINTYPE=BI
P 196 40 530 15 530 0 3 0
A 60 530 10 0 3 0 PINTYPE=BI
L 40 525 10 0 3 0 0 0 P11
A 25 530 10 0 3 3 #=11
P 197 40 550 20 550 0 3 0
A 60 550 10 0 3 0 PINTYPE=BI
L 40 545 10 0 3 0 0 0 P10
A 25 550 10 0 3 3 #=10
P 230 40 330 15 330 0 3 0
A 60 330 10 0 3 0 PINTYPE=BI
L 40 325 10 0 3 0 0 0 P21
A 25 330 10 0 3 3 #=21
P 229 40 310 20 310 0 3 0
A 25 310 10 0 3 3 #=22
L 40 305 10 0 3 0 0 0 P22
A 60 310 10 0 3 0 PINTYPE=BI
P 228 40 290 20 290 0 3 0
A 25 290 10 0 3 3 #=23
L 40 285 10 0 3 0 0 0 P23
A 60 290 10 0 3 0 PINTYPE=BI
P 227 40 270 20 270 0 3 0
A 60 270 10 0 3 0 PINTYPE=BI
L 40 265 10 0 3 0 0 0 P24
A 25 270 10 0 3 3 #=24
P 225 40 230 15 230 0 3 0
A 60 230 10 0 3 0 PINTYPE=BI
L 40 225 10 0 3 0 0 0 P26
A 25 230 10 0 3 3 #=26
P 226 40 250 20 250 0 3 0
A 25 250 10 0 3 3 #=25
L 40 245 10 0 3 0 0 0 P25
A 60 250 10 0 3 0 PINTYPE=BI
P 224 40 210 20 210 0 3 0
A 25 210 10 0 3 3 #=27
L 40 205 10 0 3 0 0 0 P27
A 60 210 10 0 3 0 PINTYPE=BI
P 223 40 190 20 190 0 3 0
A 60 190 10 0 3 0 PINTYPE=BI
L 40 185 10 0 3 0 0 0 P28
A 25 190 10 0 3 3 #=28
P 221 40 150 20 150 0 3 0
A 25 150 10 0 3 3 #=30
L 40 145 10 0 3 0 0 0 P30
A 60 150 10 0 3 0 PINTYPE=BI
P 222 40 170 20 170 0 3 0
A 60 170 10 0 3 0 PINTYPE=BI
L 40 165 10 0 3 0 0 0 P29
A 25 170 10 0 3 3 #=29
P 231 40 130 15 130 0 3 0
A 60 130 10 0 3 0 PINTYPE=BI
L 40 125 10 0 3 0 0 0 P31
A 25 130 10 0 3 3 #=31
P 232 40 110 20 110 0 3 0
A 25 110 10 0 3 3 #=32
L 40 105 10 0 3 0 0 0 P32
A 60 110 10 0 3 0 PINTYPE=BI
P 233 40 90 20 90 0 3 0
A 25 90 10 0 3 3 #=33
L 40 85 10 0 3 0 0 0 P33
A 60 90 10 0 3 0 PINTYPE=BI
P 234 40 70 20 70 0 3 0
A 60 70 10 0 3 0 PINTYPE=BI
L 40 65 10 0 3 0 0 0 P34
A 25 70 10 0 3 3 #=34
P 236 40 50 20 50 0 3 0
A 25 50 10 0 3 3 #=35
L 40 45 10 0 3 0 0 0 P35
A 60 50 10 0 3 0 PINTYPE=BI
P 235 40 30 15 30 0 3 0
A 60 30 10 0 3 0 PINTYPE=BI
L 40 25 10 0 3 0 0 0 P36
A 25 30 10 0 3 3 #=36
P 237 40 10 20 10 0 3 0
A 25 10 10 0 3 3 #=37
L 40 5 10 0 3 0 0 0 P37
A 60 10 10 0 3 0 PINTYPE=BI
c 10 10 5
b 0 20 20 40
c 10 30 5
b 0 40 20 60
c 10 50 5
b 0 100 20 120
c 10 110 5
b 0 120 20 140
c 10 130 5
c 10 90 5
b 0 80 20 100
c 10 70 5
b 0 60 20 80
b 0 0 20 20
b 0 140 20 160
c 10 150 5
c 10 210 5
b 0 220 20 240
c 10 230 5
c 10 190 5
b 0 180 20 200
c 10 170 5
b 0 160 20 180
b 0 240 20 260
c 10 250 5
b 0 300 20 320
c 10 310 5
b 0 320 20 340
c 10 330 5
c 10 290 5
b 0 280 20 300
c 10 270 5
b 0 260 20 280
b 0 200 20 220
b 0 340 20 360
c 10 350 5
c 10 410 5
b 0 420 20 440
c 10 430 5
c 10 390 5
b 0 380 20 400
c 10 370 5
b 0 360 20 380
b 0 440 20 460
c 10 450 5
b 0 500 20 520
c 10 510 5
b 0 520 20 540
c 10 530 5
c 10 550 5
b 0 540 20 560
c 10 490 5
b 0 480 20 500
c 10 470 5
c 10 570 5
b 0 560 20 580
b 0 580 20 600
c 10 590 5
b 0 640 20 660
c 10 650 5
c 10 630 5
b 0 620 20 640
c 10 610 5
b 0 600 20 620
b 0 660 20 680
c 10 670 5
b 0 680 20 700
c 10 690 5
b 0 700 20 720
c 10 710 5
c 10 730 5
b 0 720 20 740
b 0 460 20 480
b 0 400 20 420
E
