V 53
K 1438990669 ics874003.1
F Case
|R 16:37:49_8-7-15
D 0 240 200 0
Y 1
Z 10
i 33
U 0 -10 10 0 3 0 VALUE=ICS874003
U 20 230 10 0 3 3 DEVICE=ICS874003
U 130 0 10 0 3 0 PKG_TYPE=TSSOP-20
U 25 -5 16 0 3 3 REFDES=U?
U 0 0 10 0 1 0 FORWARD_PCB=1
b 20 10 180 230
P 1 0 210 20 210 0 2 0
L 25 210 10 0 2 0 1 0 QA1
A 30 215 10 0 2 0 PINTYPE=OUT
A 15 210 10 0 9 3 #=1
P 2 0 190 20 190 0 2 0
L 25 190 10 0 2 0 1 0 VDDO1
A 30 195 10 0 2 0 PINTYPE=POWER
A 15 190 10 0 9 3 #=2
P 3 0 170 20 170 0 2 0
L 25 170 10 0 2 0 1 0 QA0
A 30 175 10 0 2 0 PINTYPE=OUT
A 15 170 10 0 9 3 #=3
P 4 0 150 20 150 0 2 0
L 25 150 10 0 2 0 1 0 NQA0
A 30 155 10 0 2 0 PINTYPE=OUT
A 15 150 10 0 9 3 #=4
P 5 0 130 20 130 0 2 0
L 25 130 10 0 2 0 1 0 MR
A 30 135 10 0 2 0 PINTYPE=IN
A 15 130 10 0 9 3 #=5
P 6 0 110 20 110 0 2 0
L 25 110 10 0 2 0 1 0 F_SEL0
A 30 115 10 0 2 0 PINTYPE=IN
A 15 110 10 0 9 3 #=6
P 7 0 90 20 90 0 2 0
L 25 90 10 0 2 0 1 0 NC1
A 30 95 10 0 2 0 PINTYPE=BI
A 15 90 10 0 9 3 #=7
P 8 0 70 20 70 0 2 0
L 25 70 10 0 2 0 1 0 VDDA
A 30 75 10 0 2 0 PINTYPE=POWER
A 15 70 10 0 9 3 #=8
P 9 200 210 180 210 0 3 0
L 175 210 10 0 8 0 1 0 NQA1
A 180 220 10 0 2 0 PINTYPE=OUT
A 180 210 10 0 3 3 #=20
P 10 200 190 180 190 0 3 0
L 175 190 10 0 8 0 1 0 VDDO2
A 180 200 10 0 2 0 PINTYPE=POWER
A 180 190 10 0 3 3 #=19
P 11 200 170 180 170 0 3 0
L 175 170 10 0 8 0 1 0 QB0
A 180 180 10 0 2 0 PINTYPE=OUT
A 180 170 10 0 3 3 #=18
P 12 200 150 180 150 0 3 0
L 175 150 10 0 8 0 1 0 NQB0
A 180 160 10 0 2 0 PINTYPE=OUT
A 180 150 10 0 3 3 #=17
P 13 200 130 180 130 0 3 0
L 175 130 10 0 8 0 1 0 F_SEL2
A 180 140 10 0 2 0 PINTYPE=IN
A 180 130 10 0 3 3 #=16
P 14 200 110 180 110 0 3 0
L 175 110 10 0 8 0 1 0 OEB
A 180 120 10 0 2 0 PINTYPE=IN
A 180 110 10 0 3 3 #=15
P 15 200 90 180 90 0 3 0
L 175 90 10 0 8 0 1 0 GND
A 180 100 10 0 2 0 PINTYPE=GROUND
A 180 90 10 0 3 3 #=14
P 16 200 70 180 70 0 3 0
L 175 70 10 0 8 0 1 0 NCLK
A 180 80 10 0 2 0 PINTYPE=IN
A 180 70 10 0 3 3 #=13
P 18 200 50 180 50 0 3 0
L 155 45 10 0 3 0 1 0 CLK
A 220 50 10 0 9 0 PINTYPE=IN
A 195 50 10 0 9 3 #=12
P 19 200 30 180 30 0 3 0
L 155 25 10 0 3 0 1 0 OEA
A 220 30 10 0 9 0 PINTYPE=IN
A 195 30 10 0 9 3 #=11
P 20 0 50 20 50 0 2 0
L 25 45 10 0 3 0 1 0 F_SEL1
A -25 50 10 0 3 0 PINTYPE=IN
A 10 50 10 0 3 3 #=9
P 21 0 30 20 30 0 2 0
L 25 25 10 0 3 0 1 0 VDD
A -25 30 10 0 3 0 PINTYPE=POWER
A 5 30 10 0 3 3 #=10
E 
