V 53
K 1439254258 ics843011.1
F Case
|R 17:50:58_8-10-15
D 0 100 170 0
Y 1
Z 10
i 50
U -190 -40 10 0 3 0 LEVEL=STD
U -190 -50 10 0 3 0 PARTS=1
U -190 -70 10 0 3 0 PART_SPEC=ICS844021I
U 20 0 10 0 3 3 REFDES=U?
U 115 0 10 0 3 0 PKG_TYPE=TSSOP8
U 30 90 10 0 3 3 DEVICE=ICS843011
U 0 0 10 0 1 0 FORWARD_PCB=1
b 20 10 150 90
P 18 0 60 20 60 0 2 0
L 20 60 10 0 2 0 1 0 GND
A 20 60 10 0 9 3 #=2
A -30 50 10 0 9 0 PINTYPE=POWER
P 19 170 80 150 80 0 3 0
L 150 80 10 0 8 0 1 0 VDD
A 150 80 10 0 3 3 #=8
A 210 75 10 0 3 0 PINTYPE=POWER
P 20 0 40 20 40 0 2 0
L 20 40 10 0 2 0 1 0 XTAL_OUT
A -30 30 10 0 9 0 PINTYPE=IN
A 20 40 10 0 9 3 #=3
P 22 0 20 20 20 0 2 0
L 20 20 10 0 2 0 1 0 XTAL_IN
A 20 20 10 0 9 3 #=4
A -30 10 10 0 9 0 PINTYPE=IN
P 27 170 20 150 20 0 3 0
L 150 20 10 0 8 0 1 0 NC
A 150 20 10 0 3 3 #=5
A 210 15 10 0 3 0 PINTYPE=BI
P 38 170 60 150 60 0 3 0
L 150 60 10 0 8 0 1 0 Q0
A 150 60 10 0 3 3 #=7
A 210 55 10 0 3 0 PINTYPE=OUT
P 40 170 40 150 40 0 3 0
L 150 40 10 0 8 0 1 0 NQ0
A 150 40 10 0 3 3 #=6
A 210 35 10 0 3 0 PINTYPE=OUT
P 49 0 80 20 80 0 2 0
L 20 80 10 0 2 0 1 0 VDDA
A -30 70 10 0 9 0 PINTYPE=POWER
A 20 80 10 0 9 3 #=1
E 
