V 51
K 205841598400 ics874001
|R 0:16_4-19-13
Y 1
D 0 0 200 240
Z 10
i 22
U 0 -10 10 0 3 0 VALUE=VALUE
U 20 230 10 0 3 3 DEVICE=DEVICE
U 130 0 10 0 3 3 PKG_TYPE=PKG_TYPE
U 25 -5 16 0 3 3 REFDES=U?
P 7 0 90 20 90 0 2 0
A 30 95 10 0 2 0 PINTYPE=BI
A 20 90 10 0 9 3 #=7
L 25 90 10 0 2 1 1 0 F_SEL1
P 6 0 110 20 110 0 2 0
A 30 115 10 0 2 0 PINTYPE=BI
A 20 110 10 0 9 3 #=6
L 25 110 10 0 2 1 1 0 BW_SEL
P 5 0 130 20 130 0 2 0
A 30 135 10 0 2 0 PINTYPE=BI
A 20 130 10 0 9 3 #=5
L 25 130 10 0 2 1 1 0 MR
P 4 0 150 20 150 0 2 0
A 30 155 10 0 2 0 PINTYPE=BI
A 20 150 10 0 9 3 #=4
L 25 150 10 0 2 1 1 0 NC3
P 3 0 170 20 170 0 2 0
A 30 175 10 0 2 0 PINTYPE=BI
A 20 170 10 0 9 3 #=3
L 25 170 10 0 2 1 1 0 NC2
P 2 0 190 20 190 0 2 0
A 30 195 10 0 2 0 PINTYPE=BI
A 20 190 10 0 9 3 #=2
L 25 190 10 0 2 1 1 0 NC1
P 20 0 50 20 50 0 2 0
A -25 50 10 0 3 0 PINTYPE=BI
A 15 50 10 0 3 3 #=9
L 25 45 10 0 3 1 1 0 F_SEL0
P 8 0 70 20 70 0 2 0
A 30 75 10 0 2 0 PINTYPE=BI
A 20 70 10 0 9 3 #=8
L 25 70 10 0 2 1 1 0 VDDA
P 19 200 30 180 30 0 3 0
L 165 25 10 0 3 1 1 0 OE
A 220 30 10 0 9 0 PINTYPE=BI
A 195 30 10 0 9 3 #=11
P 18 200 50 180 50 0 3 0
L 160 45 10 0 3 1 1 0 CLK
A 220 50 10 0 9 0 PINTYPE=BI
A 195 50 10 0 9 3 #=12
P 16 200 70 180 70 0 3 0
A 180 80 10 0 2 0 PINTYPE=BI
A 180 70 10 0 3 3 #=13
L 175 70 10 0 8 1 1 0 NCLK
P 15 200 90 180 90 0 3 0
A 180 100 10 0 2 0 PINTYPE=BI
A 180 90 10 0 3 3 #=14
L 175 90 10 0 8 1 1 0 GND
P 13 200 130 180 130 0 3 0
A 180 140 10 0 2 0 PINTYPE=BI
A 180 130 10 0 3 3 #=16
L 175 130 10 0 8 1 1 0 NC5
P 12 200 150 180 150 0 3 0
A 180 160 10 0 2 0 PINTYPE=BI
A 180 150 10 0 3 3 #=17
L 175 150 10 0 8 1 1 0 NQ
P 11 200 170 180 170 0 3 0
A 180 180 10 0 2 0 PINTYPE=BI
A 180 170 10 0 3 3 #=18
L 175 170 10 0 8 1 1 0 Q
P 10 200 190 180 190 0 3 0
A 180 200 10 0 2 0 PINTYPE=BI
A 180 190 10 0 3 3 #=19
L 175 190 10 0 8 1 1 0 VDDO
P 9 200 210 180 210 0 3 0
A 180 220 10 0 2 0 PINTYPE=BI
A 180 210 10 0 3 3 #=20
L 175 210 10 0 8 1 1 0 NC6
P 14 200 110 180 110 0 3 0
A 180 120 10 0 2 0 PINTYPE=BI
A 180 110 10 0 3 3 #=15
L 175 110 10 0 8 1 1 0 NC4
P 21 0 30 20 30 0 2 0
A -25 30 10 0 3 0 PINTYPE=BI
A 10 30 10 0 3 3 #=10
L 25 25 10 0 3 1 1 0 VDD
P 1 0 210 20 210 0 2 0
A 30 215 10 0 2 0 PINTYPE=BI
A 20 210 10 0 9 3 #=1
L 25 210 10 0 2 1 1 0 PLL_SEL
b 20 10 180 230
E
