V 53
K 1454978570 ics85411alf.1
F Case
|R 16:42:50_2-8-16
D -30 80 80 0
Y 1
Z 10
i 9
U 0 -50 10 0 3 0 PKG_TYPE=PKG_TYPE
U 0 141 10 0 3 0 MANF_P/N=MANF_P/N
U -30 70 9 0 3 3 DEVICE=DEVICE
U -27 1 16 0 3 3 REFDES=U?
U -30 0 10 0 1 0 FORWARD_PCB=1
b -10 20 60 70
P 1 -30 60 -10 60 0 2 0
L -10 60 9 0 2 0 1 0 Q0
A -15 60 9 0 9 3 #=1
A -10 -20 9 0 3 0 PINTYPE=OUT
P 2 -30 50 -10 50 0 2 0
L -10 50 9 0 2 0 1 0 NQ0
A -15 50 9 0 9 3 #=2
A -10 -20 9 0 3 0 PINTYPE=OUT
P 61 -30 40 -10 40 0 2 0
L -10 40 9 0 2 0 1 0 Q1
A -15 40 9 0 9 3 #=3
A -10 -40 9 0 3 0 PINTYPE=OUT
P 62 -30 30 -10 30 0 2 0
L -10 30 9 0 2 0 1 0 NQ1
A -15 30 9 0 9 3 #=4
A -10 -40 9 0 3 0 PINTYPE=OUT
P 63 80 60 60 60 0 3 0
L 55 60 9 0 8 0 1 0 VDD
A 65 60 9 0 3 3 #=8
A 20 -20 9 0 3 0 PINTYPE=IN
P 64 80 30 60 30 0 3 0
L 55 30 9 0 8 0 1 0 GND
A 65 30 9 0 3 3 #=5
A 20 -20 9 0 3 0 PINTYPE=IN
P 65 80 50 60 50 0 3 0
L 55 50 9 0 8 0 1 0 CLK
A 65 50 9 0 3 3 #=7
A 20 -20 9 0 3 0 PINTYPE=IN
P 66 80 40 60 40 0 3 0
L 55 40 9 0 8 0 1 0 NCLK
A 65 40 9 0 3 3 #=6
A 20 -20 9 0 3 0 PINTYPE=IN
E 
