V 51
K 349523914500 isl6125
|R 18:16_6-14-11
Y 1
D 0 0 220 220
Z 10
i 31
U 0 -60 10 0 3 0 VALUE=ISL6125
U 0 -50 10 0 3 0 MANF=INTERSIL
U 0 -40 10 0 3 0 MANF_P/N=ISL6125IRZA
U 25 205 10 0 3 3 DEVICE=ISL6125
U 160 205 10 0 3 3 PKG_TYPE=QFN_24
U -20 0 16 0 3 3 REFDES=U?
P 9 220 180 200 180 0 3 0
L 195 180 10 0 8 0 1 0 GATE_A
A 205 180 10 0 3 3 #=2
A 200 185 10 0 2 0 PINTYPE=OUT
P 10 220 170 200 170 0 3 0
L 195 170 10 0 8 0 1 0 GATE_B
A 205 170 10 0 3 3 #=5
A 200 175 10 0 2 0 PINTYPE=OUT
P 13 220 100 200 100 0 3 0
L 195 100 10 0 8 0 1 0 UVLO_A
A 205 100 10 0 3 3 #=20
A 200 105 10 0 2 0 PINTYPE=IN
P 14 220 90 200 90 0 3 0
L 195 90 10 0 8 0 1 0 UVLO_B
A 205 90 10 0 3 3 #=12
A 200 95 10 0 2 0 PINTYPE=IN
P 15 220 80 200 80 0 3 0
L 195 80 10 0 8 0 1 0 UVLO_C
A 205 80 10 0 3 3 #=17
A 200 85 10 0 2 0 PINTYPE=IN
P 17 220 70 200 70 0 3 0
L 195 70 10 0 8 0 1 0 UVLO_D
A 205 70 10 0 3 3 #=14
A 200 75 10 0 2 0 PINTYPE=IN
P 11 220 160 200 160 0 3 0
L 195 160 10 0 8 0 1 0 GATE_C
A 205 160 10 0 3 3 #=6
A 200 165 10 0 2 0 PINTYPE=OUT
P 12 220 150 200 150 0 3 0
L 195 150 10 0 8 0 1 0 GATE_D
A 205 150 10 0 3 3 #=7
A 200 155 10 0 2 0 PINTYPE=OUT
P 18 0 180 20 180 0 2 0
L 25 180 10 0 2 0 1 0 VDD
A 15 180 10 0 9 3 #=23
A 30 185 10 0 2 0 PINTYPE=IN
P 20 40 0 40 20 0 1 0
A 40 20 10 3 1 0 PINTYPE=OUT
A 30 20 10 0 1 3 #=21
L 45 25 10 1 3 0 1 0 DON_A
P 21 60 0 60 20 0 1 0
A 60 20 10 3 1 0 PINTYPE=OUT
A 50 20 10 0 1 3 #=18
L 65 25 10 1 3 0 1 0 DOFF_A
P 22 80 0 80 20 0 1 0
A 80 20 10 3 1 0 PINTYPE=OUT
A 75 20 10 0 1 3 #=8
L 85 25 10 1 3 0 1 0 DON_B
P 23 100 0 100 20 0 1 0
A 100 20 10 3 1 0 PINTYPE=OUT
A 90 20 10 0 1 3 #=13
L 105 25 10 1 3 0 1 0 DOFF_B
P 24 120 0 120 20 0 1 0
A 120 20 10 3 1 0 PINTYPE=OUT
A 110 20 10 0 1 3 #=16
L 125 25 10 1 3 0 1 0 DON_C
P 25 140 0 140 20 0 1 0
A 140 20 10 3 1 0 PINTYPE=OUT
A 135 20 10 0 1 3 #=3
L 145 25 10 1 3 0 1 0 DOFF_C
P 26 160 0 160 20 0 1 0
A 160 20 10 3 1 0 PINTYPE=OUT
A 150 20 10 0 1 3 #=15
L 165 25 10 1 3 0 1 0 DON_D
P 27 180 0 180 20 0 1 0
A 180 20 10 3 1 0 PINTYPE=OUT
A 175 20 10 0 1 3 #=4
L 185 25 10 1 3 0 1 0 DOFF_D
P 28 0 120 20 120 0 2 0
L 25 120 10 0 2 0 1 0 NC1
A 15 120 10 0 9 3 #=9
A 30 125 10 0 2 0 PINTYPE=IN
P 29 0 110 20 110 0 2 0
L 25 110 10 0 2 0 1 0 NC2
A 15 110 10 0 9 3 #=11
A 30 115 10 0 2 0 PINTYPE=IN
P 30 0 100 20 100 0 2 0
L 25 100 10 0 2 0 1 0 NC3
A 15 100 10 0 9 3 #=19
A 30 105 10 0 2 0 PINTYPE=IN
P 3 0 140 20 140 0 2 0
L 25 140 10 0 2 0 1 0 RESET_B
A 15 140 10 0 9 3 #=24
A 30 145 10 0 2 0 PINTYPE=IN
P 2 0 150 20 150 0 2 0
L 25 150 10 0 2 0 1 0 SYSRST_B
A 15 150 10 0 9 3 #=22
A 30 155 10 0 2 0 PINTYPE=IN
P 1 0 160 20 160 0 2 0
L 25 160 10 0 2 0 1 0 ENABLE_B
A 15 160 10 0 9 3 #=1
A 30 165 10 0 2 0 PINTYPE=IN
P 19 0 70 20 70 0 2 0
L 25 70 10 0 2 0 1 0 GND
A 15 70 10 0 9 3 #=10
A 30 75 10 0 2 0 PINTYPE=IN
b 20 20 200 200
P 31 0 80 20 80 0 2 0
L 25 80 10 0 2 0 1 0 EPAD_GND
A 15 80 10 0 9 3 #=25
A 30 85 10 0 2 0 PINTYPE=IN
E
