V 53
K 1433777409 k4f8e304ha_r044.1
F Case
|R 9:30:9_6-8-15
D -70 440 320 -540
Y 1
Z 10
i 1676
U 50 50 10 0 1 3 DEVICE=SAMSUNG_K4F8E304HA_R044_8GBIT
U -30 -534 10 0 1 0 LEVEL=STD
U -30 -534 10 0 1 0 Parts=1
U 140 -450 10 0 1 3 PKG_TYPE=FBGA_LPDDR4_200P
U -50 -520 16 0 1 3 REFDES=U?
U -50 -539 10 0 1 0 DATASHEET=\\XSJ-SMB\AFX\AFX\BOARD_PROJECTS\LIBRARY\DATASHEETS\IC\MEMORY\K4F8E304HA_R044.PDF
U -50 -539 10 0 1 0 DESCRIPTION=MEM_LPDDR4_8GBIT_SRAM
U -50 -539 10 0 1 0 MANF=SAMSUNG
U -50 -539 10 0 1 0 MANF_P/N=K4F8E304HA_R044
U 30 -450 10 0 1 3 VALUE=K4F8E304HA_R044
U -50 -539 10 0 1 0 DIST=SAMSUNG
U -50 -539 10 0 1 0 DIST_P/N=K4F8E304HA_R044
U -50 -539 10 0 1 0 DATE=2015_06_05
U -50 -539 10 0 1 0 DXDB_LIBNAME=IC
U -50 -539 10 0 1 0 OWNER=3670
U -50 -539 10 0 1 0 ROHS=YES
U -70 -540 10 0 1 0 FORWARD_PCB=1
U 75 -425 10 0 3 2 NAME_PLACEHOLDER=
b -50 -520 300 420
P 12 -70 400 -50 400 0 2 0
L -48 400 10 0 2 0 1 0 DQA0
A -70 400 10 0 1 0 PINTYPE=BI
A -70 400 10 0 3 3 #=B2
P 15 -70 390 -50 390 0 2 0
L -48 390 10 0 2 0 1 0 DQA1
A -70 390 10 0 1 0 PINTYPE=BI
A -70 390 10 0 3 3 #=C2
P 18 -70 380 -50 380 0 2 0
L -48 380 10 0 2 0 1 0 DQA2
A -70 380 10 0 1 0 PINTYPE=BI
A -70 380 10 0 3 3 #=E2
P 21 -70 370 -50 370 0 2 0
L -48 370 10 0 2 0 1 0 DQA3
A -70 370 10 0 1 0 PINTYPE=BI
A -70 370 10 0 3 3 #=F2
P 24 -70 360 -50 360 0 2 0
L -48 360 10 0 2 0 1 0 DQA4
A -70 360 10 0 1 0 PINTYPE=BI
A -70 360 10 0 3 3 #=F4
P 27 -70 350 -50 350 0 2 0
L -48 350 10 0 2 0 1 0 DQA5
A -70 350 10 0 1 0 PINTYPE=BI
A -70 350 10 0 3 3 #=E4
P 30 -70 340 -50 340 0 2 0
L -48 340 10 0 2 0 1 0 DQA6
A -70 340 10 0 1 0 PINTYPE=BI
A -70 340 10 0 3 3 #=C4
P 33 -70 330 -50 330 0 2 0
L -48 330 10 0 2 0 1 0 DQA7
A -70 330 10 0 1 0 PINTYPE=BI
A -70 330 10 0 3 3 #=B4
P 36 -70 320 -50 320 0 2 0
L -48 320 10 0 2 0 1 0 DQA8
A -70 320 10 0 1 0 PINTYPE=BI
A -70 320 10 0 3 3 #=B11
P 39 -70 310 -50 310 0 2 0
L -48 310 10 0 2 0 1 0 DQA9
A -70 310 10 0 1 0 PINTYPE=BI
A -70 310 10 0 3 3 #=C11
P 42 -70 300 -50 300 0 2 0
L -48 300 10 0 2 0 1 0 DQA10
A -70 300 10 0 1 0 PINTYPE=BI
A -70 300 10 0 3 3 #=E11
P 45 -70 290 -50 290 0 2 0
L -48 290 10 0 2 0 1 0 DQA11
A -70 290 10 0 1 0 PINTYPE=BI
A -70 290 10 0 3 3 #=F11
P 48 -70 280 -50 280 0 2 0
L -48 280 10 0 2 0 1 0 DQA12
A -70 280 10 0 1 0 PINTYPE=BI
A -70 280 10 0 3 3 #=F9
P 51 -70 270 -50 270 0 2 0
L -48 270 10 0 2 0 1 0 DQA13
A -70 270 10 0 1 0 PINTYPE=BI
A -70 270 10 0 3 3 #=E9
P 54 -70 260 -50 260 0 2 0
L -48 260 10 0 2 0 1 0 DQA14
A -70 260 10 0 1 0 PINTYPE=BI
A -70 260 10 0 3 3 #=C9
P 57 -70 250 -50 250 0 2 0
L -48 250 10 0 2 0 1 0 DQA15
A -70 250 10 0 1 0 PINTYPE=BI
A -70 250 10 0 3 3 #=B9
P 63 -70 230 -50 230 0 2 0
L -48 230 10 0 2 0 1 0 DQSA0_T
A -70 230 10 0 1 0 PINTYPE=BI
A -70 230 10 0 3 3 #=D3
P 66 -70 220 -50 220 0 2 0
L -48 220 10 0 2 0 1 0 DQSA0_C
A -70 220 10 0 1 0 PINTYPE=BI
A -70 220 10 0 3 3 #=E3
P 69 -70 210 -50 210 0 2 0
L -48 210 10 0 2 0 1 0 DQSA1_T
A -70 210 10 0 1 0 PINTYPE=BI
A -70 210 10 0 3 3 #=D10
P 72 -70 200 -50 200 0 2 0
L -48 200 10 0 2 0 1 0 DQSA1_C
A -70 200 10 0 1 0 PINTYPE=BI
A -70 200 10 0 3 3 #=E10
P 78 -70 180 -50 180 0 2 0
L -48 180 10 0 2 0 1 0 DMIA0
A -70 180 10 0 1 0 PINTYPE=IN
A -70 180 10 0 3 3 #=C3
P 81 -70 170 -50 170 0 2 0
L -48 170 10 0 2 0 1 0 DMIA1
A -70 170 10 0 1 0 PINTYPE=IN
A -70 170 10 0 3 3 #=C10
P 87 -70 150 -50 150 0 2 0
L -48 150 10 0 2 0 1 0 CAA0
A -70 150 10 0 1 0 PINTYPE=BI
A -70 150 10 0 3 3 #=H2
P 90 -70 140 -50 140 0 2 0
L -48 140 10 0 2 0 1 0 CAA1
A -70 140 10 0 1 0 PINTYPE=BI
A -70 140 10 0 3 3 #=J2
P 93 -70 130 -50 130 0 2 0
L -48 130 10 0 2 0 1 0 CAA2
A -70 130 10 0 1 0 PINTYPE=BI
A -70 130 10 0 3 3 #=H9
P 96 -70 120 -50 120 0 2 0
L -48 120 10 0 2 0 1 0 CAA3
A -70 120 10 0 1 0 PINTYPE=BI
A -70 120 10 0 3 3 #=H10
P 99 -70 110 -50 110 0 2 0
L -48 110 10 0 2 0 1 0 CAA4
A -70 110 10 0 1 0 PINTYPE=BI
A -70 110 10 0 3 3 #=H11
P 102 -70 100 -50 100 0 2 0
L -48 100 10 0 2 0 1 0 CAA5
A -70 100 10 0 1 0 PINTYPE=BI
A -70 100 10 0 3 3 #=J11
P 108 -70 80 -50 80 0 2 0
L -48 80 10 0 2 0 1 0 CKA_T
A -70 80 10 0 1 0 PINTYPE=IN
A -70 80 10 0 3 3 #=J8
P 111 -70 70 -50 70 0 2 0
L -48 70 10 0 2 0 1 0 CKA_C
A -70 70 10 0 1 0 PINTYPE=IN
A -70 70 10 0 3 3 #=J9
P 117 -70 50 -50 50 0 2 0
L -48 50 10 0 2 0 1 0 CKEA0
A -70 50 10 0 1 0 PINTYPE=IN
A -70 50 10 0 3 3 #=J4
P 120 -70 40 -50 40 0 2 0
L -48 40 10 0 2 0 1 0 CKEA1
A -70 40 10 0 1 0 PINTYPE=IN
A -70 40 10 0 3 3 #=J5
P 123 -70 30 -50 30 0 2 0
L -48 30 10 0 2 0 1 0 CKEA2
A -70 30 10 0 1 0 PINTYPE=IN
A -70 30 10 0 3 3 #=K8
P 126 -70 10 -50 10 0 2 0
L -48 10 10 0 2 0 1 0 ODTA
A -70 10 10 0 1 0 PINTYPE=IN
A -70 10 10 0 3 3 #=G2
P 129 -70 -10 -50 -10 0 2 0
L -48 -10 10 0 2 0 1 0 CSA0
A -70 -10 10 0 1 0 PINTYPE=IN
A -70 -10 10 0 3 3 #=H4
P 132 -70 -20 -50 -20 0 2 0
L -48 -20 10 0 2 0 1 0 CSA1
A -70 -20 10 0 1 0 PINTYPE=IN
A -70 -20 10 0 3 3 #=H3
P 135 -70 -30 -50 -30 0 2 0
L -48 -30 10 0 2 0 1 0 CSA2
A -70 -30 10 0 1 0 PINTYPE=IN
A -70 -30 10 0 3 3 #=K5
P 138 -70 -50 -50 -50 0 2 0
L -48 -50 10 0 2 0 1 0 DNUA1
A -70 -50 10 0 1 0 PINTYPE=IN
A -70 -50 10 0 3 3 #=A1
P 141 -70 -60 -50 -60 0 2 0
L -48 -60 10 0 2 0 1 0 DNUA2
A -70 -60 10 0 1 0 PINTYPE=IN
A -70 -60 10 0 3 3 #=A2
P 144 -70 -70 -50 -70 0 2 0
L -48 -70 10 0 2 0 1 0 DNUA3
A -70 -70 10 0 1 0 PINTYPE=IN
A -70 -70 10 0 3 3 #=A11
P 147 -70 -80 -50 -80 0 2 0
L -48 -80 10 0 2 0 1 0 DNUA4
A -70 -80 10 0 1 0 PINTYPE=IN
A -70 -80 10 0 3 3 #=A12
P 150 -70 -120 -50 -120 0 2 0
L -48 -120 10 0 2 0 1 0 VDD1A1
A -70 -120 10 0 1 0 PINTYPE=IN
A -70 -120 10 0 3 3 #=F1
P 153 -70 -130 -50 -130 0 2 0
L -48 -130 10 0 2 0 1 0 VDD1A2
A -70 -130 10 0 1 0 PINTYPE=IN
A -70 -130 10 0 3 3 #=G4
P 156 -70 -140 -50 -140 0 2 0
L -48 -140 10 0 2 0 1 0 VDD1A3
A -70 -140 10 0 1 0 PINTYPE=IN
A -70 -140 10 0 3 3 #=F12
P 159 -70 -150 -50 -150 0 2 0
L -48 -150 10 0 2 0 1 0 VDD1A4
A -70 -150 10 0 1 0 PINTYPE=IN
A -70 -150 10 0 3 3 #=G9
P 162 -70 -165 -50 -165 0 2 0
L -48 -165 10 0 2 0 1 0 VDD2A1
A -70 -165 10 0 1 0 PINTYPE=IN
A -70 -165 10 0 3 3 #=A4
P 165 -70 -175 -50 -175 0 2 0
L -48 -175 10 0 2 0 1 0 VDD2A2
A -70 -175 10 0 1 0 PINTYPE=IN
A -70 -175 10 0 3 3 #=A9
P 168 -70 -185 -50 -185 0 2 0
L -48 -185 10 0 2 0 1 0 VDD2A3
A -70 -185 10 0 1 0 PINTYPE=IN
A -70 -185 10 0 3 3 #=F5
P 171 -70 -195 -50 -195 0 2 0
L -48 -195 10 0 2 0 1 0 VDD2A4
A -70 -195 10 0 1 0 PINTYPE=IN
A -70 -195 10 0 3 3 #=F8
P 174 -70 -205 -50 -205 0 2 0
L -48 -205 10 0 2 0 1 0 VDD2A5
A -70 -205 10 0 1 0 PINTYPE=IN
A -70 -205 10 0 3 3 #=H1
P 177 -70 -215 -50 -215 0 2 0
L -48 -215 10 0 2 0 1 0 VDD2A6
A -70 -215 10 0 1 0 PINTYPE=IN
A -70 -215 10 0 3 3 #=H5
P 180 -70 -225 -50 -225 0 2 0
L -48 -225 10 0 2 0 1 0 VDD2A7
A -70 -225 10 0 1 0 PINTYPE=IN
A -70 -225 10 0 3 3 #=H8
P 183 -70 -235 -50 -235 0 2 0
L -48 -235 10 0 2 0 1 0 VDD2A8
A -70 -235 10 0 1 0 PINTYPE=IN
A -70 -235 10 0 3 3 #=H12
P 186 -70 -245 -50 -245 0 2 0
L -48 -245 10 0 2 0 1 0 VDD2A9
A -70 -245 10 0 1 0 PINTYPE=IN
A -70 -245 10 0 3 3 #=K1
P 189 -70 -255 -50 -255 0 2 0
L -48 -255 10 0 2 0 1 0 VDD2A10
A -70 -255 10 0 1 0 PINTYPE=IN
A -70 -255 10 0 3 3 #=K3
P 192 -70 -265 -50 -265 0 2 0
L -48 -265 10 0 2 0 1 0 VDD2A11
A -70 -265 10 0 1 0 PINTYPE=IN
A -70 -265 10 0 3 3 #=K10
P 195 -70 -275 -50 -275 0 2 0
L -48 -275 10 0 2 0 1 0 VDD2A12
A -70 -275 10 0 1 0 PINTYPE=IN
A -70 -275 10 0 3 3 #=K12
P 198 -70 -295 -50 -295 0 2 0
L -45 -295 10 0 2 0 1 0 VDDQA1
A -70 -295 10 0 1 0 PINTYPE=IN
A -70 -295 10 0 3 3 #=B3
P 201 -70 -305 -50 -305 0 2 0
L -48 -305 10 0 2 0 1 0 VDDQA2
A -70 -305 10 0 1 0 PINTYPE=IN
A -70 -305 10 0 3 3 #=B5
P 204 -70 -315 -50 -315 0 2 0
L -48 -315 10 0 2 0 1 0 VDDQA3
A -70 -315 10 0 1 0 PINTYPE=IN
A -70 -315 10 0 3 3 #=B8
P 207 -70 -325 -50 -325 0 2 0
L -48 -325 10 0 2 0 1 0 VDDQA4
A -70 -325 10 0 1 0 PINTYPE=IN
A -70 -325 10 0 3 3 #=B10
P 210 -70 -335 -50 -335 0 2 0
L -48 -335 10 0 2 0 1 0 VDDQA5
A -70 -335 10 0 1 0 PINTYPE=IN
A -70 -335 10 0 3 3 #=D1
P 213 -70 -345 -50 -345 0 2 0
L -48 -345 10 0 2 0 1 0 VDDQA6
A -70 -345 10 0 1 0 PINTYPE=IN
A -70 -345 10 0 3 3 #=D5
P 216 -70 -355 -50 -355 0 2 0
L -48 -355 10 0 2 0 1 0 VDDQA7
A -70 -355 10 0 1 0 PINTYPE=IN
A -70 -355 10 0 3 3 #=D8
P 219 -70 -365 -50 -365 0 2 0
L -48 -365 10 0 2 0 1 0 VDDQA8
A -70 -365 10 0 1 0 PINTYPE=IN
A -70 -365 10 0 3 3 #=D12
P 222 -70 -375 -50 -375 0 2 0
L -48 -375 10 0 2 0 1 0 VDDQA9
A -70 -375 10 0 1 0 PINTYPE=IN
A -70 -375 10 0 3 3 #=F3
P 225 -70 -385 -50 -385 0 2 0
L -48 -385 10 0 2 0 1 0 VDDQA10
A -70 -385 10 0 1 0 PINTYPE=IN
A -70 -385 10 0 3 3 #=F10
P 243 -70 -90 -50 -90 0 2 0
L -48 -90 10 0 2 0 1 0 DNUA5
A -70 -90 10 0 1 0 PINTYPE=IN
A -70 -90 10 0 3 3 #=B1
P 246 -70 -100 -50 -100 0 2 0
L -48 -100 10 0 2 0 1 0 DNUA6
A -70 -100 10 0 1 0 PINTYPE=IN
A -70 -100 10 0 3 3 #=B12
P 255 320 400 300 400 0 3 0
L 298 400 10 0 8 0 1 0 DQB0
A 320 400 10 0 1 0 PINTYPE=BI
A 320 400 10 0 9 3 #=AA2
P 258 320 390 300 390 0 3 0
L 298 390 10 0 8 0 1 0 DQB1
A 320 390 10 0 1 0 PINTYPE=BI
A 320 390 10 0 9 3 #=Y2
P 261 320 380 300 380 0 3 0
L 298 380 10 0 8 0 1 0 DQB2
A 320 380 10 0 1 0 PINTYPE=BI
A 320 380 10 0 9 3 #=V2
P 264 320 370 300 370 0 3 0
L 298 370 10 0 8 0 1 0 DQB3
A 320 370 10 0 1 0 PINTYPE=BI
A 320 370 10 0 9 3 #=U2
P 267 320 360 300 360 0 3 0
L 298 360 10 0 8 0 1 0 DQB4
A 320 360 10 0 1 0 PINTYPE=BI
A 320 360 10 0 9 3 #=U4
P 270 320 350 300 350 0 3 0
L 298 350 10 0 8 0 1 0 DQB5
A 320 350 10 0 1 0 PINTYPE=BI
A 320 350 10 0 9 3 #=V4
P 273 320 340 300 340 0 3 0
L 298 340 10 0 8 0 1 0 DQB6
A 320 340 10 0 1 0 PINTYPE=BI
A 320 340 10 0 9 3 #=Y4
P 276 320 330 300 330 0 3 0
L 298 330 10 0 8 0 1 0 DQB7
A 320 330 10 0 1 0 PINTYPE=BI
A 320 330 10 0 9 3 #=AA4
P 279 320 320 300 320 0 3 0
L 298 320 10 0 8 0 1 0 DQB8
A 320 320 10 0 1 0 PINTYPE=BI
A 325 320 10 0 9 3 #=AA11
P 282 320 310 300 310 0 3 0
L 298 310 10 0 8 0 1 0 DQB9
A 320 310 10 0 1 0 PINTYPE=BI
A 320 310 10 0 9 3 #=Y11
P 285 320 300 300 300 0 3 0
L 298 300 10 0 8 0 1 0 DQB10
A 320 300 10 0 1 0 PINTYPE=BI
A 320 300 10 0 9 3 #=V11
P 288 320 290 300 290 0 3 0
L 298 290 10 0 8 0 1 0 DQB11
A 320 290 10 0 1 0 PINTYPE=BI
A 320 291 10 0 9 3 #=U11
P 291 320 280 300 280 0 3 0
L 298 280 10 0 8 0 1 0 DQB12
A 320 280 10 0 1 0 PINTYPE=BI
A 320 280 10 0 9 3 #=U9
P 294 320 270 300 270 0 3 0
L 298 270 10 0 8 0 1 0 DQB13
A 320 270 10 0 1 0 PINTYPE=BI
A 320 270 10 0 9 3 #=V9
P 297 320 260 300 260 0 3 0
L 298 260 10 0 8 0 1 0 DQB14
A 320 260 10 0 1 0 PINTYPE=BI
A 320 260 10 0 9 3 #=Y9
P 300 320 250 300 250 0 3 0
L 298 250 10 0 8 0 1 0 DQB15
A 320 250 10 0 1 0 PINTYPE=BI
A 320 250 10 0 9 3 #=AA9
P 306 320 230 300 230 0 3 0
L 298 230 10 0 8 0 1 0 DQSB0_T
A 320 230 10 0 1 0 PINTYPE=BI
A 320 230 10 0 9 3 #=W3
P 309 320 220 300 220 0 3 0
L 298 220 10 0 8 0 1 0 DQSB0_C
A 320 220 10 0 1 0 PINTYPE=BI
A 320 220 10 0 9 3 #=V3
P 312 320 210 300 210 0 3 0
L 298 210 10 0 8 0 1 0 DQSB1_T
A 320 210 10 0 1 0 PINTYPE=BI
A 320 210 10 0 9 3 #=W10
P 315 320 200 300 200 0 3 0
L 298 200 10 0 8 0 1 0 DQSB1_C
A 320 200 10 0 1 0 PINTYPE=IN
A 320 200 10 0 9 3 #=V10
P 318 320 180 300 180 0 3 0
L 298 180 10 0 8 0 1 0 DMIB0
A 320 180 10 0 1 0 PINTYPE=IN
A 320 180 10 0 9 3 #=Y3
P 321 320 170 300 170 0 3 0
L 298 170 10 0 8 0 1 0 DMIB1
A 320 170 10 0 1 0 PINTYPE=BI
A 320 170 10 0 9 3 #=Y10
P 324 320 150 300 150 0 3 0
L 298 150 10 0 8 0 1 0 CAB0
A 320 150 10 0 1 0 PINTYPE=BI
A 320 150 10 0 9 3 #=R2
P 327 320 140 300 140 0 3 0
L 298 140 10 0 8 0 1 0 CAB1
A 320 140 10 0 1 0 PINTYPE=BI
A 320 140 10 0 9 3 #=P2
P 330 320 130 300 130 0 3 0
L 298 130 10 0 8 0 1 0 CAB2
A 320 130 10 0 1 0 PINTYPE=BI
A 320 130 10 0 9 3 #=R9
P 333 320 120 300 120 0 3 0
L 298 120 10 0 8 0 1 0 CAB3
A 320 120 10 0 1 0 PINTYPE=BI
A 320 120 10 0 9 3 #=R10
P 336 320 110 300 110 0 3 0
L 298 110 10 0 8 0 1 0 CAB4
A 320 110 10 0 1 0 PINTYPE=BI
A 320 110 10 0 9 3 #=R11
P 339 320 100 300 100 0 3 0
L 298 100 10 0 8 0 1 0 CAB5
A 320 100 10 0 1 0 PINTYPE=BI
A 320 100 10 0 9 3 #=P11
P 342 320 80 300 80 0 3 0
L 298 80 10 0 8 0 1 0 CKB_T
A 320 80 10 0 1 0 PINTYPE=BI
A 320 80 10 0 9 3 #=P8
P 345 320 70 300 70 0 3 0
L 298 70 10 0 8 0 1 0 CKB_C
A 320 70 10 0 1 0 PINTYPE=BI
A 320 70 10 0 9 3 #=P9
P 348 320 50 300 50 0 3 0
L 298 50 10 0 8 0 1 0 CKEB0
A 320 50 10 0 1 0 PINTYPE=BI
A 320 50 10 0 9 3 #=P4
P 351 320 40 300 40 0 3 0
L 298 40 10 0 8 0 1 0 CKEB1
A 320 40 10 0 1 0 PINTYPE=BI
A 320 40 10 0 9 3 #=P5
P 354 320 30 300 30 0 3 0
L 298 30 10 0 8 0 1 0 CKEB2
A 320 30 10 0 1 0 PINTYPE=BI
A 320 30 10 0 9 3 #=N8
P 357 320 10 300 10 0 3 0
L 298 10 10 0 8 0 1 0 ODTB
A 320 10 10 0 1 0 PINTYPE=BI
A 320 10 10 0 9 3 #=T2
P 360 320 -10 300 -10 0 3 0
L 298 -10 10 0 8 0 1 0 CSB0
A 320 -10 10 0 1 0 PINTYPE=BI
A 320 -10 10 0 9 3 #=R4
P 363 320 -20 300 -20 0 3 0
L 298 -20 10 0 8 0 1 0 CSB1
A 320 -20 10 0 1 0 PINTYPE=IN
A 320 -20 10 0 9 3 #=R3
P 366 320 -30 300 -30 0 3 0
L 298 -30 10 0 8 0 1 0 CSB2
A 320 -30 10 0 1 0 PINTYPE=IN
A 320 -30 10 0 9 3 #=N5
P 369 320 -50 300 -50 0 3 0
L 298 -50 10 0 8 0 1 0 DNUB1
A 320 -50 10 0 1 0 PINTYPE=IN
A 320 -50 10 0 9 3 #=AA1
P 372 320 -60 300 -60 0 3 0
L 298 -60 10 0 8 0 1 0 DNUB2
A 320 -60 10 0 1 0 PINTYPE=IN
A 325 -60 10 0 9 3 #=AA12
P 375 320 -70 300 -70 0 3 0
L 298 -70 10 0 8 0 1 0 DNUB3
A 320 -70 10 0 1 0 PINTYPE=OUT
A 320 -70 10 0 9 3 #=AB1
P 378 320 -80 300 -80 0 3 0
L 298 -80 10 0 8 0 1 0 DNUB4
A 320 -80 10 0 1 0 PINTYPE=OUT
A 320 -80 10 0 9 3 #=AB2
P 381 320 -90 300 -90 0 3 0
L 298 -90 10 0 8 0 1 0 DNUB5
A 320 -90 10 0 1 0 PINTYPE=OUT
A 325 -90 10 0 9 3 #=AB11
P 384 320 -100 300 -100 0 3 0
L 298 -100 10 0 8 0 1 0 DNUB6
A 320 -100 10 0 1 0 PINTYPE=OUT
A 325 -100 10 0 9 3 #=AB12
P 387 320 -120 300 -120 0 3 0
L 298 -120 10 0 8 0 1 0 VDD1B1
A 320 -120 10 0 1 0 PINTYPE=OUT
A 320 -120 10 0 9 3 #=T4
P 390 320 -130 300 -130 0 3 0
L 298 -130 10 0 8 0 1 0 VDD1B2
A 320 -130 10 0 1 0 PINTYPE=OUT
A 320 -130 10 0 9 3 #=T9
P 393 320 -165 300 -165 0 3 0
L 298 -165 10 0 8 0 1 0 VDD2B1
A 320 -165 10 0 1 0 PINTYPE=BI
A 320 -165 10 0 9 3 #=N1
P 396 320 -175 300 -175 0 3 0
L 298 -175 10 0 8 0 1 0 VDD2B2
A 320 -175 10 0 1 0 PINTYPE=BI
A 320 -175 10 0 9 3 #=N3
P 399 320 -205 300 -205 0 3 0
L 298 -205 10 0 8 0 1 0 VDD2B5
A 320 -205 10 0 1 0 PINTYPE=OUT
A 320 -205 10 0 9 3 #=R1
P 402 320 -215 300 -215 0 3 0
L 298 -215 10 0 8 0 1 0 VDD2B6
A 320 -215 10 0 1 0 PINTYPE=IN
A 320 -215 10 0 9 3 #=R5
P 405 320 -225 300 -225 0 3 0
L 298 -225 10 0 8 0 1 0 VDD2B7
A 320 -225 10 0 1 0 PINTYPE=IN
A 320 -225 10 0 9 3 #=R8
P 408 320 -235 300 -235 0 3 0
L 298 -236 10 0 8 0 1 0 VDD2B8
A 320 -235 10 0 1 0 PINTYPE=IN
A 320 -235 10 0 9 3 #=R12
P 411 320 -245 300 -245 0 3 0
L 298 -245 10 0 8 0 1 0 VDD2B9
A 320 -245 10 0 1 0 PINTYPE=OUT
A 320 -245 10 0 9 3 #=U5
P 414 320 -255 300 -255 0 3 0
L 298 -255 10 0 8 0 1 0 VDD2B10
A 320 -255 10 0 1 0 PINTYPE=IN
A 320 -255 10 0 9 3 #=U8
P 417 320 -140 300 -140 0 3 0
L 298 -140 10 0 8 0 1 0 VDD1B3
A 320 -140 10 0 1 0 PINTYPE=IN
A 320 -140 10 0 9 3 #=U1
P 420 320 -150 300 -150 0 3 0
L 298 -150 10 0 8 0 1 0 VDD1B4
A 320 -150 10 0 1 0 PINTYPE=IN
A 320 -150 10 0 9 3 #=U12
P 423 320 -185 300 -185 0 3 0
L 298 -185 10 0 8 0 1 0 VDD2B3
A 320 -185 10 0 1 0 PINTYPE=IN
A 320 -185 10 0 9 3 #=N10
P 426 320 -195 300 -195 0 3 0
L 298 -195 10 0 8 0 1 0 VDD2B4
A 320 -195 10 0 1 0 PINTYPE=IN
A 320 -195 10 0 9 3 #=N12
P 429 320 -265 300 -265 0 3 0
L 298 -265 10 0 8 0 1 0 VDD2B11
A 320 -265 10 0 1 0 PINTYPE=IN
A 320 -265 10 0 9 3 #=AB4
P 432 320 -275 300 -275 0 3 0
L 298 -275 10 0 8 0 1 0 VDD2B12
A 320 -275 10 0 1 0 PINTYPE=IN
A 320 -275 10 0 9 3 #=AB9
P 435 -10 440 -10 420 0 0 0
L -10 418 10 1 8 0 1 0 VSSA1
A -10 440 10 0 1 0 PINTYPE=IN
A -10 440 10 1 9 3 #=A3
P 438 0 440 0 420 0 0 0
L 0 418 10 1 8 0 1 0 VSSA2
A 0 440 10 0 1 0 PINTYPE=IN
A 0 440 10 1 9 3 #=A10
P 441 10 440 10 420 0 0 0
L 10 418 10 1 8 0 1 0 VSSA3
A 10 440 10 0 1 0 PINTYPE=IN
A 10 440 10 1 9 3 #=C1
P 444 20 440 20 420 0 0 0
L 20 418 10 1 8 0 1 0 VSSA4
A 20 440 10 0 1 0 PINTYPE=IN
A 20 440 10 1 9 3 #=C5
P 447 30 440 30 420 0 0 0
L 30 418 10 1 8 0 1 0 VSSA5
A 30 440 10 0 1 0 PINTYPE=IN
A 30 440 10 1 9 3 #=C8
P 450 40 440 40 420 0 0 0
L 40 418 10 1 8 0 1 0 VSSA6
A 40 440 10 0 1 0 PINTYPE=IN
A 40 440 10 1 9 3 #=C12
P 934 320 -375 300 -375 0 3 0
L 298 -375 10 0 8 0 1 0 VDDQB9
A 320 -375 10 0 7 0 PINTYPE=IN
A 320 -375 10 0 9 3 #=AA8
P 955 320 -295 300 -295 0 3 0
L 260 -295 10 0 2 0 1 0 VDDQB1
A 320 -295 10 0 1 0 PINTYPE=OUT
A 320 -295 10 0 9 3 #=U3
P 957 320 -305 300 -305 0 3 0
L 260 -305 10 0 2 0 1 0 VDDQB2
A 320 -305 10 0 1 0 PINTYPE=IN
A 320 -305 10 0 9 3 #=U10
P 959 320 -315 300 -315 0 3 0
L 260 -315 10 0 2 0 1 0 VDDQB3
A 320 -315 10 0 1 0 PINTYPE=IN
A 320 -315 10 0 9 3 #=W1
P 961 320 -325 300 -325 0 3 0
L 260 -325 10 0 2 0 1 0 VDDQB4
A 320 -325 10 0 1 0 PINTYPE=IN
A 320 -325 10 0 9 3 #=W5
P 963 320 -335 300 -335 0 3 0
L 260 -335 10 0 2 0 1 0 VDDQB5
A 320 -335 10 0 1 0 PINTYPE=OUT
A 320 -335 10 0 9 3 #=W8
P 965 320 -345 300 -345 0 3 0
L 260 -345 10 0 2 0 1 0 VDDQB6
A 320 -345 10 0 1 0 PINTYPE=IN
A 320 -345 10 0 9 3 #=W12
P 967 320 -355 300 -355 0 3 0
L 260 -355 10 0 2 0 1 0 VDDQB7
A 320 -355 10 0 1 0 PINTYPE=IN
A 320 -355 10 0 9 3 #=AA3
P 969 320 -365 300 -365 0 3 0
L 260 -365 10 0 2 0 1 0 VDDQB8
A 320 -365 10 0 1 0 PINTYPE=IN
A 320 -365 10 0 9 3 #=AA5
P 979 320 -385 300 -385 0 3 0
L 298 -385 10 0 8 0 1 0 VDDQB10
A 320 -385 10 0 7 0 PINTYPE=IN
A 325 -385 10 0 9 3 #=AA10
P 991 320 -410 300 -410 0 3 0
L 295 -410 10 0 8 0 1 0 ZQ0
A 320 -410 10 0 1 0 PINTYPE=IN
A 320 -410 10 0 9 3 #=A5
P 996 320 -420 300 -420 0 3 0
L 295 -420 10 0 8 0 1 0 ZQ1
A 320 -420 10 0 1 0 PINTYPE=IN
A 320 -420 10 0 9 3 #=A8
P 999 320 -430 300 -430 0 3 0
L 295 -430 10 0 8 0 1 0 ZQ2
A 320 -430 10 0 1 0 PINTYPE=IN
A 320 -430 10 0 9 3 #=G11
P 1000 -70 -410 -50 -410 0 2 0
L -45 -410 10 0 2 0 1 0 RESET
A -70 -410 10 0 1 0 PINTYPE=IN
A -70 -410 10 0 3 3 #=T11
P 1466 50 440 50 420 0 0 0
L 50 418 10 1 8 0 1 0 VSSA7
A 50 440 10 0 1 0 PINTYPE=IN
A 50 440 10 1 9 3 #=D2
P 1470 60 440 60 420 0 0 0
L 60 418 10 1 8 0 1 0 VSSA8
A 60 440 10 0 1 0 PINTYPE=IN
A 60 440 10 1 9 3 #=D4
P 1474 70 440 70 420 0 0 0
L 70 418 10 1 8 0 1 0 VSSA9
A 70 440 10 0 1 0 PINTYPE=IN
A 70 440 10 1 9 3 #=D9
P 1478 80 440 80 420 0 0 0
L 80 418 10 1 8 0 1 0 VSSA10
A 80 440 10 0 1 0 PINTYPE=IN
A 80 440 10 1 9 3 #=D11
P 1487 90 440 90 420 0 0 0
L 90 418 10 1 8 0 1 0 VSSA11
A 90 440 10 0 1 0 PINTYPE=IN
A 90 440 10 1 9 3 #=E1
P 1491 100 440 100 420 0 0 0
L 100 418 10 1 8 0 1 0 VSSA12
A 100 440 10 0 1 0 PINTYPE=IN
A 100 440 10 1 9 3 #=E5
P 1495 110 440 110 420 0 0 0
L 110 418 10 1 8 0 1 0 VSSA13
A 110 440 10 0 1 0 PINTYPE=IN
A 110 440 10 1 9 3 #=E8
P 1499 120 440 120 420 0 0 0
L 120 418 10 1 8 0 1 0 VSSA14
A 120 440 10 0 1 0 PINTYPE=IN
A 120 440 10 1 9 3 #=E12
P 1503 130 440 130 420 0 0 0
L 130 418 10 1 8 0 1 0 VSSA15
A 130 440 10 0 1 0 PINTYPE=IN
A 130 440 10 1 9 3 #=G1
P 1507 140 440 140 420 0 0 0
L 140 418 10 1 8 0 1 0 VSSA16
A 140 440 10 0 1 0 PINTYPE=IN
A 140 440 10 1 9 3 #=G3
P 1511 150 440 150 420 0 0 0
L 150 418 10 1 8 0 1 0 VSSA17
A 150 440 10 0 1 0 PINTYPE=IN
A 150 440 10 1 9 3 #=G5
P 1515 160 440 160 420 0 0 0
L 160 418 10 1 8 0 1 0 VSSA18
A 160 440 10 0 1 0 PINTYPE=IN
A 160 440 10 1 9 3 #=G8
P 1519 170 440 170 420 0 0 0
L 170 418 10 1 8 0 1 0 VSSA19
A 170 440 10 0 1 0 PINTYPE=IN
A 170 440 10 1 9 3 #=G10
P 1523 180 440 180 420 0 0 0
L 180 418 10 1 8 0 1 0 VSSA20
A 180 440 10 0 1 0 PINTYPE=IN
A 180 440 10 1 9 3 #=G12
P 1527 190 440 190 420 0 0 0
L 190 418 10 1 8 0 1 0 VSSA21
A 190 440 10 0 1 0 PINTYPE=IN
A 190 440 10 1 9 3 #=J1
P 1531 200 440 200 420 0 0 0
L 200 418 10 1 8 0 1 0 VSSA22
A 200 440 10 0 1 0 PINTYPE=IN
A 200 440 10 1 9 3 #=J3
P 1535 210 440 210 420 0 0 0
L 210 418 10 1 8 0 1 0 VSSA23
A 210 440 10 0 1 0 PINTYPE=IN
A 210 440 10 1 9 3 #=J10
P 1539 220 440 220 420 0 0 0
L 220 418 10 1 8 0 1 0 VSSA24
A 220 440 10 0 1 0 PINTYPE=IN
A 220 440 10 1 9 3 #=J12
P 1543 230 440 230 420 0 0 0
L 230 418 10 1 8 0 1 0 VSSA25
A 230 440 10 0 1 0 PINTYPE=IN
A 230 440 10 1 9 3 #=K2
P 1547 240 440 240 420 0 0 0
L 240 418 10 1 8 0 1 0 VSSA26
A 240 440 10 0 1 0 PINTYPE=IN
A 240 440 10 1 9 3 #=K4
P 1551 250 440 250 420 0 0 0
L 250 418 10 1 8 0 1 0 VSSA27
A 250 440 10 0 1 0 PINTYPE=IN
A 250 440 10 1 9 3 #=K9
P 1555 260 440 260 420 0 0 0
L 260 418 10 1 8 0 1 0 VSSA28
A 260 440 10 0 1 0 PINTYPE=IN
A 260 440 10 1 9 3 #=K11
P 1562 -10 -540 -10 -520 0 1 0
L -10 -518 10 1 2 0 1 0 VSSB1
A -10 -540 10 0 3 0 PINTYPE=IN
A -10 -540 10 1 3 3 #=N2
P 1563 10 -540 10 -520 0 1 0
L 10 -518 10 1 2 0 1 0 VSSB3
A 10 -540 10 0 3 0 PINTYPE=IN
A 10 -540 10 1 3 3 #=N9
P 1567 0 -540 0 -520 0 1 0
L 0 -518 10 1 2 0 1 0 VSSB2
A 0 -540 10 0 3 0 PINTYPE=IN
A 0 -540 10 1 3 3 #=N4
P 1571 20 -540 20 -520 0 1 0
L 20 -518 10 1 2 0 1 0 VSSB4
A 20 -540 10 0 3 0 PINTYPE=IN
A 20 -540 10 1 3 3 #=N11
P 1575 30 -540 30 -520 0 1 0
L 30 -518 10 1 2 0 1 0 VSSB5
A 30 -540 10 0 3 0 PINTYPE=IN
A 30 -540 10 1 3 3 #=P1
P 1579 40 -540 40 -520 0 1 0
L 40 -518 10 1 2 0 1 0 VSSB6
A 40 -540 10 0 3 0 PINTYPE=IN
A 40 -540 10 1 3 3 #=P3
P 1583 50 -540 50 -520 0 1 0
L 50 -518 10 1 2 0 1 0 VSSB7
A 50 -540 10 0 3 0 PINTYPE=IN
A 50 -540 10 1 3 3 #=P10
P 1587 60 -540 60 -520 0 1 0
L 60 -518 10 1 2 0 1 0 VSSB8
A 60 -540 10 0 3 0 PINTYPE=IN
A 60 -540 10 1 3 3 #=P12
P 1591 70 -540 70 -520 0 1 0
L 70 -518 10 1 2 0 1 0 VSSB9
A 70 -540 10 0 3 0 PINTYPE=IN
A 70 -540 10 1 3 3 #=T1
P 1595 80 -540 80 -520 0 1 0
L 80 -518 10 1 2 0 1 0 VSSB10
A 80 -540 10 0 3 0 PINTYPE=IN
A 80 -540 10 1 3 3 #=T3
P 1599 90 -540 90 -520 0 1 0
L 90 -518 10 1 2 0 1 0 VSSB11
A 90 -540 10 0 3 0 PINTYPE=IN
A 90 -540 10 1 3 3 #=T5
P 1603 100 -540 100 -520 0 1 0
L 100 -518 10 1 2 0 1 0 VSSB12
A 100 -540 10 0 3 0 PINTYPE=IN
A 100 -540 10 1 3 3 #=T8
P 1607 110 -540 110 -520 0 1 0
L 110 -518 10 1 2 0 1 0 VSSB13
A 110 -540 10 0 3 0 PINTYPE=IN
A 110 -540 10 1 3 3 #=T10
P 1611 120 -540 120 -520 0 1 0
L 120 -518 10 1 2 0 1 0 VSSB14
A 120 -540 10 0 3 0 PINTYPE=IN
A 120 -540 10 1 3 3 #=T12
P 1615 130 -540 130 -520 0 1 0
L 130 -518 10 1 2 0 1 0 VSSB15
A 130 -540 10 0 3 0 PINTYPE=IN
A 130 -540 10 1 3 3 #=V1
P 1619 140 -540 140 -520 0 1 0
L 140 -518 10 1 2 0 1 0 VSSB16
A 140 -540 10 0 3 0 PINTYPE=IN
A 140 -540 10 1 3 3 #=V5
P 1623 150 -540 150 -520 0 1 0
L 150 -518 10 1 2 0 1 0 VSSB17
A 150 -540 10 0 3 0 PINTYPE=IN
A 150 -540 10 1 3 3 #=V8
P 1627 160 -540 160 -520 0 1 0
L 160 -518 10 1 2 0 1 0 VSSB18
A 160 -540 10 0 3 0 PINTYPE=IN
A 160 -540 10 1 3 3 #=V12
P 1631 170 -540 170 -520 0 1 0
L 170 -518 10 1 2 0 1 0 VSSB19
A 170 -540 10 0 3 0 PINTYPE=IN
A 170 -540 10 1 3 3 #=W2
P 1635 180 -540 180 -520 0 1 0
L 180 -518 10 1 2 0 1 0 VSSB20
A 180 -540 10 0 3 0 PINTYPE=IN
A 180 -540 10 1 3 3 #=W4
P 1639 190 -540 190 -520 0 1 0
L 190 -518 10 1 2 0 1 0 VSSB21
A 190 -540 10 0 3 0 PINTYPE=IN
A 190 -540 10 1 3 3 #=W9
P 1643 200 -540 200 -520 0 1 0
L 200 -518 10 1 2 0 1 0 VSSB22
A 200 -540 10 0 3 0 PINTYPE=IN
A 200 -540 10 1 3 3 #=W11
P 1647 210 -540 210 -520 0 1 0
L 210 -518 10 1 2 0 1 0 VSSB23
A 210 -540 10 0 3 0 PINTYPE=IN
A 210 -540 10 1 3 3 #=Y1
P 1651 220 -540 220 -520 0 1 0
L 220 -518 10 1 2 0 1 0 VSSB24
A 220 -540 10 0 3 0 PINTYPE=IN
A 220 -540 10 1 3 3 #=Y5
P 1655 230 -540 230 -520 0 1 0
L 230 -518 10 1 2 0 1 0 VSSB25
A 230 -540 10 0 3 0 PINTYPE=IN
A 230 -540 10 1 3 3 #=Y8
P 1659 240 -540 240 -520 0 1 0
L 240 -518 10 1 2 0 1 0 VSSB26
A 240 -540 10 0 3 0 PINTYPE=IN
A 240 -540 10 1 3 3 #=Y12
P 1663 250 -540 250 -520 0 1 0
L 250 -518 10 1 2 0 1 0 VSSB27
A 250 -540 10 0 3 0 PINTYPE=IN
A 250 -540 10 1 3 3 #=AB3
P 1667 260 -540 260 -520 0 1 0
L 260 -518 10 1 2 0 1 0 VSSB28
A 260 -540 10 0 3 0 PINTYPE=IN
A 260 -540 10 1 3 3 #=AB5
P 1671 270 -540 270 -520 0 1 0
L 270 -518 10 1 2 0 1 0 VSSB29
A 270 -540 10 0 3 0 PINTYPE=IN
A 270 -540 10 1 3 3 #=AB8
P 1675 280 -540 280 -520 0 1 0
L 280 -518 10 1 2 0 1 0 VSSB30
A 280 -540 10 0 3 0 PINTYPE=IN
A 280 -545 10 1 3 3 #=AB10
E 
