V 50
K 153165148200 ku15pe1760
Y 1
D 0 0 400 420
Z 10
i 946
b 50 50 350 370
P 1 400 100 350 100 0 3 0
A 355 100 10 0 3 3 #=AG9
L 345 100 10 0 8 0 1 0 MGTREFCLK1N_227_AG9
A 405 100 10 0 2 0 PINTYPE=BI
P 2 400 110 350 110 0 3 0
A 355 110 10 0 3 3 #=AG10
L 345 110 10 0 8 0 1 0 MGTREFCLK1P_227_AG10
A 405 110 10 0 2 0 PINTYPE=BI
P 3 400 120 350 120 0 3 0
A 355 120 10 0 3 3 #=AJ9
L 345 120 10 0 8 0 1 0 MGTREFCLK0N_227_AJ9
A 405 120 10 0 2 0 PINTYPE=BI
P 4 400 130 350 130 0 3 0
A 355 130 10 0 3 3 #=AJ10
L 345 130 10 0 8 0 1 0 MGTREFCLK0P_227_AJ10
A 405 130 10 0 2 0 PINTYPE=BI
P 5 400 140 350 140 0 3 0
A 355 140 10 0 3 3 #=AG1
L 345 140 10 0 8 0 1 0 MGTHRXN3_227_AG1
A 405 140 10 0 2 0 PINTYPE=BI
P 6 400 150 350 150 0 3 0
A 355 150 10 0 3 3 #=AG2
L 345 150 10 0 8 0 1 0 MGTHRXP3_227_AG2
A 405 150 10 0 2 0 PINTYPE=BI
P 7 400 160 350 160 0 3 0
A 355 160 10 0 3 3 #=AG5
L 345 160 10 0 8 0 1 0 MGTHTXN3_227_AG5
A 405 160 10 0 2 0 PINTYPE=BI
P 8 400 170 350 170 0 3 0
A 355 170 10 0 3 3 #=AG6
L 345 170 10 0 8 0 1 0 MGTHTXP3_227_AG6
A 405 170 10 0 2 0 PINTYPE=BI
P 9 400 180 350 180 0 3 0
A 355 180 10 0 3 3 #=AH3
L 345 180 10 0 8 0 1 0 MGTHRXN2_227_AH3
A 405 180 10 0 2 0 PINTYPE=BI
P 10 400 190 350 190 0 3 0
A 355 190 10 0 3 3 #=AH4
L 345 190 10 0 8 0 1 0 MGTHRXP2_227_AH4
A 405 190 10 0 2 0 PINTYPE=BI
P 11 400 200 350 200 0 3 0
A 355 200 10 0 3 3 #=AH7
L 345 200 10 0 8 0 1 0 MGTHTXN2_227_AH7
A 405 200 10 0 2 0 PINTYPE=BI
P 12 400 210 350 210 0 3 0
A 355 210 10 0 3 3 #=AH8
L 345 210 10 0 8 0 1 0 MGTHTXP2_227_AH8
A 405 210 10 0 2 0 PINTYPE=BI
P 13 400 220 350 220 0 3 0
A 355 220 10 0 3 3 #=AJ1
L 345 220 10 0 8 0 1 0 MGTHRXN1_227_AJ1
A 405 220 10 0 2 0 PINTYPE=BI
P 14 400 230 350 230 0 3 0
A 355 230 10 0 3 3 #=AJ2
L 345 230 10 0 8 0 1 0 MGTHRXP1_227_AJ2
A 405 230 10 0 2 0 PINTYPE=BI
P 15 400 240 350 240 0 3 0
A 355 240 10 0 3 3 #=AJ5
L 345 240 10 0 8 0 1 0 MGTHTXN1_227_AJ5
A 405 240 10 0 2 0 PINTYPE=BI
P 16 400 250 350 250 0 3 0
A 355 250 10 0 3 3 #=AJ6
L 345 250 10 0 8 0 1 0 MGTHTXP1_227_AJ6
A 405 250 10 0 2 0 PINTYPE=BI
P 17 400 260 350 260 0 3 0
A 355 260 10 0 3 3 #=AK3
L 345 260 10 0 8 0 1 0 MGTHRXN0_227_AK3
A 405 260 10 0 2 0 PINTYPE=BI
P 18 400 270 350 270 0 3 0
A 355 270 10 0 3 3 #=AK4
L 345 270 10 0 8 0 1 0 MGTHRXP0_227_AK4
A 405 270 10 0 2 0 PINTYPE=BI
P 19 400 280 350 280 0 3 0
A 355 280 10 0 3 3 #=AK7
L 345 280 10 0 8 0 1 0 MGTHTXN0_227_AK7
A 405 280 10 0 2 0 PINTYPE=BI
P 20 400 290 350 290 0 3 0
A 355 290 10 0 3 3 #=AK8
L 345 290 10 0 8 0 1 0 MGTHTXP0_227_AK8
A 405 290 10 0 2 0 PINTYPE=BI
T 220 320 20 0 5 XCKU15PFFVE1760
T 220 340 20 0 5 BANK 227
c 70 350 10
U 50 380 10 0 3 3 DEVICE=XXXXXX
U 50 30 16 0 3 3 REFDES=U?
U 250 30 10 0 3 3 PKG_TYPE=XXXXXX
U 0 0 10 0 3 0 HETERO=ku15pe1760a_0,ku15pe1760a_74,ku15pe1760a_73,ku15pe1760a_72,ku15pe1760a_71,ku15pe1760a_70,ku15pe1760a_69,ku15pe1760a_68,ku15pe1760a_67,ku15pe1760a_66,ku15pe1760a_65,ku15pe1760a_64,ku15pe1760a_94,ku15pe1760a_93,ku15pe1760a_91,ku15pe1760a_90,ku15pe1760a_127,ku15pe1760a_128,ku15pe1760a_129,ku15pe1760a_130,ku15pe1760a_131,ku15pe1760a_132,ku15pe1760a_224,ku15pe1760a_225,ku15pe1760a_226,ku15pe1760a_227,ku15pe1760a_228,ku15pe1760a_229,ku15pe1760a_230,ku15pe1760a_231,ku15pe1760a_GND1,ku15pe1760a_GND2,ku15pe1760a_GND3,ku15pe1760a_MGTAVCC_L,ku15pe1760a_MGTAVCC_RN,ku15pe1760a_MGTAVCC_RS,ku15pe1760a_MGTAVTT_L,ku15pe1760a_MGTAVTT_RN,ku15pe1760a_MGTAVTT_RS,ku15pe1760a_MGTVCCAUX_L,ku15pe1760a_MGTVCCAUX_RN,ku15pe1760a_MGTVCCAUX_RS,ku15pe1760a_VCCAUX,ku15pe1760a_VCCAUX_IO,ku15pe1760a_VCCBRAM,ku15pe1760a_VCCINT,ku15pe1760a_VCCINT_IO
U 0 -10 10 0 3 0 PARTS=1
U 0 -20 10 0 3 0 LEVEL=STD
U 0 -30 10 0 3 0 DATE=:
E
