V 50
K 153165148200 ku15pe1760
Y 1
D 0 0 400 480
Z 10
i 946
b 50 50 350 430
P 1 0 100 50 100 0 2 0
A 45 100 10 0 9 3 #=G5
L 55 100 10 0 2 0 1 0 VCCO_91_G5
A 10 100 10 0 2 0 PINTYPE=BI
P 2 0 110 50 110 0 2 0
A 45 110 10 0 9 3 #=D6
L 55 110 10 0 2 0 1 0 VCCO_91_D6
A 10 110 10 0 2 0 PINTYPE=BI
P 3 400 100 350 100 0 3 0
A 355 100 10 0 3 3 #=J4
L 345 100 10 0 8 0 1 0 IO_L1P_AD15P_91_J4
A 405 100 10 0 2 0 PINTYPE=BI
P 4 400 110 350 110 0 3 0
A 355 110 10 0 3 3 #=H4
L 345 110 10 0 8 0 1 0 IO_L1N_AD15N_91_H4
A 405 110 10 0 2 0 PINTYPE=BI
P 5 400 120 350 120 0 3 0
A 355 120 10 0 3 3 #=J5
L 345 120 10 0 8 0 1 0 IO_L2P_AD14P_91_J5
A 405 120 10 0 2 0 PINTYPE=BI
P 6 400 130 350 130 0 3 0
A 355 130 10 0 3 3 #=H5
L 345 130 10 0 8 0 1 0 IO_L2N_AD14N_91_H5
A 405 130 10 0 2 0 PINTYPE=BI
P 7 400 140 350 140 0 3 0
A 355 140 10 0 3 3 #=J7
L 345 140 10 0 8 0 1 0 IO_L3P_AD13P_91_J7
A 405 140 10 0 2 0 PINTYPE=BI
P 8 400 150 350 150 0 3 0
A 355 150 10 0 3 3 #=H6
L 345 150 10 0 8 0 1 0 IO_L3N_AD13N_91_H6
A 405 150 10 0 2 0 PINTYPE=BI
P 9 400 160 350 160 0 3 0
A 355 160 10 0 3 3 #=G4
L 345 160 10 0 8 0 1 0 IO_L4P_AD12P_91_G4
A 405 160 10 0 2 0 PINTYPE=BI
P 10 400 170 350 170 0 3 0
A 355 170 10 0 3 3 #=F4
L 345 170 10 0 8 0 1 0 IO_L4N_AD12N_91_F4
A 405 170 10 0 2 0 PINTYPE=BI
P 11 400 180 350 180 0 3 0
A 355 180 10 0 3 3 #=G6
L 345 180 10 0 8 0 1 0 IO_L5P_HDGC_91_G6
A 405 180 10 0 2 0 PINTYPE=BI
P 12 400 190 350 190 0 3 0
A 355 190 10 0 3 3 #=F6
L 345 190 10 0 8 0 1 0 IO_L5N_HDGC_91_F6
A 405 190 10 0 2 0 PINTYPE=BI
P 13 400 200 350 200 0 3 0
A 355 200 10 0 3 3 #=H7
L 345 200 10 0 8 0 1 0 IO_L6P_HDGC_91_H7
A 405 200 10 0 2 0 PINTYPE=BI
P 14 400 210 350 210 0 3 0
A 355 210 10 0 3 3 #=G7
L 345 210 10 0 8 0 1 0 IO_L6N_HDGC_91_G7
A 405 210 10 0 2 0 PINTYPE=BI
P 15 400 220 350 220 0 3 0
A 355 220 10 0 3 3 #=F5
L 345 220 10 0 8 0 1 0 IO_L7P_HDGC_91_F5
A 405 220 10 0 2 0 PINTYPE=BI
P 16 400 230 350 230 0 3 0
A 355 230 10 0 3 3 #=E5
L 345 230 10 0 8 0 1 0 IO_L7N_HDGC_91_E5
A 405 230 10 0 2 0 PINTYPE=BI
P 17 400 240 350 240 0 3 0
A 355 240 10 0 3 3 #=E7
L 345 240 10 0 8 0 1 0 IO_L8P_HDGC_91_E7
A 405 240 10 0 2 0 PINTYPE=BI
P 18 400 250 350 250 0 3 0
A 355 250 10 0 3 3 #=E6
L 345 250 10 0 8 0 1 0 IO_L8N_HDGC_91_E6
A 405 250 10 0 2 0 PINTYPE=BI
P 19 400 260 350 260 0 3 0
A 355 260 10 0 3 3 #=D5
L 345 260 10 0 8 0 1 0 IO_L9P_AD11P_91_D5
A 405 260 10 0 2 0 PINTYPE=BI
P 20 400 270 350 270 0 3 0
A 355 270 10 0 3 3 #=C5
L 345 270 10 0 8 0 1 0 IO_L9N_AD11N_91_C5
A 405 270 10 0 2 0 PINTYPE=BI
P 21 400 280 350 280 0 3 0
A 355 280 10 0 3 3 #=D7
L 345 280 10 0 8 0 1 0 IO_L10P_AD10P_91_D7
A 405 280 10 0 2 0 PINTYPE=BI
P 22 400 290 350 290 0 3 0
A 355 290 10 0 3 3 #=C7
L 345 290 10 0 8 0 1 0 IO_L10N_AD10N_91_C7
A 405 290 10 0 2 0 PINTYPE=BI
P 23 400 300 350 300 0 3 0
A 355 300 10 0 3 3 #=C6
L 345 300 10 0 8 0 1 0 IO_L11P_AD9P_91_C6
A 405 300 10 0 2 0 PINTYPE=BI
P 24 400 310 350 310 0 3 0
A 355 310 10 0 3 3 #=B6
L 345 310 10 0 8 0 1 0 IO_L11N_AD9N_91_B6
A 405 310 10 0 2 0 PINTYPE=BI
P 25 400 320 350 320 0 3 0
A 355 320 10 0 3 3 #=A6
L 345 320 10 0 8 0 1 0 IO_L12P_AD8P_91_A6
A 405 320 10 0 2 0 PINTYPE=BI
P 26 400 330 350 330 0 3 0
A 355 330 10 0 3 3 #=A5
L 345 330 10 0 8 0 1 0 IO_L12N_AD8N_91_A5
A 405 330 10 0 2 0 PINTYPE=BI
T 220 380 20 0 5 XCKU15PFFVE1760
T 220 400 20 0 5 BANK 91
c 70 410 10
U 50 440 10 0 3 3 DEVICE=XXXXXX
U 50 30 16 0 3 3 REFDES=U?
U 250 30 10 0 3 3 PKG_TYPE=XXXXXX
U 0 0 10 0 3 0 HETERO=ku15pe1760a_0,ku15pe1760a_74,ku15pe1760a_73,ku15pe1760a_72,ku15pe1760a_71,ku15pe1760a_70,ku15pe1760a_69,ku15pe1760a_68,ku15pe1760a_67,ku15pe1760a_66,ku15pe1760a_65,ku15pe1760a_64,ku15pe1760a_94,ku15pe1760a_93,ku15pe1760a_91,ku15pe1760a_90,ku15pe1760a_127,ku15pe1760a_128,ku15pe1760a_129,ku15pe1760a_130,ku15pe1760a_131,ku15pe1760a_132,ku15pe1760a_224,ku15pe1760a_225,ku15pe1760a_226,ku15pe1760a_227,ku15pe1760a_228,ku15pe1760a_229,ku15pe1760a_230,ku15pe1760a_231,ku15pe1760a_GND1,ku15pe1760a_GND2,ku15pe1760a_GND3,ku15pe1760a_MGTAVCC_L,ku15pe1760a_MGTAVCC_RN,ku15pe1760a_MGTAVCC_RS,ku15pe1760a_MGTAVTT_L,ku15pe1760a_MGTAVTT_RN,ku15pe1760a_MGTAVTT_RS,ku15pe1760a_MGTVCCAUX_L,ku15pe1760a_MGTVCCAUX_RN,ku15pe1760a_MGTVCCAUX_RS,ku15pe1760a_VCCAUX,ku15pe1760a_VCCAUX_IO,ku15pe1760a_VCCBRAM,ku15pe1760a_VCCINT,ku15pe1760a_VCCINT_IO
U 0 -10 10 0 3 0 PARTS=1
U 0 -20 10 0 3 0 LEVEL=STD
U 0 -30 10 0 3 0 DATE=:
E
