V 50
K 153165148200 ku15pffve1517
Y 1
D 0 0 400 440
Z 10
i 946
b 50 50 350 390
P 1 400 100 350 100 0 3 0
A 355 100 10 0 3 3 #=L30
L 345 100 10 0 8 0 1 0 MGTAVTTRCAL_L_L30
A 405 100 10 0 2 0 PINTYPE=BI
P 2 400 110 350 110 0 3 0
A 355 110 10 0 3 3 #=L29
L 345 110 10 0 8 0 1 0 MGTRREF_L_L29
A 405 110 10 0 2 0 PINTYPE=BI
P 3 400 120 350 120 0 3 0
A 355 120 10 0 3 3 #=W30
L 345 120 10 0 8 0 1 0 MGTREFCLK1N_129_W30
A 405 120 10 0 2 0 PINTYPE=BI
P 4 400 130 350 130 0 3 0
A 355 130 10 0 3 3 #=W29
L 345 130 10 0 8 0 1 0 MGTREFCLK1P_129_W29
A 405 130 10 0 2 0 PINTYPE=BI
P 5 400 140 350 140 0 3 0
A 355 140 10 0 3 3 #=Y28
L 345 140 10 0 8 0 1 0 MGTREFCLK0N_129_Y28
A 405 140 10 0 2 0 PINTYPE=BI
P 6 400 150 350 150 0 3 0
A 355 150 10 0 3 3 #=Y27
L 345 150 10 0 8 0 1 0 MGTREFCLK0P_129_Y27
A 405 150 10 0 2 0 PINTYPE=BI
P 7 400 160 350 160 0 3 0
A 355 160 10 0 3 3 #=U39
L 345 160 10 0 8 0 1 0 MGTYRXN3_129_U39
A 405 160 10 0 2 0 PINTYPE=BI
P 8 400 170 350 170 0 3 0
A 355 170 10 0 3 3 #=U38
L 345 170 10 0 8 0 1 0 MGTYRXP3_129_U38
A 405 170 10 0 2 0 PINTYPE=BI
P 9 400 180 350 180 0 3 0
A 355 180 10 0 3 3 #=R34
L 345 180 10 0 8 0 1 0 MGTYTXN3_129_R34
A 405 180 10 0 2 0 PINTYPE=BI
P 10 400 190 350 190 0 3 0
A 355 190 10 0 3 3 #=R33
L 345 190 10 0 8 0 1 0 MGTYTXP3_129_R33
A 405 190 10 0 2 0 PINTYPE=BI
P 11 400 200 350 200 0 3 0
A 355 200 10 0 3 3 #=V37
L 345 200 10 0 8 0 1 0 MGTYRXN2_129_V37
A 405 200 10 0 2 0 PINTYPE=BI
P 12 400 210 350 210 0 3 0
A 355 210 10 0 3 3 #=V36
L 345 210 10 0 8 0 1 0 MGTYRXP2_129_V36
A 405 210 10 0 2 0 PINTYPE=BI
P 13 400 220 350 220 0 3 0
A 355 220 10 0 3 3 #=T32
L 345 220 10 0 8 0 1 0 MGTYTXN2_129_T32
A 405 220 10 0 2 0 PINTYPE=BI
P 14 400 230 350 230 0 3 0
A 355 230 10 0 3 3 #=T31
L 345 230 10 0 8 0 1 0 MGTYTXP2_129_T31
A 405 230 10 0 2 0 PINTYPE=BI
P 15 400 240 350 240 0 3 0
A 355 240 10 0 3 3 #=W39
L 345 240 10 0 8 0 1 0 MGTYRXN1_129_W39
A 405 240 10 0 2 0 PINTYPE=BI
P 16 400 250 350 250 0 3 0
A 355 250 10 0 3 3 #=W38
L 345 250 10 0 8 0 1 0 MGTYRXP1_129_W38
A 405 250 10 0 2 0 PINTYPE=BI
P 17 400 260 350 260 0 3 0
A 355 260 10 0 3 3 #=U34
L 345 260 10 0 8 0 1 0 MGTYTXN1_129_U34
A 405 260 10 0 2 0 PINTYPE=BI
P 18 400 270 350 270 0 3 0
A 355 270 10 0 3 3 #=U33
L 345 270 10 0 8 0 1 0 MGTYTXP1_129_U33
A 405 270 10 0 2 0 PINTYPE=BI
P 19 400 280 350 280 0 3 0
A 355 280 10 0 3 3 #=Y37
L 345 280 10 0 8 0 1 0 MGTYRXN0_129_Y37
A 405 280 10 0 2 0 PINTYPE=BI
P 20 400 290 350 290 0 3 0
A 355 290 10 0 3 3 #=Y36
L 345 290 10 0 8 0 1 0 MGTYRXP0_129_Y36
A 405 290 10 0 2 0 PINTYPE=BI
P 21 400 300 350 300 0 3 0
A 355 300 10 0 3 3 #=V32
L 345 300 10 0 8 0 1 0 MGTYTXN0_129_V32
A 405 300 10 0 2 0 PINTYPE=BI
P 22 400 310 350 310 0 3 0
A 355 310 10 0 3 3 #=V31
L 345 310 10 0 8 0 1 0 MGTYTXP0_129_V31
A 405 310 10 0 2 0 PINTYPE=BI
T 220 340 20 0 5 XCKU15PFFVE1517
T 220 360 20 0 5 BANK 129
c 70 370 10
U 50 400 10 0 3 3 DEVICE=XXXXXX
U 50 30 16 0 3 3 REFDES=U?
U 250 30 10 0 3 3 PKG_TYPE=XXXXXX
U 0 0 10 0 3 0 HETERO=ku15pffve1517b_0,ku15pffve1517b_71,ku15pffve1517b_70,ku15pffve1517b_69,ku15pffve1517b_68,ku15pffve1517b_67,ku15pffve1517b_66,ku15pffve1517b_65,ku15pffve1517b_64,ku15pffve1517b_94,ku15pffve1517b_93,ku15pffve1517b_91,ku15pffve1517b_90,ku15pffve1517b_127,ku15pffve1517b_128,ku15pffve1517b_129,ku15pffve1517b_130,ku15pffve1517b_131,ku15pffve1517b_132,ku15pffve1517b_224,ku15pffve1517b_225,ku15pffve1517b_226,ku15pffve1517b_227,ku15pffve1517b_228,ku15pffve1517b_229,ku15pffve1517b_230,ku15pffve1517b_231,ku15pffve1517b_GND1,ku15pffve1517b_GND2,ku15pffve1517b_MGTAVCC_L,ku15pffve1517b_MGTAVCC_RN,ku15pffve1517b_MGTAVCC_RS,ku15pffve1517b_MGTAVTT_L,ku15pffve1517b_MGTAVTT_RN,ku15pffve1517b_MGTAVTT_RS,ku15pffve1517b_MGTVCCAUX_L,ku15pffve1517b_MGTVCCAUX_RN,ku15pffve1517b_MGTVCCAUX_RS,ku15pffve1517b_VCCAUX,ku15pffve1517b_VCCAUX_IO,ku15pffve1517b_VCCBRAM,ku15pffve1517b_VCCINT,ku15pffve1517b_VCCINT_IO
U 0 -10 10 0 3 0 PARTS=1
U 0 -20 10 0 3 0 LEVEL=STD
U 0 -30 10 0 3 0 DATE=2016_07_11
E
