V 50
K 153165148200 ku15pffve1517
Y 1
D 0 0 400 420
Z 10
i 946
b 50 50 350 370
P 1 400 100 350 100 0 3 0
A 355 100 10 0 3 3 #=N30
L 345 100 10 0 8 0 1 0 MGTREFCLK1N_132_N30
A 405 100 10 0 2 0 PINTYPE=BI
P 2 400 110 350 110 0 3 0
A 355 110 10 0 3 3 #=N29
L 345 110 10 0 8 0 1 0 MGTREFCLK1P_132_N29
A 405 110 10 0 2 0 PINTYPE=BI
P 3 400 120 350 120 0 3 0
A 355 120 10 0 3 3 #=P28
L 345 120 10 0 8 0 1 0 MGTREFCLK0N_132_P28
A 405 120 10 0 2 0 PINTYPE=BI
P 4 400 130 350 130 0 3 0
A 355 130 10 0 3 3 #=P27
L 345 130 10 0 8 0 1 0 MGTREFCLK0P_132_P27
A 405 130 10 0 2 0 PINTYPE=BI
P 5 400 140 350 140 0 3 0
A 355 140 10 0 3 3 #=C39
L 345 140 10 0 8 0 1 0 MGTYRXN3_132_C39
A 405 140 10 0 2 0 PINTYPE=BI
P 6 400 150 350 150 0 3 0
A 355 150 10 0 3 3 #=C38
L 345 150 10 0 8 0 1 0 MGTYRXP3_132_C38
A 405 150 10 0 2 0 PINTYPE=BI
P 7 400 160 350 160 0 3 0
A 355 160 10 0 3 3 #=A34
L 345 160 10 0 8 0 1 0 MGTYTXN3_132_A34
A 405 160 10 0 2 0 PINTYPE=BI
P 8 400 170 350 170 0 3 0
A 355 170 10 0 3 3 #=A33
L 345 170 10 0 8 0 1 0 MGTYTXP3_132_A33
A 405 170 10 0 2 0 PINTYPE=BI
P 9 400 180 350 180 0 3 0
A 355 180 10 0 3 3 #=E39
L 345 180 10 0 8 0 1 0 MGTYRXN2_132_E39
A 405 180 10 0 2 0 PINTYPE=BI
P 10 400 190 350 190 0 3 0
A 355 190 10 0 3 3 #=E38
L 345 190 10 0 8 0 1 0 MGTYRXP2_132_E38
A 405 190 10 0 2 0 PINTYPE=BI
P 11 400 200 350 200 0 3 0
A 355 200 10 0 3 3 #=B36
L 345 200 10 0 8 0 1 0 MGTYTXN2_132_B36
A 405 200 10 0 2 0 PINTYPE=BI
P 12 400 210 350 210 0 3 0
A 355 210 10 0 3 3 #=B35
L 345 210 10 0 8 0 1 0 MGTYTXP2_132_B35
A 405 210 10 0 2 0 PINTYPE=BI
P 13 400 220 350 220 0 3 0
A 355 220 10 0 3 3 #=G39
L 345 220 10 0 8 0 1 0 MGTYRXN1_132_G39
A 405 220 10 0 2 0 PINTYPE=BI
P 14 400 230 350 230 0 3 0
A 355 230 10 0 3 3 #=G38
L 345 230 10 0 8 0 1 0 MGTYRXP1_132_G38
A 405 230 10 0 2 0 PINTYPE=BI
P 15 400 240 350 240 0 3 0
A 355 240 10 0 3 3 #=C34
L 345 240 10 0 8 0 1 0 MGTYTXN1_132_C34
A 405 240 10 0 2 0 PINTYPE=BI
P 16 400 250 350 250 0 3 0
A 355 250 10 0 3 3 #=C33
L 345 250 10 0 8 0 1 0 MGTYTXP1_132_C33
A 405 250 10 0 2 0 PINTYPE=BI
P 17 400 260 350 260 0 3 0
A 355 260 10 0 3 3 #=H37
L 345 260 10 0 8 0 1 0 MGTYRXN0_132_H37
A 405 260 10 0 2 0 PINTYPE=BI
P 18 400 270 350 270 0 3 0
A 355 270 10 0 3 3 #=H36
L 345 270 10 0 8 0 1 0 MGTYRXP0_132_H36
A 405 270 10 0 2 0 PINTYPE=BI
P 19 400 280 350 280 0 3 0
A 355 280 10 0 3 3 #=D36
L 345 280 10 0 8 0 1 0 MGTYTXN0_132_D36
A 405 280 10 0 2 0 PINTYPE=BI
P 20 400 290 350 290 0 3 0
A 355 290 10 0 3 3 #=D35
L 345 290 10 0 8 0 1 0 MGTYTXP0_132_D35
A 405 290 10 0 2 0 PINTYPE=BI
T 220 310 20 0 5 XCKU15PFFVE1517
T 220 330 20 0 5 BANK 132
T 135 280 12 0 6 BANK MIGRATION:
T 135 270 10 0 6 KU11P = NC
c 70 350 10
U 50 380 10 0 3 3 DEVICE=XXXXXX
U 50 30 16 0 3 3 REFDES=U?
U 250 30 10 0 3 3 PKG_TYPE=XXXXXX
U 0 0 10 0 3 0 HETERO=ku15pffve1517a_0,ku15pffve1517a_71,ku15pffve1517a_70,ku15pffve1517a_69,ku15pffve1517a_68,ku15pffve1517a_67,ku15pffve1517a_66,ku15pffve1517a_65,ku15pffve1517a_64,ku15pffve1517a_94,ku15pffve1517a_93,ku15pffve1517a_91,ku15pffve1517a_90,ku15pffve1517a_127,ku15pffve1517a_128,ku15pffve1517a_129,ku15pffve1517a_130,ku15pffve1517a_131,ku15pffve1517a_132,ku15pffve1517a_224,ku15pffve1517a_225,ku15pffve1517a_226,ku15pffve1517a_227,ku15pffve1517a_228,ku15pffve1517a_229,ku15pffve1517a_230,ku15pffve1517a_231,ku15pffve1517a_GND1,ku15pffve1517a_GND2,ku15pffve1517a_MGTAVCC_L,ku15pffve1517a_MGTAVCC_RN,ku15pffve1517a_MGTAVCC_RS,ku15pffve1517a_MGTAVTT_L,ku15pffve1517a_MGTAVTT_RN,ku15pffve1517a_MGTAVTT_RS,ku15pffve1517a_MGTVCCAUX_L,ku15pffve1517a_MGTVCCAUX_RN,ku15pffve1517a_MGTVCCAUX_RS,ku15pffve1517a_VCCAUX,ku15pffve1517a_VCCAUX_IO,ku15pffve1517a_VCCBRAM,ku15pffve1517a_VCCINT,ku15pffve1517a_VCCINT_IO
U 0 -10 10 0 3 0 PARTS=1
U 0 -20 10 0 3 0 LEVEL=STD
U 0 -30 10 0 3 0 DATE=2016_05_03
E
