V 50
K 153165148200 ku15pe1760
Y 1
D 0 0 400 780
Z 10
i 946
b 50 50 350 730
P 1 0 100 50 100 0 2 0
A 45 100 10 0 9 3 #=H28
L 55 100 10 0 2 0 1 0 VCCO_71_H28
A 10 100 10 0 2 0 PINTYPE=BI
P 2 0 110 50 110 0 2 0
A 45 110 10 0 9 3 #=D31
L 55 110 10 0 2 0 1 0 VCCO_71_D31
A 10 110 10 0 2 0 PINTYPE=BI
P 3 0 120 50 120 0 2 0
A 45 120 10 0 9 3 #=C28
L 55 120 10 0 2 0 1 0 VCCO_71_C28
A 10 120 10 0 2 0 PINTYPE=BI
P 4 400 100 350 100 0 3 0
A 355 100 10 0 3 3 #=P27
L 345 100 10 0 8 0 1 0 VREF_71_P27
A 405 100 10 0 2 0 PINTYPE=BI
P 5 400 110 350 110 0 3 0
A 355 110 10 0 3 3 #=M28
L 345 110 10 0 8 0 1 0 IO_L1P_T0L_N0_DBC_71_M28
A 405 110 10 0 2 0 PINTYPE=BI
P 6 400 120 350 120 0 3 0
A 355 120 10 0 3 3 #=L29
L 345 120 10 0 8 0 1 0 IO_L1N_T0L_N1_DBC_71_L29
A 405 120 10 0 2 0 PINTYPE=BI
P 7 400 130 350 130 0 3 0
A 355 130 10 0 3 3 #=L31
L 345 130 10 0 8 0 1 0 IO_L2P_T0L_N2_71_L31
A 405 130 10 0 2 0 PINTYPE=BI
P 8 400 140 350 140 0 3 0
A 355 140 10 0 3 3 #=K31
L 345 140 10 0 8 0 1 0 IO_L2N_T0L_N3_71_K31
A 405 140 10 0 2 0 PINTYPE=BI
P 9 400 150 350 150 0 3 0
A 355 150 10 0 3 3 #=P28
L 345 150 10 0 8 0 1 0 IO_L3P_T0L_N4_AD15P_71_P28
A 405 150 10 0 2 0 PINTYPE=BI
P 10 400 160 350 160 0 3 0
A 355 160 10 0 3 3 #=N28
L 345 160 10 0 8 0 1 0 IO_L3N_T0L_N5_AD15N_71_N28
A 405 160 10 0 2 0 PINTYPE=BI
P 11 400 170 350 170 0 3 0
A 355 170 10 0 3 3 #=L30
L 345 170 10 0 8 0 1 0 IO_L4P_T0U_N6_DBC_AD7P_71_L30
A 405 170 10 0 2 0 PINTYPE=BI
P 12 400 180 350 180 0 3 0
A 355 180 10 0 3 3 #=K30
L 345 180 10 0 8 0 1 0 IO_L4N_T0U_N7_DBC_AD7N_71_K30
A 405 180 10 0 2 0 PINTYPE=BI
P 13 400 190 350 190 0 3 0
A 355 190 10 0 3 3 #=N27
L 345 190 10 0 8 0 1 0 IO_L5P_T0U_N8_AD14P_71_N27
A 405 190 10 0 2 0 PINTYPE=BI
P 14 400 200 350 200 0 3 0
A 355 200 10 0 3 3 #=M27
L 345 200 10 0 8 0 1 0 IO_L5N_T0U_N9_AD14N_71_M27
A 405 200 10 0 2 0 PINTYPE=BI
P 15 400 210 350 210 0 3 0
A 355 210 10 0 3 3 #=L28
L 345 210 10 0 8 0 1 0 IO_L6P_T0U_N10_AD6P_71_L28
A 405 210 10 0 2 0 PINTYPE=BI
P 16 400 220 350 220 0 3 0
A 355 220 10 0 3 3 #=K28
L 345 220 10 0 8 0 1 0 IO_L6N_T0U_N11_AD6N_71_K28
A 405 220 10 0 2 0 PINTYPE=BI
P 17 400 230 350 230 0 3 0
A 355 230 10 0 3 3 #=K27
L 345 230 10 0 8 0 1 0 IO_T0U_N12_VRP_71_K27
A 405 230 10 0 2 0 PINTYPE=BI
P 18 400 240 350 240 0 3 0
A 355 240 10 0 3 3 #=J29
L 345 240 10 0 8 0 1 0 IO_L7P_T1L_N0_QBC_AD13P_71_J29
A 405 240 10 0 2 0 PINTYPE=BI
P 19 400 250 350 250 0 3 0
A 355 250 10 0 3 3 #=J30
L 345 250 10 0 8 0 1 0 IO_L7N_T1L_N1_QBC_AD13N_71_J30
A 405 250 10 0 2 0 PINTYPE=BI
P 20 400 260 350 260 0 3 0
A 355 260 10 0 3 3 #=J32
L 345 260 10 0 8 0 1 0 IO_L8P_T1L_N2_AD5P_71_J32
A 405 260 10 0 2 0 PINTYPE=BI
P 21 400 270 350 270 0 3 0
A 355 270 10 0 3 3 #=H32
L 345 270 10 0 8 0 1 0 IO_L8N_T1L_N3_AD5N_71_H32
A 405 270 10 0 2 0 PINTYPE=BI
P 22 400 280 350 280 0 3 0
A 355 280 10 0 3 3 #=J28
L 345 280 10 0 8 0 1 0 IO_L9P_T1L_N4_AD12P_71_J28
A 405 280 10 0 2 0 PINTYPE=BI
P 23 400 290 350 290 0 3 0
A 355 290 10 0 3 3 #=H29
L 345 290 10 0 8 0 1 0 IO_L9N_T1L_N5_AD12N_71_H29
A 405 290 10 0 2 0 PINTYPE=BI
P 24 400 300 350 300 0 3 0
A 355 300 10 0 3 3 #=G31
L 345 300 10 0 8 0 1 0 IO_L10P_T1U_N6_QBC_AD4P_71_G31
A 405 300 10 0 2 0 PINTYPE=BI
P 25 400 310 350 310 0 3 0
A 355 310 10 0 3 3 #=G32
L 345 310 10 0 8 0 1 0 IO_L10N_T1U_N7_QBC_AD4N_71_G32
A 405 310 10 0 2 0 PINTYPE=BI
P 26 400 320 350 320 0 3 0
A 355 320 10 0 3 3 #=G28
L 345 320 10 0 8 0 1 0 IO_L11P_T1U_N8_GC_71_G28
A 405 320 10 0 2 0 PINTYPE=BI
P 27 400 330 350 330 0 3 0
A 355 330 10 0 3 3 #=G29
L 345 330 10 0 8 0 1 0 IO_L11N_T1U_N9_GC_71_G29
A 405 330 10 0 2 0 PINTYPE=BI
P 28 400 340 350 340 0 3 0
A 355 340 10 0 3 3 #=H30
L 345 340 10 0 8 0 1 0 IO_L12P_T1U_N10_GC_71_H30
A 405 340 10 0 2 0 PINTYPE=BI
P 29 400 350 350 350 0 3 0
A 355 350 10 0 3 3 #=H31
L 345 350 10 0 8 0 1 0 IO_L12N_T1U_N11_GC_71_H31
A 405 350 10 0 2 0 PINTYPE=BI
P 30 400 360 350 360 0 3 0
A 355 360 10 0 3 3 #=K32
L 345 360 10 0 8 0 1 0 IO_T1U_N12_71_K32
A 405 360 10 0 2 0 PINTYPE=BI
P 31 400 370 350 370 0 3 0
A 355 370 10 0 3 3 #=F29
L 345 370 10 0 8 0 1 0 IO_L13P_T2L_N0_GC_QBC_71_F29
A 405 370 10 0 2 0 PINTYPE=BI
P 32 400 380 350 380 0 3 0
A 355 380 10 0 3 3 #=F30
L 345 380 10 0 8 0 1 0 IO_L13N_T2L_N1_GC_QBC_71_F30
A 405 380 10 0 2 0 PINTYPE=BI
P 33 400 390 350 390 0 3 0
A 355 390 10 0 3 3 #=F31
L 345 390 10 0 8 0 1 0 IO_L14P_T2L_N2_GC_71_F31
A 405 390 10 0 2 0 PINTYPE=BI
P 34 400 400 350 400 0 3 0
A 355 400 10 0 3 3 #=E31
L 345 400 10 0 8 0 1 0 IO_L14N_T2L_N3_GC_71_E31
A 405 400 10 0 2 0 PINTYPE=BI
P 35 400 410 350 410 0 3 0
A 355 410 10 0 3 3 #=F28
L 345 410 10 0 8 0 1 0 IO_L15P_T2L_N4_AD11P_71_F28
A 405 410 10 0 2 0 PINTYPE=BI
P 36 400 420 350 420 0 3 0
A 355 420 10 0 3 3 #=E28
L 345 420 10 0 8 0 1 0 IO_L15N_T2L_N5_AD11N_71_E28
A 405 420 10 0 2 0 PINTYPE=BI
P 37 400 430 350 430 0 3 0
A 355 430 10 0 3 3 #=E32
L 345 430 10 0 8 0 1 0 IO_L16P_T2U_N6_QBC_AD3P_71_E32
A 405 430 10 0 2 0 PINTYPE=BI
P 38 400 440 350 440 0 3 0
A 355 440 10 0 3 3 #=D32
L 345 440 10 0 8 0 1 0 IO_L16N_T2U_N7_QBC_AD3N_71_D32
A 405 440 10 0 2 0 PINTYPE=BI
P 39 400 450 350 450 0 3 0
A 355 450 10 0 3 3 #=D28
L 345 450 10 0 8 0 1 0 IO_L17P_T2U_N8_AD10P_71_D28
A 405 450 10 0 2 0 PINTYPE=BI
P 40 400 460 350 460 0 3 0
A 355 460 10 0 3 3 #=D29
L 345 460 10 0 8 0 1 0 IO_L17N_T2U_N9_AD10N_71_D29
A 405 460 10 0 2 0 PINTYPE=BI
P 41 400 470 350 470 0 3 0
A 355 470 10 0 3 3 #=E30
L 345 470 10 0 8 0 1 0 IO_L18P_T2U_N10_AD2P_71_E30
A 405 470 10 0 2 0 PINTYPE=BI
P 42 400 480 350 480 0 3 0
A 355 480 10 0 3 3 #=D30
L 345 480 10 0 8 0 1 0 IO_L18N_T2U_N11_AD2N_71_D30
A 405 480 10 0 2 0 PINTYPE=BI
P 43 400 490 350 490 0 3 0
A 355 490 10 0 3 3 #=C32
L 345 490 10 0 8 0 1 0 IO_T2U_N12_71_C32
A 405 490 10 0 2 0 PINTYPE=BI
P 44 400 500 350 500 0 3 0
A 355 500 10 0 3 3 #=C30
L 345 500 10 0 8 0 1 0 IO_L19P_T3L_N0_DBC_AD9P_71_C30
A 405 500 10 0 2 0 PINTYPE=BI
P 45 400 510 350 510 0 3 0
A 355 510 10 0 3 3 #=C31
L 345 510 10 0 8 0 1 0 IO_L19N_T3L_N1_DBC_AD9N_71_C31
A 405 510 10 0 2 0 PINTYPE=BI
P 46 400 520 350 520 0 3 0
A 355 520 10 0 3 3 #=B33
L 345 520 10 0 8 0 1 0 IO_L20P_T3L_N2_AD1P_71_B33
A 405 520 10 0 2 0 PINTYPE=BI
P 47 400 530 350 530 0 3 0
A 355 530 10 0 3 3 #=A33
L 345 530 10 0 8 0 1 0 IO_L20N_T3L_N3_AD1N_71_A33
A 405 530 10 0 2 0 PINTYPE=BI
P 48 400 540 350 540 0 3 0
A 355 540 10 0 3 3 #=B31
L 345 540 10 0 8 0 1 0 IO_L21P_T3L_N4_AD8P_71_B31
A 405 540 10 0 2 0 PINTYPE=BI
P 49 400 550 350 550 0 3 0
A 355 550 10 0 3 3 #=B32
L 345 550 10 0 8 0 1 0 IO_L21N_T3L_N5_AD8N_71_B32
A 405 550 10 0 2 0 PINTYPE=BI
P 50 400 560 350 560 0 3 0
A 355 560 10 0 3 3 #=A30
L 345 560 10 0 8 0 1 0 IO_L22P_T3U_N6_DBC_AD0P_71_A30
A 405 560 10 0 2 0 PINTYPE=BI
P 51 400 570 350 570 0 3 0
A 355 570 10 0 3 3 #=A31
L 345 570 10 0 8 0 1 0 IO_L22N_T3U_N7_DBC_AD0N_71_A31
A 405 570 10 0 2 0 PINTYPE=BI
P 52 400 580 350 580 0 3 0
A 355 580 10 0 3 3 #=C29
L 345 580 10 0 8 0 1 0 IO_L23P_T3U_N8_71_C29
A 405 580 10 0 2 0 PINTYPE=BI
P 53 400 590 350 590 0 3 0
A 355 590 10 0 3 3 #=B29
L 345 590 10 0 8 0 1 0 IO_L23N_T3U_N9_71_B29
A 405 590 10 0 2 0 PINTYPE=BI
P 54 400 600 350 600 0 3 0
A 355 600 10 0 3 3 #=A28
L 345 600 10 0 8 0 1 0 IO_L24P_T3U_N10_71_A28
A 405 600 10 0 2 0 PINTYPE=BI
P 55 400 610 350 610 0 3 0
A 355 610 10 0 3 3 #=A29
L 345 610 10 0 8 0 1 0 IO_L24N_T3U_N11_71_A29
A 405 610 10 0 2 0 PINTYPE=BI
P 56 400 620 350 620 0 3 0
A 355 620 10 0 3 3 #=B28
L 345 620 10 0 8 0 1 0 IO_T3U_N12_71_B28
A 405 620 10 0 2 0 PINTYPE=BI
T 220 680 20 0 5 XCKU15PFFVE1760
T 220 700 20 0 5 BANK 71
c 70 710 10
U 50 740 10 0 3 3 DEVICE=XXXXXX
U 50 30 16 0 3 3 REFDES=U?
U 250 30 10 0 3 3 PKG_TYPE=XXXXXX
U 0 0 10 0 3 0 HETERO=ku15pe1760a_0,ku15pe1760a_74,ku15pe1760a_73,ku15pe1760a_72,ku15pe1760a_71,ku15pe1760a_70,ku15pe1760a_69,ku15pe1760a_68,ku15pe1760a_67,ku15pe1760a_66,ku15pe1760a_65,ku15pe1760a_64,ku15pe1760a_94,ku15pe1760a_93,ku15pe1760a_91,ku15pe1760a_90,ku15pe1760a_127,ku15pe1760a_128,ku15pe1760a_129,ku15pe1760a_130,ku15pe1760a_131,ku15pe1760a_132,ku15pe1760a_224,ku15pe1760a_225,ku15pe1760a_226,ku15pe1760a_227,ku15pe1760a_228,ku15pe1760a_229,ku15pe1760a_230,ku15pe1760a_231,ku15pe1760a_GND1,ku15pe1760a_GND2,ku15pe1760a_GND3,ku15pe1760a_MGTAVCC_L,ku15pe1760a_MGTAVCC_RN,ku15pe1760a_MGTAVCC_RS,ku15pe1760a_MGTAVTT_L,ku15pe1760a_MGTAVTT_RN,ku15pe1760a_MGTAVTT_RS,ku15pe1760a_MGTVCCAUX_L,ku15pe1760a_MGTVCCAUX_RN,ku15pe1760a_MGTVCCAUX_RS,ku15pe1760a_VCCAUX,ku15pe1760a_VCCAUX_IO,ku15pe1760a_VCCBRAM,ku15pe1760a_VCCINT,ku15pe1760a_VCCINT_IO
U 0 -10 10 0 3 0 PARTS=1
U 0 -20 10 0 3 0 LEVEL=STD
U 0 -30 10 0 3 0 DATE=:
E
