V 50
K 153165148200 ku15pe1760
Y 1
D 0 0 400 460
Z 10
i 946
b 50 50 350 410
P 1 400 100 350 100 0 3 0
A 355 100 10 0 3 3 #=AA34
L 345 100 10 0 8 0 1 0 MGTAVTT_L_AA34
A 405 100 10 0 2 0 PINTYPE=BI
P 2 400 110 350 110 0 3 0
A 355 110 10 0 3 3 #=AB36
L 345 110 10 0 8 0 1 0 MGTAVTT_L_AB36
A 405 110 10 0 2 0 PINTYPE=BI
P 3 400 120 350 120 0 3 0
A 355 120 10 0 3 3 #=AC34
L 345 120 10 0 8 0 1 0 MGTAVTT_L_AC34
A 405 120 10 0 2 0 PINTYPE=BI
P 4 400 130 350 130 0 3 0
A 355 130 10 0 3 3 #=AD36
L 345 130 10 0 8 0 1 0 MGTAVTT_L_AD36
A 405 130 10 0 2 0 PINTYPE=BI
P 5 400 140 350 140 0 3 0
A 355 140 10 0 3 3 #=AE34
L 345 140 10 0 8 0 1 0 MGTAVTT_L_AE34
A 405 140 10 0 2 0 PINTYPE=BI
P 6 400 150 350 150 0 3 0
A 355 150 10 0 3 3 #=AF36
L 345 150 10 0 8 0 1 0 MGTAVTT_L_AF36
A 405 150 10 0 2 0 PINTYPE=BI
P 7 400 160 350 160 0 3 0
A 355 160 10 0 3 3 #=AG34
L 345 160 10 0 8 0 1 0 MGTAVTT_L_AG34
A 405 160 10 0 2 0 PINTYPE=BI
P 8 400 170 350 170 0 3 0
A 355 170 10 0 3 3 #=AH36
L 345 170 10 0 8 0 1 0 MGTAVTT_L_AH36
A 405 170 10 0 2 0 PINTYPE=BI
P 9 400 180 350 180 0 3 0
A 355 180 10 0 3 3 #=AJ34
L 345 180 10 0 8 0 1 0 MGTAVTT_L_AJ34
A 405 180 10 0 2 0 PINTYPE=BI
P 10 400 190 350 190 0 3 0
A 355 190 10 0 3 3 #=AK36
L 345 190 10 0 8 0 1 0 MGTAVTT_L_AK36
A 405 190 10 0 2 0 PINTYPE=BI
P 11 400 200 350 200 0 3 0
A 355 200 10 0 3 3 #=AL34
L 345 200 10 0 8 0 1 0 MGTAVTT_L_AL34
A 405 200 10 0 2 0 PINTYPE=BI
P 12 400 210 350 210 0 3 0
A 355 210 10 0 3 3 #=AM36
L 345 210 10 0 8 0 1 0 MGTAVTT_L_AM36
A 405 210 10 0 2 0 PINTYPE=BI
P 13 400 220 350 220 0 3 0
A 355 220 10 0 3 3 #=J34
L 345 220 10 0 8 0 1 0 MGTAVTT_L_J34
A 405 220 10 0 2 0 PINTYPE=BI
P 14 400 230 350 230 0 3 0
A 355 230 10 0 3 3 #=K36
L 345 230 10 0 8 0 1 0 MGTAVTT_L_K36
A 405 230 10 0 2 0 PINTYPE=BI
P 15 400 240 350 240 0 3 0
A 355 240 10 0 3 3 #=L34
L 345 240 10 0 8 0 1 0 MGTAVTT_L_L34
A 405 240 10 0 2 0 PINTYPE=BI
P 16 400 250 350 250 0 3 0
A 355 250 10 0 3 3 #=M36
L 345 250 10 0 8 0 1 0 MGTAVTT_L_M36
A 405 250 10 0 2 0 PINTYPE=BI
P 17 400 260 350 260 0 3 0
A 355 260 10 0 3 3 #=N34
L 345 260 10 0 8 0 1 0 MGTAVTT_L_N34
A 405 260 10 0 2 0 PINTYPE=BI
P 18 400 270 350 270 0 3 0
A 355 270 10 0 3 3 #=P36
L 345 270 10 0 8 0 1 0 MGTAVTT_L_P36
A 405 270 10 0 2 0 PINTYPE=BI
P 19 400 280 350 280 0 3 0
A 355 280 10 0 3 3 #=R34
L 345 280 10 0 8 0 1 0 MGTAVTT_L_R34
A 405 280 10 0 2 0 PINTYPE=BI
P 20 400 290 350 290 0 3 0
A 355 290 10 0 3 3 #=T36
L 345 290 10 0 8 0 1 0 MGTAVTT_L_T36
A 405 290 10 0 2 0 PINTYPE=BI
P 21 400 300 350 300 0 3 0
A 355 300 10 0 3 3 #=U34
L 345 300 10 0 8 0 1 0 MGTAVTT_L_U34
A 405 300 10 0 2 0 PINTYPE=BI
P 22 400 310 350 310 0 3 0
A 355 310 10 0 3 3 #=V36
L 345 310 10 0 8 0 1 0 MGTAVTT_L_V36
A 405 310 10 0 2 0 PINTYPE=BI
P 23 400 320 350 320 0 3 0
A 355 320 10 0 3 3 #=W34
L 345 320 10 0 8 0 1 0 MGTAVTT_L_W34
A 405 320 10 0 2 0 PINTYPE=BI
P 24 400 330 350 330 0 3 0
A 355 330 10 0 3 3 #=Y36
L 345 330 10 0 8 0 1 0 MGTAVTT_L_Y36
A 405 330 10 0 2 0 PINTYPE=BI
T 220 360 20 0 5 XCKU15PFFVE1760
T 220 380 20 0 5 BANK MGTAVTT_L
c 70 390 10
U 50 420 10 0 3 3 DEVICE=XXXXXX
U 50 30 16 0 3 3 REFDES=U?
U 250 30 10 0 3 3 PKG_TYPE=XXXXXX
U 0 0 10 0 3 0 HETERO=ku15pe1760a_0,ku15pe1760a_74,ku15pe1760a_73,ku15pe1760a_72,ku15pe1760a_71,ku15pe1760a_70,ku15pe1760a_69,ku15pe1760a_68,ku15pe1760a_67,ku15pe1760a_66,ku15pe1760a_65,ku15pe1760a_64,ku15pe1760a_94,ku15pe1760a_93,ku15pe1760a_91,ku15pe1760a_90,ku15pe1760a_127,ku15pe1760a_128,ku15pe1760a_129,ku15pe1760a_130,ku15pe1760a_131,ku15pe1760a_132,ku15pe1760a_224,ku15pe1760a_225,ku15pe1760a_226,ku15pe1760a_227,ku15pe1760a_228,ku15pe1760a_229,ku15pe1760a_230,ku15pe1760a_231,ku15pe1760a_GND1,ku15pe1760a_GND2,ku15pe1760a_GND3,ku15pe1760a_MGTAVCC_L,ku15pe1760a_MGTAVCC_RN,ku15pe1760a_MGTAVCC_RS,ku15pe1760a_MGTAVTT_L,ku15pe1760a_MGTAVTT_RN,ku15pe1760a_MGTAVTT_RS,ku15pe1760a_MGTVCCAUX_L,ku15pe1760a_MGTVCCAUX_RN,ku15pe1760a_MGTVCCAUX_RS,ku15pe1760a_VCCAUX,ku15pe1760a_VCCAUX_IO,ku15pe1760a_VCCBRAM,ku15pe1760a_VCCINT,ku15pe1760a_VCCINT_IO
U 0 -10 10 0 3 0 PARTS=1
U 0 -20 10 0 3 0 LEVEL=STD
U 0 -30 10 0 3 0 DATE=:
E
