V 53
K 1409854369 LCD_WITH_BACKLIGHT.1
F Case
|R 11:12:49_9-4-14
D 0 114 240 -69
Y 1
Z 10
i 20
U 0 -10 10 0 3 0 DEVICE=LCD_DISPLAY
U 0 -30 10 0 3 0 PARTS=1
U 0 -20 10 0 3 0 LEVEL=STD
U 20 95 16 0 3 3 REFDES=LCD?
U 155 -55 10 0 1 3 VALUE=VALUE
U 0 -69 10 0 1 0 FORWARD_PCB=1
T 75 40 18 0 3 LCD Display
b 20 -55 220 95
P 115 0 80 20 80 0 2 0
L 22 80 10 0 2 0 1 0 VDD
A 0 80 10 0 1 0 PINTYPE=IN
A 0 90 10 0 1 3 #=1
P 118 0 70 20 70 0 2 0
L 22 70 10 0 2 0 1 0 VSS
A 0 70 10 0 1 0 PINTYPE=IN
A 0 80 10 0 1 3 #=2
P 121 0 60 20 60 0 2 0
L 22 60 10 0 2 0 1 0 VO
A 0 60 10 0 1 0 PINTYPE=IN
A 0 70 10 0 1 3 #=3
P 124 0 50 20 50 0 2 0
L 22 50 10 0 2 0 1 0 RS
A 0 50 10 0 1 0 PINTYPE=IN
A 0 60 10 0 1 3 #=4
P 127 0 40 20 40 0 2 0
L 22 40 10 0 2 0 1 0 R_W_B
A 0 40 10 0 1 0 PINTYPE=IN
A 0 50 10 0 1 3 #=5
P 130 0 30 20 30 0 2 0
L 22 30 10 0 2 0 1 0 E
A 0 30 10 0 1 0 PINTYPE=IN
A 0 40 10 0 1 3 #=6
P 133 0 20 20 20 0 2 0
L 22 20 10 0 2 0 1 0 DB0
A 0 20 10 0 1 0 PINTYPE=IN
A 0 30 10 0 1 3 #=7
P 136 0 10 20 10 0 2 0
L 22 10 10 0 2 0 1 0 DB1
A 0 10 10 0 1 0 PINTYPE=IN
A 0 20 10 0 1 3 #=8
P 139 0 0 20 0 0 2 0
L 22 0 10 0 2 0 1 0 DB2
A 0 0 10 0 1 0 PINTYPE=IN
A 0 10 10 0 1 3 #=9
P 142 0 -10 20 -10 0 2 0
L 22 -10 10 0 2 0 1 0 DB3
A 0 -10 10 0 1 0 PINTYPE=IN
A 0 0 10 0 1 3 #=10
P 145 0 -20 20 -20 0 2 0
L 22 -20 10 0 2 0 1 0 DB4
A 0 -20 10 0 1 0 PINTYPE=IN
A 0 -10 10 0 1 3 #=11
P 148 0 -30 20 -30 0 2 0
L 22 -30 10 0 2 0 1 0 DB5
A 0 -30 10 0 1 0 PINTYPE=IN
A 0 -20 10 0 1 3 #=12
P 151 0 -40 20 -40 0 2 0
L 22 -40 10 0 2 0 1 0 DB6
A 0 -40 10 0 1 0 PINTYPE=IN
A 0 -30 10 0 1 3 #=13
P 154 0 -50 20 -50 0 2 0
L 22 -50 10 0 2 0 1 0 DB7
A 0 -50 10 0 1 0 PINTYPE=IN
A 0 -40 10 0 1 3 #=14
P 157 240 40 220 40 0 3 0
L 218 40 10 0 8 0 1 0 A1
A 240 40 10 0 1 0 PINTYPE=POWER
A 240 50 10 0 7 3 #=15
P 160 240 30 220 30 0 3 0
L 218 30 10 0 8 0 1 0 A2
A 240 30 10 0 1 0 PINTYPE=POWER
A 240 40 10 0 7 3 #=16
P 163 240 20 220 20 0 3 0
L 218 20 10 0 8 0 1 0 NC
A 240 20 10 0 1 0 PINTYPE=IN
A 240 30 10 0 7 3 #=17
P 166 240 10 220 10 0 3 0
L 218 10 10 0 8 0 1 0 K1
A 240 10 10 0 1 0 PINTYPE=POWER
A 240 20 10 0 7 3 #=18
P 169 240 0 220 0 0 3 0
L 218 0 10 0 8 0 1 0 K2
A 240 0 10 0 1 0 PINTYPE=POWER
A 240 10 10 0 7 3 #=19
E 
