V 51
K 162064702100 lm25119psqe
|R 0:41_11-30-12
Y 1
D 0 0 220 360
Z 10
i 229
U 0 -20 10 0 3 0 VALUE=VALUE
U 0 -10 10 0 3 0 MANF_P/N=MANF_P/N
U 20 0 16 0 3 3 REFDES=U?
U 25 345 10 0 3 3 DEVICE=DEVICE
U 140 10 10 0 3 3 PKG_TYPE=PKG_TYPE
P 164 0 330 20 330 0 2 0
L 25 330 10 4 8 0 1 0 VIN
A 15 330 10 4 3 3 #=29
P 204 0 270 20 270 0 2 0
A 15 270 10 4 3 3 #=10
L 25 270 10 4 8 0 1 0 COMP1
P 205 0 250 20 250 0 2 0
A 15 250 10 4 3 3 #=6
L 25 250 10 4 8 0 1 0 RAMP1
P 206 0 230 20 230 0 2 0
A 15 230 10 4 3 3 #=7
L 25 230 10 4 8 0 1 0 SS1
P 207 0 210 20 210 0 2 0
A 15 210 10 4 3 3 #=13
L 25 210 10 4 8 0 1 0 RT
P 208 0 190 20 190 0 2 0
A 15 190 10 4 3 3 #=14
L 25 190 10 4 8 0 1 0 RES
P 216 0 170 20 170 0 2 0
A 15 170 10 4 3 3 #=17
L 25 170 10 4 8 0 1 0 DEMB
P 217 0 150 20 150 0 2 0
A 15 150 10 4 3 3 #=8
L 25 150 10 4 8 0 1 0 VCCDIS
P 218 0 130 20 130 0 2 0
A 15 130 10 4 3 3 #=11
L 25 130 10 4 8 0 1 0 EN2
P 219 0 110 20 110 0 2 0
A 15 110 10 4 3 3 #=19
L 25 110 10 4 8 0 1 0 RAMP2
P 220 0 90 20 90 0 2 0
A 15 90 10 4 3 3 #=18
L 25 90 10 4 8 0 1 0 SS2
P 215 0 70 20 70 0 2 0
A 15 70 10 4 3 3 #=15
L 25 70 10 4 8 0 1 0 COMP2
P 191 0 50 20 50 0 2 0
A 15 50 10 4 3 3 #=16
L 25 50 10 4 8 0 1 0 FB2
P 190 0 30 20 30 0 2 0
A 15 30 10 4 3 3 #=12
L 25 30 10 4 8 0 1 0 AGND
P 198 220 30 200 30 0 3 0
A 205 30 10 0 3 3 #=22
L 195 30 10 0 8 0 1 0 PGND2
P 197 220 50 200 50 0 3 0
A 205 50 10 0 3 3 #=21
L 195 50 10 0 8 0 1 0 CSG2
P 229 110 0 110 20 0 1 0
L 115 25 10 1 3 0 1 0 DAP
A 100 5 10 1 1 3 #=33
P 226 220 70 200 70 0 3 0
A 205 70 10 0 3 3 #=20
L 195 70 10 0 8 0 1 0 CS2
P 227 220 90 200 90 0 3 0
A 205 90 10 0 3 3 #=23
L 195 90 10 0 8 0 1 0 LO2
P 228 220 110 200 110 0 3 0
A 205 110 10 0 3 3 #=25
L 195 110 10 0 8 0 1 0 SW2
P 202 220 130 200 130 0 3 0
A 205 130 10 0 3 3 #=26
L 195 130 10 0 8 0 1 0 HO2
P 201 220 150 200 150 0 3 0
A 205 150 10 0 3 3 #=27
L 195 150 10 0 8 0 1 0 HB2
P 200 220 170 200 170 0 3 0
A 205 170 10 0 3 3 #=3
L 195 170 10 0 8 0 1 0 PGND1
P 186 220 190 200 190 0 3 0
A 205 190 10 0 3 3 #=24
L 195 190 10 0 8 0 1 0 VCC2
P 185 220 210 200 210 0 3 0
A 205 210 10 0 3 3 #=4
L 195 210 10 0 8 0 1 0 CSG1
P 184 220 230 200 230 0 3 0
A 205 230 10 0 3 3 #=5
L 195 230 10 0 8 0 1 0 CS1
P 183 220 250 200 250 0 3 0
A 205 250 10 0 3 3 #=2
L 195 250 10 0 8 0 1 0 LO1
P 181 220 270 200 270 0 3 0
L 195 270 10 0 8 0 1 0 SW1
A 205 270 10 0 3 3 #=32
P 182 220 290 200 290 0 3 0
L 195 290 10 0 8 0 1 0 HO1
A 205 290 10 0 3 3 #=31
P 180 220 310 200 310 0 3 0
L 195 310 10 0 8 0 1 0 HB1
A 205 310 10 0 3 3 #=30
P 172 220 330 200 330 0 3 0
L 195 330 10 0 8 0 1 0 VCC1
A 205 330 10 0 3 3 #=1
P 187 0 310 20 310 0 2 0
A 15 310 10 4 3 3 #=28
L 25 310 10 4 8 0 1 0 UVLO
P 203 0 290 20 290 0 2 0
A 15 290 10 4 3 3 #=9
L 25 290 10 4 8 0 1 0 FB1
b 20 20 200 340
E
