V 53
K 1399070783 lm4128.1
F Case
|R 15:46:23_5-2-14
D 0 100 120 -5
Y 1
Z 10
i 6
U 30 90 10 0 3 3 DEVICE=LM4128
U 20 -5 16 0 3 3 REFDES=U?
U 80 0 10 0 3 3 PKG_TYPE=XXXX
U 20 -5 10 0 1 0 VALUE=LM4128
U 0 -5 10 0 1 0 MANF_P/N=XXXX
U 0 -5 10 0 1 0 FORWARD_PCB=1
b 20 10 100 90
P 18 0 60 20 60 0 2 0
L 25 60 10 0 2 0 1 0 EN
A 15 60 10 0 9 3 #=3
A -30 50 10 0 9 0 PINTYPE=BI
P 19 120 80 100 80 0 3 0
L 95 80 10 0 8 0 1 0 VREF
A 105 80 10 0 3 3 #=5
A 160 75 10 0 3 0 PINTYPE=BI
P 22 0 20 20 20 0 2 0
L 25 20 10 0 2 0 1 0 GND
A 15 20 10 0 9 3 #=2
A -30 10 10 0 9 0 PINTYPE=BI
P 27 120 20 100 20 0 3 0
L 95 20 10 0 8 0 1 0 NC
A 105 20 10 0 3 3 #=1
A 160 15 10 0 3 0 PINTYPE=BI
P 49 0 80 20 80 0 2 0
L 25 80 10 0 2 0 1 0 VIN
A -30 70 10 0 9 0 PINTYPE=BI
A 15 80 10 0 9 3 #=4
E 
