V 53
K 1476223469 LTC4219.1
F Case
|R 15:04:29_10-11-16
D 0 220 150 0
Y 1
Z 10
i 66
U 20 200 10 0 3 3 DEVICE=LTC4219
U 20 0 16 0 3 3 REFDES=U?
U 0 -30 10 0 3 0 PARTS=1
U 0 -40 10 0 3 0 LEVEL=STD
U 130 0 10 0 9 3 PKG_TYPE=LTC4219_DHC_TBD
U 0 0 10 0 1 0 FORWARD_PCB=1
b 20 20 130 200
P 17 0 180 20 180 0 2 0
L 25 180 10 0 2 0 1 0 VDD1
A 0 180 10 0 1 0 PINTYPE=IN
A 10 180 10 0 6 3 #=1
P 20 0 80 20 80 0 2 0
L 25 80 10 0 2 0 1 0 EN1_B
A 0 80 10 0 1 0 PINTYPE=IN
A 10 80 10 0 6 3 #=2
P 23 0 70 20 70 0 2 0
L 25 70 10 0 2 0 1 0 EN2_B
A 0 70 10 0 1 0 PINTYPE=IN
A 10 70 10 0 6 3 #=3
P 26 150 50 130 50 0 3 0
L 125 50 10 0 8 0 1 0 TIMER
A 150 50 10 0 1 0 PINTYPE=IN
A 140 50 10 0 6 3 #=4
P 29 150 40 130 40 0 3 0
L 125 40 10 0 8 0 1 0 INTVCC
A 150 40 10 0 1 0 PINTYPE=OUT
A 140 40 10 0 6 3 #=5
P 32 0 40 20 40 0 2 0
L 25 40 10 0 2 0 1 0 GND
A 0 40 10 0 1 0 PINTYPE=GROUND
A 10 40 10 0 6 3 #=6
P 35 150 180 130 180 0 3 0
L 125 180 10 0 8 0 1 0 OUT1
A 150 180 10 0 1 0 PINTYPE=OUT
A 140 180 10 0 6 3 #=7
P 38 150 170 130 170 0 3 0
L 125 170 10 0 8 0 1 0 OUT2
A 150 170 10 0 1 0 PINTYPE=OUT
A 140 170 10 0 6 3 #=8
P 41 150 160 130 160 0 3 0
L 125 160 10 0 8 0 1 0 OUT3
A 150 160 10 0 1 0 PINTYPE=OUT
A 140 160 10 0 6 3 #=9
P 44 0 130 20 130 0 2 0
L 25 130 10 0 2 0 1 0 GATE
A 0 130 10 0 1 0 PINTYPE=BI
A 10 130 10 0 6 3 #=10
P 47 150 120 130 120 0 3 0
L 125 120 10 0 8 0 1 0 PG_B
A 150 120 10 0 1 0 PINTYPE=OUT
A 140 120 10 0 6 3 #=11
P 50 150 110 130 110 0 3 0
L 125 110 10 0 8 0 1 0 FLT_B
A 150 110 10 0 1 0 PINTYPE=OUT
A 140 110 10 0 6 3 #=12
P 53 150 100 130 100 0 3 0
L 125 100 10 0 8 0 1 0 FB
A 150 100 10 0 1 0 PINTYPE=IN
A 140 100 10 0 6 3 #=13
P 56 150 70 130 70 0 3 0
L 125 70 10 0 8 0 1 0 IMON
A 150 70 10 0 1 0 PINTYPE=OUT
A 140 70 10 0 6 3 #=14
P 59 150 80 130 80 0 3 0
L 125 80 10 0 8 0 1 0 ISET
A 150 80 10 0 1 0 PINTYPE=BI
A 140 80 10 0 6 3 #=15
P 62 0 170 20 170 0 2 0
L 25 170 10 0 2 0 1 0 VDD2
A 0 170 10 0 1 0 PINTYPE=IN
A 10 170 10 0 6 3 #=16
P 65 0 120 20 120 0 2 0
L 25 120 10 0 2 0 1 0 SENSE
A 0 120 10 0 1 0 PINTYPE=BI
A 10 120 10 0 6 3 #=17
E 
