V 53
K 1399072443 ltc6800.1
F Case
|R 16:14:3_5-2-14
D 0 100 120 -35
Y 1
Z 10
i 83
U 30 90 10 0 3 3 DEVICE=LTC6800
U 20 -35 16 0 3 3 REFDES=U?
U 80 -30 10 0 3 3 PKG_TYPE=XXXX
U 20 -5 10 0 1 0 VALUE=LTC6800
U 0 -5 10 0 1 0 MANF_P/N=XXXX
U 0 -35 10 0 1 0 FORWARD_PCB=1
b 20 -15 100 90
P 18 0 60 20 60 0 2 0
L 25 60 10 0 2 0 1 0 IN_P
A 15 60 10 0 9 3 #=3
A -30 50 10 0 9 0 PINTYPE=BI
P 19 120 80 100 80 0 3 0
L 95 80 10 0 8 0 1 0 OUT
A 105 80 10 0 3 3 #=7
A 160 75 10 0 3 0 PINTYPE=BI
P 22 0 0 20 0 0 2 0
L 25 0 10 0 2 0 1 0 V_N
A 15 0 10 0 9 3 #=4
A -30 -10 10 0 9 0 PINTYPE=BI
P 27 120 0 100 0 0 3 0
L 95 0 10 0 8 0 1 0 NC
A 105 0 10 0 3 3 #=1
A 160 -5 10 0 3 0 PINTYPE=BI
P 49 0 80 20 80 0 2 0
L 25 80 10 0 2 0 1 0 V_P
A -30 70 10 0 9 0 PINTYPE=BI
A 15 80 10 0 9 3 #=8
P 74 0 40 20 40 0 2 0
L 25 40 10 0 2 0 1 0 IN_N
A 15 40 10 0 9 3 #=2
A -30 30 10 0 9 0 PINTYPE=BI
P 78 0 20 20 20 0 2 0
L 25 20 10 0 2 0 1 0 REF
A 15 20 10 0 9 3 #=5
A -30 10 10 0 9 0 PINTYPE=BI
P 82 120 20 100 20 0 3 0
L 95 20 10 0 8 0 1 0 RG
A 105 20 10 0 3 3 #=6
A 160 15 10 0 3 0 PINTYPE=BI
E 
