V 53
K 1475194093 LTM4632.1
F Case
|R 17:08:13_9-29-16
D 0 280 170 0
Y 1
Z 10
i 124
U 20 260 10 0 3 3 DEVICE=LTM4632
U 150 20 10 0 7 3 PKG_TYPE=LTM4632_TBD
U 20 0 16 0 3 3 REFDES=U?
U 0 -25 10 0 1 0 VALUE=LTM4632
U 0 0 10 0 1 0 FORWARD_PCB=1
b 20 20 150 260
T 25 240 10 0 2 VIN
Q 15 0 0
|FNTSTL 16777215 0
T 145 240 10 0 8 VOUT1
Q 15 0 0
|FNTSTL 16777215 0
T 145 180 10 0 8 VOUT2
Q 15 0 0
|FNTSTL 16777215 0
T 25 230 10 0 2 VIN
Q 15 0 0
|FNTSTL 16777215 0
T 25 220 10 0 2 VIN
Q 15 0 0
|FNTSTL 16777215 0
T 25 210 10 0 2 VIN
Q 15 0 0
|FNTSTL 16777215 0
T 145 230 10 0 8 VOUT1
Q 15 0 0
|FNTSTL 16777215 0
T 145 170 10 0 8 VOUT2
Q 15 0 0
|FNTSTL 16777215 0
P 12 170 180 150 180 0 3 0
L 145 180 10 0 8 0 0 0 VOUT2_1
A 170 180 10 0 1 0 PINTYPE=OUT
A 160 180 10 0 6 3 #=A1
P 15 0 240 20 240 0 2 0
L 25 240 10 0 2 0 0 0 VIN_1
A 0 240 10 0 7 0 PINTYPE=POWER
A 10 240 10 0 6 3 #=A2
P 18 170 120 150 120 0 3 0
L 145 120 10 0 8 0 1 0 VTTR
A 170 120 10 0 1 0 PINTYPE=OUT
A 160 120 10 0 6 3 #=A3
P 21 0 120 20 120 0 2 0
L 25 120 10 0 2 0 1 0 VDDQIN
A 0 120 10 0 1 0 PINTYPE=IN
A 10 120 10 0 6 3 #=A4
P 24 170 40 150 40 0 3 0
L 145 40 10 0 8 0 1 0 COMP2
A 170 40 10 0 7 0 PINTYPE=GROUND
A 160 40 10 0 6 3 #=A5
P 33 170 170 150 170 0 3 0
L 145 170 10 0 8 0 0 0 VOUT2_2
A 170 170 10 0 7 0 PINTYPE=OUT
A 160 170 10 0 6 3 #=B1
P 36 0 180 20 180 0 2 0
L 25 180 10 0 2 0 1 0 RUN2
A 0 180 10 0 1 0 PINTYPE=IN
A 10 180 10 0 6 3 #=B2
P 39 0 230 20 230 0 2 0
L 25 230 10 0 2 0 0 0 VIN_2
A 0 230 10 0 1 0 PINTYPE=POWER
A 10 230 10 0 6 3 #=B3
P 42 170 150 150 150 0 3 0
L 145 150 10 0 8 0 1 0 PGOOD2
A 170 150 10 0 7 0 PINTYPE=OUT
A 160 150 10 0 6 3 #=B4
P 45 0 70 20 70 0 2 0
L 25 70 10 0 2 0 1 0 GND1
A 0 70 10 0 1 0 PINTYPE=GROUND
A 10 70 10 0 6 3 #=B5
P 54 0 60 20 60 0 2 0
L 25 60 10 0 2 0 1 0 GND2
A 0 60 10 0 7 0 PINTYPE=GROUND
A 10 60 10 0 6 3 #=C1
P 57 0 50 20 50 0 2 0
L 25 50 10 0 2 0 1 0 GND3
A 0 50 10 0 7 0 PINTYPE=GROUND
A 10 50 10 0 6 3 #=C2
P 60 0 160 20 160 0 2 0
L 25 160 10 0 2 0 1 0 INTVCC
A 0 160 10 0 7 0 PINTYPE=IN
A 10 160 10 0 6 3 #=C3
P 63 0 80 20 80 0 2 0
L 25 80 10 0 2 0 1 0 SGND
A 0 80 10 0 1 0 PINTYPE=GROUND
A 10 80 10 0 6 3 #=C4
P 66 0 140 20 140 0 2 0
L 25 140 10 0 2 0 1 0 SYNC_MODE
A 0 140 10 0 1 0 PINTYPE=BI
A 10 140 10 0 6 3 #=C5
P 69 170 240 150 240 0 3 0
L 145 240 10 0 8 0 0 0 VOUT1_1
A 170 240 10 0 1 0 PINTYPE=OUT
A 160 240 10 0 6 3 #=D1
P 75 0 190 20 190 0 2 0
L 25 190 10 0 2 0 1 0 RUN1
A 0 190 10 0 7 0 PINTYPE=IN
A 10 190 10 0 6 3 #=D2
P 81 0 220 20 220 0 2 0
L 25 220 10 0 2 0 0 0 VIN_3
A 0 220 10 0 1 0 PINTYPE=POWER
A 10 220 10 0 6 3 #=D3
P 84 170 210 150 210 0 3 0
L 145 210 10 0 8 0 1 0 PGOOD1
A 170 210 10 0 7 0 PINTYPE=OUT
A 160 210 10 0 6 3 #=D4
P 87 0 40 20 40 0 2 0
L 25 40 10 0 2 0 1 0 GND4
A 0 40 10 0 1 0 PINTYPE=GROUND
A 10 40 10 0 6 3 #=D5
P 96 170 230 150 230 0 3 0
L 145 230 10 0 8 0 0 0 VOUT1_2
A 170 230 10 0 7 0 PINTYPE=OUT
A 160 230 10 0 6 3 #=E1
P 99 0 210 20 210 0 2 0
L 25 210 10 0 2 0 0 0 VIN_4
A 0 210 10 0 1 0 PINTYPE=POWER
A 10 210 10 0 6 3 #=E2
P 108 170 70 150 70 0 3 0
L 145 70 10 0 8 0 1 0 TRACK_SS1
A 170 70 10 0 7 0 PINTYPE=BI
A 160 70 10 0 6 3 #=E3
P 117 170 90 150 90 0 3 0
L 145 90 10 0 8 0 1 0 FB1
A 170 90 10 0 1 0 PINTYPE=IN
A 160 90 10 0 6 3 #=E4
P 123 170 50 150 50 0 3 0
L 145 50 10 0 8 0 1 0 COMP1
A 170 50 10 0 1 0 PINTYPE=OUT
A 160 50 10 0 6 3 #=E5
E 
