V 53
K 59271112790 ltm8025
F Case
|R 17:09_8-31-09
Y 1
D 0 0 565 265
Z 10
i 70
U 0 -90 10 0 3 0 DIST_P/N=LTM8025EV#PBF
U 0 -80 10 0 3 0 DIST=LINEAR TECH
U 0 -70 10 0 3 0 MANF_P/N=LTM8025EV#PBF
U 0 -60 10 0 3 0 MANF=LINEAR TECH
U 0 -50 10 0 3 0 PKG_TYPE=LGA_70P
U 0 -40 10 0 3 0 LEVEL=STD
U 0 -30 10 0 3 0 PARTS=1
U 0 275 10 0 3 0 REFDES=U?
U 0 -10 10 0 3 0 DEVICE=LTM8025
P 33 565 40 545 40 0 3 0
L 545 40 10 0 8 0 1 0 BIAS
A 545 40 10 0 3 0 #=H5
A 545 45 10 0 2 0 PINTYPE=BI
P 70 100 0 100 20 0 1 0
L 100 20 10 1 2 0 1 0 GND_L7
A 100 20 10 1 9 0 #=L7
A 105 20 10 1 2 0 PINTYPE=BI
P 69 110 0 110 20 0 1 0
L 110 20 10 1 2 0 1 0 GND_K6
A 110 20 10 1 9 0 #=K6
A 115 20 10 1 2 0 PINTYPE=BI
P 68 120 0 120 20 0 1 0
L 120 20 10 1 2 0 1 0 GND_K5
A 120 20 10 1 9 0 #=K5
A 125 20 10 1 2 0 PINTYPE=BI
P 67 130 0 130 20 0 1 0
L 130 20 10 1 2 0 1 0 GND_J6
A 130 20 10 1 9 0 #=J6
A 135 20 10 1 2 0 PINTYPE=BI
P 66 140 0 140 20 0 1 0
L 140 20 10 1 2 0 1 0 GND_J5
A 140 20 10 1 9 0 #=J5
A 145 20 10 1 2 0 PINTYPE=BI
P 65 150 0 150 20 0 1 0
L 150 20 10 1 2 0 1 0 GND_H6
A 150 20 10 1 9 0 #=H6
A 155 20 10 1 2 0 PINTYPE=BI
P 64 160 0 160 20 0 1 0
L 160 20 10 1 2 0 1 0 GND_G6
A 160 20 10 1 9 0 #=G6
A 165 20 10 1 2 0 PINTYPE=BI
P 63 170 0 170 20 0 1 0
L 170 20 10 1 2 0 1 0 GND_G4
A 170 20 10 1 9 0 #=G4
A 175 20 10 1 2 0 PINTYPE=BI
P 62 180 0 180 20 0 1 0
L 180 20 10 1 2 0 1 0 GND_G3
A 180 20 10 1 9 0 #=G3
A 185 20 10 1 2 0 PINTYPE=BI
P 61 190 0 190 20 0 1 0
L 190 20 10 1 2 0 1 0 GND_G2
A 190 20 10 1 9 0 #=G2
A 195 20 10 1 2 0 PINTYPE=BI
P 60 200 0 200 20 0 1 0
L 200 20 10 1 2 0 1 0 GND_G1
A 200 20 10 1 9 0 #=G1
A 205 20 10 1 2 0 PINTYPE=BI
P 59 210 0 210 20 0 1 0
L 210 20 10 1 2 0 1 0 GND_F7
A 210 20 10 1 9 0 #=F7
A 215 20 10 1 2 0 PINTYPE=BI
P 58 220 0 220 20 0 1 0
L 220 20 10 1 2 0 1 0 GND_F6
A 220 20 10 1 9 0 #=F6
A 225 20 10 1 2 0 PINTYPE=BI
P 57 230 0 230 20 0 1 0
L 230 20 10 1 2 0 1 0 GND_F5
A 230 20 10 1 9 0 #=F5
A 235 20 10 1 2 0 PINTYPE=BI
P 56 240 0 240 20 0 1 0
L 240 20 10 1 2 0 1 0 GND_F4
A 240 20 10 1 9 0 #=F4
A 245 20 10 1 2 0 PINTYPE=BI
P 55 250 0 250 20 0 1 0
L 250 20 10 1 2 0 1 0 GND_F3
A 250 20 10 1 9 0 #=F3
A 255 20 10 1 2 0 PINTYPE=BI
P 54 260 0 260 20 0 1 0
L 260 20 10 1 2 0 1 0 GND_F2
A 260 20 10 1 9 0 #=F2
A 265 20 10 1 2 0 PINTYPE=BI
P 53 270 0 270 20 0 1 0
L 270 20 10 1 2 0 1 0 GND_F1
A 270 20 10 1 9 0 #=F1
A 275 20 10 1 2 0 PINTYPE=BI
P 52 280 0 280 20 0 1 0
L 280 20 10 1 2 0 1 0 GND_E7
A 280 20 10 1 9 0 #=E7
A 285 20 10 1 2 0 PINTYPE=BI
P 51 290 0 290 20 0 1 0
L 290 20 10 1 2 0 1 0 GND_E6
A 290 20 10 1 9 0 #=E6
A 295 20 10 1 2 0 PINTYPE=BI
P 50 300 0 300 20 0 1 0
L 300 20 10 1 2 0 1 0 GND_E5
A 300 20 10 1 9 0 #=E5
A 305 20 10 1 2 0 PINTYPE=BI
P 49 310 0 310 20 0 1 0
L 310 20 10 1 2 0 1 0 GND_E4
A 310 20 10 1 9 0 #=E4
A 315 20 10 1 2 0 PINTYPE=BI
P 48 320 0 320 20 0 1 0
L 320 20 10 1 2 0 1 0 GND_E3
A 320 20 10 1 9 0 #=E3
A 325 20 10 1 2 0 PINTYPE=BI
P 47 330 0 330 20 0 1 0
L 330 20 10 1 2 0 1 0 GND_E2
A 330 20 10 1 9 0 #=E2
A 335 20 10 1 2 0 PINTYPE=BI
P 46 340 0 340 20 0 1 0
L 340 20 10 1 2 0 1 0 GND_E1
A 340 20 10 1 9 0 #=E1
A 345 20 10 1 2 0 PINTYPE=BI
P 45 350 0 350 20 0 1 0
L 350 20 10 1 2 0 1 0 GND_D7
A 350 20 10 1 9 0 #=D7
A 355 20 10 1 2 0 PINTYPE=BI
P 44 360 0 360 20 0 1 0
L 360 20 10 1 2 0 1 0 GND_D6
A 360 20 10 1 9 0 #=D6
A 365 20 10 1 2 0 PINTYPE=BI
P 43 370 0 370 20 0 1 0
L 370 20 10 1 2 0 1 0 GND_D5
A 370 20 10 1 9 0 #=D5
A 375 20 10 1 2 0 PINTYPE=BI
P 42 380 0 380 20 0 1 0
L 380 20 10 1 2 0 1 0 GND_C7
A 380 20 10 1 9 0 #=C7
A 385 20 10 1 2 0 PINTYPE=BI
P 41 390 0 390 20 0 1 0
L 390 20 10 1 2 0 1 0 GND_C6
A 390 20 10 1 9 0 #=C6
A 395 20 10 1 2 0 PINTYPE=BI
P 40 400 0 400 20 0 1 0
L 400 20 10 1 2 0 1 0 GND_C5
A 400 20 10 1 9 0 #=C5
A 405 20 10 1 2 0 PINTYPE=BI
P 39 410 0 410 20 0 1 0
L 410 20 10 1 2 0 1 0 GND_B7
A 410 20 10 1 9 0 #=B7
A 415 20 10 1 2 0 PINTYPE=BI
P 38 420 0 420 20 0 1 0
L 420 20 10 1 2 0 1 0 GND_B6
A 420 20 10 1 9 0 #=B6
A 425 20 10 1 2 0 PINTYPE=BI
P 37 430 0 430 20 0 1 0
L 430 20 10 1 2 0 1 0 GND_B5
A 430 20 10 1 9 0 #=B5
A 435 20 10 1 2 0 PINTYPE=BI
P 36 440 0 440 20 0 1 0
L 440 20 10 1 2 0 1 0 GND_A7
A 440 20 10 1 9 0 #=A7
A 445 20 10 1 2 0 PINTYPE=BI
P 35 450 0 450 20 0 1 0
L 450 20 10 1 2 0 1 0 GND_A6
A 450 20 10 1 9 0 #=A6
A 455 20 10 1 2 0 PINTYPE=BI
P 34 460 0 460 20 0 1 0
L 460 20 10 1 2 0 1 0 GND_A5
A 460 20 10 1 9 0 #=A5
A 465 20 10 1 2 0 PINTYPE=BI
P 32 565 50 545 50 0 3 0
L 545 50 10 0 8 0 1 0 ADJ
A 545 50 10 0 3 0 #=K7
A 545 55 10 0 2 0 PINTYPE=BI
P 31 565 60 545 60 0 3 0
L 545 60 10 0 8 0 1 0 PGOOD
A 545 60 10 0 3 0 #=J7
A 545 65 10 0 2 0 PINTYPE=BI
P 30 565 70 545 70 0 3 0
L 545 70 10 0 8 0 1 0 AUX
A 545 70 10 0 3 0 #=G5
A 545 75 10 0 2 0 PINTYPE=BI
P 29 565 80 545 80 0 3 0
L 545 80 10 0 8 0 1 0 VOUT_D4
A 545 80 10 0 3 0 #=D4
A 545 85 10 0 2 0 PINTYPE=BI
P 28 565 90 545 90 0 3 0
L 545 90 10 0 8 0 1 0 VOUT_D3
A 545 90 10 0 3 0 #=D3
A 545 95 10 0 2 0 PINTYPE=BI
P 27 565 100 545 100 0 3 0
L 545 100 10 0 8 0 1 0 VOUT_D2
A 545 100 10 0 3 0 #=D2
A 545 105 10 0 2 0 PINTYPE=BI
P 26 565 110 545 110 0 3 0
L 545 110 10 0 8 0 1 0 VOUT_D1
A 545 110 10 0 3 0 #=D1
A 545 115 10 0 2 0 PINTYPE=BI
P 25 565 120 545 120 0 3 0
L 545 120 10 0 8 0 1 0 VOUT_C4
A 545 120 10 0 3 0 #=C4
A 545 125 10 0 2 0 PINTYPE=BI
P 24 565 130 545 130 0 3 0
L 545 130 10 0 8 0 1 0 VOUT_C3
A 545 130 10 0 3 0 #=C3
A 545 135 10 0 2 0 PINTYPE=BI
P 23 565 140 545 140 0 3 0
L 545 140 10 0 8 0 1 0 VOUT_C2
A 545 140 10 0 3 0 #=C2
A 545 145 10 0 2 0 PINTYPE=BI
P 22 565 150 545 150 0 3 0
L 545 150 10 0 8 0 1 0 VOUT_C1
A 545 150 10 0 3 0 #=C1
A 545 155 10 0 2 0 PINTYPE=BI
P 21 565 160 545 160 0 3 0
L 545 160 10 0 8 0 1 0 VOUT_B4
A 545 160 10 0 3 0 #=B4
A 545 165 10 0 2 0 PINTYPE=BI
P 20 565 170 545 170 0 3 0
L 545 170 10 0 8 0 1 0 VOUT_B3
A 545 170 10 0 3 0 #=B3
A 545 175 10 0 2 0 PINTYPE=BI
P 19 565 180 545 180 0 3 0
L 545 180 10 0 8 0 1 0 VOUT_B2
A 545 180 10 0 3 0 #=B2
A 545 185 10 0 2 0 PINTYPE=BI
P 18 565 190 545 190 0 3 0
L 545 190 10 0 8 0 1 0 VOUT_B1
A 545 190 10 0 3 0 #=B1
A 545 195 10 0 2 0 PINTYPE=BI
P 17 565 200 545 200 0 3 0
L 545 200 10 0 8 0 1 0 VOUT_A4
A 545 200 10 0 3 0 #=A4
A 545 205 10 0 2 0 PINTYPE=BI
P 16 565 210 545 210 0 3 0
L 545 210 10 0 8 0 1 0 VOUT_A3
A 545 210 10 0 3 0 #=A3
A 545 215 10 0 2 0 PINTYPE=BI
P 15 565 220 545 220 0 3 0
L 545 220 10 0 8 0 1 0 VOUT_A2
A 545 220 10 0 3 0 #=A2
A 545 225 10 0 2 0 PINTYPE=BI
P 14 565 230 545 230 0 3 0
L 545 230 10 0 8 0 1 0 VOUT_A1
A 545 230 10 0 3 0 #=A1
A 545 235 10 0 2 0 PINTYPE=BI
P 13 0 110 20 110 0 2 0
L 20 110 10 0 2 0 1 0 SYNC
A 20 110 10 0 9 0 #=L6
A 20 115 10 0 2 0 PINTYPE=BI
P 12 0 120 20 120 0 2 0
L 20 120 10 0 2 0 1 0 RT
A 20 120 10 0 9 0 #=G7
A 20 125 10 0 2 0 PINTYPE=BI
P 11 0 130 20 130 0 2 0
L 20 130 10 0 2 0 1 0 SHARE
A 20 130 10 0 9 0 #=H7
A 20 135 10 0 2 0 PINTYPE=BI
P 10 0 140 20 140 0 2 0
L 20 140 10 0 2 0 1 0 RUN_SS
A 20 140 10 0 9 0 #=L5
A 20 145 10 0 2 0 PINTYPE=BI
P 9 0 150 20 150 0 2 0
L 20 150 10 0 2 0 1 0 VIN_L3
A 20 150 10 0 9 0 #=L3
A 20 155 10 0 2 0 PINTYPE=BI
P 8 0 160 20 160 0 2 0
L 20 160 10 0 2 0 1 0 VIN_L2
A 20 160 10 0 9 0 #=L2
A 20 165 10 0 2 0 PINTYPE=BI
P 7 0 170 20 170 0 2 0
L 20 170 10 0 2 0 1 0 VIN_L1
A 20 170 10 0 9 0 #=L1
A 20 175 10 0 2 0 PINTYPE=BI
P 6 0 180 20 180 0 2 0
L 20 180 10 0 2 0 1 0 VIN_K3
A 20 180 10 0 9 0 #=K3
A 20 185 10 0 2 0 PINTYPE=BI
P 5 0 190 20 190 0 2 0
L 20 190 10 0 2 0 1 0 VIN_K2
A 20 190 10 0 9 0 #=K2
A 20 195 10 0 2 0 PINTYPE=BI
P 4 0 200 20 200 0 2 0
L 20 200 10 0 2 0 1 0 VIN_K1
A 20 200 10 0 9 0 #=K1
A 20 205 10 0 2 0 PINTYPE=BI
P 3 0 210 20 210 0 2 0
L 20 210 10 0 2 0 1 0 VIN_J3
A 20 210 10 0 9 0 #=J3
A 20 215 10 0 2 0 PINTYPE=BI
P 2 0 220 20 220 0 2 0
L 20 220 10 0 2 0 1 0 VIN_J2
A 20 220 10 0 9 0 #=J2
A 20 225 10 0 2 0 PINTYPE=BI
P 1 0 230 20 230 0 2 0
L 20 230 10 0 2 0 1 0 VIN_J1
A 20 230 10 0 9 0 #=J1
A 20 235 10 0 2 0 PINTYPE=BI
T 205 155 20 0 3 LTM8025
b 20 20 545 245
E
