V 51
K 168403861900 lvk20r020fer
|R 1:50_11-8-12
Y 1
D 0 0 90 50
Z 10
i 14
U 0 -50 10 0 3 0 LEVEL=STD
U 0 -40 10 0 3 0 PARTS=1
U 130 70 8 0 9 0 DEVICE=DEVICE
U 125 10 8 0 9 0 PKG_TYPE=PKG_TYPE
P 1 0 35 20 35 0 2 0
A 30 40 10 0 2 0 PINTYPE=ANALOG
A 20 35 10 0 9 3 #=I1
L 24 40 10 0 2 0 1 0 I1
P 13 0 15 20 15 0 2 0
L 24 20 10 0 2 0 1 0 V1
A 20 15 10 0 9 3 #=V1
A 30 20 10 0 2 0 PINTYPE=ANALOG
P 14 90 15 70 15 0 3 0
L 65 20 10 0 8 0 1 0 V2
A 71 15 10 0 3 3 #=V2
A 70 20 10 0 2 0 PINTYPE=ANALOG
P 2 90 35 70 35 0 3 0
A 70 40 10 0 2 0 PINTYPE=ANALOG
A 70 35 10 0 3 3 #=I2
L 65 40 10 0 8 0 1 0 I2
l 2 52 31 50 31
l 2 50 31 49 29
l 2 49 29 48 33
l 2 48 33 46 29
l 2 46 29 44 33
l 2 44 33 42 29
l 2 41 33 39 31
l 2 39 31 37 31
l 2 54 20 52 20
l 2 52 20 52 40
l 2 52 40 54 40
l 2 35 20 37 20
l 2 37 20 37 40
l 2 37 40 35 40
b 20 10 70 45
U 50 0 10 0 3 3 POWER=POWER
U 25 -5 16 0 9 3 REFDES=R?
U 50 -10 10 0 3 3 TOLERANCE=TOLERANCE
U 20 45 10 0 3 3 VALUE=0.005
l 2 42 29 41 33
E
