V 51
K 195088117900 lvpecl_1_4
|R 0:14_2-1-11
Y 1
D 0 0 180 210
Z 10
i 17
P 7 0 140 20 140 0 2 0
A 10 140 10 0 9 3 #=8
L 25 140 10 0 2 0 1 0 EN
A 30 145 10 0 2 0 PINTYPE=IN
P 3 0 110 20 110 0 2 0
A 15 110 10 0 9 3 #=12
L 25 110 10 0 2 0 1 0 IN
A 20 115 10 0 2 0 PINTYPE=IN
P 5 0 100 20 100 0 2 0
A 10 100 10 0 9 3 #=9
L 25 100 10 0 2 0 1 0 IN_B
A 30 105 10 0 2 0 PINTYPE=IN
P 9 180 170 160 170 0 3 0
A 165 170 10 0 3 3 #=15
L 145 170 10 0 8 0 1 0 Q0
A 160 180 10 0 2 0 PINTYPE=OUT
P 10 180 160 160 160 0 3 0
A 165 160 10 0 3 3 #=16
L 155 160 10 0 8 0 1 0 Q0_B
A 160 170 10 0 2 0 PINTYPE=OUT
P 11 180 130 160 130 0 3 0
A 165 130 10 0 3 3 #=1
L 145 130 10 0 8 0 1 0 Q1
A 160 140 10 0 2 0 PINTYPE=OUT
P 12 180 120 160 120 0 3 0
A 165 120 10 0 3 3 #=2
L 155 120 10 0 8 0 1 0 Q1_B
A 160 130 10 0 2 0 PINTYPE=OUT
P 13 180 90 160 90 0 3 0
A 165 90 10 0 3 3 #=3
L 145 90 10 0 8 0 1 0 Q2
A 160 100 10 0 2 0 PINTYPE=OUT
P 14 180 80 160 80 0 3 0
A 165 80 10 0 3 3 #=4
L 155 80 10 0 8 0 1 0 Q2_B
A 160 90 10 0 2 0 PINTYPE=OUT
P 15 180 50 160 50 0 3 0
A 165 50 10 0 3 3 #=5
L 145 50 10 0 8 0 1 0 Q3
A 160 60 10 0 2 0 PINTYPE=OUT
P 16 180 40 160 40 0 3 0
A 165 40 10 0 3 3 #=6
L 155 40 10 0 8 0 1 0 Q3_B
A 160 50 10 0 2 0 PINTYPE=OUT
P 1 0 170 20 170 0 2 0
A 10 170 10 0 9 3 #=7
L 25 170 10 0 2 0 0 0 VCC1
A 30 175 10 0 2 0 PINTYPE=IN
P 2 0 160 20 160 0 2 0
A 15 160 10 0 9 3 #=14
L 25 160 10 0 2 0 0 0 VCC2
A 20 165 10 0 2 0 PINTYPE=IN
P 6 0 70 20 70 0 2 0
A 15 70 10 0 9 3 #=10
L 25 70 10 0 2 0 1 0 VREF_AC
A 20 75 10 0 2 0 PINTYPE=IN
P 4 0 80 20 80 0 2 0
A 15 80 10 0 9 3 #=11
L 25 80 10 0 2 0 1 0 VT
A 20 85 10 0 2 0 PINTYPE=IN
U 0 -80 10 0 3 0 DIST_P/N=UNKNOWN
U 0 -70 10 0 3 0 DIST=UNKNOWN
U 0 -60 10 0 3 0 MANF=ON SEMICONDUCTOR
U 0 -50 10 0 3 0 VALUE=NB6L14
U 0 -40 10 0 3 0 MANF_P/N=UNKNOWN
U 20 195 10 0 3 3 DEVICE=NB6L14
U 20 0 16 0 3 3 REFDES=U?
l 2 85 98 85 50
c 85 110 2
Q 2 1 0
l 2 85 110 70 110
c 85 130 2
Q 2 1 0
c 85 90 2
Q 2 1 0
l 2 85 90 105 90
l 2 85 50 105 50
l 2 85 130 105 130
l 2 160 190 20 190
l 2 50 110 60 110
l 2 50 100 56 100
c 58 100 2
l 2 60 115 80 105
l 2 60 95 70 100
c 72 100 2
l 2 74 102 80 105
l 2 60 115 60 95
c 95 80 2
Q 2 1 0
l 2 130 50 115 50
l 2 130 40 119 40
l 2 130 90 115 90
l 2 130 80 119 80
l 2 130 130 115 130
T 25 155 10 0 3 VCC
Q 15 0 0
l 2 95 40 101 40
c 103 40 2
l 2 105 55 125 45
l 2 105 35 115 40
c 117 40 2
l 2 119 42 125 45
l 2 105 55 105 35
l 2 95 80 101 80
c 103 80 2
l 2 105 95 125 85
l 2 105 75 115 80
c 117 80 2
l 2 119 82 125 85
l 2 105 95 105 75
c 103 120 2
l 2 105 135 125 125
l 2 105 115 115 120
c 117 120 2
l 2 119 122 125 125
l 2 105 135 105 115
c 103 160 2
l 2 105 175 125 165
l 2 105 155 115 160
c 117 160 2
l 2 119 162 125 165
l 2 105 175 105 155
T 25 165 10 0 3 VCC
Q 15 0 0
a 95 132 93 130 95 128
l 2 95 132 95 160
l 2 95 160 101 160
l 2 130 170 115 170
l 2 130 160 119 160
l 2 130 120 119 120
l 2 95 120 101 120
l 2 160 190 160 20
l 2 85 100 74 100
l 2 85 170 105 170
c 95 120 2
Q 2 1 0
a 85 102 83 100 85 98
c 95 100 2
Q 2 1 0
l 2 95 40 95 128
l 2 95 100 85 100
l 2 85 102 85 170
l 2 160 20 20 20
U 70 5 10 0 3 3 PKG_TYPE=QFN_16_CASE485G_01
P 8 0 40 20 40 0 2 0
A 15 40 10 0 9 3 #=13
L 25 40 10 0 2 0 1 0 GND
A 20 45 10 0 2 0 PINTYPE=IN
l 2 20 20 20 190
P 17 0 50 20 50 0 2 0
L 25 45 10 0 3 0 1 0 EXPAD
A 0 50 10 0 3 0 PINTYPE=IN
A 5 50 10 0 3 3 #=17
E
