V 51
K 239204738400 ma506
|R 20:48_2-6-13
Y 1
D 0 0 80 70
Z 10
i 10
U 0 -10 10 0 3 0 MANF_P/N=XXXX
U 0 -20 10 0 3 0 MANF=XXXX
U 0 -120 10 0 3 0 LEVEL=STD
U 0 -110 10 0 3 0 PARTS=1
U 0 50 10 0 3 0 PKG_TYPE=XXXX
P 8 80 50 70 50 0 3 0
A 90 50 10 0 9 0 PINTYPE=BI
L 70 50 10 0 3 0 0 0 P3
A 80 50 10 0 9 3 #=3
P 9 80 20 70 20 0 3 0
L 80 20 10 0 3 0 0 0 P2
A 90 20 10 0 9 0 PINTYPE=BI
A 80 20 10 0 9 3 #=2
P 1 0 50 10 50 0 2 0
A -15 30 10 0 7 0 PINTYPE=BI
L -5 55 10 0 9 0 0 0 P4
A 0 50 10 0 3 3 #=4
U 25 -10 16 0 6 3 REFDES=X?
P 3 0 20 10 20 0 2 0
A 0 20 10 0 3 3 #=1
L -5 25 10 0 9 0 0 0 P1
A -15 0 10 0 7 0 PINTYPE=BI
T 56 15 10 0 3 NC
Q 15 0 0
l 2 40 26 40 20
l 2 40 44 40 50
l 2 50 44 30 44
b 20 30 60 40
l 2 50 26 30 26
b 10 10 70 60
l 2 10 50 40 50
l 2 10 20 40 20
T 55 44 10 0 3 NC
Q 15 0 0
U 50 -5 10 0 3 0 TOLERANCE=XXPPM
U 50 -5 10 0 3 3 DEVICE=XXXX
U 15 60 10 0 3 3 VALUE=MHZ?
E
