V 51
K 167131287100 max16027
|R 1:12_5-11-11
Y 1
D 0 0 140 300
Z 10
i 23
U 0 -20 10 0 3 0 LEVEL=STD
U 0 -10 10 0 3 0 PARTS=1
U 20 285 10 0 3 3 DEVICE=XXXXX
P 23 140 200 120 200 0 3 0
L 95 195 10 0 3 0 1 0 OUT3
A 140 200 10 0 9 0 PINTYPE=OUT
A 135 200 10 0 9 3 #=12
P 2 140 260 120 260 0 3 0
A 130 260 10 0 9 3 #=1
A 140 260 10 0 9 0 PINTYPE=IN
L 100 255 10 0 3 0 1 0 VCC
P 20 140 120 120 120 0 3 0
L 90 115 10 0 3 0 1 0 CDLY3
A 140 120 10 0 9 0 PINTYPE=IN
A 135 120 10 0 9 3 #=18
P 18 140 80 120 80 0 3 0
L 95 75 10 0 3 0 1 0 EPAD
A 140 80 10 0 9 0 PINTYPE=IN
A 135 80 10 0 9 3 #=21
P 12 140 100 120 100 0 3 0
L 85 95 10 0 3 0 1 0 CRESET
A 140 100 10 0 9 0 PINTYPE=IN
A 135 100 10 0 9 3 #=17
P 8 140 160 120 160 0 3 0
L 90 155 10 0 3 0 1 0 CDLY1
A 140 160 10 0 9 0 PINTYPE=IN
A 135 160 10 0 9 3 #=20
P 13 140 180 120 180 0 3 0
L 90 175 10 0 3 0 1 0 RST_B
A 140 180 10 0 9 0 PINTYPE=OUT
A 135 180 10 0 9 3 #=15
P 5 140 240 120 240 0 3 0
L 95 235 10 0 3 0 1 0 OUT1
A 140 240 10 0 9 0 PINTYPE=OUT
A 135 240 10 0 9 3 #=14
P 4 140 60 120 60 0 3 0
L 100 55 10 0 3 0 1 0 GND
A 140 60 10 0 9 0 PINTYPE=IN
A 130 60 10 0 9 3 #=6
P 7 0 220 20 220 0 2 0
L 25 215 10 0 3 0 1 0 IN2
A 0 220 10 0 3 0 PINTYPE=IN
A 10 220 10 0 3 3 #=3
P 19 0 200 20 200 0 2 0
L 25 195 10 0 3 0 1 0 IN3
A 0 200 10 0 3 0 PINTYPE=IN
A 10 200 10 0 3 3 #=4
P 11 140 140 120 140 0 3 0
L 90 135 10 0 3 0 1 0 CDLY2
A 140 140 10 0 9 0 PINTYPE=IN
A 135 140 10 0 9 3 #=19
P 6 0 240 20 240 0 2 0
L 25 235 10 0 3 0 1 0 IN1
A 0 240 10 0 3 0 PINTYPE=IN
A 10 240 10 0 3 3 #=2
U 30 10 16 0 3 3 REFDES=U?
P 17 0 160 20 160 0 2 0
L 25 155 10 0 3 0 1 0 EN2
A 0 160 10 0 3 0 PINTYPE=IN
A 10 160 10 0 3 3 #=8
P 22 0 140 20 140 0 2 0
L 25 135 10 0 3 0 1 0 EN3
A 0 140 10 0 3 0 PINTYPE=IN
A 10 140 10 0 3 3 #=9
P 16 0 180 20 180 0 2 0
L 25 175 10 0 3 0 1 0 EN1
A 0 180 10 0 3 0 PINTYPE=IN
A 10 180 10 0 3 3 #=7
P 1 0 100 20 100 0 2 0
L 25 95 10 0 3 0 1 0 TOL
A 0 100 10 0 3 0 PINTYPE=IN
A 10 100 10 0 3 3 #=5
P 15 0 60 20 60 0 2 0
L 25 55 10 0 3 0 1 0 TH1
A 0 60 10 0 3 0 PINTYPE=IN
A 5 60 10 0 3 3 #=10
P 9 0 120 20 120 0 2 0
L 25 115 10 0 3 0 1 0 MR_B
A 0 120 10 0 3 0 PINTYPE=IN
A 5 120 10 0 3 3 #=16
P 14 0 80 20 80 0 2 0
L 25 75 10 0 3 0 1 0 TH0
A 0 80 10 0 3 0 PINTYPE=IN
A 5 80 10 0 3 3 #=11
P 10 140 220 120 220 0 3 0
L 95 215 10 0 3 0 1 0 OUT2
A 140 220 10 0 9 0 PINTYPE=OUT
A 135 220 10 0 9 3 #=13
U 75 15 10 0 3 3 PKG_TYPE=XXXXX
b 20 30 120 280
E
