V 53
K 1415908705 MAX20751EKX.1
F Case
|R 11:58:25_11-13-14
D 0 710 235 0
Y 1
Z 10
i 319
U 0 -10 10 0 3 0 LEVEL=STD
U 30 0 16 0 3 3 REFDES=U?
U 180 0 10 0 3 3 PKG_TYPE=PKG_TYPE
U 20 695 10 0 3 3 DEVICE=DEVICE
U 30 0 10 0 1 0 VALUE=VALUE
U 0 0 10 0 1 0 FORWARD_PCB=1
T 40 400 16 0 3 MULTIPHASE MASTER
Q 7 0 0
|FNTSTL 13026246 0
b 20 20 215 690
T 65 420 18 0 3 MAX20751EKX
Q 7 0 0
|FNTSTL 13026246 0
P 18 235 40 215 40 0 3 0
L 190 35 10 0 3 0 1 0 EPAD
A 235 40 10 0 9 0 PINTYPE=IN
A 230 40 10 0 9 3 #=37
P 19 235 60 215 60 0 3 0
L 190 55 10 0 3 0 1 0 PGND
A 235 60 10 0 9 0 PINTYPE=IN
A 230 60 10 0 9 3 #=25
P 155 0 175 20 175 0 2 0
L 25 170 10 0 3 0 1 0 R_REF
A 0 175 10 0 3 0 PINTYPE=IN
A 5 175 10 0 3 3 #=1
P 159 0 165 20 165 0 2 0
L 25 160 10 0 3 0 1 0 MRAMP
A 0 165 10 0 3 0 PINTYPE=IN
A 5 165 10 0 3 3 #=2
P 163 0 155 20 155 0 2 0
L 25 150 10 0 3 0 1 0 R_SEL0
A 0 155 10 0 3 0 PINTYPE=IN
A 5 155 10 0 3 3 #=3
P 167 0 145 20 145 0 2 0
L 25 140 10 0 3 0 1 0 R_SEL1
A 0 145 10 0 3 0 PINTYPE=IN
A 5 145 10 0 3 3 #=4
P 171 0 135 20 135 0 2 0
L 25 130 10 0 3 0 1 0 R_SEL2
A 0 135 10 0 3 0 PINTYPE=IN
A 5 135 10 0 3 3 #=5
P 172 0 125 20 125 0 2 0
L 25 120 10 0 3 0 1 0 R_SEL3
A 0 125 10 0 3 0 PINTYPE=IN
A 5 125 10 0 3 3 #=6
P 183 0 40 20 40 0 2 0
L 25 35 10 0 3 0 1 0 GND
A 0 40 10 0 3 0 PINTYPE=IN
A 5 40 10 0 3 3 #=7
P 191 0 655 20 655 0 2 0
L 25 650 10 0 3 0 1 0 VDD
A 0 655 10 0 3 0 PINTYPE=IN
A 5 655 10 0 3 3 #=8
P 195 0 255 20 255 0 2 0
L 25 250 10 0 3 0 1 0 VR_ON
A 0 255 10 0 3 0 PINTYPE=IN
A 5 255 10 0 3 3 #=9
P 199 0 50 20 50 0 2 0
L 25 45 10 0 3 0 1 0 NC
A 0 50 10 0 3 0 PINTYPE=IN
A 5 50 10 0 3 3 #=10
P 203 0 320 20 320 0 2 0
L 25 315 10 0 3 0 1 0 PMDATA
A 0 320 10 0 3 0 PINTYPE=IN
A 5 320 10 0 3 3 #=11
P 207 0 330 20 330 0 2 0
L 25 325 10 0 3 0 1 0 PMCLOCK
A 0 330 10 0 3 0 PINTYPE=IN
A 5 330 10 0 3 3 #=12
P 211 0 340 20 340 0 2 0
L 25 335 10 0 3 0 1 0 PMALERTB
A 0 340 10 0 3 0 PINTYPE=OUT
A 5 340 10 0 3 3 #=13
P 215 0 465 20 465 0 2 0
L 25 460 10 0 3 0 1 0 VIN_UV
A 0 465 10 0 3 0 PINTYPE=IN
A 5 465 10 0 3 3 #=14
P 222 235 435 215 435 0 3 0
L 190 430 10 0 3 0 1 0 PWM4
A 235 435 10 0 9 0 PINTYPE=OUT
A 230 435 10 0 9 3 #=15
P 223 235 445 215 445 0 3 0
L 190 440 10 0 3 0 1 0 PWM3
A 235 445 10 0 9 0 PINTYPE=OUT
A 230 445 10 0 9 3 #=16
P 227 235 455 215 455 0 3 0
L 190 450 10 0 3 0 1 0 PWM2
A 235 455 10 0 9 0 PINTYPE=OUT
A 230 455 10 0 9 3 #=17
P 231 235 465 215 465 0 3 0
L 190 460 10 0 3 0 1 0 PWM1
A 235 465 10 0 9 0 PINTYPE=OUT
A 230 465 10 0 9 3 #=18
P 235 235 495 215 495 0 3 0
L 165 490 10 0 3 0 1 0 TS_FAULTB
A 235 495 10 0 9 0 PINTYPE=IN
A 230 495 10 0 9 3 #=19
P 239 235 385 215 385 0 3 0
L 175 380 10 0 3 0 1 0 ISENSE1
A 235 385 10 0 9 0 PINTYPE=IN
A 230 385 10 0 9 3 #=20
P 243 235 365 215 365 0 3 0
L 175 361 10 0 3 0 1 0 ISENSE2
A 235 365 10 0 9 0 PINTYPE=IN
A 230 365 10 0 9 3 #=21
P 247 235 345 215 345 0 3 0
L 175 341 10 0 3 0 1 0 ISENSE3
A 235 345 10 0 9 0 PINTYPE=IN
A 230 345 10 0 9 3 #=22
P 251 235 325 215 325 0 3 0
L 175 321 10 0 3 0 1 0 ISENSE4
A 235 325 10 0 9 0 PINTYPE=IN
A 230 325 10 0 9 3 #=23
P 255 0 280 20 280 0 2 0
L 55 275 10 0 9 0 1 0 PWRGD
A 0 280 10 0 3 0 PINTYPE=OUT
A 5 280 10 0 3 3 #=24
P 266 0 560 20 560 0 2 0
L 25 555 10 0 3 0 1 0 PVX
A 0 560 10 0 3 0 PINTYPE=IN
A 5 560 10 0 3 3 #=26
P 270 0 425 20 425 0 2 0
L 25 420 10 0 3 0 1 0 VDD33
A 0 425 10 0 3 0 PINTYPE=IN
A 5 425 10 0 3 3 #=27
P 283 235 550 215 550 0 3 0
L 160 545 10 0 3 0 1 0 A3_OUT_PS
A 235 550 10 0 9 0 PINTYPE=OUT
A 230 550 10 0 9 3 #=28
P 293 235 530 215 530 0 3 0
L 150 525 10 0 3 0 1 0 A3_OUT_NORM
A 235 530 10 0 9 0 PINTYPE=OUT
A 230 530 10 0 9 3 #=29
P 297 235 570 215 570 0 3 0
L 180 565 10 0 3 0 1 0 A3_IN
A 235 570 10 0 9 0 PINTYPE=IN
A 230 570 10 0 9 3 #=30
P 298 235 590 215 590 0 3 0
L 170 585 10 0 3 0 1 0 A2B_OUT
A 235 590 10 0 9 0 PINTYPE=OUT
A 230 590 10 0 9 3 #=31
P 305 235 620 215 620 0 3 0
L 175 615 10 0 3 0 1 0 A2_OUT
A 235 620 10 0 9 0 PINTYPE=OUT
A 230 620 10 0 9 3 #=32
P 306 235 640 215 640 0 3 0
L 182 635 10 0 3 0 1 0 A2_IN
A 235 640 10 0 9 0 PINTYPE=IN
A 230 640 10 0 9 3 #=33
P 310 235 660 215 660 0 3 0
L 175 655 10 0 3 0 1 0 A1_OUT
A 235 660 10 0 9 0 PINTYPE=OUT
A 230 660 10 0 9 3 #=34
P 314 235 170 215 170 0 3 0
L 175 165 10 0 3 0 1 0 SENSE_P
A 235 170 10 0 9 0 PINTYPE=IN
A 230 170 10 0 9 3 #=36
P 318 235 150 215 150 0 3 0
L 175 145 10 0 3 0 1 0 SENSE_N
A 235 150 10 0 9 0 PINTYPE=IN
A 230 150 10 0 9 3 #=35
E 
