V 53
K 1470964594 MAX20754.1
F Case
|R 18:16:34_8-11-16
D 0 710 240 90
Y 1
Z 10
i 472
U 0 -10 10 0 3 0 LEVEL=STD
U 20 90 16 0 3 3 REFDES=U?
U 220 90 10 0 9 3 PKG_TYPE=PKG_TYPE
U 20 690 10 0 3 3 DEVICE=DEVICE
U 30 0 10 0 1 0 VALUE=VALUE
U 0 90 10 0 1 0 FORWARD_PCB=1
T 120 520 16 0 6 MULTIPHASE MASTER
Q 7 0 0
|FNTSTL 13026246 0
b 20 110 220 690
T 120 540 18 0 6 MAX20754
Q 7 0 0
|FNTSTL 13026246 0
P 18 0 270 20 270 0 2 0
L 25 270 10 0 2 0 1 0 ALERT_B
A 0 270 10 0 3 0 PINTYPE=IN
A 10 270 10 0 6 3 #=37
P 19 240 500 220 500 0 3 0
L 215 500 10 0 8 0 1 0 PWM0
A 240 500 10 0 9 0 PINTYPE=IN
A 230 500 10 0 6 3 #=25
P 155 240 590 220 590 0 3 0
L 215 590 10 0 8 0 1 0 A2B_OUT2
A 240 590 10 0 9 0 PINTYPE=BI
A 230 590 10 0 6 3 #=1
P 159 240 580 220 580 0 3 0
L 215 580 10 0 8 0 1 0 A3_IN2
A 240 580 10 0 9 0 PINTYPE=BI
A 230 580 10 0 6 3 #=2
P 163 240 570 220 570 0 3 0
L 215 570 10 0 8 0 1 0 A3_OUT2
A 240 570 10 0 9 0 PINTYPE=BI
A 230 570 10 0 6 3 #=3
P 167 240 360 220 360 0 3 0
L 215 360 10 0 8 0 1 0 CS5
A 240 360 10 0 9 0 PINTYPE=IN
A 230 360 10 0 6 3 #=4
P 171 240 370 220 370 0 3 0
L 215 370 10 0 8 0 1 0 CS4
A 240 370 10 0 9 0 PINTYPE=IN
A 230 370 10 0 6 3 #=5
P 172 240 380 220 380 0 3 0
L 215 380 10 0 8 0 1 0 CS3
A 240 380 10 0 9 0 PINTYPE=IN
A 230 380 10 0 6 3 #=6
P 183 240 390 220 390 0 3 0
L 215 390 10 0 8 0 1 0 CS2
A 240 390 10 0 9 0 PINTYPE=IN
A 230 390 10 0 6 3 #=7
P 191 0 590 20 590 0 2 0
L 25 590 10 0 2 0 1 0 VDD
A 0 590 10 0 3 0 PINTYPE=POWER
A 10 590 10 0 6 3 #=8
P 195 240 400 220 400 0 3 0
L 215 400 10 0 8 0 1 0 CS1
A 240 400 10 0 9 0 PINTYPE=IN
A 230 400 10 0 6 3 #=9
P 199 240 410 220 410 0 3 0
L 215 410 10 0 8 0 1 0 CS0
A 240 410 10 0 9 0 PINTYPE=IN
A 230 410 10 0 6 3 #=10
P 203 240 620 220 620 0 3 0
L 215 620 10 0 8 0 1 0 A3_OUT1
A 240 620 10 0 9 0 PINTYPE=IN
A 230 620 10 0 6 3 #=11
P 207 240 630 220 630 0 3 0
L 215 630 10 0 8 0 1 0 A3_IN1
A 240 630 10 0 9 0 PINTYPE=IN
A 230 630 10 0 6 3 #=12
P 211 240 640 220 640 0 3 0
L 215 640 10 0 8 0 1 0 A2B_OUT1
A 240 640 10 0 9 0 PINTYPE=OUT
A 230 640 10 0 6 3 #=13
P 215 240 650 220 650 0 3 0
L 215 650 10 0 8 0 1 0 A2_OUT1
A 240 650 10 0 9 0 PINTYPE=IN
A 230 650 10 0 6 3 #=14
P 222 240 660 220 660 0 3 0
L 215 660 10 0 8 0 1 0 A2_IN1
A 240 660 10 0 9 0 PINTYPE=OUT
A 230 660 10 0 6 3 #=15
P 223 240 670 220 670 0 3 0
L 215 670 10 0 8 0 1 0 A1_OUT1
A 240 670 10 0 9 0 PINTYPE=OUT
A 230 670 10 0 6 3 #=16
P 227 240 190 220 190 0 3 0
L 215 190 10 0 8 0 1 0 SNSP1
A 240 190 10 0 9 0 PINTYPE=OUT
A 230 189 10 0 6 3 #=17
P 231 240 180 220 180 0 3 0
L 215 180 10 0 8 0 1 0 SNSN1
A 240 180 10 0 9 0 PINTYPE=OUT
A 230 179 10 0 6 3 #=18
P 235 0 210 20 210 0 2 0
L 25 210 10 0 2 0 1 0 PGMA
A 0 210 10 0 3 0 PINTYPE=IN
A 10 210 10 0 6 3 #=19
P 239 0 200 20 200 0 2 0
L 25 200 10 0 2 0 1 0 PGMB
A 0 200 10 0 3 0 PINTYPE=IN
A 10 200 10 0 6 3 #=20
P 243 0 220 20 220 0 2 0
L 25 220 10 0 2 0 1 0 RREF
A 0 220 10 0 3 0 PINTYPE=IN
A 10 220 10 0 6 3 #=21
P 247 0 190 20 190 0 2 0
L 25 191 10 0 2 0 1 0 PGMC
A 0 190 10 0 3 0 PINTYPE=IN
A 10 190 10 0 6 3 #=22
P 251 0 460 20 460 0 2 0
L 25 460 10 0 2 0 1 0 UV_IN
A 0 460 10 0 3 0 PINTYPE=IN
A 10 460 10 0 6 3 #=23
P 255 0 180 20 180 0 2 0
L 25 180 10 0 2 0 1 0 PGMD
A 0 180 10 0 3 0 PINTYPE=OUT
A 10 180 10 0 6 3 #=24
P 266 240 490 220 490 0 3 0
L 215 490 10 0 8 0 1 0 PWM1
A 240 490 10 0 9 0 PINTYPE=IN
A 230 490 10 0 6 3 #=26
P 270 240 480 220 480 0 3 0
L 215 480 10 0 8 0 1 0 PWM2
A 240 480 10 0 9 0 PINTYPE=IN
A 230 480 10 0 6 3 #=27
P 283 240 470 220 470 0 3 0
L 215 470 10 0 8 0 1 0 PWM3
A 240 470 10 0 9 0 PINTYPE=OUT
A 230 470 10 0 6 3 #=28
P 293 240 460 220 460 0 3 0
L 215 460 10 0 8 0 1 0 PWM4
A 240 460 10 0 9 0 PINTYPE=OUT
A 230 460 10 0 6 3 #=29
P 297 240 450 220 450 0 3 0
L 215 450 10 0 8 0 1 0 PWM5
A 240 450 10 0 9 0 PINTYPE=IN
A 230 450 10 0 6 3 #=30
P 298 0 340 20 340 0 2 0
L 25 340 10 0 2 0 1 0 FAULT_B
A 0 340 10 0 3 0 PINTYPE=OUT
A 10 340 10 0 6 3 #=31
P 305 0 150 20 150 0 2 0
L 25 150 10 0 2 0 1 0 PGND
A 0 150 10 0 3 0 PINTYPE=OUT
A 10 150 10 0 6 3 #=32
P 306 0 550 20 550 0 2 0
L 25 550 10 0 2 0 1 0 LX
A 0 550 10 0 3 0 PINTYPE=IN
A 10 550 10 0 6 3 #=33
P 310 0 670 20 670 0 2 0
L 25 670 10 0 2 0 1 0 VDD3P3
A 0 670 10 0 3 0 PINTYPE=OUT
A 10 670 10 0 6 3 #=34
P 314 0 250 20 250 0 2 0
L 25 250 10 0 2 0 1 0 SDA
A 0 250 10 0 3 0 PINTYPE=IN
A 10 250 10 0 6 3 #=35
P 318 0 260 20 260 0 2 0
L 25 260 10 0 2 0 1 0 SCL
A 0 260 10 0 3 0 PINTYPE=IN
A 10 260 10 0 6 3 #=36
P 438 240 560 220 560 0 3 0
L 215 560 10 0 8 0 1 0 A1_OUT2
A 240 560 10 0 1 0 PINTYPE=IN
A 230 561 10 0 6 3 #=46
P 441 240 550 220 550 0 3 0
L 215 550 10 0 8 0 1 0 A2_IN2
A 240 550 10 0 1 0 PINTYPE=IN
A 230 551 10 0 6 3 #=47
P 444 240 540 220 540 0 3 0
L 215 540 10 0 8 0 1 0 A2_OUT2
A 240 540 10 0 1 0 PINTYPE=IN
A 230 541 10 0 6 3 #=48
P 447 0 440 20 440 0 2 0
L 25 440 10 0 2 0 1 0 EN1
A 0 440 10 0 1 0 PINTYPE=IN
A 10 440 10 0 6 3 #=38
P 450 0 430 20 430 0 2 0
L 25 430 10 0 2 0 1 0 EN2
A 0 430 10 0 1 0 PINTYPE=IN
A 10 430 10 0 6 3 #=39
P 453 0 310 20 310 0 2 0
L 25 310 10 0 2 0 1 0 PGOOD1
A 0 310 10 0 1 0 PINTYPE=IN
A 10 310 10 0 6 3 #=40
P 456 0 300 20 300 0 2 0
L 25 300 10 0 2 0 1 0 PGOOD2
A 0 300 10 0 1 0 PINTYPE=IN
A 10 300 10 0 6 3 #=41
P 459 240 270 220 270 0 3 0
L 215 270 10 0 8 0 1 0 TS2
A 240 270 10 0 1 0 PINTYPE=IN
A 230 270 10 0 6 3 #=42
P 462 240 280 220 280 0 3 0
L 215 280 10 0 8 0 1 0 TS1
A 240 280 10 0 1 0 PINTYPE=IN
A 230 280 10 0 6 3 #=43
P 465 240 130 220 130 0 3 0
L 215 130 10 0 8 0 1 0 SNSN2
A 240 130 10 0 1 0 PINTYPE=IN
A 230 130 10 0 6 3 #=44
P 468 240 140 220 140 0 3 0
L 215 140 10 0 8 0 1 0 SNSP2
A 240 140 10 0 1 0 PINTYPE=IN
A 230 140 10 0 6 3 #=45
P 471 0 130 20 130 0 2 0
L 25 130 10 0 2 0 1 0 EP_AGND
A 0 130 10 0 7 0 PINTYPE=IN
A 10 130 10 0 6 3 #=49
E 
