V 53
K 1419036744 max6644.1
F Case
|R 16:52:24_12-19-14
D -65 165 100 -10
Y 1
Z 10
i 129
U 0 0 0 0 3 0 SOURCE_PATH=
U 5 115 9 0 3 0 VALUE=
U -40 150 10 0 3 3 DEVICE=XXXX
U -40 10 16 0 1 3 REFDES=U?
U 75 10 10 0 7 3 PKG_TYPE=XXXX
U 5 140 10 0 1 0 MANF_P/N=XXXX
U -65 -10 10 0 1 0 FORWARD_PCB=1
b -45 10 80 150
P 1 -65 115 -45 115 0 2 0
L -40 115 10 0 2 0 1 0 TH1
A -50 115 10 0 9 3 #=1
A -45 -35 9 0 3 0 PINTYPE=BI
P 2 -65 75 -45 75 0 2 0
L -40 75 10 0 2 0 1 0 TL2
A -50 75 10 0 9 3 #=2
A -45 -55 9 0 3 0 PINTYPE=BI
P 3 -65 135 -45 135 0 2 0
L -40 135 10 0 2 0 1 0 TACHSET
A -50 135 10 0 9 3 #=5
A -45 25 9 0 3 0 PINTYPE=BI
P 8 -65 25 -45 25 0 2 0
L -40 25 10 0 2 0 1 0 GND
A -55 35 10 0 1 3 #=7
A -45 15 9 0 3 0 PINTYPE=OUT
P 17 -65 105 -45 105 0 2 0
L -40 105 10 0 2 0 1 0 TH2
A -50 105 10 0 9 3 #=15
A -45 -25 9 0 3 0 PINTYPE=BI
P 18 -65 85 -45 85 0 2 0
L -40 85 10 0 2 0 1 0 TL1
A -50 85 10 0 9 3 #=3
A -45 -45 9 0 3 0 PINTYPE=BI
P 37 100 135 80 135 0 3 0
L 75 135 10 0 8 0 1 0 VDD
A 85 135 10 0 3 3 #=16
A 100 135 10 0 9 0 PINTYPE=IN
P 97 100 55 80 55 0 3 0
L 75 55 10 0 8 0 1 0 PWM_OUT
A 85 55 10 0 3 3 #=12
A 100 55 10 0 9 0 PINTYPE=IN
P 98 100 35 80 35 0 3 0
L 75 35 10 0 8 0 1 0 FAN_IN1
A 85 35 10 0 3 3 #=11
A 100 35 10 0 9 0 PINTYPE=IN
P 105 100 25 80 25 0 3 0
L 75 25 10 0 8 0 1 0 FAN_IN2
A 85 25 10 0 3 3 #=10
A 100 25 10 0 9 0 PINTYPE=IN
P 106 100 115 80 115 0 3 0
L 75 115 10 0 8 0 1 0 OT1
A 85 115 10 0 3 3 #=14
A 100 115 10 0 9 0 PINTYPE=IN
P 114 100 105 80 105 0 3 0
L 75 105 10 0 8 0 1 0 OT2
A 85 105 10 0 3 3 #=13
A 100 105 10 0 9 0 PINTYPE=IN
P 115 100 95 80 95 0 3 0
L 75 95 10 0 8 0 1 0 OT_B
A 85 95 10 0 3 3 #=9
A 100 95 10 0 9 0 PINTYPE=IN
P 122 100 75 80 75 0 3 0
L 75 75 10 0 8 0 1 0 FANFAIL_B
A 85 75 10 0 3 3 #=4
A 100 75 10 0 9 0 PINTYPE=IN
P 127 -65 45 -45 45 0 2 0
L -40 45 10 0 2 0 1 0 DXP2
A -55 55 10 0 1 3 #=6
A -45 35 9 0 3 0 PINTYPE=OUT
P 128 -65 55 -45 55 0 2 0
L -40 55 10 0 2 0 1 0 DXP1
A -55 65 10 0 1 3 #=8
A -45 45 9 0 3 0 PINTYPE=OUT
E 
