V 51
K 122638368100 max6816
|R 18:10_5-10-11
Y 1
D 0 0 120 80
Z 10
i 53
U -190 -40 10 0 3 0 LEVEL=STD
U -190 -50 10 0 3 0 PARTS=1
P 52 0 30 20 30 0 2 0
A -30 20 10 0 9 0 PINTYPE=BI
A 20 30 10 0 9 3 #=1
L 25 30 10 0 2 0 1 0 GND
P 19 120 30 100 30 0 3 0
A 100 30 10 0 3 3 #=3
A 160 25 10 0 3 0 PINTYPE=BI
L 95 30 10 0 8 1 1 0 OUT
b 20 20 100 70
P 53 120 60 100 60 0 3 0
A 100 60 10 0 3 3 #=4
A 160 55 10 0 3 0 PINTYPE=BI
L 95 60 10 0 8 0 1 0 VCC
P 49 0 60 20 60 0 2 0
A -30 50 10 0 9 0 PINTYPE=BI
A 20 60 10 0 9 3 #=2
L 25 60 10 0 2 1 1 0 IN
U 80 10 10 0 3 3 PKG_TYPE=XXXXXX
U 5 0 16 0 3 3 REFDES=U?
U 30 70 10 0 3 3 DEVICE=XXXXXX
E
