V 53
K 1420065512 max8527.1
F Case
|R 14:38:32_12-31-14
D 0 200 190 0
Y 1
Z 10
i 88
U 125 5 10 0 3 3 PKG_TYPE=XXXX
U 30 185 10 0 3 3 DEVICE=XXXX
U 105 110 10 0 3 0 VALUE=XXXX
U 32 3 16 0 3 3 REFDES=U?
U 32 3 10 0 1 0 MANF_P/N=XXXX
U 0 0 10 0 1 0 FORWARD_PCB=1
b 30 20 160 185
|GRPHSTL 3249763 0 0 1
T 35 170 10 0 2 IN
Q 15 0 0
|FNTSTL 16777215 0
T 155 170 10 0 8 OUT
Q 15 0 0
|FNTSTL 16777215 0
T 35 160 10 0 2 IN
Q 15 0 0
|FNTSTL 16777215 0
T 35 150 10 0 2 IN
Q 15 0 0
|FNTSTL 16777215 0
T 35 140 10 0 2 IN
Q 15 0 0
|FNTSTL 16777215 0
T 155 160 10 0 8 OUT
Q 15 0 0
|FNTSTL 16777215 0
T 155 150 10 0 8 OUT
Q 15 0 0
|FNTSTL 16777215 0
T 155 140 10 0 8 OUT
Q 15 0 0
|FNTSTL 16777215 0
T 35 90 10 0 2 TP
Q 15 0 0
|FNTSTL 16777215 0
T 35 80 10 0 2 TP
Q 15 0 0
|FNTSTL 16777215 0
P 15 0 160 30 160 0 2 0
L 35 160 10 0 2 0 0 0 IN2
Q 15 0 0
|FNTSTL 16777215 0
A 20 160 10 0 3 3 #=3
A -40 161 10 0 9 0 PINTYPE=POWER
P 16 0 40 30 40 0 2 0
L 35 40 10 0 2 0 1 0 EN
Q 15 0 0
|FNTSTL 16777215 0
A 20 40 10 0 3 3 #=1
A -40 41 10 0 9 0 PINTYPE=BI
P 17 0 60 30 60 0 2 0
L 35 60 10 0 2 0 1 0 POK
Q 15 0 0
|FNTSTL 16777215 0
A 20 60 10 0 3 3 #=6
A -40 61 10 0 9 0 PINTYPE=IN
P 24 0 170 30 170 0 2 0
L 35 170 10 0 2 0 0 0 IN1
Q 15 0 0
|FNTSTL 16777215 0
A 20 170 10 0 3 3 #=2
A -40 171 10 0 9 0 PINTYPE=POWER
P 28 190 40 160 40 0 3 0
L 155 40 10 0 8 0 1 0 GND
Q 15 0 0
|FNTSTL 16777215 0
A 170 40 10 0 9 3 #=8
A 190 40 10 0 9 0 PINTYPE=GROUND
P 29 0 150 30 150 0 2 0
L 35 150 10 0 2 0 0 0 IN3
Q 15 0 0
|FNTSTL 16777215 0
A 20 150 10 0 3 3 #=4
A -40 151 10 0 9 0 PINTYPE=POWER
P 31 190 100 160 100 0 3 0
L 155 100 10 0 8 0 1 0 FB
Q 15 0 0
|FNTSTL 16777215 0
A 170 100 10 0 9 3 #=9
A 190 100 10 0 9 0 PINTYPE=IN
P 32 190 160 160 160 0 3 0
L 179 160 10 0 8 0 0 0 OUT2
A 190 146 10 0 7 0 PINTYPE=OUT
A 175 160 10 0 9 3 #=11
P 33 190 170 160 170 0 3 0
L 155 170 10 0 8 0 0 0 OUT1
Q 15 0 0
|FNTSTL 16777215 0
A 175 170 10 0 9 3 #=10
A 190 170 10 0 9 0 PINTYPE=OUT
P 81 190 60 160 60 0 3 0
L 155 60 10 0 8 0 1 0 EP
Q 15 0 0
|FNTSTL 16777215 0
A 175 60 10 0 9 3 #=15
A 190 60 10 0 9 0 PINTYPE=GROUND
P 137 0 140 30 140 0 2 0
L 35 140 10 0 2 0 0 0 IN4
Q 15 0 0
|FNTSTL 16777215 0
A 20 140 10 0 3 3 #=5
A -40 141 10 0 9 0 PINTYPE=POWER
P 168 190 150 160 150 0 3 0
L 179 150 10 0 8 0 0 0 OUT3
A 190 150 10 0 1 0 PINTYPE=OUT
A 175 150 10 0 9 3 #=12
P 170 190 140 160 140 0 3 0
L 179 140 10 0 8 0 0 0 OUT4
A 190 140 10 0 1 0 PINTYPE=OUT
A 175 140 10 0 9 3 #=13
P 186 0 80 30 80 0 2 0
L 35 80 10 0 2 0 0 0 TP2
Q 15 0 0
|FNTSTL 16777215 0
A 20 80 10 0 3 3 #=7
A -40 81 10 0 9 0 PINTYPE=IN
P 188 0 90 30 90 0 2 0
L 35 90 10 0 2 0 0 0 TP1
Q 15 0 0
|FNTSTL 16777215 0
A 15 90 10 0 3 3 #=14
A -40 91 10 0 9 0 PINTYPE=IN
E 
