V 51
K 357727779600 mdt040
|R 5:22_3-19-13
Y 1
D 0 0 160 310
Z 10
i 22
U 0 -60 10 0 3 0 DIST_P/N=?
U 0 -50 10 0 3 0 DIST=AVNET
U 0 -40 10 0 3 0 MANF_P/N=MDT040A0X3-SRPHZ
U 0 -30 10 0 3 0 MANF=GE
U 0 -20 10 0 3 0 PARTS=1
U 0 -10 10 0 3 0 LEVEL=STD
U 25 0 16 0 3 3 REFDES=U?
U 125 5 10 0 3 0 PKG_TYPE=PWR_GE_MTD040
U 30 290 10 0 3 3 DEVICE=MDT040
P 22 0 120 20 120 0 2 0
L 30 115 10 0 3 0 1 0 SHARE
A -20 120 10 0 3 0 PINTYPE=IN
A 10 120 10 0 3 3 #=9
P 21 0 40 20 40 0 2 0
L 30 35 10 0 3 0 1 0 GND_10
A -20 40 10 0 3 0 PINTYPE=IN
A 5 40 10 0 3 3 #=10
P 11 160 130 140 130 0 3 0
L 105 125 10 0 3 0 1 0 ADDR0
A 160 130 10 0 9 0 PINTYPE=IN
A 155 130 10 0 9 3 #=18
P 8 0 170 20 170 0 2 0
L 30 165 10 0 3 0 1 0 PMBUS_CLK
A -20 170 10 0 3 0 PINTYPE=IN
A 5 170 10 0 3 3 #=13
P 7 0 160 20 160 0 2 0
L 30 155 10 0 3 0 1 0 PMBUS_DATA
A -20 160 10 0 3 0 PINTYPE=BI
A 5 160 10 0 3 3 #=14
P 16 0 150 20 150 0 2 0
L 30 145 10 0 3 0 1 0 PMBUS_ALRT
A -20 150 10 0 3 0 PINTYPE=OUT
A 5 150 10 0 3 3 #=17
P 14 160 270 140 270 0 3 0
L 110 265 10 0 3 0 1 0 VOUT
A 160 270 10 0 9 0 PINTYPE=POWER
A 150 270 10 0 9 3 #=5
P 3 0 250 20 250 0 2 0
L 30 245 10 0 3 0 1 0 VIN
A -20 250 10 0 3 0 PINTYPE=POWER
A 10 250 10 0 3 3 #=2
P 12 160 40 140 40 0 3 0
L 110 35 10 0 3 0 1 0 VS_N
A 160 40 10 0 9 0 PINTYPE=IN
A 155 40 10 0 9 3 #=12
P 9 160 50 140 50 0 3 0
L 95 45 10 0 3 0 1 0 SIG_GND
A 160 50 10 0 9 0 PINTYPE=IN
A 155 50 10 0 9 3 #=11
P 10 160 120 140 120 0 3 0
L 105 115 10 0 3 0 1 0 ADDR1
A 160 120 10 0 9 0 PINTYPE=IN
A 155 120 10 0 9 3 #=19
P 15 160 150 140 150 0 3 0
L 110 145 10 0 3 0 1 0 TRIM
A 160 150 10 0 9 0 PINTYPE=IN
A 150 150 10 0 9 3 #=6
P 13 160 250 140 250 0 3 0
L 110 245 10 0 3 0 1 0 VS_P
A 160 250 10 0 9 0 PINTYPE=IN
A 150 250 10 0 9 3 #=7
P 18 0 70 20 70 0 2 0
L 30 65 10 0 3 0 1 0 SYNC
A -20 70 10 0 3 0 PINTYPE=IN
A 5 70 10 0 3 3 #=15
P 6 0 60 20 60 0 2 0
L 30 55 10 0 3 0 1 0 GND_4
A -20 60 10 0 3 0 PINTYPE=IN
A 10 60 10 0 3 3 #=4
P 20 0 270 20 270 0 2 0
L 30 265 10 0 3 0 1 0 PGOOD
A -20 270 10 0 3 0 PINTYPE=OUT
A 5 270 10 0 3 3 #=16
P 19 0 50 20 50 0 2 0
L 30 45 10 0 3 0 1 0 GND_8
A -20 50 10 0 3 0 PINTYPE=IN
A 10 50 10 0 3 3 #=8
P 5 0 80 20 80 0 2 0
L 30 75 10 0 3 0 1 0 SEQ
A -20 80 10 0 3 0 PINTYPE=IN
A 10 80 10 0 3 3 #=3
P 4 0 130 20 130 0 2 0
L 30 125 10 0 3 0 1 0 ON_B
A -20 130 10 0 3 0 PINTYPE=IN
A 10 130 10 0 3 3 #=1
b 20 20 140 290
E
