V 53
K 1406222043 MECH_LCD_CONN_2X7.1
F Case
|R 10:14:3_7-24-14
D 0 140 80 0
Y 1
Z 10
i 1
U -20 -30 10 0 3 0 LEVEL=STD
U 22 138 16 0 3 3 REFDES=MJ?
U 10 -10 10 0 3 3 VALUE=HDR_XXX
U 10 -10 10 0 1 0 CLASS=MECHANICAL
U 0 0 10 0 1 0 FORWARD_PCB=1
c 30 10 5
c 30 30 5
c 50 10 5
c 50 30 5
b 20 20 40 40
b 20 0 40 20
b 40 20 60 40
b 40 0 60 20
c 30 50 5
c 30 70 5
c 30 90 5
c 30 110 5
c 30 130 5
c 50 50 5
c 50 70 5
c 50 90 5
c 50 110 5
c 50 130 5
b 20 120 40 140
b 20 100 40 120
b 40 120 60 140
b 40 100 60 120
b 40 80 60 100
b 20 80 40 100
b 20 60 40 80
b 20 40 40 60
b 40 60 60 80
b 40 40 60 60
l 2 20 130 0 130 
l 2 20 110 0 110 
l 2 20 90 0 90 
l 2 20 70 0 70 
l 2 20 50 0 50 
l 2 20 30 0 30 
l 2 20 10 0 10 
l 2 80 130 60 130 
l 2 80 110 60 110 
l 2 80 90 60 90 
l 2 80 70 60 70 
l 2 80 50 60 50 
l 2 80 30 60 30 
l 2 80 10 60 10 
E 
