V 53
K 1468934366 mech_zsfp_plus_1x4_cage.1
F Case
|R 7:19:26_7-19-16
D -10 145 245 -15
Y 1
Z 10
i 347
U 200 -25 10 0 3 3 VALUE=VALUE
U 0 -70 10 0 3 0 MANF_P/N=MANF_P/N
U 0 -30 10 0 3 0 PARTS=1
U 0 -20 10 0 3 0 LEVEL=STD
U 200 130 10 0 3 3 DEVICE=DEVICE
U -5 -15 10 0 3 3 REFDES=CG?
U 200 0 10 0 1 3 PKG_TYPE=PKG_TYPE
U -10 -15 10 0 1 0 FORWARD_PCB=1
c 130 70 5
c 130 40 5
c 145 55 5
c 100 70 5
c 100 40 5
c 115 55 5
c 70 70 5
c 70 40 5
c 85 55 5
c 40 70 5
c 40 40 5
c 55 55 5
c 25 55 5
c 10 40 5
b 195 35 225 40
b 195 50 225 55
b 195 65 225 70
c 10 70 5
c 130 90 5
c 100 90 5
c 70 90 5
c 40 90 5
c 10 90 5
b 195 85 225 90
b 195 100 225 105
b 195 115 225 120
b 0 0 235 130
P 59 30 -15 30 0 0 1 0
L 30 0 10 1 2 0 1 0 GND1
A 30 -15 10 0 1 0 PINTYPE=GROUND
A 20 -15 10 1 1 3 #=1
P 63 40 -15 40 0 0 1 0
L 40 1 10 1 2 0 1 0 GND2
A 40 -15 10 0 1 0 PINTYPE=GROUND
A 30 -15 10 1 1 3 #=2
P 65 50 -15 50 0 0 1 0
L 50 0 10 1 2 0 1 0 GND3
A 50 -15 10 0 1 0 PINTYPE=GROUND
A 40 -15 10 1 1 3 #=3
P 67 60 -15 60 0 0 1 0
L 60 1 10 1 2 0 1 0 GND4
A 60 -15 10 0 1 0 PINTYPE=GROUND
A 50 -15 10 1 1 3 #=4
P 69 70 -15 70 0 0 1 0
L 70 1 10 1 2 0 1 0 GND5
A 70 -15 10 0 1 0 PINTYPE=GROUND
A 60 -15 10 1 1 3 #=5
P 71 80 -15 80 0 0 1 0
L 80 1 10 1 2 0 1 0 GND6
A 80 -15 10 0 1 0 PINTYPE=GROUND
A 70 -15 10 1 1 3 #=6
P 73 90 -15 90 0 0 1 0
L 90 1 10 1 2 0 1 0 GND7
A 90 -15 10 0 1 0 PINTYPE=GROUND
A 80 -15 10 1 1 3 #=7
P 75 100 -15 100 0 0 1 0
L 100 1 10 1 2 0 1 0 GND8
A 100 -15 10 0 1 0 PINTYPE=GROUND
A 90 -15 10 1 1 3 #=8
P 77 110 -15 110 0 0 1 0
L 110 1 10 1 2 0 1 0 GND9
A 110 -15 10 0 1 0 PINTYPE=GROUND
A 100 -15 10 1 1 3 #=9
P 79 120 -15 120 0 0 1 0
L 120 1 10 1 2 0 1 0 GND10
A 120 -15 10 0 1 0 PINTYPE=GROUND
A 110 -15 10 1 1 3 #=10
P 81 130 -15 130 0 0 1 0
L 130 1 10 1 2 0 1 0 GND11
A 130 -15 10 0 1 0 PINTYPE=GROUND
A 120 -15 10 1 1 3 #=11
P 83 140 -15 140 0 0 1 0
L 140 1 10 1 2 0 1 0 GND12
A 140 -15 10 0 1 0 PINTYPE=GROUND
A 130 -15 10 1 1 3 #=12
P 85 150 -15 150 0 0 1 0
L 150 1 10 1 2 0 1 0 GND13
A 150 -15 10 0 1 0 PINTYPE=GROUND
A 140 -15 10 1 1 3 #=13
P 87 160 -15 160 0 0 1 0
L 160 1 10 1 2 0 1 0 GND14
A 160 -15 10 0 1 0 PINTYPE=GROUND
A 150 -15 10 1 1 3 #=14
P 89 170 -15 170 0 0 1 0
L 170 1 10 1 2 0 1 0 GND15
A 170 -15 10 0 1 0 PINTYPE=GROUND
A 160 -15 10 1 1 3 #=15
P 91 180 -15 180 0 0 1 0
L 180 1 10 1 2 0 1 0 GND16
A 180 -15 10 0 1 0 PINTYPE=GROUND
A 170 -15 10 1 1 3 #=16
P 93 190 -15 190 0 0 1 0
L 190 1 10 1 2 0 1 0 GND17
A 190 -15 10 0 1 0 PINTYPE=GROUND
A 180 -15 10 1 1 3 #=17
P 95 30 145 30 130 0 0 0
L 30 130 10 1 8 0 1 0 GND18
A 30 145 10 0 1 0 PINTYPE=IN
A 31 142 10 1 9 3 #=18
P 97 40 145 40 130 0 0 0
L 40 130 10 1 8 0 1 0 GND19
A 40 145 10 0 1 0 PINTYPE=IN
A 41 142 10 1 9 3 #=19
P 319 50 145 50 130 0 0 0
L 50 130 10 1 8 0 1 0 GND20
A 50 145 10 0 1 0 PINTYPE=IN
A 51 142 10 1 9 3 #=20
P 321 60 145 60 130 0 0 0
L 60 130 10 1 8 0 1 0 GND21
A 60 145 10 0 1 0 PINTYPE=IN
A 61 142 10 1 9 3 #=21
P 323 70 145 70 130 0 0 0
L 70 130 10 1 8 0 1 0 GND22
A 70 145 10 0 1 0 PINTYPE=IN
A 71 142 10 1 9 3 #=22
P 325 80 145 80 130 0 0 0
L 80 130 10 1 8 0 1 0 GND23
A 80 145 10 0 1 0 PINTYPE=IN
A 81 142 10 1 9 3 #=23
P 326 90 145 90 130 0 0 0
L 90 130 10 1 8 0 1 0 GND24
A 90 145 10 0 1 0 PINTYPE=IN
A 91 142 10 1 9 3 #=24
P 328 100 145 100 130 0 0 0
L 100 130 10 1 8 0 1 0 GND25
A 100 145 10 0 1 0 PINTYPE=IN
A 101 142 10 1 9 3 #=25
P 330 110 145 110 130 0 0 0
L 110 130 10 1 8 0 1 0 GND26
A 110 145 10 0 1 0 PINTYPE=IN
A 111 142 10 1 9 3 #=26
P 333 120 145 120 130 0 0 0
L 120 130 10 1 8 0 1 0 GND27
A 120 145 10 0 1 0 PINTYPE=IN
A 121 142 10 1 9 3 #=27
P 334 130 145 130 130 0 0 0
L 130 130 10 1 8 0 1 0 GND28
A 130 145 10 0 1 0 PINTYPE=IN
A 131 142 10 1 9 3 #=28
P 336 140 145 140 130 0 0 0
L 140 130 10 1 8 0 1 0 GND29
A 140 145 10 0 1 0 PINTYPE=IN
A 141 142 10 1 9 3 #=29
P 338 150 145 150 130 0 0 0
L 150 130 10 1 8 0 1 0 GND30
A 150 145 10 0 1 0 PINTYPE=IN
A 151 142 10 1 9 3 #=30
P 341 160 145 160 130 0 0 0
L 160 130 10 1 8 0 1 0 GND31
A 160 145 10 0 1 0 PINTYPE=IN
A 161 142 10 1 9 3 #=31
P 342 170 145 170 130 0 0 0
L 170 130 10 1 8 0 1 0 GND32
A 170 145 10 0 1 0 PINTYPE=IN
A 171 142 10 1 9 3 #=32
P 344 180 145 180 130 0 0 0
L 180 130 10 1 8 0 1 0 GND33
A 180 145 10 0 1 0 PINTYPE=IN
A 181 142 10 1 9 3 #=33
P 346 190 145 190 130 0 0 0
L 190 130 10 1 8 0 1 0 GND34
A 190 145 10 0 1 0 PINTYPE=IN
A 191 142 10 1 9 3 #=34
E 
