V 53
K 1405401003 mpsc_01_80.1
F Case
|R 22:10:3_7-14-14
D 0 470 160 0
Y 1
Z 10
i 93
U 85 170 10 1 3 3 MANF_P/N=MPSC-01-80-01-7.70-03-L-V
U 0 -20 10 0 3 0 MANF=SAMTEC
U 0 -60 10 0 3 0 PARTS=1
U 0 -50 10 0 3 0 LEVEL=STD
U 0 -40 10 0 3 0 DEVICE=SAMTEC_MPSC_01_80
U 0 -10 10 0 3 0 PKG_TYPE=SAMTEC_MPSC_01_80
U 0 0 16 0 3 3 REFDES=J?
U 120 450 10 0 3 3 VALUE=XXX
U 0 0 10 0 1 0 FORWARD_PCB=1
b 20 20 140 450
P 859 0 430 20 430 0 2 0
L 22 430 10 0 2 0 0 0 A1
A 0 430 10 0 1 0 PINTYPE=BI
A 0 440 10 0 1 3 #=A1
P 862 0 420 20 420 0 2 0
L 22 420 10 0 2 0 0 0 A2
A 0 420 10 0 1 0 PINTYPE=BI
A 0 430 10 0 1 3 #=A2
P 865 0 410 20 410 0 2 0
L 22 410 10 0 2 0 0 0 A3
A 0 410 10 0 1 0 PINTYPE=BI
A 0 420 10 0 1 3 #=A3
P 868 0 400 20 400 0 2 0
L 22 400 10 0 2 0 0 0 A4
A 0 400 10 0 1 0 PINTYPE=BI
A 0 410 10 0 1 3 #=A4
P 871 0 390 20 390 0 2 0
L 22 390 10 0 2 0 0 0 A5
A 0 390 10 0 1 0 PINTYPE=BI
A 0 400 10 0 1 3 #=A5
P 874 0 380 20 380 0 2 0
L 22 380 10 0 2 0 0 0 A6
A 0 380 10 0 1 0 PINTYPE=BI
A 0 390 10 0 1 3 #=A6
P 877 0 370 20 370 0 2 0
L 22 370 10 0 2 0 0 0 A7
A 0 370 10 0 1 0 PINTYPE=BI
A 0 380 10 0 1 3 #=A7
P 880 0 360 20 360 0 2 0
L 22 360 10 0 2 0 0 0 A8
A 0 360 10 0 1 0 PINTYPE=BI
A 0 370 10 0 1 3 #=A8
P 883 0 350 20 350 0 2 0
L 22 350 10 0 2 0 0 0 A9
A 0 350 10 0 1 0 PINTYPE=BI
A 0 360 10 0 1 3 #=A9
P 886 0 340 20 340 0 2 0
L 22 340 10 0 2 0 0 0 A10
A 0 340 10 0 1 0 PINTYPE=BI
A 0 350 10 0 1 3 #=A10
P 889 0 330 20 330 0 2 0
L 22 330 10 0 2 0 0 0 A11
A 0 330 10 0 1 0 PINTYPE=BI
A 0 340 10 0 1 3 #=A11
P 892 0 320 20 320 0 2 0
L 22 320 10 0 2 0 0 0 A12
A 0 320 10 0 1 0 PINTYPE=BI
A 0 330 10 0 1 3 #=A12
P 895 0 310 20 310 0 2 0
L 22 310 10 0 2 0 0 0 A13
A 0 310 10 0 1 0 PINTYPE=BI
A 0 320 10 0 1 3 #=A13
P 898 0 300 20 300 0 2 0
L 22 300 10 0 2 0 0 0 A14
A 0 300 10 0 1 0 PINTYPE=BI
A 0 310 10 0 1 3 #=A14
P 901 0 290 20 290 0 2 0
L 22 290 10 0 2 0 0 0 A15
A 0 290 10 0 1 0 PINTYPE=BI
A 0 300 10 0 1 3 #=A15
P 904 0 280 20 280 0 2 0
L 22 280 10 0 2 0 0 0 A16
A 0 280 10 0 1 0 PINTYPE=BI
A 0 290 10 0 1 3 #=A16
P 907 0 270 20 270 0 2 0
L 22 270 10 0 2 0 0 0 A17
A 0 270 10 0 1 0 PINTYPE=BI
A 0 280 10 0 1 3 #=A17
P 910 0 260 20 260 0 2 0
L 22 260 10 0 2 0 0 0 A18
A 0 260 10 0 1 0 PINTYPE=BI
A 0 270 10 0 1 3 #=A18
P 913 0 250 20 250 0 2 0
L 22 250 10 0 2 0 0 0 A19
A 0 250 10 0 1 0 PINTYPE=BI
A 0 260 10 0 1 3 #=A19
P 916 0 240 20 240 0 2 0
L 22 240 10 0 2 0 0 0 A20
A 0 240 10 0 1 0 PINTYPE=BI
A 0 250 10 0 1 3 #=A20
P 919 0 230 20 230 0 2 0
L 22 230 10 0 2 0 0 0 B1
A 0 230 10 0 1 0 PINTYPE=BI
A 0 240 10 0 1 3 #=B1
P 922 0 220 20 220 0 2 0
L 22 220 10 0 2 0 0 0 B2
A 0 220 10 0 1 0 PINTYPE=BI
A 0 230 10 0 1 3 #=B2
P 925 0 210 20 210 0 2 0
L 22 210 10 0 2 0 0 0 B3
A 0 210 10 0 1 0 PINTYPE=BI
A 0 220 10 0 1 3 #=B3
P 928 0 200 20 200 0 2 0
L 22 200 10 0 2 0 0 0 B4
A 0 200 10 0 1 0 PINTYPE=BI
A 0 210 10 0 1 3 #=B4
P 931 0 190 20 190 0 2 0
L 22 190 10 0 2 0 0 0 B5
A 0 190 10 0 1 0 PINTYPE=BI
A 0 200 10 0 1 3 #=B5
P 934 0 180 20 180 0 2 0
L 22 180 10 0 2 0 0 0 B6
A 0 180 10 0 1 0 PINTYPE=BI
A 0 190 10 0 1 3 #=B6
P 937 0 170 20 170 0 2 0
L 22 170 10 0 2 0 0 0 B7
A 0 170 10 0 1 0 PINTYPE=BI
A 0 180 10 0 1 3 #=B7
P 940 0 160 20 160 0 2 0
L 22 160 10 0 2 0 0 0 B8
A 0 160 10 0 1 0 PINTYPE=BI
A 0 170 10 0 1 3 #=B8
P 943 0 150 20 150 0 2 0
L 22 150 10 0 2 0 0 0 B9
A 0 150 10 0 1 0 PINTYPE=BI
A 0 160 10 0 1 3 #=B9
P 946 0 140 20 140 0 2 0
L 22 140 10 0 2 0 0 0 B10
A 0 140 10 0 1 0 PINTYPE=BI
A 0 150 10 0 1 3 #=B10
P 949 0 130 20 130 0 2 0
L 22 130 10 0 2 0 0 0 B11
A 0 130 10 0 1 0 PINTYPE=BI
A 0 140 10 0 1 3 #=B11
P 952 0 120 20 120 0 2 0
L 22 120 10 0 2 0 0 0 B12
A 0 120 10 0 1 0 PINTYPE=BI
A 0 130 10 0 1 3 #=B12
P 955 0 110 20 110 0 2 0
L 22 110 10 0 2 0 0 0 B13
A 0 110 10 0 1 0 PINTYPE=BI
A 0 120 10 0 1 3 #=B13
P 958 0 100 20 100 0 2 0
L 22 100 10 0 2 0 0 0 B14
A 0 100 10 0 1 0 PINTYPE=BI
A 0 110 10 0 1 3 #=B14
P 961 0 90 20 90 0 2 0
L 22 90 10 0 2 0 0 0 B15
A 0 90 10 0 1 0 PINTYPE=BI
A 0 100 10 0 1 3 #=B15
P 964 0 80 20 80 0 2 0
L 22 80 10 0 2 0 0 0 B16
A 0 80 10 0 1 0 PINTYPE=BI
A 0 90 10 0 1 3 #=B16
P 967 0 70 20 70 0 2 0
L 22 70 10 0 2 0 0 0 B17
A 0 70 10 0 1 0 PINTYPE=BI
A 0 80 10 0 1 3 #=B17
P 970 0 60 20 60 0 2 0
L 22 60 10 0 2 0 0 0 B18
A 0 60 10 0 1 0 PINTYPE=BI
A 0 70 10 0 1 3 #=B18
P 973 0 50 20 50 0 2 0
L 22 50 10 0 2 0 0 0 B19
A 0 50 10 0 1 0 PINTYPE=BI
A 0 60 10 0 1 3 #=B19
P 976 0 40 20 40 0 2 0
L 22 40 10 0 2 0 0 0 B20
A 0 40 10 0 1 0 PINTYPE=BI
A 0 50 10 0 1 3 #=B20
P 979 160 430 140 430 0 3 0
L 138 430 10 0 8 0 0 0 C1
A 160 430 10 0 1 0 PINTYPE=BI
A 160 440 10 0 7 3 #=C1
P 982 160 420 140 420 0 3 0
L 138 420 10 0 8 0 0 0 C2
A 160 420 10 0 1 0 PINTYPE=BI
A 160 430 10 0 7 3 #=C2
P 985 160 410 140 410 0 3 0
L 138 410 10 0 8 0 0 0 C3
A 160 410 10 0 1 0 PINTYPE=BI
A 160 420 10 0 7 3 #=C3
P 988 160 400 140 400 0 3 0
L 138 400 10 0 8 0 0 0 C4
A 160 400 10 0 1 0 PINTYPE=BI
A 160 410 10 0 7 3 #=C4
P 991 160 390 140 390 0 3 0
L 138 390 10 0 8 0 0 0 C5
A 160 390 10 0 1 0 PINTYPE=BI
A 160 400 10 0 7 3 #=C5
P 994 160 380 140 380 0 3 0
L 138 380 10 0 8 0 0 0 C6
A 160 380 10 0 1 0 PINTYPE=BI
A 160 390 10 0 7 3 #=C6
P 997 160 370 140 370 0 3 0
L 138 370 10 0 8 0 0 0 C7
A 160 370 10 0 1 0 PINTYPE=BI
A 160 380 10 0 7 3 #=C7
P 1000 160 360 140 360 0 3 0
L 138 360 10 0 8 0 0 0 C8
A 160 360 10 0 1 0 PINTYPE=BI
A 160 370 10 0 7 3 #=C8
P 1003 160 350 140 350 0 3 0
L 138 350 10 0 8 0 0 0 C9
A 160 350 10 0 1 0 PINTYPE=BI
A 160 360 10 0 7 3 #=C9
P 1006 160 340 140 340 0 3 0
L 138 340 10 0 8 0 0 0 C10
A 160 340 10 0 1 0 PINTYPE=BI
A 160 350 10 0 7 3 #=C10
P 1009 160 330 140 330 0 3 0
L 138 330 10 0 8 0 0 0 C11
A 160 330 10 0 1 0 PINTYPE=BI
A 160 340 10 0 7 3 #=C11
P 1012 160 320 140 320 0 3 0
L 138 320 10 0 8 0 0 0 C12
A 160 320 10 0 1 0 PINTYPE=BI
A 160 330 10 0 7 3 #=C12
P 1015 160 310 140 310 0 3 0
L 138 310 10 0 8 0 0 0 C13
A 160 310 10 0 1 0 PINTYPE=BI
A 160 320 10 0 7 3 #=C13
P 1018 160 300 140 300 0 3 0
L 138 300 10 0 8 0 0 0 C14
A 160 300 10 0 1 0 PINTYPE=BI
A 160 310 10 0 7 3 #=C14
P 1021 160 290 140 290 0 3 0
L 138 290 10 0 8 0 0 0 C15
A 160 290 10 0 1 0 PINTYPE=BI
A 160 300 10 0 7 3 #=C15
P 1024 160 280 140 280 0 3 0
L 138 280 10 0 8 0 0 0 C16
A 160 280 10 0 1 0 PINTYPE=BI
A 160 290 10 0 7 3 #=C16
P 1027 160 270 140 270 0 3 0
L 138 270 10 0 8 0 0 0 C17
A 160 270 10 0 1 0 PINTYPE=BI
A 160 280 10 0 7 3 #=C17
P 1030 160 260 140 260 0 3 0
L 138 260 10 0 8 0 0 0 C18
A 160 260 10 0 1 0 PINTYPE=BI
A 160 270 10 0 7 3 #=C18
P 1033 160 250 140 250 0 3 0
L 138 250 10 0 8 0 0 0 C19
A 160 250 10 0 1 0 PINTYPE=BI
A 160 260 10 0 7 3 #=C19
P 1036 160 240 140 240 0 3 0
L 138 240 10 0 8 0 0 0 C20
A 160 240 10 0 1 0 PINTYPE=BI
A 160 250 10 0 7 3 #=C20
P 1039 160 230 140 230 0 3 0
L 138 230 10 0 8 0 0 0 D1
A 160 230 10 0 1 0 PINTYPE=BI
A 160 240 10 0 7 3 #=D1
P 1042 160 220 140 220 0 3 0
L 138 220 10 0 8 0 0 0 D2
A 160 220 10 0 1 0 PINTYPE=BI
A 160 230 10 0 7 3 #=D2
P 1045 160 210 140 210 0 3 0
L 138 210 10 0 8 0 0 0 D3
A 160 210 10 0 1 0 PINTYPE=BI
A 160 220 10 0 7 3 #=D3
P 1048 160 200 140 200 0 3 0
L 138 200 10 0 8 0 0 0 D4
A 160 200 10 0 1 0 PINTYPE=BI
A 160 210 10 0 7 3 #=D4
P 1051 160 190 140 190 0 3 0
L 138 190 10 0 8 0 0 0 D5
A 160 190 10 0 1 0 PINTYPE=BI
A 160 200 10 0 7 3 #=D5
P 1054 160 180 140 180 0 3 0
L 138 180 10 0 8 0 0 0 D6
A 160 180 10 0 1 0 PINTYPE=BI
A 160 190 10 0 7 3 #=D6
P 1057 160 170 140 170 0 3 0
L 138 170 10 0 8 0 0 0 D7
A 160 170 10 0 1 0 PINTYPE=BI
A 160 180 10 0 7 3 #=D7
P 1060 160 160 140 160 0 3 0
L 138 160 10 0 8 0 0 0 D8
A 160 160 10 0 1 0 PINTYPE=BI
A 160 170 10 0 7 3 #=D8
P 1063 160 150 140 150 0 3 0
L 138 150 10 0 8 0 0 0 D9
A 160 150 10 0 1 0 PINTYPE=BI
A 160 160 10 0 7 3 #=D9
P 1066 160 140 140 140 0 3 0
L 138 140 10 0 8 0 0 0 D10
A 160 140 10 0 1 0 PINTYPE=BI
A 160 150 10 0 7 3 #=D10
P 1069 160 130 140 130 0 3 0
L 138 130 10 0 8 0 0 0 D11
A 160 130 10 0 1 0 PINTYPE=BI
A 160 140 10 0 7 3 #=D11
P 1072 160 120 140 120 0 3 0
L 138 120 10 0 8 0 0 0 D12
A 160 120 10 0 1 0 PINTYPE=BI
A 160 130 10 0 7 3 #=D12
P 1075 160 110 140 110 0 3 0
L 138 110 10 0 8 0 0 0 D13
A 160 110 10 0 1 0 PINTYPE=BI
A 160 120 10 0 7 3 #=D13
P 1078 160 100 140 100 0 3 0
L 138 100 10 0 8 0 0 0 D14
A 160 100 10 0 1 0 PINTYPE=BI
A 160 110 10 0 7 3 #=D14
P 1081 160 90 140 90 0 3 0
L 138 90 10 0 8 0 0 0 D15
A 160 90 10 0 1 0 PINTYPE=BI
A 160 100 10 0 7 3 #=D15
P 1084 160 80 140 80 0 3 0
L 138 80 10 0 8 0 0 0 D16
A 160 80 10 0 1 0 PINTYPE=BI
A 160 90 10 0 7 3 #=D16
P 1087 160 70 140 70 0 3 0
L 138 70 10 0 8 0 0 0 D17
A 160 70 10 0 1 0 PINTYPE=BI
A 160 80 10 0 7 3 #=D17
P 1090 160 60 140 60 0 3 0
L 138 60 10 0 8 0 0 0 D18
A 160 60 10 0 1 0 PINTYPE=BI
A 160 70 10 0 7 3 #=D18
P 1093 160 50 140 50 0 3 0
L 138 50 10 0 8 0 0 0 D19
A 160 50 10 0 1 0 PINTYPE=BI
A 160 60 10 0 7 3 #=D19
P 1096 160 40 140 40 0 3 0
L 138 40 10 0 8 0 0 0 D20
A 160 40 10 0 1 0 PINTYPE=BI
A 160 50 10 0 7 3 #=D20
P 1099 50 470 50 450 0 0 0
L 50 448 10 1 8 0 0 0 P1A
A 50 470 10 0 1 0 PINTYPE=IN
A 40 470 10 1 7 3 #=P1A
P 1102 60 470 60 450 0 0 0
L 60 448 10 1 8 0 0 0 P1B
A 60 470 10 0 1 0 PINTYPE=IN
A 50 470 10 1 7 3 #=P1B
P 1105 70 470 70 450 0 0 0
L 70 448 10 1 8 0 0 0 P1C
A 70 470 10 0 1 0 PINTYPE=IN
A 60 470 10 1 7 3 #=P1C
P 1108 80 470 80 450 0 0 0
L 80 448 10 1 8 0 0 0 P1D
A 80 470 10 0 1 0 PINTYPE=IN
A 70 470 10 1 7 3 #=P1D
P 1111 90 470 90 450 0 0 0
L 90 448 10 1 8 0 0 0 P1E
A 90 470 10 0 1 0 PINTYPE=IN
A 80 470 10 1 7 3 #=P1E
P 1114 100 470 100 450 0 0 0
L 100 448 10 1 8 0 0 0 P1F
A 100 470 10 0 1 0 PINTYPE=IN
A 90 470 10 1 7 3 #=P1F
P 1117 50 0 50 20 0 1 0
L 50 22 10 1 2 0 0 0 P2A
A 50 0 10 0 1 0 PINTYPE=IN
A 40 0 10 1 1 3 #=P2A
P 1120 60 0 60 20 0 1 0
L 60 22 10 1 2 0 0 0 P2B
A 60 0 10 0 1 0 PINTYPE=IN
A 50 0 10 1 1 3 #=P2B
P 1123 70 0 70 20 0 1 0
L 70 22 10 1 2 0 0 0 P2C
A 70 0 10 0 1 0 PINTYPE=IN
A 60 0 10 1 1 3 #=P2C
P 1126 80 0 80 20 0 1 0
L 80 22 10 1 2 0 0 0 P2D
A 80 0 10 0 1 0 PINTYPE=IN
A 70 0 10 1 1 3 #=P2D
P 1129 90 0 90 20 0 1 0
L 90 22 10 1 2 0 0 0 P2E
A 90 0 10 0 1 0 PINTYPE=IN
A 80 0 10 1 1 3 #=P2E
P 1132 100 0 100 20 0 1 0
L 100 22 10 1 2 0 0 0 P2F
A 100 0 10 0 1 0 PINTYPE=IN
A 90 0 10 1 1 3 #=P2F
E 
