V 51
K 49570749290 mpt_08_7s_gtx_mod_low
|R 3:43_12-4-10
Y 1
D 0 0 220 600
Z 10
i 115
U 0 -30 10 0 3 0 MANF_P/N=MPT-08-6.30-01-L-V
U 0 -20 10 0 3 0 MANF=SAMTEC
U 0 -60 10 0 3 0 PARTS=1
U 0 -50 10 0 3 0 LEVEL=STD
U 0 -40 10 0 3 0 DEVICE=SAMTEC_MPT-08
U 0 -10 10 0 3 0 PKG_TYPE=SAMTEC_MPT_08_630_01_L_V
U 25 585 16 0 3 3 REFDES=J?
U 165 585 10 0 6 3 VALUE=SAMTEC_MPT-08
P 72 0 540 20 540 0 2 0
L 30 535 10 0 3 0 0 0 12V_2
A 0 540 10 0 3 0 PINTYPE=IN
A 0 540 10 0 3 3 #=A2
P 73 0 520 20 520 0 2 0
L 30 515 10 0 3 0 0 0 12V_3
A 0 520 10 0 3 0 PINTYPE=IN
A 0 520 10 0 3 3 #=A3
P 74 0 500 20 500 0 2 0
L 30 495 10 0 3 0 0 0 12V_4
A 0 500 10 0 3 0 PINTYPE=IN
A 0 500 10 0 3 3 #=A4
P 76 0 480 20 480 0 2 0
L 30 475 10 0 3 0 0 0 12V_5
A 0 480 10 0 3 0 PINTYPE=IN
A 0 480 10 0 3 3 #=A5
P 75 0 460 20 460 0 2 0
L 30 455 10 0 3 0 0 0 12V_6
A 0 460 10 0 3 0 PINTYPE=IN
A 0 460 10 0 3 3 #=A6
P 68 0 420 20 420 0 2 0
L 30 415 10 0 3 0 0 0 5V_1
A 0 420 10 0 3 0 PINTYPE=IN
A 0 420 10 0 3 3 #=B1
P 77 0 400 20 400 0 2 0
L 30 395 10 0 3 0 0 0 5V_2
A 0 400 10 0 3 0 PINTYPE=IN
A 0 400 10 0 3 3 #=B2
P 78 0 380 20 380 0 2 0
L 30 375 10 0 3 0 0 0 5V_3
A 0 380 10 0 3 0 PINTYPE=IN
A 0 380 10 0 3 3 #=B3
P 81 0 360 20 360 0 2 0
L 30 355 10 0 3 0 0 0 5V_4
A 0 360 10 0 3 0 PINTYPE=IN
A 0 360 10 0 3 3 #=B4
P 80 0 340 20 340 0 2 0
L 30 335 10 0 3 0 0 0 5V_5
A 0 340 10 0 3 0 PINTYPE=IN
A 0 340 10 0 3 3 #=B5
P 79 0 320 20 320 0 2 0
L 30 315 10 0 3 0 0 0 5V_6
A 0 320 10 0 3 0 PINTYPE=IN
A 0 320 10 0 3 3 #=B6
P 69 0 280 20 280 0 2 0
L 25 275 10 0 3 0 0 0 3V3_1
A 0 280 10 0 3 0 PINTYPE=IN
A 0 280 10 0 3 3 #=C1
P 92 0 260 20 260 0 2 0
L 25 255 10 0 3 0 0 0 3V3_2
A 0 260 10 0 3 0 PINTYPE=IN
A 0 260 10 0 3 3 #=C2
P 94 0 240 20 240 0 2 0
L 25 235 10 0 3 0 0 0 3V3_3
A 0 240 10 0 3 0 PINTYPE=IN
A 0 240 10 0 3 3 #=C3
P 93 0 220 20 220 0 2 0
L 25 215 10 0 3 0 0 0 3V3_4
A 0 220 10 0 3 0 PINTYPE=IN
A 0 220 10 0 3 3 #=C4
P 96 0 200 20 200 0 2 0
L 25 195 10 0 3 0 0 0 3V3_5
A 0 200 10 0 3 0 PINTYPE=IN
A 0 200 10 0 3 3 #=C5
P 95 0 180 20 180 0 2 0
L 25 175 10 0 3 0 0 0 3V3_6
A 0 180 10 0 3 0 PINTYPE=IN
A 0 180 10 0 3 3 #=C6
P 113 0 60 20 60 0 2 0
L 25 55 10 0 3 0 0 0 GND_5
A 0 60 10 0 3 0 PINTYPE=IN
A 0 60 10 0 3 3 #=D5
P 115 0 40 20 40 0 2 0
L 25 35 10 0 3 0 0 0 GND_6
A 0 40 10 0 3 0 PINTYPE=IN
A 0 40 10 0 3 3 #=D6
P 110 0 140 20 140 0 2 0
L 25 135 10 0 3 0 0 0 GND_1
A 0 140 10 0 3 0 PINTYPE=IN
A 0 140 10 0 3 3 #=D1
P 111 0 120 20 120 0 2 0
L 25 115 10 0 3 0 0 0 GND_2
A 0 120 10 0 3 0 PINTYPE=IN
A 0 120 10 0 3 3 #=D2
P 112 0 100 20 100 0 2 0
L 25 95 10 0 3 0 0 0 GND_3
A 0 100 10 0 3 0 PINTYPE=IN
A 0 100 10 0 3 3 #=D3
P 114 0 80 20 80 0 2 0
L 25 75 10 0 3 0 0 0 GND_4
A 0 80 10 0 3 0 PINTYPE=IN
A 0 80 10 0 3 3 #=D4
P 60 220 560 200 560 0 3 0
L 155 555 10 0 3 0 0 0 VDD_1
A 240 560 10 0 9 0 PINTYPE=IN
A 220 560 10 0 9 3 #=E1
P 82 220 540 200 540 0 3 0
L 155 535 10 0 3 0 0 0 VDD_2
A 240 540 10 0 9 0 PINTYPE=IN
A 220 540 10 0 9 3 #=E2
P 83 220 520 200 520 0 3 0
L 155 515 10 0 3 0 0 0 VDD_3
A 240 520 10 0 9 0 PINTYPE=IN
A 220 520 10 0 9 3 #=E3
P 86 220 500 200 500 0 3 0
L 155 495 10 0 3 0 0 0 VDD_4
A 240 500 10 0 9 0 PINTYPE=IN
A 220 500 10 0 9 3 #=E4
P 85 220 480 200 480 0 3 0
L 155 475 10 0 3 0 0 0 VDD_5
A 240 480 10 0 9 0 PINTYPE=IN
A 220 480 10 0 9 3 #=E5
P 84 220 460 200 460 0 3 0
L 155 455 10 0 3 0 0 0 VDD_6
A 240 460 10 0 9 0 PINTYPE=IN
A 220 460 10 0 9 3 #=E6
P 34 220 420 200 420 0 3 0
L 155 415 10 0 3 0 0 0 VDDARX_1
A 240 420 10 0 9 0 PINTYPE=IN
A 220 420 10 0 9 3 #=F1
P 87 220 400 200 400 0 3 0
L 155 395 10 0 3 0 0 0 VDDARX_2
A 240 400 10 0 9 0 PINTYPE=IN
A 220 400 10 0 9 3 #=F2
P 88 220 380 200 380 0 3 0
L 155 375 10 0 3 0 0 0 VDDARX_3
A 240 380 10 0 9 0 PINTYPE=IN
A 220 380 10 0 9 3 #=F3
P 91 220 360 200 360 0 3 0
L 155 355 10 0 3 0 0 0 VDDARX_4
A 240 360 10 0 9 0 PINTYPE=IN
A 220 360 10 0 9 3 #=F4
P 90 220 340 200 340 0 3 0
L 155 335 10 0 3 0 0 0 VDDARX_5
A 240 340 10 0 9 0 PINTYPE=IN
A 220 340 10 0 9 3 #=F5
P 89 220 320 200 320 0 3 0
L 155 315 10 0 3 0 0 0 VDDARX_6
A 240 320 10 0 9 0 PINTYPE=IN
A 220 320 10 0 9 3 #=F6
P 109 220 140 200 140 0 3 0
A 225 140 10 0 9 0 PINTYPYE=IN
A 220 140 10 0 9 3 #=H1
L 220 140 10 0 3 0 0 0 VDDA1P8_1
P 107 220 120 200 120 0 3 0
A 225 120 10 0 9 0 PINTYPYE=IN
A 220 120 10 0 9 3 #=H2
L 220 120 10 0 3 0 0 0 VDDA1P8_2
P 108 220 100 200 100 0 3 0
A 225 100 10 0 9 0 PINTYPYE=IN
A 220 100 10 0 9 3 #=H3
L 220 100 10 0 3 0 0 0 VDDA1P8_1-3
P 104 220 80 200 80 0 3 0
A 225 80 10 0 9 0 PINTYPYE=IN
A 220 80 10 0 9 3 #=H4
L 220 80 10 0 3 0 0 0 VDDA1P8_4
P 105 220 60 200 60 0 3 0
A 225 60 10 0 9 0 PINTYPYE=IN
A 220 60 10 0 9 3 #=H5
L 220 60 10 0 3 0 0 0 VDDA1P8_5
P 106 220 40 200 40 0 3 0
A 225 40 10 0 9 0 PINTYPYE=IN
A 220 40 10 0 9 3 #=H6
L 220 40 10 0 3 0 0 0 VDDA1P8_6
P 67 0 560 20 560 0 2 0
L 30 555 10 0 3 0 0 0 12V_1
A 0 560 10 0 3 0 PINTYPE=IN
A 0 560 10 0 3 3 #=A1
P 101 220 220 200 220 0 3 0
A 225 220 10 0 9 0 PINTYPYE=IN
A 220 220 10 0 9 3 #=G4
L 220 220 10 0 3 0 0 0 VTTX_4
P 102 220 200 200 200 0 3 0
A 225 200 10 0 9 0 PINTYPYE=IN
A 220 200 10 0 9 3 #=G5
L 220 200 10 0 3 0 0 0 VTTX_5
P 103 220 180 200 180 0 3 0
A 225 180 10 0 9 0 PINTYPYE=IN
A 220 180 10 0 9 3 #=G6
L 220 180 10 0 3 0 0 0 VTTX_6
P 97 220 280 200 280 0 3 0
A 225 280 10 0 9 0 PINTYPYE=IN
A 220 280 10 0 9 3 #=G1
L 220 280 10 0 3 0 0 0 VTTX_1
P 99 220 260 200 260 0 3 0
A 225 260 10 0 9 0 PINTYPYE=IN
A 220 260 10 0 9 3 #=G2
L 220 260 10 0 3 0 0 0 VTTX_2
P 100 220 240 200 240 0 3 0
A 225 240 10 0 9 0 PINTYPYE=IN
A 220 240 10 0 9 3 #=G3
L 220 240 10 0 3 0 0 0 VTTX_3
l 2 120 310 120 430
l 2 120 430 140 430
l 2 140 310 120 310
l 2 120 450 120 570
l 2 120 450 140 450
l 2 120 570 140 570
l 2 100 310 100 430
l 2 100 430 80 430
l 2 100 450 80 450
l 2 100 310 80 310
l 2 140 290 120 290
l 2 120 170 120 290
l 2 100 170 100 290
l 2 100 290 80 290
l 2 140 170 120 170
l 2 100 170 80 170
l 2 140 150 120 150
l 2 120 30 120 150
l 2 100 30 100 150
l 2 100 150 80 150
l 2 140 30 120 30
l 2 100 30 80 30
l 2 80 570 100 570
l 2 100 450 100 570
T 130 505 10 0 3 MGTAVCC
Q 15 0 0
T 90 505 10 0 9 12V
Q 15 0 0
T 90 365 10 0 9 5V
Q 15 0 0
T 90 225 10 0 9 3.3V
Q 15 0 0
T 90 85 10 0 9 GND
Q 15 0 0
T 130 225 10 0 3 NC
Q 15 0 0
T 130 365 10 0 3 MGTAVTT
Q 15 0 0
b 20 20 200 580
T 110 0 10 0 6 POWER INTERFACE
Q 14 0 0
T 125 85 10 0 3 MGTVCCAUX
Q 15 0 0
T 110 10 10 0 6 7-SERIES GTX LOW-CUR PWR MOD
Q 14 0 0
E
