V 51
K 134025559300 msp430g2855
|R 19:46_4-1-13
Y 1
D 0 0 280 330
Z 10
i 41
U 0 -70 10 0 3 0 DIST_P/N=MSP430G2855IRHA40
U 0 -50 10 0 3 0 MFG_P/N=MSP430G2855IRHA40
U 0 -40 10 0 3 0 MFG=TEXAS INSTRUMENTS
U 0 -30 10 0 3 0 PARTS=1
U 0 -20 10 0 3 0 LEVEL=STD
U 0 -60 10 0 3 0 DIST=DIGIKEY
U 30 310 10 0 3 3 DEVICE=MSP430
U 25 0 16 0 3 3 REFDES=U?
U 210 10 10 0 3 3 PKG_TYPE=VQFN_40
P 34 280 90 260 90 0 3 0
L 230 85 10 0 3 0 1 0 P4_7
A 280 90 10 0 9 0 PINTYPE=OUT
A 275 90 10 0 9 3 #=22
P 36 280 110 260 110 0 3 0
L 230 105 10 0 3 0 1 0 P4_5
A 280 110 10 0 9 0 PINTYPE=OUT
A 275 110 10 0 9 3 #=20
P 39 280 140 260 140 0 3 0
L 230 135 10 0 3 0 1 0 P4_2
A 280 140 10 0 9 0 PINTYPE=OUT
A 275 140 10 0 9 3 #=17
P 26 0 90 20 90 0 2 0
L 30 85 10 0 3 0 1 0 P2_7
A 0 90 37 0 3 0 PINTYPE=IN
A 10 90 10 0 3 3 #=2
P 29 0 120 20 120 0 2 0
L 30 115 10 0 3 0 1 0 P2_4
A 0 120 37 0 3 0 PINTYPE=IN
A 5 120 10 0 3 3 #=28
P 30 0 130 20 130 0 2 0
L 30 125 10 0 3 0 1 0 P2_3
A 0 130 37 0 3 0 PINTYPE=IN
A 5 130 10 0 3 3 #=27
P 31 0 140 20 140 0 2 0
L 30 135 10 0 3 0 1 0 P2_2
A 0 140 37 0 3 0 PINTYPE=IN
A 10 140 10 0 3 3 #=8
P 33 0 160 20 160 0 2 0
L 30 155 10 0 3 0 1 0 P2_0
A 0 160 37 0 3 0 PINTYPE=IN
A 10 160 10 0 3 3 #=6
P 22 280 180 260 180 0 3 0
L 230 175 10 0 3 0 1 0 P3_7
A 280 180 10 0 9 0 PINTYPE=OUT
A 275 180 10 0 9 3 #=26
P 17 0 180 20 180 0 2 0
L 30 175 10 0 3 0 1 0 P1_7
A 0 180 37 0 3 0 PINTYPE=IN
A 5 180 10 0 3 3 #=36
P 18 0 190 20 190 0 2 0
L 30 185 10 0 3 0 1 0 P1_6
A 0 190 37 0 3 0 PINTYPE=IN
A 5 190 10 0 3 3 #=35
P 15 0 200 20 200 0 2 0
L 30 195 10 0 3 0 1 0 P1_5
A 0 200 37 0 3 0 PINTYPE=IN
A 5 200 10 0 3 3 #=34
P 16 0 210 20 210 0 2 0
L 30 205 10 0 3 0 1 0 P1_4
A 0 210 37 0 3 0 PINTYPE=IN
A 5 210 10 0 3 3 #=33
P 13 0 220 20 220 0 2 0
L 30 215 10 0 3 0 1 0 P1_3
A 0 220 37 0 3 0 PINTYPE=IN
A 5 220 10 0 3 3 #=32
P 14 0 230 20 230 0 2 0
L 30 225 10 0 3 0 1 0 P1_2
A 0 230 37 0 3 0 PINTYPE=IN
A 5 230 10 0 3 3 #=31
P 12 0 240 20 240 0 2 0
L 30 235 10 0 3 0 1 0 P1_1
A 0 240 37 0 3 0 PINTYPE=IN
A 5 240 10 0 3 3 #=30
P 11 0 250 20 250 0 2 0
L 30 245 10 0 3 0 1 0 P1_0
A 0 250 37 0 3 0 PINTYPE=IN
A 5 250 10 0 3 3 #=29
P 10 0 280 20 280 0 2 0
L 30 275 10 0 3 0 1 0 RST_NMI
A 0 280 37 0 3 0 PINTYPE=IN
A 10 280 10 0 3 3 #=5
P 6 280 60 260 60 0 3 0
L 215 55 10 0 3 0 1 0 DVSS_01
A 280 60 10 0 9 0 PINTYPE=POWER
A 270 60 10 0 9 3 #=1
P 5 280 270 260 270 0 3 0
L 230 265 10 0 3 0 1 0 AVCC
A 280 270 10 0 9 0 PINTYPE=POWER
A 275 270 10 0 9 3 #=14
P 4 280 280 260 280 0 3 0
L 215 275 10 0 3 0 1 0 DVCC_39
A 280 280 10 0 9 0 PINTYPE=POWER
A 275 280 10 0 9 3 #=39
P 3 280 290 260 290 0 3 0
L 215 285 10 0 3 0 1 0 DVCC_38
A 280 290 10 0 9 0 PINTYPE=POWER
A 275 290 10 0 9 3 #=38
P 8 280 70 260 70 0 3 0
L 230 65 10 0 3 0 1 0 AVSS
A 280 70 10 0 9 0 PINTYPE=POWER
A 275 70 10 0 9 3 #=13
P 1 0 290 20 290 0 2 0
L 30 285 10 0 3 0 1 0 TEST
A 0 290 37 0 3 0 PINTYPE=IN
A 5 290 10 0 3 3 #=37
P 2 280 250 260 250 0 3 0
L 230 245 10 0 3 0 1 0 P3_0
A 280 250 10 0 9 0 PINTYPE=OUT
A 270 250 10 0 9 3 #=9
P 28 0 110 20 110 0 2 0
L 30 105 10 0 3 0 1 0 P2_5
A 0 110 37 0 3 0 PINTYPE=IN
A 5 110 10 0 3 3 #=40
P 27 0 100 20 100 0 2 0
L 30 95 10 0 3 0 1 0 P2_6
A 0 100 37 0 3 0 PINTYPE=IN
A 10 100 10 0 3 3 #=3
P 19 280 240 260 240 0 3 0
L 230 235 10 0 3 0 1 0 P3_1
A 280 240 10 0 9 0 PINTYPE=OUT
A 275 240 10 0 9 3 #=10
P 21 280 220 260 220 0 3 0
L 230 215 10 0 3 0 1 0 P3_3
A 280 220 10 0 9 0 PINTYPE=OUT
A 275 220 10 0 9 3 #=12
P 20 280 230 260 230 0 3 0
L 230 225 10 0 3 0 1 0 P3_2
A 280 230 10 0 9 0 PINTYPE=OUT
A 275 230 10 0 9 3 #=11
P 25 280 210 260 210 0 3 0
L 230 205 10 0 3 0 1 0 P3_4
A 280 210 10 0 9 0 PINTYPE=OUT
A 275 210 10 0 9 3 #=23
P 24 280 200 260 200 0 3 0
L 230 195 10 0 3 0 1 0 P3_5
A 280 200 10 0 9 0 PINTYPE=OUT
A 275 200 10 0 9 3 #=24
P 23 280 190 260 190 0 3 0
L 230 185 10 0 3 0 1 0 P3_6
A 280 190 10 0 9 0 PINTYPE=OUT
A 275 190 10 0 9 3 #=25
P 41 280 160 260 160 0 3 0
L 230 155 10 0 3 0 1 0 P4_0
A 280 160 10 0 9 0 PINTYPE=OUT
A 275 160 10 0 9 3 #=15
P 40 280 150 260 150 0 3 0
L 230 145 10 0 3 0 1 0 P4_1
A 280 150 10 0 9 0 PINTYPE=OUT
A 275 150 10 0 9 3 #=16
P 38 280 130 260 130 0 3 0
L 230 125 10 0 3 0 1 0 P4_3
A 280 130 10 0 9 0 PINTYPE=OUT
A 275 130 10 0 9 3 #=18
P 37 280 120 260 120 0 3 0
L 230 115 10 0 3 0 1 0 P4_4
A 280 120 10 0 9 0 PINTYPE=OUT
A 275 120 10 0 9 3 #=19
P 35 280 100 260 100 0 3 0
L 230 95 10 0 3 0 1 0 P4_6
A 280 100 10 0 9 0 PINTYPE=OUT
A 275 100 10 0 9 3 #=21
P 7 280 50 260 50 0 3 0
L 215 45 10 0 3 0 1 0 DVSS_04
A 280 50 10 0 9 0 PINTYPE=POWER
A 270 50 10 0 9 3 #=4
P 9 280 40 260 40 0 3 0
L 210 35 10 0 3 0 1 0 QFN_EPAD
A 280 40 10 0 9 0 PINTYPE=POWER
A 275 40 10 0 9 3 #=41
P 32 0 150 20 150 0 2 0
L 30 145 10 0 3 0 1 0 P2_1
A 0 150 37 0 3 0 PINTYPE=IN
A 10 150 10 0 3 3 #=7
T 195 215 10 0 3 GPIO
T 195 185 10 0 3 GPIO
T 195 175 10 0 3 GPIO
T 195 85 10 0 3 GPIO
T 195 95 10 0 3 GPIO
T 195 115 10 0 3 GPIO
T 195 135 10 0 3 GPIO
T 60 145 10 0 3 AIN_1
T 60 135 10 0 3 AIN_2
T 60 115 10 0 3 AIN_4
T 60 95 10 0 3 XIN
T 60 85 10 0 3 XOUT
T 60 155 10 0 3 AIN_0
T 200 205 10 0 3 TXD
T 190 245 10 0 3 AIN_5
T 200 235 10 0 3 SDA
T 200 225 10 0 3 SCL
T 60 125 10 0 3 AIN_3
T 200 195 10 0 3 RXD
T 195 105 10 0 3 GPIO
T 195 155 10 0 3 OUT0
T 195 145 10 0 3 OUT1
T 60 245 10 0 3 GPIO
T 195 125 10 0 3 GPIO
T 60 205 10 0 3 TCK
T 60 195 10 0 3 TMS
T 60 185 10 0 3 TDI
T 60 175 10 0 3 TDO
T 60 235 10 0 3 GPIO
T 60 225 10 0 3 GPIO
T 60 215 10 0 3 GPIO
b 20 20 260 310
T 60 105 10 0 3 GPIO
E
