V 53
K 209093544800 msp_fet_idc
F Case
|R 16:26_10-20-09
Y 1
D 0 0 80 180
Z 10
i 197
U 0 -60 10 0 3 0 DIST_P/N=A26269-ND
U 0 -50 10 0 3 0 DIST=DIGI-KEY
U 0 -40 10 0 3 0 MANF=TYCO
U 0 -30 10 0 3 0 MANF_P/N=103308-2
U 0 -20 10 0 3 0 PKG_TYPE=CON_0_100_14
U 0 -10 10 0 3 0 DEVICE=CON_0_100_14
U 5 -75 10 0 3 0 LEVEL=STD
U 5 -95 10 0 3 0 PARTS=1
U 10 165 10 0 3 3 DESCRIPTION1=14-PIN IDC
U -5 175 10 0 3 3 DESCRIPTION2=EMULATION CABLE
U 15 185 10 0 3 3 DESCRIPTION2=TI FLASH
U 30 199 10 0 3 3 REFDES=J?
P 189 80 150 60 150 0 3 0
A 100 150 10 0 3 0 PINTYPE=ANALOG
L 11 145 10 0 3 0 1 0 VCC_DUT
A 65 150 10 0 3 3 #=4
P 147 80 140 60 140 0 3 0
L 8 135 10 0 3 0 1 0 VCC_TOOL
A 100 140 10 0 3 0 PINTYPE=ANALOG
A 65 140 10 0 3 3 #=2
P 151 80 130 60 130 0 3 0
A 65 130 10 0 3 3 #=7
L 22 125 10 0 3 0 1 0 TCK
A 100 130 10 0 3 0 PINTYPE=ANALOG
P 150 80 120 60 120 0 3 0
A 65 120 10 0 3 3 #=5
L 22 115 10 0 3 0 1 0 TMS
A 100 120 10 0 3 0 PINTYPE=BI
P 155 80 110 60 110 0 3 0
A 100 110 10 0 3 0 PINTYPE=ANALOG
L 22 105 10 0 3 0 1 0 TDI
A 65 110 10 0 3 3 #=3
P 152 80 100 60 100 0 3 0
A 65 100 10 0 3 3 #=1
L 22 95 10 0 3 0 1 0 TDO
A 100 100 10 0 3 0 PINTYPE=BI
P 196 80 20 60 20 0 3 0
A 100 20 10 0 3 0 PINTYPE=BI
L 21 15 10 0 3 1 1 0 GND
A 65 20 10 0 3 3 #=9
P 154 80 90 60 90 0 3 0
A 65 90 10 0 3 3 #=6
L 22 85 10 0 3 0 0 0 NC1
A 105 90 10 0 3 0 PINTYPE=BI
P 153 80 80 60 80 0 3 0
A 65 80 10 0 3 3 #=10
L 19 75 10 0 3 0 0 0 NC2
A 100 80 10 0 3 0 PINTYPE=BI
P 197 80 70 60 70 0 3 0
A 65 70 10 0 3 3 #=12
L 19 65 10 0 3 0 0 0 NC3
A 100 70 10 0 3 0 PINTYPE=BI
P 191 80 60 60 60 0 3 0
A 65 60 10 0 3 3 #=13
L 80 55 10 0 3 0 0 0 NC4
A 100 60 10 0 3 0 PINTYPE=BI
P 193 80 50 60 50 0 3 0
A 65 50 10 0 3 3 #=14
L 80 45 10 0 3 0 0 0 NC5
A 100 50 10 0 3 0 PINTYPE=BI
P 195 80 30 60 30 0 3 0
A 100 30 10 0 3 0 PINTYPE=BI
L 17 25 10 0 3 0 1 0 RST_B
A 65 30 10 0 3 3 #=11
P 194 80 40 60 40 0 3 0
A 65 40 10 0 3 3 #=8
L 19 35 10 0 3 0 1 0 TEST
A 105 40 10 0 3 0 PINTYPE=BI
l 2 55 15 60 20
l 2 60 20 55 25
l 2 55 25 60 30
l 2 60 30 55 35
l 2 55 35 60 40
l 2 60 40 55 45
l 2 55 45 60 50
l 2 60 50 55 55
l 2 55 55 60 60
l 2 60 60 55 65
l 2 55 65 60 70
l 2 60 70 55 75
l 2 55 75 60 80
l 2 60 80 55 85
l 2 55 85 60 90
l 2 60 90 55 95
l 2 55 95 60 100
l 2 60 100 55 105
l 2 55 105 60 110
l 2 60 110 55 115
l 2 55 115 60 120
l 2 60 120 55 125
l 2 55 125 60 130
l 2 60 130 55 135
l 2 55 135 60 140
l 2 60 140 55 145
l 2 5 145 0 150
l 2 5 155 0 150
l 2 5 135 0 140
l 2 5 145 0 140
l 2 5 125 0 130
l 2 5 135 0 130
l 2 5 115 0 120
l 2 5 125 0 120
l 2 5 105 0 110
l 2 5 115 0 110
l 2 5 95 0 100
l 2 5 105 0 100
l 2 5 85 0 90
l 2 5 95 0 90
l 2 5 75 0 80
l 2 5 85 0 80
l 2 5 65 0 70
l 2 5 75 0 70
l 2 5 55 0 60
l 2 5 65 0 60
l 2 5 45 0 50
l 2 5 55 0 50
l 2 5 35 0 40
l 2 5 45 0 40
l 2 5 25 0 30
l 2 5 35 0 30
l 2 55 35 5 35
Q 14 0 0
l 2 55 35 5 35
Q 14 0 0
l 2 55 45 5 45
Q 14 0 0
l 2 55 45 5 45
Q 14 0 0
l 2 55 55 5 55
Q 14 0 0
l 2 55 65 5 65
Q 14 0 0
l 2 55 65 5 65
Q 14 0 0
l 2 55 85 5 85
Q 14 0 0
l 2 55 85 5 85
Q 14 0 0
l 2 55 75 5 75
Q 14 0 0
l 2 55 75 5 75
Q 14 0 0
l 2 55 85 5 85
Q 14 0 0
l 2 55 85 5 85
Q 14 0 0
l 2 55 105 5 105
Q 14 0 0
l 2 55 105 5 105
Q 14 0 0
l 2 55 115 5 115
Q 14 0 0
l 2 55 115 5 115
Q 14 0 0
l 2 55 125 5 125
Q 14 0 0
l 2 55 125 5 125
Q 14 0 0
l 2 55 135 5 135
Q 14 0 0
l 2 55 25 5 25
Q 14 0 0
l 2 55 25 5 25
Q 14 0 0
l 2 55 135 5 135
Q 14 0 0
l 2 55 145 5 145
Q 14 0 0
l 2 55 155 5 155
l 2 55 135 5 135
l 2 55 145 5 145
T 36 90 10 0 8 NC
Q 15 0 0
T 36 80 10 0 8 NC
Q 15 0 0
T 36 70 10 0 8 NC
Q 15 0 0
T 36 60 10 0 8 NC
Q 15 0 0
T 36 50 10 0 8 NC
Q 15 0 0
l 2 55 125 5 125
l 2 55 115 5 115
l 2 55 105 5 105
l 2 55 95 5 95
l 2 55 85 5 85
l 2 55 75 5 75
l 2 55 65 5 65
l 2 55 55 5 55
Q 14 0 0
l 2 55 55 5 55
l 2 55 45 5 45
l 2 55 35 5 35
l 2 55 25 5 25
l 2 55 15 5 15
l 2 5 15 0 20
l 2 5 25 0 20
l 2 55 145 60 150
l 2 60 150 55 155
E
