V 51
K 36889042990 mt29f2g08abbeah4
|R 1:30_3-28-12
Y 1
D 0 0 140 390
Z 10
i 109
U 0 -10 10 0 3 0 MANF_P/N=XXXX
U 30 0 16 0 3 3 REFDES=U?
U 75 -55 10 0 9 0 VALUE=MT29F2G08ABBEAH4
U 70 380 10 0 6 3 DEVICE=MT29F
U 85 5 10 0 3 3 PKG_TYPE=TBD
P 1 0 360 20 360 0 2 0
A 20 362 5 0 2 0 PINTYPE=BI
A 15 360 10 0 9 3 #=H4
L 25 360 10 0 2 0 1 0 IO_0
P 2 0 350 20 350 0 2 0
A 20 352 5 0 2 0 PINTYPE=BI
A 15 350 10 0 9 3 #=J4
L 25 350 10 0 2 0 1 0 IO_1
P 3 0 340 20 340 0 2 0
A 20 342 5 0 2 0 PINTYPE=BI
A 15 340 10 0 9 3 #=K4
L 25 340 10 0 2 0 1 0 IO_2
P 4 0 330 20 330 0 2 0
A 20 332 5 0 2 0 PINTYPE=BI
A 15 330 10 0 9 3 #=K5
L 25 330 10 0 2 0 1 0 IO_3
P 5 0 320 20 320 0 2 0
A 20 322 5 0 2 0 PINTYPE=BI
A 15 320 10 0 9 3 #=K6
L 25 320 10 0 2 0 1 0 IO_4
P 6 0 310 20 310 0 2 0
A 20 312 5 0 2 0 PINTYPE=BI
A 15 310 10 0 9 3 #=J7
L 25 310 10 0 2 0 1 0 IO_5
P 7 0 300 20 300 0 2 0
A 20 302 5 0 2 0 PINTYPE=BI
A 15 300 10 0 9 3 #=K7
L 25 300 10 0 2 0 1 0 IO_6
P 8 0 290 20 290 0 2 0
A 15 290 10 0 9 3 #=J8
A 20 292 5 0 2 0 PINTYPE=BI
L 25 290 10 0 2 0 1 0 IO_7
P 17 0 190 20 190 0 2 0
A 20 192 10 0 2 0 PINTYPE=IN
A 15 190 10 0 9 3 #=C8
L 25 190 10 0 2 0 1 0 R/B_B
P 19 0 180 20 180 0 2 0
A 20 182 10 0 2 0 PINTYPE=IN
A 15 180 10 0 9 3 #=D4
L 25 180 10 0 2 0 1 0 RE_B
P 22 0 140 20 140 0 2 0
A 20 142 10 0 2 0 PINTYPE=IN
A 15 140 10 0 9 3 #=C7
L 25 140 10 0 2 0 1 0 WE_B
P 44 140 310 120 310 0 3 0
A 125 310 10 0 3 3 #=C3
A 120 312 10 0 2 0 PINTYPE=IN
L 115 310 10 0 8 0 1 0 WP_B
P 20 0 170 20 170 0 2 0
A 20 172 10 0 2 0 PINTYPE=IN
A 15 170 10 0 9 3 #=C6
L 25 170 10 0 2 0 1 0 CE_B
P 23 0 160 20 160 0 2 0
A 20 162 10 0 2 0 PINTYPE=IN
A 15 160 10 0 9 3 #=D5
L 25 160 10 0 2 0 1 0 CLE
P 24 0 150 20 150 0 2 0
A 20 152 10 0 2 0 PINTYPE=IN
A 15 150 10 0 9 3 #=C4
L 25 150 10 0 2 0 1 0 ALE
P 47 140 280 120 280 0 3 0
A 120 282 10 0 2 0 PINTYPE=IN
A 125 280 10 0 3 3 #=A2
L 115 280 10 0 8 0 0 0 NC2
P 48 140 270 120 270 0 3 0
A 120 272 10 0 2 0 PINTYPE=IN
A 125 270 10 0 3 3 #=A9
L 115 270 10 0 8 0 0 0 NC3
P 49 140 260 120 260 0 3 0
A 120 262 10 0 2 0 PINTYPE=IN
A 125 260 10 0 3 3 #=A10
L 115 260 10 0 8 0 0 0 NC4
P 50 140 250 120 250 0 3 0
A 120 252 10 0 2 0 PINTYPE=IN
A 125 250 10 0 3 3 #=B1
L 115 250 10 0 8 0 0 0 NC5
P 53 140 220 120 220 0 3 0
A 120 222 10 0 2 0 PINTYPE=IN
A 125 220 10 0 3 3 #=D6
L 115 220 10 0 8 0 0 0 NC8
P 87 140 210 120 210 0 3 0
A 120 212 10 0 2 0 PINTYPE=IN
A 125 210 10 0 3 3 #=D7
L 115 210 10 0 8 0 0 0 NC9
P 88 140 200 120 200 0 3 0
A 120 202 10 0 2 0 PINTYPE=IN
A 125 200 10 0 3 3 #=D8
L 115 200 10 0 8 0 0 0 NC10
P 54 140 190 120 190 0 3 0
A 120 192 10 0 2 0 PINTYPE=IN
A 125 190 10 0 3 3 #=E3
L 115 190 10 0 8 0 0 0 NC11
P 56 140 170 120 170 0 3 0
A 120 172 10 0 2 0 PINTYPE=IN
A 125 170 10 0 3 3 #=E5
L 115 170 10 0 8 0 0 0 NC13
P 57 140 160 120 160 0 3 0
A 120 162 10 0 2 0 PINTYPE=IN
A 125 160 10 0 3 3 #=E6
L 115 160 10 0 8 0 0 0 NC14
P 58 140 150 120 150 0 3 0
A 120 152 10 0 2 0 PINTYPE=IN
A 125 150 10 0 3 3 #=E7
L 115 150 10 0 8 0 0 0 NC15
P 73 140 140 120 140 0 3 0
L 115 140 10 0 8 0 0 0 NC16
A 125 140 10 0 3 3 #=E8
A 120 142 10 0 2 0 PINTYPE=IN
P 89 140 130 120 130 0 3 0
A 120 132 10 0 2 0 PINTYPE=IN
A 125 130 10 0 3 3 #=F3
L 115 130 10 0 8 0 0 0 NC17
P 90 140 120 120 120 0 3 0
A 120 122 10 0 2 0 PINTYPE=IN
A 125 120 10 0 3 3 #=F4
L 115 120 10 0 8 0 0 0 NC18
P 91 140 110 120 110 0 3 0
A 120 112 10 0 2 0 PINTYPE=IN
A 125 110 10 0 3 3 #=F5
L 115 110 10 0 8 0 0 0 NC19
P 92 140 100 120 100 0 3 0
L 115 100 10 0 8 0 0 0 NC20
A 125 100 10 0 3 3 #=F6
A 120 102 10 0 2 0 PINTYPE=IN
P 99 140 90 120 90 0 3 0
A 120 92 10 0 2 0 PINTYPE=IN
A 125 90 10 0 3 3 #=F8
L 115 90 10 0 8 0 0 0 NC21
P 100 140 80 120 80 0 3 0
A 120 82 10 0 2 0 PINTYPE=IN
A 125 80 10 0 3 3 #=L1
L 115 80 10 0 8 0 0 0 NC22
P 55 140 180 120 180 0 3 0
A 120 182 10 0 2 0 PINTYPE=IN
A 125 180 10 0 3 3 #=E4
L 115 180 10 0 8 0 0 0 NC12
P 93 0 120 20 120 0 2 0
A 20 122 10 0 2 0 PINTYPE=IN
A 15 120 10 0 9 3 #=L9
L 25 120 10 0 2 0 0 0 NC24
P 95 0 100 20 100 0 2 0
A 20 102 10 0 2 0 PINTYPE=IN
A 15 100 10 0 9 3 #=M1
L 25 100 10 0 2 0 0 0 NC26
P 94 0 110 20 110 0 2 0
A 20 112 10 0 2 0 PINTYPE=IN
A 15 110 10 0 9 3 #=L10
L 25 110 10 0 2 0 0 0 NC25
P 107 0 90 20 90 0 2 0
A 20 92 10 0 2 0 PINTYPE=IN
A 15 90 10 0 9 3 #=M2
L 25 90 10 0 2 0 0 0 NC27
P 106 0 80 20 80 0 2 0
A 20 82 10 0 2 0 PINTYPE=IN
A 15 80 10 0 9 3 #=M9
L 25 80 10 0 2 0 0 0 NC28
P 108 0 45 20 45 0 2 0
A 20 47 10 0 2 0 PINTYPE=IN
A 15 45 10 0 9 3 #=G3
L 110 -95 10 0 2 0 0 0 DNU1
P 26 0 35 20 35 0 2 0
A 20 37 10 0 2 0 PINTYPE=IN
A 15 35 10 0 9 3 #=G8
L 110 -105 10 0 2 0 0 0 DNU2
P 35 140 360 120 360 0 3 0
A 120 362 10 0 2 0 PINTYPE=POWER
A 125 360 10 0 3 3 #=D3
L 115 360 10 0 8 0 0 0 VCC1
P 36 140 350 120 350 0 3 0
A 120 352 10 0 2 0 PINTYPE=POWER
A 125 350 10 0 3 3 #=G4
L 115 350 10 0 8 0 0 0 VCC2
P 37 140 340 120 340 0 3 0
A 120 342 10 0 2 0 PINTYPE=POWER
A 125 340 10 0 3 3 #=H8
L 115 340 10 0 8 0 0 0 VCC3
P 38 140 330 120 330 0 3 0
A 120 332 10 0 2 0 PINTYPE=POWER
A 125 330 10 0 3 3 #=J6
L 115 330 10 0 8 0 0 0 VCC4
P 84 140 55 120 55 0 3 0
L 115 50 10 0 9 0 0 0 GND1
A 125 55 10 0 9 0 PINTYPE=POWER
A 135 55 10 0 9 3 #=C5
P 83 140 45 120 45 0 3 0
L 115 40 10 0 9 0 0 0 GND2
A 125 45 10 0 9 0 PINTYPE=POWER
A 135 45 10 0 9 3 #=F7
P 82 140 35 120 35 0 3 0
L 115 30 10 0 9 0 0 0 GND3
A 125 35 10 0 9 0 PINTYPE=POWER
A 135 35 10 0 9 3 #=K3
P 69 140 25 120 25 0 3 0
L 115 20 10 0 9 0 0 0 GND4
A 125 25 10 0 9 0 PINTYPE=POWER
A 135 25 10 0 9 3 #=K8
P 51 140 240 120 240 0 3 0
A 120 242 10 0 2 0 PINTYPE=IN
A 125 240 10 0 3 3 #=B9
L 115 240 10 0 8 0 0 0 NC6
P 52 140 230 120 230 0 3 0
A 120 232 10 0 2 0 PINTYPE=IN
A 125 230 10 0 3 3 #=B10
L 115 230 10 0 8 0 0 0 NC7
P 46 140 290 120 290 0 3 0
A 120 292 10 0 2 0 PINTYPE=IN
A 125 290 10 0 3 3 #=A1
L 115 290 10 0 8 0 0 0 NC1
P 101 140 70 120 70 0 3 0
L 115 70 10 0 8 0 0 0 NC23
A 125 70 10 0 3 3 #=L2
A 120 72 10 0 2 0 PINTYPE=IN
P 105 0 70 20 70 0 2 0
A 20 72 10 0 2 0 PINTYPE=IN
A 15 70 10 0 9 3 #=M10
L 25 70 10 0 2 0 0 0 NC29
P 74 0 280 20 280 0 2 0
A 20 282 10 0 2 0 PINTYPE=IN
A 15 280 10 0 9 3 #=H3
L 25 280 10 0 2 0 0 0 NC30
P 75 0 270 20 270 0 2 0
A 20 272 10 0 2 0 PINTYPE=IN
A 15 270 10 0 9 3 #=J3
L 25 270 10 0 2 0 0 0 NC31
P 76 0 260 20 260 0 2 0
A 20 262 10 0 2 0 PINTYPE=IN
A 15 260 10 0 9 3 #=H5
L 25 260 10 0 2 0 0 0 NC32
P 77 0 250 20 250 0 2 0
A 20 252 10 0 2 0 PINTYPE=IN
A 15 250 10 0 9 3 #=J5
L 25 250 10 0 2 0 0 0 NC33
P 81 0 240 20 240 0 2 0
A 20 242 10 0 2 0 PINTYPE=IN
A 15 240 10 0 9 3 #=H6
L 25 240 10 0 2 0 0 0 NC34
P 80 0 230 20 230 0 2 0
A 20 232 10 0 2 0 PINTYPE=IN
A 15 230 10 0 9 3 #=G6
L 25 230 10 0 2 0 0 0 NC35
P 79 0 220 20 220 0 2 0
A 20 222 10 0 2 0 PINTYPE=IN
A 15 220 10 0 9 3 #=H7
L 25 220 10 0 2 0 0 0 NC36
P 78 0 210 20 210 0 2 0
A 20 212 10 0 2 0 PINTYPE=IN
A 15 210 10 0 9 3 #=G7
L 25 210 10 0 2 0 0 0 NC37
P 109 0 55 20 55 0 2 0
A 20 57 10 0 2 0 PINTYPE=IN
A 15 55 10 0 9 3 #=G5
L 110 -85 10 0 2 0 0 0 LOCK
T 25 210 10 4 8 NC
Q 15 0 0
T 25 220 10 4 8 NC
Q 15 0 0
T 25 270 10 4 8 NC
Q 15 0 0
T 25 260 10 4 8 NC
Q 15 0 0
T 25 250 10 4 8 NC
Q 15 0 0
T 25 40 10 0 3 DNU
Q 15 0 0
T 115 90 10 0 8 NC
Q 15 0 0
T 115 80 10 0 8 NC
Q 15 0 0
T 115 70 10 0 8 NC
Q 15 0 0
T 115 130 10 0 8 NC
Q 15 0 0
T 115 110 10 0 8 NC
Q 15 0 0
T 115 100 10 0 8 NC
Q 15 0 0
T 115 200 10 0 8 NC
Q 15 0 0
T 115 210 10 0 8 NC
Q 15 0 0
T 115 330 10 0 8 VCC
Q 15 0 0
T 115 340 10 0 8 VCC
Q 15 0 0
T 115 350 10 0 8 VCC
Q 15 0 0
T 115 25 10 0 8 GND
Q 15 0 0
T 115 35 10 0 8 GND
Q 15 0 0
T 115 45 10 0 8 GND
Q 15 0 0
T 115 160 10 0 8 NC
Q 15 0 0
T 115 170 10 0 8 NC
Q 15 0 0
T 115 180 10 0 8 NC
Q 15 0 0
T 115 190 10 0 8 NC
Q 15 0 0
T 115 230 10 0 8 NC
Q 15 0 0
T 115 240 10 0 8 NC
Q 15 0 0
T 115 250 10 0 8 NC
Q 15 0 0
T 115 260 10 0 8 NC
Q 15 0 0
T 115 270 10 0 8 NC
Q 15 0 0
T 115 280 10 0 8 NC
Q 15 0 0
T 115 55 10 0 8 GND
Q 15 0 0
T 115 360 10 0 8 VCC
Q 15 0 0
T 115 220 10 0 8 NC
Q 15 0 0
T 115 290 10 0 8 NC
Q 15 0 0
T 115 150 10 0 8 NC
Q 15 0 0
T 115 140 10 0 8 NC
Q 15 0 0
T 25 30 10 0 3 DNU
Q 15 0 0
T 115 120 10 0 8 NC
Q 15 0 0
T 25 110 10 4 8 NC
Q 15 0 0
T 25 100 10 4 8 NC
Q 15 0 0
T 25 90 10 4 8 NC
Q 15 0 0
T 25 80 10 4 8 NC
Q 15 0 0
T 25 70 10 4 8 NC
Q 15 0 0
T 25 120 10 4 8 NC
Q 15 0 0
T 25 280 10 4 8 NC
Q 15 0 0
T 25 230 10 4 8 NC
Q 15 0 0
T 25 240 10 4 8 NC
Q 15 0 0
b 20 15 120 375
T 25 50 10 0 3 LOCK
Q 15 0 0
E
