V 53
K 1436575501 mt41j128m16ha_125.1
F Case
|R 17:45:1_7-10-15
D 0 430 400 0
Y 1
Z 10
i 159
U 0 -30 10 0 3 0 OWNER=3670
U 0 -60 10 0 3 0 MANF=MICRON
U 0 -20 10 0 3 0 BUILD=ALL
U 0 -10 10 0 3 0 DESC=2GB_DDR3_SDRAM
U 0 -40 10 0 3 0 LEVEL=STD
U 0 -50 10 0 3 0 PARTS=1
U 10 415 16 0 3 3 REFDES=U?
U 125 250 10 0 3 0 DEVICE=MT41J128M16HA_125
U 140 275 10 0 3 3 MANF_P/N=MT41J128M16HA_125IT_D
U 155 260 10 0 3 3 PKG_TYPE=FBGA_DDR3_82P_96P
U 0 0 10 0 1 0 FORWARD_PCB=1
b 20 20 380 410
P 1 0 380 20 380 0 2 0
Q 2 0 0
|GRPHSTL 33280 0 0 1
L 25 380 10 0 2 0 1 0 A0
A 20 385 10 0 2 0 PINTYPE=IN
A 15 390 10 0 7 3 #=N3
P 2 0 370 20 370 0 2 0
Q 2 0 0
|GRPHSTL 33280 0 0 1
L 25 370 10 0 2 0 1 0 A1
A 20 375 10 0 2 0 PINTYPE=IN
A 15 380 10 0 7 3 #=P7
P 3 0 360 20 360 0 2 0
Q 2 0 0
|GRPHSTL 33280 0 0 1
L 25 360 10 0 2 0 1 0 A2
A 20 365 10 0 2 0 PINTYPE=IN
A 15 370 10 0 7 3 #=P3
P 4 0 350 20 350 0 2 0
Q 2 0 0
|GRPHSTL 33280 0 0 1
L 25 350 10 0 2 0 1 0 A3
A 20 355 10 0 2 0 PINTYPE=IN
A 15 360 10 0 7 3 #=N2
P 5 0 340 20 340 0 2 0
Q 2 0 0
|GRPHSTL 33280 0 0 1
L 25 340 10 0 2 0 1 0 A4
A 20 345 10 0 2 0 PINTYPE=IN
A 15 350 10 0 7 3 #=P8
P 6 0 330 20 330 0 2 0
Q 2 0 0
|GRPHSTL 33280 0 0 1
L 25 330 10 0 2 0 1 0 A5
A 20 335 10 0 2 0 PINTYPE=IN
A 15 340 10 0 7 3 #=P2
P 7 0 320 20 320 0 2 0
Q 2 0 0
|GRPHSTL 33280 0 0 1
L 25 320 10 0 2 0 1 0 A6
A 20 325 10 0 2 0 PINTYPE=IN
A 15 330 10 0 7 3 #=R8
P 8 0 310 20 310 0 2 0
Q 2 0 0
|GRPHSTL 33280 0 0 1
L 25 310 10 0 2 0 1 0 A7
A 20 315 10 0 2 0 PINTYPE=IN
A 15 320 10 0 7 3 #=R2
P 9 0 300 20 300 0 2 0
Q 2 0 0
|GRPHSTL 33280 0 0 1
L 25 300 10 0 2 0 1 0 A8
A 20 305 10 0 2 0 PINTYPE=IN
A 15 310 10 0 7 3 #=T8
P 10 0 290 20 290 0 2 0
Q 2 0 0
|GRPHSTL 33280 0 0 1
L 25 290 10 0 2 0 1 0 A9
A 20 295 10 0 2 0 PINTYPE=IN
A 15 300 10 0 7 3 #=R3
P 11 0 280 20 280 0 2 0
Q 2 0 0
|GRPHSTL 33280 0 0 1
L 25 280 10 0 2 0 1 0 A10/AP
A 20 285 10 0 2 0 PINTYPE=IN
A 15 290 10 0 7 3 #=L7
P 12 0 270 20 270 0 2 0
Q 2 0 0
|GRPHSTL 33280 0 0 1
L 25 270 10 0 2 0 1 0 A11
A 20 275 10 0 2 0 PINTYPE=IN
A 15 280 10 0 7 3 #=R7
P 13 0 260 20 260 0 2 0
Q 2 0 0
|GRPHSTL 33280 0 0 1
L 25 260 10 0 2 0 1 0 A12/BC_B
A 20 265 10 0 2 0 PINTYPE=IN
A 15 270 10 0 7 3 #=N7
P 14 0 230 20 230 0 2 0
Q 2 0 0
|GRPHSTL 33280 0 0 1
L 25 230 10 0 2 0 1 0 BA0
A 20 235 10 0 2 0 PINTYPE=IN
A 15 240 10 0 7 3 #=M2
P 15 0 220 20 220 0 2 0
Q 2 0 0
|GRPHSTL 33280 0 0 1
L 25 220 10 0 2 0 1 0 BA1
A 20 225 10 0 2 0 PINTYPE=IN
A 15 230 10 0 7 3 #=N8
P 18 0 190 20 190 0 2 0
Q 2 0 0
|GRPHSTL 33280 0 0 1
L 25 190 10 0 2 0 1 0 WE_B
A 20 195 10 0 2 0 PINTYPE=IN
A 15 200 10 0 7 3 #=L3
P 19 0 180 20 180 0 2 0
Q 2 0 0
|GRPHSTL 33280 0 0 1
L 25 180 10 0 2 0 1 0 RAS_B
A 20 185 10 0 2 0 PINTYPE=IN
A 15 190 10 0 7 3 #=J3
P 20 0 170 20 170 0 2 0
Q 2 0 0
|GRPHSTL 33280 0 0 1
L 25 170 10 0 2 0 1 0 CAS_B
A 20 175 10 0 2 0 PINTYPE=IN
A 15 180 10 0 7 3 #=K3
P 21 0 150 20 150 0 2 0
Q 2 0 0
|GRPHSTL 33280 0 0 1
L 25 150 10 0 2 0 1 0 CK
A 20 155 10 0 2 0 PINTYPE=IN
A 15 160 10 0 7 3 #=J7
P 22 0 140 20 140 0 2 0
Q 2 0 0
|GRPHSTL 33280 0 0 1
L 25 140 10 0 2 0 1 0 CK_B
A 20 145 10 0 2 0 PINTYPE=IN
A 15 150 10 0 7 3 #=K7
P 23 0 130 20 130 0 2 0
Q 2 0 0
|GRPHSTL 33280 0 0 1
L 25 130 10 0 2 0 1 0 CKE
A 20 135 10 0 2 0 PINTYPE=IN
A 15 140 10 0 7 3 #=K9
P 24 0 70 20 70 0 2 0
Q 2 0 0
|GRPHSTL 33280 0 0 1
L 25 70 10 0 2 0 1 0 CS_B
A 20 75 10 0 2 0 PINTYPE=IN
A 15 80 10 0 7 3 #=L2
P 34 400 370 380 370 0 3 0
Q 2 0 0
|GRPHSTL 33280 0 0 1
L 375 370 10 0 8 0 1 0 DQ0
A 380 380 10 0 2 0 PINTYPE=BI
A 395 380 10 0 7 3 #=E3
P 35 400 360 380 360 0 3 0
Q 2 0 0
|GRPHSTL 33280 0 0 1
L 375 360 10 0 8 0 1 0 DQ1
A 380 370 10 0 2 0 PINTYPE=BI
A 395 370 10 0 7 3 #=F7
P 36 400 350 380 350 0 3 0
Q 2 0 0
|GRPHSTL 33280 0 0 1
L 375 350 10 0 8 0 1 0 DQ2
A 380 360 10 0 2 0 PINTYPE=BI
A 395 360 10 0 7 3 #=F2
P 37 400 340 380 340 0 3 0
Q 2 0 0
|GRPHSTL 33280 0 0 1
L 375 340 10 0 8 0 1 0 DQ3
A 380 350 10 0 2 0 PINTYPE=BI
A 395 350 10 0 7 3 #=F8
P 38 400 330 380 330 0 3 0
Q 2 0 0
|GRPHSTL 33280 0 0 1
L 375 330 10 0 8 0 1 0 DQ4
A 380 340 10 0 2 0 PINTYPE=BI
A 395 340 10 0 7 3 #=H3
P 39 400 320 380 320 0 3 0
Q 2 0 0
|GRPHSTL 33280 0 0 1
L 375 320 10 0 8 0 1 0 DQ5
A 380 330 10 0 2 0 PINTYPE=BI
A 395 330 10 0 7 3 #=H8
P 40 400 310 380 310 0 3 0
Q 2 0 0
|GRPHSTL 33280 0 0 1
L 375 310 10 0 8 0 1 0 DQ6
A 380 320 10 0 2 0 PINTYPE=BI
A 395 320 10 0 7 3 #=G2
P 41 400 300 380 300 0 3 0
Q 2 0 0
|GRPHSTL 33280 0 0 1
L 375 300 10 0 8 0 1 0 DQ7
A 380 310 10 0 2 0 PINTYPE=BI
A 395 310 10 0 7 3 #=H7
P 42 400 290 380 290 0 3 0
Q 2 0 0
|GRPHSTL 33280 0 0 1
L 375 290 10 0 8 0 1 0 DQ8
A 380 300 10 0 2 0 PINTYPE=BI
A 395 300 10 0 7 3 #=D7
P 43 400 280 380 280 0 3 0
Q 2 0 0
|GRPHSTL 33280 0 0 1
L 375 280 10 0 8 0 1 0 DQ9
A 380 290 10 0 2 0 PINTYPE=BI
A 395 290 10 0 7 3 #=C3
P 44 400 270 380 270 0 3 0
Q 2 0 0
|GRPHSTL 33280 0 0 1
L 375 270 10 0 8 0 1 0 DQ10
A 380 280 10 0 2 0 PINTYPE=BI
A 395 280 10 0 7 3 #=C8
P 45 400 260 380 260 0 3 0
Q 2 0 0
|GRPHSTL 33280 0 0 1
L 375 260 10 0 8 0 1 0 DQ11
A 380 270 10 0 2 0 PINTYPE=BI
A 395 270 10 0 7 3 #=C2
P 46 400 250 380 250 0 3 0
Q 2 0 0
|GRPHSTL 33280 0 0 1
L 375 250 10 0 8 0 1 0 DQ12
A 380 260 10 0 2 0 PINTYPE=BI
A 395 260 10 0 7 3 #=A7
P 47 400 240 380 240 0 3 0
Q 2 0 0
|GRPHSTL 33280 0 0 1
L 375 240 10 0 8 0 1 0 DQ13
A 380 250 10 0 2 0 PINTYPE=BI
A 395 250 10 0 7 3 #=A2
P 48 400 230 380 230 0 3 0
Q 2 0 0
|GRPHSTL 33280 0 0 1
L 375 230 10 0 8 0 1 0 DQ14
A 380 240 10 0 2 0 PINTYPE=BI
A 395 240 10 0 7 3 #=B8
P 49 400 220 380 220 0 3 0
Q 2 0 0
|GRPHSTL 33280 0 0 1
L 375 220 10 0 8 0 1 0 DQ15
A 380 230 10 0 2 0 PINTYPE=BI
A 395 230 10 0 7 3 #=A3
P 50 400 200 380 200 0 3 0
Q 2 0 0
|GRPHSTL 33280 0 0 1
L 375 200 10 0 8 0 1 0 LDQS
A 395 210 10 0 7 3 #=F3
A 380 210 10 0 2 0 PINTYPE=BI
P 51 400 190 380 190 0 3 0
Q 2 0 0
|GRPHSTL 33280 0 0 1
L 375 190 10 0 8 0 1 0 LDQS_B
A 395 200 10 0 7 3 #=G3
A 380 200 10 0 2 0 PINTYPE=BI
P 62 90 0 90 20 0 1 0
Q 2 0 0
|GRPHSTL 33280 0 0 1
L 90 25 10 1 2 0 1 0 VSSQ1
A 95 20 10 1 2 0 PINTYPE=IN
A 80 15 10 1 7 3 #=B1
P 63 100 0 100 20 0 1 0
Q 2 0 0
|GRPHSTL 33280 0 0 1
L 100 25 10 1 2 0 1 0 VSSQ2
A 105 20 10 1 2 0 PINTYPE=IN
A 90 15 10 1 7 3 #=B9
P 64 110 0 110 20 0 1 0
Q 2 0 0
|GRPHSTL 33280 0 0 1
L 110 25 10 1 2 0 1 0 VSSQ3
A 115 20 10 1 2 0 PINTYPE=IN
A 100 15 10 1 7 3 #=D1
P 65 120 0 120 20 0 1 0
Q 2 0 0
|GRPHSTL 33280 0 0 1
L 120 25 10 1 2 0 1 0 VSSQ4
A 125 20 10 1 2 0 PINTYPE=IN
A 110 15 10 1 7 3 #=D8
P 66 130 0 130 20 0 1 0
Q 2 0 0
|GRPHSTL 33280 0 0 1
L 130 25 10 1 2 0 1 0 VSSQ5
A 135 20 10 1 2 0 PINTYPE=IN
A 120 15 10 1 7 3 #=E2
P 98 80 430 80 410 0 0 0
L 80 370 10 1 2 0 1 0 VREFCA
A 80 410 10 1 1 0 PINTYPE=IN
A 70 415 10 1 1 3 #=M8
P 100 160 430 160 410 0 0 0
L 160 375 10 1 2 0 1 0 VDDQ4
A 160 410 10 1 1 0 PINTYPE=IN
A 150 415 10 1 1 3 #=C9
P 101 150 430 150 410 0 0 0
L 150 375 10 1 2 0 1 0 VDDQ3
A 150 410 10 1 1 0 PINTYPE=IN
A 140 415 10 1 1 3 #=C1
P 102 140 430 140 410 0 0 0
L 140 375 10 1 2 0 1 0 VDDQ2
A 140 410 10 1 1 0 PINTYPE=IN
A 130 415 10 1 1 3 #=A8
P 103 130 430 130 410 0 0 0
L 130 375 10 1 2 0 1 0 VDDQ1
A 130 410 10 1 1 0 PINTYPE=IN
A 120 415 10 1 1 3 #=A1
P 107 170 430 170 410 0 0 0
L 170 375 10 1 2 0 1 0 VDDQ5
A 170 410 10 1 1 0 PINTYPE=IN
A 160 415 10 1 1 3 #=D2
P 108 90 430 90 410 0 0 0
L 90 370 10 1 2 0 1 0 VREFDQ
A 90 410 10 1 1 0 PINTYPE=IN
A 80 415 10 1 1 3 #=H1
P 109 210 430 210 410 0 0 0
L 210 375 10 1 2 0 1 0 VDDQ9
A 210 410 10 1 1 0 PINTYPE=IN
A 200 415 10 1 1 3 #=H9
P 110 200 430 200 410 0 0 0
L 200 375 10 1 2 0 1 0 VDDQ8
A 200 410 10 1 1 0 PINTYPE=IN
A 190 415 10 1 1 3 #=H2
P 111 190 430 190 410 0 0 0
L 190 375 10 1 2 0 1 0 VDDQ7
A 190 410 10 1 1 0 PINTYPE=IN
A 180 415 10 1 1 3 #=F1
P 112 180 430 180 410 0 0 0
L 180 375 10 1 2 0 1 0 VDDQ6
A 180 410 10 1 1 0 PINTYPE=IN
A 170 415 10 1 1 3 #=E9
P 113 250 430 250 410 0 0 0
L 250 380 10 1 2 0 1 0 VDD1
A 250 410 10 1 1 0 PINTYPE=IN
A 240 415 10 1 1 3 #=B2
P 114 260 430 260 410 0 0 0
L 260 380 10 1 2 0 1 0 VDD2
A 260 410 10 1 1 0 PINTYPE=IN
A 250 415 10 1 1 3 #=D9
P 115 270 430 270 410 0 0 0
L 270 380 10 1 2 0 1 0 VDD3
A 270 410 10 1 1 0 PINTYPE=IN
A 260 415 10 1 1 3 #=G7
P 116 280 430 280 410 0 0 0
L 280 380 10 1 2 0 1 0 VDD4
A 280 410 10 1 1 0 PINTYPE=IN
A 270 415 10 1 1 3 #=K2
P 117 290 430 290 410 0 0 0
L 290 380 10 1 2 0 1 0 VDD5
A 290 410 10 1 1 0 PINTYPE=IN
A 280 415 10 1 1 3 #=K8
P 118 300 430 300 410 0 0 0
L 300 380 10 1 2 0 1 0 VDD6
A 300 410 10 1 1 0 PINTYPE=IN
A 290 415 10 1 1 3 #=N1
P 119 310 430 310 410 0 0 0
L 310 380 10 1 2 0 1 0 VDD7
A 310 410 10 1 1 0 PINTYPE=IN
A 300 415 10 1 1 3 #=N9
P 120 320 430 320 410 0 0 0
L 320 380 10 1 2 0 1 0 VDD8
A 320 410 10 1 1 0 PINTYPE=IN
A 310 415 10 1 1 3 #=R1
P 121 330 430 330 410 0 0 0
L 330 380 10 1 2 0 1 0 VDD9
A 330 410 10 1 1 0 PINTYPE=IN
A 320 415 10 1 1 3 #=R9
P 122 170 0 170 20 0 1 0
Q 2 0 0
|GRPHSTL 33280 0 0 1
L 170 25 10 1 2 0 1 0 VSSQ9
A 175 20 10 1 2 0 PINTYPE=IN
A 160 15 10 1 7 3 #=G9
P 123 160 0 160 20 0 1 0
Q 2 0 0
|GRPHSTL 33280 0 0 1
L 160 25 10 1 2 0 1 0 VSSQ8
A 165 20 10 1 2 0 PINTYPE=IN
A 150 15 10 1 7 3 #=G1
P 124 150 0 150 20 0 1 0
Q 2 0 0
|GRPHSTL 33280 0 0 1
L 150 25 10 1 2 0 1 0 VSSQ7
A 155 20 10 1 2 0 PINTYPE=IN
A 140 15 10 1 7 3 #=F9
P 125 140 0 140 20 0 1 0
Q 2 0 0
|GRPHSTL 33280 0 0 1
L 140 25 10 1 2 0 1 0 VSSQ6
A 145 20 10 1 2 0 PINTYPE=IN
A 130 15 10 1 7 3 #=E8
P 126 200 0 200 20 0 1 0
Q 2 0 0
|GRPHSTL 33280 0 0 1
L 200 25 10 1 2 0 1 0 VSS1
A 205 20 10 1 2 0 PINTYPE=IN
A 190 15 10 1 7 3 #=A9
P 127 210 0 210 20 0 1 0
Q 2 0 0
|GRPHSTL 33280 0 0 1
L 210 25 10 1 2 0 1 0 VSS2
A 215 20 10 1 2 0 PINTYPE=IN
A 200 15 10 1 7 3 #=B3
P 128 220 0 220 20 0 1 0
Q 2 0 0
|GRPHSTL 33280 0 0 1
L 220 25 10 1 2 0 1 0 VSS3
A 225 20 10 1 2 0 PINTYPE=IN
A 210 15 10 1 7 3 #=E1
P 129 230 0 230 20 0 1 0
Q 2 0 0
|GRPHSTL 33280 0 0 1
L 230 25 10 1 2 0 1 0 VSS4
A 235 20 10 1 2 0 PINTYPE=IN
A 220 15 10 1 7 3 #=G8
P 130 240 0 240 20 0 1 0
Q 2 0 0
|GRPHSTL 33280 0 0 1
L 240 25 10 1 2 0 1 0 VSS5
A 245 20 10 1 2 0 PINTYPE=IN
A 230 15 10 1 7 3 #=J2
P 131 250 0 250 20 0 1 0
Q 2 0 0
|GRPHSTL 33280 0 0 1
L 250 25 10 1 2 0 1 0 VSS6
A 255 20 10 1 2 0 PINTYPE=IN
A 240 15 10 1 7 3 #=J8
P 132 260 0 260 20 0 1 0
Q 2 0 0
|GRPHSTL 33280 0 0 1
L 260 25 10 1 2 0 1 0 VSS7
A 265 20 10 1 2 0 PINTYPE=IN
A 250 15 10 1 7 3 #=M1
P 133 270 0 270 20 0 1 0
Q 2 0 0
|GRPHSTL 33280 0 0 1
L 270 25 10 1 2 0 1 0 VSS8
A 275 20 10 1 2 0 PINTYPE=IN
A 260 15 10 1 7 3 #=M9
P 134 280 0 280 20 0 1 0
Q 2 0 0
|GRPHSTL 33280 0 0 1
L 280 25 10 1 2 0 1 0 VSS9
A 285 20 10 1 2 0 PINTYPE=IN
A 270 15 10 1 7 3 #=P1
P 135 290 0 290 20 0 1 0
Q 2 0 0
|GRPHSTL 33280 0 0 1
L 290 25 10 1 2 0 1 0 VSS10
A 295 20 10 1 2 0 PINTYPE=IN
A 280 15 10 1 7 3 #=P9
P 136 300 0 300 20 0 1 0
Q 2 0 0
|GRPHSTL 33280 0 0 1
L 300 25 10 1 2 0 1 0 VSS11
A 305 20 10 1 2 0 PINTYPE=IN
A 290 15 10 1 7 3 #=T1
P 137 310 0 310 20 0 1 0
Q 2 0 0
|GRPHSTL 33280 0 0 1
L 310 25 10 1 2 0 1 0 VSS12
A 315 20 10 1 2 0 PINTYPE=IN
A 300 15 10 1 7 3 #=T9
P 138 60 430 60 410 0 0 0
L 60 395 10 1 2 0 1 0 ZQ
A 60 410 10 1 1 0 PINTYPE=IN
A 50 415 10 1 1 3 #=L8
P 142 400 60 380 60 0 3 0
Q 2 0 0
|GRPHSTL 33280 0 0 1
L 375 60 10 0 8 0 1 0 NC5
A 380 70 10 0 2 0 PINTYPE=IN
A 395 70 10 0 7 3 #=M7
P 143 400 70 380 70 0 3 0
Q 2 0 0
|GRPHSTL 33280 0 0 1
L 375 70 10 0 8 0 1 0 NC4
A 380 80 10 0 2 0 PINTYPE=IN
A 395 80 10 0 7 3 #=L9
P 144 400 80 380 80 0 3 0
Q 2 0 0
|GRPHSTL 33280 0 0 1
L 375 80 10 0 8 0 1 0 NC3
A 380 90 10 0 2 0 PINTYPE=IN
A 395 90 10 0 7 3 #=L1
P 145 400 90 380 90 0 3 0
Q 2 0 0
|GRPHSTL 33280 0 0 1
L 375 90 10 0 8 0 1 0 NC2
A 380 100 10 0 2 0 PINTYPE=IN
A 395 100 10 0 7 3 #=J9
P 146 400 100 380 100 0 3 0
Q 2 0 0
|GRPHSTL 33280 0 0 1
L 375 100 10 0 8 0 1 0 NC1
A 380 110 10 0 2 0 PINTYPE=IN
A 395 110 10 0 7 3 #=J1
P 150 400 160 380 160 0 3 0
Q 2 0 0
|GRPHSTL 33280 0 0 1
L 375 160 10 0 8 0 1 0 UDQS_B
A 395 170 10 0 7 3 #=B7
A 380 170 10 0 2 0 PINTYPE=BI
P 151 400 170 380 170 0 3 0
Q 2 0 0
|GRPHSTL 33280 0 0 1
L 375 170 10 0 8 0 1 0 UDQS
A 395 180 10 0 7 3 #=C7
A 380 180 10 0 2 0 PINTYPE=BI
P 152 0 210 20 210 0 2 0
Q 2 0 0
|GRPHSTL 33280 0 0 1
L 25 210 10 0 2 0 1 0 BA2
A 20 215 10 0 2 0 PINTYPE=IN
A 15 220 10 0 7 3 #=M3
P 153 0 90 20 90 0 2 0
Q 2 0 0
|GRPHSTL 33280 0 0 1
L 25 90 10 0 2 0 1 0 ODT
A 20 95 10 0 2 0 PINTYPE=IN
A 15 100 10 0 7 3 #=K1
P 154 0 110 20 110 0 2 0
Q 2 0 0
|GRPHSTL 33280 0 0 1
L 25 110 10 0 2 0 1 0 RESET_B
A 20 115 10 0 2 0 PINTYPE=IN
A 15 120 10 0 7 3 #=T2
P 155 400 140 380 140 0 3 0
L 375 140 10 0 8 0 1 0 LDM
A 395 150 10 0 7 3 #=E7
A 400 140 10 0 9 0 PINTYPE=IN
P 156 400 130 380 130 0 3 0
L 375 130 10 0 8 0 1 0 UDM
A 395 140 10 0 7 3 #=D3
A 400 130 10 0 9 0 PINTYPE=IN
P 157 0 250 20 250 0 2 0
Q 2 0 0
|GRPHSTL 33280 0 0 1
L 25 250 10 0 2 0 1 0 A13
A 20 255 10 0 2 0 PINTYPE=IN
A 15 260 10 0 7 3 #=T3
P 158 400 50 380 50 0 3 0
Q 2 0 0
|GRPHSTL 33280 0 0 1
L 375 50 10 0 8 0 1 0 NC6
A 380 55 10 0 8 0 PINTYPE=IN
A 395 60 10 0 7 3 #=T7
E 
