V 53
K 1397459825 MT43A4G80100NFH-S15_GND2.1
F Case
|R 0:17:5_4-14-14
D 0 1230 230 0
Y 1
Z 10
i 2374
U 0 -25 5 0 3 0 LEVEL=STD
U 0 -20 5 0 3 0 PARTS=1
U 30 -20 16 0 3 3 REFDES=U?
U 155 -15 10 0 3 3 PKG_TYPE=PKG_TYPE
U 15 315 10 0 9 0 VALUE=VALUE
U 35 1220 10 0 3 3 DEVICE=DEVICE
U 15 -15 10 0 1 0 HETERO=(MT43A4G80100NFH-S15_L0),(MT43A4G80100NFH-S15_L1),(MT43A4G80100NFH-S15_L2),(MT43A4G80100NFH-S15_L3),(MT43A4G80100NFH-S15_CNTL),(MT43A4G80100NFH-S15_GND1),(MT43A4G80100NFH-S15_GND2),(MT43A4G80100NFH-S15_PWR),(MT43A4G80100NFH-S15_NC)
U 0 0 10 0 1 0 FORWARD_PCB=1
b 30 0 200 1220
P 1728 0 1210 30 1210 0 2 0
L 35 1210 10 0 2 0 1 0 VSS_R17
A 0 1210 10 0 1 0 PINTYPE=GROUND
A 0 1220 10 0 1 3 #=R17
P 1731 0 1200 30 1200 0 2 0
L 35 1200 10 0 2 0 1 0 VSS_U17
A 0 1200 10 0 1 0 PINTYPE=GROUND
A 0 1210 10 0 1 3 #=U17
P 1734 0 1190 30 1190 0 2 0
L 35 1190 10 0 2 0 1 0 VSS_W17
A 0 1190 10 0 1 0 PINTYPE=GROUND
A 0 1200 10 0 1 3 #=W17
P 1737 0 1180 30 1180 0 2 0
L 35 1180 10 0 2 0 1 0 VSS_AB17
A 0 1180 10 0 1 0 PINTYPE=GROUND
A 0 1190 10 0 1 3 #=AB17
P 1740 0 1170 30 1170 0 2 0
L 35 1170 10 0 2 0 1 0 VSS_AC17
A 0 1170 10 0 1 0 PINTYPE=GROUND
A 0 1180 10 0 1 3 #=AC17
P 1743 0 1160 30 1160 0 2 0
L 35 1160 10 0 2 0 1 0 VSS_AE17
A 0 1160 10 0 1 0 PINTYPE=GROUND
A 0 1170 10 0 1 3 #=AE17
P 1746 0 1150 30 1150 0 2 0
L 35 1150 10 0 2 0 1 0 VSS_AF17
A 0 1150 10 0 1 0 PINTYPE=GROUND
A 0 1160 10 0 1 3 #=AF17
P 1749 0 1140 30 1140 0 2 0
L 35 1140 10 0 2 0 1 0 VSS_AJ17
A 0 1140 10 0 1 0 PINTYPE=GROUND
A 0 1150 10 0 1 3 #=AJ17
P 1752 0 1130 30 1130 0 2 0
L 35 1130 10 0 2 0 1 0 VSS_AK17
A 0 1130 10 0 1 0 PINTYPE=GROUND
A 0 1140 10 0 1 3 #=AK17
P 1755 0 1120 30 1120 0 2 0
L 35 1120 10 0 2 0 1 0 VSS_A18
A 0 1120 10 0 1 0 PINTYPE=GROUND
A 0 1130 10 0 1 3 #=A18
P 1758 0 1110 30 1110 0 2 0
L 35 1110 10 0 2 0 1 0 VSS_D18
A 0 1110 10 0 1 0 PINTYPE=GROUND
A 0 1120 10 0 1 3 #=D18
P 1761 0 1100 30 1100 0 2 0
L 35 1100 10 0 2 0 1 0 VSS_E18
A 0 1100 10 0 1 0 PINTYPE=GROUND
A 0 1110 10 0 1 3 #=E18
P 1764 0 1090 30 1090 0 2 0
L 35 1090 10 0 2 0 1 0 VSS_H18
A 0 1090 10 0 1 0 PINTYPE=GROUND
A 0 1100 10 0 1 3 #=H18
P 1767 0 1080 30 1080 0 2 0
L 35 1080 10 0 2 0 1 0 VSS_J18
A 0 1080 10 0 1 0 PINTYPE=GROUND
A 0 1090 10 0 1 3 #=J18
P 1770 0 1070 30 1070 0 2 0
L 35 1070 10 0 2 0 1 0 VSS_M18
A 0 1070 10 0 1 0 PINTYPE=GROUND
A 0 1080 10 0 1 3 #=M18
P 1773 0 1060 30 1060 0 2 0
L 35 1060 10 0 2 0 1 0 VSS_P18
A 0 1060 10 0 1 0 PINTYPE=GROUND
A 0 1070 10 0 1 3 #=P18
P 1776 0 1050 30 1050 0 2 0
L 35 1050 10 0 2 0 1 0 VSS_T18
A 0 1050 10 0 1 0 PINTYPE=GROUND
A 0 1060 10 0 1 3 #=T18
P 1779 0 1040 30 1040 0 2 0
L 35 1040 10 0 2 0 1 0 VSS_V18
A 0 1040 10 0 1 0 PINTYPE=GROUND
A 0 1050 10 0 1 3 #=V18
P 1782 0 1030 30 1030 0 2 0
L 35 1030 10 0 2 0 1 0 VSS_Y18
A 0 1030 10 0 1 0 PINTYPE=GROUND
A 0 1040 10 0 1 3 #=Y18
P 1785 0 1020 30 1020 0 2 0
L 35 1020 10 0 2 0 1 0 VSS_AC18
A 0 1020 10 0 1 0 PINTYPE=GROUND
A 0 1030 10 0 1 3 #=AC18
P 1788 0 1010 30 1010 0 2 0
L 35 1010 10 0 2 0 1 0 VSS_AF18
A 0 1010 10 0 1 0 PINTYPE=GROUND
A 0 1020 10 0 1 3 #=AF18
P 1791 0 1000 30 1000 0 2 0
L 35 1000 10 0 2 0 1 0 VSS_AG18
A 0 1000 10 0 1 0 PINTYPE=GROUND
A 0 1010 10 0 1 3 #=AG18
P 1794 0 990 30 990 0 2 0
L 35 990 10 0 2 0 1 0 VSS_AK18
A 0 990 10 0 1 0 PINTYPE=GROUND
A 0 1000 10 0 1 3 #=AK18
P 1797 0 980 30 980 0 2 0
L 35 980 10 0 2 0 1 0 VSS_C19
A 0 980 10 0 1 0 PINTYPE=GROUND
A 0 990 10 0 1 3 #=C19
P 1800 0 970 30 970 0 2 0
L 35 970 10 0 2 0 1 0 VSS_D19
A 0 970 10 0 1 0 PINTYPE=GROUND
A 0 980 10 0 1 3 #=D19
P 1803 0 960 30 960 0 2 0
L 35 960 10 0 2 0 1 0 VSS_G19
A 0 960 10 0 1 0 PINTYPE=GROUND
A 0 970 10 0 1 3 #=G19
P 1806 0 950 30 950 0 2 0
L 35 950 10 0 2 0 1 0 VSS_H19
A 0 950 10 0 1 0 PINTYPE=GROUND
A 0 960 10 0 1 3 #=H19
P 1809 0 940 30 940 0 2 0
L 35 940 10 0 2 0 1 0 VSS_J19
A 0 940 10 0 1 0 PINTYPE=GROUND
A 0 950 10 0 1 3 #=J19
P 1812 0 930 30 930 0 2 0
L 35 930 10 0 2 0 1 0 VSS_L19
A 0 930 10 0 1 0 PINTYPE=GROUND
A 0 940 10 0 1 3 #=L19
P 1815 0 920 30 920 0 2 0
L 35 920 10 0 2 0 1 0 VSS_N19
A 0 920 10 0 1 0 PINTYPE=GROUND
A 0 930 10 0 1 3 #=N19
P 1818 0 910 30 910 0 2 0
L 35 910 10 0 2 0 1 0 VSS_R19
A 0 910 10 0 1 0 PINTYPE=GROUND
A 0 920 10 0 1 3 #=R19
P 1821 0 900 30 900 0 2 0
L 35 900 10 0 2 0 1 0 VSS_U19
A 0 900 10 0 1 0 PINTYPE=GROUND
A 0 910 10 0 1 3 #=U19
P 1824 0 890 30 890 0 2 0
L 35 890 10 0 2 0 1 0 VSS_W19
A 0 890 10 0 1 0 PINTYPE=GROUND
A 0 900 10 0 1 3 #=W19
P 1827 0 880 30 880 0 2 0
L 35 880 10 0 2 0 1 0 VSS_AB19
A 0 880 10 0 1 0 PINTYPE=GROUND
A 0 890 10 0 1 3 #=AB19
P 1830 0 870 30 870 0 2 0
L 35 870 10 0 2 0 1 0 VSS_AC19
A 0 870 10 0 1 0 PINTYPE=GROUND
A 0 880 10 0 1 3 #=AC19
P 1833 0 860 30 860 0 2 0
L 35 860 10 0 2 0 1 0 VSS_AD19
A 0 860 10 0 1 0 PINTYPE=GROUND
A 0 870 10 0 1 3 #=AD19
P 1836 0 850 30 850 0 2 0
L 35 850 10 0 2 0 1 0 VSS_AG19
A 0 850 10 0 1 0 PINTYPE=GROUND
A 0 860 10 0 1 3 #=AG19
P 1839 0 840 30 840 0 2 0
L 35 840 10 0 2 0 1 0 VSS_AH19
A 0 840 10 0 1 0 PINTYPE=GROUND
A 0 850 10 0 1 3 #=AH19
P 1842 0 830 30 830 0 2 0
L 35 830 10 0 2 0 1 0 VSS_B20
A 0 830 10 0 1 0 PINTYPE=GROUND
A 0 840 10 0 1 3 #=B20
P 1845 0 820 30 820 0 2 0
L 35 820 10 0 2 0 1 0 VSS_C20
A 0 820 10 0 1 0 PINTYPE=GROUND
A 0 830 10 0 1 3 #=C20
P 1848 0 810 30 810 0 2 0
L 35 810 10 0 2 0 1 0 VSS_F20
A 0 810 10 0 1 0 PINTYPE=GROUND
A 0 820 10 0 1 3 #=F20
P 1851 0 800 30 800 0 2 0
L 35 800 10 0 2 0 1 0 VSS_G20
A 0 800 10 0 1 0 PINTYPE=GROUND
A 0 810 10 0 1 3 #=G20
P 1854 0 790 30 790 0 2 0
L 35 790 10 0 2 0 1 0 VSS_H20
A 0 790 10 0 1 0 PINTYPE=GROUND
A 0 800 10 0 1 3 #=H20
P 1857 0 780 30 780 0 2 0
L 35 780 10 0 2 0 1 0 VSS_K20
A 0 780 10 0 1 0 PINTYPE=GROUND
A 0 790 10 0 1 3 #=K20
P 1860 0 770 30 770 0 2 0
L 35 770 10 0 2 0 1 0 VSS_M20
A 0 770 10 0 1 0 PINTYPE=GROUND
A 0 780 10 0 1 3 #=M20
P 1863 0 760 30 760 0 2 0
L 35 760 10 0 2 0 1 0 VSS_P20
A 0 760 10 0 1 0 PINTYPE=GROUND
A 0 770 10 0 1 3 #=P20
P 1866 0 750 30 750 0 2 0
L 35 750 10 0 2 0 1 0 VSS_T20
A 0 750 10 0 1 0 PINTYPE=GROUND
A 0 760 10 0 1 3 #=T20
P 1869 0 740 30 740 0 2 0
L 35 740 10 0 2 0 1 0 VSS_V20
A 0 740 10 0 1 0 PINTYPE=GROUND
A 0 750 10 0 1 3 #=V20
P 1872 0 730 30 730 0 2 0
L 35 730 10 0 2 0 1 0 VSS_Y20
A 0 730 10 0 1 0 PINTYPE=GROUND
A 0 740 10 0 1 3 #=Y20
P 1875 0 720 30 720 0 2 0
L 35 720 10 0 2 0 1 0 VSS_AC20
A 0 720 10 0 1 0 PINTYPE=GROUND
A 0 730 10 0 1 3 #=AC20
P 1878 0 710 30 710 0 2 0
L 35 710 10 0 2 0 1 0 VSS_AD20
A 0 710 10 0 1 0 PINTYPE=GROUND
A 0 720 10 0 1 3 #=AD20
P 1881 0 700 30 700 0 2 0
L 35 700 10 0 2 0 1 0 VSS_AE20
A 0 700 10 0 1 0 PINTYPE=GROUND
A 0 710 10 0 1 3 #=AE20
P 1884 0 690 30 690 0 2 0
L 35 690 10 0 2 0 1 0 VSS_AH20
A 0 690 10 0 1 0 PINTYPE=GROUND
A 0 700 10 0 1 3 #=AH20
P 1887 0 680 30 680 0 2 0
L 35 680 10 0 2 0 1 0 VSS_AJ20
A 0 680 10 0 1 0 PINTYPE=GROUND
A 0 690 10 0 1 3 #=AJ20
P 1890 0 670 30 670 0 2 0
L 35 670 10 0 2 0 1 0 VSS_A21
A 0 670 10 0 1 0 PINTYPE=GROUND
A 0 680 10 0 1 3 #=A21
P 1893 0 660 30 660 0 2 0
L 35 660 10 0 2 0 1 0 VSS_B21
A 0 660 10 0 1 0 PINTYPE=GROUND
A 0 670 10 0 1 3 #=B21
P 1896 0 650 30 650 0 2 0
L 35 650 10 0 2 0 1 0 VSS_E21
A 0 650 10 0 1 0 PINTYPE=GROUND
A 0 660 10 0 1 3 #=E21
P 1899 0 640 30 640 0 2 0
L 35 640 10 0 2 0 1 0 VSS_F21
A 0 640 10 0 1 0 PINTYPE=GROUND
A 0 650 10 0 1 3 #=F21
P 1902 0 630 30 630 0 2 0
L 35 630 10 0 2 0 1 0 VSS_H21
A 0 630 10 0 1 0 PINTYPE=GROUND
A 0 640 10 0 1 3 #=H21
P 1905 0 620 30 620 0 2 0
L 35 620 10 0 2 0 1 0 VSS_J21
A 0 620 10 0 1 0 PINTYPE=GROUND
A 0 630 10 0 1 3 #=J21
P 1908 0 610 30 610 0 2 0
L 35 610 10 0 2 0 1 0 VSS_L21
A 0 610 10 0 1 0 PINTYPE=GROUND
A 0 620 10 0 1 3 #=L21
P 1911 0 600 30 600 0 2 0
L 35 600 10 0 2 0 1 0 VSS_N21
A 0 600 10 0 1 0 PINTYPE=GROUND
A 0 610 10 0 1 3 #=N21
P 1914 0 590 30 590 0 2 0
L 35 590 10 0 2 0 1 0 VSS_R21
A 0 590 10 0 1 0 PINTYPE=GROUND
A 0 600 10 0 1 3 #=R21
P 1917 0 580 30 580 0 2 0
L 35 580 10 0 2 0 1 0 VSS_U21
A 0 580 10 0 1 0 PINTYPE=GROUND
A 0 590 10 0 1 3 #=U21
P 1920 0 570 30 570 0 2 0
L 35 570 10 0 2 0 1 0 VSS_W21
A 0 570 10 0 1 0 PINTYPE=GROUND
A 0 580 10 0 1 3 #=W21
P 1923 0 560 30 560 0 2 0
L 35 560 10 0 2 0 1 0 VSS_AA21
A 0 560 10 0 1 0 PINTYPE=GROUND
A 0 570 10 0 1 3 #=AA21
P 1926 0 550 30 550 0 2 0
L 35 550 10 0 2 0 1 0 VSS_AC21
A 0 550 10 0 1 0 PINTYPE=GROUND
A 0 560 10 0 1 3 #=AC21
P 1929 0 540 30 540 0 2 0
L 35 540 10 0 2 0 1 0 VSS_AE21
A 0 540 10 0 1 0 PINTYPE=GROUND
A 0 550 10 0 1 3 #=AE21
P 1932 0 530 30 530 0 2 0
L 35 530 10 0 2 0 1 0 VSS_AF21
A 0 530 10 0 1 0 PINTYPE=GROUND
A 0 540 10 0 1 3 #=AF21
P 1935 0 520 30 520 0 2 0
L 35 520 10 0 2 0 1 0 VSS_AJ21
A 0 520 10 0 1 0 PINTYPE=GROUND
A 0 530 10 0 1 3 #=AJ21
P 1938 0 510 30 510 0 2 0
L 35 510 10 0 2 0 1 0 VSS_AK21
A 0 510 10 0 1 0 PINTYPE=GROUND
A 0 520 10 0 1 3 #=AK21
P 1941 0 500 30 500 0 2 0
L 35 500 10 0 2 0 1 0 VSS_A22
A 0 500 10 0 1 0 PINTYPE=GROUND
A 0 510 10 0 1 3 #=A22
P 1944 0 490 30 490 0 2 0
L 35 490 10 0 2 0 1 0 VSS_D22
A 0 490 10 0 1 0 PINTYPE=GROUND
A 0 500 10 0 1 3 #=D22
P 1947 0 480 30 480 0 2 0
L 35 480 10 0 2 0 1 0 VSS_E22
A 0 480 10 0 1 0 PINTYPE=GROUND
A 0 490 10 0 1 3 #=E22
P 1950 0 470 30 470 0 2 0
L 35 470 10 0 2 0 1 0 VSS_H22
A 0 470 10 0 1 0 PINTYPE=GROUND
A 0 480 10 0 1 3 #=H22
P 1953 0 460 30 460 0 2 0
L 35 460 10 0 2 0 1 0 VSS_K22
A 0 460 10 0 1 0 PINTYPE=GROUND
A 0 470 10 0 1 3 #=K22
P 1956 0 450 30 450 0 2 0
L 35 450 10 0 2 0 1 0 VSS_M22
A 0 450 10 0 1 0 PINTYPE=GROUND
A 0 460 10 0 1 3 #=M22
P 1959 0 440 30 440 0 2 0
L 35 440 10 0 2 0 1 0 VSS_P22
A 0 440 10 0 1 0 PINTYPE=GROUND
A 0 450 10 0 1 3 #=P22
P 1962 0 430 30 430 0 2 0
L 35 430 10 0 2 0 1 0 VSS_T22
A 0 430 10 0 1 0 PINTYPE=GROUND
A 0 440 10 0 1 3 #=T22
P 1965 0 420 30 420 0 2 0
L 35 420 10 0 2 0 1 0 VSS_V22
A 0 420 10 0 1 0 PINTYPE=GROUND
A 0 430 10 0 1 3 #=V22
P 1968 0 410 30 410 0 2 0
L 35 410 10 0 2 0 1 0 VSS_Y22
A 0 410 10 0 1 0 PINTYPE=GROUND
A 0 420 10 0 1 3 #=Y22
P 1971 0 400 30 400 0 2 0
L 35 400 10 0 2 0 1 0 VSS_AB22
A 0 400 10 0 1 0 PINTYPE=GROUND
A 0 410 10 0 1 3 #=AB22
P 1974 0 390 30 390 0 2 0
L 35 390 10 0 2 0 1 0 VSS_AC22
A 0 390 10 0 1 0 PINTYPE=GROUND
A 0 400 10 0 1 3 #=AC22
P 1977 0 380 30 380 0 2 0
L 35 380 10 0 2 0 1 0 VSS_AF22
A 0 380 10 0 1 0 PINTYPE=GROUND
A 0 390 10 0 1 3 #=AF22
P 1980 0 370 30 370 0 2 0
L 35 370 10 0 2 0 1 0 VSS_AG22
A 0 370 10 0 1 0 PINTYPE=GROUND
A 0 380 10 0 1 3 #=AG22
P 1983 0 360 30 360 0 2 0
L 35 360 10 0 2 0 1 0 VSS_AK22
A 0 360 10 0 1 0 PINTYPE=GROUND
A 0 370 10 0 1 3 #=AK22
P 1986 0 350 30 350 0 2 0
L 35 350 10 0 2 0 1 0 VSS_C23
A 0 350 10 0 1 0 PINTYPE=GROUND
A 0 360 10 0 1 3 #=C23
P 1989 0 340 30 340 0 2 0
L 35 340 10 0 2 0 1 0 VSS_D23
A 0 340 10 0 1 0 PINTYPE=GROUND
A 0 350 10 0 1 3 #=D23
P 1992 0 330 30 330 0 2 0
L 35 330 10 0 2 0 1 0 VSS_G23
A 0 330 10 0 1 0 PINTYPE=GROUND
A 0 340 10 0 1 3 #=G23
P 1995 0 320 30 320 0 2 0
L 35 320 10 0 2 0 1 0 VSS_H23
A 0 320 10 0 1 0 PINTYPE=GROUND
A 0 330 10 0 1 3 #=H23
P 1998 0 310 30 310 0 2 0
L 35 310 10 0 2 0 1 0 VSS_J23
A 0 310 10 0 1 0 PINTYPE=GROUND
A 0 320 10 0 1 3 #=J23
P 2001 0 300 30 300 0 2 0
L 35 300 10 0 2 0 1 0 VSS_L23
A 0 300 10 0 1 0 PINTYPE=GROUND
A 0 310 10 0 1 3 #=L23
P 2004 0 290 30 290 0 2 0
L 35 290 10 0 2 0 1 0 VSS_N23
A 0 290 10 0 1 0 PINTYPE=GROUND
A 0 300 10 0 1 3 #=N23
P 2007 0 280 30 280 0 2 0
L 35 280 10 0 2 0 1 0 VSS_R23
A 0 280 10 0 1 0 PINTYPE=GROUND
A 0 290 10 0 1 3 #=R23
P 2010 0 270 30 270 0 2 0
L 35 270 10 0 2 0 1 0 VSS_U23
A 0 270 10 0 1 0 PINTYPE=GROUND
A 0 280 10 0 1 3 #=U23
P 2013 0 260 30 260 0 2 0
L 35 260 10 0 2 0 1 0 VSS_W23
A 0 260 10 0 1 0 PINTYPE=GROUND
A 0 270 10 0 1 3 #=W23
P 2016 0 250 30 250 0 2 0
L 35 250 10 0 2 0 1 0 VSS_AA23
A 0 250 10 0 1 0 PINTYPE=GROUND
A 0 260 10 0 1 3 #=AA23
P 2019 0 240 30 240 0 2 0
L 35 240 10 0 2 0 1 0 VSS_AC23
A 0 240 10 0 1 0 PINTYPE=GROUND
A 0 250 10 0 1 3 #=AC23
P 2022 0 230 30 230 0 2 0
L 35 230 10 0 2 0 1 0 VSS_AD23
A 0 230 10 0 1 0 PINTYPE=GROUND
A 0 240 10 0 1 3 #=AD23
P 2025 0 220 30 220 0 2 0
L 35 220 10 0 2 0 1 0 VSS_AG23
A 0 220 10 0 1 0 PINTYPE=GROUND
A 0 230 10 0 1 3 #=AG23
P 2028 0 210 30 210 0 2 0
L 35 210 10 0 2 0 1 0 VSS_AH23
A 0 210 10 0 1 0 PINTYPE=GROUND
A 0 220 10 0 1 3 #=AH23
P 2031 0 200 30 200 0 2 0
L 35 200 10 0 2 0 1 0 VSS_B24
A 0 200 10 0 1 0 PINTYPE=GROUND
A 0 210 10 0 1 3 #=B24
P 2034 0 190 30 190 0 2 0
L 35 190 10 0 2 0 1 0 VSS_F24
A 0 190 10 0 1 0 PINTYPE=GROUND
A 0 200 10 0 1 3 #=F24
P 2037 0 180 30 180 0 2 0
L 35 180 10 0 2 0 1 0 VSS_G24
A 0 180 10 0 1 0 PINTYPE=GROUND
A 0 190 10 0 1 3 #=G24
P 2040 0 170 30 170 0 2 0
L 35 170 10 0 2 0 1 0 VSS_J24
A 0 170 10 0 1 0 PINTYPE=GROUND
A 0 180 10 0 1 3 #=J24
P 2043 0 160 30 160 0 2 0
L 35 160 10 0 2 0 1 0 VSS_K24
A 0 160 10 0 1 0 PINTYPE=GROUND
A 0 170 10 0 1 3 #=K24
P 2046 0 150 30 150 0 2 0
L 35 150 10 0 2 0 1 0 VSS_L24
A 0 150 10 0 1 0 PINTYPE=GROUND
A 0 160 10 0 1 3 #=L24
P 2049 0 140 30 140 0 2 0
L 35 140 10 0 2 0 1 0 VSS_W24
A 0 140 10 0 1 0 PINTYPE=GROUND
A 0 150 10 0 1 3 #=W24
P 2052 0 130 30 130 0 2 0
L 35 130 10 0 2 0 1 0 VSS_Y24
A 0 130 10 0 1 0 PINTYPE=GROUND
A 0 140 10 0 1 3 #=Y24
P 2055 0 120 30 120 0 2 0
L 35 120 10 0 2 0 1 0 VSS_AA24
A 0 120 10 0 1 0 PINTYPE=GROUND
A 0 130 10 0 1 3 #=AA24
P 2058 0 110 30 110 0 2 0
L 35 110 10 0 2 0 1 0 VSS_AB24
A 0 110 10 0 1 0 PINTYPE=GROUND
A 0 120 10 0 1 3 #=AB24
P 2061 0 100 30 100 0 2 0
L 35 100 10 0 2 0 1 0 VSS_AD24
A 0 100 10 0 1 0 PINTYPE=GROUND
A 0 110 10 0 1 3 #=AD24
P 2064 0 90 30 90 0 2 0
L 35 90 10 0 2 0 1 0 VSS_AE24
A 0 90 10 0 1 0 PINTYPE=GROUND
A 0 100 10 0 1 3 #=AE24
P 2067 0 80 30 80 0 2 0
L 35 80 10 0 2 0 1 0 VSS_AJ24
A 0 80 10 0 1 0 PINTYPE=GROUND
A 0 90 10 0 1 3 #=AJ24
P 2070 0 70 30 70 0 2 0
L 35 70 10 0 2 0 1 0 VSS_A25
A 0 70 10 0 1 0 PINTYPE=GROUND
A 0 80 10 0 1 3 #=A25
P 2073 0 60 30 60 0 2 0
L 35 60 10 0 2 0 1 0 VSS_B25
A 0 60 10 0 1 0 PINTYPE=GROUND
A 0 70 10 0 1 3 #=B25
P 2076 0 50 30 50 0 2 0
L 35 50 10 0 2 0 1 0 VSS_E25
A 0 50 10 0 1 0 PINTYPE=GROUND
A 0 60 10 0 1 3 #=E25
P 2079 0 40 30 40 0 2 0
L 35 40 10 0 2 0 1 0 VSS_F25
A 0 40 10 0 1 0 PINTYPE=GROUND
A 0 50 10 0 1 3 #=F25
P 2082 0 30 30 30 0 2 0
L 35 30 10 0 2 0 1 0 VSS_J25
A 0 30 10 0 1 0 PINTYPE=GROUND
A 0 40 10 0 1 3 #=J25
P 2085 230 1210 200 1210 0 3 0
L 195 1210 10 0 8 0 1 0 VSS_K25
A 230 1210 10 0 1 0 PINTYPE=GROUND
A 230 1220 10 0 7 3 #=K25
P 2088 230 1200 200 1200 0 3 0
L 195 1200 10 0 8 0 1 0 VSS_M25
A 230 1200 10 0 1 0 PINTYPE=GROUND
A 230 1210 10 0 7 3 #=M25
P 2091 230 1190 200 1190 0 3 0
L 195 1190 10 0 8 0 1 0 VSS_R25
A 230 1190 10 0 1 0 PINTYPE=GROUND
A 230 1200 10 0 7 3 #=R25
P 2094 230 1180 200 1180 0 3 0
L 195 1180 10 0 8 0 1 0 VSS_U25
A 230 1180 10 0 1 0 PINTYPE=GROUND
A 230 1190 10 0 7 3 #=U25
P 2097 230 1170 200 1170 0 3 0
L 195 1170 10 0 8 0 1 0 VSS_W25
A 230 1170 10 0 1 0 PINTYPE=GROUND
A 230 1180 10 0 7 3 #=W25
P 2100 230 1160 200 1160 0 3 0
L 195 1160 10 0 8 0 1 0 VSS_AA25
A 230 1160 10 0 1 0 PINTYPE=GROUND
A 230 1170 10 0 7 3 #=AA25
P 2103 230 1150 200 1150 0 3 0
L 195 1150 10 0 8 0 1 0 VSS_AB25
A 230 1150 10 0 1 0 PINTYPE=GROUND
A 230 1160 10 0 7 3 #=AB25
P 2106 230 1140 200 1140 0 3 0
L 195 1140 10 0 8 0 1 0 VSS_AE25
A 230 1140 10 0 1 0 PINTYPE=GROUND
A 230 1150 10 0 7 3 #=AE25
P 2109 230 1130 200 1130 0 3 0
L 195 1130 10 0 8 0 1 0 VSS_AF25
A 230 1130 10 0 1 0 PINTYPE=GROUND
A 230 1140 10 0 7 3 #=AF25
P 2112 230 1120 200 1120 0 3 0
L 195 1120 10 0 8 0 1 0 VSS_AJ25
A 230 1120 10 0 1 0 PINTYPE=GROUND
A 230 1130 10 0 7 3 #=AJ25
P 2115 230 1110 200 1110 0 3 0
L 195 1110 10 0 8 0 1 0 VSS_AK25
A 230 1110 10 0 1 0 PINTYPE=GROUND
A 230 1120 10 0 7 3 #=AK25
P 2118 230 1100 200 1100 0 3 0
L 195 1100 10 0 8 0 1 0 VSS_A26
A 230 1100 10 0 1 0 PINTYPE=GROUND
A 230 1110 10 0 7 3 #=A26
P 2121 230 1090 200 1090 0 3 0
L 195 1090 10 0 8 0 1 0 VSS_D26
A 230 1090 10 0 1 0 PINTYPE=GROUND
A 230 1100 10 0 7 3 #=D26
P 2124 230 1080 200 1080 0 3 0
L 195 1080 10 0 8 0 1 0 VSS_E26
A 230 1080 10 0 1 0 PINTYPE=GROUND
A 230 1090 10 0 7 3 #=E26
P 2127 230 1070 200 1070 0 3 0
L 195 1070 10 0 8 0 1 0 VSS_H26
A 230 1070 10 0 1 0 PINTYPE=GROUND
A 230 1080 10 0 7 3 #=H26
P 2130 230 1060 200 1060 0 3 0
L 195 1060 10 0 8 0 1 0 VSS_J26
A 230 1060 10 0 1 0 PINTYPE=GROUND
A 230 1070 10 0 7 3 #=J26
P 2133 230 1050 200 1050 0 3 0
L 195 1050 10 0 8 0 1 0 VSS_M26
A 230 1050 10 0 1 0 PINTYPE=GROUND
A 230 1060 10 0 7 3 #=M26
P 2136 230 1040 200 1040 0 3 0
L 195 1040 10 0 8 0 1 0 VSS_N26
A 230 1040 10 0 1 0 PINTYPE=GROUND
A 230 1050 10 0 7 3 #=N26
P 2139 230 1030 200 1030 0 3 0
L 195 1030 10 0 8 0 1 0 VSS_V26
A 230 1030 10 0 1 0 PINTYPE=GROUND
A 230 1040 10 0 7 3 #=V26
P 2142 230 1020 200 1020 0 3 0
L 195 1020 10 0 8 0 1 0 VSS_W26
A 230 1020 10 0 1 0 PINTYPE=GROUND
A 230 1030 10 0 7 3 #=W26
P 2145 230 1010 200 1010 0 3 0
L 195 1010 10 0 8 0 1 0 VSS_AB26
A 230 1010 10 0 1 0 PINTYPE=GROUND
A 230 1020 10 0 7 3 #=AB26
P 2148 230 1000 200 1000 0 3 0
L 195 1000 10 0 8 0 1 0 VSS_AC26
A 230 1000 10 0 1 0 PINTYPE=GROUND
A 230 1010 10 0 7 3 #=AC26
P 2151 230 990 200 990 0 3 0
L 195 990 10 0 8 0 1 0 VSS_AF26
A 230 990 10 0 1 0 PINTYPE=GROUND
A 230 1000 10 0 7 3 #=AF26
P 2154 230 980 200 980 0 3 0
L 195 980 10 0 8 0 1 0 VSS_AG26
A 230 980 10 0 1 0 PINTYPE=GROUND
A 230 990 10 0 7 3 #=AG26
P 2157 230 970 200 970 0 3 0
L 195 970 10 0 8 0 1 0 VSS_AK26
A 230 970 10 0 1 0 PINTYPE=GROUND
A 230 980 10 0 7 3 #=AK26
P 2160 230 960 200 960 0 3 0
L 195 960 10 0 8 0 1 0 VSS_C27
A 230 960 10 0 1 0 PINTYPE=GROUND
A 230 970 10 0 7 3 #=C27
P 2163 230 950 200 950 0 3 0
L 195 950 10 0 8 0 1 0 VSS_D27
A 230 950 10 0 1 0 PINTYPE=GROUND
A 230 960 10 0 7 3 #=D27
P 2166 230 940 200 940 0 3 0
L 195 940 10 0 8 0 1 0 VSS_G27
A 230 940 10 0 1 0 PINTYPE=GROUND
A 230 950 10 0 7 3 #=G27
P 2169 230 930 200 930 0 3 0
L 195 930 10 0 8 0 1 0 VSS_H27
A 230 930 10 0 1 0 PINTYPE=GROUND
A 230 940 10 0 7 3 #=H27
P 2172 230 920 200 920 0 3 0
L 195 920 10 0 8 0 1 0 VSS_L27
A 230 920 10 0 1 0 PINTYPE=GROUND
A 230 930 10 0 7 3 #=L27
P 2175 230 910 200 910 0 3 0
L 195 910 10 0 8 0 1 0 VSS_N27
A 230 910 10 0 1 0 PINTYPE=GROUND
A 230 920 10 0 7 3 #=N27
P 2178 230 900 200 900 0 3 0
L 195 900 10 0 8 0 1 0 VSS_T27
A 230 900 10 0 1 0 PINTYPE=GROUND
A 230 910 10 0 7 3 #=T27
P 2181 230 890 200 890 0 3 0
L 195 890 10 0 8 0 1 0 VSS_V27
A 230 890 10 0 1 0 PINTYPE=GROUND
A 230 900 10 0 7 3 #=V27
P 2184 230 880 200 880 0 3 0
L 195 880 10 0 8 0 1 0 VSS_Y27
A 230 880 10 0 1 0 PINTYPE=GROUND
A 230 890 10 0 7 3 #=Y27
P 2187 230 870 200 870 0 3 0
L 195 870 10 0 8 0 1 0 VSS_AC27
A 230 870 10 0 1 0 PINTYPE=GROUND
A 230 880 10 0 7 3 #=AC27
P 2190 230 860 200 860 0 3 0
L 195 860 10 0 8 0 1 0 VSS_AD27
A 230 860 10 0 1 0 PINTYPE=GROUND
A 230 870 10 0 7 3 #=AD27
P 2193 230 850 200 850 0 3 0
L 195 850 10 0 8 0 1 0 VSS_AG27
A 230 850 10 0 1 0 PINTYPE=GROUND
A 230 860 10 0 7 3 #=AG27
P 2196 230 840 200 840 0 3 0
L 195 840 10 0 8 0 1 0 VSS_AH27
A 230 840 10 0 1 0 PINTYPE=GROUND
A 230 850 10 0 7 3 #=AH27
P 2199 230 830 200 830 0 3 0
L 195 830 10 0 8 0 1 0 VSS_B28
A 230 830 10 0 1 0 PINTYPE=GROUND
A 230 840 10 0 7 3 #=B28
P 2202 230 820 200 820 0 3 0
L 195 820 10 0 8 0 1 0 VSS_C28
A 230 820 10 0 1 0 PINTYPE=GROUND
A 230 830 10 0 7 3 #=C28
P 2205 230 810 200 810 0 3 0
L 195 810 10 0 8 0 1 0 VSS_F28
A 230 810 10 0 1 0 PINTYPE=GROUND
A 230 820 10 0 7 3 #=F28
P 2208 230 800 200 800 0 3 0
L 195 800 10 0 8 0 1 0 VSS_G28
A 230 800 10 0 1 0 PINTYPE=GROUND
A 230 810 10 0 7 3 #=G28
P 2211 230 790 200 790 0 3 0
L 195 790 10 0 8 0 1 0 VSS_K28
A 230 790 10 0 1 0 PINTYPE=GROUND
A 230 800 10 0 7 3 #=K28
P 2214 230 780 200 780 0 3 0
L 195 780 10 0 8 0 1 0 VSS_L28
A 230 780 10 0 1 0 PINTYPE=GROUND
A 230 790 10 0 7 3 #=L28
P 2217 230 770 200 770 0 3 0
L 195 770 10 0 8 0 1 0 VSS_N28
A 230 770 10 0 1 0 PINTYPE=GROUND
A 230 780 10 0 7 3 #=N28
P 2220 230 760 200 760 0 3 0
L 195 760 10 0 8 0 1 0 VSS_V28
A 230 760 10 0 1 0 PINTYPE=GROUND
A 230 770 10 0 7 3 #=V28
P 2223 230 750 200 750 0 3 0
L 195 750 10 0 8 0 1 0 VSS_Y28
A 230 750 10 0 1 0 PINTYPE=GROUND
A 230 760 10 0 7 3 #=Y28
P 2226 230 740 200 740 0 3 0
L 195 740 10 0 8 0 1 0 VSS_AA28
A 230 740 10 0 1 0 PINTYPE=GROUND
A 230 750 10 0 7 3 #=AA28
P 2229 230 730 200 730 0 3 0
L 195 730 10 0 8 0 1 0 VSS_AD28
A 230 730 10 0 1 0 PINTYPE=GROUND
A 230 740 10 0 7 3 #=AD28
P 2232 230 720 200 720 0 3 0
L 195 720 10 0 8 0 1 0 VSS_AE28
A 230 720 10 0 1 0 PINTYPE=GROUND
A 230 730 10 0 7 3 #=AE28
P 2235 230 710 200 710 0 3 0
L 195 710 10 0 8 0 1 0 VSS_AH28
A 230 710 10 0 1 0 PINTYPE=GROUND
A 230 720 10 0 7 3 #=AH28
P 2238 230 700 200 700 0 3 0
L 195 700 10 0 8 0 1 0 VSS_AJ28
A 230 700 10 0 1 0 PINTYPE=GROUND
A 230 710 10 0 7 3 #=AJ28
P 2241 230 690 200 690 0 3 0
L 195 690 10 0 8 0 1 0 VSS_A29
A 230 690 10 0 1 0 PINTYPE=GROUND
A 230 700 10 0 7 3 #=A29
P 2244 230 680 200 680 0 3 0
L 195 680 10 0 8 0 1 0 VSS_B29
A 230 680 10 0 1 0 PINTYPE=GROUND
A 230 690 10 0 7 3 #=B29
P 2247 230 670 200 670 0 3 0
L 195 670 10 0 8 0 1 0 VSS_E29
A 230 670 10 0 1 0 PINTYPE=GROUND
A 230 680 10 0 7 3 #=E29
P 2250 230 660 200 660 0 3 0
L 195 660 10 0 8 0 1 0 VSS_F29
A 230 660 10 0 1 0 PINTYPE=GROUND
A 230 670 10 0 7 3 #=F29
P 2253 230 650 200 650 0 3 0
L 195 650 10 0 8 0 1 0 VSS_J29
A 230 650 10 0 1 0 PINTYPE=GROUND
A 230 660 10 0 7 3 #=J29
P 2256 230 640 200 640 0 3 0
L 195 640 10 0 8 0 1 0 VSS_K29
A 230 640 10 0 1 0 PINTYPE=GROUND
A 230 650 10 0 7 3 #=K29
P 2259 230 630 200 630 0 3 0
L 195 630 10 0 8 0 1 0 VSS_M29
A 230 630 10 0 1 0 PINTYPE=GROUND
A 230 640 10 0 7 3 #=M29
P 2262 230 620 200 620 0 3 0
L 195 620 10 0 8 0 1 0 VSS_N29
A 230 620 10 0 1 0 PINTYPE=GROUND
A 230 630 10 0 7 3 #=N29
P 2265 230 610 200 610 0 3 0
L 195 610 10 0 8 0 1 0 VSS_R29
A 230 610 10 0 1 0 PINTYPE=GROUND
A 230 620 10 0 7 3 #=R29
P 2268 230 600 200 600 0 3 0
L 195 600 10 0 8 0 1 0 VSS_T29
A 230 600 10 0 1 0 PINTYPE=GROUND
A 230 610 10 0 7 3 #=T29
P 2271 230 590 200 590 0 3 0
L 195 590 10 0 8 0 1 0 VSS_V29
A 230 590 10 0 1 0 PINTYPE=GROUND
A 230 600 10 0 7 3 #=V29
P 2274 230 580 200 580 0 3 0
L 195 580 10 0 8 0 1 0 VSS_W29
A 230 580 10 0 1 0 PINTYPE=GROUND
A 230 590 10 0 7 3 #=W29
P 2277 230 570 200 570 0 3 0
L 195 570 10 0 8 0 1 0 VSS_AA29
A 230 570 10 0 1 0 PINTYPE=GROUND
A 230 580 10 0 7 3 #=AA29
P 2280 230 560 200 560 0 3 0
L 195 560 10 0 8 0 1 0 VSS_AB29
A 230 560 10 0 1 0 PINTYPE=GROUND
A 230 570 10 0 7 3 #=AB29
P 2283 230 550 200 550 0 3 0
L 195 550 10 0 8 0 1 0 VSS_AE29
A 230 550 10 0 1 0 PINTYPE=GROUND
A 230 560 10 0 7 3 #=AE29
P 2286 230 540 200 540 0 3 0
L 195 540 10 0 8 0 1 0 VSS_AF29
A 230 540 10 0 1 0 PINTYPE=GROUND
A 230 550 10 0 7 3 #=AF29
P 2289 230 530 200 530 0 3 0
L 195 530 10 0 8 0 1 0 VSS_AJ29
A 230 530 10 0 1 0 PINTYPE=GROUND
A 230 540 10 0 7 3 #=AJ29
P 2292 230 520 200 520 0 3 0
L 195 520 10 0 8 0 1 0 VSS_AK29
A 230 520 10 0 1 0 PINTYPE=GROUND
A 230 530 10 0 7 3 #=AK29
P 2295 230 510 200 510 0 3 0
L 195 510 10 0 8 0 1 0 VSS_B30
A 230 510 10 0 1 0 PINTYPE=GROUND
A 230 520 10 0 7 3 #=B30
P 2298 230 500 200 500 0 3 0
L 195 500 10 0 8 0 1 0 VSS_D30
A 230 500 10 0 1 0 PINTYPE=GROUND
A 230 510 10 0 7 3 #=D30
P 2301 230 490 200 490 0 3 0
L 195 490 10 0 8 0 1 0 VSS_E30
A 230 490 10 0 1 0 PINTYPE=GROUND
A 230 500 10 0 7 3 #=E30
P 2304 230 480 200 480 0 3 0
L 195 480 10 0 8 0 1 0 VSS_F30
A 230 480 10 0 1 0 PINTYPE=GROUND
A 230 490 10 0 7 3 #=F30
P 2307 230 470 200 470 0 3 0
L 195 470 10 0 8 0 1 0 VSS_H30
A 230 470 10 0 1 0 PINTYPE=GROUND
A 230 480 10 0 7 3 #=H30
P 2310 230 460 200 460 0 3 0
L 195 460 10 0 8 0 1 0 VSS_K30
A 230 460 10 0 1 0 PINTYPE=GROUND
A 230 470 10 0 7 3 #=K30
P 2313 230 450 200 450 0 3 0
L 195 450 10 0 8 0 1 0 VSS_M30
A 230 450 10 0 1 0 PINTYPE=GROUND
A 230 460 10 0 7 3 #=M30
P 2316 230 440 200 440 0 3 0
L 195 440 10 0 8 0 1 0 VSS_N30
A 230 440 10 0 1 0 PINTYPE=GROUND
A 230 450 10 0 7 3 #=N30
P 2319 230 430 200 430 0 3 0
L 195 430 10 0 8 0 1 0 VSS_W30
A 230 430 10 0 1 0 PINTYPE=GROUND
A 230 440 10 0 7 3 #=W30
P 2322 230 420 200 420 0 3 0
L 195 420 10 0 8 0 1 0 VSS_AA30
A 230 420 10 0 1 0 PINTYPE=GROUND
A 230 430 10 0 7 3 #=AA30
P 2325 230 410 200 410 0 3 0
L 195 410 10 0 8 0 1 0 VSS_AC30
A 230 410 10 0 1 0 PINTYPE=GROUND
A 230 420 10 0 7 3 #=AC30
P 2328 230 400 200 400 0 3 0
L 195 400 10 0 8 0 1 0 VSS_AE30
A 230 400 10 0 1 0 PINTYPE=GROUND
A 230 410 10 0 7 3 #=AE30
P 2331 230 390 200 390 0 3 0
L 195 390 10 0 8 0 1 0 VSS_AF30
A 230 390 10 0 1 0 PINTYPE=GROUND
A 230 400 10 0 7 3 #=AF30
P 2334 230 380 200 380 0 3 0
L 195 380 10 0 8 0 1 0 VSS_AG30
A 230 380 10 0 1 0 PINTYPE=GROUND
A 230 390 10 0 7 3 #=AG30
P 2337 230 370 200 370 0 3 0
L 195 370 10 0 8 0 1 0 VSS_AJ30
A 230 370 10 0 1 0 PINTYPE=GROUND
A 230 380 10 0 7 3 #=AJ30
P 2340 230 360 200 360 0 3 0
L 195 360 10 0 8 0 1 0 TST_VSS1
A 230 360 10 0 1 0 PINTYPE=GROUND
A 230 370 10 0 7 3 #=V1
P 2343 230 350 200 350 0 3 0
L 195 350 10 0 8 0 1 0 TST_VSS10
A 230 350 10 0 1 0 PINTYPE=GROUND
A 230 360 10 0 7 3 #=R26
P 2346 230 340 200 340 0 3 0
L 195 340 10 0 8 0 1 0 TST_VSS11
A 230 340 10 0 1 0 PINTYPE=GROUND
A 230 350 10 0 7 3 #=T26
P 2349 230 330 200 330 0 3 0
L 195 330 10 0 8 0 1 0 TST_VSS12
A 230 330 10 0 1 0 PINTYPE=GROUND
A 230 340 10 0 7 3 #=V30
P 2352 230 320 200 320 0 3 0
L 195 320 10 0 8 0 1 0 TST_VSS2
A 230 320 10 0 1 0 PINTYPE=GROUND
A 230 330 10 0 7 3 #=T3
P 2355 230 310 200 310 0 3 0
L 195 310 10 0 8 0 1 0 TST_VSS3
A 230 310 10 0 1 0 PINTYPE=GROUND
A 230 320 10 0 7 3 #=P6
P 2358 230 300 200 300 0 3 0
L 195 300 10 0 8 0 1 0 TST_VSS4
A 230 300 10 0 1 0 PINTYPE=GROUND
A 230 310 10 0 7 3 #=U6
P 2361 230 290 200 290 0 3 0
L 195 290 10 0 8 0 1 0 TST_VSS5
A 230 290 10 0 1 0 PINTYPE=GROUND
A 230 300 10 0 7 3 #=T8
P 2364 230 280 200 280 0 3 0
L 195 280 10 0 8 0 1 0 TST_VSS6
A 230 280 10 0 1 0 PINTYPE=GROUND
A 230 290 10 0 7 3 #=R20
P 2367 230 270 200 270 0 3 0
L 195 270 10 0 8 0 1 0 TST_VSS7
A 230 270 10 0 1 0 PINTYPE=GROUND
A 230 280 10 0 7 3 #=R22
P 2370 230 260 200 260 0 3 0
L 195 260 10 0 8 0 1 0 TST_VSS8
A 230 260 10 0 1 0 PINTYPE=GROUND
A 230 270 10 0 7 3 #=M24
P 2373 230 250 200 250 0 3 0
L 195 250 10 0 8 0 1 0 TST_VSS9
A 230 250 10 0 1 0 PINTYPE=GROUND
A 230 260 10 0 7 3 #=R24
E 
