V 53
K 1397459816 MT43A4G80100NFH-S15_L0.1
F Case
|R 0:16:56_4-14-14
D 0 710 210 0
Y 1
Z 10
i 3103
U 0 -25 5 0 3 0 LEVEL=STD
U 0 -20 5 0 3 0 PARTS=1
U 0 -20 16 0 3 3 REFDES=U?
U 140 -10 10 0 3 3 PKG_TYPE=PKG_TYPE
U 15 315 10 0 9 0 VALUE=VALUE
U 0 690 10 0 3 3 DEVICE=DEVICE
U 15 -15 10 0 1 0 HETERO=(MT43A4G80100NFH-S15_L0),(MT43A4G80100NFH-S15_L1),(MT43A4G80100NFH-S15_L2),(MT43A4G80100NFH-S15_L3),(MT43A4G80100NFH-S15_CNTL),(MT43A4G80100NFH-S15_GND1),(MT43A4G80100NFH-S15_GND2),(MT43A4G80100NFH-S15_PWR),(MT43A4G80100NFH-S15_NC)
U 0 0 10 0 1 0 FORWARD_PCB=1
b 0 0 180 690
P 2907 210 680 180 680 0 3 0
L 175 680 10 0 8 0 1 0 L0RXP_0
A 210 680 10 0 1 0 PINTYPE=IN
A 210 690 10 0 7 3 #=G18
P 2910 210 670 180 670 0 3 0
L 175 670 10 0 8 0 1 0 L0RXN_0
A 210 670 10 0 1 0 PINTYPE=IN
A 210 680 10 0 7 3 #=G17
P 2913 210 660 180 660 0 3 0
L 175 660 10 0 8 0 1 0 L0RXP_1
A 210 660 10 0 1 0 PINTYPE=IN
A 210 670 10 0 7 3 #=F19
P 2916 210 650 180 650 0 3 0
L 175 650 10 0 8 0 1 0 L0RXN_1
A 210 650 10 0 1 0 PINTYPE=IN
A 210 660 10 0 7 3 #=F18
P 2919 210 640 180 640 0 3 0
L 175 640 10 0 8 0 1 0 L0RXP_2
A 210 640 10 0 1 0 PINTYPE=IN
A 210 650 10 0 7 3 #=A16
P 2922 210 630 180 630 0 3 0
L 175 630 10 0 8 0 1 0 L0RXN_2
A 210 630 10 0 1 0 PINTYPE=IN
A 210 640 10 0 7 3 #=A15
P 2925 210 620 180 620 0 3 0
L 175 620 10 0 8 0 1 0 L0RXP_3
A 210 620 10 0 1 0 PINTYPE=IN
A 210 630 10 0 7 3 #=A24
P 2928 210 610 180 610 0 3 0
L 175 610 10 0 8 0 1 0 L0RXN_3
A 210 610 10 0 1 0 PINTYPE=IN
A 210 620 10 0 7 3 #=A23
P 2931 210 600 180 600 0 3 0
L 175 600 10 0 8 0 1 0 L0RXP_4
A 210 600 10 0 1 0 PINTYPE=IN
A 210 610 10 0 7 3 #=E20
P 2934 210 590 180 590 0 3 0
L 175 590 10 0 8 0 1 0 L0RXN_4
A 210 590 10 0 1 0 PINTYPE=IN
A 210 600 10 0 7 3 #=E19
P 2937 210 580 180 580 0 3 0
L 175 580 10 0 8 0 1 0 L0RXP_5
A 210 580 10 0 1 0 PINTYPE=IN
A 210 590 10 0 7 3 #=D21
P 2940 210 570 180 570 0 3 0
L 175 570 10 0 8 0 1 0 L0RXN_5
A 210 570 10 0 1 0 PINTYPE=IN
A 210 580 10 0 7 3 #=D20
P 2943 210 560 180 560 0 3 0
L 175 560 10 0 8 0 1 0 L0RXP_6
A 210 560 10 0 1 0 PINTYPE=IN
A 210 570 10 0 7 3 #=C22
P 2946 210 550 180 550 0 3 0
L 175 550 10 0 8 0 1 0 L0RXN_6
A 210 550 10 0 1 0 PINTYPE=IN
A 210 560 10 0 7 3 #=C21
P 2949 210 540 180 540 0 3 0
L 175 540 10 0 8 0 1 0 L0RXP_7
A 210 540 10 0 1 0 PINTYPE=IN
A 210 550 10 0 7 3 #=B23
P 2952 210 530 180 530 0 3 0
L 175 530 10 0 8 0 1 0 L0RXN_7
A 210 530 10 0 1 0 PINTYPE=IN
A 210 540 10 0 7 3 #=B22
P 2955 210 520 180 520 0 3 0
L 175 520 10 0 8 0 1 0 L0RXP_8
A 210 520 10 0 1 0 PINTYPE=IN
A 210 530 10 0 7 3 #=L30
P 2958 210 510 180 510 0 3 0
L 175 510 10 0 8 0 1 0 L0RXN_8
A 210 510 10 0 1 0 PINTYPE=IN
A 210 520 10 0 7 3 #=L29
P 2961 210 500 180 500 0 3 0
L 175 500 10 0 8 0 1 0 L0RXP_9
A 210 500 10 0 1 0 PINTYPE=IN
A 210 510 10 0 7 3 #=M28
P 2964 210 490 180 490 0 3 0
L 175 490 10 0 8 0 1 0 L0RXN_9
A 210 490 10 0 1 0 PINTYPE=IN
A 210 500 10 0 7 3 #=M27
P 2967 210 480 180 480 0 3 0
L 175 480 10 0 8 0 1 0 L0RXP_10
A 210 480 10 0 1 0 PINTYPE=IN
A 210 490 10 0 7 3 #=C30
P 2970 210 470 180 470 0 3 0
L 175 470 10 0 8 0 1 0 L0RXN_10
A 210 470 10 0 1 0 PINTYPE=IN
A 210 480 10 0 7 3 #=C29
P 2973 210 460 180 460 0 3 0
L 175 460 10 0 8 0 1 0 L0RXP_11
A 210 460 10 0 1 0 PINTYPE=IN
A 210 470 10 0 7 3 #=D29
P 2976 210 450 180 450 0 3 0
L 175 450 10 0 8 0 1 0 L0RXN_11
A 210 450 10 0 1 0 PINTYPE=IN
A 210 460 10 0 7 3 #=D28
P 2979 210 440 180 440 0 3 0
L 175 440 10 0 8 0 1 0 L0RXP_12
A 210 440 10 0 1 0 PINTYPE=IN
A 210 450 10 0 7 3 #=H25
P 2982 210 430 180 430 0 3 0
L 175 430 10 0 8 0 1 0 L0RXN_12
A 210 430 10 0 1 0 PINTYPE=IN
A 210 440 10 0 7 3 #=H24
P 2985 210 420 180 420 0 3 0
L 175 420 10 0 8 0 1 0 L0RXP_13
A 210 420 10 0 1 0 PINTYPE=IN
A 210 430 10 0 7 3 #=G26
P 2988 210 410 180 410 0 3 0
L 175 410 10 0 8 0 1 0 L0RXN_13
A 210 410 10 0 1 0 PINTYPE=IN
A 210 420 10 0 7 3 #=G25
P 2991 210 400 180 400 0 3 0
L 175 400 10 0 8 0 1 0 L0RXP_14
A 210 400 10 0 1 0 PINTYPE=IN
A 210 410 10 0 7 3 #=F27
P 2994 210 390 180 390 0 3 0
L 175 390 10 0 8 0 1 0 L0RXN_14
A 210 390 10 0 1 0 PINTYPE=IN
A 210 400 10 0 7 3 #=F26
P 2997 210 380 180 380 0 3 0
L 175 380 10 0 8 0 1 0 L0RXP_15
A 210 380 10 0 1 0 PINTYPE=IN
A 210 390 10 0 7 3 #=E28
P 3000 210 370 180 370 0 3 0
L 175 370 10 0 8 0 1 0 L0RXN_15
A 210 370 10 0 1 0 PINTYPE=IN
A 210 380 10 0 7 3 #=E27
P 3003 210 350 180 350 0 3 0
L 175 350 10 0 8 0 1 0 L0TXP_0
A 210 350 10 0 1 0 PINTYPE=OUT
A 210 360 10 0 7 3 #=E24
P 3006 210 340 180 340 0 3 0
L 175 340 10 0 8 0 1 0 L0TXN_0
A 210 340 10 0 1 0 PINTYPE=OUT
A 210 350 10 0 7 3 #=E23
P 3009 210 330 180 330 0 3 0
L 175 330 10 0 8 0 1 0 L0TXP_1
A 210 330 10 0 1 0 PINTYPE=OUT
A 210 340 10 0 7 3 #=F23
P 3012 210 320 180 320 0 3 0
L 175 320 10 0 8 0 1 0 L0TXN_1
A 210 320 10 0 1 0 PINTYPE=OUT
A 210 330 10 0 7 3 #=F22
P 3015 210 310 180 310 0 3 0
L 175 310 10 0 8 0 1 0 L0TXP_2
A 210 310 10 0 1 0 PINTYPE=OUT
A 210 320 10 0 7 3 #=D17
P 3018 210 300 180 300 0 3 0
L 175 300 10 0 8 0 1 0 L0TXN_2
A 210 300 10 0 1 0 PINTYPE=OUT
A 210 310 10 0 7 3 #=D16
P 3021 210 290 180 290 0 3 0
L 175 290 10 0 8 0 1 0 L0TXP_3
A 210 290 10 0 1 0 PINTYPE=OUT
A 210 300 10 0 7 3 #=C18
P 3024 210 280 180 280 0 3 0
L 175 280 10 0 8 0 1 0 L0TXN_3
A 210 280 10 0 1 0 PINTYPE=OUT
A 210 290 10 0 7 3 #=C17
P 3027 210 270 180 270 0 3 0
L 175 270 10 0 8 0 1 0 L0TXP_4
A 210 270 10 0 1 0 PINTYPE=OUT
A 210 280 10 0 7 3 #=D25
P 3030 210 260 180 260 0 3 0
L 175 260 10 0 8 0 1 0 L0TXN_4
A 210 260 10 0 1 0 PINTYPE=OUT
A 210 270 10 0 7 3 #=D24
P 3033 210 250 180 250 0 3 0
L 175 250 10 0 8 0 1 0 L0TXP_5
A 210 250 10 0 1 0 PINTYPE=OUT
A 210 260 10 0 7 3 #=B27
P 3036 210 240 180 240 0 3 0
L 175 240 10 0 8 0 1 0 L0TXN_5
A 210 240 10 0 1 0 PINTYPE=OUT
A 210 250 10 0 7 3 #=B26
P 3039 210 230 180 230 0 3 0
L 175 230 10 0 8 0 1 0 L0TXP_6
A 210 230 10 0 1 0 PINTYPE=OUT
A 210 240 10 0 7 3 #=A20
P 3042 210 220 180 220 0 3 0
L 175 220 10 0 8 0 1 0 L0TXN_6
A 210 220 10 0 1 0 PINTYPE=OUT
A 210 230 10 0 7 3 #=A19
P 3045 210 210 180 210 0 3 0
L 175 210 10 0 8 0 1 0 L0TXP_7
A 210 210 10 0 1 0 PINTYPE=OUT
A 210 220 10 0 7 3 #=B19
P 3048 210 200 180 200 0 3 0
L 175 200 10 0 8 0 1 0 L0TXN_7
A 210 200 10 0 1 0 PINTYPE=OUT
A 210 210 10 0 7 3 #=B18
P 3051 210 190 180 190 0 3 0
L 175 190 10 0 8 0 1 0 L0TXP_8
A 210 190 10 0 1 0 PINTYPE=OUT
A 210 200 10 0 7 3 #=K27
P 3054 210 180 180 180 0 3 0
L 175 180 10 0 8 0 1 0 L0TXN_8
A 210 180 10 0 1 0 PINTYPE=OUT
A 210 190 10 0 7 3 #=K26
P 3057 210 170 180 170 0 3 0
L 175 170 10 0 8 0 1 0 L0TXP_9
A 210 170 10 0 1 0 PINTYPE=OUT
A 210 180 10 0 7 3 #=L26
P 3060 210 160 180 160 0 3 0
L 175 160 10 0 8 0 1 0 L0TXN_9
A 210 160 10 0 1 0 PINTYPE=OUT
A 210 170 10 0 7 3 #=L25
P 3063 210 150 180 150 0 3 0
L 175 150 10 0 8 0 1 0 L0TXP_10
A 210 150 10 0 1 0 PINTYPE=OUT
A 210 160 10 0 7 3 #=G22
P 3066 210 140 180 140 0 3 0
L 175 140 10 0 8 0 1 0 L0TXN_10
A 210 140 10 0 1 0 PINTYPE=OUT
A 210 150 10 0 7 3 #=G21
P 3069 210 130 180 130 0 3 0
L 175 130 10 0 8 0 1 0 L0TXP_11
A 210 130 10 0 1 0 PINTYPE=OUT
A 210 140 10 0 7 3 #=C26
P 3072 210 120 180 120 0 3 0
L 175 120 10 0 8 0 1 0 L0TXN_11
A 210 120 10 0 1 0 PINTYPE=OUT
A 210 130 10 0 7 3 #=C25
P 3075 210 110 180 110 0 3 0
L 175 110 10 0 8 0 1 0 L0TXP_12
A 210 110 10 0 1 0 PINTYPE=OUT
A 210 120 10 0 7 3 #=J28
P 3078 210 100 180 100 0 3 0
L 175 100 10 0 8 0 1 0 L0TXN_12
A 210 100 10 0 1 0 PINTYPE=OUT
A 210 110 10 0 7 3 #=J27
P 3081 210 90 180 90 0 3 0
L 175 90 10 0 8 0 1 0 L0TXP_13
A 210 90 10 0 1 0 PINTYPE=OUT
A 210 100 10 0 7 3 #=H29
P 3084 210 80 180 80 0 3 0
L 175 80 10 0 8 0 1 0 L0TXN_13
A 210 80 10 0 1 0 PINTYPE=OUT
A 210 90 10 0 7 3 #=H28
P 3087 210 70 180 70 0 3 0
L 175 70 10 0 8 0 1 0 L0TXP_14
A 210 70 10 0 1 0 PINTYPE=OUT
A 210 80 10 0 7 3 #=G30
P 3090 210 60 180 60 0 3 0
L 175 60 10 0 8 0 1 0 L0TXN_14
A 210 60 10 0 1 0 PINTYPE=OUT
A 210 70 10 0 7 3 #=G29
P 3093 210 50 180 50 0 3 0
L 175 50 10 0 8 0 1 0 L0TXP_15
A 210 50 10 0 1 0 PINTYPE=OUT
A 210 60 10 0 7 3 #=A28
P 3096 210 40 180 40 0 3 0
L 175 40 10 0 8 0 1 0 L0TXN_15
A 210 40 10 0 1 0 PINTYPE=OUT
A 210 50 10 0 7 3 #=A27
P 3099 210 20 180 20 0 3 0
L 175 20 10 0 8 0 1 0 L0RXPS
A 210 20 10 0 1 0 PINTYPE=IN
A 210 30 10 0 7 3 #=U28
P 3102 210 10 180 10 0 3 0
L 175 10 10 0 8 0 1 0 L0TXPS
A 210 10 10 0 1 0 PINTYPE=IN
A 210 20 10 0 7 3 #=N24
E 
