V 53
K 1397459988 MT43A4G80100NFH-S15_PWR.1
F Case
|R 0:19:48_4-14-14
D 0 980 230 0
Y 1
Z 10
i 2737
U 0 -25 5 0 3 0 LEVEL=STD
U 0 -20 5 0 3 0 PARTS=1
U 20 -20 16 0 3 3 REFDES=U?
U 160 -10 10 0 3 3 PKG_TYPE=PKG_TYPE
U 15 315 10 0 9 0 VALUE=VALUE
U 30 960 10 0 3 3 DEVICE=DEVICE
U 15 -15 10 0 1 0 HETERO=(MT43A4G80100NFH-S15_L0),(MT43A4G80100NFH-S15_L1),(MT43A4G80100NFH-S15_L2),(MT43A4G80100NFH-S15_L3),(MT43A4G80100NFH-S15_CNTL),(MT43A4G80100NFH-S15_GND1),(MT43A4G80100NFH-S15_GND2),(MT43A4G80100NFH-S15_PWR),(MT43A4G80100NFH-S15_NC)
U 0 0 10 0 1 0 FORWARD_PCB=1
b 30 0 200 960
P 2376 0 950 30 950 0 2 0
L 37 950 10 0 2 0 1 0 VCCP_U24
A 0 950 10 0 1 0 PINTYPE=POWER
A 0 960 10 0 1 3 #=U24
P 2379 0 900 30 900 0 2 0
L 37 900 10 0 2 0 1 0 VDD_N9
A 0 900 10 0 1 0 PINTYPE=POWER
A 0 910 10 0 1 3 #=N9
P 2382 0 890 30 890 0 2 0
L 37 890 10 0 2 0 1 0 VDD_T9
A 0 890 10 0 1 0 PINTYPE=POWER
A 0 900 10 0 1 3 #=T9
P 2385 0 880 30 880 0 2 0
L 37 880 10 0 2 0 1 0 VDD_V9
A 0 880 10 0 1 0 PINTYPE=POWER
A 0 890 10 0 1 3 #=V9
P 2388 0 870 30 870 0 2 0
L 37 870 10 0 2 0 1 0 VDD_N10
A 0 870 10 0 1 0 PINTYPE=POWER
A 0 880 10 0 1 3 #=N10
P 2391 0 860 30 860 0 2 0
L 37 860 10 0 2 0 1 0 VDD_T10
A 0 860 10 0 1 0 PINTYPE=POWER
A 0 870 10 0 1 3 #=T10
P 2394 0 850 30 850 0 2 0
L 37 850 10 0 2 0 1 0 VDD_V11
A 0 850 10 0 1 0 PINTYPE=POWER
A 0 860 10 0 1 3 #=V11
P 2397 0 840 30 840 0 2 0
L 37 840 10 0 2 0 1 0 VDD_N12
A 0 840 10 0 1 0 PINTYPE=POWER
A 0 850 10 0 1 3 #=N12
P 2400 0 830 30 830 0 2 0
L 37 830 10 0 2 0 1 0 VDD_R12
A 0 830 10 0 1 0 PINTYPE=POWER
A 0 840 10 0 1 3 #=R12
P 2403 0 820 30 820 0 2 0
L 37 820 10 0 2 0 1 0 VDD_T13
A 0 820 10 0 1 0 PINTYPE=POWER
A 0 830 10 0 1 3 #=T13
P 2406 0 810 30 810 0 2 0
L 37 810 10 0 2 0 1 0 VDD_V13
A 0 810 10 0 1 0 PINTYPE=POWER
A 0 820 10 0 1 3 #=V13
P 2409 0 800 30 800 0 2 0
L 37 800 10 0 2 0 1 0 VDD_N14
A 0 800 10 0 1 0 PINTYPE=POWER
A 0 810 10 0 1 3 #=N14
P 2412 0 790 30 790 0 2 0
L 37 790 10 0 2 0 1 0 VDD_R14
A 0 790 10 0 1 0 PINTYPE=POWER
A 0 800 10 0 1 3 #=R14
P 2415 0 780 30 780 0 2 0
L 37 780 10 0 2 0 1 0 VDD_T15
A 0 780 10 0 1 0 PINTYPE=POWER
A 0 790 10 0 1 3 #=T15
P 2418 0 770 30 770 0 2 0
L 37 770 10 0 2 0 1 0 VDD_V15
A 0 770 10 0 1 0 PINTYPE=POWER
A 0 780 10 0 1 3 #=V15
P 2421 0 760 30 760 0 2 0
L 37 760 10 0 2 0 1 0 VDD_N16
A 0 760 10 0 1 0 PINTYPE=POWER
A 0 770 10 0 1 3 #=N16
P 2424 0 750 30 750 0 2 0
L 37 750 10 0 2 0 1 0 VDD_R16
A 0 750 10 0 1 0 PINTYPE=POWER
A 0 760 10 0 1 3 #=R16
P 2427 0 740 30 740 0 2 0
L 37 740 10 0 2 0 1 0 VDD_T17
A 0 740 10 0 1 0 PINTYPE=POWER
A 0 750 10 0 1 3 #=T17
P 2430 0 730 30 730 0 2 0
L 37 730 10 0 2 0 1 0 VDD_V17
A 0 730 10 0 1 0 PINTYPE=POWER
A 0 740 10 0 1 3 #=V17
P 2433 0 720 30 720 0 2 0
L 37 720 10 0 2 0 1 0 VDD_N18
A 0 720 10 0 1 0 PINTYPE=POWER
A 0 730 10 0 1 3 #=N18
P 2436 0 710 30 710 0 2 0
L 37 710 10 0 2 0 1 0 VDD_R18
A 0 710 10 0 1 0 PINTYPE=POWER
A 0 720 10 0 1 3 #=R18
P 2439 0 700 30 700 0 2 0
L 37 700 10 0 2 0 1 0 VDD_T19
A 0 700 10 0 1 0 PINTYPE=POWER
A 0 710 10 0 1 3 #=T19
P 2442 0 690 30 690 0 2 0
L 37 690 10 0 2 0 1 0 VDD_V19
A 0 690 10 0 1 0 PINTYPE=POWER
A 0 700 10 0 1 3 #=V19
P 2445 0 680 30 680 0 2 0
L 37 680 10 0 2 0 1 0 VDD_N20
A 0 680 10 0 1 0 PINTYPE=POWER
A 0 690 10 0 1 3 #=N20
P 2448 0 670 30 670 0 2 0
L 37 670 10 0 2 0 1 0 VDD_T21
A 0 670 10 0 1 0 PINTYPE=POWER
A 0 680 10 0 1 3 #=T21
P 2451 0 660 30 660 0 2 0
L 37 660 10 0 2 0 1 0 VDD_V21
A 0 660 10 0 1 0 PINTYPE=POWER
A 0 670 10 0 1 3 #=V21
P 2454 0 650 30 650 0 2 0
L 37 650 10 0 2 0 1 0 VDD_N22
A 0 650 10 0 1 0 PINTYPE=POWER
A 0 660 10 0 1 3 #=N22
P 2457 0 640 30 640 0 2 0
L 37 640 10 0 2 0 1 0 VDD_T23
A 0 640 10 0 1 0 PINTYPE=POWER
A 0 650 10 0 1 3 #=T23
P 2460 0 590 30 590 0 2 0
L 35 590 10 0 2 0 1 0 VDDK_R4
A 0 590 10 0 1 0 PINTYPE=POWER
A 0 600 10 0 1 3 #=R4
P 2463 0 580 30 580 0 2 0
L 37 580 10 0 2 0 1 0 VDDK_R6
A 0 580 10 0 1 0 PINTYPE=POWER
A 0 590 10 0 1 3 #=R6
P 2466 0 570 30 570 0 2 0
L 37 570 10 0 2 0 1 0 VDDK_R10
A 0 570 10 0 1 0 PINTYPE=POWER
A 0 580 10 0 1 3 #=R10
P 2469 0 560 30 560 0 2 0
L 37 560 10 0 2 0 1 0 VDDK_T25
A 0 560 10 0 1 0 PINTYPE=POWER
A 0 570 10 0 1 3 #=T25
P 2472 0 550 30 550 0 2 0
L 35 550 10 0 2 0 1 0 VDDK_R27
A 0 550 10 0 1 0 PINTYPE=POWER
A 0 560 10 0 1 3 #=R27
P 2475 230 320 200 320 0 3 0
L 195 320 10 0 8 0 1 0 VDDM_U8
A 230 320 10 0 1 0 PINTYPE=POWER
A 230 330 10 0 7 3 #=U8
P 2478 230 310 200 310 0 3 0
L 195 310 10 0 8 0 1 0 VDDM_W8
A 230 310 10 0 1 0 PINTYPE=POWER
A 230 320 10 0 7 3 #=W8
P 2481 230 300 200 300 0 3 0
L 195 300 10 0 8 0 1 0 VDDM_M9
A 230 300 10 0 1 0 PINTYPE=POWER
A 230 310 10 0 7 3 #=M9
P 2484 230 290 200 290 0 3 0
L 195 290 10 0 8 0 1 0 VDDM_U10
A 230 290 10 0 1 0 PINTYPE=POWER
A 230 300 10 0 7 3 #=U10
P 2487 230 280 200 280 0 3 0
L 195 280 10 0 8 0 1 0 VDDM_W10
A 230 280 10 0 1 0 PINTYPE=POWER
A 230 290 10 0 7 3 #=W10
P 2490 230 270 200 270 0 3 0
L 195 270 10 0 8 0 1 0 VDDM_M11
A 230 270 10 0 1 0 PINTYPE=POWER
A 230 280 10 0 7 3 #=M11
P 2493 230 260 200 260 0 3 0
L 195 260 10 0 8 0 1 0 VDDM_P11
A 230 260 10 0 1 0 PINTYPE=POWER
A 230 270 10 0 7 3 #=P11
P 2496 230 250 200 250 0 3 0
L 195 250 10 0 8 0 1 0 VDDM_U12
A 230 250 10 0 1 0 PINTYPE=POWER
A 230 260 10 0 7 3 #=U12
P 2499 230 240 200 240 0 3 0
L 195 240 10 0 8 0 1 0 VDDM_W12
A 230 240 10 0 1 0 PINTYPE=POWER
A 230 250 10 0 7 3 #=W12
P 2502 230 230 200 230 0 3 0
L 195 230 10 0 8 0 1 0 VDDM_M13
A 230 230 10 0 1 0 PINTYPE=POWER
A 230 240 10 0 7 3 #=M13
P 2505 230 220 200 220 0 3 0
L 195 220 10 0 8 0 1 0 VDDM_P13
A 230 220 10 0 1 0 PINTYPE=POWER
A 230 230 10 0 7 3 #=P13
P 2508 230 210 200 210 0 3 0
L 195 210 10 0 8 0 1 0 VDDM_U14
A 230 210 10 0 1 0 PINTYPE=POWER
A 230 220 10 0 7 3 #=U14
P 2511 230 200 200 200 0 3 0
L 195 200 10 0 8 0 1 0 VDDM_W14
A 230 200 10 0 1 0 PINTYPE=POWER
A 230 210 10 0 7 3 #=W14
P 2514 230 190 200 190 0 3 0
L 195 190 10 0 8 0 1 0 VDDM_M15
A 230 190 10 0 1 0 PINTYPE=POWER
A 230 200 10 0 7 3 #=M15
P 2517 230 180 200 180 0 3 0
L 195 180 10 0 8 0 1 0 VDDM_P15
A 230 180 10 0 1 0 PINTYPE=POWER
A 230 190 10 0 7 3 #=P15
P 2520 230 170 200 170 0 3 0
L 195 170 10 0 8 0 1 0 VDDM_U16
A 230 170 10 0 1 0 PINTYPE=POWER
A 230 180 10 0 7 3 #=U16
P 2523 230 160 200 160 0 3 0
L 195 160 10 0 8 0 1 0 VDDM_W16
A 230 160 10 0 1 0 PINTYPE=POWER
A 230 170 10 0 7 3 #=W16
P 2526 230 150 200 150 0 3 0
L 195 150 10 0 8 0 1 0 VDDM_M17
A 230 150 10 0 1 0 PINTYPE=POWER
A 230 160 10 0 7 3 #=M17
P 2529 230 140 200 140 0 3 0
L 195 140 10 0 8 0 1 0 VDDM_P17
A 230 140 10 0 1 0 PINTYPE=POWER
A 230 150 10 0 7 3 #=P17
P 2532 230 130 200 130 0 3 0
L 195 130 10 0 8 0 1 0 VDDM_U18
A 230 130 10 0 1 0 PINTYPE=POWER
A 230 140 10 0 7 3 #=U18
P 2535 230 120 200 120 0 3 0
L 195 120 10 0 8 0 1 0 VDDM_W18
A 230 120 10 0 1 0 PINTYPE=POWER
A 230 130 10 0 7 3 #=W18
P 2538 230 110 200 110 0 3 0
L 195 110 10 0 8 0 1 0 VDDM_M19
A 230 110 10 0 1 0 PINTYPE=POWER
A 230 120 10 0 7 3 #=M19
P 2541 230 100 200 100 0 3 0
L 195 100 10 0 8 0 1 0 VDDM_P19
A 230 100 10 0 1 0 PINTYPE=POWER
A 230 110 10 0 7 3 #=P19
P 2544 230 90 200 90 0 3 0
L 195 90 10 0 8 0 1 0 VDDM_U20
A 230 90 10 0 1 0 PINTYPE=POWER
A 230 100 10 0 7 3 #=U20
P 2547 230 80 200 80 0 3 0
L 195 80 10 0 8 0 1 0 VDDM_W20
A 230 80 10 0 1 0 PINTYPE=POWER
A 230 90 10 0 7 3 #=W20
P 2550 230 70 200 70 0 3 0
L 195 70 10 0 8 0 1 0 VDDM_M21
A 230 70 10 0 1 0 PINTYPE=POWER
A 230 80 10 0 7 3 #=M21
P 2553 230 60 200 60 0 3 0
L 195 60 10 0 8 0 1 0 VDDM_P21
A 230 60 10 0 1 0 PINTYPE=POWER
A 230 70 10 0 7 3 #=P21
P 2556 230 50 200 50 0 3 0
L 195 50 10 0 8 0 1 0 VDDM_U22
A 230 50 10 0 1 0 PINTYPE=POWER
A 230 60 10 0 7 3 #=U22
P 2559 230 40 200 40 0 3 0
L 195 40 10 0 8 0 1 0 VDDM_W22
A 230 40 10 0 1 0 PINTYPE=POWER
A 230 50 10 0 7 3 #=W22
P 2562 230 30 200 30 0 3 0
L 195 30 10 0 8 0 1 0 VDDM_M23
A 230 30 10 0 1 0 PINTYPE=POWER
A 230 40 10 0 7 3 #=M23
P 2565 230 20 200 20 0 3 0
L 195 20 10 0 8 0 1 0 VDDM_P23
A 230 20 10 0 1 0 PINTYPE=POWER
A 230 30 10 0 7 3 #=P23
P 2568 230 950 200 950 0 3 0
L 195 950 10 0 8 0 1 0 VDDPLLA0_K17
A 230 950 10 0 1 0 PINTYPE=POWER
A 230 960 10 0 7 3 #=K17
P 2571 230 940 200 940 0 3 0
L 195 940 10 0 8 0 1 0 VDDPLLA0_K19
A 230 940 10 0 1 0 PINTYPE=POWER
A 230 950 10 0 7 3 #=K19
P 2574 230 930 200 930 0 3 0
L 195 930 10 0 8 0 1 0 VDDPLLA1_AA17
A 230 930 10 0 1 0 PINTYPE=POWER
A 230 940 10 0 7 3 #=AA17
P 2577 230 920 200 920 0 3 0
L 195 920 10 0 8 0 1 0 VDDPLLA1_AA19
A 230 920 10 0 1 0 PINTYPE=POWER
A 230 930 10 0 7 3 #=AA19
P 2580 230 910 200 910 0 3 0
L 195 910 10 0 8 0 1 0 VDDPLLA2_K13
A 230 910 10 0 1 0 PINTYPE=POWER
A 230 920 10 0 7 3 #=K13
P 2583 230 900 200 900 0 3 0
L 195 900 10 0 8 0 1 0 VDDPLLA2_K15
A 230 900 10 0 1 0 PINTYPE=POWER
A 230 910 10 0 7 3 #=K15
P 2586 230 890 200 890 0 3 0
L 195 890 10 0 8 0 1 0 VDDPLLA3_AA13
A 230 890 10 0 1 0 PINTYPE=POWER
A 230 900 10 0 7 3 #=AA13
P 2589 230 880 200 880 0 3 0
L 195 880 10 0 8 0 1 0 VDDPLLA3_AA15
A 230 880 10 0 1 0 PINTYPE=POWER
A 230 890 10 0 7 3 #=AA15
P 2592 230 870 200 870 0 3 0
L 195 870 10 0 8 0 1 0 VDDPLLB0_K16
A 230 870 10 0 1 0 PINTYPE=POWER
A 230 880 10 0 7 3 #=K16
P 2595 230 860 200 860 0 3 0
L 195 860 10 0 8 0 1 0 VDDPLLB0_K18
A 230 860 10 0 1 0 PINTYPE=POWER
A 230 870 10 0 7 3 #=K18
P 2598 230 850 200 850 0 3 0
L 195 850 10 0 8 0 1 0 VDDPLLB1_AA16
A 230 850 10 0 1 0 PINTYPE=POWER
A 230 860 10 0 7 3 #=AA16
P 2601 230 840 200 840 0 3 0
L 195 840 10 0 8 0 1 0 VDDPLLB1_AA18
A 230 840 10 0 1 0 PINTYPE=POWER
A 230 850 10 0 7 3 #=AA18
P 2604 230 830 200 830 0 3 0
L 195 830 10 0 8 0 1 0 VDDPLLB2_K12
A 230 830 10 0 1 0 PINTYPE=POWER
A 230 840 10 0 7 3 #=K12
P 2607 230 820 200 820 0 3 0
L 195 820 10 0 8 0 1 0 VDDPLLB2_K14
A 230 820 10 0 1 0 PINTYPE=POWER
A 230 830 10 0 7 3 #=K14
P 2610 230 810 200 810 0 3 0
L 195 810 10 0 8 0 1 0 VDDPLLB3_AA12
A 230 810 10 0 1 0 PINTYPE=POWER
A 230 820 10 0 7 3 #=AA12
P 2613 230 800 200 800 0 3 0
L 195 800 10 0 8 0 1 0 VDDPLLB3_AA14
A 230 800 10 0 1 0 PINTYPE=POWER
A 230 810 10 0 7 3 #=AA14
P 2616 230 790 200 790 0 3 0
L 195 790 10 0 8 0 1 0 VDDPLLR
A 230 790 10 0 1 0 PINTYPE=POWER
A 230 800 10 0 7 3 #=P30
P 2619 230 760 200 760 0 3 0
L 195 760 10 0 8 0 1 0 VTR_J8
A 230 760 10 0 1 0 PINTYPE=POWER
A 230 770 10 0 7 3 #=J8
P 2622 230 750 200 750 0 3 0
L 195 750 10 0 8 0 1 0 VTR_L8
A 230 750 10 0 1 0 PINTYPE=POWER
A 230 760 10 0 7 3 #=L8
P 2625 230 740 200 740 0 3 0
L 195 740 10 0 8 0 1 0 VTR_Y9
A 230 740 10 0 1 0 PINTYPE=POWER
A 230 750 10 0 7 3 #=Y9
P 2628 230 730 200 730 0 3 0
L 195 730 10 0 8 0 1 0 VTR_AB9
A 230 730 10 0 1 0 PINTYPE=POWER
A 230 740 10 0 7 3 #=AB9
P 2631 230 720 200 720 0 3 0
L 195 720 10 0 8 0 1 0 VTR_J11
A 230 720 10 0 1 0 PINTYPE=POWER
A 230 730 10 0 7 3 #=J11
P 2634 230 710 200 710 0 3 0
L 195 710 10 0 8 0 1 0 VTR_Y11
A 230 710 10 0 1 0 PINTYPE=POWER
A 230 720 10 0 7 3 #=Y11
P 2637 230 700 200 700 0 3 0
L 195 700 10 0 8 0 1 0 VTR_AB11
A 230 700 10 0 1 0 PINTYPE=POWER
A 230 710 10 0 7 3 #=AB11
P 2640 230 690 200 690 0 3 0
L 195 690 10 0 8 0 1 0 VTR_L12
A 230 690 10 0 1 0 PINTYPE=POWER
A 230 700 10 0 7 3 #=L12
P 2643 230 680 200 680 0 3 0
L 195 680 10 0 8 0 1 0 VTR_J15
A 230 680 10 0 1 0 PINTYPE=POWER
A 230 690 10 0 7 3 #=J15
P 2646 230 670 200 670 0 3 0
L 195 670 10 0 8 0 1 0 VTR_Y15
A 230 670 10 0 1 0 PINTYPE=POWER
A 230 680 10 0 7 3 #=Y15
P 2649 230 660 200 660 0 3 0
L 195 660 10 0 8 0 1 0 VTR_L16
A 230 660 10 0 1 0 PINTYPE=POWER
A 230 670 10 0 7 3 #=L16
P 2652 230 650 200 650 0 3 0
L 195 650 10 0 8 0 1 0 VTR_AB16
A 230 650 10 0 1 0 PINTYPE=POWER
A 230 660 10 0 7 3 #=AB16
P 2655 230 640 200 640 0 3 0
L 195 640 10 0 8 0 1 0 VTR_Y19
A 230 640 10 0 1 0 PINTYPE=POWER
A 230 650 10 0 7 3 #=Y19
P 2658 230 630 200 630 0 3 0
L 195 630 10 0 8 0 1 0 VTR_J20
A 230 630 10 0 1 0 PINTYPE=POWER
A 230 640 10 0 7 3 #=J20
P 2661 230 620 200 620 0 3 0
L 195 620 10 0 8 0 1 0 VTR_L20
A 230 620 10 0 1 0 PINTYPE=POWER
A 230 630 10 0 7 3 #=L20
P 2664 230 610 200 610 0 3 0
L 195 610 10 0 8 0 1 0 VTR_AB20
A 230 610 10 0 1 0 PINTYPE=POWER
A 230 620 10 0 7 3 #=AB20
P 2667 230 600 200 600 0 3 0
L 195 600 10 0 8 0 1 0 VTR_J22
A 230 600 10 0 1 0 PINTYPE=POWER
A 230 610 10 0 7 3 #=J22
P 2670 230 590 200 590 0 3 0
L 195 590 10 0 8 0 1 0 VTR_L22
A 230 590 10 0 1 0 PINTYPE=POWER
A 230 600 10 0 7 3 #=L22
P 2673 230 580 200 580 0 3 0
L 195 580 10 0 8 0 1 0 VTR_Y23
A 230 580 10 0 1 0 PINTYPE=POWER
A 230 590 10 0 7 3 #=Y23
P 2676 230 570 200 570 0 3 0
L 195 570 10 0 8 0 1 0 VTR_AB23
A 230 570 10 0 1 0 PINTYPE=POWER
A 230 580 10 0 7 3 #=AB23
P 2679 230 540 200 540 0 3 0
L 195 540 10 0 8 0 1 0 VTT_AA8
A 230 540 10 0 1 0 PINTYPE=POWER
A 230 550 10 0 7 3 #=AA8
P 2682 230 530 200 530 0 3 0
L 195 530 10 0 8 0 1 0 VTT_K9
A 230 530 10 0 1 0 PINTYPE=POWER
A 230 540 10 0 7 3 #=K9
P 2685 230 520 200 520 0 3 0
L 195 520 10 0 8 0 1 0 VTT_J10
A 230 520 10 0 1 0 PINTYPE=POWER
A 230 530 10 0 7 3 #=J10
P 2688 230 510 200 510 0 3 0
L 195 510 10 0 8 0 1 0 VTT_L10
A 230 510 10 0 1 0 PINTYPE=POWER
A 230 520 10 0 7 3 #=L10
P 2691 230 500 200 500 0 3 0
L 195 500 10 0 8 0 1 0 VTT_AA10
A 230 500 10 0 1 0 PINTYPE=POWER
A 230 510 10 0 7 3 #=AA10
P 2694 230 490 200 490 0 3 0
L 195 490 10 0 8 0 1 0 VTT_K11
A 230 490 10 0 1 0 PINTYPE=POWER
A 230 500 10 0 7 3 #=K11
P 2697 230 480 200 480 0 3 0
L 195 480 10 0 8 0 1 0 VTT_J13
A 230 480 10 0 1 0 PINTYPE=POWER
A 230 490 10 0 7 3 #=J13
P 2700 230 470 200 470 0 3 0
L 195 470 10 0 8 0 1 0 VTT_Y13
A 230 470 10 0 1 0 PINTYPE=POWER
A 230 480 10 0 7 3 #=Y13
P 2703 230 460 200 460 0 3 0
L 195 460 10 0 8 0 1 0 VTT_L14
A 230 460 10 0 1 0 PINTYPE=POWER
A 230 470 10 0 7 3 #=L14
P 2706 230 450 200 450 0 3 0
L 195 450 10 0 8 0 1 0 VTT_AB14
A 230 450 10 0 1 0 PINTYPE=POWER
A 230 460 10 0 7 3 #=AB14
P 2709 230 440 200 440 0 3 0
L 195 440 10 0 8 0 1 0 VTT_J17
A 230 440 10 0 1 0 PINTYPE=POWER
A 230 450 10 0 7 3 #=J17
P 2712 230 430 200 430 0 3 0
L 195 430 10 0 8 0 1 0 VTT_Y17
A 230 430 10 0 1 0 PINTYPE=POWER
A 230 440 10 0 7 3 #=Y17
P 2715 230 420 200 420 0 3 0
L 195 420 10 0 8 0 1 0 VTT_L18
A 230 420 10 0 1 0 PINTYPE=POWER
A 230 430 10 0 7 3 #=L18
P 2718 230 410 200 410 0 3 0
L 195 410 10 0 8 0 1 0 VTT_AB18
A 230 410 10 0 1 0 PINTYPE=POWER
A 230 420 10 0 7 3 #=AB18
P 2721 230 400 200 400 0 3 0
L 195 400 10 0 8 0 1 0 VTT_AA20
A 230 400 10 0 1 0 PINTYPE=POWER
A 230 410 10 0 7 3 #=AA20
P 2724 230 390 200 390 0 3 0
L 195 390 10 0 8 0 1 0 VTT_K21
A 230 390 10 0 1 0 PINTYPE=POWER
A 230 400 10 0 7 3 #=K21
P 2727 230 380 200 380 0 3 0
L 195 380 10 0 8 0 1 0 VTT_Y21
A 230 380 10 0 1 0 PINTYPE=POWER
A 230 390 10 0 7 3 #=Y21
P 2730 230 370 200 370 0 3 0
L 195 370 10 0 8 0 1 0 VTT_AB21
A 230 370 10 0 1 0 PINTYPE=POWER
A 230 380 10 0 7 3 #=AB21
P 2733 230 360 200 360 0 3 0
L 195 360 10 0 8 0 1 0 VTT_AA22
A 230 360 10 0 1 0 PINTYPE=POWER
A 230 370 10 0 7 3 #=AA22
P 2736 230 350 200 350 0 3 0
L 195 350 10 0 8 0 1 0 VTT_K23
A 230 350 10 0 1 0 PINTYPE=POWER
A 230 360 10 0 7 3 #=K23
E 
