V 53
K 1397459834 MT43A4G80100NFH-S15_GND1.1
F Case
|R 0:17:14_4-14-14
D 0 1230 230 0
Y 1
Z 10
i 1000
U 0 -25 5 0 3 0 LEVEL=STD
U 0 -20 5 0 3 0 PARTS=1
U 20 -20 16 0 3 3 REFDES=U?
U 160 -10 10 0 3 3 PKG_TYPE=PKG_TYPE
U 15 315 10 0 9 0 VALUE=VALUE
U 0 1220 10 0 3 3 DEVICE=DEVICE
U 15 -15 10 0 1 0 HETERO=(MT43A4G80100NFH-S15_L0),(MT43A4G80100NFH-S15_L1),(MT43A4G80100NFH-S15_L2),(MT43A4G80100NFH-S15_L3),(MT43A4G80100NFH-S15_CNTL),(MT43A4G80100NFH-S15_GND1),(MT43A4G80100NFH-S15_GND2),(MT43A4G80100NFH-S15_PWR),(MT43A4G80100NFH-S15_NC)
U 0 0 10 0 1 0 FORWARD_PCB=1
b 30 0 200 1220
P 282 0 760 30 760 0 2 0
L 35 760 10 0 2 0 1 0 VSS_B1
A 0 760 10 0 1 0 PINTYPE=GROUND
A 0 770 10 0 1 3 #=B1
P 285 0 670 30 670 0 2 0
L 35 670 10 0 2 0 1 0 VSS_D1
A 0 670 10 0 1 0 PINTYPE=GROUND
A 0 680 10 0 1 3 #=D1
P 288 0 580 30 580 0 2 0
L 35 580 10 0 2 0 1 0 VSS_F1
A 0 580 10 0 1 0 PINTYPE=GROUND
A 0 590 10 0 1 3 #=F1
P 291 0 500 30 500 0 2 0
L 35 500 10 0 2 0 1 0 VSS_H1
A 0 500 10 0 1 0 PINTYPE=GROUND
A 0 510 10 0 1 3 #=H1
P 294 0 400 30 400 0 2 0
L 35 400 10 0 2 0 1 0 VSS_K1
A 0 400 10 0 1 0 PINTYPE=GROUND
A 0 410 10 0 1 3 #=K1
P 297 0 310 30 310 0 2 0
L 35 310 10 0 2 0 1 0 VSS_M1
A 0 310 10 0 1 0 PINTYPE=GROUND
A 0 320 10 0 1 3 #=M1
P 300 0 110 30 110 0 2 0
L 35 110 10 0 2 0 1 0 VSS_W1
A 0 110 10 0 1 0 PINTYPE=GROUND
A 0 120 10 0 1 3 #=W1
P 303 0 1170 30 1170 0 2 0
L 35 1170 10 0 2 0 1 0 VSS_AA1
A 0 1170 10 0 1 0 PINTYPE=GROUND
A 0 1180 10 0 1 3 #=AA1
P 306 0 1080 30 1080 0 2 0
L 35 1080 10 0 2 0 1 0 VSS_AC1
A 0 1080 10 0 1 0 PINTYPE=GROUND
A 0 1090 10 0 1 3 #=AC1
P 309 0 1000 30 1000 0 2 0
L 35 1000 10 0 2 0 1 0 VSS_AE1
A 0 1000 10 0 1 0 PINTYPE=GROUND
A 0 1010 10 0 1 3 #=AE1
P 312 0 920 30 920 0 2 0
L 35 920 10 0 2 0 1 0 VSS_AG1
A 0 920 10 0 1 0 PINTYPE=GROUND
A 0 930 10 0 1 3 #=AG1
P 315 0 840 30 840 0 2 0
L 35 840 10 0 2 0 1 0 VSS_AJ1
A 0 840 10 0 1 0 PINTYPE=GROUND
A 0 850 10 0 1 3 #=AJ1
P 318 0 1210 30 1210 0 2 0
L 35 1210 10 0 2 0 1 0 VSS_A2
A 0 1210 10 0 1 0 PINTYPE=GROUND
A 0 1220 10 0 1 3 #=A2
P 321 0 750 30 750 0 2 0
L 35 750 10 0 2 0 1 0 VSS_B2
A 0 750 10 0 1 0 PINTYPE=GROUND
A 0 760 10 0 1 3 #=B2
P 324 0 620 30 620 0 2 0
L 35 620 10 0 2 0 1 0 VSS_E2
A 0 620 10 0 1 0 PINTYPE=GROUND
A 0 630 10 0 1 3 #=E2
P 327 0 570 30 570 0 2 0
L 35 570 10 0 2 0 1 0 VSS_F2
A 0 570 10 0 1 0 PINTYPE=GROUND
A 0 580 10 0 1 3 #=F2
P 330 0 450 30 450 0 2 0
L 35 450 10 0 2 0 1 0 VSS_J2
A 0 450 10 0 1 0 PINTYPE=GROUND
A 0 460 10 0 1 3 #=J2
P 333 0 300 30 300 0 2 0
L 35 300 10 0 2 0 1 0 VSS_M2
A 0 300 10 0 1 0 PINTYPE=GROUND
A 0 310 10 0 1 3 #=M2
P 336 0 260 30 260 0 2 0
L 35 260 10 0 2 0 1 0 VSS_N2
A 0 260 10 0 1 0 PINTYPE=GROUND
A 0 270 10 0 1 3 #=N2
P 339 0 210 30 210 0 2 0
L 35 210 10 0 2 0 1 0 VSS_R2
A 0 210 10 0 1 0 PINTYPE=GROUND
A 0 220 10 0 1 3 #=R2
P 342 0 190 30 190 0 2 0
L 35 190 10 0 2 0 1 0 VSS_T2
A 0 190 10 0 1 0 PINTYPE=GROUND
A 0 200 10 0 1 3 #=T2
P 345 0 160 30 160 0 2 0
L 35 160 10 0 2 0 1 0 VSS_V2
A 0 160 10 0 1 0 PINTYPE=GROUND
A 0 170 10 0 1 3 #=V2
P 348 0 100 30 100 0 2 0
L 35 100 10 0 2 0 1 0 VSS_W2
A 0 100 10 0 1 0 PINTYPE=GROUND
A 0 110 10 0 1 3 #=W2
P 351 0 1130 30 1130 0 2 0
L 35 1130 10 0 2 0 1 0 VSS_AB2
A 0 1130 10 0 1 0 PINTYPE=GROUND
A 0 1140 10 0 1 3 #=AB2
P 354 0 990 30 990 0 2 0
L 35 990 10 0 2 0 1 0 VSS_AE2
A 0 990 10 0 1 0 PINTYPE=GROUND
A 0 1000 10 0 1 3 #=AE2
P 357 0 950 30 950 0 2 0
L 35 950 10 0 2 0 1 0 VSS_AF2
A 0 950 10 0 1 0 PINTYPE=GROUND
A 0 960 10 0 1 3 #=AF2
P 360 0 830 30 830 0 2 0
L 35 830 10 0 2 0 1 0 VSS_AJ2
A 0 830 10 0 1 0 PINTYPE=GROUND
A 0 840 10 0 1 3 #=AJ2
P 363 0 790 30 790 0 2 0
L 35 790 10 0 2 0 1 0 VSS_AK2
A 0 790 10 0 1 0 PINTYPE=GROUND
A 0 800 10 0 1 3 #=AK2
P 366 0 740 30 740 0 2 0
L 35 740 10 0 2 0 1 0 VSS_B3
A 0 740 10 0 1 0 PINTYPE=GROUND
A 0 750 10 0 1 3 #=B3
P 369 0 710 30 710 0 2 0
L 35 710 10 0 2 0 1 0 VSS_C3
A 0 710 10 0 1 0 PINTYPE=GROUND
A 0 720 10 0 1 3 #=C3
P 372 0 560 30 560 0 2 0
L 35 560 10 0 2 0 1 0 VSS_F3
A 0 560 10 0 1 0 PINTYPE=GROUND
A 0 570 10 0 1 3 #=F3
P 375 0 530 30 530 0 2 0
L 35 530 10 0 2 0 1 0 VSS_G3
A 0 530 10 0 1 0 PINTYPE=GROUND
A 0 540 10 0 1 3 #=G3
P 378 0 390 30 390 0 2 0
L 35 390 10 0 2 0 1 0 VSS_K3
A 0 390 10 0 1 0 PINTYPE=GROUND
A 0 400 10 0 1 3 #=K3
P 381 0 350 30 350 0 2 0
L 35 350 10 0 2 0 1 0 VSS_L3
A 0 350 10 0 1 0 PINTYPE=GROUND
A 0 360 10 0 1 3 #=L3
P 384 0 250 30 250 0 2 0
L 35 250 10 0 2 0 1 0 VSS_N3
A 0 250 10 0 1 0 PINTYPE=GROUND
A 0 260 10 0 1 3 #=N3
P 387 0 150 30 150 0 2 0
L 35 150 10 0 2 0 1 0 VSS_V3
A 0 150 10 0 1 0 PINTYPE=GROUND
A 0 160 10 0 1 3 #=V3
P 390 0 70 30 70 0 2 0
L 35 70 10 0 2 0 1 0 VSS_Y3
A 0 70 10 0 1 0 PINTYPE=GROUND
A 0 80 10 0 1 3 #=Y3
P 393 0 1160 30 1160 0 2 0
L 35 1160 10 0 2 0 1 0 VSS_AA3
A 0 1160 10 0 1 0 PINTYPE=GROUND
A 0 1170 10 0 1 3 #=AA3
P 396 0 1040 30 1040 0 2 0
L 35 1040 10 0 2 0 1 0 VSS_AD3
A 0 1040 10 0 1 0 PINTYPE=GROUND
A 0 1050 10 0 1 3 #=AD3
P 399 0 980 30 980 0 2 0
L 35 980 10 0 2 0 1 0 VSS_AE3
A 0 980 10 0 1 0 PINTYPE=GROUND
A 0 990 10 0 1 3 #=AE3
P 402 0 880 30 880 0 2 0
L 35 880 10 0 2 0 1 0 VSS_AH3
A 0 880 10 0 1 0 PINTYPE=GROUND
A 0 890 10 0 1 3 #=AH3
P 405 0 820 30 820 0 2 0
L 35 820 10 0 2 0 1 0 VSS_AJ3
A 0 820 10 0 1 0 PINTYPE=GROUND
A 0 830 10 0 1 3 #=AJ3
P 408 0 700 30 700 0 2 0
L 35 700 10 0 2 0 1 0 VSS_C4
A 0 700 10 0 1 0 PINTYPE=GROUND
A 0 710 10 0 1 3 #=C4
P 411 0 660 30 660 0 2 0
L 35 660 10 0 2 0 1 0 VSS_D4
A 0 660 10 0 1 0 PINTYPE=GROUND
A 0 670 10 0 1 3 #=D4
P 414 0 520 30 520 0 2 0
L 35 520 10 0 2 0 1 0 VSS_G4
A 0 520 10 0 1 0 PINTYPE=GROUND
A 0 530 10 0 1 3 #=G4
P 417 0 490 30 490 0 2 0
L 35 490 10 0 2 0 1 0 VSS_H4
A 0 490 10 0 1 0 PINTYPE=GROUND
A 0 500 10 0 1 3 #=H4
P 420 0 340 30 340 0 2 0
L 35 340 10 0 2 0 1 0 VSS_L4
A 0 340 10 0 1 0 PINTYPE=GROUND
A 0 350 10 0 1 3 #=L4
P 423 0 240 30 240 0 2 0
L 35 240 10 0 2 0 1 0 VSS_N4
A 0 240 10 0 1 0 PINTYPE=GROUND
A 0 250 10 0 1 3 #=N4
P 426 0 180 30 180 0 2 0
L 35 180 10 0 2 0 1 0 VSS_T4
A 0 180 10 0 1 0 PINTYPE=GROUND
A 0 190 10 0 1 3 #=T4
P 429 0 140 30 140 0 2 0
L 35 140 10 0 2 0 1 0 VSS_V4
A 0 140 10 0 1 0 PINTYPE=GROUND
A 0 150 10 0 1 3 #=V4
P 432 0 60 30 60 0 2 0
L 35 60 10 0 2 0 1 0 VSS_Y4
A 0 60 10 0 1 0 PINTYPE=GROUND
A 0 70 10 0 1 3 #=Y4
P 435 0 1070 30 1070 0 2 0
L 35 1070 10 0 2 0 1 0 VSS_AC4
A 0 1070 10 0 1 0 PINTYPE=GROUND
A 0 1080 10 0 1 3 #=AC4
P 438 0 1030 30 1030 0 2 0
L 35 1030 10 0 2 0 1 0 VSS_AD4
A 0 1030 10 0 1 0 PINTYPE=GROUND
A 0 1040 10 0 1 3 #=AD4
P 441 0 910 30 910 0 2 0
L 35 910 10 0 2 0 1 0 VSS_AG4
A 0 910 10 0 1 0 PINTYPE=GROUND
A 0 920 10 0 1 3 #=AG4
P 444 0 870 30 870 0 2 0
L 35 870 10 0 2 0 1 0 VSS_AH4
A 0 870 10 0 1 0 PINTYPE=GROUND
A 0 880 10 0 1 3 #=AH4
P 447 0 1200 30 1200 0 2 0
L 35 1200 10 0 2 0 1 0 VSS_A5
A 0 1200 10 0 1 0 PINTYPE=GROUND
A 0 1210 10 0 1 3 #=A5
P 450 0 650 30 650 0 2 0
L 35 650 10 0 2 0 1 0 VSS_D5
A 0 650 10 0 1 0 PINTYPE=GROUND
A 0 660 10 0 1 3 #=D5
P 453 0 610 30 610 0 2 0
L 35 610 10 0 2 0 1 0 VSS_E5
A 0 610 10 0 1 0 PINTYPE=GROUND
A 0 620 10 0 1 3 #=E5
P 456 0 480 30 480 0 2 0
L 35 480 10 0 2 0 1 0 VSS_H5
A 0 480 10 0 1 0 PINTYPE=GROUND
A 0 490 10 0 1 3 #=H5
P 459 0 440 30 440 0 2 0
L 35 440 10 0 2 0 1 0 VSS_J5
A 0 440 10 0 1 0 PINTYPE=GROUND
A 0 450 10 0 1 3 #=J5
P 462 0 290 30 290 0 2 0
L 35 290 10 0 2 0 1 0 VSS_M5
A 0 290 10 0 1 0 PINTYPE=GROUND
A 0 300 10 0 1 3 #=M5
P 465 0 230 30 230 0 2 0
L 35 230 10 0 2 0 1 0 VSS_N5
A 0 230 10 0 1 0 PINTYPE=GROUND
A 0 240 10 0 1 3 #=N5
P 468 0 130 30 130 0 2 0
L 35 130 10 0 2 0 1 0 VSS_V5
A 0 130 10 0 1 0 PINTYPE=GROUND
A 0 140 10 0 1 3 #=V5
P 471 0 90 30 90 0 2 0
L 35 90 10 0 2 0 1 0 VSS_W5
A 0 90 10 0 1 0 PINTYPE=GROUND
A 0 100 10 0 1 3 #=W5
P 474 0 1120 30 1120 0 2 0
L 35 1120 10 0 2 0 1 0 VSS_AB5
A 0 1120 10 0 1 0 PINTYPE=GROUND
A 0 1130 10 0 1 3 #=AB5
P 477 0 1060 30 1060 0 2 0
L 35 1060 10 0 2 0 1 0 VSS_AC5
A 0 1060 10 0 1 0 PINTYPE=GROUND
A 0 1070 10 0 1 3 #=AC5
P 480 0 940 30 940 0 2 0
L 35 940 10 0 2 0 1 0 VSS_AF5
A 0 940 10 0 1 0 PINTYPE=GROUND
A 0 950 10 0 1 3 #=AF5
P 483 0 900 30 900 0 2 0
L 35 900 10 0 2 0 1 0 VSS_AG5
A 0 900 10 0 1 0 PINTYPE=GROUND
A 0 910 10 0 1 3 #=AG5
P 486 0 780 30 780 0 2 0
L 35 780 10 0 2 0 1 0 VSS_AK5
A 0 780 10 0 1 0 PINTYPE=GROUND
A 0 790 10 0 1 3 #=AK5
P 489 0 1190 30 1190 0 2 0
L 35 1190 10 0 2 0 1 0 VSS_A6
A 0 1190 10 0 1 0 PINTYPE=GROUND
A 0 1200 10 0 1 3 #=A6
P 492 0 730 30 730 0 2 0
L 35 730 10 0 2 0 1 0 VSS_B6
A 0 730 10 0 1 0 PINTYPE=GROUND
A 0 740 10 0 1 3 #=B6
P 495 0 600 30 600 0 2 0
L 35 600 10 0 2 0 1 0 VSS_E6
A 0 600 10 0 1 0 PINTYPE=GROUND
A 0 610 10 0 1 3 #=E6
P 498 0 550 30 550 0 2 0
L 35 550 10 0 2 0 1 0 VSS_F6
A 0 550 10 0 1 0 PINTYPE=GROUND
A 0 560 10 0 1 3 #=F6
P 501 0 430 30 430 0 2 0
L 35 430 10 0 2 0 1 0 VSS_J6
A 0 430 10 0 1 0 PINTYPE=GROUND
A 0 440 10 0 1 3 #=J6
P 504 0 380 30 380 0 2 0
L 35 380 10 0 2 0 1 0 VSS_K6
A 0 380 10 0 1 0 PINTYPE=GROUND
A 0 390 10 0 1 3 #=K6
P 507 0 280 30 280 0 2 0
L 35 280 10 0 2 0 1 0 VSS_M6
A 0 280 10 0 1 0 PINTYPE=GROUND
A 0 290 10 0 1 3 #=M6
P 510 0 170 30 170 0 2 0
L 35 170 10 0 2 0 1 0 VSS_T6
A 0 170 10 0 1 0 PINTYPE=GROUND
A 0 180 10 0 1 3 #=T6
P 513 0 80 30 80 0 2 0
L 35 80 10 0 2 0 1 0 VSS_W6
A 0 80 10 0 1 0 PINTYPE=GROUND
A 0 90 10 0 1 3 #=W6
P 516 0 1150 30 1150 0 2 0
L 35 1150 10 0 2 0 1 0 VSS_AA6
A 0 1150 10 0 1 0 PINTYPE=GROUND
A 0 1160 10 0 1 3 #=AA6
P 519 0 1110 30 1110 0 2 0
L 35 1110 10 0 2 0 1 0 VSS_AB6
A 0 1110 10 0 1 0 PINTYPE=GROUND
A 0 1120 10 0 1 3 #=AB6
P 522 0 970 30 970 0 2 0
L 35 970 10 0 2 0 1 0 VSS_AE6
A 0 970 10 0 1 0 PINTYPE=GROUND
A 0 980 10 0 1 3 #=AE6
P 525 0 930 30 930 0 2 0
L 35 930 10 0 2 0 1 0 VSS_AF6
A 0 930 10 0 1 0 PINTYPE=GROUND
A 0 940 10 0 1 3 #=AF6
P 528 0 810 30 810 0 2 0
L 35 810 10 0 2 0 1 0 VSS_AJ6
A 0 810 10 0 1 0 PINTYPE=GROUND
A 0 820 10 0 1 3 #=AJ6
P 531 0 770 30 770 0 2 0
L 35 770 10 0 2 0 1 0 VSS_AK6
A 0 770 10 0 1 0 PINTYPE=GROUND
A 0 780 10 0 1 3 #=AK6
P 534 0 720 30 720 0 2 0
L 35 720 10 0 2 0 1 0 VSS_B7
A 0 720 10 0 1 0 PINTYPE=GROUND
A 0 730 10 0 1 3 #=B7
P 537 0 690 30 690 0 2 0
L 35 690 10 0 2 0 1 0 VSS_C7
A 0 690 10 0 1 0 PINTYPE=GROUND
A 0 700 10 0 1 3 #=C7
P 540 0 540 30 540 0 2 0
L 35 540 10 0 2 0 1 0 VSS_F7
A 0 540 10 0 1 0 PINTYPE=GROUND
A 0 550 10 0 1 3 #=F7
P 543 0 30 30 30 0 2 0
L 35 30 10 0 2 0 1 0 VSS_G7
A 0 30 10 0 1 0 PINTYPE=GROUND
A 0 40 10 0 1 3 #=G7
P 546 0 420 30 420 0 2 0
L 35 420 10 0 2 0 1 0 VSS_J7
A 0 420 10 0 1 0 PINTYPE=GROUND
A 0 430 10 0 1 3 #=J7
P 549 0 370 30 370 0 2 0
L 35 370 10 0 2 0 1 0 VSS_K7
A 0 370 10 0 1 0 PINTYPE=GROUND
A 0 380 10 0 1 3 #=K7
P 552 0 330 30 330 0 2 0
L 35 330 10 0 2 0 1 0 VSS_L7
A 0 330 10 0 1 0 PINTYPE=GROUND
A 0 340 10 0 1 3 #=L7
P 555 0 50 30 50 0 2 0
L 35 50 10 0 2 0 1 0 VSS_Y7
A 0 50 10 0 1 0 PINTYPE=GROUND
A 0 60 10 0 1 3 #=Y7
P 558 0 1140 30 1140 0 2 0
L 35 1140 10 0 2 0 1 0 VSS_AA7
A 0 1140 10 0 1 0 PINTYPE=GROUND
A 0 1150 10 0 1 3 #=AA7
P 561 0 1100 30 1100 0 2 0
L 35 1100 10 0 2 0 1 0 VSS_AB7
A 0 1100 10 0 1 0 PINTYPE=GROUND
A 0 1110 10 0 1 3 #=AB7
P 564 0 1020 30 1020 0 2 0
L 35 1020 10 0 2 0 1 0 VSS_AD7
A 0 1020 10 0 1 0 PINTYPE=GROUND
A 0 1030 10 0 1 3 #=AD7
P 567 0 960 30 960 0 2 0
L 35 960 10 0 2 0 1 0 VSS_AE7
A 0 960 10 0 1 0 PINTYPE=GROUND
A 0 970 10 0 1 3 #=AE7
P 570 0 860 30 860 0 2 0
L 35 860 10 0 2 0 1 0 VSS_AH7
A 0 860 10 0 1 0 PINTYPE=GROUND
A 0 870 10 0 1 3 #=AH7
P 573 0 800 30 800 0 2 0
L 35 800 10 0 2 0 1 0 VSS_AJ7
A 0 800 10 0 1 0 PINTYPE=GROUND
A 0 810 10 0 1 3 #=AJ7
P 576 0 680 30 680 0 2 0
L 35 680 10 0 2 0 1 0 VSS_C8
A 0 680 10 0 1 0 PINTYPE=GROUND
A 0 690 10 0 1 3 #=C8
P 579 0 640 30 640 0 2 0
L 35 640 10 0 2 0 1 0 VSS_D8
A 0 640 10 0 1 0 PINTYPE=GROUND
A 0 650 10 0 1 3 #=D8
P 582 0 510 30 510 0 2 0
L 35 510 10 0 2 0 1 0 VSS_G8
A 0 510 10 0 1 0 PINTYPE=GROUND
A 0 520 10 0 1 3 #=G8
P 585 0 470 30 470 0 2 0
L 35 470 10 0 2 0 1 0 VSS_H8
A 0 470 10 0 1 0 PINTYPE=GROUND
A 0 480 10 0 1 3 #=H8
P 588 0 360 30 360 0 2 0
L 35 360 10 0 2 0 1 0 VSS_K8
A 0 360 10 0 1 0 PINTYPE=GROUND
A 0 370 10 0 1 3 #=K8
P 591 0 270 30 270 0 2 0
L 35 270 10 0 2 0 1 0 VSS_M8
A 0 270 10 0 1 0 PINTYPE=GROUND
A 0 280 10 0 1 3 #=M8
P 594 0 220 30 220 0 2 0
L 35 220 10 0 2 0 1 0 VSS_P8
A 0 220 10 0 1 0 PINTYPE=GROUND
A 0 230 10 0 1 3 #=P8
P 597 0 120 30 120 0 2 0
L 35 120 10 0 2 0 1 0 VSS_V8
A 0 120 10 0 1 0 PINTYPE=GROUND
A 0 130 10 0 1 3 #=V8
P 600 0 40 30 40 0 2 0
L 35 40 10 0 2 0 1 0 VSS_Y8
A 0 40 10 0 1 0 PINTYPE=GROUND
A 0 50 10 0 1 3 #=Y8
P 603 0 1090 30 1090 0 2 0
L 35 1090 10 0 2 0 1 0 VSS_AB8
A 0 1090 10 0 1 0 PINTYPE=GROUND
A 0 1100 10 0 1 3 #=AB8
P 606 0 1050 30 1050 0 2 0
L 35 1050 10 0 2 0 1 0 VSS_AC8
A 0 1050 10 0 1 0 PINTYPE=GROUND
A 0 1060 10 0 1 3 #=AC8
P 609 0 1010 30 1010 0 2 0
L 35 1010 10 0 2 0 1 0 VSS_AD8
A 0 1010 10 0 1 0 PINTYPE=GROUND
A 0 1020 10 0 1 3 #=AD8
P 612 0 890 30 890 0 2 0
L 35 890 10 0 2 0 1 0 VSS_AG8
A 0 890 10 0 1 0 PINTYPE=GROUND
A 0 900 10 0 1 3 #=AG8
P 615 0 850 30 850 0 2 0
L 35 850 10 0 2 0 1 0 VSS_AH8
A 0 850 10 0 1 0 PINTYPE=GROUND
A 0 860 10 0 1 3 #=AH8
P 618 0 1180 30 1180 0 2 0
L 35 1180 10 0 2 0 1 0 VSS_A9
A 0 1180 10 0 1 0 PINTYPE=GROUND
A 0 1190 10 0 1 3 #=A9
P 621 0 630 30 630 0 2 0
L 35 630 10 0 2 0 1 0 VSS_D9
A 0 630 10 0 1 0 PINTYPE=GROUND
A 0 640 10 0 1 3 #=D9
P 624 0 590 30 590 0 2 0
L 35 590 10 0 2 0 1 0 VSS_E9
A 0 590 10 0 1 0 PINTYPE=GROUND
A 0 600 10 0 1 3 #=E9
P 627 0 460 30 460 0 2 0
L 35 460 10 0 2 0 1 0 VSS_H9
A 0 460 10 0 1 0 PINTYPE=GROUND
A 0 470 10 0 1 3 #=H9
P 630 0 410 30 410 0 2 0
L 35 410 10 0 2 0 1 0 VSS_J9
A 0 410 10 0 1 0 PINTYPE=GROUND
A 0 420 10 0 1 3 #=J9
P 633 0 320 30 320 0 2 0
L 35 320 10 0 2 0 1 0 VSS_L9
A 0 320 10 0 1 0 PINTYPE=GROUND
A 0 330 10 0 1 3 #=L9
P 636 0 200 30 200 0 2 0
L 35 200 10 0 2 0 1 0 VSS_R9
A 0 200 10 0 1 0 PINTYPE=GROUND
A 0 210 10 0 1 3 #=R9
P 639 230 150 200 150 0 3 0
L 195 150 10 0 8 0 1 0 VSS_U9
A 230 150 10 0 1 0 PINTYPE=GROUND
A 230 160 10 0 7 3 #=U9
P 642 230 70 200 70 0 3 0
L 195 70 10 0 8 0 1 0 VSS_W9
A 230 70 10 0 1 0 PINTYPE=GROUND
A 230 80 10 0 7 3 #=W9
P 645 230 1160 200 1160 0 3 0
L 195 1160 10 0 8 0 1 0 VSS_AA9
A 230 1160 10 0 1 0 PINTYPE=GROUND
A 230 1170 10 0 7 3 #=AA9
P 648 230 1040 200 1040 0 3 0
L 195 1040 10 0 8 0 1 0 VSS_AC9
A 230 1040 10 0 1 0 PINTYPE=GROUND
A 230 1050 10 0 7 3 #=AC9
P 651 230 910 200 910 0 3 0
L 195 910 10 0 8 0 1 0 VSS_AF9
A 230 910 10 0 1 0 PINTYPE=GROUND
A 230 920 10 0 7 3 #=AF9
P 654 230 880 200 880 0 3 0
L 195 880 10 0 8 0 1 0 VSS_AG9
A 230 880 10 0 1 0 PINTYPE=GROUND
A 230 890 10 0 7 3 #=AG9
P 657 230 760 200 760 0 3 0
L 195 760 10 0 8 0 1 0 VSS_AK9
A 230 760 10 0 1 0 PINTYPE=GROUND
A 230 770 10 0 7 3 #=AK9
P 660 230 1210 200 1210 0 3 0
L 195 1210 10 0 8 0 1 0 VSS_A10
A 230 1210 10 0 1 0 PINTYPE=GROUND
A 230 1220 10 0 7 3 #=A10
P 663 230 750 200 750 0 3 0
L 195 750 10 0 8 0 1 0 VSS_B10
A 230 750 10 0 1 0 PINTYPE=GROUND
A 230 760 10 0 7 3 #=B10
P 666 230 660 200 660 0 3 0
L 195 660 10 0 8 0 1 0 VSS_E10
A 230 660 10 0 1 0 PINTYPE=GROUND
A 230 670 10 0 7 3 #=E10
P 669 230 600 200 600 0 3 0
L 195 600 10 0 8 0 1 0 VSS_F10
A 230 600 10 0 1 0 PINTYPE=GROUND
A 230 610 10 0 7 3 #=F10
P 672 230 520 200 520 0 3 0
L 195 520 10 0 8 0 1 0 VSS_H10
A 230 520 10 0 1 0 PINTYPE=GROUND
A 230 530 10 0 7 3 #=H10
P 675 230 410 200 410 0 3 0
L 195 410 10 0 8 0 1 0 VSS_K10
A 230 410 10 0 1 0 PINTYPE=GROUND
A 230 420 10 0 7 3 #=K10
P 678 230 360 200 360 0 3 0
L 195 360 10 0 8 0 1 0 VSS_M10
A 230 360 10 0 1 0 PINTYPE=GROUND
A 230 370 10 0 7 3 #=M10
P 681 230 140 200 140 0 3 0
L 195 140 10 0 8 0 1 0 VSS_V10
A 230 140 10 0 1 0 PINTYPE=GROUND
A 230 150 10 0 7 3 #=V10
P 684 230 60 200 60 0 3 0
L 195 60 10 0 8 0 1 0 VSS_Y10
A 230 60 10 0 1 0 PINTYPE=GROUND
A 230 70 10 0 7 3 #=Y10
P 687 230 1150 200 1150 0 3 0
L 195 1150 10 0 8 0 1 0 VSS_AB10
A 230 1150 10 0 1 0 PINTYPE=GROUND
A 230 1160 10 0 7 3 #=AB10
P 690 230 1110 200 1110 0 3 0
L 195 1110 10 0 8 0 1 0 VSS_AC10
A 230 1110 10 0 1 0 PINTYPE=GROUND
A 230 1120 10 0 7 3 #=AC10
P 693 230 990 200 990 0 3 0
L 195 990 10 0 8 0 1 0 VSS_AE10
A 230 990 10 0 1 0 PINTYPE=GROUND
A 230 1000 10 0 7 3 #=AE10
P 696 230 960 200 960 0 3 0
L 195 960 10 0 8 0 1 0 VSS_AF10
A 230 960 10 0 1 0 PINTYPE=GROUND
A 230 970 10 0 7 3 #=AF10
P 699 230 840 200 840 0 3 0
L 195 840 10 0 8 0 1 0 VSS_AJ10
A 230 840 10 0 1 0 PINTYPE=GROUND
A 230 850 10 0 7 3 #=AJ10
P 702 230 790 200 790 0 3 0
L 195 790 10 0 8 0 1 0 VSS_AK10
A 230 790 10 0 1 0 PINTYPE=GROUND
A 230 800 10 0 7 3 #=AK10
P 705 230 20 200 20 0 3 0
L 195 20 10 0 8 0 1 0 VSS_B11
A 230 20 10 0 1 0 PINTYPE=GROUND
A 230 30 10 0 7 3 #=B11
P 708 230 10 200 10 0 3 0
L 195 10 10 0 8 0 1 0 VSS_C11
A 230 10 10 0 1 0 PINTYPE=GROUND
A 230 20 10 0 7 3 #=C11
P 711 230 590 200 590 0 3 0
L 195 590 10 0 8 0 1 0 VSS_F11
A 230 590 10 0 1 0 PINTYPE=GROUND
A 230 600 10 0 7 3 #=F11
P 714 230 560 200 560 0 3 0
L 195 560 10 0 8 0 1 0 VSS_G11
A 230 560 10 0 1 0 PINTYPE=GROUND
A 230 570 10 0 7 3 #=G11
P 717 230 510 200 510 0 3 0
L 195 510 10 0 8 0 1 0 VSS_H11
A 230 510 10 0 1 0 PINTYPE=GROUND
A 230 520 10 0 7 3 #=H11
P 720 230 400 200 400 0 3 0
L 195 400 10 0 8 0 1 0 VSS_L11
A 230 400 10 0 1 0 PINTYPE=GROUND
A 230 410 10 0 7 3 #=L11
P 723 230 320 200 320 0 3 0
L 195 320 10 0 8 0 1 0 VSS_N11
A 230 320 10 0 1 0 PINTYPE=GROUND
A 230 330 10 0 7 3 #=N11
P 726 230 250 200 250 0 3 0
L 195 250 10 0 8 0 1 0 VSS_R11
A 230 250 10 0 1 0 PINTYPE=GROUND
A 230 260 10 0 7 3 #=R11
P 729 230 220 200 220 0 3 0
L 195 220 10 0 8 0 1 0 VSS_T11
A 230 220 10 0 1 0 PINTYPE=GROUND
A 230 230 10 0 7 3 #=T11
P 732 230 180 200 180 0 3 0
L 195 180 10 0 8 0 1 0 VSS_U11
A 230 180 10 0 1 0 PINTYPE=GROUND
A 230 190 10 0 7 3 #=U11
P 735 230 100 200 100 0 3 0
L 195 100 10 0 8 0 1 0 VSS_W11
A 230 100 10 0 1 0 PINTYPE=GROUND
A 230 110 10 0 7 3 #=W11
P 738 230 1170 200 1170 0 3 0
L 195 1170 10 0 8 0 1 0 VSS_AA11
A 230 1170 10 0 1 0 PINTYPE=GROUND
A 230 1180 10 0 7 3 #=AA11
P 741 230 1100 200 1100 0 3 0
L 195 1100 10 0 8 0 1 0 VSS_AC11
A 230 1100 10 0 1 0 PINTYPE=GROUND
A 230 1110 10 0 7 3 #=AC11
P 744 230 1030 200 1030 0 3 0
L 195 1030 10 0 8 0 1 0 VSS_AD11
A 230 1030 10 0 1 0 PINTYPE=GROUND
A 230 1040 10 0 7 3 #=AD11
P 747 230 980 200 980 0 3 0
L 195 980 10 0 8 0 1 0 VSS_AE11
A 230 980 10 0 1 0 PINTYPE=GROUND
A 230 990 10 0 7 3 #=AE11
P 750 230 870 200 870 0 3 0
L 195 870 10 0 8 0 1 0 VSS_AH11
A 230 870 10 0 1 0 PINTYPE=GROUND
A 230 880 10 0 7 3 #=AH11
P 753 230 830 200 830 0 3 0
L 195 830 10 0 8 0 1 0 VSS_AJ11
A 230 830 10 0 1 0 PINTYPE=GROUND
A 230 840 10 0 7 3 #=AJ11
P 756 230 680 200 680 0 3 0
L 195 680 10 0 8 0 1 0 VSS_D12
A 230 680 10 0 1 0 PINTYPE=GROUND
A 230 690 10 0 7 3 #=D12
P 759 230 550 200 550 0 3 0
L 195 550 10 0 8 0 1 0 VSS_G12
A 230 550 10 0 1 0 PINTYPE=GROUND
A 230 560 10 0 7 3 #=G12
P 762 230 500 200 500 0 3 0
L 195 500 10 0 8 0 1 0 VSS_H12
A 230 500 10 0 1 0 PINTYPE=GROUND
A 230 510 10 0 7 3 #=H12
P 765 230 440 200 440 0 3 0
L 195 440 10 0 8 0 1 0 VSS_J12
A 230 440 10 0 1 0 PINTYPE=GROUND
A 230 450 10 0 7 3 #=J12
P 768 230 350 200 350 0 3 0
L 195 350 10 0 8 0 1 0 VSS_M12
A 230 350 10 0 1 0 PINTYPE=GROUND
A 230 360 10 0 7 3 #=M12
P 771 230 280 200 280 0 3 0
L 195 280 10 0 8 0 1 0 VSS_P12
A 230 280 10 0 1 0 PINTYPE=GROUND
A 230 290 10 0 7 3 #=P12
P 774 230 210 200 210 0 3 0
L 195 210 10 0 8 0 1 0 VSS_T12
A 230 210 10 0 1 0 PINTYPE=GROUND
A 230 220 10 0 7 3 #=T12
P 777 230 130 200 130 0 3 0
L 195 130 10 0 8 0 1 0 VSS_V12
A 230 130 10 0 1 0 PINTYPE=GROUND
A 230 140 10 0 7 3 #=V12
P 780 230 50 200 50 0 3 0
L 195 50 10 0 8 0 1 0 VSS_Y12
A 230 50 10 0 1 0 PINTYPE=GROUND
A 230 60 10 0 7 3 #=Y12
P 783 230 1140 200 1140 0 3 0
L 195 1140 10 0 8 0 1 0 VSS_AB12
A 230 1140 10 0 1 0 PINTYPE=GROUND
A 230 1150 10 0 7 3 #=AB12
P 786 230 1090 200 1090 0 3 0
L 195 1090 10 0 8 0 1 0 VSS_AC12
A 230 1090 10 0 1 0 PINTYPE=GROUND
A 230 1100 10 0 7 3 #=AC12
P 789 230 1020 200 1020 0 3 0
L 195 1020 10 0 8 0 1 0 VSS_AD12
A 230 1020 10 0 1 0 PINTYPE=GROUND
A 230 1030 10 0 7 3 #=AD12
P 792 230 900 200 900 0 3 0
L 195 900 10 0 8 0 1 0 VSS_AG12
A 230 900 10 0 1 0 PINTYPE=GROUND
A 230 910 10 0 7 3 #=AG12
P 795 230 1200 200 1200 0 3 0
L 195 1200 10 0 8 0 1 0 VSS_A13
A 230 1200 10 0 1 0 PINTYPE=GROUND
A 230 1210 10 0 7 3 #=A13
P 798 230 670 200 670 0 3 0
L 195 670 10 0 8 0 1 0 VSS_D13
A 230 670 10 0 1 0 PINTYPE=GROUND
A 230 680 10 0 7 3 #=D13
P 801 230 650 200 650 0 3 0
L 195 650 10 0 8 0 1 0 VSS_E13
A 230 650 10 0 1 0 PINTYPE=GROUND
A 230 660 10 0 7 3 #=E13
P 804 230 490 200 490 0 3 0
L 195 490 10 0 8 0 1 0 VSS_H13
A 230 490 10 0 1 0 PINTYPE=GROUND
A 230 500 10 0 7 3 #=H13
P 807 230 390 200 390 0 3 0
L 195 390 10 0 8 0 1 0 VSS_L13
A 230 390 10 0 1 0 PINTYPE=GROUND
A 230 400 10 0 7 3 #=L13
P 810 230 310 200 310 0 3 0
L 195 310 10 0 8 0 1 0 VSS_N13
A 230 310 10 0 1 0 PINTYPE=GROUND
A 230 320 10 0 7 3 #=N13
P 813 230 240 200 240 0 3 0
L 195 240 10 0 8 0 1 0 VSS_R13
A 230 240 10 0 1 0 PINTYPE=GROUND
A 230 250 10 0 7 3 #=R13
P 816 230 170 200 170 0 3 0
L 195 170 10 0 8 0 1 0 VSS_U13
A 230 170 10 0 1 0 PINTYPE=GROUND
A 230 180 10 0 7 3 #=U13
P 819 230 90 200 90 0 3 0
L 195 90 10 0 8 0 1 0 VSS_W13
A 230 90 10 0 1 0 PINTYPE=GROUND
A 230 100 10 0 7 3 #=W13
P 822 230 1130 200 1130 0 3 0
L 195 1130 10 0 8 0 1 0 VSS_AB13
A 230 1130 10 0 1 0 PINTYPE=GROUND
A 230 1140 10 0 7 3 #=AB13
P 825 230 1080 200 1080 0 3 0
L 195 1080 10 0 8 0 1 0 VSS_AC13
A 230 1080 10 0 1 0 PINTYPE=GROUND
A 230 1090 10 0 7 3 #=AC13
P 828 230 950 200 950 0 3 0
L 195 950 10 0 8 0 1 0 VSS_AF13
A 230 950 10 0 1 0 PINTYPE=GROUND
A 230 960 10 0 7 3 #=AF13
P 831 230 890 200 890 0 3 0
L 195 890 10 0 8 0 1 0 VSS_AG13
A 230 890 10 0 1 0 PINTYPE=GROUND
A 230 900 10 0 7 3 #=AG13
P 834 230 780 200 780 0 3 0
L 195 780 10 0 8 0 1 0 VSS_AK13
A 230 780 10 0 1 0 PINTYPE=GROUND
A 230 790 10 0 7 3 #=AK13
P 837 230 1190 200 1190 0 3 0
L 195 1190 10 0 8 0 1 0 VSS_A14
A 230 1190 10 0 1 0 PINTYPE=GROUND
A 230 1200 10 0 7 3 #=A14
P 840 230 740 200 740 0 3 0
L 195 740 10 0 8 0 1 0 VSS_B14
A 230 740 10 0 1 0 PINTYPE=GROUND
A 230 750 10 0 7 3 #=B14
P 843 230 640 200 640 0 3 0
L 195 640 10 0 8 0 1 0 VSS_E14
A 230 640 10 0 1 0 PINTYPE=GROUND
A 230 650 10 0 7 3 #=E14
P 846 230 580 200 580 0 3 0
L 195 580 10 0 8 0 1 0 VSS_F14
A 230 580 10 0 1 0 PINTYPE=GROUND
A 230 590 10 0 7 3 #=F14
P 849 230 480 200 480 0 3 0
L 195 480 10 0 8 0 1 0 VSS_H14
A 230 480 10 0 1 0 PINTYPE=GROUND
A 230 490 10 0 7 3 #=H14
P 852 230 430 200 430 0 3 0
L 195 430 10 0 8 0 1 0 VSS_J14
A 230 430 10 0 1 0 PINTYPE=GROUND
A 230 440 10 0 7 3 #=J14
P 855 230 340 200 340 0 3 0
L 195 340 10 0 8 0 1 0 VSS_M14
A 230 340 10 0 1 0 PINTYPE=GROUND
A 230 350 10 0 7 3 #=M14
P 858 230 270 200 270 0 3 0
L 195 270 10 0 8 0 1 0 VSS_P14
A 230 270 10 0 1 0 PINTYPE=GROUND
A 230 280 10 0 7 3 #=P14
P 861 230 200 200 200 0 3 0
L 195 200 10 0 8 0 1 0 VSS_T14
A 230 200 10 0 1 0 PINTYPE=GROUND
A 230 210 10 0 7 3 #=T14
P 864 230 120 200 120 0 3 0
L 195 120 10 0 8 0 1 0 VSS_V14
A 230 120 10 0 1 0 PINTYPE=GROUND
A 230 130 10 0 7 3 #=V14
P 867 230 40 200 40 0 3 0
L 195 40 10 0 8 0 1 0 VSS_Y14
A 230 40 10 0 1 0 PINTYPE=GROUND
A 230 50 10 0 7 3 #=Y14
P 870 230 1070 200 1070 0 3 0
L 195 1070 10 0 8 0 1 0 VSS_AC14
A 230 1070 10 0 1 0 PINTYPE=GROUND
A 230 1080 10 0 7 3 #=AC14
P 873 230 970 200 970 0 3 0
L 195 970 10 0 8 0 1 0 VSS_AE14
A 230 970 10 0 1 0 PINTYPE=GROUND
A 230 980 10 0 7 3 #=AE14
P 876 230 940 200 940 0 3 0
L 195 940 10 0 8 0 1 0 VSS_AF14
A 230 940 10 0 1 0 PINTYPE=GROUND
A 230 950 10 0 7 3 #=AF14
P 879 230 820 200 820 0 3 0
L 195 820 10 0 8 0 1 0 VSS_AJ14
A 230 820 10 0 1 0 PINTYPE=GROUND
A 230 830 10 0 7 3 #=AJ14
P 882 230 770 200 770 0 3 0
L 195 770 10 0 8 0 1 0 VSS_AK14
A 230 770 10 0 1 0 PINTYPE=GROUND
A 230 780 10 0 7 3 #=AK14
P 885 230 730 200 730 0 3 0
L 195 730 10 0 8 0 1 0 VSS_B15
A 230 730 10 0 1 0 PINTYPE=GROUND
A 230 740 10 0 7 3 #=B15
P 888 230 700 200 700 0 3 0
L 195 700 10 0 8 0 1 0 VSS_C15
A 230 700 10 0 1 0 PINTYPE=GROUND
A 230 710 10 0 7 3 #=C15
P 891 230 630 200 630 0 3 0
L 195 630 10 0 8 0 1 0 VSS_E15
A 230 630 10 0 1 0 PINTYPE=GROUND
A 230 640 10 0 7 3 #=E15
P 894 230 540 200 540 0 3 0
L 195 540 10 0 8 0 1 0 VSS_G15
A 230 540 10 0 1 0 PINTYPE=GROUND
A 230 550 10 0 7 3 #=G15
P 897 230 470 200 470 0 3 0
L 195 470 10 0 8 0 1 0 VSS_H15
A 230 470 10 0 1 0 PINTYPE=GROUND
A 230 480 10 0 7 3 #=H15
P 900 230 380 200 380 0 3 0
L 195 380 10 0 8 0 1 0 VSS_L15
A 230 380 10 0 1 0 PINTYPE=GROUND
A 230 390 10 0 7 3 #=L15
P 903 230 300 200 300 0 3 0
L 195 300 10 0 8 0 1 0 VSS_N15
A 230 300 10 0 1 0 PINTYPE=GROUND
A 230 310 10 0 7 3 #=N15
P 906 230 230 200 230 0 3 0
L 195 230 10 0 8 0 1 0 VSS_R15
A 230 230 10 0 1 0 PINTYPE=GROUND
A 230 240 10 0 7 3 #=R15
P 909 230 160 200 160 0 3 0
L 195 160 10 0 8 0 1 0 VSS_U15
A 230 160 10 0 1 0 PINTYPE=GROUND
A 230 170 10 0 7 3 #=U15
P 912 230 80 200 80 0 3 0
L 195 80 10 0 8 0 1 0 VSS_W15
A 230 80 10 0 1 0 PINTYPE=GROUND
A 230 90 10 0 7 3 #=W15
P 915 230 1120 200 1120 0 3 0
L 195 1120 10 0 8 0 1 0 VSS_AB15
A 230 1120 10 0 1 0 PINTYPE=GROUND
A 230 1130 10 0 7 3 #=AB15
P 918 230 1060 200 1060 0 3 0
L 195 1060 10 0 8 0 1 0 VSS_AC15
A 230 1060 10 0 1 0 PINTYPE=GROUND
A 230 1070 10 0 7 3 #=AC15
P 921 230 1010 200 1010 0 3 0
L 195 1010 10 0 8 0 1 0 VSS_AD15
A 230 1010 10 0 1 0 PINTYPE=GROUND
A 230 1020 10 0 7 3 #=AD15
P 924 230 930 200 930 0 3 0
L 195 930 10 0 8 0 1 0 VSS_AF15
A 230 930 10 0 1 0 PINTYPE=GROUND
A 230 940 10 0 7 3 #=AF15
P 927 230 860 200 860 0 3 0
L 195 860 10 0 8 0 1 0 VSS_AH15
A 230 860 10 0 1 0 PINTYPE=GROUND
A 230 870 10 0 7 3 #=AH15
P 930 230 810 200 810 0 3 0
L 195 810 10 0 8 0 1 0 VSS_AJ15
A 230 810 10 0 1 0 PINTYPE=GROUND
A 230 820 10 0 7 3 #=AJ15
P 933 230 720 200 720 0 3 0
L 195 720 10 0 8 0 1 0 VSS_B16
A 230 720 10 0 1 0 PINTYPE=GROUND
A 230 730 10 0 7 3 #=B16
P 936 230 690 200 690 0 3 0
L 195 690 10 0 8 0 1 0 VSS_C16
A 230 690 10 0 1 0 PINTYPE=GROUND
A 230 700 10 0 7 3 #=C16
P 939 230 620 200 620 0 3 0
L 195 620 10 0 8 0 1 0 VSS_E16
A 230 620 10 0 1 0 PINTYPE=GROUND
A 230 630 10 0 7 3 #=E16
P 942 230 530 200 530 0 3 0
L 195 530 10 0 8 0 1 0 VSS_G16
A 230 530 10 0 1 0 PINTYPE=GROUND
A 230 540 10 0 7 3 #=G16
P 945 230 460 200 460 0 3 0
L 195 460 10 0 8 0 1 0 VSS_H16
A 230 460 10 0 1 0 PINTYPE=GROUND
A 230 470 10 0 7 3 #=H16
P 948 230 420 200 420 0 3 0
L 195 420 10 0 8 0 1 0 VSS_J16
A 230 420 10 0 1 0 PINTYPE=GROUND
A 230 430 10 0 7 3 #=J16
P 951 230 330 200 330 0 3 0
L 195 330 10 0 8 0 1 0 VSS_M16
A 230 330 10 0 1 0 PINTYPE=GROUND
A 230 340 10 0 7 3 #=M16
P 954 230 260 200 260 0 3 0
L 195 260 10 0 8 0 1 0 VSS_P16
A 230 260 10 0 1 0 PINTYPE=GROUND
A 230 270 10 0 7 3 #=P16
P 957 230 190 200 190 0 3 0
L 195 190 10 0 8 0 1 0 VSS_T16
A 230 190 10 0 1 0 PINTYPE=GROUND
A 230 200 10 0 7 3 #=T16
P 960 230 110 200 110 0 3 0
L 195 110 10 0 8 0 1 0 VSS_V16
A 230 110 10 0 1 0 PINTYPE=GROUND
A 230 120 10 0 7 3 #=V16
P 963 230 30 200 30 0 3 0
L 195 30 10 0 8 0 1 0 VSS_Y16
A 230 30 10 0 1 0 PINTYPE=GROUND
A 230 40 10 0 7 3 #=Y16
P 966 230 1050 200 1050 0 3 0
L 195 1050 10 0 8 0 1 0 VSS_AC16
A 230 1050 10 0 1 0 PINTYPE=GROUND
A 230 1060 10 0 7 3 #=AC16
P 969 230 1000 200 1000 0 3 0
L 195 1000 10 0 8 0 1 0 VSS_AD16
A 230 1000 10 0 1 0 PINTYPE=GROUND
A 230 1010 10 0 7 3 #=AD16
P 972 230 920 200 920 0 3 0
L 195 920 10 0 8 0 1 0 VSS_AF16
A 230 920 10 0 1 0 PINTYPE=GROUND
A 230 930 10 0 7 3 #=AF16
P 975 230 850 200 850 0 3 0
L 195 850 10 0 8 0 1 0 VSS_AH16
A 230 850 10 0 1 0 PINTYPE=GROUND
A 230 860 10 0 7 3 #=AH16
P 978 230 800 200 800 0 3 0
L 195 800 10 0 8 0 1 0 VSS_AJ16
A 230 800 10 0 1 0 PINTYPE=GROUND
A 230 810 10 0 7 3 #=AJ16
P 981 230 1180 200 1180 0 3 0
L 195 1180 10 0 8 0 1 0 VSS_A17
A 230 1180 10 0 1 0 PINTYPE=GROUND
A 230 1190 10 0 7 3 #=A17
P 984 230 710 200 710 0 3 0
L 195 710 10 0 8 0 1 0 VSS_B17
A 230 710 10 0 1 0 PINTYPE=GROUND
A 230 720 10 0 7 3 #=B17
P 987 230 610 200 610 0 3 0
L 195 610 10 0 8 0 1 0 VSS_E17
A 230 610 10 0 1 0 PINTYPE=GROUND
A 230 620 10 0 7 3 #=E17
P 990 230 570 200 570 0 3 0
L 195 570 10 0 8 0 1 0 VSS_F17
A 230 570 10 0 1 0 PINTYPE=GROUND
A 230 580 10 0 7 3 #=F17
P 993 230 450 200 450 0 3 0
L 195 450 10 0 8 0 1 0 VSS_H17
A 230 450 10 0 1 0 PINTYPE=GROUND
A 230 460 10 0 7 3 #=H17
P 996 230 370 200 370 0 3 0
L 195 370 10 0 8 0 1 0 VSS_L17
A 230 370 10 0 1 0 PINTYPE=GROUND
A 230 380 10 0 7 3 #=L17
P 999 230 290 200 290 0 3 0
L 195 290 10 0 8 0 1 0 VSS_N17
A 230 290 10 0 1 0 PINTYPE=GROUND
A 230 300 10 0 7 3 #=N17
E 
