V 53
K 1397459781 MT43A4G80100NFH-S15_L3.1
F Case
|R 0:16:21_4-14-14
D 0 710 210 0
Y 1
Z 10
i 3699
U 0 -25 5 0 3 0 LEVEL=STD
U 0 -20 5 0 3 0 PARTS=1
U 0 -20 16 0 3 3 REFDES=U?
U 140 -10 10 0 3 3 PKG_TYPE=PKG_TYPE
U 15 315 10 0 9 0 VALUE=VALUE
U 0 690 10 0 3 3 DEVICE=DEVICE
U 15 -15 10 0 1 0 HETERO=(MT43A4G80100NFH-S15_L0),(MT43A4G80100NFH-S15_L1),(MT43A4G80100NFH-S15_L2),(MT43A4G80100NFH-S15_L3),(MT43A4G80100NFH-S15_CNTL),(MT43A4G80100NFH-S15_GND1),(MT43A4G80100NFH-S15_GND2),(MT43A4G80100NFH-S15_PWR),(MT43A4G80100NFH-S15_NC)
U 0 0 10 0 1 0 FORWARD_PCB=1
b 0 0 180 690
P 3503 210 670 180 670 0 3 0
L 175 670 10 0 8 0 1 0 L3RXN_0
A 210 670 10 0 1 0 PINTYPE=IN
A 210 680 10 0 7 3 #=AG3
P 3506 210 650 180 650 0 3 0
L 175 650 10 0 8 0 1 0 L3RXN_1
A 210 650 10 0 1 0 PINTYPE=IN
A 210 660 10 0 7 3 #=AH2
P 3509 210 630 180 630 0 3 0
L 175 630 10 0 8 0 1 0 L3RXN_2
A 210 630 10 0 1 0 PINTYPE=IN
A 210 640 10 0 7 3 #=W4
P 3512 210 610 180 610 0 3 0
L 175 610 10 0 8 0 1 0 L3RXN_3
A 210 610 10 0 1 0 PINTYPE=IN
A 210 620 10 0 7 3 #=Y2
P 3515 210 590 180 590 0 3 0
L 175 590 10 0 8 0 1 0 L3RXN_4
A 210 590 10 0 1 0 PINTYPE=IN
A 210 600 10 0 7 3 #=AF4
P 3518 210 570 180 570 0 3 0
L 175 570 10 0 8 0 1 0 L3RXN_5
A 210 570 10 0 1 0 PINTYPE=IN
A 210 580 10 0 7 3 #=AE5
P 3521 210 550 180 550 0 3 0
L 175 550 10 0 8 0 1 0 L3RXN_6
A 210 550 10 0 1 0 PINTYPE=IN
A 210 560 10 0 7 3 #=AD6
P 3524 210 530 180 530 0 3 0
L 175 530 10 0 8 0 1 0 L3RXN_7
A 210 530 10 0 1 0 PINTYPE=IN
A 210 540 10 0 7 3 #=AC7
P 3527 210 510 180 510 0 3 0
L 175 510 10 0 8 0 1 0 L3RXN_8
A 210 510 10 0 1 0 PINTYPE=IN
A 210 520 10 0 7 3 #=AK8
P 3530 210 490 180 490 0 3 0
L 175 490 10 0 8 0 1 0 L3RXN_9
A 210 490 10 0 1 0 PINTYPE=IN
A 210 500 10 0 7 3 #=AE16
P 3533 210 470 180 470 0 3 0
L 175 470 10 0 8 0 1 0 L3RXN_10
A 210 470 10 0 1 0 PINTYPE=IN
A 210 480 10 0 7 3 #=AE13
P 3536 210 450 180 450 0 3 0
L 175 450 10 0 8 0 1 0 L3RXN_11
A 210 450 10 0 1 0 PINTYPE=IN
A 210 460 10 0 7 3 #=AD14
P 3539 210 430 180 430 0 3 0
L 175 430 10 0 8 0 1 0 L3RXN_12
A 210 430 10 0 1 0 PINTYPE=IN
A 210 440 10 0 7 3 #=AJ9
P 3542 210 410 180 410 0 3 0
L 175 410 10 0 8 0 1 0 L3RXN_13
A 210 410 10 0 1 0 PINTYPE=IN
A 210 420 10 0 7 3 #=AH10
P 3545 210 390 180 390 0 3 0
L 175 390 10 0 8 0 1 0 L3RXN_14
A 210 390 10 0 1 0 PINTYPE=IN
A 210 400 10 0 7 3 #=AG11
P 3548 210 370 180 370 0 3 0
L 175 370 10 0 8 0 1 0 L3RXN_15
A 210 370 10 0 1 0 PINTYPE=IN
A 210 380 10 0 7 3 #=AF12
P 3551 210 680 180 680 0 3 0
L 175 680 10 0 8 0 1 0 L3RXP_0
A 210 680 10 0 1 0 PINTYPE=IN
A 210 690 10 0 7 3 #=AG2
P 3554 210 660 180 660 0 3 0
L 175 660 10 0 8 0 1 0 L3RXP_1
A 210 660 10 0 1 0 PINTYPE=IN
A 210 670 10 0 7 3 #=AH1
P 3557 210 640 180 640 0 3 0
L 175 640 10 0 8 0 1 0 L3RXP_2
A 210 640 10 0 1 0 PINTYPE=IN
A 210 650 10 0 7 3 #=W3
P 3560 210 620 180 620 0 3 0
L 175 620 10 0 8 0 1 0 L3RXP_3
A 210 620 10 0 1 0 PINTYPE=IN
A 210 630 10 0 7 3 #=Y1
P 3563 210 600 180 600 0 3 0
L 175 600 10 0 8 0 1 0 L3RXP_4
A 210 600 10 0 1 0 PINTYPE=IN
A 210 610 10 0 7 3 #=AF3
P 3566 210 580 180 580 0 3 0
L 175 580 10 0 8 0 1 0 L3RXP_5
A 210 580 10 0 1 0 PINTYPE=IN
A 210 590 10 0 7 3 #=AE4
P 3569 210 560 180 560 0 3 0
L 175 560 10 0 8 0 1 0 L3RXP_6
A 210 560 10 0 1 0 PINTYPE=IN
A 210 570 10 0 7 3 #=AD5
P 3572 210 540 180 540 0 3 0
L 175 540 10 0 8 0 1 0 L3RXP_7
A 210 540 10 0 1 0 PINTYPE=IN
A 210 550 10 0 7 3 #=AC6
P 3575 210 520 180 520 0 3 0
L 175 520 10 0 8 0 1 0 L3RXP_8
A 210 520 10 0 1 0 PINTYPE=IN
A 210 530 10 0 7 3 #=AK7
P 3578 210 500 180 500 0 3 0
L 175 500 10 0 8 0 1 0 L3RXP_9
A 210 500 10 0 1 0 PINTYPE=IN
A 210 510 10 0 7 3 #=AE15
P 3581 210 480 180 480 0 3 0
L 175 480 10 0 8 0 1 0 L3RXP_10
A 210 480 10 0 1 0 PINTYPE=IN
A 210 490 10 0 7 3 #=AE12
P 3584 210 460 180 460 0 3 0
L 175 460 10 0 8 0 1 0 L3RXP_11
A 210 460 10 0 1 0 PINTYPE=IN
A 210 470 10 0 7 3 #=AD13
P 3587 210 440 180 440 0 3 0
L 175 440 10 0 8 0 1 0 L3RXP_12
A 210 440 10 0 1 0 PINTYPE=IN
A 210 450 10 0 7 3 #=AJ8
P 3590 210 420 180 420 0 3 0
L 175 420 10 0 8 0 1 0 L3RXP_13
A 210 420 10 0 1 0 PINTYPE=IN
A 210 430 10 0 7 3 #=AH9
P 3593 210 400 180 400 0 3 0
L 175 400 10 0 8 0 1 0 L3RXP_14
A 210 400 10 0 1 0 PINTYPE=IN
A 210 410 10 0 7 3 #=AG10
P 3596 210 380 180 380 0 3 0
L 175 380 10 0 8 0 1 0 L3RXP_15
A 210 380 10 0 1 0 PINTYPE=IN
A 210 390 10 0 7 3 #=AF11
P 3599 210 340 180 340 0 3 0
L 175 340 10 0 8 0 1 0 L3TXN_0
A 210 340 10 0 1 0 PINTYPE=OUT
A 210 350 10 0 7 3 #=AH6
P 3602 210 320 180 320 0 3 0
L 175 320 10 0 8 0 1 0 L3TXN_1
A 210 320 10 0 1 0 PINTYPE=OUT
A 210 330 10 0 7 3 #=AD10
P 3605 210 300 180 300 0 3 0
L 175 300 10 0 8 0 1 0 L3TXN_2
A 210 300 10 0 1 0 PINTYPE=OUT
A 210 310 10 0 7 3 #=Y6
P 3608 210 280 180 280 0 3 0
L 175 280 10 0 8 0 1 0 L3TXN_3
A 210 280 10 0 1 0 PINTYPE=OUT
A 210 290 10 0 7 3 #=AA5
P 3611 210 260 180 260 0 3 0
L 175 260 10 0 8 0 1 0 L3TXN_4
A 210 260 10 0 1 0 PINTYPE=OUT
A 210 270 10 0 7 3 #=AK4
P 3614 210 240 180 240 0 3 0
L 175 240 10 0 8 0 1 0 L3TXN_5
A 210 240 10 0 1 0 PINTYPE=OUT
A 210 250 10 0 7 3 #=AD2
P 3617 210 220 180 220 0 3 0
L 175 220 10 0 8 0 1 0 L3TXN_6
A 210 220 10 0 1 0 PINTYPE=OUT
A 210 230 10 0 7 3 #=AC3
P 3620 210 200 180 200 0 3 0
L 175 200 10 0 8 0 1 0 L3TXN_7
A 210 200 10 0 1 0 PINTYPE=OUT
A 210 210 10 0 7 3 #=AB4
P 3623 210 180 180 180 0 3 0
L 175 180 10 0 8 0 1 0 L3TXN_8
A 210 180 10 0 1 0 PINTYPE=OUT
A 210 190 10 0 7 3 #=AH14
P 3626 210 160 180 160 0 3 0
L 175 160 10 0 8 0 1 0 L3TXN_9
A 210 160 10 0 1 0 PINTYPE=OUT
A 210 170 10 0 7 3 #=AG15
P 3629 210 140 180 140 0 3 0
L 175 140 10 0 8 0 1 0 L3TXN_10
A 210 140 10 0 1 0 PINTYPE=OUT
A 210 150 10 0 7 3 #=AE9
P 3632 210 120 180 120 0 3 0
L 175 120 10 0 8 0 1 0 L3TXN_11
A 210 120 10 0 1 0 PINTYPE=OUT
A 210 130 10 0 7 3 #=AF8
P 3635 210 100 180 100 0 3 0
L 175 100 10 0 8 0 1 0 L3TXN_12
A 210 100 10 0 1 0 PINTYPE=OUT
A 210 110 10 0 7 3 #=AJ13
P 3638 210 80 180 80 0 3 0
L 175 80 10 0 8 0 1 0 L3TXN_13
A 210 80 10 0 1 0 PINTYPE=OUT
A 210 90 10 0 7 3 #=AK12
P 3641 210 60 180 60 0 3 0
L 175 60 10 0 8 0 1 0 L3TXN_14
A 210 60 10 0 1 0 PINTYPE=OUT
A 210 70 10 0 7 3 #=AJ5
P 3644 210 40 180 40 0 3 0
L 175 40 10 0 8 0 1 0 L3TXN_15
A 210 40 10 0 1 0 PINTYPE=OUT
A 210 50 10 0 7 3 #=AG7
P 3647 210 350 180 350 0 3 0
L 175 350 10 0 8 0 1 0 L3TXP_0
A 210 350 10 0 1 0 PINTYPE=OUT
A 210 360 10 0 7 3 #=AH5
P 3650 210 330 180 330 0 3 0
L 175 330 10 0 8 0 1 0 L3TXP_1
A 210 330 10 0 1 0 PINTYPE=OUT
A 210 340 10 0 7 3 #=AD9
P 3653 210 310 180 310 0 3 0
L 175 310 10 0 8 0 1 0 L3TXP_2
A 210 310 10 0 1 0 PINTYPE=OUT
A 210 320 10 0 7 3 #=Y5
P 3656 210 290 180 290 0 3 0
L 175 290 10 0 8 0 1 0 L3TXP_3
A 210 290 10 0 1 0 PINTYPE=OUT
A 210 300 10 0 7 3 #=AA4
P 3659 210 270 180 270 0 3 0
L 175 270 10 0 8 0 1 0 L3TXP_4
A 210 270 10 0 1 0 PINTYPE=OUT
A 210 280 10 0 7 3 #=AK3
P 3662 210 250 180 250 0 3 0
L 175 250 10 0 8 0 1 0 L3TXP_5
A 210 250 10 0 1 0 PINTYPE=OUT
A 210 260 10 0 7 3 #=AD1
P 3665 210 230 180 230 0 3 0
L 175 230 10 0 8 0 1 0 L3TXP_6
A 210 230 10 0 1 0 PINTYPE=OUT
A 210 240 10 0 7 3 #=AC2
P 3668 210 210 180 210 0 3 0
L 175 210 10 0 8 0 1 0 L3TXP_7
A 210 210 10 0 1 0 PINTYPE=OUT
A 210 220 10 0 7 3 #=AB3
P 3671 210 190 180 190 0 3 0
L 175 190 10 0 8 0 1 0 L3TXP_8
A 210 190 10 0 1 0 PINTYPE=OUT
A 210 200 10 0 7 3 #=AH13
P 3674 210 170 180 170 0 3 0
L 175 170 10 0 8 0 1 0 L3TXP_9
A 210 170 10 0 1 0 PINTYPE=OUT
A 210 180 10 0 7 3 #=AG14
P 3677 210 150 180 150 0 3 0
L 175 150 10 0 8 0 1 0 L3TXP_10
A 210 150 10 0 1 0 PINTYPE=OUT
A 210 160 10 0 7 3 #=AE8
P 3680 210 130 180 130 0 3 0
L 175 130 10 0 8 0 1 0 L3TXP_11
A 210 130 10 0 1 0 PINTYPE=OUT
A 210 140 10 0 7 3 #=AF7
P 3683 210 110 180 110 0 3 0
L 175 110 10 0 8 0 1 0 L3TXP_12
A 210 110 10 0 1 0 PINTYPE=OUT
A 210 120 10 0 7 3 #=AJ12
P 3686 210 90 180 90 0 3 0
L 175 90 10 0 8 0 1 0 L3TXP_13
A 210 90 10 0 1 0 PINTYPE=OUT
A 210 100 10 0 7 3 #=AK11
P 3689 210 70 180 70 0 3 0
L 175 70 10 0 8 0 1 0 L3TXP_14
A 210 70 10 0 1 0 PINTYPE=OUT
A 210 80 10 0 7 3 #=AJ4
P 3692 210 50 180 50 0 3 0
L 175 50 10 0 8 0 1 0 L3TXP_15
A 210 50 10 0 1 0 PINTYPE=OUT
A 210 60 10 0 7 3 #=AG6
P 3695 210 20 180 20 0 3 0
L 175 20 10 0 8 0 1 0 L3RXPS
A 210 20 10 0 1 0 PINTYPE=IN
A 210 30 10 0 7 3 #=P2
P 3698 210 10 180 10 0 3 0
L 175 10 10 0 8 0 1 0 L3TXPS
A 210 10 10 0 1 0 PINTYPE=IN
A 210 20 10 0 7 3 #=P3
E 
