V 53
K 1420677662 mt44k32m36a_POWER_REF_VOLT.1
F Case
|R 16:41:2_1-7-15
D 0 640 215 0
Y 1
Z 10
i 80
U 30 590 10 0 3 3 DEVICE=XXXXXXX
U 30 50 16 0 1 3 REFDES=U?
U 185 35 10 0 9 3 PKG_TYPE=XXXXXXX
U 0 0 10 0 3 0 HETERO=mt44k32m36a_CLK_DATA_ADDRESS,mt44k32m36a_POWER_REF_VOLT
U 0 0 10 0 1 0 FORWARD_PCB=1
b 30 50 185 590
T 110 550 20 0 5 POWER
T 110 570 20 0 5 MT44K32M36
T 35 520 10 0 2 VEXT
Q 15 0 0
|FNTSTL 16777215 0
T 35 510 10 0 2 VEXT
Q 15 0 0
|FNTSTL 16777215 0
T 35 500 10 0 2 VEXT
Q 15 0 0
|FNTSTL 16777215 0
T 35 490 10 0 2 VEXT
Q 15 0 0
|FNTSTL 16777215 0
T 35 470 10 0 2 VDD
Q 15 0 0
|FNTSTL 16777215 0
T 35 460 10 0 2 VDD
Q 15 0 0
|FNTSTL 16777215 0
T 35 450 10 0 2 VDD
Q 15 0 0
|FNTSTL 16777215 0
T 35 440 10 0 2 VDD
Q 15 0 0
|FNTSTL 16777215 0
T 35 430 10 0 2 VDD
Q 15 0 0
|FNTSTL 16777215 0
T 35 420 10 0 2 VDD
Q 15 0 0
|FNTSTL 16777215 0
T 35 410 10 0 2 VDD
Q 15 0 0
|FNTSTL 16777215 0
T 35 400 10 0 2 VDD
Q 15 0 0
|FNTSTL 16777215 0
T 35 390 10 0 2 VDD
Q 15 0 0
|FNTSTL 16777215 0
T 35 380 10 0 2 VDD
Q 15 0 0
|FNTSTL 16777215 0
T 35 370 10 0 2 VDD
Q 15 0 0
|FNTSTL 16777215 0
T 35 360 10 0 2 VDD
Q 15 0 0
|FNTSTL 16777215 0
T 35 350 10 0 2 VDD
Q 15 0 0
|FNTSTL 16777215 0
T 35 340 10 0 2 VDD
Q 15 0 0
|FNTSTL 16777215 0
T 35 320 10 0 2 VDDQ
Q 15 0 0
|FNTSTL 16777215 0
T 35 310 10 0 2 VDDQ
Q 15 0 0
|FNTSTL 16777215 0
T 35 300 10 0 2 VDDQ
Q 15 0 0
|FNTSTL 16777215 0
T 35 290 10 0 2 VDDQ
Q 15 0 0
|FNTSTL 16777215 0
T 35 280 10 0 2 VDDQ
Q 15 0 0
|FNTSTL 16777215 0
T 35 270 10 0 2 VDDQ
Q 15 0 0
|FNTSTL 16777215 0
T 35 260 10 0 2 VDDQ
Q 15 0 0
|FNTSTL 16777215 0
T 35 250 10 0 2 VDDQ
Q 15 0 0
|FNTSTL 16777215 0
T 35 240 10 0 2 VDDQ
Q 15 0 0
|FNTSTL 16777215 0
T 35 230 10 0 2 VDDQ
Q 15 0 0
|FNTSTL 16777215 0
T 35 220 10 0 2 VDDQ
Q 15 0 0
|FNTSTL 16777215 0
T 35 210 10 0 2 VDDQ
Q 15 0 0
|FNTSTL 16777215 0
T 35 200 10 0 2 VDDQ
Q 15 0 0
|FNTSTL 16777215 0
T 35 190 10 0 2 VDDQ
Q 15 0 0
|FNTSTL 16777215 0
T 35 180 10 0 2 VDDQ
Q 15 0 0
|FNTSTL 16777215 0
T 35 170 10 0 2 VDDQ
Q 15 0 0
|FNTSTL 16777215 0
T 35 160 10 0 2 VDDQ
Q 15 0 0
|FNTSTL 16777215 0
T 35 150 10 0 2 VDDQ
Q 15 0 0
|FNTSTL 16777215 0
T 35 140 10 0 2 VDDQ
Q 15 0 0
|FNTSTL 16777215 0
T 35 130 10 0 2 VDDQ
Q 15 0 0
|FNTSTL 16777215 0
T 35 120 10 0 2 VDDQ
Q 15 0 0
|FNTSTL 16777215 0
T 35 110 10 0 2 VDDQ
Q 15 0 0
|FNTSTL 16777215 0
T 35 90 10 0 2 VREF
Q 15 0 0
|FNTSTL 16777215 0
T 35 80 10 0 2 VREF
Q 15 0 0
|FNTSTL 16777215 0
T 180 520 10 0 8 VSS
Q 15 0 0
|FNTSTL 16777215 0
T 180 500 10 0 8 VSS
Q 15 0 0
|FNTSTL 16777215 0
T 180 510 10 0 8 VSS
Q 15 0 0
|FNTSTL 16777215 0
T 180 490 10 0 8 VSS
Q 15 0 0
|FNTSTL 16777215 0
T 180 480 10 0 8 VSS
Q 15 0 0
|FNTSTL 16777215 0
T 180 470 10 0 8 VSS
Q 15 0 0
|FNTSTL 16777215 0
T 180 460 10 0 8 VSS
Q 15 0 0
|FNTSTL 16777215 0
T 180 450 10 0 8 VSS
Q 15 0 0
|FNTSTL 16777215 0
T 180 440 10 0 8 VSS
Q 15 0 0
|FNTSTL 16777215 0
T 180 430 10 0 8 VSS
Q 15 0 0
|FNTSTL 16777215 0
T 180 420 10 0 8 VSS
Q 15 0 0
|FNTSTL 16777215 0
T 180 410 10 0 8 VSS
Q 15 0 0
|FNTSTL 16777215 0
T 180 400 10 0 8 VSS
Q 15 0 0
|FNTSTL 16777215 0
T 180 390 10 0 8 VSS
Q 15 0 0
|FNTSTL 16777215 0
T 180 380 10 0 8 VSS
Q 15 0 0
|FNTSTL 16777215 0
T 180 370 10 0 8 VSS
Q 15 0 0
|FNTSTL 16777215 0
T 180 360 10 0 8 VSS
Q 15 0 0
|FNTSTL 16777215 0
T 180 340 10 0 8 VSSQ
Q 15 0 0
|FNTSTL 16777215 0
T 180 330 10 0 8 VSSQ
Q 15 0 0
|FNTSTL 16777215 0
T 180 320 10 0 8 VSSQ
Q 15 0 0
|FNTSTL 16777215 0
T 180 310 10 0 8 VSSQ
Q 15 0 0
|FNTSTL 16777215 0
T 180 300 10 0 8 VSSQ
Q 15 0 0
|FNTSTL 16777215 0
T 180 290 10 0 8 VSSQ
Q 15 0 0
|FNTSTL 16777215 0
T 180 280 10 0 8 VSSQ
Q 15 0 0
|FNTSTL 16777215 0
T 180 270 10 0 8 VSSQ
Q 15 0 0
|FNTSTL 16777215 0
T 180 260 10 0 8 VSSQ
Q 15 0 0
|FNTSTL 16777215 0
T 180 250 10 0 8 VSSQ
Q 15 0 0
|FNTSTL 16777215 0
T 180 240 10 0 8 VSSQ
Q 15 0 0
|FNTSTL 16777215 0
T 180 230 10 0 8 VSSQ
Q 15 0 0
|FNTSTL 16777215 0
T 180 220 10 0 8 VSSQ
Q 15 0 0
|FNTSTL 16777215 0
T 180 210 10 0 8 VSSQ
Q 15 0 0
|FNTSTL 16777215 0
T 180 200 10 0 8 VSSQ
Q 15 0 0
|FNTSTL 16777215 0
T 180 190 10 0 8 VSSQ
Q 15 0 0
|FNTSTL 16777215 0
T 180 180 10 0 8 VSSQ
Q 15 0 0
|FNTSTL 16777215 0
T 180 170 10 0 8 VSSQ
Q 15 0 0
|FNTSTL 16777215 0
T 180 160 10 0 8 VSSQ
Q 15 0 0
|FNTSTL 16777215 0
T 180 150 10 0 8 VSSQ
Q 15 0 0
|FNTSTL 16777215 0
P 1 0 520 30 520 0 2 0
L 35 520 10 0 2 0 0 0 VEXT_B1
A 25 520 10 0 9 3 #=B1
A 25 520 10 0 9 0 PINTYPE=BI
P 2 0 510 30 510 0 2 0
L 35 510 10 0 2 0 0 0 VEXT_B13
A 25 510 10 0 9 3 #=B13
A 25 510 10 0 9 0 PINTYPE=BI
P 3 0 500 30 500 0 2 0
L 35 500 10 0 2 0 0 0 VEXT_M1
A 25 500 10 0 9 3 #=M1
A 25 500 10 0 9 0 PINTYPE=BI
P 4 0 490 30 490 0 2 0
L 35 490 10 0 2 0 0 0 VEXT_M13
A 25 490 10 0 9 3 #=M13
A 25 490 10 0 9 0 PINTYPE=BI
P 5 0 470 30 470 0 2 0
L 35 470 10 0 2 0 0 0 VDD_A3
A 25 470 10 0 9 3 #=A3
A 25 470 10 0 9 0 PINTYPE=BI
P 6 0 460 30 460 0 2 0
L 35 460 10 0 2 0 0 0 VDD_A11
A 25 460 10 0 9 3 #=A11
A 25 460 10 0 9 0 PINTYPE=BI
P 7 0 450 30 450 0 2 0
L 35 450 10 0 2 0 0 0 VDD_C1
A 25 450 10 0 9 3 #=C1
A 25 450 10 0 9 0 PINTYPE=BI
P 8 0 440 30 440 0 2 0
L 35 440 10 0 2 0 0 0 VDD_C13
A 25 440 10 0 9 3 #=C13
A 25 440 10 0 9 0 PINTYPE=BI
P 9 0 430 30 430 0 2 0
L 35 430 10 0 2 0 0 0 VDD_F3
A 25 430 10 0 9 3 #=F3
A 25 430 10 0 9 0 PINTYPE=BI
P 10 0 420 30 420 0 2 0
L 35 420 10 0 2 0 0 0 VDD_F11
A 25 420 10 0 9 3 #=F11
A 25 420 10 0 9 0 PINTYPE=BI
P 11 0 410 30 410 0 2 0
L 35 410 10 0 2 0 0 0 VDD_H2
A 25 410 10 0 9 3 #=H2
A 25 410 10 0 9 0 PINTYPE=BI
P 12 0 400 30 400 0 2 0
L 35 400 10 0 2 0 0 0 VDD_H5
A 25 400 10 0 9 3 #=H5
A 25 400 10 0 9 0 PINTYPE=BI
P 13 0 390 30 390 0 2 0
L 35 390 10 0 2 0 0 0 VDD_H9
A 25 390 10 0 9 3 #=H9
A 25 390 10 0 9 0 PINTYPE=BI
P 14 0 380 30 380 0 2 0
L 35 380 10 0 2 0 0 0 VDD_H12
A 25 380 10 0 9 3 #=H12
A 25 380 10 0 9 0 PINTYPE=BI
P 15 0 370 30 370 0 2 0
L 35 370 10 0 2 0 0 0 VDD_L1
A 25 370 10 0 9 3 #=L1
A 25 370 10 0 9 0 PINTYPE=BI
P 16 0 360 30 360 0 2 0
L 35 360 10 0 2 0 0 0 VDD_L13
A 25 360 10 0 9 3 #=L13
A 25 360 10 0 9 0 PINTYPE=BI
P 17 0 350 30 350 0 2 0
L 35 350 10 0 2 0 0 0 VDD_N3
A 25 350 10 0 9 3 #=N3
A 25 350 10 0 9 0 PINTYPE=BI
P 18 0 340 30 340 0 2 0
L 35 340 10 0 2 0 0 0 VDD_N11
A 25 340 10 0 9 3 #=N11
A 25 340 10 0 9 0 PINTYPE=BI
P 19 0 320 30 320 0 2 0
L 35 320 10 0 2 0 0 0 VDDQ_A5
A 25 320 10 0 9 3 #=A5
A 25 320 10 0 9 0 PINTYPE=BI
P 20 0 310 30 310 0 2 0
L 35 310 10 0 2 0 0 0 VDDQ_A9
A 25 310 10 0 9 3 #=A9
A 25 310 10 0 9 0 PINTYPE=BI
P 21 0 300 30 300 0 2 0
L 35 300 10 0 2 0 0 0 VDDQ_B6
A 25 300 10 0 9 3 #=B6
A 25 300 10 0 9 0 PINTYPE=BI
P 22 0 290 30 290 0 2 0
L 35 290 10 0 2 0 0 0 VDDQ_B8
A 25 290 10 0 9 3 #=B8
A 25 290 10 0 9 0 PINTYPE=BI
P 23 0 280 30 280 0 2 0
L 35 280 10 0 2 0 0 0 VDDQ_C3
A 25 280 10 0 9 3 #=C3
A 25 280 10 0 9 0 PINTYPE=BI
P 24 0 270 30 270 0 2 0
L 35 270 10 0 2 0 0 0 VDDQ_C11
A 25 270 10 0 9 3 #=C11
A 25 270 10 0 9 0 PINTYPE=BI
P 25 0 260 30 260 0 2 0
L 35 260 10 0 2 0 0 0 VDDQ_D4
A 25 260 10 0 9 3 #=D4
A 25 260 10 0 9 0 PINTYPE=BI
P 26 0 250 30 250 0 2 0
L 35 250 10 0 2 0 0 0 VDDQ_D10
A 25 250 10 0 9 3 #=D10
A 25 250 10 0 9 0 PINTYPE=BI
P 27 0 240 30 240 0 2 0
L 35 240 10 0 2 0 0 0 VDDQ_E5
A 25 240 10 0 9 3 #=E5
A 25 240 10 0 9 0 PINTYPE=BI
P 28 0 230 30 230 0 2 0
L 35 230 10 0 2 0 0 0 VDDQ_E9
A 25 230 10 0 9 3 #=E9
A 25 230 10 0 9 0 PINTYPE=BI
P 29 0 220 30 220 0 2 0
L 35 220 10 0 2 0 0 0 VDDQ_J1
A 25 220 10 0 9 3 #=J1
A 25 220 10 0 9 0 PINTYPE=BI
P 30 0 210 30 210 0 2 0
L 35 210 10 0 2 0 0 0 VDDQ_J5
A 25 210 10 0 9 3 #=J5
A 25 210 10 0 9 0 PINTYPE=BI
P 31 0 200 30 200 0 2 0
L 35 200 10 0 2 0 0 0 VDDQ_J9
A 25 200 10 0 9 3 #=J9
A 25 200 10 0 9 0 PINTYPE=BI
P 32 0 190 30 190 0 2 0
L 35 190 10 0 2 0 0 0 VDDQ_J13
A 25 190 10 0 9 3 #=J13
A 25 190 10 0 9 0 PINTYPE=BI
P 33 0 180 30 180 0 2 0
L 35 180 10 0 2 0 0 0 VDDQ_K4
A 25 180 10 0 9 3 #=K4
A 25 180 10 0 9 0 PINTYPE=BI
P 34 0 170 30 170 0 2 0
L 35 170 10 0 2 0 0 0 VDDQ_K10
A 25 170 10 0 9 3 #=K10
A 25 170 10 0 9 0 PINTYPE=BI
P 35 0 160 30 160 0 2 0
L 35 160 10 0 2 0 0 0 VDDQ_L3
A 25 160 10 0 9 3 #=L3
A 25 160 10 0 9 0 PINTYPE=BI
P 36 0 150 30 150 0 2 0
L 35 150 10 0 2 0 0 0 VDDQ_L11
A 25 150 10 0 9 3 #=L11
A 25 150 10 0 9 0 PINTYPE=BI
P 37 0 140 30 140 0 2 0
L 35 140 10 0 2 0 0 0 VDDQ_M6
A 25 140 10 0 9 3 #=M6
A 25 140 10 0 9 0 PINTYPE=BI
P 38 0 130 30 130 0 2 0
L 35 130 10 0 2 0 0 0 VDDQ_M8
A 25 130 10 0 9 3 #=M8
A 25 130 10 0 9 0 PINTYPE=BI
P 39 0 120 30 120 0 2 0
L 35 120 10 0 2 0 0 0 VDDQ_N5
A 25 120 10 0 9 3 #=N5
A 25 120 10 0 9 0 PINTYPE=BI
P 40 0 110 30 110 0 2 0
L 35 110 10 0 2 0 0 0 VDDQ_N9
A 25 110 10 0 9 3 #=N9
A 25 110 10 0 9 0 PINTYPE=BI
P 41 0 90 30 90 0 2 0
L 35 90 10 0 2 0 0 0 VREF_A7
A 25 90 10 0 9 3 #=A7
A 25 90 10 0 9 0 PINTYPE=BI
P 42 0 80 30 80 0 2 0
L 35 80 10 0 2 0 0 0 VREF_N7
A 25 80 10 0 9 3 #=N7
A 25 80 10 0 9 0 PINTYPE=BI
P 43 215 520 185 520 0 3 0
L 180 520 10 0 8 0 0 0 VSS_A2
A 190 520 10 0 3 3 #=A2
A 180 520 10 0 3 0 PINTYPE=BI
P 44 215 510 185 510 0 3 0
L 180 510 10 0 8 0 0 0 VSS_A12
A 190 510 10 0 3 3 #=A12
A 180 510 10 0 3 0 PINTYPE=BI
P 45 215 500 185 500 0 3 0
L 180 500 10 0 8 0 0 0 VSS_B2
A 190 500 10 0 3 3 #=B2
A 180 500 10 0 3 0 PINTYPE=BI
P 46 215 490 185 490 0 3 0
L 180 490 10 0 8 0 0 0 VSS_B12
A 190 490 10 0 3 3 #=B12
A 180 490 10 0 3 0 PINTYPE=BI
P 47 215 480 185 480 0 3 0
L 180 480 10 0 8 0 0 0 VSS_E1
A 190 480 10 0 3 3 #=E1
A 180 480 10 0 3 0 PINTYPE=BI
P 48 215 470 185 470 0 3 0
L 180 470 10 0 8 0 0 0 VSS_E13
A 190 470 10 0 3 3 #=E13
A 180 470 10 0 3 0 PINTYPE=BI
P 49 215 460 185 460 0 3 0
L 180 460 10 0 8 0 0 0 VSS_G1
A 190 460 10 0 3 3 #=G1
A 180 460 10 0 3 0 PINTYPE=BI
P 50 215 450 185 450 0 3 0
L 180 450 10 0 8 0 0 0 VSS_G4
A 190 450 10 0 3 3 #=G4
A 180 450 10 0 3 0 PINTYPE=BI
P 51 215 440 185 440 0 3 0
L 180 440 10 0 8 0 0 0 VSS_G6
A 190 440 10 0 3 3 #=G6
A 180 440 10 0 3 0 PINTYPE=BI
P 52 215 430 185 430 0 3 0
L 180 430 10 0 8 0 0 0 VSS_G8
A 190 430 10 0 3 3 #=G8
A 180 430 10 0 3 0 PINTYPE=BI
P 53 215 420 185 420 0 3 0
L 180 420 10 0 8 0 0 0 VSS_G10
A 190 420 10 0 3 3 #=G10
A 180 420 10 0 3 0 PINTYPE=BI
P 54 215 410 185 410 0 3 0
L 180 410 10 0 8 0 0 0 VSS_G13
A 190 410 10 0 3 3 #=G13
A 180 410 10 0 3 0 PINTYPE=BI
P 55 215 400 185 400 0 3 0
L 180 400 10 0 8 0 0 0 VSS_J7
A 190 400 10 0 3 3 #=J7
A 180 400 10 0 3 0 PINTYPE=BI
P 56 215 390 185 390 0 3 0
L 180 390 10 0 8 0 0 0 VSS_M2
A 190 390 10 0 3 3 #=M2
A 180 390 10 0 3 0 PINTYPE=BI
P 57 215 380 185 380 0 3 0
L 180 380 10 0 8 0 0 0 VSS_M12
A 190 380 10 0 3 3 #=M12
A 180 380 10 0 3 0 PINTYPE=BI
P 58 215 370 185 370 0 3 0
L 180 370 10 0 8 0 0 0 VSS_N1
A 190 370 10 0 3 3 #=N1
A 180 370 10 0 3 0 PINTYPE=BI
P 59 215 360 185 360 0 3 0
L 180 360 10 0 8 0 0 0 VSS_N13
A 190 360 10 0 3 3 #=N13
A 180 360 10 0 3 0 PINTYPE=BI
P 60 215 340 185 340 0 3 0
L 180 340 10 0 8 0 0 0 VSSQ_B4
A 190 340 10 0 3 3 #=B4
A 180 340 10 0 3 0 PINTYPE=BI
P 61 215 330 185 330 0 3 0
L 180 330 10 0 8 0 0 0 VSSQ_B10
A 190 330 10 0 3 3 #=B10
A 180 330 10 0 3 0 PINTYPE=BI
P 62 215 320 185 320 0 3 0
L 180 320 10 0 8 0 0 0 VSSQ_C5
A 190 320 10 0 3 3 #=C5
A 180 320 10 0 3 0 PINTYPE=BI
P 63 215 310 185 310 0 3 0
L 180 310 10 0 8 0 0 0 VSSQ_C9
A 190 310 10 0 3 3 #=C9
A 180 310 10 0 3 0 PINTYPE=BI
P 64 215 300 185 300 0 3 0
L 180 300 10 0 8 0 0 0 VSSQ_D2
A 190 300 10 0 3 3 #=D2
A 180 300 10 0 3 0 PINTYPE=BI
P 65 215 290 185 290 0 3 0
L 180 290 10 0 8 0 0 0 VSSQ_D6
A 190 290 10 0 3 3 #=D6
A 180 290 10 0 3 0 PINTYPE=BI
P 66 215 280 185 280 0 3 0
L 180 280 10 0 8 0 0 0 VSSQ_D8
A 190 280 10 0 3 3 #=D8
A 180 280 10 0 3 0 PINTYPE=BI
P 67 215 270 185 270 0 3 0
L 180 270 10 0 8 0 0 0 VSSQ_D12
A 190 270 10 0 3 3 #=D12
A 180 270 10 0 3 0 PINTYPE=BI
P 68 215 260 185 260 0 3 0
L 180 260 10 0 8 0 0 0 VSSQ_E3
A 190 260 10 0 3 3 #=E3
A 180 260 10 0 3 0 PINTYPE=BI
P 69 215 250 185 250 0 3 0
L 180 250 10 0 8 0 0 0 VSSQ_E11
A 190 250 10 0 3 3 #=E11
A 180 250 10 0 3 0 PINTYPE=BI
P 70 215 240 185 240 0 3 0
L 180 240 10 0 8 0 0 0 VSSQ_J3
A 190 240 10 0 3 3 #=J3
A 180 240 10 0 3 0 PINTYPE=BI
P 71 215 230 185 230 0 3 0
L 180 230 10 0 8 0 0 0 VSSQ_J11
A 190 230 10 0 3 3 #=J11
A 180 230 10 0 3 0 PINTYPE=BI
P 72 215 220 185 220 0 3 0
L 180 220 10 0 8 0 0 0 VSSQ_K2
A 190 220 10 0 3 3 #=K2
A 180 220 10 0 3 0 PINTYPE=BI
P 73 215 210 185 210 0 3 0
L 180 210 10 0 8 0 0 0 VSSQ_K6
A 190 210 10 0 3 3 #=K6
A 180 210 10 0 3 0 PINTYPE=BI
P 74 215 200 185 200 0 3 0
L 180 200 10 0 8 0 0 0 VSSQ_K8
A 190 200 10 0 3 3 #=K8
A 180 200 10 0 3 0 PINTYPE=BI
P 75 215 190 185 190 0 3 0
L 180 190 10 0 8 0 0 0 VSSQ_K12
A 190 190 10 0 3 3 #=K12
A 180 190 10 0 3 0 PINTYPE=BI
P 76 215 180 185 180 0 3 0
L 180 180 10 0 8 0 0 0 VSSQ_L5
A 190 180 10 0 3 3 #=L5
A 180 180 10 0 3 0 PINTYPE=BI
P 77 215 170 185 170 0 3 0
L 180 170 10 0 8 0 0 0 VSSQ_L9
A 190 170 10 0 3 3 #=L9
A 180 170 10 0 3 0 PINTYPE=BI
P 78 215 160 185 160 0 3 0
L 180 160 10 0 8 0 0 0 VSSQ_M4
A 190 160 10 0 3 3 #=M4
A 180 160 10 0 3 0 PINTYPE=BI
P 79 215 150 185 150 0 3 0
L 180 150 10 0 8 0 0 0 VSSQ_M10
A 190 150 10 0 3 3 #=M10
A 180 150 10 0 3 0 PINTYPE=BI
E 
