V 51
K 345727007200 mt44k32m18rb_093e
|R 13:51_4-11-14
Y 1
D 0 0 540 710
Z 10
i 321
U 0 -30 10 0 3 0 MANF_P/N=MT44K32M18RB_093E_A
U 0 -10 10 0 3 0 BUILD=ALL
U 0 -60 10 0 3 0 MANF=MICRON
U 0 -20 10 0 3 0 DESC=RLD3_2MX18_FBGA168
U 0 -40 10 0 3 0 LEVEL=STD
U 0 -50 10 0 3 0 PARTS=1
P 321 210 710 210 690 0 0 0
A 210 690 10 1 1 0 PINTYPE=IN
A 200 690 10 1 1 3 #=D10
L 210 685 10 1 8 0 1 0 VDDQ8
P 320 220 710 220 690 0 0 0
A 220 690 10 1 1 0 PINTYPE=IN
A 210 690 10 1 1 3 #=E5
L 220 685 10 1 8 0 1 0 VDDQ9
P 1 0 400 20 400 0 2 0
A 20 405 10 0 2 0 PINTYPE=IN
A 15 400 10 0 9 3 #=E2
L 25 400 10 0 2 0 1 0 A0
P 2 0 390 20 390 0 2 0
A 20 395 10 0 2 0 PINTYPE=IN
A 15 390 10 0 9 3 #=F5
L 25 390 10 0 2 0 1 0 A1
P 10 0 300 20 300 0 2 0
A 20 305 10 0 2 0 PINTYPE=IN
A 15 300 10 0 9 3 #=H13
L 25 300 10 0 2 0 1 0 A10
P 11 0 290 20 290 0 2 0
A 20 295 10 0 2 0 PINTYPE=IN
A 15 290 10 0 9 3 #=D1
L 25 290 10 0 2 0 1 0 A11
P 12 0 280 20 280 0 2 0
A 20 285 10 0 2 0 PINTYPE=IN
A 15 280 10 0 9 3 #=H11
L 25 280 10 0 2 0 1 0 A12
P 13 0 270 20 270 0 2 0
A 20 275 10 0 2 0 PINTYPE=IN
A 15 270 10 0 9 3 #=D13
L 25 270 10 0 2 0 1 0 A13
P 136 0 260 20 260 0 2 0
A 20 265 10 0 2 0 PINTYPE=IN
A 15 260 10 0 9 3 #=H3
L 25 260 10 0 2 0 1 0 A14
P 135 0 250 20 250 0 2 0
A 20 255 10 0 2 0 PINTYPE=IN
A 15 250 10 0 9 3 #=G2
L 25 250 10 0 2 0 1 0 A15
P 147 0 240 20 240 0 2 0
A 20 245 10 0 2 0 PINTYPE=IN
A 15 240 10 0 9 3 #=H4
L 25 240 10 0 2 0 1 0 A16
P 146 0 230 20 230 0 2 0
A 20 235 10 0 2 0 PINTYPE=IN
A 15 230 10 0 9 3 #=H10
L 25 230 10 0 2 0 1 0 A17
P 145 0 220 20 220 0 2 0
A 20 225 10 0 2 0 PINTYPE=IN
A 15 220 10 0 9 3 #=G12
L 25 220 10 0 2 0 1 0 A18
P 144 0 210 20 210 0 2 0
A 20 215 10 0 2 0 PINTYPE=IN
A 15 210 10 0 9 3 #=H1
L 25 210 10 0 2 0 1 0 A19
P 22 0 380 20 380 0 2 0
A 20 385 10 0 2 0 PINTYPE=IN
A 15 380 10 0 9 3 #=F4
L 25 380 10 0 2 0 1 0 A2
P 3 0 370 20 370 0 2 0
A 20 375 10 0 2 0 PINTYPE=IN
A 15 370 10 0 9 3 #=F9
L 25 370 10 0 2 0 1 0 A3
P 4 0 360 20 360 0 2 0
A 20 365 10 0 2 0 PINTYPE=IN
A 15 360 10 0 9 3 #=F10
L 25 360 10 0 2 0 1 0 A4
P 5 0 350 20 350 0 2 0
A 20 355 10 0 2 0 PINTYPE=IN
A 15 350 10 0 9 3 #=F12
L 25 350 10 0 2 0 1 0 A5
P 6 0 340 20 340 0 2 0
A 20 345 10 0 2 0 PINTYPE=IN
A 15 340 10 0 9 3 #=G3
L 25 340 10 0 2 0 1 0 A6
P 7 0 330 20 330 0 2 0
A 20 335 10 0 2 0 PINTYPE=IN
A 15 330 10 0 9 3 #=F1
L 25 330 10 0 2 0 1 0 A7
P 8 0 320 20 320 0 2 0
A 20 325 10 0 2 0 PINTYPE=IN
A 15 320 10 0 9 3 #=G11
L 25 320 10 0 2 0 1 0 A8
P 9 0 310 20 310 0 2 0
A 20 315 10 0 2 0 PINTYPE=IN
A 15 310 10 0 9 3 #=F13
L 25 310 10 0 2 0 1 0 A9
P 14 0 190 20 190 0 2 0
A 20 195 10 0 2 0 PINTYPE=IN
A 15 190 10 0 9 3 #=G9
L 25 190 10 0 2 0 1 0 BA0
P 166 0 180 20 180 0 2 0
A 20 185 10 0 2 0 PINTYPE=IN
A 15 180 10 0 9 3 #=G5
L 25 180 10 0 2 0 1 0 BA1
P 303 0 170 20 170 0 2 0
A 20 175 10 0 2 0 PINTYPE=IN
A 15 170 10 0 9 3 #=H8
L 25 170 10 0 2 0 1 0 BA2
P 304 0 160 20 160 0 2 0
A 20 165 10 0 2 0 PINTYPE=IN
A 15 160 10 0 9 3 #=H6
L 25 160 10 0 2 0 1 0 BA3
P 270 0 120 20 120 0 2 0
A 20 125 10 0 2 0 PINTYPE=IN
A 15 120 10 0 9 3 #=H7
L 25 120 10 0 2 0 1 0 CK
P 271 0 110 20 110 0 2 0
A 20 115 10 0 2 0 PINTYPE=IN
A 15 110 10 0 9 3 #=G7
L 25 110 10 0 2 0 1 0 CK_B
P 314 0 80 20 80 0 2 0
A 20 85 10 0 2 0 PINTYPE=IN
A 15 80 10 0 9 3 #=E12
L 25 80 10 0 2 0 1 0 CS_B
P 153 540 620 520 620 0 3 0
A 520 630 10 0 2 0 PINTYPE=IN
A 525 620 10 0 3 3 #=D7
L 515 620 10 0 8 0 1 0 DK0
P 152 540 610 520 610 0 3 0
A 520 620 10 0 2 0 PINTYPE=IN
A 525 610 10 0 3 3 #=C7
L 515 610 10 0 8 0 1 0 DK0_B
P 310 540 590 520 590 0 3 0
A 520 600 10 0 2 0 PINTYPE=IN
A 525 590 10 0 3 3 #=K7
L 515 590 10 0 8 0 1 0 DK1
P 309 540 580 520 580 0 3 0
A 520 590 10 0 2 0 PINTYPE=IN
A 525 580 10 0 3 3 #=L7
L 515 580 10 0 8 0 1 0 DK1_B
P 316 0 430 20 430 0 2 0
A 20 440 10 4 2 0 PINTYPE=IN
A 15 430 10 4 3 3 #=B7
L 25 430 10 4 8 0 1 0 DM0
P 317 0 420 20 420 0 2 0
A 20 430 10 4 2 0 PINTYPE=IN
A 15 420 10 4 3 3 #=M7
L 25 420 10 4 8 0 1 0 DM1
P 228 0 620 20 620 0 2 0
L 25 615 10 0 3 0 1 0 DQ0
A 0 620 10 0 3 0 PINTYPE=BI
A 15 620 10 0 9 3 #=D11
P 229 0 610 20 610 0 2 0
L 25 605 10 0 3 0 1 0 DQ1
A 0 610 10 0 3 0 PINTYPE=BI
A 15 610 10 0 9 3 #=E10
P 114 0 520 20 520 0 2 0
L 25 515 10 0 3 0 1 0 DQ10
A 0 520 10 0 3 0 PINTYPE=BI
A 15 520 10 0 9 3 #=K11
P 115 0 510 20 510 0 2 0
L 25 505 10 0 3 0 1 0 DQ11
A 0 510 10 0 3 0 PINTYPE=BI
A 15 510 10 0 9 3 #=K13
P 117 0 500 20 500 0 2 0
L 25 495 10 0 3 0 1 0 DQ12
A 0 500 10 0 3 0 PINTYPE=BI
A 15 500 10 0 9 3 #=L8
P 116 0 490 20 490 0 2 0
L 25 485 10 0 3 0 1 0 DQ13
A 0 490 10 0 3 0 PINTYPE=BI
A 15 490 10 0 9 3 #=L10
P 121 0 480 20 480 0 2 0
L 25 475 10 0 3 0 1 0 DQ14
A 0 480 10 0 3 0 PINTYPE=BI
A 15 480 10 0 9 3 #=L12
P 120 0 470 20 470 0 2 0
L 25 465 10 0 3 0 1 0 DQ15
A 0 470 10 0 3 0 PINTYPE=BI
A 15 470 10 0 9 3 #=M9
P 119 0 460 20 460 0 2 0
L 25 455 10 0 3 0 1 0 DQ16
A 0 460 10 0 3 0 PINTYPE=BI
A 15 460 10 0 9 3 #=M11
P 118 0 450 20 450 0 2 0
L 25 445 10 0 3 0 1 0 DQ17
A 0 450 10 0 3 0 PINTYPE=BI
A 15 450 10 0 9 3 #=N8
P 238 0 600 20 600 0 2 0
L 25 595 10 0 3 0 1 0 DQ2
A 0 600 10 0 3 0 PINTYPE=BI
A 15 600 10 0 9 3 #=C8
P 239 0 590 20 590 0 2 0
L 25 585 10 0 3 0 1 0 DQ3
A 0 590 10 0 3 0 PINTYPE=BI
A 15 590 10 0 9 3 #=C10
P 240 0 580 20 580 0 2 0
L 25 575 10 0 3 0 1 0 DQ4
A 0 580 10 0 3 0 PINTYPE=BI
A 15 580 10 0 9 3 #=C12
P 241 0 570 20 570 0 2 0
L 25 565 10 0 3 0 1 0 DQ5
A 0 570 10 0 3 0 PINTYPE=BI
A 15 570 10 0 9 3 #=B9
P 242 0 560 20 560 0 2 0
L 25 555 10 0 3 0 1 0 DQ6
A 0 560 10 0 3 0 PINTYPE=BI
A 15 560 10 0 9 3 #=B11
P 243 0 550 20 550 0 2 0
L 25 545 10 0 3 0 1 0 DQ7
A 0 550 10 0 3 0 PINTYPE=BI
A 15 550 10 0 9 3 #=A8
P 244 0 540 20 540 0 2 0
L 25 535 10 0 3 0 1 0 DQ8
A 0 540 10 0 3 0 PINTYPE=BI
A 15 540 10 0 9 3 #=A10
P 131 0 530 20 530 0 2 0
L 25 525 10 0 3 0 1 0 DQ9
A 0 530 10 0 3 0 PINTYPE=BI
A 15 530 10 0 9 3 #=J10
P 312 0 70 20 70 0 2 0
A 20 75 10 0 2 0 PINTYPE=IN
A 15 70 10 0 9 3 #=E7
L 25 70 10 0 2 0 1 0 MF
P 43 540 400 520 400 0 3 0
A 520 410 10 0 2 0 PINTYPE=IN
A 525 400 10 0 3 3 #=A4
L 515 400 10 0 8 0 1 0 NF1
P 218 540 310 520 310 0 3 0
A 520 320 10 0 2 0 PINTYPE=IN
A 525 310 10 0 3 3 #=E4
L 515 310 10 0 8 0 1 0 NF10
P 235 540 300 520 300 0 3 0
L 495 300 10 4 8 0 1 0 NF11
A 540 300 10 4 3 0 PINTYPE=IN
A 535 300 10 4 3 3 #=E6
P 45 540 290 520 290 0 3 0
A 520 300 10 0 2 0 PINTYPE=IN
A 525 290 10 0 3 3 #=J2
L 515 290 10 0 8 0 1 0 NF12
P 127 540 280 520 280 0 3 0
L 495 280 10 4 8 0 1 0 NF13
A 540 280 10 4 3 0 PINTYPE=IN
A 535 280 10 4 3 3 #=J4
P 217 540 270 520 270 0 3 0
A 520 280 10 0 2 0 PINTYPE=IN
A 525 270 10 0 3 3 #=J6
L 515 270 10 0 8 0 1 0 NF14
P 46 540 260 520 260 0 3 0
A 520 270 10 0 2 0 PINTYPE=IN
A 525 260 10 0 3 3 #=K1
L 515 260 10 0 8 0 1 0 NF15
P 234 540 250 520 250 0 3 0
L 495 250 10 4 8 0 1 0 NF16
A 540 250 10 4 3 0 PINTYPE=IN
A 535 250 10 4 3 3 #=K3
P 216 540 240 520 240 0 3 0
A 520 250 10 0 2 0 PINTYPE=IN
A 525 240 10 0 3 3 #=K5
L 515 240 10 0 8 0 1 0 NF17
P 126 540 230 520 230 0 3 0
L 495 230 10 4 8 0 1 0 NF18
A 540 230 10 4 3 0 PINTYPE=IN
A 535 230 10 4 3 3 #=L2
P 215 540 220 520 220 0 3 0
A 520 230 10 0 2 0 PINTYPE=IN
A 525 220 10 0 3 3 #=L4
L 515 220 10 0 8 0 1 0 NF19
P 266 540 390 520 390 0 3 0
A 520 395 10 4 2 0 PINTYPE=IN
A 535 390 10 4 3 3 #=A6
L 500 390 10 4 8 0 1 0 NF2
P 233 540 210 520 210 0 3 0
L 495 210 10 4 8 0 1 0 NF20
A 540 210 10 4 3 0 PINTYPE=IN
A 535 210 10 4 3 3 #=L6
P 125 540 200 520 200 0 3 0
L 495 200 10 4 8 0 1 0 NF21
A 540 200 10 4 3 0 PINTYPE=IN
A 535 200 10 4 3 3 #=M3
P 47 540 190 520 190 0 3 0
A 520 200 10 0 2 0 PINTYPE=IN
A 525 190 10 0 3 3 #=M5
L 515 190 10 0 8 0 1 0 NF22
P 311 540 180 520 180 0 3 0
A 520 190 10 0 2 0 PINTYPE=IN
A 525 180 10 0 3 3 #=N6
L 515 180 10 0 8 0 1 0 NF23
P 237 540 380 520 380 0 3 0
L 500 380 10 4 8 0 1 0 NF3
A 540 380 10 4 3 0 PINTYPE=IN
A 535 380 10 4 3 3 #=B3
P 219 540 370 520 370 0 3 0
A 520 380 10 0 2 0 PINTYPE=IN
A 525 370 10 0 3 3 #=B5
L 515 370 10 0 8 0 1 0 NF4
P 129 540 360 520 360 0 3 0
L 500 360 10 4 8 0 1 0 NF5
A 540 360 10 4 3 0 PINTYPE=IN
A 535 360 10 4 3 3 #=C2
P 44 540 350 520 350 0 3 0
A 520 360 10 0 2 0 PINTYPE=IN
A 525 350 10 0 3 3 #=C4
L 515 350 10 0 8 0 1 0 NF6
P 57 540 340 520 340 0 3 0
A 520 350 10 0 2 0 PINTYPE=IN
A 525 340 10 0 3 3 #=C6
L 515 340 10 0 8 0 1 0 NF7
P 236 540 330 520 330 0 3 0
L 500 330 10 4 8 0 1 0 NF8
A 540 330 10 4 3 0 PINTYPE=IN
A 535 330 10 4 3 3 #=D3
P 128 540 320 520 320 0 3 0
L 500 320 10 4 8 0 1 0 NF9
A 540 320 10 4 3 0 PINTYPE=IN
A 535 320 10 4 3 3 #=D5
P 319 0 200 20 200 0 2 0
A 20 205 10 0 2 0 PINTYPE=IN
A 15 200 10 0 9 3 #=F2
L 25 200 10 0 2 0 1 0 NF_A20
P 306 540 560 520 560 0 3 0
A 520 570 10 0 2 0 PINTYPE=OUT
A 525 560 10 0 3 3 #=D9
L 515 560 10 0 8 0 1 0 QK0
P 308 540 550 520 550 0 3 0
A 520 560 10 0 2 0 PINTYPE=OUT
A 525 550 10 0 3 3 #=E8
L 515 550 10 0 8 0 1 0 QK0_B
P 307 540 530 520 530 0 3 0
A 520 540 10 0 2 0 PINTYPE=OUT
A 525 530 10 0 3 3 #=K9
L 515 530 10 0 8 0 1 0 QK1
P 305 540 520 520 520 0 3 0
A 520 530 10 0 2 0 PINTYPE=OUT
A 525 520 10 0 3 3 #=J8
L 515 520 10 0 8 0 1 0 QK1_B
P 24 540 500 520 500 0 3 0
A 520 505 10 4 2 0 PINTYPE=OUT
A 540 500 10 4 3 3 #=J12
L 490 500 10 4 8 0 1 0 QVLD
P 318 0 130 20 130 0 2 0
A 20 135 10 0 2 0 PINTYPE=IN
A 15 130 10 0 9 3 #=F8
L 25 130 10 0 2 0 1 0 REF_B
P 313 0 90 20 90 0 2 0
A 20 95 10 0 2 0 PINTYPE=IN
A 15 90 10 0 9 3 #=A13
L 25 90 10 0 2 0 1 0 RESET_B
P 113 540 420 520 420 0 3 0
A 520 430 10 0 2 0 PINTYPE=IN
A 525 420 10 0 3 3 #=N2
L 515 420 10 0 8 0 1 0 TCK
P 205 540 440 520 440 0 3 0
A 520 450 10 0 2 0 PINTYPE=IN
A 525 440 10 0 3 3 #=N10
L 515 440 10 0 8 0 1 0 TDI
P 204 540 450 520 450 0 3 0
A 520 460 10 0 2 0 PINTYPE=OUT
A 525 450 10 0 3 3 #=N4
L 515 450 10 0 8 0 1 0 TDO
P 112 540 430 520 430 0 3 0
A 520 440 10 0 2 0 PINTYPE=IN
A 525 430 10 0 3 3 #=N12
L 515 430 10 0 8 0 1 0 TMS
P 106 370 710 370 690 0 0 0
A 370 690 10 1 1 0 PINTYPE=IN
A 360 690 10 1 1 3 #=A3
L 370 685 10 1 8 0 1 0 VDD1
P 178 460 710 460 690 0 0 0
A 460 690 10 1 1 0 PINTYPE=IN
A 450 690 10 1 1 3 #=H12
L 460 685 10 1 8 0 1 0 VDD10
P 287 470 710 470 690 0 0 0
A 470 690 10 1 1 0 PINTYPE=IN
A 460 690 10 1 1 3 #=L1
L 470 685 10 1 8 0 1 0 VDD11
P 288 480 710 480 690 0 0 0
A 480 690 10 1 1 0 PINTYPE=IN
A 470 690 10 1 1 3 #=L13
L 480 685 10 1 8 0 1 0 VDD12
P 289 490 710 490 690 0 0 0
A 490 690 10 1 1 0 PINTYPE=IN
A 480 690 10 1 1 3 #=N3
L 490 685 10 1 8 0 1 0 VDD13
P 290 500 710 500 690 0 0 0
A 500 690 10 1 1 0 PINTYPE=IN
A 490 690 10 1 1 3 #=N11
L 500 685 10 1 8 0 1 0 VDD14
P 105 380 710 380 690 0 0 0
A 380 690 10 1 1 0 PINTYPE=IN
A 370 690 10 1 1 3 #=A11
L 380 685 10 1 8 0 1 0 VDD2
P 104 390 710 390 690 0 0 0
A 390 690 10 1 1 0 PINTYPE=IN
A 380 690 10 1 1 3 #=C1
L 390 685 10 1 8 0 1 0 VDD3
P 165 400 710 400 690 0 0 0
A 400 690 10 1 1 0 PINTYPE=IN
A 390 690 10 1 1 3 #=C13
L 400 685 10 1 8 0 1 0 VDD4
P 175 410 710 410 690 0 0 0
A 410 690 10 1 1 0 PINTYPE=IN
A 400 690 10 1 1 3 #=F3
L 410 685 10 1 8 0 1 0 VDD5
P 174 420 710 420 690 0 0 0
A 420 690 10 1 1 0 PINTYPE=IN
A 410 690 10 1 1 3 #=F11
L 420 685 10 1 8 0 1 0 VDD6
P 176 430 710 430 690 0 0 0
A 430 690 10 1 1 0 PINTYPE=IN
A 420 690 10 1 1 3 #=H2
L 430 685 10 1 8 0 1 0 VDD7
P 173 440 710 440 690 0 0 0
A 440 690 10 1 1 0 PINTYPE=IN
A 430 690 10 1 1 3 #=H5
L 440 685 10 1 8 0 1 0 VDD8
P 179 450 710 450 690 0 0 0
A 450 690 10 1 1 0 PINTYPE=IN
A 440 690 10 1 1 3 #=H9
L 450 685 10 1 8 0 1 0 VDD9
P 103 140 710 140 690 0 0 0
A 140 690 10 1 1 0 PINTYPE=IN
A 130 690 10 1 1 3 #=A5
L 140 685 10 1 8 0 1 0 VDDQ1
P 247 230 710 230 690 0 0 0
A 230 690 10 1 1 0 PINTYPE=IN
A 220 690 10 1 1 3 #=E9
L 230 685 10 1 8 0 1 0 VDDQ10
P 248 240 710 240 690 0 0 0
A 240 690 10 1 1 0 PINTYPE=IN
A 230 690 10 1 1 3 #=J1
L 240 685 10 1 8 0 1 0 VDDQ11
P 249 250 710 250 690 0 0 0
A 250 690 10 1 1 0 PINTYPE=IN
A 240 690 10 1 1 3 #=J5
L 250 685 10 1 8 0 1 0 VDDQ12
P 250 260 710 260 690 0 0 0
A 260 690 10 1 1 0 PINTYPE=IN
A 250 690 10 1 1 3 #=J9
L 260 685 10 1 8 0 1 0 VDDQ13
P 251 270 710 270 690 0 0 0
A 270 690 10 1 1 0 PINTYPE=IN
A 260 690 10 1 1 3 #=J13
L 270 685 10 1 8 0 1 0 VDDQ14
P 294 280 710 280 690 0 0 0
A 280 690 10 1 1 0 PINTYPE=IN
A 270 690 10 1 1 3 #=K4
L 280 685 10 1 8 0 1 0 VDDQ15
P 295 290 710 290 690 0 0 0
A 290 690 10 1 1 0 PINTYPE=IN
A 280 690 10 1 1 3 #=K10
L 290 685 10 1 8 0 1 0 VDDQ16
P 296 300 710 300 690 0 0 0
A 300 690 10 1 1 0 PINTYPE=IN
A 290 690 10 1 1 3 #=L3
L 300 685 10 1 8 0 1 0 VDDQ17
P 297 310 710 310 690 0 0 0
A 310 690 10 1 1 0 PINTYPE=IN
A 300 690 10 1 1 3 #=L11
L 310 685 10 1 8 0 1 0 VDDQ18
P 298 320 710 320 690 0 0 0
A 320 690 10 1 1 0 PINTYPE=IN
A 310 690 10 1 1 3 #=M6
L 320 685 10 1 8 0 1 0 VDDQ19
P 102 150 710 150 690 0 0 0
A 150 690 10 1 1 0 PINTYPE=IN
A 140 690 10 1 1 3 #=A9
L 150 685 10 1 8 0 1 0 VDDQ2
P 291 330 710 330 690 0 0 0
A 330 690 10 1 1 0 PINTYPE=IN
A 320 690 10 1 1 3 #=M8
L 330 685 10 1 8 0 1 0 VDDQ20
P 292 340 710 340 690 0 0 0
A 340 690 10 1 1 0 PINTYPE=IN
A 330 690 10 1 1 3 #=N5
L 340 685 10 1 8 0 1 0 VDDQ21
P 293 350 710 350 690 0 0 0
A 350 690 10 1 1 0 PINTYPE=IN
A 340 690 10 1 1 3 #=N9
L 350 685 10 1 8 0 1 0 VDDQ22
P 101 160 710 160 690 0 0 0
A 160 690 10 1 1 0 PINTYPE=IN
A 150 690 10 1 1 3 #=B6
L 160 685 10 1 8 0 1 0 VDDQ3
P 100 170 710 170 690 0 0 0
A 170 690 10 1 1 0 PINTYPE=IN
A 160 690 10 1 1 3 #=B8
L 170 685 10 1 8 0 1 0 VDDQ4
P 107 180 710 180 690 0 0 0
A 180 690 10 1 1 0 PINTYPE=IN
A 170 690 10 1 1 3 #=C3
L 180 685 10 1 8 0 1 0 VDDQ5
P 194 190 710 190 690 0 0 0
A 190 690 10 1 1 0 PINTYPE=IN
A 180 690 10 1 1 3 #=C11
L 190 685 10 1 8 0 1 0 VDDQ6
P 193 200 710 200 690 0 0 0
A 200 690 10 1 1 0 PINTYPE=IN
A 190 690 10 1 1 3 #=D4
L 200 685 10 1 8 0 1 0 VDDQ7
P 98 90 710 90 690 0 0 0
L 90 685 10 1 8 0 1 0 VEXT1
A 90 690 10 1 1 0 PINTYPE=IN
A 80 690 10 1 1 3 #=B1
P 195 100 710 100 690 0 0 0
L 100 685 10 1 8 0 1 0 VEXT2
A 100 690 10 1 1 0 PINTYPE=IN
A 90 690 10 1 1 3 #=B13
P 301 110 710 110 690 0 0 0
L 110 685 10 1 8 0 1 0 VEXT3
A 110 690 10 1 1 0 PINTYPE=IN
A 100 690 10 1 1 3 #=M1
P 302 120 710 120 690 0 0 0
L 120 685 10 1 8 0 1 0 VEXT4
A 120 690 10 1 1 0 PINTYPE=IN
A 110 690 10 1 1 3 #=M13
P 299 60 710 60 690 0 0 0
L 60 685 10 1 8 0 1 0 VREF1
A 60 690 10 1 1 0 PINTYPE=IN
A 50 690 10 1 1 3 #=A7
P 300 70 710 70 690 0 0 0
L 70 685 10 1 8 0 1 0 VREF2
A 70 690 10 1 1 0 PINTYPE=IN
A 60 690 10 1 1 3 #=N7
P 59 90 0 90 20 0 1 0
A 95 20 10 1 2 0 PINTYPE=IN
A 90 15 10 1 9 3 #=A2
L 90 25 10 1 2 0 1 0 VSS1
P 182 180 0 180 20 0 1 0
A 185 20 10 1 2 0 PINTYPE=IN
A 180 15 10 1 9 3 #=G8
L 180 25 10 1 2 0 1 0 VSS10
P 181 190 0 190 20 0 1 0
A 195 20 10 1 2 0 PINTYPE=IN
A 190 15 10 1 9 3 #=G10
L 190 25 10 1 2 0 1 0 VSS11
P 199 200 0 200 20 0 1 0
A 205 20 10 1 2 0 PINTYPE=IN
A 200 15 10 1 9 3 #=G13
L 200 25 10 1 2 0 1 0 VSS12
P 198 210 0 210 20 0 1 0
A 215 20 10 1 2 0 PINTYPE=IN
A 210 15 10 1 9 3 #=J7
L 210 25 10 1 2 0 1 0 VSS13
P 201 220 0 220 20 0 1 0
A 225 20 10 1 2 0 PINTYPE=IN
A 220 15 10 1 9 3 #=M2
L 220 25 10 1 2 0 1 0 VSS14
P 200 230 0 230 20 0 1 0
A 235 20 10 1 2 0 PINTYPE=IN
A 230 15 10 1 9 3 #=M12
L 230 25 10 1 2 0 1 0 VSS15
P 254 240 0 240 20 0 1 0
A 245 20 10 1 2 0 PINTYPE=IN
A 240 15 10 1 9 3 #=N1
L 240 25 10 1 2 0 1 0 VSS16
P 255 250 0 250 20 0 1 0
A 255 20 10 1 2 0 PINTYPE=IN
A 250 15 10 1 9 3 #=N13
L 250 25 10 1 2 0 1 0 VSS17
P 60 100 0 100 20 0 1 0
A 105 20 10 1 2 0 PINTYPE=IN
A 100 15 10 1 9 3 #=A12
L 100 25 10 1 2 0 1 0 VSS2
P 61 110 0 110 20 0 1 0
A 115 20 10 1 2 0 PINTYPE=IN
A 110 15 10 1 9 3 #=B2
L 110 25 10 1 2 0 1 0 VSS3
P 167 120 0 120 20 0 1 0
A 125 20 10 1 2 0 PINTYPE=IN
A 120 15 10 1 9 3 #=B12
L 120 25 10 1 2 0 1 0 VSS4
P 168 130 0 130 20 0 1 0
A 135 20 10 1 2 0 PINTYPE=IN
A 130 15 10 1 9 3 #=E1
L 130 25 10 1 2 0 1 0 VSS5
P 170 140 0 140 20 0 1 0
A 145 20 10 1 2 0 PINTYPE=IN
A 140 15 10 1 9 3 #=E13
L 140 25 10 1 2 0 1 0 VSS6
P 169 150 0 150 20 0 1 0
A 155 20 10 1 2 0 PINTYPE=IN
A 150 15 10 1 9 3 #=G1
L 150 25 10 1 2 0 1 0 VSS7
P 184 160 0 160 20 0 1 0
A 165 20 10 1 2 0 PINTYPE=IN
A 160 15 10 1 9 3 #=G4
L 160 25 10 1 2 0 1 0 VSS8
P 183 170 0 170 20 0 1 0
A 175 20 10 1 2 0 PINTYPE=IN
A 170 15 10 1 9 3 #=G6
L 170 25 10 1 2 0 1 0 VSS9
P 256 270 0 270 20 0 1 0
A 275 20 10 1 2 0 PINTYPE=IN
A 270 15 10 1 9 3 #=B4
L 270 25 10 1 2 0 1 0 VSSQ1
P 280 360 0 360 20 0 1 0
A 365 20 10 1 2 0 PINTYPE=IN
A 360 15 10 1 9 3 #=E11
L 360 25 10 1 2 0 1 0 VSSQ10
P 279 370 0 370 20 0 1 0
A 375 20 10 1 2 0 PINTYPE=IN
A 370 15 10 1 9 3 #=J3
L 370 25 10 1 2 0 1 0 VSSQ11
P 278 380 0 380 20 0 1 0
A 385 20 10 1 2 0 PINTYPE=IN
A 380 15 10 1 9 3 #=J11
L 380 25 10 1 2 0 1 0 VSSQ12
P 277 390 0 390 20 0 1 0
A 395 20 10 1 2 0 PINTYPE=IN
A 390 15 10 1 9 3 #=K2
L 390 25 10 1 2 0 1 0 VSSQ13
P 276 400 0 400 20 0 1 0
A 405 20 10 1 2 0 PINTYPE=IN
A 400 15 10 1 9 3 #=K6
L 400 25 10 1 2 0 1 0 VSSQ14
P 275 410 0 410 20 0 1 0
A 415 20 10 1 2 0 PINTYPE=IN
A 410 15 10 1 9 3 #=K8
L 410 25 10 1 2 0 1 0 VSSQ15
P 274 420 0 420 20 0 1 0
A 425 20 10 1 2 0 PINTYPE=IN
A 420 15 10 1 9 3 #=K12
L 420 25 10 1 2 0 1 0 VSSQ16
P 286 430 0 430 20 0 1 0
A 435 20 10 1 2 0 PINTYPE=IN
A 430 15 10 1 9 3 #=L5
L 430 25 10 1 2 0 1 0 VSSQ17
P 285 440 0 440 20 0 1 0
A 445 20 10 1 2 0 PINTYPE=IN
A 440 15 10 1 9 3 #=L9
L 440 25 10 1 2 0 1 0 VSSQ18
P 284 450 0 450 20 0 1 0
A 455 20 10 1 2 0 PINTYPE=IN
A 450 15 10 1 9 3 #=M4
L 450 25 10 1 2 0 1 0 VSSQ19
P 257 280 0 280 20 0 1 0
A 285 20 10 1 2 0 PINTYPE=IN
A 280 15 10 1 9 3 #=B10
L 280 25 10 1 2 0 1 0 VSSQ2
P 283 460 0 460 20 0 1 0
A 465 20 10 1 2 0 PINTYPE=IN
A 460 15 10 1 9 3 #=M10
L 460 25 10 1 2 0 1 0 VSSQ20
P 258 290 0 290 20 0 1 0
A 295 20 10 1 2 0 PINTYPE=IN
A 290 15 10 1 9 3 #=C5
L 290 25 10 1 2 0 1 0 VSSQ3
P 259 300 0 300 20 0 1 0
A 305 20 10 1 2 0 PINTYPE=IN
A 300 15 10 1 9 3 #=C9
L 300 25 10 1 2 0 1 0 VSSQ4
P 260 310 0 310 20 0 1 0
A 315 20 10 1 2 0 PINTYPE=IN
A 310 15 10 1 9 3 #=D2
L 310 25 10 1 2 0 1 0 VSSQ5
P 261 320 0 320 20 0 1 0
A 325 20 10 1 2 0 PINTYPE=IN
A 320 15 10 1 9 3 #=D6
L 320 25 10 1 2 0 1 0 VSSQ6
P 262 330 0 330 20 0 1 0
A 335 20 10 1 2 0 PINTYPE=IN
A 330 15 10 1 9 3 #=D8
L 330 25 10 1 2 0 1 0 VSSQ7
P 263 340 0 340 20 0 1 0
A 345 20 10 1 2 0 PINTYPE=IN
A 340 15 10 1 9 3 #=D12
L 340 25 10 1 2 0 1 0 VSSQ8
P 281 350 0 350 20 0 1 0
A 355 20 10 1 2 0 PINTYPE=IN
A 350 15 10 1 9 3 #=E3
L 350 25 10 1 2 0 1 0 VSSQ9
P 315 0 140 20 140 0 2 0
A 20 145 10 0 2 0 PINTYPE=IN
A 15 140 10 0 9 3 #=F6
L 25 140 10 0 2 0 1 0 WE_B
P 209 540 150 520 150 0 3 0
A 520 160 10 0 2 0 PINTYPE=IN
A 525 150 10 0 3 3 #=F7
L 520 150 10 0 8 0 1 0 ZQ
U 190 430 16 0 3 3 DEVICE=MT44K32M18RB_093E
U 185 395 16 0 3 3 PKG_TYPE=FBGA168_13_5X13_5MM
b 20 20 520 690
U -15 690 18 0 3 3 REFDES=U?
U 220 355 16 0 3 3 VALUE=RLDRAM_3
E
