V 53
K 1459189981 n25q128_8VDFN.1
F Case
|R 11:33:1_3-28-16
D -30 90 110 0
Y 1
Z 10
i 17
U 0 0 9 0 3 0 PARTS=1
U -8 -10 16 0 3 3 REFDES=U?
U -15 -35 10 0 3 0 MANF_P/N=N25Q128
U -10 90 9 0 3 3 DEVICE=DEVICE
U 50 -5 9 0 3 3 PKG_TYPE=PKG_TYPE
U -30 0 10 0 1 0 FORWARD_PCB=1
b -10 5 90 90
P 1 -30 70 -10 70 0 2 0
L -10 65 10 0 3 0 1 0 VCC
A -10 70 10 0 9 3 #=8
A -10 40 9 0 3 0 PINTYPE=POWER
P 2 110 20 90 20 0 3 0
L 90 15 10 0 9 0 1 0 VSS
A 90 20 10 0 3 3 #=4
A 90 30 9 2 3 0 PINTYPE=GROUND
P 9 110 80 90 80 0 3 0
L 90 75 10 0 9 0 1 0 C
A 90 80 10 0 3 3 #=6
A 110 80 10 2 3 0 PINTYPE=IN
P 10 110 70 90 70 0 3 0
L 90 65 10 0 9 0 1 0 DQ0
A 110 70 10 2 3 0 PINTYPE=IN
A 90 70 10 0 3 3 #=5
P 11 -30 20 -10 20 0 2 0
L -10 15 10 0 3 0 1 0 S_B
A -30 20 10 0 3 0 PINTYPE=IN
A -10 20 10 0 9 3 #=1
P 12 110 10 90 10 0 3 0
L 90 5 10 0 9 0 1 0 DQ2_VPP_WP_B
A 110 10 10 2 3 0 PINTYPE=IN
A 90 10 10 0 3 3 #=3
P 14 -30 80 -10 80 0 2 0
L -10 75 10 0 3 0 1 0 DQ3_HOLD_B
A -30 80 10 0 3 0 PINTYPE=IN
A -10 80 10 0 9 3 #=7
P 15 -30 10 -10 10 0 2 0
L -10 5 10 0 3 0 1 0 DQ1
A -30 10 10 2 9 0 PINTYPE=OUT
A -10 10 10 0 9 3 #=2
P 49 110 30 90 30 0 3 0
L 90 25 10 0 9 0 1 0 GNDPAD
A 90 30 10 0 3 3 #=9
A 90 40 9 2 3 0 PINTYPE=GROUND
E 
