V 53
K 1468530461 n25q256.1
F Case
|R 15:07:41_7-14-16
D -30 90 110 0
Y 1
Z 10
i 24
U 0 0 9 0 3 0 PARTS=1
U -15 -35 10 0 3 0 MANF_P/N=N25Q256A13ESF40
U -8 -15 16 0 3 3 REFDES=U?
U 50 -10 9 0 3 3 PKG_TYPE=SO16_50P300X413
U -10 95 9 0 3 3 DEVICE=N25Q256
U -30 0 10 0 1 0 FORWARD_PCB=1
b -10 5 90 90
P 1 -30 70 -10 70 0 2 0
L -5 65 10 0 3 0 1 0 VCC
A -15 70 10 0 9 3 #=2
A -10 40 9 0 3 0 PINTYPE=IN
P 2 110 20 90 20 0 3 0
L 85 15 10 0 9 0 1 0 VSS
A 95 20 10 0 3 3 #=10
A 90 30 9 2 3 0 PINTYPE=IN
P 9 110 80 90 80 0 3 0
L 85 75 10 0 9 0 1 0 C
A 95 80 10 0 3 3 #=16
A 110 80 10 2 3 0 PINTYPE=IN
P 10 110 70 90 70 0 3 0
L 85 65 10 0 9 0 1 0 DQ0
A 110 70 10 2 3 0 PINTYPE=IN
A 95 70 10 0 3 3 #=15
P 11 -30 20 -10 20 0 2 0
L -5 15 10 0 3 0 1 0 S_B
A -30 20 10 0 3 0 PINTYPE=IN
A -15 20 10 0 9 3 #=7
P 12 110 10 90 10 0 3 0
L 85 5 10 0 9 0 1 0 DQ2_VPP_WP_B
A 110 10 10 2 3 0 PINTYPE=IN
A 95 10 10 0 3 3 #=9
P 14 -30 80 -10 80 0 2 0
L -5 75 10 0 3 0 1 0 DQ3_HOLD_B
A -30 80 10 0 3 0 PINTYPE=IN
A -15 80 10 0 9 3 #=1
P 15 -30 10 -10 10 0 2 0
L -5 5 10 0 3 0 1 0 DQ1
A -30 10 10 2 9 0 PINTYPE=OUT
A -15 10 10 0 9 3 #=8
P 16 -30 60 -10 60 0 2 0
L -5 55 10 0 3 0 1 0 NC0
A -30 60 10 2 9 0 PINTYPE=IN
A -15 60 10 0 9 3 #=3
P 17 -30 50 -10 50 0 2 0
L -5 45 10 0 3 0 1 0 NC1
A -30 50 10 2 9 0 PINTYPE=IN
A -15 50 10 0 9 3 #=4
P 18 -30 40 -10 40 0 2 0
L -5 35 10 0 3 0 1 0 NC2
A -30 40 10 2 9 0 PINTYPE=IN
A -15 40 10 0 9 3 #=5
P 19 -30 30 -10 30 0 2 0
L -5 25 10 0 3 0 1 0 NC3
A -30 30 10 2 9 0 PINTYPE=IN
A -15 30 10 0 9 3 #=6
P 20 110 60 90 60 0 3 0
L 85 55 10 0 9 0 1 0 NC7
A 110 60 10 0 9 0 PINTYPE=IN
A 95 60 10 0 3 3 #=14
P 21 110 50 90 50 0 3 0
L 85 45 10 0 9 0 1 0 NC6
A 110 50 10 0 9 0 PINTYPE=IN
A 95 50 10 0 3 3 #=13
P 22 110 30 90 30 0 3 0
L 85 25 10 0 9 0 1 0 NC4
A 110 30 10 0 9 0 PINTYPE=IN
A 95 30 10 0 3 3 #=11
P 23 110 40 90 40 0 3 0
L 85 35 10 0 9 0 1 0 NC5
A 110 40 10 0 9 0 PINTYPE=IN
A 95 40 10 0 3 3 #=12
E 
