V 51
K 203828385800 nb6n14s
|R 23:52_8-4-13
Y 1
D 0 0 160 240
Z 10
i 58
U 0 -60 10 0 3 0 DIST_P/N=NB6N14SMNGOS-ND
U 0 -10 10 0 3 0 DIST=DIGIKEY
U 0 -40 10 0 3 0 MFG=ON SEMICONDUCTOR
U 0 -30 10 0 3 0 LEVEL=STD
U 0 -20 10 0 3 0 PARTS=1
U 0 -50 10 0 3 0 MFG_P/N=NB6N14SMNG
U 25 0 16 0 3 3 REFDES=U?
P 44 160 160 140 160 0 3 0
L 110 155 10 0 3 0 1 0 Q0_N
A 155 160 10 0 9 3 #=16
A 180 160 10 0 9 0 PINTYPE=OUT
P 45 160 170 140 170 0 3 0
L 110 165 10 0 3 0 1 0 Q0_P
A 155 170 10 0 9 3 #=15
A 180 170 10 0 9 0 PINTYPE=OUT
P 42 160 70 140 70 0 3 0
L 110 65 10 0 3 0 1 0 Q3_N
A 155 70 10 0 9 3 #=6
A 180 70 10 0 9 0 PINTYPE=OUT
P 43 160 80 140 80 0 3 0
L 110 75 10 0 3 0 1 0 Q3_P
A 155 80 10 0 9 3 #=5
A 180 80 10 0 9 0 PINTYPE=OUT
P 36 160 100 140 100 0 3 0
L 110 95 10 0 3 0 1 0 Q2_N
A 155 100 10 0 9 3 #=4
A 180 100 10 0 9 0 PINTYPE=OUT
P 37 160 110 140 110 0 3 0
L 110 105 10 0 3 0 1 0 Q2_P
A 155 110 10 0 9 3 #=3
A 180 110 10 0 9 0 PINTYPE=OUT
P 35 160 130 140 130 0 3 0
L 110 125 10 0 3 0 1 0 Q1_N
A 155 130 10 0 9 3 #=2
A 180 130 10 0 9 0 PINTYPE=OUT
P 28 0 100 20 100 0 2 0
L 30 95 10 0 3 0 1 0 IN_B
A 5 100 10 0 3 3 #=9
A -20 100 10 0 3 0 PINTYPE=IN
P 23 0 170 20 170 0 2 0
L 30 165 10 0 3 0 1 0 VREF_AC
A 5 170 10 0 3 3 #=10
A -20 170 10 0 3 0 PINTYPE=IN
P 9 0 160 20 160 0 2 0
L 30 155 10 0 3 0 1 0 VT
A 5 160 10 0 3 3 #=11
A -20 160 10 0 3 0 PINTYPE=IN
P 22 160 40 140 40 0 3 0
L 110 35 10 0 3 0 1 0 EPAD
A 155 40 10 0 9 3 #=17
A 180 40 10 0 9 0 PINTYPE=IN
P 1 160 140 140 140 0 3 0
L 110 135 10 0 3 0 1 0 Q1_P
A 155 140 10 0 9 3 #=1
A 180 140 10 0 9 0 PINTYPE=OUT
P 29 0 110 20 110 0 2 0
L 30 105 10 0 3 0 1 0 IN
A 5 110 10 0 3 3 #=12
A -20 110 10 0 3 0 PINTYPE=IN
P 33 0 40 20 40 0 2 0
L 30 35 10 0 3 0 1 0 EN
A 5 40 10 0 3 3 #=8
A -20 40 10 0 3 0 PINTYPE=OUT
P 50 160 50 140 50 0 3 0
L 115 45 10 0 3 0 1 0 GND
A 155 50 10 0 9 3 #=13
A 180 50 10 0 9 0 PINTYPE=OUT
U 30 225 10 0 3 3 DEVICE=NB6N14S
U 100 10 10 0 3 3 PKG_TYPE=QFN_16
P 58 160 200 140 200 0 3 0
L 105 195 10 0 3 0 0 0 VCC_7
A 155 200 10 0 9 3 #=7
A 180 200 10 0 9 0 PINTYPE=IN
P 10 160 190 140 190 0 3 0
L 100 185 10 0 3 0 0 0 VCC_14
A 155 190 10 0 9 3 #=14
A 180 190 10 0 9 0 PINTYPE=IN
T 115 185 10 0 3 VCC
Q 15 0 0
b 20 20 140 220
T 115 195 10 0 3 VCC
Q 15 0 0
E
