V 53
K 1423015534 nb6n11s.1
F Case
|R 18:05:34_2-3-15
D 0 200 180 0
Y 1
Z 10
i 27
U 0 -50 10 0 3 0 VALUE=NB6N11S
U 0 -40 10 0 3 0 MANF_P/N=MANF_P/N
U 20 0 16 0 3 3 REFDES=U?
U 25 180 10 0 3 3 DEVICE=NB6N11S
U 65 10 10 0 3 3 PKG_TYPE=QFN_16_CASE485G_01
U 0 0 10 0 1 0 FORWARD_PCB=1
b 20 20 160 180
l 2 96 89 75 89 
l 2 91 111 75 111 
l 2 96 70 96 120 
l 2 91 80 91 131 
l 2 120 64 115 64 
l 2 120 86 115 86 
l 2 120 114 115 114 
l 2 120 136 115 136 
c 91 111 2
Q 2 1 0
|GRPHSTL 33280 1 0 1
l 2 101 70 96 70 
l 2 105 80 91 80 
l 2 105 131 91 131 
l 2 56 75 60 75 
l 2 60 75 60 81 
l 2 60 90 60 95 
l 2 60 90 58 89 
l 2 58 89 61 88 
l 2 61 88 58 86 
l 2 58 86 61 85 
l 2 61 85 58 83 
l 2 58 83 61 82 
l 2 61 82 60 81 
l 2 54 126 60 126 
l 2 60 126 60 120 
l 2 60 120 58 119 
l 2 58 119 61 118 
l 2 61 118 58 116 
l 2 58 116 61 115 
l 2 61 115 58 113 
l 2 58 113 61 112 
l 2 61 112 60 111 
l 2 60 111 60 105 
l 2 115 114 115 116 
l 2 115 136 115 130 
l 2 55 105 65 105 
c 63 95 2
l 2 65 110 65 90 
c 103 70 2
l 2 105 85 105 65 
l 2 105 135 125 125 
l 2 105 135 105 115 
T 25 160 10 0 3 VCC_16
Q 15 0 0
|FNTSTL 16777215 0
T 25 150 10 0 3 VCC_15
Q 15 0 0
|FNTSTL 16777215 0
l 2 105 85 125 75 
l 2 65 110 85 100 
l 2 55 95 61 95 
c 75 93 2
l 2 65 90 85 100 
l 2 105 65 125 75 
c 115 68 2
l 2 75 89 75 91 
l 2 105 115 125 125 
c 115 118 2
l 2 115 86 115 80 
l 2 115 64 115 66 
l 2 75 111 75 105 
c 103 120 2
c 96 89 2
Q 2 1 0
|GRPHSTL 33280 1 0 1
l 2 96 120 101 120 
P 1 0 165 20 165 0 2 0
L 25 165 10 0 2 0 0 0 VCC1
A 15 165 10 0 9 3 #=16
A 30 170 10 0 2 0 PINTYPE=IN
P 2 0 155 20 155 0 2 0
L 25 155 10 0 2 0 0 0 VCC2
A 15 155 10 0 9 3 #=15
A 20 160 10 0 2 0 PINTYPE=IN
P 3 0 105 20 105 0 2 0
L 25 105 10 0 2 0 1 0 D
A 15 105 10 0 9 3 #=11
A 20 110 10 0 2 0 PINTYPE=IN
P 4 0 75 20 75 0 2 0
L 25 75 10 0 2 0 1 0 VTD_B
A 15 75 10 0 9 3 #=9
A 20 80 10 0 2 0 PINTYPE=IN
P 5 0 95 20 95 0 2 0
L 25 95 10 0 2 0 1 0 D_B
A 15 95 10 0 9 3 #=10
A 30 100 10 0 2 0 PINTYPE=IN
P 6 0 125 20 125 0 2 0
L 25 125 10 0 2 0 1 0 VTD
A 15 125 10 0 9 3 #=12
A 20 130 10 0 2 0 PINTYPE=IN
P 7 0 145 20 145 0 2 0
L 25 145 10 0 2 0 1 0 VCC_14
A 15 145 10 0 9 3 #=14
A 30 150 10 0 2 0 PINTYPE=IN
P 8 0 50 20 50 0 2 0
L 25 50 10 0 2 0 1 0 GND_7
A 15 50 10 0 9 3 #=7
A 20 55 10 0 2 0 PINTYPE=IN
P 9 180 130 160 130 0 3 0
L 145 130 10 0 8 0 1 0 Q0
A 165 130 10 0 3 3 #=1
A 160 140 10 0 2 0 PINTYPE=OUT
P 10 180 120 160 120 0 3 0
L 155 120 10 0 8 0 1 0 Q0_B
A 165 120 10 0 3 3 #=2
A 160 130 10 0 2 0 PINTYPE=OUT
P 11 180 80 160 80 0 3 0
L 145 80 10 0 8 0 1 0 Q1
A 165 80 10 0 3 3 #=3
A 160 90 10 0 2 0 PINTYPE=OUT
P 12 180 70 160 70 0 3 0
L 155 70 10 0 8 0 1 0 Q1_B
A 165 70 10 0 3 3 #=4
A 160 80 10 0 2 0 PINTYPE=OUT
P 21 0 40 20 40 0 2 0
L 25 40 10 0 2 0 1 0 GND_8
A 15 40 10 0 9 3 #=8
A 20 45 10 0 2 0 PINTYPE=IN
P 23 180 160 160 160 0 3 0
L 155 160 10 0 8 0 1 0 VCC_13
A 165 160 10 0 3 3 #=13
A 160 170 10 0 2 0 PINTYPE=POWER
P 24 180 150 160 150 0 3 0
L 155 150 10 0 8 0 1 0 VCC_05
A 165 150 10 0 3 3 #=5
A 160 160 10 0 2 0 PINTYPE=POWER
P 25 180 40 160 40 0 3 0
L 155 40 10 0 8 0 1 0 EXPAD
A 165 40 10 0 3 3 #=17
A 160 50 10 0 2 0 PINTYPE=OUT
P 26 180 50 160 50 0 3 0
L 155 50 10 0 8 0 1 0 NC
A 165 50 10 0 3 3 #=6
A 160 60 10 0 2 0 PINTYPE=OUT
E 
