V 51
K 271968804500 nc7sz157p6x
|R 19:50_8-14-12
Y 1
D 0 0 100 140
Z 10
i 6
U 0 -70 10 0 3 0 PARTS=1
U 0 -60 10 0 3 0 LEVEL=STD
U 0 -50 10 0 3 0 DIST_P/N=NC7SV157P6XCT-ND
U 0 -40 10 0 3 0 MFG_P/N=NC7SV157P6X
U 50 10 10 0 3 3 PKG_TYPE=SC70_6
U 20 0 16 0 3 3 REFDES=U?
P 3 100 40 80 40 0 3 0
A 100 40 10 0 9 0 PINTYPE=IN
A 90 40 10 0 9 3 #=2
L 55 35 10 0 3 0 1 0 GND
P 4 0 80 20 80 0 2 0
A 0 80 10 0 3 0 PINTYPE=IN
A 10 80 10 0 3 3 #=3
L 25 75 10 0 3 0 1 0 I0
P 5 0 60 20 60 0 2 0
A 0 60 10 0 3 0 PINTYPE=IN
A 10 60 10 0 3 3 #=1
L 25 55 10 0 3 0 1 0 I1
P 6 0 40 20 40 0 2 0
A 0 40 10 0 3 0 PINTYPE=IN
A 10 40 10 0 3 3 #=6
L 25 35 10 0 3 0 1 0 S
P 2 100 100 80 100 0 3 0
A 100 100 10 0 9 0 PINTYPE=IN
A 90 100 10 0 9 3 #=5
L 55 95 10 0 3 0 1 0 VCC
P 1 100 70 80 70 0 3 0
A 100 70 10 0 9 0 PINTYPE=OUT
A 90 70 10 0 9 3 #=4
L 65 65 10 0 3 0 1 0 Y
b 20 20 80 120
U 25 120 10 0 3 3 DEVICE=NC7SV157
E
