V 51
K 213901734100 pca9546a
|R 19:39_7-22-13
Y 1
D 0 0 140 230
Z 10
i 22
U 0 -60 10 0 3 0 DIST_P/N=296-20960-2-ND
U 0 -50 10 0 3 0 DIST=DIGIKEY
U 0 -40 10 0 3 0 MFG_P/N=PCA9544ARGYR
U 0 -30 10 0 3 0 MFG=TEXAS INSTRUMENTS
U 25 0 16 0 3 3 REFDES=U?
U 80 10 10 0 3 3 PKG_TYPE=VQFN_20
U 25 210 10 0 3 3 DEVICE=PCA9544A
P 21 0 150 20 150 0 2 0
L 25 145 10 0 3 0 1 0 INT_B
A 0 150 10 0 3 0 PINTYPE=BI
A 5 150 10 0 3 3 #=17
P 20 140 60 120 60 0 3 0
A 140 60 10 0 9 0 PINTYPE=IN
A 135 60 10 0 9 3 #=14
L 85 55 10 0 3 0 1 0 INT3_B
P 18 140 120 120 120 0 3 0
A 140 120 10 0 9 0 PINTYPE=IN
A 130 120 10 0 9 3 #=7
L 85 115 10 0 3 0 1 0 INT1_B
P 17 140 150 120 150 0 3 0
A 140 150 10 0 9 0 PINTYPE=BI
A 130 150 10 0 9 3 #=4
L 85 145 10 0 3 0 1 0 INT0_B
P 16 140 80 120 80 0 3 0
A 140 80 10 0 9 0 PINTYPE=IN
A 135 80 10 0 9 3 #=16
L 100 75 10 0 3 0 1 0 SC3
P 14 140 110 120 110 0 3 0
A 140 110 10 0 9 0 PINTYPE=IN
A 135 110 10 0 9 3 #=13
L 100 105 10 0 3 0 1 0 SC2
P 12 140 140 120 140 0 3 0
A 140 140 10 0 9 0 PINTYPE=IN
A 130 140 10 0 9 3 #=9
L 100 135 10 0 3 0 1 0 SC1
P 6 0 40 20 40 0 2 0
L 25 35 10 0 3 0 1 0 A2
A 0 40 10 0 3 0 PINTYPE=IN
A 10 40 10 0 3 3 #=3
P 1 0 60 20 60 0 2 0
L 25 55 10 0 3 0 1 0 A0
A 0 60 10 0 3 0 PINTYPE=IN
A 10 60 10 0 3 3 #=1
P 2 0 50 20 50 0 2 0
L 25 45 10 0 3 0 1 0 A1
A 0 50 10 0 3 0 PINTYPE=IN
A 10 50 10 0 3 3 #=2
P 8 0 170 20 170 0 2 0
L 25 165 10 0 3 0 1 0 SCL
A 0 170 10 0 3 0 PINTYPE=IN
A 5 170 10 0 3 3 #=18
P 9 140 170 120 170 0 3 0
A 140 170 10 0 9 0 PINTYPE=BI
A 130 170 10 0 9 3 #=6
L 100 165 10 0 3 0 1 0 SC0
P 4 140 190 120 190 0 3 0
A 140 190 10 0 9 0 PINTYPE=IN
A 135 190 10 0 9 3 #=20
L 100 185 10 0 3 0 1 0 VCC
P 10 140 160 120 160 0 3 0
A 140 160 10 0 9 0 PINTYPE=BI
A 130 160 10 0 9 3 #=5
L 100 155 10 0 3 0 1 0 SD0
P 11 140 130 120 130 0 3 0
A 140 130 10 0 9 0 PINTYPE=IN
A 130 130 10 0 9 3 #=8
L 100 125 10 0 3 0 1 0 SD1
P 13 140 100 120 100 0 3 0
A 140 100 10 0 9 0 PINTYPE=IN
A 135 100 10 0 9 3 #=12
L 100 95 10 0 3 0 1 0 SD2
P 19 140 90 120 90 0 3 0
A 140 90 10 0 9 0 PINTYPE=IN
A 135 90 10 0 9 3 #=11
L 85 85 10 0 3 0 1 0 INT2_B
P 7 0 160 20 160 0 2 0
L 25 155 10 0 3 0 1 0 SDA
A 0 160 10 0 3 0 PINTYPE=BI
A 5 160 10 0 3 3 #=19
P 15 140 70 120 70 0 3 0
A 140 70 10 0 9 0 PINTYPE=IN
A 135 70 10 0 9 3 #=15
L 100 65 10 0 3 0 1 0 SD3
P 5 140 40 120 40 0 3 0
A 140 40 10 0 9 0 PINTYPE=IN
A 135 40 10 0 9 3 #=10
L 100 35 10 0 3 0 1 0 GND
P 22 140 50 120 50 0 3 0
A 140 50 10 0 9 0 PINTYPE=IN
A 135 50 10 0 9 3 #=21
L 95 45 10 0 3 0 1 0 EPAD
b 20 20 120 210
E
