V 53
K 281051481200 pca9517a
F Case
|R 1:29_10-15-08
Y 1
D 0 0 180 260
Z 10
i 19
U 0 -20 10 0 3 0 PACKAGE=SOT96-1
U 0 -40 10 0 3 0 LEVEL=STD
U 0 -30 10 0 3 0 PARTS=1
U 0 -10 10 0 3 0 DEVICE=SOT96-1
U 21 250 10 0 3 3 PART_NUMBER=PCA9517DR
U 20 265 18 0 3 3 REFDES=U?
Q 13 0 0
P 16 0 220 20 220 0 2 0
A -40 220 10 0 3 0 PINTYPE=IN
A 15 220 10 0 9 3 #=1
L 25 215 10 0 3 0 1 0 VCCA
P 11 180 220 160 220 0 3 0
A 180 220 10 0 9 0 PINTYPE=IN
A 165 220 10 0 3 3 #=8
L 115 215 10 0 3 0 1 0 VCCB
P 13 180 40 160 40 0 3 0
L 125 35 10 0 3 0 1 0 GND
A 180 40 10 0 9 0 PINTYPE=IN
A 165 40 10 0 3 3 #=4
P 3 180 170 115 170 0 3 0
L 115 170 10 0 3 0 1 0 SCLB
A 145 170 10 0 9 0 PINTYPE=BI
A 165 170 10 0 3 3 #=7
P 17 180 90 115 90 0 3 0
L 115 90 10 0 3 0 1 0 SDAB
A 145 90 10 0 9 0 PINTYPE=BI
A 165 90 10 0 3 3 #=6
P 2 0 170 65 170 0 2 0
L 25 170 10 0 3 0 1 0 SCLA
A 25 170 10 0 3 0 PINTYPE=BI
A 15 170 10 0 9 3 #=2
P 18 0 90 65 90 0 2 0
L 25 90 10 0 3 0 1 0 SDAA
A 25 90 10 0 3 0 PINTYPE=BI
A 15 90 10 0 9 3 #=3
P 9 0 40 20 40 0 2 0
A -40 40 10 0 3 0 PINTYPE=IN
A 15 40 10 0 9 3 #=5
L 25 35 10 0 3 0 1 0 OE
l 2 80 100 100 110
Q 14 0 0
l 2 80 100 80 120
Q 14 0 0
l 2 80 70 100 80
Q 14 0 0
l 2 100 60 80 70
Q 14 0 0
l 2 100 60 100 80
Q 14 0 0
l 2 80 110 65 110
Q 14 0 0
l 2 115 110 100 110
Q 14 0 0
l 2 80 70 65 70
Q 14 0 0
l 2 115 70 100 70
Q 14 0 0
l 2 80 180 100 190
Q 14 0 0
l 2 80 180 80 200
Q 14 0 0
l 2 80 150 100 160
Q 14 0 0
l 2 100 140 80 150
Q 14 0 0
l 2 100 140 100 160
Q 14 0 0
l 2 65 150 65 190
Q 14 0 0
l 2 115 150 115 190
Q 14 0 0
l 2 80 190 65 190
Q 14 0 0
l 2 115 190 100 190
Q 14 0 0
l 2 80 150 65 150
Q 14 0 0
l 2 115 150 100 150
Q 14 0 0
l 2 100 190 80 200
Q 14 0 0
l 2 100 110 80 120
Q 14 0 0
U 0 -50 10 0 3 0 VENDOR=TEXAS INSTRUMENTS
l 2 115 70 115 110
Q 14 0 0
l 2 65 70 65 110
Q 14 0 0
b 20 20 160 240
Q 14 0 0
l 2 50 40 90 40
Q 14 0 0
l 2 50 110 50 135
Q 14 0 3
l 2 50 135 90 135
Q 14 0 0
l 2 90 145 90 135
Q 14 0 0
l 2 90 65 90 40
Q 14 0 0
E
