V 53
K 1463166409 pcie_x8_smt.1
F Case
|R 12:06:49_5-13-16
D 0 384 350 -170
Y 1
Z 10
i 1298
U 0 -10 10 0 3 0 DEVICE=DEVICE
U 125 90 10 0 3 0 PKG_TYPE=PKG_TYPE
U 55 370 10 0 3 3 VALUE=VALUE
U 50 -170 16 0 3 3 REFDES=P?
U 0 -170 10 0 1 0 FORWARD_PCB=1
T 180 345 20 0 5 PCI_E
T 180 325 20 0 5 X8
b 50 -155 300 370
P 1 0 360 50 360 0 2 0
L 55 360 10 0 2 0 1 0 1A_PRSNT1_N
A 45 360 10 0 9 3 #=A1
A -5 360 10 0 8 0 PINTYPE=BI
P 2 0 350 50 350 0 2 0
L 55 350 10 0 2 0 1 0 2A_12v
A 45 350 10 0 9 3 #=A2
A -5 350 10 0 8 0 PINTYPE=BI
P 3 0 340 50 340 0 2 0
L 55 340 10 0 2 0 1 0 3A_12v
A 45 340 10 0 9 3 #=A3
A -5 340 10 0 8 0 PINTYPE=BI
P 4 0 330 50 330 0 2 0
L 55 330 10 0 2 0 1 0 4A_GND
A 45 330 10 0 9 3 #=A4
A -5 330 10 0 8 0 PINTYPE=BI
P 5 0 320 50 320 0 2 0
L 55 320 10 0 2 0 1 0 5A_TCK
A 45 320 10 0 9 3 #=A5
A -5 320 10 0 8 0 PINTYPE=BI
P 6 0 310 50 310 0 2 0
L 55 310 10 0 2 0 1 0 6A_TDI
A 45 310 10 0 9 3 #=A6
A -5 310 10 0 8 0 PINTYPE=BI
P 7 0 300 50 300 0 2 0
L 55 300 10 0 2 0 1 0 7A_TDO
A 45 300 10 0 9 3 #=A7
A -5 300 10 0 8 0 PINTYPE=BI
P 8 0 290 50 290 0 2 0
L 55 290 10 0 2 0 1 0 8A_TMS
A 45 290 10 0 9 3 #=A8
A -5 290 10 0 8 0 PINTYPE=BI
P 9 0 280 50 280 0 2 0
L 55 280 10 0 2 0 1 0 9A_3v3
A 45 280 10 0 9 3 #=A9
A -5 280 10 0 8 0 PINTYPE=BI
P 10 0 270 50 270 0 2 0
L 55 270 10 0 2 0 1 0 10A_3v3
A 45 270 10 0 9 3 #=A10
A -5 270 10 0 8 0 PINTYPE=BI
P 11 0 260 50 260 0 2 0
L 55 260 10 0 2 0 1 0 11A_PERST_N
A 45 260 10 0 9 3 #=A11
A -5 260 10 0 8 0 PINTYPE=BI
P 12 0 250 50 250 0 2 0
L 55 250 10 0 2 0 1 0 12A_GND
A 45 250 10 0 9 3 #=A12
A -5 250 10 0 8 0 PINTYPE=BI
P 13 0 240 50 240 0 2 0
L 55 240 10 0 2 0 1 0 13A_REFCLKP
A 45 240 10 0 9 3 #=A13
A -5 240 10 0 8 0 PINTYPE=BI
P 14 0 230 50 230 0 2 0
L 55 230 10 0 2 0 1 0 14A_REFCLKN
A 45 230 10 0 9 3 #=A14
A -5 230 10 0 8 0 PINTYPE=BI
P 15 0 220 50 220 0 2 0
L 55 220 10 0 2 0 1 0 15A_GND
A 45 220 10 0 9 3 #=A15
A -5 220 10 0 8 0 PINTYPE=BI
P 16 0 210 50 210 0 2 0
L 55 210 10 0 2 0 1 0 16A_PERP0
A 45 210 10 0 9 3 #=A16
A -5 210 10 0 8 0 PINTYPE=BI
P 17 0 200 50 200 0 2 0
L 55 200 10 0 2 0 1 0 17A_PERN0
A 45 200 10 0 9 3 #=A17
A -5 200 10 0 8 0 PINTYPE=BI
P 18 0 190 50 190 0 2 0
L 55 190 10 0 2 0 1 0 18A_GND
A 45 190 10 0 9 3 #=A18
A -5 190 10 0 8 0 PINTYPE=BI
P 19 0 180 50 180 0 2 0
L 55 180 10 0 2 0 1 0 19A_RSVD
A 45 180 10 0 9 3 #=A19
A -5 180 10 0 8 0 PINTYPE=BI
P 20 0 170 50 170 0 2 0
L 55 170 10 0 2 0 1 0 20A_GND
A 45 170 10 0 9 3 #=A20
A -5 170 10 0 8 0 PINTYPE=BI
P 21 0 160 50 160 0 2 0
L 55 160 10 0 2 0 1 0 21A_PERP1
A 45 160 10 0 9 3 #=A21
A -5 160 10 0 8 0 PINTYPE=BI
P 22 0 150 50 150 0 2 0
L 55 150 10 0 2 0 1 0 22A_PERN1
A 45 150 10 0 9 3 #=A22
A -5 150 10 0 8 0 PINTYPE=BI
P 23 0 140 50 140 0 2 0
L 55 140 10 0 2 0 1 0 23A_GND
A 45 140 10 0 9 3 #=A23
A -5 140 10 0 8 0 PINTYPE=BI
P 24 0 130 50 130 0 2 0
L 55 130 10 0 2 0 1 0 24A_GND
A 45 130 10 0 9 3 #=A24
A -5 130 10 0 8 0 PINTYPE=BI
P 25 0 120 50 120 0 2 0
L 55 120 10 0 2 0 1 0 25A_PERP2
A 45 120 10 0 9 3 #=A25
A -5 120 10 0 8 0 PINTYPE=BI
P 26 0 110 50 110 0 2 0
L 55 110 10 0 2 0 1 0 26A_PERN2
A 45 110 10 0 9 3 #=A26
A -5 110 10 0 8 0 PINTYPE=BI
P 27 0 100 50 100 0 2 0
L 55 100 10 0 2 0 1 0 27A_GND
A 45 100 10 0 9 3 #=A27
A -5 100 10 0 8 0 PINTYPE=BI
P 28 0 90 50 90 0 2 0
L 55 90 10 0 2 0 1 0 28A_GND
A 45 90 10 0 9 3 #=A28
A -5 90 10 0 8 0 PINTYPE=BI
P 29 0 80 50 80 0 2 0
L 55 80 10 0 2 0 1 0 29A_PERP3
A 45 80 10 0 9 3 #=A29
A -5 80 10 0 8 0 PINTYPE=BI
P 30 0 70 50 70 0 2 0
L 55 70 10 0 2 0 1 0 30A_PERN3
A 45 70 10 0 9 3 #=A30
A -5 70 10 0 8 0 PINTYPE=BI
P 31 0 60 50 60 0 2 0
L 55 60 10 0 2 0 1 0 31A_GND
A 45 60 10 0 9 3 #=A31
A -5 60 10 0 8 0 PINTYPE=BI
P 32 0 50 50 50 0 2 0
L 55 50 10 0 2 0 1 0 32A_RSVD
A 45 50 10 0 9 3 #=A32
A -5 50 10 0 8 0 PINTYPE=BI
P 947 350 360 300 360 0 3 0
L 295 360 10 0 8 0 1 0 1B_12V
A 305 360 10 0 3 3 #=B1
A 355 360 10 0 2 0 PINTYPE=BI
P 948 350 350 300 350 0 3 0
L 295 350 10 0 8 0 1 0 2B_12V
A 305 350 10 0 3 3 #=B2
A 355 350 10 0 2 0 PINTYPE=BI
P 949 350 340 300 340 0 3 0
L 295 340 10 0 8 0 1 0 3B_12V
A 305 340 10 0 3 3 #=B3
A 355 340 10 0 2 0 PINTYPE=BI
P 950 350 330 300 330 0 3 0
L 295 330 10 0 8 0 1 0 4B_GND
A 305 330 10 0 3 3 #=B4
A 355 330 10 0 2 0 PINTYPE=BI
P 951 350 320 300 320 0 3 0
L 295 320 10 0 8 0 1 0 5B_SMCLK
A 305 320 10 0 3 3 #=B5
A 355 320 10 0 2 0 PINTYPE=BI
P 952 350 310 300 310 0 3 0
L 295 310 10 0 8 0 1 0 6B_SMDAT
A 305 310 10 0 3 3 #=B6
A 355 310 10 0 2 0 PINTYPE=BI
P 953 350 300 300 300 0 3 0
L 295 300 10 0 8 0 1 0 7B_GND
A 305 300 10 0 3 3 #=B7
A 355 300 10 0 2 0 PINTYPE=BI
P 954 350 290 300 290 0 3 0
L 295 290 10 0 8 0 1 0 8B_3V3
A 305 290 10 0 3 3 #=B8
A 355 290 10 0 2 0 PINTYPE=BI
P 955 350 280 300 280 0 3 0
L 295 280 10 0 8 0 1 0 9B_TRST_N
A 305 280 10 0 3 3 #=B9
A 355 280 10 0 2 0 PINTYPE=BI
P 956 350 270 300 270 0 3 0
L 295 270 10 0 8 0 1 0 10B_3V3AUX
A 305 270 10 0 3 3 #=B10
A 355 270 10 0 2 0 PINTYPE=BI
P 957 350 260 300 260 0 3 0
L 295 260 10 0 8 0 1 0 11B_WAKE_N
A 305 260 10 0 3 3 #=B11
A 355 260 10 0 2 0 PINTYPE=BI
P 958 350 250 300 250 0 3 0
L 295 250 10 0 8 0 1 0 12B_RSVD
A 305 250 10 0 3 3 #=B12
A 355 250 10 0 2 0 PINTYPE=BI
P 959 350 240 300 240 0 3 0
L 295 240 10 0 8 0 1 0 13B_GND
A 305 240 10 0 3 3 #=B13
A 355 240 10 0 2 0 PINTYPE=BI
P 960 350 230 300 230 0 3 0
L 295 230 10 0 8 0 1 0 14B_PETP0
A 305 230 10 0 3 3 #=B14
A 355 230 10 0 2 0 PINTYPE=BI
P 961 350 220 300 220 0 3 0
L 295 220 10 0 8 0 1 0 15B_PETN0
A 305 220 10 0 3 3 #=B15
A 355 220 10 0 2 0 PINTYPE=BI
P 962 350 210 300 210 0 3 0
L 295 210 10 0 8 0 1 0 16B_GND
A 305 210 10 0 3 3 #=B16
A 355 210 10 0 2 0 PINTYPE=BI
P 963 350 200 300 200 0 3 0
L 295 200 10 0 8 0 1 0 17B_PRSNT2_N
A 305 200 10 0 3 3 #=B17
A 355 200 10 0 2 0 PINTYPE=BI
P 964 350 190 300 190 0 3 0
L 295 190 10 0 8 0 1 0 18B_GND
A 305 190 10 0 3 3 #=B18
A 355 190 10 0 2 0 PINTYPE=BI
P 965 350 180 300 180 0 3 0
L 295 180 10 0 8 0 1 0 19B_PETP1
A 305 180 10 0 3 3 #=B19
A 355 180 10 0 2 0 PINTYPE=BI
P 966 350 170 300 170 0 3 0
L 295 170 10 0 8 0 1 0 20B_PETN1
A 305 170 10 0 3 3 #=B20
A 355 170 10 0 2 0 PINTYPE=BI
P 967 350 160 300 160 0 3 0
L 295 160 10 0 8 0 1 0 21B_GND
A 305 160 10 0 3 3 #=B21
A 355 160 10 0 2 0 PINTYPE=BI
P 968 350 150 300 150 0 3 0
L 295 150 10 0 8 0 1 0 22B_GND
A 305 150 10 0 3 3 #=B22
A 355 150 10 0 2 0 PINTYPE=BI
P 969 350 140 300 140 0 3 0
L 295 140 10 0 8 0 1 0 23B_PETP2
A 305 140 10 0 3 3 #=B23
A 355 140 10 0 2 0 PINTYPE=BI
P 970 350 130 300 130 0 3 0
L 295 130 10 0 8 0 1 0 24B_PETN2
A 305 130 10 0 3 3 #=B24
A 355 130 10 0 2 0 PINTYPE=BI
P 971 350 120 300 120 0 3 0
L 295 120 10 0 8 0 1 0 25B_GND
A 305 120 10 0 3 3 #=B25
A 355 120 10 0 2 0 PINTYPE=BI
P 972 350 110 300 110 0 3 0
L 295 110 10 0 8 0 1 0 26B_GND
A 305 110 10 0 3 3 #=B26
A 355 110 10 0 2 0 PINTYPE=BI
P 973 350 100 300 100 0 3 0
L 295 100 10 0 8 0 1 0 27B_PETP3
A 305 100 10 0 3 3 #=B27
A 355 100 10 0 2 0 PINTYPE=BI
P 974 350 90 300 90 0 3 0
L 295 90 10 0 8 0 1 0 28B_PETN3
A 305 90 10 0 3 3 #=B28
A 355 90 10 0 2 0 PINTYPE=BI
P 975 350 80 300 80 0 3 0
L 295 80 10 0 8 0 1 0 29B_GND
A 305 80 10 0 3 3 #=B29
A 355 80 10 0 2 0 PINTYPE=BI
P 976 350 70 300 70 0 3 0
L 295 70 10 0 8 0 1 0 30B_RSVD
A 305 70 10 0 3 3 #=B30
A 355 70 10 0 2 0 PINTYPE=BI
P 977 350 60 300 60 0 3 0
L 295 60 10 0 8 0 1 0 31B_PRSNT2_N
A 305 60 10 0 3 3 #=B31
A 355 60 10 0 2 0 PINTYPE=BI
P 978 350 50 300 50 0 3 0
L 295 50 10 0 8 0 1 0 32B_GND
A 305 50 10 0 3 3 #=B32
A 355 50 10 0 2 0 PINTYPE=BI
P 1186 0 40 50 40 0 2 0
L 55 40 10 0 2 0 1 0 33A_PETP4
A 0 40 10 0 1 0 PINTYPE=BI
A 28 50 10 0 1 3 #=A33
P 1189 0 30 50 30 0 2 0
L 55 30 10 0 2 0 1 0 34A_PETN4
A 0 30 10 0 1 0 PINTYPE=BI
A 28 40 10 0 1 3 #=A34
P 1192 0 20 50 20 0 2 0
L 55 20 10 0 2 0 1 0 35A_GND
A 0 20 10 0 1 0 PINTYPE=BI
A 28 30 10 0 1 3 #=A35
P 1195 0 10 50 10 0 2 0
L 55 10 10 0 2 0 1 0 36A_GND
A 0 10 10 0 1 0 PINTYPE=BI
A 28 20 10 0 1 3 #=A36
P 1198 0 0 50 0 0 2 0
L 55 0 10 0 2 0 1 0 37A_PETP5
A 0 0 10 0 1 0 PINTYPE=BI
A 28 10 10 0 1 3 #=A37
P 1201 0 -10 50 -10 0 2 0
L 55 -10 10 0 2 0 1 0 38A_PETN5
A 0 -10 10 0 1 0 PINTYPE=BI
A 28 0 10 0 1 3 #=A38
P 1204 0 -20 50 -20 0 2 0
L 55 -20 10 0 2 0 1 0 39A_GND
A 0 -20 10 0 1 0 PINTYPE=BI
A 28 -10 10 0 1 3 #=A39
P 1207 0 -30 50 -30 0 2 0
L 55 -30 10 0 2 0 1 0 40A_GND
A 0 -30 10 0 1 0 PINTYPE=BI
A 28 -20 10 0 1 3 #=A40
P 1210 0 -40 50 -40 0 2 0
L 55 -40 10 0 2 0 1 0 41A_PETP6
A 0 -40 10 0 1 0 PINTYPE=BI
A 28 -30 10 0 1 3 #=A41
P 1213 0 -50 50 -50 0 2 0
L 55 -50 10 0 2 0 1 0 42A_PETN6
A 0 -50 10 0 1 0 PINTYPE=BI
A 28 -40 10 0 1 3 #=A42
P 1216 0 -60 50 -60 0 2 0
L 55 -60 10 0 2 0 1 0 43A_GND
A 0 -60 10 0 1 0 PINTYPE=BI
A 28 -50 10 0 1 3 #=A43
P 1219 0 -70 50 -70 0 2 0
L 55 -70 10 0 2 0 1 0 44A_GND
A 0 -70 10 0 1 0 PINTYPE=BI
A 28 -60 10 0 1 3 #=A44
P 1222 0 -80 50 -80 0 2 0
L 55 -80 10 0 2 0 1 0 45A_PETP7
A 0 -80 10 0 1 0 PINTYPE=BI
A 28 -70 10 0 1 3 #=A45
P 1225 0 -90 50 -90 0 2 0
L 55 -90 10 0 2 0 1 0 46A_PETN7
A 0 -90 10 0 1 0 PINTYPE=BI
A 28 -80 10 0 1 3 #=A46
P 1228 0 -100 50 -100 0 2 0
L 55 -100 10 0 2 0 1 0 47A_GND
A 0 -100 10 0 1 0 PINTYPE=BI
A 28 -90 10 0 1 3 #=A47
P 1231 0 -110 50 -110 0 2 0
L 55 -110 10 0 2 0 1 0 48A_PRSNT2_N
A 0 -110 10 0 1 0 PINTYPE=BI
A 28 -100 10 0 1 3 #=A48
P 1234 0 -120 50 -120 0 2 0
L 55 -120 10 0 2 0 1 0 49A_GND
A 0 -120 10 0 1 0 PINTYPE=BI
A 28 -110 10 0 1 3 #=A49
P 1237 350 40 300 40 0 3 0
L 295 40 10 0 8 0 1 0 33B_RSVD
A 350 40 10 0 1 0 PINTYPE=BI
A 322 51 10 0 7 3 #=B33
P 1240 350 30 300 30 0 3 0
L 295 30 10 0 8 0 1 0 34B_GND
A 350 30 10 0 1 0 PINTYPE=BI
A 322 41 10 0 7 3 #=B34
P 1243 350 20 300 20 0 3 0
L 295 20 10 0 8 0 1 0 35B_PERP4
A 350 20 10 0 1 0 PINTYPE=BI
A 322 31 10 0 7 3 #=B35
P 1246 350 10 300 10 0 3 0
L 295 10 10 0 8 0 1 0 36B_PERN4
A 350 10 10 0 1 0 PINTYPE=BI
A 322 21 10 0 7 3 #=B36
P 1249 350 0 300 0 0 3 0
L 295 0 10 0 8 0 1 0 37B_GND
A 350 0 10 0 1 0 PINTYPE=BI
A 322 11 10 0 7 3 #=B37
P 1252 350 -10 300 -10 0 3 0
L 295 -10 10 0 8 0 1 0 38B_GND
A 350 -10 10 0 1 0 PINTYPE=BI
A 322 1 10 0 7 3 #=B38
P 1255 350 -20 300 -20 0 3 0
L 295 -20 10 0 8 0 1 0 39B_PERP5
A 350 -20 10 0 1 0 PINTYPE=BI
A 322 -9 10 0 7 3 #=B39
P 1258 350 -30 300 -30 0 3 0
L 295 -30 10 0 8 0 1 0 40B_PERN5
A 350 -30 10 0 1 0 PINTYPE=BI
A 322 -19 10 0 7 3 #=B40
P 1261 350 -40 300 -40 0 3 0
L 295 -40 10 0 8 0 1 0 41B_GND
A 350 -40 10 0 1 0 PINTYPE=BI
A 322 -29 10 0 7 3 #=B41
P 1264 350 -50 300 -50 0 3 0
L 295 -50 10 0 8 0 1 0 42B_GND
A 350 -50 10 0 1 0 PINTYPE=BI
A 322 -39 10 0 7 3 #=B42
P 1267 350 -60 300 -60 0 3 0
L 295 -60 10 0 8 0 1 0 43B_PERP6
A 350 -60 10 0 1 0 PINTYPE=BI
A 322 -49 10 0 7 3 #=B43
P 1270 350 -70 300 -70 0 3 0
L 295 -70 10 0 8 0 1 0 44B_PERN6
A 350 -70 10 0 1 0 PINTYPE=BI
A 322 -59 10 0 7 3 #=B44
P 1273 350 -80 300 -80 0 3 0
L 295 -80 10 0 8 0 1 0 45B_GND
A 350 -80 10 0 1 0 PINTYPE=BI
A 322 -69 10 0 7 3 #=B45
P 1276 350 -90 300 -90 0 3 0
L 295 -90 10 0 8 0 1 0 46B_GND
A 350 -90 10 0 1 0 PINTYPE=BI
A 322 -79 10 0 7 3 #=B46
P 1279 350 -100 300 -100 0 3 0
L 295 -100 10 0 8 0 1 0 47B_PERP7
A 350 -100 10 0 1 0 PINTYPE=BI
A 322 -89 10 0 7 3 #=B47
P 1282 350 -110 300 -110 0 3 0
L 295 -110 10 0 8 0 1 0 48B_PERN7
A 350 -110 10 0 1 0 PINTYPE=BI
A 322 -99 10 0 7 3 #=B48
P 1285 350 -120 300 -120 0 3 0
L 295 -120 10 0 8 0 1 0 49B_GND
A 350 -120 10 0 1 0 PINTYPE=BI
A 322 -109 10 0 7 3 #=B49
P 1294 350 -140 300 -140 0 3 0
L 295 -140 10 0 8 0 1 0 MNT_PAD1
A 350 -140 10 0 1 0 PINTYPE=BI
A 322 -130 10 0 7 3 #=99
P 1297 350 -150 300 -150 0 3 0
L 295 -150 10 0 8 0 1 0 MNT_PAD2
A 350 -150 10 0 1 0 PINTYPE=BI
A 322 -140 10 0 7 3 #=100
E 
