V 53
K 1441039099 pi2dbs6212.1
F Case
|R 9:38:19_8-31-15
D 0 205 140 0
Y 1
Z 10
i 214
U 0 -70 10 0 3 0 VALUE=XXXX
U 0 -60 10 0 3 0 DIST_P/N=XXXX
U 0 -50 10 0 3 0 DIST=PERICOM
U 0 -40 10 0 3 0 MANF_P/N=XXXX
U 0 -30 10 0 3 0 MANF=XXXX
U 0 -20 10 0 3 0 PARTS=1
U 0 -10 10 0 3 0 LEVEL=STD
U 95 5 10 0 3 3 PKG_TYPE=XXXX
U 5 0 16 0 3 3 REFDES=U?
U -10 185 10 0 3 3 DEVICE=XXXX
U 0 0 10 0 1 0 FORWARD_PCB=1
b 20 20 120 185
P 1 0 105 20 105 0 2 0
L 25 100 10 0 3 0 1 0 A0_N
A 0 105 10 0 3 0 PINTYPE=BI
A 10 105 10 0 3 3 #=5
P 9 140 95 120 95 0 3 0
L 90 90 10 0 3 0 1 0 VDD4
A 140 95 10 0 9 0 PINTYPE=POWER
A 135 95 10 0 9 3 #=19
P 10 0 95 20 95 0 2 0
L 25 90 10 0 3 0 1 0 A1_P
A 0 95 10 0 3 0 PINTYPE=BI
A 10 95 10 0 3 3 #=6
P 11 0 85 20 85 0 2 0
L 25 80 10 0 3 0 1 0 A1_N
A 0 85 10 0 3 0 PINTYPE=BI
A 10 85 10 0 3 3 #=7
P 12 0 65 20 65 0 2 0
L 25 60 10 0 3 0 1 0 VDD1
A 0 65 10 0 3 0 PINTYPE=POWER
A 10 65 10 0 3 3 #=9
P 13 0 75 20 75 0 2 0
L 25 70 10 0 3 0 1 0 NC2
A 0 75 10 0 3 0 PINTYPE=IN
A 10 75 10 0 3 3 #=8
P 17 140 85 120 85 0 3 0
L 90 80 10 0 3 0 1 0 C0_P
A 140 85 10 0 9 0 PINTYPE=BI
A 135 85 10 0 9 3 #=18
P 19 140 75 120 75 0 3 0
L 90 70 10 0 3 0 1 0 C0_N
A 140 75 10 0 9 0 PINTYPE=BI
A 135 75 10 0 9 3 #=17
P 20 140 65 120 65 0 3 0
L 90 60 10 0 3 0 1 0 C1_P
A 140 65 10 0 9 0 PINTYPE=BI
A 135 65 10 0 9 3 #=16
P 21 140 55 120 55 0 3 0
L 90 50 10 0 3 0 1 0 C1_N
A 140 55 10 0 9 0 PINTYPE=BI
A 135 55 10 0 9 3 #=15
P 25 140 125 120 125 0 3 0
L 90 120 10 0 3 0 1 0 B1_P
A 140 125 10 0 9 0 PINTYPE=BI
A 135 125 10 0 9 3 #=22
P 26 140 115 120 115 0 3 0
L 90 110 10 0 3 0 1 0 B1_N
A 140 115 10 0 9 0 PINTYPE=BI
A 135 115 10 0 9 3 #=21
P 27 0 125 20 125 0 2 0
L 25 120 10 0 3 0 1 0 SEL
A 0 125 10 0 3 0 PINTYPE=IN
A 10 125 10 0 3 3 #=3
P 29 70 0 70 20 0 1 0
L 70 20 10 1 2 0 1 0 GND3
A 70 0 10 0 1 0 PINTYPE=POWER
A 70 5 10 1 3 3 #=12
P 30 0 55 20 55 0 2 0
L 25 50 10 0 3 0 1 0 GND2
A 0 55 10 0 3 0 PINTYPE=POWER
A 5 55 10 0 3 3 #=10
P 32 0 115 20 115 0 2 0
L 25 110 10 0 3 0 1 0 A0_P
A 0 115 10 0 3 0 PINTYPE=BI
A 10 115 10 0 3 3 #=4
P 41 0 135 20 135 0 2 0
L 25 130 10 0 3 0 1 0 NC1
A 10 135 10 0 3 3 #=2
A 0 135 10 0 3 0 PINTYPE=IN
P 42 140 135 120 135 0 3 0
L 90 130 10 0 3 0 1 0 B0_N
A 140 135 10 0 9 0 PINTYPE=BI
A 135 135 10 0 9 3 #=23
P 44 140 145 120 145 0 3 0
L 90 140 10 0 3 0 1 0 B0_P
A 140 145 10 0 9 0 PINTYPE=BI
A 135 145 10 0 9 3 #=24
P 45 140 105 120 105 0 3 0
L 90 100 10 0 3 0 1 0 GND5
A 140 105 10 0 9 0 PINTYPE=POWER
A 135 105 10 0 9 3 #=20
P 50 0 145 20 145 0 2 0
L 25 140 10 0 3 0 1 0 GND1
A 10 145 10 0 3 3 #=1
A 0 145 10 0 3 0 PINTYPE=POWER
P 52 90 0 90 20 0 1 0
L 90 20 10 1 2 0 1 0 GND4
A 90 0 10 0 1 0 PINTYPE=POWER
A 90 5 10 1 3 3 #=14
P 177 60 205 60 185 0 0 0
L 60 183 10 1 8 0 1 0 VDD6
A 60 205 10 0 1 0 PINTYPE=POWER
A 60 200 10 1 9 3 #=28
P 185 60 0 60 20 0 1 0
L 60 20 10 1 2 0 1 0 VDD2
A 60 0 10 0 1 0 PINTYPE=POWER
A 60 5 10 1 3 3 #=11
P 197 80 0 80 20 0 1 0
L 80 20 10 1 2 0 1 0 VDD3
A 80 0 10 0 1 0 PINTYPE=POWER
A 80 5 10 1 3 3 #=13
P 206 70 205 70 185 0 0 0
L 70 183 10 1 8 0 1 0 GND7
A 70 205 10 0 1 0 PINTYPE=POWER
A 70 200 10 1 9 3 #=27
P 209 80 205 80 185 0 0 0
L 80 183 10 1 8 0 1 0 VDD5
A 80 205 10 0 1 0 PINTYPE=POWER
A 80 200 10 1 9 3 #=26
P 212 90 205 90 185 0 0 0
L 90 183 10 1 8 0 1 0 GND6
A 90 205 10 0 1 0 PINTYPE=POWER
A 90 200 10 1 9 3 #=25
P 312 50 205 50 185 0 0 0
L 50 183 10 1 8 0 1 0 GNDPAD
A 50 205 10 0 1 0 PINTYPE=POWER
A 50 200 10 1 9 3 #=29
E 
