V 53
K 1471038596 power_inductor_2phase.1
F Case
|R 14:49:56_8-12-16
D 0 55 125 0
Y 1
Z 10
i 142
U 110 40 10 0 9 3 DEVICE=DEVICE
U 10 40 16 0 3 3 REFDES=L?
U 60 -20 10 0 3 0 PKG_TYPE=PKG_TYPE
U 80 0 10 0 3 0 VALUE=VALUE
U 0 0 10 0 1 0 FORWARD_PCB=1
c 26 31 1
|GRPHSTL -1 1 0 1
l 3 65 19 65 29 70 29 
a 80 29 80 30 85 29
a 75 29 75 30 80 29
l 3 50 19 50 29 45 29 
a 30 29 30 30 35 29
a 35 29 35 30 40 29
a 40 29 40 30 45 29
a 70 29 70 30 75 29
l 3 90 19 90 29 85 29 
l 3 25 19 25 29 30 29 
b 10 10 105 40
l 2 25 34 50 34 
l 2 25 35 50 35 
l 2 65 34 90 34 
l 2 65 35 90 35 
c 66 31 1
|GRPHSTL -1 1 0 1
P 49 25 0 25 20 0 1 0
L 25 20 10 1 2 0 0 0 1
A 35 -30 10 1 9 0 PINTYPE=BI
A 25 20 10 1 9 3 #=1
P 128 50 0 50 20 0 1 0
L 50 20 10 1 2 0 0 0 2
A 60 -30 10 1 9 0 PINTYPE=BI
A 50 20 10 1 9 3 #=2
P 140 65 0 65 20 0 1 0
L 65 20 10 1 2 0 0 0 3
A 75 -30 10 1 9 0 PINTYPE=BI
A 65 20 10 1 9 3 #=3
P 141 90 0 90 20 0 1 0
L 90 20 10 1 2 0 0 0 4
A 100 -30 10 1 9 0 PINTYPE=BI
A 90 20 10 1 9 3 #=4
E 
