V 51
K 181745443700 pth12020w
|R 21:58_11-8-10
Y 1
D 0 0 170 120
Z 10
i 63
U -190 -40 10 0 3 0 LEVEL=STD
U -190 -50 10 0 3 0 PARTS=1
U 50 50 10 0 3 0 MANF_P/N=PTH12020WAD
U 5 0 16 0 3 3 REFDES=U?
U 145 5 10 0 3 3 PKG_TYPE=XXX
U 145 0 10 0 3 0 VALUE=XXXX
U -20 105 10 0 3 3 DEVICE=XXX
P 62 80 120 80 100 0 0 0
A 92 115 10 2 3 3 #=10
A 85 160 10 1 3 0 PINTYPE=IN
L 80 95 10 1 8 0 1 0 MRG_UP
P 49 0 80 20 80 0 2 0
A -30 70 10 0 9 0 PINTYPE=IN
A 15 80 10 0 9 3 #=2
L 25 80 10 0 2 1 1 0 VI
P 61 60 0 60 20 0 1 0
A 70 -30 10 1 9 0 PINTYPE=IN
A 61 15 10 2 9 3 #=1
L 60 25 10 1 2 0 0 0 GND_1
P 19 60 120 60 100 0 0 0
A 67 115 10 2 3 3 #=8
A 65 160 10 1 3 0 PINTYPE=IN
L 60 95 10 1 8 0 1 0 TRACK
P 58 0 40 20 40 0 2 0
A -30 30 10 0 9 0 PINTYPE=IN
A 15 40 10 0 9 3 #=3
L 25 40 10 0 2 0 1 0 INH_B
P 50 80 0 80 20 0 1 0
A 90 -30 10 1 9 0 PINTYPE=IN
A 81 15 10 2 9 3 #=7
L 80 25 10 1 2 0 0 0 GND_7
P 38 170 60 150 60 0 3 0
A 155 60 10 0 3 3 #=6
A 210 55 10 0 3 0 PINTYPE=OUT
L 145 60 10 0 8 0 1 0 VO
P 57 100 120 100 100 0 0 0
A 107 115 10 2 3 3 #=9
A 105 160 10 1 3 0 PINTYPE=IN
L 100 95 10 1 8 0 1 0 MRG_DN
P 63 120 120 120 100 0 0 0
A 127 115 10 2 3 3 #=5
A 125 160 10 1 3 0 PINTYPE=IN
L 120 95 10 1 8 0 1 0 SENSE
P 52 120 0 120 20 0 1 0
A 130 -30 10 1 9 0 PINTYPE=IN
A 121 15 10 2 9 3 #=4
L 120 25 10 1 2 0 1 0 VO_ADJ
T 85 25 10 1 3 GND
Q 15 0 0
T 65 25 10 1 3 GND
Q 15 0 0
b 20 20 150 100
E
