V 53
K 1381771076 qsh_120_all.1
F Case
|R 10:17:56_10-14-13
D 0 800 200 0
Y 1
Z 10
i 341
U 0 -60 10 0 3 0 MANF_P/N=QSH-060-01-H-D-A
U 0 -40 10 0 3 0 VENDOR=SAMTEC
U 0 -20 10 0 3 0 DEVICE=SAMTEC_QSH-060
U -20 -185 10 0 3 0 LEVEL=STD
U -20 -205 10 0 3 0 PARTS=1
U 0 -10 10 0 3 0 HETERO=(QSH_120_A),(QSH_120_B),QSH_120_ALL
U 20 0 16 0 3 3 REFDES=J?
U 20 780 10 0 3 3 VALUE=SAMTEC_QSH-060-01-X-D-A
U 50 5 10 0 3 0 PKG_TYPE=SAMTEC_QSH-060-01-X-D-A
U 0 0 10 0 1 0 FORWARD_PCB=1
T 170 35 10 0 9 GND
Q 15 0 0
|FNTSTL 16777215 0
T 170 45 10 0 9 GND
Q 15 0 0
|FNTSTL 16777215 0
T 30 755 10 0 3 VCC5
Q 15 0 0
|FNTSTL 16777215 0
T 30 745 10 0 3 VCC5
Q 15 0 0
|FNTSTL 16777215 0
T 30 735 10 0 3 VCC5
Q 15 0 0
|FNTSTL 16777215 0
T 30 725 10 0 3 VCC5
Q 15 0 0
|FNTSTL 16777215 0
T 30 705 10 0 3 VCC33
Q 15 0 0
|FNTSTL 16777215 0
T 30 695 10 0 3 VCC33
Q 15 0 0
|FNTSTL 16777215 0
T 30 685 10 0 3 VCC33
Q 15 0 0
|FNTSTL 16777215 0
T 30 675 10 0 3 VCC33
Q 15 0 0
|FNTSTL 16777215 0
T 30 655 10 0 3 VCC25
Q 15 0 0
|FNTSTL 16777215 0
T 30 645 10 0 3 VCC25
Q 15 0 0
|FNTSTL 16777215 0
T 30 635 10 0 3 VCC25
Q 15 0 0
|FNTSTL 16777215 0
T 30 625 10 0 3 VCC25
Q 15 0 0
|FNTSTL 16777215 0
T 30 515 10 0 3 SPARE
Q 15 0 0
|FNTSTL 16777215 0
T 30 505 10 0 3 SPARE
Q 15 0 0
|FNTSTL 16777215 0
T 30 495 10 0 3 SPARE
Q 15 0 0
|FNTSTL 16777215 0
T 30 485 10 0 3 SPARE
Q 15 0 0
|FNTSTL 16777215 0
T 30 475 10 0 3 SPARE
Q 15 0 0
|FNTSTL 16777215 0
T 30 465 10 0 3 SPARE
Q 15 0 0
|FNTSTL 16777215 0
T 30 455 10 0 3 SPARE
Q 15 0 0
|FNTSTL 16777215 0
T 170 105 10 0 9 GND
Q 15 0 0
|FNTSTL 16777215 0
T 170 95 10 0 9 GND
Q 15 0 0
|FNTSTL 16777215 0
T 170 85 10 0 9 GND
Q 15 0 0
|FNTSTL 16777215 0
T 170 75 10 0 9 GND
Q 15 0 0
|FNTSTL 16777215 0
T 170 65 10 0 9 GND
Q 15 0 0
|FNTSTL 16777215 0
T 170 55 10 0 9 GND
Q 15 0 0
|FNTSTL 16777215 0
T 170 365 10 0 9 SPARE
Q 15 0 0
|FNTSTL 16777215 0
T 170 355 10 0 9 SPARE
Q 15 0 0
|FNTSTL 16777215 0
T 170 345 10 0 9 SPARE
Q 15 0 0
|FNTSTL 16777215 0
T 170 325 10 0 9 SPARE
Q 15 0 0
|FNTSTL 16777215 0
T 170 315 10 0 9 SPARE
Q 15 0 0
|FNTSTL 16777215 0
T 170 305 10 0 9 SPARE
Q 15 0 0
|FNTSTL 16777215 0
T 170 425 10 0 9 SPARE
Q 15 0 0
|FNTSTL 16777215 0
T 170 415 10 0 9 SPARE
Q 15 0 0
|FNTSTL 16777215 0
T 170 405 10 0 9 SPARE
Q 15 0 0
|FNTSTL 16777215 0
T 170 395 10 0 9 SPARE
Q 15 0 0
|FNTSTL 16777215 0
T 170 385 10 0 9 SPARE
Q 15 0 0
|FNTSTL 16777215 0
T 170 375 10 0 9 SPARE
Q 15 0 0
|FNTSTL 16777215 0
T 30 445 10 0 3 SPARE
Q 15 0 0
|FNTSTL 16777215 0
T 30 435 10 0 3 SPARE
Q 15 0 0
|FNTSTL 16777215 0
T 30 425 10 0 3 SPARE
Q 15 0 0
|FNTSTL 16777215 0
T 30 415 10 0 3 SPARE
Q 15 0 0
|FNTSTL 16777215 0
T 30 405 10 0 3 SPARE
Q 15 0 0
|FNTSTL 16777215 0
T 30 395 10 0 3 SPARE
Q 15 0 0
|FNTSTL 16777215 0
T 30 385 10 0 3 SPARE
Q 15 0 0
|FNTSTL 16777215 0
T 30 375 10 0 3 SPARE
Q 15 0 0
|FNTSTL 16777215 0
T 30 365 10 0 3 SPARE
Q 15 0 0
|FNTSTL 16777215 0
T 30 355 10 0 3 SPARE
Q 15 0 0
|FNTSTL 16777215 0
T 170 295 10 0 9 SPARE
Q 15 0 0
|FNTSTL 16777215 0
b 20 20 180 780
T 170 335 10 0 9 SPARE
Q 15 0 0
|FNTSTL 16777215 0
P 88 200 180 180 180 0 3 0
L 170 175 10 0 9 0 1 0 TDO4
A 220 180 10 0 9 0 PINTYPE=OUT
A 205 180 10 0 9 3 #=105
P 89 200 190 180 190 0 3 0
L 170 185 10 0 9 0 1 0 TDO3
A 220 190 10 0 9 0 PINTYPE=OUT
A 205 190 10 0 9 3 #=103
P 90 200 410 180 410 0 3 0
L 95 405 10 0 3 0 0 0 SPARE23
A 220 410 10 0 9 0 PINTYPE=IN
A 200 410 10 0 9 3 #=79
P 91 200 420 180 420 0 3 0
L 95 415 10 0 3 0 0 0 SPARE22
A 220 420 10 0 9 0 PINTYPE=IN
A 200 420 10 0 9 3 #=77
P 92 200 370 180 370 0 3 0
L 95 365 10 0 3 0 0 0 SPARE27
A 220 370 10 0 9 0 PINTYPE=IN
A 200 370 10 0 9 3 #=87
P 93 200 380 180 380 0 3 0
L 95 375 10 0 3 0 0 0 SPARE26
A 220 380 10 0 9 0 PINTYPE=IN
A 200 380 10 0 9 3 #=85
P 111 0 200 20 200 0 2 0
L 30 195 10 0 3 0 1 0 INIT
A -20 200 10 0 3 0 PINTYPE=BI
A 0 200 10 0 3 3 #=76
P 120 200 200 180 200 0 3 0
L 170 195 10 0 9 0 1 0 TDO2
A 220 200 10 0 9 0 PINTYPE=OUT
A 205 200 10 0 9 3 #=101
P 121 200 210 180 210 0 3 0
L 170 205 10 0 9 0 1 0 TDO1
A 220 210 10 0 9 0 PINTYPE=OUT
A 200 210 10 0 9 3 #=99
P 122 200 390 180 390 0 3 0
L 95 385 10 0 3 0 0 0 SPARE25
A 220 390 10 0 9 0 PINTYPE=IN
A 200 390 10 0 9 3 #=83
P 123 200 400 180 400 0 3 0
L 95 395 10 0 3 0 0 0 SPARE24
A 220 400 10 0 9 0 PINTYPE=IN
A 200 400 10 0 9 3 #=81
P 124 200 270 180 270 0 3 0
L 170 265 10 0 9 0 1 0 DOUT2
A 220 270 10 0 9 0 PINTYPE=BI
A 205 270 10 0 9 3 #=109
P 125 200 280 180 280 0 3 0
L 170 275 10 0 9 0 1 0 DOUT1
A 220 280 10 0 9 0 PINTYPE=BI
A 205 280 10 0 9 3 #=107
P 131 200 430 180 430 0 3 0
L 95 425 10 0 3 0 0 0 SPARE21
A 220 430 10 0 9 0 PINTYPE=IN
A 200 430 10 0 9 3 #=73
P 133 200 360 180 360 0 3 0
L 95 355 10 0 3 0 0 0 SPARE28
A 220 360 10 0 9 0 PINTYPE=IN
A 200 360 10 0 9 3 #=89
P 134 200 350 180 350 0 3 0
L 95 345 10 0 3 0 0 0 SPARE29
A 220 350 10 0 9 0 PINTYPE=IN
A 200 350 10 0 9 3 #=91
P 136 0 250 20 250 0 2 0
L 30 245 10 0 3 0 1 0 M0
A -20 250 10 0 3 0 PINTYPE=OUT
A -5 250 10 0 3 3 #=114
P 138 200 330 180 330 0 3 0
L 95 325 10 0 3 0 0 0 SPARE30
A 220 330 10 0 9 0 PINTYPE=IN
A 200 330 10 0 9 3 #=93
P 139 200 310 180 310 0 3 0
L 95 305 10 0 3 0 0 0 SPARE31
A 220 310 10 0 9 0 PINTYPE=IN
A 200 310 10 0 9 3 #=95
P 140 200 340 180 340 0 3 0
L 95 335 10 0 3 0 0 0 SPARE16
A 220 340 10 0 9 0 PINTYPE=BI
A 200 340 10 0 9 3 #=92
P 143 0 380 20 380 0 2 0
L 35 375 10 0 3 0 0 0 SPARE11
A -20 380 10 0 3 0 PINTYPE=BI
A -5 380 10 0 3 3 #=100
P 144 0 410 20 410 0 2 0
L 35 405 10 0 3 0 0 0 SPARE10
A -20 410 10 0 3 0 PINTYPE=BI
A 0 410 10 0 3 3 #=82
P 146 0 400 20 400 0 2 0
L 35 395 10 0 3 0 0 0 SPARE9
A -20 400 10 0 3 0 PINTYPE=BI
A 0 400 10 0 3 3 #=84
P 148 0 340 20 340 0 2 0
L 30 335 10 0 3 0 1 0 CSI
A -20 340 10 0 3 0 PINTYPE=OUT
A 0 340 10 0 3 3 #=96
P 150 0 70 20 70 0 2 0
L 30 65 10 0 3 0 1 0 TDI
A -20 70 10 0 3 0 PINTYPE=IN
A -5 70 10 0 3 3 #=104
P 151 0 60 20 60 0 2 0
L 30 55 10 0 3 0 1 0 TDO
A -20 60 10 0 3 0 PINTYPE=OUT
A -5 60 10 0 3 3 #=102
P 152 0 100 20 100 0 2 0
L 30 95 10 0 3 0 1 0 TCK_N
A -20 100 10 0 3 0 PINTYPE=OUT
A -5 100 10 0 3 3 #=118
P 153 0 370 20 370 0 2 0
L 35 365 10 0 3 0 0 0 SPARE12
A -20 370 10 0 3 0 PINTYPE=BI
A -5 370 10 0 3 3 #=117
P 154 0 360 20 360 0 2 0
L 35 355 10 0 3 0 0 0 SPARE13
A -20 360 10 0 3 0 PINTYPE=BI
A -5 360 10 0 3 3 #=119
P 155 0 110 20 110 0 2 0
L 30 105 10 0 3 0 1 0 TCK_P
A -20 110 10 0 3 0 PINTYPE=OUT
A -5 110 10 0 3 3 #=120
P 157 0 130 20 130 0 2 0
L 30 125 10 0 3 0 1 0 CCLK_N
A -20 130 10 0 3 0 PINTYPE=IN
A 0 130 10 0 3 3 #=80
P 166 0 50 20 50 0 2 0
L 30 45 10 0 3 0 1 0 INSTALLED
A -20 50 10 0 3 0 PINTYPE=IN
A 0 50 10 0 3 3 #=74
P 169 200 320 180 320 0 3 0
L 95 315 10 0 3 0 0 0 SPARE15
A 220 320 10 0 9 0 PINTYPE=BI
A 200 320 10 0 9 3 #=94
P 172 200 300 180 300 0 3 0
L 95 295 10 0 3 0 0 0 SPARE14
A 220 300 10 0 9 0 PINTYPE=BI
A 205 300 10 0 9 3 #=115
P 173 200 250 180 250 0 3 0
L 170 245 10 0 9 0 1 0 DOUT4
A 220 250 10 0 9 0 PINTYPE=BI
A 205 250 10 0 9 3 #=113
P 177 200 260 180 260 0 3 0
L 170 255 10 0 9 0 1 0 DOUT3
A 220 260 10 0 9 0 PINTYPE=BI
A 205 260 10 0 9 3 #=111
P 189 0 240 20 240 0 2 0
L 30 235 10 0 3 0 1 0 M1
A -20 240 10 0 3 0 PINTYPE=OUT
A -5 240 10 0 3 3 #=112
P 190 0 230 20 230 0 2 0
L 30 225 10 0 3 0 1 0 M2
A -20 230 10 0 3 0 PINTYPE=OUT
A -5 230 10 0 3 3 #=110
P 191 0 90 20 90 0 2 0
L 30 85 10 0 3 0 1 0 TMS_P
A -20 90 10 0 3 0 PINTYPE=IN
A -5 90 10 0 3 3 #=108
P 193 0 210 20 210 0 2 0
L 30 205 10 0 3 0 1 0 PROG
A -20 210 10 0 3 0 PINTYPE=BI
A 0 210 10 0 3 3 #=66
P 194 0 190 20 190 0 2 0
L 30 185 10 0 3 0 1 0 DONE
A -20 190 10 0 3 0 PINTYPE=OUT
A 0 190 10 0 3 3 #=72
P 195 0 140 20 140 0 2 0
L 30 135 10 0 3 0 1 0 CCLK_P
A -20 140 10 0 3 0 PINTYPE=IN
A 0 140 10 0 3 3 #=78
P 197 0 330 20 330 0 2 0
L 30 325 10 0 3 0 1 0 CCLK
A -20 330 10 0 3 0 PINTYPE=BI
A 0 330 10 0 3 3 #=97
P 208 0 390 20 390 0 2 0
L 35 385 10 0 3 0 0 0 SPARE7
A -20 390 10 0 3 0 PINTYPE=BI
A 0 390 10 0 3 3 #=98
P 242 200 130 180 130 0 3 0
L 170 125 10 0 9 0 1 0 BOTTOM_DETECT1
A 220 130 10 0 9 0 PINTYPE=OUT
A 200 130 10 0 9 3 #=64
P 244 200 140 180 140 0 3 0
L 170 135 10 0 9 0 1 0 BOTTOM_DETECT2
A 220 140 10 0 9 0 PINTYPE=OUT
A 205 140 10 0 9 3 #=116
P 245 0 80 20 80 0 2 0
L 30 75 10 0 3 0 1 0 TMS_N
A -20 80 10 0 3 0 PINTYPE=IN
A -5 80 10 0 3 3 #=106
P 246 200 150 180 150 0 3 0
L 170 145 10 0 9 0 1 0 CONCURRENT
A 220 150 10 0 9 0 PINTYPE=IN
A 200 150 10 0 9 3 #=86
P 247 200 160 180 160 0 3 0
L 170 155 10 0 9 0 1 0 BYPASS_B
A 220 160 10 0 9 0 PINTYPE=IN
A 200 160 10 0 9 3 #=70
P 250 0 40 20 40 0 2 0
L 30 35 10 0 3 0 1 0 BYPASS_LED
A -20 40 10 0 3 0 PINTYPE=OUT
A 0 40 10 0 3 3 #=75
P 252 0 160 20 160 0 2 0
L 30 155 10 0 3 0 1 0 APP_CLK_P
A -20 160 10 0 3 0 PINTYPE=IN
A 0 160 10 0 3 3 #=88
P 253 0 150 20 150 0 2 0
L 30 145 10 0 3 0 1 0 APP_CLK_N
A -20 150 10 0 3 0 PINTYPE=IN
A 0 150 10 0 3 3 #=90
P 258 200 110 180 110 0 3 0
L 115 105 10 0 3 0 0 0 GND1
A 220 110 10 0 9 0 PINTYPE=IN
A 205 110 10 0 9 3 #=121
P 259 200 100 180 100 0 3 0
L 115 95 10 0 3 0 0 0 GND2
A 220 100 10 0 9 0 PINTYPE=IN
A 205 100 10 0 9 3 #=122
P 260 200 90 180 90 0 3 0
L 115 85 10 0 3 0 0 0 GND3
A 220 90 10 0 9 0 PINTYPE=IN
A 205 90 10 0 9 3 #=123
P 261 200 80 180 80 0 3 0
L 115 75 10 0 3 0 0 0 GND4
A 220 80 10 0 9 0 PINTYPE=IN
A 205 80 10 0 9 3 #=124
P 264 200 70 180 70 0 3 0
L 115 65 10 0 3 0 0 0 GND5
A 220 70 10 0 9 0 PINTYPE=IN
A 205 70 10 0 9 3 #=125
P 265 0 180 20 180 0 2 0
L 30 175 10 0 3 0 1 0 DIN
A -20 180 10 0 3 0 PINTYPE=IN
A 0 180 10 0 3 3 #=56
P 266 200 60 180 60 0 3 0
L 135 55 10 0 3 0 0 0 GND6
A 220 60 10 0 9 0 PINTYPE=IN
A 205 60 10 0 9 3 #=126
P 271 0 440 20 440 0 2 0
L 35 435 10 0 3 0 0 0 SPARE18
A -20 440 10 0 3 0 PINTYPE=BI
A 0 440 10 0 3 3 #=67
P 272 0 450 20 450 0 2 0
L 35 445 10 0 3 0 0 0 SPARE17
A -20 450 10 0 3 0 PINTYPE=BI
A 0 450 10 0 3 3 #=65
P 273 0 430 20 430 0 2 0
L 35 425 10 0 3 0 0 0 SPARE19
A -20 430 10 0 3 0 PINTYPE=BI
A 0 430 10 0 3 3 #=69
P 274 0 420 20 420 0 2 0
L 35 415 10 0 3 0 0 0 SPARE20
A -20 420 10 0 3 0 PINTYPE=BI
A 0 420 10 0 3 3 #=71
P 275 0 280 20 280 0 2 0
L 30 275 10 0 3 0 1 0 APPCLK_EN_B
A -20 280 10 0 3 0 PINTYPE=IN
A 0 280 10 0 3 3 #=32
P 276 0 270 20 270 0 2 0
L 30 265 10 0 3 0 1 0 CCLK_EN_B
A -20 270 10 0 3 0 PINTYPE=BI
A 0 270 10 0 3 3 #=30
P 277 0 320 20 320 0 2 0
L 30 315 10 0 3 0 1 0 CCLK_SEL
A -20 320 10 0 3 0 PINTYPE=BI
A 0 320 10 0 3 3 #=44
P 278 0 290 20 290 0 2 0
L 30 285 10 0 3 0 1 0 JTAG_EN_B
A -20 290 10 0 3 0 PINTYPE=BI
A 0 290 10 0 3 3 #=28
P 279 0 300 20 300 0 2 0
L 30 295 10 0 3 0 1 0 POR_B
A -20 300 10 0 3 0 PINTYPE=IN
A 0 300 10 0 3 3 #=68
P 280 0 520 20 520 0 2 0
L 35 515 10 0 3 0 0 0 SPARE1
A -20 520 10 0 3 0 PINTYPE=BI
A 0 520 10 0 3 3 #=12
P 281 0 510 20 510 0 2 0
L 35 505 10 0 3 0 0 0 SPARE2
A -20 510 10 0 3 0 PINTYPE=BI
A 0 510 10 0 3 3 #=14
P 282 0 500 20 500 0 2 0
L 35 495 10 0 3 0 0 0 SPARE3
A -20 500 10 0 3 0 PINTYPE=BI
A 0 500 10 0 3 3 #=42
P 283 0 490 20 490 0 2 0
L 35 485 10 0 3 0 0 0 SPARE4
A -20 490 10 0 3 0 PINTYPE=BI
A 0 490 10 0 3 3 #=54
P 284 0 480 20 480 0 2 0
L 35 475 10 0 3 0 0 0 SPARE5
A -20 480 10 0 3 0 PINTYPE=BI
A 0 480 10 0 3 3 #=58
P 285 0 470 20 470 0 2 0
L 35 465 10 0 3 0 0 0 SPARE6
A -20 470 10 0 3 0 PINTYPE=BI
A 0 470 10 0 3 3 #=60
P 286 0 460 20 460 0 2 0
L 35 455 10 0 3 0 0 0 SPARE8
A -20 460 10 0 3 0 PINTYPE=BI
A 0 460 10 0 3 3 #=62
P 287 0 580 20 580 0 2 0
L 30 575 10 0 3 0 1 0 STACK_SIZE2
A -20 580 10 0 3 0 PINTYPE=BI
A 0 580 10 0 3 3 #=46
P 288 0 590 20 590 0 2 0
L 30 585 10 0 3 0 1 0 STACK_SIZE3
A -20 590 10 0 3 0 PINTYPE=BI
A 0 590 10 0 3 3 #=48
P 289 0 600 20 600 0 2 0
L 30 595 10 0 3 0 1 0 STACK_SIZE4
A -20 600 10 0 3 0 PINTYPE=BI
A 0 600 10 0 3 3 #=50
P 290 0 610 20 610 0 2 0
L 30 605 10 0 3 0 1 0 STACK_SIZE_FAULT
A -20 610 10 0 3 0 PINTYPE=OUT
A 0 610 10 0 3 3 #=52
P 291 0 660 20 660 0 2 0
L 35 655 10 0 3 0 0 0 VCC25A
A -20 660 10 0 3 0 PINTYPE=BI
A 0 660 10 0 3 3 #=20
P 292 0 650 20 650 0 2 0
L 35 645 10 0 3 0 0 0 VCC25B
A -20 650 10 0 3 0 PINTYPE=BI
A 0 650 10 0 3 3 #=22
P 293 0 640 20 640 0 2 0
L 35 635 10 0 3 0 0 0 VCC25C
A -20 640 10 0 3 0 PINTYPE=BI
A 0 640 10 0 3 3 #=24
P 294 0 630 20 630 0 2 0
L 35 625 10 0 3 0 0 0 VCC25D
A -20 630 10 0 3 0 PINTYPE=BI
A 0 630 10 0 3 3 #=26
P 295 0 710 20 710 0 2 0
L 35 705 10 0 3 0 0 0 VCC33A
A -20 710 10 0 3 0 PINTYPE=BI
A 5 710 10 0 3 3 #=2
P 296 0 700 20 700 0 2 0
L 35 695 10 0 3 0 0 0 VCC33B
A -20 700 10 0 3 0 PINTYPE=BI
A 5 700 10 0 3 3 #=4
P 297 0 690 20 690 0 2 0
L 35 685 10 0 3 0 0 0 VCC33C
A -20 690 10 0 3 0 PINTYPE=BI
A 5 690 10 0 3 3 #=6
P 298 0 680 20 680 0 2 0
L 25 675 10 0 3 0 0 0 VCC33D
A -20 680 10 0 3 0 PINTYPE=BI
A 5 680 10 0 3 3 #=8
P 299 0 760 20 760 0 2 0
L 35 755 10 0 3 0 0 0 VCC50A
A -20 760 10 0 3 0 PINTYPE=BI
A 0 760 10 0 3 3 #=34
P 300 0 750 20 750 0 2 0
L 35 745 10 0 3 0 0 0 VCC50B
A -20 750 10 0 3 0 PINTYPE=BI
A 0 750 10 0 3 3 #=36
P 301 0 740 20 740 0 2 0
L 35 735 10 0 3 0 0 0 VCC50C
A -20 740 10 0 3 0 PINTYPE=BI
A 0 740 10 0 3 3 #=38
P 302 0 730 20 730 0 2 0
L 35 725 10 0 3 0 0 0 VCC50D
A -20 730 10 0 3 0 PINTYPE=BI
A 0 730 10 0 3 3 #=40
P 303 0 550 20 550 0 2 0
L 30 545 10 0 3 0 1 0 VCCAUX_REF
A -20 550 10 0 3 0 PINTYPE=BI
A 0 550 10 0 3 3 #=16
P 304 0 560 20 560 0 2 0
L 30 555 10 0 3 0 1 0 VCCO_REF
A -20 560 10 0 3 0 PINTYPE=IN
A 0 560 10 0 3 3 #=10
P 305 0 540 20 540 0 2 0
L 30 535 10 0 3 0 1 0 VCCO_REG
A -20 540 10 0 3 0 PINTYPE=BI
A 0 540 10 0 3 3 #=18
P 306 200 760 180 760 0 3 0
L 170 755 10 0 9 0 1 0 D0
A 220 760 10 0 9 0 PINTYPE=IN
A 195 760 10 0 9 3 #=1
P 307 200 750 180 750 0 3 0
L 170 745 10 0 9 0 1 0 D1
A 220 750 10 0 9 0 PINTYPE=IN
A 195 750 10 0 9 3 #=3
P 308 200 660 180 660 0 3 0
L 170 655 10 0 9 0 1 0 D10
A 220 660 10 0 9 0 PINTYPE=IN
A 200 660 10 0 9 3 #=21
P 309 200 640 180 640 0 3 0
L 170 635 10 0 9 0 1 0 D12
A 220 640 10 0 9 0 PINTYPE=IN
A 200 640 10 0 9 3 #=25
P 310 200 630 180 630 0 3 0
L 170 625 10 0 9 0 1 0 D13
A 220 630 10 0 9 0 PINTYPE=IN
A 200 630 10 0 9 3 #=27
P 311 200 620 180 620 0 3 0
L 170 615 10 0 9 0 1 0 D14
A 220 620 10 0 9 0 PINTYPE=IN
A 200 620 10 0 9 3 #=29
P 312 200 610 180 610 0 3 0
L 170 605 10 0 9 0 1 0 D15
A 220 610 10 0 9 0 PINTYPE=IN
A 200 610 10 0 9 3 #=31
P 313 200 600 180 600 0 3 0
L 170 595 10 0 9 0 1 0 D16
A 220 600 10 0 9 0 PINTYPE=IN
A 200 600 10 0 9 3 #=33
P 314 200 590 180 590 0 3 0
L 170 585 10 0 9 0 1 0 D17
A 220 590 10 0 9 0 PINTYPE=IN
A 200 590 10 0 9 3 #=35
P 315 200 580 180 580 0 3 0
L 170 575 10 0 9 0 1 0 D18
A 220 580 10 0 9 0 PINTYPE=IN
A 200 580 10 0 9 3 #=37
P 316 200 570 180 570 0 3 0
L 170 565 10 0 9 0 1 0 D19
A 220 570 10 0 9 0 PINTYPE=IN
A 200 570 10 0 9 3 #=39
P 317 200 740 180 740 0 3 0
L 170 735 10 0 9 0 1 0 D2
A 220 740 10 0 9 0 PINTYPE=IN
A 195 740 10 0 9 3 #=5
P 318 200 560 180 560 0 3 0
L 170 555 10 0 9 0 1 0 D20
A 220 560 10 0 9 0 PINTYPE=IN
A 200 560 10 0 9 3 #=41
P 319 200 550 180 550 0 3 0
L 170 545 10 0 9 0 1 0 D21
A 220 550 10 0 9 0 PINTYPE=IN
A 200 550 10 0 9 3 #=43
P 320 200 540 180 540 0 3 0
L 170 535 10 0 9 0 1 0 D22
A 220 540 10 0 9 0 PINTYPE=IN
A 200 540 10 0 9 3 #=45
P 321 200 530 180 530 0 3 0
L 170 525 10 0 9 0 1 0 D23
A 220 530 10 0 9 0 PINTYPE=IN
A 200 530 10 0 9 3 #=47
P 322 200 520 180 520 0 3 0
L 170 515 10 0 9 0 1 0 D24
A 220 520 10 0 9 0 PINTYPE=IN
A 200 520 10 0 9 3 #=49
P 323 200 510 180 510 0 3 0
L 170 505 10 0 9 0 1 0 D25
A 220 510 10 0 9 0 PINTYPE=IN
A 200 510 10 0 9 3 #=51
P 324 200 500 180 500 0 3 0
L 170 495 10 0 9 0 1 0 D26
A 220 500 10 0 9 0 PINTYPE=IN
A 200 500 10 0 9 3 #=53
P 325 200 490 180 490 0 3 0
L 170 485 10 0 9 0 1 0 D27
A 220 490 10 0 9 0 PINTYPE=IN
A 200 490 10 0 9 3 #=55
P 326 200 480 180 480 0 3 0
L 170 475 10 0 9 0 1 0 D28
A 220 480 10 0 9 0 PINTYPE=IN
A 200 480 10 0 9 3 #=57
P 327 200 470 180 470 0 3 0
L 170 465 10 0 9 0 1 0 D29
A 220 470 10 0 9 0 PINTYPE=IN
A 200 470 10 0 9 3 #=59
P 328 200 730 180 730 0 3 0
L 170 725 10 0 9 0 1 0 D3
A 220 730 10 0 9 0 PINTYPE=IN
A 195 730 10 0 9 3 #=7
P 329 200 460 180 460 0 3 0
L 170 455 10 0 9 0 1 0 D30
A 220 460 10 0 9 0 PINTYPE=IN
A 200 460 10 0 9 3 #=61
P 330 200 450 180 450 0 3 0
L 170 445 10 0 9 0 1 0 D31
A 220 450 10 0 9 0 PINTYPE=IN
A 200 450 10 0 9 3 #=63
P 331 200 720 180 720 0 3 0
L 170 715 10 0 9 0 1 0 D4
A 220 720 10 0 9 0 PINTYPE=IN
A 195 720 10 0 9 3 #=9
P 332 200 710 180 710 0 3 0
L 170 705 10 0 9 0 1 0 D5
A 220 710 10 0 9 0 PINTYPE=IN
A 200 710 10 0 9 3 #=11
P 333 200 700 180 700 0 3 0
L 170 695 10 0 9 0 1 0 D6
A 220 700 10 0 9 0 PINTYPE=IN
A 200 700 10 0 9 3 #=13
P 334 200 690 180 690 0 3 0
L 170 685 10 0 9 0 1 0 D7
A 220 690 10 0 9 0 PINTYPE=IN
A 200 690 10 0 9 3 #=15
P 335 200 680 180 680 0 3 0
L 170 675 10 0 9 0 1 0 D8
A 220 680 10 0 9 0 PINTYPE=IN
A 200 680 10 0 9 3 #=17
P 336 200 670 180 670 0 3 0
L 170 665 10 0 9 0 1 0 D9
A 220 670 10 0 9 0 PINTYPE=IN
A 200 670 10 0 9 3 #=19
P 337 200 40 180 40 0 3 0
L 135 35 10 0 3 0 0 0 GND8
A 220 40 10 0 9 0 PINTYPE=IN
A 205 40 10 0 9 3 #=128
P 338 200 650 180 650 0 3 0
L 170 645 10 0 9 0 1 0 D11
A 220 650 10 0 9 0 PINTYPE=IN
A 200 650 10 0 9 3 #=23
P 339 200 50 180 50 0 3 0
L 135 45 10 0 3 0 0 0 GND7
A 220 50 10 0 9 0 PINTYPE=IN
A 205 50 10 0 9 3 #=127
E 
