V 51
K 3337516580 res_vishay_wsl_alt
|R 19:09_3-31-13
Y 1
D 0 0 110 80
Z 10
i 12
U 0 -50 10 0 3 0 LEVEL=STD
U 0 -40 10 0 3 0 PARTS=1
U 130 70 8 0 9 0 DEVICE=WSL3637
U 125 10 8 0 9 0 PKG_TYPE=RES_WSL3637
P 2 110 40 100 40 0 3 0
A 100 45 10 0 2 0 PINTYPE=ANALOG
A 105 40 10 0 3 3 #=2
L 95 40 10 0 8 0 1 0 R2
P 1 0 40 10 40 0 2 0
A 20 45 10 0 2 0 PINTYPE=ANALOG
A 5 40 10 0 9 3 #=1
L 14 40 10 0 2 0 1 0 R1
U 90 10 10 0 3 0 POWER=XX
U 90 0 10 0 3 0 TOLERANCE=XX
l 2 70 31 70 38
l 2 40 31 40 38
c 40 40 2
Q 2 1 0
l 2 49 38 47 42
l 2 61 43 59 38
l 2 59 38 56 43
l 2 56 43 54 38
l 2 54 38 51 43
l 2 51 43 49 38
U 55 60 10 0 3 3 VALUE=?
l 2 65 40 64 38
l 2 64 38 61 43
l 2 47 42 45 40
c 70 40 2
Q 2 1 0
l 2 79 40 65 40
l 2 45 40 30 40
P 12 40 0 40 20 0 1 0
L 45 25 10 2 2 0 1 0 S1
A 40 15 10 2 9 3 #=S1
A 45 20 10 1 2 0 PINTYPE=ANALOG
P 4 70 0 70 20 0 1 0
A 75 20 10 1 2 0 PINTYPE=ANALOG
A 70 15 10 2 9 3 #=S2
L 75 25 10 2 2 0 1 0 S2
b 10 20 100 60
U 30 0 16 0 9 3 REFDES=R?
E
