V 53
K 1447204554 rtl8211dn.1
F Case
|R 17:15:54_11-10-15
D 0 550 275 -65
Y 1
Z 10
i 954
U 0 -20 10 0 3 0 VALUE=VALUE
U 0 -10 10 0 3 0 MANF_P/N=MANF_P/N
U 20 -65 16 0 3 3 REFDES=U?
U 235 -60 10 0 9 3 PKG_TYPE=PKG_TYPE
U 25 540 10 0 3 3 DEVICE=DEVICE
U 0 -65 10 0 1 0 FORWARD_PCB=1
l 2 65 520 75 520 
l 2 220 275 210 275 
l 2 220 235 210 235 
l 2 210 235 210 275 
l 2 65 490 75 490 
l 2 75 490 75 520 
T 80 500 10 0 3 SERIAL MGMT
l 2 180 335 180 395 
l 2 190 395 180 395 
l 2 190 335 180 335 
l 2 205 410 195 410 
l 2 195 410 195 520 
l 2 205 520 195 520 
l 2 80 205 90 205 
T 205 245 10 0 9 JTAG
T 190 475 10 0 9 TWISTED
T 190 465 10 0 9 PAIR I/F
T 175 340 10 0 9 MEDIA I/F
T 175 350 10 0 9 SERIAL MAC/
l 2 80 480 90 480 
l 2 90 205 90 480 
T 95 385 10 0 3 PARALLEL
T 95 375 10 0 3 MAC I/F
b 20 -45 255 535
T 250 5 10 0 8 NC
Q 15 0 0
|FNTSTL 16777215 0
T 250 -5 10 0 8 NC
Q 15 0 0
|FNTSTL 16777215 0
T 250 -15 10 0 8 NC
Q 15 0 0
|FNTSTL 16777215 0
T 250 -25 10 0 8 NC
Q 15 0 0
|FNTSTL 16777215 0
T 250 -35 10 0 8 NC
Q 15 0 0
|FNTSTL 16777215 0
T 25 5 10 0 2 GND
Q 15 0 0
|FNTSTL 16777215 0
T 25 -5 10 0 2 GND
Q 15 0 0
|FNTSTL 16777215 0
T 250 180 10 0 8 AVDD10
Q 15 0 0
|FNTSTL 16777215 0
T 250 170 10 0 8 AVDD10
Q 15 0 0
|FNTSTL 16777215 0
T 250 160 10 0 8 AVDD10
Q 15 0 0
|FNTSTL 16777215 0
T 250 150 10 0 8 AVDD10
Q 15 0 0
|FNTSTL 16777215 0
T 250 140 10 0 8 AVDD10
Q 15 0 0
|FNTSTL 16777215 0
T 250 130 10 0 8 AVDD10
Q 15 0 0
|FNTSTL 16777215 0
T 250 115 10 0 8 AVDD33
Q 15 0 0
|FNTSTL 16777215 0
T 250 105 10 0 8 AVDD33
Q 15 0 0
|FNTSTL 16777215 0
T 250 95 10 0 8 AVDD33
Q 15 0 0
|FNTSTL 16777215 0
T 250 80 10 0 8 DVDD10
Q 15 0 0
|FNTSTL 16777215 0
T 250 70 10 0 8 DVDD10
Q 15 0 0
|FNTSTL 16777215 0
T 250 55 10 0 8 DVDD33
Q 15 0 0
|FNTSTL 16777215 0
T 250 45 10 0 8 DVDD33
Q 15 0 0
|FNTSTL 16777215 0
T 250 35 10 0 8 DVDD33
Q 15 0 0
|FNTSTL 16777215 0
T 250 25 10 0 8 DVDD33
Q 15 0 0
|FNTSTL 16777215 0
T 25 55 10 0 2 AGND
Q 15 0 0
|FNTSTL 16777215 0
T 25 45 10 0 2 AGND
Q 15 0 0
|FNTSTL 16777215 0
T 25 35 10 0 2 AGND
Q 15 0 0
|FNTSTL 16777215 0
T 25 25 10 0 2 AGND
Q 15 0 0
|FNTSTL 16777215 0
P 164 0 505 20 505 0 2 0
L 25 505 10 0 2 0 1 0 MDIO
A -20 505 10 0 3 0 PINTYPE=BI
A 15 505 10 0 9 3 #=73
P 172 275 515 255 515 0 3 0
L 250 515 10 0 8 0 1 0 MDIP0
A 295 515 10 0 9 0 PINTYPE=ANALOG
A 260 515 10 0 3 3 #=1
P 180 275 505 255 505 0 3 0
L 250 505 10 0 8 0 1 0 MDIN0
A 295 505 10 0 9 0 PINTYPE=ANALOG
A 260 505 10 0 3 3 #=2
P 181 275 475 255 475 0 3 0
L 250 475 10 0 8 0 1 0 MDIN1
A 295 475 10 0 9 0 PINTYPE=ANALOG
A 260 475 10 0 3 3 #=5
P 182 275 485 255 485 0 3 0
L 250 485 10 0 8 0 1 0 MDIP1
A 295 485 10 0 9 0 PINTYPE=ANALOG
A 260 485 10 0 3 3 #=4
P 183 275 455 255 455 0 3 0
L 250 455 10 0 8 0 1 0 MDIP2
A 260 455 10 0 3 3 #=7
A 295 455 10 0 9 0 PINTYPE=ANALOG
P 184 275 445 255 445 0 3 0
L 250 445 10 0 8 0 1 0 MDIN2
A 260 445 10 0 3 3 #=8
A 295 445 10 0 9 0 PINTYPE=ANALOG
P 185 275 425 255 425 0 3 0
L 250 425 10 0 8 0 1 0 MDIP3
A 260 425 10 0 3 3 #=10
A 295 425 10 0 9 0 PINTYPE=ANALOG
P 186 275 415 255 415 0 3 0
L 250 415 10 0 8 0 1 0 MDIN3
A 260 415 10 0 3 3 #=11
A 295 415 10 0 9 0 PINTYPE=ANALOG
P 187 0 495 20 495 0 2 0
L 25 495 10 0 2 0 1 0 MDC
A 15 495 10 0 9 3 #=72
A -20 495 10 0 3 0 PINTYPE=IN
P 193 0 175 20 175 0 2 0
L 25 175 10 0 2 0 1 0 CKXTAL2
A 15 175 10 0 9 3 #=82
A -20 175 10 0 3 0 PINTYPE=OUT
P 194 0 190 20 190 0 2 0
L 25 190 10 0 2 0 1 0 CKXTAL1
A 15 190 10 0 9 3 #=81
A -20 190 10 0 3 0 PINTYPE=IN
P 195 0 140 20 140 0 2 0
L 25 140 10 0 2 0 1 0 PHYRST_B
A 15 140 10 0 9 3 #=52
A -20 140 10 0 3 0 PINTYPE=IN
P 200 275 390 255 390 0 3 0
L 250 390 10 0 8 0 1 0 HSIP
A 260 390 10 0 3 3 #=13
A 295 390 10 0 9 0 PINTYPE=IN
P 201 275 380 255 380 0 3 0
L 250 380 10 0 8 0 1 0 HSIN
A 260 380 10 0 3 3 #=14
A 295 380 10 0 9 0 PINTYPE=IN
P 202 275 370 255 370 0 3 0
L 250 370 10 0 8 0 1 0 HSOP
A 260 370 10 0 3 3 #=17
A 295 370 10 0 9 0 PINTYPE=OUT
P 203 0 445 20 445 0 2 0
L 25 445 10 0 2 0 1 0 GTX_CLK
A 15 445 10 0 9 3 #=48
A -20 445 10 0 3 0 PINTYPE=IN
P 205 0 385 20 385 0 2 0
L 25 385 10 0 2 0 1 0 TXD3
A 15 385 10 0 9 3 #=55
A -20 385 10 0 3 0 PINTYPE=IN
P 206 0 375 20 375 0 2 0
L 25 375 10 0 2 0 1 0 TXD2
A 15 375 10 0 9 3 #=54
A -20 375 10 0 3 0 PINTYPE=IN
P 207 0 365 20 365 0 2 0
L 25 365 10 0 2 0 1 0 TXD1
A 15 365 10 0 9 3 #=53
A -20 365 10 0 3 0 PINTYPE=IN
P 208 0 355 20 355 0 2 0
L 25 355 10 0 2 0 1 0 TXD0
A 15 355 10 0 9 3 #=50
A -20 355 10 0 3 0 PINTYPE=IN
P 215 0 210 20 210 0 2 0
L 25 210 10 0 2 0 1 0 RXD0
A 15 210 10 0 9 3 #=33
A -20 210 10 0 3 0 PINTYPE=OUT
P 216 0 335 20 335 0 2 0
L 25 335 10 0 2 0 1 0 RXC
A 15 335 10 0 9 3 #=38
A -20 335 10 0 3 0 PINTYPE=OUT
P 218 0 240 20 240 0 2 0
L 25 240 10 0 2 0 1 0 RXD3
A 15 240 10 0 9 3 #=37
A -20 240 10 0 3 0 PINTYPE=OUT
P 219 0 230 20 230 0 2 0
L 25 230 10 0 2 0 1 0 RXD2
A 15 230 10 0 9 3 #=36
A -20 230 10 0 3 0 PINTYPE=OUT
P 220 0 220 20 220 0 2 0
L 25 220 10 0 2 0 1 0 RXD1
A 15 220 10 0 9 3 #=35
A -20 220 10 0 3 0 PINTYPE=OUT
P 221 275 250 255 250 0 3 0
L 250 250 10 0 8 0 1 0 TDO
A 260 250 10 0 3 3 #=64
A 295 250 10 0 9 0 PINTYPE=OUT
P 222 275 260 255 260 0 3 0
L 250 260 10 0 8 0 1 0 TDI
A 260 260 10 0 3 3 #=65
A 295 260 10 0 9 0 PINTYPE=IN
P 223 275 270 255 270 0 3 0
L 250 270 10 0 8 0 1 0 TMS
A 260 270 10 0 3 3 #=62
A 295 270 10 0 9 0 PINTYPE=IN
P 224 275 240 255 240 0 3 0
L 250 240 10 0 8 0 1 0 TCK
A 260 240 10 0 3 3 #=63
A 295 240 10 0 9 0 PINTYPE=IN
P 228 275 290 255 290 0 3 0
L 250 290 10 0 8 0 1 0 LED0/PHY_AD0
A 260 290 10 0 3 3 #=68
A 295 290 10 0 9 0 PINTYPE=OUT
P 243 0 120 20 120 0 2 0
L 25 120 10 0 2 0 1 0 REXT
A 15 120 10 0 9 3 #=26
A -20 120 10 0 3 0 PINTYPE=ANALOG
P 245 0 515 20 515 0 2 0
L 25 515 10 0 2 0 1 0 INT_B
A 15 515 10 0 9 3 #=75
A -20 515 10 0 3 0 PINTYPE=OUT
P 246 0 160 20 160 0 2 0
L 25 160 10 0 2 0 1 0 CLK125
A 15 160 10 0 9 3 #=86
A -20 160 10 0 3 0 PINTYPE=OUT
P 247 275 300 255 300 0 3 0
L 250 300 10 0 8 0 1 0 LED1/PHY_AD1
A 260 300 10 0 3 3 #=69
A 295 300 10 0 9 0 PINTYPE=OUT
P 248 275 310 255 310 0 3 0
L 250 310 10 0 8 0 1 0 LED2/MDI0
A 260 310 10 0 3 3 #=70
A 295 310 10 0 9 0 PINTYPE=OUT
P 249 275 320 255 320 0 3 0
L 250 320 10 0 8 0 1 0 LED3/MDI1
A 260 320 10 0 3 3 #=71
A 295 320 10 0 9 0 PINTYPE=OUT
P 251 275 360 255 360 0 3 0
L 250 360 10 0 8 0 1 0 HSON
A 260 360 10 0 3 3 #=18
A 295 360 10 0 9 0 PINTYPE=OUT
P 252 275 340 255 340 0 3 0
L 250 340 10 0 8 0 1 0 HSON_CK
A 260 340 10 0 3 3 #=22
A 295 340 10 0 9 0 PINTYPE=OUT
P 253 275 350 255 350 0 3 0
L 250 350 10 0 8 0 1 0 HSOP_CK
A 260 350 10 0 3 3 #=21
A 295 350 10 0 9 0 PINTYPE=OUT
P 261 0 415 20 415 0 2 0
L 25 415 10 0 2 0 1 0 TXD6
A 15 415 10 0 9 3 #=59
A -20 415 10 0 3 0 PINTYPE=IN
P 262 0 425 20 425 0 2 0
L 25 425 10 0 2 0 1 0 TXD7
A 15 425 10 0 9 3 #=60
A -20 425 10 0 3 0 PINTYPE=IN
P 263 0 405 20 405 0 2 0
L 25 405 10 0 2 0 1 0 TXD5
A 15 405 10 0 9 3 #=58
A -20 405 10 0 3 0 PINTYPE=IN
P 264 0 395 20 395 0 2 0
L 25 395 10 0 2 0 1 0 TXD4
A 15 395 10 0 9 3 #=57
A -20 395 10 0 3 0 PINTYPE=IN
P 265 0 455 20 455 0 2 0
L 25 455 10 0 2 0 1 0 TXEN/TXCTL
A 15 455 10 0 9 3 #=49
A -20 455 10 0 3 0 PINTYPE=IN
P 266 0 270 20 270 0 2 0
L 25 270 10 0 2 0 1 0 RXD6/RXDLY
A 15 270 10 0 9 3 #=42
A -20 270 10 0 3 0 PINTYPE=OUT
P 267 0 260 20 260 0 2 0
L 25 260 10 0 2 0 1 0 RXD5/TXDLY
A 15 260 10 0 9 3 #=41
A -20 260 10 0 3 0 PINTYPE=OUT
P 268 0 250 20 250 0 2 0
L 25 250 10 0 2 0 1 0 RXD4/SELRGV
A 15 250 10 0 9 3 #=39
A -20 250 10 0 3 0 PINTYPE=OUT
P 269 0 280 20 280 0 2 0
L 25 280 10 0 2 0 1 0 RXD7/AN0
A 15 280 10 0 9 3 #=43
A -20 280 10 0 3 0 PINTYPE=OUT
P 271 0 325 20 325 0 2 0
L 25 325 10 0 2 0 1 0 RXDV/RXCTL
A 15 325 10 0 9 3 #=32
A -20 325 10 0 3 0 PINTYPE=OUT
P 272 0 315 20 315 0 2 0
L 25 315 10 0 2 0 1 0 CRS/MII1
A 15 315 10 0 9 3 #=46
A -20 315 10 0 3 0 PINTYPE=OUT
P 273 0 305 20 305 0 2 0
L 25 305 10 0 2 0 1 0 COL/MII0
A 15 305 10 0 9 3 #=45
A -20 305 10 0 3 0 PINTYPE=OUT
P 533 0 130 20 130 0 2 0
L 26 130 10 0 2 0 1 0 RSET
A 0 130 10 0 1 0 PINTYPE=OUT
A 15 130 10 0 9 3 #=78
P 536 135 -65 135 -45 0 1 0
L 135 -39 10 1 2 0 1 0 EPAD
A 135 -65 10 0 1 0 PINTYPE=POWER
A 135 -60 10 1 3 3 #=89
P 539 0 100 20 100 0 2 0
L 26 100 10 0 2 0 1 0 ENSWREG
A 0 100 10 0 1 0 PINTYPE=POWER
A 15 100 10 0 9 3 #=77
P 542 0 85 20 85 0 2 0
L 26 85 10 0 2 0 1 0 VDDREG1
A 0 85 10 0 1 0 PINTYPE=POWER
A 15 85 10 0 9 3 #=84
P 545 0 75 20 75 0 2 0
L 26 75 10 0 2 0 1 0 VDDREG2
A 0 75 10 0 1 0 PINTYPE=POWER
A 15 75 10 0 9 3 #=85
P 548 275 210 255 210 0 3 0
L 249 210 10 0 8 0 1 0 REG_OUT
A 275 210 10 0 1 0 PINTYPE=POWER
A 260 210 10 0 3 3 #=88
P 551 275 5 255 5 0 3 0
L 249 5 10 0 8 0 0 0 NC1
A 275 5 10 0 7 0 PINTYPE=IN
A 260 5 10 0 3 3 #=28
P 554 275 -5 255 -5 0 3 0
L 249 -5 10 0 8 0 0 0 NC2
A 275 -5 10 0 7 0 PINTYPE=IN
A 260 -5 10 0 3 3 #=29
P 557 275 -15 255 -15 0 3 0
L 249 -15 10 0 8 0 0 0 NC3
A 275 -15 10 0 7 0 PINTYPE=IN
A 260 -15 10 0 3 3 #=30
P 560 275 -25 255 -25 0 3 0
L 249 -25 10 0 8 0 0 0 NC4
A 275 -25 10 0 7 0 PINTYPE=IN
A 260 -25 10 0 3 3 #=31
P 563 275 -35 255 -35 0 3 0
L 249 -35 10 0 8 0 0 0 NC5
A 275 -35 10 0 7 0 PINTYPE=IN
A 260 -35 10 0 3 3 #=76
P 571 0 5 20 5 0 2 0
L 26 5 10 0 2 0 0 0 GND1
A 0 5 10 0 1 0 PINTYPE=POWER
A 15 5 10 0 9 3 #=83
P 574 0 -5 20 -5 0 2 0
L 26 -5 10 0 2 0 0 0 GND2
A 0 -5 10 0 1 0 PINTYPE=POWER
A 15 -5 10 0 9 3 #=87
P 579 275 180 255 180 0 3 0
L 249 180 10 0 8 0 0 0 AVDD10_1
A 275 180 10 0 1 0 PINTYPE=POWER
A 260 180 10 0 3 3 #=3
P 582 275 170 255 170 0 3 0
L 249 170 10 0 8 0 0 0 AVDD10_2
A 275 170 10 0 1 0 PINTYPE=POWER
A 260 170 10 0 3 3 #=9
P 585 275 160 255 160 0 3 0
L 249 160 10 0 8 0 0 0 AVDD10_3
A 275 160 10 0 1 0 PINTYPE=POWER
A 260 160 10 0 3 3 #=12
P 588 275 150 255 150 0 3 0
L 249 150 10 0 8 0 0 0 AVDD10_4
A 275 150 10 0 1 0 PINTYPE=POWER
A 260 150 10 0 3 3 #=16
P 591 275 140 255 140 0 3 0
L 249 140 10 0 8 0 0 0 AVDD10_5
A 275 140 10 0 1 0 PINTYPE=POWER
A 260 140 10 0 3 3 #=23
P 594 275 130 255 130 0 3 0
L 249 130 10 0 8 0 0 0 AVDD10_6
A 275 130 10 0 1 0 PINTYPE=POWER
A 260 130 10 0 3 3 #=79
P 603 275 115 255 115 0 3 0
L 249 115 10 0 8 0 0 0 AVDD33_1
A 275 115 10 0 1 0 PINTYPE=POWER
A 260 115 10 0 3 3 #=6
P 606 275 105 255 105 0 3 0
L 249 105 10 0 8 0 0 0 AVDD33_2
A 275 105 10 0 1 0 PINTYPE=POWER
A 260 105 10 0 3 3 #=25
P 609 275 95 255 95 0 3 0
L 249 95 10 0 8 0 0 0 AVDD33_3
A 275 95 10 0 1 0 PINTYPE=POWER
A 260 95 10 0 3 3 #=80
P 615 275 80 255 80 0 3 0
L 249 80 10 0 8 0 0 0 DVDD10_1
A 275 80 10 0 1 0 PINTYPE=POWER
A 260 80 10 0 3 3 #=47
P 618 275 70 255 70 0 3 0
L 249 70 10 0 8 0 0 0 DVDD10_2
A 275 70 10 0 1 0 PINTYPE=POWER
A 260 70 10 0 3 3 #=66
P 623 275 55 255 55 0 3 0
L 249 55 10 0 8 0 0 0 DVDD33_1
A 275 55 10 0 1 0 PINTYPE=POWER
A 260 55 10 0 3 3 #=34
P 626 275 45 255 45 0 3 0
L 249 45 10 0 8 0 0 0 DVDD33_2
A 275 45 10 0 1 0 PINTYPE=POWER
A 260 45 10 0 3 3 #=40
P 629 275 35 255 35 0 3 0
L 249 35 10 0 8 0 0 0 DVDD33_3
A 275 35 10 0 1 0 PINTYPE=POWER
A 260 35 10 0 3 3 #=51
P 632 275 25 255 25 0 3 0
L 249 25 10 0 8 0 0 0 DVDD33_4
A 275 25 10 0 1 0 PINTYPE=POWER
A 260 25 10 0 3 3 #=67
P 924 275 195 255 195 0 3 0
L 249 195 10 0 8 0 1 0 REGV15/AVDD10
A 275 195 10 0 1 0 PINTYPE=POWER
A 260 195 10 0 3 3 #=24
P 927 0 55 20 55 0 2 0
L 26 55 10 0 2 0 0 0 AGND_1
A 0 55 10 0 1 0 PINTYPE=POWER
A 15 55 10 0 9 3 #=15
P 930 0 45 20 45 0 2 0
L 26 45 10 0 2 0 0 0 AGND_2
A 0 45 10 0 1 0 PINTYPE=POWER
A 15 45 10 0 9 3 #=19
P 933 0 35 20 35 0 2 0
L 26 35 10 0 2 0 0 0 AGND_3
A 0 35 10 0 1 0 PINTYPE=POWER
A 15 35 10 0 9 3 #=20
P 936 0 25 20 25 0 2 0
L 26 25 10 0 2 0 0 0 AGND_4
A 0 25 10 0 1 0 PINTYPE=POWER
A 15 25 10 0 9 3 #=27
P 943 0 475 20 475 0 2 0
L 26 475 10 0 2 0 1 0 TXCLK
A 0 475 10 0 1 0 PINTYPE=OUT
A 15 475 10 0 9 3 #=56
P 946 0 295 20 295 0 2 0
L 26 295 10 0 2 0 1 0 RXER/AN1
A 0 295 10 0 1 0 PINTYPE=OUT
A 15 295 10 0 9 3 #=44
P 949 0 465 20 465 0 2 0
L 26 465 10 0 2 0 1 0 TXER
A 0 465 10 0 1 0 PINTYPE=IN
A 15 465 10 0 9 3 #=61
P 952 275 225 255 225 0 3 0
L 249 225 10 0 8 0 1 0 PME
A 275 225 10 0 1 0 PINTYPE=OUT
A 260 225 10 0 3 3 #=74
E 
