V 53
K 1462369568 samtec_firefly_uec5_ucc8.1
F Case
|R 7:46:8_5-4-16
D 0 344 400 -5
Y 1
Z 10
i 105
U 0 -10 10 0 3 0 DEVICE=DEVICE
U 20 -5 16 0 3 3 REFDES=J?
U 20 330 10 0 3 3 VALUE=VALUE
U 380 0 10 0 9 3 PKG_TYPE=PKG_TYPE
U 0 -5 10 0 1 0 FORWARD_PCB=1
T 200 270 16 0 6 FIREFLY MODULE CONN.
T 200 255 16 0 6 4x28G
T 200 240 14 0 6 (Copper)--(Optical)
b 20 20 380 330
b 470 80 470 80
T 85 225 10 0 2 High Speed Signal Connector: UEC5-019-2-H-D-RA-1
T 105 210 10 0 2 Power Connector: UCC8-10-1-H-S-1-A
P 1 0 310 20 310 0 2 0
L 25 310 10 0 2 0 1 0 GND_1
A 15 310 10 0 9 3 #=A1
A 30 315 10 0 2 0 PINTYPE=GROUND
P 2 0 300 20 300 0 2 0
L 25 300 10 0 2 0 1 0 TX1N
A 15 300 10 0 9 3 #=A2
A 30 305 10 0 2 0 PINTYPE=OUT
P 3 0 290 20 290 0 2 0
L 25 290 10 0 2 0 1 0 TX1P
A 15 290 10 0 9 3 #=A3
A 30 295 10 0 2 0 PINTYPE=OUT
P 4 0 280 20 280 0 2 0
L 25 280 10 0 2 0 1 0 GND_2
A 15 280 10 0 9 3 #=A4
A 30 285 10 0 2 0 PINTYPE=POWER
P 5 0 270 20 270 0 2 0
L 25 270 10 0 2 0 1 0 TX3N
A 15 270 10 0 9 3 #=A5
A 30 275 10 0 2 0 PINTYPE=OUT
P 6 0 260 20 260 0 2 0
L 25 260 10 0 2 0 1 0 TX3P
A 15 260 10 0 9 3 #=A6
A 30 265 10 0 2 0 PINTYPE=OUT
P 7 0 250 20 250 0 2 0
L 25 250 10 0 2 0 1 0 GND_3
A 15 250 10 0 9 3 #=A7
A 30 255 10 0 2 0 PINTYPE=GROUND
P 8 0 240 20 240 0 2 0
L 25 240 10 0 2 0 1 0 RSVD_1
A 15 240 10 0 9 3 #=A8
A 30 245 10 0 2 0 PINTYPE=BI
P 9 0 230 20 230 0 2 0
L 25 230 10 0 2 0 1 0 RSVD_2
A 15 230 10 0 9 3 #=A9
A 30 235 10 0 2 0 PINTYPE=BI
P 10 0 220 20 220 0 2 0
L 25 220 10 0 2 0 1 0 RSVD_3
A 20 220 10 0 9 3 #=A10
A 20 225 10 0 2 0 PINTYPE=BI
P 11 0 210 20 210 0 2 0
L 25 210 10 0 2 0 1 0 RSVD_4
A 20 210 10 0 9 3 #=A11
A 20 215 10 0 2 0 PINTYPE=IN
P 12 0 200 20 200 0 2 0
L 25 200 10 0 2 0 1 0 RSVD_5
A 20 200 10 0 9 3 #=A12
A 20 205 10 0 2 0 PINTYPE=BI
P 13 0 190 20 190 0 2 0
L 25 190 10 0 2 0 1 0 GND_4
A 20 190 10 0 9 3 #=A13
A 20 195 10 0 2 0 PINTYPE=GROUND
P 14 0 180 20 180 0 2 0
L 25 180 10 0 2 0 1 0 RX4P
A 20 180 10 0 9 3 #=A14
A 20 185 10 0 2 0 PINTYPE=IN
P 15 0 170 20 170 0 2 0
L 25 170 10 0 2 0 1 0 RX4N
A 20 170 10 0 9 3 #=A15
A 20 175 10 0 2 0 PINTYPE=IN
P 16 0 160 20 160 0 2 0
L 25 160 10 0 2 0 1 0 GND_5
A 20 160 10 0 9 3 #=A16
A 20 165 10 0 2 0 PINTYPE=GROUND
P 17 0 150 20 150 0 2 0
L 25 150 10 0 2 0 1 0 RX2P
A 20 150 10 0 9 3 #=A17
A 20 155 10 0 2 0 PINTYPE=IN
P 18 0 140 20 140 0 2 0
L 25 140 10 0 2 0 1 0 RX2N
A 20 140 10 0 9 3 #=A18
A 20 145 10 0 2 0 PINTYPE=IN
P 19 0 130 20 130 0 2 0
L 25 130 10 0 2 0 1 0 GND_6
A 20 130 10 0 9 3 #=A19
A 20 135 10 0 2 0 PINTYPE=GROUND
P 21 0 110 20 110 0 2 0
L 25 110 10 0 2 0 1 0 SDA
A 10 110 10 0 9 3 #=7
A 20 115 10 0 2 0 PINTYPE=BI
P 22 0 100 20 100 0 2 0
L 25 100 10 0 2 0 1 0 SCL
A 10 100 10 0 9 3 #=8
A 20 105 10 0 2 0 PINTYPE=IN
P 25 0 70 20 70 0 2 0
L 25 70 10 0 2 0 1 0 MODPRS
A 10 70 10 0 9 3 #=3
A 20 75 10 0 2 0 PINTYPE=IN
P 26 0 60 20 60 0 2 0
L 25 60 10 0 2 0 1 0 MODSEL
A 10 60 10 0 9 3 #=4
A 20 65 10 0 2 0 PINTYPE=IN
P 27 0 50 20 50 0 2 0
L 25 50 10 0 2 0 1 0 INTL
A 10 50 10 0 9 3 #=5
A 20 55 10 0 2 0 PINTYPE=OUT
P 28 0 40 20 40 0 2 0
L 25 40 10 0 2 0 1 0 RESETL
A 10 40 10 0 9 3 #=6
A 20 45 10 0 2 0 PINTYPE=IN
P 29 400 40 380 40 0 3 0
L 375 40 10 0 8 0 1 0 GND_14
A 380 40 10 0 3 3 #=2
A 380 45 10 0 8 0 PINTYPE=GROUND
P 30 400 50 380 50 0 3 0
L 375 50 10 0 8 0 1 0 VCC_RX
A 380 50 10 0 3 3 #=10
A 380 55 10 0 8 0 PINTYPE=IN
P 31 400 60 380 60 0 3 0
L 375 60 10 0 8 0 1 0 VCC_TX
A 380 60 10 0 3 3 #=1
A 380 65 10 0 8 0 PINTYPE=IN
P 32 400 70 380 70 0 3 0
L 375 70 10 0 8 0 1 0 RSVD_14
A 380 70 10 0 3 3 #=9
A 380 75 10 0 8 0 PINTYPE=BI
P 38 400 130 380 130 0 3 0
L 375 130 10 0 8 0 1 0 GND_13
A 380 130 10 0 3 3 #=B19
A 380 135 10 0 8 0 PINTYPE=GROUND
P 39 400 140 380 140 0 3 0
L 375 140 10 0 8 0 1 0 RX1N
A 380 140 10 0 3 3 #=B18
A 380 145 10 0 8 0 PINTYPE=IN
P 40 400 150 380 150 0 3 0
L 375 150 10 0 8 0 1 0 RX1P
A 380 150 10 0 3 3 #=B17
A 380 155 10 0 8 0 PINTYPE=IN
P 41 400 160 380 160 0 3 0
L 375 160 10 0 8 0 1 0 GND_12
A 380 160 10 0 3 3 #=B16
A 380 165 10 0 8 0 PINTYPE=GROUND
P 42 400 170 380 170 0 3 0
L 375 170 10 0 8 0 1 0 RX3N
A 380 170 10 0 3 3 #=B15
A 380 175 10 0 8 0 PINTYPE=IN
P 43 400 180 380 180 0 3 0
L 375 180 10 0 8 0 1 0 RX3P
A 380 180 10 0 3 3 #=B14
A 380 185 10 0 8 0 PINTYPE=IN
P 44 400 190 380 190 0 3 0
L 375 190 10 0 8 0 1 0 GND_11
A 380 190 10 0 3 3 #=B13
A 380 195 10 0 8 0 PINTYPE=GROUND
P 45 400 200 380 200 0 3 0
L 375 200 10 0 8 0 1 0 RSVD_10
A 380 200 10 0 3 3 #=B12
A 380 205 10 0 8 0 PINTYPE=BI
P 46 400 210 380 210 0 3 0
L 375 210 10 0 8 0 1 0 RSVD_9
A 380 210 10 0 3 3 #=B11
A 380 215 10 0 8 0 PINTYPE=BI
P 47 400 220 380 220 0 3 0
L 375 220 10 0 8 0 1 0 RSVD_8
A 380 220 10 0 3 3 #=B10
A 380 225 10 0 8 0 PINTYPE=BI
P 48 400 230 380 230 0 3 0
L 375 230 10 0 8 0 1 0 RSVD_7
A 385 230 10 0 3 3 #=B9
A 380 235 10 0 8 0 PINTYPE=BI
P 49 400 240 380 240 0 3 0
L 375 240 10 0 8 0 1 0 RSVD_6
A 385 240 10 0 3 3 #=B8
A 380 245 10 0 8 0 PINTYPE=BI
P 50 400 250 380 250 0 3 0
L 375 250 10 0 8 0 1 0 GND_10
A 385 250 10 0 3 3 #=B7
A 380 255 10 0 8 0 PINTYPE=GROUND
P 51 400 260 380 260 0 3 0
L 375 260 10 0 8 0 1 0 TX4P
A 385 260 10 0 3 3 #=B6
A 380 265 10 0 8 0 PINTYPE=OUT
P 52 400 270 380 270 0 3 0
L 375 270 10 0 8 0 1 0 TX4N
A 385 270 10 0 3 3 #=B5
A 380 275 10 0 8 0 PINTYPE=OUT
P 101 400 310 380 310 0 3 0
L 375 310 10 0 8 0 1 0 GND_7
A 385 310 10 0 3 3 #=B1
A 380 315 10 0 2 0 PINTYPE=GROUND
P 102 400 300 380 300 0 3 0
L 375 300 10 0 8 0 1 0 TX2N
A 385 300 10 0 3 3 #=B2
A 380 305 10 0 2 0 PINTYPE=OUT
P 103 400 290 380 290 0 3 0
L 375 290 10 0 8 0 1 0 TX2P
A 385 290 10 0 3 3 #=B3
A 380 295 10 0 2 0 PINTYPE=OUT
P 104 400 280 380 280 0 3 0
L 375 280 10 0 8 0 1 0 GND_9
A 385 280 10 0 3 3 #=B4
A 380 285 10 0 2 0 PINTYPE=GROUND
E 
