V 53
K 1476391043 SCHA4B0419.1
F Case
|R 13:37:23_10-13-16
D -30 170 130 0
Y 1
Z 10
i 114
U 0 0 9 0 3 0 PARTS=1
U 45 -10 9 0 3 0 PKG_TYPE=PKG_TYPE
U 0 130 9 0 3 0 DEVICE=DEVICE
U -10 155 10 0 3 3 VALUE=VALUE
U -8 0 16 0 3 3 REFDES=J?
U -30 0 10 0 1 0 FORWARD_PCB=1
b -10 15 115 155
P 11 -30 145 -10 145 0 2 0
L -5 145 9 0 2 0 1 0 CD_DAT3
A -15 145 9 0 9 3 #=2
A -10 35 9 0 3 0 PINTYPE=BI
P 12 -30 135 -10 135 0 2 0
L -5 135 9 0 2 0 1 0 CMD
A -15 135 9 0 9 3 #=3
A -10 35 9 0 3 0 PINTYPE=IN
P 13 -30 75 -10 75 0 2 0
L -5 75 9 0 2 0 1 0 DAT2
A -15 75 9 0 9 3 #=1
A -10 -15 9 0 3 0 PINTYPE=OUT
P 14 -30 125 -10 125 0 2 0
L -5 125 9 0 2 0 1 0 VDD
A -15 125 9 0 9 3 #=4
A -10 45 9 0 3 0 PINTYPE=POWER
P 16 130 135 115 135 0 3 0
L 110 135 9 0 8 0 1 0 SH1
A 115 135 9 0 3 3 #=13
A 110 115 9 0 9 0 PINTYPE=GROUND
P 17 -30 115 -10 115 0 2 0
L -5 115 9 0 2 0 1 0 CLK
A -15 115 9 0 9 3 #=5
A -10 45 9 0 3 0 PINTYPE=IN
P 18 -30 105 -10 105 0 2 0
L -5 105 9 0 2 0 1 0 VSS
A -15 105 9 0 9 3 #=6
A -10 45 9 0 3 0 PINTYPE=GROUND
P 19 -30 85 -10 85 0 2 0
L -5 85 9 0 2 0 1 0 DAT1
A -15 85 9 0 9 3 #=8
A -10 45 9 0 3 0 PINTYPE=BI
P 20 -30 95 -10 95 0 2 0
L -5 95 9 0 2 0 1 0 DAT0
A -15 95 9 0 9 3 #=7
A -10 45 9 0 3 0 PINTYPE=BI
Q 0 5 0
|FNTSTL 0 5
P 36 -30 35 -10 35 0 2 0
L -10 35 9 0 2 0 1 0 CARD_DETECT
A -15 35 9 0 9 3 #=10
A -15 15 9 0 3 0 PINTYPE=OUT
P 106 130 145 115 145 0 3 0
L 110 145 9 0 8 0 1 0 SH0
A 115 145 9 0 3 3 #=12
A 110 125 9 0 9 0 PINTYPE=GROUND
P 166 -30 25 -10 25 0 2 0
L -10 25 9 0 2 0 1 0 COMMON_DETECT
A -15 25 9 0 9 3 #=11
A -15 5 9 0 3 0 PINTYPE=OUT
P 212 130 115 115 115 0 3 0
L 110 115 9 0 8 0 1 0 SH3
A 115 115 9 0 3 3 #=15
A 110 95 9 0 9 0 PINTYPE=GROUND
P 216 130 125 115 125 0 3 0
L 110 125 9 0 8 0 1 0 SH2
A 115 125 9 0 3 3 #=14
A 110 105 9 0 9 0 PINTYPE=GROUND
P 220 130 95 115 95 0 3 0
L 110 95 9 0 8 0 1 0 SH5
A 115 95 9 0 3 3 #=17
A 110 75 9 0 9 0 PINTYPE=GROUND
P 224 130 105 115 105 0 3 0
L 110 105 9 0 8 0 1 0 SH4
A 115 105 9 0 3 3 #=16
A 110 85 9 0 9 0 PINTYPE=GROUND
P 228 130 85 115 85 0 3 0
L 110 85 9 0 8 0 1 0 SH6
A 115 85 9 0 3 3 #=18
A 110 65 9 0 9 0 PINTYPE=GROUND
E 
