V 51
K 203040526100 sclk2_qth_a1
|R 21:28_12-8-10
Y 1
D 0 0 340 500
Z 10
i 66
U 0 -30 10 0 3 0 MANF_P/N=QTH-060-01-H-D-A
U 0 -20 10 0 3 0 MANF=SAMTEC
U 0 -70 10 0 3 0 HETERO=(SCLK2_QTH_A1),(SCLK2_QTH_B1)
U 0 -60 10 0 3 0 PARTS=1
U 0 -50 10 0 3 0 LEVEL=STD
U 0 -40 10 0 3 0 DEVICE=SAMTEC_QTH-060
U 0 -10 10 0 3 0 PKG_TYPE=SAMTEC_QTH_060_01_X_D_A
U 60 480 16 0 3 3 REFDES=J?
U 230 25 10 0 3 3 VALUE=SAMTEC_QTH-060
P 61 0 195 40 195 0 2 0
L 55 190 10 0 3 0 1 0 SPARE_15
A 0 195 10 0 3 0 PINTYPE=IN
A 20 195 10 0 3 3 #=41
P 59 340 395 300 395 0 3 0
L 240 390 10 0 3 0 1 0 CONTROL_0
A 340 395 10 0 9 0 PINTYPE=IN
A 320 395 10 0 9 3 #=61
P 60 340 365 300 365 0 3 0
L 240 360 10 0 3 0 1 0 CONTROL_3
A 340 365 10 0 9 0 PINTYPE=IN
A 320 365 10 0 9 3 #=67
P 55 340 105 300 105 0 3 0
L 245 100 10 0 3 0 1 0 SPARE_31
A 340 105 10 0 9 0 PINTYPE=IN
A 325 105 10 0 9 3 #=119
P 56 340 115 300 115 0 3 0
L 245 110 10 0 3 0 1 0 SPARE_30
A 340 115 10 0 9 0 PINTYPE=IN
A 325 115 10 0 9 3 #=117
P 57 340 125 300 125 0 3 0
L 245 120 10 0 3 0 1 0 SPARE_29
A 340 125 10 0 9 0 PINTYPE=IN
A 325 125 10 0 9 3 #=115
P 58 340 135 300 135 0 3 0
L 245 130 10 0 3 0 1 0 SPARE_28
A 340 135 10 0 9 0 PINTYPE=IN
A 325 135 10 0 9 3 #=113
P 51 340 145 300 145 0 3 0
L 245 140 10 0 3 0 1 0 SPARE_27
A 340 145 10 0 9 0 PINTYPE=IN
A 325 145 10 0 9 3 #=111
P 52 340 155 300 155 0 3 0
L 245 150 10 0 3 0 1 0 SPARE_26
A 340 155 10 0 9 0 PINTYPE=IN
A 325 155 10 0 9 3 #=109
P 53 340 165 300 165 0 3 0
L 235 160 10 0 3 0 1 0 CONTROL_23
A 340 165 10 0 9 0 PINTYPE=IN
A 325 165 10 0 9 3 #=107
P 54 340 175 300 175 0 3 0
L 235 170 10 0 3 0 1 0 CONTROL_22
A 340 175 10 0 9 0 PINTYPE=IN
A 325 175 10 0 9 3 #=105
P 47 340 185 300 185 0 3 0
L 235 180 10 0 3 0 1 0 CONTROL_21
A 340 185 10 0 9 0 PINTYPE=IN
A 325 185 10 0 9 3 #=103
P 48 340 195 300 195 0 3 0
L 235 190 10 0 3 0 1 0 CONTROL_20
A 340 195 10 0 9 0 PINTYPE=IN
A 325 195 10 0 9 3 #=101
P 49 340 205 300 205 0 3 0
L 235 200 10 0 3 0 1 0 CONTROL_19
A 340 205 10 0 9 0 PINTYPE=IN
A 320 205 10 0 9 3 #=99
P 50 340 215 300 215 0 3 0
L 235 210 10 0 3 0 1 0 CONTROL_18
A 340 215 10 0 9 0 PINTYPE=IN
A 320 215 10 0 9 3 #=97
P 43 340 225 300 225 0 3 0
L 235 220 10 0 3 0 1 0 CONTROL_17
A 340 225 10 0 9 0 PINTYPE=IN
A 320 225 10 0 9 3 #=95
P 44 340 235 300 235 0 3 0
L 235 230 10 0 3 0 1 0 CONTROL_16
A 340 235 10 0 9 0 PINTYPE=IN
A 320 235 10 0 9 3 #=93
P 45 340 245 300 245 0 3 0
L 235 240 10 0 3 0 1 0 CONTROL_15
A 340 245 10 0 9 0 PINTYPE=IN
A 320 245 10 0 9 3 #=91
P 46 340 255 300 255 0 3 0
L 235 250 10 0 3 0 1 0 CONTROL_14
A 340 255 10 0 9 0 PINTYPE=IN
A 320 255 10 0 9 3 #=89
P 39 340 265 300 265 0 3 0
L 235 260 10 0 3 0 1 0 CONTROL_13
A 340 265 10 0 9 0 PINTYPE=IN
A 320 265 10 0 9 3 #=87
P 40 340 275 300 275 0 3 0
L 235 270 10 0 3 0 1 0 CONTROL_12
A 340 275 10 0 9 0 PINTYPE=IN
A 320 275 10 0 9 3 #=85
P 41 340 285 300 285 0 3 0
L 235 280 10 0 3 0 1 0 CONTROL_11
A 340 285 10 0 9 0 PINTYPE=IN
A 320 285 10 0 9 3 #=83
P 42 340 295 300 295 0 3 0
L 235 290 10 0 3 0 1 0 CONTROL_10
A 340 295 10 0 9 0 PINTYPE=IN
A 320 295 10 0 9 3 #=81
P 35 340 305 300 305 0 3 0
L 240 300 10 0 3 0 1 0 CONTROL_9
A 340 305 10 0 9 0 PINTYPE=IN
A 320 305 10 0 9 3 #=79
P 36 340 315 300 315 0 3 0
L 240 310 10 0 3 0 1 0 CONTROL_8
A 340 315 10 0 9 0 PINTYPE=IN
A 320 315 10 0 9 3 #=77
P 37 340 325 300 325 0 3 0
L 240 320 10 0 3 0 1 0 CONTROL_7
A 340 325 10 0 9 0 PINTYPE=IN
A 320 325 10 0 9 3 #=75
P 38 340 335 300 335 0 3 0
L 240 330 10 0 3 0 1 0 CONTROL_6
A 340 335 10 0 9 0 PINTYPE=IN
A 320 335 10 0 9 3 #=73
P 33 340 345 300 345 0 3 0
L 240 340 10 0 3 0 1 0 CONTROL_5
A 340 345 10 0 9 0 PINTYPE=IN
A 320 345 10 0 9 3 #=71
P 34 340 355 300 355 0 3 0
L 240 350 10 0 3 0 1 0 CONTROL_4
A 340 355 10 0 9 0 PINTYPE=IN
A 320 355 10 0 9 3 #=69
P 32 340 375 300 375 0 3 0
L 240 370 10 0 3 0 1 0 CONTROL_2
A 340 375 10 0 9 0 PINTYPE=IN
A 320 375 10 0 9 3 #=65
P 18 0 105 40 105 0 2 0
L 55 100 10 0 3 0 1 0 SPARE_24
A 0 105 10 0 3 0 PINTYPE=IN
A 20 105 10 0 3 3 #=59
P 19 0 115 40 115 0 2 0
L 55 110 10 0 3 0 1 0 SPARE_23
A 0 115 10 0 3 0 PINTYPE=IN
A 20 115 10 0 3 3 #=57
P 20 0 125 40 125 0 2 0
L 55 120 10 0 3 0 1 0 SPARE_22
A 0 125 10 0 3 0 PINTYPE=IN
A 20 125 10 0 3 3 #=55
P 22 0 145 40 145 0 2 0
L 55 140 10 0 3 0 1 0 SPARE_20
A 0 145 10 0 3 0 PINTYPE=IN
A 20 145 10 0 3 3 #=51
P 23 0 155 40 155 0 2 0
L 55 150 10 0 3 0 1 0 SPARE_19
A 0 155 10 0 3 0 PINTYPE=IN
A 20 155 10 0 3 3 #=49
P 24 0 165 40 165 0 2 0
L 55 160 10 0 3 0 1 0 SPARE_18
A 0 165 10 0 3 0 PINTYPE=IN
A 20 165 10 0 3 3 #=47
P 25 0 175 40 175 0 2 0
L 55 170 10 0 3 0 1 0 SPARE_17
A 0 175 10 0 3 0 PINTYPE=IN
A 20 175 10 0 3 3 #=45
P 26 0 185 40 185 0 2 0
L 55 180 10 0 3 0 1 0 SPARE_16
A 0 185 10 0 3 0 PINTYPE=IN
A 20 185 10 0 3 3 #=43
P 27 0 205 40 205 0 2 0
L 55 200 10 0 3 0 1 0 SPARE_14
A 0 205 10 0 3 0 PINTYPE=IN
A 20 205 10 0 3 3 #=39
P 28 0 215 40 215 0 2 0
L 55 210 10 0 3 0 1 0 SPARE_13
A 0 215 10 0 3 0 PINTYPE=IN
A 20 215 10 0 3 3 #=37
P 29 0 225 40 225 0 2 0
L 55 220 10 0 3 0 1 0 SPARE_12
A 0 225 10 0 3 0 PINTYPE=IN
A 20 225 10 0 3 3 #=35
P 30 0 235 40 235 0 2 0
L 55 230 10 0 3 0 1 0 SPARE_11
A 0 235 10 0 3 0 PINTYPE=IN
A 20 235 10 0 3 3 #=33
P 9 0 245 40 245 0 2 0
L 55 240 10 0 3 0 0 0 GND16
A 0 245 10 0 3 0 PINTYPE=IN
A 20 245 10 0 3 3 #=31
P 10 0 255 40 255 0 2 0
L 55 250 10 0 3 0 0 0 GND15
A 0 255 10 0 3 0 PINTYPE=IN
A 20 255 10 0 3 3 #=29
P 11 0 265 40 265 0 2 0
L 55 260 10 0 3 0 1 0 GCLK_N
A 0 265 10 0 3 0 PINTYPE=IN
A 20 265 10 0 3 3 #=27
P 12 0 275 40 275 0 2 0
L 55 270 10 0 3 0 1 0 GCLK_P
A 0 275 10 0 3 0 PINTYPE=IN
A 20 275 10 0 3 3 #=25
P 14 0 295 40 295 0 2 0
L 55 290 10 0 3 0 0 0 GND13
A 0 295 10 0 3 0 PINTYPE=IN
A 20 295 10 0 3 3 #=21
P 15 0 305 40 305 0 2 0
L 55 300 10 0 3 0 1 0 LVDS3_N
A 0 305 10 0 3 0 PINTYPE=IN
A 20 305 10 0 3 3 #=19
P 16 0 315 40 315 0 2 0
L 55 310 10 0 3 0 1 0 LVDS3_P
A 0 315 10 0 3 0 PINTYPE=IN
A 20 315 10 0 3 3 #=17
P 6 0 335 40 335 0 2 0
L 55 330 10 0 3 0 0 0 GND11
A 0 335 10 0 3 0 PINTYPE=IN
A 20 335 10 0 3 3 #=13
P 7 0 345 40 345 0 2 0
L 55 340 10 0 3 0 1 0 LVDS2_N
A 0 345 10 0 3 0 PINTYPE=IN
A 20 345 10 0 3 3 #=11
P 8 0 355 40 355 0 2 0
L 55 350 10 0 3 0 1 0 LVDS2_P
A 0 355 10 0 3 0 PINTYPE=IN
A 25 355 10 0 3 3 #=9
P 4 0 375 40 375 0 2 0
L 55 370 10 0 3 0 0 0 GND9
A 0 375 10 0 3 0 PINTYPE=IN
A 25 375 10 0 3 3 #=5
P 2 0 385 40 385 0 2 0
L 55 380 10 0 3 0 1 0 LVDS1_N
A 0 385 10 0 3 0 PINTYPE=IN
A 25 385 10 0 3 3 #=3
P 1 0 395 40 395 0 2 0
L 55 390 10 0 3 0 1 0 LVDS1_P
A 0 395 10 0 3 0 PINTYPE=IN
A 25 395 10 0 3 3 #=1
P 31 340 385 300 385 0 3 0
L 240 380 10 0 3 0 1 0 CONTROL_1
A 340 385 10 0 9 0 PINTYPE=IN
A 320 385 10 0 9 3 #=63
P 21 0 135 40 135 0 2 0
L 55 130 10 0 3 0 1 0 SPARE_21
A 0 135 10 0 3 0 PINTYPE=IN
A 20 135 10 0 3 3 #=53
P 3 0 365 40 365 0 2 0
L 55 360 10 0 3 0 0 0 GND10
A 0 365 7 0 3 0 PINTYPE=IN
A 25 365 10 0 3 3 #=7
P 5 0 325 40 325 0 2 0
L 55 320 10 0 3 0 0 0 GND12
A 0 325 10 0 3 0 PINTYPE=IN
A 20 325 10 0 3 3 #=15
P 13 0 285 40 285 0 2 0
L 55 280 10 0 3 0 0 0 GND14
A 0 285 10 0 3 0 PINTYPE=IN
A 20 285 10 0 3 3 #=23
P 64 160 0 160 40 0 1 0
L 165 55 10 1 3 0 0 0 GND3
A 160 40 10 3 1 0 PINTYPE=IN
A 150 10 10 1 1 3 #=123
P 65 180 0 180 40 0 1 0
L 185 55 10 1 3 0 0 0 GND5
A 180 40 10 3 1 0 PINTYPE=IN
A 170 10 10 1 1 3 #=125
P 66 200 0 200 40 0 1 0
L 205 55 10 1 3 0 0 0 GND7
A 200 40 10 3 1 0 PINTYPE=IN
A 190 10 10 1 1 3 #=127
P 62 140 0 140 40 0 1 0
L 145 55 10 1 3 0 0 0 GND1
A 140 40 10 3 1 0 PINTYPE=IN
A 130 10 10 1 1 3 #=121
l 2 120 40 100 45
l 2 160 40 140 45
l 2 180 45 160 40
l 2 220 45 200 40
l 2 200 40 180 45
l 2 240 40 220 45
l 2 260 45 240 40
l 2 300 45 280 40
l 2 280 40 260 45
l 2 60 480 40 460
l 2 40 460 40 40
T 205 55 10 1 3 GND
Q 15 0 0
T 185 55 10 1 3 GND
Q 15 0 0
T 165 55 10 1 3 GND
Q 15 0 0
T 145 55 10 1 3 GND
Q 15 0 0
T 55 250 10 0 3 GND
Q 15 0 0
T 55 290 10 0 3 GND
Q 15 0 0
T 55 370 10 0 3 GND
Q 15 0 0
T 55 360 10 0 3 GND
Q 15 0 0
T 55 320 10 0 3 GND
Q 15 0 0
T 55 280 10 0 3 GND
Q 15 0 0
T 55 330 10 0 3 GND
Q 15 0 0
T 55 240 10 0 3 GND
Q 15 0 0
l 2 40 460 40 40
l 2 60 480 40 460
l 2 300 480 60 480
l 2 300 45 300 480
l 2 280 40 260 45
l 2 300 45 280 40
l 2 260 45 240 40
l 2 240 40 220 45
l 2 200 40 180 45
l 2 220 45 200 40
l 2 180 45 160 40
l 2 160 40 140 45
l 2 120 40 100 45
l 2 80 40 60 45
l 2 60 45 40 40
l 2 100 45 80 40
l 2 140 45 120 40
l 2 300 45 300 480
l 2 300 480 60 480
T 170 450 10 0 6 QTH 120-PIN CONNECTOR
Q 14 0 0
T 170 435 10 0 6 SUPERCLOCK-2 MODULE, A1
Q 14 0 0
E
