V 53
K 1454108242 seaf_40x6_alto_ddr4_b.1
F Case
|R 14:57:22_1-29-16
D 0 700 260 -160
Y 1
Z 10
i 2647
U 0 -110 10 0 3 0 DESCRIPTION=CONN SNGL-END ARRAY FMALE 240POS
U 0 -90 10 0 3 0 MANF=SAMTEC
U 0 -80 10 0 3 0 DIST_P/N=TBD
U 0 -40 10 0 3 0 DIST=DIGIKEY
U 0 -70 10 0 3 0 HETERO=(SEAF_40X6_ALTO_DDR4_A),(SEAF_40X6_ALTO_DDR4_B)
U 0 -30 10 0 3 0 PARTS=1
U 0 -20 10 0 3 0 LEVEL=STD
U 25 825 10 0 3 0 MANF_P/N=SEAF-40-05.0-S-06-2-A
U 20 820 10 0 3 0 DEVICE=SAMTEC_SEAF_06X40
U 25 685 10 0 3 3 PKG_TYPE=SAMTEC_SEAF_40X6
U 20 -160 16 0 3 3 REFDES=J?
U 0 -160 10 0 1 0 FORWARD_PCB=1
b 20 -130 240 680
P 1110 0 65 20 65 0 2 0
L 25 65 10 0 2 0 1 0 GND_B35
A 0 65 10 0 1 0 PINTYPE=IN
A 0 75 10 0 1 3 #=B35
P 1112 0 75 20 75 0 2 0
L 25 75 10 0 2 0 1 0 GND_B33
A 0 75 10 0 1 0 PINTYPE=IN
A 0 85 10 0 1 3 #=B33
P 1114 0 85 20 85 0 2 0
L 25 85 10 0 2 0 1 0 GND_B31
A 0 85 10 0 1 0 PINTYPE=IN
A 0 95 10 0 1 3 #=B31
P 1116 0 95 20 95 0 2 0
L 25 95 10 0 2 0 1 0 GND_B29
A 0 95 10 0 1 0 PINTYPE=IN
A 0 105 10 0 1 3 #=B29
P 1118 0 105 20 105 0 2 0
L 25 105 10 0 2 0 1 0 GND_B27
A 0 105 10 0 1 0 PINTYPE=IN
A 0 115 10 0 1 3 #=B27
P 1120 0 115 20 115 0 2 0
L 25 115 10 0 2 0 1 0 GND_B24
A 0 115 10 0 1 0 PINTYPE=IN
A 0 125 10 0 1 3 #=B24
P 1122 0 125 20 125 0 2 0
L 25 125 10 0 2 0 1 0 GND_B22
A 0 125 10 0 1 0 PINTYPE=IN
A 0 135 10 0 1 3 #=B22
P 1124 0 135 20 135 0 2 0
L 25 135 10 0 2 0 1 0 GND_B20
A 0 135 10 0 1 0 PINTYPE=IN
A 0 145 10 0 1 3 #=B20
P 1126 0 225 20 225 0 2 0
L 25 225 10 0 2 0 1 0 GND_A38
A 0 225 10 0 1 0 PINTYPE=IN
A 0 235 10 0 1 3 #=A38
P 1128 0 235 20 235 0 2 0
L 25 235 10 0 2 0 1 0 GND_A36
A 0 235 10 0 1 0 PINTYPE=IN
A 0 245 10 0 1 3 #=A36
P 1130 0 245 20 245 0 2 0
L 25 245 10 0 2 0 1 0 GND_A34
A 0 245 10 0 1 0 PINTYPE=IN
A 0 255 10 0 1 3 #=A34
P 1132 0 255 20 255 0 2 0
L 25 255 10 0 2 0 1 0 GND_A32
A 0 255 10 0 1 0 PINTYPE=IN
A 0 265 10 0 1 3 #=A32
P 1134 0 265 20 265 0 2 0
L 25 265 10 0 2 0 1 0 GND_A30
A 0 265 10 0 1 0 PINTYPE=IN
A 0 275 10 0 1 3 #=A30
P 1136 0 275 20 275 0 2 0
L 25 275 10 0 2 0 1 0 GND_A28
A 0 275 10 0 1 0 PINTYPE=IN
A 0 285 10 0 1 3 #=A28
P 1138 0 285 20 285 0 2 0
L 25 285 10 0 2 0 1 0 GND_A25
A 0 285 10 0 1 0 PINTYPE=IN
A 0 295 10 0 1 3 #=A25
P 1140 0 295 20 295 0 2 0
L 25 295 10 0 2 0 1 0 GND_A23
A 0 295 10 0 1 0 PINTYPE=IN
A 0 305 10 0 1 3 #=A23
P 1142 0 305 20 305 0 2 0
L 25 305 10 0 2 0 1 0 GND_A21
A 0 305 10 0 1 0 PINTYPE=IN
A 0 315 10 0 1 3 #=A21
P 1144 0 315 20 315 0 2 0
L 25 315 10 0 2 0 1 0 GND_A19
A 0 315 10 0 1 0 PINTYPE=IN
A 0 325 10 0 1 3 #=A19
P 1146 0 145 20 145 0 2 0
L 25 145 10 0 2 0 1 0 GND_B18
A 0 145 10 0 1 0 PINTYPE=IN
A 0 155 10 0 1 3 #=B18
P 1148 0 325 20 325 0 2 0
L 25 325 10 0 2 0 1 0 GND_A17
A 0 325 10 0 1 0 PINTYPE=IN
A 0 335 10 0 1 3 #=A17
P 1150 0 155 20 155 0 2 0
L 25 155 10 0 2 0 1 0 GND_B16
A 0 155 10 0 1 0 PINTYPE=IN
A 0 165 10 0 1 3 #=B16
P 1152 0 335 20 335 0 2 0
L 25 335 10 0 2 0 1 0 GND_A15
A 0 335 10 0 1 0 PINTYPE=IN
A 0 345 10 0 1 3 #=A15
P 1154 0 165 20 165 0 2 0
L 25 165 10 0 2 0 1 0 GND_B14
A 0 165 10 0 1 0 PINTYPE=IN
A 0 175 10 0 1 3 #=B14
P 1156 0 175 20 175 0 2 0
L 25 175 10 0 2 0 1 0 GND_B12
A 0 175 10 0 1 0 PINTYPE=IN
A 0 185 10 0 1 3 #=B12
P 1158 0 345 20 345 0 2 0
L 25 345 10 0 2 0 1 0 GND_A12
A 0 345 10 0 1 0 PINTYPE=IN
A 0 355 10 0 1 3 #=A12
P 1160 0 185 20 185 0 2 0
L 25 185 10 0 2 0 1 0 GND_B10
A 0 185 10 0 1 0 PINTYPE=IN
A 0 195 10 0 1 3 #=B10
P 1162 0 355 20 355 0 2 0
L 25 355 10 0 2 0 1 0 GND_A10
A 0 355 10 0 1 0 PINTYPE=IN
A 0 365 10 0 1 3 #=A10
P 1164 0 195 20 195 0 2 0
L 25 195 10 0 2 0 1 0 GND_B8
A 0 195 10 0 1 0 PINTYPE=IN
A 0 205 10 0 1 3 #=B8
P 1166 0 365 20 365 0 2 0
L 25 365 10 0 2 0 1 0 GND_A8
A 0 365 10 0 1 0 PINTYPE=IN
A 0 375 10 0 1 3 #=A8
P 1168 0 205 20 205 0 2 0
L 25 205 10 0 2 0 1 0 GND_B6
A 0 205 10 0 1 0 PINTYPE=IN
A 0 215 10 0 1 3 #=B6
P 1170 0 375 20 375 0 2 0
L 25 375 10 0 2 0 1 0 GND_A6
A 0 375 10 0 1 0 PINTYPE=IN
A 0 385 10 0 1 3 #=A6
P 1172 0 215 20 215 0 2 0
L 25 215 10 0 2 0 1 0 GND_B4
A 0 215 10 0 1 0 PINTYPE=IN
A 0 225 10 0 1 3 #=B4
P 1174 0 385 20 385 0 2 0
L 25 385 10 0 2 0 1 0 GND_A4
A 0 385 10 0 1 0 PINTYPE=IN
A 0 395 10 0 1 3 #=A4
P 1276 0 55 20 55 0 2 0
L 25 55 10 0 2 0 1 0 GND_B37
A 0 55 10 0 1 0 PINTYPE=IN
A 0 65 10 0 1 3 #=B37
P 1278 0 5 20 5 0 2 0
L 25 5 10 0 2 0 1 0 GND_C6
A 0 5 10 0 1 0 PINTYPE=IN
A 0 15 10 0 1 3 #=C6
P 1280 0 -5 20 -5 0 2 0
L 25 -5 10 0 2 0 1 0 GND_C9
A 0 -5 10 0 1 0 PINTYPE=IN
A 0 5 10 0 1 3 #=C9
P 1282 0 -15 20 -15 0 2 0
L 25 -15 10 0 2 0 1 0 GND_C12
A 0 -15 10 0 1 0 PINTYPE=IN
A 0 -5 10 0 1 3 #=C12
P 1284 0 -25 20 -25 0 2 0
L 25 -25 10 0 2 0 1 0 GND_C15
A 0 -25 10 0 1 0 PINTYPE=IN
A 0 -15 10 0 1 3 #=C15
P 1286 0 -35 20 -35 0 2 0
L 25 -35 10 0 2 0 1 0 GND_C18
A 0 -35 10 0 1 0 PINTYPE=IN
A 0 -25 10 0 1 3 #=C18
P 1288 0 -45 20 -45 0 2 0
L 25 -45 10 0 2 0 1 0 GND_C21
A 0 -45 10 0 1 0 PINTYPE=IN
A 0 -35 10 0 1 3 #=C21
P 1290 0 -55 20 -55 0 2 0
L 25 -55 10 0 2 0 1 0 GND_C24
A 0 -55 10 0 1 0 PINTYPE=IN
A 0 -45 10 0 1 3 #=C24
P 1292 0 -65 20 -65 0 2 0
L 25 -65 10 0 2 0 1 0 GND_C27
A 0 -65 10 0 1 0 PINTYPE=IN
A 0 -55 10 0 1 3 #=C27
P 1294 0 -75 20 -75 0 2 0
L 25 -75 10 0 2 0 1 0 GND_C30
A 0 -75 10 0 1 0 PINTYPE=IN
A 0 -65 10 0 1 3 #=C30
P 1296 0 -85 20 -85 0 2 0
L 25 -85 10 0 2 0 1 0 GND_C33
A 0 -85 10 0 1 0 PINTYPE=IN
A 0 -75 10 0 1 3 #=C33
P 1300 260 650 240 650 0 3 0
L 235 650 10 0 8 0 1 0 GND_D8
A 260 650 10 0 7 0 PINTYPE=IN
A 260 660 10 0 7 3 #=D8
P 1302 260 640 240 640 0 3 0
L 235 640 10 0 8 0 1 0 GND_D11
A 260 640 10 0 7 0 PINTYPE=IN
A 260 650 10 0 7 3 #=D11
P 1304 260 630 240 630 0 3 0
L 235 630 10 0 8 0 1 0 GND_D14
A 260 630 10 0 7 0 PINTYPE=IN
A 260 640 10 0 7 3 #=D14
P 1306 260 620 240 620 0 3 0
L 235 620 10 0 8 0 1 0 GND_D17
A 260 620 10 0 7 0 PINTYPE=IN
A 260 630 10 0 7 3 #=D17
P 1308 260 610 240 610 0 3 0
L 235 610 10 0 8 0 1 0 GND_D20
A 260 610 10 0 7 0 PINTYPE=IN
A 260 620 10 0 7 3 #=D20
P 1310 260 600 240 600 0 3 0
L 235 600 10 0 8 0 1 0 GND_D23
A 260 600 10 0 1 0 PINTYPE=IN
A 260 610 10 0 7 3 #=D23
P 1312 260 590 240 590 0 3 0
L 235 590 10 0 8 0 1 0 GND_D25
A 260 590 10 0 1 0 PINTYPE=IN
A 260 600 10 0 7 3 #=D25
P 1314 260 580 240 580 0 3 0
L 235 580 10 0 8 0 1 0 GND_D28
A 260 580 10 0 1 0 PINTYPE=IN
A 260 590 10 0 7 3 #=D28
P 1316 260 570 240 570 0 3 0
L 235 570 10 0 8 0 1 0 GND_D31
A 260 570 10 0 1 0 PINTYPE=IN
A 260 580 10 0 7 3 #=D31
P 1318 260 530 240 530 0 3 0
L 235 530 10 0 8 0 1 0 GND_E4
A 260 530 10 0 1 0 PINTYPE=IN
A 260 540 10 0 7 3 #=E4
P 1320 260 520 240 520 0 3 0
L 235 520 10 0 8 0 1 0 GND_E6
A 260 520 10 0 1 0 PINTYPE=IN
A 260 530 10 0 7 3 #=E6
P 1322 260 510 240 510 0 3 0
L 235 510 10 0 8 0 1 0 GND_E8
A 260 510 10 0 1 0 PINTYPE=IN
A 260 520 10 0 7 3 #=E8
P 1324 260 500 240 500 0 3 0
L 235 500 10 0 8 0 1 0 GND_E10
A 260 500 10 0 1 0 PINTYPE=IN
A 260 510 10 0 7 3 #=E10
P 1326 260 490 240 490 0 3 0
L 235 490 10 0 8 0 1 0 GND_E12
A 260 490 10 0 1 0 PINTYPE=IN
A 260 500 10 0 7 3 #=E12
P 1328 260 480 240 480 0 3 0
L 235 480 10 0 8 0 1 0 GND_E14
A 260 480 10 0 1 0 PINTYPE=IN
A 260 490 10 0 7 3 #=E14
P 1330 260 470 240 470 0 3 0
L 235 470 10 0 8 0 1 0 GND_E16
A 260 470 10 0 1 0 PINTYPE=IN
A 260 480 10 0 7 3 #=E16
P 1332 260 460 240 460 0 3 0
L 235 460 10 0 8 0 1 0 GND_E19
A 260 460 10 0 1 0 PINTYPE=IN
A 260 470 10 0 7 3 #=E19
P 1334 260 450 240 450 0 3 0
L 235 450 10 0 8 0 1 0 GND_E22
A 260 450 10 0 1 0 PINTYPE=IN
A 260 460 10 0 7 3 #=E22
P 1336 260 440 240 440 0 3 0
L 235 440 10 0 8 0 1 0 GND_E24
A 260 440 10 0 1 0 PINTYPE=IN
A 260 450 10 0 7 3 #=E24
P 1338 260 430 240 430 0 3 0
L 235 430 10 0 8 0 1 0 GND_E26
A 260 430 10 0 1 0 PINTYPE=IN
A 260 440 10 0 7 3 #=E26
P 1340 260 420 240 420 0 3 0
L 235 420 10 0 8 0 1 0 GND_E29
A 260 420 10 0 1 0 PINTYPE=IN
A 260 430 10 0 7 3 #=E29
P 1342 260 410 240 410 0 3 0
L 235 410 10 0 8 0 1 0 GND_E31
A 260 410 10 0 1 0 PINTYPE=IN
A 260 420 10 0 7 3 #=E31
P 1344 260 400 240 400 0 3 0
L 235 400 10 0 8 0 1 0 GND_E33
A 260 400 10 0 1 0 PINTYPE=IN
A 260 410 10 0 7 3 #=E33
P 1346 260 390 240 390 0 3 0
L 235 390 10 0 8 0 1 0 GND_E35
A 260 390 10 0 1 0 PINTYPE=IN
A 260 400 10 0 7 3 #=E35
P 1348 260 380 240 380 0 3 0
L 235 380 10 0 8 0 1 0 GND_E37
A 260 380 10 0 1 0 PINTYPE=IN
A 260 390 10 0 7 3 #=E37
P 1350 260 370 240 370 0 3 0
L 235 370 10 0 8 0 1 0 GND_E39
A 260 370 10 0 1 0 PINTYPE=IN
A 260 380 10 0 7 3 #=E39
P 1352 260 360 240 360 0 3 0
L 235 360 10 0 8 0 1 0 GND_F4
A 260 360 10 0 1 0 PINTYPE=IN
A 260 370 10 0 7 3 #=F4
P 1354 260 350 240 350 0 3 0
L 235 350 10 0 8 0 1 0 GND_F6
A 260 350 10 0 1 0 PINTYPE=IN
A 260 360 10 0 7 3 #=F6
P 1356 260 340 240 340 0 3 0
L 235 340 10 0 8 0 1 0 GND_F8
A 260 340 10 0 1 0 PINTYPE=IN
A 260 350 10 0 7 3 #=F8
P 1358 260 330 240 330 0 3 0
L 235 330 10 0 8 0 1 0 GND_F10
A 260 330 10 0 1 0 PINTYPE=IN
A 260 340 10 0 7 3 #=F10
P 1360 260 320 240 320 0 3 0
L 235 320 10 0 8 0 1 0 GND_F12
A 260 320 10 0 1 0 PINTYPE=IN
A 260 330 10 0 7 3 #=F12
P 1362 260 310 240 310 0 3 0
L 235 310 10 0 8 0 1 0 GND_F15
A 260 310 10 0 1 0 PINTYPE=IN
A 260 320 10 0 7 3 #=F15
P 1364 260 300 240 300 0 3 0
L 235 300 10 0 8 0 1 0 GND_F17
A 260 300 10 0 1 0 PINTYPE=IN
A 260 310 10 0 7 3 #=F17
P 1366 260 290 240 290 0 3 0
L 235 290 10 0 8 0 1 0 GND_F19
A 260 290 10 0 1 0 PINTYPE=IN
A 260 300 10 0 7 3 #=F19
P 1368 260 280 240 280 0 3 0
L 235 280 10 0 8 0 1 0 GND_F22
A 260 280 10 0 1 0 PINTYPE=IN
A 260 290 10 0 7 3 #=F22
P 1370 260 270 240 270 0 3 0
L 235 270 10 0 8 0 1 0 GND_F24
A 260 270 10 0 1 0 PINTYPE=IN
A 260 280 10 0 7 3 #=F24
P 1372 260 260 240 260 0 3 0
L 235 260 10 0 8 0 1 0 GND_F26
A 260 260 10 0 1 0 PINTYPE=IN
A 260 270 10 0 7 3 #=F26
P 1374 260 250 240 250 0 3 0
L 235 250 10 0 8 0 1 0 GND_F28
A 260 250 10 0 1 0 PINTYPE=IN
A 260 260 10 0 7 3 #=F28
P 1376 260 240 240 240 0 3 0
L 235 240 10 0 8 0 1 0 GND_F30
A 260 240 10 0 1 0 PINTYPE=IN
A 260 250 10 0 7 3 #=F30
P 1378 260 230 240 230 0 3 0
L 235 230 10 0 8 0 1 0 GND_F32
A 260 230 10 0 1 0 PINTYPE=IN
A 260 240 10 0 7 3 #=F32
P 1380 260 220 240 220 0 3 0
L 235 220 10 0 8 0 1 0 GND_F34
A 260 220 10 0 1 0 PINTYPE=IN
A 260 230 10 0 7 3 #=F34
P 1382 260 210 240 210 0 3 0
L 235 210 10 0 8 0 1 0 GND_F36
A 260 210 10 0 1 0 PINTYPE=IN
A 260 220 10 0 7 3 #=F36
P 1384 260 200 240 200 0 3 0
L 235 200 10 0 8 0 1 0 GND_F38
A 260 200 10 0 1 0 PINTYPE=IN
A 260 210 10 0 7 3 #=F38
P 1414 0 640 20 640 0 2 0
L 25 640 10 0 2 0 1 0 VCCO_DDR_C35
A 0 640 10 0 1 0 PINTYPE=BI
A 0 650 10 0 1 3 #=C35
P 1416 0 630 20 630 0 2 0
L 25 630 10 0 2 0 1 0 VCCO_DDR_C36
A 0 630 10 0 1 0 PINTYPE=BI
A 0 640 10 0 1 3 #=C36
P 1418 0 620 20 620 0 2 0
L 25 620 10 0 2 0 1 0 VCCO_DDR_C37
A 0 620 10 0 1 0 PINTYPE=BI
A 0 630 10 0 1 3 #=C37
P 1420 0 610 20 610 0 2 0
L 25 610 10 0 2 0 1 0 VCCO_DDR_C38
A 0 610 10 0 1 0 PINTYPE=BI
A 0 620 10 0 1 3 #=C38
P 1422 0 600 20 600 0 2 0
L 25 600 10 0 2 0 1 0 VCCO_DDR_C39
A 0 600 10 0 1 0 PINTYPE=BI
A 0 610 10 0 1 3 #=C39
P 1424 0 590 20 590 0 2 0
L 25 590 10 0 2 0 1 0 VCCO_DDR_C40
A 0 590 10 0 1 0 PINTYPE=BI
A 0 600 10 0 1 3 #=C40
P 1426 260 560 240 560 0 3 0
L 235 560 10 0 8 0 1 0 GND_D35
A 260 560 10 0 7 0 PINTYPE=BI
A 260 570 10 0 7 3 #=D35
P 1428 260 550 240 550 0 3 0
L 235 550 10 0 8 0 1 0 GND_D36
A 260 550 10 0 7 0 PINTYPE=BI
A 260 560 10 0 7 3 #=D36
P 1430 0 580 20 580 0 2 0
L 25 580 10 0 2 0 1 0 VCCO_DDR_D37
A 0 580 10 0 1 0 PINTYPE=BI
A 0 590 10 0 1 3 #=D37
P 1432 0 570 20 570 0 2 0
L 25 570 10 0 2 0 1 0 VCCO_DDR_D38
A 0 570 10 0 1 0 PINTYPE=BI
A 0 580 10 0 1 3 #=D38
P 1434 0 560 20 560 0 2 0
L 25 560 10 0 2 0 1 0 VCCO_DDR_D39
A 0 560 10 0 7 0 PINTYPE=BI
A 0 570 10 0 1 3 #=D39
P 1457 260 540 240 540 0 3 0
L 235 540 10 0 8 0 1 0 GND_D40
A 260 540 10 0 1 0 PINTYPE=BI
A 260 550 10 0 7 3 #=D40
P 1459 0 25 20 25 0 2 0
L 25 25 10 0 2 0 1 0 GND_C1
A 0 25 10 0 7 0 PINTYPE=BI
A 0 35 10 0 1 3 #=C1
P 1461 0 15 20 15 0 2 0
L 25 15 10 0 2 0 1 0 GND_C2
A 0 15 10 0 7 0 PINTYPE=BI
A 0 25 10 0 1 3 #=C2
P 1463 260 170 240 170 0 3 0
L 235 170 10 0 8 0 1 0 SPARE_C3
A 260 170 10 0 1 0 PINTYPE=BI
A 260 180 10 0 7 3 #=C3
P 1465 0 535 20 535 0 2 0
L 25 535 10 0 2 0 1 0 VREF_DDR_C4
A 0 535 10 0 7 0 PINTYPE=BI
A 0 545 10 0 1 3 #=C4
P 1467 0 -95 20 -95 0 2 0
L 25 -95 10 0 2 0 1 0 GND_D1
A 0 -95 10 0 7 0 PINTYPE=BI
A 0 -85 10 0 1 3 #=D1
P 1469 0 -105 20 -105 0 2 0
L 25 -105 10 0 2 0 1 0 GND_D2
A 0 -105 10 0 7 0 PINTYPE=BI
A 0 -95 10 0 1 3 #=D2
P 1471 0 650 20 650 0 2 0
L 25 650 10 0 2 0 1 0 VCCO_DDR_C34
A 0 650 10 0 7 0 PINTYPE=BI
A 0 660 10 0 1 3 #=C34
P 1473 0 525 20 525 0 2 0
L 25 525 10 0 2 0 1 0 VREF_DDR_D4
A 0 525 10 0 7 0 PINTYPE=BI
A 0 535 10 0 1 3 #=D4
P 1849 0 500 20 500 0 2 0
L 25 500 10 0 2 0 1 0 UTIL_3V3_A1
A 0 500 10 0 7 0 PINTYPE=IN
A 0 510 10 0 1 3 #=A1
P 1853 0 490 20 490 0 2 0
L 25 490 10 0 2 0 1 0 UTIL_3V3_A2
A 0 490 10 0 7 0 PINTYPE=IN
A 0 500 10 0 1 3 #=A2
P 1857 0 480 20 480 0 2 0
L 25 480 10 0 2 0 1 0 UTIL_3V3_B1
A 0 480 10 0 7 0 PINTYPE=IN
A 0 490 10 0 1 3 #=B1
P 1861 0 470 20 470 0 2 0
L 25 470 10 0 2 0 1 0 UTIL_3V3_B2
A 0 470 10 0 7 0 PINTYPE=IN
A 0 480 10 0 1 3 #=B2
P 1865 0 460 20 460 0 2 0
L 25 460 10 0 2 0 1 0 UTIL_2V5_E1
A 0 460 10 0 7 0 PINTYPE=IN
A 0 470 10 0 1 3 #=E1
P 1869 0 450 20 450 0 2 0
L 25 450 10 0 2 0 1 0 UTIL_2V5_E2
A 0 450 10 0 7 0 PINTYPE=IN
A 0 460 10 0 1 3 #=E2
P 1873 0 440 20 440 0 2 0
L 25 440 10 0 2 0 1 0 UTIL_2V5_F1
A 0 440 10 0 7 0 PINTYPE=IN
A 0 450 10 0 1 3 #=F1
P 1877 0 430 20 430 0 2 0
L 25 430 10 0 2 0 1 0 UTIL_2V5_F2
A 0 430 10 0 7 0 PINTYPE=IN
A 0 440 10 0 1 3 #=F2
P 1881 0 420 20 420 0 2 0
L 25 420 10 0 2 0 1 0 UTIL_1V8_A40
A 0 420 10 0 7 0 PINTYPE=IN
A 0 430 10 0 1 3 #=A40
P 1885 0 410 20 410 0 2 0
L 25 410 10 0 2 0 1 0 UTIL_1V8_B40
A 0 410 10 0 7 0 PINTYPE=IN
A 0 420 10 0 1 3 #=B40
P 2091 260 130 240 130 0 3 0
L 235 130 10 0 8 0 1 0 SPARE_C10
A 260 130 10 0 7 0 PINTYPE=BI
A 260 140 10 0 7 3 #=C10
P 2095 260 -90 240 -90 0 3 0
L 235 -90 10 0 8 0 1 0 SPARE_F25
A 260 -90 10 0 7 0 PINTYPE=BI
A 260 -80 10 0 7 3 #=F25
P 2099 260 -10 240 -10 0 3 0
L 235 -10 10 0 8 0 1 0 SPARE_D3
A 260 -10 10 0 7 0 PINTYPE=BI
A 260 0 10 0 7 3 #=D3
P 2111 260 20 240 20 0 3 0
L 235 20 10 0 8 0 1 0 SPARE_C26
A 260 20 10 0 7 0 PINTYPE=BI
A 260 30 10 0 7 3 #=C26
P 2115 260 30 240 30 0 3 0
L 235 30 10 0 8 0 1 0 SPARE_C25
A 260 30 10 0 7 0 PINTYPE=BI
A 260 40 10 0 7 3 #=C25
P 2119 260 40 240 40 0 3 0
L 235 40 10 0 8 0 1 0 SPARE_C23
A 260 40 10 0 7 0 PINTYPE=BI
A 260 50 10 0 7 3 #=C23
P 2123 260 50 240 50 0 3 0
L 235 50 10 0 8 0 1 0 SPARE_C22
A 260 50 10 0 7 0 PINTYPE=BI
A 260 60 10 0 7 3 #=C22
P 2127 260 60 240 60 0 3 0
L 235 60 10 0 8 0 1 0 SPARE_C20
A 260 60 10 0 7 0 PINTYPE=BI
A 260 70 10 0 7 3 #=C20
P 2131 260 70 240 70 0 3 0
L 235 70 10 0 8 0 1 0 SPARE_C19
A 260 70 10 0 7 0 PINTYPE=BI
A 260 80 10 0 7 3 #=C19
P 2135 260 80 240 80 0 3 0
L 235 80 10 0 8 0 1 0 SPARE_C17
A 260 80 10 0 7 0 PINTYPE=BI
A 260 90 10 0 7 3 #=C17
P 2139 260 -80 240 -80 0 3 0
L 235 -80 10 0 8 0 1 0 SPARE_F23
A 260 -80 10 0 7 0 PINTYPE=BI
A 260 -70 10 0 7 3 #=F23
P 2143 260 90 240 90 0 3 0
L 235 90 10 0 8 0 1 0 SPARE_C16
A 260 90 10 0 7 0 PINTYPE=BI
A 260 100 10 0 7 3 #=C16
P 2147 260 -70 240 -70 0 3 0
L 235 -70 10 0 8 0 1 0 SPARE_F16
A 260 -70 10 0 7 0 PINTYPE=BI
A 260 -60 10 0 7 3 #=F16
P 2151 260 100 240 100 0 3 0
L 235 100 10 0 8 0 1 0 SPARE_C14
A 260 100 10 0 7 0 PINTYPE=BI
A 260 110 10 0 7 3 #=C14
P 2155 260 -60 240 -60 0 3 0
L 235 -60 10 0 8 0 1 0 SPARE_E25
A 260 -60 10 0 7 0 PINTYPE=BI
A 260 -50 10 0 7 3 #=E25
P 2159 260 -50 240 -50 0 3 0
L 235 -50 10 0 8 0 1 0 SPARE_E15
A 260 -50 10 0 7 0 PINTYPE=BI
A 260 -40 10 0 7 3 #=E15
P 2163 260 110 240 110 0 3 0
L 235 110 10 0 8 0 1 0 SPARE_C13
A 260 110 10 0 7 0 PINTYPE=BI
A 260 120 10 0 7 3 #=C13
P 2167 260 -40 240 -40 0 3 0
L 235 -40 10 0 8 0 1 0 SPARE_D34
A 260 -40 10 0 7 0 PINTYPE=BI
A 260 -30 10 0 7 3 #=D34
P 2171 260 120 240 120 0 3 0
L 235 120 10 0 8 0 1 0 SPARE_C11
A 260 120 10 0 7 0 PINTYPE=BI
A 260 130 10 0 7 3 #=C11
P 2179 260 140 240 140 0 3 0
L 235 140 10 0 8 0 1 0 SPARE_C8
A 260 140 10 0 7 0 PINTYPE=BI
A 260 150 10 0 7 3 #=C8
P 2183 260 -30 240 -30 0 3 0
L 235 -30 10 0 8 0 1 0 SPARE_D32
A 260 -30 10 0 7 0 PINTYPE=BI
A 260 -20 10 0 7 3 #=D32
P 2187 260 150 240 150 0 3 0
L 235 150 10 0 8 0 1 0 SPARE_C7
A 260 150 10 0 7 0 PINTYPE=BI
A 260 160 10 0 7 3 #=C7
P 2191 260 -20 240 -20 0 3 0
L 235 -20 10 0 8 0 1 0 SPARE_D5
A 260 -20 10 0 7 0 PINTYPE=BI
A 260 -10 10 0 7 3 #=D5
P 2195 260 160 240 160 0 3 0
L 235 160 10 0 8 0 1 0 SPARE_C5
A 260 160 10 0 7 0 PINTYPE=BI
A 260 170 10 0 7 3 #=C5
P 2640 0 45 20 45 0 2 0
L 25 45 10 0 2 0 1 0 GND_B38
A 0 45 10 0 7 0 PINTYPE=BI
A 0 55 10 0 1 3 #=B38
P 2646 0 35 20 35 0 2 0
L 25 35 10 0 2 0 1 0 GND_B39
A 0 35 10 0 7 0 PINTYPE=BI
A 0 45 10 0 1 3 #=B39
E 
