V 53
K 1439415656 seaf_40x6_alto_afx_a.1
F Case
|R 14:40:56_8-12-15
D -2 704 260 -245
Y 1
Z 10
i 2485
U 0 -110 10 0 3 0 DESCRIPTION=CONN SNGL-END ARRAY FMALE 240POS
U 0 -90 10 0 3 0 MANF=SAMTEC
U 0 -80 10 0 3 0 DIST_P/N=TBD
U 0 -40 10 0 3 0 DIST=DIGIKEY
U 0 -70 10 0 3 0 HETERO=(SEAF_40X6_ALTO_AFX_A),(SEAF_40X6_ALTO_AFX_B)
U 0 -30 10 0 3 0 PARTS=1
U 0 -20 10 0 3 0 LEVEL=STD
U 25 825 10 0 3 0 MANF_P/N=SEAF-40-05.0-S-06-2-A
U 20 820 10 0 3 0 DEVICE=SAMTEC_SEAF_06X40
U 15 690 10 0 3 3 PKG_TYPE=SAMTEC_SEAF_40X6
U 20 -240 16 0 3 3 REFDES=J?
U -2 -245 10 0 1 0 FORWARD_PCB=1
b 20 -220 240 680
P 33 0 480 20 480 0 2 0
L 25 475 10 0 3 0 1 0 DDR_DQ18
A -20 480 10 0 3 0 PINTYPE=BI
A 0 480 10 0 3 3 #=B6
P 34 0 490 20 490 0 2 0
L 25 485 10 0 3 0 1 0 DDR_DQ17
A -20 490 10 0 3 0 PINTYPE=BI
A 0 490 10 0 3 3 #=B4
P 35 0 520 20 520 0 2 0
L 25 515 10 0 3 0 1 0 DDR_DQ14
A -20 520 10 0 3 0 PINTYPE=BI
A 0 520 10 0 3 3 #=A24
P 36 0 530 20 530 0 2 0
L 25 525 10 0 3 0 1 0 DDR_DQ13
A -20 530 10 0 3 0 PINTYPE=BI
A 0 530 10 0 3 3 #=A22
P 37 0 500 20 500 0 2 0
L 25 495 10 0 3 0 1 0 DDR_DQ16
A -20 500 10 0 3 0 PINTYPE=BI
A 0 500 10 0 3 3 #=B3
P 38 0 510 20 510 0 2 0
L 25 505 10 0 3 0 1 0 DDR_DQ15
A -20 510 10 0 3 0 PINTYPE=BI
A 0 510 10 0 3 3 #=A25
P 39 260 510 240 510 0 3 0
L 235 505 10 0 9 0 1 0 DDR_A15
A 280 510 10 0 9 0 PINTYPE=BI
A 260 510 10 0 9 3 #=F2
P 40 260 480 240 480 0 3 0
L 235 475 10 0 9 0 1 0 DDR_CK_N0
A 280 480 10 0 9 0 PINTYPE=BI
A 260 480 10 0 9 3 #=A1
P 41 260 470 240 470 0 3 0
L 235 465 10 0 9 0 1 0 DDR_CK_P0
A 280 470 10 0 9 0 PINTYPE=BI
A 260 470 10 0 9 3 #=B1
P 42 260 590 240 590 0 3 0
L 235 585 10 0 9 0 1 0 DDR_A7
A 280 590 10 0 9 0 PINTYPE=BI
A 260 590 10 0 9 3 #=E13
P 43 260 580 240 580 0 3 0
L 235 575 10 0 9 0 1 0 DDR_A8
A 280 580 10 0 9 0 PINTYPE=BI
A 260 580 10 0 9 3 #=E14
P 44 260 500 240 500 0 3 0
L 235 495 10 0 9 0 1 0 DDR_A16
A 280 500 10 0 9 0 PINTYPE=BI
A 260 500 10 0 9 3 #=F4
P 45 260 490 240 490 0 3 0
L 235 485 10 0 9 0 1 0 DDR_A17
A 280 490 10 0 9 0 PINTYPE=BI
A 260 490 10 0 9 3 #=F5
P 46 260 315 240 315 0 3 0
L 235 310 10 0 9 0 1 0 SPARE_E1
A 280 315 10 0 9 0 PINTYPE=BI
A 260 315 10 0 9 3 #=E1
P 47 260 305 240 305 0 3 0
L 235 300 10 0 9 0 1 0 SPARE_F1
A 280 305 10 0 9 0 PINTYPE=BI
A 260 305 10 0 9 3 #=F1
P 48 260 460 240 460 0 3 0
L 235 455 10 0 9 0 1 0 DDR_CKE0
A 280 460 10 0 9 0 PINTYPE=BI
A 260 460 10 0 9 3 #=F19
P 49 260 295 240 295 0 3 0
L 235 290 10 0 9 0 1 0 SPARE_F20
A 280 295 10 0 9 0 PINTYPE=BI
A 260 295 10 0 9 3 #=F20
P 50 260 620 240 620 0 3 0
L 235 615 10 0 9 0 1 0 DDR_A4
A 280 620 10 0 9 0 PINTYPE=BI
A 260 620 10 0 9 3 #=E8
P 51 0 260 20 260 0 2 0
L 25 255 10 0 3 0 1 0 DDR_DM0
A -20 260 10 0 3 0 PINTYPE=BI
A 0 260 10 0 3 3 #=C21
P 104 0 570 20 570 0 2 0
L 25 565 10 0 3 0 1 0 DDR_DQ9
A -20 570 10 0 3 0 PINTYPE=BI
A 0 570 10 0 3 3 #=A16
P 105 0 560 20 560 0 2 0
L 25 555 10 0 3 0 1 0 DDR_DQ10
A -20 560 10 0 3 0 PINTYPE=BI
A 0 560 10 0 3 3 #=A18
P 106 0 590 20 590 0 2 0
L 25 585 10 0 3 0 1 0 DDR_DQ7
A -20 590 10 0 3 0 PINTYPE=BI
A 0 590 10 0 3 3 #=A13
P 107 0 580 20 580 0 2 0
L 25 575 10 0 3 0 1 0 DDR_DQ8
A -20 580 10 0 3 0 PINTYPE=BI
A 0 580 10 0 3 3 #=A15
P 108 0 630 20 630 0 2 0
L 25 625 10 0 3 0 1 0 DDR_DQ3
A -20 630 10 0 3 0 PINTYPE=BI
A 0 630 10 0 3 3 #=A7
P 109 0 620 20 620 0 2 0
L 25 615 10 0 3 0 1 0 DDR_DQ4
A -20 620 10 0 3 0 PINTYPE=BI
A 0 620 10 0 3 3 #=A9
P 110 0 610 20 610 0 2 0
L 25 605 10 0 3 0 1 0 DDR_DQ5
A -20 610 10 0 3 0 PINTYPE=BI
A 0 610 10 0 3 3 #=A10
P 111 0 600 20 600 0 2 0
L 25 595 10 0 3 0 1 0 DDR_DQ6
A -20 600 10 0 3 0 PINTYPE=BI
A 0 600 10 0 3 3 #=A12
P 112 0 660 20 660 0 2 0
L 25 655 10 0 3 0 1 0 DDR_DQ0
A -20 660 10 0 3 0 PINTYPE=BI
A 0 660 10 0 3 3 #=A3
P 113 0 650 20 650 0 2 0
L 25 645 10 0 3 0 1 0 DDR_DQ1
A -20 650 10 0 3 0 PINTYPE=BI
A 0 650 10 0 3 3 #=A4
P 114 0 640 20 640 0 2 0
L 25 635 10 0 3 0 1 0 DDR_DQ2
A -20 640 10 0 3 0 PINTYPE=BI
A 0 640 10 0 3 3 #=A6
P 115 0 540 20 540 0 2 0
L 25 535 10 0 3 0 1 0 DDR_DQ12
A -20 540 10 0 3 0 PINTYPE=BI
A 0 540 10 0 3 3 #=A21
P 116 0 550 20 550 0 2 0
L 25 545 10 0 3 0 1 0 DDR_DQ11
A -20 550 10 0 3 0 PINTYPE=BI
A 0 550 10 0 3 3 #=A19
P 117 0 460 20 460 0 2 0
L 25 455 10 0 3 0 1 0 DDR_DQ20
A -20 460 10 0 3 0 PINTYPE=BI
A 0 460 10 0 3 3 #=B9
P 118 0 310 20 310 0 2 0
L 25 305 10 0 3 0 1 0 DDR_DQS_N1
A -20 310 10 0 3 0 PINTYPE=BI
A 0 310 10 0 3 3 #=C15
P 136 260 530 240 530 0 3 0
L 235 525 10 0 9 0 1 0 DDR_A13
A 280 530 10 0 9 0 PINTYPE=BI
A 260 530 10 0 9 3 #=E22
P 137 260 540 240 540 0 3 0
L 235 535 10 0 9 0 1 0 DDR_A12
A 280 540 10 0 9 0 PINTYPE=BI
A 260 540 10 0 9 3 #=E20
P 138 260 520 240 520 0 3 0
L 235 515 10 0 9 0 1 0 DDR_A14
A 280 520 10 0 9 0 PINTYPE=BI
A 260 520 10 0 9 3 #=E23
P 139 260 550 240 550 0 3 0
L 235 545 10 0 9 0 1 0 DDR_A11
A 280 550 10 0 9 0 PINTYPE=BI
A 260 550 10 0 9 3 #=E19
P 140 260 660 240 660 0 3 0
L 235 655 10 0 9 0 1 0 DDR_A0
A 280 660 10 0 9 0 PINTYPE=BI
A 260 660 10 0 9 3 #=E2
P 141 0 470 20 470 0 2 0
L 25 465 10 0 3 0 1 0 DDR_DQ19
A -20 470 10 0 3 0 PINTYPE=BI
A 0 470 10 0 3 3 #=B7
P 142 260 640 240 640 0 3 0
L 235 635 10 0 9 0 1 0 DDR_A2
A 280 640 10 0 9 0 PINTYPE=BI
A 260 640 10 0 9 3 #=E5
P 143 260 630 240 630 0 3 0
L 235 625 10 0 9 0 1 0 DDR_A3
A 280 630 10 0 9 0 PINTYPE=BI
A 260 630 10 0 9 3 #=E7
P 144 260 650 240 650 0 3 0
L 235 645 10 0 9 0 1 0 DDR_A1
A 280 650 10 0 9 0 PINTYPE=BI
A 260 650 10 0 9 3 #=E4
P 145 260 600 240 600 0 3 0
L 235 595 10 0 9 0 1 0 DDR_A6
A 280 600 10 0 9 0 PINTYPE=BI
A 260 600 10 0 9 3 #=E11
P 146 260 610 240 610 0 3 0
L 235 605 10 0 9 0 1 0 DDR_A5
A 280 610 10 0 9 0 PINTYPE=BI
A 260 610 10 0 9 3 #=E10
P 150 0 270 20 270 0 2 0
L 25 265 10 0 3 0 1 0 DDR_DQS_N3
A -20 270 10 0 3 0 PINTYPE=BI
A 0 270 10 0 3 3 #=C18
P 151 0 280 20 280 0 2 0
L 25 275 10 0 3 0 1 0 DDR_DQS_P3
A -20 280 10 0 3 0 PINTYPE=BI
A 0 280 10 0 3 3 #=D18
P 152 0 130 20 130 0 2 0
L 25 125 10 0 3 0 1 0 SPARE_D20
A -20 130 10 0 3 0 PINTYPE=BI
A 0 130 10 0 3 3 #=D20
P 153 0 120 20 120 0 2 0
L 25 115 10 0 3 0 1 0 SPARE_C20
A -20 120 10 0 3 0 PINTYPE=BI
A 0 120 10 0 3 3 #=C20
P 167 260 570 240 570 0 3 0
L 235 565 10 0 9 0 1 0 DDR_A9
A 280 570 10 0 9 0 PINTYPE=BI
A 260 570 10 0 9 3 #=E16
P 168 260 560 240 560 0 3 0
L 235 555 10 0 9 0 1 0 DDR_A10
A 280 560 10 0 9 0 PINTYPE=BI
A 260 560 10 0 9 3 #=E17
P 172 0 320 20 320 0 2 0
L 25 315 10 0 3 0 1 0 DDR_DQS_P1
A -20 320 10 0 3 0 PINTYPE=BI
A 0 320 10 0 3 3 #=D15
P 173 0 290 20 290 0 2 0
L 25 285 10 0 3 0 1 0 DDR_DQS_N2
A -20 290 10 0 3 0 PINTYPE=BI
A 0 290 10 0 3 3 #=C17
P 174 0 300 20 300 0 2 0
L 25 295 10 0 3 0 1 0 DDR_DQS_P2
A -20 300 10 0 3 0 PINTYPE=BI
A 0 300 10 0 3 3 #=D17
P 175 260 400 240 400 0 3 0
L 235 395 10 0 9 0 1 0 DDR_CS_N1
A 280 400 10 0 9 0 PINTYPE=BI
A 260 400 10 0 9 3 #=F23
P 176 260 410 240 410 0 3 0
L 235 405 10 0 9 0 1 0 DDR_CS_N0
A 280 410 10 0 9 0 PINTYPE=BI
A 260 410 10 0 9 3 #=F22
P 177 260 420 240 420 0 3 0
L 235 415 10 0 9 0 1 0 DDR_BA1
A 280 420 10 0 9 0 PINTYPE=BI
A 260 420 10 0 9 3 #=F14
P 178 260 430 240 430 0 3 0
L 235 425 10 0 9 0 1 0 DDR_BA0
A 280 430 10 0 9 0 PINTYPE=BI
A 260 430 10 0 9 3 #=F13
P 179 260 440 240 440 0 3 0
L 235 435 10 0 9 0 1 0 DDR_BG1
A 280 440 10 0 9 0 PINTYPE=BI
A 260 440 10 0 9 3 #=F17
P 180 260 450 240 450 0 3 0
L 235 445 10 0 9 0 1 0 DDR_BG0
A 280 450 10 0 9 0 PINTYPE=BI
A 260 450 10 0 9 3 #=F16
P 486 0 250 20 250 0 2 0
L 25 245 10 0 3 0 1 0 DDR_DM1
A -20 250 10 0 3 0 PINTYPE=BI
A 0 250 10 0 3 3 #=C23
P 490 0 240 20 240 0 2 0
L 25 235 10 0 3 0 1 0 DDR_DM2
A -20 240 10 0 3 0 PINTYPE=BI
A 0 240 10 0 3 3 #=C24
P 494 0 230 20 230 0 2 0
L 25 225 10 0 3 0 1 0 DDR_DM3
A -20 230 10 0 3 0 PINTYPE=BI
A 0 230 10 0 3 3 #=D21
P 498 0 110 20 110 0 2 0
L 25 105 10 0 3 0 1 0 SPARE_D23
A -20 110 10 0 3 0 PINTYPE=BI
A 0 110 10 0 3 3 #=D23
P 526 260 390 240 390 0 3 0
L 235 385 10 0 9 0 1 0 DDR_ODT0
A 280 390 10 0 9 0 PINTYPE=BI
A 260 390 10 0 9 3 #=D8
P 530 260 380 240 380 0 3 0
L 235 375 10 0 9 0 1 0 DDR_ODT1
A 280 380 10 0 9 0 PINTYPE=BI
A 260 380 10 0 9 3 #=D9
P 534 260 370 240 370 0 3 0
L 235 365 10 0 9 0 1 0 DDR_ACT_N
A 280 370 10 0 9 0 PINTYPE=BI
A 260 370 10 0 9 3 #=F10
P 769 260 360 240 360 0 3 0
L 235 355 10 0 9 0 1 0 DDR_ALERT_N
A 280 360 10 0 9 0 PINTYPE=BI
A 260 360 10 0 9 3 #=F11
P 773 260 350 240 350 0 3 0
L 235 345 10 0 9 0 1 0 DDR_PARITY
A 280 350 10 0 9 0 PINTYPE=BI
A 260 350 10 0 9 3 #=D11
P 777 260 340 240 340 0 3 0
L 235 335 10 0 9 0 1 0 DDR_RAM_RST_N
A 280 340 10 0 9 0 PINTYPE=BI
A 260 340 10 0 9 3 #=D12
P 781 260 285 240 285 0 3 0
L 235 280 10 0 9 0 1 0 SPARE_D24
A 280 285 10 0 9 0 PINTYPE=BI
A 260 285 10 0 9 3 #=D24
P 785 260 275 240 275 0 3 0
L 235 270 10 0 9 0 1 0 SPARE_F7
A 280 275 10 0 9 0 PINTYPE=BI
A 260 275 10 0 9 3 #=F7
P 789 260 265 240 265 0 3 0
L 235 260 10 0 9 0 1 0 SPARE_F8
A 280 265 10 0 9 0 PINTYPE=BI
A 260 265 10 0 9 3 #=F8
P 1330 0 140 20 140 0 2 0
L 25 135 10 0 3 0 1 0 SPARE_C12
A -20 140 10 0 3 0 PINTYPE=BI
A 0 140 10 0 3 3 #=C12
P 1334 0 150 20 150 0 2 0
L 25 145 10 0 3 0 1 0 SPARE_C11
A -20 150 10 0 3 0 PINTYPE=BI
A 0 150 10 0 3 3 #=C11
P 1338 0 180 20 180 0 2 0
L 25 175 10 0 3 0 1 0 SPARE_C6
A -20 180 10 0 3 0 PINTYPE=BI
A 0 180 10 0 3 3 #=C6
P 1342 0 190 20 190 0 2 0
L 25 185 10 0 3 0 1 0 SPARE_C5
A -20 190 10 0 3 0 PINTYPE=BI
A 0 190 10 0 3 3 #=C5
P 1346 0 160 20 160 0 2 0
L 25 155 10 0 3 0 1 0 SPARE_C9
A -20 160 10 0 3 0 PINTYPE=BI
A 0 160 10 0 3 3 #=C9
P 1350 0 170 20 170 0 2 0
L 25 165 10 0 3 0 1 0 SPARE_C8
A -20 170 10 0 3 0 PINTYPE=BI
A 0 170 10 0 3 3 #=C8
P 1354 0 360 20 360 0 2 0
L 25 355 10 0 3 0 1 0 DDR_DQ30
A -20 360 10 0 3 0 PINTYPE=BI
A 0 360 10 0 3 3 #=B24
P 1358 0 350 20 350 0 2 0
L 25 345 10 0 3 0 1 0 DDR_DQ31
A -20 350 10 0 3 0 PINTYPE=BI
A 0 350 10 0 3 3 #=B25
P 1362 0 380 20 380 0 2 0
L 25 375 10 0 3 0 1 0 DDR_DQ28
A -20 380 10 0 3 0 PINTYPE=BI
A 0 380 10 0 3 3 #=B21
P 1366 0 370 20 370 0 2 0
L 25 365 10 0 3 0 1 0 DDR_DQ29
A -20 370 10 0 3 0 PINTYPE=BI
A 0 370 10 0 3 3 #=B22
P 1370 0 420 20 420 0 2 0
L 25 415 10 0 3 0 1 0 DDR_DQ24
A -20 420 10 0 3 0 PINTYPE=BI
A 0 420 10 0 3 3 #=B15
P 1374 0 410 20 410 0 2 0
L 25 405 10 0 3 0 1 0 DDR_DQ25
A -20 410 10 0 3 0 PINTYPE=BI
A 0 410 10 0 3 3 #=B16
P 1378 0 400 20 400 0 2 0
L 25 395 10 0 3 0 1 0 DDR_DQ26
A -20 400 10 0 3 0 PINTYPE=BI
A 0 400 10 0 3 3 #=B18
P 1382 0 390 20 390 0 2 0
L 25 385 10 0 3 0 1 0 DDR_DQ27
A -20 390 10 0 3 0 PINTYPE=BI
A 0 390 10 0 3 3 #=B19
P 1386 0 450 20 450 0 2 0
L 25 445 10 0 3 0 1 0 DDR_DQ21
A -20 450 10 0 3 0 PINTYPE=BI
A 0 450 10 0 3 3 #=B10
P 1390 0 440 20 440 0 2 0
L 25 435 10 0 3 0 1 0 DDR_DQ22
A -20 440 10 0 3 0 PINTYPE=BI
A 0 440 10 0 3 3 #=B12
P 1394 0 430 20 430 0 2 0
L 25 425 10 0 3 0 1 0 DDR_DQ23
A -20 430 10 0 3 0 PINTYPE=BI
A 0 430 10 0 3 3 #=B13
P 1398 0 200 20 200 0 2 0
L 25 195 10 0 3 0 1 0 SPARE_C3
A -20 200 10 0 3 0 PINTYPE=BI
A 0 200 10 0 3 3 #=C3
P 1402 0 210 20 210 0 2 0
L 25 205 10 0 3 0 1 0 SPARE_C2
A -20 210 10 0 3 0 PINTYPE=BI
A 0 210 10 0 3 3 #=C2
P 1406 0 340 20 340 0 2 0
L 25 335 10 0 3 0 1 0 DDR_DQS_P0
A -20 340 10 0 3 0 PINTYPE=BI
A 0 340 10 0 3 3 #=D14
P 1410 0 330 20 330 0 2 0
L 25 325 10 0 3 0 1 0 DDR_DQS_N0
A -20 330 10 0 3 0 PINTYPE=BI
A 0 330 10 0 3 3 #=C14
P 1708 260 50 240 50 0 3 0
L 235 45 10 0 9 0 1 0 PS_MIO18
A 280 50 10 0 9 0 PINTYPE=BI
A 260 50 10 0 9 3 #=B39
P 1712 260 60 240 60 0 3 0
L 235 55 10 0 9 0 1 0 PS_MIO17
A 280 60 10 0 9 0 PINTYPE=BI
A 260 60 10 0 9 3 #=B37
P 1716 260 90 240 90 0 3 0
L 235 85 10 0 9 0 1 0 PS_MIO14
A 280 90 10 0 9 0 PINTYPE=BI
A 260 90 10 0 9 3 #=B33
P 1720 260 100 240 100 0 3 0
L 235 95 10 0 9 0 1 0 PS_MIO13
A 280 100 10 0 9 0 PINTYPE=BI
A 260 100 10 0 9 3 #=B31
P 1724 260 70 240 70 0 3 0
L 235 65 10 0 9 0 1 0 PS_MIO16
A 280 70 10 0 9 0 PINTYPE=BI
A 260 70 10 0 9 3 #=B36
P 1728 260 80 240 80 0 3 0
L 235 75 10 0 9 0 1 0 PS_MIO15
A 280 80 10 0 9 0 PINTYPE=BI
A 260 80 10 0 9 3 #=B34
P 1732 260 140 240 140 0 3 0
L 235 135 10 0 9 0 1 0 PS_MIO9
A 280 140 10 0 9 0 PINTYPE=BI
A 260 140 10 0 9 3 #=A40
P 1736 260 130 240 130 0 3 0
L 235 125 10 0 9 0 1 0 PS_MIO10
A 280 130 10 0 9 0 PINTYPE=BI
A 260 130 10 0 9 3 #=B27
P 1740 260 160 240 160 0 3 0
L 235 155 10 0 9 0 1 0 PS_MIO7
A 280 160 10 0 9 0 PINTYPE=BI
A 260 160 10 0 9 3 #=A37
P 1744 260 150 240 150 0 3 0
L 235 145 10 0 9 0 1 0 PS_MIO8
A 280 150 10 0 9 0 PINTYPE=BI
A 260 150 10 0 9 3 #=A39
P 1748 260 200 240 200 0 3 0
L 235 195 10 0 9 0 1 0 PS_MIO3
A 280 200 10 0 9 0 PINTYPE=BI
A 260 200 10 0 9 3 #=A31
P 1752 260 190 240 190 0 3 0
L 235 185 10 0 9 0 1 0 PS_MIO4
A 280 190 10 0 9 0 PINTYPE=BI
A 260 190 10 0 9 3 #=A33
P 1756 260 180 240 180 0 3 0
L 235 175 10 0 9 0 1 0 PS_MIO5
A 280 180 10 0 9 0 PINTYPE=BI
A 260 180 10 0 9 3 #=A34
P 1760 260 170 240 170 0 3 0
L 235 165 10 0 9 0 1 0 PS_MIO6
A 280 170 10 0 9 0 PINTYPE=BI
A 260 170 10 0 9 3 #=A36
P 1764 260 230 240 230 0 3 0
L 235 225 10 0 9 0 1 0 PS_MIO0
A 280 230 10 0 9 0 PINTYPE=BI
A 260 230 10 0 9 3 #=A27
P 1768 260 220 240 220 0 3 0
L 235 215 10 0 9 0 1 0 PS_MIO1
A 280 220 10 0 9 0 PINTYPE=BI
A 260 220 10 0 9 3 #=A28
P 1772 260 210 240 210 0 3 0
L 235 205 10 0 9 0 1 0 PS_MIO2
A 280 210 10 0 9 0 PINTYPE=BI
A 260 210 10 0 9 3 #=A30
P 1776 260 110 240 110 0 3 0
L 235 105 10 0 9 0 1 0 PS_MIO12
A 280 110 10 0 9 0 PINTYPE=BI
A 260 110 10 0 9 3 #=B30
P 1780 260 120 240 120 0 3 0
L 235 115 10 0 9 0 1 0 PS_MIO11
A 280 120 10 0 9 0 PINTYPE=BI
A 260 120 10 0 9 3 #=B28
P 1784 260 30 240 30 0 3 0
L 235 25 10 0 9 0 1 0 PS_MIO20
A 280 30 10 0 9 0 PINTYPE=BI
A 260 30 10 0 9 3 #=C26
P 1788 260 40 240 40 0 3 0
L 235 35 10 0 9 0 1 0 PS_MIO19
A 280 40 10 0 9 0 PINTYPE=BI
A 260 40 10 0 9 3 #=B40
P 1800 260 -120 240 -120 0 3 0
L 235 -125 10 0 9 0 1 0 PS_MIO35
A 280 -120 10 0 9 0 PINTYPE=BI
A 260 -120 10 0 9 3 #=D33
P 1804 260 -110 240 -110 0 3 0
L 235 -115 10 0 9 0 1 0 PS_MIO34
A 280 -110 10 0 9 0 PINTYPE=BI
A 260 -110 10 0 9 3 #=D32
P 1808 260 -140 240 -140 0 3 0
L 235 -145 10 0 9 0 1 0 PS_MIO37
A 280 -140 10 0 9 0 PINTYPE=BI
A 260 -140 10 0 9 3 #=D36
P 1812 260 -130 240 -130 0 3 0
L 235 -135 10 0 9 0 1 0 PS_MIO36
A 280 -130 10 0 9 0 PINTYPE=BI
A 260 -130 10 0 9 3 #=D35
P 1816 260 -70 240 -70 0 3 0
L 235 -75 10 0 9 0 1 0 PS_MIO30
A 280 -70 10 0 9 0 PINTYPE=BI
A 260 -70 10 0 9 3 #=D26
P 1820 260 -80 240 -80 0 3 0
L 235 -85 10 0 9 0 1 0 PS_MIO31
A 280 -80 10 0 9 0 PINTYPE=BI
A 260 -80 10 0 9 3 #=D27
P 1824 260 -50 240 -50 0 3 0
L 235 -55 10 0 9 0 1 0 PS_MIO28
A 280 -50 10 0 9 0 PINTYPE=BI
A 260 -50 10 0 9 3 #=C38
P 1828 260 -60 240 -60 0 3 0
L 235 -65 10 0 9 0 1 0 PS_MIO29
A 280 -60 10 0 9 0 PINTYPE=BI
A 260 -60 10 0 9 3 #=C39
P 1832 260 -10 240 -10 0 3 0
L 235 -15 10 0 9 0 1 0 PS_MIO24
A 280 -10 10 0 9 0 PINTYPE=BI
A 260 -10 10 0 9 3 #=C32
P 1836 260 -20 240 -20 0 3 0
L 235 -25 10 0 9 0 1 0 PS_MIO25
A 280 -20 10 0 9 0 PINTYPE=BI
A 260 -20 10 0 9 3 #=C33
P 1840 260 -30 240 -30 0 3 0
L 235 -35 10 0 9 0 1 0 PS_MIO26
A 280 -30 10 0 9 0 PINTYPE=BI
A 260 -30 10 0 9 3 #=C35
P 1844 260 -40 240 -40 0 3 0
L 235 -45 10 0 9 0 1 0 PS_MIO27
A 280 -40 10 0 9 0 PINTYPE=BI
A 260 -40 10 0 9 3 #=C36
P 1848 260 20 240 20 0 3 0
L 235 15 10 0 9 0 1 0 PS_MIO21
A 280 20 10 0 9 0 PINTYPE=BI
A 260 20 10 0 9 3 #=C27
P 1852 260 10 240 10 0 3 0
L 235 5 10 0 9 0 1 0 PS_MIO22
A 280 10 10 0 9 0 PINTYPE=BI
A 260 10 10 0 9 3 #=C29
P 1856 260 0 240 0 0 3 0
L 235 -5 10 0 9 0 1 0 PS_MIO23
A 280 0 10 0 9 0 PINTYPE=BI
A 260 0 10 0 9 3 #=C30
P 1860 260 -100 240 -100 0 3 0
L 235 -105 10 0 9 0 1 0 PS_MIO33
A 280 -100 10 0 9 0 PINTYPE=BI
A 260 -100 10 0 9 3 #=D30
P 1864 260 -90 240 -90 0 3 0
L 235 -95 10 0 9 0 1 0 PS_MIO32
A 280 -90 10 0 9 0 PINTYPE=BI
A 260 -90 10 0 9 3 #=D29
P 1870 0 -45 20 -45 0 2 0
L 25 -50 10 0 3 0 1 0 PS_MIO51
A -20 -45 10 0 3 0 PINTYPE=BI
A 0 -45 10 0 3 3 #=F38
P 1874 0 -5 20 -5 0 2 0
L 25 -10 10 0 3 0 1 0 PS_MIO47
A -20 -5 10 0 3 0 PINTYPE=BI
A 0 -5 10 0 3 3 #=E35
P 1878 0 -15 20 -15 0 2 0
L 25 -20 10 0 3 0 1 0 PS_MIO48
A -20 -15 10 0 3 0 PINTYPE=BI
A 0 -15 10 0 3 3 #=E37
P 1882 0 15 20 15 0 2 0
L 25 10 10 0 3 0 1 0 PS_MIO45
A -20 15 10 0 3 0 PINTYPE=BI
A 0 15 10 0 3 3 #=E32
P 1886 0 5 20 5 0 2 0
L 25 0 10 0 3 0 1 0 PS_MIO46
A -20 5 10 0 3 0 PINTYPE=BI
A 0 5 10 0 3 3 #=E34
P 1890 0 55 20 55 0 2 0
L 25 50 10 0 3 0 1 0 PS_MIO41
A -20 55 10 0 3 0 PINTYPE=BI
A 0 55 10 0 3 3 #=E26
P 1894 0 45 20 45 0 2 0
L 25 40 10 0 3 0 1 0 PS_MIO42
A -20 45 10 0 3 0 PINTYPE=BI
A 0 45 10 0 3 3 #=E28
P 1898 0 35 20 35 0 2 0
L 25 30 10 0 3 0 1 0 PS_MIO43
A -20 35 10 0 3 0 PINTYPE=BI
A 0 35 10 0 3 3 #=E29
P 1902 0 25 20 25 0 2 0
L 25 20 10 0 3 0 1 0 PS_MIO44
A -20 25 10 0 3 0 PINTYPE=BI
A 0 25 10 0 3 3 #=E31
P 1906 0 85 20 85 0 2 0
L 25 80 10 0 3 0 1 0 PS_MIO38
A -20 85 10 0 3 0 PINTYPE=BI
A 0 85 10 0 3 3 #=D38
P 1910 0 75 20 75 0 2 0
L 25 70 10 0 3 0 1 0 PS_MIO39
A -20 75 10 0 3 0 PINTYPE=BI
A 0 75 10 0 3 3 #=D39
P 1914 0 65 20 65 0 2 0
L 25 60 10 0 3 0 1 0 PS_MIO40
A -20 65 10 0 3 0 PINTYPE=BI
A 0 65 10 0 3 3 #=E25
P 1918 0 -35 20 -35 0 2 0
L 25 -40 10 0 3 0 1 0 PS_MIO50
A -20 -35 10 0 3 0 PINTYPE=BI
A 0 -35 10 0 3 3 #=F37
P 1922 0 -25 20 -25 0 2 0
L 25 -30 10 0 3 0 1 0 PS_MIO49
A -20 -25 10 0 3 0 PINTYPE=BI
A 0 -25 10 0 3 3 #=E38
P 1928 0 -70 20 -70 0 2 0
L 25 -75 10 0 3 0 1 0 PS_POR_B
A -20 -70 10 0 3 0 PINTYPE=BI
A 0 -70 10 0 3 3 #=E40
P 1932 0 -80 20 -80 0 2 0
L 25 -85 10 0 3 0 1 0 PS_SRST_B
A -20 -80 10 0 3 0 PINTYPE=BI
A 0 -80 10 0 3 3 #=F40
P 1936 0 -90 20 -90 0 2 0
L 25 -95 10 0 3 0 1 0 PS_CLK
A -20 -90 10 0 3 0 PINTYPE=BI
A 0 -90 10 0 3 3 #=D2
P 1952 260 -165 240 -165 0 3 0
L 235 -170 10 0 9 0 1 0 PROGRAM_B
A 280 -165 10 0 9 0 PINTYPE=BI
A 260 -165 10 0 9 3 #=D3
P 1956 260 -175 240 -175 0 3 0
L 235 -180 10 0 9 0 1 0 INIT_B
A 280 -175 10 0 9 0 PINTYPE=BI
A 260 -175 10 0 9 3 #=D5
P 1960 260 -185 240 -185 0 3 0
L 235 -190 10 0 9 0 1 0 DONE
A 280 -185 10 0 9 0 PINTYPE=BI
A 260 -185 10 0 9 3 #=D6
P 1969 0 -120 20 -120 0 2 0
L 25 -125 10 0 3 0 1 0 SPARE_F25
A -20 -120 10 0 3 0 PINTYPE=BI
A 0 -120 10 0 3 3 #=F25
P 1973 0 -130 20 -130 0 2 0
L 25 -135 10 0 3 0 1 0 SPARE_F26
A -20 -130 10 0 3 0 PINTYPE=BI
A 0 -130 10 0 3 3 #=F26
P 1980 0 -140 20 -140 0 2 0
L 25 -145 10 0 3 0 1 0 SPARE_F28
A -20 -140 10 0 3 0 PINTYPE=BI
A 0 -140 10 0 3 3 #=F28
P 1984 0 -150 20 -150 0 2 0
L 25 -155 10 0 3 0 1 0 SPARE_F29
A -20 -150 10 0 3 0 PINTYPE=BI
A 0 -150 10 0 3 3 #=F29
P 1988 0 -160 20 -160 0 2 0
L 25 -165 10 0 3 0 1 0 SPARE_F31
A -20 -160 10 0 3 0 PINTYPE=BI
A 0 -160 10 0 3 3 #=F31
P 2475 0 -170 20 -170 0 2 0
L 25 -175 10 0 3 0 1 0 SPARE_F32
A -20 -170 10 0 3 0 PINTYPE=BI
A 0 -170 10 0 3 3 #=F32
P 2479 0 -180 20 -180 0 2 0
L 25 -185 10 0 3 0 1 0 SPARE_F34
A -20 -180 10 0 3 0 PINTYPE=BI
A 0 -180 10 0 3 3 #=F34
P 2483 0 -190 20 -190 0 2 0
L 25 -195 10 0 3 0 1 0 SPARE_F35
A -20 -190 10 0 3 0 PINTYPE=BI
A 0 -190 10 0 3 3 #=F35
E 
