V 53
K 1438813509 seam_40x6_alto_afx_b.1
F Case
|R 15:25:9_8-5-15
D 0 700 260 180
Y 1
Z 10
i 1369
U 0 -110 10 0 3 0 DESCRIPTION=CONN SNGL-END ARRAY MALE 240POS
U 0 -90 10 0 3 0 MANF=SAMTEC
U 0 -80 10 0 3 0 DIST_P/N=TBD
U 0 -40 10 0 3 0 DIST=DIGIKEY
U 0 -70 10 0 3 0 HETERO=(SEAM_40X6_ALTO_AFX_A),(SEAM_40X6_ALTO_AFX_B)
U 0 -30 10 0 3 0 PARTS=1
U 0 -20 10 0 3 0 LEVEL=STD
U 20 820 10 0 3 0 DEVICE=SAMTEC_SEAM_06X40
U 25 685 10 0 3 3 PKG_TYPE=SAMTEC_SEAM_40X6
U 25 175 16 0 3 3 REFDES=J?
U 0 180 10 0 1 0 FORWARD_PCB=1
b 20 200 240 680
P 1110 0 315 20 315 0 2 0
L 25 315 10 0 2 0 1 0 GND_C19
A 0 315 10 0 1 0 PINTYPE=IN
A 0 325 10 0 1 3 #=C19
P 1112 0 325 20 325 0 2 0
L 25 325 10 0 2 0 1 0 GND_C16
A 0 325 10 0 1 0 PINTYPE=IN
A 0 335 10 0 1 3 #=C16
P 1114 0 335 20 335 0 2 0
L 25 335 10 0 2 0 1 0 GND_C13
A 0 335 10 0 1 0 PINTYPE=IN
A 0 345 10 0 1 3 #=C13
P 1116 0 345 20 345 0 2 0
L 25 345 10 0 2 0 1 0 GND_C10
A 0 345 10 0 1 0 PINTYPE=IN
A 0 355 10 0 1 3 #=C10
P 1118 0 355 20 355 0 2 0
L 25 355 10 0 2 0 1 0 GND_C7
A 0 355 10 0 1 0 PINTYPE=IN
A 0 365 10 0 1 3 #=C7
P 1120 0 365 20 365 0 2 0
L 25 365 10 0 2 0 1 0 GND_C4
A 0 365 10 0 1 0 PINTYPE=IN
A 0 375 10 0 1 3 #=C4
P 1122 0 375 20 375 0 2 0
L 25 375 10 0 2 0 1 0 GND_C1
A 0 375 10 0 1 0 PINTYPE=IN
A 0 385 10 0 1 3 #=C1
P 1124 0 385 20 385 0 2 0
L 25 385 10 0 2 0 1 0 GND_B8
A 0 385 10 0 1 0 PINTYPE=IN
A 0 395 10 0 1 3 #=B8
P 1126 0 395 20 395 0 2 0
L 25 395 10 0 2 0 1 0 GND_B38
A 0 395 10 0 1 0 PINTYPE=IN
A 0 405 10 0 1 3 #=B38
P 1128 0 405 20 405 0 2 0
L 25 405 10 0 2 0 1 0 GND_B35
A 0 405 10 0 1 0 PINTYPE=IN
A 0 415 10 0 1 3 #=B35
P 1130 0 415 20 415 0 2 0
L 25 415 10 0 2 0 1 0 GND_B32
A 0 415 10 0 1 0 PINTYPE=IN
A 0 425 10 0 1 3 #=B32
P 1132 0 425 20 425 0 2 0
L 25 425 10 0 2 0 1 0 GND_B29
A 0 425 10 0 1 0 PINTYPE=IN
A 0 435 10 0 1 3 #=B29
P 1134 0 435 20 435 0 2 0
L 25 435 10 0 2 0 1 0 GND_B26
A 0 435 10 0 1 0 PINTYPE=IN
A 0 445 10 0 1 3 #=B26
P 1136 0 445 20 445 0 2 0
L 25 445 10 0 2 0 1 0 GND_B23
A 0 445 10 0 1 0 PINTYPE=IN
A 0 455 10 0 1 3 #=B23
P 1138 0 455 20 455 0 2 0
L 25 455 10 0 2 0 1 0 GND_B20
A 0 455 10 0 1 0 PINTYPE=IN
A 0 465 10 0 1 3 #=B20
P 1140 0 465 20 465 0 2 0
L 25 465 10 0 2 0 1 0 GND_B17
A 0 465 10 0 1 0 PINTYPE=IN
A 0 475 10 0 1 3 #=B17
P 1142 0 475 20 475 0 2 0
L 25 475 10 0 2 0 1 0 GND_B14
A 0 475 10 0 1 0 PINTYPE=IN
A 0 485 10 0 1 3 #=B14
P 1144 0 485 20 485 0 2 0
L 25 485 10 0 2 0 1 0 GND_B11
A 0 485 10 0 1 0 PINTYPE=IN
A 0 495 10 0 1 3 #=B11
P 1146 0 495 20 495 0 2 0
L 25 495 10 0 2 0 1 0 GND_B5
A 0 495 10 0 1 0 PINTYPE=IN
A 0 505 10 0 1 3 #=B5
P 1148 0 505 20 505 0 2 0
L 25 505 10 0 2 0 1 0 GND_B2
A 0 505 10 0 1 0 PINTYPE=IN
A 0 515 10 0 1 3 #=B2
P 1150 0 515 20 515 0 2 0
L 25 515 10 0 2 0 1 0 GND_A38
A 0 515 10 0 1 0 PINTYPE=IN
A 0 525 10 0 1 3 #=A38
P 1152 0 525 20 525 0 2 0
L 25 525 10 0 2 0 1 0 GND_A35
A 0 525 10 0 1 0 PINTYPE=IN
A 0 535 10 0 1 3 #=A35
P 1154 0 535 20 535 0 2 0
L 25 535 10 0 2 0 1 0 GND_A32
A 0 535 10 0 1 0 PINTYPE=IN
A 0 545 10 0 1 3 #=A32
P 1156 0 545 20 545 0 2 0
L 25 545 10 0 2 0 1 0 GND_A29
A 0 545 10 0 1 0 PINTYPE=IN
A 0 555 10 0 1 3 #=A29
P 1158 0 555 20 555 0 2 0
L 25 555 10 0 2 0 1 0 GND_A26
A 0 555 10 0 1 0 PINTYPE=IN
A 0 565 10 0 1 3 #=A26
P 1160 0 565 20 565 0 2 0
L 25 565 10 0 2 0 1 0 GND_A23
A 0 565 10 0 1 0 PINTYPE=IN
A 0 575 10 0 1 3 #=A23
P 1162 0 575 20 575 0 2 0
L 25 575 10 0 2 0 1 0 GND_A20
A 0 575 10 0 1 0 PINTYPE=IN
A 0 585 10 0 1 3 #=A20
P 1164 0 585 20 585 0 2 0
L 25 585 10 0 2 0 1 0 GND_A17
A 0 585 10 0 1 0 PINTYPE=IN
A 0 595 10 0 1 3 #=A17
P 1166 0 595 20 595 0 2 0
L 25 595 10 0 2 0 1 0 GND_A14
A 0 595 10 0 1 0 PINTYPE=IN
A 0 605 10 0 1 3 #=A14
P 1168 0 605 20 605 0 2 0
L 25 605 10 0 2 0 1 0 GND_A11
A 0 605 10 0 1 0 PINTYPE=IN
A 0 615 10 0 1 3 #=A11
P 1170 0 615 20 615 0 2 0
L 25 615 10 0 2 0 1 0 GND_A8
A 0 615 10 0 1 0 PINTYPE=IN
A 0 625 10 0 1 3 #=A8
P 1172 0 625 20 625 0 2 0
L 25 625 10 0 2 0 1 0 GND_A5
A 0 625 10 0 1 0 PINTYPE=IN
A 0 635 10 0 1 3 #=A5
P 1174 0 635 20 635 0 2 0
L 25 635 10 0 2 0 1 0 GND_A2
A 0 635 10 0 1 0 PINTYPE=IN
A 0 645 10 0 1 3 #=A2
P 1276 0 305 20 305 0 2 0
L 25 305 10 0 2 0 1 0 GND_C22
A 0 305 10 0 1 0 PINTYPE=IN
A 0 315 10 0 1 3 #=C22
P 1278 0 295 20 295 0 2 0
L 25 295 10 0 2 0 1 0 GND_C25
A 0 295 10 0 1 0 PINTYPE=IN
A 0 305 10 0 1 3 #=C25
P 1280 0 285 20 285 0 2 0
L 25 285 10 0 2 0 1 0 GND_C28
A 0 285 10 0 1 0 PINTYPE=IN
A 0 295 10 0 1 3 #=C28
P 1282 0 275 20 275 0 2 0
L 25 275 10 0 2 0 1 0 GND_C31
A 0 275 10 0 1 0 PINTYPE=IN
A 0 285 10 0 1 3 #=C31
P 1284 0 265 20 265 0 2 0
L 25 265 10 0 2 0 1 0 GND_C34
A 0 265 10 0 1 0 PINTYPE=IN
A 0 275 10 0 1 3 #=C34
P 1286 0 255 20 255 0 2 0
L 25 255 10 0 2 0 1 0 GND_C37
A 0 255 10 0 1 0 PINTYPE=IN
A 0 265 10 0 1 3 #=C37
P 1288 0 245 20 245 0 2 0
L 25 245 10 0 2 0 1 0 GND_C40
A 0 245 10 0 1 0 PINTYPE=IN
A 0 255 10 0 1 3 #=C40
P 1290 260 635 240 635 0 3 0
L 235 635 10 0 8 0 1 0 GND_D1
A 260 635 10 0 7 0 PINTYPE=IN
A 260 645 10 0 7 3 #=D1
P 1292 260 625 240 625 0 3 0
L 235 625 10 0 8 0 1 0 GND_D4
A 260 625 10 0 7 0 PINTYPE=IN
A 260 635 10 0 7 3 #=D4
P 1294 260 615 240 615 0 3 0
L 235 615 10 0 8 0 1 0 GND_D7
A 260 615 10 0 7 0 PINTYPE=IN
A 260 625 10 0 7 3 #=D7
P 1296 260 605 240 605 0 3 0
L 235 605 10 0 8 0 1 0 GND_D10
A 260 605 10 0 7 0 PINTYPE=IN
A 260 615 10 0 7 3 #=D10
P 1298 260 595 240 595 0 3 0
L 235 595 10 0 8 0 1 0 GND_D13
A 260 595 10 0 7 0 PINTYPE=IN
A 260 605 10 0 7 3 #=D13
P 1300 260 585 240 585 0 3 0
L 235 585 10 0 8 0 1 0 GND_D16
A 260 585 10 0 7 0 PINTYPE=IN
A 260 595 10 0 7 3 #=D16
P 1302 260 575 240 575 0 3 0
L 235 575 10 0 8 0 1 0 GND_D19
A 260 575 10 0 7 0 PINTYPE=IN
A 260 585 10 0 7 3 #=D19
P 1304 260 565 240 565 0 3 0
L 235 565 10 0 8 0 1 0 GND_D22
A 260 565 10 0 7 0 PINTYPE=IN
A 260 575 10 0 7 3 #=D22
P 1306 260 555 240 555 0 3 0
L 235 555 10 0 8 0 1 0 GND_D25
A 260 555 10 0 7 0 PINTYPE=IN
A 260 565 10 0 7 3 #=D25
P 1308 260 545 240 545 0 3 0
L 235 545 10 0 8 0 1 0 GND_D28
A 260 545 10 0 7 0 PINTYPE=IN
A 260 555 10 0 7 3 #=D28
P 1310 260 535 240 535 0 3 0
L 235 535 10 0 8 0 1 0 GND_D31
A 260 535 10 0 1 0 PINTYPE=IN
A 260 545 10 0 7 3 #=D31
P 1312 260 525 240 525 0 3 0
L 235 525 10 0 8 0 1 0 GND_D34
A 260 525 10 0 1 0 PINTYPE=IN
A 260 535 10 0 7 3 #=D34
P 1314 260 515 240 515 0 3 0
L 235 515 10 0 8 0 1 0 GND_D37
A 260 515 10 0 1 0 PINTYPE=IN
A 260 525 10 0 7 3 #=D37
P 1316 260 505 240 505 0 3 0
L 235 505 10 0 8 0 1 0 GND_D40
A 260 505 10 0 1 0 PINTYPE=IN
A 260 515 10 0 7 3 #=D40
P 1318 260 495 240 495 0 3 0
L 235 495 10 0 8 0 1 0 GND_E3
A 260 495 10 0 1 0 PINTYPE=IN
A 260 505 10 0 7 3 #=E3
P 1320 260 485 240 485 0 3 0
L 235 485 10 0 8 0 1 0 GND_F3
A 260 485 10 0 1 0 PINTYPE=IN
A 260 495 10 0 7 3 #=F3
P 1322 260 475 240 475 0 3 0
L 235 475 10 0 8 0 1 0 GND_E6
A 260 475 10 0 1 0 PINTYPE=IN
A 260 485 10 0 7 3 #=E6
P 1324 260 465 240 465 0 3 0
L 235 465 10 0 8 0 1 0 GND_F6
A 260 465 10 0 1 0 PINTYPE=IN
A 260 475 10 0 7 3 #=F6
P 1326 260 455 240 455 0 3 0
L 235 455 10 0 8 0 1 0 GND_E9
A 260 455 10 0 1 0 PINTYPE=IN
A 260 465 10 0 7 3 #=E9
P 1328 260 445 240 445 0 3 0
L 235 445 10 0 8 0 1 0 GND_F9
A 260 445 10 0 1 0 PINTYPE=IN
A 260 455 10 0 7 3 #=F9
P 1330 260 435 240 435 0 3 0
L 235 435 10 0 8 0 1 0 GND_E12
A 260 435 10 0 1 0 PINTYPE=IN
A 260 445 10 0 7 3 #=E12
P 1332 260 425 240 425 0 3 0
L 235 425 10 0 8 0 1 0 GND_F12
A 260 425 10 0 1 0 PINTYPE=IN
A 260 435 10 0 7 3 #=F12
P 1334 260 415 240 415 0 3 0
L 235 415 10 0 8 0 1 0 GND_E15
A 260 415 10 0 1 0 PINTYPE=IN
A 260 425 10 0 7 3 #=E15
P 1336 260 405 240 405 0 3 0
L 235 405 10 0 8 0 1 0 GND_F15
A 260 405 10 0 1 0 PINTYPE=IN
A 260 415 10 0 7 3 #=F15
P 1338 260 395 240 395 0 3 0
L 235 395 10 0 8 0 1 0 GND_E18
A 260 395 10 0 1 0 PINTYPE=IN
A 260 405 10 0 7 3 #=E18
P 1340 260 385 240 385 0 3 0
L 235 385 10 0 8 0 1 0 GND_F18
A 260 385 10 0 1 0 PINTYPE=IN
A 260 395 10 0 7 3 #=F18
P 1342 260 375 240 375 0 3 0
L 235 375 10 0 8 0 1 0 GND_E21
A 260 375 10 0 1 0 PINTYPE=IN
A 260 385 10 0 7 3 #=E21
P 1344 260 365 240 365 0 3 0
L 235 365 10 0 8 0 1 0 GND_F21
A 260 365 10 0 1 0 PINTYPE=IN
A 260 375 10 0 7 3 #=F21
P 1346 260 355 240 355 0 3 0
L 235 355 10 0 8 0 1 0 GND_E24
A 260 355 10 0 1 0 PINTYPE=IN
A 260 365 10 0 7 3 #=E24
P 1348 260 345 240 345 0 3 0
L 235 345 10 0 8 0 1 0 GND_F24
A 260 345 10 0 1 0 PINTYPE=IN
A 260 355 10 0 7 3 #=F24
P 1350 260 335 240 335 0 3 0
L 235 335 10 0 8 0 1 0 GND_E27
A 260 335 10 0 1 0 PINTYPE=IN
A 260 345 10 0 7 3 #=E27
P 1352 260 325 240 325 0 3 0
L 235 325 10 0 8 0 1 0 GND_F27
A 260 325 10 0 1 0 PINTYPE=IN
A 260 335 10 0 7 3 #=F27
P 1354 260 315 240 315 0 3 0
L 235 315 10 0 8 0 1 0 GND_E30
A 260 315 10 0 1 0 PINTYPE=IN
A 260 325 10 0 7 3 #=E30
P 1356 260 305 240 305 0 3 0
L 235 305 10 0 8 0 1 0 GND_F30
A 260 305 10 0 1 0 PINTYPE=IN
A 260 315 10 0 7 3 #=F30
P 1358 260 295 240 295 0 3 0
L 235 295 10 0 8 0 1 0 GND_E33
A 260 295 10 0 1 0 PINTYPE=IN
A 260 305 10 0 7 3 #=E33
P 1360 260 285 240 285 0 3 0
L 235 285 10 0 8 0 1 0 GND_F33
A 260 285 10 0 1 0 PINTYPE=IN
A 260 295 10 0 7 3 #=F33
P 1362 260 275 240 275 0 3 0
L 235 275 10 0 8 0 1 0 GND_E36
A 260 275 10 0 1 0 PINTYPE=IN
A 260 285 10 0 7 3 #=E36
P 1364 260 265 240 265 0 3 0
L 235 265 10 0 8 0 1 0 GND_F36
A 260 265 10 0 1 0 PINTYPE=IN
A 260 275 10 0 7 3 #=F36
P 1366 260 255 240 255 0 3 0
L 235 255 10 0 8 0 1 0 GND_E39
A 260 255 10 0 1 0 PINTYPE=IN
A 260 265 10 0 7 3 #=E39
P 1368 260 245 240 245 0 3 0
L 235 245 10 0 8 0 1 0 GND_F39
A 260 245 10 0 1 0 PINTYPE=IN
A 260 255 10 0 7 3 #=F39
E 
