V 53
K 1439491900 seam_40x6_alto_boot_b.1
F Case
|R 11:51:40_8-13-15
D 0 700 285 -40
Y 1
Z 10
i 2997
U 0 -110 10 0 3 0 DESCRIPTION=CONN SNGL-END ARRAY MALE 240POS
U 0 -90 10 0 3 0 MANF=SAMTEC
U 0 -80 10 0 3 0 DIST_P/N=TBD
U 0 -40 10 0 3 0 DIST=DIGIKEY
U 0 -70 10 0 3 0 HETERO=(SEAM_40X6_ALTO_BOOT_A),(SEAM_40X6_ALTO_BOOT_B)
U 0 -30 10 0 3 0 PARTS=1
U 0 -20 10 0 3 0 LEVEL=STD
U 20 820 10 0 3 0 DEVICE=SAMTEC_SEAM_06X40
U 25 685 10 0 3 3 PKG_TYPE=SAMTEC_SEAM_40X6
U 20 -40 16 0 3 3 REFDES=J?
U 0 -40 10 0 1 0 FORWARD_PCB=1
b 20 -20 265 680
P 1110 285 40 265 40 0 3 0
L 260 40 10 0 8 0 1 0 SPARE_D33
A 285 40 10 0 7 0 PINTYPE=IN
A 285 50 10 0 7 3 #=D33
P 1112 0 40 20 40 0 2 0
L 25 40 10 0 2 0 1 0 SPARE_D32
A 0 40 10 0 1 0 PINTYPE=IN
A 0 50 10 0 1 3 #=D32
P 1114 0 525 20 525 0 2 0
L 25 525 10 0 2 0 1 0 BOOT_MODE_ACTIVE
A 0 525 10 0 1 0 PINTYPE=IN
A 0 535 10 0 1 3 #=D18
P 1116 0 535 20 535 0 2 0
L 25 535 10 0 2 0 1 0 MODULE_DETECT4
A 0 535 10 0 1 0 PINTYPE=IN
A 0 545 10 0 1 3 #=D17
P 1118 0 545 20 545 0 2 0
L 25 545 10 0 2 0 1 0 MODULE_DETECT3
A 0 545 10 0 1 0 PINTYPE=IN
A 0 555 10 0 1 3 #=D16
P 1120 0 555 20 555 0 2 0
L 25 555 10 0 2 0 1 0 MODULE_DETECT2
A 0 555 10 0 1 0 PINTYPE=IN
A 0 565 10 0 1 3 #=D15
P 1122 0 565 20 565 0 2 0
L 25 565 10 0 2 0 1 0 MODULE_DETECT1
A 0 565 10 0 1 0 PINTYPE=IN
A 0 575 10 0 1 3 #=D14
P 1124 0 50 20 50 0 2 0
L 25 50 10 0 2 0 1 0 SPARE_D31
A 0 50 10 0 1 0 PINTYPE=IN
A 0 60 10 0 1 3 #=D31
P 1126 0 165 20 165 0 2 0
L 25 165 10 0 2 0 1 0 RESERVE_LED5
A 0 165 10 0 1 0 PINTYPE=IN
A 0 175 10 0 1 3 #=C31
P 1128 0 575 20 575 0 2 0
L 25 575 10 0 2 0 1 0 ILLEGAL_MODE_LED
A 0 575 10 0 1 0 PINTYPE=IN
A 0 585 10 0 1 3 #=C30
P 1130 0 585 20 585 0 2 0
L 25 585 10 0 2 0 1 0 SPARE_C29
A 0 585 10 0 1 0 PINTYPE=IN
A 0 595 10 0 1 3 #=C29
P 1132 0 595 20 595 0 2 0
L 25 595 10 0 2 0 1 0 MODULE4_LED
A 0 595 10 0 1 0 PINTYPE=IN
A 0 605 10 0 1 3 #=C28
P 1134 0 605 20 605 0 2 0
L 25 605 10 0 2 0 1 0 MODULE3_LED
A 0 605 10 0 1 0 PINTYPE=IN
A 0 615 10 0 1 3 #=C27
P 1136 0 615 20 615 0 2 0
L 25 615 10 0 2 0 1 0 MODULE2_LED
A 0 615 10 0 1 0 PINTYPE=IN
A 0 625 10 0 1 3 #=C26
P 1138 0 625 20 625 0 2 0
L 25 625 10 0 2 0 1 0 MODULE1_LED
A 0 625 10 0 1 0 PINTYPE=IN
A 0 635 10 0 1 3 #=C25
P 1140 0 175 20 175 0 2 0
L 25 175 10 0 2 0 1 0 RESERVE_LED4
A 0 175 10 0 1 0 PINTYPE=IN
A 0 185 10 0 1 3 #=C24
P 1142 0 185 20 185 0 2 0
L 25 185 10 0 2 0 1 0 RESERVE_LED3
A 0 185 10 0 1 0 PINTYPE=IN
A 0 195 10 0 1 3 #=C23
P 1144 0 205 20 205 0 2 0
L 25 205 10 0 2 0 1 0 RESERVE_LED1
A 0 205 10 0 1 0 PINTYPE=IN
A 0 215 10 0 1 3 #=C21
P 1146 0 215 20 215 0 2 0
L 25 215 10 0 2 0 1 0 QSPI_STACK_DULL_PARAL_LED
A 0 215 10 0 1 0 PINTYPE=IN
A 0 225 10 0 1 3 #=C20
P 1148 0 635 20 635 0 2 0
L 25 635 10 0 2 0 1 0 DDR_INSTALLED
A 0 635 10 0 1 0 PINTYPE=IN
A 0 645 10 0 1 3 #=C19
P 1150 0 645 20 645 0 2 0
L 25 645 10 0 2 0 1 0 CABLE_LED
A 0 645 10 0 1 0 PINTYPE=IN
A 0 655 10 0 1 3 #=C18
P 1152 0 655 20 655 0 2 0
L 25 655 10 0 2 0 1 0 REMOTE_ACTIVE_LED
A 0 655 10 0 1 0 PINTYPE=IN
A 0 665 10 0 1 3 #=C17
P 1154 0 225 20 225 0 2 0
L 25 225 10 0 2 0 1 0 QSPI_STACK_UPPER_LED
A 0 225 10 0 1 0 PINTYPE=IN
A 0 235 10 0 1 3 #=C16
P 1156 0 235 20 235 0 2 0
L 25 235 10 0 2 0 1 0 QSPI_STACK_LOWER_LED
A 0 235 10 0 1 0 PINTYPE=IN
A 0 245 10 0 1 3 #=C15
P 1158 0 245 20 245 0 2 0
L 25 245 10 0 2 0 1 0 QSPI_DUAL_PARAL_LED
A 0 245 10 0 1 0 PINTYPE=IN
A 0 255 10 0 1 3 #=C14
P 1160 0 100 20 100 0 2 0
L 25 100 10 0 2 0 1 0 SPARE_C35
A 0 100 10 0 1 0 PINTYPE=IN
A 0 110 10 0 1 3 #=C35
P 1162 0 110 20 110 0 2 0
L 25 110 10 0 2 0 1 0 SPARE_C34
A 0 110 10 0 1 0 PINTYPE=IN
A 0 120 10 0 1 3 #=C34
P 1164 0 155 20 155 0 2 0
L 25 155 10 0 2 0 1 0 RESERVE_LED6
A 0 155 10 0 1 0 PINTYPE=IN
A 0 165 10 0 1 3 #=C32
P 1166 0 255 20 255 0 2 0
L 25 255 10 0 2 0 1 0 SD_LED1
A 0 255 10 0 1 0 PINTYPE=IN
A 0 265 10 0 1 3 #=C13
P 1168 0 265 20 265 0 2 0
L 25 265 10 0 2 0 1 0 SD_LED0
A 0 265 10 0 1 0 PINTYPE=IN
A 0 275 10 0 1 3 #=C12
P 1170 0 275 20 275 0 2 0
L 25 275 10 0 2 0 1 0 NAND_LED1
A 0 275 10 0 1 0 PINTYPE=IN
A 0 285 10 0 1 3 #=C11
P 1172 0 285 20 285 0 2 0
L 25 285 10 0 2 0 1 0 NAND_LED0
A 0 285 10 0 1 0 PINTYPE=IN
A 0 295 10 0 1 3 #=C10
P 1174 0 295 20 295 0 2 0
L 25 295 10 0 2 0 1 0 LED_TEST
A 0 295 10 0 1 0 PINTYPE=IN
A 0 305 10 0 1 3 #=C9
P 1276 285 30 265 30 0 3 0
L 260 30 10 0 8 0 1 0 SPARE_D34
A 285 30 10 0 7 0 PINTYPE=IN
A 285 40 10 0 7 3 #=D34
P 1278 285 20 265 20 0 3 0
L 260 20 10 0 8 0 1 0 SPARE_D35
A 285 20 10 0 7 0 PINTYPE=IN
A 285 30 10 0 7 3 #=D35
P 1280 0 90 20 90 0 2 0
L 25 90 10 0 2 0 1 0 SPARE_D10
A 0 90 10 0 1 0 PINTYPE=IN
A 0 100 10 0 1 3 #=D10
P 1282 0 70 20 70 0 2 0
L 25 70 10 0 2 0 1 0 SPARE_D12
A 0 70 10 0 1 0 PINTYPE=IN
A 0 80 10 0 1 3 #=D12
P 1284 0 515 20 515 0 2 0
L 25 515 10 0 2 0 1 0 STACK_SIZE_FAULT
A 0 515 10 0 1 0 PINTYPE=IN
A 0 525 10 0 1 3 #=D19
P 1286 0 505 20 505 0 2 0
L 25 505 10 0 2 0 1 0 STACK_SIZE4
A 0 505 10 0 1 0 PINTYPE=IN
A 0 515 10 0 1 3 #=D20
P 1288 0 495 20 495 0 2 0
L 25 495 10 0 2 0 1 0 STACK_SIZE3
A 0 495 10 0 1 0 PINTYPE=IN
A 0 505 10 0 1 3 #=D21
P 1290 285 655 265 655 0 3 0
L 260 655 10 0 8 0 1 0 REM_MSEL0
A 285 655 10 0 7 0 PINTYPE=IN
A 285 665 10 0 7 3 #=A22
P 1292 285 645 265 645 0 3 0
L 260 645 10 0 8 0 1 0 REM_MSEL1
A 285 645 10 0 7 0 PINTYPE=IN
A 285 655 10 0 7 3 #=A23
P 1294 285 635 265 635 0 3 0
L 260 635 10 0 8 0 1 0 REM_DSEL0
A 285 635 10 0 7 0 PINTYPE=IN
A 285 645 10 0 7 3 #=A24
P 1296 285 625 265 625 0 3 0
L 260 625 10 0 8 0 1 0 REM_DSEL1
A 285 625 10 0 7 0 PINTYPE=IN
A 285 635 10 0 7 3 #=A25
P 1298 285 615 265 615 0 3 0
L 260 615 10 0 8 0 1 0 REM_TOPOLOGY0
A 285 615 10 0 7 0 PINTYPE=IN
A 285 625 10 0 7 3 #=A26
P 1300 285 605 265 605 0 3 0
L 260 605 10 0 8 0 1 0 REM_TOPOLOGY1
A 285 605 10 0 7 0 PINTYPE=IN
A 285 615 10 0 7 3 #=A27
P 1302 285 595 265 595 0 3 0
L 260 595 10 0 8 0 1 0 REM_TOPOLOGY2
A 285 595 10 0 7 0 PINTYPE=IN
A 285 605 10 0 7 3 #=A28
P 1304 285 585 265 585 0 3 0
L 260 585 10 0 8 0 1 0 REM_TOPOLOGY3
A 285 585 10 0 7 0 PINTYPE=IN
A 285 595 10 0 7 3 #=A29
P 1306 285 140 265 140 0 3 0
L 260 140 10 0 8 0 1 0 SPARE_A30
A 285 140 10 0 7 0 PINTYPE=IN
A 285 150 10 0 7 3 #=A30
P 1308 285 130 265 130 0 3 0
L 260 130 10 0 8 0 1 0 SPARE_A31
A 285 130 10 0 7 0 PINTYPE=IN
A 285 140 10 0 7 3 #=A31
P 1310 285 575 265 575 0 3 0
L 260 575 10 0 8 0 1 0 REM_DETECT_B
A 285 575 10 0 1 0 PINTYPE=IN
A 285 585 10 0 7 3 #=A32
P 1312 285 565 265 565 0 3 0
L 260 565 10 0 8 0 1 0 REM_PROG_B
A 285 565 10 0 1 0 PINTYPE=IN
A 285 575 10 0 7 3 #=A33
P 1314 285 555 265 555 0 3 0
L 260 555 10 0 8 0 1 0 REM_DONE
A 285 555 10 0 1 0 PINTYPE=IN
A 285 565 10 0 7 3 #=A34
P 1316 285 545 265 545 0 3 0
L 260 545 10 0 8 0 1 0 REM_INIT_B
A 285 545 10 0 1 0 PINTYPE=IN
A 285 555 10 0 7 3 #=A35
P 1318 285 535 265 535 0 3 0
L 260 535 10 0 8 0 1 0 REM_PS_POR_B
A 285 535 10 0 1 0 PINTYPE=IN
A 285 545 10 0 7 3 #=A36
P 1320 285 475 265 475 0 3 0
L 260 475 10 0 8 0 1 0 LOCAL_MSEL0
A 285 475 10 0 1 0 PINTYPE=IN
A 285 485 10 0 7 3 #=B24
P 1322 285 525 265 525 0 3 0
L 260 525 10 0 8 0 1 0 REM_PS_SRST_B
A 285 525 10 0 1 0 PINTYPE=IN
A 285 535 10 0 7 3 #=A37
P 1324 285 465 265 465 0 3 0
L 260 465 10 0 8 0 1 0 LOCAL_MSEL1
A 285 465 10 0 1 0 PINTYPE=IN
A 285 475 10 0 7 3 #=B25
P 1326 285 515 265 515 0 3 0
L 260 515 10 0 8 0 1 0 MODULE_TYPE0
A 285 515 10 0 1 0 PINTYPE=IN
A 285 525 10 0 7 3 #=A38
P 1328 285 455 265 455 0 3 0
L 260 455 10 0 8 0 1 0 LOCAL_DSEL0
A 285 455 10 0 1 0 PINTYPE=IN
A 285 465 10 0 7 3 #=B26
P 1330 285 505 265 505 0 3 0
L 260 505 10 0 8 0 1 0 MODULE_TYPE1
A 285 505 10 0 1 0 PINTYPE=IN
A 285 515 10 0 7 3 #=A39
P 1332 285 445 265 445 0 3 0
L 260 445 10 0 8 0 1 0 LOCAL_DSEL1
A 285 445 10 0 1 0 PINTYPE=IN
A 285 455 10 0 7 3 #=B27
P 1334 285 435 265 435 0 3 0
L 260 435 10 0 8 0 1 0 LOCAL_RSEL0
A 285 435 10 0 1 0 PINTYPE=IN
A 285 445 10 0 7 3 #=B28
P 1336 285 425 265 425 0 3 0
L 260 425 10 0 8 0 1 0 LOCAL_RSEL1
A 285 425 10 0 1 0 PINTYPE=IN
A 285 435 10 0 7 3 #=B29
P 1338 285 415 265 415 0 3 0
L 260 415 10 0 8 0 1 0 LOCAL_RSEL2
A 285 415 10 0 1 0 PINTYPE=IN
A 285 425 10 0 7 3 #=B30
P 1340 285 405 265 405 0 3 0
L 260 405 10 0 8 0 1 0 LOCAL_TOPOLOGY0
A 285 405 10 0 1 0 PINTYPE=IN
A 285 415 10 0 7 3 #=B31
P 1342 285 395 265 395 0 3 0
L 260 395 10 0 8 0 1 0 LOCAL_TOPOLOGY1
A 285 395 10 0 1 0 PINTYPE=IN
A 285 405 10 0 7 3 #=B32
P 1344 285 385 265 385 0 3 0
L 260 385 10 0 8 0 1 0 LOCAL_TOPOLOGY2
A 285 385 10 0 1 0 PINTYPE=IN
A 285 395 10 0 7 3 #=B33
P 1346 285 375 265 375 0 3 0
L 260 375 10 0 8 0 1 0 LOCAL_TOPOLOGY3
A 285 375 10 0 1 0 PINTYPE=IN
A 285 385 10 0 7 3 #=B34
P 1350 285 350 265 350 0 3 0
L 260 350 10 0 8 0 1 0 SERVICE_TCK
A 285 350 10 0 1 0 PINTYPE=IN
A 285 360 10 0 7 3 #=B36
P 1352 285 340 265 340 0 3 0
L 260 340 10 0 8 0 1 0 SERVICE_TMS
A 285 340 10 0 1 0 PINTYPE=IN
A 285 350 10 0 7 3 #=B37
P 1354 285 330 265 330 0 3 0
L 260 330 10 0 8 0 1 0 SERVICE_TDI
A 285 330 10 0 1 0 PINTYPE=IN
A 285 340 10 0 7 3 #=B38
P 1356 285 320 265 320 0 3 0
L 260 320 10 0 8 0 1 0 SERVICE_TDO
A 285 320 10 0 1 0 PINTYPE=IN
A 285 330 10 0 7 3 #=B39
P 1358 285 80 265 80 0 3 0
L 260 80 10 0 8 0 1 0 SPARE_B40
A 285 80 10 0 1 0 PINTYPE=IN
A 285 90 10 0 7 3 #=B40
P 1628 285 120 265 120 0 3 0
L 260 120 10 0 8 0 1 0 SPARE_A40
A 285 120 10 0 7 0 PINTYPE=IN
A 285 130 10 0 7 3 #=A40
P 1632 285 110 265 110 0 3 0
L 260 110 10 0 8 0 1 0 SPARE_B22
A 285 110 10 0 7 0 PINTYPE=IN
A 285 120 10 0 7 3 #=B22
P 1633 285 100 265 100 0 3 0
L 260 100 10 0 8 0 1 0 SPARE_B23
A 285 100 10 0 7 0 PINTYPE=IN
A 285 110 10 0 7 3 #=B23
P 1640 285 90 265 90 0 3 0
L 260 90 10 0 8 0 1 0 SPARE_B35
A 285 90 10 0 7 0 PINTYPE=IN
A 285 100 10 0 7 3 #=B35
P 1666 0 130 20 130 0 2 0
L 25 130 10 0 2 0 1 0 SPARE_C8
A 0 130 10 0 1 0 PINTYPE=IN
A 0 140 10 0 1 3 #=C8
P 1670 0 80 20 80 0 2 0
L 25 80 10 0 2 0 1 0 SPARE_D11
A 0 80 10 0 1 0 PINTYPE=IN
A 0 90 10 0 1 3 #=D11
P 1674 0 425 20 425 0 2 0
L 25 425 10 0 2 0 1 0 BYPASS_LED
A 0 425 10 0 1 0 PINTYPE=IN
A 0 435 10 0 1 3 #=D28
P 1678 0 435 20 435 0 2 0
L 25 435 10 0 2 0 1 0 INSTALL_DETECT
A 0 435 10 0 1 0 PINTYPE=IN
A 0 445 10 0 1 3 #=D27
P 1682 0 445 20 445 0 2 0
L 25 445 10 0 2 0 1 0 BOOT_MODULE_BYPASS
A 0 445 10 0 1 0 PINTYPE=IN
A 0 455 10 0 1 3 #=D26
P 1686 0 455 20 455 0 2 0
L 25 455 10 0 2 0 1 0 SERVICE_ENABLE
A 0 455 10 0 1 0 PINTYPE=IN
A 0 465 10 0 1 3 #=D25
P 1690 0 465 20 465 0 2 0
L 25 465 10 0 2 0 1 0 CABLE_DETECT
A 0 465 10 0 1 0 PINTYPE=IN
A 0 475 10 0 1 3 #=D24
P 1694 0 475 20 475 0 2 0
L 25 475 10 0 2 0 1 0 POR_B
A 0 475 10 0 1 0 PINTYPE=IN
A 0 485 10 0 1 3 #=D23
P 1698 0 485 20 485 0 2 0
L 25 485 10 0 2 0 1 0 STACK_SIZE2
A 0 485 10 0 1 0 PINTYPE=IN
A 0 495 10 0 1 3 #=D22
P 1702 0 415 20 415 0 2 0
L 25 415 10 0 2 0 1 0 AFX_MB_DETECT_B
A 0 415 10 0 1 0 PINTYPE=IN
A 0 425 10 0 1 3 #=D30
P 1706 0 60 20 60 0 2 0
L 25 60 10 0 2 0 1 0 SPARE_D13
A 0 60 10 0 1 0 PINTYPE=IN
A 0 70 10 0 1 3 #=D13
P 1735 285 300 265 300 0 3 0
L 260 300 10 0 8 0 1 0 MODULE_PS_MODE0
A 285 300 10 0 7 0 PINTYPE=IN
A 285 310 10 0 7 3 #=E27
P 1739 285 290 265 290 0 3 0
L 260 290 10 0 8 0 1 0 MODULE_PS_MODE1
A 285 290 10 0 7 0 PINTYPE=IN
A 285 300 10 0 7 3 #=E28
P 1743 285 280 265 280 0 3 0
L 260 280 10 0 8 0 1 0 MODULE_PS_MODE2
A 285 280 10 0 7 0 PINTYPE=IN
A 285 290 10 0 7 3 #=E26
P 1747 285 270 265 270 0 3 0
L 260 270 10 0 8 0 1 0 MODULE_PS_MODE3
A 285 270 10 0 7 0 PINTYPE=IN
A 285 280 10 0 7 3 #=E25
P 1751 285 250 265 250 0 3 0
L 260 250 10 0 8 0 1 0 RESERVED_1
A 285 250 10 0 7 0 PINTYPE=IN
A 285 260 10 0 7 3 #=E29
P 1755 285 240 265 240 0 3 0
L 260 240 10 0 8 0 1 0 RESERVED_2
A 285 240 10 0 7 0 PINTYPE=IN
A 285 250 10 0 7 3 #=E30
P 1759 285 230 265 230 0 3 0
L 260 230 10 0 8 0 1 0 RESERVED_3
A 285 230 10 0 7 0 PINTYPE=IN
A 285 240 10 0 7 3 #=E31
P 1763 285 220 265 220 0 3 0
L 260 220 10 0 8 0 1 0 RESERVED_4
A 285 220 10 0 7 0 PINTYPE=IN
A 285 230 10 0 7 3 #=E32
P 1767 285 210 265 210 0 3 0
L 260 210 10 0 8 0 1 0 RESERVED_5
A 285 210 10 0 7 0 PINTYPE=IN
A 285 220 10 0 7 3 #=E33
P 1771 285 200 265 200 0 3 0
L 260 200 10 0 8 0 1 0 RESERVED_6
A 285 200 10 0 7 0 PINTYPE=IN
A 285 210 10 0 7 3 #=E34
P 1775 285 190 265 190 0 3 0
L 260 190 10 0 8 0 1 0 RESERVED_7
A 285 190 10 0 7 0 PINTYPE=IN
A 285 200 10 0 7 3 #=E35
P 1779 285 180 265 180 0 3 0
L 260 180 10 0 8 0 1 0 RESERVED_8
A 285 180 10 0 7 0 PINTYPE=IN
A 285 190 10 0 7 3 #=E36
P 1823 0 315 20 315 0 2 0
L 25 315 10 0 2 0 1 0 DONE
A 0 315 10 0 1 0 PINTYPE=IN
A 0 325 10 0 1 3 #=F34
P 1827 0 325 20 325 0 2 0
L 25 325 10 0 2 0 1 0 INIT_B
A 0 325 10 0 1 0 PINTYPE=IN
A 0 335 10 0 1 3 #=F33
P 1831 0 335 20 335 0 2 0
L 25 335 10 0 2 0 1 0 PROG_B
A 0 335 10 0 1 0 PINTYPE=IN
A 0 345 10 0 1 3 #=F32
P 1835 0 20 20 20 0 2 0
L 25 20 10 0 2 0 1 0 SPARE_F31
A 0 20 10 0 1 0 PINTYPE=IN
A 0 30 10 0 1 3 #=F31
P 1839 0 30 20 30 0 2 0
L 25 30 10 0 2 0 1 0 SPARE_F30
A 0 30 10 0 1 0 PINTYPE=IN
A 0 40 10 0 1 3 #=F30
P 1843 0 345 20 345 0 2 0
L 25 345 10 0 2 0 1 0 TDO
A 0 345 10 0 1 0 PINTYPE=IN
A 0 355 10 0 1 3 #=F29
P 1847 0 355 20 355 0 2 0
L 25 355 10 0 2 0 1 0 TDI
A 0 355 10 0 1 0 PINTYPE=IN
A 0 365 10 0 1 3 #=F28
P 1851 0 365 20 365 0 2 0
L 25 365 10 0 2 0 1 0 TMS_N
A 0 365 10 0 1 0 PINTYPE=IN
A 0 375 10 0 1 3 #=F27
P 1855 0 375 20 375 0 2 0
L 25 375 10 0 2 0 1 0 TMS_P
A 0 375 10 0 1 0 PINTYPE=IN
A 0 385 10 0 1 3 #=F26
P 1859 0 385 20 385 0 2 0
L 25 385 10 0 2 0 1 0 TCK_N
A 0 385 10 0 1 0 PINTYPE=IN
A 0 395 10 0 1 3 #=F25
P 1863 0 395 20 395 0 2 0
L 25 395 10 0 2 0 1 0 TCK_P
A 0 395 10 0 1 0 PINTYPE=IN
A 0 405 10 0 1 3 #=F24
P 1871 285 70 265 70 0 3 0
L 260 70 10 0 8 0 1 0 SPARE_E20
A 285 70 10 0 7 0 PINTYPE=IN
A 285 80 10 0 7 3 #=E20
P 2249 0 195 20 195 0 2 0
L 25 195 10 0 2 0 1 0 RESERVE_LED2
A 0 195 10 0 1 0 PINTYPE=IN
A 0 205 10 0 1 3 #=C22
P 2622 285 60 265 60 0 3 0
L 260 60 10 0 8 0 1 0 SPARE_F36
A 285 60 10 0 7 0 PINTYPE=IN
A 285 70 10 0 7 3 #=F36
P 2626 0 10 20 10 0 2 0
L 25 10 10 0 2 0 1 0 SPARE_F35
A 0 10 10 0 1 0 PINTYPE=IN
A 0 20 10 0 1 3 #=F35
P 2992 0 120 20 120 0 2 0
L 25 120 10 0 2 0 1 0 SPARE_C33
A 0 120 10 0 1 0 PINTYPE=IN
A 0 130 10 0 1 3 #=C33
P 2995 285 50 265 50 0 3 0
L 260 50 10 0 8 0 1 0 SPARE_D29
A 285 50 10 0 7 0 PINTYPE=IN
A 285 60 10 0 7 3 #=D29
E 
