V 51
K 393920967800 seam_120_zynq
|R 7:34_9-29-11
Y 1
D 0 0 240 670
Z 10
i 319
U 0 -110 10 0 3 0 DIST_P/N=XXX
U 0 -100 10 0 3 0 MANF_P/N=SEAM-30-02.0-S-04-2-A
U 0 -90 10 0 3 0 DIST=SAMTEC
U 0 -80 10 0 3 0 MANF=SAMTEC
U 0 -30 10 0 3 0 PARTS=1
U 0 -20 10 0 3 0 LEVEL=STD
U 80 5 10 0 3 3 PKG_TYPE=SAMTEC_SEAM_30X4
U 15 0 16 0 3 3 REFDES=J?
U 20 705 10 0 3 0 DEVICE=SAMTEC_SEAM_04X30
P 319 0 40 20 40 0 2 0
L 30 35 10 0 3 0 1 0 SPARE_B30
A -20 40 10 0 3 0 PINTYPE=BI
A 0 40 10 0 3 3 #=B30
P 315 0 80 20 80 0 2 0
L 30 75 10 0 3 0 1 0 PS_MIO2
A -20 80 10 0 3 0 PINTYPE=BI
A 0 80 10 0 3 3 #=B26
P 316 0 70 20 70 0 2 0
L 30 65 10 0 3 0 1 0 PS_MIO1
A -20 70 10 0 3 0 PINTYPE=BI
A 0 70 10 0 3 3 #=B27
P 317 0 60 20 60 0 2 0
L 30 55 10 0 3 0 1 0 PS_MIO0
A -20 60 10 0 3 0 PINTYPE=BI
A 0 60 10 0 3 3 #=B28
P 318 0 50 20 50 0 2 0
L 30 45 10 0 3 0 1 0 SPARE_B29
A -20 50 10 0 3 0 PINTYPE=BI
A 0 50 10 0 3 3 #=B29
P 155 0 340 20 340 0 2 0
L 30 335 10 0 3 0 1 0 PS_MIO28
A -20 340 10 0 3 0 PINTYPE=BI
A 0 340 10 0 3 3 #=A30
P 160 0 330 20 330 0 2 0
L 30 325 10 0 3 0 1 0 PS_MIO27
A -20 330 10 0 3 0 PINTYPE=BI
A 5 330 10 0 3 3 #=B1
P 158 0 320 20 320 0 2 0
L 30 315 10 0 3 0 1 0 PS_MIO26
A -20 320 10 0 3 0 PINTYPE=BI
A 5 320 10 0 3 3 #=B2
P 161 0 310 20 310 0 2 0
L 30 305 10 0 3 0 1 0 PS_MIO25
A -20 310 10 0 3 0 PINTYPE=BI
A 5 310 10 0 3 3 #=B3
P 159 0 300 20 300 0 2 0
L 30 295 10 0 3 0 1 0 PS_MIO24
A -20 300 10 0 3 0 PINTYPE=BI
A 5 300 10 0 3 3 #=B4
P 147 0 290 20 290 0 2 0
L 30 285 10 0 3 0 1 0 PS_MIO23
A -20 290 10 0 3 0 PINTYPE=BI
A 5 290 10 0 3 3 #=B5
P 146 0 280 20 280 0 2 0
L 30 275 10 0 3 0 1 0 PS_MIO22
A -20 280 10 0 3 0 PINTYPE=BI
A 5 280 10 0 3 3 #=B6
P 135 0 270 20 270 0 2 0
L 30 265 10 0 3 0 1 0 PS_MIO21
A -20 270 10 0 3 0 PINTYPE=BI
A 5 270 10 0 3 3 #=B7
P 188 0 260 20 260 0 2 0
L 30 255 10 0 3 0 1 0 PS_MIO20
A -20 260 10 0 3 0 PINTYPE=IN
A 5 260 10 0 3 3 #=B8
P 189 0 250 20 250 0 2 0
L 30 245 10 0 3 0 1 0 PS_MIO19
A -20 250 10 0 3 0 PINTYPE=IN
A 5 250 10 0 3 3 #=B9
P 190 0 240 20 240 0 2 0
L 30 235 10 0 3 0 1 0 PS_MIO18
A -20 240 10 0 3 0 PINTYPE=IN
A 0 240 10 0 3 3 #=B10
P 191 0 230 20 230 0 2 0
L 30 225 10 0 3 0 1 0 PS_MIO17
A -20 230 10 0 3 0 PINTYPE=IN
A 0 230 10 0 3 3 #=B11
P 134 0 220 20 220 0 2 0
L 30 215 10 0 3 0 1 0 PS_MIO16
A -20 220 10 0 3 0 PINTYPE=BI
A 0 220 10 0 3 3 #=B12
P 212 0 210 20 210 0 2 0
L 30 205 10 0 3 0 1 0 PS_MIO15
A -20 210 10 0 3 0 PINTYPE=BI
A 0 210 10 0 3 3 #=B13
P 273 0 200 20 200 0 2 0
L 30 195 10 0 3 0 1 0 PS_MIO14
A -20 200 10 0 3 0 PINTYPE=BI
A 0 200 10 0 3 3 #=B14
P 274 0 190 20 190 0 2 0
L 30 185 10 0 3 0 1 0 PS_MIO13
A -20 190 10 0 3 0 PINTYPE=BI
A 0 190 10 0 3 3 #=B15
P 275 0 180 20 180 0 2 0
L 30 175 10 0 3 0 1 0 PS_MIO12
A -20 180 10 0 3 0 PINTYPE=BI
A 0 180 10 0 3 3 #=B16
P 276 0 170 20 170 0 2 0
L 30 165 10 0 3 0 1 0 PS_MIO11
A -20 170 10 0 3 0 PINTYPE=BI
A 0 170 10 0 3 3 #=B17
P 277 0 160 20 160 0 2 0
L 30 155 10 0 3 0 1 0 PS_MIO10
A -20 160 10 0 3 0 PINTYPE=BI
A 0 160 10 0 3 3 #=B18
P 278 0 150 20 150 0 2 0
L 30 145 10 0 3 0 1 0 PS_MIO9
A -20 150 10 0 3 0 PINTYPE=BI
A 0 150 10 0 3 3 #=B19
P 279 0 140 20 140 0 2 0
L 30 135 10 0 3 0 1 0 PS_MIO8
A -20 140 10 0 3 0 PINTYPE=BI
A 0 140 10 0 3 3 #=B20
P 280 0 130 20 130 0 2 0
L 30 125 10 0 3 0 1 0 PS_MIO7
A -20 130 10 0 3 0 PINTYPE=BI
A 0 130 10 0 3 3 #=B21
P 281 0 120 20 120 0 2 0
L 30 115 10 0 3 0 1 0 PS_MIO6
A -20 120 10 0 3 0 PINTYPE=BI
A 0 120 10 0 3 3 #=B22
P 282 0 110 20 110 0 2 0
L 30 105 10 0 3 0 1 0 PS_MIO5
A -20 110 10 0 3 0 PINTYPE=BI
A 0 110 10 0 3 3 #=B23
P 283 0 100 20 100 0 2 0
L 30 95 10 0 3 0 1 0 PS_MIO4
A -20 100 10 0 3 0 PINTYPE=BI
A 0 100 10 0 3 3 #=B24
P 284 0 90 20 90 0 2 0
L 30 85 10 0 3 0 1 0 PS_MIO3
A -20 90 10 0 3 0 PINTYPE=BI
A 0 90 10 0 3 3 #=B25
P 242 0 570 20 570 0 2 0
L 30 565 10 0 3 0 1 0 SPARE_A7
A -20 570 10 0 3 0 PINTYPE=OUT
A 5 570 10 0 3 3 #=A7
P 184 0 500 20 500 0 2 0
L 29 495 10 0 3 0 1 0 SPARE_A14
A -20 500 10 0 3 0 PINTYPE=BI
A 0 500 10 0 3 3 #=A14
P 176 0 400 20 400 0 2 0
L 29 395 10 0 3 0 1 0 PS_MIO34
A -20 400 10 0 3 0 PINTYPE=OUT
A 0 400 10 0 3 3 #=A24
P 175 0 390 20 390 0 2 0
L 29 385 10 0 3 0 1 0 PS_MIO33
A -20 390 10 0 3 0 PINTYPE=OUT
A 0 390 10 0 3 3 #=A25
P 154 0 380 20 380 0 2 0
L 29 375 10 0 3 0 1 0 PS_MIO32
A -20 380 10 0 3 0 PINTYPE=BI
A 0 380 10 0 3 3 #=A26
P 153 0 370 20 370 0 2 0
L 29 365 10 0 3 0 1 0 PS_MIO31
A -20 370 10 0 3 0 PINTYPE=BI
A 0 370 10 0 3 3 #=A27
P 156 0 360 20 360 0 2 0
L 29 355 10 0 3 0 1 0 PS_MIO30
A -20 360 10 0 3 0 PINTYPE=BI
A 0 360 10 0 3 3 #=A28
P 157 0 350 20 350 0 2 0
L 29 345 10 0 3 0 1 0 PS_MIO29
A -20 350 10 0 3 0 PINTYPE=BI
A 0 350 10 0 3 3 #=A29
P 183 0 490 20 490 0 2 0
L 29 485 10 0 3 0 1 0 SPARE_A15
A -20 490 10 0 3 0 PINTYPE=BI
A 0 490 10 0 3 3 #=A15
P 182 0 480 20 480 0 2 0
L 29 475 10 0 3 0 1 0 SPARE_A16
A -20 480 10 0 3 0 PINTYPE=BI
A 0 480 10 0 3 3 #=A16
P 181 0 470 20 470 0 2 0
L 29 465 10 0 3 0 1 0 SPARE_A17
A -20 470 10 0 3 0 PINTYPE=BI
A 0 470 10 0 3 3 #=A17
P 180 0 460 20 460 0 2 0
L 29 455 10 0 3 0 1 0 SPARE_A18
A -20 460 10 0 3 0 PINTYPE=BI
A 0 460 10 0 3 3 #=A18
P 179 0 450 20 450 0 2 0
L 29 445 10 0 3 0 1 0 PS_MIO39
A -20 450 10 0 3 0 PINTYPE=BI
A 0 450 10 0 3 3 #=A19
P 186 0 440 20 440 0 2 0
L 29 435 10 0 3 0 1 0 PS_MIO38
A -20 440 10 0 3 0 PINTYPE=BI
A 0 440 10 0 3 3 #=A20
P 185 0 430 20 430 0 2 0
L 29 425 10 0 3 0 1 0 PS_MIO37
A -20 430 10 0 3 0 PINTYPE=BI
A 0 430 10 0 3 3 #=A21
P 178 0 420 20 420 0 2 0
L 29 415 10 0 3 0 1 0 PS_MIO36
A -20 420 10 0 3 0 PINTYPE=BI
A 0 420 10 0 3 3 #=A22
P 177 0 410 20 410 0 2 0
L 29 405 10 0 3 0 1 0 PS_MIO35
A -20 410 10 0 3 0 PINTYPE=BI
A 0 410 10 0 3 3 #=A23
P 236 0 540 20 540 0 2 0
L 30 535 10 0 3 0 1 0 SPARE_A10
A -20 540 10 0 3 0 PINTYPE=IN
A 0 540 10 0 3 3 #=A10
P 238 0 520 20 520 0 2 0
L 30 515 10 0 3 0 1 0 SPARE_A12
A -20 520 10 0 3 0 PINTYPE=BI
A 0 520 10 0 3 3 #=A12
P 312 0 600 20 600 0 2 0
L 30 595 10 0 3 0 1 0 PS_SRTS_B
A -20 600 10 0 3 0 PINTYPE=BI
A 5 600 10 0 3 3 #=A4
P 313 0 610 20 610 0 2 0
L 30 605 10 0 3 0 1 0 DDR_BA2
A -20 610 10 0 3 0 PINTYPE=BI
A 5 610 10 0 3 3 #=A3
P 239 0 510 20 510 0 2 0
L 29 505 10 0 3 0 1 0 SPARE_A13
A -20 510 10 0 3 0 PINTYPE=BI
A 0 510 10 0 3 3 #=A13
P 311 0 580 20 580 0 2 0
L 30 575 10 0 3 0 1 0 SPARE_A6
A -20 580 10 0 3 0 PINTYPE=BI
A 5 580 10 0 3 3 #=A6
P 235 0 530 20 530 0 2 0
L 30 525 10 0 3 0 1 0 SPARE_A11
A -20 530 10 0 3 0 PINTYPE=BI
A 0 530 10 0 3 3 #=A11
P 310 0 590 20 590 0 2 0
L 30 585 10 0 3 0 1 0 SPARE_A5
A -20 590 10 0 3 0 PINTYPE=BI
A 5 590 10 0 3 3 #=A5
P 309 0 620 20 620 0 2 0
L 30 615 10 0 3 0 1 0 PS_VREF_MIO
A -20 620 10 0 3 0 PINTYPE=BI
A 5 620 10 0 3 3 #=A2
P 298 240 590 220 590 0 3 0
L 166 585 10 0 3 0 1 0 SPARE_C5
A 260 590 10 0 9 0 PINTYPE=BI
A 235 590 10 0 9 3 #=C5
P 297 240 580 220 580 0 3 0
L 166 575 10 0 3 0 1 0 SPARE_C6
A 260 580 10 0 9 0 PINTYPE=BI
A 235 580 10 0 9 3 #=C6
P 296 240 570 220 570 0 3 0
L 166 565 10 0 3 0 1 0 SPARE_C7
A 260 570 10 0 9 0 PINTYPE=BI
A 235 570 10 0 9 3 #=C7
P 295 240 560 220 560 0 3 0
L 166 555 10 0 3 0 1 0 SPARE_C8
A 260 560 10 0 9 0 PINTYPE=BI
A 235 560 10 0 9 3 #=C8
P 294 240 550 220 550 0 3 0
L 166 545 10 0 3 0 1 0 SPARE_C9
A 260 550 10 0 9 0 PINTYPE=BI
A 235 550 10 0 9 3 #=C9
P 293 240 540 220 540 0 3 0
L 161 535 10 0 3 0 1 0 SPARE_C10
A 260 540 10 0 9 0 PINTYPE=BI
A 240 540 10 0 9 3 #=C10
P 292 240 530 220 530 0 3 0
L 161 525 10 0 3 0 1 0 SPARE_C11
A 260 530 10 0 9 0 PINTYPE=BI
A 240 530 10 0 9 3 #=C11
P 291 240 520 220 520 0 3 0
L 161 515 10 0 3 0 1 0 SPARE_C12
A 260 520 10 0 9 0 PINTYPE=BI
A 240 520 10 0 9 3 #=C12
P 290 240 510 220 510 0 3 0
L 161 505 10 0 3 0 1 0 SPARE_C13
A 260 510 10 0 9 0 PINTYPE=BI
A 240 510 10 0 9 3 #=C13
P 289 240 500 220 500 0 3 0
L 161 495 10 0 3 0 1 0 SPARE_C14
A 260 500 10 0 9 0 PINTYPE=BI
A 240 500 10 0 9 3 #=C14
P 288 240 490 220 490 0 3 0
L 171 485 10 0 3 0 1 0 DDR_DQ0
A 260 490 10 0 9 0 PINTYPE=BI
A 240 490 10 0 9 3 #=C15
P 287 240 480 220 480 0 3 0
L 171 475 10 0 3 0 1 0 DDR_DQ1
A 260 480 10 0 9 0 PINTYPE=BI
A 240 480 10 0 9 3 #=C16
P 286 240 470 220 470 0 3 0
L 171 465 10 0 3 0 1 0 DDR_DQ2
A 260 470 10 0 9 0 PINTYPE=BI
A 240 470 10 0 9 3 #=C17
P 285 240 460 220 460 0 3 0
L 171 455 10 0 3 0 1 0 DDR_DQ3
A 260 460 10 0 9 0 PINTYPE=BI
A 240 460 10 0 9 3 #=C18
P 246 240 450 220 450 0 3 0
L 171 445 10 0 3 0 1 0 DDR_DQ4
A 260 450 10 0 9 0 PINTYPE=BI
A 240 450 10 0 9 3 #=C19
P 245 240 440 220 440 0 3 0
L 171 435 10 0 3 0 1 0 DDR_DQ5
A 260 440 10 0 9 0 PINTYPE=BI
A 240 440 10 0 9 3 #=C20
P 244 240 430 220 430 0 3 0
L 171 425 10 0 3 0 1 0 DDR_DQ6
A 260 430 10 0 9 0 PINTYPE=BI
A 240 430 10 0 9 3 #=C21
P 243 240 420 220 420 0 3 0
L 171 415 10 0 3 0 1 0 DDR_DQ7
A 260 420 10 0 9 0 PINTYPE=BI
A 240 420 10 0 9 3 #=C22
P 265 240 410 220 410 0 3 0
L 171 405 10 0 3 0 1 0 DDR_DQ8
A 260 410 10 0 9 0 PINTYPE=BI
A 240 410 10 0 9 3 #=C23
P 264 240 400 220 400 0 3 0
L 171 395 10 0 3 0 1 0 DDR_DQ9
A 260 400 10 0 9 0 PINTYPE=BI
A 240 400 10 0 9 3 #=C24
P 263 240 390 220 390 0 3 0
L 166 385 10 0 3 0 1 0 DDR_DQ10
A 260 390 10 0 9 0 PINTYPE=BI
A 240 390 10 0 9 3 #=C25
P 262 240 380 220 380 0 3 0
L 166 375 10 0 3 0 1 0 DDR_DQ11
A 260 380 10 0 9 0 PINTYPE=BI
A 240 380 10 0 9 3 #=C26
P 261 240 370 220 370 0 3 0
L 166 365 10 0 3 0 1 0 DDR_DQ12
A 260 370 10 0 9 0 PINTYPE=BI
A 240 370 10 0 9 3 #=C27
P 266 240 350 220 350 0 3 0
L 166 345 10 0 3 0 1 0 DDR_DQ14
A 260 350 10 0 9 0 PINTYPE=BI
A 240 350 10 0 9 3 #=C29
P 259 240 340 220 340 0 3 0
L 166 335 10 0 3 0 1 0 DDR_DQ15
A 260 340 10 0 9 0 PINTYPE=BI
A 240 340 10 0 9 3 #=C30
P 258 240 330 220 330 0 3 0
L 171 325 10 0 3 0 1 0 DDR_BA0
A 260 330 10 0 9 0 PINTYPE=BI
A 235 330 10 0 9 3 #=D1
P 257 240 320 220 320 0 3 0
L 171 315 10 0 3 0 1 0 DDR_BA1
A 260 320 10 0 9 0 PINTYPE=BI
A 235 320 10 0 9 3 #=D2
P 256 240 310 220 310 0 3 0
L 171 305 10 0 3 0 1 0 DDR_A12
A 260 310 10 0 9 0 PINTYPE=BI
A 235 310 10 0 9 3 #=D3
P 255 240 300 220 300 0 3 0
L 171 295 10 0 3 0 1 0 DDR_A10
A 260 300 10 0 9 0 PINTYPE=BI
A 235 300 10 0 9 3 #=D4
P 254 240 290 220 290 0 3 0
L 171 285 10 0 3 0 1 0 DDR_A11
A 260 290 10 0 9 0 PINTYPE=BI
A 235 290 10 0 9 3 #=D5
P 253 240 280 220 280 0 3 0
L 176 275 10 0 3 0 1 0 DDR_A8
A 260 280 10 0 9 0 PINTYPE=BI
A 235 280 10 0 9 3 #=D6
P 252 240 270 220 270 0 3 0
L 176 265 10 0 3 0 1 0 DDR_A9
A 260 270 10 0 9 0 PINTYPE=BI
A 235 270 10 0 9 3 #=D7
P 251 240 260 220 260 0 3 0
L 176 255 10 0 3 0 1 0 DDR_A6
A 260 260 10 0 9 0 PINTYPE=BI
A 235 260 10 0 9 3 #=D8
P 250 240 250 220 250 0 3 0
L 176 245 10 0 3 0 1 0 DDR_A7
A 260 250 10 0 9 0 PINTYPE=BI
A 235 250 10 0 9 3 #=D9
P 249 240 240 220 240 0 3 0
L 176 235 10 0 3 0 1 0 DDR_A4
A 260 240 10 0 9 0 PINTYPE=BI
A 240 240 10 0 9 3 #=D10
P 248 240 230 220 230 0 3 0
L 176 225 10 0 3 0 1 0 DDR_A5
A 260 230 10 0 9 0 PINTYPE=BI
A 240 230 10 0 9 3 #=D11
P 247 240 220 220 220 0 3 0
L 176 215 10 0 3 0 1 0 DDR_A2
A 260 220 10 0 9 0 PINTYPE=BI
A 240 220 10 0 9 3 #=D12
P 168 240 210 220 210 0 3 0
L 177 205 10 0 3 0 1 0 DDR_A3
A 260 210 10 0 9 0 PINTYPE=IN
A 240 210 10 0 9 3 #=D13
P 170 240 200 220 200 0 3 0
L 177 195 10 0 3 0 1 0 DDR_A0
A 260 200 10 0 9 0 PINTYPE=OUT
A 240 200 10 0 9 3 #=D14
P 169 240 190 220 190 0 3 0
L 177 185 10 0 3 0 1 0 DDR_A1
A 260 190 10 0 9 0 PINTYPE=OUT
A 240 190 10 0 9 3 #=D15
P 167 240 180 220 180 0 3 0
L 167 175 10 0 3 0 1 0 PS_POR_B
A 260 180 10 0 9 0 PINTYPE=OUT
A 240 180 10 0 9 3 #=D16
P 164 240 170 220 170 0 3 0
L 172 165 10 0 3 0 1 0 DDR_ODT
A 260 170 10 0 9 0 PINTYPE=OUT
A 240 170 10 0 9 3 #=D17
P 166 240 160 220 160 0 3 0
L 167 155 10 0 3 0 1 0 DDR_WE_B
A 260 160 10 0 9 0 PINTYPE=OUT
A 240 160 10 0 9 3 #=D18
P 165 240 150 220 150 0 3 0
L 162 145 10 0 3 0 1 0 DDR_CAS_B
A 260 150 10 0 9 0 PINTYPE=OUT
A 240 150 10 0 9 3 #=D19
P 171 240 140 220 140 0 3 0
L 162 135 10 0 3 0 1 0 DDR_RAS_B
A 260 140 10 0 9 0 PINTYPE=OUT
A 240 140 10 0 9 3 #=D20
P 172 240 130 220 130 0 3 0
L 167 125 10 0 3 0 1 0 DDR_CS_B
A 260 130 10 0 9 0 PINTYPE=OUT
A 240 130 10 0 9 3 #=D21
P 174 240 120 220 120 0 3 0
L 157 115 10 0 3 0 1 0 DDR_DQS_P1
A 260 120 10 0 9 0 PINTYPE=OUT
A 240 120 10 0 9 3 #=D22
P 205 240 110 220 110 0 3 0
L 157 105 10 0 3 0 1 0 DDR_DQS_N1
A 260 110 10 0 9 0 PINTYPE=IN
A 240 110 10 0 9 3 #=D23
P 204 240 100 220 100 0 3 0
L 172 95 10 0 3 0 1 0 DDR_DM0
A 260 100 10 0 9 0 PINTYPE=IN
A 240 100 10 0 9 3 #=D24
P 302 240 630 220 630 0 3 0
L 161 625 10 0 3 0 1 0 PROGRAM_B
A 260 630 10 0 9 0 PINTYPE=BI
A 235 630 10 0 9 3 #=C1
P 203 240 90 220 90 0 3 0
L 157 85 10 0 3 0 1 0 DDR_DQS_P0
A 260 90 10 0 9 0 PINTYPE=IN
A 240 90 10 0 9 3 #=D25
P 173 240 80 220 80 0 3 0
L 157 75 10 0 3 0 1 0 DDR_DQS_N0
A 260 80 10 0 9 0 PINTYPE=OUT
A 240 80 10 0 9 3 #=D26
P 200 240 70 220 70 0 3 0
L 172 65 10 0 3 0 1 0 DDR_DM1
A 260 70 10 0 9 0 PINTYPE=IN
A 240 70 10 0 9 3 #=D27
P 207 240 60 220 60 0 3 0
L 172 55 10 0 3 0 1 0 DDR_CKE
A 260 60 10 0 9 0 PINTYPE=OUT
A 240 60 10 0 9 3 #=D28
P 206 240 50 220 50 0 3 0
L 172 45 10 0 3 0 1 0 DDR_CKP
A 260 50 10 0 9 0 PINTYPE=OUT
A 240 50 10 0 9 3 #=D29
P 201 240 40 220 40 0 3 0
L 172 35 10 0 3 0 1 0 DDR_CKN
A 260 40 10 0 9 0 PINTYPE=IN
A 240 40 10 0 9 3 #=D30
P 301 240 620 220 620 0 3 0
L 177 615 10 0 3 0 1 0 INIT_B
A 260 620 10 0 9 0 PINTYPE=BI
A 235 620 10 0 9 3 #=C2
P 300 240 610 220 610 0 3 0
L 187 605 10 0 3 0 1 0 DONE
A 260 610 10 0 9 0 PINTYPE=BI
A 235 610 10 0 9 3 #=C3
P 299 240 600 220 600 0 3 0
L 167 595 10 0 3 0 1 0 SPARE_C4
A 260 600 10 0 9 0 PINTYPE=BI
A 235 600 10 0 9 3 #=C4
P 241 0 560 20 560 0 2 0
L 30 555 10 0 3 0 1 0 SPARE_A8
A -20 560 10 0 3 0 PINTYPE=OUT
A 5 560 10 0 3 3 #=A8
P 314 0 630 20 630 0 2 0
L 30 625 10 0 3 0 1 0 PS_CLK
A -20 630 10 0 3 0 PINTYPE=BI
A 5 630 10 0 3 3 #=A1
P 240 0 550 20 550 0 2 0
L 30 545 10 0 3 0 1 0 SPARE_A9
A -20 550 10 0 3 0 PINTYPE=BI
A 5 550 10 0 3 3 #=A9
P 260 240 360 220 360 0 3 0
L 166 355 10 0 3 0 1 0 DDR_DQ13
A 260 360 10 0 9 0 PINTYPE=BI
A 240 360 10 0 9 3 #=C28
b 20 20 220 650
E
