V 51
K 347290223600 shrouded_hdr_2x20
|R 19:34_11-30-10
Y 1
D 0 0 160 270
Z 10
i 42
U 0 -60 10 0 3 0 DIST_P/N=XXX
U 0 -50 10 0 3 0 DIST=XXX
U 0 -40 10 0 3 0 MANF_P/N=TST-120-01-D-G
U 0 -30 10 0 3 0 MANF=SAMTEC
U 0 -20 10 0 3 0 PARTS=1
U 0 -10 10 0 3 0 LEVEL=STD
P 42 0 40 20 40 0 2 0
A 5 40 10 0 3 3 #=39
A 0 40 10 0 3 0 PINTYPE=BI
L 25 35 10 0 3 0 1 0 MSEL0
P 41 0 50 20 50 0 2 0
A 5 50 10 0 3 3 #=37
A 0 50 10 0 3 0 PINTYPE=BI
L 25 45 10 0 3 0 1 0 MSEL1
P 40 0 60 20 60 0 2 0
A 5 60 10 0 3 3 #=35
A 0 60 10 0 3 0 PINTYPE=BI
L 25 55 10 0 3 0 1 0 RSEL0
P 39 0 70 20 70 0 2 0
A 5 70 10 0 3 3 #=33
A 0 70 10 0 3 0 PINTYPE=BI
L 25 65 10 0 3 0 1 0 RSEL1
P 38 0 80 20 80 0 2 0
A 5 80 10 0 3 3 #=31
A 0 80 10 0 3 0 PINTYPE=BI
L 25 75 10 0 3 0 1 0 M0
P 27 0 100 20 100 0 2 0
A 5 100 10 0 3 3 #=27
A 0 100 10 0 3 0 PINTYPE=BI
L 25 95 10 0 3 0 1 0 M2
P 26 0 110 20 110 0 2 0
A 5 110 10 0 3 3 #=25
A 0 110 10 0 3 0 PINTYPE=BI
L 25 105 10 0 3 0 0 0 GND_P25
P 10 0 150 20 150 0 2 0
A 5 150 10 0 3 3 #=17
A 0 150 10 0 3 0 PINTYPE=BI
L 25 145 10 0 3 0 0 0 GND_P17
P 9 0 160 20 160 0 2 0
A 5 160 10 0 3 3 #=15
A 0 160 10 0 3 0 PINTYPE=BI
L 25 155 10 0 3 0 0 0 GND_P15
P 8 0 170 20 170 0 2 0
A 5 170 10 0 3 3 #=13
A 0 170 10 0 3 0 PINTYPE=BI
L 25 165 10 0 3 0 0 0 GND_P13
P 7 0 180 20 180 0 2 0
A 5 180 10 0 3 3 #=11
A 0 180 10 0 3 0 PINTYPE=BI
L 25 175 10 0 3 0 0 0 UTIL_5V0_P11
P 6 0 190 20 190 0 2 0
A 10 190 10 0 3 3 #=9
A 0 190 10 0 3 0 PINTYPE=BI
L 25 185 10 0 3 0 0 0 UTIL_5V0_P9
P 5 0 200 20 200 0 2 0
A 10 200 10 0 3 3 #=7
A 0 200 10 0 3 0 PINTYPE=BI
L 25 195 10 0 3 0 1 0 PGND
P 1 0 230 20 230 0 2 0
A 10 230 10 0 3 3 #=1
A 0 230 10 0 3 0 PINTYPE=BI
L 30 270 10 0 3 0 0 0 UTIL_3V3_P1
P 11 0 140 20 140 0 2 0
A 5 140 10 0 3 3 #=19
A 0 140 10 0 3 0 PINTYPE=BI
L 25 135 10 0 3 0 0 0 GND_P19
P 12 0 130 20 130 0 2 0
A 5 130 10 0 3 3 #=21
A 0 130 10 0 3 0 PINTYPE=BI
L 25 125 10 0 3 0 0 0 GND_P21
P 25 0 120 20 120 0 2 0
A 5 120 10 0 3 3 #=23
A 0 120 10 0 3 0 PINTYPE=BI
L 25 115 10 0 3 0 0 0 GND_P23
P 28 0 90 20 90 0 2 0
A 5 90 10 0 3 3 #=29
A 0 90 10 0 3 0 PINTYPE=BI
L 25 85 10 0 3 0 1 0 M1
P 2 160 230 140 230 0 3 0
A 160 230 10 0 9 0 PINTYPE=BI
A 155 230 10 0 9 3 #=2
L 119 225 10 0 3 0 1 0 TMS
P 3 0 220 20 220 0 2 0
A 10 220 10 0 3 3 #=3
A 0 220 10 0 3 0 PINTYPE=BI
L 30 220 10 0 3 0 0 0 UTIL_3V3_P3
P 4 0 210 20 210 0 2 0
A 10 210 10 0 3 3 #=5
A 0 210 10 0 3 0 PINTYPE=BI
L 30 210 10 0 3 0 0 0 UTIL_3V3_P5
T 25 105 10 0 3 GND
Q 15 0 0
T 25 115 10 0 3 GND
Q 15 0 0
T 25 135 10 0 3 GND
Q 15 0 0
T 25 155 10 0 3 GND
Q 15 0 0
P 18 160 190 140 190 0 3 0
A 160 190 10 0 9 0 PINTYPE=BI
A 155 190 10 0 9 3 #=10
L 160 190 10 0 3 0 0 0 UTIL_5V0_P10
P 19 160 180 140 180 0 3 0
A 160 180 10 0 9 0 PINTYPE=BI
A 155 180 10 0 9 3 #=12
L 160 180 10 0 3 0 0 0 UTIL_5V0_P12
P 16 160 210 140 210 0 3 0
A 160 210 10 0 9 0 PINTYPE=BI
A 155 210 10 0 9 3 #=6
L 118 205 10 0 3 0 1 0 TDO
P 15 160 220 140 220 0 3 0
A 160 220 10 0 9 0 PINTYPE=BI
A 155 220 10 0 9 3 #=4
L 119 215 10 0 3 0 1 0 TDI
P 20 160 170 140 170 0 3 0
A 160 170 10 0 9 0 PINTYPE=BI
A 155 170 10 0 9 3 #=14
L 102 165 10 0 3 0 1 0 DUT_P1
P 21 160 160 140 160 0 3 0
A 160 160 10 0 9 0 PINTYPE=BI
A 155 160 10 0 9 3 #=16
L 102 155 10 0 3 0 1 0 INIT_B
P 22 160 150 140 150 0 3 0
A 160 150 10 0 9 0 PINTYPE=BI
A 155 150 10 0 9 3 #=18
L 102 145 10 0 3 0 1 0 PROG_B
P 23 160 140 140 140 0 3 0
A 160 140 10 0 9 0 PINTYPE=BI
A 155 140 10 0 9 3 #=20
L 102 135 10 0 3 0 1 0 DUT_P2
P 30 160 110 140 110 0 3 0
A 160 110 10 0 9 0 PINTYPE=BI
A 155 110 10 0 9 3 #=26
L 108 105 10 0 3 0 1 0 SPARE
P 31 160 100 140 100 0 3 0
A 160 100 10 0 9 0 PINTYPE=BI
A 155 100 10 0 9 3 #=28
L 108 95 10 0 3 0 1 0 MDFY3
P 32 160 90 140 90 0 3 0
A 160 90 10 0 9 0 PINTYPE=BI
A 155 90 10 0 9 3 #=30
L 108 85 10 0 3 0 1 0 MDFY2
P 33 160 80 140 80 0 3 0
A 160 80 10 0 9 0 PINTYPE=BI
A 155 80 10 0 9 3 #=32
L 108 75 10 0 3 0 1 0 MDFY1
P 34 160 70 140 70 0 3 0
A 160 70 10 0 9 0 PINTYPE=BI
A 155 70 10 0 9 3 #=34
L 108 65 10 0 3 0 1 0 MDFY0
P 35 160 60 140 60 0 3 0
A 160 60 10 0 9 0 PINTYPE=BI
A 155 60 10 0 9 3 #=36
L 108 55 10 0 3 0 1 0 DSEL1
P 36 160 50 140 50 0 3 0
A 160 50 10 0 9 0 PINTYPE=BI
A 155 50 10 0 9 3 #=38
L 108 45 10 0 3 0 1 0 DSEL0
P 37 160 40 140 40 0 3 0
A 160 40 10 0 9 0 PINTYPE=BI
A 155 40 10 0 9 3 #=40
L 119 35 10 0 3 0 1 0 DIN
T 25 165 10 0 3 GND
Q 15 0 0
T 25 145 10 0 3 GND
Q 15 0 0
T 25 125 10 0 3 GND
Q 15 0 0
U 20 0 16 0 3 3 REFDES=J?
U 25 250 10 0 3 3 DEVICE=IMPULSE_HDR_2X20
P 17 160 200 140 200 0 3 0
A 160 200 10 0 9 0 PINTYPE=BI
A 155 200 10 0 9 3 #=8
L 118 195 10 0 3 0 1 0 TCK
P 24 160 130 140 130 0 3 0
A 160 130 10 0 9 0 PINTYPE=BI
A 155 130 10 0 9 3 #=22
L 113 125 10 0 3 0 1 0 CCLK
P 29 160 120 140 120 0 3 0
A 160 120 10 0 9 0 PINTYPE=BI
A 155 120 10 0 9 3 #=24
L 113 115 10 0 3 0 1 0 DONE
U 95 10 10 0 3 3 PKG_TYPE=HDR_2X20
b 20 20 140 250
T 25 225 10 0 3 RESERVED
Q 15 0 0
T 25 215 10 0 3 RESERVED
Q 15 0 0
T 25 205 10 0 3 RESERVED
Q 15 0 0
T 25 185 10 0 3 RESERVED
Q 15 0 0
T 25 175 10 0 3 RESERVED
Q 15 0 0
T 91 185 10 0 3 RESERVED
Q 15 0 0
T 91 175 10 0 3 RESERVED
Q 15 0 0
E
