V 53
K 1439422048 shrouded_hdr_2x7.1
F Case
|R 16:27:28_8-12-15
D 0 260 80 60
Y 1
Z 10
i 21
U 0 -40 10 0 3 0 MANF_P/N=MANF_P/N
U 55 60 10 0 3 3 PKG_TYPE=PKG_TYPE
U 20 60 16 0 3 3 REFDES=J?
U -6 245 10 0 3 3 DEVICE=DEVICE
U 20 60 10 0 1 0 VALUE=VALUE
U 0 60 10 0 1 0 FORWARD_PCB=1
b 20 150 25 170
Q 2 16 0
|GRPHSTL 33280 16 0 1
c 47 100 5
c 33 100 5
c 47 120 5
c 33 120 5
c 47 140 5
c 33 140 5
c 47 160 5
c 33 160 5
c 47 180 5
c 33 180 5
c 47 200 5
c 33 200 5
c 47 220 5
c 33 220 5
l 2 25 170 20 170 
l 2 20 150 25 150 
b 20 80 60 240
l 2 25 150 25 170 
P 1 0 220 20 220 0 2 0
L 30 260 10 0 3 0 0 0 P01
A 10 220 10 0 3 3 #=1
A 0 220 10 0 3 0 PINTYPE=BI
P 2 80 220 60 220 0 3 0
L 39 215 10 0 3 0 0 0 P02
A 80 220 10 0 9 0 PINTYPE=BI
A 75 220 10 0 9 3 #=2
P 3 0 200 20 200 0 2 0
L 30 200 10 0 3 0 0 0 P03
A 10 200 10 0 3 3 #=3
A 0 200 10 0 3 0 PINTYPE=BI
P 4 0 180 20 180 0 2 0
L 30 180 10 0 3 0 0 0 P05
A 10 180 10 0 3 3 #=5
A 0 180 10 0 3 0 PINTYPE=BI
P 5 0 160 20 160 0 2 0
L 25 155 10 0 3 0 0 0 P07
A 10 160 10 0 3 3 #=7
A 0 160 10 0 3 0 PINTYPE=BI
P 6 0 140 20 140 0 2 0
L 25 135 10 0 3 0 0 0 P09
A 10 140 10 0 3 3 #=9
A 0 140 10 0 3 0 PINTYPE=BI
P 7 0 120 20 120 0 2 0
L 25 115 10 0 3 0 0 0 P11
A 5 120 10 0 3 3 #=11
A 0 120 10 0 3 0 PINTYPE=BI
P 8 0 100 20 100 0 2 0
L 25 95 10 0 3 0 0 0 P13
A 5 100 10 0 3 3 #=13
A 0 100 10 0 3 0 PINTYPE=BI
P 15 80 200 60 200 0 3 0
L 39 195 10 0 3 0 0 0 P04
A 80 200 10 0 9 0 PINTYPE=BI
A 75 200 10 0 9 3 #=4
P 16 80 180 60 180 0 3 0
L 38 175 10 0 3 0 0 0 P06
A 80 180 10 0 9 0 PINTYPE=BI
A 75 180 10 0 9 3 #=6
P 17 80 160 60 160 0 3 0
L 38 155 10 0 3 0 0 0 P08
A 80 160 10 0 9 0 PINTYPE=BI
A 75 160 10 0 9 3 #=8
P 18 80 140 60 140 0 3 0
L 80 140 10 0 3 0 0 0 P10
A 80 140 10 0 9 0 PINTYPE=BI
A 75 140 10 0 9 3 #=10
P 19 80 120 60 120 0 3 0
L 80 120 10 0 3 0 0 0 P12
A 80 120 10 0 9 0 PINTYPE=BI
A 75 120 10 0 9 3 #=12
P 20 80 100 60 100 0 3 0
L 22 95 10 0 3 0 0 0 P14
A 80 100 10 0 9 0 PINTYPE=BI
A 75 100 10 0 9 3 #=14
E 
