V 53
K 1474324776 si5319.1
F Case
|R 15:39:36_9-19-16
D 0 260 170 0
Y 1
Z 10
i 47
U 0 -40 10 0 3 0 LEVEL=STD
U 0 -30 10 0 3 0 PARTS=1
U 20 -5 16 0 3 3 REFDES=U?
U 110 0 10 0 3 3 PKG_TYPE=CLOCK_MULT
U 20 250 10 0 3 3 VALUE=VALUE
U 20 250 10 0 3 0 DEVICE=CLOCK_MULT
U 0 0 10 0 1 0 FORWARD_PCB=1
b 20 10 150 250
P 1 0 200 20 200 0 2 0
L 20 200 10 0 2 0 1 0 XA
A 20 205 10 0 8 0 PINTYPE=BI
A 20 200 10 0 9 3 #=6
P 2 170 170 150 170 0 3 0
L 150 170 10 0 8 0 1 0 CKOUT1_N
A 150 175 10 0 2 0 PINTYPE=BI
A 150 170 10 0 3 3 #=29
P 3 170 160 150 160 0 3 0
L 150 160 10 0 8 0 1 0 CKOUT1_P
A 150 165 10 0 2 0 PINTYPE=BI
A 150 160 10 0 3 3 #=28
P 4 170 100 150 100 0 3 0
L 150 100 10 0 8 0 1 0 SDI
A 150 105 10 0 2 0 PINTYPE=BI
A 150 100 10 0 3 3 #=27
P 5 170 50 150 50 0 3 0
L 150 50 10 0 8 0 1 0 A2_SS
A 150 55 10 0 2 0 PINTYPE=BI
A 150 50 10 0 3 3 #=26
P 6 170 60 150 60 0 3 0
L 150 60 10 0 8 0 1 0 A1
A 150 65 10 0 2 0 PINTYPE=BI
A 150 60 10 0 3 3 #=25
P 7 170 70 150 70 0 3 0
L 150 70 10 0 8 0 1 0 A0
A 150 75 10 0 2 0 PINTYPE=BI
A 150 70 10 0 3 3 #=24
P 8 170 80 150 80 0 3 0
L 150 80 10 0 8 0 1 0 SCL
A 150 85 10 0 2 0 PINTYPE=BI
A 150 80 10 0 3 3 #=22
P 9 170 90 150 90 0 3 0
L 150 90 10 0 8 0 1 0 SDA_SDO
A 150 95 10 0 2 0 PINTYPE=BI
A 150 90 10 0 3 3 #=23
P 10 0 100 20 100 0 2 0
L 20 100 10 0 2 0 1 0 INT_C1B
A 20 105 10 0 8 0 PINTYPE=BI
A 20 100 10 0 9 3 #=3
P 11 0 90 20 90 0 2 0
L 20 90 10 0 2 0 1 0 NC8
A 20 95 10 0 8 0 PINTYPE=BI
A 20 90 10 0 9 3 #=4
P 13 170 110 150 110 0 3 0
L 150 110 10 0 8 0 1 0 CMODE
A 150 115 10 0 2 0 PINTYPE=BI
A 150 110 10 0 3 3 #=36
P 14 0 240 20 240 0 2 0
L 21 240 10 0 2 0 1 0 VDD1
A 20 245 10 0 8 0 PINTYPE=BI
A 20 240 10 0 9 3 #=5
P 15 0 30 20 30 0 2 0
L 20 30 10 0 2 0 1 0 RST_B
A 20 35 10 0 8 0 PINTYPE=BI
A 20 30 10 0 9 3 #=1
P 16 170 240 150 240 0 3 0
L 150 240 10 0 8 0 1 0 NC1
A 150 245 10 0 2 0 PINTYPE=BI
A 150 240 10 0 3 3 #=2
P 17 0 190 20 190 0 2 0
L 20 190 10 0 2 0 1 0 XB
A 20 195 10 0 8 0 PINTYPE=BI
A 20 190 10 0 9 3 #=7
P 18 170 20 150 20 0 3 0
L 150 20 10 0 8 0 1 0 GND2
A 150 25 10 0 2 0 PINTYPE=BI
A 150 20 10 0 3 3 #=31
P 19 170 210 150 210 0 3 0
L 150 210 10 0 8 0 1 0 NC4
A 150 215 10 0 2 0 PINTYPE=BI
A 150 210 10 0 3 3 #=30
P 20 170 30 150 30 0 3 0
L 150 30 10 0 8 0 1 0 GND1
A 150 35 10 0 2 0 PINTYPE=BI
A 150 30 10 0 3 3 #=8
P 21 0 40 20 40 0 2 0
L 20 40 10 0 2 0 1 0 GND4
A 20 40 10 0 9 3 #=20
A 20 45 10 0 8 0 PINTYPE=BI
P 22 0 50 20 50 0 2 0
L 20 50 10 0 2 0 1 0 GND3
A 20 55 10 0 8 0 PINTYPE=BI
A 20 50 10 0 9 3 #=19
P 23 0 60 20 60 0 2 0
L 20 60 10 0 2 0 1 0 LOL
A 20 60 10 0 9 3 #=18
A 20 65 10 0 8 0 PINTYPE=BI
P 24 0 160 20 160 0 2 0
L 20 160 10 0 2 0 1 0 CKIN1_N
A 20 165 10 0 8 0 PINTYPE=BI
A 20 160 10 0 9 3 #=17
P 25 0 170 20 170 0 2 0
L 20 170 10 0 2 0 1 0 CKIN1_P
A 20 170 10 0 9 3 #=16
A 20 175 10 0 8 0 PINTYPE=BI
P 26 0 70 20 70 0 2 0
L 20 70 10 0 2 0 1 0 RATE1
A 20 75 10 0 8 0 PINTYPE=BI
A 20 70 10 0 9 3 #=15
P 27 170 220 150 220 0 3 0
L 150 220 10 0 8 0 1 0 NC3
A 150 220 10 0 3 3 #=14
A 150 225 10 0 2 0 PINTYPE=BI
P 28 0 130 20 130 0 2 0
L 20 130 10 0 2 0 1 0 NC7
A 20 135 10 0 8 0 PINTYPE=BI
A 20 130 10 0 9 3 #=13
P 29 0 140 20 140 0 2 0
L 20 140 10 0 2 0 1 0 NC6
A 20 140 10 0 9 3 #=12
A 20 145 10 0 8 0 PINTYPE=BI
P 30 0 80 20 80 0 2 0
L 20 80 10 0 2 0 1 0 RATE0
A 20 85 10 0 8 0 PINTYPE=BI
A 20 80 10 0 9 3 #=11
P 31 170 230 150 230 0 3 0
L 150 230 10 0 8 0 1 0 NC2
A 150 230 10 0 3 3 #=9
A 150 235 10 0 2 0 PINTYPE=BI
P 35 0 20 20 20 0 2 0
L 20 20 10 0 2 0 1 0 CS_CA
A 20 25 10 0 8 0 PINTYPE=BI
A 20 20 10 0 9 3 #=21
P 36 0 230 20 230 0 2 0
L 21 230 10 0 2 0 1 0 VDD2
A 20 230 10 0 9 3 #=10
A 20 235 10 0 8 0 PINTYPE=BI
P 37 0 220 20 220 0 2 0
L 21 220 10 0 2 0 1 0 VDD3
A 20 220 10 0 9 3 #=32
A 20 225 10 0 8 0 PINTYPE=BI
P 38 170 200 150 200 0 3 0
L 150 200 10 0 8 0 1 0 NC5
A 150 205 10 0 2 0 PINTYPE=BI
A 150 200 10 0 3 3 #=33
P 39 170 130 150 130 0 3 0
L 150 130 10 0 8 0 1 0 NC10
A 150 130 10 0 3 3 #=34
A 150 135 10 0 2 0 PINTYPE=BI
P 40 170 140 150 140 0 3 0
L 150 140 10 0 8 0 1 0 NC9
A 150 145 10 0 2 0 PINTYPE=BI
A 150 140 10 0 3 3 #=35
P 41 90 0 90 9 0 1 0
L 90 9 10 3 8 0 1 0 GNDPAD
A 90 9 10 3 3 3 #=37
A 95 9 10 3 2 0 PINTYPE=BI
E 
