V 51
K 317985923000 si5327
|R 5:36_3-5-13
Y 1
D 0 0 180 300
Z 10
i 53
U 0 -60 10 0 3 0 DIST_P/N=?
U 0 -50 10 0 3 0 DIST=DIGIKEY
U 0 -20 10 0 3 0 MFG_P/N=SI5327C-C-GM
U 0 -10 10 0 3 0 MFG=SILABS
U 0 -40 10 0 3 0 LEVEL=STD
U 0 -30 10 0 3 0 PARTS=1
U 35 280 10 0 3 0 VALUE=?
U 25 0 16 0 3 3 REFDES=U?
U 30 280 10 0 3 3 DEVICE=SI5327
U 95 10 10 0 3 3 PKG_TYPE=QFN36_6X6MM
P 45 180 240 160 240 0 3 0
L 155 240 10 0 8 0 1 0 NC_14
A 165 240 10 0 3 3 #=14
A 160 245 10 0 2 0 PINTYPE=BI
P 44 180 200 160 200 0 3 0
A 160 205 10 0 2 0 PINTYPE=BI
A 165 200 10 0 3 3 #=33
L 155 200 10 0 8 0 1 0 NC_33
P 43 180 50 160 50 0 3 0
A 160 55 10 0 2 0 PINTYPE=BI
A 165 50 10 0 3 3 #=31
L 155 50 10 0 8 0 1 0 GND_31
P 16 180 260 160 260 0 3 0
A 160 265 10 0 2 0 PINTYPE=BI
A 165 260 10 0 3 3 #=2
L 155 260 10 0 8 0 1 0 NC_02
P 42 180 40 160 40 0 3 0
A 160 45 10 0 2 0 PINTYPE=BI
A 165 40 10 0 3 3 #=37
L 155 40 10 0 8 0 1 0 GNDPAD
P 18 180 60 160 60 0 3 0
A 160 65 10 0 2 0 PINTYPE=BI
A 165 60 10 0 3 3 #=15
L 155 60 10 0 8 0 1 0 GND_15
P 38 180 210 160 210 0 3 0
A 160 215 10 0 2 0 PINTYPE=BI
A 165 210 10 0 3 3 #=30
L 155 210 10 0 8 0 1 0 NC_30
P 27 180 230 160 230 0 3 0
L 155 230 10 0 8 0 1 0 NC_19
A 165 230 10 0 3 3 #=19
A 160 235 10 0 2 0 PINTYPE=BI
P 19 180 220 160 220 0 3 0
A 160 225 10 0 2 0 PINTYPE=BI
A 165 220 10 0 3 3 #=20
L 155 220 10 0 8 0 1 0 NC_20
P 31 180 250 160 250 0 3 0
L 155 250 10 0 8 0 1 0 NC_09
A 165 250 10 0 3 3 #=9
A 160 255 10 0 2 0 PINTYPE=BI
P 2 180 170 160 170 0 3 0
A 160 175 10 0 2 0 PINTYPE=OUT
A 165 170 10 0 3 3 #=29
L 155 170 10 0 8 0 1 0 CKOUT1_N
P 40 180 150 160 150 0 3 0
A 160 155 10 0 2 0 PINTYPE=OUT
A 165 150 10 0 3 3 #=35
L 155 150 10 0 8 0 1 0 CKOUT2_P
P 39 180 140 160 140 0 3 0
L 155 140 10 0 8 0 1 0 CKOUT2_N
A 165 140 10 0 3 3 #=34
A 160 145 10 0 2 0 PINTYPE=OUT
P 50 180 90 160 90 0 3 0
A 160 95 10 0 2 0 PINTYPE=OUT
A 165 90 10 0 3 3 #=4
L 155 90 10 0 8 0 1 0 LOS2
P 20 180 70 160 70 0 3 0
A 160 75 10 0 2 0 PINTYPE=BI
A 165 70 10 0 3 3 #=8
L 155 70 10 0 8 0 1 0 GND_08
b 20 20 160 280
P 14 0 260 20 260 0 2 0
A 20 265 10 4 2 0 PINTYPE=POWER
A 15 260 10 4 3 3 #=5
L 26 260 10 4 8 0 1 0 VDD_05
P 36 0 250 20 250 0 2 0
L 26 250 10 4 8 0 1 0 VDD_10
A 15 250 10 4 3 3 #=10
A 20 255 10 4 2 0 PINTYPE=POWER
P 37 0 240 20 240 0 2 0
L 26 240 10 4 8 0 1 0 VDD_32
A 15 240 10 4 3 3 #=32
A 20 245 10 4 2 0 PINTYPE=POWER
P 48 0 220 20 220 0 2 0
A 20 225 10 4 2 0 PINTYPE=IN
A 15 220 10 4 3 3 #=24
L 25 220 10 4 8 0 1 0 A0
P 47 0 210 20 210 0 2 0
A 20 215 10 4 2 0 PINTYPE=IN
A 15 210 10 4 3 3 #=25
L 25 210 10 4 8 0 1 0 A1
P 46 0 200 20 200 0 2 0
A 20 205 10 4 2 0 PINTYPE=IN
A 15 200 10 4 3 3 #=26
L 25 200 10 4 8 0 1 0 A2_SS
P 1 0 190 20 190 0 2 0
A 20 195 10 4 2 0 PINTYPE=BI
A 15 190 10 4 3 3 #=6
L 25 190 10 4 8 0 1 0 XA
P 17 0 180 20 180 0 2 0
A 20 185 10 4 2 0 PINTYPE=BI
A 15 180 10 4 3 3 #=7
L 25 180 10 4 8 0 1 0 XB
P 25 0 160 20 160 0 2 0
L 25 160 10 4 8 0 1 0 CKIN1_P
A 15 160 10 4 3 3 #=16
A 20 165 10 4 2 0 PINTYPE=IN
P 24 0 150 20 150 0 2 0
A 20 155 10 4 2 0 PINTYPE=IN
A 15 150 10 4 3 3 #=17
L 25 150 10 4 8 0 1 0 CKIN1_N
P 29 0 130 20 130 0 2 0
L 25 130 10 4 8 0 1 0 CKIN2_P
A 15 130 10 4 3 3 #=12
A 20 135 10 4 2 0 PINTYPE=IN
P 28 0 120 20 120 0 2 0
A 20 125 10 4 2 0 PINTYPE=IN
A 15 120 10 4 3 3 #=13
L 25 120 10 4 8 0 1 0 CKIN2_N
P 52 0 100 20 100 0 2 0
A 20 105 10 4 2 0 PINTYPE=IN
A 15 100 10 4 3 3 #=22
L 25 100 10 4 8 0 1 0 SCL
P 53 0 90 20 90 0 2 0
A 20 95 10 4 2 0 PINTYPE=BI
A 15 90 10 4 3 3 #=23
L 25 90 10 4 8 0 1 0 SDA_SDO
P 15 0 80 20 80 0 2 0
A 20 85 10 4 2 0 PINTYPE=IN
A 15 80 10 4 3 3 #=1
L 25 80 10 4 8 0 1 0 RST_B
P 49 0 70 20 70 0 2 0
A 20 75 10 4 2 0 PINTYPE=IN
A 15 70 10 4 3 3 #=27
L 25 70 10 4 8 0 1 0 SDI
P 35 0 60 20 60 0 2 0
A 20 65 10 4 2 0 PINTYPE=IN
A 15 60 10 4 3 3 #=21
L 25 60 10 4 8 0 1 0 CKSEL
P 30 0 50 20 50 0 2 0
A 20 55 10 4 2 0 PINTYPE=IN
A 15 50 10 4 3 3 #=11
L 25 50 10 4 8 0 1 0 RATE
P 10 0 40 20 40 0 2 0
A 20 45 10 4 2 0 PINTYPE=IN
A 15 40 10 4 3 3 #=36
L 25 40 10 4 8 0 1 0 CMODE
P 3 180 180 160 180 0 3 0
A 160 185 10 0 2 0 PINTYPE=OUT
A 165 180 10 0 3 3 #=28
L 155 180 10 0 8 0 1 0 CKOUT1_P
P 51 180 110 160 110 0 3 0
A 160 115 10 0 2 0 PINTYPE=OUT
A 165 110 10 0 3 3 #=18
L 155 110 10 0 8 0 1 0 LOL
P 13 180 100 160 100 0 3 0
A 160 105 10 0 2 0 PINTYPE=OUT
A 165 100 10 0 3 3 #=3
L 155 100 10 0 8 0 1 0 INT_LOS1
E
