V 53
K 1376959890 si5335a.1
F Case
|R 17:51:30_8-19-13
D 0 260 170 0
Y 1
Z 10
i 151
U 0 -40 10 0 3 0 LEVEL=STD
U 0 -30 10 0 3 0 PARTS=1
U 20 -5 16 0 3 3 REFDES=U?
U 110 0 10 0 3 3 PKG_TYPE=CLOCK_MULT
U 20 250 10 0 3 0 DEVICE=CLOCK_MULT
U 0 250 10 0 3 3 VALUE=VALUE
U 0 0 10 0 1 0 FORWARD_PCB=1
b 20 10 150 250
P 2 170 190 150 190 0 3 0
L 150 190 10 0 8 0 1 0 CLK0A
A 150 195 10 0 2 0 PINTYPE=BI
A 150 190 10 0 3 3 #=22
P 3 170 180 150 180 0 3 0
L 150 180 10 0 8 0 1 0 CLK0B
A 150 185 10 0 2 0 PINTYPE=BI
A 150 180 10 0 3 3 #=21
P 4 170 100 150 100 0 3 0
L 150 100 10 0 8 0 1 0 CLK2B
A 150 105 10 0 2 0 PINTYPE=BI
A 150 100 10 0 3 3 #=13
P 8 170 60 150 60 0 3 0
L 150 60 10 0 8 0 1 0 CLK3B
A 150 65 10 0 2 0 PINTYPE=BI
A 150 60 10 0 3 3 #=9
P 9 170 70 150 70 0 3 0
L 150 70 10 0 8 0 1 0 CLK3A
A 150 75 10 0 2 0 PINTYPE=BI
A 150 70 10 0 3 3 #=10
P 10 0 210 20 210 0 2 0
L 20 210 10 0 2 0 1 0 XA
A 20 215 10 0 8 0 PINTYPE=BI
A 20 210 10 0 9 3 #=1
P 11 0 200 20 200 0 2 0
L 20 200 10 0 2 0 1 0 XB
A 20 205 10 0 8 0 PINTYPE=BI
A 20 200 10 0 9 3 #=2
P 13 170 110 150 110 0 3 0
L 150 110 10 0 8 0 1 0 CLK2A
A 150 115 10 0 2 0 PINTYPE=BI
A 150 110 10 0 3 3 #=14
P 15 0 60 20 60 0 2 0
L 20 60 10 0 2 0 1 0 FS0
A 20 65 10 0 8 0 PINTYPE=BI
A 20 60 10 0 9 3 #=12
P 21 0 50 20 50 0 2 0
L 20 50 10 0 2 0 1 0 FS1
A 20 50 10 0 9 3 #=19
A 20 55 10 0 8 0 PINTYPE=BI
P 22 0 80 20 80 0 2 0
L 20 80 10 0 2 0 1 0 LOS
A 20 85 10 0 8 0 PINTYPE=BI
A 20 80 10 0 9 3 #=8
P 26 0 140 20 140 0 2 0
L 20 140 10 0 2 0 1 0 OEB_ALL
A 20 145 10 0 8 0 PINTYPE=BI
A 20 140 10 0 9 3 #=5
P 30 0 170 20 170 0 2 0
L 20 170 10 0 2 0 1 0 RESET
A 20 175 10 0 8 0 PINTYPE=BI
A 20 170 10 0 9 3 #=3
P 39 170 140 150 140 0 3 0
L 150 140 10 0 8 0 1 0 CLK1B
A 150 140 10 0 3 3 #=17
A 150 145 10 0 2 0 PINTYPE=BI
P 40 170 150 150 150 0 3 0
L 150 150 10 0 8 0 1 0 CLK1A
A 150 155 10 0 2 0 PINTYPE=BI
A 150 150 10 0 3 3 #=18
P 41 100 0 100 10 0 1 0
L 100 50 10 1 8 0 1 0 GNDPAD
A 100 0 10 1 3 3 #=25
A 105 10 10 3 2 0 PINTYPE=BI
P 42 80 0 80 10 0 1 0
L 80 40 10 1 8 0 1 0 GND2
A 85 10 10 3 2 0 PINTYPE=BI
A 80 0 10 1 3 3 #=6
P 44 50 260 50 250 0 0 0
L 55 225 10 1 3 0 1 0 VDD1
A 50 250 10 1 1 0 PINTYPE=BI
A 40 250 10 1 1 3 #=7
P 46 60 260 60 250 0 0 0
L 65 225 10 1 3 0 1 0 VDD2
A 50 250 10 1 1 3 #=24
A 60 250 10 1 1 0 PINTYPE=BI
P 47 80 260 80 250 0 0 0
L 85 220 10 1 3 0 1 0 VDDO0
A 80 250 10 1 1 0 PINTYPE=BI
A 70 250 10 1 1 3 #=20
P 48 90 260 90 250 0 0 0
L 95 220 10 1 3 0 1 0 VDDO1
A 80 250 10 1 1 3 #=16
A 90 250 10 1 1 0 PINTYPE=BI
P 49 100 260 100 250 0 0 0
L 105 220 10 1 3 0 1 0 VDDO2
A 100 250 10 1 1 0 PINTYPE=BI
A 90 250 10 1 1 3 #=15
P 50 110 260 110 250 0 0 0
L 115 220 10 1 3 0 1 0 VDDO3
A 100 250 10 1 1 3 #=11
A 110 250 10 1 1 0 PINTYPE=BI
P 136 70 0 70 10 0 1 0
L 70 40 10 1 8 0 1 0 GND1
A 75 10 10 3 2 0 PINTYPE=BI
A 70 0 10 1 3 3 #=4
P 150 90 0 90 10 0 1 0
L 90 40 10 1 8 0 1 0 GND3
A 90 0 10 1 3 3 #=23
A 95 10 10 3 2 0 PINTYPE=BI
E 
