V 53
K 1445034979 si53306.1
F Case
|R 15:36:19_10-16-15
D 0 164 170 -5
Y 1
Z 10
i 169
U 0 -40 10 0 3 0 LEVEL=STD
U 0 -30 10 0 3 0 PARTS=1
U 20 -5 16 0 3 3 REFDES=U?
U 110 0 10 0 3 3 PKG_TYPE=PKG_TYPE
U 0 150 10 0 3 3 DEVICE=DEVICE
U 0 150 10 0 3 0 VALUE=VALUE
U 0 -5 10 0 1 0 FORWARD_PCB=1
b 20 10 150 150
P 2 170 120 150 120 0 3 0
L 145 120 10 0 8 0 1 0 Q0_P
A 150 125 10 0 2 0 PINTYPE=OUT
A 155 120 10 0 3 3 #=15
P 3 170 110 150 110 0 3 0
L 145 110 10 0 8 0 1 0 Q0_N
A 150 115 10 0 2 0 PINTYPE=OUT
A 155 110 10 0 3 3 #=14
P 41 95 -5 95 10 0 1 0
L 95 50 10 1 8 0 1 0 GNDPAD
A 95 -5 10 1 3 3 #=17
A 100 5 10 3 2 0 PINTYPE=POWER
P 42 80 -5 80 10 0 1 0
L 80 30 10 1 8 0 1 0 GND
A 85 5 10 3 2 0 PINTYPE=POWER
A 80 0 10 1 3 3 #=4
P 44 60 165 60 150 0 0 0
L 60 130 10 1 3 0 1 0 VDD
A 60 155 10 1 1 0 PINTYPE=POWER
A 50 155 10 1 1 3 #=1
P 47 120 165 120 150 0 0 0
L 120 125 10 1 3 0 1 0 VDDO
A 120 155 10 1 1 0 PINTYPE=POWER
A 110 155 10 1 1 3 #=5
P 136 0 115 20 115 0 2 0
L 25 115 10 0 2 0 1 0 CLK1_P
A 20 120 10 0 8 0 PINTYPE=IN
A 15 115 10 0 9 3 #=2
P 140 0 105 20 105 0 2 0
L 25 105 10 0 2 0 1 0 CLK1_N
A 20 110 10 0 8 0 PINTYPE=IN
A 15 105 10 0 9 3 #=3
P 144 170 90 150 90 0 3 0
L 145 90 10 0 8 0 1 0 Q1_P
A 150 95 10 0 2 0 PINTYPE=OUT
A 155 90 10 0 3 3 #=12
P 148 170 80 150 80 0 3 0
L 145 80 10 0 8 0 1 0 Q1_N
A 150 85 10 0 2 0 PINTYPE=OUT
A 155 80 10 0 3 3 #=11
P 152 170 60 150 60 0 3 0
L 145 60 10 0 8 0 1 0 Q2_P
A 150 65 10 0 2 0 PINTYPE=OUT
A 155 60 10 0 3 3 #=10
P 156 170 50 150 50 0 3 0
L 145 50 10 0 8 0 1 0 Q2_N
A 150 55 10 0 2 0 PINTYPE=OUT
A 155 50 10 0 3 3 #=9
P 160 170 30 150 30 0 3 0
L 145 30 10 0 8 0 1 0 Q3_P
A 150 35 10 0 2 0 PINTYPE=OUT
A 155 30 10 0 3 3 #=7
P 164 170 20 150 20 0 3 0
L 145 20 10 0 8 0 1 0 Q3_N
A 150 25 10 0 2 0 PINTYPE=OUT
A 155 20 10 0 3 3 #=6
P 223 0 35 20 35 0 2 0
L 26 35 10 0 2 0 1 0 OE
A 0 35 10 0 1 0 PINTYPE=IN
A 15 35 10 0 9 3 #=16
P 225 0 75 20 75 0 2 0
L 26 75 10 0 2 0 1 0 SFOUT0
A 0 75 10 0 1 0 PINTYPE=IN
A 15 75 10 0 9 3 #=13
P 228 0 65 20 65 0 2 0
L 26 65 10 0 2 0 1 0 SFOUT1
A 0 65 10 0 1 0 PINTYPE=IN
A 15 65 10 0 9 3 #=8
E 
