V 51
K 42548015790 sn65hvd232d
|R 22:35_12-6-11
Y 1
D 0 0 160 200
Z 10
i 15
U 0 -10 10 0 3 0 VALUE=SN65HVD232D
U 20 230 10 0 3 0 MANF_P/N=XXXX
U 20 0 16 0 3 3 REFDES=U?
U 20 180 10 0 3 3 DEVICE=SN65HVD232D
P 14 160 140 140 140 0 3 0
A 160 140 10 0 9 0 PINTYPE=IN
A 151 140 10 0 9 3 #=8
L 120 135 10 0 3 0 0 0 VCC_8
T 135 120 10 0 8 NC
Q 15 0 0
c 105 80 3
Q 2 1 0
c 95 60 3
Q 2 1 0
l 2 105 140 105 80
l 2 80 110 80 150
l 2 80 130 50 150
l 2 80 50 50 70
l 2 50 70 80 90
l 2 80 50 80 90
c 83 60 3
c 83 120 3
b 20 20 140 178
l 2 80 140 105 140
l 2 95 120 95 60
l 2 86 120 95 120
P 15 160 120 140 120 0 3 0
A 160 120 10 0 9 0 PINTYPE=IN
A 151 120 10 0 9 3 #=5
L 120 115 10 0 3 0 0 0 VCC_5
P 11 160 160 140 160 0 3 0
A 160 160 10 0 9 0 PINTYPE=POWER
A 151 160 10 0 9 3 #=3
L 120 155 10 0 3 0 1 0 VCC
P 13 160 40 140 40 0 3 0
L 120 35 10 0 3 0 1 0 GND
A 160 40 10 0 9 0 PINTYPE=POWER
A 151 40 10 0 9 3 #=2
P 3 160 80 80 80 0 3 0
L 135 80 10 0 9 0 1 0 CANH
A 110 80 10 0 9 0 PINTYPE=BI
A 151 80 10 0 9 3 #=7
P 4 160 60 86 60 0 3 0
L 135 60 10 0 9 0 1 0 CANL
A 136 60 10 0 9 0 PINTYPE=BI
A 151 60 10 0 9 3 #=6
T 135 140 10 0 8 NC
Q 15 0 0
l 2 50 110 80 130
c 47 130 3
l 2 50 110 50 150
P 2 0 130 44 130 0 2 0
L 24 130 10 0 3 0 1 0 D
A 10 130 10 0 3 0 PINTYPE=IN
A 9 130 10 0 3 3 #=1
c 47 70 3
P 6 0 70 44 70 0 2 0
L 25 70 10 0 3 0 1 0 R
A 10 70 10 0 3 0 PINTYPE=OUT
A 9 70 10 0 3 3 #=4
U 140 5 10 0 9 3 PKG_TYPE=XXXX
E
