V 53
K 1441412117 SN65DP159RGZ.1
F Case
|R 17:15:17_9-4-15
D 0 439 240 0
Y 1
Z 10
i 1047
U 300 95 10 0 3 0 PARTS=1
U 300 85 10 0 3 0 LEVEL=STD
U 40 0 16 0 3 3 REFDES=U?
U 40 425 10 0 3 3 DEVICE=DEVICE
U 155 5 10 0 3 3 PKG_TYPE=PKG_TYPE
U 0 0 10 0 1 0 FORWARD_PCB=1
b 40 15 200 425
P 15 240 115 200 115 0 3 0
L 195 115 10 0 8 0 1 0 GND1
A 205 115 10 0 3 3 #=7
A 255 115 10 0 2 0 PINTYPE=GROUND
P 16 240 105 200 105 0 3 0
L 195 105 10 0 8 0 1 0 GND2
A 205 105 10 0 3 3 #=19
A 255 105 10 0 2 0 PINTYPE=GROUND
P 995 0 95 40 95 0 2 0
L 45 95 10 0 2 0 1 0 HDMI_SEL_B_A1
A -15 95 10 0 2 0 PINTYPE=IN
A 34 95 10 0 9 3 #=27
P 996 240 255 200 255 0 3 0
L 194 255 10 0 8 0 1 0 OUT_CLKP
A 255 255 10 0 8 0 PINTYPE=OUT
A 205 255 10 0 3 3 #=26
P 997 0 225 40 225 0 2 0
L 45 225 10 0 2 0 1 0 HPD_SRC
A -15 225 10 0 8 0 PINTYPE=OUT
A 35 225 10 0 9 3 #=4
P 998 0 285 40 285 0 2 0
L 45 285 10 0 2 0 1 0 IN_D2P
A -15 285 10 0 2 0 PINTYPE=IN
A 35 285 10 0 9 3 #=2
P 999 0 305 40 305 0 2 0
L 45 305 10 0 2 0 1 0 IN_D1P
A -15 305 10 0 8 0 PINTYPE=IN
A 35 305 10 0 9 3 #=5
P 1000 0 295 40 295 0 2 0
L 45 295 10 0 2 0 1 0 IN_D1N
A -15 295 10 0 8 0 PINTYPE=IN
A 35 295 10 0 9 3 #=6
P 1001 0 325 40 325 0 2 0
L 45 325 10 0 2 0 1 0 IN_D0P
A -15 325 10 0 8 0 PINTYPE=IN
A 35 325 10 0 9 3 #=8
P 1002 0 315 40 315 0 2 0
L 45 315 10 0 2 0 1 0 IN_D0N
A -15 315 10 0 8 0 PINTYPE=IN
A 35 315 10 0 9 3 #=9
P 1003 0 125 40 125 0 2 0
L 45 125 10 0 2 0 1 0 I2C_EN_PIN
A -15 125 10 0 8 0 PINTYPE=IN
A 35 125 10 0 9 3 #=10
P 1004 0 255 40 255 0 2 0
L 45 255 10 0 2 0 1 0 IN_CLKP
A -15 255 10 0 8 0 PINTYPE=IN
A 35 255 10 0 9 3 #=11
P 1005 0 245 40 245 0 2 0
L 45 245 10 0 2 0 1 0 IN_CLKN
A -15 245 10 0 8 0 PINTYPE=IN
A 35 245 10 0 9 3 #=12
P 1006 0 415 40 415 0 2 0
L 45 415 10 0 2 0 1 0 VCC1
A -15 415 10 0 8 0 PINTYPE=POWER
A 35 415 10 0 9 3 #=13
P 1007 0 385 40 385 0 2 0
L 45 385 10 0 2 0 1 0 VDD1
A -15 385 10 0 8 0 PINTYPE=POWER
A 35 385 10 0 9 3 #=14
P 1008 0 275 40 275 0 2 0
L 45 275 10 0 2 0 1 0 IN_D2N
A -15 275 10 0 8 0 PINTYPE=BI
A 35 275 10 0 9 3 #=3
P 1009 0 165 40 165 0 2 0
L 45 165 10 0 2 0 1 0 SDA_CTL
A 35 165 10 0 9 3 #=16
A -15 165 10 0 8 0 PINTYPE=BI
P 1010 0 175 40 175 0 2 0
L 45 175 10 0 2 0 1 0 SCL_CTL
A 35 175 10 0 9 3 #=15
A -15 175 10 0 8 0 PINTYPE=IN
P 1011 240 245 200 245 0 3 0
L 194 245 10 0 8 0 1 0 OUT_CLKN
A 255 245 10 0 8 0 PINTYPE=OUT
A 205 245 10 0 3 3 #=25
P 1012 0 365 40 365 0 2 0
L 45 365 10 0 2 0 1 0 VDD3
A 35 365 10 0 9 3 #=24
A -15 365 10 0 2 0 PINTYPE=POWER
P 1013 0 375 40 375 0 2 0
L 45 375 10 0 2 0 1 0 VDD2
A 35 375 10 0 9 3 #=23
A -15 375 10 0 2 0 PINTYPE=POWER
P 1014 0 145 40 145 0 2 0
L 45 145 10 0 2 0 1 0 VSADJ
A 35 145 10 0 9 3 #=22
A -15 145 10 0 2 0 PINTYPE=IN
P 1015 0 105 40 105 0 2 0
L 45 105 10 0 2 0 1 0 EQ_SEL_A0
A 35 105 10 0 9 3 #=21
A -15 105 10 0 8 0 PINTYPE=BI
P 1016 0 115 40 115 0 2 0
L 45 115 10 0 2 0 1 0 PRE_SEL
A 35 115 10 0 9 3 #=20
A -15 115 10 0 8 0 PINTYPE=IN
P 1018 240 325 200 325 0 3 0
L 194 325 10 0 8 0 1 0 OUT_D0P
A 205 325 10 0 3 3 #=29
A 255 325 10 0 8 0 PINTYPE=OUT
P 1019 240 315 200 315 0 3 0
L 194 315 10 0 8 0 1 0 OUT_D0N
A 205 315 10 0 3 3 #=28
A 255 315 10 0 8 0 PINTYPE=OUT
P 1020 240 295 200 295 0 3 0
L 194 295 10 0 8 0 1 0 OUT_D1N
A 255 295 10 0 2 0 PINTYPE=OUT
A 205 295 10 0 3 3 #=31
P 1021 240 305 200 305 0 3 0
L 194 305 10 0 8 0 1 0 OUT_D1P
A 255 305 10 0 2 0 PINTYPE=OUT
A 205 305 10 0 3 3 #=32
P 1022 240 225 200 225 0 3 0
L 194 225 10 0 8 0 1 0 HPD_SNK
A 255 225 10 0 8 0 PINTYPE=IN
A 205 225 10 0 3 3 #=33
P 1023 240 275 200 275 0 3 0
L 194 275 10 0 8 0 1 0 OUT_D2N
A 255 275 10 0 2 0 PINTYPE=OUT
A 205 275 10 0 3 3 #=34
P 1027 0 405 40 405 0 2 0
L 45 405 10 0 2 0 1 0 VCC2
A 35 405 10 0 9 3 #=43
A -15 405 10 0 8 0 PINTYPE=POWER
P 1028 0 205 40 205 0 2 0
L 45 205 10 0 2 0 1 0 SCL_SRC
A 35 205 10 0 9 3 #=46
A -15 205 10 0 8 0 PINTYPE=IN
P 1029 0 195 40 195 0 2 0
L 45 195 10 0 2 0 1 0 SDA_SRC
A 35 195 10 0 9 3 #=47
A -15 195 10 0 8 0 PINTYPE=BI
P 1030 0 345 40 345 0 2 0
L 45 345 10 0 2 0 1 0 VDD5
A 35 345 10 0 9 3 #=48
A -15 345 10 0 8 0 PINTYPE=POWER
P 1031 240 75 200 75 0 3 0
L 195 75 10 0 8 0 1 0 GND_TAB
A 205 75 10 0 3 3 #=49
A 255 75 10 0 2 0 PINTYPE=GROUND
P 1032 240 205 200 205 0 3 0
L 194 205 10 0 8 0 1 0 SCL_SNK
A 205 205 10 0 3 3 #=38
A 255 205 10 0 2 0 PINTYPE=IN
P 1033 240 195 200 195 0 3 0
L 194 195 10 0 8 0 1 0 SDA_SNK
A 205 195 10 0 3 3 #=39
A 255 195 10 0 2 0 PINTYPE=BI
P 1034 240 285 200 285 0 3 0
L 194 285 10 0 8 0 1 0 OUT_D2P
A 205 285 10 0 3 3 #=35
A 255 285 10 0 8 0 PINTYPE=OUT
P 1035 0 75 40 75 0 2 0
L 45 75 10 0 2 0 1 0 OE
A 35 75 10 0 9 3 #=42
A -15 75 10 0 8 0 PINTYPE=IN
P 1037 0 85 40 85 0 2 0
L 45 85 10 0 2 0 1 0 SLEW_CTL
A 35 85 10 0 9 3 #=40
A -15 85 10 0 8 0 PINTYPE=IN
P 1038 0 355 40 355 0 2 0
L 45 355 10 0 2 0 1 0 VDD4
A 35 355 10 0 9 3 #=37
A -15 355 10 0 8 0 PINTYPE=POWER
P 1171 240 95 200 95 0 3 0
L 195 95 10 0 8 0 1 0 GND3
A 205 95 10 0 3 3 #=30
A 255 95 10 0 2 0 PINTYPE=GROUND
P 1175 240 85 200 85 0 3 0
L 195 85 10 0 8 0 1 0 GND4
A 205 85 10 0 3 3 #=41
A 255 85 10 0 2 0 PINTYPE=GROUND
P 1179 240 155 200 155 0 3 0
L 195 155 10 0 8 0 1 0 NC
A 205 155 10 0 3 3 #=17
A 255 155 10 0 2 0 PINTYPE=GROUND
P 1183 0 65 40 65 0 2 0
L 45 65 10 0 2 0 1 0 SWAP_POL
A 35 65 10 0 9 3 #=1
A -15 65 10 0 8 0 PINTYPE=IN
P 1187 0 55 40 55 0 2 0
L 45 55 10 0 2 0 1 0 CEC_EN
A 35 55 10 0 9 3 #=18
A -15 55 10 0 8 0 PINTYPE=IN
P 1191 0 45 40 45 0 2 0
L 45 45 10 0 2 0 1 0 TX_TERM_CTL
A 35 45 10 0 9 3 #=36
A -15 45 10 0 8 0 PINTYPE=IN
P 1195 0 35 40 35 0 2 0
L 45 35 10 0 2 0 1 0 AUX_SRC_N
A 35 35 10 0 9 3 #=44
A -15 35 10 0 8 0 PINTYPE=IN
P 1199 0 25 40 25 0 2 0
L 45 25 10 0 2 0 1 0 AUX_SRC_P
A 35 25 10 0 9 3 #=45
A -15 25 10 0 8 0 PINTYPE=IN
E 
