V 53
K 1421806991 sn74auc125.1
F Case
|R 18:23:11_1-20-15
D 0 180 120 0
Y 1
Z 10
i 79
U 0 -40 10 0 3 0 DIST=DIGIKEY
U 0 -30 10 0 3 0 MFG_P/N=SN74LVC125APWR
U 0 -10 10 0 3 0 MFG=TEXAS INSTRUMENTS
U 20 0 16 0 3 3 REFDES=U?
U 0 -50 10 0 3 0 DIST_P/N=296-1222-2-ND
U 55 10 10 0 3 3 PKG_TYPE=PKG_TYPE
U 25 160 10 0 3 3 DEVICE=DEVICE
U 0 0 10 0 1 0 VALUE=VALUE
U 0 -14 10 0 1 0 MANF_P/N=MANF_P/N
U 0 0 10 0 1 0 FORWARD_PCB=1
b 20 20 100 160
P 1 0 120 20 120 0 2 0
L 25 115 10 0 3 0 1 0 A1
A 0 120 10 0 3 0 PINTYPE=IN
A 10 120 10 0 3 3 #=2
P 3 0 110 20 110 0 2 0
L 25 105 10 0 3 0 1 0 A2
A 0 110 10 0 3 0 PINTYPE=IN
A 10 110 10 0 3 3 #=5
P 4 0 100 20 100 0 2 0
L 25 95 10 0 3 0 1 0 A3
A 0 100 10 0 3 0 PINTYPE=IN
A 10 100 10 0 3 3 #=9
P 5 0 90 20 90 0 2 0
L 25 85 10 0 3 0 1 0 A4
A 0 90 10 0 3 0 PINTYPE=IN
A 5 90 10 0 3 3 #=12
P 10 120 120 100 120 0 3 0
L 85 115 10 0 3 0 1 0 Y1
A 120 120 10 0 9 0 PINTYPE=OUT
A 110 120 10 0 9 3 #=3
P 11 120 110 100 110 0 3 0
L 85 105 10 0 3 0 1 0 Y2
A 120 110 10 0 9 0 PINTYPE=OUT
A 110 110 10 0 9 3 #=6
P 12 120 100 100 100 0 3 0
L 85 95 10 0 3 0 1 0 Y3
A 120 100 10 0 9 0 PINTYPE=OUT
A 110 100 10 0 9 3 #=8
P 13 120 90 100 90 0 3 0
L 85 85 10 0 3 0 1 0 Y4
A 120 90 10 0 9 0 PINTYPE=OUT
A 115 90 10 0 9 3 #=11
P 17 0 40 20 40 0 2 0
L 25 35 10 0 3 0 1 0 OE4_B
A 0 40 10 0 3 0 PINTYPE=IN
A 5 40 10 0 3 3 #=13
P 18 0 50 20 50 0 2 0
L 25 45 10 0 3 0 1 0 OE3_B
A 0 50 10 0 3 0 PINTYPE=IN
A 5 50 10 0 3 3 #=10
P 19 120 140 100 140 0 3 0
L 80 135 10 0 3 0 1 0 VCC
A 120 140 10 0 9 0 PINTYPE=OUT
A 115 140 10 0 9 3 #=14
P 20 120 40 100 40 0 3 0
L 80 35 10 0 3 0 1 0 GND
A 120 40 10 0 9 0 PINTYPE=OUT
A 110 40 10 0 9 3 #=7
P 21 0 70 20 70 0 2 0
L 25 65 10 0 3 0 1 0 OE1_B
A 0 70 10 0 3 0 PINTYPE=IN
A 10 70 10 0 3 3 #=1
P 22 0 60 20 60 0 2 0
L 25 55 10 0 3 0 1 0 OE2_B
A 0 60 10 0 3 0 PINTYPE=IN
A 10 60 10 0 3 3 #=4
P 78 120 50 100 50 0 3 0
L 85 45 10 0 3 0 1 0 TP
A 120 50 10 0 9 0 PINTYPE=OUT
A 115 50 10 0 9 3 #=15
E 
