V 53
K 1377120016 sn74avc16t245.1
F Case
|R 14:20:16_8-21-13
D 0 360 130 0
Y 1
Z 10
i 534
U 0 -30 10 0 3 0 MANF=TEXAS INSTRUMENTS
U -90 90 10 0 3 0 MANF_P/N=SN74AVC16T245DGGR
U 20 360 10 0 3 0 VALUE=SN74AVC16T245
U 65 0 10 0 3 3 PKG_TYPE=XXXX
U 20 -5 16 0 3 3 REFDES=U?
U 20 340 10 0 3 3 DEVICE=SN74AVC16T245
U 0 0 10 0 1 0 FORWARD_PCB=1
b 20 15 110 340
T 25 60 10 0 2 GND
Q 15 0 0
|FNTSTL 16777215 0
T 25 50 10 0 2 GND
Q 15 0 0
|FNTSTL 16777215 0
T 25 40 10 0 2 GND
Q 15 0 0
|FNTSTL 16777215 0
T 25 30 10 0 2 GND
Q 15 0 0
|FNTSTL 16777215 0
T 105 60 10 0 8 GND
Q 15 0 0
|FNTSTL 16777215 0
T 105 50 10 0 8 GND
Q 15 0 0
|FNTSTL 16777215 0
T 105 40 10 0 8 GND
Q 15 0 0
|FNTSTL 16777215 0
T 105 30 10 0 8 GND
Q 15 0 0
|FNTSTL 16777215 0
T 25 325 10 0 2 VCCA
Q 15 0 0
|FNTSTL 16777215 0
T 25 315 10 0 2 VCCA
Q 15 0 0
|FNTSTL 16777215 0
T 105 325 10 0 8 VCCB
Q 15 0 0
|FNTSTL 16777215 0
T 105 315 10 0 8 VCCB
Q 15 0 0
|FNTSTL 16777215 0
P 3 130 180 110 180 0 3 0
L 104 180 10 0 8 0 1 0 2B1
Q 15 0 0
|FNTSTL 16777215 0
A 115 180 10 0 3 3 #=13
A 105 180 10 0 9 0 PINTYPE=BI
P 17 130 170 110 170 0 3 0
L 104 170 10 0 8 0 1 0 2B2
Q 15 0 0
|FNTSTL 16777215 0
A 115 170 10 0 3 3 #=14
A 105 170 10 0 9 0 PINTYPE=BI
P 22 130 30 110 30 0 3 0
L 85 25 10 0 3 0 0 0 GND5
A 130 30 10 0 9 0 PINTYPE=GROUND
A 115 30 10 0 3 3 #=28
P 39 0 40 20 40 0 2 0
L 25 35 10 0 3 0 0 0 GND2
A -40 40 10 0 3 0 PINTYPE=GROUND
A 15 40 10 0 9 3 #=10
P 44 130 150 110 150 0 3 0
L 104 150 10 0 8 0 1 0 2B4
Q 15 0 0
|FNTSTL 16777215 0
A 115 150 10 0 3 3 #=17
A 105 150 10 0 9 0 PINTYPE=BI
P 45 130 160 110 160 0 3 0
L 104 160 10 0 8 0 1 0 2B3
Q 15 0 0
|FNTSTL 16777215 0
A 115 160 10 0 3 3 #=16
A 105 160 10 0 9 0 PINTYPE=BI
P 48 130 130 110 130 0 3 0
L 104 130 10 0 8 0 1 0 2B6
Q 15 0 0
|FNTSTL 16777215 0
A 115 130 10 0 3 3 #=20
A 105 130 10 0 9 0 PINTYPE=BI
P 49 130 140 110 140 0 3 0
L 104 140 10 0 8 0 1 0 2B5
Q 15 0 0
|FNTSTL 16777215 0
A 115 140 10 0 3 3 #=19
A 105 140 10 0 9 0 PINTYPE=BI
P 54 130 120 110 120 0 3 0
L 104 120 10 0 8 0 1 0 2B7
Q 15 0 0
|FNTSTL 16777215 0
A 115 120 10 0 3 3 #=22
A 105 120 10 0 9 0 PINTYPE=BI
P 55 130 110 110 110 0 3 0
L 104 110 10 0 8 0 1 0 2B8
Q 15 0 0
|FNTSTL 16777215 0
A 115 110 10 0 3 3 #=23
A 105 110 10 0 9 0 PINTYPE=BI
P 58 0 110 20 110 0 2 0
L 25 110 10 0 2 0 1 0 2A8
Q 15 0 0
|FNTSTL 16777215 0
A 15 110 10 0 9 3 #=26
A 25 110 10 0 3 0 PINTYPE=BI
P 59 0 120 20 120 0 2 0
L 25 120 10 0 2 0 1 0 2A7
Q 15 0 0
|FNTSTL 16777215 0
A 15 120 10 0 9 3 #=27
A 25 120 10 0 3 0 PINTYPE=BI
P 60 130 40 110 40 0 3 0
L 85 35 10 0 3 0 0 0 GND6
A 115 40 10 0 3 3 #=34
A 130 40 10 0 9 0 PINTYPE=GROUND
P 61 0 30 20 30 0 2 0
L 25 25 10 0 3 0 0 0 GND1
A 15 30 10 0 9 3 #=4
A -40 30 10 0 3 0 PINTYPE=GROUND
P 63 130 50 110 50 0 3 0
L 85 45 10 0 3 0 0 0 GND7
A 130 50 10 0 9 0 PINTYPE=GROUND
A 115 50 10 0 3 3 #=39
P 64 0 50 20 50 0 2 0
L 25 45 10 0 3 0 0 0 GND3
A -40 50 10 0 3 0 PINTYPE=GROUND
A 15 50 10 0 9 3 #=15
P 65 0 60 20 60 0 2 0
L 25 55 10 0 3 0 0 0 GND4
A 15 60 10 0 9 3 #=21
A -40 60 10 0 3 0 PINTYPE=GROUND
P 66 130 60 110 60 0 3 0
L 85 55 10 0 3 0 0 0 GND8
A 115 60 10 0 3 3 #=45
A 130 60 10 0 9 0 PINTYPE=GROUND
P 67 0 80 20 80 0 2 0
L 25 80 10 0 2 0 1 0 2OE_B
Q 15 0 0
|FNTSTL 16777215 0
A -40 80 10 0 3 0 PINTYPE=IN
A 15 80 10 0 9 3 #=25
P 68 0 290 20 290 0 2 0
L 25 290 10 0 2 0 1 0 2DIR
Q 15 0 0
|FNTSTL 16777215 0
A 15 290 10 0 9 3 #=24
A 25 290 10 0 3 0 PINTYPE=IN
P 308 0 90 20 90 0 2 0
L 25 90 10 0 2 0 1 0 1OE_B
Q 15 0 0
|FNTSTL 16777215 0
A -40 90 10 0 3 0 PINTYPE=IN
A 15 90 10 0 9 3 #=48
P 316 0 130 20 130 0 2 0
L 25 130 10 0 2 0 1 0 2A6
Q 15 0 0
|FNTSTL 16777215 0
A 15 130 10 0 9 3 #=29
A 25 130 10 0 3 0 PINTYPE=BI
P 320 0 140 20 140 0 2 0
L 25 140 10 0 2 0 1 0 2A5
Q 15 0 0
|FNTSTL 16777215 0
A 15 140 10 0 9 3 #=30
A 25 140 10 0 3 0 PINTYPE=BI
P 324 0 150 20 150 0 2 0
L 25 150 10 0 2 0 1 0 2A4
Q 15 0 0
|FNTSTL 16777215 0
A 15 150 10 0 9 3 #=32
A 25 150 10 0 3 0 PINTYPE=BI
P 325 0 160 20 160 0 2 0
L 25 160 10 0 2 0 1 0 2A3
Q 15 0 0
|FNTSTL 16777215 0
A 15 160 10 0 9 3 #=33
A 25 160 10 0 3 0 PINTYPE=BI
P 329 0 180 20 180 0 2 0
L 25 180 10 0 2 0 1 0 2A1
Q 15 0 0
|FNTSTL 16777215 0
A 15 180 10 0 9 3 #=36
A 25 180 10 0 3 0 PINTYPE=BI
P 340 0 170 20 170 0 2 0
L 25 170 10 0 2 0 1 0 2A2
Q 15 0 0
|FNTSTL 16777215 0
A 15 170 10 0 9 3 #=35
A 25 170 10 0 3 0 PINTYPE=BI
P 419 0 200 20 200 0 2 0
L 25 200 10 0 2 0 1 0 1A8
Q 15 0 0
|FNTSTL 16777215 0
A 15 200 10 0 9 3 #=37
A 25 200 10 0 3 0 PINTYPE=BI
P 422 0 210 20 210 0 2 0
L 25 210 10 0 2 0 1 0 1A7
Q 15 0 0
|FNTSTL 16777215 0
A 15 210 10 0 9 3 #=38
A 25 210 10 0 3 0 PINTYPE=BI
P 423 0 220 20 220 0 2 0
L 25 220 10 0 2 0 1 0 1A6
Q 15 0 0
|FNTSTL 16777215 0
A 15 220 10 0 9 3 #=40
A 25 220 10 0 3 0 PINTYPE=BI
P 426 0 230 20 230 0 2 0
L 25 230 10 0 2 0 1 0 1A5
Q 15 0 0
|FNTSTL 16777215 0
A 15 230 10 0 9 3 #=41
A 25 230 10 0 3 0 PINTYPE=BI
P 429 0 240 20 240 0 2 0
L 25 240 10 0 2 0 1 0 1A4
Q 15 0 0
|FNTSTL 16777215 0
A 15 240 10 0 9 3 #=43
A 25 240 10 0 3 0 PINTYPE=BI
P 434 0 250 20 250 0 2 0
L 25 250 10 0 2 0 1 0 1A3
Q 15 0 0
|FNTSTL 16777215 0
A 15 250 10 0 9 3 #=44
A 25 250 10 0 3 0 PINTYPE=BI
P 437 0 270 20 270 0 2 0
L 25 270 10 0 2 0 1 0 1A1
Q 15 0 0
|FNTSTL 16777215 0
A 15 270 10 0 9 3 #=47
A 25 270 10 0 3 0 PINTYPE=BI
P 438 0 260 20 260 0 2 0
L 25 260 10 0 2 0 1 0 1A2
Q 15 0 0
|FNTSTL 16777215 0
A 15 260 10 0 9 3 #=46
A 25 260 10 0 3 0 PINTYPE=BI
P 449 0 325 20 325 0 2 0
L 25 325 10 0 2 0 0 0 VCCA1
Q 15 0 0
|FNTSTL 16777215 0
A 15 325 10 0 9 3 #=31
A 25 325 10 0 3 0 PINTYPE=POWER
P 456 0 315 20 315 0 2 0
L 25 315 10 0 2 0 0 0 VCCA2
Q 15 0 0
|FNTSTL 16777215 0
A 15 315 10 0 9 3 #=42
A 25 315 10 0 3 0 PINTYPE=POWER
P 473 130 200 110 200 0 3 0
L 104 200 10 0 8 0 1 0 1B8
Q 15 0 0
|FNTSTL 16777215 0
A 115 200 10 0 3 3 #=12
A 105 200 10 0 9 0 PINTYPE=BI
P 475 130 210 110 210 0 3 0
L 104 210 10 0 8 0 1 0 1B7
Q 15 0 0
|FNTSTL 16777215 0
A 115 210 10 0 3 3 #=11
A 105 210 10 0 9 0 PINTYPE=BI
P 478 130 220 110 220 0 3 0
L 104 220 10 0 8 0 1 0 1B6
Q 15 0 0
|FNTSTL 16777215 0
A 115 220 10 0 3 3 #=9
A 105 220 10 0 9 0 PINTYPE=BI
P 480 130 230 110 230 0 3 0
L 104 230 10 0 8 0 1 0 1B5
Q 15 0 0
|FNTSTL 16777215 0
A 115 230 10 0 3 3 #=8
A 105 230 10 0 9 0 PINTYPE=BI
P 482 130 240 110 240 0 3 0
L 104 240 10 0 8 0 1 0 1B4
Q 15 0 0
|FNTSTL 16777215 0
A 115 240 10 0 3 3 #=6
A 105 240 10 0 9 0 PINTYPE=BI
P 483 130 250 110 250 0 3 0
L 104 250 10 0 8 0 1 0 1B3
Q 15 0 0
|FNTSTL 16777215 0
A 115 250 10 0 3 3 #=5
A 105 250 10 0 9 0 PINTYPE=BI
P 485 130 270 110 270 0 3 0
L 104 270 10 0 8 0 1 0 1B1
Q 15 0 0
|FNTSTL 16777215 0
A 115 270 10 0 3 3 #=2
A 105 270 10 0 9 0 PINTYPE=BI
P 488 130 260 110 260 0 3 0
L 104 260 10 0 8 0 1 0 1B2
Q 15 0 0
|FNTSTL 16777215 0
A 115 260 10 0 3 3 #=3
A 105 260 10 0 9 0 PINTYPE=BI
P 490 130 325 110 325 0 3 0
L 105 325 10 0 8 0 0 0 VCCB1
Q 15 0 0
|FNTSTL 16777215 0
A 115 325 10 0 3 3 #=7
A 105 325 10 0 9 0 PINTYPE=POWER
P 491 130 315 110 315 0 3 0
L 104 315 10 0 8 0 0 0 VCCB2
Q 15 0 0
|FNTSTL 16777215 0
A 115 315 10 0 3 3 #=18
A 105 315 10 0 9 0 PINTYPE=POWER
P 533 0 300 20 300 0 2 0
L 25 300 10 0 2 0 1 0 1DIR
Q 15 0 0
|FNTSTL 16777215 0
A 15 300 10 0 9 3 #=1
A 25 300 10 0 3 0 PINTYPE=IN
E 
