V 51
K 82800739590 sn74lvc1g00
|R 17:43_7-14-13
Y 1
D 0 0 120 100
Z 10
i 5
U 0 -60 10 0 3 0 DIST_P/N=296-9846-1-ND
U 0 -30 10 0 3 0 DIST=DIGIKEY
U 0 -20 10 0 3 0 MFG_P/N=SN74LVC1G00DCKT
U 0 -10 10 0 3 0 MFG=TI
U 0 -50 10 0 3 0 LEVEL=STD
U 0 -40 10 0 3 0 PARTS=1
U 20 0 16 0 3 3 REFDES=U?
U 50 85 10 0 9 3 DEVICE=SN74LVC1G00
U 80 5 10 0 3 3 PKG_TYPE=SC70_5
P 3 60 100 60 80 0 0 0
L 60 80 10 0 3 0 0 0 VCC
A 67 95 10 6 9 3 #=5
A 65 90 10 5 2 0 PINTYPE=IN
P 1 0 60 20 60 0 2 0
L 25 60 10 0 2 0 1 0 A
Q 14 0 0
A 15 60 10 0 9 3 #=1
A 30 65 10 0 2 0 PINTYPE=IN
P 2 0 40 20 40 0 2 0
L 25 40 10 0 2 0 1 0 B
Q 14 0 0
A 15 40 10 0 9 3 #=2
A 30 45 10 0 2 0 PINTYPE=IN
P 5 60 0 60 20 0 1 0
L 60 20 10 0 3 1 0 0 GND
A 62 15 10 2 9 3 #=3
A 65 20 10 1 2 0 PINTYPE=IN
P 4 120 50 100 50 0 3 0
L 95 50 10 0 8 0 1 0 Y
Q 14 0 0
A 105 50 10 0 3 3 #=4
A 100 60 10 0 2 0 PINTYPE=OUT
T 49 45 10 0 3 NAND
l 2 81 50 87 50
l 2 45 40 35 40
l 2 60 35 45 35
l 2 60 65 45 65
T 60 20 10 0 6 GND
Q 14 0 0
T 60 80 10 0 4 VCC
Q 14 0 0
l 2 45 35 45 65
a 60 35 75 50 60 65
l 2 45 60 35 60
c 78 50 3
b 20 20 100 80
E
