V 53
K 1376704033 sn74avc4t245b.1
F Case
|R 18:47:13_8-16-13
D 0 185 130 5
Y 1
Z 10
i 44
U 0 -10 10 0 3 0 HETERO=SN74AVC4T245,(SN74AVC4T245A)
U 0 -140 10 0 3 0 PRICE=0.462
U 0 -130 10 0 3 0 ROHS=YES
U 0 -120 10 0 3 0 IBIS=
U 0 -110 10 0 3 0 POWER=
U 0 -100 10 0 3 0 VOLTAGE=
U 0 -90 10 0 3 0 PART_TYPE=IC
U 0 -80 10 0 3 0 DIST_P/N=296-24366-2-ND
U 0 -70 10 0 3 0 DIST=DIGIKEY
U 0 -60 10 0 3 0 DATASHEET=
U 0 -30 10 0 3 0 MANF=TEXAS INSTRUMENTS
U -90 90 10 0 3 0 MANF_P/N=SN74AVC4T245RSVR
U 20 360 10 0 3 0 VALUE=SN74AVC4T245
U 20 15 16 0 3 3 REFDES=U?
U 70 20 10 0 3 3 PKG_TYPE=QFN-RSV-16
U 25 170 10 0 3 3 DEVICE=SN74AVC4T245
U 0 5 10 0 1 0 FORWARD_PCB=1
T 105 50 10 0 8 GND
Q 15 0 0
|FNTSTL 16777215 0
T 105 60 10 0 8 GND
Q 15 0 0
|FNTSTL 16777215 0
b 20 35 110 170
|GRPHSTL 32000 0 0 1
P 2 0 130 20 130 0 2 0
L 25 130 10 0 2 0 1 0 1A1
Q 15 0 0
|FNTSTL 16777215 0
A 25 130 10 0 3 0 PINTYPE=BI
A 15 130 10 0 9 3 #=6
P 3 130 130 110 130 0 3 0
L 105 130 10 0 8 0 1 0 1B1
Q 15 0 0
|FNTSTL 16777215 0
A 95 130 10 0 9 0 PINTYPE=BI
A 115 130 10 0 3 3 #=15
P 17 130 120 110 120 0 3 0
L 105 120 10 0 8 0 1 0 1B2
Q 15 0 0
|FNTSTL 16777215 0
A 95 120 10 0 9 0 PINTYPE=BI
A 115 120 10 0 3 3 #=14
P 18 0 120 20 120 0 2 0
L 25 120 10 0 2 0 1 0 1A2
Q 15 0 0
|FNTSTL 16777215 0
A 25 120 10 0 3 0 PINTYPE=BI
A 15 120 10 0 9 3 #=7
P 22 130 60 110 60 0 3 0
L 75 55 10 0 3 0 0 0 GND2
A 130 60 10 0 9 0 PINTYPE=IN
A 115 60 10 0 3 3 #=11
P 23 130 100 110 100 0 3 0
L 105 100 10 0 8 0 1 0 2B2
Q 15 0 0
|FNTSTL 16777215 0
A 95 100 10 0 9 0 PINTYPE=BI
A 115 100 10 0 3 3 #=12
P 24 0 110 20 110 0 2 0
L 25 110 10 0 2 0 1 0 2A1
Q 15 0 0
|FNTSTL 16777215 0
A 25 120 10 0 3 0 PINTYPE=BI
A 15 110 10 0 9 3 #=8
P 25 0 100 20 100 0 2 0
L 25 100 10 0 2 0 1 0 2A2
Q 15 0 0
|FNTSTL 16777215 0
A 25 100 10 0 3 0 PINTYPE=BI
A 15 100 10 0 9 3 #=9
P 26 0 70 20 70 0 2 0
L 25 70 10 0 2 0 1 0 2OE_B
Q 15 0 0
|FNTSTL 16777215 0
A -40 70 10 0 3 0 PINTYPE=IN
A 15 70 10 0 9 3 #=16
P 27 130 110 110 110 0 3 0
L 105 110 10 0 8 0 1 0 2B1
Q 15 0 0
|FNTSTL 16777215 0
A 95 120 10 0 9 0 PINTYPE=BI
A 115 110 10 0 3 3 #=13
P 38 0 80 20 80 0 2 0
L 25 80 10 0 2 0 1 0 1OE_B
Q 15 0 0
|FNTSTL 16777215 0
A -40 80 10 0 3 0 PINTYPE=IN
A 15 80 10 0 9 3 #=1
P 39 130 50 110 50 0 3 0
L 105 45 10 0 9 0 0 0 GND1
A 170 50 10 0 9 0 PINTYPE=IN
A 115 50 10 0 3 3 #=10
P 40 0 150 20 150 0 2 0
L 25 150 10 0 2 0 1 0 VCCA
Q 15 0 0
|FNTSTL 16777215 0
A -40 150 10 0 3 0 PINTYPE=IN
A 15 150 10 0 9 3 #=3
P 41 130 150 110 150 0 3 0
L 105 150 10 0 8 0 1 0 VCCB
Q 15 0 0
|FNTSTL 16777215 0
A 130 150 10 0 9 0 PINTYPE=IN
A 115 150 10 0 3 3 #=2
P 42 130 80 110 80 0 3 0
L 105 80 10 0 8 0 1 0 1DIR
Q 15 0 0
|FNTSTL 16777215 0
A 130 80 10 0 9 0 PINTYPE=IN
A 115 80 10 0 3 3 #=4
P 43 130 70 110 70 0 3 0
L 105 70 10 0 8 0 1 0 2DIR
Q 15 0 0
|FNTSTL 16777215 0
A 130 70 10 0 9 0 PINTYPE=IN
A 115 70 10 0 3 3 #=5
E 
