V 53
K 1420321575 sn74lvc1g123.1
F Case
|R 13:46:15_1-3-15
D 0 100 135 0
Y 1
Z 10
i 50
U 0 -20 10 0 3 0 MANF_P/N=MANF_P/N
U -190 -50 10 0 3 0 PARTS=1
U 20 -5 16 0 3 3 REFDES=U?
U 65 0 10 0 3 3 PKG_TYPE=PKG_TYPE
U 20 90 10 0 3 3 DEVICE=DEVICE
U 0 0 10 0 1 0 FORWARD_PCB=1
b 20 10 115 90
P 18 0 60 20 60 0 2 0
L 25 60 10 0 2 0 1 0 A_B
A 15 60 10 0 9 3 #=1
A -30 50 10 0 9 0 PINTYPE=BI
P 19 135 80 115 80 0 3 0
L 110 80 10 0 8 0 1 0 Q
A 120 80 10 0 3 3 #=5
A 175 75 10 0 3 0 PINTYPE=BI
P 20 0 40 20 40 0 2 0
L 25 40 10 0 2 0 1 0 B
A -30 30 10 0 9 0 PINTYPE=BI
A 15 40 10 0 9 3 #=2
P 22 0 20 20 20 0 2 0
L 25 20 10 0 2 0 1 0 CLR_B
A 15 20 10 0 9 3 #=3
A -30 10 10 0 9 0 PINTYPE=BI
P 27 135 20 115 20 0 3 0
L 110 20 10 0 8 0 1 0 GND
A 120 20 10 0 3 3 #=4
A 175 15 10 0 3 0 PINTYPE=BI
P 38 135 60 115 60 0 3 0
L 110 60 10 0 8 0 1 0 REXT_CEXT
A 120 60 10 0 3 3 #=7
A 175 55 10 0 3 0 PINTYPE=BI
P 40 135 40 115 40 0 3 0
L 110 40 10 0 8 0 1 0 CEXT
A 120 40 10 0 3 3 #=6
A 175 35 10 0 3 0 PINTYPE=BI
P 49 0 80 20 80 0 2 0
L 25 80 10 0 2 0 1 0 VCC
A -30 70 10 0 9 0 PINTYPE=BI
A 15 80 10 0 9 3 #=8
E 
