V 53
K 1446138744 sn74cb3t3257pw.1
F Case
|R 11:12:24_10-29-15
D -30 140 130 0
Y 1
Z 10
i 17
U 0 -20 10 0 3 0 MANF_P/N=XXXX
U 0 0 9 0 3 0 PARTS=1
U 0 130 10 0 3 0 VALUE=XXXX
U 0 130 10 0 3 3 DEVICE=XXXX
U 70 0 10 0 3 3 PKG_TYPE=XXXX
U -3 -5 16 0 3 3 REFDES=U?
U -30 0 10 0 1 0 FORWARD_PCB=1
b 0 15 100 130
Q 10 0 0
|GRPHSTL 65280 0 0 1
T 15 105 10 0 2 (L=B1)
P 11 -30 95 0 95 0 2 0
L 5 95 10 0 2 0 1 0 1B1
A -5 95 10 0 9 3 #=2
A 0 -15 9 0 3 0 PINTYPE=BI
P 12 -30 105 0 105 0 2 0
L 5 105 10 0 2 0 1 0 S
A -5 105 10 0 9 3 #=1
A 0 5 9 0 3 0 PINTYPE=IN
P 13 -30 85 0 85 0 2 0
L 5 85 10 0 2 0 1 0 1B2
A -5 85 10 0 9 3 #=3
A 0 -5 9 0 3 0 PINTYPE=BI
P 14 -30 75 0 75 0 2 0
L 5 75 10 0 2 0 1 0 1A
A -5 75 10 0 9 3 #=4
A 0 -5 9 0 3 0 PINTYPE=BI
P 16 -30 35 0 35 0 2 0
L 5 35 10 0 2 0 1 0 GND
A -5 35 10 0 9 3 #=8
A 0 15 9 0 3 0 PINTYPE=POWER
P 17 -30 65 0 65 0 2 0
L 5 65 10 0 2 0 1 0 2B1
A -5 65 10 0 9 3 #=5
A 0 -5 9 0 3 0 PINTYPE=BI
P 18 -30 55 0 55 0 2 0
L 5 55 10 0 2 0 1 0 2B2
A -5 55 10 0 9 3 #=6
A 0 -5 9 0 3 0 PINTYPE=BI
P 20 -30 45 0 45 0 2 0
L 5 45 10 0 2 0 1 0 2A
A -5 45 10 0 9 3 #=7
A 0 -5 9 0 3 0 PINTYPE=BI
Q 0 5 0
|FNTSTL 0 5
P 21 130 95 100 95 0 3 0
L 95 95 10 0 8 0 1 0 OE_B
A 105 95 10 0 3 3 #=15
A 0 -15 9 0 3 0 PINTYPE=IN
P 22 130 105 100 105 0 3 0
L 95 105 10 0 8 0 1 0 VCC
A 105 105 10 0 3 3 #=16
A 0 5 9 0 3 0 PINTYPE=POWER
P 23 130 85 100 85 0 3 0
L 95 85 10 0 8 0 1 0 4B1
A 105 85 10 0 3 3 #=14
A 0 -5 9 0 3 0 PINTYPE=BI
P 24 130 75 100 75 0 3 0
L 95 75 10 0 8 0 1 0 4B2
A 105 75 10 0 3 3 #=13
A 0 -5 9 0 3 0 PINTYPE=BI
P 25 130 65 100 65 0 3 0
L 95 65 10 0 8 0 1 0 4A
A 105 65 10 0 3 3 #=12
A 0 -5 9 0 3 0 PINTYPE=BI
P 26 130 45 100 45 0 3 0
L 95 45 10 0 8 0 1 0 3B2
A 105 45 10 0 3 3 #=10
A 0 -5 9 0 3 0 PINTYPE=BI
P 27 130 35 100 35 0 3 0
L 95 35 10 0 8 0 1 0 3A
A 105 35 10 0 3 3 #=9
A 0 15 9 0 3 0 PINTYPE=BI
P 28 130 55 100 55 0 3 0
L 95 55 10 0 8 0 1 0 3B1
A 105 55 10 0 3 3 #=11
A 0 -5 6 0 3 0 PINTYPE=BI
E 
