V 51
K 148002597800 sn74lvc1g02
|R 17:44_7-14-13
Y 1
D 0 0 120 100
Z 10
i 6
U 0 -50 10 0 3 0 LEVEL=STD
U 0 -40 10 0 3 0 PARTS=1
U 20 0 16 0 3 3 REFDES=U?
U 50 85 10 0 9 3 DEVICE=SN74LVC1G02
P 1 0 60 20 60 0 2 0
L 25 60 10 0 2 0 1 0 A
Q 14 0 0
A 15 60 10 0 9 3 #=1
A 30 65 10 0 2 0 PINTYPE=IN
P 6 0 40 20 40 0 2 0
L 25 40 10 0 2 0 1 0 B
Q 14 0 0
A 15 40 10 0 9 3 #=2
A 30 45 10 0 2 0 PINTYPE=IN
P 5 60 0 60 20 0 1 0
L 60 20 10 0 3 1 0 0 GND
A 65 15 10 2 9 3 #=3
A 65 20 10 1 2 0 PINTYPE=IN
P 3 60 100 60 80 0 0 0
L 60 80 10 0 3 0 0 0 VCC
A 70 95 10 6 9 3 #=5
A 65 90 10 5 2 0 PINTYPE=IN
P 4 120 50 100 50 0 3 0
L 97 50 10 0 8 0 1 0 Y
Q 14 0 0
A 105 50 10 0 3 3 #=4
A 100 60 10 0 2 0 PINTYPE=OUT
l 2 47 40 40 40
T 53 45 10 0 3 NOR
a 45 35 49 50 45 65
l 2 50 65 45 65
l 2 49 35 45 35
c -65 60 0
c -55 55 0
T 60 20 10 0 6 GND
Q 14 0 0
T 60 80 10 0 4 VCC
Q 14 0 0
l 2 88 50 81 50
c 78 50 3
a 75 50 66 60 50 65
b 20 20 100 80
a 49 35 66 40 75 50
l 2 47 60 40 60
U 80 5 10 0 3 3 PKG_TYPE=SC70_5
E
