V 53
K 1438102080 sn74lvc1g139.1
F Case
|R 9:48:0_7-28-15
D 0 180 120 0
Y 1
Z 10
i 21
U 20 0 16 0 3 3 REFDES=U?
U 55 10 10 0 3 3 PKG_TYPE=PKG_TYPE
U 25 160 10 0 3 3 DEVICE=DEVICE
U 0 0 10 0 1 0 VALUE=VALUE
U 0 -14 10 0 1 0 MANF_P/N=MANF_P/N
U 0 0 10 0 1 0 FORWARD_PCB=1
b 20 20 100 160
P 1 0 120 20 120 0 2 0
L 25 115 10 0 3 0 1 0 A
A 0 120 10 0 3 0 PINTYPE=IN
A 10 120 10 0 3 3 #=1
P 3 0 110 20 110 0 2 0
L 25 105 10 0 3 0 1 0 B
A 0 110 10 0 3 0 PINTYPE=IN
A 10 110 10 0 3 3 #=2
P 10 120 100 100 100 0 3 0
L 85 95 10 0 3 0 1 0 Y1
A 120 100 10 0 9 0 PINTYPE=OUT
A 110 100 10 0 9 3 #=6
P 11 120 90 100 90 0 3 0
L 85 85 10 0 3 0 1 0 Y2
A 120 90 10 0 9 0 PINTYPE=OUT
A 110 90 10 0 9 3 #=5
P 12 120 80 100 80 0 3 0
L 85 75 10 0 3 0 1 0 Y3
A 120 80 10 0 9 0 PINTYPE=OUT
A 110 80 10 0 9 3 #=3
P 13 120 110 100 110 0 3 0
L 85 105 10 0 3 0 1 0 Y0
A 120 110 10 0 9 0 PINTYPE=OUT
A 110 110 10 0 9 3 #=7
P 19 120 140 100 140 0 3 0
L 80 135 10 0 3 0 1 0 VCC
A 120 140 10 0 9 0 PINTYPE=OUT
A 115 140 10 0 9 3 #=8
P 20 120 40 100 40 0 3 0
L 80 35 10 0 3 0 1 0 GND
A 120 40 10 0 9 0 PINTYPE=OUT
A 110 40 10 0 9 3 #=4
E 
