V 53
K 373906491500 socket_dip24w
F Case
|R 18:52_8-16-12
Y 1
D 0 0 200 240
Z 10
i 230
U 0 -10 10 0 3 0 DEVICE=DEVICE
U 27 243 16 0 3 3 REFDES=J?
U 30 -10 10 0 3 3 VALUE=VALUE
P 150 0 210 20 210 0 2 0
L 45 205 10 4 9 0 1 0 P2
A -20 210 10 4 3 0 PINTYPE=BI
A 15 210 10 4 3 3 #=2
P 147 0 230 20 230 0 2 0
L 45 225 10 4 9 0 1 0 P1
A -20 230 10 4 3 0 PINTYPE=BI
A 15 230 10 4 3 3 #=1
P 151 0 190 20 190 0 2 0
L 45 185 10 4 9 0 1 0 P3
A -20 190 10 4 3 0 PINTYPE=BI
A 15 190 10 4 3 3 #=3
P 152 0 170 20 170 0 2 0
L 45 165 10 4 9 0 1 0 P4
A -20 170 10 4 3 0 PINTYPE=BI
A 15 170 10 4 3 3 #=4
P 153 0 150 20 150 0 2 0
L 45 145 10 4 9 0 1 0 P5
A -20 150 10 4 3 0 PINTYPE=BI
A 15 150 10 4 3 3 #=5
P 154 0 130 20 130 0 2 0
L 45 125 10 4 9 0 1 0 P6
A -25 130 10 4 3 0 PINTYPE=BI
A 15 130 10 4 3 3 #=6
P 155 0 110 20 110 0 2 0
L 45 105 10 4 9 0 1 0 P7
A -20 110 10 4 3 0 PINTYPE=BI
A 15 110 10 4 3 3 #=7
P 156 0 90 20 90 0 2 0
L 45 85 10 4 9 0 1 0 P8
A -20 90 10 4 3 0 PINTYPE=BI
A 15 90 10 4 3 3 #=8
P 157 0 70 20 70 0 2 0
L 45 65 10 4 9 0 1 0 P9
A -20 70 10 4 3 0 PINTYPE=BI
A 15 70 10 4 3 3 #=9
P 158 0 50 20 50 0 2 0
A 15 50 10 4 3 3 #=10
A -20 50 10 4 3 0 PINTYPE=BI
L 45 45 10 4 9 0 1 0 P10
P 199 0 30 20 30 0 2 0
L 45 25 10 4 9 0 1 0 P11
A -25 30 10 4 3 0 PINTYPE=BI
A 15 30 10 4 3 3 #=11
P 193 200 10 180 10 0 3 0
L 155 5 10 4 3 0 1 0 P13
A 335 10 10 4 3 0 PINTYPE=BI
A 195 10 10 4 3 3 #=13
P 191 200 30 180 30 0 3 0
L 155 25 10 4 3 0 1 0 P14
A 335 30 10 4 3 0 PINTYPE=BI
A 195 30 10 4 3 3 #=14
P 178 200 50 180 50 0 3 0
A 195 50 10 4 3 3 #=15
A 335 50 10 4 3 0 PINTYPE=BI
L 155 45 10 4 3 0 1 0 P15
P 177 200 70 180 70 0 3 0
L 155 65 10 4 3 0 1 0 P16
A 335 70 10 4 3 0 PINTYPE=BI
A 195 70 10 4 3 3 #=16
P 176 200 90 180 90 0 3 0
L 155 85 10 4 3 0 1 0 P17
A 335 90 10 4 3 0 PINTYPE=BI
A 195 90 10 4 3 3 #=17
P 175 200 110 180 110 0 3 0
L 155 105 10 4 3 0 1 0 P18
A 335 110 10 4 3 0 PINTYPE=BI
A 195 110 10 4 3 3 #=18
P 174 200 130 180 130 0 3 0
L 155 125 10 4 3 0 1 0 P19
A 335 130 10 4 3 0 PINTYPE=BI
A 195 130 10 4 3 3 #=19
P 173 200 150 180 150 0 3 0
L 155 145 10 4 3 0 1 0 P20
A 335 150 10 4 3 0 PINTYPE=BI
A 195 150 10 4 3 3 #=20
P 172 200 170 180 170 0 3 0
L 155 165 10 4 3 0 1 0 P21
A 335 170 10 4 3 0 PINTYPE=BI
A 195 170 10 4 3 3 #=21
P 171 200 190 180 190 0 3 0
L 155 185 10 4 3 0 1 0 P22
A 335 190 10 4 3 0 PINTYPE=BI
A 195 190 10 4 3 3 #=22
P 170 200 210 180 210 0 3 0
L 155 205 10 4 3 0 1 0 P23
A 335 210 10 4 3 0 PINTYPE=BI
A 195 210 10 4 3 3 #=23
P 149 200 230 180 230 0 3 0
L 155 225 10 4 3 0 1 0 P24
A 335 230 10 4 3 0 PINTYPE=BI
A 195 230 10 4 3 3 #=24
P 192 0 10 20 10 0 2 0
L 45 5 10 4 9 0 1 0 P12
A -20 10 10 4 3 0 PINTYPE=BI
A 15 10 10 4 3 3 #=12
l 2 40 0 40 240
c 180 30 0
b 160 20 180 40
c 30 10 5
b 20 0 40 20
c 170 10 5
c 170 30 5
b 20 20 40 40
c 30 30 5
c 180 130 0
b 160 220 180 240
b 160 200 180 220
b 160 180 180 200
b 160 160 180 180
b 160 140 180 160
b 160 120 180 140
b 160 100 180 120
b 160 80 180 100
c 170 70 5
b 160 60 180 80
b 160 40 180 60
b 20 40 40 60
b 20 60 40 80
c 30 90 5
c 30 110 5
c 170 90 5
c 30 50 5
c 170 50 5
c 30 70 5
b 20 100 40 120
b 20 80 40 100
c 170 110 5
c 170 130 5
b 20 120 40 140
b 20 140 40 160
b 20 160 40 180
b 20 180 40 200
b 20 200 40 220
c 170 230 5
c 170 210 5
c 170 190 5
c 170 170 5
c 170 150 5
b 20 220 40 240
c 30 230 5
c 30 210 5
c 30 190 5
c 30 170 5
c 30 150 5
c 30 130 5
b 160 0 180 20
b 40 0 160 240
E
