V 51
K 10375722590 softtouch_pro_full
|R 20:55_1-10-06
Y 1
D 0 0 100 350
Z 10
i 327
U -25 -85 10 0 3 0 LEVEL=STD
U -25 -105 10 0 3 0 PARTS=1
U 53 -12 16 4 3 3 REFDES=J?
U -25 -95 10 0 3 0 DEVICE=SOFTTOUCH_PRO
U -25 -115 10 0 3 0 PKG_TYPE=SOFTTOUCH_PRO
U -25 -125 10 0 3 0 PART_SPEC=SOFTTOUCH_PRO
P 315 100 40 64 40 0 3 0
L 119 35 10 4 3 0 0 0 P52
A 75 40 7 4 9 3 #=B26
A 214 35 10 4 9 0 PINTYPE=BI
P 316 0 30 36 30 0 2 0
L 11 25 10 4 3 0 0 0 P53
A 25 30 7 4 3 3 #=A27
A -19 25 10 4 3 0 PINTYPE=BI
P 154 0 240 36 240 0 2 0
L 11 235 10 4 3 0 0 0 P11
A 25 240 7 4 3 3 #=A6
A -19 235 10 4 3 0 PINTYPE=BI
P 225 100 240 64 240 0 3 0
L 119 235 10 4 3 0 0 0 P12
A 75 240 7 4 9 3 #=B6
A 214 235 10 4 9 0 PINTYPE=BI
P 155 0 230 36 230 0 2 0
L 11 225 10 4 3 0 0 0 P13
A 25 230 7 4 3 3 #=A7
A -19 225 10 4 3 0 PINTYPE=BI
P 227 100 230 64 230 0 3 0
L 119 225 10 4 3 0 0 0 P14
A 75 230 7 4 9 3 #=B7
A 214 225 10 4 9 0 PINTYPE=BI
P 156 0 220 36 220 0 2 0
L 11 215 10 4 3 0 0 0 P15
A 25 220 7 4 3 3 #=A8
A -19 215 10 4 3 0 PINTYPE=BI
P 226 100 220 64 220 0 3 0
L 119 215 10 4 3 0 0 0 P16
A 75 220 7 4 9 3 #=B8
A 214 215 10 4 9 0 PINTYPE=BI
P 157 0 210 36 210 0 2 0
L 11 205 10 4 3 0 0 0 P17
A 25 210 7 4 3 3 #=A9
A -19 205 10 4 3 0 PINTYPE=BI
P 228 100 210 64 210 0 3 0
L 119 205 10 4 3 0 0 0 P18
A 75 210 7 4 9 3 #=B9
A 214 205 10 4 9 0 PINTYPE=BI
P 158 0 200 36 200 0 2 0
L 11 195 10 4 3 0 0 0 P19
A 25 200 7 4 3 3 #=A10
A -14 195 10 4 3 0 PINTYPE=BI
P 220 100 290 64 290 0 3 0
L 109 285 10 4 3 0 0 0 P2
A 75 290 7 4 9 3 #=B1
A 214 285 10 4 9 0 PINTYPE=BI
P 229 100 200 64 200 0 3 0
L 119 195 10 4 3 0 0 0 P20
A 75 200 7 4 9 3 #=B10
A 214 195 10 4 9 0 PINTYPE=BI
P 159 0 190 36 190 0 2 0
L 11 185 10 4 3 0 0 0 P21
A 25 190 7 4 3 3 #=A11
A -19 185 10 4 3 0 PINTYPE=BI
P 231 100 190 64 190 0 3 0
L 119 185 10 4 3 0 0 0 P22
A 75 190 7 4 9 3 #=B11
A 214 185 10 4 9 0 PINTYPE=BI
P 230 100 180 64 180 0 3 0
L 119 175 10 4 3 0 0 0 P24
A 75 180 7 4 9 3 #=B12
A 214 175 10 4 9 0 PINTYPE=BI
P 161 0 170 36 170 0 2 0
L 11 165 10 4 3 0 0 0 P25
A 25 170 7 4 3 3 #=A13
A -19 165 10 4 3 0 PINTYPE=BI
P 235 100 170 64 170 0 3 0
L 119 165 10 4 3 0 0 0 P26
A 75 170 7 4 9 3 #=B13
A 214 165 10 4 9 0 PINTYPE=BI
P 162 0 160 36 160 0 2 0
L 11 155 10 4 3 0 0 0 P27
A 25 160 7 4 3 3 #=A14
A -19 155 10 4 3 0 PINTYPE=BI
P 234 100 160 64 160 0 3 0
L 119 155 10 4 3 0 0 0 P28
A 75 160 7 4 9 3 #=B14
A 214 155 10 4 9 0 PINTYPE=BI
P 163 0 150 36 150 0 2 0
L 11 145 10 4 3 0 0 0 P29
A 25 150 7 4 3 3 #=A15
A -19 145 10 4 3 0 PINTYPE=BI
P 232 100 150 64 150 0 3 0
L 119 145 10 4 3 0 0 0 P30
A 75 150 7 4 9 3 #=B15
A 214 145 10 4 9 0 PINTYPE=BI
P 164 0 140 36 140 0 2 0
L 11 135 10 4 3 0 0 0 P31
A 25 140 7 4 3 3 #=A16
A -19 135 10 4 3 0 PINTYPE=BI
P 233 100 140 64 140 0 3 0
L 119 135 10 4 3 0 0 0 P32
A 75 140 7 4 9 3 #=B16
A 214 135 10 4 9 0 PINTYPE=BI
P 165 0 130 36 130 0 2 0
L 11 125 10 4 3 0 0 0 P33
A 25 130 7 4 3 3 #=A17
A -19 125 10 4 3 0 PINTYPE=BI
P 236 100 130 64 130 0 3 0
L 119 125 10 4 3 0 0 0 P34
A 75 130 7 4 9 3 #=B17
A 214 125 10 4 9 0 PINTYPE=BI
P 166 0 120 36 120 0 2 0
L 11 115 10 4 3 0 0 0 P35
A 25 120 7 4 3 3 #=A18
A -19 115 10 4 3 0 PINTYPE=BI
P 237 100 120 64 120 0 3 0
L 119 115 10 4 3 0 0 0 P36
A 75 120 7 4 9 3 #=B18
A 214 115 10 4 9 0 PINTYPE=BI
P 167 0 110 36 110 0 2 0
L 11 105 10 4 3 0 0 0 P37
A 25 110 7 4 3 3 #=A19
A -19 105 10 4 3 0 PINTYPE=BI
P 239 100 110 64 110 0 3 0
L 119 105 10 4 3 0 0 0 P38
A 75 110 7 4 9 3 #=B19
A 214 105 10 4 9 0 PINTYPE=BI
P 238 100 100 64 100 0 3 0
L 119 95 10 4 3 0 0 0 P40
A 75 100 7 4 9 3 #=B20
A 214 95 10 4 9 0 PINTYPE=BI
P 193 0 90 36 90 0 2 0
L 11 85 10 4 3 0 0 0 P41
A 25 90 7 4 3 3 #=A21
A -19 85 10 4 3 0 PINTYPE=BI
P 243 100 90 64 90 0 3 0
L 119 85 10 4 3 0 0 0 P42
A 75 90 7 4 9 3 #=B21
A 214 85 10 4 9 0 PINTYPE=BI
P 192 0 80 36 80 0 2 0
L 11 75 10 4 3 0 0 0 P43
A 25 80 7 4 3 3 #=A22
A -19 75 10 4 3 0 PINTYPE=BI
P 242 100 80 64 80 0 3 0
L 119 75 10 4 3 0 0 0 P44
A 75 80 7 4 9 3 #=B22
A 214 75 10 4 9 0 PINTYPE=BI
P 191 0 70 36 70 0 2 0
L 11 65 10 4 3 0 0 0 P45
A 25 70 7 4 3 3 #=A23
A -19 65 10 4 3 0 PINTYPE=BI
P 240 100 70 64 70 0 3 0
L 119 65 10 4 3 0 0 0 P46
A 75 70 7 4 9 3 #=B23
A 214 65 10 4 9 0 PINTYPE=BI
P 190 0 60 36 60 0 2 0
L 11 55 10 4 3 0 0 0 P47
A 25 60 7 4 3 3 #=A24
A -19 55 10 4 3 0 PINTYPE=BI
P 241 100 60 64 60 0 3 0
L 119 55 10 4 3 0 0 0 P48
A 75 60 7 4 9 3 #=B24
A 214 55 10 4 9 0 PINTYPE=BI
P 189 0 50 36 50 0 2 0
A -19 45 10 4 3 0 PINTYPE=BI
A 25 50 7 4 3 3 #=A25
L 11 45 10 4 3 0 0 0 P49
P 151 0 270 36 270 0 2 0
L 11 265 10 4 3 0 0 0 P5
A 25 270 7 4 3 3 #=A3
A -19 265 10 4 3 0 PINTYPE=BI
P 251 100 50 64 50 0 3 0
A 214 45 10 4 9 0 PINTYPE=BI
A 75 50 7 4 9 3 #=B25
L 119 45 10 4 3 0 0 0 P50
P 222 100 270 64 270 0 3 0
L 109 265 10 4 3 0 0 0 P6
A 75 270 7 4 9 3 #=B3
A 214 265 10 4 9 0 PINTYPE=BI
P 152 0 260 36 260 0 2 0
L 11 255 10 4 3 0 0 0 P7
A 25 260 7 4 3 3 #=A4
A -19 255 10 4 3 0 PINTYPE=BI
P 223 100 260 64 260 0 3 0
L 109 255 10 4 3 0 0 0 P8
A 75 260 7 4 9 3 #=B4
A 214 255 10 4 9 0 PINTYPE=BI
P 153 0 250 36 250 0 2 0
L 11 245 10 4 3 0 0 0 P9
A 25 250 7 4 3 3 #=A5
A -19 245 10 4 3 0 PINTYPE=BI
P 314 0 40 36 40 0 2 0
L 11 35 10 4 3 0 0 0 P51
A 25 40 7 4 3 3 #=A26
A -19 35 10 4 3 0 PINTYPE=BI
P 317 100 30 64 30 0 3 0
L 119 25 10 4 3 0 0 0 P54
A 75 30 7 4 9 3 #=B27
A 214 25 10 4 9 0 PINTYPE=BI
P 160 0 180 36 180 0 2 0
L 11 175 10 4 3 0 0 0 P23
A 25 180 7 4 3 3 #=A12
A -19 175 10 4 3 0 PINTYPE=BI
P 169 0 100 36 100 0 2 0
L 11 95 10 4 3 0 0 0 P39
A 25 100 7 4 3 3 #=A20
A -19 95 10 4 3 0 PINTYPE=BI
P 221 100 280 64 280 0 3 0
L 109 275 10 4 3 0 0 0 P4
A 75 280 7 4 9 3 #=B2
A 214 275 10 4 9 0 PINTYPE=BI
P 224 100 250 64 250 0 3 0
L 119 245 10 4 3 0 0 0 P10
A 75 250 7 4 9 3 #=B5
A 214 245 10 4 9 0 PINTYPE=BI
P 147 0 290 36 290 0 2 0
L 11 285 10 4 3 0 0 0 P1
A 25 290 7 4 3 3 #=A1
A -19 285 10 4 3 0 PINTYPE=BI
P 150 0 280 36 280 0 2 0
L 11 275 10 4 3 0 0 0 P3
A -19 275 10 4 3 0 PINTYPE=BI
A 25 280 7 4 3 3 #=A2
c 65 15 5
c 35 15 4
c 65 15 4
c 50 305 4
c 35 305 4
c 60 40 4
c 60 30 4
c 60 290 4
c 60 280 4
c 60 270 4
c 60 260 4
c 60 220 4
c 60 230 4
c 60 240 4
c 60 250 4
c 60 200 4
c 60 210 4
c 60 220 4
c 60 230 4
c 60 160 4
c 60 170 4
c 60 180 4
c 60 190 4
c 60 120 4
c 60 130 4
c 60 140 4
c 60 150 4
c 60 80 4
c 60 90 4
c 60 100 4
c 60 110 4
c 60 50 4
c 60 60 4
c 60 70 4
c 40 70 4
c 40 60 4
c 40 50 4
c 40 110 4
c 40 100 4
c 40 90 4
c 40 80 4
c 40 150 4
c 40 140 4
c 40 130 4
c 40 120 4
c 40 190 4
c 40 180 4
c 40 170 4
c 40 160 4
c 40 230 4
c 40 220 4
c 40 210 4
c 40 200 4
c 40 250 4
c 40 240 4
c 40 230 4
c 40 220 4
c 40 260 4
c 40 270 4
c 40 280 4
c 40 30 4
c 40 40 4
c 40 290 4
c 65 305 5
T 50 319 10 0 6 FULL
c 35 305 5
c 65 305 4
c 35 15 5
b 25 5 75 315
T 50 339 10 0 6 SOFTTOUCH
T 50 329 10 0 6 PRO
E
