V 53
K 1436383005 SPDT_SW_DIP_4.1
F Case
|R 12:16:45_7-8-15
D -30 135 70 0
Y 1
Z 10
i 43
U 0 0 9 0 3 0 DEVICE=SW_DIP-5
U 0 0 9 0 3 0 PARTS=1
U 0 -5 16 0 3 3 REFDES=SW?
U 0 120 10 0 3 3 VALUE=VALUE
U -30 0 10 0 1 0 FORWARD_PCB=1
c 29 70 1
Q 2 1 0
|GRPHSTL 33280 1 0 1
c 29 60 1
Q 2 1 0
|GRPHSTL 33280 1 0 1
c 29 63 1
Q 2 1 0
|GRPHSTL 33280 1 0 1
c 29 50 1
Q 2 1 0
|GRPHSTL 33280 1 0 1
c 29 40 1
Q 2 1 0
|GRPHSTL 33280 1 0 1
c 29 43 1
Q 2 1 0
|GRPHSTL 33280 1 0 1
c 29 30 1
Q 2 1 0
|GRPHSTL 33280 1 0 1
l 2 18 40 3 40 
l 2 3 30 18 30 
l 2 37 30 18 30 
l 2 29 43 18 40 
l 2 37 40 29 40 
l 2 18 60 3 60 
l 2 3 50 18 50 
l 2 37 50 18 50 
l 2 29 63 18 60 
l 2 37 60 29 60 
c 29 83 1
Q 2 1 0
|GRPHSTL 33280 1 0 1
l 2 18 80 3 80 
l 2 3 70 18 70 
c 29 80 1
Q 2 1 0
|GRPHSTL 33280 1 0 1
l 2 29 83 18 80 
l 2 37 80 29 80 
l 2 29 103 18 100 
l 2 37 90 18 90 
c 29 100 1
Q 2 1 0
|GRPHSTL 33280 1 0 1
l 2 3 90 18 90 
l 2 18 100 3 100 
c 29 103 1
Q 2 1 0
|GRPHSTL 33280 1 0 1
c 29 90 1
Q 2 1 0
|GRPHSTL 33280 1 0 1
l 2 18 90 18 100 
Q 2 0 5
|GRPHSTL 33280 0 5 1
l 2 18 70 18 80 
Q 2 0 5
|GRPHSTL 33280 0 5 1
l 2 18 50 18 60 
Q 2 0 5
|GRPHSTL 33280 0 5 1
l 2 18 30 18 40 
Q 2 0 5
|GRPHSTL 33280 0 5 1
l 2 37 100 29 100 
l 2 37 70 18 70 
b 0 15 40 120
P 1 -30 100 0 100 0 2 0
L 5 105 8 0 2 0 1 0 1
A -5 100 9 0 9 3 #=1
A 0 20 9 0 3 0 PINTYPE=BI
P 2 -30 90 0 90 0 2 0
L 5 95 8 0 2 0 1 0 2
A -5 90 9 0 9 3 #=2
A 0 20 9 0 3 0 PINTYPE=BI
P 3 -30 80 0 80 0 2 0
L 5 85 8 0 2 0 1 0 3
A -5 80 9 0 9 3 #=3
A 0 20 9 0 3 0 PINTYPE=BI
P 4 -30 70 0 70 0 2 0
L 5 75 8 0 2 0 1 0 4
A -5 70 9 0 9 3 #=4
A 0 20 9 0 3 0 PINTYPE=BI
P 29 -30 60 0 60 0 2 0
L 5 65 8 0 2 0 1 0 5
A -5 60 9 0 9 3 #=5
A 0 30 9 0 3 0 PINTYPE=BI
P 30 -30 50 0 50 0 2 0
L 5 55 8 0 2 0 1 0 6
A 0 20 9 0 3 0 PINTYPE=BI
A -5 50 9 0 9 3 #=6
P 31 -30 40 0 40 0 2 0
L 5 45 8 0 2 0 1 0 7
A -5 40 9 0 9 3 #=7
A 0 10 9 0 3 0 PINTYPE=BI
P 32 -30 30 0 30 0 2 0
L 5 35 8 0 2 0 1 0 8
A -5 30 9 0 9 3 #=8
A 0 -10 9 0 3 0 PINTYPE=BI
P 35 70 70 40 70 0 3 0
L 40 75 8 0 8 0 1 0 17
A 45 70 9 0 3 3 #=17
A 40 20 9 0 9 0 PINTYPE=BI
P 36 70 80 40 80 0 3 0
L 40 85 8 0 8 0 1 0 18
A 45 80 9 0 3 3 #=18
A 40 20 9 0 9 0 PINTYPE=BI
P 37 70 90 40 90 0 3 0
L 40 95 8 0 8 0 1 0 19
A 45 90 9 0 3 3 #=19
A 40 20 9 0 9 0 PINTYPE=BI
P 38 70 100 40 100 0 3 0
L 40 105 8 0 8 0 1 0 20
A 45 100 9 0 3 3 #=20
A 40 20 9 0 9 0 PINTYPE=BI
P 39 70 60 40 60 0 3 0
L 40 65 8 0 8 0 1 0 16
A 45 60 9 0 3 3 #=16
A 40 30 9 0 9 0 PINTYPE=BI
P 40 70 50 40 50 0 3 0
L 40 55 8 0 8 0 1 0 15
A 40 20 9 0 9 0 PINTYPE=BI
A 45 50 9 0 3 3 #=15
P 41 70 40 40 40 0 3 0
L 40 45 8 0 8 0 1 0 14
A 45 40 9 0 3 3 #=14
A 40 10 9 0 9 0 PINTYPE=BI
P 42 70 30 40 30 0 3 0
L 40 35 8 0 8 0 1 0 13
A 45 30 9 0 3 3 #=13
A 40 -10 9 0 9 0 PINTYPE=BI
E 
