V 51
K 313243540800 ssw-107-01-t-d
|R 0:49_10-14-10
Y 1
D -30 0 70 80
Z 10
i 14
U 0 -30 10 0 3 0 MANF_P/N=SSW-107-01-T-D
U 0 -20 10 0 3 0 PKG_TYPE=HDR_2X7
U 0 0 9 0 3 0 DEVICE=HEADER_7X2_LCD
U 0 0 9 0 3 0 PARTS=1
U -10 80 9 0 3 3 VALUE=SSW-107-01-T-D
U 0 -15 16 0 3 3 REFDES=J?
P 1 -30 70 0 70 0 2 0
L 5 70 9 0 2 0 0 0 1
A -5 70 9 0 9 3 #=2
A 0 0 9 0 3 0 PINTYPE=OUT
P 2 70 70 40 70 0 3 0
L 35 70 9 0 8 0 0 0 2
A 45 70 9 0 3 3 #=1
A 0 0 9 0 3 0 PINTYPE=OUT
P 3 -30 60 0 60 0 2 0
L 5 60 9 0 2 0 0 0 3
A -5 60 9 0 9 3 #=4
A 0 0 9 0 3 0 PINTYPE=OUT
P 4 70 60 40 60 0 3 0
L 35 60 9 0 8 0 0 0 4
A 45 60 9 0 3 3 #=3
A 0 0 9 0 3 0 PINTYPE=OUT
P 5 -30 50 0 50 0 2 0
L 5 50 9 0 2 0 0 0 5
A -5 50 9 0 9 3 #=6
A 0 0 9 0 3 0 PINTYPE=OUT
P 6 70 50 40 50 0 3 0
L 35 50 9 0 8 0 0 0 6
A 45 50 9 0 3 3 #=5
A 0 0 9 0 3 0 PINTYPE=OUT
P 7 -30 40 0 40 0 2 0
L 5 40 9 0 2 0 0 0 7
A -5 40 9 0 9 3 #=8
A 0 0 9 0 3 0 PINTYPE=OUT
P 8 70 40 40 40 0 3 0
L 35 40 9 0 8 0 0 0 8
A 45 40 9 0 3 3 #=7
A 0 0 9 0 3 0 PINTYPE=OUT
P 9 -30 30 0 30 0 2 0
L 5 30 9 0 2 0 0 0 9
A -5 30 9 0 9 3 #=10
A 0 0 9 0 3 0 PINTYPE=OUT
P 10 70 30 40 30 0 3 0
L 35 30 9 0 8 0 0 0 10
A 45 30 9 0 3 3 #=9
A 0 0 9 0 3 0 PINTYPE=OUT
P 11 -30 20 0 20 0 2 0
L 5 20 9 0 2 0 0 0 11
A -5 20 9 0 9 3 #=12
A 0 0 9 0 3 0 PINTYPE=OUT
P 12 70 20 40 20 0 3 0
L 35 20 9 0 8 0 0 0 12
A 45 20 9 0 3 3 #=11
A 0 0 9 0 3 0 PINTYPE=OUT
P 13 -30 10 0 10 0 2 0
L 5 10 9 0 2 0 0 0 13
A -5 10 9 0 9 3 #=14
A 0 0 9 0 3 0 PINTYPE=OUT
P 14 70 10 40 10 0 3 0
L 35 10 9 0 8 0 0 0 14
A 45 10 9 0 3 3 #=13
A 0 0 9 0 3 0 PINTYPE=OUT
l 2 0 65 40 65
Q 9 0 0
l 2 40 70 31 70
Q 9 0 0
c 27 69 3
Q 9 0 0
l 2 9 70 0 70
Q 9 0 0
c 12 69 3
Q 9 0 0
l 2 0 55 40 55
Q 9 0 0
l 2 40 60 31 60
Q 9 0 0
c 27 59 3
Q 9 0 0
l 2 9 60 0 60
Q 9 0 0
c 12 59 3
Q 9 0 0
l 2 0 45 40 45
Q 9 0 0
l 2 40 50 31 50
Q 9 0 0
c 27 49 3
Q 9 0 0
l 2 9 50 0 50
Q 9 0 0
c 12 49 3
Q 9 0 0
l 2 0 35 40 35
Q 9 0 0
l 2 40 40 31 40
Q 9 0 0
c 27 39 3
Q 9 0 0
l 2 9 40 0 40
Q 9 0 0
c 12 39 3
Q 9 0 0
l 2 0 25 40 25
Q 9 0 0
l 2 40 30 31 30
Q 9 0 0
c 27 29 3
Q 9 0 0
l 2 9 30 0 30
Q 9 0 0
c 12 29 3
Q 9 0 0
l 2 0 15 40 15
Q 9 0 0
l 2 40 20 31 20
Q 9 0 0
c 27 19 3
Q 9 0 0
l 2 9 20 0 20
Q 9 0 0
c 12 19 3
Q 9 0 0
l 2 40 10 31 10
Q 9 0 0
c 27 9 3
Q 9 0 0
l 2 9 10 0 10
Q 9 0 0
c 12 9 3
Q 9 0 0
b 0 4 40 80
Q 9 0 0
E
