V 51
K 189038755400 sw_dip_8
|R 0:05_3-9-12
Y 1
D -30 0 70 70
Z 10
i 22
U 0 0 9 0 3 0 DEVICE=SW_DIP-6
U 0 0 9 0 3 0 PARTS=1
U 0 0 0 0 3 0 SOURCE_PATH
U 0 -14 16 0 3 3 REFDES=SW?
P 17 70 5 40 5 0 3 0
L 35 5 9 0 8 0 0 0 B6
A 45 5 9 0 3 3 #=7
A 0 -25 9 0 3 0 PINTYPE=OUT
P 18 70 15 40 15 0 3 0
L 35 15 9 0 8 0 0 0 B5
A 45 15 9 0 3 3 #=8
A 0 -25 9 0 3 0 PINTYPE=OUT
P 19 70 25 40 25 0 3 0
L 35 25 9 0 8 0 0 0 B4
A 45 25 9 0 3 3 #=9
A 0 -25 9 0 3 0 PINTYPE=OUT
P 20 70 35 40 35 0 3 0
L 35 35 9 0 8 0 0 0 B3
A 45 35 9 0 3 3 #=10
A 0 -25 9 0 3 0 PINTYPE=OUT
P 21 70 45 40 45 0 3 0
L 35 45 9 0 8 0 0 0 B2
A 45 45 9 0 3 3 #=11
A 0 -25 9 0 3 0 PINTYPE=OUT
P 22 70 55 40 55 0 3 0
L 35 55 9 0 8 0 0 0 B1
A 45 55 9 0 3 3 #=12
A 0 -25 9 0 3 0 PINTYPE=OUT
P 1 -30 55 0 55 0 2 0
L 5 55 9 0 2 0 0 0 A1
A -5 55 9 0 9 3 #=1
A 0 -25 9 0 3 0 PINTYPE=OUT
P 2 -30 45 0 45 0 2 0
L 5 45 9 0 2 0 0 0 A2
A -5 45 9 0 9 3 #=2
A 0 -25 9 0 3 0 PINTYPE=OUT
P 3 -30 35 0 35 0 2 0
L 5 35 9 0 2 0 0 0 A3
A -5 35 9 0 9 3 #=3
A 0 -25 9 0 3 0 PINTYPE=OUT
P 4 -30 25 0 25 0 2 0
L 5 25 9 0 2 0 0 0 A4
A -5 25 9 0 9 3 #=4
A 0 -25 9 0 3 0 PINTYPE=OUT
P 5 -30 15 0 15 0 2 0
L 5 15 9 0 2 0 0 0 A5
A -5 15 9 0 9 3 #=5
A 0 -25 9 0 3 0 PINTYPE=OUT
P 6 -30 5 0 5 0 2 0
L 5 5 9 0 2 0 0 0 A6
A -5 5 9 0 9 3 #=6
A 0 -25 9 0 3 0 PINTYPE=OUT
l 2 7 57 33 57
Q 9 0 0
l 2 33 57 33 53
Q 9 0 0
l 2 33 53 7 53
Q 9 0 0
l 2 7 53 7 57
Q 9 0 0
l 2 20 57 20 53
Q 9 0 0
l 2 24 60 23 61
Q 9 0 0
l 2 23 61 35 61
Q 9 0 0
l 2 35 63 35 59
Q 9 0 0
l 2 7 47 33 47
Q 9 0 0
l 2 33 47 33 43
Q 9 0 0
l 2 33 43 7 43
Q 9 0 0
l 2 7 43 7 47
Q 9 0 0
l 2 20 47 20 43
Q 9 0 0
l 2 7 37 33 37
Q 9 0 0
l 2 33 37 33 33
Q 9 0 0
l 2 33 33 7 33
Q 9 0 0
l 2 7 33 7 37
Q 9 0 0
l 2 20 37 20 33
Q 9 0 0
l 2 7 27 33 27
Q 9 0 0
l 2 33 27 33 23
Q 9 0 0
l 2 33 23 7 23
Q 9 0 0
l 2 7 23 7 27
Q 9 0 0
l 2 20 27 20 23
Q 9 0 0
l 2 7 17 33 17
Q 9 0 0
l 2 33 17 33 13
Q 9 0 0
l 2 33 13 7 13
Q 9 0 0
l 2 7 13 7 17
Q 9 0 0
l 2 20 17 20 13
Q 9 0 0
l 2 7 7 33 7
Q 9 0 0
l 2 33 7 33 3
Q 9 0 0
l 2 33 3 7 3
Q 9 0 0
l 2 7 3 7 7
Q 9 0 0
l 2 20 7 20 3
Q 9 0 0
l 2 40 65 0 65
Q 9 0 0
l 2 0 0 40 0
Q 9 0 0
l 2 40 0 40 65
Q 9 0 0
l 2 0 65 0 0
Q 9 0 0
U 0 65 10 0 3 3 VALUE=XXXX
U 60 -39 10 0 3 3 MANF_P/N=XXXX
E
