V 51
K 189038755400 sw_dip_8
|R 23:35_8-19-10
Y 1
D -30 0 70 90
Z 10
i 16
U 0 0 9 0 3 0 DEVICE=SW_DIP-8
U 0 0 9 0 3 0 PARTS=1
U 0 0 0 0 3 0 SOURCE_PATH
P 1 -30 80 0 80 0 2 0
L 5 80 9 0 2 0 0 0 A1
A -5 80 9 0 9 3 #=1
A 0 0 9 0 3 0 PINTYPE=OUT
P 2 -30 70 0 70 0 2 0
L 5 70 9 0 2 0 0 0 A2
A -5 70 9 0 9 3 #=2
A 0 0 9 0 3 0 PINTYPE=OUT
P 3 -30 60 0 60 0 2 0
L 5 60 9 0 2 0 0 0 A3
A -5 60 9 0 9 3 #=3
A 0 0 9 0 3 0 PINTYPE=OUT
P 4 -30 50 0 50 0 2 0
L 5 50 9 0 2 0 0 0 A4
A -5 50 9 0 9 3 #=4
A 0 0 9 0 3 0 PINTYPE=OUT
P 5 -30 40 0 40 0 2 0
L 5 40 9 0 2 0 0 0 A5
A -5 40 9 0 9 3 #=5
A 0 0 9 0 3 0 PINTYPE=OUT
P 6 -30 30 0 30 0 2 0
L 5 30 9 0 2 0 0 0 A6
A -5 30 9 0 9 3 #=6
A 0 0 9 0 3 0 PINTYPE=OUT
P 7 -30 20 0 20 0 2 0
L 5 20 9 0 2 0 0 0 A7
A -5 20 9 0 9 3 #=7
A 0 0 9 0 3 0 PINTYPE=OUT
P 8 -30 10 0 10 0 2 0
L 5 10 9 0 2 0 0 0 A8
A -5 10 9 0 9 3 #=8
A 0 0 9 0 3 0 PINTYPE=OUT
P 9 70 80 40 80 0 3 0
L 35 80 9 0 8 0 0 0 B1
A 45 80 9 0 3 3 #=16
A 0 0 9 0 3 0 PINTYPE=OUT
P 10 70 70 40 70 0 3 0
L 35 70 9 0 8 0 0 0 B2
A 45 70 9 0 3 3 #=15
A 0 0 9 0 3 0 PINTYPE=OUT
P 11 70 60 40 60 0 3 0
L 35 60 9 0 8 0 0 0 B3
A 45 60 9 0 3 3 #=14
A 0 0 9 0 3 0 PINTYPE=OUT
P 12 70 50 40 50 0 3 0
L 35 50 9 0 8 0 0 0 B4
A 45 50 9 0 3 3 #=13
A 0 0 9 0 3 0 PINTYPE=OUT
P 13 70 40 40 40 0 3 0
L 35 40 9 0 8 0 0 0 B5
A 45 40 9 0 3 3 #=12
A 0 0 9 0 3 0 PINTYPE=OUT
P 14 70 30 40 30 0 3 0
L 35 30 9 0 8 0 0 0 B6
A 45 30 9 0 3 3 #=11
A 0 0 9 0 3 0 PINTYPE=OUT
P 15 70 20 40 20 0 3 0
L 35 20 9 0 8 0 0 0 B7
A 45 20 9 0 3 3 #=10
A 0 0 9 0 3 0 PINTYPE=OUT
P 16 70 10 40 10 0 3 0
L 35 10 9 0 8 0 0 0 B8
A 45 10 9 0 3 3 #=9
A 0 0 9 0 3 0 PINTYPE=OUT
l 2 7 82 33 82
Q 9 0 0
l 2 33 82 33 78
Q 9 0 0
l 2 33 78 7 78
Q 9 0 0
l 2 7 78 7 82
Q 9 0 0
l 2 20 82 20 78
Q 9 0 0
l 2 24 85 23 86
Q 9 0 0
l 2 23 86 35 86
Q 9 0 0
l 2 35 88 35 84
Q 9 0 0
l 2 7 72 33 72
Q 9 0 0
l 2 33 72 33 68
Q 9 0 0
l 2 33 68 7 68
Q 9 0 0
l 2 7 68 7 72
Q 9 0 0
l 2 20 72 20 68
Q 9 0 0
l 2 7 62 33 62
Q 9 0 0
l 2 33 62 33 58
Q 9 0 0
l 2 33 58 7 58
Q 9 0 0
l 2 7 58 7 62
Q 9 0 0
l 2 20 62 20 58
Q 9 0 0
l 2 7 52 33 52
Q 9 0 0
l 2 33 52 33 48
Q 9 0 0
l 2 33 48 7 48
Q 9 0 0
l 2 7 48 7 52
Q 9 0 0
l 2 20 52 20 48
Q 9 0 0
l 2 7 42 33 42
Q 9 0 0
l 2 33 42 33 38
Q 9 0 0
l 2 33 38 7 38
Q 9 0 0
l 2 7 38 7 42
Q 9 0 0
l 2 20 42 20 38
Q 9 0 0
l 2 7 32 33 32
Q 9 0 0
l 2 33 32 33 28
Q 9 0 0
l 2 33 28 7 28
Q 9 0 0
l 2 7 28 7 32
Q 9 0 0
l 2 20 32 20 28
Q 9 0 0
l 2 7 22 33 22
Q 9 0 0
l 2 33 22 33 18
Q 9 0 0
l 2 33 18 7 18
Q 9 0 0
l 2 7 18 7 22
Q 9 0 0
l 2 20 22 20 18
Q 9 0 0
l 2 7 12 33 12
Q 9 0 0
l 2 33 12 33 8
Q 9 0 0
l 2 33 8 7 8
Q 9 0 0
l 2 7 8 7 12
Q 9 0 0
l 2 20 12 20 8
Q 9 0 0
l 2 0 90 0 0
Q 9 0 0
l 2 40 0 40 90
Q 9 0 0
l 2 40 90 0 90
Q 9 0 0
l 2 0 0 40 0
Q 9 0 0
U 0 -14 16 0 3 3 REFDES=SW?
U 0 90 10 0 3 3 VALUE=XXXX
U 60 -39 10 0 3 3 MANF_P/N=XXXX
E
