V 51
K 200900273000 sw_edge_drive_jog_encdr
|R 0:29_10-14-10
Y 1
D 0 0 120 90
Z 10
i 14
U 5 -5 16 0 3 3 REFDES=SW?
U 5 80 10 0 3 0 DEVICE=DEVICE
U 75 0 10 0 3 0 PKG_TYPE=XX
U 5 80 10 0 3 3 VALUE=VALUE
P 13 120 50 110 50 0 3 0
A 110 50 10 0 3 3 #=4
L 110 45 10 0 9 0 1 0 SW2
A 165 45 10 0 3 0 PINTYTPE=BI
P 2 120 20 110 20 0 3 0
A 275 15 10 4 3 0 PINTYTPE=BI
L 110 15 10 4 3 0 1 0 A
A 110 20 10 4 9 3 #=1
P 3 120 30 110 30 0 3 0
A 275 25 10 4 3 0 PINTYTPE=BI
L 110 25 10 4 3 0 1 0 COM
A 110 30 10 4 9 3 #=2
P 10 120 40 110 40 0 3 0
A 110 40 10 4 9 3 #=3
L 110 35 10 4 3 0 1 0 SW1A
A 275 35 10 4 3 0 PINTYTPE=BI
P 5 120 70 110 70 0 3 0
A 160 65 10 0 3 0 PINTYTPE=BI
L 110 65 10 0 9 0 1 0 B
A 110 70 10 0 3 3 #=6
P 4 120 60 110 60 0 3 0
A 165 55 10 0 3 0 PINTYTPE=BI
L 110 55 10 0 9 0 1 0 SW1B
A 110 60 10 0 3 3 #=5
l 4 70 40 70 40 75 45 70 50
c 40 45 5
a 70 40 74 38 70 50
c 40 45 15
c 40 45 20
c 40 45 30
T 55 100 10 0 6 Edge Drive
T 55 90 10 0 6 Jog Encoder
P 14 90 0 90 10 0 1 0
L 95 10 10 1 3 0 1 0 GND
A 90 10 10 3 1 3 #=7
b 5 10 110 80
E
