V 51
K 165026108100 sw_slide_spdt
|R 1:34_11-11-10
Y 1
D 0 0 60 100
Z 10
i 193
U 5 -75 10 0 3 0 LEVEL=STD
U 5 -95 10 0 3 0 PARTS=1
U 5 -85 10 0 3 0 DEVICE=XX
U 0 -70 10 0 3 0 PKG_TYPE=XX
U 10 90 10 0 3 3 VALUE=VALUE
P 147 60 80 40 80 0 3 0
L 60 75 10 0 3 0 0 0 P1
A 80 80 10 0 3 0 PINTYPE=BI
A 41 80 10 0 3 3 #=1
P 150 60 60 40 60 0 3 0
A 41 60 10 0 3 3 #=2
L 60 55 10 0 3 0 0 0 P2
A 80 60 10 0 3 0 PINTYPE=BI
P 151 60 40 40 40 0 3 0
A 41 40 10 0 3 3 #=3
L 60 35 10 0 3 0 0 0 P3
A 80 40 10 0 3 0 PINTYPE=BI
P 192 20 0 20 30 0 1 0
A 20 29 10 5 3 3 #=SH1
L 25 10 10 5 3 0 0 0 P4
A 20 -10 10 5 3 0 PINTYPE=BI
P 193 30 0 30 30 0 1 0
A 30 -10 10 5 3 0 PINTYPE=BI
L 35 10 10 5 3 0 0 0 P5
A 30 29 10 5 3 3 #=SH2
l 7 10 55 10 55 10 90 40 90 40 30 10 30
 10 45
b 20 35 25 65
c 35 40 5
c 35 60 5
c 35 80 5
b 0 45 20 55
U 40 10 16 0 3 3 REFDES=SW?
E
