V 50
K 153165148200 t56gff1924
Y 1
D 0 0 215 1440
Z 10
i 946
b 30 50 185 1390
P 1 0 1320 30 1320 0 2 0
A 25 1320 10 0 9 3 #=A3
L 35 1320 10 0 2 0 1 0 GND_A3
A 25 1320 10 0 9 0 PINTYPE=BI
P 2 0 1310 30 1310 0 2 0
A 25 1310 10 0 9 3 #=A4
L 35 1310 10 0 2 0 1 0 GND_A4
A 25 1310 10 0 9 0 PINTYPE=BI
P 3 0 1300 30 1300 0 2 0
A 25 1300 10 0 9 3 #=A5
L 35 1300 10 0 2 0 1 0 GND_A5
A 25 1300 10 0 9 0 PINTYPE=BI
P 4 0 1290 30 1290 0 2 0
A 25 1290 10 0 9 3 #=A6
L 35 1290 10 0 2 0 1 0 GND_A6
A 25 1290 10 0 9 0 PINTYPE=BI
P 5 0 1280 30 1280 0 2 0
A 25 1280 10 0 9 3 #=A7
L 35 1280 10 0 2 0 1 0 GND_A7
A 25 1280 10 0 9 0 PINTYPE=BI
P 6 0 1270 30 1270 0 2 0
A 25 1270 10 0 9 3 #=A8
L 35 1270 10 0 2 0 1 0 GND_A8
A 25 1270 10 0 9 0 PINTYPE=BI
P 7 0 1260 30 1260 0 2 0
A 25 1260 10 0 9 3 #=A9
L 35 1260 10 0 2 0 1 0 GND_A9
A 25 1260 10 0 9 0 PINTYPE=BI
P 8 0 1250 30 1250 0 2 0
A 25 1250 10 0 9 3 #=A10
L 35 1250 10 0 2 0 1 0 GND_A10
A 25 1250 10 0 9 0 PINTYPE=BI
P 9 0 1240 30 1240 0 2 0
A 25 1240 10 0 9 3 #=A11
L 35 1240 10 0 2 0 1 0 GND_A11
A 25 1240 10 0 9 0 PINTYPE=BI
P 10 0 1230 30 1230 0 2 0
A 25 1230 10 0 9 3 #=A12
L 35 1230 10 0 2 0 1 0 GND_A12
A 25 1230 10 0 9 0 PINTYPE=BI
P 11 0 1220 30 1220 0 2 0
A 25 1220 10 0 9 3 #=A13
L 35 1220 10 0 2 0 1 0 GND_A13
A 25 1220 10 0 9 0 PINTYPE=BI
P 12 0 1210 30 1210 0 2 0
A 25 1210 10 0 9 3 #=A14
L 35 1210 10 0 2 0 1 0 GND_A14
A 25 1210 10 0 9 0 PINTYPE=BI
P 13 0 1200 30 1200 0 2 0
A 25 1200 10 0 9 3 #=A15
L 35 1200 10 0 2 0 1 0 GND_A15
A 25 1200 10 0 9 0 PINTYPE=BI
P 14 0 1190 30 1190 0 2 0
A 25 1190 10 0 9 3 #=A21
L 35 1190 10 0 2 0 1 0 GND_A21
A 25 1190 10 0 9 0 PINTYPE=BI
P 15 0 1180 30 1180 0 2 0
A 25 1180 10 0 9 3 #=A22
L 35 1180 10 0 2 0 1 0 GND_A22
A 25 1180 10 0 9 0 PINTYPE=BI
P 16 0 1170 30 1170 0 2 0
A 25 1170 10 0 9 3 #=A23
L 35 1170 10 0 2 0 1 0 GND_A23
A 25 1170 10 0 9 0 PINTYPE=BI
P 17 0 1160 30 1160 0 2 0
A 25 1160 10 0 9 3 #=A24
L 35 1160 10 0 2 0 1 0 GND_A24
A 25 1160 10 0 9 0 PINTYPE=BI
P 18 0 1150 30 1150 0 2 0
A 25 1150 10 0 9 3 #=A30
L 35 1150 10 0 2 0 1 0 GND_A30
A 25 1150 10 0 9 0 PINTYPE=BI
P 19 0 1140 30 1140 0 2 0
A 25 1140 10 0 9 3 #=A31
L 35 1140 10 0 2 0 1 0 GND_A31
A 25 1140 10 0 9 0 PINTYPE=BI
P 20 0 1130 30 1130 0 2 0
A 25 1130 10 0 9 3 #=A32
L 35 1130 10 0 2 0 1 0 GND_A32
A 25 1130 10 0 9 0 PINTYPE=BI
P 21 0 1120 30 1120 0 2 0
A 25 1120 10 0 9 3 #=A33
L 35 1120 10 0 2 0 1 0 GND_A33
A 25 1120 10 0 9 0 PINTYPE=BI
P 22 0 1110 30 1110 0 2 0
A 25 1110 10 0 9 3 #=A34
L 35 1110 10 0 2 0 1 0 GND_A34
A 25 1110 10 0 9 0 PINTYPE=BI
P 23 0 1100 30 1100 0 2 0
A 25 1100 10 0 9 3 #=A35
L 35 1100 10 0 2 0 1 0 GND_A35
A 25 1100 10 0 9 0 PINTYPE=BI
P 24 0 1090 30 1090 0 2 0
A 25 1090 10 0 9 3 #=A36
L 35 1090 10 0 2 0 1 0 GND_A36
A 25 1090 10 0 9 0 PINTYPE=BI
P 25 0 1080 30 1080 0 2 0
A 25 1080 10 0 9 3 #=A37
L 35 1080 10 0 2 0 1 0 GND_A37
A 25 1080 10 0 9 0 PINTYPE=BI
P 26 0 1070 30 1070 0 2 0
A 25 1070 10 0 9 3 #=A38
L 35 1070 10 0 2 0 1 0 GND_A38
A 25 1070 10 0 9 0 PINTYPE=BI
P 27 0 1060 30 1060 0 2 0
A 25 1060 10 0 9 3 #=A39
L 35 1060 10 0 2 0 1 0 GND_A39
A 25 1060 10 0 9 0 PINTYPE=BI
P 28 0 1050 30 1050 0 2 0
A 25 1050 10 0 9 3 #=A40
L 35 1050 10 0 2 0 1 0 GND_A40
A 25 1050 10 0 9 0 PINTYPE=BI
P 29 0 1040 30 1040 0 2 0
A 25 1040 10 0 9 3 #=A41
L 35 1040 10 0 2 0 1 0 GND_A41
A 25 1040 10 0 9 0 PINTYPE=BI
P 30 0 1030 30 1030 0 2 0
A 25 1030 10 0 9 3 #=A42
L 35 1030 10 0 2 0 1 0 GND_A42
A 25 1030 10 0 9 0 PINTYPE=BI
P 31 0 1020 30 1020 0 2 0
A 25 1020 10 0 9 3 #=AA1
L 35 1020 10 0 2 0 1 0 GND_AA1
A 25 1020 10 0 9 0 PINTYPE=BI
P 32 0 1010 30 1010 0 2 0
A 25 1010 10 0 9 3 #=AA2
L 35 1010 10 0 2 0 1 0 GND_AA2
A 25 1010 10 0 9 0 PINTYPE=BI
P 33 0 1000 30 1000 0 2 0
A 25 1000 10 0 9 3 #=AA3
L 35 1000 10 0 2 0 1 0 GND_AA3
A 25 1000 10 0 9 0 PINTYPE=BI
P 34 0 990 30 990 0 2 0
A 25 990 10 0 9 3 #=AA4
L 35 990 10 0 2 0 1 0 GND_AA4
A 25 990 10 0 9 0 PINTYPE=BI
P 35 0 980 30 980 0 2 0
A 25 980 10 0 9 3 #=AA5
L 35 980 10 0 2 0 1 0 GND_AA5
A 25 980 10 0 9 0 PINTYPE=BI
P 36 0 970 30 970 0 2 0
A 25 970 10 0 9 3 #=AA6
L 35 970 10 0 2 0 1 0 GND_AA6
A 25 970 10 0 9 0 PINTYPE=BI
P 37 0 960 30 960 0 2 0
A 25 960 10 0 9 3 #=AA7
L 35 960 10 0 2 0 1 0 GND_AA7
A 25 960 10 0 9 0 PINTYPE=BI
P 38 0 950 30 950 0 2 0
A 25 950 10 0 9 3 #=AA8
L 35 950 10 0 2 0 1 0 GND_AA8
A 25 950 10 0 9 0 PINTYPE=BI
P 39 0 940 30 940 0 2 0
A 25 940 10 0 9 3 #=AA9
L 35 940 10 0 2 0 1 0 GND_AA9
A 25 940 10 0 9 0 PINTYPE=BI
P 40 0 930 30 930 0 2 0
A 25 930 10 0 9 3 #=AA10
L 35 930 10 0 2 0 1 0 GND_AA10
A 25 930 10 0 9 0 PINTYPE=BI
P 41 0 920 30 920 0 2 0
A 25 920 10 0 9 3 #=AA11
L 35 920 10 0 2 0 1 0 GND_AA11
A 25 920 10 0 9 0 PINTYPE=BI
P 42 0 910 30 910 0 2 0
A 25 910 10 0 9 3 #=AA12
L 35 910 10 0 2 0 1 0 GND_AA12
A 25 910 10 0 9 0 PINTYPE=BI
P 43 0 900 30 900 0 2 0
A 25 900 10 0 9 3 #=AA13
L 35 900 10 0 2 0 1 0 GND_AA13
A 25 900 10 0 9 0 PINTYPE=BI
P 44 0 890 30 890 0 2 0
A 25 890 10 0 9 3 #=AA14
L 35 890 10 0 2 0 1 0 GND_AA14
A 25 890 10 0 9 0 PINTYPE=BI
P 45 0 880 30 880 0 2 0
A 25 880 10 0 9 3 #=AA15
L 35 880 10 0 2 0 1 0 GND_AA15
A 25 880 10 0 9 0 PINTYPE=BI
P 46 0 870 30 870 0 2 0
A 25 870 10 0 9 3 #=AA16
L 35 870 10 0 2 0 1 0 GND_AA16
A 25 870 10 0 9 0 PINTYPE=BI
P 47 0 860 30 860 0 2 0
A 25 860 10 0 9 3 #=AA17
L 35 860 10 0 2 0 1 0 GND_AA17
A 25 860 10 0 9 0 PINTYPE=BI
P 48 0 850 30 850 0 2 0
A 25 850 10 0 9 3 #=AA19
L 35 850 10 0 2 0 1 0 GND_AA19
A 25 850 10 0 9 0 PINTYPE=BI
P 49 0 840 30 840 0 2 0
A 25 840 10 0 9 3 #=AA21
L 35 840 10 0 2 0 1 0 GND_AA21
A 25 840 10 0 9 0 PINTYPE=BI
P 50 0 830 30 830 0 2 0
A 25 830 10 0 9 3 #=AA23
L 35 830 10 0 2 0 1 0 GND_AA23
A 25 830 10 0 9 0 PINTYPE=BI
P 51 0 820 30 820 0 2 0
A 25 820 10 0 9 3 #=AA25
L 35 820 10 0 2 0 1 0 GND_AA25
A 25 820 10 0 9 0 PINTYPE=BI
P 52 0 810 30 810 0 2 0
A 25 810 10 0 9 3 #=AA27
L 35 810 10 0 2 0 1 0 GND_AA27
A 25 810 10 0 9 0 PINTYPE=BI
P 53 0 800 30 800 0 2 0
A 25 800 10 0 9 3 #=AA29
L 35 800 10 0 2 0 1 0 GND_AA29
A 25 800 10 0 9 0 PINTYPE=BI
P 54 0 790 30 790 0 2 0
A 25 790 10 0 9 3 #=AA30
L 35 790 10 0 2 0 1 0 GND_AA30
A 25 790 10 0 9 0 PINTYPE=BI
P 55 0 780 30 780 0 2 0
A 25 780 10 0 9 3 #=AA31
L 35 780 10 0 2 0 1 0 GND_AA31
A 25 780 10 0 9 0 PINTYPE=BI
P 56 0 770 30 770 0 2 0
A 25 770 10 0 9 3 #=AA32
L 35 770 10 0 2 0 1 0 GND_AA32
A 25 770 10 0 9 0 PINTYPE=BI
P 57 0 760 30 760 0 2 0
A 25 760 10 0 9 3 #=AA33
L 35 760 10 0 2 0 1 0 GND_AA33
A 25 760 10 0 9 0 PINTYPE=BI
P 58 0 750 30 750 0 2 0
A 25 750 10 0 9 3 #=AA34
L 35 750 10 0 2 0 1 0 GND_AA34
A 25 750 10 0 9 0 PINTYPE=BI
P 59 0 740 30 740 0 2 0
A 25 740 10 0 9 3 #=AA35
L 35 740 10 0 2 0 1 0 GND_AA35
A 25 740 10 0 9 0 PINTYPE=BI
P 60 0 730 30 730 0 2 0
A 25 730 10 0 9 3 #=AA36
L 35 730 10 0 2 0 1 0 GND_AA36
A 25 730 10 0 9 0 PINTYPE=BI
P 61 0 720 30 720 0 2 0
A 25 720 10 0 9 3 #=AA37
L 35 720 10 0 2 0 1 0 GND_AA37
A 25 720 10 0 9 0 PINTYPE=BI
P 62 0 710 30 710 0 2 0
A 25 710 10 0 9 3 #=AA38
L 35 710 10 0 2 0 1 0 GND_AA38
A 25 710 10 0 9 0 PINTYPE=BI
P 63 0 700 30 700 0 2 0
A 25 700 10 0 9 3 #=AA39
L 35 700 10 0 2 0 1 0 GND_AA39
A 25 700 10 0 9 0 PINTYPE=BI
P 64 0 690 30 690 0 2 0
A 25 690 10 0 9 3 #=AA40
L 35 690 10 0 2 0 1 0 GND_AA40
A 25 690 10 0 9 0 PINTYPE=BI
P 65 0 680 30 680 0 2 0
A 25 680 10 0 9 3 #=AA41
L 35 680 10 0 2 0 1 0 GND_AA41
A 25 680 10 0 9 0 PINTYPE=BI
P 66 0 670 30 670 0 2 0
A 25 670 10 0 9 3 #=AA42
L 35 670 10 0 2 0 1 0 GND_AA42
A 25 670 10 0 9 0 PINTYPE=BI
P 67 0 660 30 660 0 2 0
A 25 660 10 0 9 3 #=AA43
L 35 660 10 0 2 0 1 0 GND_AA43
A 25 660 10 0 9 0 PINTYPE=BI
P 68 0 650 30 650 0 2 0
A 25 650 10 0 9 3 #=AA44
L 35 650 10 0 2 0 1 0 GND_AA44
A 25 650 10 0 9 0 PINTYPE=BI
P 69 0 640 30 640 0 2 0
A 25 640 10 0 9 3 #=AB1
L 35 640 10 0 2 0 1 0 GND_AB1
A 25 640 10 0 9 0 PINTYPE=BI
P 70 0 630 30 630 0 2 0
A 25 630 10 0 9 3 #=AB2
L 35 630 10 0 2 0 1 0 GND_AB2
A 25 630 10 0 9 0 PINTYPE=BI
P 71 0 620 30 620 0 2 0
A 25 620 10 0 9 3 #=AB3
L 35 620 10 0 2 0 1 0 GND_AB3
A 25 620 10 0 9 0 PINTYPE=BI
P 72 0 610 30 610 0 2 0
A 25 610 10 0 9 3 #=AB4
L 35 610 10 0 2 0 1 0 GND_AB4
A 25 610 10 0 9 0 PINTYPE=BI
P 73 0 600 30 600 0 2 0
A 25 600 10 0 9 3 #=AB5
L 35 600 10 0 2 0 1 0 GND_AB5
A 25 600 10 0 9 0 PINTYPE=BI
P 74 0 590 30 590 0 2 0
A 25 590 10 0 9 3 #=AB6
L 35 590 10 0 2 0 1 0 GND_AB6
A 25 590 10 0 9 0 PINTYPE=BI
P 75 0 580 30 580 0 2 0
A 25 580 10 0 9 3 #=AB7
L 35 580 10 0 2 0 1 0 GND_AB7
A 25 580 10 0 9 0 PINTYPE=BI
P 76 0 570 30 570 0 2 0
A 25 570 10 0 9 3 #=AB8
L 35 570 10 0 2 0 1 0 GND_AB8
A 25 570 10 0 9 0 PINTYPE=BI
P 77 0 560 30 560 0 2 0
A 25 560 10 0 9 3 #=AB9
L 35 560 10 0 2 0 1 0 GND_AB9
A 25 560 10 0 9 0 PINTYPE=BI
P 78 0 550 30 550 0 2 0
A 25 550 10 0 9 3 #=AB10
L 35 550 10 0 2 0 1 0 GND_AB10
A 25 550 10 0 9 0 PINTYPE=BI
P 79 0 540 30 540 0 2 0
A 25 540 10 0 9 3 #=AB11
L 35 540 10 0 2 0 1 0 GND_AB11
A 25 540 10 0 9 0 PINTYPE=BI
P 80 0 530 30 530 0 2 0
A 25 530 10 0 9 3 #=AB12
L 35 530 10 0 2 0 1 0 GND_AB12
A 25 530 10 0 9 0 PINTYPE=BI
P 81 0 520 30 520 0 2 0
A 25 520 10 0 9 3 #=AB13
L 35 520 10 0 2 0 1 0 GND_AB13
A 25 520 10 0 9 0 PINTYPE=BI
P 82 0 510 30 510 0 2 0
A 25 510 10 0 9 3 #=AB14
L 35 510 10 0 2 0 1 0 GND_AB14
A 25 510 10 0 9 0 PINTYPE=BI
P 83 0 500 30 500 0 2 0
A 25 500 10 0 9 3 #=AB15
L 35 500 10 0 2 0 1 0 GND_AB15
A 25 500 10 0 9 0 PINTYPE=BI
P 84 0 490 30 490 0 2 0
A 25 490 10 0 9 3 #=AB16
L 35 490 10 0 2 0 1 0 GND_AB16
A 25 490 10 0 9 0 PINTYPE=BI
P 85 0 480 30 480 0 2 0
A 25 480 10 0 9 3 #=AB18
L 35 480 10 0 2 0 1 0 GND_AB18
A 25 480 10 0 9 0 PINTYPE=BI
P 86 0 470 30 470 0 2 0
A 25 470 10 0 9 3 #=AB20
L 35 470 10 0 2 0 1 0 GND_AB20
A 25 470 10 0 9 0 PINTYPE=BI
P 87 0 460 30 460 0 2 0
A 25 460 10 0 9 3 #=AB22
L 35 460 10 0 2 0 1 0 GND_AB22
A 25 460 10 0 9 0 PINTYPE=BI
P 88 0 450 30 450 0 2 0
A 25 450 10 0 9 3 #=AB24
L 35 450 10 0 2 0 1 0 GND_AB24
A 25 450 10 0 9 0 PINTYPE=BI
P 89 0 440 30 440 0 2 0
A 25 440 10 0 9 3 #=AB26
L 35 440 10 0 2 0 1 0 GND_AB26
A 25 440 10 0 9 0 PINTYPE=BI
P 90 0 430 30 430 0 2 0
A 25 430 10 0 9 3 #=AB28
L 35 430 10 0 2 0 1 0 GND_AB28
A 25 430 10 0 9 0 PINTYPE=BI
P 91 0 420 30 420 0 2 0
A 25 420 10 0 9 3 #=AB29
L 35 420 10 0 2 0 1 0 GND_AB29
A 25 420 10 0 9 0 PINTYPE=BI
P 92 0 410 30 410 0 2 0
A 25 410 10 0 9 3 #=AB30
L 35 410 10 0 2 0 1 0 GND_AB30
A 25 410 10 0 9 0 PINTYPE=BI
P 93 0 400 30 400 0 2 0
A 25 400 10 0 9 3 #=AB31
L 35 400 10 0 2 0 1 0 GND_AB31
A 25 400 10 0 9 0 PINTYPE=BI
P 94 0 390 30 390 0 2 0
A 25 390 10 0 9 3 #=AB32
L 35 390 10 0 2 0 1 0 GND_AB32
A 25 390 10 0 9 0 PINTYPE=BI
P 95 0 380 30 380 0 2 0
A 25 380 10 0 9 3 #=AB33
L 35 380 10 0 2 0 1 0 GND_AB33
A 25 380 10 0 9 0 PINTYPE=BI
P 96 0 370 30 370 0 2 0
A 25 370 10 0 9 3 #=AB34
L 35 370 10 0 2 0 1 0 GND_AB34
A 25 370 10 0 9 0 PINTYPE=BI
P 97 0 360 30 360 0 2 0
A 25 360 10 0 9 3 #=AB35
L 35 360 10 0 2 0 1 0 GND_AB35
A 25 360 10 0 9 0 PINTYPE=BI
P 98 0 350 30 350 0 2 0
A 25 350 10 0 9 3 #=AB36
L 35 350 10 0 2 0 1 0 GND_AB36
A 25 350 10 0 9 0 PINTYPE=BI
P 99 0 340 30 340 0 2 0
A 25 340 10 0 9 3 #=AB37
L 35 340 10 0 2 0 1 0 GND_AB37
A 25 340 10 0 9 0 PINTYPE=BI
P 100 0 330 30 330 0 2 0
A 25 330 10 0 9 3 #=AB38
L 35 330 10 0 2 0 1 0 GND_AB38
A 25 330 10 0 9 0 PINTYPE=BI
P 101 0 320 30 320 0 2 0
A 25 320 10 0 9 3 #=AB39
L 35 320 10 0 2 0 1 0 GND_AB39
A 25 320 10 0 9 0 PINTYPE=BI
P 102 0 310 30 310 0 2 0
A 25 310 10 0 9 3 #=AB40
L 35 310 10 0 2 0 1 0 GND_AB40
A 25 310 10 0 9 0 PINTYPE=BI
P 103 0 300 30 300 0 2 0
A 25 300 10 0 9 3 #=AB41
L 35 300 10 0 2 0 1 0 GND_AB41
A 25 300 10 0 9 0 PINTYPE=BI
P 104 0 290 30 290 0 2 0
A 25 290 10 0 9 3 #=AB42
L 35 290 10 0 2 0 1 0 GND_AB42
A 25 290 10 0 9 0 PINTYPE=BI
P 105 0 280 30 280 0 2 0
A 25 280 10 0 9 3 #=AB43
L 35 280 10 0 2 0 1 0 GND_AB43
A 25 280 10 0 9 0 PINTYPE=BI
P 106 0 270 30 270 0 2 0
A 25 270 10 0 9 3 #=AB44
L 35 270 10 0 2 0 1 0 GND_AB44
A 25 270 10 0 9 0 PINTYPE=BI
P 107 0 260 30 260 0 2 0
A 25 260 10 0 9 3 #=AC1
L 35 260 10 0 2 0 1 0 GND_AC1
A 25 260 10 0 9 0 PINTYPE=BI
P 108 0 250 30 250 0 2 0
A 25 250 10 0 9 3 #=AC2
L 35 250 10 0 2 0 1 0 GND_AC2
A 25 250 10 0 9 0 PINTYPE=BI
P 109 0 240 30 240 0 2 0
A 25 240 10 0 9 3 #=AC3
L 35 240 10 0 2 0 1 0 GND_AC3
A 25 240 10 0 9 0 PINTYPE=BI
P 110 0 230 30 230 0 2 0
A 25 230 10 0 9 3 #=AC4
L 35 230 10 0 2 0 1 0 GND_AC4
A 25 230 10 0 9 0 PINTYPE=BI
P 111 0 220 30 220 0 2 0
A 25 220 10 0 9 3 #=AC5
L 35 220 10 0 2 0 1 0 GND_AC5
A 25 220 10 0 9 0 PINTYPE=BI
P 112 0 210 30 210 0 2 0
A 25 210 10 0 9 3 #=AC6
L 35 210 10 0 2 0 1 0 GND_AC6
A 25 210 10 0 9 0 PINTYPE=BI
P 113 0 200 30 200 0 2 0
A 25 200 10 0 9 3 #=AC7
L 35 200 10 0 2 0 1 0 GND_AC7
A 25 200 10 0 9 0 PINTYPE=BI
P 114 0 190 30 190 0 2 0
A 25 190 10 0 9 3 #=AC8
L 35 190 10 0 2 0 1 0 GND_AC8
A 25 190 10 0 9 0 PINTYPE=BI
P 115 0 180 30 180 0 2 0
A 25 180 10 0 9 3 #=AC9
L 35 180 10 0 2 0 1 0 GND_AC9
A 25 180 10 0 9 0 PINTYPE=BI
P 116 0 170 30 170 0 2 0
A 25 170 10 0 9 3 #=AC10
L 35 170 10 0 2 0 1 0 GND_AC10
A 25 170 10 0 9 0 PINTYPE=BI
P 117 0 160 30 160 0 2 0
A 25 160 10 0 9 3 #=AC11
L 35 160 10 0 2 0 1 0 GND_AC11
A 25 160 10 0 9 0 PINTYPE=BI
P 118 0 150 30 150 0 2 0
A 25 150 10 0 9 3 #=AC12
L 35 150 10 0 2 0 1 0 GND_AC12
A 25 150 10 0 9 0 PINTYPE=BI
P 119 0 140 30 140 0 2 0
A 25 140 10 0 9 3 #=AC13
L 35 140 10 0 2 0 1 0 GND_AC13
A 25 140 10 0 9 0 PINTYPE=BI
P 120 0 130 30 130 0 2 0
A 25 130 10 0 9 3 #=AC14
L 35 130 10 0 2 0 1 0 GND_AC14
A 25 130 10 0 9 0 PINTYPE=BI
P 121 0 120 30 120 0 2 0
A 25 120 10 0 9 3 #=AC15
L 35 120 10 0 2 0 1 0 GND_AC15
A 25 120 10 0 9 0 PINTYPE=BI
P 122 0 110 30 110 0 2 0
A 25 110 10 0 9 3 #=AC16
L 35 110 10 0 2 0 1 0 GND_AC16
A 25 110 10 0 9 0 PINTYPE=BI
P 123 0 100 30 100 0 2 0
A 25 100 10 0 9 3 #=AC17
L 35 100 10 0 2 0 1 0 GND_AC17
A 25 100 10 0 9 0 PINTYPE=BI
P 124 0 90 30 90 0 2 0
A 25 90 10 0 9 3 #=AC19
L 35 90 10 0 2 0 1 0 GND_AC19
A 25 90 10 0 9 0 PINTYPE=BI
P 125 0 80 30 80 0 2 0
A 25 80 10 0 9 3 #=AC21
L 35 80 10 0 2 0 1 0 GND_AC21
A 25 80 10 0 9 0 PINTYPE=BI
P 126 215 1320 185 1320 0 3 0
A 190 1320 10 0 3 3 #=AC23
L 180 1320 10 0 8 0 1 0 GND_AC23
A 180 1320 10 0 3 0 PINTYPE=BI
P 127 215 1310 185 1310 0 3 0
A 190 1310 10 0 3 3 #=AC25
L 180 1310 10 0 8 0 1 0 GND_AC25
A 180 1310 10 0 3 0 PINTYPE=BI
P 128 215 1300 185 1300 0 3 0
A 190 1300 10 0 3 3 #=AC27
L 180 1300 10 0 8 0 1 0 GND_AC27
A 180 1300 10 0 3 0 PINTYPE=BI
P 129 215 1290 185 1290 0 3 0
A 190 1290 10 0 3 3 #=AC29
L 180 1290 10 0 8 0 1 0 GND_AC29
A 180 1290 10 0 3 0 PINTYPE=BI
P 130 215 1280 185 1280 0 3 0
A 190 1280 10 0 3 3 #=AC30
L 180 1280 10 0 8 0 1 0 GND_AC30
A 180 1280 10 0 3 0 PINTYPE=BI
P 131 215 1270 185 1270 0 3 0
A 190 1270 10 0 3 3 #=AC31
L 180 1270 10 0 8 0 1 0 GND_AC31
A 180 1270 10 0 3 0 PINTYPE=BI
P 132 215 1260 185 1260 0 3 0
A 190 1260 10 0 3 3 #=AC32
L 180 1260 10 0 8 0 1 0 GND_AC32
A 180 1260 10 0 3 0 PINTYPE=BI
P 133 215 1250 185 1250 0 3 0
A 190 1250 10 0 3 3 #=AC33
L 180 1250 10 0 8 0 1 0 GND_AC33
A 180 1250 10 0 3 0 PINTYPE=BI
P 134 215 1240 185 1240 0 3 0
A 190 1240 10 0 3 3 #=AC34
L 180 1240 10 0 8 0 1 0 GND_AC34
A 180 1240 10 0 3 0 PINTYPE=BI
P 135 215 1230 185 1230 0 3 0
A 190 1230 10 0 3 3 #=AC35
L 180 1230 10 0 8 0 1 0 GND_AC35
A 180 1230 10 0 3 0 PINTYPE=BI
P 136 215 1220 185 1220 0 3 0
A 190 1220 10 0 3 3 #=AC36
L 180 1220 10 0 8 0 1 0 GND_AC36
A 180 1220 10 0 3 0 PINTYPE=BI
P 137 215 1210 185 1210 0 3 0
A 190 1210 10 0 3 3 #=AC37
L 180 1210 10 0 8 0 1 0 GND_AC37
A 180 1210 10 0 3 0 PINTYPE=BI
P 138 215 1200 185 1200 0 3 0
A 190 1200 10 0 3 3 #=AC38
L 180 1200 10 0 8 0 1 0 GND_AC38
A 180 1200 10 0 3 0 PINTYPE=BI
P 139 215 1190 185 1190 0 3 0
A 190 1190 10 0 3 3 #=AC39
L 180 1190 10 0 8 0 1 0 GND_AC39
A 180 1190 10 0 3 0 PINTYPE=BI
P 140 215 1180 185 1180 0 3 0
A 190 1180 10 0 3 3 #=AC40
L 180 1180 10 0 8 0 1 0 GND_AC40
A 180 1180 10 0 3 0 PINTYPE=BI
P 141 215 1170 185 1170 0 3 0
A 190 1170 10 0 3 3 #=AC41
L 180 1170 10 0 8 0 1 0 GND_AC41
A 180 1170 10 0 3 0 PINTYPE=BI
P 142 215 1160 185 1160 0 3 0
A 190 1160 10 0 3 3 #=AC42
L 180 1160 10 0 8 0 1 0 GND_AC42
A 180 1160 10 0 3 0 PINTYPE=BI
P 143 215 1150 185 1150 0 3 0
A 190 1150 10 0 3 3 #=AC43
L 180 1150 10 0 8 0 1 0 GND_AC43
A 180 1150 10 0 3 0 PINTYPE=BI
P 144 215 1140 185 1140 0 3 0
A 190 1140 10 0 3 3 #=AC44
L 180 1140 10 0 8 0 1 0 GND_AC44
A 180 1140 10 0 3 0 PINTYPE=BI
P 145 215 1130 185 1130 0 3 0
A 190 1130 10 0 3 3 #=AD1
L 180 1130 10 0 8 0 1 0 GND_AD1
A 180 1130 10 0 3 0 PINTYPE=BI
P 146 215 1120 185 1120 0 3 0
A 190 1120 10 0 3 3 #=AD2
L 180 1120 10 0 8 0 1 0 GND_AD2
A 180 1120 10 0 3 0 PINTYPE=BI
P 147 215 1110 185 1110 0 3 0
A 190 1110 10 0 3 3 #=AD3
L 180 1110 10 0 8 0 1 0 GND_AD3
A 180 1110 10 0 3 0 PINTYPE=BI
P 148 215 1100 185 1100 0 3 0
A 190 1100 10 0 3 3 #=AD4
L 180 1100 10 0 8 0 1 0 GND_AD4
A 180 1100 10 0 3 0 PINTYPE=BI
P 149 215 1090 185 1090 0 3 0
A 190 1090 10 0 3 3 #=AD5
L 180 1090 10 0 8 0 1 0 GND_AD5
A 180 1090 10 0 3 0 PINTYPE=BI
P 150 215 1080 185 1080 0 3 0
A 190 1080 10 0 3 3 #=AD6
L 180 1080 10 0 8 0 1 0 GND_AD6
A 180 1080 10 0 3 0 PINTYPE=BI
P 151 215 1070 185 1070 0 3 0
A 190 1070 10 0 3 3 #=AD7
L 180 1070 10 0 8 0 1 0 GND_AD7
A 180 1070 10 0 3 0 PINTYPE=BI
P 152 215 1060 185 1060 0 3 0
A 190 1060 10 0 3 3 #=AD8
L 180 1060 10 0 8 0 1 0 GND_AD8
A 180 1060 10 0 3 0 PINTYPE=BI
P 153 215 1050 185 1050 0 3 0
A 190 1050 10 0 3 3 #=AD9
L 180 1050 10 0 8 0 1 0 GND_AD9
A 180 1050 10 0 3 0 PINTYPE=BI
P 154 215 1040 185 1040 0 3 0
A 190 1040 10 0 3 3 #=AD10
L 180 1040 10 0 8 0 1 0 GND_AD10
A 180 1040 10 0 3 0 PINTYPE=BI
P 155 215 1030 185 1030 0 3 0
A 190 1030 10 0 3 3 #=AD11
L 180 1030 10 0 8 0 1 0 GND_AD11
A 180 1030 10 0 3 0 PINTYPE=BI
P 156 215 1020 185 1020 0 3 0
A 190 1020 10 0 3 3 #=AD12
L 180 1020 10 0 8 0 1 0 GND_AD12
A 180 1020 10 0 3 0 PINTYPE=BI
P 157 215 1010 185 1010 0 3 0
A 190 1010 10 0 3 3 #=AD13
L 180 1010 10 0 8 0 1 0 GND_AD13
A 180 1010 10 0 3 0 PINTYPE=BI
P 158 215 1000 185 1000 0 3 0
A 190 1000 10 0 3 3 #=AD14
L 180 1000 10 0 8 0 1 0 GND_AD14
A 180 1000 10 0 3 0 PINTYPE=BI
P 159 215 990 185 990 0 3 0
A 190 990 10 0 3 3 #=AD15
L 180 990 10 0 8 0 1 0 GND_AD15
A 180 990 10 0 3 0 PINTYPE=BI
P 160 215 980 185 980 0 3 0
A 190 980 10 0 3 3 #=AD16
L 180 980 10 0 8 0 1 0 GND_AD16
A 180 980 10 0 3 0 PINTYPE=BI
P 161 215 970 185 970 0 3 0
A 190 970 10 0 3 3 #=AD18
L 180 970 10 0 8 0 1 0 GND_AD18
A 180 970 10 0 3 0 PINTYPE=BI
P 162 215 960 185 960 0 3 0
A 190 960 10 0 3 3 #=AD20
L 180 960 10 0 8 0 1 0 GND_AD20
A 180 960 10 0 3 0 PINTYPE=BI
P 163 215 950 185 950 0 3 0
A 190 950 10 0 3 3 #=AD22
L 180 950 10 0 8 0 1 0 GND_AD22
A 180 950 10 0 3 0 PINTYPE=BI
P 164 215 940 185 940 0 3 0
A 190 940 10 0 3 3 #=AD24
L 180 940 10 0 8 0 1 0 GND_AD24
A 180 940 10 0 3 0 PINTYPE=BI
P 165 215 930 185 930 0 3 0
A 190 930 10 0 3 3 #=AD26
L 180 930 10 0 8 0 1 0 GND_AD26
A 180 930 10 0 3 0 PINTYPE=BI
P 166 215 920 185 920 0 3 0
A 190 920 10 0 3 3 #=AD28
L 180 920 10 0 8 0 1 0 GND_AD28
A 180 920 10 0 3 0 PINTYPE=BI
P 167 215 910 185 910 0 3 0
A 190 910 10 0 3 3 #=AD29
L 180 910 10 0 8 0 1 0 GND_AD29
A 180 910 10 0 3 0 PINTYPE=BI
P 168 215 900 185 900 0 3 0
A 190 900 10 0 3 3 #=AD30
L 180 900 10 0 8 0 1 0 GND_AD30
A 180 900 10 0 3 0 PINTYPE=BI
P 169 215 890 185 890 0 3 0
A 190 890 10 0 3 3 #=AD31
L 180 890 10 0 8 0 1 0 GND_AD31
A 180 890 10 0 3 0 PINTYPE=BI
P 170 215 880 185 880 0 3 0
A 190 880 10 0 3 3 #=AD32
L 180 880 10 0 8 0 1 0 GND_AD32
A 180 880 10 0 3 0 PINTYPE=BI
P 171 215 870 185 870 0 3 0
A 190 870 10 0 3 3 #=AD33
L 180 870 10 0 8 0 1 0 GND_AD33
A 180 870 10 0 3 0 PINTYPE=BI
P 172 215 860 185 860 0 3 0
A 190 860 10 0 3 3 #=AD34
L 180 860 10 0 8 0 1 0 GND_AD34
A 180 860 10 0 3 0 PINTYPE=BI
P 173 215 850 185 850 0 3 0
A 190 850 10 0 3 3 #=AD35
L 180 850 10 0 8 0 1 0 GND_AD35
A 180 850 10 0 3 0 PINTYPE=BI
P 174 215 840 185 840 0 3 0
A 190 840 10 0 3 3 #=AD36
L 180 840 10 0 8 0 1 0 GND_AD36
A 180 840 10 0 3 0 PINTYPE=BI
P 175 215 830 185 830 0 3 0
A 190 830 10 0 3 3 #=AD37
L 180 830 10 0 8 0 1 0 GND_AD37
A 180 830 10 0 3 0 PINTYPE=BI
P 176 215 820 185 820 0 3 0
A 190 820 10 0 3 3 #=AD38
L 180 820 10 0 8 0 1 0 GND_AD38
A 180 820 10 0 3 0 PINTYPE=BI
P 177 215 810 185 810 0 3 0
A 190 810 10 0 3 3 #=AD39
L 180 810 10 0 8 0 1 0 GND_AD39
A 180 810 10 0 3 0 PINTYPE=BI
P 178 215 800 185 800 0 3 0
A 190 800 10 0 3 3 #=AD40
L 180 800 10 0 8 0 1 0 GND_AD40
A 180 800 10 0 3 0 PINTYPE=BI
P 179 215 790 185 790 0 3 0
A 190 790 10 0 3 3 #=AD41
L 180 790 10 0 8 0 1 0 GND_AD41
A 180 790 10 0 3 0 PINTYPE=BI
P 180 215 780 185 780 0 3 0
A 190 780 10 0 3 3 #=AD42
L 180 780 10 0 8 0 1 0 GND_AD42
A 180 780 10 0 3 0 PINTYPE=BI
P 181 215 770 185 770 0 3 0
A 190 770 10 0 3 3 #=AD43
L 180 770 10 0 8 0 1 0 GND_AD43
A 180 770 10 0 3 0 PINTYPE=BI
P 182 215 760 185 760 0 3 0
A 190 760 10 0 3 3 #=AD44
L 180 760 10 0 8 0 1 0 GND_AD44
A 180 760 10 0 3 0 PINTYPE=BI
P 183 215 750 185 750 0 3 0
A 190 750 10 0 3 3 #=AE1
L 180 750 10 0 8 0 1 0 GND_AE1
A 180 750 10 0 3 0 PINTYPE=BI
P 184 215 740 185 740 0 3 0
A 190 740 10 0 3 3 #=AE2
L 180 740 10 0 8 0 1 0 GND_AE2
A 180 740 10 0 3 0 PINTYPE=BI
P 185 215 730 185 730 0 3 0
A 190 730 10 0 3 3 #=AE3
L 180 730 10 0 8 0 1 0 GND_AE3
A 180 730 10 0 3 0 PINTYPE=BI
P 186 215 720 185 720 0 3 0
A 190 720 10 0 3 3 #=AE4
L 180 720 10 0 8 0 1 0 GND_AE4
A 180 720 10 0 3 0 PINTYPE=BI
P 187 215 710 185 710 0 3 0
A 190 710 10 0 3 3 #=AE5
L 180 710 10 0 8 0 1 0 GND_AE5
A 180 710 10 0 3 0 PINTYPE=BI
P 188 215 700 185 700 0 3 0
A 190 700 10 0 3 3 #=AE6
L 180 700 10 0 8 0 1 0 GND_AE6
A 180 700 10 0 3 0 PINTYPE=BI
P 189 215 690 185 690 0 3 0
A 190 690 10 0 3 3 #=AE7
L 180 690 10 0 8 0 1 0 GND_AE7
A 180 690 10 0 3 0 PINTYPE=BI
P 190 215 680 185 680 0 3 0
A 190 680 10 0 3 3 #=AE8
L 180 680 10 0 8 0 1 0 GND_AE8
A 180 680 10 0 3 0 PINTYPE=BI
P 191 215 670 185 670 0 3 0
A 190 670 10 0 3 3 #=AE9
L 180 670 10 0 8 0 1 0 GND_AE9
A 180 670 10 0 3 0 PINTYPE=BI
P 192 215 660 185 660 0 3 0
A 190 660 10 0 3 3 #=AE10
L 180 660 10 0 8 0 1 0 GND_AE10
A 180 660 10 0 3 0 PINTYPE=BI
P 193 215 650 185 650 0 3 0
A 190 650 10 0 3 3 #=AE11
L 180 650 10 0 8 0 1 0 GND_AE11
A 180 650 10 0 3 0 PINTYPE=BI
P 194 215 640 185 640 0 3 0
A 190 640 10 0 3 3 #=AE12
L 180 640 10 0 8 0 1 0 GND_AE12
A 180 640 10 0 3 0 PINTYPE=BI
P 195 215 630 185 630 0 3 0
A 190 630 10 0 3 3 #=AE13
L 180 630 10 0 8 0 1 0 GND_AE13
A 180 630 10 0 3 0 PINTYPE=BI
P 196 215 620 185 620 0 3 0
A 190 620 10 0 3 3 #=AE14
L 180 620 10 0 8 0 1 0 GND_AE14
A 180 620 10 0 3 0 PINTYPE=BI
P 197 215 610 185 610 0 3 0
A 190 610 10 0 3 3 #=AE15
L 180 610 10 0 8 0 1 0 GND_AE15
A 180 610 10 0 3 0 PINTYPE=BI
P 198 215 600 185 600 0 3 0
A 190 600 10 0 3 3 #=AE16
L 180 600 10 0 8 0 1 0 GND_AE16
A 180 600 10 0 3 0 PINTYPE=BI
P 199 215 590 185 590 0 3 0
A 190 590 10 0 3 3 #=AE17
L 180 590 10 0 8 0 1 0 GND_AE17
A 180 590 10 0 3 0 PINTYPE=BI
P 200 215 580 185 580 0 3 0
A 190 580 10 0 3 3 #=AE19
L 180 580 10 0 8 0 1 0 GND_AE19
A 180 580 10 0 3 0 PINTYPE=BI
P 201 215 570 185 570 0 3 0
A 190 570 10 0 3 3 #=AE21
L 180 570 10 0 8 0 1 0 GND_AE21
A 180 570 10 0 3 0 PINTYPE=BI
P 202 215 560 185 560 0 3 0
A 190 560 10 0 3 3 #=AE23
L 180 560 10 0 8 0 1 0 GND_AE23
A 180 560 10 0 3 0 PINTYPE=BI
P 203 215 550 185 550 0 3 0
A 190 550 10 0 3 3 #=AE25
L 180 550 10 0 8 0 1 0 GND_AE25
A 180 550 10 0 3 0 PINTYPE=BI
P 204 215 540 185 540 0 3 0
A 190 540 10 0 3 3 #=AE27
L 180 540 10 0 8 0 1 0 GND_AE27
A 180 540 10 0 3 0 PINTYPE=BI
P 205 215 530 185 530 0 3 0
A 190 530 10 0 3 3 #=AE29
L 180 530 10 0 8 0 1 0 GND_AE29
A 180 530 10 0 3 0 PINTYPE=BI
P 206 215 520 185 520 0 3 0
A 190 520 10 0 3 3 #=AE30
L 180 520 10 0 8 0 1 0 GND_AE30
A 180 520 10 0 3 0 PINTYPE=BI
P 207 215 510 185 510 0 3 0
A 190 510 10 0 3 3 #=AE31
L 180 510 10 0 8 0 1 0 GND_AE31
A 180 510 10 0 3 0 PINTYPE=BI
P 208 215 500 185 500 0 3 0
A 190 500 10 0 3 3 #=AE32
L 180 500 10 0 8 0 1 0 GND_AE32
A 180 500 10 0 3 0 PINTYPE=BI
P 209 215 490 185 490 0 3 0
A 190 490 10 0 3 3 #=AE33
L 180 490 10 0 8 0 1 0 GND_AE33
A 180 490 10 0 3 0 PINTYPE=BI
P 210 215 480 185 480 0 3 0
A 190 480 10 0 3 3 #=AE34
L 180 480 10 0 8 0 1 0 GND_AE34
A 180 480 10 0 3 0 PINTYPE=BI
P 211 215 470 185 470 0 3 0
A 190 470 10 0 3 3 #=AE35
L 180 470 10 0 8 0 1 0 GND_AE35
A 180 470 10 0 3 0 PINTYPE=BI
P 212 215 460 185 460 0 3 0
A 190 460 10 0 3 3 #=AE36
L 180 460 10 0 8 0 1 0 GND_AE36
A 180 460 10 0 3 0 PINTYPE=BI
P 213 215 450 185 450 0 3 0
A 190 450 10 0 3 3 #=AE37
L 180 450 10 0 8 0 1 0 GND_AE37
A 180 450 10 0 3 0 PINTYPE=BI
P 214 215 440 185 440 0 3 0
A 190 440 10 0 3 3 #=AE38
L 180 440 10 0 8 0 1 0 GND_AE38
A 180 440 10 0 3 0 PINTYPE=BI
P 215 215 430 185 430 0 3 0
A 190 430 10 0 3 3 #=AE39
L 180 430 10 0 8 0 1 0 GND_AE39
A 180 430 10 0 3 0 PINTYPE=BI
P 216 215 420 185 420 0 3 0
A 190 420 10 0 3 3 #=AE40
L 180 420 10 0 8 0 1 0 GND_AE40
A 180 420 10 0 3 0 PINTYPE=BI
P 217 215 410 185 410 0 3 0
A 190 410 10 0 3 3 #=AE41
L 180 410 10 0 8 0 1 0 GND_AE41
A 180 410 10 0 3 0 PINTYPE=BI
P 218 215 400 185 400 0 3 0
A 190 400 10 0 3 3 #=AE42
L 180 400 10 0 8 0 1 0 GND_AE42
A 180 400 10 0 3 0 PINTYPE=BI
P 219 215 390 185 390 0 3 0
A 190 390 10 0 3 3 #=AE43
L 180 390 10 0 8 0 1 0 GND_AE43
A 180 390 10 0 3 0 PINTYPE=BI
P 220 215 380 185 380 0 3 0
A 190 380 10 0 3 3 #=AE44
L 180 380 10 0 8 0 1 0 GND_AE44
A 180 380 10 0 3 0 PINTYPE=BI
P 221 215 370 185 370 0 3 0
A 190 370 10 0 3 3 #=AF2
L 180 370 10 0 8 0 1 0 GND_AF2
A 180 370 10 0 3 0 PINTYPE=BI
P 222 215 360 185 360 0 3 0
A 190 360 10 0 3 3 #=AF3
L 180 360 10 0 8 0 1 0 GND_AF3
A 180 360 10 0 3 0 PINTYPE=BI
P 223 215 350 185 350 0 3 0
A 190 350 10 0 3 3 #=AF4
L 180 350 10 0 8 0 1 0 GND_AF4
A 180 350 10 0 3 0 PINTYPE=BI
P 224 215 340 185 340 0 3 0
A 190 340 10 0 3 3 #=AF5
L 180 340 10 0 8 0 1 0 GND_AF5
A 180 340 10 0 3 0 PINTYPE=BI
P 225 215 330 185 330 0 3 0
A 190 330 10 0 3 3 #=AF6
L 180 330 10 0 8 0 1 0 GND_AF6
A 180 330 10 0 3 0 PINTYPE=BI
P 226 215 320 185 320 0 3 0
A 190 320 10 0 3 3 #=AF7
L 180 320 10 0 8 0 1 0 GND_AF7
A 180 320 10 0 3 0 PINTYPE=BI
P 227 215 310 185 310 0 3 0
A 190 310 10 0 3 3 #=AF8
L 180 310 10 0 8 0 1 0 GND_AF8
A 180 310 10 0 3 0 PINTYPE=BI
P 228 215 300 185 300 0 3 0
A 190 300 10 0 3 3 #=AF9
L 180 300 10 0 8 0 1 0 GND_AF9
A 180 300 10 0 3 0 PINTYPE=BI
P 229 215 290 185 290 0 3 0
A 190 290 10 0 3 3 #=AF10
L 180 290 10 0 8 0 1 0 GND_AF10
A 180 290 10 0 3 0 PINTYPE=BI
P 230 215 280 185 280 0 3 0
A 190 280 10 0 3 3 #=AF11
L 180 280 10 0 8 0 1 0 GND_AF11
A 180 280 10 0 3 0 PINTYPE=BI
P 231 215 270 185 270 0 3 0
A 190 270 10 0 3 3 #=AF12
L 180 270 10 0 8 0 1 0 GND_AF12
A 180 270 10 0 3 0 PINTYPE=BI
P 232 215 260 185 260 0 3 0
A 190 260 10 0 3 3 #=AF13
L 180 260 10 0 8 0 1 0 GND_AF13
A 180 260 10 0 3 0 PINTYPE=BI
P 233 215 250 185 250 0 3 0
A 190 250 10 0 3 3 #=AF14
L 180 250 10 0 8 0 1 0 GND_AF14
A 180 250 10 0 3 0 PINTYPE=BI
P 234 215 240 185 240 0 3 0
A 190 240 10 0 3 3 #=AF15
L 180 240 10 0 8 0 1 0 GND_AF15
A 180 240 10 0 3 0 PINTYPE=BI
P 235 215 230 185 230 0 3 0
A 190 230 10 0 3 3 #=AF16
L 180 230 10 0 8 0 1 0 GND_AF16
A 180 230 10 0 3 0 PINTYPE=BI
P 236 215 220 185 220 0 3 0
A 190 220 10 0 3 3 #=AF18
L 180 220 10 0 8 0 1 0 GND_AF18
A 180 220 10 0 3 0 PINTYPE=BI
P 237 215 210 185 210 0 3 0
A 190 210 10 0 3 3 #=AF20
L 180 210 10 0 8 0 1 0 GND_AF20
A 180 210 10 0 3 0 PINTYPE=BI
P 238 215 200 185 200 0 3 0
A 190 200 10 0 3 3 #=AF22
L 180 200 10 0 8 0 1 0 GND_AF22
A 180 200 10 0 3 0 PINTYPE=BI
P 239 215 190 185 190 0 3 0
A 190 190 10 0 3 3 #=AF24
L 180 190 10 0 8 0 1 0 GND_AF24
A 180 190 10 0 3 0 PINTYPE=BI
P 240 215 180 185 180 0 3 0
A 190 180 10 0 3 3 #=AF26
L 180 180 10 0 8 0 1 0 GND_AF26
A 180 180 10 0 3 0 PINTYPE=BI
P 241 215 170 185 170 0 3 0
A 190 170 10 0 3 3 #=AF28
L 180 170 10 0 8 0 1 0 GND_AF28
A 180 170 10 0 3 0 PINTYPE=BI
P 242 215 160 185 160 0 3 0
A 190 160 10 0 3 3 #=AF29
L 180 160 10 0 8 0 1 0 GND_AF29
A 180 160 10 0 3 0 PINTYPE=BI
P 243 215 150 185 150 0 3 0
A 190 150 10 0 3 3 #=AF30
L 180 150 10 0 8 0 1 0 GND_AF30
A 180 150 10 0 3 0 PINTYPE=BI
P 244 215 140 185 140 0 3 0
A 190 140 10 0 3 3 #=AF31
L 180 140 10 0 8 0 1 0 GND_AF31
A 180 140 10 0 3 0 PINTYPE=BI
P 245 215 130 185 130 0 3 0
A 190 130 10 0 3 3 #=AF32
L 180 130 10 0 8 0 1 0 GND_AF32
A 180 130 10 0 3 0 PINTYPE=BI
P 246 215 120 185 120 0 3 0
A 190 120 10 0 3 3 #=AF33
L 180 120 10 0 8 0 1 0 GND_AF33
A 180 120 10 0 3 0 PINTYPE=BI
P 247 215 110 185 110 0 3 0
A 190 110 10 0 3 3 #=AF34
L 180 110 10 0 8 0 1 0 GND_AF34
A 180 110 10 0 3 0 PINTYPE=BI
P 248 215 100 185 100 0 3 0
A 190 100 10 0 3 3 #=AF35
L 180 100 10 0 8 0 1 0 GND_AF35
A 180 100 10 0 3 0 PINTYPE=BI
P 249 215 90 185 90 0 3 0
A 190 90 10 0 3 3 #=AF36
L 180 90 10 0 8 0 1 0 GND_AF36
A 180 90 10 0 3 0 PINTYPE=BI
P 250 215 80 185 80 0 3 0
A 190 80 10 0 3 3 #=AF37
L 180 80 10 0 8 0 1 0 GND_AF37
A 180 80 10 0 3 0 PINTYPE=BI
T 110 1370 20 0 5 GND1
T 110 1350 20 0 5 T56GFF1924
U 30 1390 10 0 3 3 DEVICE=XXXXXXX
U 30 50 16 0 1 3 REFDES=U?
U 185 35 10 0 9 3 PKG_TYPE=XXXXXXX
U 0 0 10 0 3 0 HETERO=t56gff1924a_AVCC_A,t56gff1924a_AVCC_B,t56gff1924a_AVCC_C,t56gff1924a_AVCC_D,t56gff1924a_AVTT_A,t56gff1924a_AVTT_B,t56gff1924a_AVTT_C,t56gff1924a_AVTT_D,t56gff1924a_GND1,t56gff1924a_GND2,t56gff1924a_GND3,t56gff1924a_GND4,t56gff1924a_GND5,t56gff1924a_GND6,t56gff1924a_GND7,t56gff1924a_GT_A,t56gff1924a_GT_B,t56gff1924a_GT_C,t56gff1924a_GT_D,t56gff1924a_TEST_PORT_A,t56gff1924a_TEST_PORT_B,t56gff1924a_TEST_PORT_C,t56gff1924a_TEST_PORT_D,t56gff1924a_VCCAUX_A,t56gff1924a_VCCAUX_B,t56gff1924a_VCCAUX_C,t56gff1924a_VCCAUX_D,t56gff1924a_VCCINT,t56gff1924a_VCCO18_A,t56gff1924a_VCCO18_B,t56gff1924a_VCCO18_C,t56gff1924a_VCCO18_D
E