V 50
K 153165148200 t56gff1924
Y 1
D 0 0 215 1440
Z 10
i 946
b 30 50 185 1390
P 1 0 1320 30 1320 0 2 0
A 25 1320 10 0 9 3 #=R18
L 35 1320 10 0 2 0 1 0 GND_R18
A 25 1320 10 0 9 0 PINTYPE=BI
P 2 0 1310 30 1310 0 2 0
A 25 1310 10 0 9 3 #=R19
L 35 1310 10 0 2 0 1 0 GND_R19
A 25 1310 10 0 9 0 PINTYPE=BI
P 3 0 1300 30 1300 0 2 0
A 25 1300 10 0 9 3 #=R20
L 35 1300 10 0 2 0 1 0 GND_R20
A 25 1300 10 0 9 0 PINTYPE=BI
P 4 0 1290 30 1290 0 2 0
A 25 1290 10 0 9 3 #=R21
L 35 1290 10 0 2 0 1 0 GND_R21
A 25 1290 10 0 9 0 PINTYPE=BI
P 5 0 1280 30 1280 0 2 0
A 25 1280 10 0 9 3 #=R22
L 35 1280 10 0 2 0 1 0 GND_R22
A 25 1280 10 0 9 0 PINTYPE=BI
P 6 0 1270 30 1270 0 2 0
A 25 1270 10 0 9 3 #=R23
L 35 1270 10 0 2 0 1 0 GND_R23
A 25 1270 10 0 9 0 PINTYPE=BI
P 7 0 1260 30 1260 0 2 0
A 25 1260 10 0 9 3 #=R24
L 35 1260 10 0 2 0 1 0 GND_R24
A 25 1260 10 0 9 0 PINTYPE=BI
P 8 0 1250 30 1250 0 2 0
A 25 1250 10 0 9 3 #=R25
L 35 1250 10 0 2 0 1 0 GND_R25
A 25 1250 10 0 9 0 PINTYPE=BI
P 9 0 1240 30 1240 0 2 0
A 25 1240 10 0 9 3 #=R26
L 35 1240 10 0 2 0 1 0 GND_R26
A 25 1240 10 0 9 0 PINTYPE=BI
P 10 0 1230 30 1230 0 2 0
A 25 1230 10 0 9 3 #=R27
L 35 1230 10 0 2 0 1 0 GND_R27
A 25 1230 10 0 9 0 PINTYPE=BI
P 11 0 1220 30 1220 0 2 0
A 25 1220 10 0 9 3 #=R28
L 35 1220 10 0 2 0 1 0 GND_R28
A 25 1220 10 0 9 0 PINTYPE=BI
P 12 0 1210 30 1210 0 2 0
A 25 1210 10 0 9 3 #=R29
L 35 1210 10 0 2 0 1 0 GND_R29
A 25 1210 10 0 9 0 PINTYPE=BI
P 13 0 1200 30 1200 0 2 0
A 25 1200 10 0 9 3 #=R30
L 35 1200 10 0 2 0 1 0 GND_R30
A 25 1200 10 0 9 0 PINTYPE=BI
P 14 0 1190 30 1190 0 2 0
A 25 1190 10 0 9 3 #=R32
L 35 1190 10 0 2 0 1 0 GND_R32
A 25 1190 10 0 9 0 PINTYPE=BI
P 15 0 1180 30 1180 0 2 0
A 25 1180 10 0 9 3 #=R33
L 35 1180 10 0 2 0 1 0 GND_R33
A 25 1180 10 0 9 0 PINTYPE=BI
P 16 0 1170 30 1170 0 2 0
A 25 1170 10 0 9 3 #=R35
L 35 1170 10 0 2 0 1 0 GND_R35
A 25 1170 10 0 9 0 PINTYPE=BI
P 17 0 1160 30 1160 0 2 0
A 25 1160 10 0 9 3 #=R36
L 35 1160 10 0 2 0 1 0 GND_R36
A 25 1160 10 0 9 0 PINTYPE=BI
P 18 0 1150 30 1150 0 2 0
A 25 1150 10 0 9 3 #=R37
L 35 1150 10 0 2 0 1 0 GND_R37
A 25 1150 10 0 9 0 PINTYPE=BI
P 19 0 1140 30 1140 0 2 0
A 25 1140 10 0 9 3 #=R38
L 35 1140 10 0 2 0 1 0 GND_R38
A 25 1140 10 0 9 0 PINTYPE=BI
P 20 0 1130 30 1130 0 2 0
A 25 1130 10 0 9 3 #=R39
L 35 1130 10 0 2 0 1 0 GND_R39
A 25 1130 10 0 9 0 PINTYPE=BI
P 21 0 1120 30 1120 0 2 0
A 25 1120 10 0 9 3 #=R40
L 35 1120 10 0 2 0 1 0 GND_R40
A 25 1120 10 0 9 0 PINTYPE=BI
P 22 0 1110 30 1110 0 2 0
A 25 1110 10 0 9 3 #=R41
L 35 1110 10 0 2 0 1 0 GND_R41
A 25 1110 10 0 9 0 PINTYPE=BI
P 23 0 1100 30 1100 0 2 0
A 25 1100 10 0 9 3 #=R42
L 35 1100 10 0 2 0 1 0 GND_R42
A 25 1100 10 0 9 0 PINTYPE=BI
P 24 0 1090 30 1090 0 2 0
A 25 1090 10 0 9 3 #=R43
L 35 1090 10 0 2 0 1 0 GND_R43
A 25 1090 10 0 9 0 PINTYPE=BI
P 25 0 1080 30 1080 0 2 0
A 25 1080 10 0 9 3 #=T1
L 35 1080 10 0 2 0 1 0 GND_T1
A 25 1080 10 0 9 0 PINTYPE=BI
P 26 0 1070 30 1070 0 2 0
A 25 1070 10 0 9 3 #=T2
L 35 1070 10 0 2 0 1 0 GND_T2
A 25 1070 10 0 9 0 PINTYPE=BI
P 27 0 1060 30 1060 0 2 0
A 25 1060 10 0 9 3 #=T3
L 35 1060 10 0 2 0 1 0 GND_T3
A 25 1060 10 0 9 0 PINTYPE=BI
P 28 0 1050 30 1050 0 2 0
A 25 1050 10 0 9 3 #=T4
L 35 1050 10 0 2 0 1 0 GND_T4
A 25 1050 10 0 9 0 PINTYPE=BI
P 29 0 1040 30 1040 0 2 0
A 25 1040 10 0 9 3 #=T5
L 35 1040 10 0 2 0 1 0 GND_T5
A 25 1040 10 0 9 0 PINTYPE=BI
P 30 0 1030 30 1030 0 2 0
A 25 1030 10 0 9 3 #=T6
L 35 1030 10 0 2 0 1 0 GND_T6
A 25 1030 10 0 9 0 PINTYPE=BI
P 31 0 1020 30 1020 0 2 0
A 25 1020 10 0 9 3 #=T7
L 35 1020 10 0 2 0 1 0 GND_T7
A 25 1020 10 0 9 0 PINTYPE=BI
P 32 0 1010 30 1010 0 2 0
A 25 1010 10 0 9 3 #=T8
L 35 1010 10 0 2 0 1 0 GND_T8
A 25 1010 10 0 9 0 PINTYPE=BI
P 33 0 1000 30 1000 0 2 0
A 25 1000 10 0 9 3 #=T9
L 35 1000 10 0 2 0 1 0 GND_T9
A 25 1000 10 0 9 0 PINTYPE=BI
P 34 0 990 30 990 0 2 0
A 25 990 10 0 9 3 #=T10
L 35 990 10 0 2 0 1 0 GND_T10
A 25 990 10 0 9 0 PINTYPE=BI
P 35 0 980 30 980 0 2 0
A 25 980 10 0 9 3 #=T11
L 35 980 10 0 2 0 1 0 GND_T11
A 25 980 10 0 9 0 PINTYPE=BI
P 36 0 970 30 970 0 2 0
A 25 970 10 0 9 3 #=T13
L 35 970 10 0 2 0 1 0 GND_T13
A 25 970 10 0 9 0 PINTYPE=BI
P 37 0 960 30 960 0 2 0
A 25 960 10 0 9 3 #=T14
L 35 960 10 0 2 0 1 0 GND_T14
A 25 960 10 0 9 0 PINTYPE=BI
P 38 0 950 30 950 0 2 0
A 25 950 10 0 9 3 #=T16
L 35 950 10 0 2 0 1 0 GND_T16
A 25 950 10 0 9 0 PINTYPE=BI
P 39 0 940 30 940 0 2 0
A 25 940 10 0 9 3 #=T17
L 35 940 10 0 2 0 1 0 GND_T17
A 25 940 10 0 9 0 PINTYPE=BI
P 40 0 930 30 930 0 2 0
A 25 930 10 0 9 3 #=T18
L 35 930 10 0 2 0 1 0 GND_T18
A 25 930 10 0 9 0 PINTYPE=BI
P 41 0 920 30 920 0 2 0
A 25 920 10 0 9 3 #=T19
L 35 920 10 0 2 0 1 0 GND_T19
A 25 920 10 0 9 0 PINTYPE=BI
P 42 0 910 30 910 0 2 0
A 25 910 10 0 9 3 #=T20
L 35 910 10 0 2 0 1 0 GND_T20
A 25 910 10 0 9 0 PINTYPE=BI
P 43 0 900 30 900 0 2 0
A 25 900 10 0 9 3 #=T21
L 35 900 10 0 2 0 1 0 GND_T21
A 25 900 10 0 9 0 PINTYPE=BI
P 44 0 890 30 890 0 2 0
A 25 890 10 0 9 3 #=T22
L 35 890 10 0 2 0 1 0 GND_T22
A 25 890 10 0 9 0 PINTYPE=BI
P 45 0 880 30 880 0 2 0
A 25 880 10 0 9 3 #=T23
L 35 880 10 0 2 0 1 0 GND_T23
A 25 880 10 0 9 0 PINTYPE=BI
P 46 0 870 30 870 0 2 0
A 25 870 10 0 9 3 #=T24
L 35 870 10 0 2 0 1 0 GND_T24
A 25 870 10 0 9 0 PINTYPE=BI
P 47 0 860 30 860 0 2 0
A 25 860 10 0 9 3 #=T25
L 35 860 10 0 2 0 1 0 GND_T25
A 25 860 10 0 9 0 PINTYPE=BI
P 48 0 850 30 850 0 2 0
A 25 850 10 0 9 3 #=T26
L 35 850 10 0 2 0 1 0 GND_T26
A 25 850 10 0 9 0 PINTYPE=BI
P 49 0 840 30 840 0 2 0
A 25 840 10 0 9 3 #=T27
L 35 840 10 0 2 0 1 0 GND_T27
A 25 840 10 0 9 0 PINTYPE=BI
P 50 0 830 30 830 0 2 0
A 25 830 10 0 9 3 #=T28
L 35 830 10 0 2 0 1 0 GND_T28
A 25 830 10 0 9 0 PINTYPE=BI
P 51 0 820 30 820 0 2 0
A 25 820 10 0 9 3 #=T29
L 35 820 10 0 2 0 1 0 GND_T29
A 25 820 10 0 9 0 PINTYPE=BI
P 52 0 810 30 810 0 2 0
A 25 810 10 0 9 3 #=T31
L 35 810 10 0 2 0 1 0 GND_T31
A 25 810 10 0 9 0 PINTYPE=BI
P 53 0 800 30 800 0 2 0
A 25 800 10 0 9 3 #=T32
L 35 800 10 0 2 0 1 0 GND_T32
A 25 800 10 0 9 0 PINTYPE=BI
P 54 0 790 30 790 0 2 0
A 25 790 10 0 9 3 #=T34
L 35 790 10 0 2 0 1 0 GND_T34
A 25 790 10 0 9 0 PINTYPE=BI
P 55 0 780 30 780 0 2 0
A 25 780 10 0 9 3 #=T35
L 35 780 10 0 2 0 1 0 GND_T35
A 25 780 10 0 9 0 PINTYPE=BI
P 56 0 770 30 770 0 2 0
A 25 770 10 0 9 3 #=T36
L 35 770 10 0 2 0 1 0 GND_T36
A 25 770 10 0 9 0 PINTYPE=BI
P 57 0 760 30 760 0 2 0
A 25 760 10 0 9 3 #=T37
L 35 760 10 0 2 0 1 0 GND_T37
A 25 760 10 0 9 0 PINTYPE=BI
P 58 0 750 30 750 0 2 0
A 25 750 10 0 9 3 #=T38
L 35 750 10 0 2 0 1 0 GND_T38
A 25 750 10 0 9 0 PINTYPE=BI
P 59 0 740 30 740 0 2 0
A 25 740 10 0 9 3 #=T39
L 35 740 10 0 2 0 1 0 GND_T39
A 25 740 10 0 9 0 PINTYPE=BI
P 60 0 730 30 730 0 2 0
A 25 730 10 0 9 3 #=T40
L 35 730 10 0 2 0 1 0 GND_T40
A 25 730 10 0 9 0 PINTYPE=BI
P 61 0 720 30 720 0 2 0
A 25 720 10 0 9 3 #=T41
L 35 720 10 0 2 0 1 0 GND_T41
A 25 720 10 0 9 0 PINTYPE=BI
P 62 0 710 30 710 0 2 0
A 25 710 10 0 9 3 #=T42
L 35 710 10 0 2 0 1 0 GND_T42
A 25 710 10 0 9 0 PINTYPE=BI
P 63 0 700 30 700 0 2 0
A 25 700 10 0 9 3 #=T43
L 35 700 10 0 2 0 1 0 GND_T43
A 25 700 10 0 9 0 PINTYPE=BI
P 64 0 690 30 690 0 2 0
A 25 690 10 0 9 3 #=T44
L 35 690 10 0 2 0 1 0 GND_T44
A 25 690 10 0 9 0 PINTYPE=BI
P 65 0 680 30 680 0 2 0
A 25 680 10 0 9 3 #=U1
L 35 680 10 0 2 0 1 0 GND_U1
A 25 680 10 0 9 0 PINTYPE=BI
P 66 0 670 30 670 0 2 0
A 25 670 10 0 9 3 #=U2
L 35 670 10 0 2 0 1 0 GND_U2
A 25 670 10 0 9 0 PINTYPE=BI
P 67 0 660 30 660 0 2 0
A 25 660 10 0 9 3 #=U3
L 35 660 10 0 2 0 1 0 GND_U3
A 25 660 10 0 9 0 PINTYPE=BI
P 68 0 650 30 650 0 2 0
A 25 650 10 0 9 3 #=U4
L 35 650 10 0 2 0 1 0 GND_U4
A 25 650 10 0 9 0 PINTYPE=BI
P 69 0 640 30 640 0 2 0
A 25 640 10 0 9 3 #=U5
L 35 640 10 0 2 0 1 0 GND_U5
A 25 640 10 0 9 0 PINTYPE=BI
P 70 0 630 30 630 0 2 0
A 25 630 10 0 9 3 #=U6
L 35 630 10 0 2 0 1 0 GND_U6
A 25 630 10 0 9 0 PINTYPE=BI
P 71 0 620 30 620 0 2 0
A 25 620 10 0 9 3 #=U7
L 35 620 10 0 2 0 1 0 GND_U7
A 25 620 10 0 9 0 PINTYPE=BI
P 72 0 610 30 610 0 2 0
A 25 610 10 0 9 3 #=U8
L 35 610 10 0 2 0 1 0 GND_U8
A 25 610 10 0 9 0 PINTYPE=BI
P 73 0 600 30 600 0 2 0
A 25 600 10 0 9 3 #=U9
L 35 600 10 0 2 0 1 0 GND_U9
A 25 600 10 0 9 0 PINTYPE=BI
P 74 0 590 30 590 0 2 0
A 25 590 10 0 9 3 #=U10
L 35 590 10 0 2 0 1 0 GND_U10
A 25 590 10 0 9 0 PINTYPE=BI
P 75 0 580 30 580 0 2 0
A 25 580 10 0 9 3 #=U12
L 35 580 10 0 2 0 1 0 GND_U12
A 25 580 10 0 9 0 PINTYPE=BI
P 76 0 570 30 570 0 2 0
A 25 570 10 0 9 3 #=U13
L 35 570 10 0 2 0 1 0 GND_U13
A 25 570 10 0 9 0 PINTYPE=BI
P 77 0 560 30 560 0 2 0
A 25 560 10 0 9 3 #=U15
L 35 560 10 0 2 0 1 0 GND_U15
A 25 560 10 0 9 0 PINTYPE=BI
P 78 0 550 30 550 0 2 0
A 25 550 10 0 9 3 #=U16
L 35 550 10 0 2 0 1 0 GND_U16
A 25 550 10 0 9 0 PINTYPE=BI
P 79 0 540 30 540 0 2 0
A 25 540 10 0 9 3 #=U17
L 35 540 10 0 2 0 1 0 GND_U17
A 25 540 10 0 9 0 PINTYPE=BI
P 80 0 530 30 530 0 2 0
A 25 530 10 0 9 3 #=U19
L 35 530 10 0 2 0 1 0 GND_U19
A 25 530 10 0 9 0 PINTYPE=BI
P 81 0 520 30 520 0 2 0
A 25 520 10 0 9 3 #=U21
L 35 520 10 0 2 0 1 0 GND_U21
A 25 520 10 0 9 0 PINTYPE=BI
P 82 0 510 30 510 0 2 0
A 25 510 10 0 9 3 #=U23
L 35 510 10 0 2 0 1 0 GND_U23
A 25 510 10 0 9 0 PINTYPE=BI
P 83 0 500 30 500 0 2 0
A 25 500 10 0 9 3 #=U25
L 35 500 10 0 2 0 1 0 GND_U25
A 25 500 10 0 9 0 PINTYPE=BI
P 84 0 490 30 490 0 2 0
A 25 490 10 0 9 3 #=U27
L 35 490 10 0 2 0 1 0 GND_U27
A 25 490 10 0 9 0 PINTYPE=BI
P 85 0 480 30 480 0 2 0
A 25 480 10 0 9 3 #=U29
L 35 480 10 0 2 0 1 0 GND_U29
A 25 480 10 0 9 0 PINTYPE=BI
P 86 0 470 30 470 0 2 0
A 25 470 10 0 9 3 #=U30
L 35 470 10 0 2 0 1 0 GND_U30
A 25 470 10 0 9 0 PINTYPE=BI
P 87 0 460 30 460 0 2 0
A 25 460 10 0 9 3 #=U32
L 35 460 10 0 2 0 1 0 GND_U32
A 25 460 10 0 9 0 PINTYPE=BI
P 88 0 450 30 450 0 2 0
A 25 450 10 0 9 3 #=U33
L 35 450 10 0 2 0 1 0 GND_U33
A 25 450 10 0 9 0 PINTYPE=BI
P 89 0 440 30 440 0 2 0
A 25 440 10 0 9 3 #=U35
L 35 440 10 0 2 0 1 0 GND_U35
A 25 440 10 0 9 0 PINTYPE=BI
P 90 0 430 30 430 0 2 0
A 25 430 10 0 9 3 #=U36
L 35 430 10 0 2 0 1 0 GND_U36
A 25 430 10 0 9 0 PINTYPE=BI
P 91 0 420 30 420 0 2 0
A 25 420 10 0 9 3 #=U37
L 35 420 10 0 2 0 1 0 GND_U37
A 25 420 10 0 9 0 PINTYPE=BI
P 92 0 410 30 410 0 2 0
A 25 410 10 0 9 3 #=U38
L 35 410 10 0 2 0 1 0 GND_U38
A 25 410 10 0 9 0 PINTYPE=BI
P 93 0 400 30 400 0 2 0
A 25 400 10 0 9 3 #=U39
L 35 400 10 0 2 0 1 0 GND_U39
A 25 400 10 0 9 0 PINTYPE=BI
P 94 0 390 30 390 0 2 0
A 25 390 10 0 9 3 #=U40
L 35 390 10 0 2 0 1 0 GND_U40
A 25 390 10 0 9 0 PINTYPE=BI
P 95 0 380 30 380 0 2 0
A 25 380 10 0 9 3 #=U41
L 35 380 10 0 2 0 1 0 GND_U41
A 25 380 10 0 9 0 PINTYPE=BI
P 96 0 370 30 370 0 2 0
A 25 370 10 0 9 3 #=U42
L 35 370 10 0 2 0 1 0 GND_U42
A 25 370 10 0 9 0 PINTYPE=BI
P 97 0 360 30 360 0 2 0
A 25 360 10 0 9 3 #=U43
L 35 360 10 0 2 0 1 0 GND_U43
A 25 360 10 0 9 0 PINTYPE=BI
P 98 0 350 30 350 0 2 0
A 25 350 10 0 9 3 #=U44
L 35 350 10 0 2 0 1 0 GND_U44
A 25 350 10 0 9 0 PINTYPE=BI
P 99 0 340 30 340 0 2 0
A 25 340 10 0 9 3 #=V2
L 35 340 10 0 2 0 1 0 GND_V2
A 25 340 10 0 9 0 PINTYPE=BI
P 100 0 330 30 330 0 2 0
A 25 330 10 0 9 3 #=V3
L 35 330 10 0 2 0 1 0 GND_V3
A 25 330 10 0 9 0 PINTYPE=BI
P 101 0 320 30 320 0 2 0
A 25 320 10 0 9 3 #=V4
L 35 320 10 0 2 0 1 0 GND_V4
A 25 320 10 0 9 0 PINTYPE=BI
P 102 0 310 30 310 0 2 0
A 25 310 10 0 9 3 #=V5
L 35 310 10 0 2 0 1 0 GND_V5
A 25 310 10 0 9 0 PINTYPE=BI
P 103 0 300 30 300 0 2 0
A 25 300 10 0 9 3 #=V6
L 35 300 10 0 2 0 1 0 GND_V6
A 25 300 10 0 9 0 PINTYPE=BI
P 104 0 290 30 290 0 2 0
A 25 290 10 0 9 3 #=V7
L 35 290 10 0 2 0 1 0 GND_V7
A 25 290 10 0 9 0 PINTYPE=BI
P 105 0 280 30 280 0 2 0
A 25 280 10 0 9 3 #=V8
L 35 280 10 0 2 0 1 0 GND_V8
A 25 280 10 0 9 0 PINTYPE=BI
P 106 0 270 30 270 0 2 0
A 25 270 10 0 9 3 #=V9
L 35 270 10 0 2 0 1 0 GND_V9
A 25 270 10 0 9 0 PINTYPE=BI
P 107 0 260 30 260 0 2 0
A 25 260 10 0 9 3 #=V10
L 35 260 10 0 2 0 1 0 GND_V10
A 25 260 10 0 9 0 PINTYPE=BI
P 108 0 250 30 250 0 2 0
A 25 250 10 0 9 3 #=V11
L 35 250 10 0 2 0 1 0 GND_V11
A 25 250 10 0 9 0 PINTYPE=BI
P 109 0 240 30 240 0 2 0
A 25 240 10 0 9 3 #=V13
L 35 240 10 0 2 0 1 0 GND_V13
A 25 240 10 0 9 0 PINTYPE=BI
P 110 0 230 30 230 0 2 0
A 25 230 10 0 9 3 #=V14
L 35 230 10 0 2 0 1 0 GND_V14
A 25 230 10 0 9 0 PINTYPE=BI
P 111 0 220 30 220 0 2 0
A 25 220 10 0 9 3 #=V16
L 35 220 10 0 2 0 1 0 GND_V16
A 25 220 10 0 9 0 PINTYPE=BI
P 112 0 210 30 210 0 2 0
A 25 210 10 0 9 3 #=V18
L 35 210 10 0 2 0 1 0 GND_V18
A 25 210 10 0 9 0 PINTYPE=BI
P 113 0 200 30 200 0 2 0
A 25 200 10 0 9 3 #=V20
L 35 200 10 0 2 0 1 0 GND_V20
A 25 200 10 0 9 0 PINTYPE=BI
P 114 0 190 30 190 0 2 0
A 25 190 10 0 9 3 #=V22
L 35 190 10 0 2 0 1 0 GND_V22
A 25 190 10 0 9 0 PINTYPE=BI
P 115 0 180 30 180 0 2 0
A 25 180 10 0 9 3 #=V24
L 35 180 10 0 2 0 1 0 GND_V24
A 25 180 10 0 9 0 PINTYPE=BI
P 116 0 170 30 170 0 2 0
A 25 170 10 0 9 3 #=V26
L 35 170 10 0 2 0 1 0 GND_V26
A 25 170 10 0 9 0 PINTYPE=BI
P 117 0 160 30 160 0 2 0
A 25 160 10 0 9 3 #=V28
L 35 160 10 0 2 0 1 0 GND_V28
A 25 160 10 0 9 0 PINTYPE=BI
P 118 0 150 30 150 0 2 0
A 25 150 10 0 9 3 #=V29
L 35 150 10 0 2 0 1 0 GND_V29
A 25 150 10 0 9 0 PINTYPE=BI
P 119 0 140 30 140 0 2 0
A 25 140 10 0 9 3 #=V31
L 35 140 10 0 2 0 1 0 GND_V31
A 25 140 10 0 9 0 PINTYPE=BI
P 120 0 130 30 130 0 2 0
A 25 130 10 0 9 3 #=V32
L 35 130 10 0 2 0 1 0 GND_V32
A 25 130 10 0 9 0 PINTYPE=BI
P 121 0 120 30 120 0 2 0
A 25 120 10 0 9 3 #=V34
L 35 120 10 0 2 0 1 0 GND_V34
A 25 120 10 0 9 0 PINTYPE=BI
P 122 0 110 30 110 0 2 0
A 25 110 10 0 9 3 #=V35
L 35 110 10 0 2 0 1 0 GND_V35
A 25 110 10 0 9 0 PINTYPE=BI
P 123 0 100 30 100 0 2 0
A 25 100 10 0 9 3 #=V36
L 35 100 10 0 2 0 1 0 GND_V36
A 25 100 10 0 9 0 PINTYPE=BI
P 124 0 90 30 90 0 2 0
A 25 90 10 0 9 3 #=V37
L 35 90 10 0 2 0 1 0 GND_V37
A 25 90 10 0 9 0 PINTYPE=BI
P 125 0 80 30 80 0 2 0
A 25 80 10 0 9 3 #=V38
L 35 80 10 0 2 0 1 0 GND_V38
A 25 80 10 0 9 0 PINTYPE=BI
P 126 215 1320 185 1320 0 3 0
A 190 1320 10 0 3 3 #=V39
L 180 1320 10 0 8 0 1 0 GND_V39
A 180 1320 10 0 3 0 PINTYPE=BI
P 127 215 1310 185 1310 0 3 0
A 190 1310 10 0 3 3 #=V40
L 180 1310 10 0 8 0 1 0 GND_V40
A 180 1310 10 0 3 0 PINTYPE=BI
P 128 215 1300 185 1300 0 3 0
A 190 1300 10 0 3 3 #=V41
L 180 1300 10 0 8 0 1 0 GND_V41
A 180 1300 10 0 3 0 PINTYPE=BI
P 129 215 1290 185 1290 0 3 0
A 190 1290 10 0 3 3 #=V42
L 180 1290 10 0 8 0 1 0 GND_V42
A 180 1290 10 0 3 0 PINTYPE=BI
P 130 215 1280 185 1280 0 3 0
A 190 1280 10 0 3 3 #=V43
L 180 1280 10 0 8 0 1 0 GND_V43
A 180 1280 10 0 3 0 PINTYPE=BI
P 131 215 1270 185 1270 0 3 0
A 190 1270 10 0 3 3 #=W2
L 180 1270 10 0 8 0 1 0 GND_W2
A 180 1270 10 0 3 0 PINTYPE=BI
P 132 215 1260 185 1260 0 3 0
A 190 1260 10 0 3 3 #=W3
L 180 1260 10 0 8 0 1 0 GND_W3
A 180 1260 10 0 3 0 PINTYPE=BI
P 133 215 1250 185 1250 0 3 0
A 190 1250 10 0 3 3 #=W4
L 180 1250 10 0 8 0 1 0 GND_W4
A 180 1250 10 0 3 0 PINTYPE=BI
P 134 215 1240 185 1240 0 3 0
A 190 1240 10 0 3 3 #=W5
L 180 1240 10 0 8 0 1 0 GND_W5
A 180 1240 10 0 3 0 PINTYPE=BI
P 135 215 1230 185 1230 0 3 0
A 190 1230 10 0 3 3 #=W6
L 180 1230 10 0 8 0 1 0 GND_W6
A 180 1230 10 0 3 0 PINTYPE=BI
P 136 215 1220 185 1220 0 3 0
A 190 1220 10 0 3 3 #=W7
L 180 1220 10 0 8 0 1 0 GND_W7
A 180 1220 10 0 3 0 PINTYPE=BI
P 137 215 1210 185 1210 0 3 0
A 190 1210 10 0 3 3 #=W8
L 180 1210 10 0 8 0 1 0 GND_W8
A 180 1210 10 0 3 0 PINTYPE=BI
P 138 215 1200 185 1200 0 3 0
A 190 1200 10 0 3 3 #=W9
L 180 1200 10 0 8 0 1 0 GND_W9
A 180 1200 10 0 3 0 PINTYPE=BI
P 139 215 1190 185 1190 0 3 0
A 190 1190 10 0 3 3 #=W10
L 180 1190 10 0 8 0 1 0 GND_W10
A 180 1190 10 0 3 0 PINTYPE=BI
P 140 215 1180 185 1180 0 3 0
A 190 1180 10 0 3 3 #=W11
L 180 1180 10 0 8 0 1 0 GND_W11
A 180 1180 10 0 3 0 PINTYPE=BI
P 141 215 1170 185 1170 0 3 0
A 190 1170 10 0 3 3 #=W12
L 180 1170 10 0 8 0 1 0 GND_W12
A 180 1170 10 0 3 0 PINTYPE=BI
P 142 215 1160 185 1160 0 3 0
A 190 1160 10 0 3 3 #=W13
L 180 1160 10 0 8 0 1 0 GND_W13
A 180 1160 10 0 3 0 PINTYPE=BI
P 143 215 1150 185 1150 0 3 0
A 190 1150 10 0 3 3 #=W14
L 180 1150 10 0 8 0 1 0 GND_W14
A 180 1150 10 0 3 0 PINTYPE=BI
P 144 215 1140 185 1140 0 3 0
A 190 1140 10 0 3 3 #=W15
L 180 1140 10 0 8 0 1 0 GND_W15
A 180 1140 10 0 3 0 PINTYPE=BI
P 145 215 1130 185 1130 0 3 0
A 190 1130 10 0 3 3 #=W16
L 180 1130 10 0 8 0 1 0 GND_W16
A 180 1130 10 0 3 0 PINTYPE=BI
P 146 215 1120 185 1120 0 3 0
A 190 1120 10 0 3 3 #=W17
L 180 1120 10 0 8 0 1 0 GND_W17
A 180 1120 10 0 3 0 PINTYPE=BI
P 147 215 1110 185 1110 0 3 0
A 190 1110 10 0 3 3 #=W19
L 180 1110 10 0 8 0 1 0 GND_W19
A 180 1110 10 0 3 0 PINTYPE=BI
P 148 215 1100 185 1100 0 3 0
A 190 1100 10 0 3 3 #=W21
L 180 1100 10 0 8 0 1 0 GND_W21
A 180 1100 10 0 3 0 PINTYPE=BI
P 149 215 1090 185 1090 0 3 0
A 190 1090 10 0 3 3 #=W23
L 180 1090 10 0 8 0 1 0 GND_W23
A 180 1090 10 0 3 0 PINTYPE=BI
P 150 215 1080 185 1080 0 3 0
A 190 1080 10 0 3 3 #=W25
L 180 1080 10 0 8 0 1 0 GND_W25
A 180 1080 10 0 3 0 PINTYPE=BI
P 151 215 1070 185 1070 0 3 0
A 190 1070 10 0 3 3 #=W27
L 180 1070 10 0 8 0 1 0 GND_W27
A 180 1070 10 0 3 0 PINTYPE=BI
P 152 215 1060 185 1060 0 3 0
A 190 1060 10 0 3 3 #=W29
L 180 1060 10 0 8 0 1 0 GND_W29
A 180 1060 10 0 3 0 PINTYPE=BI
P 153 215 1050 185 1050 0 3 0
A 190 1050 10 0 3 3 #=W30
L 180 1050 10 0 8 0 1 0 GND_W30
A 180 1050 10 0 3 0 PINTYPE=BI
P 154 215 1040 185 1040 0 3 0
A 190 1040 10 0 3 3 #=W31
L 180 1040 10 0 8 0 1 0 GND_W31
A 180 1040 10 0 3 0 PINTYPE=BI
P 155 215 1030 185 1030 0 3 0
A 190 1030 10 0 3 3 #=W32
L 180 1030 10 0 8 0 1 0 GND_W32
A 180 1030 10 0 3 0 PINTYPE=BI
P 156 215 1020 185 1020 0 3 0
A 190 1020 10 0 3 3 #=W33
L 180 1020 10 0 8 0 1 0 GND_W33
A 180 1020 10 0 3 0 PINTYPE=BI
P 157 215 1010 185 1010 0 3 0
A 190 1010 10 0 3 3 #=W34
L 180 1010 10 0 8 0 1 0 GND_W34
A 180 1010 10 0 3 0 PINTYPE=BI
P 158 215 1000 185 1000 0 3 0
A 190 1000 10 0 3 3 #=W35
L 180 1000 10 0 8 0 1 0 GND_W35
A 180 1000 10 0 3 0 PINTYPE=BI
P 159 215 990 185 990 0 3 0
A 190 990 10 0 3 3 #=W36
L 180 990 10 0 8 0 1 0 GND_W36
A 180 990 10 0 3 0 PINTYPE=BI
P 160 215 980 185 980 0 3 0
A 190 980 10 0 3 3 #=W37
L 180 980 10 0 8 0 1 0 GND_W37
A 180 980 10 0 3 0 PINTYPE=BI
P 161 215 970 185 970 0 3 0
A 190 970 10 0 3 3 #=W38
L 180 970 10 0 8 0 1 0 GND_W38
A 180 970 10 0 3 0 PINTYPE=BI
P 162 215 960 185 960 0 3 0
A 190 960 10 0 3 3 #=W39
L 180 960 10 0 8 0 1 0 GND_W39
A 180 960 10 0 3 0 PINTYPE=BI
P 163 215 950 185 950 0 3 0
A 190 950 10 0 3 3 #=W40
L 180 950 10 0 8 0 1 0 GND_W40
A 180 950 10 0 3 0 PINTYPE=BI
P 164 215 940 185 940 0 3 0
A 190 940 10 0 3 3 #=W41
L 180 940 10 0 8 0 1 0 GND_W41
A 180 940 10 0 3 0 PINTYPE=BI
P 165 215 930 185 930 0 3 0
A 190 930 10 0 3 3 #=W42
L 180 930 10 0 8 0 1 0 GND_W42
A 180 930 10 0 3 0 PINTYPE=BI
P 166 215 920 185 920 0 3 0
A 190 920 10 0 3 3 #=W43
L 180 920 10 0 8 0 1 0 GND_W43
A 180 920 10 0 3 0 PINTYPE=BI
P 167 215 910 185 910 0 3 0
A 190 910 10 0 3 3 #=Y1
L 180 910 10 0 8 0 1 0 GND_Y1
A 180 910 10 0 3 0 PINTYPE=BI
P 168 215 900 185 900 0 3 0
A 190 900 10 0 3 3 #=Y2
L 180 900 10 0 8 0 1 0 GND_Y2
A 180 900 10 0 3 0 PINTYPE=BI
P 169 215 890 185 890 0 3 0
A 190 890 10 0 3 3 #=Y3
L 180 890 10 0 8 0 1 0 GND_Y3
A 180 890 10 0 3 0 PINTYPE=BI
P 170 215 880 185 880 0 3 0
A 190 880 10 0 3 3 #=Y4
L 180 880 10 0 8 0 1 0 GND_Y4
A 180 880 10 0 3 0 PINTYPE=BI
P 171 215 870 185 870 0 3 0
A 190 870 10 0 3 3 #=Y5
L 180 870 10 0 8 0 1 0 GND_Y5
A 180 870 10 0 3 0 PINTYPE=BI
P 172 215 860 185 860 0 3 0
A 190 860 10 0 3 3 #=Y6
L 180 860 10 0 8 0 1 0 GND_Y6
A 180 860 10 0 3 0 PINTYPE=BI
P 173 215 850 185 850 0 3 0
A 190 850 10 0 3 3 #=Y7
L 180 850 10 0 8 0 1 0 GND_Y7
A 180 850 10 0 3 0 PINTYPE=BI
P 174 215 840 185 840 0 3 0
A 190 840 10 0 3 3 #=Y8
L 180 840 10 0 8 0 1 0 GND_Y8
A 180 840 10 0 3 0 PINTYPE=BI
P 175 215 830 185 830 0 3 0
A 190 830 10 0 3 3 #=Y9
L 180 830 10 0 8 0 1 0 GND_Y9
A 180 830 10 0 3 0 PINTYPE=BI
P 176 215 820 185 820 0 3 0
A 190 820 10 0 3 3 #=Y10
L 180 820 10 0 8 0 1 0 GND_Y10
A 180 820 10 0 3 0 PINTYPE=BI
P 177 215 810 185 810 0 3 0
A 190 810 10 0 3 3 #=Y11
L 180 810 10 0 8 0 1 0 GND_Y11
A 180 810 10 0 3 0 PINTYPE=BI
P 178 215 800 185 800 0 3 0
A 190 800 10 0 3 3 #=Y12
L 180 800 10 0 8 0 1 0 GND_Y12
A 180 800 10 0 3 0 PINTYPE=BI
P 179 215 790 185 790 0 3 0
A 190 790 10 0 3 3 #=Y13
L 180 790 10 0 8 0 1 0 GND_Y13
A 180 790 10 0 3 0 PINTYPE=BI
P 180 215 780 185 780 0 3 0
A 190 780 10 0 3 3 #=Y14
L 180 780 10 0 8 0 1 0 GND_Y14
A 180 780 10 0 3 0 PINTYPE=BI
P 181 215 770 185 770 0 3 0
A 190 770 10 0 3 3 #=Y15
L 180 770 10 0 8 0 1 0 GND_Y15
A 180 770 10 0 3 0 PINTYPE=BI
P 182 215 760 185 760 0 3 0
A 190 760 10 0 3 3 #=Y16
L 180 760 10 0 8 0 1 0 GND_Y16
A 180 760 10 0 3 0 PINTYPE=BI
P 183 215 750 185 750 0 3 0
A 190 750 10 0 3 3 #=Y18
L 180 750 10 0 8 0 1 0 GND_Y18
A 180 750 10 0 3 0 PINTYPE=BI
P 184 215 740 185 740 0 3 0
A 190 740 10 0 3 3 #=Y20
L 180 740 10 0 8 0 1 0 GND_Y20
A 180 740 10 0 3 0 PINTYPE=BI
P 185 215 730 185 730 0 3 0
A 190 730 10 0 3 3 #=Y22
L 180 730 10 0 8 0 1 0 GND_Y22
A 180 730 10 0 3 0 PINTYPE=BI
P 186 215 720 185 720 0 3 0
A 190 720 10 0 3 3 #=Y24
L 180 720 10 0 8 0 1 0 GND_Y24
A 180 720 10 0 3 0 PINTYPE=BI
P 187 215 710 185 710 0 3 0
A 190 710 10 0 3 3 #=Y26
L 180 710 10 0 8 0 1 0 GND_Y26
A 180 710 10 0 3 0 PINTYPE=BI
P 188 215 700 185 700 0 3 0
A 190 700 10 0 3 3 #=Y28
L 180 700 10 0 8 0 1 0 GND_Y28
A 180 700 10 0 3 0 PINTYPE=BI
P 189 215 690 185 690 0 3 0
A 190 690 10 0 3 3 #=Y29
L 180 690 10 0 8 0 1 0 GND_Y29
A 180 690 10 0 3 0 PINTYPE=BI
P 190 215 680 185 680 0 3 0
A 190 680 10 0 3 3 #=Y30
L 180 680 10 0 8 0 1 0 GND_Y30
A 180 680 10 0 3 0 PINTYPE=BI
P 191 215 670 185 670 0 3 0
A 190 670 10 0 3 3 #=Y31
L 180 670 10 0 8 0 1 0 GND_Y31
A 180 670 10 0 3 0 PINTYPE=BI
P 192 215 660 185 660 0 3 0
A 190 660 10 0 3 3 #=Y32
L 180 660 10 0 8 0 1 0 GND_Y32
A 180 660 10 0 3 0 PINTYPE=BI
P 193 215 650 185 650 0 3 0
A 190 650 10 0 3 3 #=Y33
L 180 650 10 0 8 0 1 0 GND_Y33
A 180 650 10 0 3 0 PINTYPE=BI
P 194 215 640 185 640 0 3 0
A 190 640 10 0 3 3 #=Y34
L 180 640 10 0 8 0 1 0 GND_Y34
A 180 640 10 0 3 0 PINTYPE=BI
P 195 215 630 185 630 0 3 0
A 190 630 10 0 3 3 #=Y35
L 180 630 10 0 8 0 1 0 GND_Y35
A 180 630 10 0 3 0 PINTYPE=BI
P 196 215 620 185 620 0 3 0
A 190 620 10 0 3 3 #=Y36
L 180 620 10 0 8 0 1 0 GND_Y36
A 180 620 10 0 3 0 PINTYPE=BI
P 197 215 610 185 610 0 3 0
A 190 610 10 0 3 3 #=Y37
L 180 610 10 0 8 0 1 0 GND_Y37
A 180 610 10 0 3 0 PINTYPE=BI
P 198 215 600 185 600 0 3 0
A 190 600 10 0 3 3 #=Y38
L 180 600 10 0 8 0 1 0 GND_Y38
A 180 600 10 0 3 0 PINTYPE=BI
P 199 215 590 185 590 0 3 0
A 190 590 10 0 3 3 #=Y39
L 180 590 10 0 8 0 1 0 GND_Y39
A 180 590 10 0 3 0 PINTYPE=BI
P 200 215 580 185 580 0 3 0
A 190 580 10 0 3 3 #=Y40
L 180 580 10 0 8 0 1 0 GND_Y40
A 180 580 10 0 3 0 PINTYPE=BI
P 201 215 570 185 570 0 3 0
A 190 570 10 0 3 3 #=Y41
L 180 570 10 0 8 0 1 0 GND_Y41
A 180 570 10 0 3 0 PINTYPE=BI
P 202 215 560 185 560 0 3 0
A 190 560 10 0 3 3 #=Y42
L 180 560 10 0 8 0 1 0 GND_Y42
A 180 560 10 0 3 0 PINTYPE=BI
P 203 215 550 185 550 0 3 0
A 190 550 10 0 3 3 #=Y43
L 180 550 10 0 8 0 1 0 GND_Y43
A 180 550 10 0 3 0 PINTYPE=BI
P 204 215 540 185 540 0 3 0
A 190 540 10 0 3 3 #=Y44
L 180 540 10 0 8 0 1 0 GND_Y44
A 180 540 10 0 3 0 PINTYPE=BI
T 110 1370 20 0 5 GND7
T 110 1350 20 0 5 T56GFF1924
U 30 1390 10 0 3 3 DEVICE=XXXXXXX
U 30 50 16 0 1 3 REFDES=U?
U 185 35 10 0 9 3 PKG_TYPE=XXXXXXX
U 0 0 10 0 3 0 HETERO=t56gff1924a_AVCC_A,t56gff1924a_AVCC_B,t56gff1924a_AVCC_C,t56gff1924a_AVCC_D,t56gff1924a_AVTT_A,t56gff1924a_AVTT_B,t56gff1924a_AVTT_C,t56gff1924a_AVTT_D,t56gff1924a_GND1,t56gff1924a_GND2,t56gff1924a_GND3,t56gff1924a_GND4,t56gff1924a_GND5,t56gff1924a_GND6,t56gff1924a_GND7,t56gff1924a_GT_A,t56gff1924a_GT_B,t56gff1924a_GT_C,t56gff1924a_GT_D,t56gff1924a_TEST_PORT_A,t56gff1924a_TEST_PORT_B,t56gff1924a_TEST_PORT_C,t56gff1924a_TEST_PORT_D,t56gff1924a_VCCAUX_A,t56gff1924a_VCCAUX_B,t56gff1924a_VCCAUX_C,t56gff1924a_VCCAUX_D,t56gff1924a_VCCINT,t56gff1924a_VCCO18_A,t56gff1924a_VCCO18_B,t56gff1924a_VCCO18_C,t56gff1924a_VCCO18_D
E