V 51
K 244357127800 tca9554a
|R 1:42_10-21-11
Y 1
D -30 0 90 130
Z 10
i 59
U 0 -40 10 0 3 0 MANF_P/N=TCA9554APWR
U 0 -60 10 0 3 0 VALUE=TCA9554A
P 52 90 75 70 75 0 3 0
L 65 75 9 0 8 0 1 0 P4
A 75 75 9 0 3 3 #=9
A -30 -5 9 0 3 0 PINTYPE=IN
P 53 90 85 70 85 0 3 0
L 65 85 9 0 8 0 1 0 P5
A 75 85 9 0 3 3 #=10
A -30 15 9 0 3 0 PINTYPE=IN
P 54 90 55 70 55 0 3 0
L 65 55 9 0 8 0 1 0 P2
A 75 55 9 0 3 3 #=6
A -30 -5 6 0 3 0 PINTYPE=IN
P 55 90 95 70 95 0 3 0
L 65 95 9 0 8 0 1 0 P6
A 75 95 9 0 3 3 #=11
A -30 5 9 0 3 0 PINTYPE=IN
P 56 90 45 70 45 0 3 0
L 65 45 9 0 8 0 1 0 P1
A 75 45 9 0 3 3 #=5
A -30 25 9 0 3 0 PINTYPE=IN
P 57 90 65 70 65 0 3 0
L 65 65 9 0 8 0 1 0 P3
A 75 65 9 0 3 3 #=7
A -30 35 9 0 3 0 PINTYPE=IN
P 58 90 105 70 105 0 3 0
L 65 105 9 0 8 0 1 0 P7
A 75 105 9 0 3 3 #=12
A -30 65 9 0 3 0 PINTYPE=IN
P 59 90 35 70 35 0 3 0
A -30 15 9 0 3 0 PINTYPE=IN
A 75 35 9 0 3 3 #=4
L 65 35 9 0 8 0 1 0 P0
P 32 -30 75 -10 75 0 2 0
L -5 75 9 0 2 0 1 0 A2
A -15 75 9 0 9 3 #=3
A -10 -25 9 0 3 0 PINTYPE=OUT
P 29 -30 65 -10 65 0 2 0
A -10 -45 9 0 3 0 PINTYPE=BI
A -15 65 9 0 9 3 #=2
L -5 65 9 0 2 0 1 0 A1
P 30 -30 55 -10 55 0 2 0
A -10 -45 9 0 3 0 PINTYPE=OUT
A -15 55 9 0 9 3 #=1
L -5 55 9 0 2 0 1 0 A0
P 11 -30 45 -10 45 0 2 0
L -5 45 9 0 2 0 1 0 INT_B
A -15 45 9 0 9 3 #=13
A -10 -65 9 0 3 0 PINTYPE=BI
P 33 -30 105 -10 105 0 2 0
A -10 -5 9 0 3 0 PINTYPE=BI
A -15 105 9 0 9 3 #=16
L -5 105 9 0 2 0 1 0 VCC
P 12 -30 35 -10 35 0 2 0
L -5 35 9 0 2 0 1 0 GND
A -15 35 9 0 9 3 #=8
A -10 -65 9 0 3 0 PINTYPE=OUT
b -10 20 70 120
U -5 120 9 0 3 3 DEVICE=TCA9554A
U -8 0 16 0 3 3 REFDES=U?
U 60 5 9 0 3 3 PKG_TYPE=TBD
P 34 -30 85 -10 85 0 2 0
A -10 -15 9 0 3 0 PINTYPE=OUT
A -15 85 9 0 9 3 #=15
L -5 85 9 0 2 0 1 0 SDA
P 31 -30 95 -10 95 0 2 0
L -5 95 9 0 2 0 1 0 SCL
A -15 95 9 0 9 3 #=14
A -10 -15 9 0 3 0 PINTYPE=BI
E
