V 53
K 1375467692 tca9548a.1
F Case
|R 11:21:32_8-2-13
D -30 180 130 0
Y 1
Z 10
i 35
U 0 -30 10 0 3 0 DIST=DIGIKEY
U 0 0 9 0 3 0 PARTS=1
U 0 -60 10 0 3 0 VALUE=VALUE
U 2 -15 16 0 3 3 REFDES=U?
U 60 -10 9 0 3 3 PKG_TYPE=PKG_TYPE
U 0 180 9 0 3 3 DEVICE=DEVICE
U -30 0 10 0 1 0 FORWARD_PCB=1
b 0 0 100 180
P 3 130 100 100 100 0 3 0
L 95 100 9 0 8 0 1 0 RESET_B
A 105 100 9 0 3 3 #=3
A 0 10 9 0 3 0 PINTYPE=IN
P 4 130 70 100 70 0 3 0
L 95 70 9 0 8 0 1 0 A1
A 105 70 9 0 3 3 #=2
A 0 -10 9 0 3 0 PINTYPE=IN
P 5 130 80 100 80 0 3 0
L 95 80 9 0 8 0 1 0 A0
A 105 80 9 0 3 3 #=1
A 0 10 9 0 3 0 PINTYPE=IN
P 6 130 40 100 40 0 3 0
L 95 40 9 0 8 0 1 0 VCC
A 105 40 9 0 3 3 #=24
A 0 -20 6 0 3 0 PINTYPE=IN
P 7 130 160 100 160 0 3 0
L 95 160 9 0 8 0 1 0 SDA
A 105 160 9 0 3 3 #=23
A 0 110 9 0 3 0 PINTYPE=IN
P 8 130 150 100 150 0 3 0
L 95 150 9 0 8 0 1 0 SCL
A 105 150 9 0 3 3 #=22
A 0 110 9 0 3 0 PINTYPE=IN
P 9 130 60 100 60 0 3 0
L 95 60 9 0 8 0 1 0 A2
A 105 60 9 0 3 3 #=21
A 0 30 9 0 3 0 PINTYPE=IN
P 10 130 20 100 20 0 3 0
L 95 20 9 0 8 0 1 0 GND
A 105 20 9 0 3 3 #=12
A 0 0 9 0 3 0 PINTYPE=IN
P 11 -30 100 0 100 0 2 0
L 5 100 9 0 2 0 1 0 SD3
A -5 100 9 0 9 3 #=10
A 0 -10 9 0 3 0 PINTYPE=BI
P 12 -30 90 0 90 0 2 0
L 5 90 9 0 2 0 1 0 SC3
A -5 90 9 0 9 3 #=11
A 0 -10 9 0 3 0 PINTYPE=OUT
P 21 -30 80 0 80 0 2 0
L 5 80 9 0 2 0 1 0 SD4
A 0 -30 9 0 3 0 PINTYPE=BI
A -5 80 9 0 9 3 #=13
P 22 -30 70 0 70 0 2 0
L 5 70 9 0 2 0 1 0 SC4
A 0 -30 9 0 3 0 PINTYPE=OUT
A -5 70 9 0 9 3 #=14
P 23 -30 60 0 60 0 2 0
L 5 60 9 0 2 0 1 0 SD5
A -5 60 9 0 9 3 #=15
A 0 -50 9 0 3 0 PINTYPE=BI
P 24 -30 50 0 50 0 2 0
L 5 50 9 0 2 0 1 0 SC5
A -5 50 9 0 9 3 #=16
A 0 -50 9 0 3 0 PINTYPE=OUT
P 25 -30 40 0 40 0 2 0
L 5 40 9 0 2 0 1 0 SD6
A 0 -70 9 0 3 0 PINTYPE=BI
A -5 40 9 0 9 3 #=17
P 26 -30 30 0 30 0 2 0
L 5 30 9 0 2 0 1 0 SC6
A 0 -70 9 0 3 0 PINTYPE=OUT
A -5 30 9 0 9 3 #=18
P 27 -30 20 0 20 0 2 0
L 5 20 9 0 2 0 1 0 SD7
A -5 20 9 0 9 3 #=19
A 0 -90 9 0 3 0 PINTYPE=BI
P 28 -30 10 0 10 0 2 0
L 5 10 9 0 2 0 1 0 SC7
A -5 10 9 0 9 3 #=20
A 0 -90 9 0 3 0 PINTYPE=OUT
P 29 -30 120 0 120 0 2 0
L 5 120 9 0 2 0 1 0 SD2
A 0 10 9 0 3 0 PINTYPE=BI
A -5 120 9 0 9 3 #=8
P 30 -30 110 0 110 0 2 0
L 5 110 9 0 2 0 1 0 SC2
A 0 10 9 0 3 0 PINTYPE=OUT
A -5 110 9 0 9 3 #=9
P 31 -30 140 0 140 0 2 0
L 5 140 9 0 2 0 1 0 SD1
A -5 140 9 0 9 3 #=6
A 0 30 9 0 3 0 PINTYPE=BI
P 32 -30 130 0 130 0 2 0
L 5 130 9 0 2 0 1 0 SC1
A -5 130 9 0 9 3 #=7
A 0 30 9 0 3 0 PINTYPE=OUT
P 33 -30 160 0 160 0 2 0
L 5 160 9 0 2 0 1 0 SD0
A 0 50 9 0 3 0 PINTYPE=BI
A -5 160 9 0 9 3 #=4
P 34 -30 150 0 150 0 2 0
L 5 150 9 0 2 0 1 0 SC0
A 0 50 9 0 3 0 PINTYPE=OUT
A -5 150 9 0 9 3 #=5
E 
