V 51
K 168868579900 tja1041a
|R 23:13_10-6-11
Y 1
D -30 0 110 120
Z 10
i 51
U -7 -13 9 0 3 0 VALUE=TJA1041A
P 45 110 30 90 30 0 3 0
L 85 25 10 4 3 0 1 0 ERR_B
A 110 30 10 4 3 0 PINTYPE=IN
A 95 30 10 4 9 3 #=8
P 46 110 40 90 40 0 3 0
A 95 40 10 4 9 3 #=9
A 110 40 10 6 9 0 PINTYPE=IN
L 85 35 10 4 3 0 1 0 WAKE
P 47 110 50 90 50 0 3 0
A 95 50 10 4 9 3 #=10
A 110 50 10 6 9 0 PINTYPE=IN
L 85 45 10 4 3 0 1 0 VBAT
P 48 110 60 90 60 0 3 0
A 95 60 10 4 9 3 #=11
A 110 60 10 6 9 0 PINTYPE=IN
L 85 55 10 4 3 0 1 0 SPLIT
P 49 110 70 90 70 0 3 0
A 95 70 10 4 9 3 #=12
A 110 70 10 6 9 0 PINTYPE=IN
L 85 65 10 4 3 0 1 0 CANL
P 50 110 80 90 80 0 3 0
A 90 50 9 4 3 0 PINTYPE=IN
A 95 80 10 4 9 3 #=13
L 85 75 10 4 3 0 1 0 CANH
P 51 110 90 90 90 0 3 0
A 95 90 10 4 9 3 #=14
A 110 90 10 4 3 0 PINTYPE=IN
L 85 85 10 4 3 0 1 0 STB_B
P 19 -30 40 -10 40 0 2 0
L -5 35 10 0 3 0 1 0 EN
A -30 40 10 2 9 0 PINTYPE=IN
A -15 40 10 0 9 3 #=6
P 18 -30 50 -10 50 0 2 0
L -5 45 10 0 3 0 1 0 VIO
A -30 50 10 2 9 0 PINTYPE=IN
A -15 50 10 0 9 3 #=5
P 11 -30 30 -10 30 0 2 0
L -5 25 10 0 3 0 1 0 INH
A -30 30 10 0 3 0 PINTYPE=IN
A -15 30 10 0 9 3 #=7
P 1 -30 80 -10 80 0 2 0
L -5 75 10 0 3 1 1 0 GND
A -15 80 10 0 9 3 #=2
A -10 50 9 0 3 0 PINTYPE=IN
P 14 -30 90 -10 90 0 2 0
L -5 85 10 0 3 0 1 0 TXD
A -30 90 10 0 3 0 PINTYPE=IN
A -15 90 10 0 9 3 #=1
P 17 -30 60 -10 60 0 2 0
L -5 55 10 0 3 0 1 0 RXD
A -30 60 10 2 9 0 PINTYPE=IN
A -15 60 10 0 9 3 #=4
P 16 -30 70 -10 70 0 2 0
L -5 65 10 0 3 0 1 0 VCC
A -30 70 10 2 9 0 PINTYPE=IN
A -15 70 10 0 9 3 #=3
b -10 20 90 100
U -10 -10 10 0 3 0 MANF_P/N=TJA1041AT
U -8 5 16 0 3 3 REFDES=U?
U 65 5 10 0 3 3 PKG_TYPE=SO14
U -5 105 10 0 3 3 DEVICE=TJA1041A
E
