V 53
K 1441230491 TMDS181IRGZT.1
F Case
|R 14:48:11_9-2-15
D 0 474 240 0
Y 1
Z 10
i 1200
U 300 130 10 0 3 0 PARTS=1
U 300 120 10 0 3 0 LEVEL=STD
U 35 0 16 0 3 3 REFDES=U?
U 40 460 10 0 3 3 DEVICE=DEVICE
U 150 5 10 0 3 3 PKG_TYPE=PKG_TYPE
U 0 0 10 0 1 0 FORWARD_PCB=1
b 40 20 200 460
P 15 240 70 200 70 0 3 0
L 195 70 10 0 8 0 1 0 GND1
A 205 70 10 0 3 3 #=7
A 255 70 10 0 2 0 PINTYPE=GROUND
P 16 240 60 200 60 0 3 0
L 195 60 10 0 8 0 1 0 GND2
A 205 60 10 0 3 3 #=19
A 255 60 10 0 2 0 PINTYPE=GROUND
P 995 0 100 40 100 0 2 0
L 44 100 10 0 2 0 1 0 A1
A -15 100 10 0 2 0 PINTYPE=IN
A 25 100 10 0 3 3 #=27
P 996 240 290 200 290 0 3 0
L 195 290 10 0 8 0 1 0 OUT_CLKP
A 255 290 10 0 8 0 PINTYPE=OUT
A 205 290 10 0 3 3 #=26
P 997 0 260 40 260 0 2 0
L 44 260 10 0 2 0 1 0 HPD_SRC
A -15 260 10 0 8 0 PINTYPE=BI
A 30 260 10 0 3 3 #=4
P 998 0 320 40 320 0 2 0
L 44 320 10 0 2 0 1 0 IN_D2P
A -15 320 10 0 2 0 PINTYPE=IN
A 30 320 10 0 3 3 #=2
P 999 0 340 40 340 0 2 0
L 44 340 10 0 2 0 1 0 IN_D1P
A -15 340 10 0 8 0 PINTYPE=IN
A 30 340 10 0 3 3 #=5
P 1000 0 330 40 330 0 2 0
L 44 330 10 0 2 0 1 0 IN_D1N
A -15 330 10 0 8 0 PINTYPE=IN
A 30 330 10 0 3 3 #=6
P 1001 0 360 40 360 0 2 0
L 44 360 10 0 2 0 1 0 IN_D0P
A -15 360 10 0 8 0 PINTYPE=IN
A 30 360 10 0 3 3 #=8
P 1002 0 350 40 350 0 2 0
L 44 350 10 0 2 0 1 0 IN_D0N
A -15 350 10 0 8 0 PINTYPE=IN
A 30 350 10 0 3 3 #=9
P 1003 0 90 40 90 0 2 0
L 44 90 10 0 2 0 1 0 I2C_EN_PIN
A -15 90 10 0 8 0 PINTYPE=IN
A 25 90 10 0 3 3 #=10
P 1004 0 290 40 290 0 2 0
L 44 290 10 0 2 0 1 0 IN_CLKP
A -15 290 10 0 8 0 PINTYPE=IN
A 25 290 10 0 3 3 #=11
P 1005 0 280 40 280 0 2 0
L 44 280 10 0 2 0 1 0 IN_CLKN
A -15 280 10 0 8 0 PINTYPE=IN
A 25 280 10 0 3 3 #=12
P 1006 0 450 40 450 0 2 0
L 44 450 10 0 2 0 1 0 VCC1
A -15 450 10 0 8 0 PINTYPE=POWER
A 25 450 10 0 3 3 #=13
P 1007 0 420 40 420 0 2 0
L 44 420 10 0 2 0 1 0 VDD1
A -15 420 10 0 8 0 PINTYPE=POWER
A 25 420 10 0 3 3 #=14
P 1008 0 310 40 310 0 2 0
L 44 310 10 0 2 0 1 0 IN_D2N
A -15 310 10 0 8 0 PINTYPE=BI
A 30 310 10 0 3 3 #=3
P 1009 0 200 40 200 0 2 0
L 44 200 10 0 2 0 1 0 SDA_CTL
A 25 200 10 0 3 3 #=16
A -15 200 10 0 8 0 PINTYPE=BI
P 1010 0 210 40 210 0 2 0
L 44 210 10 0 2 0 1 0 SCL_CTL
A 25 210 10 0 3 3 #=15
A -15 210 10 0 8 0 PINTYPE=BI
P 1011 240 280 200 280 0 3 0
L 195 280 10 0 8 0 1 0 OUT_CLKN
A 255 280 10 0 8 0 PINTYPE=OUT
A 205 280 10 0 3 3 #=25
P 1012 0 400 40 400 0 2 0
L 44 400 10 0 2 0 1 0 VDD3
A 25 400 10 0 3 3 #=24
A -15 400 10 0 2 0 PINTYPE=POWER
P 1013 0 410 40 410 0 2 0
L 44 410 10 0 2 0 1 0 VDD2
A 25 410 10 0 3 3 #=23
A -15 410 10 0 2 0 PINTYPE=POWER
P 1014 240 140 200 140 0 3 0
L 196 140 10 0 8 0 1 0 VSADJ
A 205 140 10 0 3 3 #=22
A 255 140 10 0 8 0 PINTYPE=IN
P 1015 0 110 40 110 0 2 0
L 44 110 10 0 2 0 1 0 EQ_SEL_A0
A 25 110 10 0 3 3 #=21
A -15 110 10 0 8 0 PINTYPE=IN
P 1016 0 140 40 140 0 2 0
L 44 140 10 0 2 0 1 0 PRE_SEL
A 25 140 10 0 3 3 #=20
A -15 140 10 0 8 0 PINTYPE=IN
P 1018 240 360 200 360 0 3 0
L 195 360 10 0 8 0 1 0 OUT_D0P
A 205 360 10 0 3 3 #=29
A 255 360 10 0 8 0 PINTYPE=OUT
P 1019 240 350 200 350 0 3 0
L 195 350 10 0 8 0 1 0 OUT_D0N
A 205 350 10 0 3 3 #=28
A 255 350 10 0 8 0 PINTYPE=OUT
P 1020 240 330 200 330 0 3 0
L 195 330 10 0 8 0 1 0 OUT_D1N
A 255 330 10 0 2 0 PINTYPE=OUT
A 205 330 10 0 3 3 #=31
P 1021 240 340 200 340 0 3 0
L 195 340 10 0 8 0 1 0 OUT_D1P
A 255 340 10 0 2 0 PINTYPE=OUT
A 205 340 10 0 3 3 #=32
P 1022 240 260 200 260 0 3 0
L 195 260 10 0 8 0 1 0 HPD_SNK
A 255 260 10 0 8 0 PINTYPE=BI
A 205 260 10 0 3 3 #=33
P 1023 240 310 200 310 0 3 0
L 195 310 10 0 8 0 1 0 OUT_D2N
A 255 310 10 0 2 0 PINTYPE=OUT
A 205 310 10 0 3 3 #=34
P 1027 0 440 40 440 0 2 0
L 44 440 10 0 2 0 1 0 VCC2
A 25 440 10 0 3 3 #=43
A -15 440 10 0 8 0 PINTYPE=POWER
P 1028 0 240 40 240 0 2 0
L 44 240 10 0 2 0 1 0 SCL_SRC
A 25 240 10 0 3 3 #=46
A -15 240 10 0 8 0 PINTYPE=BI
P 1029 0 230 40 230 0 2 0
L 44 230 10 0 2 0 1 0 SDA_SRC
A 25 230 10 0 3 3 #=47
A -15 230 10 0 8 0 PINTYPE=BI
P 1030 0 380 40 380 0 2 0
L 44 380 10 0 2 0 1 0 VDD5
A 25 380 10 0 3 3 #=48
A -15 380 10 0 8 0 PINTYPE=POWER
P 1031 240 30 200 30 0 3 0
L 195 30 10 0 8 0 1 0 GND_TAB
A 205 30 10 0 3 3 #=49
A 255 30 10 0 2 0 PINTYPE=GROUND
P 1032 240 240 200 240 0 3 0
L 195 240 10 0 8 0 1 0 SCL_SNK
A 205 240 10 0 3 3 #=38
A 255 240 10 0 2 0 PINTYPE=BI
P 1033 240 230 200 230 0 3 0
L 195 230 10 0 8 0 1 0 SDA_SNK
A 205 230 10 0 3 3 #=39
A 255 230 10 0 2 0 PINTYPE=BI
P 1034 240 320 200 320 0 3 0
L 195 320 10 0 8 0 1 0 OUT_D2P
A 205 320 10 0 3 3 #=35
A 255 320 10 0 8 0 PINTYPE=OUT
P 1035 0 160 40 160 0 2 0
L 44 160 10 0 2 0 1 0 OE
A 25 160 10 0 3 3 #=42
A -15 160 10 0 8 0 PINTYPE=IN
P 1037 0 150 40 150 0 2 0
L 44 150 10 0 2 0 1 0 SIG_EN
A 25 150 10 0 3 3 #=17
A -15 150 10 0 8 0 PINTYPE=IN
P 1038 0 390 40 390 0 2 0
L 44 390 10 0 2 0 1 0 VDD4
A 25 390 10 0 3 3 #=37
A -15 390 10 0 8 0 PINTYPE=POWER
P 1171 0 180 40 180 0 2 0
L 44 180 10 0 2 0 1 0 ARC_OUT
A -15 180 10 0 2 0 PINTYPE=BI
A 25 180 10 0 3 3 #=44
P 1175 240 160 200 160 0 3 0
L 196 160 10 0 8 0 1 0 SPDIF_IN
A 205 160 10 0 3 3 #=45
A 255 160 10 0 2 0 PINTYPE=BI
P 1179 0 130 40 130 0 2 0
L 44 130 10 0 2 0 1 0 SWAP_POL
A 35 130 10 0 9 3 #=1
A -15 130 10 0 8 0 PINTYPE=IN
P 1183 0 120 40 120 0 2 0
L 44 120 10 0 2 0 1 0 TX_TERM_CTL
A 25 120 10 0 3 3 #=36
A -15 120 10 0 8 0 PINTYPE=IN
P 1187 240 110 200 110 0 3 0
L 195 110 10 0 8 0 1 0 NC1
A 205 110 10 0 3 3 #=18
A 255 110 10 0 2 0 PINTYPE=IN
P 1191 240 100 200 100 0 3 0
L 195 100 10 0 8 0 1 0 NC2
A 205 100 10 0 3 3 #=40
A 255 100 10 0 2 0 PINTYPE=IN
P 1195 240 50 200 50 0 3 0
L 195 50 10 0 8 0 1 0 GND3
A 205 50 10 0 3 3 #=30
A 255 50 10 0 2 0 PINTYPE=GROUND
P 1199 240 40 200 40 0 3 0
L 195 40 10 0 8 0 1 0 GND4
A 205 40 10 0 3 3 #=41
A 255 40 10 0 2 0 PINTYPE=GROUND
E 
