V 53
K 1446776135 TPD12S016.1
F Case
|R 18:15:35_11-5-15
D 0 114 150 -165
Y 1
Z 10
i 109
U 0 -50 10 0 3 0 VALUE=VALUE
U 0 -40 10 0 3 0 LEVEL=STD
U 0 -30 10 0 3 0 PARTS=1
U 20 100 10 0 3 3 DEVICE=DEVICE
U 20 -165 16 0 3 3 REFDES=U?
U 80 -160 10 0 3 3 PKG_TYPE=PKG_TYPE
U 0 -165 10 0 1 0 FORWARD_PCB=1
b 20 -145 130 100
P 3 0 50 20 50 0 2 0
L 20 45 10 0 3 0 1 0 CEC_A
A -10 50 10 0 3 0 PINTYPE=BI
A 15 50 10 0 9 3 #=24
P 9 0 70 20 70 0 2 0
L 20 65 10 0 3 0 1 0 VCC5V
A -40 70 10 0 3 0 PINTYPE=POWER
A 15 70 10 0 9 3 #=10
P 16 0 90 20 90 0 2 0
L 20 85 10 0 3 0 1 0 VCCA
A -40 90 10 0 3 0 PINTYPE=POWER
A 15 90 10 0 9 3 #=23
P 20 150 15 130 15 0 3 0
L 130 10 10 0 9 0 1 0 SCL_B
A 135 15 10 0 3 3 #=7
A 160 15 10 0 9 0 PINTYPE=BI
P 21 0 15 20 15 0 2 0
L 20 10 10 0 3 0 1 0 SCL_A
A 15 15 10 0 9 3 #=1
A -40 15 10 0 3 0 PINTYPE=BI
P 22 0 5 20 5 0 2 0
L 20 0 10 0 3 0 1 0 SDA_A
A 15 5 10 0 9 3 #=2
A -40 5 10 0 3 0 PINTYPE=BI
P 23 150 -15 130 -15 0 3 0
L 130 -20 10 0 9 0 1 0 HPD_B
A 135 -15 10 0 3 3 #=9
A 160 -15 10 0 9 0 PINTYPE=BI
P 24 150 5 130 5 0 3 0
L 130 0 10 0 9 0 1 0 SDA_B
A 160 5 10 0 9 0 PINTYPE=BI
A 135 5 10 0 3 3 #=8
P 25 150 50 130 50 0 3 0
L 130 45 10 0 9 0 1 0 CEC_B
A 160 50 10 0 9 0 PINTYPE=BI
A 135 50 10 0 3 3 #=6
P 26 150 70 130 70 0 3 0
L 130 65 10 0 9 0 1 0 5V_OUT
A 135 70 10 0 3 3 #=12
A 160 70 10 0 9 0 PINTYPE=POWER
P 71 0 -15 20 -15 0 2 0
L 20 -20 10 0 3 0 1 0 HPD_A
A 15 -15 10 0 9 3 #=3
A -40 -15 10 0 3 0 PINTYPE=BI
P 75 0 -35 20 -35 0 2 0
L 20 -40 10 0 3 0 1 0 LS_OE
A 15 -35 10 0 9 3 #=4
A -40 -35 10 0 3 0 PINTYPE=IN
P 83 150 -65 130 -65 0 3 0
L 130 -70 10 0 9 0 1 0 GND1
A 135 -65 10 0 3 3 #=5
A 160 -65 10 0 9 0 PINTYPE=GROUND
P 87 150 -55 130 -55 0 3 0
L 130 -60 10 0 9 0 1 0 GND2
A 160 -55 10 0 9 0 PINTYPE=GROUND
A 135 -55 10 0 3 3 #=13
P 143 150 -45 130 -45 0 3 0
L 130 -50 10 0 9 0 1 0 GND3
A 135 -45 10 0 3 3 #=18
A 160 -45 10 0 9 0 PINTYPE=GROUND
P 147 0 -45 20 -45 0 2 0
L 20 -50 10 0 3 0 1 0 CT_HPD
A 15 -45 10 0 9 3 #=11
A -10 -45 10 0 3 0 PINTYPE=IN
P 151 0 -65 20 -65 0 2 0
L 20 -70 10 0 3 0 1 0 D2_P
A 15 -65 10 0 9 3 #=22
A -10 -65 10 0 3 0 PINTYPE=BI
P 155 0 -95 20 -95 0 2 0
L 20 -100 10 0 3 0 1 0 D1_N
A 15 -95 10 0 9 3 #=19
A -10 -95 10 0 3 0 PINTYPE=BI
P 159 0 -85 20 -85 0 2 0
L 20 -90 10 0 3 0 1 0 D1_P
A -10 -85 10 0 3 0 PINTYPE=BI
A 15 -85 10 0 9 3 #=20
P 163 0 -75 20 -75 0 2 0
L 20 -80 10 0 3 0 1 0 D2_N
A 15 -75 10 0 9 3 #=21
A -10 -75 10 0 3 0 PINTYPE=BI
P 167 0 -115 20 -115 0 2 0
L 20 -120 10 0 3 0 1 0 D0_N
A 15 -115 10 0 9 3 #=16
A -10 -115 10 0 3 0 PINTYPE=BI
P 171 0 -105 20 -105 0 2 0
L 20 -110 10 0 3 0 1 0 D0_P
A -10 -105 10 0 3 0 PINTYPE=BI
A 15 -105 10 0 9 3 #=17
P 175 0 -135 20 -135 0 2 0
L 20 -140 10 0 3 0 1 0 CLK_N
A 15 -135 10 0 9 3 #=15
A -10 -135 10 0 3 0 PINTYPE=BI
P 179 0 -125 20 -125 0 2 0
L 20 -130 10 0 3 0 1 0 CLK_P
A -10 -125 10 0 3 0 PINTYPE=BI
A 15 -125 10 0 9 3 #=14
E 
