V 53
K 1439423188 TPD1E05U06DPYT.1
F Case
|R 16:46:28_8-12-15
D 0 65 100 0
Y 1
Z 10
i 17
U 0 -50 10 0 3 0 VALUE=PCA9517
U 0 -40 10 0 3 0 LEVEL=STD
U 0 -30 10 0 3 0 PARTS=1
U 55 0 10 0 3 3 PKG_TYPE=PKG_TYPE
U 20 -5 16 0 3 3 REFDES=U?
U 20 55 10 0 3 3 DEVICE=DEVICE
U 0 0 10 0 1 0 FORWARD_PCB=1
l 4 35 25 35 35 40 30 35 25 
l 2 40 35 40 25 
l 4 60 25 65 30 60 35 60 25 
l 2 65 35 65 25 
l 3 65 30 70 30 70 45 
l 2 40 30 60 30 
l 4 45 45 30 45 30 30 35 30 
l 4 45 40 50 45 45 50 45 40 
l 4 52 50 50 48 50 42 48 40 
l 2 50 45 70 45 
l 2 20 30 30 30 
l 3 50 30 50 20 80 20 
b 20 10 80 55
P 3 100 20 80 20 0 3 0
L 80 20 10 0 9 0 0 0 1
A 110 20 10 0 9 0 PINTYPE=OUT
A 85 20 10 0 3 3 #=1
P 16 0 30 20 30 0 2 0
L 20 25 10 0 3 0 0 0 2
A -40 30 10 0 3 0 PINTYPE=IN
A 15 30 10 0 9 3 #=2
E 
