V 51
K 281051475100 pca9517
|R 0:18_6-1-13
Y 1
D 0 0 120 120
Z 10
i 26
U 0 -50 10 0 3 0 VALUE=PCA9517
U 0 -40 10 0 3 0 LEVEL=STD
U 0 -30 10 0 3 0 PARTS=1
U 20 100 10 0 3 3 DEVICE=DEVICE
U 20 5 16 0 3 3 REFDES=U?
U 65 10 10 0 3 3 PKG_TYPE=PKG_TYPE
P 21 0 40 20 40 0 2 0
L 20 35 10 0 3 0 1 0 D2_P
A 15 40 10 0 9 3 #=4
A -40 40 10 0 3 0 PINTYPE=IN
P 22 0 30 20 30 0 2 0
L 20 25 10 0 3 0 1 0 D2_N
A 15 30 10 0 9 3 #=5
A -40 30 10 0 3 0 PINTYPE=IN
P 9 0 80 20 80 0 2 0
A -40 80 10 0 3 0 PINTYPE=IN
A 15 80 10 0 9 3 #=2
L 20 75 10 0 3 1 1 0 D1_N
P 16 0 90 20 90 0 2 0
A -40 90 10 0 3 0 PINTYPE=IN
A 15 90 10 0 9 3 #=1
L 20 85 10 0 3 0 1 0 D1_P
P 24 120 40 100 40 0 3 0
L 100 35 10 0 9 0 1 0 NC2
A 130 40 10 0 9 0 PINTYPE=BI
A 105 40 10 0 3 3 #=7
P 23 120 30 100 30 0 3 0
A 105 30 10 0 3 3 #=6
A 130 30 10 0 9 0 PINTYPE=BI
L 100 25 10 0 9 0 1 0 NC1
P 26 120 90 100 90 0 3 0
A 105 90 10 0 3 3 #=10
A 130 90 10 0 9 0 PINTYPE=BI
L 100 85 10 0 9 0 1 0 NC4
P 25 120 80 100 80 0 3 0
L 100 75 10 0 9 0 1 0 NC3
A 130 80 10 0 9 0 PINTYPE=BI
A 105 80 10 0 3 3 #=9
P 3 120 65 100 65 0 3 0
L 100 60 10 0 9 0 1 0 GND1
A 130 65 10 0 9 0 PINTYPE=BI
A 105 65 10 0 3 3 #=3
P 20 120 55 100 55 0 3 0
A 105 55 10 0 3 3 #=8
A 130 55 10 0 9 0 PINTYPE=BI
L 100 50 10 0 9 0 1 0 GND2
l 2 80 90 45 90
l 2 80 80 45 80
l 2 80 30 45 30
b 20 20 100 100
l 2 80 40 45 40
E
