V 51
K 244354968700 tpl0102
|R 21:11_4-1-13
Y 1
D 0 0 140 200
Z 10
i 15
U 0 -60 10 0 3 0 DIST=DIGIKEY
U 0 -50 10 0 3 0 MFG_P/N=TPL0102-100PWR
U 0 -30 10 0 3 0 LEVEL=STD
U 0 -20 10 0 3 0 PARTS=1
U 30 180 10 0 3 3 DEVICE=TPL0102
U 25 0 16 0 3 3 REFDES=U?
U 80 10 10 0 3 3 PKG_TYPE=TSSOP_14
U 0 -40 10 0 3 0 MFG=TEXAS INSTRUMENTS
U 0 -70 10 0 3 0 DIST_P/N=296-30048-1-ND
P 5 0 40 20 40 0 2 0
L 30 35 10 0 3 0 1 0 A0
A 0 40 10 0 3 0 PINTYPE=IN
A 5 40 10 0 3 3 #=13
P 6 0 50 20 50 0 2 0
L 30 45 10 0 3 0 1 0 A1
A 0 50 10 0 3 0 PINTYPE=IN
A 5 50 10 0 3 3 #=12
P 8 0 140 20 140 0 2 0
L 30 135 10 0 3 0 1 0 SCL
A 0 140 10 0 3 0 PINTYPE=IN
A 5 140 10 0 3 3 #=10
P 7 0 130 20 130 0 2 0
L 30 125 10 0 3 0 1 0 SDA
A 0 130 10 0 3 0 PINTYPE=BI
A 10 130 10 0 3 3 #=9
P 9 0 60 20 60 0 2 0
L 30 55 10 0 3 0 1 0 A2
A 0 60 10 0 3 0 PINTYPE=IN
A 10 60 10 0 3 3 #=7
P 2 140 160 120 160 0 3 0
L 95 155 10 0 3 0 1 0 VDD
A 140 160 10 0 9 0 PINTYPE=POWER
A 135 160 10 0 9 3 #=14
P 4 140 40 120 40 0 3 0
L 95 35 10 0 3 0 1 0 GND
A 140 40 10 0 9 0 PINTYPE=POWER
A 135 40 10 0 9 3 #=11
P 3 140 50 120 50 0 3 0
L 95 45 10 0 3 0 1 0 VSS
A 140 50 10 0 9 0 PINTYPE=POWER
A 130 50 10 0 9 3 #=8
P 10 140 140 120 140 0 3 0
L 100 135 10 0 3 0 1 0 HA
A 140 140 10 0 9 0 PINTYPE=BI
A 130 140 10 0 9 3 #=1
P 11 140 130 120 130 0 3 0
L 100 125 10 0 3 0 1 0 LA
A 140 130 10 0 9 0 PINTYPE=BI
A 130 130 10 0 9 3 #=2
P 12 140 120 120 120 0 3 0
L 100 115 10 0 3 0 1 0 WA
A 140 120 10 0 9 0 PINTYPE=BI
A 130 120 10 0 9 3 #=3
P 13 140 90 120 90 0 3 0
L 100 85 10 0 3 0 1 0 HB
A 140 90 10 0 9 0 PINTYPE=BI
A 130 90 10 0 9 3 #=4
P 14 140 80 120 80 0 3 0
L 100 75 10 0 3 0 1 0 LB
A 140 80 10 0 9 0 PINTYPE=BI
A 130 80 10 0 9 3 #=5
P 15 140 70 120 70 0 3 0
L 100 65 10 0 3 0 1 0 WB
A 140 70 10 0 9 0 PINTYPE=BI
A 130 70 10 0 9 3 #=6
b 20 20 120 180
E
