V 51
K 66818193090 tps2051
|R 22:29_4-27-11
Y 1
D 0 0 150 70
Z 10
i 49
U -190 -40 10 0 3 0 LEVEL=STD
U -190 -50 10 0 3 0 PARTS=1
U 20 -5 16 0 3 3 REFDES=U?
P 49 0 50 20 50 0 2 0
A -30 40 10 0 9 0 PINTYPE=BI
A 20 50 10 0 9 3 #=4
L 20 50 10 0 2 0 1 0 EN
P 19 150 50 130 50 0 3 0
A 130 50 10 0 3 3 #=3
A 190 45 10 0 3 0 PINTYPE=BI
L 130 50 10 0 8 0 1 0 OC_B
P 27 150 20 130 20 0 3 0
A 130 20 10 0 3 3 #=2
A 190 15 10 0 3 0 PINTYPE=BI
L 130 20 10 0 8 0 1 0 GND
P 40 150 30 130 30 0 3 0
L 130 30 10 0 8 0 1 0 OUT
A 130 30 10 0 3 3 #=1
A 190 25 10 0 3 0 PINTYPE=BI
U 20 60 10 0 3 3 DEVICE=TPS2051
U 105 0 10 0 3 3 PKG_TYPE=TPS2051
b 20 10 130 60
P 20 0 20 20 20 0 2 0
A -30 10 10 0 9 0 PINTYPE=BI
A 20 20 10 0 9 3 #=5
L 20 20 10 0 2 1 1 0 IN
E
