V 53
K 1412988140 tps40400.1
F Case
|R 17:42:20_10-10-14
D 40 255 270 -170
Y 1
Z 10
i 357
U 0 -70 10 0 3 0 VALUE=TPS40400
U 0 -20 10 0 3 0 PARTS=1
U 0 -10 10 0 3 0 LEVEL=STD
U 60 -165 16 0 3 3 REFDES=U?
U 60 240 10 0 3 3 DEVICE=TPS40400
U 250 -160 10 0 9 3 PKG_TYPE=xxxxxx
U 40 -170 10 0 1 0 FORWARD_PCB=1
b 60 -145 250 240
P 33 40 105 60 105 0 2 0
L 65 105 10 0 2 0 1 0 CLK
A 60 105 10 0 1 0 PINTYPE=IN
A 50 115 10 0 1 3 #=1
P 35 40 85 60 85 0 2 0
L 65 85 10 0 2 0 1 0 CNTL
A 60 85 10 0 1 0 PINTYPE=IN
A 50 95 10 0 1 3 #=2
P 36 40 -55 60 -55 0 2 0
L 65 -55 10 0 2 0 1 0 SYNC
A 60 -55 10 0 1 0 PINTYPE=IN
A 50 -45 10 0 1 3 #=4
P 37 270 45 250 45 0 3 0
L 245 40 10 0 9 0 1 0 PGOOD
A 250 45 10 0 7 0 PINTYPE=OUT
A 260 55 10 0 7 3 #=3
P 38 40 -20 60 -20 0 2 0
L 65 -20 10 0 2 0 1 0 DIFFO
A 60 -20 10 0 1 0 PINTYPE=OUT
A 50 -10 10 0 1 3 #=8
P 39 40 0 60 0 0 2 0
L 65 0 10 0 2 0 1 0 FB
A 60 0 10 0 1 0 PINTYPE=IN
A 50 10 10 0 1 3 #=7
P 40 40 20 60 20 0 2 0
L 65 20 10 0 2 0 1 0 COMP
A 60 20 10 0 1 0 PINTYPE=OUT
A 50 30 10 0 1 3 #=6
P 41 270 205 250 205 0 3 0
L 245 205 10 0 8 0 1 0 TRACK
A 250 205 10 0 7 0 PINTYPE=IN
A 260 215 10 0 7 3 #=5
P 43 270 -70 250 -70 0 3 0
L 245 -75 10 0 9 0 1 0 ISNS_N
A 250 -70 10 0 7 0 PINTYPE=IN
A 265 -60 10 0 7 3 #=11
P 44 270 -10 250 -10 0 3 0
L 245 -15 10 0 9 0 1 0 VSNS_N
A 250 -10 10 0 7 0 PINTYPE=IN
A 265 0 10 0 7 3 #=10
P 45 270 10 250 10 0 3 0
L 245 5 10 0 9 0 1 0 VSNS_P
A 250 10 10 0 7 0 PINTYPE=IN
A 260 20 10 0 7 3 #=9
P 102 270 -50 250 -50 0 3 0
L 245 -55 10 0 9 0 1 0 ISNS_P
A 250 -50 10 0 7 0 PINTYPE=IN
A 265 -40 10 0 7 3 #=12
P 132 270 225 250 225 0 3 0
L 245 225 10 0 8 0 1 0 BP3
A 250 225 10 0 7 0 PINTYPE=OUT
A 265 235 10 0 7 3 #=13
P 145 270 -100 250 -100 0 3 0
L 245 -100 10 0 8 0 1 0 BP6
A 250 -100 10 0 7 0 PINTYPE=OUT
A 265 -90 10 0 7 3 #=14
P 152 40 -125 60 -125 0 2 0
L 65 -125 10 0 2 0 1 0 GND
A 60 -125 10 0 1 0 PINTYPE=GROUND
A 45 -115 10 0 1 3 #=15
P 162 270 75 250 75 0 3 0
L 245 75 10 0 8 0 1 0 LDRV
A 250 75 10 0 7 0 PINTYPE=OUT
A 265 85 10 0 7 3 #=16
P 165 270 185 250 185 0 3 0
L 245 185 10 0 8 0 1 0 BOOT
A 250 185 10 0 7 0 PINTYPE=IN
A 265 195 10 0 7 3 #=18
P 169 270 115 250 115 0 3 0
L 245 115 10 0 8 0 1 0 HDRV
A 250 115 10 0 7 0 PINTYPE=OUT
A 265 125 10 0 7 3 #=19
P 173 40 225 60 225 0 2 0
L 65 225 10 0 2 0 1 0 VDD
A 60 225 10 0 1 0 PINTYPE=POWER
A 45 235 10 0 1 3 #=20
P 177 40 -80 60 -80 0 2 0
L 65 -80 10 0 2 0 1 0 ADDR1
A 60 -80 10 0 1 0 PINTYPE=IN
A 45 -70 10 0 1 3 #=22
P 181 40 65 60 65 0 2 0
L 65 65 10 0 2 0 1 0 SMBALRT_B
A 60 65 10 0 1 0 PINTYPE=OUT
A 45 75 10 0 1 3 #=23
P 233 40 -100 60 -100 0 2 0
L 65 -100 10 0 2 0 1 0 ADDR0
A 60 -100 10 0 1 0 PINTYPE=IN
A 45 -90 10 0 1 3 #=21
P 244 40 125 60 125 0 2 0
L 65 125 10 0 2 0 1 0 DATA
A 60 125 10 0 1 0 PINTYPE=BI
A 45 135 10 0 1 3 #=24
P 248 270 -125 250 -125 0 3 0
L 245 -125 10 0 8 0 1 0 SGND
A 250 -125 10 0 7 0 PINTYPE=GROUND
A 265 -115 10 0 7 3 #=25
P 356 270 95 250 95 0 3 0
L 245 95 10 0 8 0 1 0 SW
A 250 95 10 0 7 0 PINTYPE=IN
A 265 105 10 0 7 3 #=17
E 
