V 51
K 127783183600 tps54327
|R 21:28_5-11-11
Y 1
D 0 0 120 240
Z 10
i 58
U -190 -40 10 0 3 0 LEVEL=STD
U -190 -50 10 0 3 0 PARTS=1
U 80 10 10 0 3 3 PKG_TYPE=XXXXXX
U 5 0 16 0 3 3 REFDES=U?
P 58 120 40 100 40 0 3 0
A 100 40 10 0 3 3 #=9
A 160 35 10 0 3 0 PINTYPE=BI
L 95 40 10 0 8 0 1 0 PWPD
P 54 0 40 20 40 0 2 0
A -30 30 10 0 9 0 PINTYPE=BI
A 20 40 10 0 9 3 #=4
L 25 40 10 0 2 0 1 0 SS
P 49 0 200 20 200 0 2 0
A -30 190 10 0 9 0 PINTYPE=BI
A 20 200 10 0 9 3 #=8
L 25 200 10 0 2 1 1 0 VIN
P 53 0 60 20 60 0 2 0
A -30 50 10 0 9 0 PINTYPE=BI
A 20 60 10 0 9 3 #=3
L 25 60 10 0 2 0 1 0 VREG5
P 57 120 60 100 60 0 3 0
A 100 60 10 0 3 3 #=5
A 160 55 10 0 3 0 PINTYPE=BI
L 95 60 10 0 8 0 1 0 GND
P 55 120 200 100 200 0 3 0
A 100 200 10 0 3 3 #=6
A 160 195 10 0 3 0 PINTYPE=BI
L 95 200 10 0 8 0 1 0 SW
P 19 120 150 100 150 0 3 0
A 100 150 10 0 3 3 #=7
A 160 145 10 0 3 0 PINTYPE=BI
L 95 150 10 0 8 1 1 0 VBST
U 20 220 10 0 3 3 DEVICE=XXXXXX
b 20 20 100 220
P 52 0 120 20 120 0 2 0
A -30 110 10 0 9 0 PINTYPE=BI
A 20 120 10 0 9 3 #=1
L 25 120 10 0 2 0 1 0 EN
P 56 120 80 100 80 0 3 0
A 100 80 10 0 3 3 #=2
A 160 75 10 0 3 0 PINTYPE=BI
L 95 80 10 0 8 0 1 0 VFB
E
