V 53
K 1456874712 tps650860.1
F Case
|R 15:25:12_3-1-16
D 0 659 230 0
Y 1
Z 10
i 66
U 0 -70 10 0 3 0 VALUE=VALUE
U 300 50 10 0 3 0 PARTS=1
U 300 40 10 0 3 0 LEVEL=STD
U 160 0 10 0 3 3 PKG_TYPE=PKG_TYPE
U 20 0 10 0 3 3 DEVICE=DEVICE
U 20 640 16 0 3 3 REFDES=U?
U 0 0 10 0 1 0 FORWARD_PCB=1
b 20 15 210 640
P 1724 0 630 20 630 0 2 0
L 22 630 10 0 2 0 1 0 DRV5V_2_A1
A 0 630 10 0 1 0 PINTYPE=IN
A 5 640 10 0 1 3 #=8
P 1727 0 310 20 310 0 2 0
L 22 310 10 0 2 0 1 0 LDOA1
A 0 310 10 0 1 0 PINTYPE=OUT
A 5 320 10 0 1 3 #=9
P 1730 0 570 20 570 0 2 0
L 22 570 10 0 2 0 1 0 PVIN3
A 0 570 10 0 1 0 PINTYPE=IN
A 5 580 10 0 1 3 #=11
P 1733 0 470 20 470 0 2 0
L 22 470 10 0 2 0 1 0 CTL1
A 0 470 10 0 1 0 PINTYPE=IN
A 5 480 10 0 1 3 #=13
P 1736 0 430 20 430 0 2 0
L 22 430 10 0 2 0 1 0 CTL6_SLPENB2
A 0 430 10 0 1 0 PINTYPE=IN
A 5 440 10 0 1 3 #=14
P 1739 0 370 20 370 0 2 0
L 22 370 10 0 2 0 1 0 IRQB
A 0 370 10 0 1 0 PINTYPE=OUT
A 5 380 10 0 1 3 #=15
P 1742 0 350 20 350 0 2 0
L 22 350 10 0 2 0 1 0 GPO1
A 0 350 10 0 1 0 PINTYPE=OUT
A 5 360 10 0 1 3 #=16
P 1745 0 190 20 190 0 2 0
L 22 190 10 0 2 0 1 0 SWB1
A 0 190 10 0 1 0 PINTYPE=OUT
A 5 200 10 0 1 3 #=17
P 1748 0 490 20 490 0 2 0
L 22 490 10 0 2 0 1 0 PVINSWB1_B2
A 0 490 10 0 1 0 PINTYPE=IN
A 5 500 10 0 1 3 #=18
P 1751 0 170 20 170 0 2 0
L 22 170 10 0 2 0 1 0 SWB2
A 0 170 10 0 1 0 PINTYPE=OUT
A 5 180 10 0 1 3 #=19
P 1754 0 550 20 550 0 2 0
L 22 550 10 0 2 0 1 0 PVIN5
A 0 550 10 0 1 0 PINTYPE=IN
A 5 560 10 0 1 3 #=21
P 1757 0 560 20 560 0 2 0
L 22 560 10 0 2 0 1 0 PVIN4
A 0 560 10 0 1 0 PINTYPE=IN
A 5 570 10 0 1 3 #=24
P 1760 0 340 20 340 0 2 0
L 22 340 10 0 2 0 1 0 GPO2
A 0 340 10 0 1 0 PINTYPE=OUT
A 5 350 10 0 1 3 #=26
P 1763 0 360 20 360 0 2 0
L 22 360 10 0 2 0 1 0 GPO3
A 0 360 10 0 1 0 PINTYPE=OUT
A 5 370 10 0 1 3 #=27
P 1766 0 330 20 330 0 2 0
L 22 330 10 0 2 0 1 0 GPO4
A 0 330 10 0 1 0 PINTYPE=OUT
A 5 340 10 0 1 3 #=28
P 1769 0 210 20 210 0 2 0
L 22 210 10 0 2 0 1 0 SWA1
A 0 210 10 0 1 0 PINTYPE=OUT
A 5 220 10 0 1 3 #=31
P 1772 0 510 20 510 0 2 0
L 22 510 10 0 2 0 1 0 PVINSWA1
A 0 510 10 0 1 0 PINTYPE=IN
A 5 520 10 0 1 3 #=32
P 1775 0 610 20 610 0 2 0
L 20 610 10 0 2 0 1 0 DRV5V_1_6
A 0 610 10 0 1 0 PINTYPE=IN
A 5 620 10 0 1 3 #=38
P 1778 0 590 20 590 0 2 0
L 22 590 10 0 2 0 1 0 PVINVTT
A 0 590 10 0 1 0 PINTYPE=IN
A 5 600 10 0 1 3 #=46
P 1781 0 290 20 290 0 2 0
L 22 290 10 0 2 0 1 0 VTT
A 0 290 10 0 1 0 PINTYPE=OUT
A 5 300 10 0 1 3 #=47
P 1784 0 270 20 270 0 2 0
L 22 270 10 0 2 0 1 0 VTTFB
A 0 270 10 0 1 0 PINTYPE=IN
A 5 280 10 0 1 3 #=48
P 1787 0 230 20 230 0 2 0
L 22 230 10 0 2 0 1 0 LDOA3
A 0 230 10 0 1 0 PINTYPE=OUT
A 5 240 10 0 1 3 #=49
P 1790 0 530 20 530 0 2 0
L 22 530 10 0 2 0 1 0 PVINLDOA2_A3
A 0 530 10 0 1 0 PINTYPE=IN
A 5 540 10 0 1 3 #=50
P 1793 0 250 20 250 0 2 0
L 22 250 10 0 2 0 1 0 LDOA2
A 0 250 10 0 1 0 PINTYPE=OUT
A 5 260 10 0 1 3 #=51
P 1796 0 130 20 130 0 2 0
L 22 130 10 0 2 0 1 0 VREF
A 0 130 10 0 1 0 PINTYPE=POWER
A 5 140 10 0 1 3 #=53
P 1799 0 90 20 90 0 2 0
L 22 90 10 0 2 0 1 0 LDO3P3
A 0 90 10 0 1 0 PINTYPE=OUT
A 5 100 10 0 1 3 #=54
P 1802 0 150 20 150 0 2 0
L 22 150 10 0 2 0 1 0 VSYS
A 0 150 10 0 1 0 PINTYPE=IN
A 5 160 10 0 1 3 #=55
P 1805 0 110 20 110 0 2 0
L 22 110 10 0 2 0 1 0 LDO5P0
A 0 110 10 0 1 0 PINTYPE=OUT
A 5 120 10 0 1 3 #=56
P 1808 0 70 20 70 0 2 0
L 22 70 10 0 2 0 1 0 V5ANA
A 0 70 10 0 1 0 PINTYPE=IN
A 5 80 10 0 1 3 #=57
P 1811 0 400 20 400 0 2 0
L 22 400 10 0 2 0 1 0 CLK
A 0 400 10 0 1 0 PINTYPE=IN
A 5 410 10 0 1 3 #=58
P 1814 0 390 20 390 0 2 0
L 22 390 10 0 2 0 1 0 DATA
A 0 390 10 0 1 0 PINTYPE=BI
A 5 400 10 0 1 3 #=59
P 1817 0 420 20 420 0 2 0
L 22 420 10 0 2 0 1 0 CTL2
A 0 420 10 0 1 0 PINTYPE=IN
A 5 430 10 0 1 3 #=60
P 1820 0 440 20 440 0 2 0
L 22 440 10 0 2 0 1 0 CTL3_SLPENB1
A 0 440 10 0 1 0 PINTYPE=IN
A 5 450 10 0 1 3 #=61
P 1823 0 460 20 460 0 2 0
L 22 460 10 0 2 0 1 0 CTL4
A 0 460 10 0 1 0 PINTYPE=IN
A 5 470 10 0 1 3 #=62
P 1826 0 450 20 450 0 2 0
L 22 450 10 0 2 0 1 0 CTL5
A 0 450 10 0 1 0 PINTYPE=IN
A 5 460 10 0 1 3 #=63
P 1829 230 370 210 370 0 3 0
L 208 370 10 0 8 0 1 0 FBGND2
A 230 370 10 0 1 0 PINTYPE=IN
A 225 380 10 0 7 3 #=1
P 1832 230 400 210 400 0 3 0
L 208 400 10 0 8 0 1 0 FBVOUT2
A 230 400 10 0 1 0 PINTYPE=IN
A 225 410 10 0 7 3 #=2
P 1835 230 460 210 460 0 3 0
L 208 460 10 0 8 0 1 0 DRVH2
A 230 460 10 0 1 0 PINTYPE=OUT
A 225 470 10 0 7 3 #=3
P 1838 230 440 210 440 0 3 0
L 208 440 10 0 8 0 1 0 SW2
A 230 440 10 0 1 0 PINTYPE=IN
A 225 450 10 0 7 3 #=4
P 1841 230 480 210 480 0 3 0
L 208 480 10 0 8 0 1 0 BOOT2
A 230 480 10 0 1 0 PINTYPE=IN
A 225 490 10 0 7 3 #=5
P 1844 230 380 210 380 0 3 0
L 208 380 10 0 8 0 1 0 PGNDSNS2
A 230 380 10 0 1 0 PINTYPE=IN
A 225 390 10 0 7 3 #=6
P 1847 230 420 210 420 0 3 0
L 208 420 10 0 8 0 1 0 DRVL2
A 230 420 10 0 1 0 PINTYPE=OUT
A 225 430 10 0 7 3 #=7
P 1850 230 320 210 320 0 3 0
L 208 320 10 0 8 0 1 0 LX3
A 230 320 10 0 1 0 PINTYPE=OUT
A 225 330 10 0 7 3 #=10
P 1853 230 300 210 300 0 3 0
L 208 300 10 0 8 0 1 0 FB3
A 230 300 10 0 1 0 PINTYPE=IN
A 225 310 10 0 7 3 #=12
P 1856 230 220 210 220 0 3 0
L 208 220 10 0 8 0 1 0 LX5
A 230 220 10 0 1 0 PINTYPE=OUT
A 225 230 10 0 7 3 #=20
P 1859 230 200 210 200 0 3 0
L 208 200 10 0 8 0 1 0 FB5
A 230 200 10 0 1 0 PINTYPE=IN
A 225 210 10 0 7 3 #=22
P 1862 230 250 210 250 0 3 0
L 208 250 10 0 8 0 1 0 FB4
A 230 250 10 0 1 0 PINTYPE=IN
A 225 260 10 0 7 3 #=23
P 1865 230 270 210 270 0 3 0
L 208 270 10 0 8 0 1 0 LX4
A 230 270 10 0 1 0 PINTYPE=OUT
A 225 280 10 0 7 3 #=25
P 1868 230 550 210 550 0 3 0
L 208 550 10 0 8 0 1 0 FBVOUT1
A 230 550 10 0 1 0 PINTYPE=IN
A 225 560 10 0 7 3 #=29
P 1871 230 510 210 510 0 3 0
L 208 510 10 0 8 0 1 0 ILIM1
A 230 510 10 0 1 0 PINTYPE=IN
A 225 520 10 0 7 3 #=30
P 1874 230 610 210 610 0 3 0
L 208 610 10 0 8 0 1 0 DRVH1
A 230 610 10 0 1 0 PINTYPE=OUT
A 225 620 10 0 7 3 #=33
P 1877 230 590 210 590 0 3 0
L 208 590 10 0 8 0 1 0 SW1
A 230 590 10 0 1 0 PINTYPE=IN
A 225 600 10 0 7 3 #=34
P 1880 230 630 210 630 0 3 0
L 208 630 10 0 8 0 1 0 BOOT1
A 230 630 10 0 1 0 PINTYPE=IN
A 225 640 10 0 7 3 #=35
P 1883 230 530 210 530 0 3 0
L 208 530 10 0 8 0 1 0 PGNDSNS1
A 230 530 10 0 1 0 PINTYPE=IN
A 225 540 10 0 7 3 #=36
P 1886 230 570 210 570 0 3 0
L 208 570 10 0 8 0 1 0 DRVL1
A 230 570 10 0 1 0 PINTYPE=OUT
A 225 580 10 0 7 3 #=37
P 1889 230 110 210 110 0 3 0
L 208 110 10 0 8 0 1 0 DRVL6
A 230 110 10 0 1 0 PINTYPE=OUT
A 225 120 10 0 7 3 #=39
P 1892 230 70 210 70 0 3 0
L 208 70 10 0 8 0 1 0 PGNDSNS6
A 230 70 10 0 1 0 PINTYPE=IN
A 225 80 10 0 7 3 #=40
P 1895 230 170 210 170 0 3 0
L 208 170 10 0 8 0 1 0 BOOT6
A 230 170 10 0 1 0 PINTYPE=IN
A 225 180 10 0 7 3 #=41
P 1898 230 130 210 130 0 3 0
L 208 130 10 0 8 0 1 0 SW6
A 230 130 10 0 1 0 PINTYPE=IN
A 225 140 10 0 7 3 #=42
P 1901 230 150 210 150 0 3 0
L 208 150 10 0 8 0 1 0 DRVH6
A 230 150 10 0 1 0 PINTYPE=OUT
A 225 160 10 0 7 3 #=43
P 1904 230 90 210 90 0 3 0
L 208 90 10 0 8 0 1 0 FBVOUT6
A 230 90 10 0 1 0 PINTYPE=IN
A 225 100 10 0 7 3 #=44
P 1907 230 50 210 50 0 3 0
L 208 50 10 0 8 0 1 0 ILIM6
A 230 50 10 0 1 0 PINTYPE=IN
A 225 60 10 0 7 3 #=45
P 1910 230 30 210 30 0 3 0
L 208 30 10 0 8 0 1 0 AGND
A 230 30 10 0 1 0 PINTYPE=GROUND
A 225 40 10 0 7 3 #=52
P 1913 230 340 210 340 0 3 0
L 208 340 10 0 8 0 1 0 ILIM2
A 230 340 10 0 1 0 PINTYPE=IN
A 225 350 10 0 7 3 #=64
P 1916 230 20 210 20 0 3 0
L 208 20 10 0 8 0 1 0 GNDPAD
A 230 20 10 0 1 0 PINTYPE=GROUND
A 225 30 10 0 7 3 #=65
E 
