V 51
K 346789586300 triax
|R 18:18_10-28-10
Y 1
D 0 0 80 120
Z 10
i 194
U 5 -75 10 0 3 0 LEVEL=STD
U 5 -95 10 0 3 0 PARTS=1
U 5 -85 10 0 3 0 DEVICE=TRIAX
U 0 -70 10 0 3 0 PKG_TYPE=TRIAX
U 10 -10 10 0 3 3 VALUE=XX
U 47 123 16 0 3 3 REFDES=J?
P 147 80 105 60 105 0 3 0
L 35 100 10 0 3 0 1 0 SIG
A 100 105 10 0 3 0 PINTYPE=BI
A 65 105 10 0 3 3 #=1
b 0 0 60 120
P 150 80 90 60 90 0 3 0
A 65 90 10 0 3 3 #=2
L 25 85 10 0 3 0 1 0 GUARD
A 100 90 10 0 3 0 PINTYPE=BI
P 151 80 65 60 65 0 3 0
A 65 65 10 0 3 3 #=3
L 25 60 10 0 3 0 1 0 GND_3
A 100 65 10 0 3 0 PINTYPE=BI
P 192 80 50 60 50 0 3 0
A 65 50 10 0 3 3 #=4
L 25 45 10 0 3 0 1 0 GND_4
A 100 50 10 0 3 0 PINTYPE=BI
P 193 80 35 60 35 0 3 0
A 65 35 10 0 3 3 #=5
L 25 30 10 0 3 0 1 0 GND_5
A 100 35 10 0 3 0 PINTYPE=BI
P 194 80 20 60 20 0 3 0
A 65 20 10 0 3 3 #=6
L 25 15 10 0 3 0 1 0 GND_6
A 100 20 10 0 3 0 PINTYPE=BI
E
