V 53
K 1449004441 trs3253eirsmr.1
F Case
|R 14:14:1_12-1-15
D 0 580 160 0
Y 1
Z 10
i 505
U 0 -20 10 0 3 0 MANF_P/N=MANF_P/N
U 20 225 10 0 3 0 VALUE=VALUE
U 100 5 10 0 3 3 PKG_TYPE=PKG_TYPE
U 25 0 16 0 3 3 REFDES=U?
U 25 565 10 0 3 3 DEVICE=DEVICE
U 0 0 10 0 1 0 FORWARD_PCB=1
c 65 65 5
l 2 95 50 95 80 
l 2 70 65 95 80 
l 2 95 50 70 65 
c 65 100 5
l 2 95 85 95 115 
l 2 70 100 95 115 
l 2 95 85 70 100 
c 65 135 5
l 2 95 120 95 150 
l 2 70 135 95 150 
l 2 95 120 70 135 
c 65 170 5
l 2 95 155 95 185 
l 2 70 170 95 185 
l 2 95 155 70 170 
c 65 205 5
l 2 99 275 100 275 
Q 3 0 0
|GRPHSTL 33412 0 0 1
l 2 90 275 65 290 
l 2 99 310 100 310 
Q 3 0 0
|GRPHSTL 33412 0 0 1
c 95 310 5
l 2 90 310 65 325 
l 2 65 295 90 310 
l 2 65 295 65 325 
l 2 99 345 100 345 
Q 3 0 0
|GRPHSTL 33412 0 0 1
T 75 345 10 0 5 T1
c 95 345 5
l 2 90 345 65 360 
l 2 65 330 90 345 
l 2 65 330 65 360 
l 2 65 260 65 290 
l 2 65 260 90 275 
c 95 275 5
T 75 310 10 0 5 T2
T 75 275 10 0 5 T3
l 2 95 190 95 220 
l 2 70 205 95 220 
l 2 95 190 70 205 
b 20 20 140 560
P 40 0 540 20 540 0 2 0
L 25 535 10 0 3 0 1 0 VCC
A -40 540 10 0 3 0 PINTYPE=POWER
A 15 540 10 0 9 3 #=27
P 41 160 450 140 450 0 3 0
L 135 445 10 0 9 0 1 0 C2_P
A 145 450 10 0 3 3 #=1
A 160 450 10 0 9 0 PINTYPE=POWER
P 50 160 40 140 40 0 3 0
L 135 35 10 0 9 0 1 0 GND
A 170 40 10 0 9 0 PINTYPE=POWER
A 145 40 10 0 3 3 #=26
P 52 0 450 20 450 0 2 0
L 25 445 10 0 3 0 1 0 C1_P
A -20 450 10 0 3 0 PINTYPE=POWER
A 15 450 10 0 9 3 #=29
P 54 0 400 20 400 0 2 0
L 25 395 10 0 3 0 1 0 C1_N
A -20 400 10 0 3 0 PINTYPE=POWER
A 15 400 10 0 9 3 #=31
P 56 160 400 140 400 0 3 0
L 135 395 10 0 9 0 1 0 C2_N
A 145 400 10 0 3 3 #=2
A 160 400 10 0 9 0 PINTYPE=POWER
P 59 160 530 140 530 0 3 0
L 135 525 10 0 9 0 1 0 INVALID_B
A 145 530 10 0 3 3 #=6
A 160 530 10 0 9 0 PINTYPE=OUT
P 60 160 540 140 540 0 3 0
L 135 535 10 0 9 0 1 0 FORCEOFF_B
A 145 540 10 0 3 3 #=28
A 160 540 10 0 9 0 PINTYPE=IN
P 61 160 520 140 520 0 3 0
L 135 515 10 0 9 0 1 0 FORCEON
A 145 520 10 0 3 3 #=9
A 160 520 10 0 9 0 PINTYPE=IN
P 65 160 205 95 205 0 3 0
L 135 205 10 0 9 0 1 0 RIN1
A 125 205 10 0 9 0 PINTYPE=IN
A 145 205 10 0 3 3 #=21
P 66 0 205 61 205 0 2 0
L 25 205 10 0 3 0 1 0 ROUT1
A 41 205 10 0 3 0 PINTYPE=OUT
A 16 205 10 0 9 3 #=14
P 67 0 345 65 345 0 2 0
L 25 345 10 0 3 0 1 0 DIN1
A 45 345 10 0 3 0 PINTYPE=IN
A 15 345 10 0 9 3 #=4
P 68 160 345 100 345 0 3 0
L 135 345 10 0 9 0 1 0 DOUT1
A 130 345 10 0 9 0 PINTYPE=OUT
A 145 345 10 0 3 3 #=25
P 70 0 310 65 310 0 2 0
L 25 310 10 0 3 0 1 0 DIN2
A 45 310 10 0 3 0 PINTYPE=IN
A 15 310 10 0 9 3 #=5
P 71 160 310 100 310 0 3 0
L 135 310 10 0 9 0 1 0 DOUT2
A 130 310 10 0 9 0 PINTYPE=OUT
A 145 310 10 0 3 3 #=23
P 72 0 275 65 275 0 2 0
L 25 275 10 0 3 0 1 0 DIN3
A 45 275 10 0 3 0 PINTYPE=IN
A 15 275 10 0 9 3 #=7
P 73 160 275 100 275 0 3 0
L 135 275 10 0 9 0 1 0 DOUT3
A 130 275 10 0 9 0 PINTYPE=OUT
A 145 275 10 0 3 3 #=22
P 74 0 170 61 170 0 2 0
L 25 170 10 0 3 0 1 0 ROUT2
A 41 170 10 0 3 0 PINTYPE=OUT
A 16 170 10 0 9 3 #=13
P 75 160 170 95 170 0 3 0
L 135 170 10 0 9 0 1 0 RIN2
A 125 170 10 0 9 0 PINTYPE=IN
A 145 170 10 0 3 3 #=20
P 76 0 135 61 135 0 2 0
L 25 135 10 0 3 0 1 0 ROUT3
A 41 135 10 0 3 0 PINTYPE=OUT
A 16 135 10 0 9 3 #=12
P 77 160 135 95 135 0 3 0
L 135 135 10 0 9 0 1 0 RIN3
A 125 135 10 0 9 0 PINTYPE=IN
A 145 135 10 0 3 3 #=19
P 78 0 520 20 520 0 2 0
L 25 515 10 0 3 0 1 0 VL
A 5 520 10 0 3 3 #=15
A 0 520 10 0 1 0 PINTYPE=POWER
P 79 0 100 61 100 0 2 0
L 25 100 10 0 3 0 1 0 ROUT4
A 41 100 10 0 3 0 PINTYPE=OUT
A 16 100 10 0 9 3 #=11
P 80 160 100 95 100 0 3 0
L 135 100 10 0 9 0 1 0 RIN4
A 125 100 10 0 9 0 PINTYPE=IN
A 145 100 10 0 3 3 #=18
P 81 0 65 61 65 0 2 0
L 25 65 10 0 3 0 1 0 ROUT5
A 41 65 10 0 3 0 PINTYPE=OUT
A 16 65 10 0 9 3 #=10
P 82 160 65 95 65 0 3 0
L 135 65 10 0 9 0 1 0 RIN5
A 125 65 10 0 9 0 PINTYPE=IN
A 145 65 10 0 3 3 #=17
P 83 160 380 140 380 0 3 0
L 135 375 10 0 9 0 1 0 V_N
A 145 380 10 0 3 3 #=3
A 160 380 10 0 9 0 PINTYPE=POWER
P 84 0 380 20 380 0 2 0
L 25 375 10 0 3 0 1 0 V_P
A -20 380 10 0 3 0 PINTYPE=POWER
A 15 380 10 0 9 3 #=30
P 215 0 490 20 490 0 2 0
L 21 490 10 0 2 0 1 0 NC1
A 10 490 10 0 3 3 #=8
A 0 490 10 0 1 0 PINTYPE=IN
P 218 160 490 140 490 0 3 0
L 135 490 10 0 8 0 1 0 NC3
A 155 490 10 0 9 3 #=24
A 160 490 10 0 1 0 PINTYPE=IN
P 221 160 480 140 480 0 3 0
L 135 480 10 0 8 0 1 0 NC4
A 155 480 10 0 9 3 #=32
A 160 480 10 0 1 0 PINTYPE=IN
P 360 0 480 20 480 0 2 0
L 21 480 10 0 2 0 1 0 NC2
A 5 480 10 0 3 3 #=16
A 0 480 10 0 1 0 PINTYPE=IN
P 504 0 40 20 40 0 2 0
L 25 35 10 0 3 0 1 0 PWR_PAD
A -20 40 10 0 3 0 PINTYPE=POWER
A 15 40 10 0 9 3 #=33
E 
