V 51
K 218868230400 sn74lvc1g126
|R 17:05_5-4-10
Y 1
D 0 0 150 60
Z 10
i 35
U -20 -20 10 0 3 0 LEVEL=STD
U -20 -40 10 0 3 0 PARTS=1
P 35 0 10 30 10 0 2 0
A 0 10 10 0 3 0 PINTYPE=BI
A 20 10 10 0 3 3 #=3
L 35 5 10 0 3 1 1 0 IN_P
P 34 0 30 30 30 0 2 0
A 0 30 10 0 3 0 PINTYPE=BI
A 20 30 10 0 3 3 #=2
L 35 25 10 0 3 1 1 0 VCC_N
P 33 0 50 30 50 0 2 0
A 0 50 10 0 3 0 PINTYPE=BI
A 20 50 10 0 3 3 #=1
L 35 45 10 0 3 0 1 0 OUT
P 22 150 10 120 10 0 3 0
A 130 10 10 0 9 3 #=4
A 190 11 10 0 3 0 PINTYPE=BI
L 120 5 10 0 9 0 1 0 IN_N
P 20 150 50 120 50 0 3 0
A 130 50 10 0 9 3 #=5
A 190 51 10 0 3 0 PINTYPE=BI
L 120 45 10 0 9 0 1 0 VCC_P
l 2 57 50 79 50
l 2 79 50 79 38
l 2 83 11 97 11
l 2 83 11 83 28
l 2 87 28 79 38
l 2 71 28 79 38
l 2 87 28 71 28
l 2 75 11 75 28
l 2 61 11 75 11
T 74 27 6 0 3 +
T 81 27 6 0 3 -
b 30 0 120 60
U 65 60 10 0 3 3 DEVICE=TS321IDVBR
U 75 -10 10 0 3 3 PKG_TYPE=SOT-23-5
U 22 -17 16 0 3 3 REFDES=U?
E
