V 53
K 1445282156 txb0104.1
F Case
|R 12:15:56_10-19-15
D -30 100 100 0
Y 1
Z 10
i 42
U 0 -40 10 0 3 0 DIST_P/N=296-20696-1-ND
U 0 -30 10 0 3 0 DIST=DIGIKEY
U -10 90 9 0 3 3 DEVICE=DEVICE
U 0 0 9 0 3 0 PARTS=1
U 45 0 9 0 3 3 PKG_TYPE=PKG_TYPE
U 0 -60 10 0 3 0 VALUE=VALUE
U 60 90 14 0 3 3 REFDES=U?
U -10 0 10 0 3 0 MANF_P/N=MANF_P/N
U -30 0 10 0 1 0 FORWARD_PCB=1
b -10 10 80 90
l 2 36 79 33 82 
Q 15 0 0
|GRPHSTL 16777215 0 0 1
l 2 33 82 36 85 
Q 15 0 0
|GRPHSTL 16777215 0 0 1
l 2 33 78 36 78 
Q 15 0 0
|GRPHSTL 16777215 0 0 1
P 11 -30 80 -10 80 0 2 0
L -5 80 9 0 2 0 1 0 VCCA
A -10 80 9 0 9 3 #=1
A -10 -30 9 0 3 0 PINTYPE=POWER
P 12 -30 70 -10 70 0 2 0
L -5 70 9 0 2 0 1 0 A1
A -10 70 9 0 9 3 #=2
A -10 -30 9 0 3 0 PINTYPE=BI
P 16 -30 20 -10 20 0 2 0
L -5 20 9 0 2 0 1 0 GND
A -10 20 9 0 9 3 #=7
A -10 0 9 0 3 0 PINTYPE=IN
P 21 -30 60 -10 60 0 2 0
L -5 60 9 0 2 0 1 0 A2
A -10 60 9 0 9 3 #=3
A -10 -40 9 0 3 0 PINTYPE=BI
P 22 -30 40 -10 40 0 2 0
L -5 40 9 0 2 0 1 0 A4
A -10 40 9 0 9 3 #=5
A -10 -60 9 0 3 0 PINTYPE=BI
P 23 -30 50 -10 50 0 2 0
L -5 50 9 0 2 0 1 0 A3
A -10 50 9 0 9 3 #=4
A -10 -50 9 0 3 0 PINTYPE=BI
P 24 -30 30 -10 30 0 2 0
L -5 30 9 0 2 0 1 0 NC1
A -10 30 9 0 9 3 #=6
A -10 10 9 0 3 0 PINTYPE=IN
P 35 100 30 80 30 0 3 0
L 75 30 9 0 8 0 1 0 NC2
A 80 30 9 0 3 3 #=9
A -20 0 9 0 3 0 PINTYPE=IN
P 36 100 20 80 20 0 3 0
L 75 20 9 0 8 0 1 0 OE
A 80 20 9 0 3 3 #=8
A -20 0 9 0 3 0 PINTYPE=IN
P 37 100 80 80 80 0 3 0
L 75 80 9 0 8 0 1 0 VCCB
A 80 80 9 0 3 3 #=14
A -20 -30 9 0 3 0 PINTYPE=POWER
P 38 100 70 80 70 0 3 0
L 75 70 9 0 8 0 1 0 B1
A 80 70 9 0 3 3 #=13
A -20 -30 9 0 3 0 PINTYPE=BI
P 39 100 60 80 60 0 3 0
L 75 60 9 0 8 0 1 0 B2
A 80 60 9 0 3 3 #=12
A -20 -40 9 0 3 0 PINTYPE=BI
P 40 100 50 80 50 0 3 0
L 75 50 9 0 8 0 1 0 B3
A 80 50 9 0 3 3 #=11
A -20 -50 9 0 3 0 PINTYPE=BI
P 41 100 40 80 40 0 3 0
L 75 40 9 0 8 0 1 0 B4
A 80 40 9 0 3 3 #=10
A -20 -60 9 0 3 0 PINTYPE=BI
E 
