V 53
K 1407361661 txbn0304.1
F Case
|R 14:47:41_8-6-14
D -30 130 100 0
Y 1
Z 10
i 56
U 0 -20 10 0 3 0 PARTS=1
U 0 -10 10 0 3 0 LEVEL=STD
U 0 -60 10 0 3 0 VALUE=TXBN0304
U -10 0 10 0 3 0 MANF_P/N=TXBN0304RUTR
U 50 10 10 0 3 3 PKG_TYPE=TBD
U -3 0 16 0 3 3 REFDES=U?
U 0 -30 10 0 3 0 DIST=DIGIKEY
U 0 -40 10 0 3 0 DIST_P/N=296-29682-1-ND
U -5 110 10 0 3 3 DEVICE=TXBN0304
U -30 0 10 0 1 0 FORWARD_PCB=1
b -10 20 80 110
P 11 -30 95 -10 95 0 2 0
L -5 95 9 0 2 0 1 0 VCCA
A -15 95 9 0 9 3 #=1
A -10 -15 9 0 3 0 PINTYPE=IN
P 12 -30 75 -10 75 0 2 0
L -5 75 9 0 2 0 1 0 A1
A -15 75 9 0 9 3 #=2
A -10 -25 9 0 3 0 PINTYPE=BI
P 16 -30 85 -10 85 0 2 0
L -5 85 9 0 2 0 1 0 OE_B
A -15 85 9 0 9 3 #=12
A -10 65 9 0 3 0 PINTYPE=IN
P 21 -30 65 -10 65 0 2 0
L -5 65 9 0 2 0 1 0 A2
A -15 65 9 0 9 3 #=3
A -10 -35 9 0 3 0 PINTYPE=BI
P 47 -30 55 -10 55 0 2 0
L -5 55 9 0 2 0 1 0 A3
A -15 55 9 0 9 3 #=4
A -10 -45 9 0 3 0 PINTYPE=BI
P 48 -30 45 -10 45 0 2 0
L -5 45 9 0 2 0 1 0 A4
A -15 45 9 0 9 3 #=5
A -10 -55 9 0 3 0 PINTYPE=BI
P 49 100 95 80 95 0 3 0
L 55 90 10 0 3 0 1 0 VCCB
A 100 95 10 0 9 0 PINTYPE=IN
A 95 95 10 0 9 3 #=11
P 50 100 75 80 75 0 3 0
L 65 70 10 0 3 0 1 0 B1
A 100 75 10 0 9 0 PINTYPE=BI
A 95 75 10 0 9 3 #=10
P 51 100 65 80 65 0 3 0
L 65 60 10 0 3 0 1 0 B2
A 100 65 10 0 9 0 PINTYPE=BI
A 90 65 10 0 9 3 #=9
P 52 100 55 80 55 0 3 0
L 65 50 10 0 3 0 1 0 B3
A 100 55 10 0 9 0 PINTYPE=BI
A 90 55 10 0 9 3 #=8
P 53 100 45 80 45 0 3 0
L 65 40 10 0 3 0 1 0 B4
A 100 45 10 0 9 0 PINTYPE=BI
A 90 45 10 0 9 3 #=7
P 54 100 35 80 35 0 3 0
L 60 30 10 0 3 0 1 0 GND
A 100 35 10 0 9 0 PINTYPE=BI
A 90 35 10 0 9 3 #=6
E 
