V 51
K 265801972900 tyco_2187194_recept_gnd2
|R 16:16_4-14-14
Y 1
D 0 0 170 590
Z 10
i 230
P 74 0 560 30 560 0 2 0
L 35 560 10 4 8 0 1 0 GND109
A 25 560 10 4 3 3 #=RF2
A 30 570 10 4 2 0 PINTYPE=IN
P 71 0 550 30 550 0 2 0
L 35 550 10 4 8 0 1 0 GND110
A 25 550 10 4 3 3 #=RF3
A 30 560 10 4 2 0 PINTYPE=IN
P 72 0 540 30 540 0 2 0
L 35 540 10 4 8 0 1 0 GND111
A 25 540 10 4 3 3 #=RF4
A 30 550 10 4 2 0 PINTYPE=IN
P 73 0 530 30 530 0 2 0
L 35 530 10 4 8 0 1 0 GND112
A 25 530 10 4 3 3 #=RF5
A 30 540 10 4 2 0 PINTYPE=IN
P 70 0 520 30 520 0 2 0
L 35 520 10 4 8 0 1 0 GND113
A 25 520 10 4 3 3 #=RF6
A 30 530 10 4 2 0 PINTYPE=IN
P 79 0 510 30 510 0 2 0
L 35 510 10 4 8 0 1 0 GND114
A 25 510 10 4 3 3 #=RF7
A 30 520 10 4 2 0 PINTYPE=IN
P 76 0 500 30 500 0 2 0
L 35 500 10 4 8 0 1 0 GND115
A 25 500 10 4 3 3 #=RF8
A 30 510 10 4 2 0 PINTYPE=IN
P 77 0 490 30 490 0 2 0
L 35 490 10 4 8 0 1 0 GND116
A 25 490 10 4 3 3 #=RF9
A 30 500 10 4 2 0 PINTYPE=IN
P 78 0 480 30 480 0 2 0
L 35 480 10 4 8 0 1 0 GND117
A 25 480 10 4 3 3 #=RF10
A 30 490 10 4 2 0 PINTYPE=IN
P 75 0 470 30 470 0 2 0
L 35 470 10 4 8 0 1 0 GND118
A 25 470 10 4 3 3 #=RF11
A 30 480 10 4 2 0 PINTYPE=IN
P 99 0 460 30 460 0 2 0
L 35 460 10 4 8 0 1 0 GND119
A 25 460 10 4 3 3 #=RF12
A 30 470 10 4 2 0 PINTYPE=IN
P 96 0 450 30 450 0 2 0
L 35 450 10 4 8 0 1 0 GND120
A 25 450 10 4 3 3 #=RF13
A 30 460 10 4 2 0 PINTYPE=IN
P 97 0 440 30 440 0 2 0
L 35 440 10 4 8 0 1 0 GND121
A 25 440 10 4 3 3 #=RF14
A 30 450 10 4 2 0 PINTYPE=IN
P 98 0 430 30 430 0 2 0
L 35 430 10 4 8 0 1 0 GND122
A 25 430 10 4 3 3 #=RF15
A 30 440 10 4 2 0 PINTYPE=IN
P 95 0 420 30 420 0 2 0
L 35 420 10 4 8 0 1 0 GND123
A 25 420 10 4 3 3 #=RF16
A 30 430 10 4 2 0 PINTYPE=IN
P 89 0 410 30 410 0 2 0
L 35 410 10 4 8 0 1 0 GND124
A 25 410 10 4 3 3 #=RF17
A 30 420 10 4 2 0 PINTYPE=IN
P 86 0 400 30 400 0 2 0
L 35 400 10 4 8 0 1 0 GND125
A 25 400 10 4 3 3 #=RF18
A 30 410 10 4 2 0 PINTYPE=IN
P 87 0 390 30 390 0 2 0
L 35 390 10 4 8 0 1 0 GND126
A 25 390 10 4 3 3 #=RF19
A 30 400 10 4 2 0 PINTYPE=IN
P 88 0 380 30 380 0 2 0
L 35 380 10 4 8 0 1 0 GND127
A 25 380 10 4 3 3 #=F1
A 30 390 10 4 2 0 PINTYPE=IN
P 85 0 370 30 370 0 2 0
L 35 370 10 4 8 0 1 0 GND128
A 25 370 10 4 3 3 #=F4
A 30 380 10 4 2 0 PINTYPE=IN
P 139 0 360 30 360 0 2 0
L 35 360 10 4 8 0 1 0 GND129
A 25 360 10 4 3 3 #=F7
A 30 370 10 4 2 0 PINTYPE=IN
P 136 0 350 30 350 0 2 0
L 35 350 10 4 8 0 1 0 GND130
A 25 350 10 4 3 3 #=F10
A 30 360 10 4 2 0 PINTYPE=IN
P 137 0 340 30 340 0 2 0
L 35 340 10 4 8 0 1 0 GND131
A 25 340 10 4 3 3 #=F13
A 30 350 10 4 2 0 PINTYPE=IN
P 138 0 330 30 330 0 2 0
L 35 330 10 4 8 0 1 0 GND132
A 25 330 10 4 3 3 #=F16
A 30 340 10 4 2 0 PINTYPE=IN
P 135 0 320 30 320 0 2 0
L 35 320 10 4 8 0 1 0 GND133
A 25 320 10 4 3 3 #=RG2
A 30 330 10 4 2 0 PINTYPE=IN
P 129 0 310 30 310 0 2 0
L 35 310 10 4 8 0 1 0 GND134
A 25 310 10 4 3 3 #=RG3
A 30 320 10 4 2 0 PINTYPE=IN
P 126 0 300 30 300 0 2 0
L 35 300 10 4 8 0 1 0 GND135
A 25 300 10 4 3 3 #=RG4
A 30 310 10 4 2 0 PINTYPE=IN
P 127 0 290 30 290 0 2 0
L 35 290 10 4 8 0 1 0 GND136
A 25 290 10 4 3 3 #=RG5
A 30 300 10 4 2 0 PINTYPE=IN
P 128 0 280 30 280 0 2 0
L 35 280 10 4 8 0 1 0 GND137
A 25 280 10 4 3 3 #=RG6
A 30 290 10 4 2 0 PINTYPE=IN
P 176 0 270 30 270 0 2 0
L 35 270 10 4 8 0 1 0 GND138
A 25 270 10 4 3 3 #=RG7
A 30 280 10 4 2 0 PINTYPE=IN
P 115 0 260 30 260 0 2 0
L 35 260 10 4 8 0 1 0 GND139
A 25 260 10 4 3 3 #=RG8
A 30 270 10 4 2 0 PINTYPE=IN
P 109 0 250 30 250 0 2 0
L 35 250 10 4 8 0 1 0 GND140
A 25 250 10 4 3 3 #=RG9
A 30 260 10 4 2 0 PINTYPE=IN
P 106 0 240 30 240 0 2 0
L 35 240 10 4 8 0 1 0 GND141
A 25 240 10 4 3 3 #=RG10
A 30 250 10 4 2 0 PINTYPE=IN
P 107 0 230 30 230 0 2 0
L 35 230 10 4 8 0 1 0 GND142
A 25 230 10 4 3 3 #=RG11
A 30 240 10 4 2 0 PINTYPE=IN
P 108 0 220 30 220 0 2 0
L 35 220 10 4 8 0 1 0 GND143
A 25 220 10 4 3 3 #=RG12
A 30 230 10 4 2 0 PINTYPE=IN
P 105 0 210 30 210 0 2 0
L 35 210 10 4 8 0 1 0 GND144
A 25 210 10 4 3 3 #=RG13
A 30 220 10 4 2 0 PINTYPE=IN
P 145 0 200 30 200 0 2 0
L 35 200 10 4 8 0 1 0 GND145
A 25 200 10 4 3 3 #=RG14
A 30 210 10 4 2 0 PINTYPE=IN
P 150 0 190 30 190 0 2 0
L 35 190 10 4 8 0 1 0 GND146
A 25 190 10 4 3 3 #=RG15
A 30 200 10 4 2 0 PINTYPE=IN
P 151 0 180 30 180 0 2 0
L 35 180 10 4 8 0 1 0 GND147
A 25 180 10 4 3 3 #=RG16
A 30 190 10 4 2 0 PINTYPE=IN
P 152 0 170 30 170 0 2 0
L 35 170 10 4 8 0 1 0 GND148
A 25 170 10 4 3 3 #=RG17
A 30 180 10 4 2 0 PINTYPE=IN
P 153 0 160 30 160 0 2 0
L 35 160 10 4 8 0 1 0 GND149
A 25 160 10 4 3 3 #=RG18
A 30 170 10 4 2 0 PINTYPE=IN
P 154 0 150 30 150 0 2 0
L 35 150 10 4 8 0 1 0 GND150
A 25 150 10 4 3 3 #=RG19
A 30 160 10 4 2 0 PINTYPE=IN
P 155 0 140 30 140 0 2 0
L 35 140 10 4 8 0 1 0 GND151
A 25 140 10 4 3 3 #=G1
A 30 150 10 4 2 0 PINTYPE=IN
P 157 0 130 30 130 0 2 0
L 35 130 10 4 8 0 1 0 GND152
A 25 130 10 4 3 3 #=G4
A 30 140 10 4 2 0 PINTYPE=IN
P 158 0 120 30 120 0 2 0
L 35 120 10 4 8 0 1 0 GND153
A 25 120 10 4 3 3 #=G7
A 30 130 10 4 2 0 PINTYPE=IN
P 159 0 110 30 110 0 2 0
L 35 110 10 4 8 0 1 0 GND154
A 25 110 10 4 3 3 #=G10
A 30 120 10 4 2 0 PINTYPE=IN
P 160 0 100 30 100 0 2 0
L 35 100 10 4 8 0 1 0 GND155
A 25 100 10 4 3 3 #=G13
A 30 110 10 4 2 0 PINTYPE=IN
P 161 0 90 30 90 0 2 0
L 35 90 10 4 8 0 1 0 GND156
A 25 90 10 4 3 3 #=G16
A 30 100 10 4 2 0 PINTYPE=IN
P 162 0 80 30 80 0 2 0
L 35 80 10 4 8 0 1 0 GND157
A 25 80 10 4 3 3 #=RH2
A 30 90 10 4 2 0 PINTYPE=IN
P 103 0 70 30 70 0 2 0
L 35 70 10 4 8 0 1 0 GND158
A 25 70 10 4 3 3 #=RH3
A 30 80 10 4 2 0 PINTYPE=IN
P 118 0 60 30 60 0 2 0
L 35 60 10 4 8 0 1 0 GND159
A 25 60 10 4 3 3 #=RH4
A 30 70 10 4 2 0 PINTYPE=IN
P 100 0 50 30 50 0 2 0
L 35 50 10 4 8 0 1 0 GND160
A 25 50 10 4 3 3 #=RH5
A 30 60 10 4 2 0 PINTYPE=IN
P 94 0 40 30 40 0 2 0
L 35 40 10 4 8 0 1 0 GND161
A 25 40 10 4 3 3 #=RH6
A 30 50 10 4 2 0 PINTYPE=IN
P 156 0 30 30 30 0 2 0
L 35 30 10 4 8 0 1 0 GND162
A 25 30 10 4 3 3 #=RH7
A 30 40 10 4 2 0 PINTYPE=IN
P 91 170 560 140 560 0 3 0
L 135 560 10 0 8 0 1 0 GND163
A 145 560 10 0 3 3 #=RH8
A 140 570 10 0 2 0 PINTYPE=IN
P 92 170 550 140 550 0 3 0
L 135 550 10 0 8 0 1 0 GND164
A 145 550 10 0 3 3 #=RH9
A 140 560 10 0 2 0 PINTYPE=IN
P 125 170 540 140 540 0 3 0
L 135 540 10 0 8 0 1 0 GND165
A 145 540 10 0 3 3 #=RH10
A 140 550 10 0 2 0 PINTYPE=IN
P 119 170 530 140 530 0 3 0
L 135 530 10 0 8 0 1 0 GND166
A 145 530 10 0 3 3 #=RH11
A 140 540 10 0 2 0 PINTYPE=IN
P 116 170 520 140 520 0 3 0
L 135 520 10 0 8 0 1 0 GND167
A 145 520 10 0 3 3 #=RH12
A 140 530 10 0 2 0 PINTYPE=IN
P 117 170 510 140 510 0 3 0
L 135 510 10 0 8 0 1 0 GND168
A 145 510 10 0 3 3 #=RH13
A 140 520 10 0 2 0 PINTYPE=IN
P 181 170 500 140 500 0 3 0
L 135 500 10 0 8 0 1 0 GND169
A 145 500 10 0 3 3 #=RH14
A 140 510 10 0 2 0 PINTYPE=IN
P 177 170 490 140 490 0 3 0
L 135 490 10 0 8 0 1 0 GND170
A 145 490 10 0 3 3 #=RH15
A 140 500 10 0 2 0 PINTYPE=IN
P 178 170 480 140 480 0 3 0
L 135 480 10 0 8 0 1 0 GND171
A 145 480 10 0 3 3 #=RH16
A 140 490 10 0 2 0 PINTYPE=IN
P 179 170 470 140 470 0 3 0
L 135 470 10 0 8 0 1 0 GND172
A 145 470 10 0 3 3 #=RH17
A 140 480 10 0 2 0 PINTYPE=IN
P 180 170 460 140 460 0 3 0
L 135 460 10 0 8 0 1 0 GND173
A 145 460 10 0 3 3 #=RH18
A 140 470 10 0 2 0 PINTYPE=IN
P 186 170 450 140 450 0 3 0
L 135 450 10 0 8 0 1 0 GND174
A 145 450 10 0 3 3 #=RH19
A 140 460 10 0 2 0 PINTYPE=IN
P 182 170 440 140 440 0 3 0
L 135 440 10 0 8 0 1 0 GND175
A 145 440 10 0 3 3 #=H1
A 140 450 10 0 2 0 PINTYPE=IN
P 183 170 430 140 430 0 3 0
L 135 430 10 0 8 0 1 0 GND176
A 145 430 10 0 3 3 #=H4
A 140 440 10 0 2 0 PINTYPE=IN
P 184 170 420 140 420 0 3 0
L 135 420 10 0 8 0 1 0 GND177
A 145 420 10 0 3 3 #=H7
A 140 430 10 0 2 0 PINTYPE=IN
P 185 170 410 140 410 0 3 0
L 135 410 10 0 8 0 1 0 GND178
A 145 410 10 0 3 3 #=H10
A 140 420 10 0 2 0 PINTYPE=IN
P 196 170 400 140 400 0 3 0
L 135 400 10 0 8 0 1 0 GND179
A 145 400 10 0 3 3 #=H13
A 140 410 10 0 2 0 PINTYPE=IN
P 192 170 390 140 390 0 3 0
L 135 390 10 0 8 0 1 0 GND180
A 145 390 10 0 3 3 #=H16
A 140 400 10 0 2 0 PINTYPE=IN
P 193 170 380 140 380 0 3 0
L 135 380 10 0 8 0 1 0 GND181
A 145 380 10 0 3 3 #=RJ2
A 140 390 10 0 2 0 PINTYPE=IN
P 194 170 370 140 370 0 3 0
L 135 370 10 0 8 0 1 0 GND182
A 145 370 10 0 3 3 #=RJ3
A 140 380 10 0 2 0 PINTYPE=IN
P 195 170 360 140 360 0 3 0
L 135 360 10 0 8 0 1 0 GND183
A 145 360 10 0 3 3 #=RJ4
A 140 370 10 0 2 0 PINTYPE=IN
P 191 170 350 140 350 0 3 0
L 135 350 10 0 8 0 1 0 GND184
A 145 350 10 0 3 3 #=RJ5
A 140 360 10 0 2 0 PINTYPE=IN
P 187 170 340 140 340 0 3 0
L 135 340 10 0 8 0 1 0 GND185
A 145 340 10 0 3 3 #=RJ6
A 140 350 10 0 2 0 PINTYPE=IN
P 188 170 330 140 330 0 3 0
L 135 330 10 0 8 0 1 0 GND186
A 145 330 10 0 3 3 #=RJ7
A 140 340 10 0 2 0 PINTYPE=IN
P 189 170 320 140 320 0 3 0
L 135 320 10 0 8 0 1 0 GND187
A 145 320 10 0 3 3 #=RJ8
A 140 330 10 0 2 0 PINTYPE=IN
P 190 170 310 140 310 0 3 0
L 135 310 10 0 8 0 1 0 GND188
A 145 310 10 0 3 3 #=RJ9
A 140 320 10 0 2 0 PINTYPE=IN
P 216 170 300 140 300 0 3 0
L 135 300 10 0 8 0 1 0 GND189
A 145 300 10 0 3 3 #=RJ10
A 140 310 10 0 2 0 PINTYPE=IN
P 212 170 290 140 290 0 3 0
L 135 290 10 0 8 0 1 0 GND190
A 145 290 10 0 3 3 #=RJ11
A 140 300 10 0 2 0 PINTYPE=IN
P 213 170 280 140 280 0 3 0
L 135 280 10 0 8 0 1 0 GND191
A 145 280 10 0 3 3 #=RJ12
A 140 290 10 0 2 0 PINTYPE=IN
P 214 170 270 140 270 0 3 0
L 135 270 10 0 8 0 1 0 GND192
A 145 270 10 0 3 3 #=RJ13
A 140 280 10 0 2 0 PINTYPE=IN
P 215 170 260 140 260 0 3 0
L 135 260 10 0 8 0 1 0 GND193
A 145 260 10 0 3 3 #=RJ14
A 140 270 10 0 2 0 PINTYPE=IN
P 211 170 250 140 250 0 3 0
L 135 250 10 0 8 0 1 0 GND194
A 145 250 10 0 3 3 #=RJ15
A 140 260 10 0 2 0 PINTYPE=IN
P 207 170 240 140 240 0 3 0
L 135 240 10 0 8 0 1 0 GND195
A 145 240 10 0 3 3 #=RJ16
A 140 250 10 0 2 0 PINTYPE=IN
P 208 170 230 140 230 0 3 0
L 135 230 10 0 8 0 1 0 GND196
A 145 230 10 0 3 3 #=RJ17
A 140 240 10 0 2 0 PINTYPE=IN
P 209 170 220 140 220 0 3 0
L 135 220 10 0 8 0 1 0 GND197
A 145 220 10 0 3 3 #=RJ18
A 140 230 10 0 2 0 PINTYPE=IN
P 210 170 210 140 210 0 3 0
L 135 210 10 0 8 0 1 0 GND198
A 145 210 10 0 3 3 #=RJ19
A 140 220 10 0 2 0 PINTYPE=IN
P 206 170 200 140 200 0 3 0
L 135 200 10 0 8 0 1 0 GND199
A 145 200 10 0 3 3 #=J1
A 140 210 10 0 2 0 PINTYPE=IN
P 202 170 190 140 190 0 3 0
L 135 190 10 0 8 0 1 0 GND200
A 145 190 10 0 3 3 #=J4
A 140 200 10 0 2 0 PINTYPE=IN
P 203 170 180 140 180 0 3 0
L 135 180 10 0 8 0 1 0 GND201
A 145 180 10 0 3 3 #=J7
A 140 190 10 0 2 0 PINTYPE=IN
P 204 170 170 140 170 0 3 0
L 135 170 10 0 8 0 1 0 GND202
A 145 170 10 0 3 3 #=J10
A 140 180 10 0 2 0 PINTYPE=IN
P 205 170 160 140 160 0 3 0
L 135 160 10 0 8 0 1 0 GND203
A 145 160 10 0 3 3 #=J13
A 140 170 10 0 2 0 PINTYPE=IN
P 201 170 150 140 150 0 3 0
L 135 150 10 0 8 0 1 0 GND204
A 145 150 10 0 3 3 #=J16
A 140 160 10 0 2 0 PINTYPE=IN
P 197 170 140 140 140 0 3 0
L 135 140 10 0 8 0 1 0 GND205
A 145 140 10 0 3 3 #=RK2
A 140 150 10 0 2 0 PINTYPE=IN
P 198 170 130 140 130 0 3 0
L 135 130 10 0 8 0 1 0 GND206
A 145 130 10 0 3 3 #=RK3
A 140 140 10 0 2 0 PINTYPE=IN
P 199 170 120 140 120 0 3 0
L 135 120 10 0 8 0 1 0 GND207
A 145 120 10 0 3 3 #=RK5
A 140 130 10 0 2 0 PINTYPE=IN
P 200 170 110 140 110 0 3 0
L 135 110 10 0 8 0 1 0 GND208
A 145 110 10 0 3 3 #=RK6
A 140 120 10 0 2 0 PINTYPE=IN
P 224 170 100 140 100 0 3 0
L 135 100 10 0 8 0 1 0 GND209
A 145 100 10 0 3 3 #=RK8
A 140 110 10 0 2 0 PINTYPE=IN
P 220 170 90 140 90 0 3 0
L 135 90 10 0 8 0 1 0 GND210
A 145 90 10 0 3 3 #=RK9
A 140 100 10 0 2 0 PINTYPE=IN
P 226 170 80 140 80 0 3 0
L 135 80 10 0 8 0 1 0 GND211
A 145 80 10 0 3 3 #=RK11
A 140 90 10 0 2 0 PINTYPE=IN
P 229 170 70 140 70 0 3 0
L 135 70 10 0 8 0 1 0 GND212
A 145 70 10 0 3 3 #=RK12
A 140 80 10 0 2 0 PINTYPE=IN
P 228 170 60 140 60 0 3 0
L 135 60 10 0 8 0 1 0 GND213
A 145 60 10 0 3 3 #=RK14
A 140 70 10 0 2 0 PINTYPE=IN
P 227 170 50 140 50 0 3 0
L 135 50 10 0 8 0 1 0 GND214
A 145 50 10 0 3 3 #=RK15
A 140 60 10 0 2 0 PINTYPE=IN
P 230 170 40 140 40 0 3 0
L 135 40 10 0 8 0 1 0 GND215
A 145 40 10 0 3 3 #=RK17
A 140 50 10 0 2 0 PINTYPE=IN
P 225 170 30 140 30 0 3 0
L 135 30 10 0 8 0 1 0 GND216
A 145 30 10 0 3 3 #=RK18
A 140 40 10 0 2 0 PINTYPE=IN
U 60 500 10 0 3 0 MANF_P/N=2187194
U 60 510 10 0 3 0 MANF=TYCO
U 0 -30 10 0 3 0 PKG_TYPE=CON_TYCO_2187194
U 0 -40 10 0 3 0 LEVEL=STD
U 0 -50 10 0 3 0 PARTS=1
U 0 10 10 0 3 0 HETERO=TYCO_2187194_RECEPT,TYCO_2187194_RECEPT_GND1,TYCO_2187194
+ _RECEPT_GND2
U 50 580 10 0 3 3 VALUE=RA_RECEPTACLE
U 35 0 10 0 3 3 DEVICE=TYCO_2187194_312_PIN
U 20 580 16 0 3 3 REFDES=J?
b 30 10 140 580
E
