V 50
K 153165148200 u095ffvd1924
Y 1
D 0 0 400 810
Z 10
i 946
b 50 50 350 760
P 1 0 100 50 100 0 2 0
A 45 100 10 0 9 0 #=BD17
L 55 100 10 0 2 0 1 0 VCCO_65_BD17
A 10 100 10 0 2 0 PINTYPE=BI
P 2 0 110 50 110 0 2 0
A 45 110 10 0 9 0 #=BA16
L 55 110 10 0 2 0 1 0 VCCO_65_BA16
A 10 110 10 0 2 0 PINTYPE=BI
P 3 0 120 50 120 0 2 0
A 45 120 10 0 9 0 #=AU18
L 55 120 10 0 2 0 1 0 VCCO_65_AU18
A 10 120 10 0 2 0 PINTYPE=BI
P 4 0 130 50 130 0 2 0
A 45 130 10 0 9 0 #=AP17
L 55 130 10 0 2 0 1 0 VCCO_65_AP17
A 10 130 10 0 2 0 PINTYPE=BI
P 5 0 140 50 140 0 2 0
A 45 140 10 0 9 0 #=AL16
L 55 140 10 0 2 0 1 0 VCCO_65_AL16
A 10 140 10 0 2 0 PINTYPE=BI
P 6 0 150 50 150 0 2 0
A 45 150 10 0 9 0 #=AK19
L 55 150 10 0 2 0 1 0 VCCO_65_AK19
A 10 150 10 0 2 0 PINTYPE=BI
P 7 400 100 350 100 0 3 0
A 355 100 10 0 3 3 #=AJ19
L 345 100 10 0 8 0 1 0 VREF_65_AJ19
A 405 100 10 0 2 0 PINTYPE=BI
P 8 400 110 350 110 0 3 0
A 355 110 10 0 3 3 #=BD19
L 345 110 10 0 8 0 1 0 IO_L1N_T0L_N1_DBC_RS1_65_BD19
A 405 110 10 0 2 0 PINTYPE=BI
P 9 400 120 350 120 0 3 0
A 355 120 10 0 3 3 #=BC19
L 345 120 10 0 8 0 1 0 IO_L1P_T0L_N0_DBC_RS0_65_BC19
A 405 120 10 0 2 0 PINTYPE=BI
P 10 400 130 350 130 0 3 0
A 355 130 10 0 3 3 #=BD20
L 345 130 10 0 8 0 1 0 IO_T0U_N12_VRP_A28_65_BD20
A 405 130 10 0 2 0 PINTYPE=BI
P 11 400 140 350 140 0 3 0
A 355 140 10 0 3 3 #=BD15
L 345 140 10 0 8 0 1 0 IO_L2N_T0L_N3_FWE_FCS2_B_65_BD15
A 405 140 10 0 2 0 PINTYPE=BI
P 12 400 150 350 150 0 3 0
A 355 150 10 0 3 3 #=BD16
L 345 150 10 0 8 0 1 0 IO_L2P_T0L_N2_FOE_B_65_BD16
A 405 150 10 0 2 0 PINTYPE=BI
P 13 400 160 350 160 0 3 0
A 355 160 10 0 3 3 #=BD18
L 345 160 10 0 8 0 1 0 IO_L3N_T0L_N5_AD15N_A27_65_BD18
A 405 160 10 0 2 0 PINTYPE=BI
P 14 400 170 350 170 0 3 0
A 355 170 10 0 3 3 #=BC18
L 345 170 10 0 8 0 1 0 IO_L3P_T0L_N4_AD15P_A26_65_BC18
A 405 170 10 0 2 0 PINTYPE=BI
P 15 400 180 350 180 0 3 0
A 355 180 10 0 3 3 #=BC16
L 345 180 10 0 8 0 1 0 IO_L4N_T0U_N7_DBC_AD7N_A25_65_BC16
A 405 180 10 0 2 0 PINTYPE=BI
P 16 400 190 350 190 0 3 0
A 355 190 10 0 3 3 #=BC17
L 345 190 10 0 8 0 1 0 IO_L4P_T0U_N6_DBC_AD7P_A24_65_BC17
A 405 190 10 0 2 0 PINTYPE=BI
P 17 400 200 350 200 0 3 0
A 355 200 10 0 3 3 #=BB19
L 345 200 10 0 8 0 1 0 IO_L5N_T0U_N9_AD14N_A23_65_BB19
A 405 200 10 0 2 0 PINTYPE=BI
P 18 400 210 350 210 0 3 0
A 355 210 10 0 3 3 #=BA19
L 345 210 10 0 8 0 1 0 IO_L5P_T0U_N8_AD14P_A22_65_BA19
A 405 210 10 0 2 0 PINTYPE=BI
P 19 400 220 350 220 0 3 0
A 355 220 10 0 3 3 #=BB16
L 345 220 10 0 8 0 1 0 IO_L6N_T0U_N11_AD6N_A21_65_BB16
A 405 220 10 0 2 0 PINTYPE=BI
P 20 400 230 350 230 0 3 0
A 355 230 10 0 3 3 #=BB17
L 345 230 10 0 8 0 1 0 IO_L6P_T0U_N10_AD6P_A20_65_BB17
A 405 230 10 0 2 0 PINTYPE=BI
P 21 400 240 350 240 0 3 0
A 355 240 10 0 3 3 #=AW19
L 345 240 10 0 8 0 1 0 IO_L7N_T1L_N1_QBC_AD13N_A19_65_AW19
A 405 240 10 0 2 0 PINTYPE=BI
P 22 400 250 350 250 0 3 0
A 355 250 10 0 3 3 #=AV19
L 345 250 10 0 8 0 1 0 IO_L7P_T1L_N0_QBC_AD13P_A18_65_AV19
A 405 250 10 0 2 0 PINTYPE=BI
P 23 400 260 350 260 0 3 0
A 355 260 10 0 3 3 #=BA17
L 345 260 10 0 8 0 1 0 IO_L8N_T1L_N3_AD5N_A17_65_BA17
A 405 260 10 0 2 0 PINTYPE=BI
P 24 400 270 350 270 0 3 0
A 355 270 10 0 3 3 #=AY17
L 345 270 10 0 8 0 1 0 IO_L8P_T1L_N2_AD5P_A16_65_AY17
A 405 270 10 0 2 0 PINTYPE=BI
P 25 400 280 350 280 0 3 0
A 355 280 10 0 3 3 #=BA18
L 345 280 10 0 8 0 1 0 IO_L9N_T1L_N5_AD12N_A15_D31_65_BA18
A 405 280 10 0 2 0 PINTYPE=BI
P 26 400 290 350 290 0 3 0
A 355 290 10 0 3 3 #=AY18
L 345 290 10 0 8 0 1 0 IO_L9P_T1L_N4_AD12P_A14_D30_65_AY18
A 405 290 10 0 2 0 PINTYPE=BI
P 27 400 300 350 300 0 3 0
A 355 300 10 0 3 3 #=AY16
L 345 300 10 0 8 0 1 0 IO_L10N_T1U_N7_QBC_AD4N_A13_D29_65_AY16
A 405 300 10 0 2 0 PINTYPE=BI
P 28 400 310 350 310 0 3 0
A 355 310 10 0 3 3 #=AW16
L 345 310 10 0 8 0 1 0 IO_L10P_T1U_N6_QBC_AD4P_A12_D28_65_AW16
A 405 310 10 0 2 0 PINTYPE=BI
P 29 400 320 350 320 0 3 0
A 355 320 10 0 3 3 #=AW18
L 345 320 10 0 8 0 1 0 IO_L11N_T1U_N9_GC_A11_D27_65_AW18
A 405 320 10 0 2 0 PINTYPE=BI
P 30 400 330 350 330 0 3 0
A 355 330 10 0 3 3 #=AV18
L 345 330 10 0 8 0 1 0 IO_L11P_T1U_N8_GC_A10_D26_65_AV18
A 405 330 10 0 2 0 PINTYPE=BI
P 31 400 340 350 340 0 3 0
A 355 340 10 0 3 3 #=AV16
L 345 340 10 0 8 0 1 0 IO_T1U_N12_PERSTN1_65_AV16
A 405 340 10 0 2 0 PINTYPE=BI
P 32 400 350 350 350 0 3 0
A 355 350 10 0 3 3 #=AV17
L 345 350 10 0 8 0 1 0 IO_L12N_T1U_N11_GC_A09_D25_65_AV17
A 405 350 10 0 2 0 PINTYPE=BI
P 33 400 360 350 360 0 3 0
A 355 360 10 0 3 3 #=AU17
L 345 360 10 0 8 0 1 0 IO_L12P_T1U_N10_GC_A08_D24_65_AU17
A 405 360 10 0 2 0 PINTYPE=BI
P 34 400 370 350 370 0 3 0
A 355 370 10 0 3 3 #=AT17
L 345 370 10 0 8 0 1 0 IO_L13N_T2L_N1_GC_QBC_A07_D23_65_AT17
A 405 370 10 0 2 0 PINTYPE=BI
P 35 400 380 350 380 0 3 0
A 355 380 10 0 3 3 #=AT18
L 345 380 10 0 8 0 1 0 IO_L13P_T2L_N0_GC_QBC_A06_D22_65_AT18
A 405 380 10 0 2 0 PINTYPE=BI
P 36 400 390 350 390 0 3 0
A 355 390 10 0 3 3 #=AU16
L 345 390 10 0 8 0 1 0 IO_T2U_N12_CSI_ADV_B_65_AU16
A 405 390 10 0 2 0 PINTYPE=BI
P 37 400 400 350 400 0 3 0
A 355 400 10 0 3 3 #=AR17
L 345 400 10 0 8 0 1 0 IO_L14N_T2L_N3_GC_A05_D21_65_AR17
A 405 400 10 0 2 0 PINTYPE=BI
P 38 400 410 350 410 0 3 0
A 355 410 10 0 3 3 #=AR18
L 345 410 10 0 8 0 1 0 IO_L14P_T2L_N2_GC_A04_D20_65_AR18
A 405 410 10 0 2 0 PINTYPE=BI
P 39 400 420 350 420 0 3 0
A 355 420 10 0 3 3 #=AU19
L 345 420 10 0 8 0 1 0 IO_L15N_T2L_N5_AD11N_A03_D19_65_AU19
A 405 420 10 0 2 0 PINTYPE=BI
P 40 400 430 350 430 0 3 0
A 355 430 10 0 3 3 #=AT19
L 345 430 10 0 8 0 1 0 IO_L15P_T2L_N4_AD11P_A02_D18_65_AT19
A 405 430 10 0 2 0 PINTYPE=BI
P 41 400 440 350 440 0 3 0
A 355 440 10 0 3 3 #=AN18
L 345 440 10 0 8 0 1 0 IO_L16N_T2U_N7_QBC_AD3N_A01_D17_65_AN18
A 405 440 10 0 2 0 PINTYPE=BI
P 42 400 450 350 450 0 3 0
A 355 450 10 0 3 3 #=AN19
L 345 450 10 0 8 0 1 0 IO_L16P_T2U_N6_QBC_AD3P_A00_D16_65_AN19
A 405 450 10 0 2 0 PINTYPE=BI
P 43 400 460 350 460 0 3 0
A 355 460 10 0 3 3 #=AR16
L 345 460 10 0 8 0 1 0 IO_L17N_T2U_N9_AD10N_D15_65_AR16
A 405 460 10 0 2 0 PINTYPE=BI
P 44 400 470 350 470 0 3 0
A 355 470 10 0 3 3 #=AP16
L 345 470 10 0 8 0 1 0 IO_L17P_T2U_N8_AD10P_D14_65_AP16
A 405 470 10 0 2 0 PINTYPE=BI
P 45 400 480 350 480 0 3 0
A 355 480 10 0 3 3 #=AP18
L 345 480 10 0 8 0 1 0 IO_L18N_T2U_N11_AD2N_D13_65_AP18
A 405 480 10 0 2 0 PINTYPE=BI
P 46 400 490 350 490 0 3 0
A 355 490 10 0 3 3 #=AP19
L 345 490 10 0 8 0 1 0 IO_L18P_T2U_N10_AD2P_D12_65_AP19
A 405 490 10 0 2 0 PINTYPE=BI
P 47 400 500 350 500 0 3 0
A 355 500 10 0 3 3 #=AN16
L 345 500 10 0 8 0 1 0 IO_L19N_T3L_N1_DBC_AD9N_D11_65_AN16
A 405 500 10 0 2 0 PINTYPE=BI
P 48 400 510 350 510 0 3 0
A 355 510 10 0 3 3 #=AN17
L 345 510 10 0 8 0 1 0 IO_L19P_T3L_N0_DBC_AD9P_D10_65_AN17
A 405 510 10 0 2 0 PINTYPE=BI
P 49 400 520 350 520 0 3 0
A 355 520 10 0 3 3 #=AL17
L 345 520 10 0 8 0 1 0 IO_L20N_T3L_N3_AD1N_D09_65_AL17
A 405 520 10 0 2 0 PINTYPE=BI
P 50 400 530 350 530 0 3 0
A 355 530 10 0 3 3 #=AL18
L 345 530 10 0 8 0 1 0 IO_L20P_T3L_N2_AD1P_D08_65_AL18
A 405 530 10 0 2 0 PINTYPE=BI
P 51 400 540 350 540 0 3 0
A 355 540 10 0 3 3 #=AM19
L 345 540 10 0 8 0 1 0 IO_L21N_T3L_N5_AD8N_D07_65_AM19
A 405 540 10 0 2 0 PINTYPE=BI
P 52 400 550 350 550 0 3 0
A 355 550 10 0 3 3 #=AL19
L 345 550 10 0 8 0 1 0 IO_L21P_T3L_N4_AD8P_D06_65_AL19
A 405 550 10 0 2 0 PINTYPE=BI
P 53 400 560 350 560 0 3 0
A 355 560 10 0 3 3 #=AK17
L 345 560 10 0 8 0 1 0 IO_L22N_T3U_N7_DBC_AD0N_D05_65_AK17
A 405 560 10 0 2 0 PINTYPE=BI
P 54 400 570 350 570 0 3 0
A 355 570 10 0 3 3 #=AK18
L 345 570 10 0 8 0 1 0 IO_L22P_T3U_N6_DBC_AD0P_D04_65_AK18
A 405 570 10 0 2 0 PINTYPE=BI
P 55 400 580 350 580 0 3 0
A 355 580 10 0 3 3 #=AM16
L 345 580 10 0 8 0 1 0 IO_L23N_T3U_N9_I2C_SDA_65_AM16
A 405 580 10 0 2 0 PINTYPE=BI
P 56 400 590 350 590 0 3 0
A 355 590 10 0 3 3 #=AM17
L 345 590 10 0 8 0 1 0 IO_L23P_T3U_N8_I2C_SCLK_65_AM17
A 405 590 10 0 2 0 PINTYPE=BI
P 57 400 600 350 600 0 3 0
A 355 600 10 0 3 3 #=AJ18
L 345 600 10 0 8 0 1 0 IO_T3U_N12_PERSTN0_65_AJ18
A 405 600 10 0 2 0 PINTYPE=BI
P 58 400 610 350 610 0 3 0
A 355 610 10 0 3 3 #=AK16
L 345 610 10 0 8 0 1 0 IO_L24N_T3U_N11_DOUT_CSO_B_65_AK16
A 405 610 10 0 2 0 PINTYPE=BI
P 59 400 620 350 620 0 3 0
A 355 620 10 0 3 3 #=AJ16
L 345 620 10 0 8 0 1 0 IO_L24P_T3U_N10_EMCCLK_65_AJ16
A 405 620 10 0 2 0 PINTYPE=BI
T 220 640 20 0 5 XCVU095FFVD1924
T 220 660 20 0 5 BANK 65
c 70 740 10
U 50 770 10 0 3 3 DEVICE=XXXXXX
U 50 30 16 0 3 3 REFDES=U?
U 250 30 10 0 3 3 PKG_TYPE=XXXXXX
U 0 0 10 0 3 0 HETERO=u095ffvd1924a_0,u095ffvd1924a_44,u095ffvd1924a_45,u095ffvd1924a_46,u095ffvd1924a_47,u095ffvd1924a_48,u095ffvd1924a_49,u095ffvd1924a_50,u095ffvd1924a_51,u095ffvd1924a_65,u095ffvd1924a_66,u095ffvd1924a_67,u095ffvd1924a_68,u095ffvd1924a_69,u095ffvd1924a_70,u095ffvd1924a_71,u095ffvd1924a_84,u095ffvd1924a_94,u095ffvd1924a_125,u095ffvd1924a_126,u095ffvd1924a_127,u095ffvd1924a_128,u095ffvd1924a_129,u095ffvd1924a_130,u095ffvd1924a_224,u095ffvd1924a_225,u095ffvd1924a_226,u095ffvd1924a_227,u095ffvd1924a_228,u095ffvd1924a_229,u095ffvd1924a_230,u095ffvd1924a_MGTAVCC_LN,u095ffvd1924a_MGTAVCC_LS,u095ffvd1924a_MGTAVCC_RN,u095ffvd1924a_MGTAVCC_RS,u095ffvd1924a_MGTAVTT_LN,u095ffvd1924a_MGTAVTT_LS,u095ffvd1924a_MGTAVTT_RN,u095ffvd1924a_MGTAVTT_RS,u095ffvd1924a_MGTVCCAUX_LN,u095ffvd1924a_MGTVCCAUX_LS,u095ffvd1924a_MGTVCCAUX_RN,u095ffvd1924a_MGTVCCAUX_RS,u095ffvd1924a_GND1,u095ffvd1924a_GND2,u095ffvd1924a_VCCINT,u095ffvd1924a_VCCINT_IO,u095ffvd1924a_VCCAUX,u095ffvd1924a_VCCAUX_IO,u095ffvd1924a_VCCBRAM
U 0 -10 10 0 3 0 PARTS=1
U 0 -20 10 0 3 0 LEVEL=STD
U 0 -30 10 0 3 0 DATE=2013_12_09
E
