V 50
K 153165148200 u095ffvd1924
Y 1
D 0 0 400 420
Z 10
i 946
b 50 50 350 370
P 1 400 100 350 100 0 3 0
A 355 100 10 0 3 3 #=N40
L 345 100 10 0 8 0 1 0 MGTREFCLK1N_130_N40
A 405 100 10 0 2 0 PINTYPE=BI
P 2 400 110 350 110 0 3 0
A 355 110 10 0 3 3 #=N39
L 345 110 10 0 8 0 1 0 MGTREFCLK1P_130_N39
A 405 110 10 0 2 0 PINTYPE=BI
P 3 400 120 350 120 0 3 0
A 355 120 10 0 3 3 #=R40
L 345 120 10 0 8 0 1 0 MGTREFCLK0N_130_R40
A 405 120 10 0 2 0 PINTYPE=BI
P 4 400 130 350 130 0 3 0
A 355 130 10 0 3 3 #=R39
L 345 130 10 0 8 0 1 0 MGTREFCLK0P_130_R39
A 405 130 10 0 2 0 PINTYPE=BI
P 5 400 140 350 140 0 3 0
A 355 140 10 0 3 3 #=C44
L 345 140 10 0 8 0 1 0 MGTYRXN3_130_C44
A 405 140 10 0 2 0 PINTYPE=BI
P 6 400 150 350 150 0 3 0
A 355 150 10 0 3 3 #=C43
L 345 150 10 0 8 0 1 0 MGTYRXP3_130_C43
A 405 150 10 0 2 0 PINTYPE=BI
P 7 400 160 350 160 0 3 0
A 355 160 10 0 3 3 #=B42
L 345 160 10 0 8 0 1 0 MGTYTXN3_130_B42
A 405 160 10 0 2 0 PINTYPE=BI
P 8 400 170 350 170 0 3 0
A 355 170 10 0 3 3 #=B41
L 345 170 10 0 8 0 1 0 MGTYTXP3_130_B41
A 405 170 10 0 2 0 PINTYPE=BI
P 9 400 180 350 180 0 3 0
A 355 180 10 0 3 3 #=E44
L 345 180 10 0 8 0 1 0 MGTYRXN2_130_E44
A 405 180 10 0 2 0 PINTYPE=BI
P 10 400 190 350 190 0 3 0
A 355 190 10 0 3 3 #=E43
L 345 190 10 0 8 0 1 0 MGTYRXP2_130_E43
A 405 190 10 0 2 0 PINTYPE=BI
P 11 400 200 350 200 0 3 0
A 355 200 10 0 3 3 #=D42
L 345 200 10 0 8 0 1 0 MGTYTXN2_130_D42
A 405 200 10 0 2 0 PINTYPE=BI
P 12 400 210 350 210 0 3 0
A 355 210 10 0 3 3 #=D41
L 345 210 10 0 8 0 1 0 MGTYTXP2_130_D41
A 405 210 10 0 2 0 PINTYPE=BI
P 13 400 220 350 220 0 3 0
A 355 220 10 0 3 3 #=G44
L 345 220 10 0 8 0 1 0 MGTYRXN1_130_G44
A 405 220 10 0 2 0 PINTYPE=BI
P 14 400 230 350 230 0 3 0
A 355 230 10 0 3 3 #=G43
L 345 230 10 0 8 0 1 0 MGTYRXP1_130_G43
A 405 230 10 0 2 0 PINTYPE=BI
P 15 400 240 350 240 0 3 0
A 355 240 10 0 3 3 #=F42
L 345 240 10 0 8 0 1 0 MGTYTXN1_130_F42
A 405 240 10 0 2 0 PINTYPE=BI
P 16 400 250 350 250 0 3 0
A 355 250 10 0 3 3 #=F41
L 345 250 10 0 8 0 1 0 MGTYTXP1_130_F41
A 405 250 10 0 2 0 PINTYPE=BI
P 17 400 260 350 260 0 3 0
A 355 260 10 0 3 3 #=J44
L 345 260 10 0 8 0 1 0 MGTYRXN0_130_J44
A 405 260 10 0 2 0 PINTYPE=BI
P 18 400 270 350 270 0 3 0
A 355 270 10 0 3 3 #=J43
L 345 270 10 0 8 0 1 0 MGTYRXP0_130_J43
A 405 270 10 0 2 0 PINTYPE=BI
P 19 400 280 350 280 0 3 0
A 355 280 10 0 3 3 #=H42
L 345 280 10 0 8 0 1 0 MGTYTXN0_130_H42
A 405 280 10 0 2 0 PINTYPE=BI
P 20 400 290 350 290 0 3 0
A 355 290 10 0 3 3 #=H41
L 345 290 10 0 8 0 1 0 MGTYTXP0_130_H41
A 405 290 10 0 2 0 PINTYPE=BI
T 220 310 20 0 5 XCVU095FFVD1924
T 220 330 20 0 5 BANK 130
c 70 350 10
U 50 380 10 0 3 3 DEVICE=XXXXXX
U 50 30 16 0 3 3 REFDES=U?
U 250 30 10 0 3 3 PKG_TYPE=XXXXXX
U 0 0 10 0 3 0 HETERO=u095ffvd1924b_0,u095ffvd1924b_44,u095ffvd1924b_45,u095ffvd1924b_46,u095ffvd1924b_47,u095ffvd1924b_48,u095ffvd1924b_49,u095ffvd1924b_50,u095ffvd1924b_51,u095ffvd1924b_65,u095ffvd1924b_66,u095ffvd1924b_67,u095ffvd1924b_68,u095ffvd1924b_69,u095ffvd1924b_70,u095ffvd1924b_71,u095ffvd1924b_84,u095ffvd1924b_94,u095ffvd1924b_125,u095ffvd1924b_126,u095ffvd1924b_127,u095ffvd1924b_128,u095ffvd1924b_129,u095ffvd1924b_130,u095ffvd1924b_224,u095ffvd1924b_225,u095ffvd1924b_226,u095ffvd1924b_227,u095ffvd1924b_228,u095ffvd1924b_229,u095ffvd1924b_230,u095ffvd1924b_MGTAVCC_LN,u095ffvd1924b_MGTAVCC_LS,u095ffvd1924b_MGTAVCC_RN,u095ffvd1924b_MGTAVCC_RS,u095ffvd1924b_MGTAVTT_LN,u095ffvd1924b_MGTAVTT_LS,u095ffvd1924b_MGTAVTT_RN,u095ffvd1924b_MGTAVTT_RS,u095ffvd1924b_MGTVCCAUX_LN,u095ffvd1924b_MGTVCCAUX_LS,u095ffvd1924b_MGTVCCAUX_RN,u095ffvd1924b_MGTVCCAUX_RS,u095ffvd1924b_GND1,u095ffvd1924b_GND2,u095ffvd1924b_VCCINT,u095ffvd1924b_VCCINT_IO,u095ffvd1924b_VCCAUX,u095ffvd1924b_VCCAUX_IO,u095ffvd1924b_VCCBRAM
U 0 -10 10 0 3 0 PARTS=1
U 0 -20 10 0 3 0 LEVEL=STD
U 0 -30 10 0 3 0 DATE=2013_12_09
E
