V 50
K 153165148200 u095ffvd1924
Y 1
D 0 0 400 520
Z 10
i 946
b 50 50 350 470
P 1 0 100 50 100 0 2 0
A 45 100 10 0 9 3 #=AA10
L 55 100 10 0 2 0 1 0 VCCO_0_AA10
A 10 100 10 0 2 0 PINTYPE=BI
P 2 0 110 50 110 0 2 0
A 45 110 10 0 9 3 #=AE10
L 55 110 10 0 2 0 1 0 VCCO_0_AE10
A 10 110 10 0 2 0 PINTYPE=BI
P 3 400 100 350 100 0 3 0
A 355 100 10 0 3 3 #=R8
L 345 100 10 0 8 0 1 0 M0_0_R8
A 405 100 10 0 2 0 PINTYPE=BI
P 4 400 110 350 110 0 3 0
A 355 110 10 0 3 3 #=U9
L 345 110 10 0 8 0 1 0 M1_0_U9
A 405 110 10 0 2 0 PINTYPE=BI
P 5 400 120 350 120 0 3 0
A 355 120 10 0 3 3 #=T9
L 345 120 10 0 8 0 1 0 M2_0_T9
A 405 120 10 0 2 0 PINTYPE=BI
P 6 400 130 350 130 0 3 0
A 355 130 10 0 3 3 #=AK9
L 345 130 10 0 8 0 1 0 D00_MOSI_0_AK9
A 405 130 10 0 2 0 PINTYPE=BI
P 7 400 140 350 140 0 3 0
A 355 140 10 0 3 3 #=AJ9
L 345 140 10 0 8 0 1 0 D01_DIN_0_AJ9
A 405 140 10 0 2 0 PINTYPE=BI
P 8 400 150 350 150 0 3 0
A 355 150 10 0 3 3 #=AH9
L 345 150 10 0 8 0 1 0 D02_0_AH9
A 405 150 10 0 2 0 PINTYPE=BI
P 9 400 160 350 160 0 3 0
A 355 160 10 0 3 3 #=AG9
L 345 160 10 0 8 0 1 0 D03_0_AG9
A 405 160 10 0 2 0 PINTYPE=BI
P 10 400 170 350 170 0 3 0
A 355 170 10 0 3 3 #=AB9
L 345 170 10 0 8 0 1 0 DONE_0_AB9
A 405 170 10 0 2 0 PINTYPE=BI
P 11 400 180 350 180 0 3 0
A 355 180 10 0 3 3 #=V9
L 345 180 10 0 8 0 1 0 CFGBVS_0_V9
A 405 180 10 0 2 0 PINTYPE=BI
P 12 400 190 350 190 0 3 0
A 355 190 10 0 3 3 #=AD9
L 345 190 10 0 8 0 1 0 PROGRAM_B_0_AD9
A 405 190 10 0 2 0 PINTYPE=BI
P 13 400 200 350 200 0 3 0
A 355 200 10 0 3 3 #=W9
L 345 200 10 0 8 0 1 0 INIT_B_0_W9
A 405 200 10 0 2 0 PINTYPE=BI
P 14 400 210 350 210 0 3 0
A 355 210 10 0 3 3 #=AB12
L 345 210 10 0 8 0 1 0 TDI_0_AB12
A 405 210 10 0 2 0 PINTYPE=BI
P 15 400 220 350 220 0 3 0
A 355 220 10 0 3 3 #=AB10
L 345 220 10 0 8 0 1 0 TDO_0_AB10
A 405 220 10 0 2 0 PINTYPE=BI
P 16 400 230 350 230 0 3 0
A 355 230 10 0 3 3 #=AD12
L 345 230 10 0 8 0 1 0 TMS_0_AD12
A 405 230 10 0 2 0 PINTYPE=BI
P 17 400 240 350 240 0 3 0
A 355 240 10 0 3 3 #=AC10
L 345 240 10 0 8 0 1 0 TCK_0_AC10
A 405 240 10 0 2 0 PINTYPE=BI
P 18 400 250 350 250 0 3 0
A 355 250 10 0 3 3 #=AD10
L 345 250 10 0 8 0 1 0 CCLK_0_AD10
A 405 250 10 0 2 0 PINTYPE=BI
P 19 400 260 350 260 0 3 0
A 355 260 10 0 3 3 #=AL8
L 345 260 10 0 8 0 1 0 VBATT_AL8
A 405 260 10 0 2 0 PINTYPE=BI
P 20 400 270 350 270 0 3 0
A 355 270 10 0 3 3 #=AD16
L 345 270 10 0 8 0 1 0 VN_AD16
A 405 270 10 0 2 0 PINTYPE=BI
P 21 400 280 350 280 0 3 0
A 355 280 10 0 3 3 #=AC17
L 345 280 10 0 8 0 1 0 VP_AC17
A 405 280 10 0 2 0 PINTYPE=BI
P 22 400 290 350 290 0 3 0
A 355 290 10 0 3 3 #=AD17
L 345 290 10 0 8 0 1 0 VREFP_AD17
A 405 290 10 0 2 0 PINTYPE=BI
P 23 400 300 350 300 0 3 0
A 355 300 10 0 3 3 #=AC16
L 345 300 10 0 8 0 1 0 VREFN_AC16
A 405 300 10 0 2 0 PINTYPE=BI
P 24 400 310 350 310 0 3 0
A 355 310 10 0 3 3 #=AB16
L 345 310 10 0 8 0 1 0 GNDADC_AB16
A 405 310 10 0 2 0 PINTYPE=BI
P 25 400 320 350 320 0 3 0
A 355 320 10 0 3 3 #=AB17
L 345 320 10 0 8 0 1 0 VCCADC_AB17
A 405 320 10 0 2 0 PINTYPE=BI
P 26 400 330 350 330 0 3 0
A 355 330 10 0 3 3 #=AE16
L 345 330 10 0 8 0 1 0 DXN_AE16
A 405 330 10 0 2 0 PINTYPE=BI
P 27 400 340 350 340 0 3 0
A 355 340 10 0 3 3 #=AE17
L 345 340 10 0 8 0 1 0 DXP_AE17
A 405 340 10 0 2 0 PINTYPE=BI
P 28 400 350 350 350 0 3 0
A 355 350 10 0 3 3 #=AF9
L 345 350 10 0 8 0 1 0 RDWR_FCS_B_0_AF9
A 405 350 10 0 2 0 PINTYPE=BI
P 29 400 360 350 360 0 3 0
A 355 360 10 0 3 3 #=AC9
L 345 360 10 0 8 0 1 0 POR_OVERRIDE_AC9
A 405 360 10 0 2 0 PINTYPE=BI
P 30 400 370 350 370 0 3 0
A 355 370 10 0 3 3 #=Y9
L 345 370 10 0 8 0 1 0 PUDC_B_0_Y9
A 405 370 10 0 2 0 PINTYPE=BI
T 220 390 20 0 5 XCVU095FFVD1924
T 220 410 20 0 5 BANK 0
c 70 450 10
U 50 480 10 0 3 3 DEVICE=XXXXXX
U 50 30 16 0 3 3 REFDES=U?
U 250 30 10 0 3 3 PKG_TYPE=XXXXXX
U 0 0 10 0 3 0 HETERO=u095ffvd1924d_0,u095ffvd1924d_44,u095ffvd1924d_45,u095ffvd1924d_46,u095ffvd1924d_47,u095ffvd1924d_48,u095ffvd1924d_49,u095ffvd1924d_50,u095ffvd1924d_51,u095ffvd1924d_65,u095ffvd1924d_66,u095ffvd1924d_67,u095ffvd1924d_68,u095ffvd1924d_69,u095ffvd1924d_70,u095ffvd1924d_71,u095ffvd1924d_84,u095ffvd1924d_94,u095ffvd1924d_125,u095ffvd1924d_126,u095ffvd1924d_127,u095ffvd1924d_128,u095ffvd1924d_129,u095ffvd1924d_130,u095ffvd1924d_224,u095ffvd1924d_225,u095ffvd1924d_226,u095ffvd1924d_227,u095ffvd1924d_228,u095ffvd1924d_229,u095ffvd1924d_230,u095ffvd1924d_MGTAVCC_LN,u095ffvd1924d_MGTAVCC_LS,u095ffvd1924d_MGTAVCC_RN,u095ffvd1924d_MGTAVCC_RS,u095ffvd1924d_MGTAVTT_LN,u095ffvd1924d_MGTAVTT_LS,u095ffvd1924d_MGTAVTT_RN,u095ffvd1924d_MGTAVTT_RS,u095ffvd1924d_MGTVCCAUX_LN,u095ffvd1924d_MGTVCCAUX_LS,u095ffvd1924d_MGTVCCAUX_RN,u095ffvd1924d_MGTVCCAUX_RS,u095ffvd1924d_GND1,u095ffvd1924d_GND2,u095ffvd1924d_VCCINT,u095ffvd1924d_VCCINT_IO,u095ffvd1924d_VCCAUX,u095ffvd1924d_VCCAUX_IO,u095ffvd1924d_VCCBRAM
U 0 -10 10 0 3 0 PARTS=1
U 0 -20 10 0 3 0 LEVEL=STD
U 0 -30 10 0 3 0 DATE=2013_12_09
E
