V 50
K 153165148200 u115flvd1924
Y 1
D 0 0 400 420
Z 10
i 946
b 50 50 350 370
P 1 400 100 350 100 0 3 0
A 355 100 10 0 3 3 #=T38
L 345 100 10 0 8 0 1 0 MGTREFCLK1N_132_T38
A 405 100 10 0 2 0 PINTYPE=BI
P 2 400 110 350 110 0 3 0
A 355 110 10 0 3 3 #=T37
L 345 110 10 0 8 0 1 0 MGTREFCLK1P_132_T37
A 405 110 10 0 2 0 PINTYPE=BI
P 3 400 120 350 120 0 3 0
A 355 120 10 0 3 3 #=V38
L 345 120 10 0 8 0 1 0 MGTREFCLK0N_132_V38
A 405 120 10 0 2 0 PINTYPE=BI
P 4 400 130 350 130 0 3 0
A 355 130 10 0 3 3 #=V37
L 345 130 10 0 8 0 1 0 MGTREFCLK0P_132_V37
A 405 130 10 0 2 0 PINTYPE=BI
P 5 400 140 350 140 0 3 0
A 355 140 10 0 3 3 #=L44
L 345 140 10 0 8 0 1 0 MGTHRXN3_132_L44
A 405 140 10 0 2 0 PINTYPE=BI
P 6 400 150 350 150 0 3 0
A 355 150 10 0 3 3 #=L43
L 345 150 10 0 8 0 1 0 MGTHRXP3_132_L43
A 405 150 10 0 2 0 PINTYPE=BI
P 7 400 160 350 160 0 3 0
A 355 160 10 0 3 3 #=K42
L 345 160 10 0 8 0 1 0 MGTHTXN3_132_K42
A 405 160 10 0 2 0 PINTYPE=BI
P 8 400 170 350 170 0 3 0
A 355 170 10 0 3 3 #=K41
L 345 170 10 0 8 0 1 0 MGTHTXP3_132_K41
A 405 170 10 0 2 0 PINTYPE=BI
P 9 400 180 350 180 0 3 0
A 355 180 10 0 3 3 #=N44
L 345 180 10 0 8 0 1 0 MGTHRXN2_132_N44
A 405 180 10 0 2 0 PINTYPE=BI
P 10 400 190 350 190 0 3 0
A 355 190 10 0 3 3 #=N43
L 345 190 10 0 8 0 1 0 MGTHRXP2_132_N43
A 405 190 10 0 2 0 PINTYPE=BI
P 11 400 200 350 200 0 3 0
A 355 200 10 0 3 3 #=M42
L 345 200 10 0 8 0 1 0 MGTHTXN2_132_M42
A 405 200 10 0 2 0 PINTYPE=BI
P 12 400 210 350 210 0 3 0
A 355 210 10 0 3 3 #=M41
L 345 210 10 0 8 0 1 0 MGTHTXP2_132_M41
A 405 210 10 0 2 0 PINTYPE=BI
P 13 400 220 350 220 0 3 0
A 355 220 10 0 3 3 #=R44
L 345 220 10 0 8 0 1 0 MGTHRXN1_132_R44
A 405 220 10 0 2 0 PINTYPE=BI
P 14 400 230 350 230 0 3 0
A 355 230 10 0 3 3 #=R43
L 345 230 10 0 8 0 1 0 MGTHRXP1_132_R43
A 405 230 10 0 2 0 PINTYPE=BI
P 15 400 240 350 240 0 3 0
A 355 240 10 0 3 3 #=P42
L 345 240 10 0 8 0 1 0 MGTHTXN1_132_P42
A 405 240 10 0 2 0 PINTYPE=BI
P 16 400 250 350 250 0 3 0
A 355 250 10 0 3 3 #=P41
L 345 250 10 0 8 0 1 0 MGTHTXP1_132_P41
A 405 250 10 0 2 0 PINTYPE=BI
P 17 400 260 350 260 0 3 0
A 355 260 10 0 3 3 #=U44
L 345 260 10 0 8 0 1 0 MGTHRXN0_132_U44
A 405 260 10 0 2 0 PINTYPE=BI
P 18 400 270 350 270 0 3 0
A 355 270 10 0 3 3 #=U43
L 345 270 10 0 8 0 1 0 MGTHRXP0_132_U43
A 405 270 10 0 2 0 PINTYPE=BI
P 19 400 280 350 280 0 3 0
A 355 280 10 0 3 3 #=T42
L 345 280 10 0 8 0 1 0 MGTHTXN0_132_T42
A 405 280 10 0 2 0 PINTYPE=BI
P 20 400 290 350 290 0 3 0
A 355 290 10 0 3 3 #=T41
L 345 290 10 0 8 0 1 0 MGTHTXP0_132_T41
A 405 290 10 0 2 0 PINTYPE=BI
T 220 310 20 0 5 XCKU115FLVD1924
T 220 330 20 0 5 BANK 132
T 135 280 12 0 6 BANK MIGRATION:
T 135 270 10 0 6 VU125 = BANK 131
T 135 260 10 0 6 VU095 = BANK 129
T 135 250 10 0 6 VU080 = BANK 129
T 135 240 10 0 6 KU100 = BANK 132
c 70 350 10
U 50 380 10 0 3 3 DEVICE=XXXXXX
U 50 30 16 0 3 3 REFDES=U?
U 250 30 10 0 3 3 PKG_TYPE=XXXXXX
U 0 0 10 0 3 0 HETERO=u115flvd1924b_0,u115flvd1924b_44,u115flvd1924b_45,u115flvd1924b_46,u115flvd1924b_47,u115flvd1924b_50,u115flvd1924b_51,u115flvd1924b_52,u115flvd1924b_53,u115flvd1924b_65,u115flvd1924b_66,u115flvd1924b_67,u115flvd1924b_70,u115flvd1924b_71,u115flvd1924b_72,u115flvd1924b_73,u115flvd1924b_84,u115flvd1924b_94,u115flvd1924b_126,u115flvd1924b_127,u115flvd1924b_128,u115flvd1924b_131,u115flvd1924b_132,u115flvd1924b_133,u115flvd1924b_224,u115flvd1924b_225,u115flvd1924b_226,u115flvd1924b_227,u115flvd1924b_231,u115flvd1924b_232,u115flvd1924b_233,u115flvd1924b_MGTAVCC_LN,u115flvd1924b_MGTAVCC_LS,u115flvd1924b_MGTAVCC_RN,u115flvd1924b_MGTAVCC_RS,u115flvd1924b_MGTAVTT_LN,u115flvd1924b_MGTAVTT_LS,u115flvd1924b_MGTAVTT_RN,u115flvd1924b_MGTAVTT_RS,u115flvd1924b_MGTVCCAUX_LN,u115flvd1924b_MGTVCCAUX_LS,u115flvd1924b_MGTVCCAUX_RN,u115flvd1924b_MGTVCCAUX_RS,u115flvd1924b_GND1,u115flvd1924b_GND2,u115flvd1924b_VCCINT,u115flvd1924b_VCCINT_IO,u115flvd1924b_VCCAUX,u115flvd1924b_VCCAUX_IO,u115flvd1924b_VCCBRAM
U 0 -10 10 0 3 0 PARTS=1
U 0 -20 10 0 3 0 LEVEL=STD
U 0 -30 10 0 3 0 DATE=2015_03_16
E
