V 50
K 153165148200 u115flvf1924
Y 1
D 0 0 400 1000
Z 10
i 946
b 50 50 350 950
P 1 400 100 350 100 0 3 0
A 355 100 10 0 3 3 #=AA12
L 345 100 10 0 8 0 1 0 VCCINT_AA12
A 405 100 10 0 2 0 PINTYPE=BI
P 2 400 110 350 110 0 3 0
A 355 110 10 0 3 3 #=AC12
L 345 110 10 0 8 0 1 0 VCCINT_AC12
A 405 110 10 0 2 0 PINTYPE=BI
P 3 400 120 350 120 0 3 0
A 355 120 10 0 3 3 #=AE12
L 345 120 10 0 8 0 1 0 VCCINT_AE12
A 405 120 10 0 2 0 PINTYPE=BI
P 4 400 130 350 130 0 3 0
A 355 130 10 0 3 3 #=AE26
L 345 130 10 0 8 0 1 0 VCCINT_AE26
A 405 130 10 0 2 0 PINTYPE=BI
P 5 400 140 350 140 0 3 0
A 355 140 10 0 3 3 #=AA14
L 345 140 10 0 8 0 1 0 VCCINT_AA14
A 405 140 10 0 2 0 PINTYPE=BI
P 6 400 150 350 150 0 3 0
A 355 150 10 0 3 3 #=AA16
L 345 150 10 0 8 0 1 0 VCCINT_AA16
A 405 150 10 0 2 0 PINTYPE=BI
P 7 400 160 350 160 0 3 0
A 355 160 10 0 3 3 #=AA18
L 345 160 10 0 8 0 1 0 VCCINT_AA18
A 405 160 10 0 2 0 PINTYPE=BI
P 8 400 170 350 170 0 3 0
A 355 170 10 0 3 3 #=AA20
L 345 170 10 0 8 0 1 0 VCCINT_AA20
A 405 170 10 0 2 0 PINTYPE=BI
P 9 400 180 350 180 0 3 0
A 355 180 10 0 3 3 #=AA22
L 345 180 10 0 8 0 1 0 VCCINT_AA22
A 405 180 10 0 2 0 PINTYPE=BI
P 10 400 190 350 190 0 3 0
A 355 190 10 0 3 3 #=AA24
L 345 190 10 0 8 0 1 0 VCCINT_AA24
A 405 190 10 0 2 0 PINTYPE=BI
P 11 400 200 350 200 0 3 0
A 355 200 10 0 3 3 #=AA26
L 345 200 10 0 8 0 1 0 VCCINT_AA26
A 405 200 10 0 2 0 PINTYPE=BI
P 12 400 210 350 210 0 3 0
A 355 210 10 0 3 3 #=AB13
L 345 210 10 0 8 0 1 0 VCCINT_AB13
A 405 210 10 0 2 0 PINTYPE=BI
P 13 400 220 350 220 0 3 0
A 355 220 10 0 3 3 #=AB15
L 345 220 10 0 8 0 1 0 VCCINT_AB15
A 405 220 10 0 2 0 PINTYPE=BI
P 14 400 230 350 230 0 3 0
A 355 230 10 0 3 3 #=AB19
L 345 230 10 0 8 0 1 0 VCCINT_AB19
A 405 230 10 0 2 0 PINTYPE=BI
P 15 400 240 350 240 0 3 0
A 355 240 10 0 3 3 #=AB21
L 345 240 10 0 8 0 1 0 VCCINT_AB21
A 405 240 10 0 2 0 PINTYPE=BI
P 16 400 250 350 250 0 3 0
A 355 250 10 0 3 3 #=AB23
L 345 250 10 0 8 0 1 0 VCCINT_AB23
A 405 250 10 0 2 0 PINTYPE=BI
P 17 400 260 350 260 0 3 0
A 355 260 10 0 3 3 #=AB25
L 345 260 10 0 8 0 1 0 VCCINT_AB25
A 405 260 10 0 2 0 PINTYPE=BI
P 18 400 270 350 270 0 3 0
A 355 270 10 0 3 3 #=AC14
L 345 270 10 0 8 0 1 0 VCCINT_AC14
A 405 270 10 0 2 0 PINTYPE=BI
P 19 400 280 350 280 0 3 0
A 355 280 10 0 3 3 #=AC18
L 345 280 10 0 8 0 1 0 VCCINT_AC18
A 405 280 10 0 2 0 PINTYPE=BI
P 20 400 290 350 290 0 3 0
A 355 290 10 0 3 3 #=AC20
L 345 290 10 0 8 0 1 0 VCCINT_AC20
A 405 290 10 0 2 0 PINTYPE=BI
P 21 400 300 350 300 0 3 0
A 355 300 10 0 3 3 #=AC22
L 345 300 10 0 8 0 1 0 VCCINT_AC22
A 405 300 10 0 2 0 PINTYPE=BI
P 22 400 310 350 310 0 3 0
A 355 310 10 0 3 3 #=AC24
L 345 310 10 0 8 0 1 0 VCCINT_AC24
A 405 310 10 0 2 0 PINTYPE=BI
P 23 400 320 350 320 0 3 0
A 355 320 10 0 3 3 #=AC26
L 345 320 10 0 8 0 1 0 VCCINT_AC26
A 405 320 10 0 2 0 PINTYPE=BI
P 24 400 330 350 330 0 3 0
A 355 330 10 0 3 3 #=AD13
L 345 330 10 0 8 0 1 0 VCCINT_AD13
A 405 330 10 0 2 0 PINTYPE=BI
P 25 400 340 350 340 0 3 0
A 355 340 10 0 3 3 #=AD15
L 345 340 10 0 8 0 1 0 VCCINT_AD15
A 405 340 10 0 2 0 PINTYPE=BI
P 26 400 350 350 350 0 3 0
A 355 350 10 0 3 3 #=AD19
L 345 350 10 0 8 0 1 0 VCCINT_AD19
A 405 350 10 0 2 0 PINTYPE=BI
P 27 400 360 350 360 0 3 0
A 355 360 10 0 3 3 #=AD21
L 345 360 10 0 8 0 1 0 VCCINT_AD21
A 405 360 10 0 2 0 PINTYPE=BI
P 28 400 370 350 370 0 3 0
A 355 370 10 0 3 3 #=AD23
L 345 370 10 0 8 0 1 0 VCCINT_AD23
A 405 370 10 0 2 0 PINTYPE=BI
P 29 400 380 350 380 0 3 0
A 355 380 10 0 3 3 #=AD25
L 345 380 10 0 8 0 1 0 VCCINT_AD25
A 405 380 10 0 2 0 PINTYPE=BI
P 30 400 390 350 390 0 3 0
A 355 390 10 0 3 3 #=AE14
L 345 390 10 0 8 0 1 0 VCCINT_AE14
A 405 390 10 0 2 0 PINTYPE=BI
P 31 400 400 350 400 0 3 0
A 355 400 10 0 3 3 #=AE18
L 345 400 10 0 8 0 1 0 VCCINT_AE18
A 405 400 10 0 2 0 PINTYPE=BI
P 32 400 410 350 410 0 3 0
A 355 410 10 0 3 3 #=AE20
L 345 410 10 0 8 0 1 0 VCCINT_AE20
A 405 410 10 0 2 0 PINTYPE=BI
P 33 400 420 350 420 0 3 0
A 355 420 10 0 3 3 #=AE22
L 345 420 10 0 8 0 1 0 VCCINT_AE22
A 405 420 10 0 2 0 PINTYPE=BI
P 34 400 430 350 430 0 3 0
A 355 430 10 0 3 3 #=AE24
L 345 430 10 0 8 0 1 0 VCCINT_AE24
A 405 430 10 0 2 0 PINTYPE=BI
P 35 400 440 350 440 0 3 0
A 355 440 10 0 3 3 #=AF13
L 345 440 10 0 8 0 1 0 VCCINT_AF13
A 405 440 10 0 2 0 PINTYPE=BI
P 36 400 450 350 450 0 3 0
A 355 450 10 0 3 3 #=AF15
L 345 450 10 0 8 0 1 0 VCCINT_AF15
A 405 450 10 0 2 0 PINTYPE=BI
P 37 400 460 350 460 0 3 0
A 355 460 10 0 3 3 #=AF17
L 345 460 10 0 8 0 1 0 VCCINT_AF17
A 405 460 10 0 2 0 PINTYPE=BI
P 38 400 470 350 470 0 3 0
A 355 470 10 0 3 3 #=AF19
L 345 470 10 0 8 0 1 0 VCCINT_AF19
A 405 470 10 0 2 0 PINTYPE=BI
P 39 400 480 350 480 0 3 0
A 355 480 10 0 3 3 #=AF21
L 345 480 10 0 8 0 1 0 VCCINT_AF21
A 405 480 10 0 2 0 PINTYPE=BI
P 40 400 490 350 490 0 3 0
A 355 490 10 0 3 3 #=AF23
L 345 490 10 0 8 0 1 0 VCCINT_AF23
A 405 490 10 0 2 0 PINTYPE=BI
P 41 400 500 350 500 0 3 0
A 355 500 10 0 3 3 #=AF25
L 345 500 10 0 8 0 1 0 VCCINT_AF25
A 405 500 10 0 2 0 PINTYPE=BI
P 42 400 510 350 510 0 3 0
A 355 510 10 0 3 3 #=AG14
L 345 510 10 0 8 0 1 0 VCCINT_AG14
A 405 510 10 0 2 0 PINTYPE=BI
P 43 400 520 350 520 0 3 0
A 355 520 10 0 3 3 #=AG16
L 345 520 10 0 8 0 1 0 VCCINT_AG16
A 405 520 10 0 2 0 PINTYPE=BI
P 44 400 530 350 530 0 3 0
A 355 530 10 0 3 3 #=AG18
L 345 530 10 0 8 0 1 0 VCCINT_AG18
A 405 530 10 0 2 0 PINTYPE=BI
P 45 400 540 350 540 0 3 0
A 355 540 10 0 3 3 #=AG20
L 345 540 10 0 8 0 1 0 VCCINT_AG20
A 405 540 10 0 2 0 PINTYPE=BI
P 46 400 550 350 550 0 3 0
A 355 550 10 0 3 3 #=AG22
L 345 550 10 0 8 0 1 0 VCCINT_AG22
A 405 550 10 0 2 0 PINTYPE=BI
P 47 400 560 350 560 0 3 0
A 355 560 10 0 3 3 #=AG24
L 345 560 10 0 8 0 1 0 VCCINT_AG24
A 405 560 10 0 2 0 PINTYPE=BI
P 48 400 570 350 570 0 3 0
A 355 570 10 0 3 3 #=AH15
L 345 570 10 0 8 0 1 0 VCCINT_AH15
A 405 570 10 0 2 0 PINTYPE=BI
P 49 400 580 350 580 0 3 0
A 355 580 10 0 3 3 #=AH17
L 345 580 10 0 8 0 1 0 VCCINT_AH17
A 405 580 10 0 2 0 PINTYPE=BI
P 50 400 590 350 590 0 3 0
A 355 590 10 0 3 3 #=AH19
L 345 590 10 0 8 0 1 0 VCCINT_AH19
A 405 590 10 0 2 0 PINTYPE=BI
P 51 400 600 350 600 0 3 0
A 355 600 10 0 3 3 #=AH21
L 345 600 10 0 8 0 1 0 VCCINT_AH21
A 405 600 10 0 2 0 PINTYPE=BI
P 52 400 610 350 610 0 3 0
A 355 610 10 0 3 3 #=AH23
L 345 610 10 0 8 0 1 0 VCCINT_AH23
A 405 610 10 0 2 0 PINTYPE=BI
P 53 400 620 350 620 0 3 0
A 355 620 10 0 3 3 #=AH25
L 345 620 10 0 8 0 1 0 VCCINT_AH25
A 405 620 10 0 2 0 PINTYPE=BI
P 54 400 630 350 630 0 3 0
A 355 630 10 0 3 3 #=AJ24
L 345 630 10 0 8 0 1 0 VCCINT_AJ24
A 405 630 10 0 2 0 PINTYPE=BI
P 55 400 640 350 640 0 3 0
A 355 640 10 0 3 3 #=U16
L 345 640 10 0 8 0 1 0 VCCINT_U16
A 405 640 10 0 2 0 PINTYPE=BI
P 56 400 650 350 650 0 3 0
A 355 650 10 0 3 3 #=U18
L 345 650 10 0 8 0 1 0 VCCINT_U18
A 405 650 10 0 2 0 PINTYPE=BI
P 57 400 660 350 660 0 3 0
A 355 660 10 0 3 3 #=U20
L 345 660 10 0 8 0 1 0 VCCINT_U20
A 405 660 10 0 2 0 PINTYPE=BI
P 58 400 670 350 670 0 3 0
A 355 670 10 0 3 3 #=U22
L 345 670 10 0 8 0 1 0 VCCINT_U22
A 405 670 10 0 2 0 PINTYPE=BI
P 59 400 680 350 680 0 3 0
A 355 680 10 0 3 3 #=U24
L 345 680 10 0 8 0 1 0 VCCINT_U24
A 405 680 10 0 2 0 PINTYPE=BI
P 60 400 690 350 690 0 3 0
A 355 690 10 0 3 3 #=V15
L 345 690 10 0 8 0 1 0 VCCINT_V15
A 405 690 10 0 2 0 PINTYPE=BI
P 61 400 700 350 700 0 3 0
A 355 700 10 0 3 3 #=V17
L 345 700 10 0 8 0 1 0 VCCINT_V17
A 405 700 10 0 2 0 PINTYPE=BI
P 62 400 710 350 710 0 3 0
A 355 710 10 0 3 3 #=V19
L 345 710 10 0 8 0 1 0 VCCINT_V19
A 405 710 10 0 2 0 PINTYPE=BI
P 63 400 720 350 720 0 3 0
A 355 720 10 0 3 3 #=V21
L 345 720 10 0 8 0 1 0 VCCINT_V21
A 405 720 10 0 2 0 PINTYPE=BI
P 64 400 730 350 730 0 3 0
A 355 730 10 0 3 3 #=V23
L 345 730 10 0 8 0 1 0 VCCINT_V23
A 405 730 10 0 2 0 PINTYPE=BI
P 65 400 740 350 740 0 3 0
A 355 740 10 0 3 3 #=V25
L 345 740 10 0 8 0 1 0 VCCINT_V25
A 405 740 10 0 2 0 PINTYPE=BI
P 66 400 750 350 750 0 3 0
A 355 750 10 0 3 3 #=W16
L 345 750 10 0 8 0 1 0 VCCINT_W16
A 405 750 10 0 2 0 PINTYPE=BI
P 67 400 760 350 760 0 3 0
A 355 760 10 0 3 3 #=W18
L 345 760 10 0 8 0 1 0 VCCINT_W18
A 405 760 10 0 2 0 PINTYPE=BI
P 68 400 770 350 770 0 3 0
A 355 770 10 0 3 3 #=W20
L 345 770 10 0 8 0 1 0 VCCINT_W20
A 405 770 10 0 2 0 PINTYPE=BI
P 69 400 780 350 780 0 3 0
A 355 780 10 0 3 3 #=W22
L 345 780 10 0 8 0 1 0 VCCINT_W22
A 405 780 10 0 2 0 PINTYPE=BI
P 70 400 790 350 790 0 3 0
A 355 790 10 0 3 3 #=W24
L 345 790 10 0 8 0 1 0 VCCINT_W24
A 405 790 10 0 2 0 PINTYPE=BI
P 71 400 800 350 800 0 3 0
A 355 800 10 0 3 3 #=W26
L 345 800 10 0 8 0 1 0 VCCINT_W26
A 405 800 10 0 2 0 PINTYPE=BI
P 72 400 810 350 810 0 3 0
A 355 810 10 0 3 3 #=Y13
L 345 810 10 0 8 0 1 0 VCCINT_Y13
A 405 810 10 0 2 0 PINTYPE=BI
P 73 400 820 350 820 0 3 0
A 355 820 10 0 3 3 #=Y15
L 345 820 10 0 8 0 1 0 VCCINT_Y15
A 405 820 10 0 2 0 PINTYPE=BI
P 74 400 830 350 830 0 3 0
A 355 830 10 0 3 3 #=Y17
L 345 830 10 0 8 0 1 0 VCCINT_Y17
A 405 830 10 0 2 0 PINTYPE=BI
P 75 400 840 350 840 0 3 0
A 355 840 10 0 3 3 #=Y19
L 345 840 10 0 8 0 1 0 VCCINT_Y19
A 405 840 10 0 2 0 PINTYPE=BI
P 76 400 850 350 850 0 3 0
A 355 850 10 0 3 3 #=Y21
L 345 850 10 0 8 0 1 0 VCCINT_Y21
A 405 850 10 0 2 0 PINTYPE=BI
P 77 400 860 350 860 0 3 0
A 355 860 10 0 3 3 #=Y23
L 345 860 10 0 8 0 1 0 VCCINT_Y23
A 405 860 10 0 2 0 PINTYPE=BI
P 78 400 870 350 870 0 3 0
A 355 870 10 0 3 3 #=Y25
L 345 870 10 0 8 0 1 0 VCCINT_Y25
A 405 870 10 0 2 0 PINTYPE=BI
T 220 890 20 0 5 XCKU115FLVF1924
T 220 910 20 0 5 BANK VCCINT
c 70 930 10
U 50 960 10 0 3 3 DEVICE=XXXXXX
U 50 30 16 0 3 3 REFDES=U?
U 250 30 10 0 3 3 PKG_TYPE=XXXXXX
U 0 0 10 0 3 0 HETERO=u115flvf1924a_0,u115flvf1924a_44,u115flvf1924a_45,u115flvf1924a_46,u115flvf1924a_51,u115flvf1924a_52,u115flvf1924a_53,u115flvf1924a_65,u115flvf1924a_66,u115flvf1924a_67,u115flvf1924a_68,u115flvf1924a_70,u115flvf1924a_71,u115flvf1924a_72,u115flvf1924a_73,u115flvf1924a_126,u115flvf1924a_127,u115flvf1924a_128,u115flvf1924a_131,u115flvf1924a_132,u115flvf1924a_133,u115flvf1924a_224,u115flvf1924a_225,u115flvf1924a_226,u115flvf1924a_227,u115flvf1924a_228,u115flvf1924a_229,u115flvf1924a_230,u115flvf1924a_231,u115flvf1924a_232,u115flvf1924a_233,u115flvf1924a_MGTAVCC_LN,u115flvf1924a_MGTAVCC_LS,u115flvf1924a_MGTAVCC_RN,u115flvf1924a_MGTAVCC_RS,u115flvf1924a_MGTAVTT_LN,u115flvf1924a_MGTAVTT_LS,u115flvf1924a_MGTAVTT_RN,u115flvf1924a_MGTAVTT_RS,u115flvf1924a_MGTVCCAUX_LN,u115flvf1924a_MGTVCCAUX_LS,u115flvf1924a_MGTVCCAUX_RN,u115flvf1924a_MGTVCCAUX_RS,u115flvf1924a_GND1,u115flvf1924a_GND2,u115flvf1924a_VCCINT,u115flvf1924a_VCCINT_IO,u115flvf1924a_VCCAUX,u115flvf1924a_VCCAUX_IO,u115flvf1924a_VCCBRAM
U 0 -10 10 0 3 0 PARTS=1
U 0 -20 10 0 3 0 LEVEL=STD
U 0 -30 10 0 3 0 DATE=2014_05_27
E
