V 50
K 153165148200 u160flvd1924
Y 1
D 0 0 400 530
Z 10
i 946
b 50 50 350 480
P 1 0 100 50 100 0 2 0
A 45 100 10 0 9 0 #=AT21
L 55 100 10 0 2 0 1 0 VCCO_84_AT21
A 10 100 10 0 2 0 PINTYPE=BI
P 2 0 110 50 110 0 2 0
A 45 110 10 0 9 0 #=AN20
L 55 110 10 0 2 0 1 0 VCCO_84_AN20
A 10 110 10 0 2 0 PINTYPE=BI
P 3 0 120 50 120 0 2 0
A 45 120 10 0 9 0 #=AM23
L 55 120 10 0 2 0 1 0 VCCO_84_AM23
A 10 120 10 0 2 0 PINTYPE=BI
P 4 0 130 50 130 0 2 0
A 45 130 10 0 9 0 #=AJ22
L 55 130 10 0 2 0 1 0 VCCO_84_AJ22
A 10 130 10 0 2 0 PINTYPE=BI
P 5 400 100 350 100 0 3 0
A 355 100 10 0 3 3 #=AJ21
L 345 100 10 0 8 0 1 0 VREF_84_AJ21
A 405 100 10 0 2 0 PINTYPE=BI
P 6 400 110 350 110 0 3 0
A 355 110 10 0 3 3 #=AR21
L 345 110 10 0 8 0 1 0 IO_L13N_T2L_N1_GC_QBC_84_AR21
A 405 110 10 0 2 0 PINTYPE=BI
P 7 400 120 350 120 0 3 0
A 355 120 10 0 3 3 #=AP21
L 345 120 10 0 8 0 1 0 IO_L13P_T2L_N0_GC_QBC_84_AP21
A 405 120 10 0 2 0 PINTYPE=BI
P 8 400 130 350 130 0 3 0
A 355 130 10 0 3 3 #=AP20
L 345 130 10 0 8 0 1 0 IO_T2U_N12_84_AP20
A 405 130 10 0 2 0 PINTYPE=BI
P 9 400 140 350 140 0 3 0
A 355 140 10 0 3 3 #=AT22
L 345 140 10 0 8 0 1 0 IO_L14N_T2L_N3_GC_84_AT22
A 405 140 10 0 2 0 PINTYPE=BI
P 10 400 150 350 150 0 3 0
A 355 150 10 0 3 3 #=AR22
L 345 150 10 0 8 0 1 0 IO_L14P_T2L_N2_GC_84_AR22
A 405 150 10 0 2 0 PINTYPE=BI
P 11 400 160 350 160 0 3 0
A 355 160 10 0 3 3 #=AT20
L 345 160 10 0 8 0 1 0 IO_L15N_T2L_N5_AD11N_84_AT20
A 405 160 10 0 2 0 PINTYPE=BI
P 12 400 170 350 170 0 3 0
A 355 170 10 0 3 3 #=AR20
L 345 170 10 0 8 0 1 0 IO_L15P_T2L_N4_AD11P_84_AR20
A 405 170 10 0 2 0 PINTYPE=BI
P 13 400 180 350 180 0 3 0
A 355 180 10 0 3 3 #=AT23
L 345 180 10 0 8 0 1 0 IO_L16N_T2U_N7_QBC_AD3N_84_AT23
A 405 180 10 0 2 0 PINTYPE=BI
P 14 400 190 350 190 0 3 0
A 355 190 10 0 3 3 #=AR23
L 345 190 10 0 8 0 1 0 IO_L16P_T2U_N6_QBC_AD3P_84_AR23
A 405 190 10 0 2 0 PINTYPE=BI
P 15 400 200 350 200 0 3 0
A 355 200 10 0 3 3 #=AN21
L 345 200 10 0 8 0 1 0 IO_L17N_T2U_N9_AD10N_84_AN21
A 405 200 10 0 2 0 PINTYPE=BI
P 16 400 210 350 210 0 3 0
A 355 210 10 0 3 3 #=AN22
L 345 210 10 0 8 0 1 0 IO_L17P_T2U_N8_AD10P_84_AN22
A 405 210 10 0 2 0 PINTYPE=BI
P 17 400 220 350 220 0 3 0
A 355 220 10 0 3 3 #=AP23
L 345 220 10 0 8 0 1 0 IO_L18N_T2U_N11_AD2N_84_AP23
A 405 220 10 0 2 0 PINTYPE=BI
P 18 400 230 350 230 0 3 0
A 355 230 10 0 3 3 #=AN23
L 345 230 10 0 8 0 1 0 IO_L18P_T2U_N10_AD2P_84_AN23
A 405 230 10 0 2 0 PINTYPE=BI
P 19 400 240 350 240 0 3 0
A 355 240 10 0 3 3 #=AM21
L 345 240 10 0 8 0 1 0 IO_L19N_T3L_N1_DBC_AD9N_84_AM21
A 405 240 10 0 2 0 PINTYPE=BI
P 20 400 250 350 250 0 3 0
A 355 250 10 0 3 3 #=AM22
L 345 250 10 0 8 0 1 0 IO_L19P_T3L_N0_DBC_AD9P_84_AM22
A 405 250 10 0 2 0 PINTYPE=BI
P 21 400 260 350 260 0 3 0
A 355 260 10 0 3 3 #=AL22
L 345 260 10 0 8 0 1 0 IO_L20N_T3L_N3_AD1N_84_AL22
A 405 260 10 0 2 0 PINTYPE=BI
P 22 400 270 350 270 0 3 0
A 355 270 10 0 3 3 #=AL23
L 345 270 10 0 8 0 1 0 IO_L20P_T3L_N2_AD1P_84_AL23
A 405 270 10 0 2 0 PINTYPE=BI
P 23 400 280 350 280 0 3 0
A 355 280 10 0 3 3 #=AM20
L 345 280 10 0 8 0 1 0 IO_L21N_T3L_N5_AD8N_84_AM20
A 405 280 10 0 2 0 PINTYPE=BI
P 24 400 290 350 290 0 3 0
A 355 290 10 0 3 3 #=AL20
L 345 290 10 0 8 0 1 0 IO_L21P_T3L_N4_AD8P_84_AL20
A 405 290 10 0 2 0 PINTYPE=BI
P 25 400 300 350 300 0 3 0
A 355 300 10 0 3 3 #=AK21
L 345 300 10 0 8 0 1 0 IO_L22N_T3U_N7_DBC_AD0N_84_AK21
A 405 300 10 0 2 0 PINTYPE=BI
P 26 400 310 350 310 0 3 0
A 355 310 10 0 3 3 #=AK22
L 345 310 10 0 8 0 1 0 IO_L22P_T3U_N6_DBC_AD0P_84_AK22
A 405 310 10 0 2 0 PINTYPE=BI
P 27 400 320 350 320 0 3 0
A 355 320 10 0 3 3 #=AK20
L 345 320 10 0 8 0 1 0 IO_L23N_T3U_N9_84_AK20
A 405 320 10 0 2 0 PINTYPE=BI
P 28 400 330 350 330 0 3 0
A 355 330 10 0 3 3 #=AJ20
L 345 330 10 0 8 0 1 0 IO_L23P_T3U_N8_84_AJ20
A 405 330 10 0 2 0 PINTYPE=BI
P 29 400 340 350 340 0 3 0
A 355 340 10 0 3 3 #=AJ24
L 345 340 10 0 8 0 1 0 IO_T3U_N12_84_AJ24
A 405 340 10 0 2 0 PINTYPE=BI
P 30 400 350 350 350 0 3 0
A 355 350 10 0 3 3 #=AK23
L 345 350 10 0 8 0 1 0 IO_L24N_T3U_N11_84_AK23
A 405 350 10 0 2 0 PINTYPE=BI
P 31 400 360 350 360 0 3 0
A 355 360 10 0 3 3 #=AJ23
L 345 360 10 0 8 0 1 0 IO_L24P_T3U_N10_84_AJ23
A 405 360 10 0 2 0 PINTYPE=BI
T 220 380 20 0 5 XCVU160FLVD1924
T 220 400 20 0 5 BANK 84
c 70 460 10
U 50 490 10 0 3 3 DEVICE=XXXXXX
U 50 30 16 0 3 3 REFDES=U?
U 250 30 10 0 3 3 PKG_TYPE=XXXXXX
U 0 0 10 0 3 0 HETERO=u160flvd1924a_0,u160flvd1924a_44,u160flvd1924a_45,u160flvd1924a_46,u160flvd1924a_47,u160flvd1924a_49,u160flvd1924a_50,u160flvd1924a_51,u160flvd1924a_52,u160flvd1924a_65,u160flvd1924a_66,u160flvd1924a_67,u160flvd1924a_69,u160flvd1924a_70,u160flvd1924a_71,u160flvd1924a_72,u160flvd1924a_84,u160flvd1924a_94,u160flvd1924a_125,u160flvd1924a_126,u160flvd1924a_127,u160flvd1924a_130,u160flvd1924a_131,u160flvd1924a_132,u160flvd1924a_224,u160flvd1924a_225,u160flvd1924a_226,u160flvd1924a_227,u160flvd1924a_230,u160flvd1924a_231,u160flvd1924a_232,u160flvd1924a_MGTAVCC_LN,u160flvd1924a_MGTAVCC_LS,u160flvd1924a_MGTAVCC_RN,u160flvd1924a_MGTAVCC_RS,u160flvd1924a_MGTAVTT_LN,u160flvd1924a_MGTAVTT_LS,u160flvd1924a_MGTAVTT_RN,u160flvd1924a_MGTAVTT_RS,u160flvd1924a_MGTVCCAUX_LN,u160flvd1924a_MGTVCCAUX_LS,u160flvd1924a_MGTVCCAUX_RN,u160flvd1924a_MGTVCCAUX_RS,u160flvd1924a_GND1,u160flvd1924a_GND2,u160flvd1924a_VCCINT,u160flvd1924a_VCCINT_IO,u160flvd1924a_VCCAUX,u160flvd1924a_VCCAUX_IO,u160flvd1924a_VCCBRAM
U 0 -10 10 0 3 0 PARTS=1
U 0 -20 10 0 3 0 LEVEL=STD
U 0 -30 10 0 3 0 DATE=2013_11_27
E
