V 50
K 153165148200 u160flvd1924
Y 1
D 0 0 400 530
Z 10
i 946
b 50 50 350 480
P 1 0 100 50 100 0 2 0
A 45 100 10 0 9 0 #=BC20
L 55 100 10 0 2 0 1 0 VCCO_94_BC20
A 10 100 10 0 2 0 PINTYPE=BI
P 2 0 110 50 110 0 2 0
A 45 110 10 0 9 0 #=BB23
L 55 110 10 0 2 0 1 0 VCCO_94_BB23
A 10 110 10 0 2 0 PINTYPE=BI
P 3 0 120 50 120 0 2 0
A 45 120 10 0 9 0 #=AY19
L 55 120 10 0 2 0 1 0 VCCO_94_AY19
A 10 120 10 0 2 0 PINTYPE=BI
P 4 0 130 50 130 0 2 0
A 45 130 10 0 9 0 #=AW22
L 55 130 10 0 2 0 1 0 VCCO_94_AW22
A 10 130 10 0 2 0 PINTYPE=BI
P 5 400 100 350 100 0 3 0
A 355 100 10 0 3 3 #=AU20
L 345 100 10 0 8 0 1 0 VREF_94_AU20
A 405 100 10 0 2 0 PINTYPE=BI
P 6 400 110 350 110 0 3 0
A 355 110 10 0 3 3 #=BD23
L 345 110 10 0 8 0 1 0 IO_L1N_T0L_N1_DBC_94_BD23
A 405 110 10 0 2 0 PINTYPE=BI
P 7 400 120 350 120 0 3 0
A 355 120 10 0 3 3 #=BC23
L 345 120 10 0 8 0 1 0 IO_L1P_T0L_N0_DBC_94_BC23
A 405 120 10 0 2 0 PINTYPE=BI
P 8 400 130 350 130 0 3 0
A 355 130 10 0 3 3 #=BA23
L 345 130 10 0 8 0 1 0 IO_T0U_N12_94_BA23
A 405 130 10 0 2 0 PINTYPE=BI
P 9 400 140 350 140 0 3 0
A 355 140 10 0 3 3 #=BB21
L 345 140 10 0 8 0 1 0 IO_L2N_T0L_N3_94_BB21
A 405 140 10 0 2 0 PINTYPE=BI
P 10 400 150 350 150 0 3 0
A 355 150 10 0 3 3 #=BA22
L 345 150 10 0 8 0 1 0 IO_L2P_T0L_N2_94_BA22
A 405 150 10 0 2 0 PINTYPE=BI
P 11 400 160 350 160 0 3 0
A 355 160 10 0 3 3 #=BC22
L 345 160 10 0 8 0 1 0 IO_L3N_T0L_N5_AD15N_94_BC22
A 405 160 10 0 2 0 PINTYPE=BI
P 12 400 170 350 170 0 3 0
A 355 170 10 0 3 3 #=BB22
L 345 170 10 0 8 0 1 0 IO_L3P_T0L_N4_AD15P_94_BB22
A 405 170 10 0 2 0 PINTYPE=BI
P 13 400 180 350 180 0 3 0
A 355 180 10 0 3 3 #=BD21
L 345 180 10 0 8 0 1 0 IO_L4N_T0U_N7_DBC_AD7N_94_BD21
A 405 180 10 0 2 0 PINTYPE=BI
P 14 400 190 350 190 0 3 0
A 355 190 10 0 3 3 #=BC21
L 345 190 10 0 8 0 1 0 IO_L4P_T0U_N6_DBC_AD7P_94_BC21
A 405 190 10 0 2 0 PINTYPE=BI
P 15 400 200 350 200 0 3 0
A 355 200 10 0 3 3 #=AY22
L 345 200 10 0 8 0 1 0 IO_L5N_T0U_N9_AD14N_94_AY22
A 405 200 10 0 2 0 PINTYPE=BI
P 16 400 210 350 210 0 3 0
A 355 210 10 0 3 3 #=AY23
L 345 210 10 0 8 0 1 0 IO_L5P_T0U_N8_AD14P_94_AY23
A 405 210 10 0 2 0 PINTYPE=BI
P 17 400 220 350 220 0 3 0
A 355 220 10 0 3 3 #=BB20
L 345 220 10 0 8 0 1 0 IO_L6N_T0U_N11_AD6N_94_BB20
A 405 220 10 0 2 0 PINTYPE=BI
P 18 400 230 350 230 0 3 0
A 355 230 10 0 3 3 #=BA20
L 345 230 10 0 8 0 1 0 IO_L6P_T0U_N10_AD6P_94_BA20
A 405 230 10 0 2 0 PINTYPE=BI
P 19 400 240 350 240 0 3 0
A 355 240 10 0 3 3 #=AW23
L 345 240 10 0 8 0 1 0 IO_L7N_T1L_N1_QBC_AD13N_94_AW23
A 405 240 10 0 2 0 PINTYPE=BI
P 20 400 250 350 250 0 3 0
A 355 250 10 0 3 3 #=AW24
L 345 250 10 0 8 0 1 0 IO_L7P_T1L_N0_QBC_AD13P_94_AW24
A 405 250 10 0 2 0 PINTYPE=BI
P 21 400 260 350 260 0 3 0
A 355 260 10 0 3 3 #=AY20
L 345 260 10 0 8 0 1 0 IO_L8N_T1L_N3_AD5N_94_AY20
A 405 260 10 0 2 0 PINTYPE=BI
P 22 400 270 350 270 0 3 0
A 355 270 10 0 3 3 #=AY21
L 345 270 10 0 8 0 1 0 IO_L8P_T1L_N2_AD5P_94_AY21
A 405 270 10 0 2 0 PINTYPE=BI
P 23 400 280 350 280 0 3 0
A 355 280 10 0 3 3 #=AV24
L 345 280 10 0 8 0 1 0 IO_L9N_T1L_N5_AD12N_94_AV24
A 405 280 10 0 2 0 PINTYPE=BI
P 24 400 290 350 290 0 3 0
A 355 290 10 0 3 3 #=AU24
L 345 290 10 0 8 0 1 0 IO_L9P_T1L_N4_AD12P_94_AU24
A 405 290 10 0 2 0 PINTYPE=BI
P 25 400 300 350 300 0 3 0
A 355 300 10 0 3 3 #=AW21
L 345 300 10 0 8 0 1 0 IO_L10N_T1U_N7_QBC_AD4N_94_AW21
A 405 300 10 0 2 0 PINTYPE=BI
P 26 400 310 350 310 0 3 0
A 355 310 10 0 3 3 #=AV21
L 345 310 10 0 8 0 1 0 IO_L10P_T1U_N6_QBC_AD4P_94_AV21
A 405 310 10 0 2 0 PINTYPE=BI
P 27 400 320 350 320 0 3 0
A 355 320 10 0 3 3 #=AV22
L 345 320 10 0 8 0 1 0 IO_L11N_T1U_N9_GC_94_AV22
A 405 320 10 0 2 0 PINTYPE=BI
P 28 400 330 350 330 0 3 0
A 355 330 10 0 3 3 #=AV23
L 345 330 10 0 8 0 1 0 IO_L11P_T1U_N8_GC_94_AV23
A 405 330 10 0 2 0 PINTYPE=BI
P 29 400 340 350 340 0 3 0
A 355 340 10 0 3 3 #=AW20
L 345 340 10 0 8 0 1 0 IO_T1U_N12_94_AW20
A 405 340 10 0 2 0 PINTYPE=BI
P 30 400 350 350 350 0 3 0
A 355 350 10 0 3 3 #=AU21
L 345 350 10 0 8 0 1 0 IO_L12N_T1U_N11_GC_94_AU21
A 405 350 10 0 2 0 PINTYPE=BI
P 31 400 360 350 360 0 3 0
A 355 360 10 0 3 3 #=AU22
L 345 360 10 0 8 0 1 0 IO_L12P_T1U_N10_GC_94_AU22
A 405 360 10 0 2 0 PINTYPE=BI
T 220 380 20 0 5 XCVU160FLVD1924
T 220 400 20 0 5 BANK 94_H
c 70 460 10
U 50 490 10 0 3 3 DEVICE=XXXXXX
U 50 30 16 0 3 3 REFDES=U?
U 250 30 10 0 3 3 PKG_TYPE=XXXXXX
U 0 0 10 0 3 0 HETERO=u160flvd1924a_0_H,u160flvd1924a_44_H,u160flvd1924a_45_H,u160flvd1924a_46_H,u160flvd1924a_47_H,u160flvd1924a_49_H,u160flvd1924a_50_H,u160flvd1924a_51_H,u160flvd1924a_52_H,u160flvd1924a_65_H,u160flvd1924a_66_H,u160flvd1924a_67_H,u160flvd1924a_69_H,u160flvd1924a_70_H,u160flvd1924a_71_H,u160flvd1924a_72_H,u160flvd1924a_84_H,u160flvd1924a_94_H,u160flvd1924a_GND_H
U 0 -10 10 0 3 0 PARTS=1
U 0 -20 10 0 3 0 LEVEL=STD
U 0 -30 10 0 3 0 DATE=2013_11_27
E
