V 50
K 153165148200 u160flvd1924
Y 1
D 0 0 400 440
Z 10
i 946
b 50 50 350 390
P 1 400 100 350 100 0 3 0
A 355 100 10 0 3 3 #=A40
L 345 100 10 0 8 0 1 0 MGTRREF_131_A40
A 405 100 10 0 2 0 PINTYPE=BI
P 2 400 110 350 110 0 3 0
A 355 110 10 0 3 3 #=A39
L 345 110 10 0 8 0 1 0 MGTAVTTRCAL_131_A39
A 405 110 10 0 2 0 PINTYPE=BI
P 3 400 120 350 120 0 3 0
A 355 120 10 0 3 3 #=T38
L 345 120 10 0 8 0 1 0 MGTREFCLK1N_131_T38
A 405 120 10 0 2 0 PINTYPE=BI
P 4 400 130 350 130 0 3 0
A 355 130 10 0 3 3 #=T37
L 345 130 10 0 8 0 1 0 MGTREFCLK1P_131_T37
A 405 130 10 0 2 0 PINTYPE=BI
P 5 400 140 350 140 0 3 0
A 355 140 10 0 3 3 #=V38
L 345 140 10 0 8 0 1 0 MGTREFCLK0N_131_V38
A 405 140 10 0 2 0 PINTYPE=BI
P 6 400 150 350 150 0 3 0
A 355 150 10 0 3 3 #=V37
L 345 150 10 0 8 0 1 0 MGTREFCLK0P_131_V37
A 405 150 10 0 2 0 PINTYPE=BI
P 7 400 160 350 160 0 3 0
A 355 160 10 0 3 3 #=L44
L 345 160 10 0 8 0 1 0 MGTYRXN3_131_L44
A 405 160 10 0 2 0 PINTYPE=BI
P 8 400 170 350 170 0 3 0
A 355 170 10 0 3 3 #=L43
L 345 170 10 0 8 0 1 0 MGTYRXP3_131_L43
A 405 170 10 0 2 0 PINTYPE=BI
P 9 400 180 350 180 0 3 0
A 355 180 10 0 3 3 #=K42
L 345 180 10 0 8 0 1 0 MGTYTXN3_131_K42
A 405 180 10 0 2 0 PINTYPE=BI
P 10 400 190 350 190 0 3 0
A 355 190 10 0 3 3 #=K41
L 345 190 10 0 8 0 1 0 MGTYTXP3_131_K41
A 405 190 10 0 2 0 PINTYPE=BI
P 11 400 200 350 200 0 3 0
A 355 200 10 0 3 3 #=N44
L 345 200 10 0 8 0 1 0 MGTYRXN2_131_N44
A 405 200 10 0 2 0 PINTYPE=BI
P 12 400 210 350 210 0 3 0
A 355 210 10 0 3 3 #=N43
L 345 210 10 0 8 0 1 0 MGTYRXP2_131_N43
A 405 210 10 0 2 0 PINTYPE=BI
P 13 400 220 350 220 0 3 0
A 355 220 10 0 3 3 #=M42
L 345 220 10 0 8 0 1 0 MGTYTXN2_131_M42
A 405 220 10 0 2 0 PINTYPE=BI
P 14 400 230 350 230 0 3 0
A 355 230 10 0 3 3 #=M41
L 345 230 10 0 8 0 1 0 MGTYTXP2_131_M41
A 405 230 10 0 2 0 PINTYPE=BI
P 15 400 240 350 240 0 3 0
A 355 240 10 0 3 3 #=R44
L 345 240 10 0 8 0 1 0 MGTYRXN1_131_R44
A 405 240 10 0 2 0 PINTYPE=BI
P 16 400 250 350 250 0 3 0
A 355 250 10 0 3 3 #=R43
L 345 250 10 0 8 0 1 0 MGTYRXP1_131_R43
A 405 250 10 0 2 0 PINTYPE=BI
P 17 400 260 350 260 0 3 0
A 355 260 10 0 3 3 #=P42
L 345 260 10 0 8 0 1 0 MGTYTXN1_131_P42
A 405 260 10 0 2 0 PINTYPE=BI
P 18 400 270 350 270 0 3 0
A 355 270 10 0 3 3 #=P41
L 345 270 10 0 8 0 1 0 MGTYTXP1_131_P41
A 405 270 10 0 2 0 PINTYPE=BI
P 19 400 280 350 280 0 3 0
A 355 280 10 0 3 3 #=U44
L 345 280 10 0 8 0 1 0 MGTYRXN0_131_U44
A 405 280 10 0 2 0 PINTYPE=BI
P 20 400 290 350 290 0 3 0
A 355 290 10 0 3 3 #=U43
L 345 290 10 0 8 0 1 0 MGTYRXP0_131_U43
A 405 290 10 0 2 0 PINTYPE=BI
P 21 400 300 350 300 0 3 0
A 355 300 10 0 3 3 #=T42
L 345 300 10 0 8 0 1 0 MGTYTXN0_131_T42
A 405 300 10 0 2 0 PINTYPE=BI
P 22 400 310 350 310 0 3 0
A 355 310 10 0 3 3 #=T41
L 345 310 10 0 8 0 1 0 MGTYTXP0_131_T41
A 405 310 10 0 2 0 PINTYPE=BI
T 220 330 20 0 5 XCVU160FLVD1924
T 220 350 20 0 5 BANK 131
c 70 370 10
U 50 400 10 0 3 3 DEVICE=XXXXXX
U 50 30 16 0 3 3 REFDES=U?
U 250 30 10 0 3 3 PKG_TYPE=XXXXXX
U 0 0 10 0 3 0 HETERO=u160flvd1924b_0,u160flvd1924b_44,u160flvd1924b_45,u160flvd1924b_46,u160flvd1924b_47,u160flvd1924b_49,u160flvd1924b_50,u160flvd1924b_51,u160flvd1924b_52,u160flvd1924b_65,u160flvd1924b_66,u160flvd1924b_67,u160flvd1924b_69,u160flvd1924b_70,u160flvd1924b_71,u160flvd1924b_72,u160flvd1924b_84,u160flvd1924b_94,u160flvd1924b_125,u160flvd1924b_126,u160flvd1924b_127,u160flvd1924b_130,u160flvd1924b_131,u160flvd1924b_132,u160flvd1924b_224,u160flvd1924b_225,u160flvd1924b_226,u160flvd1924b_227,u160flvd1924b_230,u160flvd1924b_231,u160flvd1924b_232,u160flvd1924b_MGTAVCC_LN,u160flvd1924b_MGTAVCC_LS,u160flvd1924b_MGTAVCC_RN,u160flvd1924b_MGTAVCC_RS,u160flvd1924b_MGTAVTT_LN,u160flvd1924b_MGTAVTT_LS,u160flvd1924b_MGTAVTT_RN,u160flvd1924b_MGTAVTT_RS,u160flvd1924b_MGTVCCAUX_LN,u160flvd1924b_MGTVCCAUX_LS,u160flvd1924b_MGTVCCAUX_RN,u160flvd1924b_MGTVCCAUX_RS,u160flvd1924b_GND1,u160flvd1924b_GND2,u160flvd1924b_VCCINT,u160flvd1924b_VCCINT_IO,u160flvd1924b_VCCAUX,u160flvd1924b_VCCAUX_IO,u160flvd1924b_VCCBRAM
U 0 -10 10 0 3 0 PARTS=1
U 0 -20 10 0 3 0 LEVEL=STD
U 0 -30 10 0 3 0 DATE=2013_11_27
E
