V 50
K 153165148200 u160flvd1924
Y 1
D 0 0 400 420
Z 10
i 946
b 50 50 350 370
P 1 400 100 350 100 0 3 0
A 355 100 10 0 3 3 #=AG44
L 345 100 10 0 8 0 1 0 MGTYRXN0_127_AG44
A 405 100 10 0 2 0 PINTYPE=BI
P 2 400 110 350 110 0 3 0
A 355 110 10 0 3 3 #=AG43
L 345 110 10 0 8 0 1 0 MGTYRXP0_127_AG43
A 405 110 10 0 2 0 PINTYPE=BI
P 3 400 120 350 120 0 3 0
A 355 120 10 0 3 3 #=AG39
L 345 120 10 0 8 0 1 0 MGTYTXP0_127_AG39
A 405 120 10 0 2 0 PINTYPE=BI
P 4 400 130 350 130 0 3 0
A 355 130 10 0 3 3 #=AG40
L 345 130 10 0 8 0 1 0 MGTYTXN0_127_AG40
A 405 130 10 0 2 0 PINTYPE=BI
P 5 400 140 350 140 0 3 0
A 355 140 10 0 3 3 #=AF42
L 345 140 10 0 8 0 1 0 MGTYRXN1_127_AF42
A 405 140 10 0 2 0 PINTYPE=BI
P 6 400 150 350 150 0 3 0
A 355 150 10 0 3 3 #=AF41
L 345 150 10 0 8 0 1 0 MGTYRXP1_127_AF41
A 405 150 10 0 2 0 PINTYPE=BI
P 7 400 160 350 160 0 3 0
A 355 160 10 0 3 3 #=AE39
L 345 160 10 0 8 0 1 0 MGTYTXP1_127_AE39
A 405 160 10 0 2 0 PINTYPE=BI
P 8 400 170 350 170 0 3 0
A 355 170 10 0 3 3 #=AE40
L 345 170 10 0 8 0 1 0 MGTYTXN1_127_AE40
A 405 170 10 0 2 0 PINTYPE=BI
P 9 400 180 350 180 0 3 0
A 355 180 10 0 3 3 #=AE44
L 345 180 10 0 8 0 1 0 MGTYRXN2_127_AE44
A 405 180 10 0 2 0 PINTYPE=BI
P 10 400 190 350 190 0 3 0
A 355 190 10 0 3 3 #=AE43
L 345 190 10 0 8 0 1 0 MGTYRXP2_127_AE43
A 405 190 10 0 2 0 PINTYPE=BI
P 11 400 200 350 200 0 3 0
A 355 200 10 0 3 3 #=AD41
L 345 200 10 0 8 0 1 0 MGTYTXP2_127_AD41
A 405 200 10 0 2 0 PINTYPE=BI
P 12 400 210 350 210 0 3 0
A 355 210 10 0 3 3 #=AD42
L 345 210 10 0 8 0 1 0 MGTYTXN2_127_AD42
A 405 210 10 0 2 0 PINTYPE=BI
P 13 400 220 350 220 0 3 0
A 355 220 10 0 3 3 #=AC44
L 345 220 10 0 8 0 1 0 MGTYRXN3_127_AC44
A 405 220 10 0 2 0 PINTYPE=BI
P 14 400 230 350 230 0 3 0
A 355 230 10 0 3 3 #=AC43
L 345 230 10 0 8 0 1 0 MGTYRXP3_127_AC43
A 405 230 10 0 2 0 PINTYPE=BI
P 15 400 240 350 240 0 3 0
A 355 240 10 0 3 3 #=AC39
L 345 240 10 0 8 0 1 0 MGTYTXP3_127_AC39
A 405 240 10 0 2 0 PINTYPE=BI
P 16 400 250 350 250 0 3 0
A 355 250 10 0 3 3 #=AC40
L 345 250 10 0 8 0 1 0 MGTYTXN3_127_AC40
A 405 250 10 0 2 0 PINTYPE=BI
P 17 400 260 350 260 0 3 0
A 355 260 10 0 3 3 #=AD38
L 345 260 10 0 8 0 1 0 MGTREFCLK1N_127_AD38
A 405 260 10 0 2 0 PINTYPE=BI
P 18 400 270 350 270 0 3 0
A 355 270 10 0 3 3 #=AD37
L 345 270 10 0 8 0 1 0 MGTREFCLK1P_127_AD37
A 405 270 10 0 2 0 PINTYPE=BI
P 19 400 280 350 280 0 3 0
A 355 280 10 0 3 3 #=AF38
L 345 280 10 0 8 0 1 0 MGTREFCLK0N_127_AF38
A 405 280 10 0 2 0 PINTYPE=BI
P 20 400 290 350 290 0 3 0
A 355 290 10 0 3 3 #=AF37
L 345 290 10 0 8 0 1 0 MGTREFCLK0P_127_AF37
A 405 290 10 0 2 0 PINTYPE=BI
T 220 310 20 0 5 XCVU160FLVD1924
T 220 330 20 0 5 BANK 127
c 70 350 10
U 50 380 10 0 3 3 DEVICE=XXXXXX
U 50 30 16 0 3 3 REFDES=U?
U 250 30 10 0 3 3 PKG_TYPE=XXXXXX
U 0 0 10 0 3 0 HETERO=u160flvd1924a_0,u160flvd1924a_44,u160flvd1924a_45,u160flvd1924a_46,u160flvd1924a_47,u160flvd1924a_49,u160flvd1924a_50,u160flvd1924a_51,u160flvd1924a_52,u160flvd1924a_65,u160flvd1924a_66,u160flvd1924a_67,u160flvd1924a_69,u160flvd1924a_70,u160flvd1924a_71,u160flvd1924a_72,u160flvd1924a_84,u160flvd1924a_94,u160flvd1924a_125,u160flvd1924a_126,u160flvd1924a_127,u160flvd1924a_130,u160flvd1924a_131,u160flvd1924a_132,u160flvd1924a_224,u160flvd1924a_225,u160flvd1924a_226,u160flvd1924a_227,u160flvd1924a_230,u160flvd1924a_231,u160flvd1924a_232,u160flvd1924a_MGTAVCC_LN,u160flvd1924a_MGTAVCC_LS,u160flvd1924a_MGTAVCC_RN,u160flvd1924a_MGTAVCC_RS,u160flvd1924a_MGTAVTT_LN,u160flvd1924a_MGTAVTT_LS,u160flvd1924a_MGTAVTT_RN,u160flvd1924a_MGTAVTT_RS,u160flvd1924a_MGTVCCAUX_LN,u160flvd1924a_MGTVCCAUX_LS,u160flvd1924a_MGTVCCAUX_RN,u160flvd1924a_MGTVCCAUX_RS,u160flvd1924a_GND1,u160flvd1924a_GND2,u160flvd1924a_VCCINT,u160flvd1924a_VCCINT_IO,u160flvd1924a_VCCAUX,u160flvd1924a_VCCAUX_IO,u160flvd1924a_VCCBRAM
U 0 -10 10 0 3 0 PARTS=1
U 0 -20 10 0 3 0 LEVEL=STD
U 0 -30 10 0 3 0 DATE=2013_11_27
E
