V 50
K 153165148200 us01
Y 1
D 0 0 400 440
Z 10
i 946
b 50 50 350 390
P 1 0 100 50 100 0 2 0
A 45 100 10 0 9 3 #=AE13
L 55 100 10 0 2 0 1 0 VCCO_0_AE13
A 10 100 10 0 2 0 PINTYPE=BI
P 2 0 110 50 110 0 2 0
A 45 110 10 0 9 3 #=AG13
L 55 110 10 0 2 0 1 0 VCCO_0_AG13
A 10 110 10 0 2 0 PINTYPE=BI
P 3 400 100 350 100 0 3 0
A 355 100 10 0 3 3 #=AB14
L 345 100 10 0 8 0 1 0 M0_0_AB14
A 405 100 10 0 2 0 PINTYPE=BI
P 4 400 110 350 110 0 3 0
A 355 110 10 0 3 3 #=Y14
L 345 110 10 0 8 0 1 0 M1_0_Y14
A 405 110 10 0 2 0 PINTYPE=BI
P 5 400 120 350 120 0 3 0
A 355 120 10 0 3 3 #=V14
L 345 120 10 0 8 0 1 0 M2_0_V14
A 405 120 10 0 2 0 PINTYPE=BI
P 6 400 130 350 130 0 3 0
A 355 130 10 0 3 3 #=AY14
L 345 130 10 0 8 0 1 0 D00_MOSI_0_AY14
A 405 130 10 0 2 0 PINTYPE=BI
P 7 400 140 350 140 0 3 0
A 355 140 10 0 3 3 #=AV14
L 345 140 10 0 8 0 1 0 D01_DIN_0_AV14
A 405 140 10 0 2 0 PINTYPE=BI
P 8 400 150 350 150 0 3 0
A 355 150 10 0 3 3 #=AT14
L 345 150 10 0 8 0 1 0 D02_0_AT14
A 405 150 10 0 2 0 PINTYPE=BI
P 9 400 160 350 160 0 3 0
A 355 160 10 0 3 3 #=AP14
L 345 160 10 0 8 0 1 0 D03_0_AP14
A 405 160 10 0 2 0 PINTYPE=BI
P 10 400 170 350 170 0 3 0
A 355 170 10 0 3 3 #=AJ13
L 345 170 10 0 8 0 1 0 DONE_0_AJ13
A 405 170 10 0 2 0 PINTYPE=BI
P 11 400 180 350 180 0 3 0
A 355 180 10 0 3 3 #=P14
L 345 180 10 0 8 0 1 0 CFGBVS_0_P14
A 405 180 10 0 2 0 PINTYPE=BI
P 12 400 190 350 190 0 3 0
A 355 190 10 0 3 3 #=AK14
L 345 190 10 0 8 0 1 0 PROGRAM_B_0_AK14
A 405 190 10 0 2 0 PINTYPE=BI
P 13 400 200 350 200 0 3 0
A 355 200 10 0 3 3 #=T14
L 345 200 10 0 8 0 1 0 INIT_B_0_T14
A 405 200 10 0 2 0 PINTYPE=BI
P 14 400 210 350 210 0 3 0
A 355 210 10 0 3 3 #=AH13
L 345 210 10 0 8 0 1 0 TDI_0_AH13
A 405 210 10 0 2 0 PINTYPE=BI
P 15 400 220 350 220 0 3 0
A 355 220 10 0 3 3 #=AG14
L 345 220 10 0 8 0 1 0 TDO_0_AG14
A 405 220 10 0 2 0 PINTYPE=BI
P 16 400 230 350 230 0 3 0
A 355 230 10 0 3 3 #=AE14
L 345 230 10 0 8 0 1 0 TMS_0_AE14
A 405 230 10 0 2 0 PINTYPE=BI
P 17 400 240 350 240 0 3 0
A 355 240 10 0 3 3 #=AF13
L 345 240 10 0 8 0 1 0 TCK_0_AF13
A 405 240 10 0 2 0 PINTYPE=BI
P 18 400 250 350 250 0 3 0
A 355 250 10 0 3 3 #=AD13
L 345 250 10 0 8 0 1 0 CCLK_0_AD13
A 405 250 10 0 2 0 PINTYPE=BI
P 19 400 260 350 260 0 3 0
A 355 260 10 0 3 3 #=BB14
L 345 260 10 0 8 0 1 0 VBATT_BB14
A 405 260 10 0 2 0 PINTYPE=BI
P 20 400 270 350 270 0 3 0
A 355 270 10 0 3 3 #=AM14
L 345 270 10 0 8 0 1 0 RDWR_FCS_B_0_AM14
A 405 270 10 0 2 0 PINTYPE=BI
P 21 400 280 350 280 0 3 0
A 355 280 10 0 3 3 #=AC13
L 345 280 10 0 8 0 1 0 POR_OVERRIDE_AC13
A 405 280 10 0 2 0 PINTYPE=BI
P 22 400 290 350 290 0 3 0
A 355 290 10 0 3 3 #=M14
L 345 290 10 0 8 0 1 0 PUDC_B_0_M14
A 405 290 10 0 2 0 PINTYPE=BI
T 220 310 20 0 5 XCVU190FLGA2577
T 220 330 20 0 5 BANK 0_H
c 70 370 10
U 50 400 10 0 3 3 DEVICE=XXXXXX
U 50 30 16 0 3 3 REFDES=U?
U 250 30 10 0 3 3 PKG_TYPE=XXXXXX
U 0 0 10 0 3 0 HETERO=us01a_0_H,us01a_61_H,us01a_62_H,us01a_63_H,us01a_65_H,us01a_66_H,us01a_67_H,us01a_68_H,us01a_70_H,us01a_71_H,us01a_72_H,us01a_GND_H
U 0 -10 10 0 3 0 PARTS=1
U 0 -20 10 0 3 0 LEVEL=STD
U 0 -30 10 0 3 0 DATE=2014_10_24
E
