V 51
K 391296655800 usb2412_qfn28
|R 19:51_2-17-13
Y 1
D 0 0 160 280
Z 10
i 54
U 0 -60 10 0 3 0 PARTS=A
U 0 -50 10 0 3 0 LEVEL=STD
U 0 -30 10 0 3 0 DIST_P/N=?
U 0 -20 10 0 3 0 DIST=?
U 0 -10 10 0 3 0 MANF=SMSC
U 0 -70 10 0 3 0 VALUE=USB2412
U 0 -40 10 0 3 0 MANF_P/N=USB2412-DZK
U 135 5 10 0 9 3 PKG_TYPE=QFN_28
U 25 0 16 0 3 3 REFDES=U?
U 25 265 10 0 3 3 DEVICE=USB2412
P 26 160 240 140 240 0 3 0
L 135 240 10 0 8 0 1 0 VDD33_04
A 160 240 10 0 9 0 PINTYPE=POWER
A 145 240 10 0 3 3 #=4
P 25 160 230 140 230 0 3 0
L 135 230 10 0 8 0 1 0 VDD33_10
A 160 230 10 0 9 0 PINTYPE=POWER
A 145 230 10 0 3 3 #=10
P 21 160 220 140 220 0 3 0
L 135 220 10 0 8 0 1 0 VDD33_14
A 160 220 10 0 9 0 PINTYPE=POWER
A 145 220 10 0 3 3 #=14
P 35 160 210 140 210 0 3 0
L 135 210 10 0 8 0 1 0 VDD33_20
A 160 210 10 0 9 0 PINTYPE=POWER
A 145 210 10 0 3 3 #=20
P 20 160 200 140 200 0 3 0
L 135 200 10 0 8 0 1 0 VDD33_27
A 160 200 10 0 9 0 PINTYPE=POWER
A 145 200 10 0 3 3 #=27
P 30 160 40 140 40 0 3 0
L 135 40 10 0 8 0 1 0 GND_PAD
A 160 40 10 0 9 0 PINTYPE=POWER
A 145 40 10 0 3 3 #=29
P 9 160 140 140 140 0 3 0
L 275 190 10 0 8 0 0 0 VDD18_28
A 160 140 10 0 9 0 PINTYPE=BI
A 145 140 10 0 3 3 #=22
P 45 160 130 140 130 0 3 0
L 275 180 10 0 8 0 0 0 VDD18_30
A 160 130 10 0 9 0 PINTYPE=BI
A 145 130 10 0 3 3 #=21
P 44 160 70 140 70 0 3 0
L 135 70 10 0 8 0 1 0 TEST
A 160 70 10 0 9 0 PINTYPE=BI
A 145 70 10 0 3 3 #=6
P 46 160 60 140 60 0 3 0
L 135 60 10 0 8 0 1 0 CRFILT
A 160 60 10 0 9 0 PINTYPE=IN
A 145 60 10 0 3 3 #=9
P 24 160 50 140 50 0 3 0
L 135 50 10 0 8 0 1 0 PLLFILT
A 160 50 10 0 9 0 PINTYPE=IN
A 145 50 10 0 3 3 #=25
P 48 0 240 20 240 0 2 0
L 25 235 10 0 3 0 1 0 XTAL_IN
A 0 240 10 0 3 0 PINTYPE=IN
A 15 240 10 0 9 3 #=24
P 49 0 230 20 230 0 2 0
L 25 225 10 0 3 0 1 0 XTAL_OUT
A 0 230 10 0 3 0 PINTYPE=OUT
A 15 230 10 0 9 3 #=23
P 32 0 210 20 210 0 2 0
L 25 205 10 0 3 0 1 0 USBDP_DN1
A 0 210 10 0 3 0 PINTYPE=BI
A 15 210 10 0 9 3 #=1
P 1 0 200 20 200 0 2 0
L 25 195 10 0 3 0 1 0 USBDM_DN1
A 0 200 10 0 3 0 PINTYPE=BI
A 15 200 10 0 9 3 #=28
P 10 0 180 20 180 0 2 0
L 25 175 10 0 3 0 1 0 USBDP_DN2
A 0 180 10 0 3 0 PINTYPE=BI
A 15 180 10 0 9 3 #=3
P 11 0 170 20 170 0 2 0
L 25 165 10 0 3 0 1 0 USBDM_DN2
A 0 170 10 0 3 0 PINTYPE=BI
A 15 170 10 0 9 3 #=2
P 53 0 110 20 110 0 2 0
L 25 105 10 0 3 0 1 0 NON_REM1
A 0 110 10 0 3 0 PINTYPE=IN
A 15 110 10 0 9 3 #=13
P 13 0 90 20 90 0 2 0
L 25 85 10 0 3 0 1 0 OCS_N2
A 0 90 10 0 3 0 PINTYPE=IN
A 15 90 10 0 9 3 #=12
P 12 0 80 20 80 0 2 0
L 25 75 10 0 3 0 1 0 OCS_N1
A 0 80 10 0 3 0 PINTYPE=IN
A 15 80 10 0 9 3 #=8
P 40 0 70 20 70 0 2 0
L 25 65 10 0 3 0 1 0 PRTPWR1
A 0 70 10 0 3 0 PINTYPE=IN
A 15 70 10 0 9 3 #=7
P 41 0 60 20 60 0 2 0
L 25 55 10 0 3 0 1 0 PRTPWR2
A 0 60 10 0 3 0 PINTYPE=IN
A 15 60 10 0 9 3 #=11
P 34 0 50 20 50 0 2 0
L 25 45 10 0 3 0 1 0 RESET_B
A 0 50 10 0 3 0 PINTYPE=IN
A 15 50 10 0 9 3 #=17
P 42 0 40 20 40 0 2 0
L 25 35 10 0 3 0 1 0 RBIAS
A 0 40 10 0 3 0 PINTYPE=IN
A 15 40 10 0 9 3 #=26
P 51 160 170 140 170 0 3 0
L 135 170 10 0 8 0 1 0 VBUS_DET
A 160 170 10 0 9 0 PINTYPE=IN
A 145 170 10 0 3 3 #=18
P 50 160 180 140 180 0 3 0
L 135 180 10 0 8 0 1 0 HS_IND
A 160 180 10 0 9 0 PINTYPE=OUT
A 145 180 10 0 3 3 #=16
b 20 20 140 260
T 135 140 10 0 8 USBDP_UP
Q 15 0 0
T 135 130 10 0 8 USBDM_UP
Q 15 0 0
P 52 0 130 20 130 0 2 0
L 25 125 10 0 3 0 1 0 NON_REM0
A 0 130 10 0 3 0 PINTYPE=IN
A 15 130 10 0 9 3 #=19
P 43 160 80 140 80 0 3 0
L 135 80 10 0 8 0 1 0 TEST1
A 160 80 10 0 9 0 PINTYPE=BI
A 145 80 10 0 3 3 #=15
P 54 160 90 140 90 0 3 0
L 135 90 10 0 8 0 1 0 NC
A 160 90 10 0 9 0 PINTYPE=BI
A 145 90 10 0 3 3 #=5
E
