V 53
K 1457567889 usb5744.1
F Case
|R 15:58:9_3-9-16
D 0 509 230 0
Y 1
Z 10
i 1507
U 0 -70 10 0 3 0 VALUE=VALUE
U 300 50 10 0 3 0 PARTS=1
U 300 40 10 0 3 0 LEVEL=STD
U 160 0 10 0 3 3 PKG_TYPE=PKG_TYPE
U 20 0 10 0 3 3 DEVICE=DEVICE
U 20 490 16 0 3 3 REFDES=U?
U 0 0 10 0 1 0 FORWARD_PCB=1
b 20 15 210 495
P 1036 230 20 210 20 0 3 0
L 208 20 10 0 8 0 1 0 GND_PAD
A 230 20 10 0 1 0 PINTYPE=GROUND
A 225 30 10 0 7 3 #=57
P 1332 0 310 20 310 0 2 0
L 22 310 10 0 2 0 1 0 TESTEN_ATEST
A 0 310 10 0 1 0 PINTYPE=IN
A 5 320 10 0 1 3 #=52
P 1335 0 330 20 330 0 2 0
L 22 330 10 0 2 0 1 0 RBIAS
A 0 330 10 0 1 0 PINTYPE=IN
A 5 340 10 0 1 3 #=56
P 1338 0 350 20 350 0 2 0
L 22 350 10 0 2 0 1 0 RESET_N
A 0 350 10 0 1 0 PINTYPE=IN
A 5 360 10 0 1 3 #=42
P 1347 0 180 20 180 0 2 0
L 22 180 10 0 2 0 1 0 SPI_CE_N_CFG_NOM_REM
A 0 180 10 0 1 0 PINTYPE=OUT
A 5 190 10 0 1 3 #=41
P 1350 0 210 20 210 0 2 0
L 22 210 10 0 2 0 1 0 SPI_CLK_SMCLK
A 0 210 10 0 1 0 PINTYPE=OUT
A 5 220 10 0 1 3 #=38
P 1353 0 190 20 190 0 2 0
L 22 190 10 0 2 0 1 0 SPI_DI_CFG_BC_EN
A 0 190 10 0 1 0 PINTYPE=IN
A 5 200 10 0 1 3 #=40
P 1356 0 200 20 200 0 2 0
L 22 200 10 0 2 0 1 0 SPI_DO_SMDAT
A 0 200 10 0 1 0 PINTYPE=OUT
A 5 210 10 0 1 3 #=39
P 1362 0 470 20 470 0 2 0
L 22 470 10 0 2 0 1 0 USB2DM_UP
A 0 470 10 0 1 0 PINTYPE=BI
A 5 480 10 0 1 3 #=46
P 1365 0 460 20 460 0 2 0
L 22 460 10 0 2 0 1 0 USB2DP_UP
A 0 460 10 0 1 0 PINTYPE=BI
A 5 470 10 0 1 3 #=45
P 1368 0 410 20 410 0 2 0
L 22 410 10 0 2 0 1 0 USB3DM_RXUP
A 0 410 10 0 1 0 PINTYPE=BI
A 5 420 10 0 1 3 #=51
P 1371 0 440 20 440 0 2 0
L 22 440 10 0 2 0 1 0 USB3DM_TXUP
A 0 440 10 0 1 0 PINTYPE=BI
A 5 450 10 0 1 3 #=48
P 1374 0 400 20 400 0 2 0
L 22 400 10 0 2 0 1 0 USB3DP_RXUP
A 0 400 10 0 1 0 PINTYPE=BI
A 5 410 10 0 1 3 #=50
P 1377 0 430 20 430 0 2 0
L 22 430 10 0 2 0 1 0 USB3DP_TXUP
A 0 430 10 0 1 0 PINTYPE=BI
A 5 440 10 0 1 3 #=47
P 1380 0 490 20 490 0 2 0
L 22 490 10 0 2 0 1 0 VBUS_DET_GPIO16
A 0 490 10 0 1 0 PINTYPE=IN
A 5 500 10 0 1 3 #=37
P 1383 0 130 20 130 0 2 0
L 22 130 10 0 2 0 1 0 VDD12_15
A 0 130 10 0 1 0 PINTYPE=POWER
A 5 140 10 0 1 3 #=15
P 1386 0 120 20 120 0 2 0
L 22 120 10 0 2 0 1 0 VDD12_21
A 0 120 10 0 1 0 PINTYPE=POWER
A 5 130 10 0 1 3 #=21
P 1389 0 110 20 110 0 2 0
L 22 110 10 0 2 0 1 0 VDD12_28
A 0 110 10 0 1 0 PINTYPE=POWER
A 5 120 10 0 1 3 #=28
P 1392 0 100 20 100 0 2 0
L 22 100 10 0 2 0 1 0 VDD12_33
A 0 100 10 0 1 0 PINTYPE=POWER
A 5 110 10 0 1 3 #=33
P 1395 0 150 20 150 0 2 0
L 22 150 10 0 2 0 1 0 VDD12_5
A 0 150 10 0 1 0 PINTYPE=POWER
A 5 160 10 0 1 3 #=5
P 1398 0 90 20 90 0 2 0
L 22 90 10 0 2 0 1 0 VDD12_43
A 0 90 10 0 1 0 PINTYPE=POWER
A 5 100 10 0 1 3 #=43
P 1401 0 80 20 80 0 2 0
L 22 80 10 0 2 0 1 0 VDD12_49
A 0 80 10 0 1 0 PINTYPE=POWER
A 5 90 10 0 1 3 #=49
P 1404 0 140 20 140 0 2 0
L 22 140 10 0 2 0 1 0 VDD12_12
A 0 140 10 0 1 0 PINTYPE=POWER
A 5 150 10 0 1 3 #=12
P 1407 0 60 20 60 0 2 0
L 22 60 10 0 2 0 1 0 VDD33_16
A 0 60 10 0 1 0 PINTYPE=POWER
A 5 70 10 0 1 3 #=16
P 1410 0 50 20 50 0 2 0
L 22 50 10 0 2 0 1 0 VDD33_31
A 0 50 10 0 1 0 PINTYPE=POWER
A 5 60 10 0 1 3 #=31
P 1413 0 40 20 40 0 2 0
L 22 40 10 0 2 0 1 0 VDD33_44
A 0 40 10 0 1 0 PINTYPE=POWER
A 5 50 10 0 1 3 #=44
P 1416 0 30 20 30 0 2 0
L 22 30 10 0 2 0 1 0 VDD33_55
A 0 30 10 0 1 0 PINTYPE=POWER
A 5 40 10 0 1 3 #=55
P 1419 0 270 20 270 0 2 0
L 22 270 10 0 2 0 1 0 XTALIN_CLK_IN
A 0 270 10 0 1 0 PINTYPE=IN
A 5 280 10 0 1 3 #=54
P 1422 0 260 20 260 0 2 0
L 22 260 10 0 2 0 1 0 XTALOUT
A 0 260 10 0 1 0 PINTYPE=IN
A 5 270 10 0 1 3 #=53
P 1425 230 480 210 480 0 3 0
L 208 480 10 0 8 0 1 0 USB2DP_DN1
A 230 480 10 0 1 0 PINTYPE=BI
A 225 490 10 0 7 3 #=1
P 1428 230 490 210 490 0 3 0
L 208 490 10 0 8 0 1 0 USB2DN_DN1
A 230 490 10 0 1 0 PINTYPE=BI
A 225 500 10 0 7 3 #=2
P 1431 230 430 210 430 0 3 0
L 208 430 10 0 8 0 1 0 USB3DM_TXDN1
A 230 430 10 0 1 0 PINTYPE=BI
A 225 440 10 0 7 3 #=4
P 1434 230 420 210 420 0 3 0
L 208 420 10 0 8 0 1 0 USB3DP_TXDN1
A 230 420 10 0 1 0 PINTYPE=BI
A 225 430 10 0 7 3 #=3
P 1437 230 450 210 450 0 3 0
L 208 450 10 0 8 0 1 0 USB3DP_RXDN1
A 230 450 10 0 1 0 PINTYPE=BI
A 225 460 10 0 7 3 #=6
P 1440 230 460 210 460 0 3 0
L 208 460 10 0 8 0 1 0 USB3DM_RXDN1
A 230 460 10 0 1 0 PINTYPE=BI
A 225 470 10 0 7 3 #=7
P 1443 230 380 210 380 0 3 0
L 208 380 10 0 8 0 1 0 USB2DP_DN2
A 230 380 10 0 1 0 PINTYPE=BI
A 225 390 10 0 7 3 #=8
P 1446 230 390 210 390 0 3 0
L 208 390 10 0 8 0 1 0 USB2DM_DN2
A 230 390 10 0 1 0 PINTYPE=BI
A 225 400 10 0 7 3 #=9
P 1449 230 320 210 320 0 3 0
L 208 320 10 0 8 0 1 0 USB3DP_TXDN2
A 230 320 10 0 1 0 PINTYPE=BI
A 225 330 10 0 7 3 #=10
P 1452 230 330 210 330 0 3 0
L 208 330 10 0 8 0 1 0 USB3DM_TXDN2
A 230 330 10 0 1 0 PINTYPE=BI
A 225 340 10 0 7 3 #=11
P 1455 230 350 210 350 0 3 0
L 208 350 10 0 8 0 1 0 USB3DP_RXDN2
A 230 350 10 0 1 0 PINTYPE=BI
A 225 360 10 0 7 3 #=13
P 1458 230 360 210 360 0 3 0
L 208 360 10 0 8 0 1 0 USB3DM_RXDN2
A 230 360 10 0 1 0 PINTYPE=BI
A 225 370 10 0 7 3 #=14
P 1461 230 280 210 280 0 3 0
L 208 280 10 0 8 0 1 0 USB2DP_DN3
A 230 280 10 0 1 0 PINTYPE=BI
A 225 290 10 0 7 3 #=17
P 1464 230 290 210 290 0 3 0
L 208 290 10 0 8 0 1 0 USB2DM_DN3
A 230 290 10 0 1 0 PINTYPE=BI
A 225 300 10 0 7 3 #=18
P 1467 230 220 210 220 0 3 0
L 208 220 10 0 8 0 1 0 USB3DP_TXDN3
A 230 220 10 0 1 0 PINTYPE=BI
A 225 230 10 0 7 3 #=19
P 1470 230 230 210 230 0 3 0
L 208 230 10 0 8 0 1 0 USB3DM_TXDN3
A 230 230 10 0 1 0 PINTYPE=BI
A 225 240 10 0 7 3 #=20
P 1473 230 250 210 250 0 3 0
L 208 250 10 0 8 0 1 0 USB3DP_RXDN3
A 230 250 10 0 1 0 PINTYPE=BI
A 225 260 10 0 7 3 #=22
P 1476 230 260 210 260 0 3 0
L 208 260 10 0 8 0 1 0 USB3DM_RXDN3
A 230 260 10 0 1 0 PINTYPE=BI
A 225 270 10 0 7 3 #=23
P 1479 230 180 210 180 0 3 0
L 208 180 10 0 8 0 1 0 USB2DP_DN4
A 230 180 10 0 1 0 PINTYPE=IN
A 225 190 10 0 7 3 #=24
P 1482 230 190 210 190 0 3 0
L 208 190 10 0 8 0 1 0 USB2DM_DN4
A 230 190 10 0 1 0 PINTYPE=IN
A 225 200 10 0 7 3 #=25
P 1485 230 120 210 120 0 3 0
L 208 120 10 0 8 0 1 0 USB3DP_TXDN4
A 230 120 10 0 1 0 PINTYPE=IN
A 225 130 10 0 7 3 #=26
P 1488 230 130 210 130 0 3 0
L 208 130 10 0 8 0 1 0 USB3DM_TXDN4
A 230 130 10 0 1 0 PINTYPE=IN
A 225 140 10 0 7 3 #=27
P 1491 230 150 210 150 0 3 0
L 208 150 10 0 8 0 1 0 USB3DP_RXDN4
A 230 150 10 0 1 0 PINTYPE=IN
A 225 160 10 0 7 3 #=29
P 1494 230 160 210 160 0 3 0
L 208 160 10 0 8 0 1 0 USB3DM_RXDN4
A 230 160 10 0 1 0 PINTYPE=IN
A 225 170 10 0 7 3 #=30
P 1497 230 40 210 40 0 3 0
L 208 40 10 0 8 0 1 0 GANG_PWR_PRT_CTL4
A 230 40 10 0 1 0 PINTYPE=IN
A 225 50 10 0 7 3 #=32
P 1500 230 50 210 50 0 3 0
L 208 50 10 0 8 0 1 0 PRT_CTL3
A 230 50 10 0 1 0 PINTYPE=OUT
A 225 60 10 0 7 3 #=34
P 1503 230 60 210 60 0 3 0
L 208 60 10 0 8 0 1 0 PRT_CTL2
A 230 60 10 0 1 0 PINTYPE=OUT
A 225 70 10 0 7 3 #=35
P 1506 230 70 210 70 0 3 0
L 208 70 10 0 8 0 1 0 PRT_CTL1
A 230 70 10 0 1 0 PINTYPE=OUT
A 225 80 10 0 7 3 #=36
E 
