V 53
K 1441397836 usb_standard_b_3_0.1
F Case
|R 13:17:16_9-4-15
D 0 240 110 0
Y 1
Z 10
i 38
U 0 -10 10 0 3 0 DEVICE=692221030100
U -20 -40 10 0 3 0 PARTS=1
U 80 10 10 0 3 0 PKG_TYPE=PKG_TYPE
U 10 230 10 0 3 3 VALUE=VALUE
U 82 3 16 0 3 3 REFDES=J?
U 0 0 10 0 1 0 FORWARD_PCB=1
b 0 20 80 230
P 15 110 200 80 200 0 3 0
L 80 195 10 0 9 0 1 0 D_N
A 150 201 10 0 3 0 PINTYPE=BI
A 89 202 10 0 3 3 #=2
P 16 110 180 80 180 0 3 0
L 80 175 10 0 9 0 1 0 D_P
A 89 182 10 0 3 3 #=3
A 150 181 10 0 3 0 PINTYPE=BI
P 24 110 220 80 220 0 3 0
L 80 215 10 0 9 0 1 0 VBUS
A 89 222 10 0 3 3 #=1
A 150 221 10 0 3 0 PINTYPE=BI
P 25 40 0 40 20 0 1 0
L 37 20 6 3 9 0 1 0 SHLD1
A 41 -50 10 3 3 0 PINTYPE=BI
A 39 11 10 3 3 3 #=11
P 26 30 0 30 20 0 1 0
L 27 20 6 3 9 0 1 0 SHLD2
A 29 11 10 3 3 3 #=10
A 31 -50 10 3 3 0 PINTYPE=BI
P 30 110 140 80 140 0 3 0
L 80 135 10 0 9 0 1 0 GND
A 89 142 10 0 3 3 #=4
A 150 141 10 0 3 0 PINTYPE=BI
P 33 110 60 80 60 0 3 0
L 80 55 10 0 9 0 1 0 SSRXN
A 89 62 10 0 3 3 #=8
A 150 61 10 0 3 0 PINTYPE=BI
P 34 110 80 80 80 0 3 0
L 80 75 10 0 9 0 1 0 GND_DRAIN
A 150 81 10 0 3 0 PINTYPE=BI
A 89 82 10 0 3 3 #=7
P 35 110 100 80 100 0 3 0
L 80 95 10 0 9 0 1 0 SSTXP
A 89 102 10 0 3 3 #=6
A 150 101 10 0 3 0 PINTYPE=BI
P 36 110 120 80 120 0 3 0
L 80 115 10 0 9 0 1 0 SSTXN
A 150 121 10 0 3 0 PINTYPE=BI
A 89 122 10 0 3 3 #=5
P 37 110 40 80 40 0 3 0
L 80 35 10 0 9 0 1 0 SSRXP
A 150 41 10 0 3 0 PINTYPE=BI
A 89 42 10 0 3 3 #=9
E 
