V 50
K 153165148200 v690tffg1930
Y 1
D 0 0 400 730
Z 10
i 946
b 50 50 350 680
P 1 400 100 350 100 0 3 0
A 355 100 10 0 3 3 #=E31
L 345 100 10 0 8 0 1 0 NC_E31
A 405 100 10 0 2 0 PINTYPE=BI
P 2 400 110 350 110 0 3 0
A 355 110 10 0 3 3 #=H32
L 345 110 10 0 8 0 1 0 NC_H32
A 405 110 10 0 2 0 PINTYPE=BI
P 3 400 120 350 120 0 3 0
A 355 120 10 0 3 3 #=G32
L 345 120 10 0 8 0 1 0 NC_G32
A 405 120 10 0 2 0 PINTYPE=BI
P 4 400 130 350 130 0 3 0
A 355 130 10 0 3 3 #=G31
L 345 130 10 0 8 0 1 0 NC_G31
A 405 130 10 0 2 0 PINTYPE=BI
P 5 400 140 350 140 0 3 0
A 355 140 10 0 3 3 #=F31
L 345 140 10 0 8 0 1 0 NC_F31
A 405 140 10 0 2 0 PINTYPE=BI
P 6 400 150 350 150 0 3 0
A 355 150 10 0 3 3 #=J31
L 345 150 10 0 8 0 1 0 NC_J31
A 405 150 10 0 2 0 PINTYPE=BI
P 7 400 160 350 160 0 3 0
A 355 160 10 0 3 3 #=J32
L 345 160 10 0 8 0 1 0 NC_J32
A 405 160 10 0 2 0 PINTYPE=BI
P 8 400 170 350 170 0 3 0
A 355 170 10 0 3 3 #=E32
L 345 170 10 0 8 0 1 0 NC_E32
A 405 170 10 0 2 0 PINTYPE=BI
P 9 400 180 350 180 0 3 0
A 355 180 10 0 3 3 #=E33
L 345 180 10 0 8 0 1 0 NC_E33
A 405 180 10 0 2 0 PINTYPE=BI
P 10 400 190 350 190 0 3 0
A 355 190 10 0 3 3 #=K31
L 345 190 10 0 8 0 1 0 NC_K31
A 405 190 10 0 2 0 PINTYPE=BI
P 11 400 200 350 200 0 3 0
A 355 200 10 0 3 3 #=K32
L 345 200 10 0 8 0 1 0 NC_K32
A 405 200 10 0 2 0 PINTYPE=BI
P 12 400 210 350 210 0 3 0
A 355 210 10 0 3 3 #=G33
L 345 210 10 0 8 0 1 0 NC_G33
A 405 210 10 0 2 0 PINTYPE=BI
P 13 400 220 350 220 0 3 0
A 355 220 10 0 3 3 #=F33
L 345 220 10 0 8 0 1 0 NC_F33
A 405 220 10 0 2 0 PINTYPE=BI
P 14 400 230 350 230 0 3 0
A 355 230 10 0 3 3 #=J34
L 345 230 10 0 8 0 1 0 NC_J34
A 405 230 10 0 2 0 PINTYPE=BI
P 15 400 240 350 240 0 3 0
A 355 240 10 0 3 3 #=H34
L 345 240 10 0 8 0 1 0 NC_H34
A 405 240 10 0 2 0 PINTYPE=BI
P 16 400 250 350 250 0 3 0
A 355 250 10 0 3 3 #=F34
L 345 250 10 0 8 0 1 0 NC_F34
A 405 250 10 0 2 0 PINTYPE=BI
P 17 400 260 350 260 0 3 0
A 355 260 10 0 3 3 #=E34
L 345 260 10 0 8 0 1 0 NC_E34
A 405 260 10 0 2 0 PINTYPE=BI
P 18 400 270 350 270 0 3 0
A 355 270 10 0 3 3 #=H35
L 345 270 10 0 8 0 1 0 NC_H35
A 405 270 10 0 2 0 PINTYPE=BI
P 19 400 280 350 280 0 3 0
A 355 280 10 0 3 3 #=G35
L 345 280 10 0 8 0 1 0 NC_G35
A 405 280 10 0 2 0 PINTYPE=BI
P 20 400 290 350 290 0 3 0
A 355 290 10 0 3 3 #=F35
L 345 290 10 0 8 0 1 0 NC_F35
A 405 290 10 0 2 0 PINTYPE=BI
P 21 400 300 350 300 0 3 0
A 355 300 10 0 3 3 #=F36
L 345 300 10 0 8 0 1 0 NC_F36
A 405 300 10 0 2 0 PINTYPE=BI
P 22 400 310 350 310 0 3 0
A 355 310 10 0 3 3 #=J35
L 345 310 10 0 8 0 1 0 NC_J35
A 405 310 10 0 2 0 PINTYPE=BI
P 23 400 320 350 320 0 3 0
A 355 320 10 0 3 3 #=J36
L 345 320 10 0 8 0 1 0 NC_J36
A 405 320 10 0 2 0 PINTYPE=BI
P 24 400 330 350 330 0 3 0
A 355 330 10 0 3 3 #=G36
L 345 330 10 0 8 0 1 0 NC_G36
A 405 330 10 0 2 0 PINTYPE=BI
P 25 400 340 350 340 0 3 0
A 355 340 10 0 3 3 #=G37
L 345 340 10 0 8 0 1 0 NC_G37
A 405 340 10 0 2 0 PINTYPE=BI
P 26 400 350 350 350 0 3 0
A 355 350 10 0 3 3 #=J37
L 345 350 10 0 8 0 1 0 NC_J37
A 405 350 10 0 2 0 PINTYPE=BI
P 27 400 360 350 360 0 3 0
A 355 360 10 0 3 3 #=H37
L 345 360 10 0 8 0 1 0 NC_H37
A 405 360 10 0 2 0 PINTYPE=BI
P 28 400 370 350 370 0 3 0
A 355 370 10 0 3 3 #=H38
L 345 370 10 0 8 0 1 0 NC_H38
A 405 370 10 0 2 0 PINTYPE=BI
P 29 400 380 350 380 0 3 0
A 355 380 10 0 3 3 #=G38
L 345 380 10 0 8 0 1 0 NC_G38
A 405 380 10 0 2 0 PINTYPE=BI
P 30 400 390 350 390 0 3 0
A 355 390 10 0 3 3 #=F38
L 345 390 10 0 8 0 1 0 NC_F38
A 405 390 10 0 2 0 PINTYPE=BI
P 31 400 400 350 400 0 3 0
A 355 400 10 0 3 3 #=F39
L 345 400 10 0 8 0 1 0 NC_F39
A 405 400 10 0 2 0 PINTYPE=BI
P 32 400 410 350 410 0 3 0
A 355 410 10 0 3 3 #=H39
L 345 410 10 0 8 0 1 0 NC_H39
A 405 410 10 0 2 0 PINTYPE=BI
P 33 400 420 350 420 0 3 0
A 355 420 10 0 3 3 #=H40
L 345 420 10 0 8 0 1 0 NC_H40
A 405 420 10 0 2 0 PINTYPE=BI
P 34 400 430 350 430 0 3 0
A 355 430 10 0 3 3 #=G40
L 345 430 10 0 8 0 1 0 NC_G40
A 405 430 10 0 2 0 PINTYPE=BI
P 35 400 440 350 440 0 3 0
A 355 440 10 0 3 3 #=F40
L 345 440 10 0 8 0 1 0 NC_F40
A 405 440 10 0 2 0 PINTYPE=BI
P 36 400 450 350 450 0 3 0
A 355 450 10 0 3 3 #=J39
L 345 450 10 0 8 0 1 0 NC_J39
A 405 450 10 0 2 0 PINTYPE=BI
P 37 400 460 350 460 0 3 0
A 355 460 10 0 3 3 #=J40
L 345 460 10 0 8 0 1 0 NC_J40
A 405 460 10 0 2 0 PINTYPE=BI
P 38 400 470 350 470 0 3 0
A 355 470 10 0 3 3 #=G41
L 345 470 10 0 8 0 1 0 NC_G41
A 405 470 10 0 2 0 PINTYPE=BI
P 39 400 480 350 480 0 3 0
A 355 480 10 0 3 3 #=F41
L 345 480 10 0 8 0 1 0 NC_F41
A 405 480 10 0 2 0 PINTYPE=BI
P 40 400 490 350 490 0 3 0
A 355 490 10 0 3 3 #=J41
L 345 490 10 0 8 0 1 0 NC_J41
A 405 490 10 0 2 0 PINTYPE=BI
P 41 400 500 350 500 0 3 0
A 355 500 10 0 3 3 #=J42
L 345 500 10 0 8 0 1 0 NC_J42
A 405 500 10 0 2 0 PINTYPE=BI
P 42 400 510 350 510 0 3 0
A 355 510 10 0 3 3 #=F43
L 345 510 10 0 8 0 1 0 NC_F43
A 405 510 10 0 2 0 PINTYPE=BI
P 43 400 520 350 520 0 3 0
A 355 520 10 0 3 3 #=F44
L 345 520 10 0 8 0 1 0 NC_F44
A 405 520 10 0 2 0 PINTYPE=BI
P 44 400 530 350 530 0 3 0
A 355 530 10 0 3 3 #=J44
L 345 530 10 0 8 0 1 0 NC_J44
A 405 530 10 0 2 0 PINTYPE=BI
P 45 400 540 350 540 0 3 0
A 355 540 10 0 3 3 #=H44
L 345 540 10 0 8 0 1 0 NC_H44
A 405 540 10 0 2 0 PINTYPE=BI
P 46 400 550 350 550 0 3 0
A 355 550 10 0 3 3 #=G42
L 345 550 10 0 8 0 1 0 NC_G42
A 405 550 10 0 2 0 PINTYPE=BI
P 47 400 560 350 560 0 3 0
A 355 560 10 0 3 3 #=G43
L 345 560 10 0 8 0 1 0 NC_G43
A 405 560 10 0 2 0 PINTYPE=BI
P 48 400 570 350 570 0 3 0
A 355 570 10 0 3 3 #=H42
L 345 570 10 0 8 0 1 0 NC_H42
A 405 570 10 0 2 0 PINTYPE=BI
P 49 400 580 350 580 0 3 0
A 355 580 10 0 3 3 #=H43
L 345 580 10 0 8 0 1 0 NC_H43
A 405 580 10 0 2 0 PINTYPE=BI
P 50 400 590 350 590 0 3 0
A 355 590 10 0 3 3 #=H33
L 345 590 10 0 8 0 1 0 NC_H33
A 405 590 10 0 2 0 PINTYPE=BI
P 51 400 600 350 600 0 3 0
A 355 600 10 0 3 3 #=C32
L 345 600 10 0 8 0 1 0 NC_C32
A 405 600 10 0 2 0 PINTYPE=BI
P 52 400 610 350 610 0 3 0
A 355 610 10 0 3 3 #=B32
L 345 610 10 0 8 0 1 0 NC_B32
A 405 610 10 0 2 0 PINTYPE=BI
P 53 0 110 50 110 0 2 0
A 45 110 10 0 9 3 #=B33
L 55 110 10 0 2 0 1 0 NC_B33
A 10 110 10 0 2 0 PINTYPE=BI
P 54 0 120 50 120 0 2 0
A 45 120 10 0 9 3 #=A33
L 55 120 10 0 2 0 1 0 NC_A33
A 10 120 10 0 2 0 PINTYPE=BI
P 55 0 130 50 130 0 2 0
A 45 130 10 0 9 3 #=A34
L 55 130 10 0 2 0 1 0 NC_A34
A 10 130 10 0 2 0 PINTYPE=BI
P 56 0 140 50 140 0 2 0
A 45 140 10 0 9 3 #=C33
L 55 140 10 0 2 0 1 0 NC_C33
A 10 140 10 0 2 0 PINTYPE=BI
P 57 0 150 50 150 0 2 0
A 45 150 10 0 9 3 #=C34
L 55 150 10 0 2 0 1 0 NC_C34
A 10 150 10 0 2 0 PINTYPE=BI
P 58 0 160 50 160 0 2 0
A 45 160 10 0 9 3 #=B31
L 55 160 10 0 2 0 1 0 NC_B31
A 10 160 10 0 2 0 PINTYPE=BI
P 59 0 170 50 170 0 2 0
A 45 170 10 0 9 3 #=A31
L 55 170 10 0 2 0 1 0 NC_A31
A 10 170 10 0 2 0 PINTYPE=BI
P 60 0 180 50 180 0 2 0
A 45 180 10 0 9 3 #=D34
L 55 180 10 0 2 0 1 0 NC_D34
A 10 180 10 0 2 0 PINTYPE=BI
P 61 0 190 50 190 0 2 0
A 45 190 10 0 9 3 #=C35
L 55 190 10 0 2 0 1 0 NC_C35
A 10 190 10 0 2 0 PINTYPE=BI
P 62 0 200 50 200 0 2 0
A 45 200 10 0 9 3 #=D31
L 55 200 10 0 2 0 1 0 NC_D31
A 10 200 10 0 2 0 PINTYPE=BI
P 63 0 210 50 210 0 2 0
A 45 210 10 0 9 3 #=D32
L 55 210 10 0 2 0 1 0 NC_D32
A 10 210 10 0 2 0 PINTYPE=BI
P 64 0 220 50 220 0 2 0
A 45 220 10 0 9 3 #=E36
L 55 220 10 0 2 0 1 0 NC_E36
A 10 220 10 0 2 0 PINTYPE=BI
P 65 0 230 50 230 0 2 0
A 45 230 10 0 9 3 #=D36
L 55 230 10 0 2 0 1 0 NC_D36
A 10 230 10 0 2 0 PINTYPE=BI
P 66 0 240 50 240 0 2 0
A 45 240 10 0 9 3 #=A35
L 55 240 10 0 2 0 1 0 NC_A35
A 10 240 10 0 2 0 PINTYPE=BI
P 67 0 250 50 250 0 2 0
A 45 250 10 0 9 3 #=A36
L 55 250 10 0 2 0 1 0 NC_A36
A 10 250 10 0 2 0 PINTYPE=BI
P 68 0 260 50 260 0 2 0
A 45 260 10 0 9 3 #=E37
L 55 260 10 0 2 0 1 0 NC_E37
A 10 260 10 0 2 0 PINTYPE=BI
P 69 0 270 50 270 0 2 0
A 45 270 10 0 9 3 #=E38
L 55 270 10 0 2 0 1 0 NC_E38
A 10 270 10 0 2 0 PINTYPE=BI
P 70 0 280 50 280 0 2 0
A 45 280 10 0 9 3 #=B35
L 55 280 10 0 2 0 1 0 NC_B35
A 10 280 10 0 2 0 PINTYPE=BI
P 71 0 290 50 290 0 2 0
A 45 290 10 0 9 3 #=B36
L 55 290 10 0 2 0 1 0 NC_B36
A 10 290 10 0 2 0 PINTYPE=BI
P 72 0 300 50 300 0 2 0
A 45 300 10 0 9 3 #=D37
L 55 300 10 0 2 0 1 0 NC_D37
A 10 300 10 0 2 0 PINTYPE=BI
P 73 0 310 50 310 0 2 0
A 45 310 10 0 9 3 #=C38
L 55 310 10 0 2 0 1 0 NC_C38
A 10 310 10 0 2 0 PINTYPE=BI
P 74 0 320 50 320 0 2 0
A 45 320 10 0 9 3 #=C37
L 55 320 10 0 2 0 1 0 NC_C37
A 10 320 10 0 2 0 PINTYPE=BI
P 75 0 330 50 330 0 2 0
A 45 330 10 0 9 3 #=B37
L 55 330 10 0 2 0 1 0 NC_B37
A 10 330 10 0 2 0 PINTYPE=BI
P 76 0 340 50 340 0 2 0
A 45 340 10 0 9 3 #=B38
L 55 340 10 0 2 0 1 0 NC_B38
A 10 340 10 0 2 0 PINTYPE=BI
P 77 0 350 50 350 0 2 0
A 45 350 10 0 9 3 #=A38
L 55 350 10 0 2 0 1 0 NC_A38
A 10 350 10 0 2 0 PINTYPE=BI
P 78 0 360 50 360 0 2 0
A 45 360 10 0 9 3 #=D39
L 55 360 10 0 2 0 1 0 NC_D39
A 10 360 10 0 2 0 PINTYPE=BI
P 79 0 370 50 370 0 2 0
A 45 370 10 0 9 3 #=C39
L 55 370 10 0 2 0 1 0 NC_C39
A 10 370 10 0 2 0 PINTYPE=BI
P 80 0 380 50 380 0 2 0
A 45 380 10 0 9 3 #=A39
L 55 380 10 0 2 0 1 0 NC_A39
A 10 380 10 0 2 0 PINTYPE=BI
P 81 0 390 50 390 0 2 0
A 45 390 10 0 9 3 #=A40
L 55 390 10 0 2 0 1 0 NC_A40
A 10 390 10 0 2 0 PINTYPE=BI
P 82 0 400 50 400 0 2 0
A 45 400 10 0 9 3 #=E39
L 55 400 10 0 2 0 1 0 NC_E39
A 10 400 10 0 2 0 PINTYPE=BI
P 83 0 410 50 410 0 2 0
A 45 410 10 0 9 3 #=D40
L 55 410 10 0 2 0 1 0 NC_D40
A 10 410 10 0 2 0 PINTYPE=BI
P 84 0 420 50 420 0 2 0
A 45 420 10 0 9 3 #=B41
L 55 420 10 0 2 0 1 0 NC_B41
A 10 420 10 0 2 0 PINTYPE=BI
P 85 0 430 50 430 0 2 0
A 45 430 10 0 9 3 #=A41
L 55 430 10 0 2 0 1 0 NC_A41
A 10 430 10 0 2 0 PINTYPE=BI
P 86 0 440 50 440 0 2 0
A 45 440 10 0 9 3 #=C40
L 55 440 10 0 2 0 1 0 NC_C40
A 10 440 10 0 2 0 PINTYPE=BI
P 87 0 450 50 450 0 2 0
A 45 450 10 0 9 3 #=B40
L 55 450 10 0 2 0 1 0 NC_B40
A 10 450 10 0 2 0 PINTYPE=BI
P 88 0 460 50 460 0 2 0
A 45 460 10 0 9 3 #=E41
L 55 460 10 0 2 0 1 0 NC_E41
A 10 460 10 0 2 0 PINTYPE=BI
P 89 0 470 50 470 0 2 0
A 45 470 10 0 9 3 #=D41
L 55 470 10 0 2 0 1 0 NC_D41
A 10 470 10 0 2 0 PINTYPE=BI
P 90 0 480 50 480 0 2 0
A 45 480 10 0 9 3 #=B42
L 55 480 10 0 2 0 1 0 NC_B42
A 10 480 10 0 2 0 PINTYPE=BI
P 91 0 490 50 490 0 2 0
A 45 490 10 0 9 3 #=B43
L 55 490 10 0 2 0 1 0 NC_B43
A 10 490 10 0 2 0 PINTYPE=BI
P 92 0 500 50 500 0 2 0
A 45 500 10 0 9 3 #=E42
L 55 500 10 0 2 0 1 0 NC_E42
A 10 500 10 0 2 0 PINTYPE=BI
P 93 0 510 50 510 0 2 0
A 45 510 10 0 9 3 #=D42
L 55 510 10 0 2 0 1 0 NC_D42
A 10 510 10 0 2 0 PINTYPE=BI
P 94 0 520 50 520 0 2 0
A 45 520 10 0 9 3 #=C42
L 55 520 10 0 2 0 1 0 NC_C42
A 10 520 10 0 2 0 PINTYPE=BI
P 95 0 530 50 530 0 2 0
A 45 530 10 0 9 3 #=C43
L 55 530 10 0 2 0 1 0 NC_C43
A 10 530 10 0 2 0 PINTYPE=BI
P 96 0 540 50 540 0 2 0
A 45 540 10 0 9 3 #=D44
L 55 540 10 0 2 0 1 0 NC_D44
A 10 540 10 0 2 0 PINTYPE=BI
P 97 0 550 50 550 0 2 0
A 45 550 10 0 9 3 #=C44
L 55 550 10 0 2 0 1 0 NC_C44
A 10 550 10 0 2 0 PINTYPE=BI
P 98 0 560 50 560 0 2 0
A 45 560 10 0 9 3 #=E43
L 55 560 10 0 2 0 1 0 NC_E43
A 10 560 10 0 2 0 PINTYPE=BI
P 99 0 570 50 570 0 2 0
A 45 570 10 0 9 3 #=E44
L 55 570 10 0 2 0 1 0 NC_E44
A 10 570 10 0 2 0 PINTYPE=BI
P 100 0 580 50 580 0 2 0
A 45 580 10 0 9 3 #=D35
L 55 580 10 0 2 0 1 0 NC_D35
A 10 580 10 0 2 0 PINTYPE=BI
P 101 0 590 50 590 0 2 0
A 45 590 10 0 9 3 #=P7
L 55 590 10 0 2 0 1 0 NC_P7
A 10 590 10 0 2 0 PINTYPE=BI
P 102 0 600 50 600 0 2 0
A 45 600 10 0 9 3 #=P8
L 55 600 10 0 2 0 1 0 NC_P8
A 10 600 10 0 2 0 PINTYPE=BI
T 220 620 20 0 5 XC7VX690TFFG1930
T 220 640 20 0 5 NO CONNECTS
c 70 660 10
U 50 690 10 0 3 3 DEVICE=XXXXXX
U 50 30 16 0 3 3 REFDES=U?
U 250 30 10 0 3 3 PKG_TYPE=XXXXXX
U 0 0 10 0 3 0 HETERO=v690tffg1930a_0,v690tffg1930a_10,v690tffg1930a_11,v690tffg1930a_12,v690tffg1930a_13,v690tffg1930a_14,v690tffg1930a_15,v690tffg1930a_16,v690tffg1930a_17,v690tffg1930a_18,v690tffg1930a_19,v690tffg1930a_NC,v690tffg1930a_30,v690tffg1930a_31,v690tffg1930a_32,v690tffg1930a_33,v690tffg1930a_34,v690tffg1930a_35,v690tffg1930a_36,v690tffg1930a_37,v690tffg1930a_38,v690tffg1930a_39,v690tffg1930a_113,v690tffg1930a_114,v690tffg1930a_115,v690tffg1930a_116,v690tffg1930a_117,v690tffg1930a_118,v690tffg1930a_MGTAVCC_G11,v690tffg1930a_MGTAVCC_G10,v690tffg1930a_MGTAVTT_G11,v690tffg1930a_MGTAVTT_G10,v690tffg1930a_MGTVCCAUX_G11,v690tffg1930a_MGTVCCAUX_G10,v690tffg1930a_GND1,v690tffg1930a_GND2,v690tffg1930a_VCCINT,v690tffg1930a_VCCAUX,v690tffg1930a_VCCAUX_IO_G0,v690tffg1930a_VCCAUX_IO_G1,v690tffg1930a_VCCAUX_IO_G2,v690tffg1930a_VCCAUX_IO_G3,v690tffg1930a_VCCAUX_IO_G4,v690tffg1930a_VCCAUX_IO_G5,v690tffg1930a_VCCAUX_IO_G6,v690tffg1930a_VCCAUX_IO_G7,v690tffg1930a_20,v690tffg1930a_21,v690tffg1930a_VCCBRAM
U 0 -10 10 0 3 0 PARTS=1
U 0 -20 10 0 3 0 LEVEL=STD
U 0 -30 10 0 3 0 DATE=2011_09_22
E
