V 50
K 153165148200 v690tffg1930
Y 1
D 0 0 400 340
Z 10
i 946
b 50 50 350 290
P 1 400 100 350 100 0 3 0
A 355 100 10 0 3 3 #=AA17
L 345 100 10 0 8 0 1 0 VCCAUX_AA17
A 405 100 10 0 2 0 PINTYPE=BI
P 2 400 110 350 110 0 3 0
A 355 110 10 0 3 3 #=AB28
L 345 110 10 0 8 0 1 0 VCCAUX_AB28
A 405 110 10 0 2 0 PINTYPE=BI
P 3 400 120 350 120 0 3 0
A 355 120 10 0 3 3 #=AC17
L 345 120 10 0 8 0 1 0 VCCAUX_AC17
A 405 120 10 0 2 0 PINTYPE=BI
P 4 400 130 350 130 0 3 0
A 355 130 10 0 3 3 #=AD28
L 345 130 10 0 8 0 1 0 VCCAUX_AD28
A 405 130 10 0 2 0 PINTYPE=BI
P 5 400 140 350 140 0 3 0
A 355 140 10 0 3 3 #=AE17
L 345 140 10 0 8 0 1 0 VCCAUX_AE17
A 405 140 10 0 2 0 PINTYPE=BI
P 6 400 150 350 150 0 3 0
A 355 150 10 0 3 3 #=AF28
L 345 150 10 0 8 0 1 0 VCCAUX_AF28
A 405 150 10 0 2 0 PINTYPE=BI
P 7 400 160 350 160 0 3 0
A 355 160 10 0 3 3 #=AG17
L 345 160 10 0 8 0 1 0 VCCAUX_AG17
A 405 160 10 0 2 0 PINTYPE=BI
P 8 400 170 350 170 0 3 0
A 355 170 10 0 3 3 #=AG27
L 345 170 10 0 8 0 1 0 VCCAUX_AG27
A 405 170 10 0 2 0 PINTYPE=BI
P 9 400 180 350 180 0 3 0
A 355 180 10 0 3 3 #=V18
L 345 180 10 0 8 0 1 0 VCCAUX_V18
A 405 180 10 0 2 0 PINTYPE=BI
P 10 400 190 350 190 0 3 0
A 355 190 10 0 3 3 #=V28
L 345 190 10 0 8 0 1 0 VCCAUX_V28
A 405 190 10 0 2 0 PINTYPE=BI
P 11 400 200 350 200 0 3 0
A 355 200 10 0 3 3 #=W17
L 345 200 10 0 8 0 1 0 VCCAUX_W17
A 405 200 10 0 2 0 PINTYPE=BI
P 12 400 210 350 210 0 3 0
A 355 210 10 0 3 3 #=Y28
L 345 210 10 0 8 0 1 0 VCCAUX_Y28
A 405 210 10 0 2 0 PINTYPE=BI
T 220 230 20 0 5 XC7VX690TFFG1930
T 220 250 20 0 5 BANK VCCAUX
c 70 270 10
U 50 300 10 0 3 3 DEVICE=XXXXXX
U 50 30 16 0 3 3 REFDES=U?
U 250 30 10 0 3 3 PKG_TYPE=XXXXXX
U 0 0 10 0 3 0 HETERO=v690tffg1930a_0,v690tffg1930a_10,v690tffg1930a_11,v690tffg1930a_12,v690tffg1930a_13,v690tffg1930a_14,v690tffg1930a_15,v690tffg1930a_16,v690tffg1930a_17,v690tffg1930a_18,v690tffg1930a_19,v690tffg1930a_NC,v690tffg1930a_30,v690tffg1930a_31,v690tffg1930a_32,v690tffg1930a_33,v690tffg1930a_34,v690tffg1930a_35,v690tffg1930a_36,v690tffg1930a_37,v690tffg1930a_38,v690tffg1930a_39,v690tffg1930a_113,v690tffg1930a_114,v690tffg1930a_115,v690tffg1930a_116,v690tffg1930a_117,v690tffg1930a_118,v690tffg1930a_MGTAVCC_G11,v690tffg1930a_MGTAVCC_G10,v690tffg1930a_MGTAVTT_G11,v690tffg1930a_MGTAVTT_G10,v690tffg1930a_MGTVCCAUX_G11,v690tffg1930a_MGTVCCAUX_G10,v690tffg1930a_GND1,v690tffg1930a_GND2,v690tffg1930a_VCCINT,v690tffg1930a_VCCAUX,v690tffg1930a_VCCAUX_IO_G0,v690tffg1930a_VCCAUX_IO_G1,v690tffg1930a_VCCAUX_IO_G2,v690tffg1930a_VCCAUX_IO_G3,v690tffg1930a_VCCAUX_IO_G4,v690tffg1930a_VCCAUX_IO_G5,v690tffg1930a_VCCAUX_IO_G6,v690tffg1930a_VCCAUX_IO_G7,v690tffg1930a_20,v690tffg1930a_21,v690tffg1930a_VCCBRAM
U 0 -10 10 0 3 0 PARTS=1
U 0 -20 10 0 3 0 LEVEL=STD
U 0 -30 10 0 3 0 DATE=2011_09_22
E
