V 50
K 153165148200 vdu
Y 1
D 0 0 190 670
Z 10
i 946
b 30 50 160 620
P 1 190 550 160 550 0 3 0
A 165 550 10 0 3 3 #=193
L 155 550 10 0 8 0 1 0 DCIFACE_A_D184_193
A 155 550 10 0 3 0 PINTYPE=BI
P 2 190 540 160 540 0 3 0
A 165 540 10 0 3 3 #=194
L 155 540 10 0 8 0 1 0 DCIFACE_A_D185_194
A 155 540 10 0 3 0 PINTYPE=BI
P 3 190 530 160 530 0 3 0
A 165 530 10 0 3 3 #=195
L 155 530 10 0 8 0 1 0 DCIFACE_A_D186_195
A 155 530 10 0 3 0 PINTYPE=BI
P 4 190 520 160 520 0 3 0
A 165 520 10 0 3 3 #=196
L 155 520 10 0 8 0 1 0 DCIFACE_A_D187_196
A 155 520 10 0 3 0 PINTYPE=BI
P 5 190 510 160 510 0 3 0
A 165 510 10 0 3 3 #=197
L 155 510 10 0 8 0 1 0 DCIFACE_A_D188_197
A 155 510 10 0 3 0 PINTYPE=BI
P 6 190 500 160 500 0 3 0
A 165 500 10 0 3 3 #=198
L 155 500 10 0 8 0 1 0 DCIFACE_A_D189_198
A 155 500 10 0 3 0 PINTYPE=BI
P 7 190 490 160 490 0 3 0
A 165 490 10 0 3 3 #=199
L 155 490 10 0 8 0 1 0 DCIFACE_A_D190_199
A 155 490 10 0 3 0 PINTYPE=BI
P 8 190 480 160 480 0 3 0
A 165 480 10 0 3 3 #=200
L 155 480 10 0 8 0 1 0 DCIFACE_A_D191_200
A 155 480 10 0 3 0 PINTYPE=BI
P 9 190 470 160 470 0 3 0
A 165 470 10 0 3 3 #=201
L 155 470 10 0 8 0 1 0 DCIFACE_A_D192_201
A 155 470 10 0 3 0 PINTYPE=BI
P 10 190 460 160 460 0 3 0
A 165 460 10 0 3 3 #=202
L 155 460 10 0 8 0 1 0 DCIFACE_A_D193_202
A 155 460 10 0 3 0 PINTYPE=BI
P 11 190 450 160 450 0 3 0
A 165 450 10 0 3 3 #=203
L 155 450 10 0 8 0 1 0 DCIFACE_A_D194_203
A 155 450 10 0 3 0 PINTYPE=BI
P 12 190 440 160 440 0 3 0
A 165 440 10 0 3 3 #=204
L 155 440 10 0 8 0 1 0 DCIFACE_A_D195_204
A 155 440 10 0 3 0 PINTYPE=BI
P 13 190 430 160 430 0 3 0
A 165 430 10 0 3 3 #=205
L 155 430 10 0 8 0 1 0 DCIFACE_A_D196_205
A 155 430 10 0 3 0 PINTYPE=BI
P 14 190 420 160 420 0 3 0
A 165 420 10 0 3 3 #=206
L 155 420 10 0 8 0 1 0 DCIFACE_A_D197_206
A 155 420 10 0 3 0 PINTYPE=BI
P 15 190 410 160 410 0 3 0
A 165 410 10 0 3 3 #=207
L 155 410 10 0 8 0 1 0 DCIFACE_A_D198_207
A 155 410 10 0 3 0 PINTYPE=BI
P 16 190 400 160 400 0 3 0
A 165 400 10 0 3 3 #=208
L 155 400 10 0 8 0 1 0 DCIFACE_A_D199_208
A 155 400 10 0 3 0 PINTYPE=BI
P 17 190 390 160 390 0 3 0
A 165 390 10 0 3 3 #=209
L 155 390 10 0 8 0 1 0 DCIFACE_A_D200_209
A 155 390 10 0 3 0 PINTYPE=BI
P 18 190 380 160 380 0 3 0
A 165 380 10 0 3 3 #=210
L 155 380 10 0 8 0 1 0 DCIFACE_A_D201_210
A 155 380 10 0 3 0 PINTYPE=BI
P 19 190 370 160 370 0 3 0
A 165 370 10 0 3 3 #=211
L 155 370 10 0 8 0 1 0 DCIFACE_A_D202_211
A 155 370 10 0 3 0 PINTYPE=BI
P 20 190 360 160 360 0 3 0
A 165 360 10 0 3 3 #=212
L 155 360 10 0 8 0 1 0 DCIFACE_A_D203_212
A 155 360 10 0 3 0 PINTYPE=BI
P 21 190 350 160 350 0 3 0
A 165 350 10 0 3 3 #=213
L 155 350 10 0 8 0 1 0 DCIFACE_A_D204_213
A 155 350 10 0 3 0 PINTYPE=BI
P 22 190 340 160 340 0 3 0
A 165 340 10 0 3 3 #=214
L 155 340 10 0 8 0 1 0 DCIFACE_A_D205_214
A 155 340 10 0 3 0 PINTYPE=BI
P 23 190 330 160 330 0 3 0
A 165 330 10 0 3 3 #=215
L 155 330 10 0 8 0 1 0 DCIFACE_A_D206_215
A 155 330 10 0 3 0 PINTYPE=BI
P 24 190 320 160 320 0 3 0
A 165 320 10 0 3 3 #=216
L 155 320 10 0 8 0 1 0 DCIFACE_A_D207_216
A 155 320 10 0 3 0 PINTYPE=BI
P 25 190 310 160 310 0 3 0
A 165 310 10 0 3 3 #=217
L 155 310 10 0 8 0 1 0 DCIFACE_A_D272_217
A 155 310 10 0 3 0 PINTYPE=BI
P 26 190 300 160 300 0 3 0
A 165 300 10 0 3 3 #=218
L 155 300 10 0 8 0 1 0 DCIFACE_A_D273_218
A 155 300 10 0 3 0 PINTYPE=BI
P 27 190 290 160 290 0 3 0
A 165 290 10 0 3 3 #=219
L 155 290 10 0 8 0 1 0 DCIFACE_A_D274_219
A 155 290 10 0 3 0 PINTYPE=BI
P 28 190 280 160 280 0 3 0
A 165 280 10 0 3 3 #=220
L 155 280 10 0 8 0 1 0 DCIFACE_A_D275_220
A 155 280 10 0 3 0 PINTYPE=BI
P 29 190 270 160 270 0 3 0
A 165 270 10 0 3 3 #=221
L 155 270 10 0 8 0 1 0 DCIFACE_A_D276_221
A 155 270 10 0 3 0 PINTYPE=BI
P 30 190 260 160 260 0 3 0
A 165 260 10 0 3 3 #=222
L 155 260 10 0 8 0 1 0 DCIFACE_A_D277_222
A 155 260 10 0 3 0 PINTYPE=BI
P 31 190 250 160 250 0 3 0
A 165 250 10 0 3 3 #=223
L 155 250 10 0 8 0 1 0 DCIFACE_A_D278_223
A 155 250 10 0 3 0 PINTYPE=BI
P 32 190 240 160 240 0 3 0
A 165 240 10 0 3 3 #=224
L 155 240 10 0 8 0 1 0 DCIFACE_A_D279_224
A 155 240 10 0 3 0 PINTYPE=BI
P 33 190 230 160 230 0 3 0
A 165 230 10 0 3 3 #=225
L 155 230 10 0 8 0 1 0 DCIFACE_A_D280_225
A 155 230 10 0 3 0 PINTYPE=BI
P 34 190 220 160 220 0 3 0
A 165 220 10 0 3 3 #=226
L 155 220 10 0 8 0 1 0 DCIFACE_A_D281_226
A 155 220 10 0 3 0 PINTYPE=BI
P 35 190 210 160 210 0 3 0
A 165 210 10 0 3 3 #=227
L 155 210 10 0 8 0 1 0 DCIFACE_A_D282_227
A 155 210 10 0 3 0 PINTYPE=BI
P 36 190 200 160 200 0 3 0
A 165 200 10 0 3 3 #=228
L 155 200 10 0 8 0 1 0 DCIFACE_A_D283_228
A 155 200 10 0 3 0 PINTYPE=BI
P 37 190 190 160 190 0 3 0
A 165 190 10 0 3 3 #=229
L 155 190 10 0 8 0 1 0 DCIFACE_A_D284_229
A 155 190 10 0 3 0 PINTYPE=BI
P 38 190 180 160 180 0 3 0
A 165 180 10 0 3 3 #=230
L 155 180 10 0 8 0 1 0 DCIFACE_A_D285_230
A 155 180 10 0 3 0 PINTYPE=BI
P 39 190 170 160 170 0 3 0
A 165 170 10 0 3 3 #=231
L 155 170 10 0 8 0 1 0 DCIFACE_A_D286_231
A 155 170 10 0 3 0 PINTYPE=BI
P 40 190 160 160 160 0 3 0
A 165 160 10 0 3 3 #=232
L 155 160 10 0 8 0 1 0 DCIFACE_A_D287_232
A 155 160 10 0 3 0 PINTYPE=BI
P 41 190 150 160 150 0 3 0
A 165 150 10 0 3 3 #=233
L 155 150 10 0 8 0 1 0 DCIFACE_A_D288_233
A 155 150 10 0 3 0 PINTYPE=BI
P 42 190 140 160 140 0 3 0
A 165 140 10 0 3 3 #=234
L 155 140 10 0 8 0 1 0 DCIFACE_A_D289_234
A 155 140 10 0 3 0 PINTYPE=BI
P 43 190 130 160 130 0 3 0
A 165 130 10 0 3 3 #=235
L 155 130 10 0 8 0 1 0 DCIFACE_A_D290_235
A 155 130 10 0 3 0 PINTYPE=BI
P 44 190 120 160 120 0 3 0
A 165 120 10 0 3 3 #=236
L 155 120 10 0 8 0 1 0 DCIFACE_A_D291_236
A 155 120 10 0 3 0 PINTYPE=BI
P 45 190 110 160 110 0 3 0
A 165 110 10 0 3 3 #=237
L 155 110 10 0 8 0 1 0 DCIFACE_A_D292_237
A 155 110 10 0 3 0 PINTYPE=BI
P 46 190 100 160 100 0 3 0
A 165 100 10 0 3 3 #=238
L 155 100 10 0 8 0 1 0 DCIFACE_A_D293_238
A 155 100 10 0 3 0 PINTYPE=BI
P 47 190 90 160 90 0 3 0
A 165 90 10 0 3 3 #=239
L 155 90 10 0 8 0 1 0 DCIFACE_A_D294_239
A 155 90 10 0 3 0 PINTYPE=BI
P 48 190 80 160 80 0 3 0
A 165 80 10 0 3 3 #=240
L 155 80 10 0 8 0 1 0 DCIFACE_A_D295_240
A 155 80 10 0 3 0 PINTYPE=BI
T 95 600 20 0 5 BANK_33
T 95 580 20 0 5 VDU
U 30 620 10 0 3 3 DEVICE=XXXXXXX
U 30 50 16 0 1 3 REFDES=U?
U 160 35 10 0 9 3 PKG_TYPE=XXXXXXX
U 0 0 10 0 3 0 HETERO=vdua_BANK_38,vdua_BANK_39,vdua_BANK_35,vdua_BANK_34,vdua_BANK_33,vdua_BANK_19,vdua_BANK_18,vdua_BANK_17,vdua_BANK_16,vdua_BANK_15,vdua_BANK_13,vdua_BANK_11,vdua_BANK_10,vdua_BANK_12,vdua_BANK_30,vdua_BANK_31
E