V 50
K 153165148200 vdu
Y 1
D 0 0 190 670
Z 10
i 946
b 30 50 160 620
P 1 190 550 160 550 0 3 0
A 165 550 10 0 3 3 #=721
L 155 550 10 0 8 0 1 0 DCIFACE_A_D656_721
A 155 550 10 0 3 0 PINTYPE=BI
P 2 190 540 160 540 0 3 0
A 165 540 10 0 3 3 #=722
L 155 540 10 0 8 0 1 0 DCIFACE_A_D657_722
A 155 540 10 0 3 0 PINTYPE=BI
P 3 190 530 160 530 0 3 0
A 165 530 10 0 3 3 #=723
L 155 530 10 0 8 0 1 0 DCIFACE_A_D658_723
A 155 530 10 0 3 0 PINTYPE=BI
P 4 190 520 160 520 0 3 0
A 165 520 10 0 3 3 #=724
L 155 520 10 0 8 0 1 0 DCIFACE_A_D659_724
A 155 520 10 0 3 0 PINTYPE=BI
P 5 190 510 160 510 0 3 0
A 165 510 10 0 3 3 #=725
L 155 510 10 0 8 0 1 0 DCIFACE_A_D660_725
A 155 510 10 0 3 0 PINTYPE=BI
P 6 190 500 160 500 0 3 0
A 165 500 10 0 3 3 #=726
L 155 500 10 0 8 0 1 0 DCIFACE_A_D661_726
A 155 500 10 0 3 0 PINTYPE=BI
P 7 190 490 160 490 0 3 0
A 165 490 10 0 3 3 #=727
L 155 490 10 0 8 0 1 0 DCIFACE_A_D662_727
A 155 490 10 0 3 0 PINTYPE=BI
P 8 190 480 160 480 0 3 0
A 165 480 10 0 3 3 #=728
L 155 480 10 0 8 0 1 0 DCIFACE_A_D663_728
A 155 480 10 0 3 0 PINTYPE=BI
P 9 190 470 160 470 0 3 0
A 165 470 10 0 3 3 #=729
L 155 470 10 0 8 0 1 0 DCIFACE_A_D664_729
A 155 470 10 0 3 0 PINTYPE=BI
P 10 190 460 160 460 0 3 0
A 165 460 10 0 3 3 #=730
L 155 460 10 0 8 0 1 0 DCIFACE_A_D665_730
A 155 460 10 0 3 0 PINTYPE=BI
P 11 190 450 160 450 0 3 0
A 165 450 10 0 3 3 #=731
L 155 450 10 0 8 0 1 0 DCIFACE_A_D666_731
A 155 450 10 0 3 0 PINTYPE=BI
P 12 190 440 160 440 0 3 0
A 165 440 10 0 3 3 #=732
L 155 440 10 0 8 0 1 0 DCIFACE_A_D667_732
A 155 440 10 0 3 0 PINTYPE=BI
P 13 190 430 160 430 0 3 0
A 165 430 10 0 3 3 #=733
L 155 430 10 0 8 0 1 0 DCIFACE_A_D668_733
A 155 430 10 0 3 0 PINTYPE=BI
P 14 190 420 160 420 0 3 0
A 165 420 10 0 3 3 #=734
L 155 420 10 0 8 0 1 0 DCIFACE_A_D669_734
A 155 420 10 0 3 0 PINTYPE=BI
P 15 190 410 160 410 0 3 0
A 165 410 10 0 3 3 #=735
L 155 410 10 0 8 0 1 0 DCIFACE_A_D670_735
A 155 410 10 0 3 0 PINTYPE=BI
P 16 190 400 160 400 0 3 0
A 165 400 10 0 3 3 #=736
L 155 400 10 0 8 0 1 0 DCIFACE_A_D671_736
A 155 400 10 0 3 0 PINTYPE=BI
P 17 190 390 160 390 0 3 0
A 165 390 10 0 3 3 #=737
L 155 390 10 0 8 0 1 0 DCIFACE_A_D672_737
A 155 390 10 0 3 0 PINTYPE=BI
P 18 190 380 160 380 0 3 0
A 165 380 10 0 3 3 #=738
L 155 380 10 0 8 0 1 0 DCIFACE_A_D673_738
A 155 380 10 0 3 0 PINTYPE=BI
P 19 190 370 160 370 0 3 0
A 165 370 10 0 3 3 #=739
L 155 370 10 0 8 0 1 0 DCIFACE_A_D674_739
A 155 370 10 0 3 0 PINTYPE=BI
P 20 190 360 160 360 0 3 0
A 165 360 10 0 3 3 #=740
L 155 360 10 0 8 0 1 0 DCIFACE_A_D675_740
A 155 360 10 0 3 0 PINTYPE=BI
P 21 190 350 160 350 0 3 0
A 165 350 10 0 3 3 #=741
L 155 350 10 0 8 0 1 0 DCIFACE_A_D676_741
A 155 350 10 0 3 0 PINTYPE=BI
P 22 190 340 160 340 0 3 0
A 165 340 10 0 3 3 #=742
L 155 340 10 0 8 0 1 0 DCIFACE_A_D677_742
A 155 340 10 0 3 0 PINTYPE=BI
P 23 190 330 160 330 0 3 0
A 165 330 10 0 3 3 #=743
L 155 330 10 0 8 0 1 0 DCIFACE_A_D678_743
A 155 330 10 0 3 0 PINTYPE=BI
P 24 190 320 160 320 0 3 0
A 165 320 10 0 3 3 #=744
L 155 320 10 0 8 0 1 0 DCIFACE_A_D679_744
A 155 320 10 0 3 0 PINTYPE=BI
P 25 190 310 160 310 0 3 0
A 165 310 10 0 3 3 #=745
L 155 310 10 0 8 0 1 0 DCIFACE_A_D744_745
A 155 310 10 0 3 0 PINTYPE=BI
P 26 190 300 160 300 0 3 0
A 165 300 10 0 3 3 #=746
L 155 300 10 0 8 0 1 0 DCIFACE_A_D745_746
A 155 300 10 0 3 0 PINTYPE=BI
P 27 190 290 160 290 0 3 0
A 165 290 10 0 3 3 #=747
L 155 290 10 0 8 0 1 0 DCIFACE_A_D746_747
A 155 290 10 0 3 0 PINTYPE=BI
P 28 190 280 160 280 0 3 0
A 165 280 10 0 3 3 #=748
L 155 280 10 0 8 0 1 0 DCIFACE_A_D747_748
A 155 280 10 0 3 0 PINTYPE=BI
P 29 190 270 160 270 0 3 0
A 165 270 10 0 3 3 #=749
L 155 270 10 0 8 0 1 0 DCIFACE_A_D748_749
A 155 270 10 0 3 0 PINTYPE=BI
P 30 190 260 160 260 0 3 0
A 165 260 10 0 3 3 #=750
L 155 260 10 0 8 0 1 0 DCIFACE_A_D749_750
A 155 260 10 0 3 0 PINTYPE=BI
P 31 190 250 160 250 0 3 0
A 165 250 10 0 3 3 #=751
L 155 250 10 0 8 0 1 0 DCIFACE_A_D750_751
A 155 250 10 0 3 0 PINTYPE=BI
P 32 190 240 160 240 0 3 0
A 165 240 10 0 3 3 #=752
L 155 240 10 0 8 0 1 0 DCIFACE_A_D751_752
A 155 240 10 0 3 0 PINTYPE=BI
P 33 190 230 160 230 0 3 0
A 165 230 10 0 3 3 #=753
L 155 230 10 0 8 0 1 0 DCIFACE_A_D752_753
A 155 230 10 0 3 0 PINTYPE=BI
P 34 190 220 160 220 0 3 0
A 165 220 10 0 3 3 #=754
L 155 220 10 0 8 0 1 0 DCIFACE_A_D753_754
A 155 220 10 0 3 0 PINTYPE=BI
P 35 190 210 160 210 0 3 0
A 165 210 10 0 3 3 #=755
L 155 210 10 0 8 0 1 0 DCIFACE_A_D754_755
A 155 210 10 0 3 0 PINTYPE=BI
P 36 190 200 160 200 0 3 0
A 165 200 10 0 3 3 #=756
L 155 200 10 0 8 0 1 0 DCIFACE_A_D755_756
A 155 200 10 0 3 0 PINTYPE=BI
P 37 190 190 160 190 0 3 0
A 165 190 10 0 3 3 #=757
L 155 190 10 0 8 0 1 0 DCIFACE_A_D756_757
A 155 190 10 0 3 0 PINTYPE=BI
P 38 190 180 160 180 0 3 0
A 165 180 10 0 3 3 #=758
L 155 180 10 0 8 0 1 0 DCIFACE_A_D757_758
A 155 180 10 0 3 0 PINTYPE=BI
P 39 190 170 160 170 0 3 0
A 165 170 10 0 3 3 #=759
L 155 170 10 0 8 0 1 0 DCIFACE_A_D758_759
A 155 170 10 0 3 0 PINTYPE=BI
P 40 190 160 160 160 0 3 0
A 165 160 10 0 3 3 #=760
L 155 160 10 0 8 0 1 0 DCIFACE_A_D759_760
A 155 160 10 0 3 0 PINTYPE=BI
P 41 190 150 160 150 0 3 0
A 165 150 10 0 3 3 #=761
L 155 150 10 0 8 0 1 0 DCIFACE_A_D760_761
A 155 150 10 0 3 0 PINTYPE=BI
P 42 190 140 160 140 0 3 0
A 165 140 10 0 3 3 #=762
L 155 140 10 0 8 0 1 0 DCIFACE_A_D761_762
A 155 140 10 0 3 0 PINTYPE=BI
P 43 190 130 160 130 0 3 0
A 165 130 10 0 3 3 #=763
L 155 130 10 0 8 0 1 0 DCIFACE_A_D762_763
A 155 130 10 0 3 0 PINTYPE=BI
P 44 190 120 160 120 0 3 0
A 165 120 10 0 3 3 #=764
L 155 120 10 0 8 0 1 0 DCIFACE_A_D763_764
A 155 120 10 0 3 0 PINTYPE=BI
P 45 190 110 160 110 0 3 0
A 165 110 10 0 3 3 #=765
L 155 110 10 0 8 0 1 0 DCIFACE_A_D764_765
A 155 110 10 0 3 0 PINTYPE=BI
P 46 190 100 160 100 0 3 0
A 165 100 10 0 3 3 #=766
L 155 100 10 0 8 0 1 0 DCIFACE_A_D765_766
A 155 100 10 0 3 0 PINTYPE=BI
P 47 190 90 160 90 0 3 0
A 165 90 10 0 3 3 #=767
L 155 90 10 0 8 0 1 0 DCIFACE_A_D766_767
A 155 90 10 0 3 0 PINTYPE=BI
P 48 190 80 160 80 0 3 0
A 165 80 10 0 3 3 #=768
L 155 80 10 0 8 0 1 0 DCIFACE_A_D767_768
A 155 80 10 0 3 0 PINTYPE=BI
T 95 600 20 0 5 BANK_31
T 95 580 20 0 5 VDU
U 30 620 10 0 3 3 DEVICE=XXXXXXX
U 30 50 16 0 1 3 REFDES=U?
U 160 35 10 0 9 3 PKG_TYPE=XXXXXXX
U 0 0 10 0 3 0 HETERO=vdua_BANK_38,vdua_BANK_39,vdua_BANK_35,vdua_BANK_34,vdua_BANK_33,vdua_BANK_19,vdua_BANK_18,vdua_BANK_17,vdua_BANK_16,vdua_BANK_15,vdua_BANK_13,vdua_BANK_11,vdua_BANK_10,vdua_BANK_12,vdua_BANK_30,vdua_BANK_31
E