V 50
K 153165148200 vdu
Y 1
D 0 0 190 670
Z 10
i 946
b 30 50 160 620
P 1 190 550 160 550 0 3 0
A 165 550 10 0 3 3 #=145
L 155 550 10 0 8 0 1 0 DCIFACE_A_D144_145
A 155 550 10 0 3 0 PINTYPE=BI
P 2 190 540 160 540 0 3 0
A 165 540 10 0 3 3 #=146
L 155 540 10 0 8 0 1 0 DCIFACE_A_D145_146
A 155 540 10 0 3 0 PINTYPE=BI
P 3 190 530 160 530 0 3 0
A 165 530 10 0 3 3 #=147
L 155 530 10 0 8 0 1 0 DCIFACE_A_D146_147
A 155 530 10 0 3 0 PINTYPE=BI
P 4 190 520 160 520 0 3 0
A 165 520 10 0 3 3 #=148
L 155 520 10 0 8 0 1 0 DCIFACE_A_D147_148
A 155 520 10 0 3 0 PINTYPE=BI
P 5 190 510 160 510 0 3 0
A 165 510 10 0 3 3 #=149
L 155 510 10 0 8 0 1 0 DCIFACE_A_D148_149
A 155 510 10 0 3 0 PINTYPE=BI
P 6 190 500 160 500 0 3 0
A 165 500 10 0 3 3 #=150
L 155 500 10 0 8 0 1 0 DCIFACE_A_D149_150
A 155 500 10 0 3 0 PINTYPE=BI
P 7 190 490 160 490 0 3 0
A 165 490 10 0 3 3 #=151
L 155 490 10 0 8 0 1 0 DCIFACE_A_D150_151
A 155 490 10 0 3 0 PINTYPE=BI
P 8 190 480 160 480 0 3 0
A 165 480 10 0 3 3 #=152
L 155 480 10 0 8 0 1 0 DCIFACE_A_D151_152
A 155 480 10 0 3 0 PINTYPE=BI
P 9 190 470 160 470 0 3 0
A 165 470 10 0 3 3 #=153
L 155 470 10 0 8 0 1 0 DCIFACE_A_D152_153
A 155 470 10 0 3 0 PINTYPE=BI
P 10 190 460 160 460 0 3 0
A 165 460 10 0 3 3 #=154
L 155 460 10 0 8 0 1 0 DCIFACE_A_D153_154
A 155 460 10 0 3 0 PINTYPE=BI
P 11 190 450 160 450 0 3 0
A 165 450 10 0 3 3 #=155
L 155 450 10 0 8 0 1 0 DCIFACE_A_D154_155
A 155 450 10 0 3 0 PINTYPE=BI
P 12 190 440 160 440 0 3 0
A 165 440 10 0 3 3 #=156
L 155 440 10 0 8 0 1 0 DCIFACE_A_D155_156
A 155 440 10 0 3 0 PINTYPE=BI
P 13 190 430 160 430 0 3 0
A 165 430 10 0 3 3 #=157
L 155 430 10 0 8 0 1 0 DCIFACE_A_D156_157
A 155 430 10 0 3 0 PINTYPE=BI
P 14 190 420 160 420 0 3 0
A 165 420 10 0 3 3 #=158
L 155 420 10 0 8 0 1 0 DCIFACE_A_D157_158
A 155 420 10 0 3 0 PINTYPE=BI
P 15 190 410 160 410 0 3 0
A 165 410 10 0 3 3 #=159
L 155 410 10 0 8 0 1 0 DCIFACE_A_D158_159
A 155 410 10 0 3 0 PINTYPE=BI
P 16 190 400 160 400 0 3 0
A 165 400 10 0 3 3 #=160
L 155 400 10 0 8 0 1 0 DCIFACE_A_D159_160
A 155 400 10 0 3 0 PINTYPE=BI
P 17 190 390 160 390 0 3 0
A 165 390 10 0 3 3 #=161
L 155 390 10 0 8 0 1 0 DCIFACE_A_D160_161
A 155 390 10 0 3 0 PINTYPE=BI
P 18 190 380 160 380 0 3 0
A 165 380 10 0 3 3 #=162
L 155 380 10 0 8 0 1 0 DCIFACE_A_D161_162
A 155 380 10 0 3 0 PINTYPE=BI
P 19 190 370 160 370 0 3 0
A 165 370 10 0 3 3 #=163
L 155 370 10 0 8 0 1 0 DCIFACE_A_D162_163
A 155 370 10 0 3 0 PINTYPE=BI
P 20 190 360 160 360 0 3 0
A 165 360 10 0 3 3 #=164
L 155 360 10 0 8 0 1 0 DCIFACE_A_D163_164
A 155 360 10 0 3 0 PINTYPE=BI
P 21 190 350 160 350 0 3 0
A 165 350 10 0 3 3 #=165
L 155 350 10 0 8 0 1 0 DCIFACE_A_D164_165
A 155 350 10 0 3 0 PINTYPE=BI
P 22 190 340 160 340 0 3 0
A 165 340 10 0 3 3 #=166
L 155 340 10 0 8 0 1 0 DCIFACE_A_D165_166
A 155 340 10 0 3 0 PINTYPE=BI
P 23 190 330 160 330 0 3 0
A 165 330 10 0 3 3 #=167
L 155 330 10 0 8 0 1 0 DCIFACE_A_D166_167
A 155 330 10 0 3 0 PINTYPE=BI
P 24 190 320 160 320 0 3 0
A 165 320 10 0 3 3 #=168
L 155 320 10 0 8 0 1 0 DCIFACE_A_D167_168
A 155 320 10 0 3 0 PINTYPE=BI
P 25 190 310 160 310 0 3 0
A 165 310 10 0 3 3 #=169
L 155 310 10 0 8 0 1 0 DCIFACE_A_D168_169
A 155 310 10 0 3 0 PINTYPE=BI
P 26 190 300 160 300 0 3 0
A 165 300 10 0 3 3 #=170
L 155 300 10 0 8 0 1 0 DCIFACE_A_D169_170
A 155 300 10 0 3 0 PINTYPE=BI
P 27 190 290 160 290 0 3 0
A 165 290 10 0 3 3 #=171
L 155 290 10 0 8 0 1 0 DCIFACE_A_D170_171
A 155 290 10 0 3 0 PINTYPE=BI
P 28 190 280 160 280 0 3 0
A 165 280 10 0 3 3 #=172
L 155 280 10 0 8 0 1 0 DCIFACE_A_D171_172
A 155 280 10 0 3 0 PINTYPE=BI
P 29 190 270 160 270 0 3 0
A 165 270 10 0 3 3 #=173
L 155 270 10 0 8 0 1 0 DCIFACE_A_D172_173
A 155 270 10 0 3 0 PINTYPE=BI
P 30 190 260 160 260 0 3 0
A 165 260 10 0 3 3 #=174
L 155 260 10 0 8 0 1 0 DCIFACE_A_D173_174
A 155 260 10 0 3 0 PINTYPE=BI
P 31 190 250 160 250 0 3 0
A 165 250 10 0 3 3 #=175
L 155 250 10 0 8 0 1 0 DCIFACE_A_D174_175
A 155 250 10 0 3 0 PINTYPE=BI
P 32 190 240 160 240 0 3 0
A 165 240 10 0 3 3 #=176
L 155 240 10 0 8 0 1 0 DCIFACE_A_D175_176
A 155 240 10 0 3 0 PINTYPE=BI
P 33 190 230 160 230 0 3 0
A 165 230 10 0 3 3 #=177
L 155 230 10 0 8 0 1 0 DCIFACE_A_D176_177
A 155 230 10 0 3 0 PINTYPE=BI
P 34 190 220 160 220 0 3 0
A 165 220 10 0 3 3 #=178
L 155 220 10 0 8 0 1 0 DCIFACE_A_D177_178
A 155 220 10 0 3 0 PINTYPE=BI
P 35 190 210 160 210 0 3 0
A 165 210 10 0 3 3 #=179
L 155 210 10 0 8 0 1 0 DCIFACE_A_D178_179
A 155 210 10 0 3 0 PINTYPE=BI
P 36 190 200 160 200 0 3 0
A 165 200 10 0 3 3 #=180
L 155 200 10 0 8 0 1 0 DCIFACE_A_D179_180
A 155 200 10 0 3 0 PINTYPE=BI
P 37 190 190 160 190 0 3 0
A 165 190 10 0 3 3 #=181
L 155 190 10 0 8 0 1 0 DCIFACE_A_D180_181
A 155 190 10 0 3 0 PINTYPE=BI
P 38 190 180 160 180 0 3 0
A 165 180 10 0 3 3 #=182
L 155 180 10 0 8 0 1 0 DCIFACE_A_D181_182
A 155 180 10 0 3 0 PINTYPE=BI
P 39 190 170 160 170 0 3 0
A 165 170 10 0 3 3 #=183
L 155 170 10 0 8 0 1 0 DCIFACE_A_D182_183
A 155 170 10 0 3 0 PINTYPE=BI
P 40 190 160 160 160 0 3 0
A 165 160 10 0 3 3 #=184
L 155 160 10 0 8 0 1 0 DCIFACE_A_D183_184
A 155 160 10 0 3 0 PINTYPE=BI
P 41 190 150 160 150 0 3 0
A 165 150 10 0 3 3 #=185
L 155 150 10 0 8 0 1 0 DCIFACE_A_D264_185
A 155 150 10 0 3 0 PINTYPE=BI
P 42 190 140 160 140 0 3 0
A 165 140 10 0 3 3 #=186
L 155 140 10 0 8 0 1 0 DCIFACE_A_D265_186
A 155 140 10 0 3 0 PINTYPE=BI
P 43 190 130 160 130 0 3 0
A 165 130 10 0 3 3 #=187
L 155 130 10 0 8 0 1 0 DCIFACE_A_D266_187
A 155 130 10 0 3 0 PINTYPE=BI
P 44 190 120 160 120 0 3 0
A 165 120 10 0 3 3 #=188
L 155 120 10 0 8 0 1 0 DCIFACE_A_D267_188
A 155 120 10 0 3 0 PINTYPE=BI
P 45 190 110 160 110 0 3 0
A 165 110 10 0 3 3 #=189
L 155 110 10 0 8 0 1 0 DCIFACE_A_D268_189
A 155 110 10 0 3 0 PINTYPE=BI
P 46 190 100 160 100 0 3 0
A 165 100 10 0 3 3 #=190
L 155 100 10 0 8 0 1 0 DCIFACE_A_D269_190
A 155 100 10 0 3 0 PINTYPE=BI
P 47 190 90 160 90 0 3 0
A 165 90 10 0 3 3 #=191
L 155 90 10 0 8 0 1 0 DCIFACE_A_D270_191
A 155 90 10 0 3 0 PINTYPE=BI
P 48 190 80 160 80 0 3 0
A 165 80 10 0 3 3 #=192
L 155 80 10 0 8 0 1 0 DCIFACE_A_D271_192
A 155 80 10 0 3 0 PINTYPE=BI
T 95 600 20 0 5 BANK_34
T 95 580 20 0 5 VDU
U 30 620 10 0 3 3 DEVICE=XXXXXXX
U 30 50 16 0 1 3 REFDES=U?
U 160 35 10 0 9 3 PKG_TYPE=XXXXXXX
U 0 0 10 0 3 0 HETERO=vdua_BANK_38,vdua_BANK_39,vdua_BANK_35,vdua_BANK_34,vdua_BANK_33,vdua_BANK_19,vdua_BANK_18,vdua_BANK_17,vdua_BANK_16,vdua_BANK_15,vdua_BANK_13,vdua_BANK_11,vdua_BANK_10,vdua_BANK_12,vdua_BANK_30,vdua_BANK_31
E