V 50
K 153165148200 vdu
Y 1
D 0 0 190 670
Z 10
i 946
b 30 50 160 620
P 1 190 550 160 550 0 3 0
A 165 550 10 0 3 3 #=529
L 155 550 10 0 8 0 1 0 DCIFACE_A_D472_529
A 155 550 10 0 3 0 PINTYPE=BI
P 2 190 540 160 540 0 3 0
A 165 540 10 0 3 3 #=530
L 155 540 10 0 8 0 1 0 DCIFACE_A_D473_530
A 155 540 10 0 3 0 PINTYPE=BI
P 3 190 530 160 530 0 3 0
A 165 530 10 0 3 3 #=531
L 155 530 10 0 8 0 1 0 DCIFACE_A_D474_531
A 155 530 10 0 3 0 PINTYPE=BI
P 4 190 520 160 520 0 3 0
A 165 520 10 0 3 3 #=532
L 155 520 10 0 8 0 1 0 DCIFACE_A_D475_532
A 155 520 10 0 3 0 PINTYPE=BI
P 5 190 510 160 510 0 3 0
A 165 510 10 0 3 3 #=533
L 155 510 10 0 8 0 1 0 DCIFACE_A_D476_533
A 155 510 10 0 3 0 PINTYPE=BI
P 6 190 500 160 500 0 3 0
A 165 500 10 0 3 3 #=534
L 155 500 10 0 8 0 1 0 DCIFACE_A_D477_534
A 155 500 10 0 3 0 PINTYPE=BI
P 7 190 490 160 490 0 3 0
A 165 490 10 0 3 3 #=535
L 155 490 10 0 8 0 1 0 DCIFACE_A_D478_535
A 155 490 10 0 3 0 PINTYPE=BI
P 8 190 480 160 480 0 3 0
A 165 480 10 0 3 3 #=536
L 155 480 10 0 8 0 1 0 DCIFACE_A_D479_536
A 155 480 10 0 3 0 PINTYPE=BI
P 9 190 470 160 470 0 3 0
A 165 470 10 0 3 3 #=537
L 155 470 10 0 8 0 1 0 DCIFACE_A_D480_537
A 155 470 10 0 3 0 PINTYPE=BI
P 10 190 460 160 460 0 3 0
A 165 460 10 0 3 3 #=538
L 155 460 10 0 8 0 1 0 DCIFACE_A_D481_538
A 155 460 10 0 3 0 PINTYPE=BI
P 11 190 450 160 450 0 3 0
A 165 450 10 0 3 3 #=539
L 155 450 10 0 8 0 1 0 DCIFACE_A_D482_539
A 155 450 10 0 3 0 PINTYPE=BI
P 12 190 440 160 440 0 3 0
A 165 440 10 0 3 3 #=540
L 155 440 10 0 8 0 1 0 DCIFACE_A_D483_540
A 155 440 10 0 3 0 PINTYPE=BI
P 13 190 430 160 430 0 3 0
A 165 430 10 0 3 3 #=541
L 155 430 10 0 8 0 1 0 DCIFACE_A_D484_541
A 155 430 10 0 3 0 PINTYPE=BI
P 14 190 420 160 420 0 3 0
A 165 420 10 0 3 3 #=542
L 155 420 10 0 8 0 1 0 DCIFACE_A_D485_542
A 155 420 10 0 3 0 PINTYPE=BI
P 15 190 410 160 410 0 3 0
A 165 410 10 0 3 3 #=543
L 155 410 10 0 8 0 1 0 DCIFACE_A_D486_543
A 155 410 10 0 3 0 PINTYPE=BI
P 16 190 400 160 400 0 3 0
A 165 400 10 0 3 3 #=544
L 155 400 10 0 8 0 1 0 DCIFACE_A_D487_544
A 155 400 10 0 3 0 PINTYPE=BI
P 17 190 390 160 390 0 3 0
A 165 390 10 0 3 3 #=545
L 155 390 10 0 8 0 1 0 DCIFACE_A_D488_545
A 155 390 10 0 3 0 PINTYPE=BI
P 18 190 380 160 380 0 3 0
A 165 380 10 0 3 3 #=546
L 155 380 10 0 8 0 1 0 DCIFACE_A_D489_546
A 155 380 10 0 3 0 PINTYPE=BI
P 19 190 370 160 370 0 3 0
A 165 370 10 0 3 3 #=547
L 155 370 10 0 8 0 1 0 DCIFACE_A_D490_547
A 155 370 10 0 3 0 PINTYPE=BI
P 20 190 360 160 360 0 3 0
A 165 360 10 0 3 3 #=548
L 155 360 10 0 8 0 1 0 DCIFACE_A_D491_548
A 155 360 10 0 3 0 PINTYPE=BI
P 21 190 350 160 350 0 3 0
A 165 350 10 0 3 3 #=549
L 155 350 10 0 8 0 1 0 DCIFACE_A_D492_549
A 155 350 10 0 3 0 PINTYPE=BI
P 22 190 340 160 340 0 3 0
A 165 340 10 0 3 3 #=550
L 155 340 10 0 8 0 1 0 DCIFACE_A_D493_550
A 155 340 10 0 3 0 PINTYPE=BI
P 23 190 330 160 330 0 3 0
A 165 330 10 0 3 3 #=551
L 155 330 10 0 8 0 1 0 DCIFACE_A_D494_551
A 155 330 10 0 3 0 PINTYPE=BI
P 24 190 320 160 320 0 3 0
A 165 320 10 0 3 3 #=552
L 155 320 10 0 8 0 1 0 DCIFACE_A_D495_552
A 155 320 10 0 3 0 PINTYPE=BI
P 25 190 310 160 310 0 3 0
A 165 310 10 0 3 3 #=553
L 155 310 10 0 8 0 1 0 DCIFACE_A_D560_553
A 155 310 10 0 3 0 PINTYPE=BI
P 26 190 300 160 300 0 3 0
A 165 300 10 0 3 3 #=554
L 155 300 10 0 8 0 1 0 DCIFACE_A_D561_554
A 155 300 10 0 3 0 PINTYPE=BI
P 27 190 290 160 290 0 3 0
A 165 290 10 0 3 3 #=555
L 155 290 10 0 8 0 1 0 DCIFACE_A_D562_555
A 155 290 10 0 3 0 PINTYPE=BI
P 28 190 280 160 280 0 3 0
A 165 280 10 0 3 3 #=556
L 155 280 10 0 8 0 1 0 DCIFACE_A_D563_556
A 155 280 10 0 3 0 PINTYPE=BI
P 29 190 270 160 270 0 3 0
A 165 270 10 0 3 3 #=557
L 155 270 10 0 8 0 1 0 DCIFACE_A_D564_557
A 155 270 10 0 3 0 PINTYPE=BI
P 30 190 260 160 260 0 3 0
A 165 260 10 0 3 3 #=558
L 155 260 10 0 8 0 1 0 DCIFACE_A_D565_558
A 155 260 10 0 3 0 PINTYPE=BI
P 31 190 250 160 250 0 3 0
A 165 250 10 0 3 3 #=559
L 155 250 10 0 8 0 1 0 DCIFACE_A_D566_559
A 155 250 10 0 3 0 PINTYPE=BI
P 32 190 240 160 240 0 3 0
A 165 240 10 0 3 3 #=560
L 155 240 10 0 8 0 1 0 DCIFACE_A_D567_560
A 155 240 10 0 3 0 PINTYPE=BI
P 33 190 230 160 230 0 3 0
A 165 230 10 0 3 3 #=561
L 155 230 10 0 8 0 1 0 DCIFACE_A_D568_561
A 155 230 10 0 3 0 PINTYPE=BI
P 34 190 220 160 220 0 3 0
A 165 220 10 0 3 3 #=562
L 155 220 10 0 8 0 1 0 DCIFACE_A_D569_562
A 155 220 10 0 3 0 PINTYPE=BI
P 35 190 210 160 210 0 3 0
A 165 210 10 0 3 3 #=563
L 155 210 10 0 8 0 1 0 DCIFACE_A_D570_563
A 155 210 10 0 3 0 PINTYPE=BI
P 36 190 200 160 200 0 3 0
A 165 200 10 0 3 3 #=564
L 155 200 10 0 8 0 1 0 DCIFACE_A_D571_564
A 155 200 10 0 3 0 PINTYPE=BI
P 37 190 190 160 190 0 3 0
A 165 190 10 0 3 3 #=565
L 155 190 10 0 8 0 1 0 DCIFACE_A_D572_565
A 155 190 10 0 3 0 PINTYPE=BI
P 38 190 180 160 180 0 3 0
A 165 180 10 0 3 3 #=566
L 155 180 10 0 8 0 1 0 DCIFACE_A_D573_566
A 155 180 10 0 3 0 PINTYPE=BI
P 39 190 170 160 170 0 3 0
A 165 170 10 0 3 3 #=567
L 155 170 10 0 8 0 1 0 DCIFACE_A_D574_567
A 155 170 10 0 3 0 PINTYPE=BI
P 40 190 160 160 160 0 3 0
A 165 160 10 0 3 3 #=568
L 155 160 10 0 8 0 1 0 DCIFACE_A_D575_568
A 155 160 10 0 3 0 PINTYPE=BI
P 41 190 150 160 150 0 3 0
A 165 150 10 0 3 3 #=569
L 155 150 10 0 8 0 1 0 DCIFACE_A_D576_569
A 155 150 10 0 3 0 PINTYPE=BI
P 42 190 140 160 140 0 3 0
A 165 140 10 0 3 3 #=570
L 155 140 10 0 8 0 1 0 DCIFACE_A_D577_570
A 155 140 10 0 3 0 PINTYPE=BI
P 43 190 130 160 130 0 3 0
A 165 130 10 0 3 3 #=571
L 155 130 10 0 8 0 1 0 DCIFACE_A_D578_571
A 155 130 10 0 3 0 PINTYPE=BI
P 44 190 120 160 120 0 3 0
A 165 120 10 0 3 3 #=572
L 155 120 10 0 8 0 1 0 DCIFACE_A_D579_572
A 155 120 10 0 3 0 PINTYPE=BI
P 45 190 110 160 110 0 3 0
A 165 110 10 0 3 3 #=573
L 155 110 10 0 8 0 1 0 DCIFACE_A_D580_573
A 155 110 10 0 3 0 PINTYPE=BI
P 46 190 100 160 100 0 3 0
A 165 100 10 0 3 3 #=574
L 155 100 10 0 8 0 1 0 DCIFACE_A_D581_574
A 155 100 10 0 3 0 PINTYPE=BI
P 47 190 90 160 90 0 3 0
A 165 90 10 0 3 3 #=575
L 155 90 10 0 8 0 1 0 DCIFACE_A_D582_575
A 155 90 10 0 3 0 PINTYPE=BI
P 48 190 80 160 80 0 3 0
A 165 80 10 0 3 3 #=576
L 155 80 10 0 8 0 1 0 DCIFACE_A_D583_576
A 155 80 10 0 3 0 PINTYPE=BI
T 95 600 20 0 5 BANK_11
T 95 580 20 0 5 VDU
U 30 620 10 0 3 3 DEVICE=XXXXXXX
U 30 50 16 0 1 3 REFDES=U?
U 160 35 10 0 9 3 PKG_TYPE=XXXXXXX
U 0 0 10 0 3 0 HETERO=vdua_BANK_38,vdua_BANK_39,vdua_BANK_35,vdua_BANK_34,vdua_BANK_33,vdua_BANK_19,vdua_BANK_18,vdua_BANK_17,vdua_BANK_16,vdua_BANK_15,vdua_BANK_13,vdua_BANK_11,vdua_BANK_10,vdua_BANK_12,vdua_BANK_30,vdua_BANK_31
E