V 50
K 153165148200 vdu
Y 1
D 0 0 190 670
Z 10
i 946
b 30 50 160 620
P 1 190 550 160 550 0 3 0
A 165 550 10 0 3 3 #=241
L 155 550 10 0 8 0 1 0 DCIFACE_A_D208_241
A 155 550 10 0 3 0 PINTYPE=BI
P 2 190 540 160 540 0 3 0
A 165 540 10 0 3 3 #=242
L 155 540 10 0 8 0 1 0 DCIFACE_A_D209_242
A 155 540 10 0 3 0 PINTYPE=BI
P 3 190 530 160 530 0 3 0
A 165 530 10 0 3 3 #=243
L 155 530 10 0 8 0 1 0 DCIFACE_A_D210_243
A 155 530 10 0 3 0 PINTYPE=BI
P 4 190 520 160 520 0 3 0
A 165 520 10 0 3 3 #=244
L 155 520 10 0 8 0 1 0 DCIFACE_A_D211_244
A 155 520 10 0 3 0 PINTYPE=BI
P 5 190 510 160 510 0 3 0
A 165 510 10 0 3 3 #=245
L 155 510 10 0 8 0 1 0 DCIFACE_A_D212_245
A 155 510 10 0 3 0 PINTYPE=BI
P 6 190 500 160 500 0 3 0
A 165 500 10 0 3 3 #=246
L 155 500 10 0 8 0 1 0 DCIFACE_A_D213_246
A 155 500 10 0 3 0 PINTYPE=BI
P 7 190 490 160 490 0 3 0
A 165 490 10 0 3 3 #=247
L 155 490 10 0 8 0 1 0 DCIFACE_A_D214_247
A 155 490 10 0 3 0 PINTYPE=BI
P 8 190 480 160 480 0 3 0
A 165 480 10 0 3 3 #=248
L 155 480 10 0 8 0 1 0 DCIFACE_A_D215_248
A 155 480 10 0 3 0 PINTYPE=BI
P 9 190 470 160 470 0 3 0
A 165 470 10 0 3 3 #=249
L 155 470 10 0 8 0 1 0 DCIFACE_A_D216_249
A 155 470 10 0 3 0 PINTYPE=BI
P 10 190 460 160 460 0 3 0
A 165 460 10 0 3 3 #=250
L 155 460 10 0 8 0 1 0 DCIFACE_A_D217_250
A 155 460 10 0 3 0 PINTYPE=BI
P 11 190 450 160 450 0 3 0
A 165 450 10 0 3 3 #=251
L 155 450 10 0 8 0 1 0 DCIFACE_A_D218_251
A 155 450 10 0 3 0 PINTYPE=BI
P 12 190 440 160 440 0 3 0
A 165 440 10 0 3 3 #=252
L 155 440 10 0 8 0 1 0 DCIFACE_A_D219_252
A 155 440 10 0 3 0 PINTYPE=BI
P 13 190 430 160 430 0 3 0
A 165 430 10 0 3 3 #=253
L 155 430 10 0 8 0 1 0 DCIFACE_A_D220_253
A 155 430 10 0 3 0 PINTYPE=BI
P 14 190 420 160 420 0 3 0
A 165 420 10 0 3 3 #=254
L 155 420 10 0 8 0 1 0 DCIFACE_A_D221_254
A 155 420 10 0 3 0 PINTYPE=BI
P 15 190 410 160 410 0 3 0
A 165 410 10 0 3 3 #=255
L 155 410 10 0 8 0 1 0 DCIFACE_A_D222_255
A 155 410 10 0 3 0 PINTYPE=BI
P 16 190 400 160 400 0 3 0
A 165 400 10 0 3 3 #=256
L 155 400 10 0 8 0 1 0 DCIFACE_A_D223_256
A 155 400 10 0 3 0 PINTYPE=BI
P 17 190 390 160 390 0 3 0
A 165 390 10 0 3 3 #=257
L 155 390 10 0 8 0 1 0 DCIFACE_A_D224_257
A 155 390 10 0 3 0 PINTYPE=BI
P 18 190 380 160 380 0 3 0
A 165 380 10 0 3 3 #=258
L 155 380 10 0 8 0 1 0 DCIFACE_A_D225_258
A 155 380 10 0 3 0 PINTYPE=BI
P 19 190 370 160 370 0 3 0
A 165 370 10 0 3 3 #=259
L 155 370 10 0 8 0 1 0 DCIFACE_A_D226_259
A 155 370 10 0 3 0 PINTYPE=BI
P 20 190 360 160 360 0 3 0
A 165 360 10 0 3 3 #=260
L 155 360 10 0 8 0 1 0 DCIFACE_A_D227_260
A 155 360 10 0 3 0 PINTYPE=BI
P 21 190 350 160 350 0 3 0
A 165 350 10 0 3 3 #=261
L 155 350 10 0 8 0 1 0 DCIFACE_A_D228_261
A 155 350 10 0 3 0 PINTYPE=BI
P 22 190 340 160 340 0 3 0
A 165 340 10 0 3 3 #=262
L 155 340 10 0 8 0 1 0 DCIFACE_A_D229_262
A 155 340 10 0 3 0 PINTYPE=BI
P 23 190 330 160 330 0 3 0
A 165 330 10 0 3 3 #=263
L 155 330 10 0 8 0 1 0 DCIFACE_A_D230_263
A 155 330 10 0 3 0 PINTYPE=BI
P 24 190 320 160 320 0 3 0
A 165 320 10 0 3 3 #=264
L 155 320 10 0 8 0 1 0 DCIFACE_A_D231_264
A 155 320 10 0 3 0 PINTYPE=BI
P 25 190 310 160 310 0 3 0
A 165 310 10 0 3 3 #=265
L 155 310 10 0 8 0 1 0 DCIFACE_A_D296_265
A 155 310 10 0 3 0 PINTYPE=BI
P 26 190 300 160 300 0 3 0
A 165 300 10 0 3 3 #=266
L 155 300 10 0 8 0 1 0 DCIFACE_A_D297_266
A 155 300 10 0 3 0 PINTYPE=BI
P 27 190 290 160 290 0 3 0
A 165 290 10 0 3 3 #=267
L 155 290 10 0 8 0 1 0 DCIFACE_A_D298_267
A 155 290 10 0 3 0 PINTYPE=BI
P 28 190 280 160 280 0 3 0
A 165 280 10 0 3 3 #=268
L 155 280 10 0 8 0 1 0 DCIFACE_A_D299_268
A 155 280 10 0 3 0 PINTYPE=BI
P 29 190 270 160 270 0 3 0
A 165 270 10 0 3 3 #=269
L 155 270 10 0 8 0 1 0 DCIFACE_A_D300_269
A 155 270 10 0 3 0 PINTYPE=BI
P 30 190 260 160 260 0 3 0
A 165 260 10 0 3 3 #=270
L 155 260 10 0 8 0 1 0 DCIFACE_A_D301_270
A 155 260 10 0 3 0 PINTYPE=BI
P 31 190 250 160 250 0 3 0
A 165 250 10 0 3 3 #=271
L 155 250 10 0 8 0 1 0 DCIFACE_A_D302_271
A 155 250 10 0 3 0 PINTYPE=BI
P 32 190 240 160 240 0 3 0
A 165 240 10 0 3 3 #=272
L 155 240 10 0 8 0 1 0 DCIFACE_A_D303_272
A 155 240 10 0 3 0 PINTYPE=BI
P 33 190 230 160 230 0 3 0
A 165 230 10 0 3 3 #=273
L 155 230 10 0 8 0 1 0 DCIFACE_A_D304_273
A 155 230 10 0 3 0 PINTYPE=BI
P 34 190 220 160 220 0 3 0
A 165 220 10 0 3 3 #=274
L 155 220 10 0 8 0 1 0 DCIFACE_A_D305_274
A 155 220 10 0 3 0 PINTYPE=BI
P 35 190 210 160 210 0 3 0
A 165 210 10 0 3 3 #=275
L 155 210 10 0 8 0 1 0 DCIFACE_A_D306_275
A 155 210 10 0 3 0 PINTYPE=BI
P 36 190 200 160 200 0 3 0
A 165 200 10 0 3 3 #=276
L 155 200 10 0 8 0 1 0 DCIFACE_A_D307_276
A 155 200 10 0 3 0 PINTYPE=BI
P 37 190 190 160 190 0 3 0
A 165 190 10 0 3 3 #=277
L 155 190 10 0 8 0 1 0 DCIFACE_A_D308_277
A 155 190 10 0 3 0 PINTYPE=BI
P 38 190 180 160 180 0 3 0
A 165 180 10 0 3 3 #=278
L 155 180 10 0 8 0 1 0 DCIFACE_A_D309_278
A 155 180 10 0 3 0 PINTYPE=BI
P 39 190 170 160 170 0 3 0
A 165 170 10 0 3 3 #=279
L 155 170 10 0 8 0 1 0 DCIFACE_A_D310_279
A 155 170 10 0 3 0 PINTYPE=BI
P 40 190 160 160 160 0 3 0
A 165 160 10 0 3 3 #=280
L 155 160 10 0 8 0 1 0 DCIFACE_A_D311_280
A 155 160 10 0 3 0 PINTYPE=BI
P 41 190 150 160 150 0 3 0
A 165 150 10 0 3 3 #=281
L 155 150 10 0 8 0 1 0 DCIFACE_A_D312_281
A 155 150 10 0 3 0 PINTYPE=BI
P 42 190 140 160 140 0 3 0
A 165 140 10 0 3 3 #=282
L 155 140 10 0 8 0 1 0 DCIFACE_A_D313_282
A 155 140 10 0 3 0 PINTYPE=BI
P 43 190 130 160 130 0 3 0
A 165 130 10 0 3 3 #=283
L 155 130 10 0 8 0 1 0 DCIFACE_A_D314_283
A 155 130 10 0 3 0 PINTYPE=BI
P 44 190 120 160 120 0 3 0
A 165 120 10 0 3 3 #=284
L 155 120 10 0 8 0 1 0 DCIFACE_A_D315_284
A 155 120 10 0 3 0 PINTYPE=BI
P 45 190 110 160 110 0 3 0
A 165 110 10 0 3 3 #=285
L 155 110 10 0 8 0 1 0 DCIFACE_A_D316_285
A 155 110 10 0 3 0 PINTYPE=BI
P 46 190 100 160 100 0 3 0
A 165 100 10 0 3 3 #=286
L 155 100 10 0 8 0 1 0 DCIFACE_A_D317_286
A 155 100 10 0 3 0 PINTYPE=BI
P 47 190 90 160 90 0 3 0
A 165 90 10 0 3 3 #=287
L 155 90 10 0 8 0 1 0 DCIFACE_A_D318_287
A 155 90 10 0 3 0 PINTYPE=BI
P 48 190 80 160 80 0 3 0
A 165 80 10 0 3 3 #=288
L 155 80 10 0 8 0 1 0 DCIFACE_A_D319_288
A 155 80 10 0 3 0 PINTYPE=BI
T 95 600 20 0 5 BANK_19
T 95 580 20 0 5 VDU
U 30 620 10 0 3 3 DEVICE=XXXXXXX
U 30 50 16 0 1 3 REFDES=U?
U 160 35 10 0 9 3 PKG_TYPE=XXXXXXX
U 0 0 10 0 3 0 HETERO=vdua_BANK_38,vdua_BANK_39,vdua_BANK_35,vdua_BANK_34,vdua_BANK_33,vdua_BANK_19,vdua_BANK_18,vdua_BANK_17,vdua_BANK_16,vdua_BANK_15,vdua_BANK_13,vdua_BANK_11,vdua_BANK_10,vdua_BANK_12,vdua_BANK_30,vdua_BANK_31
E