V 50
K 153165148200 vu095ffvc1517
Y 1
D 0 0 400 420
Z 10
i 946
b 50 50 350 370
P 1 400 100 350 100 0 3 0
A 355 100 10 0 3 3 #=Y35
L 345 100 10 0 8 0 1 0 MGTREFCLK1N_126_Y35
A 405 100 10 0 2 0 PINTYPE=BI
P 2 400 110 350 110 0 3 0
A 355 110 10 0 3 3 #=Y34
L 345 110 10 0 8 0 1 0 MGTREFCLK1P_126_Y34
A 405 110 10 0 2 0 PINTYPE=BI
P 3 400 120 350 120 0 3 0
A 355 120 10 0 3 3 #=AB35
L 345 120 10 0 8 0 1 0 MGTREFCLK0N_126_AB35
A 405 120 10 0 2 0 PINTYPE=BI
P 4 400 130 350 130 0 3 0
A 355 130 10 0 3 3 #=AB34
L 345 130 10 0 8 0 1 0 MGTREFCLK0P_126_AB34
A 405 130 10 0 2 0 PINTYPE=BI
P 5 400 140 350 140 0 3 0
A 355 140 10 0 3 3 #=AB39
L 345 140 10 0 8 0 1 0 MGTYRXN3_126_AB39
A 405 140 10 0 2 0 PINTYPE=BI
P 6 400 150 350 150 0 3 0
A 355 150 10 0 3 3 #=AB38
L 345 150 10 0 8 0 1 0 MGTYRXP3_126_AB38
A 405 150 10 0 2 0 PINTYPE=BI
P 7 400 160 350 160 0 3 0
A 355 160 10 0 3 3 #=AA37
L 345 160 10 0 8 0 1 0 MGTYTXN3_126_AA37
A 405 160 10 0 2 0 PINTYPE=BI
P 8 400 170 350 170 0 3 0
A 355 170 10 0 3 3 #=AA36
L 345 170 10 0 8 0 1 0 MGTYTXP3_126_AA36
A 405 170 10 0 2 0 PINTYPE=BI
P 9 400 180 350 180 0 3 0
A 355 180 10 0 3 3 #=AD39
L 345 180 10 0 8 0 1 0 MGTYRXN2_126_AD39
A 405 180 10 0 2 0 PINTYPE=BI
P 10 400 190 350 190 0 3 0
A 355 190 10 0 3 3 #=AD38
L 345 190 10 0 8 0 1 0 MGTYRXP2_126_AD38
A 405 190 10 0 2 0 PINTYPE=BI
P 11 400 200 350 200 0 3 0
A 355 200 10 0 3 3 #=AC37
L 345 200 10 0 8 0 1 0 MGTYTXN2_126_AC37
A 405 200 10 0 2 0 PINTYPE=BI
P 12 400 210 350 210 0 3 0
A 355 210 10 0 3 3 #=AC36
L 345 210 10 0 8 0 1 0 MGTYTXP2_126_AC36
A 405 210 10 0 2 0 PINTYPE=BI
P 13 400 220 350 220 0 3 0
A 355 220 10 0 3 3 #=AF39
L 345 220 10 0 8 0 1 0 MGTYRXN1_126_AF39
A 405 220 10 0 2 0 PINTYPE=BI
P 14 400 230 350 230 0 3 0
A 355 230 10 0 3 3 #=AF38
L 345 230 10 0 8 0 1 0 MGTYRXP1_126_AF38
A 405 230 10 0 2 0 PINTYPE=BI
P 15 400 240 350 240 0 3 0
A 355 240 10 0 3 3 #=AE37
L 345 240 10 0 8 0 1 0 MGTYTXN1_126_AE37
A 405 240 10 0 2 0 PINTYPE=BI
P 16 400 250 350 250 0 3 0
A 355 250 10 0 3 3 #=AE36
L 345 250 10 0 8 0 1 0 MGTYTXP1_126_AE36
A 405 250 10 0 2 0 PINTYPE=BI
P 17 400 260 350 260 0 3 0
A 355 260 10 0 3 3 #=AH39
L 345 260 10 0 8 0 1 0 MGTYRXN0_126_AH39
A 405 260 10 0 2 0 PINTYPE=BI
P 18 400 270 350 270 0 3 0
A 355 270 10 0 3 3 #=AH38
L 345 270 10 0 8 0 1 0 MGTYRXP0_126_AH38
A 405 270 10 0 2 0 PINTYPE=BI
P 19 400 280 350 280 0 3 0
A 355 280 10 0 3 3 #=AG37
L 345 280 10 0 8 0 1 0 MGTYTXN0_126_AG37
A 405 280 10 0 2 0 PINTYPE=BI
P 20 400 290 350 290 0 3 0
A 355 290 10 0 3 3 #=AG36
L 345 290 10 0 8 0 1 0 MGTYTXP0_126_AG36
A 405 290 10 0 2 0 PINTYPE=BI
T 220 310 20 0 5 XCVU095FFVC1517
T 220 330 20 0 5 BANK 126
c 70 350 10
U 50 380 10 0 3 3 DEVICE=XXXXXX
U 50 30 16 0 3 3 REFDES=U?
U 250 30 10 0 3 3 PKG_TYPE=XXXXXX
U 0 0 10 0 3 0 HETERO=vu095ffvc1517b_0,vu095ffvc1517b_44,vu095ffvc1517b_45,vu095ffvc1517b_46,vu095ffvc1517b_47,vu095ffvc1517b_48,vu095ffvc1517b_65,vu095ffvc1517b_66,vu095ffvc1517b_67,vu095ffvc1517b_68,vu095ffvc1517b_84,vu095ffvc1517b_94,vu095ffvc1517b_124,vu095ffvc1517b_125,vu095ffvc1517b_126,vu095ffvc1517b_127,vu095ffvc1517b_128,vu095ffvc1517b_129,vu095ffvc1517b_224,vu095ffvc1517b_225,vu095ffvc1517b_226,vu095ffvc1517b_227,vu095ffvc1517b_228,vu095ffvc1517b_229,vu095ffvc1517b_MGTAVCC_L,vu095ffvc1517b_MGTAVCC_R,vu095ffvc1517b_MGTAVTT_L,vu095ffvc1517b_MGTAVTT_R,vu095ffvc1517b_MGTVCCAUX_L,vu095ffvc1517b_MGTVCCAUX_R,vu095ffvc1517b_GND1,vu095ffvc1517b_GND2,vu095ffvc1517b_VCCINT,vu095ffvc1517b_VCCINT_IO,vu095ffvc1517b_VCCAUX,vu095ffvc1517b_VCCAUX_IO,vu095ffvc1517b_VCCBRAM
U 0 -10 10 0 3 0 PARTS=1
U 0 -20 10 0 3 0 LEVEL=STD
U 0 -30 10 0 3 0 DATE=2014_08_18
E
