V 50
K 153165148200 vu095ffvc1517
Y 1
D 0 0 400 490
Z 10
i 946
b 50 50 350 440
P 1 400 100 350 100 0 3 0
A 355 100 10 0 3 3 #=AA38
L 345 100 10 0 8 0 1 0 MGTAVTT_L_AA38
A 405 100 10 0 2 0 PINTYPE=BI
P 2 400 110 350 110 0 3 0
A 355 110 10 0 3 3 #=AC38
L 345 110 10 0 8 0 1 0 MGTAVTT_L_AC38
A 405 110 10 0 2 0 PINTYPE=BI
P 3 400 120 350 120 0 3 0
A 355 120 10 0 3 3 #=AD36
L 345 120 10 0 8 0 1 0 MGTAVTT_L_AD36
A 405 120 10 0 2 0 PINTYPE=BI
P 4 400 130 350 130 0 3 0
A 355 130 10 0 3 3 #=AE38
L 345 130 10 0 8 0 1 0 MGTAVTT_L_AE38
A 405 130 10 0 2 0 PINTYPE=BI
P 5 400 140 350 140 0 3 0
A 355 140 10 0 3 3 #=AG38
L 345 140 10 0 8 0 1 0 MGTAVTT_L_AG38
A 405 140 10 0 2 0 PINTYPE=BI
P 6 400 150 350 150 0 3 0
A 355 150 10 0 3 3 #=AH36
L 345 150 10 0 8 0 1 0 MGTAVTT_L_AH36
A 405 150 10 0 2 0 PINTYPE=BI
P 7 400 160 350 160 0 3 0
A 355 160 10 0 3 3 #=AJ38
L 345 160 10 0 8 0 1 0 MGTAVTT_L_AJ38
A 405 160 10 0 2 0 PINTYPE=BI
P 8 400 170 350 170 0 3 0
A 355 170 10 0 3 3 #=AL38
L 345 170 10 0 8 0 1 0 MGTAVTT_L_AL38
A 405 170 10 0 2 0 PINTYPE=BI
P 9 400 180 350 180 0 3 0
A 355 180 10 0 3 3 #=AM36
L 345 180 10 0 8 0 1 0 MGTAVTT_L_AM36
A 405 180 10 0 2 0 PINTYPE=BI
P 10 400 190 350 190 0 3 0
A 355 190 10 0 3 3 #=AN38
L 345 190 10 0 8 0 1 0 MGTAVTT_L_AN38
A 405 190 10 0 2 0 PINTYPE=BI
P 11 400 200 350 200 0 3 0
A 355 200 10 0 3 3 #=AR38
L 345 200 10 0 8 0 1 0 MGTAVTT_L_AR38
A 405 200 10 0 2 0 PINTYPE=BI
P 12 400 210 350 210 0 3 0
A 355 210 10 0 3 3 #=AT36
L 345 210 10 0 8 0 1 0 MGTAVTT_L_AT36
A 405 210 10 0 2 0 PINTYPE=BI
P 13 400 220 350 220 0 3 0
A 355 220 10 0 3 3 #=AU38
L 345 220 10 0 8 0 1 0 MGTAVTT_L_AU38
A 405 220 10 0 2 0 PINTYPE=BI
P 14 400 230 350 230 0 3 0
A 355 230 10 0 3 3 #=C38
L 345 230 10 0 8 0 1 0 MGTAVTT_L_C38
A 405 230 10 0 2 0 PINTYPE=BI
P 15 400 240 350 240 0 3 0
A 355 240 10 0 3 3 #=D36
L 345 240 10 0 8 0 1 0 MGTAVTT_L_D36
A 405 240 10 0 2 0 PINTYPE=BI
P 16 400 250 350 250 0 3 0
A 355 250 10 0 3 3 #=E38
L 345 250 10 0 8 0 1 0 MGTAVTT_L_E38
A 405 250 10 0 2 0 PINTYPE=BI
P 17 400 260 350 260 0 3 0
A 355 260 10 0 3 3 #=G38
L 345 260 10 0 8 0 1 0 MGTAVTT_L_G38
A 405 260 10 0 2 0 PINTYPE=BI
P 18 400 270 350 270 0 3 0
A 355 270 10 0 3 3 #=H36
L 345 270 10 0 8 0 1 0 MGTAVTT_L_H36
A 405 270 10 0 2 0 PINTYPE=BI
P 19 400 280 350 280 0 3 0
A 355 280 10 0 3 3 #=J38
L 345 280 10 0 8 0 1 0 MGTAVTT_L_J38
A 405 280 10 0 2 0 PINTYPE=BI
P 20 400 290 350 290 0 3 0
A 355 290 10 0 3 3 #=L38
L 345 290 10 0 8 0 1 0 MGTAVTT_L_L38
A 405 290 10 0 2 0 PINTYPE=BI
P 21 400 300 350 300 0 3 0
A 355 300 10 0 3 3 #=M36
L 345 300 10 0 8 0 1 0 MGTAVTT_L_M36
A 405 300 10 0 2 0 PINTYPE=BI
P 22 400 310 350 310 0 3 0
A 355 310 10 0 3 3 #=N38
L 345 310 10 0 8 0 1 0 MGTAVTT_L_N38
A 405 310 10 0 2 0 PINTYPE=BI
P 23 400 320 350 320 0 3 0
A 355 320 10 0 3 3 #=R38
L 345 320 10 0 8 0 1 0 MGTAVTT_L_R38
A 405 320 10 0 2 0 PINTYPE=BI
P 24 400 330 350 330 0 3 0
A 355 330 10 0 3 3 #=T36
L 345 330 10 0 8 0 1 0 MGTAVTT_L_T36
A 405 330 10 0 2 0 PINTYPE=BI
P 25 400 340 350 340 0 3 0
A 355 340 10 0 3 3 #=U38
L 345 340 10 0 8 0 1 0 MGTAVTT_L_U38
A 405 340 10 0 2 0 PINTYPE=BI
P 26 400 350 350 350 0 3 0
A 355 350 10 0 3 3 #=W38
L 345 350 10 0 8 0 1 0 MGTAVTT_L_W38
A 405 350 10 0 2 0 PINTYPE=BI
P 27 400 360 350 360 0 3 0
A 355 360 10 0 3 3 #=Y36
L 345 360 10 0 8 0 1 0 MGTAVTT_L_Y36
A 405 360 10 0 2 0 PINTYPE=BI
T 220 380 20 0 5 XCVU095FFVC1517
T 220 400 20 0 5 BANK MGTAVTT_L
c 70 420 10
U 50 450 10 0 3 3 DEVICE=XXXXXX
U 50 30 16 0 3 3 REFDES=U?
U 250 30 10 0 3 3 PKG_TYPE=XXXXXX
U 0 0 10 0 3 0 HETERO=vu095ffvc1517a_0,vu095ffvc1517a_44,vu095ffvc1517a_45,vu095ffvc1517a_46,vu095ffvc1517a_47,vu095ffvc1517a_48,vu095ffvc1517a_65,vu095ffvc1517a_66,vu095ffvc1517a_67,vu095ffvc1517a_68,vu095ffvc1517a_84,vu095ffvc1517a_94,vu095ffvc1517a_124,vu095ffvc1517a_125,vu095ffvc1517a_126,vu095ffvc1517a_127,vu095ffvc1517a_128,vu095ffvc1517a_129,vu095ffvc1517a_224,vu095ffvc1517a_225,vu095ffvc1517a_226,vu095ffvc1517a_227,vu095ffvc1517a_228,vu095ffvc1517a_229,vu095ffvc1517a_MGTAVCC_L,vu095ffvc1517a_MGTAVCC_R,vu095ffvc1517a_MGTAVTT_L,vu095ffvc1517a_MGTAVTT_R,vu095ffvc1517a_MGTVCCAUX_L,vu095ffvc1517a_MGTVCCAUX_R,vu095ffvc1517a_GND1,vu095ffvc1517a_GND2,vu095ffvc1517a_VCCINT,vu095ffvc1517a_VCCINT_IO,vu095ffvc1517a_VCCAUX,vu095ffvc1517a_VCCAUX_IO,vu095ffvc1517a_VCCBRAM
U 0 -10 10 0 3 0 PARTS=1
U 0 -20 10 0 3 0 LEVEL=STD
U 0 -30 10 0 3 0 DATE=2014_05_07
E
