V 50
K 153165148200 vu125flvd1517
Y 1
D 0 0 400 420
Z 10
i 946
b 50 50 350 370
P 1 400 100 350 100 0 3 0
A 355 100 10 0 3 3 #=J7
L 345 100 10 0 8 0 1 0 MGTREFCLK1N_233_J7
A 405 100 10 0 2 0 PINTYPE=BI
P 2 400 110 350 110 0 3 0
A 355 110 10 0 3 3 #=J8
L 345 110 10 0 8 0 1 0 MGTREFCLK1P_233_J8
A 405 110 10 0 2 0 PINTYPE=BI
P 3 400 120 350 120 0 3 0
A 355 120 10 0 3 3 #=K9
L 345 120 10 0 8 0 1 0 MGTREFCLK0N_233_K9
A 405 120 10 0 2 0 PINTYPE=BI
P 4 400 130 350 130 0 3 0
A 355 130 10 0 3 3 #=K10
L 345 130 10 0 8 0 1 0 MGTREFCLK0P_233_K10
A 405 130 10 0 2 0 PINTYPE=BI
P 5 400 140 350 140 0 3 0
A 355 140 10 0 3 3 #=B9
L 345 140 10 0 8 0 1 0 MGTHRXN3_233_B9
A 405 140 10 0 2 0 PINTYPE=BI
P 6 400 150 350 150 0 3 0
A 355 150 10 0 3 3 #=B10
L 345 150 10 0 8 0 1 0 MGTHRXP3_233_B10
A 405 150 10 0 2 0 PINTYPE=BI
P 7 400 160 350 160 0 3 0
A 355 160 10 0 3 3 #=C11
L 345 160 10 0 8 0 1 0 MGTHTXN3_233_C11
A 405 160 10 0 2 0 PINTYPE=BI
P 8 400 170 350 170 0 3 0
A 355 170 10 0 3 3 #=C12
L 345 170 10 0 8 0 1 0 MGTHTXP3_233_C12
A 405 170 10 0 2 0 PINTYPE=BI
P 9 400 180 350 180 0 3 0
A 355 180 10 0 3 3 #=D9
L 345 180 10 0 8 0 1 0 MGTHRXN2_233_D9
A 405 180 10 0 2 0 PINTYPE=BI
P 10 400 190 350 190 0 3 0
A 355 190 10 0 3 3 #=D10
L 345 190 10 0 8 0 1 0 MGTHRXP2_233_D10
A 405 190 10 0 2 0 PINTYPE=BI
P 11 400 200 350 200 0 3 0
A 355 200 10 0 3 3 #=E11
L 345 200 10 0 8 0 1 0 MGTHTXN2_233_E11
A 405 200 10 0 2 0 PINTYPE=BI
P 12 400 210 350 210 0 3 0
A 355 210 10 0 3 3 #=E12
L 345 210 10 0 8 0 1 0 MGTHTXP2_233_E12
A 405 210 10 0 2 0 PINTYPE=BI
P 13 400 220 350 220 0 3 0
A 355 220 10 0 3 3 #=F9
L 345 220 10 0 8 0 1 0 MGTHRXN1_233_F9
A 405 220 10 0 2 0 PINTYPE=BI
P 14 400 230 350 230 0 3 0
A 355 230 10 0 3 3 #=F10
L 345 230 10 0 8 0 1 0 MGTHRXP1_233_F10
A 405 230 10 0 2 0 PINTYPE=BI
P 15 400 240 350 240 0 3 0
A 355 240 10 0 3 3 #=G11
L 345 240 10 0 8 0 1 0 MGTHTXN1_233_G11
A 405 240 10 0 2 0 PINTYPE=BI
P 16 400 250 350 250 0 3 0
A 355 250 10 0 3 3 #=G12
L 345 250 10 0 8 0 1 0 MGTHTXP1_233_G12
A 405 250 10 0 2 0 PINTYPE=BI
P 17 400 260 350 260 0 3 0
A 355 260 10 0 3 3 #=G7
L 345 260 10 0 8 0 1 0 MGTHRXN0_233_G7
A 405 260 10 0 2 0 PINTYPE=BI
P 18 400 270 350 270 0 3 0
A 355 270 10 0 3 3 #=G8
L 345 270 10 0 8 0 1 0 MGTHRXP0_233_G8
A 405 270 10 0 2 0 PINTYPE=BI
P 19 400 280 350 280 0 3 0
A 355 280 10 0 3 3 #=H9
L 345 280 10 0 8 0 1 0 MGTHTXN0_233_H9
A 405 280 10 0 2 0 PINTYPE=BI
P 20 400 290 350 290 0 3 0
A 355 290 10 0 3 3 #=H10
L 345 290 10 0 8 0 1 0 MGTHTXP0_233_H10
A 405 290 10 0 2 0 PINTYPE=BI
T 220 310 20 0 5 XCVU125FLVD1517
T 220 330 20 0 5 BANK 233
T 135 280 12 0 6 BANK MIGRATION:
T 135 270 10 0 6 VU080 = NC
T 135 260 10 0 6 VU095 = NC
T 135 250 10 0 6 KU100 = BANK 233
T 135 240 10 0 6 KU115 = BANK 233
c 70 350 10
U 50 380 10 0 3 3 DEVICE=XXXXXX
U 50 30 16 0 3 3 REFDES=U?
U 250 30 10 0 3 3 PKG_TYPE=XXXXXX
U 0 0 10 0 3 0 HETERO=vu125flvd1517a_0,vu125flvd1517a_65,vu125flvd1517a_66,vu125flvd1517a_67,vu125flvd1517a_71,vu125flvd1517a_72,vu125flvd1517a_73,vu125flvd1517a_84,vu125flvd1517a_94,vu125flvd1517a_124,vu125flvd1517a_125,vu125flvd1517a_126,vu125flvd1517a_127,vu125flvd1517a_129,vu125flvd1517a_130,vu125flvd1517a_131,vu125flvd1517a_132,vu125flvd1517a_224,vu125flvd1517a_225,vu125flvd1517a_226,vu125flvd1517a_227,vu125flvd1517a_228,vu125flvd1517a_229,vu125flvd1517a_230,vu125flvd1517a_231,vu125flvd1517a_232,vu125flvd1517a_233,vu125flvd1517a_MGTAVCC_LN,vu125flvd1517a_MGTAVCC_LS,vu125flvd1517a_MGTAVCC_RN,vu125flvd1517a_MGTAVCC_RS,vu125flvd1517a_MGTAVTT_LN,vu125flvd1517a_MGTAVTT_LS,vu125flvd1517a_MGTAVTT_RN,vu125flvd1517a_MGTAVTT_RS,vu125flvd1517a_MGTVCCAUX_LN,vu125flvd1517a_MGTVCCAUX_LS,vu125flvd1517a_MGTVCCAUX_RN,vu125flvd1517a_MGTVCCAUX_RS,vu125flvd1517a_GND1,vu125flvd1517a_GND2,vu125flvd1517a_VCCINT,vu125flvd1517a_VCCINT_IO,vu125flvd1517a_VCCAUX,vu125flvd1517a_VCCAUX_IO,vu125flvd1517a_VCCBRAM
U 0 -10 10 0 3 0 PARTS=1
U 0 -20 10 0 3 0 LEVEL=STD
U 0 -30 10 0 3 0 DATE=2014_12_19
E
