V 50
K 153165148200 vu125flvb1517
Y 1
D 0 0 400 440
Z 10
i 946
b 50 50 350 390
P 1 400 100 350 100 0 3 0
A 355 100 10 0 3 3 #=A12
L 345 100 10 0 8 0 1 0 MGTAVTTRCAL_230_A12
A 405 100 10 0 2 0 PINTYPE=BI
P 2 400 110 350 110 0 3 0
A 355 110 10 0 3 3 #=A11
L 345 110 10 0 8 0 1 0 MGTRREF_230_A11
A 405 110 10 0 2 0 PINTYPE=BI
P 3 400 120 350 120 0 3 0
A 355 120 10 0 3 3 #=R7
L 345 120 10 0 8 0 1 0 MGTREFCLK1N_230_R7
A 405 120 10 0 2 0 PINTYPE=BI
P 4 400 130 350 130 0 3 0
A 355 130 10 0 3 3 #=R8
L 345 130 10 0 8 0 1 0 MGTREFCLK1P_230_R8
A 405 130 10 0 2 0 PINTYPE=BI
P 5 400 140 350 140 0 3 0
A 355 140 10 0 3 3 #=T9
L 345 140 10 0 8 0 1 0 MGTREFCLK0N_230_T9
A 405 140 10 0 2 0 PINTYPE=BI
P 6 400 150 350 150 0 3 0
A 355 150 10 0 3 3 #=T10
L 345 150 10 0 8 0 1 0 MGTREFCLK0P_230_T10
A 405 150 10 0 2 0 PINTYPE=BI
P 7 400 160 350 160 0 3 0
A 355 160 10 0 3 3 #=K1
L 345 160 10 0 8 0 1 0 MGTHRXN3_230_K1
A 405 160 10 0 2 0 PINTYPE=BI
P 8 400 170 350 170 0 3 0
A 355 170 10 0 3 3 #=K2
L 345 170 10 0 8 0 1 0 MGTHRXP3_230_K2
A 405 170 10 0 2 0 PINTYPE=BI
P 9 400 180 350 180 0 3 0
A 355 180 10 0 3 3 #=K5
L 345 180 10 0 8 0 1 0 MGTHTXN3_230_K5
A 405 180 10 0 2 0 PINTYPE=BI
P 10 400 190 350 190 0 3 0
A 355 190 10 0 3 3 #=K6
L 345 190 10 0 8 0 1 0 MGTHTXP3_230_K6
A 405 190 10 0 2 0 PINTYPE=BI
P 11 400 200 350 200 0 3 0
A 355 200 10 0 3 3 #=L3
L 345 200 10 0 8 0 1 0 MGTHRXN2_230_L3
A 405 200 10 0 2 0 PINTYPE=BI
P 12 400 210 350 210 0 3 0
A 355 210 10 0 3 3 #=L4
L 345 210 10 0 8 0 1 0 MGTHRXP2_230_L4
A 405 210 10 0 2 0 PINTYPE=BI
P 13 400 220 350 220 0 3 0
A 355 220 10 0 3 3 #=M5
L 345 220 10 0 8 0 1 0 MGTHTXN2_230_M5
A 405 220 10 0 2 0 PINTYPE=BI
P 14 400 230 350 230 0 3 0
A 355 230 10 0 3 3 #=M6
L 345 230 10 0 8 0 1 0 MGTHTXP2_230_M6
A 405 230 10 0 2 0 PINTYPE=BI
P 15 400 240 350 240 0 3 0
A 355 240 10 0 3 3 #=M1
L 345 240 10 0 8 0 1 0 MGTHRXN1_230_M1
A 405 240 10 0 2 0 PINTYPE=BI
P 16 400 250 350 250 0 3 0
A 355 250 10 0 3 3 #=M2
L 345 250 10 0 8 0 1 0 MGTHRXP1_230_M2
A 405 250 10 0 2 0 PINTYPE=BI
P 17 400 260 350 260 0 3 0
A 355 260 10 0 3 3 #=N3
L 345 260 10 0 8 0 1 0 MGTHTXN1_230_N3
A 405 260 10 0 2 0 PINTYPE=BI
P 18 400 270 350 270 0 3 0
A 355 270 10 0 3 3 #=N4
L 345 270 10 0 8 0 1 0 MGTHTXP1_230_N4
A 405 270 10 0 2 0 PINTYPE=BI
P 19 400 280 350 280 0 3 0
A 355 280 10 0 3 3 #=P1
L 345 280 10 0 8 0 1 0 MGTHRXN0_230_P1
A 405 280 10 0 2 0 PINTYPE=BI
P 20 400 290 350 290 0 3 0
A 355 290 10 0 3 3 #=P2
L 345 290 10 0 8 0 1 0 MGTHRXP0_230_P2
A 405 290 10 0 2 0 PINTYPE=BI
P 21 400 300 350 300 0 3 0
A 355 300 10 0 3 3 #=P5
L 345 300 10 0 8 0 1 0 MGTHTXN0_230_P5
A 405 300 10 0 2 0 PINTYPE=BI
P 22 400 310 350 310 0 3 0
A 355 310 10 0 3 3 #=P6
L 345 310 10 0 8 0 1 0 MGTHTXP0_230_P6
A 405 310 10 0 2 0 PINTYPE=BI
T 220 330 20 0 5 XCVU125FLVB1517
T 220 350 20 0 5 BANK 230
c 70 370 10
U 50 400 10 0 3 3 DEVICE=XXXXXX
U 50 30 16 0 3 3 REFDES=U?
U 250 30 10 0 3 3 PKG_TYPE=XXXXXX
U 0 0 10 0 3 0 HETERO=vu125flvb1517a_0,vu125flvb1517a_65,vu125flvb1517a_66,vu125flvb1517a_67,vu125flvb1517a_71,vu125flvb1517a_72,vu125flvb1517a_73,vu125flvb1517a_84,vu125flvb1517a_94,vu125flvb1517a_124,vu125flvb1517a_125,vu125flvb1517a_126,vu125flvb1517a_127,vu125flvb1517a_129,vu125flvb1517a_130,vu125flvb1517a_131,vu125flvb1517a_132,vu125flvb1517a_224,vu125flvb1517a_225,vu125flvb1517a_226,vu125flvb1517a_227,vu125flvb1517a_228,vu125flvb1517a_229,vu125flvb1517a_230,vu125flvb1517a_231,vu125flvb1517a_232,vu125flvb1517a_233,vu125flvb1517a_MGTAVCC_LN,vu125flvb1517a_MGTAVCC_LS,vu125flvb1517a_MGTAVCC_RN,vu125flvb1517a_MGTAVCC_RS,vu125flvb1517a_MGTAVTT_LN,vu125flvb1517a_MGTAVTT_LS,vu125flvb1517a_MGTAVTT_RN,vu125flvb1517a_MGTAVTT_RS,vu125flvb1517a_MGTVCCAUX_LN,vu125flvb1517a_MGTVCCAUX_LS,vu125flvb1517a_MGTVCCAUX_RN,vu125flvb1517a_MGTVCCAUX_RS,vu125flvb1517a_GND1,vu125flvb1517a_GND2,vu125flvb1517a_VCCINT,vu125flvb1517a_VCCINT_IO,vu125flvb1517a_VCCAUX,vu125flvb1517a_VCCAUX_IO,vu125flvb1517a_VCCBRAM
U 0 -10 10 0 3 0 PARTS=1
U 0 -20 10 0 3 0 LEVEL=STD
U 0 -30 10 0 3 0 DATE=2014_02_07
E
