V 50
K 153165148200 vu13pd2104
Y 1
D 0 0 400 780
Z 10
i 946
b 50 50 350 730
P 1 400 100 350 100 0 3 0
A 355 100 10 0 3 3 #=A16
L 345 100 10 0 8 0 1 0 GND_A16
A 405 100 10 0 2 0 PINTYPE=BI
P 2 400 110 350 110 0 3 0
A 355 110 10 0 3 3 #=A21
L 345 110 10 0 8 0 1 0 GND_A21
A 405 110 10 0 2 0 PINTYPE=BI
P 3 400 120 350 120 0 3 0
A 355 120 10 0 3 3 #=A26
L 345 120 10 0 8 0 1 0 GND_A26
A 405 120 10 0 2 0 PINTYPE=BI
P 4 400 130 350 130 0 3 0
A 355 130 10 0 3 3 #=A31
L 345 130 10 0 8 0 1 0 GND_A31
A 405 130 10 0 2 0 PINTYPE=BI
P 5 400 140 350 140 0 3 0
A 355 140 10 0 3 3 #=A36
L 345 140 10 0 8 0 1 0 GND_A36
A 405 140 10 0 2 0 PINTYPE=BI
P 6 400 150 350 150 0 3 0
A 355 150 10 0 3 3 #=AB12
L 345 150 10 0 8 0 1 0 GND_AB12
A 405 150 10 0 2 0 PINTYPE=BI
P 7 400 160 350 160 0 3 0
A 355 160 10 0 3 3 #=AF12
L 345 160 10 0 8 0 1 0 GND_AF12
A 405 160 10 0 2 0 PINTYPE=BI
P 8 400 170 350 170 0 3 0
A 355 170 10 0 3 3 #=AL12
L 345 170 10 0 8 0 1 0 GND_AL12
A 405 170 10 0 2 0 PINTYPE=BI
P 9 400 180 350 180 0 3 0
A 355 180 10 0 3 3 #=AL26
L 345 180 10 0 8 0 1 0 GND_AL26
A 405 180 10 0 2 0 PINTYPE=BI
P 10 400 190 350 190 0 3 0
A 355 190 10 0 3 3 #=AL31
L 345 190 10 0 8 0 1 0 GND_AL31
A 405 190 10 0 2 0 PINTYPE=BI
P 11 400 200 350 200 0 3 0
A 355 200 10 0 3 3 #=AM18
L 345 200 10 0 8 0 1 0 GND_AM18
A 405 200 10 0 2 0 PINTYPE=BI
P 12 400 210 350 210 0 3 0
A 355 210 10 0 3 3 #=AM23
L 345 210 10 0 8 0 1 0 GND_AM23
A 405 210 10 0 2 0 PINTYPE=BI
P 13 400 220 350 220 0 3 0
A 355 220 10 0 3 3 #=AM28
L 345 220 10 0 8 0 1 0 GND_AM28
A 405 220 10 0 2 0 PINTYPE=BI
P 14 400 230 350 230 0 3 0
A 355 230 10 0 3 3 #=AN15
L 345 230 10 0 8 0 1 0 GND_AN15
A 405 230 10 0 2 0 PINTYPE=BI
P 15 400 240 350 240 0 3 0
A 355 240 10 0 3 3 #=AN20
L 345 240 10 0 8 0 1 0 GND_AN20
A 405 240 10 0 2 0 PINTYPE=BI
P 16 400 250 350 250 0 3 0
A 355 250 10 0 3 3 #=AN25
L 345 250 10 0 8 0 1 0 GND_AN25
A 405 250 10 0 2 0 PINTYPE=BI
P 17 400 260 350 260 0 3 0
A 355 260 10 0 3 3 #=AP22
L 345 260 10 0 8 0 1 0 GND_AP22
A 405 260 10 0 2 0 PINTYPE=BI
P 18 400 270 350 270 0 3 0
A 355 270 10 0 3 3 #=AP32
L 345 270 10 0 8 0 1 0 GND_AP32
A 405 270 10 0 2 0 PINTYPE=BI
P 19 400 280 350 280 0 3 0
A 355 280 10 0 3 3 #=AR19
L 345 280 10 0 8 0 1 0 GND_AR19
A 405 280 10 0 2 0 PINTYPE=BI
P 20 400 290 350 290 0 3 0
A 355 290 10 0 3 3 #=AR29
L 345 290 10 0 8 0 1 0 GND_AR29
A 405 290 10 0 2 0 PINTYPE=BI
P 21 400 300 350 300 0 3 0
A 355 300 10 0 3 3 #=AR34
L 345 300 10 0 8 0 1 0 GND_AR34
A 405 300 10 0 2 0 PINTYPE=BI
P 22 400 310 350 310 0 3 0
A 355 310 10 0 3 3 #=AT16
L 345 310 10 0 8 0 1 0 GND_AT16
A 405 310 10 0 2 0 PINTYPE=BI
P 23 400 320 350 320 0 3 0
A 355 320 10 0 3 3 #=AT26
L 345 320 10 0 8 0 1 0 GND_AT26
A 405 320 10 0 2 0 PINTYPE=BI
P 24 400 330 350 330 0 3 0
A 355 330 10 0 3 3 #=AT31
L 345 330 10 0 8 0 1 0 GND_AT31
A 405 330 10 0 2 0 PINTYPE=BI
P 25 400 340 350 340 0 3 0
A 355 340 10 0 3 3 #=AU23
L 345 340 10 0 8 0 1 0 GND_AU23
A 405 340 10 0 2 0 PINTYPE=BI
P 26 400 350 350 350 0 3 0
A 355 350 10 0 3 3 #=AU33
L 345 350 10 0 8 0 1 0 GND_AU33
A 405 350 10 0 2 0 PINTYPE=BI
P 27 400 360 350 360 0 3 0
A 355 360 10 0 3 3 #=AV15
L 345 360 10 0 8 0 1 0 GND_AV15
A 405 360 10 0 2 0 PINTYPE=BI
P 28 400 370 350 370 0 3 0
A 355 370 10 0 3 3 #=AV20
L 345 370 10 0 8 0 1 0 GND_AV20
A 405 370 10 0 2 0 PINTYPE=BI
P 29 400 380 350 380 0 3 0
A 355 380 10 0 3 3 #=AV30
L 345 380 10 0 8 0 1 0 GND_AV30
A 405 380 10 0 2 0 PINTYPE=BI
P 30 400 390 350 390 0 3 0
A 355 390 10 0 3 3 #=AW17
L 345 390 10 0 8 0 1 0 GND_AW17
A 405 390 10 0 2 0 PINTYPE=BI
P 31 400 400 350 400 0 3 0
A 355 400 10 0 3 3 #=AW22
L 345 400 10 0 8 0 1 0 GND_AW22
A 405 400 10 0 2 0 PINTYPE=BI
P 32 400 410 350 410 0 3 0
A 355 410 10 0 3 3 #=AW27
L 345 410 10 0 8 0 1 0 GND_AW27
A 405 410 10 0 2 0 PINTYPE=BI
P 33 400 420 350 420 0 3 0
A 355 420 10 0 3 3 #=AW37
L 345 420 10 0 8 0 1 0 GND_AW37
A 405 420 10 0 2 0 PINTYPE=BI
P 34 400 430 350 430 0 3 0
A 355 430 10 0 3 3 #=AY14
L 345 430 10 0 8 0 1 0 GND_AY14
A 405 430 10 0 2 0 PINTYPE=BI
P 35 400 440 350 440 0 3 0
A 355 440 10 0 3 3 #=AY24
L 345 440 10 0 8 0 1 0 GND_AY24
A 405 440 10 0 2 0 PINTYPE=BI
P 36 400 450 350 450 0 3 0
A 355 450 10 0 3 3 #=AY34
L 345 450 10 0 8 0 1 0 GND_AY34
A 405 450 10 0 2 0 PINTYPE=BI
P 37 400 460 350 460 0 3 0
A 355 460 10 0 3 3 #=B18
L 345 460 10 0 8 0 1 0 GND_B18
A 405 460 10 0 2 0 PINTYPE=BI
P 38 400 470 350 470 0 3 0
A 355 470 10 0 3 3 #=B23
L 345 470 10 0 8 0 1 0 GND_B23
A 405 470 10 0 2 0 PINTYPE=BI
P 39 400 480 350 480 0 3 0
A 355 480 10 0 3 3 #=B28
L 345 480 10 0 8 0 1 0 GND_B28
A 405 480 10 0 2 0 PINTYPE=BI
P 40 400 490 350 490 0 3 0
A 355 490 10 0 3 3 #=B33
L 345 490 10 0 8 0 1 0 GND_B33
A 405 490 10 0 2 0 PINTYPE=BI
P 41 400 500 350 500 0 3 0
A 355 500 10 0 3 3 #=B38
L 345 500 10 0 8 0 1 0 GND_B38
A 405 500 10 0 2 0 PINTYPE=BI
P 42 400 510 350 510 0 3 0
A 355 510 10 0 3 3 #=BA21
L 345 510 10 0 8 0 1 0 GND_BA21
A 405 510 10 0 2 0 PINTYPE=BI
P 43 400 520 350 520 0 3 0
A 355 520 10 0 3 3 #=BA26
L 345 520 10 0 8 0 1 0 GND_BA26
A 405 520 10 0 2 0 PINTYPE=BI
P 44 400 530 350 530 0 3 0
A 355 530 10 0 3 3 #=BA31
L 345 530 10 0 8 0 1 0 GND_BA31
A 405 530 10 0 2 0 PINTYPE=BI
P 45 400 540 350 540 0 3 0
A 355 540 10 0 3 3 #=BB18
L 345 540 10 0 8 0 1 0 GND_BB18
A 405 540 10 0 2 0 PINTYPE=BI
P 46 400 550 350 550 0 3 0
A 355 550 10 0 3 3 #=BB28
L 345 550 10 0 8 0 1 0 GND_BB28
A 405 550 10 0 2 0 PINTYPE=BI
P 47 400 560 350 560 0 3 0
A 355 560 10 0 3 3 #=BB38
L 345 560 10 0 8 0 1 0 GND_BB38
A 405 560 10 0 2 0 PINTYPE=BI
P 48 400 570 350 570 0 3 0
A 355 570 10 0 3 3 #=BC10
L 345 570 10 0 8 0 1 0 GND_BC10
A 405 570 10 0 2 0 PINTYPE=BI
P 49 400 580 350 580 0 3 0
A 355 580 10 0 3 3 #=BC15
L 345 580 10 0 8 0 1 0 GND_BC15
A 405 580 10 0 2 0 PINTYPE=BI
P 50 400 590 350 590 0 3 0
A 355 590 10 0 3 3 #=BC25
L 345 590 10 0 8 0 1 0 GND_BC25
A 405 590 10 0 2 0 PINTYPE=BI
P 51 400 600 350 600 0 3 0
A 355 600 10 0 3 3 #=BC30
L 345 600 10 0 8 0 1 0 GND_BC30
A 405 600 10 0 2 0 PINTYPE=BI
P 52 400 610 350 610 0 3 0
A 355 610 10 0 3 3 #=BC35
L 345 610 10 0 8 0 1 0 GND_BC35
A 405 610 10 0 2 0 PINTYPE=BI
P 53 400 620 350 620 0 3 0
A 355 620 10 0 3 3 #=BD12
L 345 620 10 0 8 0 1 0 GND_BD12
A 405 620 10 0 2 0 PINTYPE=BI
P 54 400 630 350 630 0 3 0
A 355 630 10 0 3 3 #=BD17
L 345 630 10 0 8 0 1 0 GND_BD17
A 405 630 10 0 2 0 PINTYPE=BI
P 55 400 640 350 640 0 3 0
A 355 640 10 0 3 3 #=BD22
L 345 640 10 0 8 0 1 0 GND_BD22
A 405 640 10 0 2 0 PINTYPE=BI
P 56 400 650 350 650 0 3 0
A 355 650 10 0 3 3 #=BD27
L 345 650 10 0 8 0 1 0 GND_BD27
A 405 650 10 0 2 0 PINTYPE=BI
P 57 400 660 350 660 0 3 0
A 355 660 10 0 3 3 #=BD32
L 345 660 10 0 8 0 1 0 GND_BD32
A 405 660 10 0 2 0 PINTYPE=BI
P 58 0 110 50 110 0 2 0
A 45 110 10 0 9 3 #=BE14
L 55 110 10 0 2 0 1 0 GND_BE14
A 10 110 10 0 2 0 PINTYPE=BI
P 59 0 120 50 120 0 2 0
A 45 120 10 0 9 3 #=BE19
L 55 120 10 0 2 0 1 0 GND_BE19
A 10 120 10 0 2 0 PINTYPE=BI
P 60 0 130 50 130 0 2 0
A 45 130 10 0 9 3 #=BE24
L 55 130 10 0 2 0 1 0 GND_BE24
A 10 130 10 0 2 0 PINTYPE=BI
P 61 0 140 50 140 0 2 0
A 45 140 10 0 9 3 #=BE29
L 55 140 10 0 2 0 1 0 GND_BE29
A 10 140 10 0 2 0 PINTYPE=BI
P 62 0 150 50 150 0 2 0
A 45 150 10 0 9 3 #=BE34
L 55 150 10 0 2 0 1 0 GND_BE34
A 10 150 10 0 2 0 PINTYPE=BI
P 63 0 160 50 160 0 2 0
A 45 160 10 0 9 3 #=BE39
L 55 160 10 0 2 0 1 0 GND_BE39
A 10 160 10 0 2 0 PINTYPE=BI
P 64 0 170 50 170 0 2 0
A 45 170 10 0 9 3 #=BE9
L 55 170 10 0 2 0 1 0 GND_BE9
A 10 170 10 0 2 0 PINTYPE=BI
P 65 0 180 50 180 0 2 0
A 45 180 10 0 9 3 #=BF11
L 55 180 10 0 2 0 1 0 GND_BF11
A 10 180 10 0 2 0 PINTYPE=BI
P 66 0 190 50 190 0 2 0
A 45 190 10 0 9 3 #=BF16
L 55 190 10 0 2 0 1 0 GND_BF16
A 10 190 10 0 2 0 PINTYPE=BI
P 67 0 200 50 200 0 2 0
A 45 200 10 0 9 3 #=BF21
L 55 200 10 0 2 0 1 0 GND_BF21
A 10 200 10 0 2 0 PINTYPE=BI
P 68 0 210 50 210 0 2 0
A 45 210 10 0 9 3 #=BF26
L 55 210 10 0 2 0 1 0 GND_BF26
A 10 210 10 0 2 0 PINTYPE=BI
P 69 0 220 50 220 0 2 0
A 45 220 10 0 9 3 #=BF31
L 55 220 10 0 2 0 1 0 GND_BF31
A 10 220 10 0 2 0 PINTYPE=BI
P 70 0 230 50 230 0 2 0
A 45 230 10 0 9 3 #=BF36
L 55 230 10 0 2 0 1 0 GND_BF36
A 10 230 10 0 2 0 PINTYPE=BI
P 71 0 240 50 240 0 2 0
A 45 240 10 0 9 3 #=C20
L 55 240 10 0 2 0 1 0 GND_C20
A 10 240 10 0 2 0 PINTYPE=BI
P 72 0 250 50 250 0 2 0
A 45 250 10 0 9 3 #=C25
L 55 250 10 0 2 0 1 0 GND_C25
A 10 250 10 0 2 0 PINTYPE=BI
P 73 0 260 50 260 0 2 0
A 45 260 10 0 9 3 #=C30
L 55 260 10 0 2 0 1 0 GND_C30
A 10 260 10 0 2 0 PINTYPE=BI
P 74 0 270 50 270 0 2 0
A 45 270 10 0 9 3 #=C35
L 55 270 10 0 2 0 1 0 GND_C35
A 10 270 10 0 2 0 PINTYPE=BI
P 75 0 280 50 280 0 2 0
A 45 280 10 0 9 3 #=C40
L 55 280 10 0 2 0 1 0 GND_C40
A 10 280 10 0 2 0 PINTYPE=BI
P 76 0 290 50 290 0 2 0
A 45 290 10 0 9 3 #=D17
L 55 290 10 0 2 0 1 0 GND_D17
A 10 290 10 0 2 0 PINTYPE=BI
P 77 0 300 50 300 0 2 0
A 45 300 10 0 9 3 #=D27
L 55 300 10 0 2 0 1 0 GND_D27
A 10 300 10 0 2 0 PINTYPE=BI
P 78 0 310 50 310 0 2 0
A 45 310 10 0 9 3 #=E14
L 55 310 10 0 2 0 1 0 GND_E14
A 10 310 10 0 2 0 PINTYPE=BI
P 79 0 320 50 320 0 2 0
A 45 320 10 0 9 3 #=E24
L 55 320 10 0 2 0 1 0 GND_E24
A 10 320 10 0 2 0 PINTYPE=BI
P 80 0 330 50 330 0 2 0
A 45 330 10 0 9 3 #=E29
L 55 330 10 0 2 0 1 0 GND_E29
A 10 330 10 0 2 0 PINTYPE=BI
P 81 0 340 50 340 0 2 0
A 45 340 10 0 9 3 #=E34
L 55 340 10 0 2 0 1 0 GND_E34
A 10 340 10 0 2 0 PINTYPE=BI
P 82 0 350 50 350 0 2 0
A 45 350 10 0 9 3 #=F21
L 55 350 10 0 2 0 1 0 GND_F21
A 10 350 10 0 2 0 PINTYPE=BI
P 83 0 360 50 360 0 2 0
A 45 360 10 0 9 3 #=F31
L 55 360 10 0 2 0 1 0 GND_F31
A 10 360 10 0 2 0 PINTYPE=BI
P 84 0 370 50 370 0 2 0
A 45 370 10 0 9 3 #=F36
L 55 370 10 0 2 0 1 0 GND_F36
A 10 370 10 0 2 0 PINTYPE=BI
P 85 0 380 50 380 0 2 0
A 45 380 10 0 9 3 #=G18
L 55 380 10 0 2 0 1 0 GND_G18
A 10 380 10 0 2 0 PINTYPE=BI
P 86 0 390 50 390 0 2 0
A 45 390 10 0 9 3 #=G28
L 55 390 10 0 2 0 1 0 GND_G28
A 10 390 10 0 2 0 PINTYPE=BI
P 87 0 400 50 400 0 2 0
A 45 400 10 0 9 3 #=G33
L 55 400 10 0 2 0 1 0 GND_G33
A 10 400 10 0 2 0 PINTYPE=BI
P 88 0 410 50 410 0 2 0
A 45 410 10 0 9 3 #=H15
L 55 410 10 0 2 0 1 0 GND_H15
A 10 410 10 0 2 0 PINTYPE=BI
P 89 0 420 50 420 0 2 0
A 45 420 10 0 9 3 #=H25
L 55 420 10 0 2 0 1 0 GND_H25
A 10 420 10 0 2 0 PINTYPE=BI
P 90 0 430 50 430 0 2 0
A 45 430 10 0 9 3 #=H35
L 55 430 10 0 2 0 1 0 GND_H35
A 10 430 10 0 2 0 PINTYPE=BI
P 91 0 440 50 440 0 2 0
A 45 440 10 0 9 3 #=J17
L 55 440 10 0 2 0 1 0 GND_J17
A 10 440 10 0 2 0 PINTYPE=BI
P 92 0 450 50 450 0 2 0
A 45 450 10 0 9 3 #=J22
L 55 450 10 0 2 0 1 0 GND_J22
A 10 450 10 0 2 0 PINTYPE=BI
P 93 0 460 50 460 0 2 0
A 45 460 10 0 9 3 #=J32
L 55 460 10 0 2 0 1 0 GND_J32
A 10 460 10 0 2 0 PINTYPE=BI
P 94 0 470 50 470 0 2 0
A 45 470 10 0 9 3 #=K19
L 55 470 10 0 2 0 1 0 GND_K19
A 10 470 10 0 2 0 PINTYPE=BI
P 95 0 480 50 480 0 2 0
A 45 480 10 0 9 3 #=K24
L 55 480 10 0 2 0 1 0 GND_K24
A 10 480 10 0 2 0 PINTYPE=BI
P 96 0 490 50 490 0 2 0
A 45 490 10 0 9 3 #=K29
L 55 490 10 0 2 0 1 0 GND_K29
A 10 490 10 0 2 0 PINTYPE=BI
P 97 0 500 50 500 0 2 0
A 45 500 10 0 9 3 #=L16
L 55 500 10 0 2 0 1 0 GND_L16
A 10 500 10 0 2 0 PINTYPE=BI
P 98 0 510 50 510 0 2 0
A 45 510 10 0 9 3 #=L21
L 55 510 10 0 2 0 1 0 GND_L21
A 10 510 10 0 2 0 PINTYPE=BI
P 99 0 520 50 520 0 2 0
A 45 520 10 0 9 3 #=L26
L 55 520 10 0 2 0 1 0 GND_L26
A 10 520 10 0 2 0 PINTYPE=BI
P 100 0 530 50 530 0 2 0
A 45 530 10 0 9 3 #=M33
L 55 530 10 0 2 0 1 0 GND_M33
A 10 530 10 0 2 0 PINTYPE=BI
P 101 0 540 50 540 0 2 0
A 45 540 10 0 9 3 #=N15
L 55 540 10 0 2 0 1 0 GND_N15
A 10 540 10 0 2 0 PINTYPE=BI
P 102 0 550 50 550 0 2 0
A 45 550 10 0 9 3 #=N20
L 55 550 10 0 2 0 1 0 GND_N20
A 10 550 10 0 2 0 PINTYPE=BI
P 103 0 560 50 560 0 2 0
A 45 560 10 0 9 3 #=N25
L 55 560 10 0 2 0 1 0 GND_N25
A 10 560 10 0 2 0 PINTYPE=BI
P 104 0 570 50 570 0 2 0
A 45 570 10 0 9 3 #=N30
L 55 570 10 0 2 0 1 0 GND_N30
A 10 570 10 0 2 0 PINTYPE=BI
P 105 0 580 50 580 0 2 0
A 45 580 10 0 9 3 #=P17
L 55 580 10 0 2 0 1 0 GND_P17
A 10 580 10 0 2 0 PINTYPE=BI
P 106 0 590 50 590 0 2 0
A 45 590 10 0 9 3 #=P22
L 55 590 10 0 2 0 1 0 GND_P22
A 10 590 10 0 2 0 PINTYPE=BI
P 107 0 600 50 600 0 2 0
A 45 600 10 0 9 3 #=P27
L 55 600 10 0 2 0 1 0 GND_P27
A 10 600 10 0 2 0 PINTYPE=BI
P 108 0 610 50 610 0 2 0
A 45 610 10 0 9 3 #=P32
L 55 610 10 0 2 0 1 0 GND_P32
A 10 610 10 0 2 0 PINTYPE=BI
P 109 0 620 50 620 0 2 0
A 45 620 10 0 9 3 #=R19
L 55 620 10 0 2 0 1 0 GND_R19
A 10 620 10 0 2 0 PINTYPE=BI
P 110 0 630 50 630 0 2 0
A 45 630 10 0 9 3 #=R24
L 55 630 10 0 2 0 1 0 GND_R24
A 10 630 10 0 2 0 PINTYPE=BI
P 111 0 640 50 640 0 2 0
A 45 640 10 0 9 3 #=R29
L 55 640 10 0 2 0 1 0 GND_R29
A 10 640 10 0 2 0 PINTYPE=BI
P 112 0 650 50 650 0 2 0
A 45 650 10 0 9 3 #=T12
L 55 650 10 0 2 0 1 0 GND_T12
A 10 650 10 0 2 0 PINTYPE=BI
T 220 680 20 0 5 XCVU13PFIGD2104
T 220 700 20 0 5 BANK GND_H
c 70 710 10
U 50 740 10 0 3 3 DEVICE=XXXXXX
U 50 30 16 0 3 3 REFDES=U?
U 250 30 10 0 3 3 PKG_TYPE=XXXXXX
U 0 0 10 0 3 0 HETERO=vu13pd2104a_0_H,vu13pd2104a_67_H,vu13pd2104a_66_H,vu13pd2104a_65_H,vu13pd2104a_64_H,vu13pd2104a_63_H,vu13pd2104a_62_H,vu13pd2104a_61_H,vu13pd2104a_71_H,vu13pd2104a_70_H,vu13pd2104a_69_H,vu13pd2104a_74_H,vu13pd2104a_73_H,vu13pd2104a_72_H,vu13pd2104a_GND_H
U 0 -10 10 0 3 0 PARTS=1
U 0 -20 10 0 3 0 LEVEL=STD
U 0 -30 10 0 3 0 DATE=2016_05_27
E
