V 50
K 153165148200 vu13pd2104
Y 1
D 0 0 400 780
Z 10
i 946
b 50 50 350 730
P 1 0 100 50 100 0 2 0
A 45 100 10 0 9 3 #=BB23
L 55 100 10 0 2 0 1 0 VCCO_65_BB23
A 10 100 10 0 2 0 PINTYPE=BI
P 2 0 110 50 110 0 2 0
A 45 110 10 0 9 3 #=AV25
L 55 110 10 0 2 0 1 0 VCCO_65_AV25
A 10 110 10 0 2 0 PINTYPE=BI
P 3 0 120 50 120 0 2 0
A 45 120 10 0 9 3 #=AR24
L 55 120 10 0 2 0 1 0 VCCO_65_AR24
A 10 120 10 0 2 0 PINTYPE=BI
P 4 400 100 350 100 0 3 0
A 355 100 10 0 3 3 #=AL23
L 345 100 10 0 8 0 1 0 VREF_65_AL23
A 405 100 10 0 2 0 PINTYPE=BI
P 5 400 110 350 110 0 3 0
A 355 110 10 0 3 3 #=BE22
L 345 110 10 0 8 0 1 0 IO_L1P_T0L_N0_DBC_RS0_65_BE22
A 405 110 10 0 2 0 PINTYPE=BI
P 6 400 120 350 120 0 3 0
A 355 120 10 0 3 3 #=BF22
L 345 120 10 0 8 0 1 0 IO_L1N_T0L_N1_DBC_RS1_65_BF22
A 405 120 10 0 2 0 PINTYPE=BI
P 7 400 130 350 130 0 3 0
A 355 130 10 0 3 3 #=BC23
L 345 130 10 0 8 0 1 0 IO_L2P_T0L_N2_FOE_B_65_BC23
A 405 130 10 0 2 0 PINTYPE=BI
P 8 400 140 350 140 0 3 0
A 355 140 10 0 3 3 #=BD23
L 345 140 10 0 8 0 1 0 IO_L2N_T0L_N3_FWE_FCS2_B_65_BD23
A 405 140 10 0 2 0 PINTYPE=BI
P 9 400 150 350 150 0 3 0
A 355 150 10 0 3 3 #=BE23
L 345 150 10 0 8 0 1 0 IO_L3P_T0L_N4_AD15P_A26_65_BE23
A 405 150 10 0 2 0 PINTYPE=BI
P 10 400 160 350 160 0 3 0
A 355 160 10 0 3 3 #=BF23
L 345 160 10 0 8 0 1 0 IO_L3N_T0L_N5_AD15N_A27_65_BF23
A 405 160 10 0 2 0 PINTYPE=BI
P 11 400 170 350 170 0 3 0
A 355 170 10 0 3 3 #=BC24
L 345 170 10 0 8 0 1 0 IO_L4P_T0U_N6_DBC_AD7P_A24_65_BC24
A 405 170 10 0 2 0 PINTYPE=BI
P 12 400 180 350 180 0 3 0
A 355 180 10 0 3 3 #=BD24
L 345 180 10 0 8 0 1 0 IO_L4N_T0U_N7_DBC_AD7N_A25_65_BD24
A 405 180 10 0 2 0 PINTYPE=BI
P 13 400 190 350 190 0 3 0
A 355 190 10 0 3 3 #=BF24
L 345 190 10 0 8 0 1 0 IO_L5P_T0U_N8_AD14P_A22_65_BF24
A 405 190 10 0 2 0 PINTYPE=BI
P 14 400 200 350 200 0 3 0
A 355 200 10 0 3 3 #=BF25
L 345 200 10 0 8 0 1 0 IO_L5N_T0U_N9_AD14N_A23_65_BF25
A 405 200 10 0 2 0 PINTYPE=BI
P 15 400 210 350 210 0 3 0
A 355 210 10 0 3 3 #=BD25
L 345 210 10 0 8 0 1 0 IO_L6P_T0U_N10_AD6P_A20_65_BD25
A 405 210 10 0 2 0 PINTYPE=BI
P 16 400 220 350 220 0 3 0
A 355 220 10 0 3 3 #=BE25
L 345 220 10 0 8 0 1 0 IO_L6N_T0U_N11_AD6N_A21_65_BE25
A 405 220 10 0 2 0 PINTYPE=BI
P 17 400 230 350 230 0 3 0
A 355 230 10 0 3 3 #=BA24
L 345 230 10 0 8 0 1 0 IO_T0U_N12_VRP_A28_65_BA24
A 405 230 10 0 2 0 PINTYPE=BI
P 18 400 240 350 240 0 3 0
A 355 240 10 0 3 3 #=BB22
L 345 240 10 0 8 0 1 0 IO_L7P_T1L_N0_QBC_AD13P_A18_65_BB22
A 405 240 10 0 2 0 PINTYPE=BI
P 19 400 250 350 250 0 3 0
A 355 250 10 0 3 3 #=BC22
L 345 250 10 0 8 0 1 0 IO_L7N_T1L_N1_QBC_AD13N_A19_65_BC22
A 405 250 10 0 2 0 PINTYPE=BI
P 20 400 260 350 260 0 3 0
A 355 260 10 0 3 3 #=BA22
L 345 260 10 0 8 0 1 0 IO_L8P_T1L_N2_AD5P_A16_65_BA22
A 405 260 10 0 2 0 PINTYPE=BI
P 21 400 270 350 270 0 3 0
A 355 270 10 0 3 3 #=BA23
L 345 270 10 0 8 0 1 0 IO_L8N_T1L_N3_AD5N_A17_65_BA23
A 405 270 10 0 2 0 PINTYPE=BI
P 22 400 280 350 280 0 3 0
A 355 280 10 0 3 3 #=BB24
L 345 280 10 0 8 0 1 0 IO_L9P_T1L_N4_AD12P_A14_D30_65_BB24
A 405 280 10 0 2 0 PINTYPE=BI
P 23 400 290 350 290 0 3 0
A 355 290 10 0 3 3 #=BB25
L 345 290 10 0 8 0 1 0 IO_L9N_T1L_N5_AD12N_A15_D31_65_BB25
A 405 290 10 0 2 0 PINTYPE=BI
P 24 400 300 350 300 0 3 0
A 355 300 10 0 3 3 #=AY22
L 345 300 10 0 8 0 1 0 IO_L10P_T1U_N6_QBC_AD4P_A12_D28_65_AY22
A 405 300 10 0 2 0 PINTYPE=BI
P 25 400 310 350 310 0 3 0
A 355 310 10 0 3 3 #=AY23
L 345 310 10 0 8 0 1 0 IO_L10N_T1U_N7_QBC_AD4N_A13_D29_65_AY23
A 405 310 10 0 2 0 PINTYPE=BI
P 26 400 320 350 320 0 3 0
A 355 320 10 0 3 3 #=AY25
L 345 320 10 0 8 0 1 0 IO_L11P_T1U_N8_GC_A10_D26_65_AY25
A 405 320 10 0 2 0 PINTYPE=BI
P 27 400 330 350 330 0 3 0
A 355 330 10 0 3 3 #=AY26
L 345 330 10 0 8 0 1 0 IO_L11N_T1U_N9_GC_A11_D27_65_AY26
A 405 330 10 0 2 0 PINTYPE=BI
P 28 400 340 350 340 0 3 0
A 355 340 10 0 3 3 #=AW23
L 345 340 10 0 8 0 1 0 IO_L12P_T1U_N10_GC_A08_D24_65_AW23
A 405 340 10 0 2 0 PINTYPE=BI
P 29 400 350 350 350 0 3 0
A 355 350 10 0 3 3 #=AW24
L 345 350 10 0 8 0 1 0 IO_L12N_T1U_N11_GC_A09_D25_65_AW24
A 405 350 10 0 2 0 PINTYPE=BI
P 30 400 360 350 360 0 3 0
A 355 360 10 0 3 3 #=BA25
L 345 360 10 0 8 0 1 0 IO_T1U_N12_SMBALERT_65_BA25
A 405 360 10 0 2 0 PINTYPE=BI
P 31 400 370 350 370 0 3 0
A 355 370 10 0 3 3 #=AW25
L 345 370 10 0 8 0 1 0 IO_L13P_T2L_N0_GC_QBC_A06_D22_65_AW25
A 405 370 10 0 2 0 PINTYPE=BI
P 32 400 380 350 380 0 3 0
A 355 380 10 0 3 3 #=AW26
L 345 380 10 0 8 0 1 0 IO_L13N_T2L_N1_GC_QBC_A07_D23_65_AW26
A 405 380 10 0 2 0 PINTYPE=BI
P 33 400 390 350 390 0 3 0
A 355 390 10 0 3 3 #=AV23
L 345 390 10 0 8 0 1 0 IO_L14P_T2L_N2_GC_A04_D20_65_AV23
A 405 390 10 0 2 0 PINTYPE=BI
P 34 400 400 350 400 0 3 0
A 355 400 10 0 3 3 #=AV24
L 345 400 10 0 8 0 1 0 IO_L14N_T2L_N3_GC_A05_D21_65_AV24
A 405 400 10 0 2 0 PINTYPE=BI
P 35 400 410 350 410 0 3 0
A 355 410 10 0 3 3 #=AT25
L 345 410 10 0 8 0 1 0 IO_L15P_T2L_N4_AD11P_A02_D18_65_AT25
A 405 410 10 0 2 0 PINTYPE=BI
P 36 400 420 350 420 0 3 0
A 355 420 10 0 3 3 #=AU25
L 345 420 10 0 8 0 1 0 IO_L15N_T2L_N5_AD11N_A03_D19_65_AU25
A 405 420 10 0 2 0 PINTYPE=BI
P 37 400 430 350 430 0 3 0
A 355 430 10 0 3 3 #=AR23
L 345 430 10 0 8 0 1 0 IO_L16P_T2U_N6_QBC_AD3P_A00_D16_65_AR23
A 405 430 10 0 2 0 PINTYPE=BI
P 38 400 440 350 440 0 3 0
A 355 440 10 0 3 3 #=AT23
L 345 440 10 0 8 0 1 0 IO_L16N_T2U_N7_QBC_AD3N_A01_D17_65_AT23
A 405 440 10 0 2 0 PINTYPE=BI
P 39 400 450 350 450 0 3 0
A 355 450 10 0 3 3 #=AU26
L 345 450 10 0 8 0 1 0 IO_L17P_T2U_N8_AD10P_D14_65_AU26
A 405 450 10 0 2 0 PINTYPE=BI
P 40 400 460 350 460 0 3 0
A 355 460 10 0 3 3 #=AV26
L 345 460 10 0 8 0 1 0 IO_L17N_T2U_N9_AD10N_D15_65_AV26
A 405 460 10 0 2 0 PINTYPE=BI
P 41 400 470 350 470 0 3 0
A 355 470 10 0 3 3 #=AT24
L 345 470 10 0 8 0 1 0 IO_L18P_T2U_N10_AD2P_D12_65_AT24
A 405 470 10 0 2 0 PINTYPE=BI
P 42 400 480 350 480 0 3 0
A 355 480 10 0 3 3 #=AU24
L 345 480 10 0 8 0 1 0 IO_L18N_T2U_N11_AD2N_D13_65_AU24
A 405 480 10 0 2 0 PINTYPE=BI
P 43 400 490 350 490 0 3 0
A 355 490 10 0 3 3 #=AP25
L 345 490 10 0 8 0 1 0 IO_T2U_N12_CSI_ADV_B_65_AP25
A 405 490 10 0 2 0 PINTYPE=BI
P 44 400 500 350 500 0 3 0
A 355 500 10 0 3 3 #=AN23
L 345 500 10 0 8 0 1 0 IO_L19P_T3L_N0_DBC_AD9P_D10_65_AN23
A 405 500 10 0 2 0 PINTYPE=BI
P 45 400 510 350 510 0 3 0
A 355 510 10 0 3 3 #=AN24
L 345 510 10 0 8 0 1 0 IO_L19N_T3L_N1_DBC_AD9N_D11_65_AN24
A 405 510 10 0 2 0 PINTYPE=BI
P 46 400 520 350 520 0 3 0
A 355 520 10 0 3 3 #=AL24
L 345 520 10 0 8 0 1 0 IO_L20P_T3L_N2_AD1P_D08_65_AL24
A 405 520 10 0 2 0 PINTYPE=BI
P 47 400 530 350 530 0 3 0
A 355 530 10 0 3 3 #=AM24
L 345 530 10 0 8 0 1 0 IO_L20N_T3L_N3_AD1N_D09_65_AM24
A 405 530 10 0 2 0 PINTYPE=BI
P 48 400 540 350 540 0 3 0
A 355 540 10 0 3 3 #=AP23
L 345 540 10 0 8 0 1 0 IO_L21P_T3L_N4_AD8P_D06_65_AP23
A 405 540 10 0 2 0 PINTYPE=BI
P 49 400 550 350 550 0 3 0
A 355 550 10 0 3 3 #=AP24
L 345 550 10 0 8 0 1 0 IO_L21N_T3L_N5_AD8N_D07_65_AP24
A 405 550 10 0 2 0 PINTYPE=BI
P 50 400 560 350 560 0 3 0
A 355 560 10 0 3 3 #=AL25
L 345 560 10 0 8 0 1 0 IO_L22P_T3U_N6_DBC_AD0P_D04_65_AL25
A 405 560 10 0 2 0 PINTYPE=BI
P 51 400 570 350 570 0 3 0
A 355 570 10 0 3 3 #=AM25
L 345 570 10 0 8 0 1 0 IO_L22N_T3U_N7_DBC_AD0N_D05_65_AM25
A 405 570 10 0 2 0 PINTYPE=BI
P 52 400 580 350 580 0 3 0
A 355 580 10 0 3 3 #=AR25
L 345 580 10 0 8 0 1 0 IO_L23P_T3U_N8_I2C_SCLK_65_AR25
A 405 580 10 0 2 0 PINTYPE=BI
P 53 400 590 350 590 0 3 0
A 355 590 10 0 3 3 #=AR26
L 345 590 10 0 8 0 1 0 IO_L23N_T3U_N9_PERSTN1_I2C_SDA_65_AR26
A 405 590 10 0 2 0 PINTYPE=BI
P 54 400 600 350 600 0 3 0
A 355 600 10 0 3 3 #=AM26
L 345 600 10 0 8 0 1 0 IO_L24P_T3U_N10_EMCCLK_65_AM26
A 405 600 10 0 2 0 PINTYPE=BI
P 55 400 610 350 610 0 3 0
A 355 610 10 0 3 3 #=AN26
L 345 610 10 0 8 0 1 0 IO_L24N_T3U_N11_DOUT_CSO_B_65_AN26
A 405 610 10 0 2 0 PINTYPE=BI
P 56 400 620 350 620 0 3 0
A 355 620 10 0 3 3 #=AP26
L 345 620 10 0 8 0 1 0 IO_T3U_N12_PERSTN0_65_AP26
A 405 620 10 0 2 0 PINTYPE=BI
T 220 680 20 0 5 XCVU13PFIGD2104
T 220 700 20 0 5 BANK 65_H
c 70 710 10
U 50 740 10 0 3 3 DEVICE=XXXXXX
U 50 30 16 0 3 3 REFDES=U?
U 250 30 10 0 3 3 PKG_TYPE=XXXXXX
U 0 0 10 0 3 0 HETERO=vu13pd2104a_0_H,vu13pd2104a_67_H,vu13pd2104a_66_H,vu13pd2104a_65_H,vu13pd2104a_64_H,vu13pd2104a_63_H,vu13pd2104a_62_H,vu13pd2104a_61_H,vu13pd2104a_71_H,vu13pd2104a_70_H,vu13pd2104a_69_H,vu13pd2104a_74_H,vu13pd2104a_73_H,vu13pd2104a_72_H,vu13pd2104a_GND_H
U 0 -10 10 0 3 0 PARTS=1
U 0 -20 10 0 3 0 LEVEL=STD
U 0 -30 10 0 3 0 DATE=2016_05_27
E
