V 50
K 153165148200 vu9pa2104
Y 1
D 0 0 400 420
Z 10
i 946
b 50 50 350 370
P 1 400 100 350 100 0 3 0
A 355 100 10 0 3 3 #=Y39
L 345 100 10 0 8 0 1 0 MGTREFCLK1N_125_Y39
A 405 100 10 0 2 0 PINTYPE=BI
P 2 400 110 350 110 0 3 0
A 355 110 10 0 3 3 #=Y38
L 345 110 10 0 8 0 1 0 MGTREFCLK1P_125_Y38
A 405 110 10 0 2 0 PINTYPE=BI
P 3 400 120 350 120 0 3 0
A 355 120 10 0 3 3 #=AB39
L 345 120 10 0 8 0 1 0 MGTREFCLK0N_125_AB39
A 405 120 10 0 2 0 PINTYPE=BI
P 4 400 130 350 130 0 3 0
A 355 130 10 0 3 3 #=AB38
L 345 130 10 0 8 0 1 0 MGTREFCLK0P_125_AB38
A 405 130 10 0 2 0 PINTYPE=BI
P 5 400 140 350 140 0 3 0
A 355 140 10 0 3 3 #=Y44
L 345 140 10 0 8 0 1 0 MGTYRXN3_125_Y44
A 405 140 10 0 2 0 PINTYPE=BI
P 6 400 150 350 150 0 3 0
A 355 150 10 0 3 3 #=Y43
L 345 150 10 0 8 0 1 0 MGTYRXP3_125_Y43
A 405 150 10 0 2 0 PINTYPE=BI
P 7 400 160 350 160 0 3 0
A 355 160 10 0 3 3 #=U41
L 345 160 10 0 8 0 1 0 MGTYTXN3_125_U41
A 405 160 10 0 2 0 PINTYPE=BI
P 8 400 170 350 170 0 3 0
A 355 170 10 0 3 3 #=U40
L 345 170 10 0 8 0 1 0 MGTYTXP3_125_U40
A 405 170 10 0 2 0 PINTYPE=BI
P 9 400 180 350 180 0 3 0
A 355 180 10 0 3 3 #=AA46
L 345 180 10 0 8 0 1 0 MGTYRXN2_125_AA46
A 405 180 10 0 2 0 PINTYPE=BI
P 10 400 190 350 190 0 3 0
A 355 190 10 0 3 3 #=AA45
L 345 190 10 0 8 0 1 0 MGTYRXP2_125_AA45
A 405 190 10 0 2 0 PINTYPE=BI
P 11 400 200 350 200 0 3 0
A 355 200 10 0 3 3 #=W41
L 345 200 10 0 8 0 1 0 MGTYTXN2_125_W41
A 405 200 10 0 2 0 PINTYPE=BI
P 12 400 210 350 210 0 3 0
A 355 210 10 0 3 3 #=W40
L 345 210 10 0 8 0 1 0 MGTYTXP2_125_W40
A 405 210 10 0 2 0 PINTYPE=BI
P 13 400 220 350 220 0 3 0
A 355 220 10 0 3 3 #=AB44
L 345 220 10 0 8 0 1 0 MGTYRXN1_125_AB44
A 405 220 10 0 2 0 PINTYPE=BI
P 14 400 230 350 230 0 3 0
A 355 230 10 0 3 3 #=AB43
L 345 230 10 0 8 0 1 0 MGTYRXP1_125_AB43
A 405 230 10 0 2 0 PINTYPE=BI
P 15 400 240 350 240 0 3 0
A 355 240 10 0 3 3 #=AA41
L 345 240 10 0 8 0 1 0 MGTYTXN1_125_AA41
A 405 240 10 0 2 0 PINTYPE=BI
P 16 400 250 350 250 0 3 0
A 355 250 10 0 3 3 #=AA40
L 345 250 10 0 8 0 1 0 MGTYTXP1_125_AA40
A 405 250 10 0 2 0 PINTYPE=BI
P 17 400 260 350 260 0 3 0
A 355 260 10 0 3 3 #=AC46
L 345 260 10 0 8 0 1 0 MGTYRXN0_125_AC46
A 405 260 10 0 2 0 PINTYPE=BI
P 18 400 270 350 270 0 3 0
A 355 270 10 0 3 3 #=AC45
L 345 270 10 0 8 0 1 0 MGTYRXP0_125_AC45
A 405 270 10 0 2 0 PINTYPE=BI
P 19 400 280 350 280 0 3 0
A 355 280 10 0 3 3 #=AC41
L 345 280 10 0 8 0 1 0 MGTYTXN0_125_AC41
A 405 280 10 0 2 0 PINTYPE=BI
P 20 400 290 350 290 0 3 0
A 355 290 10 0 3 3 #=AC40
L 345 290 10 0 8 0 1 0 MGTYTXP0_125_AC40
A 405 290 10 0 2 0 PINTYPE=BI
T 220 310 20 0 5 XCVU9PFLGA2104
T 220 330 20 0 5 BANK 125
c 70 350 10
U 50 380 10 0 3 3 DEVICE=XXXXXX
U 50 30 16 0 3 3 REFDES=U?
U 250 30 10 0 3 3 PKG_TYPE=XXXXXX
U 0 0 10 0 3 0 HETERO=vu9pa2104a_0,vu9pa2104a_48,vu9pa2104a_47,vu9pa2104a_46,vu9pa2104a_45,vu9pa2104a_67,vu9pa2104a_66,vu9pa2104a_65,vu9pa2104a_64,vu9pa2104a_43,vu9pa2104a_42,vu9pa2104a_41,vu9pa2104a_40,vu9pa2104a_73,vu9pa2104a_72,vu9pa2104a_71,vu9pa2104a_70,vu9pa2104a_120,vu9pa2104a_121,vu9pa2104a_122,vu9pa2104a_125,vu9pa2104a_126,vu9pa2104a_127,vu9pa2104a_224,vu9pa2104a_225,vu9pa2104a_226,vu9pa2104a_227,vu9pa2104a_231,vu9pa2104a_232,vu9pa2104a_233,vu9pa2104a_MGTAVCC_LN,vu9pa2104a_MGTAVCC_LS,vu9pa2104a_MGTAVCC_RN,vu9pa2104a_MGTAVCC_RS,vu9pa2104a_MGTAVTT_LN,vu9pa2104a_MGTAVTT_LS,vu9pa2104a_MGTAVTT_RN,vu9pa2104a_MGTAVTT_RS,vu9pa2104a_MGTVCCAUX_LN,vu9pa2104a_MGTVCCAUX_LS,vu9pa2104a_MGTVCCAUX_RN,vu9pa2104a_MGTVCCAUX_RS,vu9pa2104a_GND1,vu9pa2104a_GND2,vu9pa2104a_GND3,vu9pa2104a_VCCINT,vu9pa2104a_VCCINT_IO,vu9pa2104a_VCCAUX,vu9pa2104a_VCCAUX_IO,vu9pa2104a_VCCADC,vu9pa2104a_GNDADC,vu9pa2104a_VCCBRAM,vu9pa2104a_NC
U 0 -10 10 0 3 0 PARTS=1
U 0 -20 10 0 3 0 LEVEL=STD
U 0 -30 10 0 3 0 DATE=2016_01_27
E
