V 53
K 1458840442 WL1835MODGBMOCR.1
F Case
|R 10:27:22_3-24-16
D 0 600 523 0
Y 1
Z 10
i 753
U 0 -100 10 0 3 0 VALUE=VALUE
U 0 -90 10 0 3 0 PRICE=1.32
U 0 -80 10 0 3 0 DIST_P/N=886-USB3320C-EZK-TR
U 0 -70 10 0 3 0 DIST=MOUSER
U 0 -40 10 0 3 0 LEVEL=STD
U 0 -30 10 0 3 0 PARTS=1
U 20 0 16 0 3 3 REFDES=U?
U 15 580 10 0 3 3 DEVICE=DEVICE
U 470 5 10 0 3 3 PKG_TYPE=PKG_TYPE
U 0 0 10 0 1 0 FORWARD_PCB=1
b 20 20 500 580
P 145 130 0 130 20 0 1 0
L 130 25 10 1 2 0 1 0 GND_1
A 130 0 10 0 1 0 PINTYPE=GROUND
A 120 0 10 1 1 3 #=1
P 148 150 0 150 20 0 1 0
L 150 25 10 1 2 0 1 0 GPIO11
A 150 0 10 0 1 0 PINTYPE=BI
A 140 0 10 1 1 3 #=2
P 151 170 0 170 20 0 1 0
L 170 25 10 1 2 0 1 0 GPIO9
A 170 0 10 0 1 0 PINTYPE=BI
A 160 0 10 1 1 3 #=3
P 154 190 0 190 20 0 1 0
L 190 25 10 1 2 0 1 0 GPIO10
A 190 0 10 0 1 0 PINTYPE=BI
A 180 0 10 1 1 3 #=4
P 157 210 0 210 20 0 1 0
L 210 25 10 1 2 0 1 0 GPIO12
A 210 0 10 0 1 0 PINTYPE=BI
A 200 0 10 1 1 3 #=5
P 160 230 0 230 20 0 1 0
L 230 25 10 1 2 0 1 0 WL_SDIO_CMD_1V8
A 230 0 10 0 1 0 PINTYPE=BI
A 220 0 10 1 1 3 #=6
P 163 250 0 250 20 0 1 0
L 250 25 10 1 2 0 1 0 GND_7
A 250 0 10 0 1 0 PINTYPE=GROUND
A 240 0 10 1 1 3 #=7
P 166 270 0 270 20 0 1 0
L 270 25 10 1 2 0 1 0 WL_SDIO_CLK
A 270 0 10 0 1 0 PINTYPE=IN
A 260 0 10 1 1 3 #=8
P 169 290 0 290 20 0 1 0
L 290 25 10 1 2 0 1 0 GND_9
A 290 0 10 0 1 0 PINTYPE=GROUND
A 280 0 10 1 1 3 #=9
P 172 310 0 310 20 0 1 0
L 310 25 10 1 2 0 1 0 WL_SDIO_D0_1V8
A 310 0 10 0 1 0 PINTYPE=BI
A 300 0 10 1 1 3 #=10
P 175 330 0 330 20 0 1 0
L 330 25 10 1 2 0 1 0 WL_SDIO_D1_1V8
A 330 0 10 0 1 0 PINTYPE=BI
A 320 0 10 1 1 3 #=11
P 178 350 0 350 20 0 1 0
L 350 25 10 1 2 0 1 0 WL_SDIO_D2_1V8
A 350 0 10 0 1 0 PINTYPE=BI
A 340 0 10 1 1 3 #=12
P 181 370 0 370 20 0 1 0
L 370 25 10 1 2 0 1 0 WL_SDIO_D3_1V8
A 370 0 10 0 1 0 PINTYPE=BI
A 360 0 10 1 1 3 #=13
P 184 390 0 390 20 0 1 0
L 390 25 10 1 2 0 1 0 WL_IRQ_1V8
A 390 0 10 0 1 0 PINTYPE=OUT
A 380 0 10 1 1 3 #=14
P 187 410 0 410 20 0 1 0
L 410 25 10 1 2 0 1 0 GND_15
A 410 0 10 0 1 0 PINTYPE=GROUND
A 400 0 10 1 1 3 #=15
P 190 430 0 430 20 0 1 0
L 430 25 10 1 2 0 1 0 GND_16
A 430 0 10 0 1 0 PINTYPE=GROUND
A 420 0 10 1 1 3 #=16
P 193 520 550 500 550 0 3 0
L 495 550 10 0 8 0 1 0 GND_17
A 520 550 10 0 1 0 PINTYPE=GROUND
A 520 560 10 0 7 3 #=17
P 196 520 530 500 530 0 3 0
L 495 530 10 0 8 0 1 0 RF_ANT2
A 520 530 10 0 1 0 PINTYPE=IN
A 520 540 10 0 7 3 #=18
P 199 520 510 500 510 0 3 0
L 495 510 10 0 8 0 1 0 GND_19
A 520 510 10 0 1 0 PINTYPE=GROUND
A 520 520 10 0 7 3 #=19
P 202 520 490 500 490 0 3 0
L 495 490 10 0 8 0 1 0 GND_20
A 520 490 10 0 1 0 PINTYPE=GROUND
A 520 500 10 0 7 3 #=20
P 205 520 470 500 470 0 3 0
L 495 470 10 0 8 0 1 0 RESERVED1
A 520 470 10 0 1 0 PINTYPE=IN
A 520 480 10 0 7 3 #=21
P 208 520 450 500 450 0 3 0
L 495 450 10 0 8 0 1 0 RESERVED2
A 520 450 10 0 1 0 PINTYPE=IN
A 520 460 10 0 7 3 #=22
P 211 520 430 500 430 0 3 0
L 495 430 10 0 8 0 1 0 GND_23
A 520 430 10 0 1 0 PINTYPE=GROUND
A 520 440 10 0 7 3 #=23
P 214 520 410 500 410 0 3 0
L 495 410 10 0 8 0 1 0 GND_24
A 520 410 10 0 1 0 PINTYPE=GROUND
A 520 420 10 0 7 3 #=24
P 217 520 390 500 390 0 3 0
L 495 390 10 0 8 0 1 0 GPIO4
A 520 390 10 0 1 0 PINTYPE=BI
A 520 400 10 0 7 3 #=25
P 220 520 370 500 370 0 3 0
L 495 370 10 0 8 0 1 0 GPIO2
A 520 370 10 0 1 0 PINTYPE=BI
A 520 380 10 0 7 3 #=26
P 223 520 350 500 350 0 3 0
L 495 350 10 0 8 0 1 0 GPIO1
A 520 350 10 0 1 0 PINTYPE=BI
A 520 360 10 0 7 3 #=27
P 226 520 330 500 330 0 3 0
L 495 330 10 0 8 0 1 0 GND_28
A 520 330 10 0 1 0 PINTYPE=GROUND
A 520 340 10 0 7 3 #=28
P 229 520 310 500 310 0 3 0
L 495 310 10 0 8 0 1 0 GND_29
A 520 310 10 0 1 0 PINTYPE=GROUND
A 520 320 10 0 7 3 #=29
P 232 520 290 500 290 0 3 0
L 495 290 10 0 8 0 1 0 GND_30
A 520 290 10 0 1 0 PINTYPE=GROUND
A 520 300 10 0 7 3 #=30
P 235 520 270 500 270 0 3 0
L 495 270 10 0 8 0 1 0 GND_31
A 520 270 10 0 1 0 PINTYPE=GROUND
A 520 280 10 0 7 3 #=31
P 238 520 250 500 250 0 3 0
L 495 250 10 0 8 0 1 0 RF_ANT1
A 520 250 10 0 1 0 PINTYPE=IN
A 520 260 10 0 7 3 #=32
P 241 520 230 500 230 0 3 0
L 498 230 10 0 8 0 1 0 GND_G1
A 520 230 10 0 1 0 PINTYPE=GROUND
A 520 241 10 0 7 3 #=65
P 244 520 220 500 220 0 3 0
L 498 220 10 0 8 0 1 0 GND_G2
A 520 220 10 0 1 0 PINTYPE=GROUND
A 520 231 10 0 7 3 #=66
P 247 520 210 500 210 0 3 0
L 498 210 10 0 8 0 1 0 GND_G3
A 520 210 10 0 1 0 PINTYPE=GROUND
A 520 221 10 0 7 3 #=67
P 250 520 200 500 200 0 3 0
L 498 200 10 0 8 0 1 0 GND_G4
A 520 200 10 0 1 0 PINTYPE=GROUND
A 520 211 10 0 7 3 #=68
P 253 520 190 500 190 0 3 0
L 498 190 10 0 8 0 1 0 GND_G5
A 520 190 10 0 1 0 PINTYPE=GROUND
A 520 201 10 0 7 3 #=69
P 256 520 180 500 180 0 3 0
L 498 180 10 0 8 0 1 0 GND_G6
A 520 180 10 0 1 0 PINTYPE=GROUND
A 520 191 10 0 7 3 #=70
P 259 520 170 500 170 0 3 0
L 498 170 10 0 8 0 1 0 GND_G7
A 520 170 10 0 1 0 PINTYPE=GROUND
A 520 181 10 0 7 3 #=71
P 262 520 160 500 160 0 3 0
L 498 160 10 0 8 0 1 0 GND_G8
A 520 160 10 0 1 0 PINTYPE=GROUND
A 520 171 10 0 7 3 #=72
P 265 520 150 500 150 0 3 0
L 498 150 10 0 8 0 1 0 GND_G9
A 520 150 10 0 1 0 PINTYPE=GROUND
A 520 161 10 0 7 3 #=73
P 268 520 140 500 140 0 3 0
L 498 140 10 0 8 0 1 0 GND_G10
A 520 140 10 0 1 0 PINTYPE=GROUND
A 520 151 10 0 7 3 #=74
P 271 520 130 500 130 0 3 0
L 498 130 10 0 8 0 1 0 GND_G11
A 520 130 10 0 1 0 PINTYPE=GROUND
A 520 141 10 0 7 3 #=75
P 274 520 120 500 120 0 3 0
L 498 120 10 0 8 0 1 0 GND_G12
A 520 120 10 0 1 0 PINTYPE=GROUND
A 520 131 10 0 7 3 #=76
P 277 520 110 500 110 0 3 0
L 498 110 10 0 8 0 1 0 GND_G13
A 520 110 10 0 1 0 PINTYPE=GROUND
A 520 121 10 0 7 3 #=77
P 280 520 100 500 100 0 3 0
L 498 100 10 0 8 0 1 0 GND_G14
A 520 100 10 0 1 0 PINTYPE=GROUND
A 520 111 10 0 7 3 #=78
P 283 520 90 500 90 0 3 0
L 498 90 10 0 8 0 1 0 GND_G15
A 520 90 10 0 1 0 PINTYPE=GROUND
A 520 101 10 0 7 3 #=79
P 286 520 80 500 80 0 3 0
L 498 80 10 0 8 0 1 0 GND_G16
A 520 80 10 0 1 0 PINTYPE=GROUND
A 520 91 10 0 7 3 #=80
P 289 520 70 500 70 0 3 0
L 498 70 10 0 8 0 1 0 GND_G17
A 520 70 10 0 1 0 PINTYPE=GROUND
A 520 81 10 0 7 3 #=81
P 292 520 60 500 60 0 3 0
L 498 60 10 0 8 0 1 0 GND_G18
A 520 60 10 0 1 0 PINTYPE=GROUND
A 520 71 10 0 7 3 #=82
P 295 0 550 20 550 0 2 0
L 25 550 10 0 2 0 1 0 GND_49
A 0 550 10 0 1 0 PINTYPE=GROUND
A 0 560 10 0 1 3 #=49
P 298 0 530 20 530 0 2 0
L 25 530 10 0 2 0 1 0 BT_HCI_RTS_1V8
A 0 530 10 0 1 0 PINTYPE=OUT
A 0 540 10 0 1 3 #=50
P 301 0 510 20 510 0 2 0
L 25 510 10 0 2 0 1 0 BT_HCI_CTS_1V8
A 0 510 10 0 1 0 PINTYPE=IN
A 0 520 10 0 1 3 #=51
P 304 0 490 20 490 0 2 0
L 25 490 10 0 2 0 1 0 BT_HCI_TX_1V8
A 0 490 10 0 1 0 PINTYPE=OUT
A 0 500 10 0 1 3 #=52
P 307 0 470 20 470 0 2 0
L 25 470 10 0 2 0 1 0 BT_HCI_RX_1V8
A 0 470 10 0 1 0 PINTYPE=IN
A 0 480 10 0 1 3 #=53
P 310 0 450 20 450 0 2 0
L 25 450 10 0 2 0 1 0 GND_54
A 0 450 10 0 1 0 PINTYPE=GROUND
A 0 460 10 0 1 3 #=54
P 313 0 430 20 430 0 2 0
L 25 430 10 0 2 0 1 0 GND_55
A 0 430 10 0 1 0 PINTYPE=GROUND
A 0 440 10 0 1 3 #=55
P 316 0 410 20 410 0 2 0
L 25 410 10 0 2 0 1 0 BT_AUD_IN
A 0 410 10 0 1 0 PINTYPE=IN
A 0 420 10 0 1 3 #=56
P 319 0 390 20 390 0 2 0
L 25 390 10 0 2 0 1 0 BT_AUD_OUT
A 0 390 10 0 1 0 PINTYPE=OUT
A 0 400 10 0 1 3 #=57
P 322 0 370 20 370 0 2 0
L 25 370 10 0 2 0 1 0 BT_AUD_FSYNC
A 0 370 10 0 1 0 PINTYPE=BI
A 0 380 10 0 1 3 #=58
P 325 0 350 20 350 0 2 0
L 25 350 10 0 2 0 1 0 GND_59
A 0 350 10 0 1 0 PINTYPE=GROUND
A 0 360 10 0 1 3 #=59
P 328 0 330 20 330 0 2 0
L 25 330 10 0 2 0 1 0 BT_AUD_CLK
A 0 330 10 0 1 0 PINTYPE=BI
A 0 340 10 0 1 3 #=60
P 331 0 310 20 310 0 2 0
L 25 310 10 0 2 0 1 0 GND_61
A 0 310 10 0 1 0 PINTYPE=GROUND
A 0 320 10 0 1 3 #=61
P 334 0 290 20 290 0 2 0
L 25 290 10 0 2 0 1 0 RESERVED3
A 0 290 10 0 1 0 PINTYPE=OUT
A 0 300 10 0 1 3 #=62
P 337 0 270 20 270 0 2 0
L 25 270 10 0 2 0 1 0 GND_63
A 0 270 10 0 1 0 PINTYPE=GROUND
A 0 280 10 0 1 3 #=63
P 340 0 250 20 250 0 2 0
L 25 250 10 0 2 0 1 0 GND_64
A 0 250 10 0 1 0 PINTYPE=GROUND
A 0 260 10 0 1 3 #=64
P 343 0 230 20 230 0 2 0
L 22 230 10 0 2 0 1 0 GND_G19
A 0 230 10 0 1 0 PINTYPE=GROUND
A 0 241 10 0 1 3 #=83
P 346 0 220 20 220 0 2 0
L 22 220 10 0 2 0 1 0 GND_G20
A 0 220 10 0 1 0 PINTYPE=GROUND
A 0 231 10 0 1 3 #=84
P 349 0 210 20 210 0 2 0
L 22 210 10 0 2 0 1 0 GND_G21
A 0 210 10 0 1 0 PINTYPE=GROUND
A 0 221 10 0 1 3 #=85
P 352 0 200 20 200 0 2 0
L 22 200 10 0 2 0 1 0 GND_G22
A 0 200 10 0 1 0 PINTYPE=GROUND
A 0 211 10 0 1 3 #=86
P 355 0 190 20 190 0 2 0
L 22 190 10 0 2 0 1 0 GND_G23
A 0 190 10 0 1 0 PINTYPE=GROUND
A 0 201 10 0 1 3 #=87
P 358 0 180 20 180 0 2 0
L 22 180 10 0 2 0 1 0 GND_G24
A 0 180 10 0 1 0 PINTYPE=GROUND
A 0 191 10 0 1 3 #=88
P 361 0 170 20 170 0 2 0
L 22 170 10 0 2 0 1 0 GND_G25
A 0 170 10 0 1 0 PINTYPE=GROUND
A 0 181 10 0 1 3 #=89
P 364 0 160 20 160 0 2 0
L 22 160 10 0 2 0 1 0 GND_G26
A 0 160 10 0 1 0 PINTYPE=GROUND
A 0 171 10 0 1 3 #=90
P 367 0 150 20 150 0 2 0
L 22 150 10 0 2 0 1 0 GND_G27
A 0 150 10 0 1 0 PINTYPE=GROUND
A 0 161 10 0 1 3 #=91
P 370 0 140 20 140 0 2 0
L 22 140 10 0 2 0 1 0 GND_G28
A 0 140 10 0 1 0 PINTYPE=GROUND
A 0 151 10 0 1 3 #=92
P 373 0 130 20 130 0 2 0
L 22 130 10 0 2 0 1 0 GND_G29
A 0 130 10 0 1 0 PINTYPE=GROUND
A 0 141 10 0 1 3 #=93
P 376 0 120 20 120 0 2 0
L 22 120 10 0 2 0 1 0 GND_G30
A 0 120 10 0 1 0 PINTYPE=GROUND
A 0 131 10 0 1 3 #=94
P 379 0 110 20 110 0 2 0
L 22 110 10 0 2 0 1 0 GND_G31
A 0 110 10 0 1 0 PINTYPE=GROUND
A 0 121 10 0 1 3 #=95
P 382 0 100 20 100 0 2 0
L 22 100 10 0 2 0 1 0 GND_G32
A 0 100 10 0 1 0 PINTYPE=GROUND
A 0 111 10 0 1 3 #=96
P 385 0 90 20 90 0 2 0
L 22 90 10 0 2 0 1 0 GND_G33
A 0 90 10 0 1 0 PINTYPE=GROUND
A 0 101 10 0 1 3 #=97
P 388 0 80 20 80 0 2 0
L 22 80 10 0 2 0 1 0 GND_G34
A 0 80 10 0 1 0 PINTYPE=GROUND
A 0 91 10 0 1 3 #=98
P 391 0 70 20 70 0 2 0
L 22 70 10 0 2 0 1 0 GND_G35
A 0 70 10 0 1 0 PINTYPE=GROUND
A 0 81 10 0 1 3 #=99
P 394 0 60 20 60 0 2 0
L 22 60 10 0 2 0 1 0 GND_G36
A 0 60 10 0 1 0 PINTYPE=GROUND
A 0 71 10 0 1 3 #=100
P 397 410 600 410 580 0 0 0
L 410 575 10 1 8 0 1 0 GND_33
A 410 600 10 0 1 0 PINTYPE=GROUND
A 400 600 10 1 7 3 #=33
P 400 390 600 390 580 0 0 0
L 390 575 10 1 8 0 1 0 GND_34
A 390 600 10 0 1 0 PINTYPE=GROUND
A 380 600 10 1 7 3 #=34
P 403 370 600 370 580 0 0 0
L 370 575 10 1 8 0 1 0 GND_35
A 370 600 10 0 1 0 PINTYPE=GROUND
A 360 600 10 1 7 3 #=35
P 406 350 600 350 580 0 0 0
L 350 575 10 1 8 0 1 0 EXT_32K
A 350 600 10 0 1 0 PINTYPE=IN
A 340 600 10 1 7 3 #=36
P 409 330 600 330 580 0 0 0
L 330 575 10 1 8 0 1 0 GND_37
A 330 600 10 0 1 0 PINTYPE=GROUND
A 320 600 10 1 7 3 #=37
P 412 310 600 310 580 0 0 0
L 310 575 10 1 8 0 1 0 VIO_IN
A 310 600 10 0 1 0 PINTYPE=POWER
A 300 600 10 1 7 3 #=38
P 415 290 600 290 580 0 0 0
L 290 575 10 1 8 0 1 0 GND_39
A 290 600 10 0 1 0 PINTYPE=GROUND
A 280 600 10 1 7 3 #=39
P 418 270 600 270 580 0 0 0
L 270 575 10 1 8 0 1 0 WLAN_EN
A 270 600 10 0 1 0 PINTYPE=IN
A 260 600 10 1 7 3 #=40
P 421 250 600 250 580 0 0 0
L 250 575 10 1 8 0 1 0 BT_EN
A 250 600 10 0 1 0 PINTYPE=IN
A 240 600 10 1 7 3 #=41
P 424 230 600 230 580 0 0 0
L 230 575 10 1 8 0 1 0 WL_UART_DBG
A 230 600 10 0 1 0 PINTYPE=OUT
A 220 600 10 1 7 3 #=42
P 427 210 600 210 580 0 0 0
L 210 575 10 1 8 0 1 0 BT_UART_DBG
A 210 600 10 0 1 0 PINTYPE=OUT
A 200 600 10 1 7 3 #=43
P 430 190 600 190 580 0 0 0
L 190 575 10 1 8 0 1 0 GND_44
A 190 600 10 0 1 0 PINTYPE=GROUND
A 180 600 10 1 7 3 #=44
P 433 170 600 170 580 0 0 0
L 170 575 10 1 8 0 1 0 GND_45
A 170 600 10 0 1 0 PINTYPE=GROUND
A 160 600 10 1 7 3 #=45
P 436 130 600 130 580 0 0 0
L 130 575 10 1 8 0 1 0 VBAT_IN_47
A 130 600 10 0 1 0 PINTYPE=POWER
A 120 600 10 1 7 3 #=47
P 439 110 600 110 580 0 0 0
L 110 575 10 1 8 0 1 0 GND_48
A 110 600 10 0 1 0 PINTYPE=GROUND
A 100 600 10 1 7 3 #=48
P 750 150 600 150 580 0 0 0
L 150 575 10 1 8 0 1 0 VBAT_IN_46
A 150 600 10 0 1 0 PINTYPE=POWER
A 140 600 10 1 7 3 #=46
E 
