V 50
K 153165148200 xc7a100tcsg324
Y 1
D 0 0 400 330
Z 10
i 946
b 50 50 350 280
P 1 0 100 50 100 0 2 0
A 45 100 10 0 9 0 #=B10
L 55 100 10 0 2 0 1 0 VCCO_16_B10
A 10 100 10 0 2 0 PINTYPE=BI
P 2 400 100 350 100 0 3 0
A 355 100 10 0 3 0 #=D10
L 345 100 10 0 8 0 1 0 IO_L19N_T3_VREF_16_D10
A 405 100 10 0 2 0 PINTYPE=BI
P 3 400 110 350 110 0 3 0
A 355 110 10 0 3 0 #=A9
L 345 110 10 0 8 0 1 0 IO_L14N_T2_SRCC_16_A9
A 405 110 10 0 2 0 PINTYPE=BI
P 4 400 120 350 120 0 3 0
A 355 120 10 0 3 0 #=A10
L 345 120 10 0 8 0 1 0 IO_L14P_T2_SRCC_16_A10
A 405 120 10 0 2 0 PINTYPE=BI
P 5 400 130 350 130 0 3 0
A 355 130 10 0 3 0 #=C10
L 345 130 10 0 8 0 1 0 IO_L13N_T2_MRCC_16_C10
A 405 130 10 0 2 0 PINTYPE=BI
P 6 400 140 350 140 0 3 0
A 355 140 10 0 3 0 #=C11
L 345 140 10 0 8 0 1 0 IO_L13P_T2_MRCC_16_C11
A 405 140 10 0 2 0 PINTYPE=BI
P 7 400 150 350 150 0 3 0
A 355 150 10 0 3 0 #=A8
L 345 150 10 0 8 0 1 0 IO_L12N_T1_MRCC_16_A8
A 405 150 10 0 2 0 PINTYPE=BI
P 8 400 160 350 160 0 3 0
A 355 160 10 0 3 0 #=B8
L 345 160 10 0 8 0 1 0 IO_L12P_T1_MRCC_16_B8
A 405 160 10 0 2 0 PINTYPE=BI
P 9 400 170 350 170 0 3 0
A 355 170 10 0 3 0 #=B9
L 345 170 10 0 8 0 1 0 IO_L11N_T1_SRCC_16_B9
A 405 170 10 0 2 0 PINTYPE=BI
P 10 400 180 350 180 0 3 0
A 355 180 10 0 3 0 #=C9
L 345 180 10 0 8 0 1 0 IO_L11P_T1_SRCC_16_C9
A 405 180 10 0 2 0 PINTYPE=BI
P 11 400 190 350 190 0 3 0
A 355 190 10 0 3 0 #=D9
L 345 190 10 0 8 0 1 0 IO_L6N_T0_VREF_16_D9
A 405 190 10 0 2 0 PINTYPE=BI
T 220 210 20 0 5 XC7A100TCSG324
T 220 230 20 0 5 BANK 16
c 70 260 10
U 50 290 10 0 3 3 DEVICE=XXXXXX
U 50 30 16 0 3 3 REFDES=U?
U 250 30 10 0 3 3 PKG_TYPE=XXXXXX
U 0 0 10 0 3 0 HETERO=xc7a100tcsg324_0,xc7a100tcsg324_14,xc7a100tcsg324_15,xc7a100tcsg324_16,xc7a100tcsg324_34,xc7a100tcsg324_35,xc7a100tcsg324_GND,xc7a100tcsg324_VCCINT,xc7a100tcsg324_VCCAUX,xc7a100tcsg324_VCCBRAM
U 0 -10 10 0 3 0 PARTS=1
U 0 -20 10 0 3 0 LEVEL=STD
U 0 -30 10 0 3 0 DATE=2012_02_24
E
