V 50
K 153165148200 xc7a100tftg256
Y 1
D 0 0 400 430
Z 10
i 946
b 50 50 350 380
P 1 400 100 350 100 0 3 0
A 355 100 10 0 3 0 #=M10
L 345 100 10 0 8 0 1 0 M1_0_M10
A 405 100 10 0 2 0 PINTYPE=BI
P 2 400 110 350 110 0 3 0
A 355 110 10 0 3 0 #=M9
L 345 110 10 0 8 0 1 0 M0_0_M9
A 405 110 10 0 2 0 PINTYPE=BI
P 3 400 120 350 120 0 3 0
A 355 120 10 0 3 0 #=M11
L 345 120 10 0 8 0 1 0 M2_0_M11
A 405 120 10 0 2 0 PINTYPE=BI
P 4 400 130 350 130 0 3 0
A 355 130 10 0 3 0 #=H10
L 345 130 10 0 8 0 1 0 DONE_0_H10
A 405 130 10 0 2 0 PINTYPE=BI
P 5 400 140 350 140 0 3 0
A 355 140 10 0 3 0 #=E7
L 345 140 10 0 8 0 1 0 CFGBVS_0_E7
A 405 140 10 0 2 0 PINTYPE=BI
P 6 400 150 350 150 0 3 0
A 355 150 10 0 3 0 #=L9
L 345 150 10 0 8 0 1 0 PROGRAM_B_0_L9
A 405 150 10 0 2 0 PINTYPE=BI
P 7 400 160 350 160 0 3 0
A 355 160 10 0 3 0 #=K10
L 345 160 10 0 8 0 1 0 INIT_B_0_K10
A 405 160 10 0 2 0 PINTYPE=BI
P 8 400 170 350 170 0 3 0
A 355 170 10 0 3 0 #=N7
L 345 170 10 0 8 0 1 0 TDI_0_N7
A 405 170 10 0 2 0 PINTYPE=BI
P 9 400 180 350 180 0 3 0
A 355 180 10 0 3 0 #=N8
L 345 180 10 0 8 0 1 0 TDO_0_N8
A 405 180 10 0 2 0 PINTYPE=BI
P 10 400 190 350 190 0 3 0
A 355 190 10 0 3 0 #=M7
L 345 190 10 0 8 0 1 0 TMS_0_M7
A 405 190 10 0 2 0 PINTYPE=BI
P 11 400 200 350 200 0 3 0
A 355 200 10 0 3 0 #=L7
L 345 200 10 0 8 0 1 0 TCK_0_L7
A 405 200 10 0 2 0 PINTYPE=BI
P 12 400 210 350 210 0 3 0
A 355 210 10 0 3 0 #=E8
L 345 210 10 0 8 0 1 0 CCLK_0_E8
A 405 210 10 0 2 0 PINTYPE=BI
P 13 400 220 350 220 0 3 0
A 355 220 10 0 3 0 #=F8
L 345 220 10 0 8 0 1 0 VCCBATT_0_F8
A 405 220 10 0 2 0 PINTYPE=BI
P 14 400 230 350 230 0 3 0
A 355 230 10 0 3 0 #=J7
L 345 230 10 0 8 0 1 0 VN_0_J7
A 405 230 10 0 2 0 PINTYPE=BI
P 15 400 240 350 240 0 3 0
A 355 240 10 0 3 0 #=H8
L 345 240 10 0 8 0 1 0 VP_0_H8
A 405 240 10 0 2 0 PINTYPE=BI
P 16 400 250 350 250 0 3 0
A 355 250 10 0 3 0 #=J8
L 345 250 10 0 8 0 1 0 VREFP_0_J8
A 405 250 10 0 2 0 PINTYPE=BI
P 17 400 260 350 260 0 3 0
A 355 260 10 0 3 0 #=H7
L 345 260 10 0 8 0 1 0 VREFN_0_H7
A 405 260 10 0 2 0 PINTYPE=BI
P 18 400 270 350 270 0 3 0
A 355 270 10 0 3 0 #=K8
L 345 270 10 0 8 0 1 0 DXP_0_K8
A 405 270 10 0 2 0 PINTYPE=BI
P 19 400 280 350 280 0 3 0
A 355 280 10 0 3 0 #=G7
L 345 280 10 0 8 0 1 0 GNDADC_0_G7
A 405 280 10 0 2 0 PINTYPE=BI
P 20 400 290 350 290 0 3 0
A 355 290 10 0 3 0 #=G8
L 345 290 10 0 8 0 1 0 VCCADC_0_G8
A 405 290 10 0 2 0 PINTYPE=BI
P 21 400 300 350 300 0 3 0
A 355 300 10 0 3 0 #=K7
L 345 300 10 0 8 0 1 0 DXN_0_K7
A 405 300 10 0 2 0 PINTYPE=BI
T 220 320 20 0 5 XC7A100TFTG256
T 220 340 20 0 5 BANK 0_H
c 70 360 10
U 50 390 10 0 3 3 DEVICE=XXXXXX
U 50 30 16 0 3 3 REFDES=U?
U 250 30 10 0 3 3 PKG_TYPE=XXXXXX
U 0 0 10 0 3 0 HETERO=xc7a100tftg256_0_H,xc7a100tftg256_14_H,xc7a100tftg256_15_H,xc7a100tftg256_34_H,xc7a100tftg256_35_H,xc7a100tftg256_GND_H
U 0 -10 10 0 3 0 PARTS=1
U 0 -20 10 0 3 0 LEVEL=STD
U 0 -30 10 0 3 0 DATE=2012_03_08
E
