V 50
K 153165148200 xc7a350tffg1156
Y 1
D 0 0 400 430
Z 10
i 946
b 50 50 350 380
P 1 400 100 350 100 0 3 0
A 355 100 10 0 3 0 #=G22
L 345 100 10 0 8 0 1 0 MGTRREF_216_G22
A 405 100 10 0 2 0 PINTYPE=BI
P 2 400 110 350 110 0 3 0
A 355 110 10 0 3 0 #=G20
L 345 110 10 0 8 0 1 0 MGTREFCLK1N_216_G20
A 405 110 10 0 2 0 PINTYPE=BI
P 3 400 120 350 120 0 3 0
A 355 120 10 0 3 0 #=H20
L 345 120 10 0 8 0 1 0 MGTREFCLK1P_216_H20
A 405 120 10 0 2 0 PINTYPE=BI
P 4 400 130 350 130 0 3 0
A 355 130 10 0 3 0 #=G18
L 345 130 10 0 8 0 1 0 MGTREFCLK0N_216_G18
A 405 130 10 0 2 0 PINTYPE=BI
P 5 400 140 350 140 0 3 0
A 355 140 10 0 3 0 #=H18
L 345 140 10 0 8 0 1 0 MGTREFCLK0P_216_H18
A 405 140 10 0 2 0 PINTYPE=BI
P 6 400 150 350 150 0 3 0
A 355 150 10 0 3 0 #=C18
L 345 150 10 0 8 0 1 0 MGTPRXN3_216_C18
A 405 150 10 0 2 0 PINTYPE=BI
P 7 400 160 350 160 0 3 0
A 355 160 10 0 3 0 #=D18
L 345 160 10 0 8 0 1 0 MGTPRXP3_216_D18
A 405 160 10 0 2 0 PINTYPE=BI
P 8 400 170 350 170 0 3 0
A 355 170 10 0 3 0 #=A19
L 345 170 10 0 8 0 1 0 MGTPTXN3_216_A19
A 405 170 10 0 2 0 PINTYPE=BI
P 9 400 180 350 180 0 3 0
A 355 180 10 0 3 0 #=B19
L 345 180 10 0 8 0 1 0 MGTPTXP3_216_B19
A 405 180 10 0 2 0 PINTYPE=BI
P 10 400 190 350 190 0 3 0
A 355 190 10 0 3 0 #=E19
L 345 190 10 0 8 0 1 0 MGTPRXN2_216_E19
A 405 190 10 0 2 0 PINTYPE=BI
P 11 400 200 350 200 0 3 0
A 355 200 10 0 3 0 #=F19
L 345 200 10 0 8 0 1 0 MGTPRXP2_216_F19
A 405 200 10 0 2 0 PINTYPE=BI
P 12 400 210 350 210 0 3 0
A 355 210 10 0 3 0 #=A21
L 345 210 10 0 8 0 1 0 MGTPTXN2_216_A21
A 405 210 10 0 2 0 PINTYPE=BI
P 13 400 220 350 220 0 3 0
A 355 220 10 0 3 0 #=B21
L 345 220 10 0 8 0 1 0 MGTPTXP2_216_B21
A 405 220 10 0 2 0 PINTYPE=BI
P 14 400 230 350 230 0 3 0
A 355 230 10 0 3 0 #=C20
L 345 230 10 0 8 0 1 0 MGTPRXN1_216_C20
A 405 230 10 0 2 0 PINTYPE=BI
P 15 400 240 350 240 0 3 0
A 355 240 10 0 3 0 #=D20
L 345 240 10 0 8 0 1 0 MGTPRXP1_216_D20
A 405 240 10 0 2 0 PINTYPE=BI
P 16 400 250 350 250 0 3 0
A 355 250 10 0 3 0 #=C22
L 345 250 10 0 8 0 1 0 MGTPTXN1_216_C22
A 405 250 10 0 2 0 PINTYPE=BI
P 17 400 260 350 260 0 3 0
A 355 260 10 0 3 0 #=D22
L 345 260 10 0 8 0 1 0 MGTPTXP1_216_D22
A 405 260 10 0 2 0 PINTYPE=BI
P 18 400 270 350 270 0 3 0
A 355 270 10 0 3 0 #=E21
L 345 270 10 0 8 0 1 0 MGTPRXN0_216_E21
A 405 270 10 0 2 0 PINTYPE=BI
P 19 400 280 350 280 0 3 0
A 355 280 10 0 3 0 #=F21
L 345 280 10 0 8 0 1 0 MGTPRXP0_216_F21
A 405 280 10 0 2 0 PINTYPE=BI
P 20 400 290 350 290 0 3 0
A 355 290 10 0 3 0 #=A23
L 345 290 10 0 8 0 1 0 MGTPTXN0_216_A23
A 405 290 10 0 2 0 PINTYPE=BI
P 21 400 300 350 300 0 3 0
A 355 300 10 0 3 0 #=B23
L 345 300 10 0 8 0 1 0 MGTPTXP0_216_B23
A 405 300 10 0 2 0 PINTYPE=BI
T 220 320 20 0 5 XC7A350TFFG1156
T 220 340 20 0 5 BANK 216
c 70 360 10
U 50 390 10 0 3 3 DEVICE=XXXXXX
U 50 30 16 0 3 3 REFDES=U?
U 250 30 10 0 3 3 PKG_TYPE=XXXXXX
U 0 0 10 0 3 0 HETERO=xc7a350tffg1156_0,xc7a350tffg1156_12,xc7a350tffg1156_13,xc7a350tffg1156_14,xc7a350tffg1156_15,xc7a350tffg1156_16,xc7a350tffg1156_17,xc7a350tffg1156_32,xc7a350tffg1156_33,xc7a350tffg1156_34,xc7a350tffg1156_35,xc7a350tffg1156_36,xc7a350tffg1156_37,xc7a350tffg1156_113,xc7a350tffg1156_116,xc7a350tffg1156_213,xc7a350tffg1156_216,xc7a350tffg1156_MGTAVCC_G10,xc7a350tffg1156_MGTAVCC_G11,xc7a350tffg1156_MGTAVTT_G10,xc7a350tffg1156_MGTAVTT_G11,xc7a350tffg1156_GND1,xc7a350tffg1156_GND2,xc7a350tffg1156_VCCINT,xc7a350tffg1156_VCCAUX,xc7a350tffg1156_VCCBRAM
U 0 -10 10 0 3 0 PARTS=1
U 0 -20 10 0 3 0 LEVEL=STD
U 0 -30 10 0 3 0 DATE=2012_03_08
E
