V 50
K 153165148200 xc7a50tcpg236
Y 1
D 0 0 400 350
Z 10
i 946
b 50 50 350 300
P 1 400 100 350 100 0 3 0
A 355 100 10 0 3 0 #=C7
L 345 100 10 0 8 0 1 0 MGTRREF_216_C7
A 405 100 10 0 2 0 PINTYPE=BI
P 2 400 110 350 110 0 3 0
A 355 110 10 0 3 0 #=A10
L 345 110 10 0 8 0 1 0 MGTREFCLK1N_216_A10
A 405 110 10 0 2 0 PINTYPE=BI
P 3 400 120 350 120 0 3 0
A 355 120 10 0 3 0 #=B10
L 345 120 10 0 8 0 1 0 MGTREFCLK1P_216_B10
A 405 120 10 0 2 0 PINTYPE=BI
P 4 400 130 350 130 0 3 0
A 355 130 10 0 3 0 #=A8
L 345 130 10 0 8 0 1 0 MGTREFCLK0N_216_A8
A 405 130 10 0 2 0 PINTYPE=BI
P 5 400 140 350 140 0 3 0
A 355 140 10 0 3 0 #=B8
L 345 140 10 0 8 0 1 0 MGTREFCLK0P_216_B8
A 405 140 10 0 2 0 PINTYPE=BI
P 6 400 150 350 150 0 3 0
A 355 150 10 0 3 0 #=A6
L 345 150 10 0 8 0 1 0 MGTPRXN1_216_A6
A 405 150 10 0 2 0 PINTYPE=BI
P 7 400 160 350 160 0 3 0
A 355 160 10 0 3 0 #=B6
L 345 160 10 0 8 0 1 0 MGTPRXP1_216_B6
A 405 160 10 0 2 0 PINTYPE=BI
P 8 400 170 350 170 0 3 0
A 355 170 10 0 3 0 #=A2
L 345 170 10 0 8 0 1 0 MGTPTXN1_216_A2
A 405 170 10 0 2 0 PINTYPE=BI
P 9 400 180 350 180 0 3 0
A 355 180 10 0 3 0 #=B2
L 345 180 10 0 8 0 1 0 MGTPTXP1_216_B2
A 405 180 10 0 2 0 PINTYPE=BI
P 10 400 190 350 190 0 3 0
A 355 190 10 0 3 0 #=A4
L 345 190 10 0 8 0 1 0 MGTPRXN0_216_A4
A 405 190 10 0 2 0 PINTYPE=BI
P 11 400 200 350 200 0 3 0
A 355 200 10 0 3 0 #=B4
L 345 200 10 0 8 0 1 0 MGTPRXP0_216_B4
A 405 200 10 0 2 0 PINTYPE=BI
P 12 400 210 350 210 0 3 0
A 355 210 10 0 3 0 #=D1
L 345 210 10 0 8 0 1 0 MGTPTXN0_216_D1
A 405 210 10 0 2 0 PINTYPE=BI
P 13 400 220 350 220 0 3 0
A 355 220 10 0 3 0 #=D2
L 345 220 10 0 8 0 1 0 MGTPTXP0_216_D2
A 405 220 10 0 2 0 PINTYPE=BI
T 220 240 20 0 5 XC7A50TCPG236
T 220 260 20 0 5 BANK 216
c 70 280 10
U 50 310 10 0 3 3 DEVICE=XXXXXX
U 50 30 16 0 3 3 REFDES=U?
U 250 30 10 0 3 3 PKG_TYPE=XXXXXX
U 0 0 10 0 3 0 HETERO=xc7a50tcpg236_0,xc7a50tcpg236_14,xc7a50tcpg236_16,xc7a50tcpg236_34,xc7a50tcpg236_35,xc7a50tcpg236_216,xc7a50tcpg236_VCCBRAM,xc7a50tcpg236_GND,xc7a50tcpg236_VCCINT,xc7a50tcpg236_VCCAUX,xc7a50tcpg236_MGTAVCC,xc7a50tcpg236_MGTAVTT
U 0 -10 10 0 3 0 PARTS=1
U 0 -20 10 0 3 0 LEVEL=STD
U 0 -30 10 0 3 0 DATE=2013_10_15
E
