V 50
K 153165148200 xc7a350tffg1156
Y 1
D 0 0 400 330
Z 10
i 946
b 50 50 350 280
P 1 400 100 350 100 0 3 0
A 355 100 10 0 3 0 #=AJ22
L 345 100 10 0 8 0 1 0 MGTAVTT_G10_AJ22
A 405 100 10 0 2 0 PINTYPE=BI
P 2 400 110 350 110 0 3 0
A 355 110 10 0 3 0 #=AL13
L 345 110 10 0 8 0 1 0 MGTAVTT_G10_AL13
A 405 110 10 0 2 0 PINTYPE=BI
P 3 400 120 350 120 0 3 0
A 355 120 10 0 3 0 #=AL15
L 345 120 10 0 8 0 1 0 MGTAVTT_G10_AL15
A 405 120 10 0 2 0 PINTYPE=BI
P 4 400 130 350 130 0 3 0
A 355 130 10 0 3 0 #=AL17
L 345 130 10 0 8 0 1 0 MGTAVTT_G10_AL17
A 405 130 10 0 2 0 PINTYPE=BI
P 5 400 140 350 140 0 3 0
A 355 140 10 0 3 0 #=AL19
L 345 140 10 0 8 0 1 0 MGTAVTT_G10_AL19
A 405 140 10 0 2 0 PINTYPE=BI
P 6 400 150 350 150 0 3 0
A 355 150 10 0 3 0 #=AL21
L 345 150 10 0 8 0 1 0 MGTAVTT_G10_AL21
A 405 150 10 0 2 0 PINTYPE=BI
P 7 400 160 350 160 0 3 0
A 355 160 10 0 3 0 #=AN14
L 345 160 10 0 8 0 1 0 MGTAVTT_G10_AN14
A 405 160 10 0 2 0 PINTYPE=BI
P 8 400 170 350 170 0 3 0
A 355 170 10 0 3 0 #=AN16
L 345 170 10 0 8 0 1 0 MGTAVTT_G10_AN16
A 405 170 10 0 2 0 PINTYPE=BI
P 9 400 180 350 180 0 3 0
A 355 180 10 0 3 0 #=AN18
L 345 180 10 0 8 0 1 0 MGTAVTT_G10_AN18
A 405 180 10 0 2 0 PINTYPE=BI
P 10 400 190 350 190 0 3 0
A 355 190 10 0 3 0 #=AN20
L 345 190 10 0 8 0 1 0 MGTAVTT_G10_AN20
A 405 190 10 0 2 0 PINTYPE=BI
P 11 400 200 350 200 0 3 0
A 355 200 10 0 3 0 #=AN22
L 345 200 10 0 8 0 1 0 MGTAVTT_G10_AN22
A 405 200 10 0 2 0 PINTYPE=BI
T 220 220 20 0 5 XC7A350TFFG1156
T 220 240 20 0 5 BANK MGTAVTT_G10
c 70 260 10
U 50 290 10 0 3 3 DEVICE=XXXXXX
U 50 30 16 0 3 3 REFDES=U?
U 250 30 10 0 3 3 PKG_TYPE=XXXXXX
U 0 0 10 0 3 0 HETERO=xc7a350tffg1156_0,xc7a350tffg1156_12,xc7a350tffg1156_13,xc7a350tffg1156_14,xc7a350tffg1156_15,xc7a350tffg1156_16,xc7a350tffg1156_17,xc7a350tffg1156_32,xc7a350tffg1156_33,xc7a350tffg1156_34,xc7a350tffg1156_35,xc7a350tffg1156_36,xc7a350tffg1156_37,xc7a350tffg1156_113,xc7a350tffg1156_116,xc7a350tffg1156_213,xc7a350tffg1156_216,xc7a350tffg1156_MGTAVCC_G10,xc7a350tffg1156_MGTAVCC_G11,xc7a350tffg1156_MGTAVTT_G10,xc7a350tffg1156_MGTAVTT_G11,xc7a350tffg1156_GND1,xc7a350tffg1156_GND2,xc7a350tffg1156_VCCINT,xc7a350tffg1156_VCCAUX,xc7a350tffg1156_VCCBRAM
U 0 -10 10 0 3 0 PARTS=1
U 0 -20 10 0 3 0 LEVEL=STD
U 0 -30 10 0 3 0 DATE=2012_03_08
E
