V 50
K 153165148200 xc7a50tcpg236
Y 1
D 0 0 400 740
Z 10
i 946
b 50 50 350 690
P 1 400 100 350 100 0 3 0
A 355 100 10 0 3 0 #=A1
L 345 100 10 0 8 0 1 0 GND_A1
A 405 100 10 0 2 0 PINTYPE=BI
P 2 400 110 350 110 0 3 0
A 355 110 10 0 3 0 #=A3
L 345 110 10 0 8 0 1 0 GND_A3
A 405 110 10 0 2 0 PINTYPE=BI
P 3 400 120 350 120 0 3 0
A 355 120 10 0 3 0 #=A5
L 345 120 10 0 8 0 1 0 GND_A5
A 405 120 10 0 2 0 PINTYPE=BI
P 4 400 130 350 130 0 3 0
A 355 130 10 0 3 0 #=A7
L 345 130 10 0 8 0 1 0 GND_A7
A 405 130 10 0 2 0 PINTYPE=BI
P 5 400 140 350 140 0 3 0
A 355 140 10 0 3 0 #=A9
L 345 140 10 0 8 0 1 0 GND_A9
A 405 140 10 0 2 0 PINTYPE=BI
P 6 400 150 350 150 0 3 0
A 355 150 10 0 3 0 #=A19
L 345 150 10 0 8 0 1 0 GND_A19
A 405 150 10 0 2 0 PINTYPE=BI
P 7 400 160 350 160 0 3 0
A 355 160 10 0 3 0 #=B3
L 345 160 10 0 8 0 1 0 GND_B3
A 405 160 10 0 2 0 PINTYPE=BI
P 8 400 170 350 170 0 3 0
A 355 170 10 0 3 0 #=B5
L 345 170 10 0 8 0 1 0 GND_B5
A 405 170 10 0 2 0 PINTYPE=BI
P 9 400 180 350 180 0 3 0
A 355 180 10 0 3 0 #=B7
L 345 180 10 0 8 0 1 0 GND_B7
A 405 180 10 0 2 0 PINTYPE=BI
P 10 400 190 350 190 0 3 0
A 355 190 10 0 3 0 #=B9
L 345 190 10 0 8 0 1 0 GND_B9
A 405 190 10 0 2 0 PINTYPE=BI
P 11 400 200 350 200 0 3 0
A 355 200 10 0 3 0 #=B14
L 345 200 10 0 8 0 1 0 GND_B14
A 405 200 10 0 2 0 PINTYPE=BI
P 12 400 210 350 210 0 3 0
A 355 210 10 0 3 0 #=C2
L 345 210 10 0 8 0 1 0 GND_C2
A 405 210 10 0 2 0 PINTYPE=BI
P 13 400 220 350 220 0 3 0
A 355 220 10 0 3 0 #=C3
L 345 220 10 0 8 0 1 0 GND_C3
A 405 220 10 0 2 0 PINTYPE=BI
P 14 400 230 350 230 0 3 0
A 355 230 10 0 3 0 #=C4
L 345 230 10 0 8 0 1 0 GND_C4
A 405 230 10 0 2 0 PINTYPE=BI
P 15 400 240 350 240 0 3 0
A 355 240 10 0 3 0 #=C6
L 345 240 10 0 8 0 1 0 GND_C6
A 405 240 10 0 2 0 PINTYPE=BI
P 16 400 250 350 250 0 3 0
A 355 250 10 0 3 0 #=C10
L 345 250 10 0 8 0 1 0 GND_C10
A 405 250 10 0 2 0 PINTYPE=BI
P 17 400 260 350 260 0 3 0
A 355 260 10 0 3 0 #=C19
L 345 260 10 0 8 0 1 0 GND_C19
A 405 260 10 0 2 0 PINTYPE=BI
P 18 400 270 350 270 0 3 0
A 355 270 10 0 3 0 #=D3
L 345 270 10 0 8 0 1 0 GND_D3
A 405 270 10 0 2 0 PINTYPE=BI
P 19 400 280 350 280 0 3 0
A 355 280 10 0 3 0 #=E3
L 345 280 10 0 8 0 1 0 GND_E3
A 405 280 10 0 2 0 PINTYPE=BI
P 20 400 290 350 290 0 3 0
A 355 290 10 0 3 0 #=E17
L 345 290 10 0 8 0 1 0 GND_E17
A 405 290 10 0 2 0 PINTYPE=BI
P 21 400 300 350 300 0 3 0
A 355 300 10 0 3 0 #=F1
L 345 300 10 0 8 0 1 0 GND_F1
A 405 300 10 0 2 0 PINTYPE=BI
P 22 400 310 350 310 0 3 0
A 355 310 10 0 3 0 #=F2
L 345 310 10 0 8 0 1 0 GND_F2
A 405 310 10 0 2 0 PINTYPE=BI
P 23 400 320 350 320 0 3 0
A 355 320 10 0 3 0 #=F19
L 345 320 10 0 8 0 1 0 GND_F19
A 405 320 10 0 2 0 PINTYPE=BI
P 24 400 330 350 330 0 3 0
A 355 330 10 0 3 0 #=G1
L 345 330 10 0 8 0 1 0 GND_G1
A 405 330 10 0 2 0 PINTYPE=BI
P 25 400 340 350 340 0 3 0
A 355 340 10 0 3 0 #=G8
L 345 340 10 0 8 0 1 0 GND_G8
A 405 340 10 0 2 0 PINTYPE=BI
P 26 400 350 350 350 0 3 0
A 355 350 10 0 3 0 #=G11
L 345 350 10 0 8 0 1 0 GND_G11
A 405 350 10 0 2 0 PINTYPE=BI
P 27 400 360 350 360 0 3 0
A 355 360 10 0 3 0 #=H7
L 345 360 10 0 8 0 1 0 GND_H7
A 405 360 10 0 2 0 PINTYPE=BI
P 28 400 370 350 370 0 3 0
A 355 370 10 0 3 0 #=H8
L 345 370 10 0 8 0 1 0 GND_H8
A 405 370 10 0 2 0 PINTYPE=BI
P 29 400 380 350 380 0 3 0
A 355 380 10 0 3 0 #=H11
L 345 380 10 0 8 0 1 0 GND_H11
A 405 380 10 0 2 0 PINTYPE=BI
P 30 400 390 350 390 0 3 0
A 355 390 10 0 3 0 #=H12
L 345 390 10 0 8 0 1 0 GND_H12
A 405 390 10 0 2 0 PINTYPE=BI
P 31 400 400 350 400 0 3 0
A 355 400 10 0 3 0 #=H18
L 345 400 10 0 8 0 1 0 GND_H18
A 405 400 10 0 2 0 PINTYPE=BI
P 32 400 410 350 410 0 3 0
A 355 410 10 0 3 0 #=J8
L 345 410 10 0 8 0 1 0 GND_J8
A 405 410 10 0 2 0 PINTYPE=BI
P 33 400 420 350 420 0 3 0
A 355 420 10 0 3 0 #=J9
L 345 420 10 0 8 0 1 0 GND_J9
A 405 420 10 0 2 0 PINTYPE=BI
P 34 400 430 350 430 0 3 0
A 355 430 10 0 3 0 #=J11
L 345 430 10 0 8 0 1 0 GND_J11
A 405 430 10 0 2 0 PINTYPE=BI
P 35 400 440 350 440 0 3 0
A 355 440 10 0 3 0 #=J12
L 345 440 10 0 8 0 1 0 GND_J12
A 405 440 10 0 2 0 PINTYPE=BI
P 36 400 450 350 450 0 3 0
A 355 450 10 0 3 0 #=K8
L 345 450 10 0 8 0 1 0 GND_K8
A 405 450 10 0 2 0 PINTYPE=BI
P 37 400 460 350 460 0 3 0
A 355 460 10 0 3 0 #=L8
L 345 460 10 0 8 0 1 0 GND_L8
A 405 460 10 0 2 0 PINTYPE=BI
P 38 400 470 350 470 0 3 0
A 355 470 10 0 3 0 #=L9
L 345 470 10 0 8 0 1 0 GND_L9
A 405 470 10 0 2 0 PINTYPE=BI
P 39 400 480 350 480 0 3 0
A 355 480 10 0 3 0 #=L11
L 345 480 10 0 8 0 1 0 GND_L11
A 405 480 10 0 2 0 PINTYPE=BI
P 40 400 490 350 490 0 3 0
A 355 490 10 0 3 0 #=L19
L 345 490 10 0 8 0 1 0 GND_L19
A 405 490 10 0 2 0 PINTYPE=BI
P 41 400 500 350 500 0 3 0
A 355 500 10 0 3 0 #=M9
L 345 500 10 0 8 0 1 0 GND_M9
A 405 500 10 0 2 0 PINTYPE=BI
P 42 400 510 350 510 0 3 0
A 355 510 10 0 3 0 #=M13
L 345 510 10 0 8 0 1 0 GND_M13
A 405 510 10 0 2 0 PINTYPE=BI
P 43 400 520 350 520 0 3 0
A 355 520 10 0 3 0 #=N9
L 345 520 10 0 8 0 1 0 GND_N9
A 405 520 10 0 2 0 PINTYPE=BI
P 44 400 530 350 530 0 3 0
A 355 530 10 0 3 0 #=N12
L 345 530 10 0 8 0 1 0 GND_N12
A 405 530 10 0 2 0 PINTYPE=BI
P 45 400 540 350 540 0 3 0
A 355 540 10 0 3 0 #=N13
L 345 540 10 0 8 0 1 0 GND_N13
A 405 540 10 0 2 0 PINTYPE=BI
P 46 400 550 350 550 0 3 0
A 355 550 10 0 3 0 #=P2
L 345 550 10 0 8 0 1 0 GND_P2
A 405 550 10 0 2 0 PINTYPE=BI
P 47 400 560 350 560 0 3 0
A 355 560 10 0 3 0 #=T19
L 345 560 10 0 8 0 1 0 GND_T19
A 405 560 10 0 2 0 PINTYPE=BI
P 48 400 570 350 570 0 3 0
A 355 570 10 0 3 0 #=U6
L 345 570 10 0 8 0 1 0 GND_U6
A 405 570 10 0 2 0 PINTYPE=BI
P 49 400 580 350 580 0 3 0
A 355 580 10 0 3 0 #=U9
L 345 580 10 0 8 0 1 0 GND_U9
A 405 580 10 0 2 0 PINTYPE=BI
P 50 400 590 350 590 0 3 0
A 355 590 10 0 3 0 #=V18
L 345 590 10 0 8 0 1 0 GND_V18
A 405 590 10 0 2 0 PINTYPE=BI
P 51 400 600 350 600 0 3 0
A 355 600 10 0 3 0 #=W1
L 345 600 10 0 8 0 1 0 GND_W1
A 405 600 10 0 2 0 PINTYPE=BI
P 52 400 610 350 610 0 3 0
A 355 610 10 0 3 0 #=W12
L 345 610 10 0 8 0 1 0 GND_W12
A 405 610 10 0 2 0 PINTYPE=BI
T 220 630 20 0 5 XC7A50TCPG236
T 220 650 20 0 5 BANK GND
c 70 670 10
U 50 700 10 0 3 3 DEVICE=XXXXXX
U 50 30 16 0 3 3 REFDES=U?
U 250 30 10 0 3 3 PKG_TYPE=XXXXXX
U 0 0 10 0 3 0 HETERO=xc7a50tcpg236_0,xc7a50tcpg236_14,xc7a50tcpg236_16,xc7a50tcpg236_34,xc7a50tcpg236_35,xc7a50tcpg236_216,xc7a50tcpg236_VCCBRAM,xc7a50tcpg236_GND,xc7a50tcpg236_VCCINT,xc7a50tcpg236_VCCAUX,xc7a50tcpg236_MGTAVCC,xc7a50tcpg236_MGTAVTT
U 0 -10 10 0 3 0 PARTS=1
U 0 -20 10 0 3 0 LEVEL=STD
U 0 -30 10 0 3 0 DATE=2013_10_15
E
