V 50
K 153165148200 xc7a15cpg236
Y 1
D 0 0 400 450
Z 10
i 946
b 50 50 350 400
P 1 0 100 50 100 0 2 0
A 45 100 10 0 9 0 #=V8
L 55 100 10 0 2 0 1 0 VCCO_34_V8
A 10 100 10 0 2 0 PINTYPE=BI
P 2 0 110 50 110 0 2 0
A 45 110 10 0 9 0 #=U5
L 55 110 10 0 2 0 1 0 VCCO_34_U5
A 10 110 10 0 2 0 PINTYPE=BI
P 3 0 120 50 120 0 2 0
A 45 120 10 0 9 0 #=T1
L 55 120 10 0 2 0 1 0 VCCO_34_T1
A 10 120 10 0 2 0 PINTYPE=BI
P 4 400 100 350 100 0 3 0
A 355 100 10 0 3 0 #=U4
L 345 100 10 0 8 0 1 0 IO_L19N_T3_VREF_34_U4
A 405 100 10 0 2 0 PINTYPE=BI
P 5 400 110 350 110 0 3 0
A 355 110 10 0 3 0 #=T4
L 345 110 10 0 8 0 1 0 IO_L19P_T3_34_T4
A 405 110 10 0 2 0 PINTYPE=BI
P 6 400 120 350 120 0 3 0
A 355 120 10 0 3 0 #=V6
L 345 120 10 0 8 0 1 0 IO_L14N_T2_SRCC_34_V6
A 405 120 10 0 2 0 PINTYPE=BI
P 7 400 130 350 130 0 3 0
A 355 130 10 0 3 0 #=U6
L 345 130 10 0 8 0 1 0 IO_L14P_T2_SRCC_34_U6
A 405 130 10 0 2 0 PINTYPE=BI
P 8 400 140 350 140 0 3 0
A 355 140 10 0 3 0 #=V7
L 345 140 10 0 8 0 1 0 IO_L13N_T2_MRCC_34_V7
A 405 140 10 0 2 0 PINTYPE=BI
P 9 400 150 350 150 0 3 0
A 355 150 10 0 3 0 #=U8
L 345 150 10 0 8 0 1 0 IO_L13P_T2_MRCC_34_U8
A 405 150 10 0 2 0 PINTYPE=BI
P 10 400 160 350 160 0 3 0
A 355 160 10 0 3 0 #=V9
L 345 160 10 0 8 0 1 0 IO_L12N_T1_MRCC_34_V9
A 405 160 10 0 2 0 PINTYPE=BI
P 11 400 170 350 170 0 3 0
A 355 170 10 0 3 0 #=U9
L 345 170 10 0 8 0 1 0 IO_L12P_T1_MRCC_34_U9
A 405 170 10 0 2 0 PINTYPE=BI
P 12 400 180 350 180 0 3 0
A 355 180 10 0 3 0 #=V4
L 345 180 10 0 8 0 1 0 IO_L11N_T1_SRCC_34_V4
A 405 180 10 0 2 0 PINTYPE=BI
P 13 400 190 350 190 0 3 0
A 355 190 10 0 3 0 #=V5
L 345 190 10 0 8 0 1 0 IO_L11P_T1_SRCC_34_V5
A 405 190 10 0 2 0 PINTYPE=BI
P 14 400 200 350 200 0 3 0
A 355 200 10 0 3 0 #=V2
L 345 200 10 0 8 0 1 0 IO_L10N_T1_34_V2
A 405 200 10 0 2 0 PINTYPE=BI
P 15 400 210 350 210 0 3 0
A 355 210 10 0 3 0 #=V3
L 345 210 10 0 8 0 1 0 IO_L10P_T1_34_V3
A 405 210 10 0 2 0 PINTYPE=BI
P 16 400 220 350 220 0 3 0
A 355 220 10 0 3 0 #=U1
L 345 220 10 0 8 0 1 0 IO_L9N_T1_DQS_34_U1
A 405 220 10 0 2 0 PINTYPE=BI
P 17 400 230 350 230 0 3 0
A 355 230 10 0 3 0 #=U2
L 345 230 10 0 8 0 1 0 IO_L9P_T1_DQS_34_U2
A 405 230 10 0 2 0 PINTYPE=BI
P 18 400 240 350 240 0 3 0
A 355 240 10 0 3 0 #=R1
L 345 240 10 0 8 0 1 0 IO_L8N_T1_34_R1
A 405 240 10 0 2 0 PINTYPE=BI
P 19 400 250 350 250 0 3 0
A 355 250 10 0 3 0 #=T2
L 345 250 10 0 8 0 1 0 IO_L8P_T1_34_T2
A 405 250 10 0 2 0 PINTYPE=BI
P 20 400 260 350 260 0 3 0
A 355 260 10 0 3 0 #=P1
L 345 260 10 0 8 0 1 0 IO_L7N_T1_34_P1
A 405 260 10 0 2 0 PINTYPE=BI
P 21 400 270 350 270 0 3 0
A 355 270 10 0 3 0 #=R2
L 345 270 10 0 8 0 1 0 IO_L7P_T1_34_R2
A 405 270 10 0 2 0 PINTYPE=BI
P 22 400 280 350 280 0 3 0
A 355 280 10 0 3 0 #=T3
L 345 280 10 0 8 0 1 0 IO_L6N_T0_VREF_34_T3
A 405 280 10 0 2 0 PINTYPE=BI
P 23 400 290 350 290 0 3 0
A 355 290 10 0 3 0 #=R3
L 345 290 10 0 8 0 1 0 IO_L6P_T0_34_R3
A 405 290 10 0 2 0 PINTYPE=BI
T 220 310 20 0 5 XC7A15CPG236
T 220 330 20 0 5 BANK 34_H
c 70 380 10
U 50 410 10 0 3 3 DEVICE=XXXXXX
U 50 30 16 0 3 3 REFDES=U?
U 250 30 10 0 3 3 PKG_TYPE=XXXXXX
U 0 0 10 0 3 0 HETERO=xc7a15cpg236_0_H,xc7a15cpg236_14_H,xc7a15cpg236_15_H,xc7a15cpg236_34_H,xc7a15cpg236_35_H,xc7a15cpg236_GND_H,xc7a15cpg236_VCCINT_H,xc7a15cpg236_VCCAUX_H,xc7a15cpg236_VCCBRAM_H
U 0 -10 10 0 3 0 PARTS=1
U 0 -20 10 0 3 0 LEVEL=STD
U 0 -30 10 0 3 0 DATE=2011_11_18
E
