V 50
K 153165148200 xc7a350tfbg484_a350t
Y 1
D 0 0 400 350
Z 10
i 946
b 50 50 350 300
P 1 400 100 350 100 0 3 0
A 355 100 10 0 3 0 #=U10
L 345 100 10 0 8 0 1 0 M1_0_U10
A 405 100 10 0 2 0 PINTYPE=BI
P 2 400 110 350 110 0 3 0
A 355 110 10 0 3 0 #=U11
L 345 110 10 0 8 0 1 0 M0_0_U11
A 405 110 10 0 2 0 PINTYPE=BI
P 3 400 120 350 120 0 3 0
A 355 120 10 0 3 0 #=U9
L 345 120 10 0 8 0 1 0 M2_0_U9
A 405 120 10 0 2 0 PINTYPE=BI
P 4 400 130 350 130 0 3 0
A 355 130 10 0 3 0 #=G11
L 345 130 10 0 8 0 1 0 DONE_0_G11
A 405 130 10 0 2 0 PINTYPE=BI
P 5 400 140 350 140 0 3 0
A 355 140 10 0 3 0 #=U8
L 345 140 10 0 8 0 1 0 CFGBVS_0_U8
A 405 140 10 0 2 0 PINTYPE=BI
P 6 400 150 350 150 0 3 0
A 355 150 10 0 3 0 #=N12
L 345 150 10 0 8 0 1 0 PROGRAM_B_0_N12
A 405 150 10 0 2 0 PINTYPE=BI
P 7 400 160 350 160 0 3 0
A 355 160 10 0 3 0 #=U12
L 345 160 10 0 8 0 1 0 INIT_B_0_U12
A 405 160 10 0 2 0 PINTYPE=BI
P 8 400 170 350 170 0 3 0
A 355 170 10 0 3 0 #=R13
L 345 170 10 0 8 0 1 0 TDI_0_R13
A 405 170 10 0 2 0 PINTYPE=BI
P 9 400 180 350 180 0 3 0
A 355 180 10 0 3 0 #=U13
L 345 180 10 0 8 0 1 0 TDO_0_U13
A 405 180 10 0 2 0 PINTYPE=BI
P 10 400 190 350 190 0 3 0
A 355 190 10 0 3 0 #=T13
L 345 190 10 0 8 0 1 0 TMS_0_T13
A 405 190 10 0 2 0 PINTYPE=BI
P 11 400 200 350 200 0 3 0
A 355 200 10 0 3 0 #=V12
L 345 200 10 0 8 0 1 0 TCK_0_V12
A 405 200 10 0 2 0 PINTYPE=BI
P 12 400 210 350 210 0 3 0
A 355 210 10 0 3 0 #=L12
L 345 210 10 0 8 0 1 0 CCLK_0_L12
A 405 210 10 0 2 0 PINTYPE=BI
P 13 400 220 350 220 0 3 0
A 355 220 10 0 3 0 #=E12
L 345 220 10 0 8 0 1 0 VCCBATT_0_E12
A 405 220 10 0 2 0 PINTYPE=BI
T 220 240 20 0 5 XC7A350TFBG484_A350T
T 220 260 20 0 5 BANK 0_H
c 70 280 10
U 50 310 10 0 3 3 DEVICE=XXXXXX
U 50 30 16 0 3 3 REFDES=U?
U 250 30 10 0 3 3 PKG_TYPE=XXXXXX
U 0 0 10 0 3 0 HETERO=xc7a350tfbg484_a350t_0_H,xc7a350tfbg484_a350t_13_H,xc7a350tfbg484_a350t_14_H,xc7a350tfbg484_a350t_15_H,xc7a350tfbg484_a350t_16_H,xc7a350tfbg484_a350t_34_H,xc7a350tfbg484_a350t_35_H,xc7a350tfbg484_a350t_GND_H
U 0 -10 10 0 3 0 PARTS=1
U 0 -20 10 0 3 0 LEVEL=STD
U 0 -30 10 0 3 0 DATE=2012_03_08
E
