V 50
K 153165148200 xc7a350tffg1156
Y 1
D 0 0 400 780
Z 10
i 946
b 50 50 350 730
P 1 0 100 50 100 0 2 0
A 45 100 10 0 9 0 #=AH5
L 55 100 10 0 2 0 1 0 VCCO_33_AH5
A 10 100 10 0 2 0 PINTYPE=BI
P 2 0 110 50 110 0 2 0
A 45 110 10 0 9 0 #=AG8
L 55 110 10 0 2 0 1 0 VCCO_33_AG8
A 10 110 10 0 2 0 PINTYPE=BI
P 3 0 120 50 120 0 2 0
A 45 120 10 0 9 0 #=AF11
L 55 120 10 0 2 0 1 0 VCCO_33_AF11
A 10 120 10 0 2 0 PINTYPE=BI
P 4 0 130 50 130 0 2 0
A 45 130 10 0 9 0 #=AF1
L 55 130 10 0 2 0 1 0 VCCO_33_AF1
A 10 130 10 0 2 0 PINTYPE=BI
P 5 0 140 50 140 0 2 0
A 45 140 10 0 9 0 #=AE4
L 55 140 10 0 2 0 1 0 VCCO_33_AE4
A 10 140 10 0 2 0 PINTYPE=BI
P 6 0 150 50 150 0 2 0
A 45 150 10 0 9 0 #=AD7
L 55 150 10 0 2 0 1 0 VCCO_33_AD7
A 10 150 10 0 2 0 PINTYPE=BI
P 7 400 100 350 100 0 3 0
A 355 100 10 0 3 0 #=AF10
L 345 100 10 0 8 0 1 0 IO_25_33_AF10
A 405 100 10 0 2 0 PINTYPE=BI
P 8 400 110 350 110 0 3 0
A 355 110 10 0 3 0 #=AE10
L 345 110 10 0 8 0 1 0 IO_L24N_T3_33_AE10
A 405 110 10 0 2 0 PINTYPE=BI
P 9 400 120 350 120 0 3 0
A 355 120 10 0 3 0 #=AD10
L 345 120 10 0 8 0 1 0 IO_L24P_T3_33_AD10
A 405 120 10 0 2 0 PINTYPE=BI
P 10 400 130 350 130 0 3 0
A 355 130 10 0 3 0 #=AH11
L 345 130 10 0 8 0 1 0 IO_L23N_T3_33_AH11
A 405 130 10 0 2 0 PINTYPE=BI
P 11 400 140 350 140 0 3 0
A 355 140 10 0 3 0 #=AG11
L 345 140 10 0 8 0 1 0 IO_L23P_T3_33_AG11
A 405 140 10 0 2 0 PINTYPE=BI
P 12 400 150 350 150 0 3 0
A 355 150 10 0 3 0 #=AE11
L 345 150 10 0 8 0 1 0 IO_L22N_T3_33_AE11
A 405 150 10 0 2 0 PINTYPE=BI
P 13 400 160 350 160 0 3 0
A 355 160 10 0 3 0 #=AD11
L 345 160 10 0 8 0 1 0 IO_L22P_T3_33_AD11
A 405 160 10 0 2 0 PINTYPE=BI
P 14 400 170 350 170 0 3 0
A 355 170 10 0 3 0 #=AG9
L 345 170 10 0 8 0 1 0 IO_L21N_T3_DQS_33_AG9
A 405 170 10 0 2 0 PINTYPE=BI
P 15 400 180 350 180 0 3 0
A 355 180 10 0 3 0 #=AG10
L 345 180 10 0 8 0 1 0 IO_L21P_T3_DQS_33_AG10
A 405 180 10 0 2 0 PINTYPE=BI
P 16 400 190 350 190 0 3 0
A 355 190 10 0 3 0 #=AG12
L 345 190 10 0 8 0 1 0 IO_L20N_T3_33_AG12
A 405 190 10 0 2 0 PINTYPE=BI
P 17 400 200 350 200 0 3 0
A 355 200 10 0 3 0 #=AF12
L 345 200 10 0 8 0 1 0 IO_L20P_T3_33_AF12
A 405 200 10 0 2 0 PINTYPE=BI
P 18 400 210 350 210 0 3 0
A 355 210 10 0 3 0 #=AH8
L 345 210 10 0 8 0 1 0 IO_L19N_T3_VREF_33_AH8
A 405 210 10 0 2 0 PINTYPE=BI
P 19 400 220 350 220 0 3 0
A 355 220 10 0 3 0 #=AH9
L 345 220 10 0 8 0 1 0 IO_L19P_T3_33_AH9
A 405 220 10 0 2 0 PINTYPE=BI
P 20 400 230 350 230 0 3 0
A 355 230 10 0 3 0 #=AF8
L 345 230 10 0 8 0 1 0 IO_L18N_T2_33_AF8
A 405 230 10 0 2 0 PINTYPE=BI
P 21 400 240 350 240 0 3 0
A 355 240 10 0 3 0 #=AF9
L 345 240 10 0 8 0 1 0 IO_L18P_T2_33_AF9
A 405 240 10 0 2 0 PINTYPE=BI
P 22 400 250 350 250 0 3 0
A 355 250 10 0 3 0 #=AH6
L 345 250 10 0 8 0 1 0 IO_L17N_T2_33_AH6
A 405 250 10 0 2 0 PINTYPE=BI
P 23 400 260 350 260 0 3 0
A 355 260 10 0 3 0 #=AH7
L 345 260 10 0 8 0 1 0 IO_L17P_T2_33_AH7
A 405 260 10 0 2 0 PINTYPE=BI
P 24 400 270 350 270 0 3 0
A 355 270 10 0 3 0 #=AE7
L 345 270 10 0 8 0 1 0 IO_L16N_T2_33_AE7
A 405 270 10 0 2 0 PINTYPE=BI
P 25 400 280 350 280 0 3 0
A 355 280 10 0 3 0 #=AE8
L 345 280 10 0 8 0 1 0 IO_L16P_T2_33_AE8
A 405 280 10 0 2 0 PINTYPE=BI
P 26 400 290 350 290 0 3 0
A 355 290 10 0 3 0 #=AD8
L 345 290 10 0 8 0 1 0 IO_L15N_T2_DQS_33_AD8
A 405 290 10 0 2 0 PINTYPE=BI
P 27 400 300 350 300 0 3 0
A 355 300 10 0 3 0 #=AD9
L 345 300 10 0 8 0 1 0 IO_L15P_T2_DQS_33_AD9
A 405 300 10 0 2 0 PINTYPE=BI
P 28 400 310 350 310 0 3 0
A 355 310 10 0 3 0 #=AG7
L 345 310 10 0 8 0 1 0 IO_L14N_T2_SRCC_33_AG7
A 405 310 10 0 2 0 PINTYPE=BI
P 29 400 320 350 320 0 3 0
A 355 320 10 0 3 0 #=AF7
L 345 320 10 0 8 0 1 0 IO_L14P_T2_SRCC_33_AF7
A 405 320 10 0 2 0 PINTYPE=BI
P 30 400 330 350 330 0 3 0
A 355 330 10 0 3 0 #=AE6
L 345 330 10 0 8 0 1 0 IO_L13N_T2_MRCC_33_AE6
A 405 330 10 0 2 0 PINTYPE=BI
P 31 400 340 350 340 0 3 0
A 355 340 10 0 3 0 #=AD6
L 345 340 10 0 8 0 1 0 IO_L13P_T2_MRCC_33_AD6
A 405 340 10 0 2 0 PINTYPE=BI
P 32 400 350 350 350 0 3 0
A 355 350 10 0 3 0 #=AF5
L 345 350 10 0 8 0 1 0 IO_L12N_T1_MRCC_33_AF5
A 405 350 10 0 2 0 PINTYPE=BI
P 33 400 360 350 360 0 3 0
A 355 360 10 0 3 0 #=AE5
L 345 360 10 0 8 0 1 0 IO_L12P_T1_MRCC_33_AE5
A 405 360 10 0 2 0 PINTYPE=BI
P 34 400 370 350 370 0 3 0
A 355 370 10 0 3 0 #=AG5
L 345 370 10 0 8 0 1 0 IO_L11N_T1_SRCC_33_AG5
A 405 370 10 0 2 0 PINTYPE=BI
P 35 400 380 350 380 0 3 0
A 355 380 10 0 3 0 #=AG6
L 345 380 10 0 8 0 1 0 IO_L11P_T1_SRCC_33_AG6
A 405 380 10 0 2 0 PINTYPE=BI
P 36 400 390 350 390 0 3 0
A 355 390 10 0 3 0 #=AE3
L 345 390 10 0 8 0 1 0 IO_L10N_T1_33_AE3
A 405 390 10 0 2 0 PINTYPE=BI
P 37 400 400 350 400 0 3 0
A 355 400 10 0 3 0 #=AD3
L 345 400 10 0 8 0 1 0 IO_L10P_T1_33_AD3
A 405 400 10 0 2 0 PINTYPE=BI
P 38 400 410 350 410 0 3 0
A 355 410 10 0 3 0 #=AJ4
L 345 410 10 0 8 0 1 0 IO_L9N_T1_DQS_33_AJ4
A 405 410 10 0 2 0 PINTYPE=BI
P 39 400 420 350 420 0 3 0
A 355 420 10 0 3 0 #=AH4
L 345 420 10 0 8 0 1 0 IO_L9P_T1_DQS_33_AH4
A 405 420 10 0 2 0 PINTYPE=BI
P 40 400 430 350 430 0 3 0
A 355 430 10 0 3 0 #=AD4
L 345 430 10 0 8 0 1 0 IO_L8N_T1_33_AD4
A 405 430 10 0 2 0 PINTYPE=BI
P 41 400 440 350 440 0 3 0
A 355 440 10 0 3 0 #=AD5
L 345 440 10 0 8 0 1 0 IO_L8P_T1_33_AD5
A 405 440 10 0 2 0 PINTYPE=BI
P 42 400 450 350 450 0 3 0
A 355 450 10 0 3 0 #=AG4
L 345 450 10 0 8 0 1 0 IO_L7N_T1_33_AG4
A 405 450 10 0 2 0 PINTYPE=BI
P 43 400 460 350 460 0 3 0
A 355 460 10 0 3 0 #=AF4
L 345 460 10 0 8 0 1 0 IO_L7P_T1_33_AF4
A 405 460 10 0 2 0 PINTYPE=BI
P 44 400 470 350 470 0 3 0
A 355 470 10 0 3 0 #=AJ3
L 345 470 10 0 8 0 1 0 IO_L6N_T0_VREF_33_AJ3
A 405 470 10 0 2 0 PINTYPE=BI
P 45 400 480 350 480 0 3 0
A 355 480 10 0 3 0 #=AH3
L 345 480 10 0 8 0 1 0 IO_L6P_T0_33_AH3
A 405 480 10 0 2 0 PINTYPE=BI
P 46 400 490 350 490 0 3 0
A 355 490 10 0 3 0 #=AG2
L 345 490 10 0 8 0 1 0 IO_L5N_T0_33_AG2
A 405 490 10 0 2 0 PINTYPE=BI
P 47 400 500 350 500 0 3 0
A 355 500 10 0 3 0 #=AF3
L 345 500 10 0 8 0 1 0 IO_L5P_T0_33_AF3
A 405 500 10 0 2 0 PINTYPE=BI
P 48 400 510 350 510 0 3 0
A 355 510 10 0 3 0 #=AF2
L 345 510 10 0 8 0 1 0 IO_L4N_T0_33_AF2
A 405 510 10 0 2 0 PINTYPE=BI
P 49 400 520 350 520 0 3 0
A 355 520 10 0 3 0 #=AE2
L 345 520 10 0 8 0 1 0 IO_L4P_T0_33_AE2
A 405 520 10 0 2 0 PINTYPE=BI
P 50 400 530 350 530 0 3 0
A 355 530 10 0 3 0 #=AJ1
L 345 530 10 0 8 0 1 0 IO_L3N_T0_DQS_33_AJ1
A 405 530 10 0 2 0 PINTYPE=BI
P 51 400 540 350 540 0 3 0
A 355 540 10 0 3 0 #=AH2
L 345 540 10 0 8 0 1 0 IO_L3P_T0_DQS_33_AH2
A 405 540 10 0 2 0 PINTYPE=BI
P 52 400 550 350 550 0 3 0
A 355 550 10 0 3 0 #=AE1
L 345 550 10 0 8 0 1 0 IO_L2N_T0_33_AE1
A 405 550 10 0 2 0 PINTYPE=BI
P 53 400 560 350 560 0 3 0
A 355 560 10 0 3 0 #=AD1
L 345 560 10 0 8 0 1 0 IO_L2P_T0_33_AD1
A 405 560 10 0 2 0 PINTYPE=BI
P 54 400 570 350 570 0 3 0
A 355 570 10 0 3 0 #=AH1
L 345 570 10 0 8 0 1 0 IO_L1N_T0_33_AH1
A 405 570 10 0 2 0 PINTYPE=BI
P 55 400 580 350 580 0 3 0
A 355 580 10 0 3 0 #=AG1
L 345 580 10 0 8 0 1 0 IO_L1P_T0_33_AG1
A 405 580 10 0 2 0 PINTYPE=BI
P 56 400 590 350 590 0 3 0
A 355 590 10 0 3 0 #=AC11
L 345 590 10 0 8 0 1 0 IO_0_33_AC11
A 405 590 10 0 2 0 PINTYPE=BI
T 220 610 20 0 5 XC7A350TFFG1156
T 220 630 20 0 5 BANK 33_H
c 70 710 10
U 50 740 10 0 3 3 DEVICE=XXXXXX
U 50 30 16 0 3 3 REFDES=U?
U 250 30 10 0 3 3 PKG_TYPE=XXXXXX
U 0 0 10 0 3 0 HETERO=xc7a350tffg1156_0_H,xc7a350tffg1156_12_H,xc7a350tffg1156_13_H,xc7a350tffg1156_14_H,xc7a350tffg1156_15_H,xc7a350tffg1156_16_H,xc7a350tffg1156_17_H,xc7a350tffg1156_32_H,xc7a350tffg1156_33_H,xc7a350tffg1156_34_H,xc7a350tffg1156_35_H,xc7a350tffg1156_36_H,xc7a350tffg1156_37_H,xc7a350tffg1156_GND_H
U 0 -10 10 0 3 0 PARTS=1
U 0 -20 10 0 3 0 LEVEL=STD
U 0 -30 10 0 3 0 DATE=2012_03_08
E
