V 50
K 153165148200 xc7a200tfbg676
Y 1
D 0 0 400 430
Z 10
i 946
b 50 50 350 380
P 1 400 100 350 100 0 3 0
A 355 100 10 0 3 0 #=A15
L 345 100 10 0 8 0 1 0 MGTRREF_216_A15
A 405 100 10 0 2 0 PINTYPE=BI
P 2 400 110 350 110 0 3 0
A 355 110 10 0 3 0 #=E13
L 345 110 10 0 8 0 1 0 MGTREFCLK1N_216_E13
A 405 110 10 0 2 0 PINTYPE=BI
P 3 400 120 350 120 0 3 0
A 355 120 10 0 3 0 #=F13
L 345 120 10 0 8 0 1 0 MGTREFCLK1P_216_F13
A 405 120 10 0 2 0 PINTYPE=BI
P 4 400 130 350 130 0 3 0
A 355 130 10 0 3 0 #=E11
L 345 130 10 0 8 0 1 0 MGTREFCLK0N_216_E11
A 405 130 10 0 2 0 PINTYPE=BI
P 5 400 140 350 140 0 3 0
A 355 140 10 0 3 0 #=F11
L 345 140 10 0 8 0 1 0 MGTREFCLK0P_216_F11
A 405 140 10 0 2 0 PINTYPE=BI
P 6 400 150 350 150 0 3 0
A 355 150 10 0 3 0 #=C12
L 345 150 10 0 8 0 1 0 MGTPRXN3_216_C12
A 405 150 10 0 2 0 PINTYPE=BI
P 7 400 160 350 160 0 3 0
A 355 160 10 0 3 0 #=D12
L 345 160 10 0 8 0 1 0 MGTPRXP3_216_D12
A 405 160 10 0 2 0 PINTYPE=BI
P 8 400 170 350 170 0 3 0
A 355 170 10 0 3 0 #=C10
L 345 170 10 0 8 0 1 0 MGTPTXN3_216_C10
A 405 170 10 0 2 0 PINTYPE=BI
P 9 400 180 350 180 0 3 0
A 355 180 10 0 3 0 #=D10
L 345 180 10 0 8 0 1 0 MGTPTXP3_216_D10
A 405 180 10 0 2 0 PINTYPE=BI
P 10 400 190 350 190 0 3 0
A 355 190 10 0 3 0 #=A13
L 345 190 10 0 8 0 1 0 MGTPRXN2_216_A13
A 405 190 10 0 2 0 PINTYPE=BI
P 11 400 200 350 200 0 3 0
A 355 200 10 0 3 0 #=B13
L 345 200 10 0 8 0 1 0 MGTPRXP2_216_B13
A 405 200 10 0 2 0 PINTYPE=BI
P 12 400 210 350 210 0 3 0
A 355 210 10 0 3 0 #=A9
L 345 210 10 0 8 0 1 0 MGTPTXN2_216_A9
A 405 210 10 0 2 0 PINTYPE=BI
P 13 400 220 350 220 0 3 0
A 355 220 10 0 3 0 #=B9
L 345 220 10 0 8 0 1 0 MGTPTXP2_216_B9
A 405 220 10 0 2 0 PINTYPE=BI
P 14 400 230 350 230 0 3 0
A 355 230 10 0 3 0 #=C14
L 345 230 10 0 8 0 1 0 MGTPRXN1_216_C14
A 405 230 10 0 2 0 PINTYPE=BI
P 15 400 240 350 240 0 3 0
A 355 240 10 0 3 0 #=D14
L 345 240 10 0 8 0 1 0 MGTPRXP1_216_D14
A 405 240 10 0 2 0 PINTYPE=BI
P 16 400 250 350 250 0 3 0
A 355 250 10 0 3 0 #=C8
L 345 250 10 0 8 0 1 0 MGTPTXN1_216_C8
A 405 250 10 0 2 0 PINTYPE=BI
P 17 400 260 350 260 0 3 0
A 355 260 10 0 3 0 #=D8
L 345 260 10 0 8 0 1 0 MGTPTXP1_216_D8
A 405 260 10 0 2 0 PINTYPE=BI
P 18 400 270 350 270 0 3 0
A 355 270 10 0 3 0 #=A11
L 345 270 10 0 8 0 1 0 MGTPRXN0_216_A11
A 405 270 10 0 2 0 PINTYPE=BI
P 19 400 280 350 280 0 3 0
A 355 280 10 0 3 0 #=B11
L 345 280 10 0 8 0 1 0 MGTPRXP0_216_B11
A 405 280 10 0 2 0 PINTYPE=BI
P 20 400 290 350 290 0 3 0
A 355 290 10 0 3 0 #=A7
L 345 290 10 0 8 0 1 0 MGTPTXN0_216_A7
A 405 290 10 0 2 0 PINTYPE=BI
P 21 400 300 350 300 0 3 0
A 355 300 10 0 3 0 #=B7
L 345 300 10 0 8 0 1 0 MGTPTXP0_216_B7
A 405 300 10 0 2 0 PINTYPE=BI
T 220 320 20 0 5 XC7A200TFBG676
T 220 340 20 0 5 BANK 216
c 70 360 10
U 50 390 10 0 3 3 DEVICE=XXXXXX
U 50 30 16 0 3 3 REFDES=U?
U 250 30 10 0 3 3 PKG_TYPE=XXXXXX
U 0 0 10 0 3 0 HETERO=xc7a200tfbg676_0,xc7a200tfbg676_12,xc7a200tfbg676_13,xc7a200tfbg676_14,xc7a200tfbg676_15,xc7a200tfbg676_16,xc7a200tfbg676_33,xc7a200tfbg676_34,xc7a200tfbg676_35,xc7a200tfbg676_213,xc7a200tfbg676_216,xc7a200tfbg676_MGTAVCC,xc7a200tfbg676_MGTAVTT,xc7a200tfbg676_GND,xc7a200tfbg676_VCCINT,xc7a200tfbg676_VCCAUX,xc7a200tfbg676_VCCBRAM
U 0 -10 10 0 3 0 PARTS=1
U 0 -20 10 0 3 0 LEVEL=STD
U 0 -30 10 0 3 0 DATE=2012_02_29
E
