V 50
K 153165148200 xc7k480tffg1156
Y 1
D 0 0 400 420
Z 10
i 946
b 50 50 350 370
P 1 400 100 350 100 0 3 0
A 355 100 10 0 3 0 #=L7
L 345 100 10 0 8 0 1 0 MGTREFCLK1N_116_L7
A 405 100 10 0 2 0 PINTYPE=BI
P 2 400 110 350 110 0 3 0
A 355 110 10 0 3 0 #=L8
L 345 110 10 0 8 0 1 0 MGTREFCLK1P_116_L8
A 405 110 10 0 2 0 PINTYPE=BI
P 3 400 120 350 120 0 3 0
A 355 120 10 0 3 0 #=J7
L 345 120 10 0 8 0 1 0 MGTREFCLK0N_116_J7
A 405 120 10 0 2 0 PINTYPE=BI
P 4 400 130 350 130 0 3 0
A 355 130 10 0 3 0 #=J8
L 345 130 10 0 8 0 1 0 MGTREFCLK0P_116_J8
A 405 130 10 0 2 0 PINTYPE=BI
P 5 400 140 350 140 0 3 0
A 355 140 10 0 3 0 #=H5
L 345 140 10 0 8 0 1 0 MGTXRXN3_116_H5
A 405 140 10 0 2 0 PINTYPE=BI
P 6 400 150 350 150 0 3 0
A 355 150 10 0 3 0 #=H6
L 345 150 10 0 8 0 1 0 MGTXRXP3_116_H6
A 405 150 10 0 2 0 PINTYPE=BI
P 7 400 160 350 160 0 3 0
A 355 160 10 0 3 0 #=F1
L 345 160 10 0 8 0 1 0 MGTXTXN3_116_F1
A 405 160 10 0 2 0 PINTYPE=BI
P 8 400 170 350 170 0 3 0
A 355 170 10 0 3 0 #=F2
L 345 170 10 0 8 0 1 0 MGTXTXP3_116_F2
A 405 170 10 0 2 0 PINTYPE=BI
P 9 400 180 350 180 0 3 0
A 355 180 10 0 3 0 #=J3
L 345 180 10 0 8 0 1 0 MGTXRXN2_116_J3
A 405 180 10 0 2 0 PINTYPE=BI
P 10 400 190 350 190 0 3 0
A 355 190 10 0 3 0 #=J4
L 345 190 10 0 8 0 1 0 MGTXRXP2_116_J4
A 405 190 10 0 2 0 PINTYPE=BI
P 11 400 200 350 200 0 3 0
A 355 200 10 0 3 0 #=H1
L 345 200 10 0 8 0 1 0 MGTXTXN2_116_H1
A 405 200 10 0 2 0 PINTYPE=BI
P 12 400 210 350 210 0 3 0
A 355 210 10 0 3 0 #=H2
L 345 210 10 0 8 0 1 0 MGTXTXP2_116_H2
A 405 210 10 0 2 0 PINTYPE=BI
P 13 400 220 350 220 0 3 0
A 355 220 10 0 3 0 #=K5
L 345 220 10 0 8 0 1 0 MGTXRXN1_116_K5
A 405 220 10 0 2 0 PINTYPE=BI
P 14 400 230 350 230 0 3 0
A 355 230 10 0 3 0 #=K6
L 345 230 10 0 8 0 1 0 MGTXRXP1_116_K6
A 405 230 10 0 2 0 PINTYPE=BI
P 15 400 240 350 240 0 3 0
A 355 240 10 0 3 0 #=K1
L 345 240 10 0 8 0 1 0 MGTXTXN1_116_K1
A 405 240 10 0 2 0 PINTYPE=BI
P 16 400 250 350 250 0 3 0
A 355 250 10 0 3 0 #=K2
L 345 250 10 0 8 0 1 0 MGTXTXP1_116_K2
A 405 250 10 0 2 0 PINTYPE=BI
P 17 400 260 350 260 0 3 0
A 355 260 10 0 3 0 #=L3
L 345 260 10 0 8 0 1 0 MGTXRXN0_116_L3
A 405 260 10 0 2 0 PINTYPE=BI
P 18 400 270 350 270 0 3 0
A 355 270 10 0 3 0 #=L4
L 345 270 10 0 8 0 1 0 MGTXRXP0_116_L4
A 405 270 10 0 2 0 PINTYPE=BI
P 19 400 280 350 280 0 3 0
A 355 280 10 0 3 0 #=M1
L 345 280 10 0 8 0 1 0 MGTXTXN0_116_M1
A 405 280 10 0 2 0 PINTYPE=BI
P 20 400 290 350 290 0 3 0
A 355 290 10 0 3 0 #=M2
L 345 290 10 0 8 0 1 0 MGTXTXP0_116_M2
A 405 290 10 0 2 0 PINTYPE=BI
T 220 310 20 0 5 XC7K480TFFG1156
T 220 330 20 0 5 BANK 116
c 70 350 10
U 50 380 10 0 3 3 DEVICE=XXXXXX
U 50 30 16 0 3 3 REFDES=U?
U 250 30 10 0 3 3 PKG_TYPE=XXXXXX
U 0 0 10 0 3 0 HETERO=xc7k480tffg1156_0,xc7k480tffg1156_11,xc7k480tffg1156_12,xc7k480tffg1156_13,xc7k480tffg1156_14,xc7k480tffg1156_15,xc7k480tffg1156_16,xc7k480tffg1156_17,xc7k480tffg1156_18,xc7k480tffg1156_111,xc7k480tffg1156_112,xc7k480tffg1156_113,xc7k480tffg1156_114,xc7k480tffg1156_115,xc7k480tffg1156_116,xc7k480tffg1156_117,xc7k480tffg1156_118,xc7k480tffg1156_MGTAVCC_G11,xc7k480tffg1156_MGTAVCC_G10,xc7k480tffg1156_MGTVCCAUX_G11,xc7k480tffg1156_MGTVCCAUX_G10,xc7k480tffg1156_MGTAVTT_G11,xc7k480tffg1156_MGTAVTT_G10,xc7k480tffg1156_GND1,xc7k480tffg1156_GND2,xc7k480tffg1156_VCCINT,xc7k480tffg1156_VCCAUX,xc7k480tffg1156_VCCBRAM
U 0 -10 10 0 3 0 PARTS=1
U 0 -20 10 0 3 0 LEVEL=STD
U 0 -30 10 0 3 0 DATE=2011_05_05
E
