V 50
K 153165148200 xc7k410tffg676
Y 1
D 0 0 400 790
Z 10
i 946
b 50 50 350 740
P 1 0 100 50 100 0 2 0
A 45 100 10 0 9 0 #=Y24
L 55 100 10 0 2 0 1 0 VCCO_12_Y24
A 10 100 10 0 2 0 PINTYPE=BI
P 2 0 110 50 110 0 2 0
A 45 110 10 0 9 0 #=V20
L 55 110 10 0 2 0 1 0 VCCO_12_V20
A 10 110 10 0 2 0 PINTYPE=BI
P 3 0 120 50 120 0 2 0
A 45 120 10 0 9 0 #=U23
L 55 120 10 0 2 0 1 0 VCCO_12_U23
A 10 120 10 0 2 0 PINTYPE=BI
P 4 0 130 50 130 0 2 0
A 45 130 10 0 9 0 #=AF26
L 55 130 10 0 2 0 1 0 VCCO_12_AF26
A 10 130 10 0 2 0 PINTYPE=BI
P 5 0 140 50 140 0 2 0
A 45 140 10 0 9 0 #=AD22
L 55 140 10 0 2 0 1 0 VCCO_12_AD22
A 10 140 10 0 2 0 PINTYPE=BI
P 6 0 150 50 150 0 2 0
A 45 150 10 0 9 0 #=AC25
L 55 150 10 0 2 0 1 0 VCCO_12_AC25
A 10 150 10 0 2 0 PINTYPE=BI
P 7 0 160 50 160 0 2 0
A 45 160 10 0 9 0 #=AA21
L 55 160 10 0 2 0 1 0 VCCO_12_AA21
A 10 160 10 0 2 0 PINTYPE=BI
P 8 400 100 350 100 0 3 0
A 355 100 10 0 3 0 #=Y20
L 345 100 10 0 8 0 1 0 IO_25_12_Y20
A 405 100 10 0 2 0 PINTYPE=BI
P 9 400 110 350 110 0 3 0
A 355 110 10 0 3 0 #=AF22
L 345 110 10 0 8 0 1 0 IO_L24N_T3_12_AF22
A 405 110 10 0 2 0 PINTYPE=BI
P 10 400 120 350 120 0 3 0
A 355 120 10 0 3 0 #=AE22
L 345 120 10 0 8 0 1 0 IO_L24P_T3_12_AE22
A 405 120 10 0 2 0 PINTYPE=BI
P 11 400 130 350 130 0 3 0
A 355 130 10 0 3 0 #=AE25
L 345 130 10 0 8 0 1 0 IO_L23N_T3_12_AE25
A 405 130 10 0 2 0 PINTYPE=BI
P 12 400 140 350 140 0 3 0
A 355 140 10 0 3 0 #=AD25
L 345 140 10 0 8 0 1 0 IO_L23P_T3_12_AD25
A 405 140 10 0 2 0 PINTYPE=BI
P 13 400 150 350 150 0 3 0
A 355 150 10 0 3 0 #=AF23
L 345 150 10 0 8 0 1 0 IO_L22N_T3_12_AF23
A 405 150 10 0 2 0 PINTYPE=BI
P 14 400 160 350 160 0 3 0
A 355 160 10 0 3 0 #=AE23
L 345 160 10 0 8 0 1 0 IO_L22P_T3_12_AE23
A 405 160 10 0 2 0 PINTYPE=BI
P 15 400 170 350 170 0 3 0
A 355 170 10 0 3 0 #=AE26
L 345 170 10 0 8 0 1 0 IO_L21N_T3_DQS_12_AE26
A 405 170 10 0 2 0 PINTYPE=BI
P 16 400 180 350 180 0 3 0
A 355 180 10 0 3 0 #=AD26
L 345 180 10 0 8 0 1 0 IO_L21P_T3_DQS_12_AD26
A 405 180 10 0 2 0 PINTYPE=BI
P 17 400 190 350 190 0 3 0
A 355 190 10 0 3 0 #=AF25
L 345 190 10 0 8 0 1 0 IO_L20N_T3_12_AF25
A 405 190 10 0 2 0 PINTYPE=BI
P 18 400 200 350 200 0 3 0
A 355 200 10 0 3 0 #=AF24
L 345 200 10 0 8 0 1 0 IO_L20P_T3_12_AF24
A 405 200 10 0 2 0 PINTYPE=BI
P 19 400 210 350 210 0 3 0
A 355 210 10 0 3 0 #=AE21
L 345 210 10 0 8 0 1 0 IO_L19N_T3_VREF_12_AE21
A 405 210 10 0 2 0 PINTYPE=BI
P 20 400 220 350 220 0 3 0
A 355 220 10 0 3 0 #=AD21
L 345 220 10 0 8 0 1 0 IO_L19P_T3_12_AD21
A 405 220 10 0 2 0 PINTYPE=BI
P 21 400 230 350 230 0 3 0
A 355 230 10 0 3 0 #=AC21
L 345 230 10 0 8 0 1 0 IO_L18N_T2_12_AC21
A 405 230 10 0 2 0 PINTYPE=BI
P 22 400 240 350 240 0 3 0
A 355 240 10 0 3 0 #=AB21
L 345 240 10 0 8 0 1 0 IO_L18P_T2_12_AB21
A 405 240 10 0 2 0 PINTYPE=BI
P 23 400 250 350 250 0 3 0
A 355 250 10 0 3 0 #=AC22
L 345 250 10 0 8 0 1 0 IO_L17N_T2_12_AC22
A 405 250 10 0 2 0 PINTYPE=BI
P 24 400 260 350 260 0 3 0
A 355 260 10 0 3 0 #=AB22
L 345 260 10 0 8 0 1 0 IO_L17P_T2_12_AB22
A 405 260 10 0 2 0 PINTYPE=BI
P 25 400 270 350 270 0 3 0
A 355 270 10 0 3 0 #=AD24
L 345 270 10 0 8 0 1 0 IO_L16N_T2_12_AD24
A 405 270 10 0 2 0 PINTYPE=BI
P 26 400 280 350 280 0 3 0
A 355 280 10 0 3 0 #=AD23
L 345 280 10 0 8 0 1 0 IO_L16P_T2_12_AD23
A 405 280 10 0 2 0 PINTYPE=BI
P 27 400 290 350 290 0 3 0
A 355 290 10 0 3 0 #=Y21
L 345 290 10 0 8 0 1 0 IO_L15N_T2_DQS_12_Y21
A 405 290 10 0 2 0 PINTYPE=BI
P 28 400 300 350 300 0 3 0
A 355 300 10 0 3 0 #=W20
L 345 300 10 0 8 0 1 0 IO_L15P_T2_DQS_12_W20
A 405 300 10 0 2 0 PINTYPE=BI
P 29 400 310 350 310 0 3 0
A 355 310 10 0 3 0 #=AC24
L 345 310 10 0 8 0 1 0 IO_L14N_T2_SRCC_12_AC24
A 405 310 10 0 2 0 PINTYPE=BI
P 30 400 320 350 320 0 3 0
A 355 320 10 0 3 0 #=AC23
L 345 320 10 0 8 0 1 0 IO_L14P_T2_SRCC_12_AC23
A 405 320 10 0 2 0 PINTYPE=BI
P 31 400 330 350 330 0 3 0
A 355 330 10 0 3 0 #=AA22
L 345 330 10 0 8 0 1 0 IO_L13N_T2_MRCC_12_AA22
A 405 330 10 0 2 0 PINTYPE=BI
P 32 400 340 350 340 0 3 0
A 355 340 10 0 3 0 #=Y22
L 345 340 10 0 8 0 1 0 IO_L13P_T2_MRCC_12_Y22
A 405 340 10 0 2 0 PINTYPE=BI
P 33 400 350 350 350 0 3 0
A 355 350 10 0 3 0 #=AA24
L 345 350 10 0 8 0 1 0 IO_L12N_T1_MRCC_12_AA24
A 405 350 10 0 2 0 PINTYPE=BI
P 34 400 360 350 360 0 3 0
A 355 360 10 0 3 0 #=Y23
L 345 360 10 0 8 0 1 0 IO_L12P_T1_MRCC_12_Y23
A 405 360 10 0 2 0 PINTYPE=BI
P 35 400 370 350 370 0 3 0
A 355 370 10 0 3 0 #=AB24
L 345 370 10 0 8 0 1 0 IO_L11N_T1_SRCC_12_AB24
A 405 370 10 0 2 0 PINTYPE=BI
P 36 400 380 350 380 0 3 0
A 355 380 10 0 3 0 #=AA23
L 345 380 10 0 8 0 1 0 IO_L11P_T1_SRCC_12_AA23
A 405 380 10 0 2 0 PINTYPE=BI
P 37 400 390 350 390 0 3 0
A 355 390 10 0 3 0 #=Y26
L 345 390 10 0 8 0 1 0 IO_L10N_T1_12_Y26
A 405 390 10 0 2 0 PINTYPE=BI
P 38 400 400 350 400 0 3 0
A 355 400 10 0 3 0 #=Y25
L 345 400 10 0 8 0 1 0 IO_L10P_T1_12_Y25
A 405 400 10 0 2 0 PINTYPE=BI
P 39 400 410 350 410 0 3 0
A 355 410 10 0 3 0 #=AC26
L 345 410 10 0 8 0 1 0 IO_L9N_T1_DQS_12_AC26
A 405 410 10 0 2 0 PINTYPE=BI
P 40 400 420 350 420 0 3 0
A 355 420 10 0 3 0 #=AB26
L 345 420 10 0 8 0 1 0 IO_L9P_T1_DQS_12_AB26
A 405 420 10 0 2 0 PINTYPE=BI
P 41 400 430 350 430 0 3 0
A 355 430 10 0 3 0 #=W24
L 345 430 10 0 8 0 1 0 IO_L8N_T1_12_W24
A 405 430 10 0 2 0 PINTYPE=BI
P 42 400 440 350 440 0 3 0
A 355 440 10 0 3 0 #=W23
L 345 440 10 0 8 0 1 0 IO_L8P_T1_12_W23
A 405 440 10 0 2 0 PINTYPE=BI
P 43 400 450 350 450 0 3 0
A 355 450 10 0 3 0 #=AB25
L 345 450 10 0 8 0 1 0 IO_L7N_T1_12_AB25
A 405 450 10 0 2 0 PINTYPE=BI
P 44 400 460 350 460 0 3 0
A 355 460 10 0 3 0 #=AA25
L 345 460 10 0 8 0 1 0 IO_L7P_T1_12_AA25
A 405 460 10 0 2 0 PINTYPE=BI
P 45 400 470 350 470 0 3 0
A 355 470 10 0 3 0 #=W21
L 345 470 10 0 8 0 1 0 IO_L6N_T0_VREF_12_W21
A 405 470 10 0 2 0 PINTYPE=BI
P 46 400 480 350 480 0 3 0
A 355 480 10 0 3 0 #=V21
L 345 480 10 0 8 0 1 0 IO_L6P_T0_12_V21
A 405 480 10 0 2 0 PINTYPE=BI
P 47 400 490 350 490 0 3 0
A 355 490 10 0 3 0 #=W26
L 345 490 10 0 8 0 1 0 IO_L5N_T0_12_W26
A 405 490 10 0 2 0 PINTYPE=BI
P 48 400 500 350 500 0 3 0
A 355 500 10 0 3 0 #=W25
L 345 500 10 0 8 0 1 0 IO_L5P_T0_12_W25
A 405 500 10 0 2 0 PINTYPE=BI
P 49 400 510 350 510 0 3 0
A 355 510 10 0 3 0 #=V26
L 345 510 10 0 8 0 1 0 IO_L4N_T0_12_V26
A 405 510 10 0 2 0 PINTYPE=BI
P 50 400 520 350 520 0 3 0
A 355 520 10 0 3 0 #=U26
L 345 520 10 0 8 0 1 0 IO_L4P_T0_12_U26
A 405 520 10 0 2 0 PINTYPE=BI
P 51 400 530 350 530 0 3 0
A 355 530 10 0 3 0 #=V24
L 345 530 10 0 8 0 1 0 IO_L3N_T0_DQS_12_V24
A 405 530 10 0 2 0 PINTYPE=BI
P 52 400 540 350 540 0 3 0
A 355 540 10 0 3 0 #=V23
L 345 540 10 0 8 0 1 0 IO_L3P_T0_DQS_12_V23
A 405 540 10 0 2 0 PINTYPE=BI
P 53 400 550 350 550 0 3 0
A 355 550 10 0 3 0 #=U25
L 345 550 10 0 8 0 1 0 IO_L2N_T0_12_U25
A 405 550 10 0 2 0 PINTYPE=BI
P 54 400 560 350 560 0 3 0
A 355 560 10 0 3 0 #=U24
L 345 560 10 0 8 0 1 0 IO_L2P_T0_12_U24
A 405 560 10 0 2 0 PINTYPE=BI
P 55 400 570 350 570 0 3 0
A 355 570 10 0 3 0 #=V22
L 345 570 10 0 8 0 1 0 IO_L1N_T0_12_V22
A 405 570 10 0 2 0 PINTYPE=BI
P 56 400 580 350 580 0 3 0
A 355 580 10 0 3 0 #=U22
L 345 580 10 0 8 0 1 0 IO_L1P_T0_12_U22
A 405 580 10 0 2 0 PINTYPE=BI
P 57 400 590 350 590 0 3 0
A 355 590 10 0 3 0 #=U21
L 345 590 10 0 8 0 1 0 IO_0_12_U21
A 405 590 10 0 2 0 PINTYPE=BI
T 220 610 20 0 5 XC7K410TFFG676
T 220 630 20 0 5 BANK 12
c 70 720 10
U 50 750 10 0 3 3 DEVICE=XXXXXX
U 50 30 16 0 3 3 REFDES=U?
U 250 30 10 0 3 3 PKG_TYPE=XXXXXX
U 0 0 10 0 3 0 HETERO=xc7k410tffg676_0,xc7k410tffg676_12,xc7k410tffg676_13,xc7k410tffg676_14,xc7k410tffg676_15,xc7k410tffg676_16,xc7k410tffg676_32,xc7k410tffg676_33,xc7k410tffg676_34,xc7k410tffg676_115,xc7k410tffg676_116,xc7k410tffg676_VCCBRAM,xc7k410tffg676_MGTAVCC,xc7k410tffg676_MGTAVTT,xc7k410tffg676_MGTVCCAUX,xc7k410tffg676_GND,xc7k410tffg676_VCCINT,xc7k410tffg676_VCCAUX,xc7k410tffg676_VCCAUX_IO_G0
U 0 -10 10 0 3 0 PARTS=1
U 0 -20 10 0 3 0 LEVEL=STD
U 0 -30 10 0 3 0 DATE=2011_02_04
E
