V 50
K 153165148200 xc7k480tffg901
Y 1
D 0 0 400 310
Z 10
i 946
b 50 50 350 260
P 1 400 100 350 100 0 3 0
A 355 100 10 0 3 0 #=AE11
L 345 100 10 0 8 0 1 0 MGTXRXN3_111_AE11
A 405 100 10 0 2 0 PINTYPE=BI
P 2 400 110 350 110 0 3 0
A 355 110 10 0 3 0 #=AE12
L 345 110 10 0 8 0 1 0 MGTXRXP3_111_AE12
A 405 110 10 0 2 0 PINTYPE=BI
P 3 400 120 350 120 0 3 0
A 355 120 10 0 3 0 #=AF10
L 345 120 10 0 8 0 1 0 MGTXRXP2_111_AF10
A 405 120 10 0 2 0 PINTYPE=BI
P 4 400 130 350 130 0 3 0
A 355 130 10 0 3 0 #=AG11
L 345 130 10 0 8 0 1 0 MGTXRXN1_111_AG11
A 405 130 10 0 2 0 PINTYPE=BI
P 5 400 140 350 140 0 3 0
A 355 140 10 0 3 0 #=AG12
L 345 140 10 0 8 0 1 0 MGTXRXP1_111_AG12
A 405 140 10 0 2 0 PINTYPE=BI
P 6 400 150 350 150 0 3 0
A 355 150 10 0 3 0 #=AK10
L 345 150 10 0 8 0 1 0 MGTXTXP1_111_AK10
A 405 150 10 0 2 0 PINTYPE=BI
P 7 400 160 350 160 0 3 0
A 355 160 10 0 3 0 #=AH10
L 345 160 10 0 8 0 1 0 MGTXRXP0_111_AH10
A 405 160 10 0 2 0 PINTYPE=BI
P 8 400 170 350 170 0 3 0
A 355 170 10 0 3 0 #=AJ11
L 345 170 10 0 8 0 1 0 MGTXTXN0_111_AJ11
A 405 170 10 0 2 0 PINTYPE=BI
P 9 400 180 350 180 0 3 0
A 355 180 10 0 3 0 #=AJ12
L 345 180 10 0 8 0 1 0 MGTXTXP0_111_AJ12
A 405 180 10 0 2 0 PINTYPE=BI
T 220 200 20 0 5 XC7K480TFFG901
T 220 220 20 0 5 BANK 111_H
c 70 240 10
U 50 270 10 0 3 3 DEVICE=XXXXXX
U 50 30 16 0 3 3 REFDES=U?
U 250 30 10 0 3 3 PKG_TYPE=XXXXXX
U 0 0 10 0 3 0 HETERO=xc7k480tffg901_0_H,xc7k480tffg901_11_H,xc7k480tffg901_12_H,xc7k480tffg901_13_H,xc7k480tffg901_14_H,xc7k480tffg901_15_H,xc7k480tffg901_16_H,xc7k480tffg901_17_H,xc7k480tffg901_18_H,xc7k480tffg901_111_H,xc7k480tffg901_117_H,xc7k480tffg901_MGTAVCC_G11_H,xc7k480tffg901_MGTAVCC_G10_H,xc7k480tffg901_GND_H,xc7k480tffg901_VCCINT_H,xc7k480tffg901_VCCAUX_H,xc7k480tffg901_VCCBRAM_H
U 0 -10 10 0 3 0 PARTS=1
U 0 -20 10 0 3 0 LEVEL=STD
U 0 -30 10 0 3 0 DATE=2011_05_05
E
