V 50
K 153165148200 xc7k480tffg901
Y 1
D 0 0 400 420
Z 10
i 946
b 50 50 350 370
P 1 400 100 350 100 0 3 0
A 355 100 10 0 3 0 #=AF5
L 345 100 10 0 8 0 1 0 MGTREFCLK1N_112_AF5
A 405 100 10 0 2 0 PINTYPE=BI
P 2 400 110 350 110 0 3 0
A 355 110 10 0 3 0 #=AF6
L 345 110 10 0 8 0 1 0 MGTREFCLK1P_112_AF6
A 405 110 10 0 2 0 PINTYPE=BI
P 3 400 120 350 120 0 3 0
A 355 120 10 0 3 0 #=AD5
L 345 120 10 0 8 0 1 0 MGTREFCLK0N_112_AD5
A 405 120 10 0 2 0 PINTYPE=BI
P 4 400 130 350 130 0 3 0
A 355 130 10 0 3 0 #=AD6
L 345 130 10 0 8 0 1 0 MGTREFCLK0P_112_AD6
A 405 130 10 0 2 0 PINTYPE=BI
P 5 400 140 350 140 0 3 0
A 355 140 10 0 3 0 #=AC3
L 345 140 10 0 8 0 1 0 MGTXRXN3_112_AC3
A 405 140 10 0 2 0 PINTYPE=BI
P 6 400 150 350 150 0 3 0
A 355 150 10 0 3 0 #=AC4
L 345 150 10 0 8 0 1 0 MGTXRXP3_112_AC4
A 405 150 10 0 2 0 PINTYPE=BI
P 7 400 160 350 160 0 3 0
A 355 160 10 0 3 0 #=AH1
L 345 160 10 0 8 0 1 0 MGTXTXN3_112_AH1
A 405 160 10 0 2 0 PINTYPE=BI
P 8 400 170 350 170 0 3 0
A 355 170 10 0 3 0 #=AH2
L 345 170 10 0 8 0 1 0 MGTXTXP3_112_AH2
A 405 170 10 0 2 0 PINTYPE=BI
P 9 400 180 350 180 0 3 0
A 355 180 10 0 3 0 #=AE3
L 345 180 10 0 8 0 1 0 MGTXRXN2_112_AE3
A 405 180 10 0 2 0 PINTYPE=BI
P 10 400 190 350 190 0 3 0
A 355 190 10 0 3 0 #=AE4
L 345 190 10 0 8 0 1 0 MGTXRXP2_112_AE4
A 405 190 10 0 2 0 PINTYPE=BI
P 11 400 200 350 200 0 3 0
A 355 200 10 0 3 0 #=AK1
L 345 200 10 0 8 0 1 0 MGTXTXN2_112_AK1
A 405 200 10 0 2 0 PINTYPE=BI
P 12 400 210 350 210 0 3 0
A 355 210 10 0 3 0 #=AK2
L 345 210 10 0 8 0 1 0 MGTXTXP2_112_AK2
A 405 210 10 0 2 0 PINTYPE=BI
P 13 400 220 350 220 0 3 0
A 355 220 10 0 3 0 #=AG3
L 345 220 10 0 8 0 1 0 MGTXRXN1_112_AG3
A 405 220 10 0 2 0 PINTYPE=BI
P 14 400 230 350 230 0 3 0
A 355 230 10 0 3 0 #=AG4
L 345 230 10 0 8 0 1 0 MGTXRXP1_112_AG4
A 405 230 10 0 2 0 PINTYPE=BI
P 15 400 240 350 240 0 3 0
A 355 240 10 0 3 0 #=AJ3
L 345 240 10 0 8 0 1 0 MGTXTXN1_112_AJ3
A 405 240 10 0 2 0 PINTYPE=BI
P 16 400 250 350 250 0 3 0
A 355 250 10 0 3 0 #=AJ4
L 345 250 10 0 8 0 1 0 MGTXTXP1_112_AJ4
A 405 250 10 0 2 0 PINTYPE=BI
P 17 400 260 350 260 0 3 0
A 355 260 10 0 3 0 #=AH5
L 345 260 10 0 8 0 1 0 MGTXRXN0_112_AH5
A 405 260 10 0 2 0 PINTYPE=BI
P 18 400 270 350 270 0 3 0
A 355 270 10 0 3 0 #=AH6
L 345 270 10 0 8 0 1 0 MGTXRXP0_112_AH6
A 405 270 10 0 2 0 PINTYPE=BI
P 19 400 280 350 280 0 3 0
A 355 280 10 0 3 0 #=AK5
L 345 280 10 0 8 0 1 0 MGTXTXN0_112_AK5
A 405 280 10 0 2 0 PINTYPE=BI
P 20 400 290 350 290 0 3 0
A 355 290 10 0 3 0 #=AK6
L 345 290 10 0 8 0 1 0 MGTXTXP0_112_AK6
A 405 290 10 0 2 0 PINTYPE=BI
T 220 310 20 0 5 XC7K480TFFG901
T 220 330 20 0 5 BANK 112
c 70 350 10
U 50 380 10 0 3 3 DEVICE=XXXXXX
U 50 30 16 0 3 3 REFDES=U?
U 250 30 10 0 3 3 PKG_TYPE=XXXXXX
U 0 0 10 0 3 0 HETERO=xc7k480tffg901_0,xc7k480tffg901_11,xc7k480tffg901_12,xc7k480tffg901_13,xc7k480tffg901_14,xc7k480tffg901_15,xc7k480tffg901_16,xc7k480tffg901_17,xc7k480tffg901_18,xc7k480tffg901_111,xc7k480tffg901_112,xc7k480tffg901_113,xc7k480tffg901_114,xc7k480tffg901_115,xc7k480tffg901_116,xc7k480tffg901_117,xc7k480tffg901_MGTAVCC_G11,xc7k480tffg901_MGTAVCC_G10,xc7k480tffg901_MGTVCCAUX_G11,xc7k480tffg901_MGTVCCAUX_G10,xc7k480tffg901_MGTAVTT_G11,xc7k480tffg901_MGTAVTT_G10,xc7k480tffg901_GND,xc7k480tffg901_VCCINT,xc7k480tffg901_VCCAUX,xc7k480tffg901_VCCBRAM
U 0 -10 10 0 3 0 PARTS=1
U 0 -20 10 0 3 0 LEVEL=STD
U 0 -30 10 0 3 0 DATE=2011_05_05
E
