V 50
K 153165148200 xc7k410tffg900
Y 1
D 0 0 400 420
Z 10
i 946
b 50 50 350 370
P 1 400 100 350 100 0 3 0
A 355 100 10 0 3 0 #=M11
L 345 100 10 0 8 0 1 0 VCCINT_M11
A 405 100 10 0 2 0 PINTYPE=BI
P 2 400 110 350 110 0 3 0
A 355 110 10 0 3 0 #=M13
L 345 110 10 0 8 0 1 0 VCCINT_M13
A 405 110 10 0 2 0 PINTYPE=BI
P 3 400 120 350 120 0 3 0
A 355 120 10 0 3 0 #=M15
L 345 120 10 0 8 0 1 0 VCCINT_M15
A 405 120 10 0 2 0 PINTYPE=BI
P 4 400 130 350 130 0 3 0
A 355 130 10 0 3 0 #=M17
L 345 130 10 0 8 0 1 0 VCCINT_M17
A 405 130 10 0 2 0 PINTYPE=BI
P 5 400 140 350 140 0 3 0
A 355 140 10 0 3 0 #=N10
L 345 140 10 0 8 0 1 0 VCCINT_N10
A 405 140 10 0 2 0 PINTYPE=BI
P 6 400 150 350 150 0 3 0
A 355 150 10 0 3 0 #=N12
L 345 150 10 0 8 0 1 0 VCCINT_N12
A 405 150 10 0 2 0 PINTYPE=BI
P 7 400 160 350 160 0 3 0
A 355 160 10 0 3 0 #=N14
L 345 160 10 0 8 0 1 0 VCCINT_N14
A 405 160 10 0 2 0 PINTYPE=BI
P 8 400 170 350 170 0 3 0
A 355 170 10 0 3 0 #=N18
L 345 170 10 0 8 0 1 0 VCCINT_N18
A 405 170 10 0 2 0 PINTYPE=BI
P 9 400 180 350 180 0 3 0
A 355 180 10 0 3 0 #=P11
L 345 180 10 0 8 0 1 0 VCCINT_P11
A 405 180 10 0 2 0 PINTYPE=BI
P 10 400 190 350 190 0 3 0
A 355 190 10 0 3 0 #=P17
L 345 190 10 0 8 0 1 0 VCCINT_P17
A 405 190 10 0 2 0 PINTYPE=BI
P 11 400 200 350 200 0 3 0
A 355 200 10 0 3 0 #=R10
L 345 200 10 0 8 0 1 0 VCCINT_R10
A 405 200 10 0 2 0 PINTYPE=BI
P 12 400 210 350 210 0 3 0
A 355 210 10 0 3 0 #=R12
L 345 210 10 0 8 0 1 0 VCCINT_R12
A 405 210 10 0 2 0 PINTYPE=BI
P 13 400 220 350 220 0 3 0
A 355 220 10 0 3 0 #=R18
L 345 220 10 0 8 0 1 0 VCCINT_R18
A 405 220 10 0 2 0 PINTYPE=BI
P 14 400 230 350 230 0 3 0
A 355 230 10 0 3 0 #=T11
L 345 230 10 0 8 0 1 0 VCCINT_T11
A 405 230 10 0 2 0 PINTYPE=BI
P 15 400 240 350 240 0 3 0
A 355 240 10 0 3 0 #=T17
L 345 240 10 0 8 0 1 0 VCCINT_T17
A 405 240 10 0 2 0 PINTYPE=BI
P 16 400 250 350 250 0 3 0
A 355 250 10 0 3 0 #=U10
L 345 250 10 0 8 0 1 0 VCCINT_U10
A 405 250 10 0 2 0 PINTYPE=BI
P 17 400 260 350 260 0 3 0
A 355 260 10 0 3 0 #=U12
L 345 260 10 0 8 0 1 0 VCCINT_U12
A 405 260 10 0 2 0 PINTYPE=BI
P 18 400 270 350 270 0 3 0
A 355 270 10 0 3 0 #=U18
L 345 270 10 0 8 0 1 0 VCCINT_U18
A 405 270 10 0 2 0 PINTYPE=BI
P 19 400 280 350 280 0 3 0
A 355 280 10 0 3 0 #=V17
L 345 280 10 0 8 0 1 0 VCCINT_V17
A 405 280 10 0 2 0 PINTYPE=BI
P 20 400 290 350 290 0 3 0
A 355 290 10 0 3 0 #=W18
L 345 290 10 0 8 0 1 0 VCCINT_W18
A 405 290 10 0 2 0 PINTYPE=BI
T 220 310 20 0 5 XC7K410TFFG900
T 220 330 20 0 5 BANK VCCINT
c 70 350 10
U 50 380 10 0 3 3 DEVICE=XXXXXX
U 50 30 16 0 3 3 REFDES=U?
U 250 30 10 0 3 3 PKG_TYPE=XXXXXX
U 0 0 10 0 3 0 HETERO=xc7k410tffg900_115,xc7k410tffg900_116,xc7k410tffg900_117,xc7k410tffg900_118,xc7k410tffg900_32,xc7k410tffg900_33,xc7k410tffg900_34,xc7k410tffg900_12,xc7k410tffg900_13,xc7k410tffg900_14,xc7k410tffg900_15,xc7k410tffg900_16,xc7k410tffg900_17,xc7k410tffg900_18,xc7k410tffg900_0,xc7k410tffg900_MGTAVCC,xc7k410tffg900_MGTVCCAUX,xc7k410tffg900_MGTAVTT,xc7k410tffg900_VCCBRAM,xc7k410tffg900_GND,xc7k410tffg900_VCCINT,xc7k410tffg900_VCCAUX,xc7k410tffg900_VCCAUX_IO_G0
U 0 -10 10 0 3 0 PARTS=1
U 0 -20 10 0 3 0 LEVEL=STD
U 0 -30 10 0 3 0 DATE=2010_12_02
E
