V 50
K 153165148200 xc7vx1140tflg1928
Y 1
D 0 0 400 560
Z 10
i 946
b 50 50 350 510
P 1 0 100 50 100 0 2 0
A 45 100 10 0 9 0 #=L27
L 55 100 10 0 2 0 1 0 VCCO_16_L27
A 10 100 10 0 2 0 PINTYPE=BI
P 2 0 110 50 110 0 2 0
A 45 110 10 0 9 0 #=H26
L 55 110 10 0 2 0 1 0 VCCO_16_H26
A 10 110 10 0 2 0 PINTYPE=BI
P 3 0 120 50 120 0 2 0
A 45 120 10 0 9 0 #=E25
L 55 120 10 0 2 0 1 0 VCCO_16_E25
A 10 120 10 0 2 0 PINTYPE=BI
P 4 0 130 50 130 0 2 0
A 45 130 10 0 9 0 #=A27
L 55 130 10 0 2 0 1 0 VCCO_16_A27
A 10 130 10 0 2 0 PINTYPE=BI
P 5 400 100 350 100 0 3 0
A 355 100 10 0 3 0 #=L26
L 345 100 10 0 8 0 1 0 IO_25_VRP_16_L26
A 405 100 10 0 2 0 PINTYPE=BI
P 6 400 110 350 110 0 3 0
A 355 110 10 0 3 0 #=C28
L 345 110 10 0 8 0 1 0 IO_L19N_T3_VREF_16_C28
A 405 110 10 0 2 0 PINTYPE=BI
P 7 400 120 350 120 0 3 0
A 355 120 10 0 3 0 #=C27
L 345 120 10 0 8 0 1 0 IO_L19P_T3_16_C27
A 405 120 10 0 2 0 PINTYPE=BI
P 8 400 130 350 130 0 3 0
A 355 130 10 0 3 0 #=B25
L 345 130 10 0 8 0 1 0 IO_L18N_T2_16_B25
A 405 130 10 0 2 0 PINTYPE=BI
P 9 400 140 350 140 0 3 0
A 355 140 10 0 3 0 #=C25
L 345 140 10 0 8 0 1 0 IO_L18P_T2_16_C25
A 405 140 10 0 2 0 PINTYPE=BI
P 10 400 150 350 150 0 3 0
A 355 150 10 0 3 0 #=B27
L 345 150 10 0 8 0 1 0 IO_L17N_T2_16_B27
A 405 150 10 0 2 0 PINTYPE=BI
P 11 400 160 350 160 0 3 0
A 355 160 10 0 3 0 #=B26
L 345 160 10 0 8 0 1 0 IO_L17P_T2_16_B26
A 405 160 10 0 2 0 PINTYPE=BI
P 12 400 170 350 170 0 3 0
A 355 170 10 0 3 0 #=A26
L 345 170 10 0 8 0 1 0 IO_L16N_T2_16_A26
A 405 170 10 0 2 0 PINTYPE=BI
P 13 400 180 350 180 0 3 0
A 355 180 10 0 3 0 #=A25
L 345 180 10 0 8 0 1 0 IO_L16P_T2_16_A25
A 405 180 10 0 2 0 PINTYPE=BI
P 14 400 190 350 190 0 3 0
A 355 190 10 0 3 0 #=A28
L 345 190 10 0 8 0 1 0 IO_L15N_T2_DQS_16_A28
A 405 190 10 0 2 0 PINTYPE=BI
P 15 400 200 350 200 0 3 0
A 355 200 10 0 3 0 #=B28
L 345 200 10 0 8 0 1 0 IO_L15P_T2_DQS_16_B28
A 405 200 10 0 2 0 PINTYPE=BI
P 16 400 210 350 210 0 3 0
A 355 210 10 0 3 0 #=E26
L 345 210 10 0 8 0 1 0 IO_L14N_T2_SRCC_16_E26
A 405 210 10 0 2 0 PINTYPE=BI
P 17 400 220 350 220 0 3 0
A 355 220 10 0 3 0 #=F26
L 345 220 10 0 8 0 1 0 IO_L14P_T2_SRCC_16_F26
A 405 220 10 0 2 0 PINTYPE=BI
P 18 400 230 350 230 0 3 0
A 355 230 10 0 3 0 #=D26
L 345 230 10 0 8 0 1 0 IO_L13N_T2_MRCC_16_D26
A 405 230 10 0 2 0 PINTYPE=BI
P 19 400 240 350 240 0 3 0
A 355 240 10 0 3 0 #=D25
L 345 240 10 0 8 0 1 0 IO_L13P_T2_MRCC_16_D25
A 405 240 10 0 2 0 PINTYPE=BI
P 20 400 250 350 250 0 3 0
A 355 250 10 0 3 0 #=E28
L 345 250 10 0 8 0 1 0 IO_L12N_T1_MRCC_16_E28
A 405 250 10 0 2 0 PINTYPE=BI
P 21 400 260 350 260 0 3 0
A 355 260 10 0 3 0 #=F28
L 345 260 10 0 8 0 1 0 IO_L12P_T1_MRCC_16_F28
A 405 260 10 0 2 0 PINTYPE=BI
P 22 400 270 350 270 0 3 0
A 355 270 10 0 3 0 #=D27
L 345 270 10 0 8 0 1 0 IO_L11N_T1_SRCC_16_D27
A 405 270 10 0 2 0 PINTYPE=BI
P 23 400 280 350 280 0 3 0
A 355 280 10 0 3 0 #=E27
L 345 280 10 0 8 0 1 0 IO_L11P_T1_SRCC_16_E27
A 405 280 10 0 2 0 PINTYPE=BI
P 24 400 290 350 290 0 3 0
A 355 290 10 0 3 0 #=H27
L 345 290 10 0 8 0 1 0 IO_L10N_T1_16_H27
A 405 290 10 0 2 0 PINTYPE=BI
P 25 400 300 350 300 0 3 0
A 355 300 10 0 3 0 #=J27
L 345 300 10 0 8 0 1 0 IO_L10P_T1_16_J27
A 405 300 10 0 2 0 PINTYPE=BI
P 26 400 310 350 310 0 3 0
A 355 310 10 0 3 0 #=J26
L 345 310 10 0 8 0 1 0 IO_L9N_T1_DQS_16_J26
A 405 310 10 0 2 0 PINTYPE=BI
P 27 400 320 350 320 0 3 0
A 355 320 10 0 3 0 #=K26
L 345 320 10 0 8 0 1 0 IO_L9P_T1_DQS_16_K26
A 405 320 10 0 2 0 PINTYPE=BI
P 28 400 330 350 330 0 3 0
A 355 330 10 0 3 0 #=K28
L 345 330 10 0 8 0 1 0 IO_L8N_T1_16_K28
A 405 330 10 0 2 0 PINTYPE=BI
P 29 400 340 350 340 0 3 0
A 355 340 10 0 3 0 #=K27
L 345 340 10 0 8 0 1 0 IO_L8P_T1_16_K27
A 405 340 10 0 2 0 PINTYPE=BI
P 30 400 350 350 350 0 3 0
A 355 350 10 0 3 0 #=G27
L 345 350 10 0 8 0 1 0 IO_L7N_T1_16_G27
A 405 350 10 0 2 0 PINTYPE=BI
P 31 400 360 350 360 0 3 0
A 355 360 10 0 3 0 #=G26
L 345 360 10 0 8 0 1 0 IO_L7P_T1_16_G26
A 405 360 10 0 2 0 PINTYPE=BI
P 32 400 370 350 370 0 3 0
A 355 370 10 0 3 0 #=G28
L 345 370 10 0 8 0 1 0 IO_L6N_T0_VREF_16_G28
A 405 370 10 0 2 0 PINTYPE=BI
P 33 400 380 350 380 0 3 0
A 355 380 10 0 3 0 #=H28
L 345 380 10 0 8 0 1 0 IO_L6P_T0_16_H28
A 405 380 10 0 2 0 PINTYPE=BI
P 34 400 390 350 390 0 3 0
A 355 390 10 0 3 0 #=L28
L 345 390 10 0 8 0 1 0 IO_0_VRN_16_L28
A 405 390 10 0 2 0 PINTYPE=BI
T 220 410 20 0 5 XC7VX1140TFLG1928
T 220 430 20 0 5 BANK 16_H
c 70 490 10
U 50 520 10 0 3 3 DEVICE=XXXXXX
U 50 30 16 0 3 3 REFDES=U?
U 250 30 10 0 3 3 PKG_TYPE=XXXXXX
U 0 0 10 0 3 0 HETERO=xc7vx1140tflg1928_0_H,xc7vx1140tflg1928_13_H,xc7vx1140tflg1928_14_H,xc7vx1140tflg1928_15_H,xc7vx1140tflg1928_16_H,xc7vx1140tflg1928_33_H,xc7vx1140tflg1928_34_H,xc7vx1140tflg1928_35_H,xc7vx1140tflg1928_36_H,xc7vx1140tflg1928_37_H,xc7vx1140tflg1928_38_H,xc7vx1140tflg1928_GND_H
U 0 -10 10 0 3 0 PARTS=1
U 0 -20 10 0 3 0 LEVEL=STD
U 0 -30 10 0 3 0 DATE=2011_11_09
E
