V 50
K 153165148200 xc7vx980tffg1926
Y 1
D 0 0 400 450
Z 10
i 946
b 50 50 350 400
P 1 0 100 50 100 0 2 0
A 45 100 10 0 9 0 #=E35
L 55 100 10 0 2 0 1 0 VCCO_17_E35
A 10 100 10 0 2 0 PINTYPE=BI
P 2 0 110 50 110 0 2 0
A 45 110 10 0 9 0 #=B34
L 55 110 10 0 2 0 1 0 VCCO_17_B34
A 10 110 10 0 2 0 PINTYPE=BI
P 3 0 120 50 120 0 2 0
A 45 120 10 0 9 0 #=A37
L 55 120 10 0 2 0 1 0 VCCO_17_A37
A 10 120 10 0 2 0 PINTYPE=BI
P 4 400 100 350 100 0 3 0
A 355 100 10 0 3 0 #=H35
L 345 100 10 0 8 0 1 0 IO_25_VRP_17_H35
A 405 100 10 0 2 0 PINTYPE=BI
P 5 400 110 350 110 0 3 0
A 355 110 10 0 3 0 #=F35
L 345 110 10 0 8 0 1 0 IO_L19N_T3_VREF_17_F35
A 405 110 10 0 2 0 PINTYPE=BI
P 6 400 120 350 120 0 3 0
A 355 120 10 0 3 0 #=G35
L 345 120 10 0 8 0 1 0 IO_L19P_T3_17_G35
A 405 120 10 0 2 0 PINTYPE=BI
P 7 400 130 350 130 0 3 0
A 355 130 10 0 3 0 #=B35
L 345 130 10 0 8 0 1 0 IO_L18P_T2_17_B35
A 405 130 10 0 2 0 PINTYPE=BI
P 8 400 140 350 140 0 3 0
A 355 140 10 0 3 0 #=B37
L 345 140 10 0 8 0 1 0 IO_L17N_T2_17_B37
A 405 140 10 0 2 0 PINTYPE=BI
P 9 400 150 350 150 0 3 0
A 355 150 10 0 3 0 #=B36
L 345 150 10 0 8 0 1 0 IO_L17P_T2_17_B36
A 405 150 10 0 2 0 PINTYPE=BI
P 10 400 160 350 160 0 3 0
A 355 160 10 0 3 0 #=A34
L 345 160 10 0 8 0 1 0 IO_L16N_T2_17_A34
A 405 160 10 0 2 0 PINTYPE=BI
P 11 400 170 350 170 0 3 0
A 355 170 10 0 3 0 #=A33
L 345 170 10 0 8 0 1 0 IO_L16P_T2_17_A33
A 405 170 10 0 2 0 PINTYPE=BI
P 12 400 180 350 180 0 3 0
A 355 180 10 0 3 0 #=A36
L 345 180 10 0 8 0 1 0 IO_L15N_T2_DQS_17_A36
A 405 180 10 0 2 0 PINTYPE=BI
P 13 400 190 350 190 0 3 0
A 355 190 10 0 3 0 #=A35
L 345 190 10 0 8 0 1 0 IO_L15P_T2_DQS_17_A35
A 405 190 10 0 2 0 PINTYPE=BI
P 14 400 200 350 200 0 3 0
A 355 200 10 0 3 0 #=E34
L 345 200 10 0 8 0 1 0 IO_L14N_T2_SRCC_17_E34
A 405 200 10 0 2 0 PINTYPE=BI
P 15 400 210 350 210 0 3 0
A 355 210 10 0 3 0 #=F34
L 345 210 10 0 8 0 1 0 IO_L14P_T2_SRCC_17_F34
A 405 210 10 0 2 0 PINTYPE=BI
P 16 400 220 350 220 0 3 0
A 355 220 10 0 3 0 #=D34
L 345 220 10 0 8 0 1 0 IO_L13N_T2_MRCC_17_D34
A 405 220 10 0 2 0 PINTYPE=BI
P 17 400 230 350 230 0 3 0
A 355 230 10 0 3 0 #=E33
L 345 230 10 0 8 0 1 0 IO_L13P_T2_MRCC_17_E33
A 405 230 10 0 2 0 PINTYPE=BI
P 18 400 240 350 240 0 3 0
A 355 240 10 0 3 0 #=C34
L 345 240 10 0 8 0 1 0 IO_L12N_T1_MRCC_17_C34
A 405 240 10 0 2 0 PINTYPE=BI
P 19 400 250 350 250 0 3 0
A 355 250 10 0 3 0 #=C33
L 345 250 10 0 8 0 1 0 IO_L12P_T1_MRCC_17_C33
A 405 250 10 0 2 0 PINTYPE=BI
P 20 400 260 350 260 0 3 0
A 355 260 10 0 3 0 #=C35
L 345 260 10 0 8 0 1 0 IO_L11N_T1_SRCC_17_C35
A 405 260 10 0 2 0 PINTYPE=BI
P 21 400 270 350 270 0 3 0
A 355 270 10 0 3 0 #=D35
L 345 270 10 0 8 0 1 0 IO_L11P_T1_SRCC_17_D35
A 405 270 10 0 2 0 PINTYPE=BI
P 22 400 280 350 280 0 3 0
A 355 280 10 0 3 0 #=B33
L 345 280 10 0 8 0 1 0 IO_L6N_T0_VREF_17_B33
A 405 280 10 0 2 0 PINTYPE=BI
P 23 400 290 350 290 0 3 0
A 355 290 10 0 3 0 #=F33
L 345 290 10 0 8 0 1 0 IO_0_VRN_17_F33
A 405 290 10 0 2 0 PINTYPE=BI
T 220 310 20 0 5 XC7VX980TFFG1926
T 220 330 20 0 5 BANK 17
c 70 380 10
U 50 410 10 0 3 3 DEVICE=XXXXXX
U 50 30 16 0 3 3 REFDES=U?
U 250 30 10 0 3 3 PKG_TYPE=XXXXXX
U 0 0 10 0 3 0 HETERO=xc7vx980tffg1926_0,xc7vx980tffg1926_10,xc7vx980tffg1926_11,xc7vx980tffg1926_12,xc7vx980tffg1926_13,xc7vx980tffg1926_14,xc7vx980tffg1926_15,xc7vx980tffg1926_16,xc7vx980tffg1926_17,xc7vx980tffg1926_30,xc7vx980tffg1926_31,xc7vx980tffg1926_32,xc7vx980tffg1926_33,xc7vx980tffg1926_34,xc7vx980tffg1926_35,xc7vx980tffg1926_36,xc7vx980tffg1926_111,xc7vx980tffg1926_112,xc7vx980tffg1926_113,xc7vx980tffg1926_114,xc7vx980tffg1926_115,xc7vx980tffg1926_116,xc7vx980tffg1926_117,xc7vx980tffg1926_118,xc7vx980tffg1926_211,xc7vx980tffg1926_212,xc7vx980tffg1926_213,xc7vx980tffg1926_214,xc7vx980tffg1926_215,xc7vx980tffg1926_216,xc7vx980tffg1926_217,xc7vx980tffg1926_218,xc7vx980tffg1926_MGTAVCC_G20,xc7vx980tffg1926_MGTAVCC_G21,xc7vx980tffg1926_MGTAVCC_G22,xc7vx980tffg1926_MGTAVCC_G10,xc7vx980tffg1926_MGTAVCC_G11,xc7vx980tffg1926_MGTAVCC_G12,xc7vx980tffg1926_MGTVCCAUX_G20,xc7vx980tffg1926_MGTVCCAUX_G21,xc7vx980tffg1926_MGTVCCAUX_G22,xc7vx980tffg1926_MGTVCCAUX_G10,xc7vx980tffg1926_MGTVCCAUX_G11,xc7vx980tffg1926_MGTVCCAUX_G12,xc7vx980tffg1926_MGTAVTT_G20,xc7vx980tffg1926_MGTAVTT_G21,xc7vx980tffg1926_MGTAVTT_G22,xc7vx980tffg1926_MGTAVTT_G10,xc7vx980tffg1926_MGTAVTT_G11,xc7vx980tffg1926_MGTAVTT_G12,xc7vx980tffg1926_GND1,xc7vx980tffg1926_GND2,xc7vx980tffg1926_GND3,xc7vx980tffg1926_VCCINT,xc7vx980tffg1926_VCCAUX,xc7vx980tffg1926_VCCAUX_IO_G0,xc7vx980tffg1926_VCCAUX_IO_G1,xc7vx980tffg1926_VCCAUX_IO_G2,xc7vx980tffg1926_VCCAUX_IO_G3,xc7vx980tffg1926_VCCAUX_IO_G4,xc7vx980tffg1926_VCCAUX_IO_G5,xc7vx980tffg1926_VCCBRAM,xc7vx980tffg1926_NC
U 0 -10 10 0 3 0 PARTS=1
U 0 -20 10 0 3 0 LEVEL=STD
U 0 -30 10 0 3 0 DATE=2011_09_22
E
