V 50
K 153165148200 xc7vh580thcg1155
Y 1
D 0 0 400 440
Z 10
i 946
b 50 50 350 390
P 1 400 100 350 100 0 3 0
A 355 100 10 0 3 0 #=AE34
L 345 100 10 0 8 0 1 0 MGTRREF_215_AE34
A 405 100 10 0 2 0 PINTYPE=BI
P 2 400 110 350 110 0 3 0
A 355 110 10 0 3 0 #=AE33
L 345 110 10 0 8 0 1 0 MGTAVTTRCAL_215_AE33
A 405 110 10 0 2 0 PINTYPE=BI
P 3 400 120 350 120 0 3 0
A 355 120 10 0 3 0 #=R30
L 345 120 10 0 8 0 1 0 MGTREFCLK1N_215_R30
A 405 120 10 0 2 0 PINTYPE=BI
P 4 400 130 350 130 0 3 0
A 355 130 10 0 3 0 #=R29
L 345 130 10 0 8 0 1 0 MGTREFCLK1P_215_R29
A 405 130 10 0 2 0 PINTYPE=BI
P 5 400 140 350 140 0 3 0
A 355 140 10 0 3 0 #=N30
L 345 140 10 0 8 0 1 0 MGTREFCLK0N_215_N30
A 405 140 10 0 2 0 PINTYPE=BI
P 6 400 150 350 150 0 3 0
A 355 150 10 0 3 0 #=N29
L 345 150 10 0 8 0 1 0 MGTREFCLK0P_215_N29
A 405 150 10 0 2 0 PINTYPE=BI
P 7 400 160 350 160 0 3 0
A 355 160 10 0 3 0 #=B32
L 345 160 10 0 8 0 1 0 MGTHRXN3_215_B32
A 405 160 10 0 2 0 PINTYPE=BI
P 8 400 170 350 170 0 3 0
A 355 170 10 0 3 0 #=B31
L 345 170 10 0 8 0 1 0 MGTHRXP3_215_B31
A 405 170 10 0 2 0 PINTYPE=BI
P 9 400 180 350 180 0 3 0
A 355 180 10 0 3 0 #=A34
L 345 180 10 0 8 0 1 0 MGTHTXN3_215_A34
A 405 180 10 0 2 0 PINTYPE=BI
P 10 400 190 350 190 0 3 0
A 355 190 10 0 3 0 #=A33
L 345 190 10 0 8 0 1 0 MGTHTXP3_215_A33
A 405 190 10 0 2 0 PINTYPE=BI
P 11 400 200 350 200 0 3 0
A 355 200 10 0 3 0 #=D32
L 345 200 10 0 8 0 1 0 MGTHRXN2_215_D32
A 405 200 10 0 2 0 PINTYPE=BI
P 12 400 210 350 210 0 3 0
A 355 210 10 0 3 0 #=D31
L 345 210 10 0 8 0 1 0 MGTHRXP2_215_D31
A 405 210 10 0 2 0 PINTYPE=BI
P 13 400 220 350 220 0 3 0
A 355 220 10 0 3 0 #=C34
L 345 220 10 0 8 0 1 0 MGTHTXN2_215_C34
A 405 220 10 0 2 0 PINTYPE=BI
P 14 400 230 350 230 0 3 0
A 355 230 10 0 3 0 #=C33
L 345 230 10 0 8 0 1 0 MGTHTXP2_215_C33
A 405 230 10 0 2 0 PINTYPE=BI
P 15 400 240 350 240 0 3 0
A 355 240 10 0 3 0 #=F32
L 345 240 10 0 8 0 1 0 MGTHRXN1_215_F32
A 405 240 10 0 2 0 PINTYPE=BI
P 16 400 250 350 250 0 3 0
A 355 250 10 0 3 0 #=F31
L 345 250 10 0 8 0 1 0 MGTHRXP1_215_F31
A 405 250 10 0 2 0 PINTYPE=BI
P 17 400 260 350 260 0 3 0
A 355 260 10 0 3 0 #=E34
L 345 260 10 0 8 0 1 0 MGTHTXN1_215_E34
A 405 260 10 0 2 0 PINTYPE=BI
P 18 400 270 350 270 0 3 0
A 355 270 10 0 3 0 #=E33
L 345 270 10 0 8 0 1 0 MGTHTXP1_215_E33
A 405 270 10 0 2 0 PINTYPE=BI
P 19 400 280 350 280 0 3 0
A 355 280 10 0 3 0 #=H32
L 345 280 10 0 8 0 1 0 MGTHRXN0_215_H32
A 405 280 10 0 2 0 PINTYPE=BI
P 20 400 290 350 290 0 3 0
A 355 290 10 0 3 0 #=H31
L 345 290 10 0 8 0 1 0 MGTHRXP0_215_H31
A 405 290 10 0 2 0 PINTYPE=BI
P 21 400 300 350 300 0 3 0
A 355 300 10 0 3 0 #=G34
L 345 300 10 0 8 0 1 0 MGTHTXN0_215_G34
A 405 300 10 0 2 0 PINTYPE=BI
P 22 400 310 350 310 0 3 0
A 355 310 10 0 3 0 #=G33
L 345 310 10 0 8 0 1 0 MGTHTXP0_215_G33
A 405 310 10 0 2 0 PINTYPE=BI
T 220 330 20 0 5 XC7VH580THCG1155
T 220 350 20 0 5 BANK 215
c 70 370 10
U 50 400 10 0 3 3 DEVICE=XXXXXX
U 50 30 16 0 3 3 REFDES=U?
U 250 30 10 0 3 3 PKG_TYPE=XXXXXX
U 0 0 10 0 3 0 HETERO=xc7vh580thcg1155_0,xc7vh580thcg1155_13,xc7vh580thcg1155_14,xc7vh580thcg1155_15,xc7vh580thcg1155_16,xc7vh580thcg1155_33,xc7vh580thcg1155_34,xc7vh580thcg1155_35,xc7vh580thcg1155_36,xc7vh580thcg1155_113,xc7vh580thcg1155_114,xc7vh580thcg1155_115,xc7vh580thcg1155_213,xc7vh580thcg1155_214,xc7vh580thcg1155_215,xc7vh580thcg1155_300,xc7vh580thcg1155_MGTAVCC_G10,xc7vh580thcg1155_MGTAVCC_G20,xc7vh580thcg1155_MGTVCCAUX_G10,xc7vh580thcg1155_MGTVCCAUX_G20,xc7vh580thcg1155_MGTAVTT_G10,xc7vh580thcg1155_MGTAVTT_G20,xc7vh580thcg1155_GND1,xc7vh580thcg1155_GND2,xc7vh580thcg1155_VCCINT,xc7vh580thcg1155_VCCAUX,xc7vh580thcg1155_VCCAUX_IO_G0,xc7vh580thcg1155_VCCAUX_IO_G1,xc7vh580thcg1155_VCCBRAM
U 0 -10 10 0 3 0 PARTS=1
U 0 -20 10 0 3 0 LEVEL=STD
U 0 -30 10 0 3 0 DATE=2012_01_09
E
