V 50
K 153165148200 xc7vx690tffg1157
Y 1
D 0 0 400 440
Z 10
i 946
b 50 50 350 390
P 1 400 100 350 100 0 3 0
A 355 100 10 0 3 0 #=AN7
L 345 100 10 0 8 0 1 0 MGTRREF_115_AN7
A 405 100 10 0 2 0 PINTYPE=BI
P 2 400 110 350 110 0 3 0
A 355 110 10 0 3 0 #=AP7
L 345 110 10 0 8 0 1 0 MGTAVTTRCAL_115_AP7
A 405 110 10 0 2 0 PINTYPE=BI
P 3 400 120 350 120 0 3 0
A 355 120 10 0 3 0 #=AD5
L 345 120 10 0 8 0 1 0 MGTREFCLK1N_115_AD5
A 405 120 10 0 2 0 PINTYPE=BI
P 4 400 130 350 130 0 3 0
A 355 130 10 0 3 0 #=AD6
L 345 130 10 0 8 0 1 0 MGTREFCLK1P_115_AD6
A 405 130 10 0 2 0 PINTYPE=BI
P 5 400 140 350 140 0 3 0
A 355 140 10 0 3 0 #=AB5
L 345 140 10 0 8 0 1 0 MGTREFCLK0N_115_AB5
A 405 140 10 0 2 0 PINTYPE=BI
P 6 400 150 350 150 0 3 0
A 355 150 10 0 3 0 #=AB6
L 345 150 10 0 8 0 1 0 MGTREFCLK0P_115_AB6
A 405 150 10 0 2 0 PINTYPE=BI
P 7 400 160 350 160 0 3 0
A 355 160 10 0 3 0 #=AC3
L 345 160 10 0 8 0 1 0 MGTHRXN3_115_AC3
A 405 160 10 0 2 0 PINTYPE=BI
P 8 400 170 350 170 0 3 0
A 355 170 10 0 3 0 #=AC4
L 345 170 10 0 8 0 1 0 MGTHRXP3_115_AC4
A 405 170 10 0 2 0 PINTYPE=BI
P 9 400 180 350 180 0 3 0
A 355 180 10 0 3 0 #=AB1
L 345 180 10 0 8 0 1 0 MGTHTXN3_115_AB1
A 405 180 10 0 2 0 PINTYPE=BI
P 10 400 190 350 190 0 3 0
A 355 190 10 0 3 0 #=AB2
L 345 190 10 0 8 0 1 0 MGTHTXP3_115_AB2
A 405 190 10 0 2 0 PINTYPE=BI
P 11 400 200 350 200 0 3 0
A 355 200 10 0 3 0 #=AE3
L 345 200 10 0 8 0 1 0 MGTHRXN2_115_AE3
A 405 200 10 0 2 0 PINTYPE=BI
P 12 400 210 350 210 0 3 0
A 355 210 10 0 3 0 #=AE4
L 345 210 10 0 8 0 1 0 MGTHRXP2_115_AE4
A 405 210 10 0 2 0 PINTYPE=BI
P 13 400 220 350 220 0 3 0
A 355 220 10 0 3 0 #=AD1
L 345 220 10 0 8 0 1 0 MGTHTXN2_115_AD1
A 405 220 10 0 2 0 PINTYPE=BI
P 14 400 230 350 230 0 3 0
A 355 230 10 0 3 0 #=AD2
L 345 230 10 0 8 0 1 0 MGTHTXP2_115_AD2
A 405 230 10 0 2 0 PINTYPE=BI
P 15 400 240 350 240 0 3 0
A 355 240 10 0 3 0 #=AF5
L 345 240 10 0 8 0 1 0 MGTHRXN1_115_AF5
A 405 240 10 0 2 0 PINTYPE=BI
P 16 400 250 350 250 0 3 0
A 355 250 10 0 3 0 #=AF6
L 345 250 10 0 8 0 1 0 MGTHRXP1_115_AF6
A 405 250 10 0 2 0 PINTYPE=BI
P 17 400 260 350 260 0 3 0
A 355 260 10 0 3 0 #=AF1
L 345 260 10 0 8 0 1 0 MGTHTXN1_115_AF1
A 405 260 10 0 2 0 PINTYPE=BI
P 18 400 270 350 270 0 3 0
A 355 270 10 0 3 0 #=AF2
L 345 270 10 0 8 0 1 0 MGTHTXP1_115_AF2
A 405 270 10 0 2 0 PINTYPE=BI
P 19 400 280 350 280 0 3 0
A 355 280 10 0 3 0 #=AG3
L 345 280 10 0 8 0 1 0 MGTHRXN0_115_AG3
A 405 280 10 0 2 0 PINTYPE=BI
P 20 400 290 350 290 0 3 0
A 355 290 10 0 3 0 #=AG4
L 345 290 10 0 8 0 1 0 MGTHRXP0_115_AG4
A 405 290 10 0 2 0 PINTYPE=BI
P 21 400 300 350 300 0 3 0
A 355 300 10 0 3 0 #=AH1
L 345 300 10 0 8 0 1 0 MGTHTXN0_115_AH1
A 405 300 10 0 2 0 PINTYPE=BI
P 22 400 310 350 310 0 3 0
A 355 310 10 0 3 0 #=AH2
L 345 310 10 0 8 0 1 0 MGTHTXP0_115_AH2
A 405 310 10 0 2 0 PINTYPE=BI
T 220 330 20 0 5 XC7VX690TFFG1157
T 220 350 20 0 5 BANK 115
c 70 370 10
U 50 400 10 0 3 3 DEVICE=XXXXXX
U 50 30 16 0 3 3 REFDES=U?
U 250 30 10 0 3 3 PKG_TYPE=XXXXXX
U 0 0 10 0 3 0 HETERO=xc7vx690tffg1157_0,xc7vx690tffg1157_14,xc7vx690tffg1157_15,xc7vx690tffg1157_16,xc7vx690tffg1157_17,xc7vx690tffg1157_18,xc7vx690tffg1157_19,xc7vx690tffg1157_34,xc7vx690tffg1157_35,xc7vx690tffg1157_36,xc7vx690tffg1157_37,xc7vx690tffg1157_38,xc7vx690tffg1157_39,xc7vx690tffg1157_114,xc7vx690tffg1157_115,xc7vx690tffg1157_116,xc7vx690tffg1157_117,xc7vx690tffg1157_118,xc7vx690tffg1157_VCCBRAM,xc7vx690tffg1157_MGTAVCC_G11,xc7vx690tffg1157_MGTAVCC_G10,xc7vx690tffg1157_MGTAVTT_G11,xc7vx690tffg1157_MGTAVTT_G10,xc7vx690tffg1157_MGTVCCAUX_G11,xc7vx690tffg1157_MGTVCCAUX_G10,xc7vx690tffg1157_GND1,xc7vx690tffg1157_GND2,xc7vx690tffg1157_VCCINT,xc7vx690tffg1157_VCCAUX,xc7vx690tffg1157_VCCAUX_IO_G0,xc7vx690tffg1157_VCCAUX_IO_G1,xc7vx690tffg1157_VCCAUX_IO_G2,xc7vx690tffg1157_VCCAUX_IO_G3,xc7vx690tffg1157_NC
U 0 -10 10 0 3 0 PARTS=1
U 0 -20 10 0 3 0 LEVEL=STD
U 0 -30 10 0 3 0 DATE=2011_05_20
E
