V 50
K 153165148200 xc7vx690tffg1927
Y 1
D 0 0 400 780
Z 10
i 946
b 50 50 350 730
P 1 0 100 50 100 0 2 0
A 45 100 10 0 9 0 #=BC21
L 55 100 10 0 2 0 1 0 VCCO_35_BC21
A 10 100 10 0 2 0 PINTYPE=BI
P 2 0 110 50 110 0 2 0
A 45 110 10 0 9 0 #=AY20
L 55 110 10 0 2 0 1 0 VCCO_35_AY20
A 10 110 10 0 2 0 PINTYPE=BI
P 3 0 120 50 120 0 2 0
A 45 120 10 0 9 0 #=AU19
L 55 120 10 0 2 0 1 0 VCCO_35_AU19
A 10 120 10 0 2 0 PINTYPE=BI
P 4 0 130 50 130 0 2 0
A 45 130 10 0 9 0 #=AT22
L 55 130 10 0 2 0 1 0 VCCO_35_AT22
A 10 130 10 0 2 0 PINTYPE=BI
P 5 0 140 50 140 0 2 0
A 45 140 10 0 9 0 #=AN21
L 55 140 10 0 2 0 1 0 VCCO_35_AN21
A 10 140 10 0 2 0 PINTYPE=BI
P 6 0 150 50 150 0 2 0
A 45 150 10 0 9 0 #=AK20
L 55 150 10 0 2 0 1 0 VCCO_35_AK20
A 10 150 10 0 2 0 PINTYPE=BI
P 7 400 100 350 100 0 3 0
A 355 100 10 0 3 0 #=AR19
L 345 100 10 0 8 0 1 0 IO_25_VRP_35_AR19
A 405 100 10 0 2 0 PINTYPE=BI
P 8 400 110 350 110 0 3 0
A 355 110 10 0 3 0 #=AL19
L 345 110 10 0 8 0 1 0 IO_L24N_T3_35_AL19
A 405 110 10 0 2 0 PINTYPE=BI
P 9 400 120 350 120 0 3 0
A 355 120 10 0 3 0 #=AK19
L 345 120 10 0 8 0 1 0 IO_L24P_T3_35_AK19
A 405 120 10 0 2 0 PINTYPE=BI
P 10 400 130 350 130 0 3 0
A 355 130 10 0 3 0 #=AL20
L 345 130 10 0 8 0 1 0 IO_L23N_T3_35_AL20
A 405 130 10 0 2 0 PINTYPE=BI
P 11 400 140 350 140 0 3 0
A 355 140 10 0 3 0 #=AL21
L 345 140 10 0 8 0 1 0 IO_L23P_T3_35_AL21
A 405 140 10 0 2 0 PINTYPE=BI
P 12 400 150 350 150 0 3 0
A 355 150 10 0 3 0 #=AK21
L 345 150 10 0 8 0 1 0 IO_L22N_T3_35_AK21
A 405 150 10 0 2 0 PINTYPE=BI
P 13 400 160 350 160 0 3 0
A 355 160 10 0 3 0 #=AK22
L 345 160 10 0 8 0 1 0 IO_L22P_T3_35_AK22
A 405 160 10 0 2 0 PINTYPE=BI
P 14 400 170 350 170 0 3 0
A 355 170 10 0 3 0 #=AN19
L 345 170 10 0 8 0 1 0 IO_L21N_T3_DQS_35_AN19
A 405 170 10 0 2 0 PINTYPE=BI
P 15 400 180 350 180 0 3 0
A 355 180 10 0 3 0 #=AM20
L 345 180 10 0 8 0 1 0 IO_L21P_T3_DQS_35_AM20
A 405 180 10 0 2 0 PINTYPE=BI
P 16 400 190 350 190 0 3 0
A 355 190 10 0 3 0 #=AJ21
L 345 190 10 0 8 0 1 0 IO_L20N_T3_35_AJ21
A 405 190 10 0 2 0 PINTYPE=BI
P 17 400 200 350 200 0 3 0
A 355 200 10 0 3 0 #=AJ22
L 345 200 10 0 8 0 1 0 IO_L20P_T3_35_AJ22
A 405 200 10 0 2 0 PINTYPE=BI
P 18 400 210 350 210 0 3 0
A 355 210 10 0 3 0 #=AM21
L 345 210 10 0 8 0 1 0 IO_L19N_T3_VREF_35_AM21
A 405 210 10 0 2 0 PINTYPE=BI
P 19 400 220 350 220 0 3 0
A 355 220 10 0 3 0 #=AM22
L 345 220 10 0 8 0 1 0 IO_L19P_T3_35_AM22
A 405 220 10 0 2 0 PINTYPE=BI
P 20 400 230 350 230 0 3 0
A 355 230 10 0 3 0 #=AP22
L 345 230 10 0 8 0 1 0 IO_L18N_T2_35_AP22
A 405 230 10 0 2 0 PINTYPE=BI
P 21 400 240 350 240 0 3 0
A 355 240 10 0 3 0 #=AN22
L 345 240 10 0 8 0 1 0 IO_L18P_T2_35_AN22
A 405 240 10 0 2 0 PINTYPE=BI
P 22 400 250 350 250 0 3 0
A 355 250 10 0 3 0 #=AP19
L 345 250 10 0 8 0 1 0 IO_L17N_T2_35_AP19
A 405 250 10 0 2 0 PINTYPE=BI
P 23 400 260 350 260 0 3 0
A 355 260 10 0 3 0 #=AN20
L 345 260 10 0 8 0 1 0 IO_L17P_T2_35_AN20
A 405 260 10 0 2 0 PINTYPE=BI
P 24 400 270 350 270 0 3 0
A 355 270 10 0 3 0 #=AR21
L 345 270 10 0 8 0 1 0 IO_L16N_T2_35_AR21
A 405 270 10 0 2 0 PINTYPE=BI
P 25 400 280 350 280 0 3 0
A 355 280 10 0 3 0 #=AR22
L 345 280 10 0 8 0 1 0 IO_L16P_T2_35_AR22
A 405 280 10 0 2 0 PINTYPE=BI
P 26 400 290 350 290 0 3 0
A 355 290 10 0 3 0 #=AP20
L 345 290 10 0 8 0 1 0 IO_L15N_T2_DQS_35_AP20
A 405 290 10 0 2 0 PINTYPE=BI
P 27 400 300 350 300 0 3 0
A 355 300 10 0 3 0 #=AP21
L 345 300 10 0 8 0 1 0 IO_L15P_T2_DQS_35_AP21
A 405 300 10 0 2 0 PINTYPE=BI
P 28 400 310 350 310 0 3 0
A 355 310 10 0 3 0 #=AT19
L 345 310 10 0 8 0 1 0 IO_L14N_T2_SRCC_35_AT19
A 405 310 10 0 2 0 PINTYPE=BI
P 29 400 320 350 320 0 3 0
A 355 320 10 0 3 0 #=AT20
L 345 320 10 0 8 0 1 0 IO_L14P_T2_SRCC_35_AT20
A 405 320 10 0 2 0 PINTYPE=BI
P 30 400 330 350 330 0 3 0
A 355 330 10 0 3 0 #=AU21
L 345 330 10 0 8 0 1 0 IO_L13N_T2_MRCC_35_AU21
A 405 330 10 0 2 0 PINTYPE=BI
P 31 400 340 350 340 0 3 0
A 355 340 10 0 3 0 #=AT21
L 345 340 10 0 8 0 1 0 IO_L13P_T2_MRCC_35_AT21
A 405 340 10 0 2 0 PINTYPE=BI
P 32 400 350 350 350 0 3 0
A 355 350 10 0 3 0 #=AV19
L 345 350 10 0 8 0 1 0 IO_L12N_T1_MRCC_35_AV19
A 405 350 10 0 2 0 PINTYPE=BI
P 33 400 360 350 360 0 3 0
A 355 360 10 0 3 0 #=AU20
L 345 360 10 0 8 0 1 0 IO_L12P_T1_MRCC_35_AU20
A 405 360 10 0 2 0 PINTYPE=BI
P 34 400 370 350 370 0 3 0
A 355 370 10 0 3 0 #=AV22
L 345 370 10 0 8 0 1 0 IO_L11N_T1_SRCC_35_AV22
A 405 370 10 0 2 0 PINTYPE=BI
P 35 400 380 350 380 0 3 0
A 355 380 10 0 3 0 #=AU22
L 345 380 10 0 8 0 1 0 IO_L11P_T1_SRCC_35_AU22
A 405 380 10 0 2 0 PINTYPE=BI
P 36 400 390 350 390 0 3 0
A 355 390 10 0 3 0 #=AY19
L 345 390 10 0 8 0 1 0 IO_L10N_T1_AD15N_35_AY19
A 405 390 10 0 2 0 PINTYPE=BI
P 37 400 400 350 400 0 3 0
A 355 400 10 0 3 0 #=AW19
L 345 400 10 0 8 0 1 0 IO_L10P_T1_AD15P_35_AW19
A 405 400 10 0 2 0 PINTYPE=BI
P 38 400 410 350 410 0 3 0
A 355 410 10 0 3 0 #=AY21
L 345 410 10 0 8 0 1 0 IO_L9N_T1_DQS_AD7N_35_AY21
A 405 410 10 0 2 0 PINTYPE=BI
P 39 400 420 350 420 0 3 0
A 355 420 10 0 3 0 #=AW21
L 345 420 10 0 8 0 1 0 IO_L9P_T1_DQS_AD7P_35_AW21
A 405 420 10 0 2 0 PINTYPE=BI
P 40 400 430 350 430 0 3 0
A 355 430 10 0 3 0 #=AW20
L 345 430 10 0 8 0 1 0 IO_L8N_T1_AD14N_35_AW20
A 405 430 10 0 2 0 PINTYPE=BI
P 41 400 440 350 440 0 3 0
A 355 440 10 0 3 0 #=AV20
L 345 440 10 0 8 0 1 0 IO_L8P_T1_AD14P_35_AV20
A 405 440 10 0 2 0 PINTYPE=BI
P 42 400 450 350 450 0 3 0
A 355 450 10 0 3 0 #=AY22
L 345 450 10 0 8 0 1 0 IO_L7N_T1_AD6N_35_AY22
A 405 450 10 0 2 0 PINTYPE=BI
P 43 400 460 350 460 0 3 0
A 355 460 10 0 3 0 #=AW22
L 345 460 10 0 8 0 1 0 IO_L7P_T1_AD6P_35_AW22
A 405 460 10 0 2 0 PINTYPE=BI
P 44 400 470 350 470 0 3 0
A 355 470 10 0 3 0 #=BA19
L 345 470 10 0 8 0 1 0 IO_L6N_T0_VREF_35_BA19
A 405 470 10 0 2 0 PINTYPE=BI
P 45 400 480 350 480 0 3 0
A 355 480 10 0 3 0 #=BA20
L 345 480 10 0 8 0 1 0 IO_L6P_T0_35_BA20
A 405 480 10 0 2 0 PINTYPE=BI
P 46 400 490 350 490 0 3 0
A 355 490 10 0 3 0 #=BB20
L 345 490 10 0 8 0 1 0 IO_L5N_T0_AD13N_35_BB20
A 405 490 10 0 2 0 PINTYPE=BI
P 47 400 500 350 500 0 3 0
A 355 500 10 0 3 0 #=BA21
L 345 500 10 0 8 0 1 0 IO_L5P_T0_AD13P_35_BA21
A 405 500 10 0 2 0 PINTYPE=BI
P 48 400 510 350 510 0 3 0
A 355 510 10 0 3 0 #=BD20
L 345 510 10 0 8 0 1 0 IO_L4N_T0_AD5N_35_BD20
A 405 510 10 0 2 0 PINTYPE=BI
P 49 400 520 350 520 0 3 0
A 355 520 10 0 3 0 #=BD21
L 345 520 10 0 8 0 1 0 IO_L4P_T0_AD5P_35_BD21
A 405 520 10 0 2 0 PINTYPE=BI
P 50 400 530 350 530 0 3 0
A 355 530 10 0 3 0 #=BD19
L 345 530 10 0 8 0 1 0 IO_L3N_T0_DQS_AD12N_35_BD19
A 405 530 10 0 2 0 PINTYPE=BI
P 51 400 540 350 540 0 3 0
A 355 540 10 0 3 0 #=BC20
L 345 540 10 0 8 0 1 0 IO_L3P_T0_DQS_AD12P_35_BC20
A 405 540 10 0 2 0 PINTYPE=BI
P 52 400 550 350 550 0 3 0
A 355 550 10 0 3 0 #=BD22
L 345 550 10 0 8 0 1 0 IO_L2N_T0_AD4N_35_BD22
A 405 550 10 0 2 0 PINTYPE=BI
P 53 400 560 350 560 0 3 0
A 355 560 10 0 3 0 #=BC22
L 345 560 10 0 8 0 1 0 IO_L2P_T0_AD4P_35_BC22
A 405 560 10 0 2 0 PINTYPE=BI
P 54 400 570 350 570 0 3 0
A 355 570 10 0 3 0 #=BB21
L 345 570 10 0 8 0 1 0 IO_L1N_T0_35_BB21
A 405 570 10 0 2 0 PINTYPE=BI
P 55 400 580 350 580 0 3 0
A 355 580 10 0 3 0 #=BB22
L 345 580 10 0 8 0 1 0 IO_L1P_T0_35_BB22
A 405 580 10 0 2 0 PINTYPE=BI
P 56 400 590 350 590 0 3 0
A 355 590 10 0 3 0 #=AR23
L 345 590 10 0 8 0 1 0 IO_0_VRN_35_AR23
A 405 590 10 0 2 0 PINTYPE=BI
T 220 610 20 0 5 XC7VX690TFFG1927
T 220 630 20 0 5 BANK 35
c 70 710 10
U 50 740 10 0 3 3 DEVICE=XXXXXX
U 50 30 16 0 3 3 REFDES=U?
U 250 30 10 0 3 3 PKG_TYPE=XXXXXX
U 0 0 10 0 3 0 HETERO=xc7vx690tffg1927_0,xc7vx690tffg1927_14,xc7vx690tffg1927_15,xc7vx690tffg1927_16,xc7vx690tffg1927_17,xc7vx690tffg1927_18,xc7vx690tffg1927_19,xc7vx690tffg1927_34,xc7vx690tffg1927_35,xc7vx690tffg1927_36,xc7vx690tffg1927_37,xc7vx690tffg1927_38,xc7vx690tffg1927_39,xc7vx690tffg1927_110,xc7vx690tffg1927_111,xc7vx690tffg1927_112,xc7vx690tffg1927_113,xc7vx690tffg1927_114,xc7vx690tffg1927_115,xc7vx690tffg1927_116,xc7vx690tffg1927_117,xc7vx690tffg1927_118,xc7vx690tffg1927_119,xc7vx690tffg1927_210,xc7vx690tffg1927_211,xc7vx690tffg1927_212,xc7vx690tffg1927_213,xc7vx690tffg1927_214,xc7vx690tffg1927_215,xc7vx690tffg1927_216,xc7vx690tffg1927_217,xc7vx690tffg1927_218,xc7vx690tffg1927_219,xc7vx690tffg1927_MGTAVCC_G10,xc7vx690tffg1927_MGTAVCC_G11,xc7vx690tffg1927_MGTAVCC_G20,xc7vx690tffg1927_MGTAVCC_G21,xc7vx690tffg1927_MGTAVTT_G10,xc7vx690tffg1927_MGTAVTT_G11,xc7vx690tffg1927_MGTAVTT_G20,xc7vx690tffg1927_MGTAVTT_G21,xc7vx690tffg1927_MGTAVCC_G9,xc7vx690tffg1927_MGTAVCC_G19,xc7vx690tffg1927_MGTAVTT_G9,xc7vx690tffg1927_MGTAVTT_G19,xc7vx690tffg1927_MGTVCCAUX_G9,xc7vx690tffg1927_MGTVCCAUX_G19,xc7vx690tffg1927_MGTVCCAUX_G10,xc7vx690tffg1927_MGTVCCAUX_G11,xc7vx690tffg1927_MGTVCCAUX_G20,xc7vx690tffg1927_MGTVCCAUX_G21,xc7vx690tffg1927_GND1,xc7vx690tffg1927_GND2,xc7vx690tffg1927_GND3,xc7vx690tffg1927_VCCINT,xc7vx690tffg1927_VCCAUX,xc7vx690tffg1927_VCCAUX_IO_G3,xc7vx690tffg1927_VCCAUX_IO_G2,xc7vx690tffg1927_VCCAUX_IO_G1,xc7vx690tffg1927_VCCAUX_IO_G0,xc7vx690tffg1927_VCCBRAM
U 0 -10 10 0 3 0 PARTS=1
U 0 -20 10 0 3 0 LEVEL=STD
U 0 -30 10 0 3 0 DATE=2011_04_11
E
