V 50
K 153165148200 xc7vx690tffg1927
Y 1
D 0 0 400 420
Z 10
i 946
b 50 50 350 370
P 1 400 100 350 100 0 3 0
A 355 100 10 0 3 0 #=R9
L 345 100 10 0 8 0 1 0 MGTREFCLK1N_116_R9
A 405 100 10 0 2 0 PINTYPE=BI
P 2 400 110 350 110 0 3 0
A 355 110 10 0 3 0 #=R10
L 345 110 10 0 8 0 1 0 MGTREFCLK1P_116_R10
A 405 110 10 0 2 0 PINTYPE=BI
P 3 400 120 350 120 0 3 0
A 355 120 10 0 3 0 #=N9
L 345 120 10 0 8 0 1 0 MGTREFCLK0N_116_N9
A 405 120 10 0 2 0 PINTYPE=BI
P 4 400 130 350 130 0 3 0
A 355 130 10 0 3 0 #=N10
L 345 130 10 0 8 0 1 0 MGTREFCLK0P_116_N10
A 405 130 10 0 2 0 PINTYPE=BI
P 5 400 140 350 140 0 3 0
A 355 140 10 0 3 0 #=M7
L 345 140 10 0 8 0 1 0 MGTHRXN3_116_M7
A 405 140 10 0 2 0 PINTYPE=BI
P 6 400 150 350 150 0 3 0
A 355 150 10 0 3 0 #=M8
L 345 150 10 0 8 0 1 0 MGTHRXP3_116_M8
A 405 150 10 0 2 0 PINTYPE=BI
P 7 400 160 350 160 0 3 0
A 355 160 10 0 3 0 #=R1
L 345 160 10 0 8 0 1 0 MGTHTXN3_116_R1
A 405 160 10 0 2 0 PINTYPE=BI
P 8 400 170 350 170 0 3 0
A 355 170 10 0 3 0 #=R2
L 345 170 10 0 8 0 1 0 MGTHTXP3_116_R2
A 405 170 10 0 2 0 PINTYPE=BI
P 9 400 180 350 180 0 3 0
A 355 180 10 0 3 0 #=N5
L 345 180 10 0 8 0 1 0 MGTHRXN2_116_N5
A 405 180 10 0 2 0 PINTYPE=BI
P 10 400 190 350 190 0 3 0
A 355 190 10 0 3 0 #=N6
L 345 190 10 0 8 0 1 0 MGTHRXP2_116_N6
A 405 190 10 0 2 0 PINTYPE=BI
P 11 400 200 350 200 0 3 0
A 355 200 10 0 3 0 #=T3
L 345 200 10 0 8 0 1 0 MGTHTXN2_116_T3
A 405 200 10 0 2 0 PINTYPE=BI
P 12 400 210 350 210 0 3 0
A 355 210 10 0 3 0 #=T4
L 345 210 10 0 8 0 1 0 MGTHTXP2_116_T4
A 405 210 10 0 2 0 PINTYPE=BI
P 13 400 220 350 220 0 3 0
A 355 220 10 0 3 0 #=P7
L 345 220 10 0 8 0 1 0 MGTHRXN1_116_P7
A 405 220 10 0 2 0 PINTYPE=BI
P 14 400 230 350 230 0 3 0
A 355 230 10 0 3 0 #=P8
L 345 230 10 0 8 0 1 0 MGTHRXP1_116_P8
A 405 230 10 0 2 0 PINTYPE=BI
P 15 400 240 350 240 0 3 0
A 355 240 10 0 3 0 #=U1
L 345 240 10 0 8 0 1 0 MGTHTXN1_116_U1
A 405 240 10 0 2 0 PINTYPE=BI
P 16 400 250 350 250 0 3 0
A 355 250 10 0 3 0 #=U2
L 345 250 10 0 8 0 1 0 MGTHTXP1_116_U2
A 405 250 10 0 2 0 PINTYPE=BI
P 17 400 260 350 260 0 3 0
A 355 260 10 0 3 0 #=R5
L 345 260 10 0 8 0 1 0 MGTHRXN0_116_R5
A 405 260 10 0 2 0 PINTYPE=BI
P 18 400 270 350 270 0 3 0
A 355 270 10 0 3 0 #=R6
L 345 270 10 0 8 0 1 0 MGTHRXP0_116_R6
A 405 270 10 0 2 0 PINTYPE=BI
P 19 400 280 350 280 0 3 0
A 355 280 10 0 3 0 #=V3
L 345 280 10 0 8 0 1 0 MGTHTXN0_116_V3
A 405 280 10 0 2 0 PINTYPE=BI
P 20 400 290 350 290 0 3 0
A 355 290 10 0 3 0 #=V4
L 345 290 10 0 8 0 1 0 MGTHTXP0_116_V4
A 405 290 10 0 2 0 PINTYPE=BI
T 220 310 20 0 5 XC7VX690TFFG1927
T 220 330 20 0 5 BANK 116
c 70 350 10
U 50 380 10 0 3 3 DEVICE=XXXXXX
U 50 30 16 0 3 3 REFDES=U?
U 250 30 10 0 3 3 PKG_TYPE=XXXXXX
U 0 0 10 0 3 0 HETERO=xc7vx690tffg1927_0,xc7vx690tffg1927_14,xc7vx690tffg1927_15,xc7vx690tffg1927_16,xc7vx690tffg1927_17,xc7vx690tffg1927_18,xc7vx690tffg1927_19,xc7vx690tffg1927_34,xc7vx690tffg1927_35,xc7vx690tffg1927_36,xc7vx690tffg1927_37,xc7vx690tffg1927_38,xc7vx690tffg1927_39,xc7vx690tffg1927_110,xc7vx690tffg1927_111,xc7vx690tffg1927_112,xc7vx690tffg1927_113,xc7vx690tffg1927_114,xc7vx690tffg1927_115,xc7vx690tffg1927_116,xc7vx690tffg1927_117,xc7vx690tffg1927_118,xc7vx690tffg1927_119,xc7vx690tffg1927_210,xc7vx690tffg1927_211,xc7vx690tffg1927_212,xc7vx690tffg1927_213,xc7vx690tffg1927_214,xc7vx690tffg1927_215,xc7vx690tffg1927_216,xc7vx690tffg1927_217,xc7vx690tffg1927_218,xc7vx690tffg1927_219,xc7vx690tffg1927_MGTAVCC_G10,xc7vx690tffg1927_MGTAVCC_G11,xc7vx690tffg1927_MGTAVCC_G20,xc7vx690tffg1927_MGTAVCC_G21,xc7vx690tffg1927_MGTAVTT_G10,xc7vx690tffg1927_MGTAVTT_G11,xc7vx690tffg1927_MGTAVTT_G20,xc7vx690tffg1927_MGTAVTT_G21,xc7vx690tffg1927_MGTAVCC_G9,xc7vx690tffg1927_MGTAVCC_G19,xc7vx690tffg1927_MGTAVTT_G9,xc7vx690tffg1927_MGTAVTT_G19,xc7vx690tffg1927_MGTVCCAUX_G9,xc7vx690tffg1927_MGTVCCAUX_G19,xc7vx690tffg1927_MGTVCCAUX_G10,xc7vx690tffg1927_MGTVCCAUX_G11,xc7vx690tffg1927_MGTVCCAUX_G20,xc7vx690tffg1927_MGTVCCAUX_G21,xc7vx690tffg1927_GND1,xc7vx690tffg1927_GND2,xc7vx690tffg1927_GND3,xc7vx690tffg1927_VCCINT,xc7vx690tffg1927_VCCAUX,xc7vx690tffg1927_VCCAUX_IO_G3,xc7vx690tffg1927_VCCAUX_IO_G2,xc7vx690tffg1927_VCCAUX_IO_G1,xc7vx690tffg1927_VCCAUX_IO_G0,xc7vx690tffg1927_VCCBRAM
U 0 -10 10 0 3 0 PARTS=1
U 0 -20 10 0 3 0 LEVEL=STD
U 0 -30 10 0 3 0 DATE=2011_04_11
E
