V 50
K 153165148200 xc7vh870thcg1932
Y 1
D 0 0 400 420
Z 10
i 946
b 50 50 350 370
P 1 400 100 350 100 0 3 0
A 355 100 10 0 3 0 #=AJ36
L 345 100 10 0 8 0 1 0 MGTREFCLK1N_213_AJ36
A 405 100 10 0 2 0 PINTYPE=BI
P 2 400 110 350 110 0 3 0
A 355 110 10 0 3 0 #=AJ35
L 345 110 10 0 8 0 1 0 MGTREFCLK1P_213_AJ35
A 405 110 10 0 2 0 PINTYPE=BI
P 3 400 120 350 120 0 3 0
A 355 120 10 0 3 0 #=AG36
L 345 120 10 0 8 0 1 0 MGTREFCLK0N_213_AG36
A 405 120 10 0 2 0 PINTYPE=BI
P 4 400 130 350 130 0 3 0
A 355 130 10 0 3 0 #=AG35
L 345 130 10 0 8 0 1 0 MGTREFCLK0P_213_AG35
A 405 130 10 0 2 0 PINTYPE=BI
P 5 400 140 350 140 0 3 0
A 355 140 10 0 3 0 #=AD38
L 345 140 10 0 8 0 1 0 MGTHRXN3_213_AD38
A 405 140 10 0 2 0 PINTYPE=BI
P 6 400 150 350 150 0 3 0
A 355 150 10 0 3 0 #=AD37
L 345 150 10 0 8 0 1 0 MGTHRXP3_213_AD37
A 405 150 10 0 2 0 PINTYPE=BI
P 7 400 160 350 160 0 3 0
A 355 160 10 0 3 0 #=AE44
L 345 160 10 0 8 0 1 0 MGTHTXN3_213_AE44
A 405 160 10 0 2 0 PINTYPE=BI
P 8 400 170 350 170 0 3 0
A 355 170 10 0 3 0 #=AE43
L 345 170 10 0 8 0 1 0 MGTHTXP3_213_AE43
A 405 170 10 0 2 0 PINTYPE=BI
P 9 400 180 350 180 0 3 0
A 355 180 10 0 3 0 #=AE40
L 345 180 10 0 8 0 1 0 MGTHRXN2_213_AE40
A 405 180 10 0 2 0 PINTYPE=BI
P 10 400 190 350 190 0 3 0
A 355 190 10 0 3 0 #=AE39
L 345 190 10 0 8 0 1 0 MGTHRXP2_213_AE39
A 405 190 10 0 2 0 PINTYPE=BI
P 11 400 200 350 200 0 3 0
A 355 200 10 0 3 0 #=AF42
L 345 200 10 0 8 0 1 0 MGTHTXN2_213_AF42
A 405 200 10 0 2 0 PINTYPE=BI
P 12 400 210 350 210 0 3 0
A 355 210 10 0 3 0 #=AF41
L 345 210 10 0 8 0 1 0 MGTHTXP2_213_AF41
A 405 210 10 0 2 0 PINTYPE=BI
P 13 400 220 350 220 0 3 0
A 355 220 10 0 3 0 #=AF38
L 345 220 10 0 8 0 1 0 MGTHRXN1_213_AF38
A 405 220 10 0 2 0 PINTYPE=BI
P 14 400 230 350 230 0 3 0
A 355 230 10 0 3 0 #=AF37
L 345 230 10 0 8 0 1 0 MGTHRXP1_213_AF37
A 405 230 10 0 2 0 PINTYPE=BI
P 15 400 240 350 240 0 3 0
A 355 240 10 0 3 0 #=AG44
L 345 240 10 0 8 0 1 0 MGTHTXN1_213_AG44
A 405 240 10 0 2 0 PINTYPE=BI
P 16 400 250 350 250 0 3 0
A 355 250 10 0 3 0 #=AG43
L 345 250 10 0 8 0 1 0 MGTHTXP1_213_AG43
A 405 250 10 0 2 0 PINTYPE=BI
P 17 400 260 350 260 0 3 0
A 355 260 10 0 3 0 #=AG40
L 345 260 10 0 8 0 1 0 MGTHRXN0_213_AG40
A 405 260 10 0 2 0 PINTYPE=BI
P 18 400 270 350 270 0 3 0
A 355 270 10 0 3 0 #=AG39
L 345 270 10 0 8 0 1 0 MGTHRXP0_213_AG39
A 405 270 10 0 2 0 PINTYPE=BI
P 19 400 280 350 280 0 3 0
A 355 280 10 0 3 0 #=AH42
L 345 280 10 0 8 0 1 0 MGTHTXN0_213_AH42
A 405 280 10 0 2 0 PINTYPE=BI
P 20 400 290 350 290 0 3 0
A 355 290 10 0 3 0 #=AH41
L 345 290 10 0 8 0 1 0 MGTHTXP0_213_AH41
A 405 290 10 0 2 0 PINTYPE=BI
T 220 310 20 0 5 XC7VH870THCG1932
T 220 330 20 0 5 BANK 213
c 70 350 10
U 50 380 10 0 3 3 DEVICE=XXXXXX
U 50 30 16 0 3 3 REFDES=U?
U 250 30 10 0 3 3 PKG_TYPE=XXXXXX
U 0 0 10 0 3 0 HETERO=xc7vh870thcg1932_0,xc7vh870thcg1932_13,xc7vh870thcg1932_14,xc7vh870thcg1932_15,xc7vh870thcg1932_33,xc7vh870thcg1932_34,xc7vh870thcg1932_35,xc7vh870thcg1932_110,xc7vh870thcg1932_111,xc7vh870thcg1932_112,xc7vh870thcg1932_113,xc7vh870thcg1932_114,xc7vh870thcg1932_115,xc7vh870thcg1932_116,xc7vh870thcg1932_117,xc7vh870thcg1932_118,xc7vh870thcg1932_210,xc7vh870thcg1932_211,xc7vh870thcg1932_212,xc7vh870thcg1932_213,xc7vh870thcg1932_214,xc7vh870thcg1932_215,xc7vh870thcg1932_216,xc7vh870thcg1932_217,xc7vh870thcg1932_218,xc7vh870thcg1932_300,xc7vh870thcg1932_400,xc7vh870thcg1932_MGTAVCC_G10,xc7vh870thcg1932_MGTAVCC_G11,xc7vh870thcg1932_MGTAVCC_G12,xc7vh870thcg1932_MGTAVCC_G20,xc7vh870thcg1932_MGTAVCC_G21,xc7vh870thcg1932_MGTAVCC_G22,xc7vh870thcg1932_MGTVCCAUX_G10,xc7vh870thcg1932_MGTVCCAUX_G11,xc7vh870thcg1932_MGTVCCAUX_G12,xc7vh870thcg1932_MGTVCCAUX_G20,xc7vh870thcg1932_MGTVCCAUX_G21,xc7vh870thcg1932_MGTVCCAUX_G22,xc7vh870thcg1932_MGTAVTT_G10,xc7vh870thcg1932_MGTAVTT_G11,xc7vh870thcg1932_MGTAVTT_G12,xc7vh870thcg1932_MGTAVTT_G20,xc7vh870thcg1932_MGTAVTT_G21,xc7vh870thcg1932_MGTAVTT_G22,xc7vh870thcg1932_GND1,xc7vh870thcg1932_GND2,xc7vh870thcg1932_GND3,xc7vh870thcg1932_VCCINT,xc7vh870thcg1932_VCCAUX,xc7vh870thcg1932_VCCAUX_IO_G0,xc7vh870thcg1932_VCCAUX_IO_G2,xc7vh870thcg1932_VCCBRAM
U 0 -10 10 0 3 0 PARTS=1
U 0 -20 10 0 3 0 LEVEL=STD
U 0 -30 10 0 3 0 DATE=2012_05_22
E
