V 50
K 153165148200 xc7vh870thcg1932
Y 1
D 0 0 400 780
Z 10
i 946
b 50 50 350 730
P 1 0 100 50 100 0 2 0
A 45 100 10 0 9 0 #=AJ13
L 55 100 10 0 2 0 1 0 VCCO_34_AJ13
A 10 100 10 0 2 0 PINTYPE=BI
P 2 0 110 50 110 0 2 0
A 45 110 10 0 9 0 #=AF12
L 55 110 10 0 2 0 1 0 VCCO_34_AF12
A 10 110 10 0 2 0 PINTYPE=BI
P 3 0 120 50 120 0 2 0
A 45 120 10 0 9 0 #=AE15
L 55 120 10 0 2 0 1 0 VCCO_34_AE15
A 10 120 10 0 2 0 PINTYPE=BI
P 4 0 130 50 130 0 2 0
A 45 130 10 0 9 0 #=AB14
L 55 130 10 0 2 0 1 0 VCCO_34_AB14
A 10 130 10 0 2 0 PINTYPE=BI
P 5 0 140 50 140 0 2 0
A 45 140 10 0 9 0 #=W13
L 55 140 10 0 2 0 1 0 VCCO_34_W13
A 10 140 10 0 2 0 PINTYPE=BI
P 6 0 150 50 150 0 2 0
A 45 150 10 0 9 0 #=T12
L 55 150 10 0 2 0 1 0 VCCO_34_T12
A 10 150 10 0 2 0 PINTYPE=BI
P 7 400 100 350 100 0 3 0
A 355 100 10 0 3 0 #=AJ14
L 345 100 10 0 8 0 1 0 IO_25_VRP_34_AJ14
A 405 100 10 0 2 0 PINTYPE=BI
P 8 400 110 350 110 0 3 0
A 355 110 10 0 3 0 #=AH12
L 345 110 10 0 8 0 1 0 IO_L24N_T3_34_AH12
A 405 110 10 0 2 0 PINTYPE=BI
P 9 400 120 350 120 0 3 0
A 355 120 10 0 3 0 #=AG12
L 345 120 10 0 8 0 1 0 IO_L24P_T3_34_AG12
A 405 120 10 0 2 0 PINTYPE=BI
P 10 400 130 350 130 0 3 0
A 355 130 10 0 3 0 #=AJ15
L 345 130 10 0 8 0 1 0 IO_L23N_T3_34_AJ15
A 405 130 10 0 2 0 PINTYPE=BI
P 11 400 140 350 140 0 3 0
A 355 140 10 0 3 0 #=AH15
L 345 140 10 0 8 0 1 0 IO_L23P_T3_34_AH15
A 405 140 10 0 2 0 PINTYPE=BI
P 12 400 150 350 150 0 3 0
A 355 150 10 0 3 0 #=AK12
L 345 150 10 0 8 0 1 0 IO_L22N_T3_34_AK12
A 405 150 10 0 2 0 PINTYPE=BI
P 13 400 160 350 160 0 3 0
A 355 160 10 0 3 0 #=AJ12
L 345 160 10 0 8 0 1 0 IO_L22P_T3_34_AJ12
A 405 160 10 0 2 0 PINTYPE=BI
P 14 400 170 350 170 0 3 0
A 355 170 10 0 3 0 #=AH13
L 345 170 10 0 8 0 1 0 IO_L21N_T3_DQS_34_AH13
A 405 170 10 0 2 0 PINTYPE=BI
P 15 400 180 350 180 0 3 0
A 355 180 10 0 3 0 #=AH14
L 345 180 10 0 8 0 1 0 IO_L21P_T3_DQS_34_AH14
A 405 180 10 0 2 0 PINTYPE=BI
P 16 400 190 350 190 0 3 0
A 355 190 10 0 3 0 #=AG15
L 345 190 10 0 8 0 1 0 IO_L20N_T3_34_AG15
A 405 190 10 0 2 0 PINTYPE=BI
P 17 400 200 350 200 0 3 0
A 355 200 10 0 3 0 #=AF15
L 345 200 10 0 8 0 1 0 IO_L20P_T3_34_AF15
A 405 200 10 0 2 0 PINTYPE=BI
P 18 400 210 350 210 0 3 0
A 355 210 10 0 3 0 #=AG13
L 345 210 10 0 8 0 1 0 IO_L19N_T3_VREF_34_AG13
A 405 210 10 0 2 0 PINTYPE=BI
P 19 400 220 350 220 0 3 0
A 355 220 10 0 3 0 #=AF13
L 345 220 10 0 8 0 1 0 IO_L19P_T3_34_AF13
A 405 220 10 0 2 0 PINTYPE=BI
P 20 400 230 350 230 0 3 0
A 355 230 10 0 3 0 #=AE12
L 345 230 10 0 8 0 1 0 IO_L18N_T2_34_AE12
A 405 230 10 0 2 0 PINTYPE=BI
P 21 400 240 350 240 0 3 0
A 355 240 10 0 3 0 #=AE13
L 345 240 10 0 8 0 1 0 IO_L18P_T2_34_AE13
A 405 240 10 0 2 0 PINTYPE=BI
P 22 400 250 350 250 0 3 0
A 355 250 10 0 3 0 #=AB12
L 345 250 10 0 8 0 1 0 IO_L17N_T2_34_AB12
A 405 250 10 0 2 0 PINTYPE=BI
P 23 400 260 350 260 0 3 0
A 355 260 10 0 3 0 #=AB13
L 345 260 10 0 8 0 1 0 IO_L17P_T2_34_AB13
A 405 260 10 0 2 0 PINTYPE=BI
P 24 400 270 350 270 0 3 0
A 355 270 10 0 3 0 #=AD12
L 345 270 10 0 8 0 1 0 IO_L16N_T2_34_AD12
A 405 270 10 0 2 0 PINTYPE=BI
P 25 400 280 350 280 0 3 0
A 355 280 10 0 3 0 #=AC12
L 345 280 10 0 8 0 1 0 IO_L16P_T2_34_AC12
A 405 280 10 0 2 0 PINTYPE=BI
P 26 400 290 350 290 0 3 0
A 355 290 10 0 3 0 #=AF14
L 345 290 10 0 8 0 1 0 IO_L15N_T2_DQS_34_AF14
A 405 290 10 0 2 0 PINTYPE=BI
P 27 400 300 350 300 0 3 0
A 355 300 10 0 3 0 #=AE14
L 345 300 10 0 8 0 1 0 IO_L15P_T2_DQS_34_AE14
A 405 300 10 0 2 0 PINTYPE=BI
P 28 400 310 350 310 0 3 0
A 355 310 10 0 3 0 #=AC13
L 345 310 10 0 8 0 1 0 IO_L14N_T2_SRCC_34_AC13
A 405 310 10 0 2 0 PINTYPE=BI
P 29 400 320 350 320 0 3 0
A 355 320 10 0 3 0 #=AC14
L 345 320 10 0 8 0 1 0 IO_L14P_T2_SRCC_34_AC14
A 405 320 10 0 2 0 PINTYPE=BI
P 30 400 330 350 330 0 3 0
A 355 330 10 0 3 0 #=AD14
L 345 330 10 0 8 0 1 0 IO_L13N_T2_MRCC_34_AD14
A 405 330 10 0 2 0 PINTYPE=BI
P 31 400 340 350 340 0 3 0
A 355 340 10 0 3 0 #=AD15
L 345 340 10 0 8 0 1 0 IO_L13P_T2_MRCC_34_AD15
A 405 340 10 0 2 0 PINTYPE=BI
P 32 400 350 350 350 0 3 0
A 355 350 10 0 3 0 #=AC15
L 345 350 10 0 8 0 1 0 IO_L12N_T1_MRCC_34_AC15
A 405 350 10 0 2 0 PINTYPE=BI
P 33 400 360 350 360 0 3 0
A 355 360 10 0 3 0 #=AB15
L 345 360 10 0 8 0 1 0 IO_L12P_T1_MRCC_34_AB15
A 405 360 10 0 2 0 PINTYPE=BI
P 34 400 370 350 370 0 3 0
A 355 370 10 0 3 0 #=AA14
L 345 370 10 0 8 0 1 0 IO_L11N_T1_SRCC_34_AA14
A 405 370 10 0 2 0 PINTYPE=BI
P 35 400 380 350 380 0 3 0
A 355 380 10 0 3 0 #=AA15
L 345 380 10 0 8 0 1 0 IO_L11P_T1_SRCC_34_AA15
A 405 380 10 0 2 0 PINTYPE=BI
P 36 400 390 350 390 0 3 0
A 355 390 10 0 3 0 #=V13
L 345 390 10 0 8 0 1 0 IO_L10N_T1_34_V13
A 405 390 10 0 2 0 PINTYPE=BI
P 37 400 400 350 400 0 3 0
A 355 400 10 0 3 0 #=V14
L 345 400 10 0 8 0 1 0 IO_L10P_T1_34_V14
A 405 400 10 0 2 0 PINTYPE=BI
P 38 400 410 350 410 0 3 0
A 355 410 10 0 3 0 #=Y13
L 345 410 10 0 8 0 1 0 IO_L9N_T1_DQS_34_Y13
A 405 410 10 0 2 0 PINTYPE=BI
P 39 400 420 350 420 0 3 0
A 355 420 10 0 3 0 #=AA13
L 345 420 10 0 8 0 1 0 IO_L9P_T1_DQS_34_AA13
A 405 420 10 0 2 0 PINTYPE=BI
P 40 400 430 350 430 0 3 0
A 355 430 10 0 3 0 #=W14
L 345 430 10 0 8 0 1 0 IO_L8N_T1_34_W14
A 405 430 10 0 2 0 PINTYPE=BI
P 41 400 440 350 440 0 3 0
A 355 440 10 0 3 0 #=Y14
L 345 440 10 0 8 0 1 0 IO_L8P_T1_34_Y14
A 405 440 10 0 2 0 PINTYPE=BI
P 42 400 450 350 450 0 3 0
A 355 450 10 0 3 0 #=W12
L 345 450 10 0 8 0 1 0 IO_L7N_T1_34_W12
A 405 450 10 0 2 0 PINTYPE=BI
P 43 400 460 350 460 0 3 0
A 355 460 10 0 3 0 #=Y12
L 345 460 10 0 8 0 1 0 IO_L7P_T1_34_Y12
A 405 460 10 0 2 0 PINTYPE=BI
P 44 400 470 350 470 0 3 0
A 355 470 10 0 3 0 #=T13
L 345 470 10 0 8 0 1 0 IO_L6N_T0_VREF_34_T13
A 405 470 10 0 2 0 PINTYPE=BI
P 45 400 480 350 480 0 3 0
A 355 480 10 0 3 0 #=U13
L 345 480 10 0 8 0 1 0 IO_L6P_T0_34_U13
A 405 480 10 0 2 0 PINTYPE=BI
P 46 400 490 350 490 0 3 0
A 355 490 10 0 3 0 #=U12
L 345 490 10 0 8 0 1 0 IO_L5N_T0_34_U12
A 405 490 10 0 2 0 PINTYPE=BI
P 47 400 500 350 500 0 3 0
A 355 500 10 0 3 0 #=V12
L 345 500 10 0 8 0 1 0 IO_L5P_T0_34_V12
A 405 500 10 0 2 0 PINTYPE=BI
P 48 400 510 350 510 0 3 0
A 355 510 10 0 3 0 #=T15
L 345 510 10 0 8 0 1 0 IO_L4N_T0_34_T15
A 405 510 10 0 2 0 PINTYPE=BI
P 49 400 520 350 520 0 3 0
A 355 520 10 0 3 0 #=U15
L 345 520 10 0 8 0 1 0 IO_L4P_T0_34_U15
A 405 520 10 0 2 0 PINTYPE=BI
P 50 400 530 350 530 0 3 0
A 355 530 10 0 3 0 #=V15
L 345 530 10 0 8 0 1 0 IO_L3N_T0_DQS_34_V15
A 405 530 10 0 2 0 PINTYPE=BI
P 51 400 540 350 540 0 3 0
A 355 540 10 0 3 0 #=W15
L 345 540 10 0 8 0 1 0 IO_L3P_T0_DQS_34_W15
A 405 540 10 0 2 0 PINTYPE=BI
P 52 400 550 350 550 0 3 0
A 355 550 10 0 3 0 #=R14
L 345 550 10 0 8 0 1 0 IO_L2N_T0_34_R14
A 405 550 10 0 2 0 PINTYPE=BI
P 53 400 560 350 560 0 3 0
A 355 560 10 0 3 0 #=T14
L 345 560 10 0 8 0 1 0 IO_L2P_T0_34_T14
A 405 560 10 0 2 0 PINTYPE=BI
P 54 400 570 350 570 0 3 0
A 355 570 10 0 3 0 #=R12
L 345 570 10 0 8 0 1 0 IO_L1N_T0_34_R12
A 405 570 10 0 2 0 PINTYPE=BI
P 55 400 580 350 580 0 3 0
A 355 580 10 0 3 0 #=R13
L 345 580 10 0 8 0 1 0 IO_L1P_T0_34_R13
A 405 580 10 0 2 0 PINTYPE=BI
P 56 400 590 350 590 0 3 0
A 355 590 10 0 3 0 #=T16
L 345 590 10 0 8 0 1 0 IO_0_VRN_34_T16
A 405 590 10 0 2 0 PINTYPE=BI
T 220 610 20 0 5 XC7VH870THCG1932
T 220 630 20 0 5 BANK 34
c 70 710 10
U 50 740 10 0 3 3 DEVICE=XXXXXX
U 50 30 16 0 3 3 REFDES=U?
U 250 30 10 0 3 3 PKG_TYPE=XXXXXX
U 0 0 10 0 3 0 HETERO=xc7vh870thcg1932_0,xc7vh870thcg1932_13,xc7vh870thcg1932_14,xc7vh870thcg1932_15,xc7vh870thcg1932_33,xc7vh870thcg1932_34,xc7vh870thcg1932_35,xc7vh870thcg1932_110,xc7vh870thcg1932_111,xc7vh870thcg1932_112,xc7vh870thcg1932_113,xc7vh870thcg1932_114,xc7vh870thcg1932_115,xc7vh870thcg1932_116,xc7vh870thcg1932_117,xc7vh870thcg1932_118,xc7vh870thcg1932_210,xc7vh870thcg1932_211,xc7vh870thcg1932_212,xc7vh870thcg1932_213,xc7vh870thcg1932_214,xc7vh870thcg1932_215,xc7vh870thcg1932_216,xc7vh870thcg1932_217,xc7vh870thcg1932_218,xc7vh870thcg1932_300,xc7vh870thcg1932_400,xc7vh870thcg1932_MGTAVCC_G10,xc7vh870thcg1932_MGTAVCC_G11,xc7vh870thcg1932_MGTAVCC_G12,xc7vh870thcg1932_MGTAVCC_G20,xc7vh870thcg1932_MGTAVCC_G21,xc7vh870thcg1932_MGTAVCC_G22,xc7vh870thcg1932_MGTVCCAUX_G10,xc7vh870thcg1932_MGTVCCAUX_G11,xc7vh870thcg1932_MGTVCCAUX_G12,xc7vh870thcg1932_MGTVCCAUX_G20,xc7vh870thcg1932_MGTVCCAUX_G21,xc7vh870thcg1932_MGTVCCAUX_G22,xc7vh870thcg1932_MGTAVTT_G10,xc7vh870thcg1932_MGTAVTT_G11,xc7vh870thcg1932_MGTAVTT_G12,xc7vh870thcg1932_MGTAVTT_G20,xc7vh870thcg1932_MGTAVTT_G21,xc7vh870thcg1932_MGTAVTT_G22,xc7vh870thcg1932_GND1,xc7vh870thcg1932_GND2,xc7vh870thcg1932_GND3,xc7vh870thcg1932_VCCINT,xc7vh870thcg1932_VCCAUX,xc7vh870thcg1932_VCCAUX_IO_G0,xc7vh870thcg1932_VCCAUX_IO_G2,xc7vh870thcg1932_VCCBRAM
U 0 -10 10 0 3 0 PARTS=1
U 0 -20 10 0 3 0 LEVEL=STD
U 0 -30 10 0 3 0 DATE=2012_05_22
E
