V 50
K 153165148200 xc7vx1140tflg1928
Y 1
D 0 0 400 420
Z 10
i 946
b 50 50 350 370
P 1 400 100 350 100 0 3 0
A 355 100 10 0 3 0 #=AV34
L 345 100 10 0 8 0 1 0 MGTREFCLK1N_210_AV34
A 405 100 10 0 2 0 PINTYPE=BI
P 2 400 110 350 110 0 3 0
A 355 110 10 0 3 0 #=AV33
L 345 110 10 0 8 0 1 0 MGTREFCLK1P_210_AV33
A 405 110 10 0 2 0 PINTYPE=BI
P 3 400 120 350 120 0 3 0
A 355 120 10 0 3 0 #=AU36
L 345 120 10 0 8 0 1 0 MGTREFCLK0N_210_AU36
A 405 120 10 0 2 0 PINTYPE=BI
P 4 400 130 350 130 0 3 0
A 355 130 10 0 3 0 #=AU35
L 345 130 10 0 8 0 1 0 MGTREFCLK0P_210_AU35
A 405 130 10 0 2 0 PINTYPE=BI
P 5 400 140 350 140 0 3 0
A 355 140 10 0 3 0 #=BB38
L 345 140 10 0 8 0 1 0 MGTHRXN3_210_BB38
A 405 140 10 0 2 0 PINTYPE=BI
P 6 400 150 350 150 0 3 0
A 355 150 10 0 3 0 #=BB37
L 345 150 10 0 8 0 1 0 MGTHRXP3_210_BB37
A 405 150 10 0 2 0 PINTYPE=BI
P 7 400 160 350 160 0 3 0
A 355 160 10 0 3 0 #=BB42
L 345 160 10 0 8 0 1 0 MGTHTXN3_210_BB42
A 405 160 10 0 2 0 PINTYPE=BI
P 8 400 170 350 170 0 3 0
A 355 170 10 0 3 0 #=BB41
L 345 170 10 0 8 0 1 0 MGTHTXP3_210_BB41
A 405 170 10 0 2 0 PINTYPE=BI
P 9 400 180 350 180 0 3 0
A 355 180 10 0 3 0 #=BB34
L 345 180 10 0 8 0 1 0 MGTHRXN2_210_BB34
A 405 180 10 0 2 0 PINTYPE=BI
P 10 400 190 350 190 0 3 0
A 355 190 10 0 3 0 #=BB33
L 345 190 10 0 8 0 1 0 MGTHRXP2_210_BB33
A 405 190 10 0 2 0 PINTYPE=BI
P 11 400 200 350 200 0 3 0
A 355 200 10 0 3 0 #=BC40
L 345 200 10 0 8 0 1 0 MGTHTXN2_210_BC40
A 405 200 10 0 2 0 PINTYPE=BI
P 12 400 210 350 210 0 3 0
A 355 210 10 0 3 0 #=BC39
L 345 210 10 0 8 0 1 0 MGTHTXP2_210_BC39
A 405 210 10 0 2 0 PINTYPE=BI
P 13 400 220 350 220 0 3 0
A 355 220 10 0 3 0 #=BC36
L 345 220 10 0 8 0 1 0 MGTHRXN1_210_BC36
A 405 220 10 0 2 0 PINTYPE=BI
P 14 400 230 350 230 0 3 0
A 355 230 10 0 3 0 #=BC35
L 345 230 10 0 8 0 1 0 MGTHRXP1_210_BC35
A 405 230 10 0 2 0 PINTYPE=BI
P 15 400 240 350 240 0 3 0
A 355 240 10 0 3 0 #=BD42
L 345 240 10 0 8 0 1 0 MGTHTXN1_210_BD42
A 405 240 10 0 2 0 PINTYPE=BI
P 16 400 250 350 250 0 3 0
A 355 250 10 0 3 0 #=BD41
L 345 250 10 0 8 0 1 0 MGTHTXP1_210_BD41
A 405 250 10 0 2 0 PINTYPE=BI
P 17 400 260 350 260 0 3 0
A 355 260 10 0 3 0 #=BD34
L 345 260 10 0 8 0 1 0 MGTHRXN0_210_BD34
A 405 260 10 0 2 0 PINTYPE=BI
P 18 400 270 350 270 0 3 0
A 355 270 10 0 3 0 #=BD33
L 345 270 10 0 8 0 1 0 MGTHRXP0_210_BD33
A 405 270 10 0 2 0 PINTYPE=BI
P 19 400 280 350 280 0 3 0
A 355 280 10 0 3 0 #=BD38
L 345 280 10 0 8 0 1 0 MGTHTXN0_210_BD38
A 405 280 10 0 2 0 PINTYPE=BI
P 20 400 290 350 290 0 3 0
A 355 290 10 0 3 0 #=BD37
L 345 290 10 0 8 0 1 0 MGTHTXP0_210_BD37
A 405 290 10 0 2 0 PINTYPE=BI
T 220 310 20 0 5 XC7VX1140TFLG1928
T 220 330 20 0 5 BANK 210
c 70 350 10
U 50 380 10 0 3 3 DEVICE=XXXXXX
U 50 30 16 0 3 3 REFDES=U?
U 250 30 10 0 3 3 PKG_TYPE=XXXXXX
U 0 0 10 0 3 0 HETERO=xc7vx1140tflg1928_0,xc7vx1140tflg1928_13,xc7vx1140tflg1928_14,xc7vx1140tflg1928_15,xc7vx1140tflg1928_16,xc7vx1140tflg1928_33,xc7vx1140tflg1928_34,xc7vx1140tflg1928_35,xc7vx1140tflg1928_36,xc7vx1140tflg1928_37,xc7vx1140tflg1928_38,xc7vx1140tflg1928_110,xc7vx1140tflg1928_111,xc7vx1140tflg1928_112,xc7vx1140tflg1928_113,xc7vx1140tflg1928_114,xc7vx1140tflg1928_115,xc7vx1140tflg1928_116,xc7vx1140tflg1928_117,xc7vx1140tflg1928_118,xc7vx1140tflg1928_119,xc7vx1140tflg1928_120,xc7vx1140tflg1928_121,xc7vx1140tflg1928_210,xc7vx1140tflg1928_211,xc7vx1140tflg1928_212,xc7vx1140tflg1928_213,xc7vx1140tflg1928_214,xc7vx1140tflg1928_215,xc7vx1140tflg1928_216,xc7vx1140tflg1928_217,xc7vx1140tflg1928_218,xc7vx1140tflg1928_219,xc7vx1140tflg1928_220,xc7vx1140tflg1928_221,xc7vx1140tflg1928_MGTAVCC_G11,xc7vx1140tflg1928_MGTAVCC_G12,xc7vx1140tflg1928_MGTAVCC_G13,xc7vx1140tflg1928_MGTAVCC_G20,xc7vx1140tflg1928_MGTAVCC_G21,xc7vx1140tflg1928_MGTAVCC_G22,xc7vx1140tflg1928_MGTAVCC_G23,xc7vx1140tflg1928_MGTAVCC_G10,xc7vx1140tflg1928_MGTAVTT_G11,xc7vx1140tflg1928_MGTAVTT_G12,xc7vx1140tflg1928_MGTAVTT_G13,xc7vx1140tflg1928_MGTAVTT_G20,xc7vx1140tflg1928_MGTAVTT_G21,xc7vx1140tflg1928_MGTAVTT_G22,xc7vx1140tflg1928_MGTAVTT_G23,xc7vx1140tflg1928_MGTAVTT_G10,xc7vx1140tflg1928_MGTVCCAUX_G11,xc7vx1140tflg1928_MGTVCCAUX_G12,xc7vx1140tflg1928_MGTVCCAUX_G13,xc7vx1140tflg1928_MGTVCCAUX_G20,xc7vx1140tflg1928_MGTVCCAUX_G21,xc7vx1140tflg1928_MGTVCCAUX_G22,xc7vx1140tflg1928_MGTVCCAUX_G23,xc7vx1140tflg1928_MGTVCCAUX_G10,xc7vx1140tflg1928_GND1,xc7vx1140tflg1928_GND2,xc7vx1140tflg1928_GND3,xc7vx1140tflg1928_VCCINT,xc7vx1140tflg1928_VCCAUX,xc7vx1140tflg1928_VCCAUX_IO_G0,xc7vx1140tflg1928_VCCAUX_IO_G1,xc7vx1140tflg1928_VCCAUX_IO_G2,xc7vx1140tflg1928_VCCAUX_IO_G3,xc7vx1140tflg1928_VCCBRAM
U 0 -10 10 0 3 0 PARTS=1
U 0 -20 10 0 3 0 LEVEL=STD
U 0 -30 10 0 3 0 DATE=2011_11_09
E
