V 50
K 153165148200 xc7vx690tffg1158
Y 1
D 0 0 400 620
Z 10
i 946
b 50 50 350 570
P 1 400 100 350 100 0 3 0
A 355 100 10 0 3 0 #=A17
L 345 100 10 0 8 0 1 0 GND_A17
A 405 100 10 0 2 0 PINTYPE=BI
P 2 400 110 350 110 0 3 0
A 355 110 10 0 3 0 #=A27
L 345 110 10 0 8 0 1 0 GND_A27
A 405 110 10 0 2 0 PINTYPE=BI
P 3 400 120 350 120 0 3 0
A 355 120 10 0 3 0 #=B14
L 345 120 10 0 8 0 1 0 GND_B14
A 405 120 10 0 2 0 PINTYPE=BI
P 4 400 130 350 130 0 3 0
A 355 130 10 0 3 0 #=B24
L 345 130 10 0 8 0 1 0 GND_B24
A 405 130 10 0 2 0 PINTYPE=BI
P 5 400 140 350 140 0 3 0
A 355 140 10 0 3 0 #=C11
L 345 140 10 0 8 0 1 0 GND_C11
A 405 140 10 0 2 0 PINTYPE=BI
P 6 400 150 350 150 0 3 0
A 355 150 10 0 3 0 #=C21
L 345 150 10 0 8 0 1 0 GND_C21
A 405 150 10 0 2 0 PINTYPE=BI
P 7 400 160 350 160 0 3 0
A 355 160 10 0 3 0 #=D8
L 345 160 10 0 8 0 1 0 GND_D8
A 405 160 10 0 2 0 PINTYPE=BI
P 8 400 170 350 170 0 3 0
A 355 170 10 0 3 0 #=D18
L 345 170 10 0 8 0 1 0 GND_D18
A 405 170 10 0 2 0 PINTYPE=BI
P 9 400 180 350 180 0 3 0
A 355 180 10 0 3 0 #=E15
L 345 180 10 0 8 0 1 0 GND_E15
A 405 180 10 0 2 0 PINTYPE=BI
P 10 400 190 350 190 0 3 0
A 355 190 10 0 3 0 #=E25
L 345 190 10 0 8 0 1 0 GND_E25
A 405 190 10 0 2 0 PINTYPE=BI
P 11 400 200 350 200 0 3 0
A 355 200 10 0 3 0 #=F12
L 345 200 10 0 8 0 1 0 GND_F12
A 405 200 10 0 2 0 PINTYPE=BI
P 12 400 210 350 210 0 3 0
A 355 210 10 0 3 0 #=F22
L 345 210 10 0 8 0 1 0 GND_F22
A 405 210 10 0 2 0 PINTYPE=BI
P 13 400 220 350 220 0 3 0
A 355 220 10 0 3 0 #=G19
L 345 220 10 0 8 0 1 0 GND_G19
A 405 220 10 0 2 0 PINTYPE=BI
P 14 400 230 350 230 0 3 0
A 355 230 10 0 3 0 #=H16
L 345 230 10 0 8 0 1 0 GND_H16
A 405 230 10 0 2 0 PINTYPE=BI
P 15 400 240 350 240 0 3 0
A 355 240 10 0 3 0 #=J13
L 345 240 10 0 8 0 1 0 GND_J13
A 405 240 10 0 2 0 PINTYPE=BI
P 16 400 250 350 250 0 3 0
A 355 250 10 0 3 0 #=J23
L 345 250 10 0 8 0 1 0 GND_J23
A 405 250 10 0 2 0 PINTYPE=BI
P 17 400 260 350 260 0 3 0
A 355 260 10 0 3 0 #=K10
L 345 260 10 0 8 0 1 0 GND_K10
A 405 260 10 0 2 0 PINTYPE=BI
P 18 400 270 350 270 0 3 0
A 355 270 10 0 3 0 #=K20
L 345 270 10 0 8 0 1 0 GND_K20
A 405 270 10 0 2 0 PINTYPE=BI
P 19 400 280 350 280 0 3 0
A 355 280 10 0 3 0 #=L17
L 345 280 10 0 8 0 1 0 GND_L17
A 405 280 10 0 2 0 PINTYPE=BI
P 20 400 290 350 290 0 3 0
A 355 290 10 0 3 0 #=M14
L 345 290 10 0 8 0 1 0 GND_M14
A 405 290 10 0 2 0 PINTYPE=BI
P 21 400 300 350 300 0 3 0
A 355 300 10 0 3 0 #=M24
L 345 300 10 0 8 0 1 0 GND_M24
A 405 300 10 0 2 0 PINTYPE=BI
P 22 400 310 350 310 0 3 0
A 355 310 10 0 3 0 #=N11
L 345 310 10 0 8 0 1 0 GND_N11
A 405 310 10 0 2 0 PINTYPE=BI
P 23 400 320 350 320 0 3 0
A 355 320 10 0 3 0 #=N21
L 345 320 10 0 8 0 1 0 GND_N21
A 405 320 10 0 2 0 PINTYPE=BI
P 24 400 330 350 330 0 3 0
A 355 330 10 0 3 0 #=P18
L 345 330 10 0 8 0 1 0 GND_P18
A 405 330 10 0 2 0 PINTYPE=BI
P 25 400 340 350 340 0 3 0
A 355 340 10 0 3 0 #=AF12
L 345 340 10 0 8 0 1 0 GND_AF12
A 405 340 10 0 2 0 PINTYPE=BI
P 26 400 350 350 350 0 3 0
A 355 350 10 0 3 0 #=AF22
L 345 350 10 0 8 0 1 0 GND_AF22
A 405 350 10 0 2 0 PINTYPE=BI
P 27 400 360 350 360 0 3 0
A 355 360 10 0 3 0 #=AG19
L 345 360 10 0 8 0 1 0 GND_AG19
A 405 360 10 0 2 0 PINTYPE=BI
P 28 400 370 350 370 0 3 0
A 355 370 10 0 3 0 #=AH16
L 345 370 10 0 8 0 1 0 GND_AH16
A 405 370 10 0 2 0 PINTYPE=BI
P 29 400 380 350 380 0 3 0
A 355 380 10 0 3 0 #=AJ13
L 345 380 10 0 8 0 1 0 GND_AJ13
A 405 380 10 0 2 0 PINTYPE=BI
P 30 400 390 350 390 0 3 0
A 355 390 10 0 3 0 #=AJ23
L 345 390 10 0 8 0 1 0 GND_AJ23
A 405 390 10 0 2 0 PINTYPE=BI
P 31 400 400 350 400 0 3 0
A 355 400 10 0 3 0 #=AK10
L 345 400 10 0 8 0 1 0 GND_AK10
A 405 400 10 0 2 0 PINTYPE=BI
P 32 400 410 350 410 0 3 0
A 355 410 10 0 3 0 #=AK20
L 345 410 10 0 8 0 1 0 GND_AK20
A 405 410 10 0 2 0 PINTYPE=BI
P 33 400 420 350 420 0 3 0
A 355 420 10 0 3 0 #=AL17
L 345 420 10 0 8 0 1 0 GND_AL17
A 405 420 10 0 2 0 PINTYPE=BI
P 34 400 430 350 430 0 3 0
A 355 430 10 0 3 0 #=AL27
L 345 430 10 0 8 0 1 0 GND_AL27
A 405 430 10 0 2 0 PINTYPE=BI
P 35 400 440 350 440 0 3 0
A 355 440 10 0 3 0 #=AM14
L 345 440 10 0 8 0 1 0 GND_AM14
A 405 440 10 0 2 0 PINTYPE=BI
P 36 400 450 350 450 0 3 0
A 355 450 10 0 3 0 #=AM24
L 345 450 10 0 8 0 1 0 GND_AM24
A 405 450 10 0 2 0 PINTYPE=BI
P 37 400 460 350 460 0 3 0
A 355 460 10 0 3 0 #=AN11
L 345 460 10 0 8 0 1 0 GND_AN11
A 405 460 10 0 2 0 PINTYPE=BI
P 38 400 470 350 470 0 3 0
A 355 470 10 0 3 0 #=AN21
L 345 470 10 0 8 0 1 0 GND_AN21
A 405 470 10 0 2 0 PINTYPE=BI
P 39 400 480 350 480 0 3 0
A 355 480 10 0 3 0 #=AP8
L 345 480 10 0 8 0 1 0 GND_AP8
A 405 480 10 0 2 0 PINTYPE=BI
P 40 400 490 350 490 0 3 0
A 355 490 10 0 3 0 #=AP18
L 345 490 10 0 8 0 1 0 GND_AP18
A 405 490 10 0 2 0 PINTYPE=BI
T 220 510 20 0 5 XC7VX690TFFG1158
T 220 530 20 0 5 BANK GND_H
c 70 550 10
U 50 580 10 0 3 3 DEVICE=XXXXXX
U 50 30 16 0 3 3 REFDES=U?
U 250 30 10 0 3 3 PKG_TYPE=XXXXXX
U 0 0 10 0 3 0 HETERO=xc7vx690tffg1158_0_H,xc7vx690tffg1158_14_H,xc7vx690tffg1158_15_H,xc7vx690tffg1158_16_H,xc7vx690tffg1158_17_H,xc7vx690tffg1158_34_H,xc7vx690tffg1158_35_H,xc7vx690tffg1158_36_H,xc7vx690tffg1158_GND_H
U 0 -10 10 0 3 0 PARTS=1
U 0 -20 10 0 3 0 LEVEL=STD
U 0 -30 10 0 3 0 DATE=2011_09_22
E
