V 50
K 153165148200 xc7v2000tflg1925
Y 1
D 0 0 400 440
Z 10
i 946
b 50 50 350 390
P 1 400 100 350 100 0 3 0
A 355 100 10 0 3 0 #=BC7
L 345 100 10 0 8 0 1 0 MGTRREF_112_BC7
A 405 100 10 0 2 0 PINTYPE=BI
P 2 400 110 350 110 0 3 0
A 355 110 10 0 3 0 #=BC8
L 345 110 10 0 8 0 1 0 MGTAVTTRCAL_112_BC8
A 405 110 10 0 2 0 PINTYPE=BI
P 3 400 120 350 120 0 3 0
A 355 120 10 0 3 0 #=BA7
L 345 120 10 0 8 0 1 0 MGTREFCLK1N_112_BA7
A 405 120 10 0 2 0 PINTYPE=BI
P 4 400 130 350 130 0 3 0
A 355 130 10 0 3 0 #=BA8
L 345 130 10 0 8 0 1 0 MGTREFCLK1P_112_BA8
A 405 130 10 0 2 0 PINTYPE=BI
P 5 400 140 350 140 0 3 0
A 355 140 10 0 3 0 #=AW7
L 345 140 10 0 8 0 1 0 MGTREFCLK0N_112_AW7
A 405 140 10 0 2 0 PINTYPE=BI
P 6 400 150 350 150 0 3 0
A 355 150 10 0 3 0 #=AW8
L 345 150 10 0 8 0 1 0 MGTREFCLK0P_112_AW8
A 405 150 10 0 2 0 PINTYPE=BI
P 7 400 160 350 160 0 3 0
A 355 160 10 0 3 0 #=AW3
L 345 160 10 0 8 0 1 0 MGTXRXN3_112_AW3
A 405 160 10 0 2 0 PINTYPE=BI
P 8 400 170 350 170 0 3 0
A 355 170 10 0 3 0 #=AW4
L 345 170 10 0 8 0 1 0 MGTXRXP3_112_AW4
A 405 170 10 0 2 0 PINTYPE=BI
P 9 400 180 350 180 0 3 0
A 355 180 10 0 3 0 #=AY1
L 345 180 10 0 8 0 1 0 MGTXTXN3_112_AY1
A 405 180 10 0 2 0 PINTYPE=BI
P 10 400 190 350 190 0 3 0
A 355 190 10 0 3 0 #=AY2
L 345 190 10 0 8 0 1 0 MGTXTXP3_112_AY2
A 405 190 10 0 2 0 PINTYPE=BI
P 11 400 200 350 200 0 3 0
A 355 200 10 0 3 0 #=AY5
L 345 200 10 0 8 0 1 0 MGTXRXN2_112_AY5
A 405 200 10 0 2 0 PINTYPE=BI
P 12 400 210 350 210 0 3 0
A 355 210 10 0 3 0 #=AY6
L 345 210 10 0 8 0 1 0 MGTXRXP2_112_AY6
A 405 210 10 0 2 0 PINTYPE=BI
P 13 400 220 350 220 0 3 0
A 355 220 10 0 3 0 #=BA3
L 345 220 10 0 8 0 1 0 MGTXTXN2_112_BA3
A 405 220 10 0 2 0 PINTYPE=BI
P 14 400 230 350 230 0 3 0
A 355 230 10 0 3 0 #=BA4
L 345 230 10 0 8 0 1 0 MGTXTXP2_112_BA4
A 405 230 10 0 2 0 PINTYPE=BI
P 15 400 240 350 240 0 3 0
A 355 240 10 0 3 0 #=BB5
L 345 240 10 0 8 0 1 0 MGTXRXN1_112_BB5
A 405 240 10 0 2 0 PINTYPE=BI
P 16 400 250 350 250 0 3 0
A 355 250 10 0 3 0 #=BB6
L 345 250 10 0 8 0 1 0 MGTXRXP1_112_BB6
A 405 250 10 0 2 0 PINTYPE=BI
P 17 400 260 350 260 0 3 0
A 355 260 10 0 3 0 #=BB1
L 345 260 10 0 8 0 1 0 MGTXTXN1_112_BB1
A 405 260 10 0 2 0 PINTYPE=BI
P 18 400 270 350 270 0 3 0
A 355 270 10 0 3 0 #=BB2
L 345 270 10 0 8 0 1 0 MGTXTXP1_112_BB2
A 405 270 10 0 2 0 PINTYPE=BI
P 19 400 280 350 280 0 3 0
A 355 280 10 0 3 0 #=BD5
L 345 280 10 0 8 0 1 0 MGTXRXN0_112_BD5
A 405 280 10 0 2 0 PINTYPE=BI
P 20 400 290 350 290 0 3 0
A 355 290 10 0 3 0 #=BD6
L 345 290 10 0 8 0 1 0 MGTXRXP0_112_BD6
A 405 290 10 0 2 0 PINTYPE=BI
P 21 400 300 350 300 0 3 0
A 355 300 10 0 3 0 #=BC3
L 345 300 10 0 8 0 1 0 MGTXTXN0_112_BC3
A 405 300 10 0 2 0 PINTYPE=BI
P 22 400 310 350 310 0 3 0
A 355 310 10 0 3 0 #=BC4
L 345 310 10 0 8 0 1 0 MGTXTXP0_112_BC4
A 405 310 10 0 2 0 PINTYPE=BI
T 220 330 20 0 5 XC7V2000TFLG1925
T 220 350 20 0 5 BANK 112
c 70 370 10
U 50 400 10 0 3 3 DEVICE=XXXXXX
U 50 30 16 0 3 3 REFDES=U?
U 250 30 10 0 3 3 PKG_TYPE=XXXXXX
U 0 0 10 0 3 0 HETERO=xc7v2000tflg1925_0,xc7v2000tflg1925_11,xc7v2000tflg1925_12,xc7v2000tflg1925_13,xc7v2000tflg1925_14,xc7v2000tflg1925_15,xc7v2000tflg1925_16,xc7v2000tflg1925_17,xc7v2000tflg1925_18,xc7v2000tflg1925_19,xc7v2000tflg1925_20,xc7v2000tflg1925_21,xc7v2000tflg1925_22,xc7v2000tflg1925_31,xc7v2000tflg1925_32,xc7v2000tflg1925_33,xc7v2000tflg1925_34,xc7v2000tflg1925_35,xc7v2000tflg1925_36,xc7v2000tflg1925_37,xc7v2000tflg1925_38,xc7v2000tflg1925_39,xc7v2000tflg1925_40,xc7v2000tflg1925_41,xc7v2000tflg1925_42,xc7v2000tflg1925_112,xc7v2000tflg1925_113,xc7v2000tflg1925_114,xc7v2000tflg1925_115,xc7v2000tflg1925_MGTVCCAUX_G11,xc7v2000tflg1925_MGTVCCAUX_G10,xc7v2000tflg1925_MGTAVCC_G11,xc7v2000tflg1925_MGTAVCC_G10,xc7v2000tflg1925_MGTAVTT_G11,xc7v2000tflg1925_MGTAVTT_G10,xc7v2000tflg1925_GND1,xc7v2000tflg1925_GND2,xc7v2000tflg1925_VCCINT,xc7v2000tflg1925_VCCAUX,xc7v2000tflg1925_VCCAUX_IO_G0,xc7v2000tflg1925_VCCAUX_IO_G1,xc7v2000tflg1925_VCCAUX_IO_G2,xc7v2000tflg1925_VCCAUX_IO_G3,xc7v2000tflg1925_VCCAUX_IO_G4,xc7v2000tflg1925_VCCAUX_IO_G5,xc7v2000tflg1925_VCCAUX_IO_G6,xc7v2000tflg1925_VCCAUX_IO_G7,xc7v2000tflg1925_VCCBRAM
U 0 -10 10 0 3 0 PARTS=1
U 0 -20 10 0 3 0 LEVEL=STD
U 0 -30 10 0 3 0 DATE=2011_04_21
E
