V 50
K 153165148200 xc7v2000tflg1925
Y 1
D 0 0 400 320
Z 10
i 946
b 50 50 350 270
P 1 400 100 350 100 0 3 0
A 355 100 10 0 3 0 #=AA22
L 345 100 10 0 8 0 1 0 VCCBRAM_AA22
A 405 100 10 0 2 0 PINTYPE=BI
P 2 400 110 350 110 0 3 0
A 355 110 10 0 3 0 #=AC22
L 345 110 10 0 8 0 1 0 VCCBRAM_AC22
A 405 110 10 0 2 0 PINTYPE=BI
P 3 400 120 350 120 0 3 0
A 355 120 10 0 3 0 #=AE22
L 345 120 10 0 8 0 1 0 VCCBRAM_AE22
A 405 120 10 0 2 0 PINTYPE=BI
P 4 400 130 350 130 0 3 0
A 355 130 10 0 3 0 #=AF21
L 345 130 10 0 8 0 1 0 VCCBRAM_AF21
A 405 130 10 0 2 0 PINTYPE=BI
P 5 400 140 350 140 0 3 0
A 355 140 10 0 3 0 #=AG22
L 345 140 10 0 8 0 1 0 VCCBRAM_AG22
A 405 140 10 0 2 0 PINTYPE=BI
P 6 400 150 350 150 0 3 0
A 355 150 10 0 3 0 #=AH21
L 345 150 10 0 8 0 1 0 VCCBRAM_AH21
A 405 150 10 0 2 0 PINTYPE=BI
P 7 400 160 350 160 0 3 0
A 355 160 10 0 3 0 #=U22
L 345 160 10 0 8 0 1 0 VCCBRAM_U22
A 405 160 10 0 2 0 PINTYPE=BI
P 8 400 170 350 170 0 3 0
A 355 170 10 0 3 0 #=V21
L 345 170 10 0 8 0 1 0 VCCBRAM_V21
A 405 170 10 0 2 0 PINTYPE=BI
P 9 400 180 350 180 0 3 0
A 355 180 10 0 3 0 #=W22
L 345 180 10 0 8 0 1 0 VCCBRAM_W22
A 405 180 10 0 2 0 PINTYPE=BI
P 10 400 190 350 190 0 3 0
A 355 190 10 0 3 0 #=Y21
L 345 190 10 0 8 0 1 0 VCCBRAM_Y21
A 405 190 10 0 2 0 PINTYPE=BI
T 220 210 20 0 5 XC7V2000TFLG1925
T 220 230 20 0 5 BANK VCCBRAM
c 70 250 10
U 50 280 10 0 3 3 DEVICE=XXXXXX
U 50 30 16 0 3 3 REFDES=U?
U 250 30 10 0 3 3 PKG_TYPE=XXXXXX
U 0 0 10 0 3 0 HETERO=xc7v2000tflg1925_0,xc7v2000tflg1925_11,xc7v2000tflg1925_12,xc7v2000tflg1925_13,xc7v2000tflg1925_14,xc7v2000tflg1925_15,xc7v2000tflg1925_16,xc7v2000tflg1925_17,xc7v2000tflg1925_18,xc7v2000tflg1925_19,xc7v2000tflg1925_20,xc7v2000tflg1925_21,xc7v2000tflg1925_22,xc7v2000tflg1925_31,xc7v2000tflg1925_32,xc7v2000tflg1925_33,xc7v2000tflg1925_34,xc7v2000tflg1925_35,xc7v2000tflg1925_36,xc7v2000tflg1925_37,xc7v2000tflg1925_38,xc7v2000tflg1925_39,xc7v2000tflg1925_40,xc7v2000tflg1925_41,xc7v2000tflg1925_42,xc7v2000tflg1925_112,xc7v2000tflg1925_113,xc7v2000tflg1925_114,xc7v2000tflg1925_115,xc7v2000tflg1925_MGTVCCAUX_G11,xc7v2000tflg1925_MGTVCCAUX_G10,xc7v2000tflg1925_MGTAVCC_G11,xc7v2000tflg1925_MGTAVCC_G10,xc7v2000tflg1925_MGTAVTT_G11,xc7v2000tflg1925_MGTAVTT_G10,xc7v2000tflg1925_GND1,xc7v2000tflg1925_GND2,xc7v2000tflg1925_VCCINT,xc7v2000tflg1925_VCCAUX,xc7v2000tflg1925_VCCAUX_IO_G0,xc7v2000tflg1925_VCCAUX_IO_G1,xc7v2000tflg1925_VCCAUX_IO_G2,xc7v2000tflg1925_VCCAUX_IO_G3,xc7v2000tflg1925_VCCAUX_IO_G4,xc7v2000tflg1925_VCCAUX_IO_G5,xc7v2000tflg1925_VCCAUX_IO_G6,xc7v2000tflg1925_VCCAUX_IO_G7,xc7v2000tflg1925_VCCBRAM
U 0 -10 10 0 3 0 PARTS=1
U 0 -20 10 0 3 0 LEVEL=STD
U 0 -30 10 0 3 0 DATE=2011_04_21
E
