V 50
K 153165148200 xc7vh870thcg1931
Y 1
D 0 0 400 420
Z 10
i 946
b 50 50 350 370
P 1 400 100 350 100 0 3 0
A 355 100 10 0 3 0 #=AL40
L 345 100 10 0 8 0 1 0 MGTREFCLK1N_214_AL40
A 405 100 10 0 2 0 PINTYPE=BI
P 2 400 110 350 110 0 3 0
A 355 110 10 0 3 0 #=AL39
L 345 110 10 0 8 0 1 0 MGTREFCLK1P_214_AL39
A 405 110 10 0 2 0 PINTYPE=BI
P 3 400 120 350 120 0 3 0
A 355 120 10 0 3 0 #=AJ40
L 345 120 10 0 8 0 1 0 MGTREFCLK0N_214_AJ40
A 405 120 10 0 2 0 PINTYPE=BI
P 4 400 130 350 130 0 3 0
A 355 130 10 0 3 0 #=AJ39
L 345 130 10 0 8 0 1 0 MGTREFCLK0P_214_AJ39
A 405 130 10 0 2 0 PINTYPE=BI
P 5 400 140 350 140 0 3 0
A 355 140 10 0 3 0 #=AK42
L 345 140 10 0 8 0 1 0 MGTHRXN3_214_AK42
A 405 140 10 0 2 0 PINTYPE=BI
P 6 400 150 350 150 0 3 0
A 355 150 10 0 3 0 #=AK41
L 345 150 10 0 8 0 1 0 MGTHRXP3_214_AK41
A 405 150 10 0 2 0 PINTYPE=BI
P 7 400 160 350 160 0 3 0
A 355 160 10 0 3 0 #=AL44
L 345 160 10 0 8 0 1 0 MGTHTXN3_214_AL44
A 405 160 10 0 2 0 PINTYPE=BI
P 8 400 170 350 170 0 3 0
A 355 170 10 0 3 0 #=AL43
L 345 170 10 0 8 0 1 0 MGTHTXP3_214_AL43
A 405 170 10 0 2 0 PINTYPE=BI
P 9 400 180 350 180 0 3 0
A 355 180 10 0 3 0 #=AM42
L 345 180 10 0 8 0 1 0 MGTHRXN2_214_AM42
A 405 180 10 0 2 0 PINTYPE=BI
P 10 400 190 350 190 0 3 0
A 355 190 10 0 3 0 #=AM41
L 345 190 10 0 8 0 1 0 MGTHRXP2_214_AM41
A 405 190 10 0 2 0 PINTYPE=BI
P 11 400 200 350 200 0 3 0
A 355 200 10 0 3 0 #=AN44
L 345 200 10 0 8 0 1 0 MGTHTXN2_214_AN44
A 405 200 10 0 2 0 PINTYPE=BI
P 12 400 210 350 210 0 3 0
A 355 210 10 0 3 0 #=AN43
L 345 210 10 0 8 0 1 0 MGTHTXP2_214_AN43
A 405 210 10 0 2 0 PINTYPE=BI
P 13 400 220 350 220 0 3 0
A 355 220 10 0 3 0 #=AP42
L 345 220 10 0 8 0 1 0 MGTHRXN1_214_AP42
A 405 220 10 0 2 0 PINTYPE=BI
P 14 400 230 350 230 0 3 0
A 355 230 10 0 3 0 #=AP41
L 345 230 10 0 8 0 1 0 MGTHRXP1_214_AP41
A 405 230 10 0 2 0 PINTYPE=BI
P 15 400 240 350 240 0 3 0
A 355 240 10 0 3 0 #=AR44
L 345 240 10 0 8 0 1 0 MGTHTXN1_214_AR44
A 405 240 10 0 2 0 PINTYPE=BI
P 16 400 250 350 250 0 3 0
A 355 250 10 0 3 0 #=AR43
L 345 250 10 0 8 0 1 0 MGTHTXP1_214_AR43
A 405 250 10 0 2 0 PINTYPE=BI
P 17 400 260 350 260 0 3 0
A 355 260 10 0 3 0 #=AT42
L 345 260 10 0 8 0 1 0 MGTHRXN0_214_AT42
A 405 260 10 0 2 0 PINTYPE=BI
P 18 400 270 350 270 0 3 0
A 355 270 10 0 3 0 #=AT41
L 345 270 10 0 8 0 1 0 MGTHRXP0_214_AT41
A 405 270 10 0 2 0 PINTYPE=BI
P 19 400 280 350 280 0 3 0
A 355 280 10 0 3 0 #=AU44
L 345 280 10 0 8 0 1 0 MGTHTXN0_214_AU44
A 405 280 10 0 2 0 PINTYPE=BI
P 20 400 290 350 290 0 3 0
A 355 290 10 0 3 0 #=AU43
L 345 290 10 0 8 0 1 0 MGTHTXP0_214_AU43
A 405 290 10 0 2 0 PINTYPE=BI
T 220 310 20 0 5 XC7VH870THCG1931
T 220 330 20 0 5 BANK 214
c 70 350 10
U 50 380 10 0 3 3 DEVICE=XXXXXX
U 50 30 16 0 3 3 REFDES=U?
U 250 30 10 0 3 3 PKG_TYPE=XXXXXX
U 0 0 10 0 3 0 HETERO=xc7vh870thcg1931_0,xc7vh870thcg1931_13,xc7vh870thcg1931_14,xc7vh870thcg1931_15,xc7vh870thcg1931_16,xc7vh870thcg1931_17,xc7vh870thcg1931_18,xc7vh870thcg1931_32,xc7vh870thcg1931_33,xc7vh870thcg1931_34,xc7vh870thcg1931_35,xc7vh870thcg1931_36,xc7vh870thcg1931_37,xc7vh870thcg1931_38,xc7vh870thcg1931_113,xc7vh870thcg1931_114,xc7vh870thcg1931_115,xc7vh870thcg1931_116,xc7vh870thcg1931_117,xc7vh870thcg1931_118,xc7vh870thcg1931_213,xc7vh870thcg1931_214,xc7vh870thcg1931_215,xc7vh870thcg1931_216,xc7vh870thcg1931_217,xc7vh870thcg1931_218,xc7vh870thcg1931_300,xc7vh870thcg1931_MGTAVCC_G11,xc7vh870thcg1931_MGTAVCC_G12,xc7vh870thcg1931_MGTAVCC_G21,xc7vh870thcg1931_MGTAVCC_G22,xc7vh870thcg1931_MGTVCCAUX_G11,xc7vh870thcg1931_MGTVCCAUX_G21,xc7vh870thcg1931_MGTVCCAUX_G12,xc7vh870thcg1931_MGTVCCAUX_G22,xc7vh870thcg1931_MGTAVTT_G11,xc7vh870thcg1931_MGTAVTT_G12,xc7vh870thcg1931_MGTAVTT_G21,xc7vh870thcg1931_MGTAVTT_G22,xc7vh870thcg1931_GND1,xc7vh870thcg1931_GND2,xc7vh870thcg1931_GND3,xc7vh870thcg1931_VCCINT,xc7vh870thcg1931_VCCAUX,xc7vh870thcg1931_VCCAUX_IO_G0,xc7vh870thcg1931_VCCAUX_IO_G1,xc7vh870thcg1931_VCCAUX_IO_G2,xc7vh870thcg1931_VCCAUX_IO_G3,xc7vh870thcg1931_VCCBRAM
U 0 -10 10 0 3 0 PARTS=1
U 0 -20 10 0 3 0 LEVEL=STD
U 0 -30 10 0 3 0 DATE=2012_04_19
E
