V 50
K 153165148200 xc7vx1140tflg1928
Y 1
D 0 0 400 450
Z 10
i 946
b 50 50 350 400
P 1 0 100 50 100 0 2 0
A 45 100 10 0 9 0 #=V33
L 55 100 10 0 2 0 1 0 VCCO_0_V33
A 10 100 10 0 2 0 PINTYPE=BI
P 2 0 110 50 110 0 2 0
A 45 110 10 0 9 0 #=Y33
L 55 110 10 0 2 0 1 0 VCCO_0_Y33
A 10 110 10 0 2 0 PINTYPE=BI
P 3 400 100 350 100 0 3 0
A 355 100 10 0 3 0 #=AF13
L 345 100 10 0 8 0 1 0 M1_0_AF13
A 405 100 10 0 2 0 PINTYPE=BI
P 4 400 110 350 110 0 3 0
A 355 110 10 0 3 0 #=AG12
L 345 110 10 0 8 0 1 0 M0_0_AG12
A 405 110 10 0 2 0 PINTYPE=BI
P 5 400 120 350 120 0 3 0
A 355 120 10 0 3 0 #=AE12
L 345 120 10 0 8 0 1 0 M2_0_AE12
A 405 120 10 0 2 0 PINTYPE=BI
P 6 400 130 350 130 0 3 0
A 355 130 10 0 3 0 #=AA12
L 345 130 10 0 8 0 1 0 DONE_0_AA12
A 405 130 10 0 2 0 PINTYPE=BI
P 7 400 140 350 140 0 3 0
A 355 140 10 0 3 0 #=AC12
L 345 140 10 0 8 0 1 0 CFGBVS_0_AC12
A 405 140 10 0 2 0 PINTYPE=BI
P 8 400 150 350 150 0 3 0
A 355 150 10 0 3 0 #=AB13
L 345 150 10 0 8 0 1 0 PROGRAM_B_0_AB13
A 405 150 10 0 2 0 PINTYPE=BI
P 9 400 160 350 160 0 3 0
A 355 160 10 0 3 0 #=W12
L 345 160 10 0 8 0 1 0 INIT_B_0_W12
A 405 160 10 0 2 0 PINTYPE=BI
P 10 400 170 350 170 0 3 0
A 355 170 10 0 3 0 #=AG32
L 345 170 10 0 8 0 1 0 TDI_0_AG32
A 405 170 10 0 2 0 PINTYPE=BI
P 11 400 180 350 180 0 3 0
A 355 180 10 0 3 0 #=AD33
L 345 180 10 0 8 0 1 0 TDO_0_AD33
A 405 180 10 0 2 0 PINTYPE=BI
P 12 400 190 350 190 0 3 0
A 355 190 10 0 3 0 #=AF33
L 345 190 10 0 8 0 1 0 TMS_0_AF33
A 405 190 10 0 2 0 PINTYPE=BI
P 13 400 200 350 200 0 3 0
A 355 200 10 0 3 0 #=AE32
L 345 200 10 0 8 0 1 0 TCK_0_AE32
A 405 200 10 0 2 0 PINTYPE=BI
P 14 400 210 350 210 0 3 0
A 355 210 10 0 3 0 #=AB33
L 345 210 10 0 8 0 1 0 CCLK_0_AB33
A 405 210 10 0 2 0 PINTYPE=BI
P 15 400 220 350 220 0 3 0
A 355 220 10 0 3 0 #=AA32
L 345 220 10 0 8 0 1 0 VCCBATT_0_AA32
A 405 220 10 0 2 0 PINTYPE=BI
P 16 400 230 350 230 0 3 0
A 355 230 10 0 3 0 #=AC22
L 345 230 10 0 8 0 1 0 VN_0_AC22
A 405 230 10 0 2 0 PINTYPE=BI
P 17 400 240 350 240 0 3 0
A 355 240 10 0 3 0 #=AB23
L 345 240 10 0 8 0 1 0 VP_0_AB23
A 405 240 10 0 2 0 PINTYPE=BI
P 18 400 250 350 250 0 3 0
A 355 250 10 0 3 0 #=AC23
L 345 250 10 0 8 0 1 0 VREFP_0_AC23
A 405 250 10 0 2 0 PINTYPE=BI
P 19 400 260 350 260 0 3 0
A 355 260 10 0 3 0 #=AB22
L 345 260 10 0 8 0 1 0 VREFN_0_AB22
A 405 260 10 0 2 0 PINTYPE=BI
P 20 400 270 350 270 0 3 0
A 355 270 10 0 3 0 #=AD23
L 345 270 10 0 8 0 1 0 DXP_0_AD23
A 405 270 10 0 2 0 PINTYPE=BI
P 21 400 280 350 280 0 3 0
A 355 280 10 0 3 0 #=AA22
L 345 280 10 0 8 0 1 0 GNDADC_0_AA22
A 405 280 10 0 2 0 PINTYPE=BI
P 22 400 290 350 290 0 3 0
A 355 290 10 0 3 0 #=AA23
L 345 290 10 0 8 0 1 0 VCCADC_0_AA23
A 405 290 10 0 2 0 PINTYPE=BI
P 23 400 300 350 300 0 3 0
A 355 300 10 0 3 0 #=AD22
L 345 300 10 0 8 0 1 0 DXN_0_AD22
A 405 300 10 0 2 0 PINTYPE=BI
T 220 320 20 0 5 XC7VX1140TFLG1928
T 220 340 20 0 5 BANK 0
c 70 380 10
U 50 410 10 0 3 3 DEVICE=XXXXXX
U 50 30 16 0 3 3 REFDES=U?
U 250 30 10 0 3 3 PKG_TYPE=XXXXXX
U 0 0 10 0 3 0 HETERO=xc7vx1140tflg1928_0,xc7vx1140tflg1928_13,xc7vx1140tflg1928_14,xc7vx1140tflg1928_15,xc7vx1140tflg1928_16,xc7vx1140tflg1928_33,xc7vx1140tflg1928_34,xc7vx1140tflg1928_35,xc7vx1140tflg1928_36,xc7vx1140tflg1928_37,xc7vx1140tflg1928_38,xc7vx1140tflg1928_110,xc7vx1140tflg1928_111,xc7vx1140tflg1928_112,xc7vx1140tflg1928_113,xc7vx1140tflg1928_114,xc7vx1140tflg1928_115,xc7vx1140tflg1928_116,xc7vx1140tflg1928_117,xc7vx1140tflg1928_118,xc7vx1140tflg1928_119,xc7vx1140tflg1928_120,xc7vx1140tflg1928_121,xc7vx1140tflg1928_210,xc7vx1140tflg1928_211,xc7vx1140tflg1928_212,xc7vx1140tflg1928_213,xc7vx1140tflg1928_214,xc7vx1140tflg1928_215,xc7vx1140tflg1928_216,xc7vx1140tflg1928_217,xc7vx1140tflg1928_218,xc7vx1140tflg1928_219,xc7vx1140tflg1928_220,xc7vx1140tflg1928_221,xc7vx1140tflg1928_MGTAVCC_G11,xc7vx1140tflg1928_MGTAVCC_G12,xc7vx1140tflg1928_MGTAVCC_G13,xc7vx1140tflg1928_MGTAVCC_G20,xc7vx1140tflg1928_MGTAVCC_G21,xc7vx1140tflg1928_MGTAVCC_G22,xc7vx1140tflg1928_MGTAVCC_G23,xc7vx1140tflg1928_MGTAVCC_G10,xc7vx1140tflg1928_MGTAVTT_G11,xc7vx1140tflg1928_MGTAVTT_G12,xc7vx1140tflg1928_MGTAVTT_G13,xc7vx1140tflg1928_MGTAVTT_G20,xc7vx1140tflg1928_MGTAVTT_G21,xc7vx1140tflg1928_MGTAVTT_G22,xc7vx1140tflg1928_MGTAVTT_G23,xc7vx1140tflg1928_MGTAVTT_G10,xc7vx1140tflg1928_MGTVCCAUX_G11,xc7vx1140tflg1928_MGTVCCAUX_G12,xc7vx1140tflg1928_MGTVCCAUX_G13,xc7vx1140tflg1928_MGTVCCAUX_G20,xc7vx1140tflg1928_MGTVCCAUX_G21,xc7vx1140tflg1928_MGTVCCAUX_G22,xc7vx1140tflg1928_MGTVCCAUX_G23,xc7vx1140tflg1928_MGTVCCAUX_G10,xc7vx1140tflg1928_GND1,xc7vx1140tflg1928_GND2,xc7vx1140tflg1928_GND3,xc7vx1140tflg1928_VCCINT,xc7vx1140tflg1928_VCCAUX,xc7vx1140tflg1928_VCCAUX_IO_G0,xc7vx1140tflg1928_VCCAUX_IO_G1,xc7vx1140tflg1928_VCCAUX_IO_G2,xc7vx1140tflg1928_VCCAUX_IO_G3,xc7vx1140tflg1928_VCCBRAM
U 0 -10 10 0 3 0 PARTS=1
U 0 -20 10 0 3 0 LEVEL=STD
U 0 -30 10 0 3 0 DATE=2011_11_09
E
