V 50
K 153165148200 xc7vh580thcg1155
Y 1
D 0 0 400 790
Z 10
i 946
b 50 50 350 740
P 1 0 100 50 100 0 2 0
A 45 100 10 0 9 0 #=AM18
L 55 100 10 0 2 0 1 0 VCCO_15_AM18
A 10 100 10 0 2 0 PINTYPE=BI
P 2 0 110 50 110 0 2 0
A 45 110 10 0 9 0 #=AL21
L 55 110 10 0 2 0 1 0 VCCO_15_AL21
A 10 110 10 0 2 0 PINTYPE=BI
P 3 0 120 50 120 0 2 0
A 45 120 10 0 9 0 #=AH20
L 55 120 10 0 2 0 1 0 VCCO_15_AH20
A 10 120 10 0 2 0 PINTYPE=BI
P 4 0 130 50 130 0 2 0
A 45 130 10 0 9 0 #=AE19
L 55 130 10 0 2 0 1 0 VCCO_15_AE19
A 10 130 10 0 2 0 PINTYPE=BI
P 5 0 140 50 140 0 2 0
A 45 140 10 0 9 0 #=AD22
L 55 140 10 0 2 0 1 0 VCCO_15_AD22
A 10 140 10 0 2 0 PINTYPE=BI
P 6 0 150 50 150 0 2 0
A 45 150 10 0 9 0 #=AB18
L 55 150 10 0 2 0 1 0 VCCO_15_AB18
A 10 150 10 0 2 0 PINTYPE=BI
P 7 0 160 50 160 0 2 0
A 45 160 10 0 9 0 #=AA22
L 55 160 10 0 2 0 1 0 VCCO_15_AA22
A 10 160 10 0 2 0 PINTYPE=BI
P 8 400 100 350 100 0 3 0
A 355 100 10 0 3 0 #=AG21
L 345 100 10 0 8 0 1 0 IO_25_VRP_15_AG21
A 405 100 10 0 2 0 PINTYPE=BI
P 9 400 110 350 110 0 3 0
A 355 110 10 0 3 0 #=AF22
L 345 110 10 0 8 0 1 0 IO_L24N_T3_RS0_15_AF22
A 405 110 10 0 2 0 PINTYPE=BI
P 10 400 120 350 120 0 3 0
A 355 120 10 0 3 0 #=AE22
L 345 120 10 0 8 0 1 0 IO_L24P_T3_RS1_15_AE22
A 405 120 10 0 2 0 PINTYPE=BI
P 11 400 130 350 130 0 3 0
A 355 130 10 0 3 0 #=AH22
L 345 130 10 0 8 0 1 0 IO_L23N_T3_FWE_B_15_AH22
A 405 130 10 0 2 0 PINTYPE=BI
P 12 400 140 350 140 0 3 0
A 355 140 10 0 3 0 #=AG22
L 345 140 10 0 8 0 1 0 IO_L23P_T3_FOE_B_15_AG22
A 405 140 10 0 2 0 PINTYPE=BI
P 13 400 150 350 150 0 3 0
A 355 150 10 0 3 0 #=AC22
L 345 150 10 0 8 0 1 0 IO_L22N_T3_A16_15_AC22
A 405 150 10 0 2 0 PINTYPE=BI
P 14 400 160 350 160 0 3 0
A 355 160 10 0 3 0 #=AB22
L 345 160 10 0 8 0 1 0 IO_L22P_T3_A17_15_AB22
A 405 160 10 0 2 0 PINTYPE=BI
P 15 400 170 350 170 0 3 0
A 355 170 10 0 3 0 #=AE21
L 345 170 10 0 8 0 1 0 IO_L21N_T3_DQS_A18_15_AE21
A 405 170 10 0 2 0 PINTYPE=BI
P 16 400 180 350 180 0 3 0
A 355 180 10 0 3 0 #=AD21
L 345 180 10 0 8 0 1 0 IO_L21P_T3_DQS_15_AD21
A 405 180 10 0 2 0 PINTYPE=BI
P 17 400 190 350 190 0 3 0
A 355 190 10 0 3 0 #=AC21
L 345 190 10 0 8 0 1 0 IO_L20N_T3_A19_15_AC21
A 405 190 10 0 2 0 PINTYPE=BI
P 18 400 200 350 200 0 3 0
A 355 200 10 0 3 0 #=AB21
L 345 200 10 0 8 0 1 0 IO_L20P_T3_A20_15_AB21
A 405 200 10 0 2 0 PINTYPE=BI
P 19 400 210 350 210 0 3 0
A 355 210 10 0 3 0 #=AK22
L 345 210 10 0 8 0 1 0 IO_L19N_T3_A21_VREF_15_AK22
A 405 210 10 0 2 0 PINTYPE=BI
P 20 400 220 350 220 0 3 0
A 355 220 10 0 3 0 #=AK21
L 345 220 10 0 8 0 1 0 IO_L19P_T3_A22_15_AK21
A 405 220 10 0 2 0 PINTYPE=BI
P 21 400 230 350 230 0 3 0
A 355 230 10 0 3 0 #=AG20
L 345 230 10 0 8 0 1 0 IO_L18N_T2_A23_15_AG20
A 405 230 10 0 2 0 PINTYPE=BI
P 22 400 240 350 240 0 3 0
A 355 240 10 0 3 0 #=AF20
L 345 240 10 0 8 0 1 0 IO_L18P_T2_A24_15_AF20
A 405 240 10 0 2 0 PINTYPE=BI
P 23 400 250 350 250 0 3 0
A 355 250 10 0 3 0 #=AJ21
L 345 250 10 0 8 0 1 0 IO_L17N_T2_A25_15_AJ21
A 405 250 10 0 2 0 PINTYPE=BI
P 24 400 260 350 260 0 3 0
A 355 260 10 0 3 0 #=AH21
L 345 260 10 0 8 0 1 0 IO_L17P_T2_A26_15_AH21
A 405 260 10 0 2 0 PINTYPE=BI
P 25 400 270 350 270 0 3 0
A 355 270 10 0 3 0 #=AE20
L 345 270 10 0 8 0 1 0 IO_L16N_T2_A27_15_AE20
A 405 270 10 0 2 0 PINTYPE=BI
P 26 400 280 350 280 0 3 0
A 355 280 10 0 3 0 #=AD20
L 345 280 10 0 8 0 1 0 IO_L16P_T2_A28_15_AD20
A 405 280 10 0 2 0 PINTYPE=BI
P 27 400 290 350 290 0 3 0
A 355 290 10 0 3 0 #=AJ19
L 345 290 10 0 8 0 1 0 IO_L15N_T2_DQS_ADV_B_15_AJ19
A 405 290 10 0 2 0 PINTYPE=BI
P 28 400 300 350 300 0 3 0
A 355 300 10 0 3 0 #=AJ18
L 345 300 10 0 8 0 1 0 IO_L15P_T2_DQS_15_AJ18
A 405 300 10 0 2 0 PINTYPE=BI
P 29 400 310 350 310 0 3 0
A 355 310 10 0 3 0 #=AL20
L 345 310 10 0 8 0 1 0 IO_L14N_T2_SRCC_15_AL20
A 405 310 10 0 2 0 PINTYPE=BI
P 30 400 320 350 320 0 3 0
A 355 320 10 0 3 0 #=AL19
L 345 320 10 0 8 0 1 0 IO_L14P_T2_SRCC_15_AL19
A 405 320 10 0 2 0 PINTYPE=BI
P 31 400 330 350 330 0 3 0
A 355 330 10 0 3 0 #=AK20
L 345 330 10 0 8 0 1 0 IO_L13N_T2_MRCC_15_AK20
A 405 330 10 0 2 0 PINTYPE=BI
P 32 400 340 350 340 0 3 0
A 355 340 10 0 3 0 #=AJ20
L 345 340 10 0 8 0 1 0 IO_L13P_T2_MRCC_15_AJ20
A 405 340 10 0 2 0 PINTYPE=BI
P 33 400 350 350 350 0 3 0
A 355 350 10 0 3 0 #=AM20
L 345 350 10 0 8 0 1 0 IO_L12N_T1_MRCC_15_AM20
A 405 350 10 0 2 0 PINTYPE=BI
P 34 400 360 350 360 0 3 0
A 355 360 10 0 3 0 #=AM19
L 345 360 10 0 8 0 1 0 IO_L12P_T1_MRCC_15_AM19
A 405 360 10 0 2 0 PINTYPE=BI
P 35 400 370 350 370 0 3 0
A 355 370 10 0 3 0 #=AN21
L 345 370 10 0 8 0 1 0 IO_L11N_T1_SRCC_15_AN21
A 405 370 10 0 2 0 PINTYPE=BI
P 36 400 380 350 380 0 3 0
A 355 380 10 0 3 0 #=AM21
L 345 380 10 0 8 0 1 0 IO_L11P_T1_SRCC_15_AM21
A 405 380 10 0 2 0 PINTYPE=BI
P 37 400 390 350 390 0 3 0
A 355 390 10 0 3 0 #=AP18
L 345 390 10 0 8 0 1 0 IO_L10N_T1_AD11N_15_AP18
A 405 390 10 0 2 0 PINTYPE=BI
P 38 400 400 350 400 0 3 0
A 355 400 10 0 3 0 #=AN18
L 345 400 10 0 8 0 1 0 IO_L10P_T1_AD11P_15_AN18
A 405 400 10 0 2 0 PINTYPE=BI
P 39 400 410 350 410 0 3 0
A 355 410 10 0 3 0 #=AP19
L 345 410 10 0 8 0 1 0 IO_L9N_T1_DQS_AD3N_15_AP19
A 405 410 10 0 2 0 PINTYPE=BI
P 40 400 420 350 420 0 3 0
A 355 420 10 0 3 0 #=AN19
L 345 420 10 0 8 0 1 0 IO_L9P_T1_DQS_AD3P_15_AN19
A 405 420 10 0 2 0 PINTYPE=BI
P 41 400 430 350 430 0 3 0
A 355 430 10 0 3 0 #=AP21
L 345 430 10 0 8 0 1 0 IO_L8N_T1_AD10N_15_AP21
A 405 430 10 0 2 0 PINTYPE=BI
P 42 400 440 350 440 0 3 0
A 355 440 10 0 3 0 #=AP20
L 345 440 10 0 8 0 1 0 IO_L8P_T1_AD10P_15_AP20
A 405 440 10 0 2 0 PINTYPE=BI
P 43 400 450 350 450 0 3 0
A 355 450 10 0 3 0 #=AL18
L 345 450 10 0 8 0 1 0 IO_L7N_T1_AD2N_15_AL18
A 405 450 10 0 2 0 PINTYPE=BI
P 44 400 460 350 460 0 3 0
A 355 460 10 0 3 0 #=AK18
L 345 460 10 0 8 0 1 0 IO_L7P_T1_AD2P_15_AK18
A 405 460 10 0 2 0 PINTYPE=BI
P 45 400 470 350 470 0 3 0
A 355 470 10 0 3 0 #=AG19
L 345 470 10 0 8 0 1 0 IO_L6N_T0_VREF_15_AG19
A 405 470 10 0 2 0 PINTYPE=BI
P 46 400 480 350 480 0 3 0
A 355 480 10 0 3 0 #=AF19
L 345 480 10 0 8 0 1 0 IO_L6P_T0_15_AF19
A 405 480 10 0 2 0 PINTYPE=BI
P 47 400 490 350 490 0 3 0
A 355 490 10 0 3 0 #=AB20
L 345 490 10 0 8 0 1 0 IO_L5N_T0_AD9N_15_AB20
A 405 490 10 0 2 0 PINTYPE=BI
P 48 400 500 350 500 0 3 0
A 355 500 10 0 3 0 #=AA20
L 345 500 10 0 8 0 1 0 IO_L5P_T0_AD9P_15_AA20
A 405 500 10 0 2 0 PINTYPE=BI
P 49 400 510 350 510 0 3 0
A 355 510 10 0 3 0 #=AF18
L 345 510 10 0 8 0 1 0 IO_L4N_T0_15_AF18
A 405 510 10 0 2 0 PINTYPE=BI
P 50 400 520 350 520 0 3 0
A 355 520 10 0 3 0 #=AE18
L 345 520 10 0 8 0 1 0 IO_L4P_T0_15_AE18
A 405 520 10 0 2 0 PINTYPE=BI
P 51 400 530 350 530 0 3 0
A 355 530 10 0 3 0 #=AD19
L 345 530 10 0 8 0 1 0 IO_L3N_T0_DQS_AD1N_15_AD19
A 405 530 10 0 2 0 PINTYPE=BI
P 52 400 540 350 540 0 3 0
A 355 540 10 0 3 0 #=AC19
L 345 540 10 0 8 0 1 0 IO_L3P_T0_DQS_AD1P_15_AC19
A 405 540 10 0 2 0 PINTYPE=BI
P 53 400 550 350 550 0 3 0
A 355 550 10 0 3 0 #=AH19
L 345 550 10 0 8 0 1 0 IO_L2N_T0_AD8N_15_AH19
A 405 550 10 0 2 0 PINTYPE=BI
P 54 400 560 350 560 0 3 0
A 355 560 10 0 3 0 #=AH18
L 345 560 10 0 8 0 1 0 IO_L2P_T0_AD8P_15_AH18
A 405 560 10 0 2 0 PINTYPE=BI
P 55 400 570 350 570 0 3 0
A 355 570 10 0 3 0 #=AD18
L 345 570 10 0 8 0 1 0 IO_L1N_T0_AD0N_15_AD18
A 405 570 10 0 2 0 PINTYPE=BI
P 56 400 580 350 580 0 3 0
A 355 580 10 0 3 0 #=AC18
L 345 580 10 0 8 0 1 0 IO_L1P_T0_AD0P_15_AC18
A 405 580 10 0 2 0 PINTYPE=BI
P 57 400 590 350 590 0 3 0
A 355 590 10 0 3 0 #=AB19
L 345 590 10 0 8 0 1 0 IO_0_VRN_15_AB19
A 405 590 10 0 2 0 PINTYPE=BI
T 220 610 20 0 5 XC7VH580THCG1155
T 220 630 20 0 5 BANK 15_H
c 70 720 10
U 50 750 10 0 3 3 DEVICE=XXXXXX
U 50 30 16 0 3 3 REFDES=U?
U 250 30 10 0 3 3 PKG_TYPE=XXXXXX
U 0 0 10 0 3 0 HETERO=xc7vh580thcg1155_0_H,xc7vh580thcg1155_13_H,xc7vh580thcg1155_14_H,xc7vh580thcg1155_15_H,xc7vh580thcg1155_16_H,xc7vh580thcg1155_33_H,xc7vh580thcg1155_34_H,xc7vh580thcg1155_35_H,xc7vh580thcg1155_36_H,xc7vh580thcg1155_300_H,xc7vh580thcg1155_GND_H,xc7vh580thcg1155_VCCINT_H,xc7vh580thcg1155_VCCAUX_IO_G1_H
U 0 -10 10 0 3 0 PARTS=1
U 0 -20 10 0 3 0 LEVEL=STD
U 0 -30 10 0 3 0 DATE=2012_01_09
E
