V 50
K 153165148200 xc7vx690tffg1927
Y 1
D 0 0 400 350
Z 10
i 946
b 50 50 350 300
P 1 400 100 350 100 0 3 0
A 355 100 10 0 3 0 #=AG10
L 345 100 10 0 8 0 1 0 M1_0_AG10
A 405 100 10 0 2 0 PINTYPE=BI
P 2 400 110 350 110 0 3 0
A 355 110 10 0 3 0 #=AG11
L 345 110 10 0 8 0 1 0 M0_0_AG11
A 405 110 10 0 2 0 PINTYPE=BI
P 3 400 120 350 120 0 3 0
A 355 120 10 0 3 0 #=AF10
L 345 120 10 0 8 0 1 0 M2_0_AF10
A 405 120 10 0 2 0 PINTYPE=BI
P 4 400 130 350 130 0 3 0
A 355 130 10 0 3 0 #=AE11
L 345 130 10 0 8 0 1 0 DONE_0_AE11
A 405 130 10 0 2 0 PINTYPE=BI
P 5 400 140 350 140 0 3 0
A 355 140 10 0 3 0 #=AK11
L 345 140 10 0 8 0 1 0 CFGBVS_0_AK11
A 405 140 10 0 2 0 PINTYPE=BI
P 6 400 150 350 150 0 3 0
A 355 150 10 0 3 0 #=AE10
L 345 150 10 0 8 0 1 0 PROGRAM_B_0_AE10
A 405 150 10 0 2 0 PINTYPE=BI
P 7 400 160 350 160 0 3 0
A 355 160 10 0 3 0 #=AK34
L 345 160 10 0 8 0 1 0 INIT_B_0_AK34
A 405 160 10 0 2 0 PINTYPE=BI
P 8 400 170 350 170 0 3 0
A 355 170 10 0 3 0 #=AG35
L 345 170 10 0 8 0 1 0 TDI_0_AG35
A 405 170 10 0 2 0 PINTYPE=BI
P 9 400 180 350 180 0 3 0
A 355 180 10 0 3 0 #=AG34
L 345 180 10 0 8 0 1 0 TDO_0_AG34
A 405 180 10 0 2 0 PINTYPE=BI
P 10 400 190 350 190 0 3 0
A 355 190 10 0 3 0 #=AF34
L 345 190 10 0 8 0 1 0 TMS_0_AF34
A 405 190 10 0 2 0 PINTYPE=BI
P 11 400 200 350 200 0 3 0
A 355 200 10 0 3 0 #=AF35
L 345 200 10 0 8 0 1 0 TCK_0_AF35
A 405 200 10 0 2 0 PINTYPE=BI
P 12 400 210 350 210 0 3 0
A 355 210 10 0 3 0 #=AE34
L 345 210 10 0 8 0 1 0 CCLK_0_AE34
A 405 210 10 0 2 0 PINTYPE=BI
P 13 400 220 350 220 0 3 0
A 355 220 10 0 3 0 #=AE35
L 345 220 10 0 8 0 1 0 VCCBATT_0_AE35
A 405 220 10 0 2 0 PINTYPE=BI
T 220 240 20 0 5 XC7VX690TFFG1927
T 220 260 20 0 5 BANK 0_H
c 70 280 10
U 50 310 10 0 3 3 DEVICE=XXXXXX
U 50 30 16 0 3 3 REFDES=U?
U 250 30 10 0 3 3 PKG_TYPE=XXXXXX
U 0 0 10 0 3 0 HETERO=xc7vx690tffg1927_0_H,xc7vx690tffg1927_14_H,xc7vx690tffg1927_15_H,xc7vx690tffg1927_16_H,xc7vx690tffg1927_17_H,xc7vx690tffg1927_18_H,xc7vx690tffg1927_19_H,xc7vx690tffg1927_34_H,xc7vx690tffg1927_35_H,xc7vx690tffg1927_36_H,xc7vx690tffg1927_37_H,xc7vx690tffg1927_38_H,xc7vx690tffg1927_39_H,xc7vx690tffg1927_GND_H,xc7vx690tffg1927_VCCINT_H,xc7vx690tffg1927_VCCAUX_H,xc7vx690tffg1927_VCCAUX_IO_G2_H,xc7vx690tffg1927_VCCAUX_IO_G1_H,xc7vx690tffg1927_VCCBRAM_H
U 0 -10 10 0 3 0 PARTS=1
U 0 -20 10 0 3 0 LEVEL=STD
U 0 -30 10 0 3 0 DATE=2011_04_11
E
