V 50
K 153165148200 xc7vh580thcg1155
Y 1
D 0 0 400 330
Z 10
i 946
b 50 50 350 280
P 1 400 100 350 100 0 3 0
A 355 100 10 0 3 0 #=Y8
L 345 100 10 0 8 0 1 0 M1_0_Y8
A 405 100 10 0 2 0 PINTYPE=BI
P 2 400 110 350 110 0 3 0
A 355 110 10 0 3 0 #=AB26
L 345 110 10 0 8 0 1 0 M0_0_AB26
A 405 110 10 0 2 0 PINTYPE=BI
P 3 400 120 350 120 0 3 0
A 355 120 10 0 3 0 #=AA27
L 345 120 10 0 8 0 1 0 M2_0_AA27
A 405 120 10 0 2 0 PINTYPE=BI
P 4 400 130 350 130 0 3 0
A 355 130 10 0 3 0 #=U27
L 345 130 10 0 8 0 1 0 DONE_0_U27
A 405 130 10 0 2 0 PINTYPE=BI
P 5 400 140 350 140 0 3 0
A 355 140 10 0 3 0 #=W27
L 345 140 10 0 8 0 1 0 PROGRAM_B_0_W27
A 405 140 10 0 2 0 PINTYPE=BI
P 6 400 150 350 150 0 3 0
A 355 150 10 0 3 0 #=V8
L 345 150 10 0 8 0 1 0 INIT_B_0_V8
A 405 150 10 0 2 0 PINTYPE=BI
P 7 400 160 350 160 0 3 0
A 355 160 10 0 3 0 #=P14
L 345 160 10 0 8 0 1 0 TDI_0_P14
A 405 160 10 0 2 0 PINTYPE=BI
P 8 400 170 350 170 0 3 0
A 355 170 10 0 3 0 #=R15
L 345 170 10 0 8 0 1 0 TMS_0_R15
A 405 170 10 0 2 0 PINTYPE=BI
P 9 400 180 350 180 0 3 0
A 355 180 10 0 3 0 #=N17
L 345 180 10 0 8 0 1 0 TCK_0_N17
A 405 180 10 0 2 0 PINTYPE=BI
P 10 400 190 350 190 0 3 0
A 355 190 10 0 3 0 #=P18
L 345 190 10 0 8 0 1 0 CCLK_0_P18
A 405 190 10 0 2 0 PINTYPE=BI
P 11 400 200 350 200 0 3 0
A 355 200 10 0 3 0 #=P20
L 345 200 10 0 8 0 1 0 VCCBATT_0_P20
A 405 200 10 0 2 0 PINTYPE=BI
T 220 220 20 0 5 XC7VH580THCG1155
T 220 240 20 0 5 BANK 0_H
c 70 260 10
U 50 290 10 0 3 3 DEVICE=XXXXXX
U 50 30 16 0 3 3 REFDES=U?
U 250 30 10 0 3 3 PKG_TYPE=XXXXXX
U 0 0 10 0 3 0 HETERO=xc7vh580thcg1155_0_H,xc7vh580thcg1155_13_H,xc7vh580thcg1155_14_H,xc7vh580thcg1155_15_H,xc7vh580thcg1155_16_H,xc7vh580thcg1155_33_H,xc7vh580thcg1155_34_H,xc7vh580thcg1155_35_H,xc7vh580thcg1155_36_H,xc7vh580thcg1155_300_H,xc7vh580thcg1155_GND_H,xc7vh580thcg1155_VCCINT_H,xc7vh580thcg1155_VCCAUX_IO_G1_H
U 0 -10 10 0 3 0 PARTS=1
U 0 -20 10 0 3 0 LEVEL=STD
U 0 -30 10 0 3 0 DATE=2012_01_09
E
