V 50
K 153165148200 xc7z030fbg484
Y 1
D 0 0 400 370
Z 10
i 946
b 50 50 350 320
P 1 0 100 50 100 0 2 0
A 45 100 10 0 9 0 #=D2
L 55 100 10 0 2 0 1 0 VCCO_35_D2
A 10 100 10 0 2 0 PINTYPE=BI
P 2 0 110 50 110 0 2 0
A 45 110 10 0 9 0 #=A3
L 55 110 10 0 2 0 1 0 VCCO_35_A3
A 10 110 10 0 2 0 PINTYPE=BI
P 3 400 100 350 100 0 3 0
A 355 100 10 0 3 0 #=E2
L 345 100 10 0 8 0 1 0 IO_25_VRP_35_E2
A 405 100 10 0 2 0 PINTYPE=BI
P 4 400 110 350 110 0 3 0
A 355 110 10 0 3 0 #=D3
L 345 110 10 0 8 0 1 0 IO_L19N_T3_VREF_35_D3
A 405 110 10 0 2 0 PINTYPE=BI
P 5 400 120 350 120 0 3 0
A 355 120 10 0 3 0 #=E3
L 345 120 10 0 8 0 1 0 IO_L19P_T3_35_E3
A 405 120 10 0 2 0 PINTYPE=BI
P 6 400 130 350 130 0 3 0
A 355 130 10 0 3 0 #=C3
L 345 130 10 0 8 0 1 0 IO_L6N_T0_VREF_35_C3
A 405 130 10 0 2 0 PINTYPE=BI
P 7 400 140 350 140 0 3 0
A 355 140 10 0 3 0 #=C1
L 345 140 10 0 8 0 1 0 IO_L5N_T0_AD9N_35_C1
A 405 140 10 0 2 0 PINTYPE=BI
P 8 400 150 350 150 0 3 0
A 355 150 10 0 3 0 #=D1
L 345 150 10 0 8 0 1 0 IO_L5P_T0_AD9P_35_D1
A 405 150 10 0 2 0 PINTYPE=BI
P 9 400 160 350 160 0 3 0
A 355 160 10 0 3 0 #=A1
L 345 160 10 0 8 0 1 0 IO_L3N_T0_DQS_AD1N_35_A1
A 405 160 10 0 2 0 PINTYPE=BI
P 10 400 170 350 170 0 3 0
A 355 170 10 0 3 0 #=A2
L 345 170 10 0 8 0 1 0 IO_L3P_T0_DQS_AD1P_35_A2
A 405 170 10 0 2 0 PINTYPE=BI
P 11 400 180 350 180 0 3 0
A 355 180 10 0 3 0 #=A4
L 345 180 10 0 8 0 1 0 IO_L2N_T0_AD8N_35_A4
A 405 180 10 0 2 0 PINTYPE=BI
P 12 400 190 350 190 0 3 0
A 355 190 10 0 3 0 #=B4
L 345 190 10 0 8 0 1 0 IO_L2P_T0_AD8P_35_B4
A 405 190 10 0 2 0 PINTYPE=BI
P 13 400 200 350 200 0 3 0
A 355 200 10 0 3 0 #=B2
L 345 200 10 0 8 0 1 0 IO_L1N_T0_AD0N_35_B2
A 405 200 10 0 2 0 PINTYPE=BI
P 14 400 210 350 210 0 3 0
A 355 210 10 0 3 0 #=C2
L 345 210 10 0 8 0 1 0 IO_L1P_T0_AD0P_35_C2
A 405 210 10 0 2 0 PINTYPE=BI
P 15 400 220 350 220 0 3 0
A 355 220 10 0 3 0 #=B3
L 345 220 10 0 8 0 1 0 IO_0_VRN_35_B3
A 405 220 10 0 2 0 PINTYPE=BI
T 220 240 20 0 5 XC7Z030FBG484
T 220 260 20 0 5 BANK 35
c 70 300 10
U 50 330 10 0 3 3 DEVICE=XXXXXX
U 50 30 16 0 3 3 REFDES=U?
U 250 30 10 0 3 3 PKG_TYPE=XXXXXX
U 0 0 10 0 3 0 HETERO=xc7z030fbg484e_0,xc7z030fbg484e_12,xc7z030fbg484e_13,xc7z030fbg484e_34,xc7z030fbg484e_35,xc7z030fbg484e_112,xc7z030fbg484e_500,xc7z030fbg484e_501,xc7z030fbg484e_502,xc7z030fbg484e_MGTAVCC,xc7z030fbg484e_MGTVCCAUX,xc7z030fbg484e_MGTAVTT,xc7z030fbg484e_GND,xc7z030fbg484e_VCCINT,xc7z030fbg484e_VCCAUX,xc7z030fbg484e_VCCBRAM,xc7z030fbg484e_VCCPAUX,xc7z030fbg484e_VCCPINT,xc7z030fbg484e_VCCPLL
U 0 -10 10 0 3 0 PARTS=1
U 0 -20 10 0 3 0 LEVEL=STD
U 0 -30 10 0 3 0 DATE=2012_04_13
E
