V 50
K 153165148200 xc7z020csg484e1
Y 1
D 0 0 400 300
Z 10
i 946
b 50 50 350 250
P 1 400 100 350 100 0 3 0
A 355 100 10 0 3 0 #=J12
L 345 100 10 0 8 0 1 0 VCCINT_J12
A 405 100 10 0 2 0 PINTYPE=BI
P 2 400 110 350 110 0 3 0
A 355 110 10 0 3 0 #=J14
L 345 110 10 0 8 0 1 0 VCCINT_J14
A 405 110 10 0 2 0 PINTYPE=BI
P 3 400 120 350 120 0 3 0
A 355 120 10 0 3 0 #=K13
L 345 120 10 0 8 0 1 0 VCCINT_K13
A 405 120 10 0 2 0 PINTYPE=BI
P 4 400 130 350 130 0 3 0
A 355 130 10 0 3 0 #=L14
L 345 130 10 0 8 0 1 0 VCCINT_L14
A 405 130 10 0 2 0 PINTYPE=BI
P 5 400 140 350 140 0 3 0
A 355 140 10 0 3 0 #=M13
L 345 140 10 0 8 0 1 0 VCCINT_M13
A 405 140 10 0 2 0 PINTYPE=BI
P 6 400 150 350 150 0 3 0
A 355 150 10 0 3 0 #=N14
L 345 150 10 0 8 0 1 0 VCCINT_N14
A 405 150 10 0 2 0 PINTYPE=BI
P 7 400 160 350 160 0 3 0
A 355 160 10 0 3 0 #=P13
L 345 160 10 0 8 0 1 0 VCCINT_P13
A 405 160 10 0 2 0 PINTYPE=BI
P 8 400 170 350 170 0 3 0
A 355 170 10 0 3 0 #=R14
L 345 170 10 0 8 0 1 0 VCCINT_R14
A 405 170 10 0 2 0 PINTYPE=BI
T 220 190 20 0 5 XC7Z020CSG484E1
T 220 210 20 0 5 BANK VCCINT
c 70 230 10
U 50 260 10 0 3 3 DEVICE=XXXXXX
U 50 30 16 0 3 3 REFDES=U?
U 250 30 10 0 3 3 PKG_TYPE=XXXXXX
U 0 0 10 0 3 0 HETERO=xc7z020csg484e1_0,xc7z020csg484e1_13,xc7z020csg484e1_33,xc7z020csg484e1_34,xc7z020csg484e1_35,xc7z020csg484e1_500,xc7z020csg484e1_501,xc7z020csg484e1_502,xc7z020csg484e1_GND,xc7z020csg484e1_VCCINT,xc7z020csg484e1_VCCAUX,xc7z020csg484e1_VCCBRAM,xc7z020csg484e1_VCCPLL,xc7z020csg484e1_VCCPAUX,xc7z020csg484e1_VCCPINT
U 0 -10 10 0 3 0 PARTS=1
U 0 -20 10 0 3 0 LEVEL=STD
U 0 -30 10 0 3 0 DATE=2011_09_22
E
