V 50
K 153165148200 xc7z020clg400e
Y 1
D 0 0 400 510
Z 10
i 946
b 50 50 350 460
P 1 0 100 50 100 0 2 0
A 45 100 10 0 9 0 #=Y10
L 55 100 10 0 2 0 1 0 VCCO_13_Y10
A 10 100 10 0 2 0 PINTYPE=BI
P 2 0 110 50 110 0 2 0
A 45 110 10 0 9 0 #=W7
L 55 110 10 0 2 0 1 0 VCCO_13_W7
A 10 110 10 0 2 0 PINTYPE=BI
P 3 0 120 50 120 0 2 0
A 45 120 10 0 9 0 #=U11
L 55 120 10 0 2 0 1 0 VCCO_13_U11
A 10 120 10 0 2 0 PINTYPE=BI
P 4 0 130 50 130 0 2 0
A 45 130 10 0 9 0 #=T8
L 55 130 10 0 2 0 1 0 VCCO_13_T8
A 10 130 10 0 2 0 PINTYPE=BI
P 5 400 100 350 100 0 3 0
A 355 100 10 0 3 0 #=W6
L 345 100 10 0 8 0 1 0 IO_L22N_T3_13_W6
A 405 100 10 0 2 0 PINTYPE=BI
P 6 400 110 350 110 0 3 0
A 355 110 10 0 3 0 #=V6
L 345 110 10 0 8 0 1 0 IO_L22P_T3_13_V6
A 405 110 10 0 2 0 PINTYPE=BI
P 7 400 120 350 120 0 3 0
A 355 120 10 0 3 0 #=V10
L 345 120 10 0 8 0 1 0 IO_L21N_T3_DQS_13_V10
A 405 120 10 0 2 0 PINTYPE=BI
P 8 400 130 350 130 0 3 0
A 355 130 10 0 3 0 #=V11
L 345 130 10 0 8 0 1 0 IO_L21P_T3_DQS_13_V11
A 405 130 10 0 2 0 PINTYPE=BI
P 9 400 140 350 140 0 3 0
A 355 140 10 0 3 0 #=Y13
L 345 140 10 0 8 0 1 0 IO_L20N_T3_13_Y13
A 405 140 10 0 2 0 PINTYPE=BI
P 10 400 150 350 150 0 3 0
A 355 150 10 0 3 0 #=Y12
L 345 150 10 0 8 0 1 0 IO_L20P_T3_13_Y12
A 405 150 10 0 2 0 PINTYPE=BI
P 11 400 160 350 160 0 3 0
A 355 160 10 0 3 0 #=U5
L 345 160 10 0 8 0 1 0 IO_L19N_T3_VREF_13_U5
A 405 160 10 0 2 0 PINTYPE=BI
P 12 400 170 350 170 0 3 0
A 355 170 10 0 3 0 #=T5
L 345 170 10 0 8 0 1 0 IO_L19P_T3_13_T5
A 405 170 10 0 2 0 PINTYPE=BI
P 13 400 180 350 180 0 3 0
A 355 180 10 0 3 0 #=Y11
L 345 180 10 0 8 0 1 0 IO_L18N_T2_13_Y11
A 405 180 10 0 2 0 PINTYPE=BI
P 14 400 190 350 190 0 3 0
A 355 190 10 0 3 0 #=W11
L 345 190 10 0 8 0 1 0 IO_L18P_T2_13_W11
A 405 190 10 0 2 0 PINTYPE=BI
P 15 400 200 350 200 0 3 0
A 355 200 10 0 3 0 #=U8
L 345 200 10 0 8 0 1 0 IO_L17N_T2_13_U8
A 405 200 10 0 2 0 PINTYPE=BI
P 16 400 210 350 210 0 3 0
A 355 210 10 0 3 0 #=U9
L 345 210 10 0 8 0 1 0 IO_L17P_T2_13_U9
A 405 210 10 0 2 0 PINTYPE=BI
P 17 400 220 350 220 0 3 0
A 355 220 10 0 3 0 #=W9
L 345 220 10 0 8 0 1 0 IO_L16N_T2_13_W9
A 405 220 10 0 2 0 PINTYPE=BI
P 18 400 230 350 230 0 3 0
A 355 230 10 0 3 0 #=W10
L 345 230 10 0 8 0 1 0 IO_L16P_T2_13_W10
A 405 230 10 0 2 0 PINTYPE=BI
P 19 400 240 350 240 0 3 0
A 355 240 10 0 3 0 #=W8
L 345 240 10 0 8 0 1 0 IO_L15N_T2_DQS_13_W8
A 405 240 10 0 2 0 PINTYPE=BI
P 20 400 250 350 250 0 3 0
A 355 250 10 0 3 0 #=V8
L 345 250 10 0 8 0 1 0 IO_L15P_T2_DQS_13_V8
A 405 250 10 0 2 0 PINTYPE=BI
P 21 400 260 350 260 0 3 0
A 355 260 10 0 3 0 #=Y8
L 345 260 10 0 8 0 1 0 IO_L14N_T2_SRCC_13_Y8
A 405 260 10 0 2 0 PINTYPE=BI
P 22 400 270 350 270 0 3 0
A 355 270 10 0 3 0 #=Y9
L 345 270 10 0 8 0 1 0 IO_L14P_T2_SRCC_13_Y9
A 405 270 10 0 2 0 PINTYPE=BI
P 23 400 280 350 280 0 3 0
A 355 280 10 0 3 0 #=Y6
L 345 280 10 0 8 0 1 0 IO_L13N_T2_MRCC_13_Y6
A 405 280 10 0 2 0 PINTYPE=BI
P 24 400 290 350 290 0 3 0
A 355 290 10 0 3 0 #=Y7
L 345 290 10 0 8 0 1 0 IO_L13P_T2_MRCC_13_Y7
A 405 290 10 0 2 0 PINTYPE=BI
P 25 400 300 350 300 0 3 0
A 355 300 10 0 3 0 #=U10
L 345 300 10 0 8 0 1 0 IO_L12N_T1_MRCC_13_U10
A 405 300 10 0 2 0 PINTYPE=BI
P 26 400 310 350 310 0 3 0
A 355 310 10 0 3 0 #=T9
L 345 310 10 0 8 0 1 0 IO_L12P_T1_MRCC_13_T9
A 405 310 10 0 2 0 PINTYPE=BI
P 27 400 320 350 320 0 3 0
A 355 320 10 0 3 0 #=V7
L 345 320 10 0 8 0 1 0 IO_L11N_T1_SRCC_13_V7
A 405 320 10 0 2 0 PINTYPE=BI
P 28 400 330 350 330 0 3 0
A 355 330 10 0 3 0 #=U7
L 345 330 10 0 8 0 1 0 IO_L11P_T1_SRCC_13_U7
A 405 330 10 0 2 0 PINTYPE=BI
P 29 400 340 350 340 0 3 0
A 355 340 10 0 3 0 #=V5
L 345 340 10 0 8 0 1 0 IO_L6N_T0_VREF_13_V5
A 405 340 10 0 2 0 PINTYPE=BI
T 220 360 20 0 5 XC7Z020CLG400E
T 220 380 20 0 5 BANK 13_H
c 70 440 10
U 50 470 10 0 3 3 DEVICE=XXXXXX
U 50 30 16 0 3 3 REFDES=U?
U 250 30 10 0 3 3 PKG_TYPE=XXXXXX
U 0 0 10 0 3 0 HETERO=xc7z020clg400e_0_H,xc7z020clg400e_13_H,xc7z020clg400e_34_H,xc7z020clg400e_35_H,xc7z020clg400e_500_H,xc7z020clg400e_501_H,xc7z020clg400e_502_H,xc7z020clg400e_GND_H,xc7z020clg400e_VCCINT_H,xc7z020clg400e_VCCAUX_H,xc7z020clg400e_VCCBRAM_H,xc7z020clg400e_VCCPLL_H,xc7z020clg400e_VCCPAUX_H,xc7z020clg400e_VCCPINT_H
U 0 -10 10 0 3 0 PARTS=1
U 0 -20 10 0 3 0 LEVEL=STD
U 0 -30 10 0 3 0 DATE=2011_10_19
E
