V 50
K 153165148200 xc7z020clg400e
Y 1
D 0 0 400 440
Z 10
i 946
b 50 50 350 390
P 1 0 100 50 100 0 2 0
A 45 100 10 0 9 0 #=K6
L 55 100 10 0 2 0 1 0 VCCO_0_K6
A 10 100 10 0 2 0 PINTYPE=BI
P 2 400 100 350 100 0 3 0
A 355 100 10 0 3 0 #=R6
L 345 100 10 0 8 0 1 0 M1_0_R6
A 405 100 10 0 2 0 PINTYPE=BI
P 3 400 110 350 110 0 3 0
A 355 110 10 0 3 0 #=N6
L 345 110 10 0 8 0 1 0 M0_0_N6
A 405 110 10 0 2 0 PINTYPE=BI
P 4 400 120 350 120 0 3 0
A 355 120 10 0 3 0 #=T6
L 345 120 10 0 8 0 1 0 M2_0_T6
A 405 120 10 0 2 0 PINTYPE=BI
P 5 400 130 350 130 0 3 0
A 355 130 10 0 3 0 #=R11
L 345 130 10 0 8 0 1 0 DONE_0_R11
A 405 130 10 0 2 0 PINTYPE=BI
P 6 400 140 350 140 0 3 0
A 355 140 10 0 3 0 #=M6
L 345 140 10 0 8 0 1 0 CFGBVS_0_M6
A 405 140 10 0 2 0 PINTYPE=BI
P 7 400 150 350 150 0 3 0
A 355 150 10 0 3 0 #=L6
L 345 150 10 0 8 0 1 0 PROGRAM_B_0_L6
A 405 150 10 0 2 0 PINTYPE=BI
P 8 400 160 350 160 0 3 0
A 355 160 10 0 3 0 #=R10
L 345 160 10 0 8 0 1 0 INIT_B_0_R10
A 405 160 10 0 2 0 PINTYPE=BI
P 9 400 170 350 170 0 3 0
A 355 170 10 0 3 0 #=G6
L 345 170 10 0 8 0 1 0 TDI_0_G6
A 405 170 10 0 2 0 PINTYPE=BI
P 10 400 180 350 180 0 3 0
A 355 180 10 0 3 0 #=F6
L 345 180 10 0 8 0 1 0 TDO_0_F6
A 405 180 10 0 2 0 PINTYPE=BI
P 11 400 190 350 190 0 3 0
A 355 190 10 0 3 0 #=J6
L 345 190 10 0 8 0 1 0 TMS_0_J6
A 405 190 10 0 2 0 PINTYPE=BI
P 12 400 200 350 200 0 3 0
A 355 200 10 0 3 0 #=F9
L 345 200 10 0 8 0 1 0 TCK_0_F9
A 405 200 10 0 2 0 PINTYPE=BI
P 13 400 210 350 210 0 3 0
A 355 210 10 0 3 0 #=F10
L 345 210 10 0 8 0 1 0 CCLK_0_F10
A 405 210 10 0 2 0 PINTYPE=BI
P 14 400 220 350 220 0 3 0
A 355 220 10 0 3 0 #=F11
L 345 220 10 0 8 0 1 0 VCCBATT_0_F11
A 405 220 10 0 2 0 PINTYPE=BI
P 15 400 230 350 230 0 3 0
A 355 230 10 0 3 0 #=L10
L 345 230 10 0 8 0 1 0 VN_0_L10
A 405 230 10 0 2 0 PINTYPE=BI
P 16 400 240 350 240 0 3 0
A 355 240 10 0 3 0 #=K9
L 345 240 10 0 8 0 1 0 VP_0_K9
A 405 240 10 0 2 0 PINTYPE=BI
P 17 400 250 350 250 0 3 0
A 355 250 10 0 3 0 #=L9
L 345 250 10 0 8 0 1 0 VREFP_0_L9
A 405 250 10 0 2 0 PINTYPE=BI
P 18 400 260 350 260 0 3 0
A 355 260 10 0 3 0 #=K10
L 345 260 10 0 8 0 1 0 VREFN_0_K10
A 405 260 10 0 2 0 PINTYPE=BI
P 19 400 270 350 270 0 3 0
A 355 270 10 0 3 0 #=M9
L 345 270 10 0 8 0 1 0 DXP_0_M9
A 405 270 10 0 2 0 PINTYPE=BI
P 20 400 280 350 280 0 3 0
A 355 280 10 0 3 0 #=J10
L 345 280 10 0 8 0 1 0 GNDADC_0_J10
A 405 280 10 0 2 0 PINTYPE=BI
P 21 400 290 350 290 0 3 0
A 355 290 10 0 3 0 #=J9
L 345 290 10 0 8 0 1 0 VCCADC_0_J9
A 405 290 10 0 2 0 PINTYPE=BI
P 22 400 300 350 300 0 3 0
A 355 300 10 0 3 0 #=M10
L 345 300 10 0 8 0 1 0 DXN_0_M10
A 405 300 10 0 2 0 PINTYPE=BI
T 220 320 20 0 5 XC7Z020CLG400E
T 220 340 20 0 5 BANK 0
c 70 370 10
U 50 400 10 0 3 3 DEVICE=XXXXXX
U 50 30 16 0 3 3 REFDES=U?
U 250 30 10 0 3 3 PKG_TYPE=XXXXXX
U 0 0 10 0 3 0 HETERO=xc7z020clg400e_0,xc7z020clg400e_13,xc7z020clg400e_34,xc7z020clg400e_35,xc7z020clg400e_500,xc7z020clg400e_501,xc7z020clg400e_502,xc7z020clg400e_GND,xc7z020clg400e_VCCINT,xc7z020clg400e_VCCAUX,xc7z020clg400e_VCCBRAM,xc7z020clg400e_VCCPLL,xc7z020clg400e_VCCPAUX,xc7z020clg400e_VCCPINT
U 0 -10 10 0 3 0 PARTS=1
U 0 -20 10 0 3 0 LEVEL=STD
U 0 -30 10 0 3 0 DATE=2011_10_19
E
