V 50
K 153165148200 xc7z100ff1156
Y 1
D 0 0 400 330
Z 10
i 946
b 50 50 350 280
P 1 400 100 350 100 0 3 0
A 355 100 10 0 3 0 #=K21
L 345 100 10 0 8 0 1 0 VCCPINT_K21
A 405 100 10 0 2 0 PINTYPE=BI
P 2 400 110 350 110 0 3 0
A 355 110 10 0 3 0 #=L22
L 345 110 10 0 8 0 1 0 VCCPINT_L22
A 405 110 10 0 2 0 PINTYPE=BI
P 3 400 120 350 120 0 3 0
A 355 120 10 0 3 0 #=M21
L 345 120 10 0 8 0 1 0 VCCPINT_M21
A 405 120 10 0 2 0 PINTYPE=BI
P 4 400 130 350 130 0 3 0
A 355 130 10 0 3 0 #=M23
L 345 130 10 0 8 0 1 0 VCCPINT_M23
A 405 130 10 0 2 0 PINTYPE=BI
P 5 400 140 350 140 0 3 0
A 355 140 10 0 3 0 #=N22
L 345 140 10 0 8 0 1 0 VCCPINT_N22
A 405 140 10 0 2 0 PINTYPE=BI
P 6 400 150 350 150 0 3 0
A 355 150 10 0 3 0 #=P21
L 345 150 10 0 8 0 1 0 VCCPINT_P21
A 405 150 10 0 2 0 PINTYPE=BI
P 7 400 160 350 160 0 3 0
A 355 160 10 0 3 0 #=P23
L 345 160 10 0 8 0 1 0 VCCPINT_P23
A 405 160 10 0 2 0 PINTYPE=BI
P 8 400 170 350 170 0 3 0
A 355 170 10 0 3 0 #=R22
L 345 170 10 0 8 0 1 0 VCCPINT_R22
A 405 170 10 0 2 0 PINTYPE=BI
P 9 400 180 350 180 0 3 0
A 355 180 10 0 3 0 #=T21
L 345 180 10 0 8 0 1 0 VCCPINT_T21
A 405 180 10 0 2 0 PINTYPE=BI
P 10 400 190 350 190 0 3 0
A 355 190 10 0 3 0 #=T23
L 345 190 10 0 8 0 1 0 VCCPINT_T23
A 405 190 10 0 2 0 PINTYPE=BI
P 11 400 200 350 200 0 3 0
A 355 200 10 0 3 0 #=U22
L 345 200 10 0 8 0 1 0 VCCPINT_U22
A 405 200 10 0 2 0 PINTYPE=BI
T 220 220 20 0 5 XC7Z100FF1156
T 220 240 20 0 5 BANK VCCPINT
c 70 260 10
U 50 290 10 0 3 3 DEVICE=XXXXXX
U 50 30 16 0 3 3 REFDES=U?
U 250 30 10 0 3 3 PKG_TYPE=XXXXXX
U 0 0 10 0 3 0 HETERO=xc7z100ff1156e_0,xc7z100ff1156e_9,xc7z100ff1156e_10,xc7z100ff1156e_11,xc7z100ff1156e_12,xc7z100ff1156e_13,xc7z100ff1156e_33,xc7z100ff1156e_34,xc7z100ff1156e_35,xc7z100ff1156e_109,xc7z100ff1156e_110,xc7z100ff1156e_111,xc7z100ff1156e_112,xc7z100ff1156e_500,xc7z100ff1156e_501,xc7z100ff1156e_502,xc7z100ff1156e_GND1,xc7z100ff1156e_GND2,xc7z100ff1156e_MGTAVCC,xc7z100ff1156e_MGTAVTT,xc7z100ff1156e_MGTVCCAUX,xc7z100ff1156e_VCCAUX,xc7z100ff1156e_VCCAUX_IO_G0,xc7z100ff1156e_VCCBRAM,xc7z100ff1156e_VCCINT,xc7z100ff1156e_VCCPAUX,xc7z100ff1156e_VCCPINT,xc7z100ff1156e_VCCPLL
U 0 -10 10 0 3 0 PARTS=1
U 0 -20 10 0 3 0 LEVEL=STD
U 0 -30 10 0 3 0 DATE=2013_01_17
E
