V 50
K 153165148200 xc7z100ff900
Y 1
D 0 0 400 660
Z 10
i 946
b 50 50 350 610
P 1 0 100 50 100 0 2 0
A 45 100 10 0 9 0 #=K19
L 55 100 10 0 2 0 1 0 VCCO_MIO1_501_K19
A 10 100 10 0 2 0 PINTYPE=BI
P 2 0 110 50 110 0 2 0
A 45 110 10 0 9 0 #=J22
L 55 110 10 0 2 0 1 0 VCCO_MIO1_501_J22
A 10 110 10 0 2 0 PINTYPE=BI
P 3 0 120 50 120 0 2 0
A 45 120 10 0 9 0 #=G18
L 55 120 10 0 2 0 1 0 VCCO_MIO1_501_G18
A 10 120 10 0 2 0 PINTYPE=BI
P 4 0 130 50 130 0 2 0
A 45 130 10 0 9 0 #=C20
L 55 130 10 0 2 0 1 0 VCCO_MIO1_501_C20
A 10 130 10 0 2 0 PINTYPE=BI
P 5 400 100 350 100 0 3 0
A 355 100 10 0 3 0 #=H19
L 345 100 10 0 8 0 1 0 PS_MIO_VREF_501_H19
A 405 100 10 0 2 0 PINTYPE=BI
P 6 400 110 350 110 0 3 0
A 355 110 10 0 3 0 #=B19
L 345 110 10 0 8 0 1 0 PS_SRST_B_501_B19
A 405 110 10 0 2 0 PINTYPE=BI
P 7 400 120 350 120 0 3 0
A 355 120 10 0 3 0 #=L19
L 345 120 10 0 8 0 1 0 PS_MIO16_501_L19
A 405 120 10 0 2 0 PINTYPE=BI
P 8 400 130 350 130 0 3 0
A 355 130 10 0 3 0 #=K21
L 345 130 10 0 8 0 1 0 PS_MIO17_501_K21
A 405 130 10 0 2 0 PINTYPE=BI
P 9 400 140 350 140 0 3 0
A 355 140 10 0 3 0 #=K20
L 345 140 10 0 8 0 1 0 PS_MIO18_501_K20
A 405 140 10 0 2 0 PINTYPE=BI
P 10 400 150 350 150 0 3 0
A 355 150 10 0 3 0 #=J20
L 345 150 10 0 8 0 1 0 PS_MIO19_501_J20
A 405 150 10 0 2 0 PINTYPE=BI
P 11 400 160 350 160 0 3 0
A 355 160 10 0 3 0 #=M20
L 345 160 10 0 8 0 1 0 PS_MIO20_501_M20
A 405 160 10 0 2 0 PINTYPE=BI
P 12 400 170 350 170 0 3 0
A 355 170 10 0 3 0 #=J19
L 345 170 10 0 8 0 1 0 PS_MIO21_501_J19
A 405 170 10 0 2 0 PINTYPE=BI
P 13 400 180 350 180 0 3 0
A 355 180 10 0 3 0 #=L20
L 345 180 10 0 8 0 1 0 PS_MIO22_501_L20
A 405 180 10 0 2 0 PINTYPE=BI
P 14 400 190 350 190 0 3 0
A 355 190 10 0 3 0 #=J21
L 345 190 10 0 8 0 1 0 PS_MIO23_501_J21
A 405 190 10 0 2 0 PINTYPE=BI
P 15 400 200 350 200 0 3 0
A 355 200 10 0 3 0 #=M19
L 345 200 10 0 8 0 1 0 PS_MIO24_501_M19
A 405 200 10 0 2 0 PINTYPE=BI
P 16 400 210 350 210 0 3 0
A 355 210 10 0 3 0 #=G19
L 345 210 10 0 8 0 1 0 PS_MIO25_501_G19
A 405 210 10 0 2 0 PINTYPE=BI
P 17 400 220 350 220 0 3 0
A 355 220 10 0 3 0 #=M17
L 345 220 10 0 8 0 1 0 PS_MIO26_501_M17
A 405 220 10 0 2 0 PINTYPE=BI
P 18 400 230 350 230 0 3 0
A 355 230 10 0 3 0 #=G20
L 345 230 10 0 8 0 1 0 PS_MIO27_501_G20
A 405 230 10 0 2 0 PINTYPE=BI
P 19 400 240 350 240 0 3 0
A 355 240 10 0 3 0 #=L17
L 345 240 10 0 8 0 1 0 PS_MIO28_501_L17
A 405 240 10 0 2 0 PINTYPE=BI
P 20 400 250 350 250 0 3 0
A 355 250 10 0 3 0 #=H22
L 345 250 10 0 8 0 1 0 PS_MIO29_501_H22
A 405 250 10 0 2 0 PINTYPE=BI
P 21 400 260 350 260 0 3 0
A 355 260 10 0 3 0 #=L18
L 345 260 10 0 8 0 1 0 PS_MIO30_501_L18
A 405 260 10 0 2 0 PINTYPE=BI
P 22 400 270 350 270 0 3 0
A 355 270 10 0 3 0 #=H21
L 345 270 10 0 8 0 1 0 PS_MIO31_501_H21
A 405 270 10 0 2 0 PINTYPE=BI
P 23 400 280 350 280 0 3 0
A 355 280 10 0 3 0 #=K17
L 345 280 10 0 8 0 1 0 PS_MIO32_501_K17
A 405 280 10 0 2 0 PINTYPE=BI
P 24 400 290 350 290 0 3 0
A 355 290 10 0 3 0 #=G22
L 345 290 10 0 8 0 1 0 PS_MIO33_501_G22
A 405 290 10 0 2 0 PINTYPE=BI
P 25 400 300 350 300 0 3 0
A 355 300 10 0 3 0 #=K18
L 345 300 10 0 8 0 1 0 PS_MIO34_501_K18
A 405 300 10 0 2 0 PINTYPE=BI
P 26 400 310 350 310 0 3 0
A 355 310 10 0 3 0 #=G21
L 345 310 10 0 8 0 1 0 PS_MIO35_501_G21
A 405 310 10 0 2 0 PINTYPE=BI
P 27 400 320 350 320 0 3 0
A 355 320 10 0 3 0 #=H17
L 345 320 10 0 8 0 1 0 PS_MIO36_501_H17
A 405 320 10 0 2 0 PINTYPE=BI
P 28 400 330 350 330 0 3 0
A 355 330 10 0 3 0 #=B21
L 345 330 10 0 8 0 1 0 PS_MIO37_501_B21
A 405 330 10 0 2 0 PINTYPE=BI
P 29 400 340 350 340 0 3 0
A 355 340 10 0 3 0 #=A20
L 345 340 10 0 8 0 1 0 PS_MIO38_501_A20
A 405 340 10 0 2 0 PINTYPE=BI
P 30 400 350 350 350 0 3 0
A 355 350 10 0 3 0 #=F18
L 345 350 10 0 8 0 1 0 PS_MIO39_501_F18
A 405 350 10 0 2 0 PINTYPE=BI
P 31 400 360 350 360 0 3 0
A 355 360 10 0 3 0 #=B20
L 345 360 10 0 8 0 1 0 PS_MIO40_501_B20
A 405 360 10 0 2 0 PINTYPE=BI
P 32 400 370 350 370 0 3 0
A 355 370 10 0 3 0 #=J18
L 345 370 10 0 8 0 1 0 PS_MIO41_501_J18
A 405 370 10 0 2 0 PINTYPE=BI
P 33 400 380 350 380 0 3 0
A 355 380 10 0 3 0 #=D20
L 345 380 10 0 8 0 1 0 PS_MIO42_501_D20
A 405 380 10 0 2 0 PINTYPE=BI
P 34 400 390 350 390 0 3 0
A 355 390 10 0 3 0 #=E18
L 345 390 10 0 8 0 1 0 PS_MIO43_501_E18
A 405 390 10 0 2 0 PINTYPE=BI
P 35 400 400 350 400 0 3 0
A 355 400 10 0 3 0 #=E20
L 345 400 10 0 8 0 1 0 PS_MIO44_501_E20
A 405 400 10 0 2 0 PINTYPE=BI
P 36 400 410 350 410 0 3 0
A 355 410 10 0 3 0 #=H18
L 345 410 10 0 8 0 1 0 PS_MIO45_501_H18
A 405 410 10 0 2 0 PINTYPE=BI
P 37 400 420 350 420 0 3 0
A 355 420 10 0 3 0 #=F20
L 345 420 10 0 8 0 1 0 PS_MIO46_501_F20
A 405 420 10 0 2 0 PINTYPE=BI
P 38 400 430 350 430 0 3 0
A 355 430 10 0 3 0 #=A18
L 345 430 10 0 8 0 1 0 PS_MIO47_501_A18
A 405 430 10 0 2 0 PINTYPE=BI
P 39 400 440 350 440 0 3 0
A 355 440 10 0 3 0 #=C19
L 345 440 10 0 8 0 1 0 PS_MIO48_501_C19
A 405 440 10 0 2 0 PINTYPE=BI
P 40 400 450 350 450 0 3 0
A 355 450 10 0 3 0 #=D18
L 345 450 10 0 8 0 1 0 PS_MIO49_501_D18
A 405 450 10 0 2 0 PINTYPE=BI
P 41 400 460 350 460 0 3 0
A 355 460 10 0 3 0 #=A19
L 345 460 10 0 8 0 1 0 PS_MIO50_501_A19
A 405 460 10 0 2 0 PINTYPE=BI
P 42 400 470 350 470 0 3 0
A 355 470 10 0 3 0 #=F19
L 345 470 10 0 8 0 1 0 PS_MIO51_501_F19
A 405 470 10 0 2 0 PINTYPE=BI
P 43 400 480 350 480 0 3 0
A 355 480 10 0 3 0 #=D19
L 345 480 10 0 8 0 1 0 PS_MIO52_501_D19
A 405 480 10 0 2 0 PINTYPE=BI
P 44 400 490 350 490 0 3 0
A 355 490 10 0 3 0 #=C18
L 345 490 10 0 8 0 1 0 PS_MIO53_501_C18
A 405 490 10 0 2 0 PINTYPE=BI
T 220 510 20 0 5 XC7z100ff900
T 220 530 20 0 5 BANK 501
c 70 590 10
U 50 620 10 0 3 3 DEVICE=XXXXXX
U 50 30 16 0 3 3 REFDES=U?
U 250 30 10 0 3 3 PKG_TYPE=XXXXXX
U 0 0 10 0 3 0 HETERO=xc7z100ff900_0,xc7z100ff900_9,xc7z100ff900_10,xc7z100ff900_11,xc7z100ff900_12,xc7z100ff900_13,xc7z100ff900_33,xc7z100ff900_34,xc7z100ff900_35,xc7z100ff900_109,xc7z100ff900_110,xc7z100ff900_111,xc7z100ff900_112,xc7z100ff900_500,xc7z100ff900_501,xc7z100ff900_502,xc7z100ff900_MGTAVCC,xc7z100ff900_MGTAVTT,xc7z100ff900_MGTVCCAUX,xc7z100ff900_GND,xc7z100ff900_VCCINT,xc7z100ff900_VCCAUX,xc7z100ff900_VCCAUX_IO_G0,xc7z100ff900_VCCBRAM,xc7z100ff900_VCCPAUX,xc7z100ff900_VCCPINT,xc7z100ff900_VCCPLL
U 0 -10 10 0 3 0 PARTS=1
U 0 -20 10 0 3 0 LEVEL=STD
U 0 -30 10 0 3 0 DATE=2015_02_20
E
