V 50
K 153165148200 xc7z030sbg485
Y 1
D 0 0 400 1080
Z 10
i 946
b 50 50 350 1030
P 1 400 100 350 100 0 3 0
A 355 100 10 0 3 0 #=A8
L 345 100 10 0 8 0 1 0 GND_A8
A 405 100 10 0 2 0 PINTYPE=BI
P 2 400 110 350 110 0 3 0
A 355 110 10 0 3 0 #=A18
L 345 110 10 0 8 0 1 0 GND_A18
A 405 110 10 0 2 0 PINTYPE=BI
P 3 400 120 350 120 0 3 0
A 355 120 10 0 3 0 #=AA1
L 345 120 10 0 8 0 1 0 GND_AA1
A 405 120 10 0 2 0 PINTYPE=BI
P 4 400 130 350 130 0 3 0
A 355 130 10 0 3 0 #=AA6
L 345 130 10 0 8 0 1 0 GND_AA6
A 405 130 10 0 2 0 PINTYPE=BI
P 5 400 140 350 140 0 3 0
A 355 140 10 0 3 0 #=AA10
L 345 140 10 0 8 0 1 0 GND_AA10
A 405 140 10 0 2 0 PINTYPE=BI
P 6 400 150 350 150 0 3 0
A 355 150 10 0 3 0 #=AA18
L 345 150 10 0 8 0 1 0 GND_AA18
A 405 150 10 0 2 0 PINTYPE=BI
P 7 400 160 350 160 0 3 0
A 355 160 10 0 3 0 #=AB2
L 345 160 10 0 8 0 1 0 GND_AB2
A 405 160 10 0 2 0 PINTYPE=BI
P 8 400 170 350 170 0 3 0
A 355 170 10 0 3 0 #=AB4
L 345 170 10 0 8 0 1 0 GND_AB4
A 405 170 10 0 2 0 PINTYPE=BI
P 9 400 180 350 180 0 3 0
A 355 180 10 0 3 0 #=AB8
L 345 180 10 0 8 0 1 0 GND_AB8
A 405 180 10 0 2 0 PINTYPE=BI
P 10 400 190 350 190 0 3 0
A 355 190 10 0 3 0 #=AB10
L 345 190 10 0 8 0 1 0 GND_AB10
A 405 190 10 0 2 0 PINTYPE=BI
P 11 400 200 350 200 0 3 0
A 355 200 10 0 3 0 #=AB15
L 345 200 10 0 8 0 1 0 GND_AB15
A 405 200 10 0 2 0 PINTYPE=BI
P 12 400 210 350 210 0 3 0
A 355 210 10 0 3 0 #=B5
L 345 210 10 0 8 0 1 0 GND_B5
A 405 210 10 0 2 0 PINTYPE=BI
P 13 400 220 350 220 0 3 0
A 355 220 10 0 3 0 #=B15
L 345 220 10 0 8 0 1 0 GND_B15
A 405 220 10 0 2 0 PINTYPE=BI
P 14 400 230 350 230 0 3 0
A 355 230 10 0 3 0 #=C2
L 345 230 10 0 8 0 1 0 GND_C2
A 405 230 10 0 2 0 PINTYPE=BI
P 15 400 240 350 240 0 3 0
A 355 240 10 0 3 0 #=C12
L 345 240 10 0 8 0 1 0 GND_C12
A 405 240 10 0 2 0 PINTYPE=BI
P 16 400 250 350 250 0 3 0
A 355 250 10 0 3 0 #=C22
L 345 250 10 0 8 0 1 0 GND_C22
A 405 250 10 0 2 0 PINTYPE=BI
P 17 400 260 350 260 0 3 0
A 355 260 10 0 3 0 #=D9
L 345 260 10 0 8 0 1 0 GND_D9
A 405 260 10 0 2 0 PINTYPE=BI
P 18 400 270 350 270 0 3 0
A 355 270 10 0 3 0 #=D19
L 345 270 10 0 8 0 1 0 GND_D19
A 405 270 10 0 2 0 PINTYPE=BI
P 19 400 280 350 280 0 3 0
A 355 280 10 0 3 0 #=E6
L 345 280 10 0 8 0 1 0 GND_E6
A 405 280 10 0 2 0 PINTYPE=BI
P 20 400 290 350 290 0 3 0
A 355 290 10 0 3 0 #=E16
L 345 290 10 0 8 0 1 0 GND_E16
A 405 290 10 0 2 0 PINTYPE=BI
P 21 400 300 350 300 0 3 0
A 355 300 10 0 3 0 #=F3
L 345 300 10 0 8 0 1 0 GND_F3
A 405 300 10 0 2 0 PINTYPE=BI
P 22 400 310 350 310 0 3 0
A 355 310 10 0 3 0 #=F13
L 345 310 10 0 8 0 1 0 GND_F13
A 405 310 10 0 2 0 PINTYPE=BI
P 23 400 320 350 320 0 3 0
A 355 320 10 0 3 0 #=G10
L 345 320 10 0 8 0 1 0 GND_G10
A 405 320 10 0 2 0 PINTYPE=BI
P 24 400 330 350 330 0 3 0
A 355 330 10 0 3 0 #=G20
L 345 330 10 0 8 0 1 0 GND_G20
A 405 330 10 0 2 0 PINTYPE=BI
P 25 400 340 350 340 0 3 0
A 355 340 10 0 3 0 #=H7
L 345 340 10 0 8 0 1 0 GND_H7
A 405 340 10 0 2 0 PINTYPE=BI
P 26 400 350 350 350 0 3 0
A 355 350 10 0 3 0 #=H13
L 345 350 10 0 8 0 1 0 GND_H13
A 405 350 10 0 2 0 PINTYPE=BI
P 27 400 360 350 360 0 3 0
A 355 360 10 0 3 0 #=H15
L 345 360 10 0 8 0 1 0 GND_H15
A 405 360 10 0 2 0 PINTYPE=BI
P 28 400 370 350 370 0 3 0
A 355 370 10 0 3 0 #=H17
L 345 370 10 0 8 0 1 0 GND_H17
A 405 370 10 0 2 0 PINTYPE=BI
P 29 400 380 350 380 0 3 0
A 355 380 10 0 3 0 #=J4
L 345 380 10 0 8 0 1 0 GND_J4
A 405 380 10 0 2 0 PINTYPE=BI
P 30 400 390 350 390 0 3 0
A 355 390 10 0 3 0 #=J10
L 345 390 10 0 8 0 1 0 GND_J10
A 405 390 10 0 2 0 PINTYPE=BI
P 31 400 400 350 400 0 3 0
A 355 400 10 0 3 0 #=J12
L 345 400 10 0 8 0 1 0 GND_J12
A 405 400 10 0 2 0 PINTYPE=BI
P 32 400 410 350 410 0 3 0
A 355 410 10 0 3 0 #=J14
L 345 410 10 0 8 0 1 0 GND_J14
A 405 410 10 0 2 0 PINTYPE=BI
P 33 400 420 350 420 0 3 0
A 355 420 10 0 3 0 #=K1
L 345 420 10 0 8 0 1 0 GND_K1
A 405 420 10 0 2 0 PINTYPE=BI
P 34 400 430 350 430 0 3 0
A 355 430 10 0 3 0 #=K9
L 345 430 10 0 8 0 1 0 GND_K9
A 405 430 10 0 2 0 PINTYPE=BI
P 35 400 440 350 440 0 3 0
A 355 440 10 0 3 0 #=K13
L 345 440 10 0 8 0 1 0 GND_K13
A 405 440 10 0 2 0 PINTYPE=BI
P 36 400 450 350 450 0 3 0
A 355 450 10 0 3 0 #=K15
L 345 450 10 0 8 0 1 0 GND_K15
A 405 450 10 0 2 0 PINTYPE=BI
P 37 400 460 350 460 0 3 0
A 355 460 10 0 3 0 #=K21
L 345 460 10 0 8 0 1 0 GND_K21
A 405 460 10 0 2 0 PINTYPE=BI
P 38 400 470 350 470 0 3 0
A 355 470 10 0 3 0 #=L8
L 345 470 10 0 8 0 1 0 GND_L8
A 405 470 10 0 2 0 PINTYPE=BI
P 39 400 480 350 480 0 3 0
A 355 480 10 0 3 0 #=L10
L 345 480 10 0 8 0 1 0 GND_L10
A 405 480 10 0 2 0 PINTYPE=BI
P 40 400 490 350 490 0 3 0
A 355 490 10 0 3 0 #=L14
L 345 490 10 0 8 0 1 0 GND_L14
A 405 490 10 0 2 0 PINTYPE=BI
P 41 400 500 350 500 0 3 0
A 355 500 10 0 3 0 #=L18
L 345 500 10 0 8 0 1 0 GND_L18
A 405 500 10 0 2 0 PINTYPE=BI
P 42 400 510 350 510 0 3 0
A 355 510 10 0 3 0 #=M5
L 345 510 10 0 8 0 1 0 GND_M5
A 405 510 10 0 2 0 PINTYPE=BI
P 43 400 520 350 520 0 3 0
A 355 520 10 0 3 0 #=M9
L 345 520 10 0 8 0 1 0 GND_M9
A 405 520 10 0 2 0 PINTYPE=BI
P 44 400 530 350 530 0 3 0
A 355 530 10 0 3 0 #=M13
L 345 530 10 0 8 0 1 0 GND_M13
A 405 530 10 0 2 0 PINTYPE=BI
P 45 400 540 350 540 0 3 0
A 355 540 10 0 3 0 #=M15
L 345 540 10 0 8 0 1 0 GND_M15
A 405 540 10 0 2 0 PINTYPE=BI
P 46 400 550 350 550 0 3 0
A 355 550 10 0 3 0 #=N2
L 345 550 10 0 8 0 1 0 GND_N2
A 405 550 10 0 2 0 PINTYPE=BI
P 47 400 560 350 560 0 3 0
A 355 560 10 0 3 0 #=N10
L 345 560 10 0 8 0 1 0 GND_N10
A 405 560 10 0 2 0 PINTYPE=BI
P 48 400 570 350 570 0 3 0
A 355 570 10 0 3 0 #=N14
L 345 570 10 0 8 0 1 0 GND_N14
A 405 570 10 0 2 0 PINTYPE=BI
P 49 400 580 350 580 0 3 0
A 355 580 10 0 3 0 #=N22
L 345 580 10 0 8 0 1 0 GND_N22
A 405 580 10 0 2 0 PINTYPE=BI
P 50 400 590 350 590 0 3 0
A 355 590 10 0 3 0 #=P9
L 345 590 10 0 8 0 1 0 GND_P9
A 405 590 10 0 2 0 PINTYPE=BI
P 51 400 600 350 600 0 3 0
A 355 600 10 0 3 0 #=P11
L 345 600 10 0 8 0 1 0 GND_P11
A 405 600 10 0 2 0 PINTYPE=BI
P 52 400 610 350 610 0 3 0
A 355 610 10 0 3 0 #=P13
L 345 610 10 0 8 0 1 0 GND_P13
A 405 610 10 0 2 0 PINTYPE=BI
P 53 400 620 350 620 0 3 0
A 355 620 10 0 3 0 #=P15
L 345 620 10 0 8 0 1 0 GND_P15
A 405 620 10 0 2 0 PINTYPE=BI
P 54 400 630 350 630 0 3 0
A 355 630 10 0 3 0 #=P19
L 345 630 10 0 8 0 1 0 GND_P19
A 405 630 10 0 2 0 PINTYPE=BI
P 55 400 640 350 640 0 3 0
A 355 640 10 0 3 0 #=R6
L 345 640 10 0 8 0 1 0 GND_R6
A 405 640 10 0 2 0 PINTYPE=BI
P 56 400 650 350 650 0 3 0
A 355 650 10 0 3 0 #=R10
L 345 650 10 0 8 0 1 0 GND_R10
A 405 650 10 0 2 0 PINTYPE=BI
P 57 400 660 350 660 0 3 0
A 355 660 10 0 3 0 #=R12
L 345 660 10 0 8 0 1 0 GND_R12
A 405 660 10 0 2 0 PINTYPE=BI
P 58 400 670 350 670 0 3 0
A 355 670 10 0 3 0 #=R14
L 345 670 10 0 8 0 1 0 GND_R14
A 405 670 10 0 2 0 PINTYPE=BI
P 59 400 680 350 680 0 3 0
A 355 680 10 0 3 0 #=R16
L 345 680 10 0 8 0 1 0 GND_R16
A 405 680 10 0 2 0 PINTYPE=BI
P 60 400 690 350 690 0 3 0
A 355 690 10 0 3 0 #=T3
L 345 690 10 0 8 0 1 0 GND_T3
A 405 690 10 0 2 0 PINTYPE=BI
P 61 400 700 350 700 0 3 0
A 355 700 10 0 3 0 #=T4
L 345 700 10 0 8 0 1 0 GND_T4
A 405 700 10 0 2 0 PINTYPE=BI
P 62 400 710 350 710 0 3 0
A 355 710 10 0 3 0 #=T5
L 345 710 10 0 8 0 1 0 GND_T5
A 405 710 10 0 2 0 PINTYPE=BI
P 63 400 720 350 720 0 3 0
A 355 720 10 0 3 0 #=T6
L 345 720 10 0 8 0 1 0 GND_T6
A 405 720 10 0 2 0 PINTYPE=BI
P 64 400 730 350 730 0 3 0
A 355 730 10 0 3 0 #=T7
L 345 730 10 0 8 0 1 0 GND_T7
A 405 730 10 0 2 0 PINTYPE=BI
P 65 400 740 350 740 0 3 0
A 355 740 10 0 3 0 #=T13
L 345 740 10 0 8 0 1 0 GND_T13
A 405 740 10 0 2 0 PINTYPE=BI
P 66 400 750 350 750 0 3 0
A 355 750 10 0 3 0 #=U3
L 345 750 10 0 8 0 1 0 GND_U3
A 405 750 10 0 2 0 PINTYPE=BI
P 67 400 760 350 760 0 3 0
A 355 760 10 0 3 0 #=U10
L 345 760 10 0 8 0 1 0 GND_U10
A 405 760 10 0 2 0 PINTYPE=BI
P 68 400 770 350 770 0 3 0
A 355 770 10 0 3 0 #=U20
L 345 770 10 0 8 0 1 0 GND_U20
A 405 770 10 0 2 0 PINTYPE=BI
P 69 400 780 350 780 0 3 0
A 355 780 10 0 3 0 #=V1
L 345 780 10 0 8 0 1 0 GND_V1
A 405 780 10 0 2 0 PINTYPE=BI
P 70 400 790 350 790 0 3 0
A 355 790 10 0 3 0 #=V2
L 345 790 10 0 8 0 1 0 GND_V2
A 405 790 10 0 2 0 PINTYPE=BI
P 71 400 800 350 800 0 3 0
A 355 800 10 0 3 0 #=V3
L 345 800 10 0 8 0 1 0 GND_V3
A 405 800 10 0 2 0 PINTYPE=BI
P 72 400 810 350 810 0 3 0
A 355 810 10 0 3 0 #=V4
L 345 810 10 0 8 0 1 0 GND_V4
A 405 810 10 0 2 0 PINTYPE=BI
P 73 400 820 350 820 0 3 0
A 355 820 10 0 3 0 #=V6
L 345 820 10 0 8 0 1 0 GND_V6
A 405 820 10 0 2 0 PINTYPE=BI
P 74 400 830 350 830 0 3 0
A 355 830 10 0 3 0 #=V8
L 345 830 10 0 8 0 1 0 GND_V8
A 405 830 10 0 2 0 PINTYPE=BI
P 75 400 840 350 840 0 3 0
A 355 840 10 0 3 0 #=V17
L 345 840 10 0 8 0 1 0 GND_V17
A 405 840 10 0 2 0 PINTYPE=BI
P 76 400 850 350 850 0 3 0
A 355 850 10 0 3 0 #=W1
L 345 850 10 0 8 0 1 0 GND_W1
A 405 850 10 0 2 0 PINTYPE=BI
P 77 400 860 350 860 0 3 0
A 355 860 10 0 3 0 #=W7
L 345 860 10 0 8 0 1 0 GND_W7
A 405 860 10 0 2 0 PINTYPE=BI
P 78 400 870 350 870 0 3 0
A 355 870 10 0 3 0 #=W10
L 345 870 10 0 8 0 1 0 GND_W10
A 405 870 10 0 2 0 PINTYPE=BI
P 79 400 880 350 880 0 3 0
A 355 880 10 0 3 0 #=W14
L 345 880 10 0 8 0 1 0 GND_W14
A 405 880 10 0 2 0 PINTYPE=BI
P 80 400 890 350 890 0 3 0
A 355 890 10 0 3 0 #=Y1
L 345 890 10 0 8 0 1 0 GND_Y1
A 405 890 10 0 2 0 PINTYPE=BI
P 81 400 900 350 900 0 3 0
A 355 900 10 0 3 0 #=Y3
L 345 900 10 0 8 0 1 0 GND_Y3
A 405 900 10 0 2 0 PINTYPE=BI
P 82 400 910 350 910 0 3 0
A 355 910 10 0 3 0 #=Y5
L 345 910 10 0 8 0 1 0 GND_Y5
A 405 910 10 0 2 0 PINTYPE=BI
P 83 400 920 350 920 0 3 0
A 355 920 10 0 3 0 #=Y9
L 345 920 10 0 8 0 1 0 GND_Y9
A 405 920 10 0 2 0 PINTYPE=BI
P 84 400 930 350 930 0 3 0
A 355 930 10 0 3 0 #=Y10
L 345 930 10 0 8 0 1 0 GND_Y10
A 405 930 10 0 2 0 PINTYPE=BI
P 85 400 940 350 940 0 3 0
A 355 940 10 0 3 0 #=Y11
L 345 940 10 0 8 0 1 0 GND_Y11
A 405 940 10 0 2 0 PINTYPE=BI
P 86 400 950 350 950 0 3 0
A 355 950 10 0 3 0 #=Y21
L 345 950 10 0 8 0 1 0 GND_Y21
A 405 950 10 0 2 0 PINTYPE=BI
T 220 970 20 0 5 XC7Z030SBG485
T 220 990 20 0 5 BANK GND
c 70 1010 10
U 50 1040 10 0 3 3 DEVICE=XXXXXX
U 50 30 16 0 3 3 REFDES=U?
U 250 30 10 0 3 3 PKG_TYPE=XXXXXX
U 0 0 10 0 3 0 HETERO=xc7z030sbg485_0,xc7z030sbg485_13,xc7z030sbg485_34,xc7z030sbg485_35,xc7z030sbg485_112,xc7z030sbg485_500,xc7z030sbg485_501,xc7z030sbg485_502,xc7z030sbg485_MGTVCCAUX,xc7z030sbg485_VCCPLL,xc7z030sbg485_GND,xc7z030sbg485_MGTAVCC,xc7z030sbg485_MGTAVTT,xc7z030sbg485_VCCAUX,xc7z030sbg485_VCCBRAM,xc7z030sbg485_VCCINT,xc7z030sbg485_VCCPAUX,xc7z030sbg485_VCCPINT
U 0 -10 10 0 3 0 PARTS=1
U 0 -20 10 0 3 0 LEVEL=STD
U 0 -30 10 0 3 0 DATE=2015_03_18
E
