V 50
K 153165148200 xc7z020csg400e
Y 1
D 0 0 400 810
Z 10
i 946
b 50 50 350 760
P 1 400 100 350 100 0 3 0
A 355 100 10 0 3 0 #=A8
L 345 100 10 0 8 0 1 0 GND_A8
A 405 100 10 0 2 0 PINTYPE=BI
P 2 400 110 350 110 0 3 0
A 355 110 10 0 3 0 #=A18
L 345 110 10 0 8 0 1 0 GND_A18
A 405 110 10 0 2 0 PINTYPE=BI
P 3 400 120 350 120 0 3 0
A 355 120 10 0 3 0 #=B1
L 345 120 10 0 8 0 1 0 GND_B1
A 405 120 10 0 2 0 PINTYPE=BI
P 4 400 130 350 130 0 3 0
A 355 130 10 0 3 0 #=B11
L 345 130 10 0 8 0 1 0 GND_B11
A 405 130 10 0 2 0 PINTYPE=BI
P 5 400 140 350 140 0 3 0
A 355 140 10 0 3 0 #=C4
L 345 140 10 0 8 0 1 0 GND_C4
A 405 140 10 0 2 0 PINTYPE=BI
P 6 400 150 350 150 0 3 0
A 355 150 10 0 3 0 #=C14
L 345 150 10 0 8 0 1 0 GND_C14
A 405 150 10 0 2 0 PINTYPE=BI
P 7 400 160 350 160 0 3 0
A 355 160 10 0 3 0 #=D7
L 345 160 10 0 8 0 1 0 GND_D7
A 405 160 10 0 2 0 PINTYPE=BI
P 8 400 170 350 170 0 3 0
A 355 170 10 0 3 0 #=D17
L 345 170 10 0 8 0 1 0 GND_D17
A 405 170 10 0 2 0 PINTYPE=BI
P 9 400 180 350 180 0 3 0
A 355 180 10 0 3 0 #=E10
L 345 180 10 0 8 0 1 0 GND_E10
A 405 180 10 0 2 0 PINTYPE=BI
P 10 400 190 350 190 0 3 0
A 355 190 10 0 3 0 #=E20
L 345 190 10 0 8 0 1 0 GND_E20
A 405 190 10 0 2 0 PINTYPE=BI
P 11 400 200 350 200 0 3 0
A 355 200 10 0 3 0 #=F3
L 345 200 10 0 8 0 1 0 GND_F3
A 405 200 10 0 2 0 PINTYPE=BI
P 12 400 210 350 210 0 3 0
A 355 210 10 0 3 0 #=F7
L 345 210 10 0 8 0 1 0 GND_F7
A 405 210 10 0 2 0 PINTYPE=BI
P 13 400 220 350 220 0 3 0
A 355 220 10 0 3 0 #=G10
L 345 220 10 0 8 0 1 0 GND_G10
A 405 220 10 0 2 0 PINTYPE=BI
P 14 400 230 350 230 0 3 0
A 355 230 10 0 3 0 #=G12
L 345 230 10 0 8 0 1 0 GND_G12
A 405 230 10 0 2 0 PINTYPE=BI
P 15 400 240 350 240 0 3 0
A 355 240 10 0 3 0 #=G16
L 345 240 10 0 8 0 1 0 GND_G16
A 405 240 10 0 2 0 PINTYPE=BI
P 16 400 250 350 250 0 3 0
A 355 250 10 0 3 0 #=H7
L 345 250 10 0 8 0 1 0 GND_H7
A 405 250 10 0 2 0 PINTYPE=BI
P 17 400 260 350 260 0 3 0
A 355 260 10 0 3 0 #=H9
L 345 260 10 0 8 0 1 0 GND_H9
A 405 260 10 0 2 0 PINTYPE=BI
P 18 400 270 350 270 0 3 0
A 355 270 10 0 3 0 #=H11
L 345 270 10 0 8 0 1 0 GND_H11
A 405 270 10 0 2 0 PINTYPE=BI
P 19 400 280 350 280 0 3 0
A 355 280 10 0 3 0 #=H13
L 345 280 10 0 8 0 1 0 GND_H13
A 405 280 10 0 2 0 PINTYPE=BI
P 20 400 290 350 290 0 3 0
A 355 290 10 0 3 0 #=H19
L 345 290 10 0 8 0 1 0 GND_H19
A 405 290 10 0 2 0 PINTYPE=BI
P 21 400 300 350 300 0 3 0
A 355 300 10 0 3 0 #=J2
L 345 300 10 0 8 0 1 0 GND_J2
A 405 300 10 0 2 0 PINTYPE=BI
P 22 400 310 350 310 0 3 0
A 355 310 10 0 3 0 #=J8
L 345 310 10 0 8 0 1 0 GND_J8
A 405 310 10 0 2 0 PINTYPE=BI
P 23 400 320 350 320 0 3 0
A 355 320 10 0 3 0 #=J12
L 345 320 10 0 8 0 1 0 GND_J12
A 405 320 10 0 2 0 PINTYPE=BI
P 24 400 330 350 330 0 3 0
A 355 330 10 0 3 0 #=K5
L 345 330 10 0 8 0 1 0 GND_K5
A 405 330 10 0 2 0 PINTYPE=BI
P 25 400 340 350 340 0 3 0
A 355 340 10 0 3 0 #=K7
L 345 340 10 0 8 0 1 0 GND_K7
A 405 340 10 0 2 0 PINTYPE=BI
P 26 400 350 350 350 0 3 0
A 355 350 10 0 3 0 #=K9
L 345 350 10 0 8 0 1 0 GND_K9
A 405 350 10 0 2 0 PINTYPE=BI
P 27 400 360 350 360 0 3 0
A 355 360 10 0 3 0 #=K13
L 345 360 10 0 8 0 1 0 GND_K13
A 405 360 10 0 2 0 PINTYPE=BI
P 28 400 370 350 370 0 3 0
A 355 370 10 0 3 0 #=K15
L 345 370 10 0 8 0 1 0 GND_K15
A 405 370 10 0 2 0 PINTYPE=BI
P 29 400 380 350 380 0 3 0
A 355 380 10 0 3 0 #=L8
L 345 380 10 0 8 0 1 0 GND_L8
A 405 380 10 0 2 0 PINTYPE=BI
P 30 400 390 350 390 0 3 0
A 355 390 10 0 3 0 #=L12
L 345 390 10 0 8 0 1 0 GND_L12
A 405 390 10 0 2 0 PINTYPE=BI
P 31 400 400 350 400 0 3 0
A 355 400 10 0 3 0 #=L18
L 345 400 10 0 8 0 1 0 GND_L18
A 405 400 10 0 2 0 PINTYPE=BI
P 32 400 410 350 410 0 3 0
A 355 410 10 0 3 0 #=M1
L 345 410 10 0 8 0 1 0 GND_M1
A 405 410 10 0 2 0 PINTYPE=BI
P 33 400 420 350 420 0 3 0
A 355 420 10 0 3 0 #=M7
L 345 420 10 0 8 0 1 0 GND_M7
A 405 420 10 0 2 0 PINTYPE=BI
P 34 400 430 350 430 0 3 0
A 355 430 10 0 3 0 #=M9
L 345 430 10 0 8 0 1 0 GND_M9
A 405 430 10 0 2 0 PINTYPE=BI
P 35 400 440 350 440 0 3 0
A 355 440 10 0 3 0 #=M13
L 345 440 10 0 8 0 1 0 GND_M13
A 405 440 10 0 2 0 PINTYPE=BI
P 36 400 450 350 450 0 3 0
A 355 450 10 0 3 0 #=N4
L 345 450 10 0 8 0 1 0 GND_N4
A 405 450 10 0 2 0 PINTYPE=BI
P 37 400 460 350 460 0 3 0
A 355 460 10 0 3 0 #=N8
L 345 460 10 0 8 0 1 0 GND_N8
A 405 460 10 0 2 0 PINTYPE=BI
P 38 400 470 350 470 0 3 0
A 355 470 10 0 3 0 #=N10
L 345 470 10 0 8 0 1 0 GND_N10
A 405 470 10 0 2 0 PINTYPE=BI
P 39 400 480 350 480 0 3 0
A 355 480 10 0 3 0 #=N12
L 345 480 10 0 8 0 1 0 GND_N12
A 405 480 10 0 2 0 PINTYPE=BI
P 40 400 490 350 490 0 3 0
A 355 490 10 0 3 0 #=N14
L 345 490 10 0 8 0 1 0 GND_N14
A 405 490 10 0 2 0 PINTYPE=BI
P 41 400 500 350 500 0 3 0
A 355 500 10 0 3 0 #=P7
L 345 500 10 0 8 0 1 0 GND_P7
A 405 500 10 0 2 0 PINTYPE=BI
P 42 400 510 350 510 0 3 0
A 355 510 10 0 3 0 #=P9
L 345 510 10 0 8 0 1 0 GND_P9
A 405 510 10 0 2 0 PINTYPE=BI
P 43 400 520 350 520 0 3 0
A 355 520 10 0 3 0 #=P11
L 345 520 10 0 8 0 1 0 GND_P11
A 405 520 10 0 2 0 PINTYPE=BI
P 44 400 530 350 530 0 3 0
A 355 530 10 0 3 0 #=P13
L 345 530 10 0 8 0 1 0 GND_P13
A 405 530 10 0 2 0 PINTYPE=BI
P 45 400 540 350 540 0 3 0
A 355 540 10 0 3 0 #=P17
L 345 540 10 0 8 0 1 0 GND_P17
A 405 540 10 0 2 0 PINTYPE=BI
P 46 400 550 350 550 0 3 0
A 355 550 10 0 3 0 #=R8
L 345 550 10 0 8 0 1 0 GND_R8
A 405 550 10 0 2 0 PINTYPE=BI
P 47 400 560 350 560 0 3 0
A 355 560 10 0 3 0 #=R12
L 345 560 10 0 8 0 1 0 GND_R12
A 405 560 10 0 2 0 PINTYPE=BI
P 48 400 570 350 570 0 3 0
A 355 570 10 0 3 0 #=R20
L 345 570 10 0 8 0 1 0 GND_R20
A 405 570 10 0 2 0 PINTYPE=BI
P 49 400 580 350 580 0 3 0
A 355 580 10 0 3 0 #=T3
L 345 580 10 0 8 0 1 0 GND_T3
A 405 580 10 0 2 0 PINTYPE=BI
P 50 400 590 350 590 0 3 0
A 355 590 10 0 3 0 #=T7
L 345 590 10 0 8 0 1 0 GND_T7
A 405 590 10 0 2 0 PINTYPE=BI
P 51 400 600 350 600 0 3 0
A 355 600 10 0 3 0 #=T13
L 345 600 10 0 8 0 1 0 GND_T13
A 405 600 10 0 2 0 PINTYPE=BI
P 52 400 610 350 610 0 3 0
A 355 610 10 0 3 0 #=U6
L 345 610 10 0 8 0 1 0 GND_U6
A 405 610 10 0 2 0 PINTYPE=BI
P 53 400 620 350 620 0 3 0
A 355 620 10 0 3 0 #=U16
L 345 620 10 0 8 0 1 0 GND_U16
A 405 620 10 0 2 0 PINTYPE=BI
P 54 400 630 350 630 0 3 0
A 355 630 10 0 3 0 #=V9
L 345 630 10 0 8 0 1 0 GND_V9
A 405 630 10 0 2 0 PINTYPE=BI
P 55 400 640 350 640 0 3 0
A 355 640 10 0 3 0 #=V19
L 345 640 10 0 8 0 1 0 GND_V19
A 405 640 10 0 2 0 PINTYPE=BI
P 56 400 650 350 650 0 3 0
A 355 650 10 0 3 0 #=W2
L 345 650 10 0 8 0 1 0 GND_W2
A 405 650 10 0 2 0 PINTYPE=BI
P 57 400 660 350 660 0 3 0
A 355 660 10 0 3 0 #=W12
L 345 660 10 0 8 0 1 0 GND_W12
A 405 660 10 0 2 0 PINTYPE=BI
P 58 400 670 350 670 0 3 0
A 355 670 10 0 3 0 #=Y5
L 345 670 10 0 8 0 1 0 GND_Y5
A 405 670 10 0 2 0 PINTYPE=BI
P 59 400 680 350 680 0 3 0
A 355 680 10 0 3 0 #=Y15
L 345 680 10 0 8 0 1 0 GND_Y15
A 405 680 10 0 2 0 PINTYPE=BI
T 220 700 20 0 5 XC7Z020CSG400E
T 220 720 20 0 5 BANK GND_H
c 70 740 10
U 50 770 10 0 3 3 DEVICE=XXXXXX
U 50 30 16 0 3 3 REFDES=U?
U 250 30 10 0 3 3 PKG_TYPE=XXXXXX
U 0 0 10 0 3 0 HETERO=xc7z020csg400e_0_H,xc7z020csg400e_33_H,xc7z020csg400e_34_H,xc7z020csg400e_35_H,xc7z020csg400e_500_H,xc7z020csg400e_501_H,xc7z020csg400e_502_H,xc7z020csg400e_GND_H,xc7z020csg400e_VCCINT_H,xc7z020csg400e_VCCAUX_H,xc7z020csg400e_VCCBRAM_H,xc7z020csg400e_VCCPLL_H,xc7z020csg400e_VCCPAUX_H,xc7z020csg400e_VCCPINT_H
U 0 -10 10 0 3 0 PARTS=1
U 0 -20 10 0 3 0 LEVEL=STD
U 0 -30 10 0 3 0 DATE=2011_09_22
E
