V 50
K 153165148200 xcku040fbva676
Y 1
D 0 0 400 450
Z 10
i 946
b 50 50 350 400
P 1 400 100 350 100 0 3 0
A 355 100 10 0 3 3 #=K11
L 345 100 10 0 8 0 1 0 VCCINT_K11
A 405 100 10 0 2 0 PINTYPE=BI
P 2 400 110 350 110 0 3 0
A 355 110 10 0 3 3 #=K13
L 345 110 10 0 8 0 1 0 VCCINT_K13
A 405 110 10 0 2 0 PINTYPE=BI
P 3 400 120 350 120 0 3 0
A 355 120 10 0 3 3 #=L10
L 345 120 10 0 8 0 1 0 VCCINT_L10
A 405 120 10 0 2 0 PINTYPE=BI
P 4 400 130 350 130 0 3 0
A 355 130 10 0 3 3 #=L12
L 345 130 10 0 8 0 1 0 VCCINT_L12
A 405 130 10 0 2 0 PINTYPE=BI
P 5 400 140 350 140 0 3 0
A 355 140 10 0 3 3 #=M11
L 345 140 10 0 8 0 1 0 VCCINT_M11
A 405 140 10 0 2 0 PINTYPE=BI
P 6 400 150 350 150 0 3 0
A 355 150 10 0 3 3 #=M13
L 345 150 10 0 8 0 1 0 VCCINT_M13
A 405 150 10 0 2 0 PINTYPE=BI
P 7 400 160 350 160 0 3 0
A 355 160 10 0 3 3 #=N10
L 345 160 10 0 8 0 1 0 VCCINT_N10
A 405 160 10 0 2 0 PINTYPE=BI
P 8 400 170 350 170 0 3 0
A 355 170 10 0 3 3 #=N14
L 345 170 10 0 8 0 1 0 VCCINT_N14
A 405 170 10 0 2 0 PINTYPE=BI
P 9 400 180 350 180 0 3 0
A 355 180 10 0 3 3 #=P13
L 345 180 10 0 8 0 1 0 VCCINT_P13
A 405 180 10 0 2 0 PINTYPE=BI
P 10 400 190 350 190 0 3 0
A 355 190 10 0 3 3 #=R10
L 345 190 10 0 8 0 1 0 VCCINT_R10
A 405 190 10 0 2 0 PINTYPE=BI
P 11 400 200 350 200 0 3 0
A 355 200 10 0 3 3 #=R14
L 345 200 10 0 8 0 1 0 VCCINT_R14
A 405 200 10 0 2 0 PINTYPE=BI
P 12 400 210 350 210 0 3 0
A 355 210 10 0 3 3 #=K9
L 345 210 10 0 8 0 1 0 VCCINT_K9
A 405 210 10 0 2 0 PINTYPE=BI
P 13 400 220 350 220 0 3 0
A 355 220 10 0 3 3 #=T13
L 345 220 10 0 8 0 1 0 VCCINT_T13
A 405 220 10 0 2 0 PINTYPE=BI
P 14 400 230 350 230 0 3 0
A 355 230 10 0 3 3 #=U10
L 345 230 10 0 8 0 1 0 VCCINT_U10
A 405 230 10 0 2 0 PINTYPE=BI
P 15 400 240 350 240 0 3 0
A 355 240 10 0 3 3 #=U12
L 345 240 10 0 8 0 1 0 VCCINT_U12
A 405 240 10 0 2 0 PINTYPE=BI
P 16 400 250 350 250 0 3 0
A 355 250 10 0 3 3 #=U14
L 345 250 10 0 8 0 1 0 VCCINT_U14
A 405 250 10 0 2 0 PINTYPE=BI
P 17 400 260 350 260 0 3 0
A 355 260 10 0 3 3 #=M9
L 345 260 10 0 8 0 1 0 VCCINT_M9
A 405 260 10 0 2 0 PINTYPE=BI
P 18 400 270 350 270 0 3 0
A 355 270 10 0 3 3 #=V13
L 345 270 10 0 8 0 1 0 VCCINT_V13
A 405 270 10 0 2 0 PINTYPE=BI
P 19 400 280 350 280 0 3 0
A 355 280 10 0 3 3 #=P15
L 345 280 10 0 8 0 1 0 VCCINT_P15
A 405 280 10 0 2 0 PINTYPE=BI
P 20 400 290 350 290 0 3 0
A 355 290 10 0 3 3 #=T15
L 345 290 10 0 8 0 1 0 VCCINT_T15
A 405 290 10 0 2 0 PINTYPE=BI
P 21 400 300 350 300 0 3 0
A 355 300 10 0 3 3 #=V15
L 345 300 10 0 8 0 1 0 VCCINT_V15
A 405 300 10 0 2 0 PINTYPE=BI
P 22 400 310 350 310 0 3 0
A 355 310 10 0 3 3 #=L8
L 345 310 10 0 8 0 1 0 VCCINT_L8
A 405 310 10 0 2 0 PINTYPE=BI
P 23 400 320 350 320 0 3 0
A 355 320 10 0 3 3 #=L14
L 345 320 10 0 8 0 1 0 VCCINT_L14
A 405 320 10 0 2 0 PINTYPE=BI
T 220 340 20 0 5 XCKU040FBVA676
T 220 360 20 0 5 BANK VCCINT
c 70 380 10
U 50 410 10 0 3 3 DEVICE=XXXXXX
U 50 30 16 0 3 3 REFDES=U?
U 250 30 10 0 3 3 PKG_TYPE=XXXXXX
U 0 0 10 0 3 0 HETERO=xcku040fbva676b_0,xcku040fbva676b_44,xcku040fbva676b_45,xcku040fbva676b_46,xcku040fbva676b_66,xcku040fbva676b_64,xcku040fbva676b_65,xcku040fbva676b_224,xcku040fbva676b_225,xcku040fbva676b_226,xcku040fbva676b_227,xcku040fbva676b_MGTAVCC,xcku040fbva676b_MGTAVTT,xcku040fbva676b_MGTVCCAUX,xcku040fbva676b_GND,xcku040fbva676b_VCCINT,xcku040fbva676b_VCCINT_IO,xcku040fbva676b_VCCAUX,xcku040fbva676b_VCCAUX_IO,xcku040fbva676b_VCCBRAM
U 0 -10 10 0 3 0 PARTS=1
U 0 -20 10 0 3 0 LEVEL=STD
U 0 -30 10 0 3 0 DATE=2013_11_06
E
