V 50
K 153165148200 xcku040fbga900
Y 1
D 0 0 400 500
Z 10
i 946
b 50 50 350 450
P 1 400 100 350 100 0 3 0
A 355 100 10 0 3 3 #=M9
L 345 100 10 0 8 0 1 0 VCCINT_M9
A 405 100 10 0 2 0 PINTYPE=BI
P 2 400 110 350 110 0 3 0
A 355 110 10 0 3 3 #=M11
L 345 110 10 0 8 0 1 0 VCCINT_M11
A 405 110 10 0 2 0 PINTYPE=BI
P 3 400 120 350 120 0 3 0
A 355 120 10 0 3 3 #=M13
L 345 120 10 0 8 0 1 0 VCCINT_M13
A 405 120 10 0 2 0 PINTYPE=BI
P 4 400 130 350 130 0 3 0
A 355 130 10 0 3 3 #=N8
L 345 130 10 0 8 0 1 0 VCCINT_N8
A 405 130 10 0 2 0 PINTYPE=BI
P 5 400 140 350 140 0 3 0
A 355 140 10 0 3 3 #=N10
L 345 140 10 0 8 0 1 0 VCCINT_N10
A 405 140 10 0 2 0 PINTYPE=BI
P 6 400 150 350 150 0 3 0
A 355 150 10 0 3 3 #=N12
L 345 150 10 0 8 0 1 0 VCCINT_N12
A 405 150 10 0 2 0 PINTYPE=BI
P 7 400 160 350 160 0 3 0
A 355 160 10 0 3 3 #=P9
L 345 160 10 0 8 0 1 0 VCCINT_P9
A 405 160 10 0 2 0 PINTYPE=BI
P 8 400 170 350 170 0 3 0
A 355 170 10 0 3 3 #=P13
L 345 170 10 0 8 0 1 0 VCCINT_P13
A 405 170 10 0 2 0 PINTYPE=BI
P 9 400 180 350 180 0 3 0
A 355 180 10 0 3 3 #=R8
L 345 180 10 0 8 0 1 0 VCCINT_R8
A 405 180 10 0 2 0 PINTYPE=BI
P 10 400 190 350 190 0 3 0
A 355 190 10 0 3 3 #=R12
L 345 190 10 0 8 0 1 0 VCCINT_R12
A 405 190 10 0 2 0 PINTYPE=BI
P 11 400 200 350 200 0 3 0
A 355 200 10 0 3 3 #=R14
L 345 200 10 0 8 0 1 0 VCCINT_R14
A 405 200 10 0 2 0 PINTYPE=BI
P 12 400 210 350 210 0 3 0
A 355 210 10 0 3 3 #=T9
L 345 210 10 0 8 0 1 0 VCCINT_T9
A 405 210 10 0 2 0 PINTYPE=BI
P 13 400 220 350 220 0 3 0
A 355 220 10 0 3 3 #=T13
L 345 220 10 0 8 0 1 0 VCCINT_T13
A 405 220 10 0 2 0 PINTYPE=BI
P 14 400 230 350 230 0 3 0
A 355 230 10 0 3 3 #=U8
L 345 230 10 0 8 0 1 0 VCCINT_U8
A 405 230 10 0 2 0 PINTYPE=BI
P 15 400 240 350 240 0 3 0
A 355 240 10 0 3 3 #=U12
L 345 240 10 0 8 0 1 0 VCCINT_U12
A 405 240 10 0 2 0 PINTYPE=BI
P 16 400 250 350 250 0 3 0
A 355 250 10 0 3 3 #=U14
L 345 250 10 0 8 0 1 0 VCCINT_U14
A 405 250 10 0 2 0 PINTYPE=BI
P 17 400 260 350 260 0 3 0
A 355 260 10 0 3 3 #=V9
L 345 260 10 0 8 0 1 0 VCCINT_V9
A 405 260 10 0 2 0 PINTYPE=BI
P 18 400 270 350 270 0 3 0
A 355 270 10 0 3 3 #=V11
L 345 270 10 0 8 0 1 0 VCCINT_V11
A 405 270 10 0 2 0 PINTYPE=BI
P 19 400 280 350 280 0 3 0
A 355 280 10 0 3 3 #=V13
L 345 280 10 0 8 0 1 0 VCCINT_V13
A 405 280 10 0 2 0 PINTYPE=BI
P 20 400 290 350 290 0 3 0
A 355 290 10 0 3 3 #=W8
L 345 290 10 0 8 0 1 0 VCCINT_W8
A 405 290 10 0 2 0 PINTYPE=BI
P 21 400 300 350 300 0 3 0
A 355 300 10 0 3 3 #=W10
L 345 300 10 0 8 0 1 0 VCCINT_W10
A 405 300 10 0 2 0 PINTYPE=BI
P 22 400 310 350 310 0 3 0
A 355 310 10 0 3 3 #=W12
L 345 310 10 0 8 0 1 0 VCCINT_W12
A 405 310 10 0 2 0 PINTYPE=BI
P 23 400 320 350 320 0 3 0
A 355 320 10 0 3 3 #=T15
L 345 320 10 0 8 0 1 0 VCCINT_T15
A 405 320 10 0 2 0 PINTYPE=BI
P 24 400 330 350 330 0 3 0
A 355 330 10 0 3 3 #=V15
L 345 330 10 0 8 0 1 0 VCCINT_V15
A 405 330 10 0 2 0 PINTYPE=BI
P 25 400 340 350 340 0 3 0
A 355 340 10 0 3 3 #=W14
L 345 340 10 0 8 0 1 0 VCCINT_W14
A 405 340 10 0 2 0 PINTYPE=BI
P 26 400 350 350 350 0 3 0
A 355 350 10 0 3 3 #=V7
L 345 350 10 0 8 0 1 0 VCCINT_V7
A 405 350 10 0 2 0 PINTYPE=BI
P 27 400 360 350 360 0 3 0
A 355 360 10 0 3 3 #=N14
L 345 360 10 0 8 0 1 0 VCCINT_N14
A 405 360 10 0 2 0 PINTYPE=BI
P 28 400 370 350 370 0 3 0
A 355 370 10 0 3 3 #=P15
L 345 370 10 0 8 0 1 0 VCCINT_P15
A 405 370 10 0 2 0 PINTYPE=BI
T 220 390 20 0 5 XCKU040FBGA900
T 220 410 20 0 5 BANK VCCINT
c 70 430 10
U 50 460 10 0 3 3 DEVICE=XXXXXX
U 50 30 16 0 3 3 REFDES=U?
U 250 30 10 0 3 3 PKG_TYPE=XXXXXX
U 0 0 10 0 3 0 HETERO=xcku040fbga900a_0,xcku040fbga900a_44,xcku040fbga900a_45,xcku040fbga900a_46,xcku040fbga900a_47,xcku040fbga900a_48,xcku040fbga900a_66,xcku040fbga900a_67,xcku040fbga900a_64,xcku040fbga900a_65,xcku040fbga900a_224,xcku040fbga900a_225,xcku040fbga900a_226,xcku040fbga900a_227,xcku040fbga900a_MGTAVCC,xcku040fbga900a_MGTAVTT,xcku040fbga900a_MGTVCCAUX,xcku040fbga900a_GND,xcku040fbga900a_VCCINT,xcku040fbga900a_VCCINT_IO,xcku040fbga900a_VCCAUX,xcku040fbga900a_VCCAUX_IO,xcku040fbga900a_VCCBRAM
U 0 -10 10 0 3 0 PARTS=1
U 0 -20 10 0 3 0 LEVEL=STD
U 0 -30 10 0 3 0 DATE=2013_07_09
E
