V 50
K 153165148200 xcku075ffga1156
Y 1
D 0 0 400 420
Z 10
i 946
b 50 50 350 370
P 1 400 100 350 100 0 3 0
A 355 100 10 0 3 3 #=J30
L 345 100 10 0 8 0 1 0 MGTREFCLK1N_132_J30
A 405 100 10 0 2 0 PINTYPE=BI
P 2 400 110 350 110 0 3 0
A 355 110 10 0 3 3 #=J29
L 345 110 10 0 8 0 1 0 MGTREFCLK1P_132_J29
A 405 110 10 0 2 0 PINTYPE=BI
P 3 400 120 350 120 0 3 0
A 355 120 10 0 3 3 #=L30
L 345 120 10 0 8 0 1 0 MGTREFCLK0N_132_L30
A 405 120 10 0 2 0 PINTYPE=BI
P 4 400 130 350 130 0 3 0
A 355 130 10 0 3 3 #=L29
L 345 130 10 0 8 0 1 0 MGTREFCLK0P_132_L29
A 405 130 10 0 2 0 PINTYPE=BI
P 5 400 140 350 140 0 3 0
A 355 140 10 0 3 3 #=C34
L 345 140 10 0 8 0 1 0 MGTHRXN3_132_C34
A 405 140 10 0 2 0 PINTYPE=BI
P 6 400 150 350 150 0 3 0
A 355 150 10 0 3 3 #=C33
L 345 150 10 0 8 0 1 0 MGTHRXP3_132_C33
A 405 150 10 0 2 0 PINTYPE=BI
P 7 400 160 350 160 0 3 0
A 355 160 10 0 3 3 #=B32
L 345 160 10 0 8 0 1 0 MGTHTXN3_132_B32
A 405 160 10 0 2 0 PINTYPE=BI
P 8 400 170 350 170 0 3 0
A 355 170 10 0 3 3 #=B31
L 345 170 10 0 8 0 1 0 MGTHTXP3_132_B31
A 405 170 10 0 2 0 PINTYPE=BI
P 9 400 180 350 180 0 3 0
A 355 180 10 0 3 3 #=E34
L 345 180 10 0 8 0 1 0 MGTHRXN2_132_E34
A 405 180 10 0 2 0 PINTYPE=BI
P 10 400 190 350 190 0 3 0
A 355 190 10 0 3 3 #=E33
L 345 190 10 0 8 0 1 0 MGTHRXP2_132_E33
A 405 190 10 0 2 0 PINTYPE=BI
P 11 400 200 350 200 0 3 0
A 355 200 10 0 3 3 #=D32
L 345 200 10 0 8 0 1 0 MGTHTXN2_132_D32
A 405 200 10 0 2 0 PINTYPE=BI
P 12 400 210 350 210 0 3 0
A 355 210 10 0 3 3 #=D31
L 345 210 10 0 8 0 1 0 MGTHTXP2_132_D31
A 405 210 10 0 2 0 PINTYPE=BI
P 13 400 220 350 220 0 3 0
A 355 220 10 0 3 3 #=F32
L 345 220 10 0 8 0 1 0 MGTHRXN1_132_F32
A 405 220 10 0 2 0 PINTYPE=BI
P 14 400 230 350 230 0 3 0
A 355 230 10 0 3 3 #=F31
L 345 230 10 0 8 0 1 0 MGTHRXP1_132_F31
A 405 230 10 0 2 0 PINTYPE=BI
P 15 400 240 350 240 0 3 0
A 355 240 10 0 3 3 #=G30
L 345 240 10 0 8 0 1 0 MGTHTXN1_132_G30
A 405 240 10 0 2 0 PINTYPE=BI
P 16 400 250 350 250 0 3 0
A 355 250 10 0 3 3 #=G29
L 345 250 10 0 8 0 1 0 MGTHTXP1_132_G29
A 405 250 10 0 2 0 PINTYPE=BI
P 17 400 260 350 260 0 3 0
A 355 260 10 0 3 3 #=G34
L 345 260 10 0 8 0 1 0 MGTHRXN0_132_G34
A 405 260 10 0 2 0 PINTYPE=BI
P 18 400 270 350 270 0 3 0
A 355 270 10 0 3 3 #=G33
L 345 270 10 0 8 0 1 0 MGTHRXP0_132_G33
A 405 270 10 0 2 0 PINTYPE=BI
P 19 400 280 350 280 0 3 0
A 355 280 10 0 3 3 #=H32
L 345 280 10 0 8 0 1 0 MGTHTXN0_132_H32
A 405 280 10 0 2 0 PINTYPE=BI
P 20 400 290 350 290 0 3 0
A 355 290 10 0 3 3 #=H31
L 345 290 10 0 8 0 1 0 MGTHTXP0_132_H31
A 405 290 10 0 2 0 PINTYPE=BI
T 220 310 20 0 5 XCKU075FFGA1156
T 220 330 20 0 5 BANK 132
c 70 350 10
U 50 380 10 0 3 3 DEVICE=XXXXXX
U 50 30 16 0 3 3 REFDES=U?
U 250 30 10 0 3 3 PKG_TYPE=XXXXXX
U 0 0 10 0 3 0 HETERO=xcku075ffga1156b_0,xcku075ffga1156b_44,xcku075ffga1156b_45,xcku075ffga1156b_46,xcku075ffga1156b_47,xcku075ffga1156b_48,xcku075ffga1156b_66,xcku075ffga1156b_67,xcku075ffga1156b_68,xcku075ffga1156b_64,xcku075ffga1156b_65,xcku075ffga1156b_131,xcku075ffga1156b_132,xcku075ffga1156b_224,xcku075ffga1156b_225,xcku075ffga1156b_226,xcku075ffga1156b_227,xcku075ffga1156b_228,xcku075ffga1156b_MGTAVCC_R,xcku075ffga1156b_MGTAVCC_L,xcku075ffga1156b_MGTAVTT_R,xcku075ffga1156b_MGTAVTT_L,xcku075ffga1156b_MGTVCCAUX_R,xcku075ffga1156b_MGTVCCAUX_L,xcku075ffga1156b_GND1,xcku075ffga1156b_GND2,xcku075ffga1156b_VCCINT,xcku075ffga1156b_VCCINT_IO,xcku075ffga1156b_VCCAUX,xcku075ffga1156b_VCCAUX_IO,xcku075ffga1156b_VCCBRAM
U 0 -10 10 0 3 0 PARTS=1
U 0 -20 10 0 3 0 LEVEL=STD
U 0 -30 10 0 3 0 DATE=2013_07_01
E
