V 50
K 153165148200 xcku040ffva1156
Y 1
D 0 0 400 640
Z 10
i 946
b 50 50 350 590
P 1 400 100 350 100 0 3 0
A 355 100 10 0 3 3 #=K31
L 345 100 10 0 8 0 1 0 NC_K31
A 405 100 10 0 2 0 PINTYPE=BI
P 2 400 110 350 110 0 3 0
A 355 110 10 0 3 3 #=J33
L 345 110 10 0 8 0 1 0 NC_J33
A 405 110 10 0 2 0 PINTYPE=BI
P 3 400 120 350 120 0 3 0
A 355 120 10 0 3 3 #=J34
L 345 120 10 0 8 0 1 0 NC_J34
A 405 120 10 0 2 0 PINTYPE=BI
P 4 400 130 350 130 0 3 0
A 355 130 10 0 3 3 #=K32
L 345 130 10 0 8 0 1 0 NC_K32
A 405 130 10 0 2 0 PINTYPE=BI
P 5 400 140 350 140 0 3 0
A 355 140 10 0 3 3 #=N29
L 345 140 10 0 8 0 1 0 NC_N29
A 405 140 10 0 2 0 PINTYPE=BI
P 6 400 150 350 150 0 3 0
A 355 150 10 0 3 3 #=N30
L 345 150 10 0 8 0 1 0 NC_N30
A 405 150 10 0 2 0 PINTYPE=BI
P 7 400 160 350 160 0 3 0
A 355 160 10 0 3 3 #=M31
L 345 160 10 0 8 0 1 0 NC_M31
A 405 160 10 0 2 0 PINTYPE=BI
P 8 400 170 350 170 0 3 0
A 355 170 10 0 3 3 #=L33
L 345 170 10 0 8 0 1 0 NC_L33
A 405 170 10 0 2 0 PINTYPE=BI
P 9 400 180 350 180 0 3 0
A 355 180 10 0 3 3 #=L34
L 345 180 10 0 8 0 1 0 NC_L34
A 405 180 10 0 2 0 PINTYPE=BI
P 10 400 190 350 190 0 3 0
A 355 190 10 0 3 3 #=M32
L 345 190 10 0 8 0 1 0 NC_M32
A 405 190 10 0 2 0 PINTYPE=BI
P 11 400 200 350 200 0 3 0
A 355 200 10 0 3 3 #=A34
L 345 200 10 0 8 0 1 0 NC_A34
A 405 200 10 0 2 0 PINTYPE=BI
P 12 400 210 350 210 0 3 0
A 355 210 10 0 3 3 #=A33
L 345 210 10 0 8 0 1 0 NC_A33
A 405 210 10 0 2 0 PINTYPE=BI
P 13 400 220 350 220 0 3 0
A 355 220 10 0 3 3 #=P31
L 345 220 10 0 8 0 1 0 NC_P31
A 405 220 10 0 2 0 PINTYPE=BI
P 14 400 230 350 230 0 3 0
A 355 230 10 0 3 3 #=N33
L 345 230 10 0 8 0 1 0 NC_N33
A 405 230 10 0 2 0 PINTYPE=BI
P 15 400 240 350 240 0 3 0
A 355 240 10 0 3 3 #=N34
L 345 240 10 0 8 0 1 0 NC_N34
A 405 240 10 0 2 0 PINTYPE=BI
P 16 400 250 350 250 0 3 0
A 355 250 10 0 3 3 #=P32
L 345 250 10 0 8 0 1 0 NC_P32
A 405 250 10 0 2 0 PINTYPE=BI
P 17 400 260 350 260 0 3 0
A 355 260 10 0 3 3 #=R29
L 345 260 10 0 8 0 1 0 NC_R29
A 405 260 10 0 2 0 PINTYPE=BI
P 18 400 270 350 270 0 3 0
A 355 270 10 0 3 3 #=R30
L 345 270 10 0 8 0 1 0 NC_R30
A 405 270 10 0 2 0 PINTYPE=BI
P 19 400 280 350 280 0 3 0
A 355 280 10 0 3 3 #=T31
L 345 280 10 0 8 0 1 0 NC_T31
A 405 280 10 0 2 0 PINTYPE=BI
P 20 400 290 350 290 0 3 0
A 355 290 10 0 3 3 #=R33
L 345 290 10 0 8 0 1 0 NC_R33
A 405 290 10 0 2 0 PINTYPE=BI
P 21 400 300 350 300 0 3 0
A 355 300 10 0 3 3 #=R34
L 345 300 10 0 8 0 1 0 NC_R34
A 405 300 10 0 2 0 PINTYPE=BI
P 22 400 310 350 310 0 3 0
A 355 310 10 0 3 3 #=T32
L 345 310 10 0 8 0 1 0 NC_T32
A 405 310 10 0 2 0 PINTYPE=BI
P 23 400 320 350 320 0 3 0
A 355 320 10 0 3 3 #=B31
L 345 320 10 0 8 0 1 0 NC_B31
A 405 320 10 0 2 0 PINTYPE=BI
P 24 400 330 350 330 0 3 0
A 355 330 10 0 3 3 #=C33
L 345 330 10 0 8 0 1 0 NC_C33
A 405 330 10 0 2 0 PINTYPE=BI
P 25 400 340 350 340 0 3 0
A 355 340 10 0 3 3 #=C34
L 345 340 10 0 8 0 1 0 NC_C34
A 405 340 10 0 2 0 PINTYPE=BI
P 26 400 350 350 350 0 3 0
A 355 350 10 0 3 3 #=B32
L 345 350 10 0 8 0 1 0 NC_B32
A 405 350 10 0 2 0 PINTYPE=BI
P 27 400 360 350 360 0 3 0
A 355 360 10 0 3 3 #=J29
L 345 360 10 0 8 0 1 0 NC_J29
A 405 360 10 0 2 0 PINTYPE=BI
P 28 400 370 350 370 0 3 0
A 355 370 10 0 3 3 #=J30
L 345 370 10 0 8 0 1 0 NC_J30
A 405 370 10 0 2 0 PINTYPE=BI
P 29 400 380 350 380 0 3 0
A 355 380 10 0 3 3 #=D31
L 345 380 10 0 8 0 1 0 NC_D31
A 405 380 10 0 2 0 PINTYPE=BI
P 30 400 390 350 390 0 3 0
A 355 390 10 0 3 3 #=E33
L 345 390 10 0 8 0 1 0 NC_E33
A 405 390 10 0 2 0 PINTYPE=BI
P 31 400 400 350 400 0 3 0
A 355 400 10 0 3 3 #=E34
L 345 400 10 0 8 0 1 0 NC_E34
A 405 400 10 0 2 0 PINTYPE=BI
P 32 400 410 350 410 0 3 0
A 355 410 10 0 3 3 #=D32
L 345 410 10 0 8 0 1 0 NC_D32
A 405 410 10 0 2 0 PINTYPE=BI
P 33 400 420 350 420 0 3 0
A 355 420 10 0 3 3 #=G29
L 345 420 10 0 8 0 1 0 NC_G29
A 405 420 10 0 2 0 PINTYPE=BI
P 34 400 430 350 430 0 3 0
A 355 430 10 0 3 3 #=F31
L 345 430 10 0 8 0 1 0 NC_F31
A 405 430 10 0 2 0 PINTYPE=BI
P 35 400 440 350 440 0 3 0
A 355 440 10 0 3 3 #=F32
L 345 440 10 0 8 0 1 0 NC_F32
A 405 440 10 0 2 0 PINTYPE=BI
P 36 400 450 350 450 0 3 0
A 355 450 10 0 3 3 #=G30
L 345 450 10 0 8 0 1 0 NC_G30
A 405 450 10 0 2 0 PINTYPE=BI
P 37 400 460 350 460 0 3 0
A 355 460 10 0 3 3 #=L29
L 345 460 10 0 8 0 1 0 NC_L29
A 405 460 10 0 2 0 PINTYPE=BI
P 38 400 470 350 470 0 3 0
A 355 470 10 0 3 3 #=L30
L 345 470 10 0 8 0 1 0 NC_L30
A 405 470 10 0 2 0 PINTYPE=BI
P 39 400 480 350 480 0 3 0
A 355 480 10 0 3 3 #=H31
L 345 480 10 0 8 0 1 0 NC_H31
A 405 480 10 0 2 0 PINTYPE=BI
P 40 400 490 350 490 0 3 0
A 355 490 10 0 3 3 #=G33
L 345 490 10 0 8 0 1 0 NC_G33
A 405 490 10 0 2 0 PINTYPE=BI
P 41 400 500 350 500 0 3 0
A 355 500 10 0 3 3 #=G34
L 345 500 10 0 8 0 1 0 NC_G34
A 405 500 10 0 2 0 PINTYPE=BI
P 42 400 510 350 510 0 3 0
A 355 510 10 0 3 3 #=H32
L 345 510 10 0 8 0 1 0 NC_H32
A 405 510 10 0 2 0 PINTYPE=BI
T 220 530 20 0 5 XCKU040FFVA1156
T 220 550 20 0 5 NO CONNECTS
c 70 570 10
U 50 600 10 0 3 3 DEVICE=XXXXXX
U 50 30 16 0 3 3 REFDES=U?
U 250 30 10 0 3 3 PKG_TYPE=XXXXXX
U 0 0 10 0 3 0 HETERO=xcku040ffva1156d_0,xcku040ffva1156d_44,xcku040ffva1156d_45,xcku040ffva1156d_46,xcku040ffva1156d_47,xcku040ffva1156d_48,xcku040ffva1156d_66,xcku040ffva1156d_67,xcku040ffva1156d_68,xcku040ffva1156d_64,xcku040ffva1156d_65,xcku040ffva1156d_224,xcku040ffva1156d_225,xcku040ffva1156d_226,xcku040ffva1156d_227,xcku040ffva1156d_228,xcku040ffva1156d_MGTAVCC_R,xcku040ffva1156d_MGTAVCC_L,xcku040ffva1156d_MGTAVTT_R,xcku040ffva1156d_MGTAVTT_L,xcku040ffva1156d_MGTVCCAUX_R,xcku040ffva1156d_MGTVCCAUX_L,xcku040ffva1156d_GND1,xcku040ffva1156d_GND2,xcku040ffva1156d_VCCINT,xcku040ffva1156d_VCCINT_IO,xcku040ffva1156d_VCCAUX,xcku040ffva1156d_VCCAUX_IO,xcku040ffva1156d_VCCBRAM,xcku040ffva1156d_NC
U 0 -10 10 0 3 0 PARTS=1
U 0 -20 10 0 3 0 LEVEL=STD
U 0 -30 10 0 3 0 DATE=2013_11_06
E
