V 50
K 153165148200 xcku075ffga1156
Y 1
D 0 0 400 420
Z 10
i 946
b 50 50 350 370
P 1 400 100 350 100 0 3 0
A 355 100 10 0 3 3 #=K7
L 345 100 10 0 8 0 1 0 M0_0_K7
A 405 100 10 0 2 0 PINTYPE=BI
P 2 400 110 350 110 0 3 0
A 355 110 10 0 3 3 #=L7
L 345 110 10 0 8 0 1 0 M1_0_L7
A 405 110 10 0 2 0 PINTYPE=BI
P 3 400 120 350 120 0 3 0
A 355 120 10 0 3 3 #=M7
L 345 120 10 0 8 0 1 0 M2_0_M7
A 405 120 10 0 2 0 PINTYPE=BI
P 4 400 130 350 130 0 3 0
A 355 130 10 0 3 3 #=AC7
L 345 130 10 0 8 0 1 0 D00_MOSI_0_AC7
A 405 130 10 0 2 0 PINTYPE=BI
P 5 400 140 350 140 0 3 0
A 355 140 10 0 3 3 #=AB7
L 345 140 10 0 8 0 1 0 D01_DIN_0_AB7
A 405 140 10 0 2 0 PINTYPE=BI
P 6 400 150 350 150 0 3 0
A 355 150 10 0 3 3 #=AA7
L 345 150 10 0 8 0 1 0 D02_0_AA7
A 405 150 10 0 2 0 PINTYPE=BI
P 7 400 160 350 160 0 3 0
A 355 160 10 0 3 3 #=Y7
L 345 160 10 0 8 0 1 0 D03_0_Y7
A 405 160 10 0 2 0 PINTYPE=BI
P 8 400 170 350 170 0 3 0
A 355 170 10 0 3 3 #=N7
L 345 170 10 0 8 0 1 0 DONE_0_N7
A 405 170 10 0 2 0 PINTYPE=BI
P 9 400 180 350 180 0 3 0
A 355 180 10 0 3 3 #=W7
L 345 180 10 0 8 0 1 0 CFGBVS_0_W7
A 405 180 10 0 2 0 PINTYPE=BI
P 10 400 190 350 190 0 3 0
A 355 190 10 0 3 3 #=T7
L 345 190 10 0 8 0 1 0 PROGRAM_B_0_T7
A 405 190 10 0 2 0 PINTYPE=BI
P 11 400 200 350 200 0 3 0
A 355 200 10 0 3 3 #=V7
L 345 200 10 0 8 0 1 0 INIT_B_0_V7
A 405 200 10 0 2 0 PINTYPE=BI
P 12 400 210 350 210 0 3 0
A 355 210 10 0 3 3 #=V9
L 345 210 10 0 8 0 1 0 TDI_0_V9
A 405 210 10 0 2 0 PINTYPE=BI
P 13 400 220 350 220 0 3 0
A 355 220 10 0 3 3 #=U9
L 345 220 10 0 8 0 1 0 TDO_0_U9
A 405 220 10 0 2 0 PINTYPE=BI
P 14 400 230 350 230 0 3 0
A 355 230 10 0 3 3 #=W9
L 345 230 10 0 8 0 1 0 TMS_0_W9
A 405 230 10 0 2 0 PINTYPE=BI
P 15 400 240 350 240 0 3 0
A 355 240 10 0 3 3 #=AC9
L 345 240 10 0 8 0 1 0 TCK_0_AC9
A 405 240 10 0 2 0 PINTYPE=BI
P 16 400 250 350 250 0 3 0
A 355 250 10 0 3 3 #=AA9
L 345 250 10 0 8 0 1 0 CCLK_0_AA9
A 405 250 10 0 2 0 PINTYPE=BI
P 17 400 260 350 260 0 3 0
A 355 260 10 0 3 3 #=AD7
L 345 260 10 0 8 0 1 0 VBATT_0_AD7
A 405 260 10 0 2 0 PINTYPE=BI
P 18 400 270 350 270 0 3 0
A 355 270 10 0 3 3 #=U7
L 345 270 10 0 8 0 1 0 RDWR_FCS_B_0_U7
A 405 270 10 0 2 0 PINTYPE=BI
P 19 400 280 350 280 0 3 0
A 355 280 10 0 3 3 #=P7
L 345 280 10 0 8 0 1 0 POR_OVERRIDE_0_P7
A 405 280 10 0 2 0 PINTYPE=BI
P 20 400 290 350 290 0 3 0
A 355 290 10 0 3 3 #=R7
L 345 290 10 0 8 0 1 0 PUDC_B_0_R7
A 405 290 10 0 2 0 PINTYPE=BI
T 220 310 20 0 5 XCKU075FFGA1156
T 220 330 20 0 5 BANK 0_H
c 70 350 10
U 50 380 10 0 3 3 DEVICE=XXXXXX
U 50 30 16 0 3 3 REFDES=U?
U 250 30 10 0 3 3 PKG_TYPE=XXXXXX
U 0 0 10 0 3 0 HETERO=xcku075ffga1156b_0_H,xcku075ffga1156b_44_H,xcku075ffga1156b_45_H,xcku075ffga1156b_46_H,xcku075ffga1156b_47_H,xcku075ffga1156b_48_H,xcku075ffga1156b_66_H,xcku075ffga1156b_67_H,xcku075ffga1156b_68_H,xcku075ffga1156b_64_H,xcku075ffga1156b_65_H,xcku075ffga1156b_GND_H
U 0 -10 10 0 3 0 PARTS=1
U 0 -20 10 0 3 0 LEVEL=STD
U 0 -30 10 0 3 0 DATE=2013_07_01
E
