V 50
K 153165148200 xcku5pffvb676
Y 1
D 0 0 400 780
Z 10
i 946
b 50 50 350 730
P 1 0 100 50 100 0 2 0
A 45 100 10 0 9 3 #=G18
L 55 100 10 0 2 0 1 0 VCCO_67_G18
A 10 100 10 0 2 0 PINTYPE=BI
P 2 0 110 50 110 0 2 0
A 45 110 10 0 9 3 #=D17
L 55 110 10 0 2 0 1 0 VCCO_67_D17
A 10 110 10 0 2 0 PINTYPE=BI
P 3 0 120 50 120 0 2 0
A 45 120 10 0 9 3 #=C20
L 55 120 10 0 2 0 1 0 VCCO_67_C20
A 10 120 10 0 2 0 PINTYPE=BI
P 4 400 100 350 100 0 3 0
A 355 100 10 0 3 3 #=J16
L 345 100 10 0 8 0 1 0 VREF_67_J16
A 405 100 10 0 2 0 PINTYPE=BI
P 5 400 110 350 110 0 3 0
A 355 110 10 0 3 3 #=G15
L 345 110 10 0 8 0 1 0 IO_L1P_T0L_N0_DBC_67_G15
A 405 110 10 0 2 0 PINTYPE=BI
P 6 400 120 350 120 0 3 0
A 355 120 10 0 3 3 #=F15
L 345 120 10 0 8 0 1 0 IO_L1N_T0L_N1_DBC_67_F15
A 405 120 10 0 2 0 PINTYPE=BI
P 7 400 130 350 130 0 3 0
A 355 130 10 0 3 3 #=H17
L 345 130 10 0 8 0 1 0 IO_L2P_T0L_N2_67_H17
A 405 130 10 0 2 0 PINTYPE=BI
P 8 400 140 350 140 0 3 0
A 355 140 10 0 3 3 #=G17
L 345 140 10 0 8 0 1 0 IO_L2N_T0L_N3_67_G17
A 405 140 10 0 2 0 PINTYPE=BI
P 9 400 150 350 150 0 3 0
A 355 150 10 0 3 3 #=E15
L 345 150 10 0 8 0 1 0 IO_L3P_T0L_N4_AD15P_67_E15
A 405 150 10 0 2 0 PINTYPE=BI
P 10 400 160 350 160 0 3 0
A 355 160 10 0 3 3 #=D15
L 345 160 10 0 8 0 1 0 IO_L3N_T0L_N5_AD15N_67_D15
A 405 160 10 0 2 0 PINTYPE=BI
P 11 400 170 350 170 0 3 0
A 355 170 10 0 3 3 #=E16
L 345 170 10 0 8 0 1 0 IO_L4P_T0U_N6_DBC_AD7P_67_E16
A 405 170 10 0 2 0 PINTYPE=BI
P 12 400 180 350 180 0 3 0
A 355 180 10 0 3 3 #=E17
L 345 180 10 0 8 0 1 0 IO_L4N_T0U_N7_DBC_AD7N_67_E17
A 405 180 10 0 2 0 PINTYPE=BI
P 13 400 190 350 190 0 3 0
A 355 190 10 0 3 3 #=H16
L 345 190 10 0 8 0 1 0 IO_L5P_T0U_N8_AD14P_67_H16
A 405 190 10 0 2 0 PINTYPE=BI
P 14 400 200 350 200 0 3 0
A 355 200 10 0 3 3 #=G16
L 345 200 10 0 8 0 1 0 IO_L5N_T0U_N9_AD14N_67_G16
A 405 200 10 0 2 0 PINTYPE=BI
P 15 400 210 350 210 0 3 0
A 355 210 10 0 3 3 #=D16
L 345 210 10 0 8 0 1 0 IO_L6P_T0U_N10_AD6P_67_D16
A 405 210 10 0 2 0 PINTYPE=BI
P 16 400 220 350 220 0 3 0
A 355 220 10 0 3 3 #=C16
L 345 220 10 0 8 0 1 0 IO_L6N_T0U_N11_AD6N_67_C16
A 405 220 10 0 2 0 PINTYPE=BI
P 17 400 230 350 230 0 3 0
A 355 230 10 0 3 3 #=F17
L 345 230 10 0 8 0 1 0 IO_T0U_N12_VRP_67_F17
A 405 230 10 0 2 0 PINTYPE=BI
P 18 400 240 350 240 0 3 0
A 355 240 10 0 3 3 #=H18
L 345 240 10 0 8 0 1 0 IO_L7P_T1L_N0_QBC_AD13P_67_H18
A 405 240 10 0 2 0 PINTYPE=BI
P 19 400 250 350 250 0 3 0
A 355 250 10 0 3 3 #=H19
L 345 250 10 0 8 0 1 0 IO_L7N_T1L_N1_QBC_AD13N_67_H19
A 405 250 10 0 2 0 PINTYPE=BI
P 20 400 260 350 260 0 3 0
A 355 260 10 0 3 3 #=F18
L 345 260 10 0 8 0 1 0 IO_L8P_T1L_N2_AD5P_67_F18
A 405 260 10 0 2 0 PINTYPE=BI
P 21 400 270 350 270 0 3 0
A 355 270 10 0 3 3 #=F19
L 345 270 10 0 8 0 1 0 IO_L8N_T1L_N3_AD5N_67_F19
A 405 270 10 0 2 0 PINTYPE=BI
P 22 400 280 350 280 0 3 0
A 355 280 10 0 3 3 #=G20
L 345 280 10 0 8 0 1 0 IO_L9P_T1L_N4_AD12P_67_G20
A 405 280 10 0 2 0 PINTYPE=BI
P 23 400 290 350 290 0 3 0
A 355 290 10 0 3 3 #=G21
L 345 290 10 0 8 0 1 0 IO_L9N_T1L_N5_AD12N_67_G21
A 405 290 10 0 2 0 PINTYPE=BI
P 24 400 300 350 300 0 3 0
A 355 300 10 0 3 3 #=F20
L 345 300 10 0 8 0 1 0 IO_L10P_T1U_N6_QBC_AD4P_67_F20
A 405 300 10 0 2 0 PINTYPE=BI
P 25 400 310 350 310 0 3 0
A 355 310 10 0 3 3 #=E20
L 345 310 10 0 8 0 1 0 IO_L10N_T1U_N7_QBC_AD4N_67_E20
A 405 310 10 0 2 0 PINTYPE=BI
P 26 400 320 350 320 0 3 0
A 355 320 10 0 3 3 #=E18
L 345 320 10 0 8 0 1 0 IO_L11P_T1U_N8_GC_67_E18
A 405 320 10 0 2 0 PINTYPE=BI
P 27 400 330 350 330 0 3 0
A 355 330 10 0 3 3 #=D18
L 345 330 10 0 8 0 1 0 IO_L11N_T1U_N9_GC_67_D18
A 405 330 10 0 2 0 PINTYPE=BI
P 28 400 340 350 340 0 3 0
A 355 340 10 0 3 3 #=D19
L 345 340 10 0 8 0 1 0 IO_L12P_T1U_N10_GC_67_D19
A 405 340 10 0 2 0 PINTYPE=BI
P 29 400 350 350 350 0 3 0
A 355 350 10 0 3 3 #=D20
L 345 350 10 0 8 0 1 0 IO_L12N_T1U_N11_GC_67_D20
A 405 350 10 0 2 0 PINTYPE=BI
P 30 400 360 350 360 0 3 0
A 355 360 10 0 3 3 #=G19
L 345 360 10 0 8 0 1 0 IO_T1U_N12_67_G19
A 405 360 10 0 2 0 PINTYPE=BI
P 31 400 370 350 370 0 3 0
A 355 370 10 0 3 3 #=C18
L 345 370 10 0 8 0 1 0 IO_L13P_T2L_N0_GC_QBC_67_C18
A 405 370 10 0 2 0 PINTYPE=BI
P 32 400 380 350 380 0 3 0
A 355 380 10 0 3 3 #=C19
L 345 380 10 0 8 0 1 0 IO_L13N_T2L_N1_GC_QBC_67_C19
A 405 380 10 0 2 0 PINTYPE=BI
P 33 400 390 350 390 0 3 0
A 355 390 10 0 3 3 #=B19
L 345 390 10 0 8 0 1 0 IO_L14P_T2L_N2_GC_67_B19
A 405 390 10 0 2 0 PINTYPE=BI
P 34 400 400 350 400 0 3 0
A 355 400 10 0 3 3 #=B20
L 345 400 10 0 8 0 1 0 IO_L14N_T2L_N3_GC_67_B20
A 405 400 10 0 2 0 PINTYPE=BI
P 35 400 410 350 410 0 3 0
A 355 410 10 0 3 3 #=C17
L 345 410 10 0 8 0 1 0 IO_L15P_T2L_N4_AD11P_67_C17
A 405 410 10 0 2 0 PINTYPE=BI
P 36 400 420 350 420 0 3 0
A 355 420 10 0 3 3 #=B17
L 345 420 10 0 8 0 1 0 IO_L15N_T2L_N5_AD11N_67_B17
A 405 420 10 0 2 0 PINTYPE=BI
P 37 400 430 350 430 0 3 0
A 355 430 10 0 3 3 #=A17
L 345 430 10 0 8 0 1 0 IO_L16P_T2U_N6_QBC_AD3P_67_A17
A 405 430 10 0 2 0 PINTYPE=BI
P 38 400 440 350 440 0 3 0
A 355 440 10 0 3 3 #=A18
L 345 440 10 0 8 0 1 0 IO_L16N_T2U_N7_QBC_AD3N_67_A18
A 405 440 10 0 2 0 PINTYPE=BI
P 39 400 450 350 450 0 3 0
A 355 450 10 0 3 3 #=B15
L 345 450 10 0 8 0 1 0 IO_L17P_T2U_N8_AD10P_67_B15
A 405 450 10 0 2 0 PINTYPE=BI
P 40 400 460 350 460 0 3 0
A 355 460 10 0 3 3 #=A15
L 345 460 10 0 8 0 1 0 IO_L17N_T2U_N9_AD10N_67_A15
A 405 460 10 0 2 0 PINTYPE=BI
P 41 400 470 350 470 0 3 0
A 355 470 10 0 3 3 #=A19
L 345 470 10 0 8 0 1 0 IO_L18P_T2U_N10_AD2P_67_A19
A 405 470 10 0 2 0 PINTYPE=BI
P 42 400 480 350 480 0 3 0
A 355 480 10 0 3 3 #=A20
L 345 480 10 0 8 0 1 0 IO_L18N_T2U_N11_AD2N_67_A20
A 405 480 10 0 2 0 PINTYPE=BI
P 43 400 490 350 490 0 3 0
A 355 490 10 0 3 3 #=B16
L 345 490 10 0 8 0 1 0 IO_T2U_N12_67_B16
A 405 490 10 0 2 0 PINTYPE=BI
P 44 400 500 350 500 0 3 0
A 355 500 10 0 3 3 #=A22
L 345 500 10 0 8 0 1 0 IO_L19P_T3L_N0_DBC_AD9P_67_A22
A 405 500 10 0 2 0 PINTYPE=BI
P 45 400 510 350 510 0 3 0
A 355 510 10 0 3 3 #=A23
L 345 510 10 0 8 0 1 0 IO_L19N_T3L_N1_DBC_AD9N_67_A23
A 405 510 10 0 2 0 PINTYPE=BI
P 46 400 520 350 520 0 3 0
A 355 520 10 0 3 3 #=E21
L 345 520 10 0 8 0 1 0 IO_L20P_T3L_N2_AD1P_67_E21
A 405 520 10 0 2 0 PINTYPE=BI
P 47 400 530 350 530 0 3 0
A 355 530 10 0 3 3 #=D21
L 345 530 10 0 8 0 1 0 IO_L20N_T3L_N3_AD1N_67_D21
A 405 530 10 0 2 0 PINTYPE=BI
P 48 400 540 350 540 0 3 0
A 355 540 10 0 3 3 #=C23
L 345 540 10 0 8 0 1 0 IO_L21P_T3L_N4_AD8P_67_C23
A 405 540 10 0 2 0 PINTYPE=BI
P 49 400 550 350 550 0 3 0
A 355 550 10 0 3 3 #=B24
L 345 550 10 0 8 0 1 0 IO_L21N_T3L_N5_AD8N_67_B24
A 405 550 10 0 2 0 PINTYPE=BI
P 50 400 560 350 560 0 3 0
A 355 560 10 0 3 3 #=C21
L 345 560 10 0 8 0 1 0 IO_L22P_T3U_N6_DBC_AD0P_67_C21
A 405 560 10 0 2 0 PINTYPE=BI
P 51 400 570 350 570 0 3 0
A 355 570 10 0 3 3 #=B21
L 345 570 10 0 8 0 1 0 IO_L22N_T3U_N7_DBC_AD0N_67_B21
A 405 570 10 0 2 0 PINTYPE=BI
P 52 400 580 350 580 0 3 0
A 355 580 10 0 3 3 #=A24
L 345 580 10 0 8 0 1 0 IO_L23P_T3U_N8_67_A24
A 405 580 10 0 2 0 PINTYPE=BI
P 53 400 590 350 590 0 3 0
A 355 590 10 0 3 3 #=A25
L 345 590 10 0 8 0 1 0 IO_L23N_T3U_N9_67_A25
A 405 590 10 0 2 0 PINTYPE=BI
P 54 400 600 350 600 0 3 0
A 355 600 10 0 3 3 #=C22
L 345 600 10 0 8 0 1 0 IO_L24P_T3U_N10_67_C22
A 405 600 10 0 2 0 PINTYPE=BI
P 55 400 610 350 610 0 3 0
A 355 610 10 0 3 3 #=B22
L 345 610 10 0 8 0 1 0 IO_L24N_T3U_N11_67_B22
A 405 610 10 0 2 0 PINTYPE=BI
P 56 400 620 350 620 0 3 0
A 355 620 10 0 3 3 #=E22
L 345 620 10 0 8 0 1 0 IO_T3U_N12_67_E22
A 405 620 10 0 2 0 PINTYPE=BI
T 220 640 20 0 5 XCKU5PFFVB676
T 220 660 20 0 5 BANK 67_H
c 70 710 10
U 50 740 10 0 3 3 DEVICE=XXXXXX
U 50 30 16 0 3 3 REFDES=U?
U 250 30 10 0 3 3 PKG_TYPE=XXXXXX
U 0 0 10 0 3 0 HETERO=xcku5pffvb676b_0_H,xcku5pffvb676b_67_H,xcku5pffvb676b_66_H,xcku5pffvb676b_65_H,xcku5pffvb676b_64_H,xcku5pffvb676b_87_H,xcku5pffvb676b_86_H,xcku5pffvb676b_84_H,xcku5pffvb676b_GND_H
U 0 -10 10 0 3 0 PARTS=1
U 0 -20 10 0 3 0 LEVEL=STD
U 0 -30 10 0 3 0 DATE=2016_05_11
E
