V 50
K 153165148200 xcku9pffve900
Y 1
D 0 0 400 900
Z 10
i 946
b 50 50 350 850
P 1 400 100 350 100 0 3 0
A 355 100 10 0 3 3 #=N1
L 345 100 10 0 8 0 1 0 GND_N1
A 405 100 10 0 2 0 PINTYPE=BI
P 2 400 110 350 110 0 3 0
A 355 110 10 0 3 3 #=N2
L 345 110 10 0 8 0 1 0 GND_N2
A 405 110 10 0 2 0 PINTYPE=BI
P 3 400 120 350 120 0 3 0
A 355 120 10 0 3 3 #=N3
L 345 120 10 0 8 0 1 0 GND_N3
A 405 120 10 0 2 0 PINTYPE=BI
P 4 400 130 350 130 0 3 0
A 355 130 10 0 3 3 #=N4
L 345 130 10 0 8 0 1 0 GND_N4
A 405 130 10 0 2 0 PINTYPE=BI
P 5 400 140 350 140 0 3 0
A 355 140 10 0 3 3 #=N5
L 345 140 10 0 8 0 1 0 GND_N5
A 405 140 10 0 2 0 PINTYPE=BI
P 6 400 150 350 150 0 3 0
A 355 150 10 0 3 3 #=N6
L 345 150 10 0 8 0 1 0 GND_N6
A 405 150 10 0 2 0 PINTYPE=BI
P 7 400 160 350 160 0 3 0
A 355 160 10 0 3 3 #=N7
L 345 160 10 0 8 0 1 0 GND_N7
A 405 160 10 0 2 0 PINTYPE=BI
P 8 400 170 350 170 0 3 0
A 355 170 10 0 3 3 #=N11
L 345 170 10 0 8 0 1 0 GND_N11
A 405 170 10 0 2 0 PINTYPE=BI
P 9 400 180 350 180 0 3 0
A 355 180 10 0 3 3 #=N13
L 345 180 10 0 8 0 1 0 GND_N13
A 405 180 10 0 2 0 PINTYPE=BI
P 10 400 190 350 190 0 3 0
A 355 190 10 0 3 3 #=N15
L 345 190 10 0 8 0 1 0 GND_N15
A 405 190 10 0 2 0 PINTYPE=BI
P 11 400 200 350 200 0 3 0
A 355 200 10 0 3 3 #=N17
L 345 200 10 0 8 0 1 0 GND_N17
A 405 200 10 0 2 0 PINTYPE=BI
P 12 400 210 350 210 0 3 0
A 355 210 10 0 3 3 #=N19
L 345 210 10 0 8 0 1 0 GND_N19
A 405 210 10 0 2 0 PINTYPE=BI
P 13 400 220 350 220 0 3 0
A 355 220 10 0 3 3 #=N21
L 345 220 10 0 8 0 1 0 GND_N21
A 405 220 10 0 2 0 PINTYPE=BI
P 14 400 230 350 230 0 3 0
A 355 230 10 0 3 3 #=N22
L 345 230 10 0 8 0 1 0 GND_N22
A 405 230 10 0 2 0 PINTYPE=BI
P 15 400 240 350 240 0 3 0
A 355 240 10 0 3 3 #=N26
L 345 240 10 0 8 0 1 0 GND_N26
A 405 240 10 0 2 0 PINTYPE=BI
P 16 400 250 350 250 0 3 0
A 355 250 10 0 3 3 #=N29
L 345 250 10 0 8 0 1 0 GND_N29
A 405 250 10 0 2 0 PINTYPE=BI
P 17 400 260 350 260 0 3 0
A 355 260 10 0 3 3 #=N30
L 345 260 10 0 8 0 1 0 GND_N30
A 405 260 10 0 2 0 PINTYPE=BI
P 18 400 270 350 270 0 3 0
A 355 270 10 0 3 3 #=P8
L 345 270 10 0 8 0 1 0 GND_P8
A 405 270 10 0 2 0 PINTYPE=BI
P 19 400 280 350 280 0 3 0
A 355 280 10 0 3 3 #=P12
L 345 280 10 0 8 0 1 0 GND_P12
A 405 280 10 0 2 0 PINTYPE=BI
P 20 400 290 350 290 0 3 0
A 355 290 10 0 3 3 #=P14
L 345 290 10 0 8 0 1 0 GND_P14
A 405 290 10 0 2 0 PINTYPE=BI
P 21 400 300 350 300 0 3 0
A 355 300 10 0 3 3 #=P16
L 345 300 10 0 8 0 1 0 GND_P16
A 405 300 10 0 2 0 PINTYPE=BI
P 22 400 310 350 310 0 3 0
A 355 310 10 0 3 3 #=P18
L 345 310 10 0 8 0 1 0 GND_P18
A 405 310 10 0 2 0 PINTYPE=BI
P 23 400 320 350 320 0 3 0
A 355 320 10 0 3 3 #=P20
L 345 320 10 0 8 0 1 0 GND_P20
A 405 320 10 0 2 0 PINTYPE=BI
P 24 400 330 350 330 0 3 0
A 355 330 10 0 3 3 #=P22
L 345 330 10 0 8 0 1 0 GND_P22
A 405 330 10 0 2 0 PINTYPE=BI
P 25 400 340 350 340 0 3 0
A 355 340 10 0 3 3 #=P24
L 345 340 10 0 8 0 1 0 GND_P24
A 405 340 10 0 2 0 PINTYPE=BI
P 26 400 350 350 350 0 3 0
A 355 350 10 0 3 3 #=P28
L 345 350 10 0 8 0 1 0 GND_P28
A 405 350 10 0 2 0 PINTYPE=BI
P 27 400 360 350 360 0 3 0
A 355 360 10 0 3 3 #=R11
L 345 360 10 0 8 0 1 0 GND_R11
A 405 360 10 0 2 0 PINTYPE=BI
P 28 400 370 350 370 0 3 0
A 355 370 10 0 3 3 #=R13
L 345 370 10 0 8 0 1 0 GND_R13
A 405 370 10 0 2 0 PINTYPE=BI
P 29 400 380 350 380 0 3 0
A 355 380 10 0 3 3 #=R15
L 345 380 10 0 8 0 1 0 GND_R15
A 405 380 10 0 2 0 PINTYPE=BI
P 30 400 390 350 390 0 3 0
A 355 390 10 0 3 3 #=R17
L 345 390 10 0 8 0 1 0 GND_R17
A 405 390 10 0 2 0 PINTYPE=BI
P 31 400 400 350 400 0 3 0
A 355 400 10 0 3 3 #=R19
L 345 400 10 0 8 0 1 0 GND_R19
A 405 400 10 0 2 0 PINTYPE=BI
P 32 400 410 350 410 0 3 0
A 355 410 10 0 3 3 #=R21
L 345 410 10 0 8 0 1 0 GND_R21
A 405 410 10 0 2 0 PINTYPE=BI
P 33 400 420 350 420 0 3 0
A 355 420 10 0 3 3 #=R22
L 345 420 10 0 8 0 1 0 GND_R22
A 405 420 10 0 2 0 PINTYPE=BI
P 34 400 430 350 430 0 3 0
A 355 430 10 0 3 3 #=R25
L 345 430 10 0 8 0 1 0 GND_R25
A 405 430 10 0 2 0 PINTYPE=BI
P 35 400 440 350 440 0 3 0
A 355 440 10 0 3 3 #=R29
L 345 440 10 0 8 0 1 0 GND_R29
A 405 440 10 0 2 0 PINTYPE=BI
P 36 400 450 350 450 0 3 0
A 355 450 10 0 3 3 #=R30
L 345 450 10 0 8 0 1 0 GND_R30
A 405 450 10 0 2 0 PINTYPE=BI
P 37 400 460 350 460 0 3 0
A 355 460 10 0 3 3 #=T4
L 345 460 10 0 8 0 1 0 GND_T4
A 405 460 10 0 2 0 PINTYPE=BI
P 38 400 470 350 470 0 3 0
A 355 470 10 0 3 3 #=T9
L 345 470 10 0 8 0 1 0 GND_T9
A 405 470 10 0 2 0 PINTYPE=BI
P 39 400 480 350 480 0 3 0
A 355 480 10 0 3 3 #=T12
L 345 480 10 0 8 0 1 0 GND_T12
A 405 480 10 0 2 0 PINTYPE=BI
P 40 400 490 350 490 0 3 0
A 355 490 10 0 3 3 #=T14
L 345 490 10 0 8 0 1 0 GND_T14
A 405 490 10 0 2 0 PINTYPE=BI
P 41 400 500 350 500 0 3 0
A 355 500 10 0 3 3 #=T18
L 345 500 10 0 8 0 1 0 GND_T18
A 405 500 10 0 2 0 PINTYPE=BI
P 42 400 510 350 510 0 3 0
A 355 510 10 0 3 3 #=T20
L 345 510 10 0 8 0 1 0 GND_T20
A 405 510 10 0 2 0 PINTYPE=BI
P 43 400 520 350 520 0 3 0
A 355 520 10 0 3 3 #=T22
L 345 520 10 0 8 0 1 0 GND_T22
A 405 520 10 0 2 0 PINTYPE=BI
P 44 400 530 350 530 0 3 0
A 355 530 10 0 3 3 #=T23
L 345 530 10 0 8 0 1 0 GND_T23
A 405 530 10 0 2 0 PINTYPE=BI
P 45 400 540 350 540 0 3 0
A 355 540 10 0 3 3 #=T27
L 345 540 10 0 8 0 1 0 GND_T27
A 405 540 10 0 2 0 PINTYPE=BI
P 46 400 550 350 550 0 3 0
A 355 550 10 0 3 3 #=U2
L 345 550 10 0 8 0 1 0 GND_U2
A 405 550 10 0 2 0 PINTYPE=BI
P 47 400 560 350 560 0 3 0
A 355 560 10 0 3 3 #=U7
L 345 560 10 0 8 0 1 0 GND_U7
A 405 560 10 0 2 0 PINTYPE=BI
P 48 400 570 350 570 0 3 0
A 355 570 10 0 3 3 #=U11
L 345 570 10 0 8 0 1 0 GND_U11
A 405 570 10 0 2 0 PINTYPE=BI
P 49 400 580 350 580 0 3 0
A 355 580 10 0 3 3 #=U13
L 345 580 10 0 8 0 1 0 GND_U13
A 405 580 10 0 2 0 PINTYPE=BI
P 50 400 590 350 590 0 3 0
A 355 590 10 0 3 3 #=U17
L 345 590 10 0 8 0 1 0 GND_U17
A 405 590 10 0 2 0 PINTYPE=BI
P 51 400 600 350 600 0 3 0
A 355 600 10 0 3 3 #=U19
L 345 600 10 0 8 0 1 0 GND_U19
A 405 600 10 0 2 0 PINTYPE=BI
P 52 400 610 350 610 0 3 0
A 355 610 10 0 3 3 #=U21
L 345 610 10 0 8 0 1 0 GND_U21
A 405 610 10 0 2 0 PINTYPE=BI
P 53 400 620 350 620 0 3 0
A 355 620 10 0 3 3 #=U22
L 345 620 10 0 8 0 1 0 GND_U22
A 405 620 10 0 2 0 PINTYPE=BI
P 54 400 630 350 630 0 3 0
A 355 630 10 0 3 3 #=U26
L 345 630 10 0 8 0 1 0 GND_U26
A 405 630 10 0 2 0 PINTYPE=BI
P 55 400 640 350 640 0 3 0
A 355 640 10 0 3 3 #=U29
L 345 640 10 0 8 0 1 0 GND_U29
A 405 640 10 0 2 0 PINTYPE=BI
P 56 400 650 350 650 0 3 0
A 355 650 10 0 3 3 #=U30
L 345 650 10 0 8 0 1 0 GND_U30
A 405 650 10 0 2 0 PINTYPE=BI
P 57 400 660 350 660 0 3 0
A 355 660 10 0 3 3 #=V10
L 345 660 10 0 8 0 1 0 GND_V10
A 405 660 10 0 2 0 PINTYPE=BI
P 58 400 670 350 670 0 3 0
A 355 670 10 0 3 3 #=V12
L 345 670 10 0 8 0 1 0 GND_V12
A 405 670 10 0 2 0 PINTYPE=BI
P 59 400 680 350 680 0 3 0
A 355 680 10 0 3 3 #=V14
L 345 680 10 0 8 0 1 0 GND_V14
A 405 680 10 0 2 0 PINTYPE=BI
P 60 400 690 350 690 0 3 0
A 355 690 10 0 3 3 #=V18
L 345 690 10 0 8 0 1 0 GND_V18
A 405 690 10 0 2 0 PINTYPE=BI
P 61 400 700 350 700 0 3 0
A 355 700 10 0 3 3 #=V20
L 345 700 10 0 8 0 1 0 GND_V20
A 405 700 10 0 2 0 PINTYPE=BI
P 62 400 710 350 710 0 3 0
A 355 710 10 0 3 3 #=V22
L 345 710 10 0 8 0 1 0 GND_V22
A 405 710 10 0 2 0 PINTYPE=BI
P 63 400 720 350 720 0 3 0
A 355 720 10 0 3 3 #=V24
L 345 720 10 0 8 0 1 0 GND_V24
A 405 720 10 0 2 0 PINTYPE=BI
P 64 400 730 350 730 0 3 0
A 355 730 10 0 3 3 #=V28
L 345 730 10 0 8 0 1 0 GND_V28
A 405 730 10 0 2 0 PINTYPE=BI
P 65 400 740 350 740 0 3 0
A 355 740 10 0 3 3 #=W3
L 345 740 10 0 8 0 1 0 GND_W3
A 405 740 10 0 2 0 PINTYPE=BI
P 66 400 750 350 750 0 3 0
A 355 750 10 0 3 3 #=W8
L 345 750 10 0 8 0 1 0 GND_W8
A 405 750 10 0 2 0 PINTYPE=BI
P 67 400 760 350 760 0 3 0
A 355 760 10 0 3 3 #=W11
L 345 760 10 0 8 0 1 0 GND_W11
A 405 760 10 0 2 0 PINTYPE=BI
P 68 400 770 350 770 0 3 0
A 355 770 10 0 3 3 #=W13
L 345 770 10 0 8 0 1 0 GND_W13
A 405 770 10 0 2 0 PINTYPE=BI
P 69 400 780 350 780 0 3 0
A 355 780 10 0 3 3 #=W17
L 345 780 10 0 8 0 1 0 GND_W17
A 405 780 10 0 2 0 PINTYPE=BI
P 70 0 110 50 110 0 2 0
A 45 110 10 0 9 3 #=W19
L 55 110 10 0 2 0 1 0 GND_W19
A 10 110 10 0 2 0 PINTYPE=BI
P 71 0 120 50 120 0 2 0
A 45 120 10 0 9 3 #=W21
L 55 120 10 0 2 0 1 0 GND_W21
A 10 120 10 0 2 0 PINTYPE=BI
P 72 0 130 50 130 0 2 0
A 45 130 10 0 9 3 #=W22
L 55 130 10 0 2 0 1 0 GND_W22
A 10 130 10 0 2 0 PINTYPE=BI
P 73 0 140 50 140 0 2 0
A 45 140 10 0 9 3 #=W25
L 55 140 10 0 2 0 1 0 GND_W25
A 10 140 10 0 2 0 PINTYPE=BI
P 74 0 150 50 150 0 2 0
A 45 150 10 0 9 3 #=W29
L 55 150 10 0 2 0 1 0 GND_W29
A 10 150 10 0 2 0 PINTYPE=BI
P 75 0 160 50 160 0 2 0
A 45 160 10 0 9 3 #=W30
L 55 160 10 0 2 0 1 0 GND_W30
A 10 160 10 0 2 0 PINTYPE=BI
P 76 0 170 50 170 0 2 0
A 45 170 10 0 9 3 #=Y12
L 55 170 10 0 2 0 1 0 GND_Y12
A 10 170 10 0 2 0 PINTYPE=BI
P 77 0 180 50 180 0 2 0
A 45 180 10 0 9 3 #=Y14
L 55 180 10 0 2 0 1 0 GND_Y14
A 10 180 10 0 2 0 PINTYPE=BI
P 78 0 190 50 190 0 2 0
A 45 190 10 0 9 3 #=Y16
L 55 190 10 0 2 0 1 0 GND_Y16
A 10 190 10 0 2 0 PINTYPE=BI
P 79 0 200 50 200 0 2 0
A 45 200 10 0 9 3 #=Y18
L 55 200 10 0 2 0 1 0 GND_Y18
A 10 200 10 0 2 0 PINTYPE=BI
P 80 0 210 50 210 0 2 0
A 45 210 10 0 9 3 #=Y20
L 55 210 10 0 2 0 1 0 GND_Y20
A 10 210 10 0 2 0 PINTYPE=BI
P 81 0 220 50 220 0 2 0
A 45 220 10 0 9 3 #=Y22
L 55 220 10 0 2 0 1 0 GND_Y22
A 10 220 10 0 2 0 PINTYPE=BI
P 82 0 230 50 230 0 2 0
A 45 230 10 0 9 3 #=Y23
L 55 230 10 0 2 0 1 0 GND_Y23
A 10 230 10 0 2 0 PINTYPE=BI
P 83 0 240 50 240 0 2 0
A 45 240 10 0 9 3 #=Y27
L 55 240 10 0 2 0 1 0 GND_Y27
A 10 240 10 0 2 0 PINTYPE=BI
P 84 0 250 50 250 0 2 0
A 45 250 10 0 9 3 #=AA4
L 55 250 10 0 2 0 1 0 GND_AA4
A 10 250 10 0 2 0 PINTYPE=BI
P 85 0 260 50 260 0 2 0
A 45 260 10 0 9 3 #=AA9
L 55 260 10 0 2 0 1 0 GND_AA9
A 10 260 10 0 2 0 PINTYPE=BI
P 86 0 270 50 270 0 2 0
A 45 270 10 0 9 3 #=AA11
L 55 270 10 0 2 0 1 0 GND_AA11
A 10 270 10 0 2 0 PINTYPE=BI
P 87 0 280 50 280 0 2 0
A 45 280 10 0 9 3 #=AA13
L 55 280 10 0 2 0 1 0 GND_AA13
A 10 280 10 0 2 0 PINTYPE=BI
P 88 0 290 50 290 0 2 0
A 45 290 10 0 9 3 #=AA15
L 55 290 10 0 2 0 1 0 GND_AA15
A 10 290 10 0 2 0 PINTYPE=BI
P 89 0 300 50 300 0 2 0
A 45 300 10 0 9 3 #=AA17
L 55 300 10 0 2 0 1 0 GND_AA17
A 10 300 10 0 2 0 PINTYPE=BI
P 90 0 310 50 310 0 2 0
A 45 310 10 0 9 3 #=AA19
L 55 310 10 0 2 0 1 0 GND_AA19
A 10 310 10 0 2 0 PINTYPE=BI
P 91 0 320 50 320 0 2 0
A 45 320 10 0 9 3 #=AA21
L 55 320 10 0 2 0 1 0 GND_AA21
A 10 320 10 0 2 0 PINTYPE=BI
P 92 0 330 50 330 0 2 0
A 45 330 10 0 9 3 #=AA23
L 55 330 10 0 2 0 1 0 GND_AA23
A 10 330 10 0 2 0 PINTYPE=BI
P 93 0 340 50 340 0 2 0
A 45 340 10 0 9 3 #=AA24
L 55 340 10 0 2 0 1 0 GND_AA24
A 10 340 10 0 2 0 PINTYPE=BI
P 94 0 350 50 350 0 2 0
A 45 350 10 0 9 3 #=AA25
L 55 350 10 0 2 0 1 0 GND_AA25
A 10 350 10 0 2 0 PINTYPE=BI
P 95 0 360 50 360 0 2 0
A 45 360 10 0 9 3 #=AA26
L 55 360 10 0 2 0 1 0 GND_AA26
A 10 360 10 0 2 0 PINTYPE=BI
P 96 0 370 50 370 0 2 0
A 45 370 10 0 9 3 #=AA27
L 55 370 10 0 2 0 1 0 GND_AA27
A 10 370 10 0 2 0 PINTYPE=BI
P 97 0 380 50 380 0 2 0
A 45 380 10 0 9 3 #=AA28
L 55 380 10 0 2 0 1 0 GND_AA28
A 10 380 10 0 2 0 PINTYPE=BI
P 98 0 390 50 390 0 2 0
A 45 390 10 0 9 3 #=AA29
L 55 390 10 0 2 0 1 0 GND_AA29
A 10 390 10 0 2 0 PINTYPE=BI
P 99 0 400 50 400 0 2 0
A 45 400 10 0 9 3 #=AA30
L 55 400 10 0 2 0 1 0 GND_AA30
A 10 400 10 0 2 0 PINTYPE=BI
P 100 0 410 50 410 0 2 0
A 45 410 10 0 9 3 #=AB2
L 55 410 10 0 2 0 1 0 GND_AB2
A 10 410 10 0 2 0 PINTYPE=BI
P 101 0 420 50 420 0 2 0
A 45 420 10 0 9 3 #=AB12
L 55 420 10 0 2 0 1 0 GND_AB12
A 10 420 10 0 2 0 PINTYPE=BI
P 102 0 430 50 430 0 2 0
A 45 430 10 0 9 3 #=AB14
L 55 430 10 0 2 0 1 0 GND_AB14
A 10 430 10 0 2 0 PINTYPE=BI
P 103 0 440 50 440 0 2 0
A 45 440 10 0 9 3 #=AB16
L 55 440 10 0 2 0 1 0 GND_AB16
A 10 440 10 0 2 0 PINTYPE=BI
P 104 0 450 50 450 0 2 0
A 45 450 10 0 9 3 #=AB18
L 55 450 10 0 2 0 1 0 GND_AB18
A 10 450 10 0 2 0 PINTYPE=BI
P 105 0 460 50 460 0 2 0
A 45 460 10 0 9 3 #=AB20
L 55 460 10 0 2 0 1 0 GND_AB20
A 10 460 10 0 2 0 PINTYPE=BI
P 106 0 470 50 470 0 2 0
A 45 470 10 0 9 3 #=AB22
L 55 470 10 0 2 0 1 0 GND_AB22
A 10 470 10 0 2 0 PINTYPE=BI
P 107 0 480 50 480 0 2 0
A 45 480 10 0 9 3 #=AC10
L 55 480 10 0 2 0 1 0 GND_AC10
A 10 480 10 0 2 0 PINTYPE=BI
P 108 0 490 50 490 0 2 0
A 45 490 10 0 9 3 #=AC15
L 55 490 10 0 2 0 1 0 GND_AC15
A 10 490 10 0 2 0 PINTYPE=BI
P 109 0 500 50 500 0 2 0
A 45 500 10 0 9 3 #=AC19
L 55 500 10 0 2 0 1 0 GND_AC19
A 10 500 10 0 2 0 PINTYPE=BI
P 110 0 510 50 510 0 2 0
A 45 510 10 0 9 3 #=AD3
L 55 510 10 0 2 0 1 0 GND_AD3
A 10 510 10 0 2 0 PINTYPE=BI
P 111 0 520 50 520 0 2 0
A 45 520 10 0 9 3 #=AD8
L 55 520 10 0 2 0 1 0 GND_AD8
A 10 520 10 0 2 0 PINTYPE=BI
P 112 0 530 50 530 0 2 0
A 45 530 10 0 9 3 #=AD13
L 55 530 10 0 2 0 1 0 GND_AD13
A 10 530 10 0 2 0 PINTYPE=BI
P 113 0 540 50 540 0 2 0
A 45 540 10 0 9 3 #=AE6
L 55 540 10 0 2 0 1 0 GND_AE6
A 10 540 10 0 2 0 PINTYPE=BI
P 114 0 550 50 550 0 2 0
A 45 550 10 0 9 3 #=AE11
L 55 550 10 0 2 0 1 0 GND_AE11
A 10 550 10 0 2 0 PINTYPE=BI
P 115 0 560 50 560 0 2 0
A 45 560 10 0 9 3 #=AE21
L 55 560 10 0 2 0 1 0 GND_AE21
A 10 560 10 0 2 0 PINTYPE=BI
P 116 0 570 50 570 0 2 0
A 45 570 10 0 9 3 #=AF4
L 55 570 10 0 2 0 1 0 GND_AF4
A 10 570 10 0 2 0 PINTYPE=BI
P 117 0 580 50 580 0 2 0
A 45 580 10 0 9 3 #=AF14
L 55 580 10 0 2 0 1 0 GND_AF14
A 10 580 10 0 2 0 PINTYPE=BI
P 118 0 590 50 590 0 2 0
A 45 590 10 0 9 3 #=AF24
L 55 590 10 0 2 0 1 0 GND_AF24
A 10 590 10 0 2 0 PINTYPE=BI
P 119 0 600 50 600 0 2 0
A 45 600 10 0 9 3 #=AF29
L 55 600 10 0 2 0 1 0 GND_AF29
A 10 600 10 0 2 0 PINTYPE=BI
P 120 0 610 50 610 0 2 0
A 45 610 10 0 9 3 #=AG2
L 55 610 10 0 2 0 1 0 GND_AG2
A 10 610 10 0 2 0 PINTYPE=BI
P 121 0 620 50 620 0 2 0
A 45 620 10 0 9 3 #=AG7
L 55 620 10 0 2 0 1 0 GND_AG7
A 10 620 10 0 2 0 PINTYPE=BI
P 122 0 630 50 630 0 2 0
A 45 630 10 0 9 3 #=AG17
L 55 630 10 0 2 0 1 0 GND_AG17
A 10 630 10 0 2 0 PINTYPE=BI
P 123 0 640 50 640 0 2 0
A 45 640 10 0 9 3 #=AG27
L 55 640 10 0 2 0 1 0 GND_AG27
A 10 640 10 0 2 0 PINTYPE=BI
P 124 0 650 50 650 0 2 0
A 45 650 10 0 9 3 #=AH5
L 55 650 10 0 2 0 1 0 GND_AH5
A 10 650 10 0 2 0 PINTYPE=BI
P 125 0 660 50 660 0 2 0
A 45 660 10 0 9 3 #=AH15
L 55 660 10 0 2 0 1 0 GND_AH15
A 10 660 10 0 2 0 PINTYPE=BI
P 126 0 670 50 670 0 2 0
A 45 670 10 0 9 3 #=AH20
L 55 670 10 0 2 0 1 0 GND_AH20
A 10 670 10 0 2 0 PINTYPE=BI
P 127 0 680 50 680 0 2 0
A 45 680 10 0 9 3 #=AH25
L 55 680 10 0 2 0 1 0 GND_AH25
A 10 680 10 0 2 0 PINTYPE=BI
P 128 0 690 50 690 0 2 0
A 45 690 10 0 9 3 #=AJ3
L 55 690 10 0 2 0 1 0 GND_AJ3
A 10 690 10 0 2 0 PINTYPE=BI
P 129 0 700 50 700 0 2 0
A 45 700 10 0 9 3 #=AJ8
L 55 700 10 0 2 0 1 0 GND_AJ8
A 10 700 10 0 2 0 PINTYPE=BI
P 130 0 710 50 710 0 2 0
A 45 710 10 0 9 3 #=AJ13
L 55 710 10 0 2 0 1 0 GND_AJ13
A 10 710 10 0 2 0 PINTYPE=BI
P 131 0 720 50 720 0 2 0
A 45 720 10 0 9 3 #=AJ18
L 55 720 10 0 2 0 1 0 GND_AJ18
A 10 720 10 0 2 0 PINTYPE=BI
P 132 0 730 50 730 0 2 0
A 45 730 10 0 9 3 #=AJ23
L 55 730 10 0 2 0 1 0 GND_AJ23
A 10 730 10 0 2 0 PINTYPE=BI
P 133 0 740 50 740 0 2 0
A 45 740 10 0 9 3 #=AJ28
L 55 740 10 0 2 0 1 0 GND_AJ28
A 10 740 10 0 2 0 PINTYPE=BI
P 134 0 750 50 750 0 2 0
A 45 750 10 0 9 3 #=AK1
L 55 750 10 0 2 0 1 0 GND_AK1
A 10 750 10 0 2 0 PINTYPE=BI
P 135 0 760 50 760 0 2 0
A 45 760 10 0 9 3 #=AK6
L 55 760 10 0 2 0 1 0 GND_AK6
A 10 760 10 0 2 0 PINTYPE=BI
P 136 0 770 50 770 0 2 0
A 45 770 10 0 9 3 #=AK26
L 55 770 10 0 2 0 1 0 GND_AK26
A 10 770 10 0 2 0 PINTYPE=BI
P 137 0 780 50 780 0 2 0
A 45 780 10 0 9 3 #=AK30
L 55 780 10 0 2 0 1 0 GND_AK30
A 10 780 10 0 2 0 PINTYPE=BI
T 220 800 20 0 5 XCKU9PFFVE900
T 220 820 20 0 5 BANK GND2
c 70 830 10
U 50 860 10 0 3 3 DEVICE=XXXXXX
U 50 30 16 0 3 3 REFDES=U?
U 250 30 10 0 3 3 PKG_TYPE=XXXXXX
U 0 0 10 0 3 0 HETERO=xcku9pffve900a_0,xcku9pffve900a_49,xcku9pffve900a_48,xcku9pffve900a_47,xcku9pffve900a_44,xcku9pffve900a_67,xcku9pffve900a_66,xcku9pffve900a_65,xcku9pffve900a_64,xcku9pffve900a_127,xcku9pffve900a_128,xcku9pffve900a_129,xcku9pffve900a_130,xcku9pffve900a_228,xcku9pffve900a_229,xcku9pffve900a_230,xcku9pffve900a_MGTAVCC_L,xcku9pffve900a_MGTAVCC_R,xcku9pffve900a_MGTAVTT_L,xcku9pffve900a_MGTAVTT_R,xcku9pffve900a_MGTVCCAUX_L,xcku9pffve900a_MGTVCCAUX_R,xcku9pffve900a_VCCAUX,xcku9pffve900a_VCCAUX_IO,xcku9pffve900a_VCCBRAM,xcku9pffve900a_VCCINT_IO,xcku9pffve900a_VCCINT,xcku9pffve900a_GND1,xcku9pffve900a_GND2
U 0 -10 10 0 3 0 PARTS=1
U 0 -20 10 0 3 0 LEVEL=STD
U 0 -30 10 0 3 0 DATE=2015_07_31
E
