V 50
K 153165148200 xcku9pffve900
Y 1
D 0 0 400 440
Z 10
i 946
b 50 50 350 390
P 1 0 100 50 100 0 2 0
A 45 100 10 0 9 3 #=AC25
L 55 100 10 0 2 0 1 0 VCCO_0_AC25
A 10 100 10 0 2 0 PINTYPE=BI
P 2 0 110 50 110 0 2 0
A 45 110 10 0 9 3 #=AE26
L 55 110 10 0 2 0 1 0 VCCO_0_AE26
A 10 110 10 0 2 0 PINTYPE=BI
P 3 400 100 350 100 0 3 0
A 355 100 10 0 3 3 #=AC26
L 345 100 10 0 8 0 1 0 M0_0_AC26
A 405 100 10 0 2 0 PINTYPE=BI
P 4 400 110 350 110 0 3 0
A 355 110 10 0 3 3 #=AB25
L 345 110 10 0 8 0 1 0 M1_0_AB25
A 405 110 10 0 2 0 PINTYPE=BI
P 5 400 120 350 120 0 3 0
A 355 120 10 0 3 3 #=AB26
L 345 120 10 0 8 0 1 0 M2_0_AB26
A 405 120 10 0 2 0 PINTYPE=BI
P 6 400 130 350 130 0 3 0
A 355 130 10 0 3 3 #=AH26
L 345 130 10 0 8 0 1 0 D00_MOSI_0_AH26
A 405 130 10 0 2 0 PINTYPE=BI
P 7 400 140 350 140 0 3 0
A 355 140 10 0 3 3 #=AD25
L 345 140 10 0 8 0 1 0 D01_DIN_0_AD25
A 405 140 10 0 2 0 PINTYPE=BI
P 8 400 150 350 150 0 3 0
A 355 150 10 0 3 3 #=AD26
L 345 150 10 0 8 0 1 0 D02_0_AD26
A 405 150 10 0 2 0 PINTYPE=BI
P 9 400 160 350 160 0 3 0
A 355 160 10 0 3 3 #=AE25
L 345 160 10 0 8 0 1 0 D03_0_AE25
A 405 160 10 0 2 0 PINTYPE=BI
P 10 400 170 350 170 0 3 0
A 355 170 10 0 3 3 #=AJ26
L 345 170 10 0 8 0 1 0 DONE_0_AJ26
A 405 170 10 0 2 0 PINTYPE=BI
P 11 400 180 350 180 0 3 0
A 355 180 10 0 3 3 #=AH27
L 345 180 10 0 8 0 1 0 RSVDGND_AH27
A 405 180 10 0 2 0 PINTYPE=BI
P 12 400 190 350 190 0 3 0
A 355 190 10 0 3 3 #=AK25
L 345 190 10 0 8 0 1 0 PROGRAM_B_0_AK25
A 405 190 10 0 2 0 PINTYPE=BI
P 13 400 200 350 200 0 3 0
A 355 200 10 0 3 3 #=AD27
L 345 200 10 0 8 0 1 0 INIT_B_0_AD27
A 405 200 10 0 2 0 PINTYPE=BI
P 14 400 210 350 210 0 3 0
A 355 210 10 0 3 3 #=AF27
L 345 210 10 0 8 0 1 0 TDI_0_AF27
A 405 210 10 0 2 0 PINTYPE=BI
P 15 400 220 350 220 0 3 0
A 355 220 10 0 3 3 #=AE27
L 345 220 10 0 8 0 1 0 TDO_0_AE27
A 405 220 10 0 2 0 PINTYPE=BI
P 16 400 230 350 230 0 3 0
A 355 230 10 0 3 3 #=AF26
L 345 230 10 0 8 0 1 0 TMS_0_AF26
A 405 230 10 0 2 0 PINTYPE=BI
P 17 400 240 350 240 0 3 0
A 355 240 10 0 3 3 #=AF25
L 345 240 10 0 8 0 1 0 TCK_0_AF25
A 405 240 10 0 2 0 PINTYPE=BI
P 18 400 250 350 250 0 3 0
A 355 250 10 0 3 3 #=AG26
L 345 250 10 0 8 0 1 0 CCLK_0_AG26
A 405 250 10 0 2 0 PINTYPE=BI
P 19 400 260 350 260 0 3 0
A 355 260 10 0 3 3 #=AG25
L 345 260 10 0 8 0 1 0 VBATT_AG25
A 405 260 10 0 2 0 PINTYPE=BI
P 20 400 270 350 270 0 3 0
A 355 270 10 0 3 3 #=AJ25
L 345 270 10 0 8 0 1 0 RDWR_FCS_B_0_AJ25
A 405 270 10 0 2 0 PINTYPE=BI
P 21 400 280 350 280 0 3 0
A 355 280 10 0 3 3 #=AC27
L 345 280 10 0 8 0 1 0 POR_OVERRIDE_AC27
A 405 280 10 0 2 0 PINTYPE=BI
P 22 400 290 350 290 0 3 0
A 355 290 10 0 3 3 #=AJ27
L 345 290 10 0 8 0 1 0 PUDC_B_0_AJ27
A 405 290 10 0 2 0 PINTYPE=BI
T 220 310 20 0 5 XCKU9PFFVE900
T 220 330 20 0 5 BANK 0_H
c 70 370 10
U 50 400 10 0 3 3 DEVICE=XXXXXX
U 50 30 16 0 3 3 REFDES=U?
U 250 30 10 0 3 3 PKG_TYPE=XXXXXX
U 0 0 10 0 3 0 HETERO=xcku9pffve900a_0_H,xcku9pffve900a_49_H,xcku9pffve900a_48_H,xcku9pffve900a_47_H,xcku9pffve900a_44_H,xcku9pffve900a_67_H,xcku9pffve900a_66_H,xcku9pffve900a_65_H,xcku9pffve900a_64_H,xcku9pffve900a_GND_H
U 0 -10 10 0 3 0 PARTS=1
U 0 -20 10 0 3 0 LEVEL=STD
U 0 -30 10 0 3 0 DATE=2015_07_31
E
