V 53
K 1458928291 xczu3sfva625b_66_H.1
F Case
|R 10:51:31_3-25-16
D 0 780 400 0
Y 1
Z 10
i 57
U 50 740 10 0 3 3 DEVICE=XXXXXX
U 50 30 16 0 3 3 REFDES=U?
U 250 30 10 0 3 3 PKG_TYPE=XXXXXX
U 0 0 10 0 3 0 HETERO=xczu3sfva625b_0_H,xczu3sfva625b_26_H,xczu3sfva625b_66_H,xczu3sfva625b_65_H,xczu3sfva625b_64_H,xczu3sfva625b_500_H,xczu3sfva625b_501_H,xczu3sfva625b_502_H,xczu3sfva625b_503_H,xczu3sfva625b_GND_H
U 0 -10 10 0 3 0 PARTS=1
U 0 -20 10 0 3 0 LEVEL=STD
U 0 -30 10 0 3 0 DATE=2016_01_12
U 0 0 10 0 1 0 FORWARD_PCB=1
b 50 50 350 730
T 220 640 20 0 5 XCZU3SFVA625
T 220 660 20 0 5 BANK 66_H
c 70 710 10
P 1 0 100 50 100 0 2 0
L 55 100 10 0 2 0 1 0 VCCO_66_G4
A 45 100 10 0 9 3 #=G4
A 10 100 10 0 2 0 PINTYPE=BI
P 2 0 110 50 110 0 2 0
L 55 110 10 0 2 0 1 0 VCCO_66_E8
A 45 110 10 0 9 3 #=E8
A 10 110 10 0 2 0 PINTYPE=BI
P 3 0 120 50 120 0 2 0
L 55 120 10 0 2 0 1 0 VCCO_66_D5
A 45 120 10 0 9 3 #=D5
A 10 120 10 0 2 0 PINTYPE=BI
P 4 400 100 350 100 0 3 0
L 345 100 10 0 8 0 1 0 VREF_66_H8
A 355 100 10 0 3 3 #=H8
A 405 100 10 0 2 0 PINTYPE=BI
P 5 400 110 350 110 0 3 0
L 345 110 10 0 8 0 1 0 IO_L1P_T0L_N0_DBC_66_H1
A 355 110 10 0 3 3 #=H1
A 405 110 10 0 2 0 PINTYPE=BI
P 6 400 120 350 120 0 3 0
L 345 120 10 0 8 0 1 0 IO_L1N_T0L_N1_DBC_66_G1
A 355 120 10 0 3 3 #=G1
A 405 120 10 0 2 0 PINTYPE=BI
P 7 400 130 350 130 0 3 0
L 345 130 10 0 8 0 1 0 IO_L2P_T0L_N2_66_F4
A 355 130 10 0 3 3 #=F4
A 405 130 10 0 2 0 PINTYPE=BI
P 8 400 140 350 140 0 3 0
L 345 140 10 0 8 0 1 0 IO_L2N_T0L_N3_66_E4
A 355 140 10 0 3 3 #=E4
A 405 140 10 0 2 0 PINTYPE=BI
P 9 400 150 350 150 0 3 0
L 345 150 10 0 8 0 1 0 IO_L3P_T0L_N4_AD15P_66_E2
A 355 150 10 0 3 3 #=E2
A 405 150 10 0 2 0 PINTYPE=BI
P 10 400 160 350 160 0 3 0
L 345 160 10 0 8 0 1 0 IO_L3N_T0L_N5_AD15N_66_E1
A 355 160 10 0 3 3 #=E1
A 405 160 10 0 2 0 PINTYPE=BI
P 11 400 170 350 170 0 3 0
L 345 170 10 0 8 0 1 0 IO_L4P_T0U_N6_DBC_AD7P_66_G3
A 355 170 10 0 3 3 #=G3
A 405 170 10 0 2 0 PINTYPE=BI
P 12 400 180 350 180 0 3 0
L 345 180 10 0 8 0 1 0 IO_L4N_T0U_N7_DBC_AD7N_66_F3
A 355 180 10 0 3 3 #=F3
A 405 180 10 0 2 0 PINTYPE=BI
P 13 400 190 350 190 0 3 0
L 345 190 10 0 8 0 1 0 IO_L5P_T0U_N8_AD14P_66_G2
A 355 190 10 0 3 3 #=G2
A 405 190 10 0 2 0 PINTYPE=BI
P 14 400 200 350 200 0 3 0
L 345 200 10 0 8 0 1 0 IO_L5N_T0U_N9_AD14N_66_F2
A 355 200 10 0 3 3 #=F2
A 405 200 10 0 2 0 PINTYPE=BI
P 15 400 210 350 210 0 3 0
L 345 210 10 0 8 0 1 0 IO_L6P_T0U_N10_AD6P_66_H4
A 355 210 10 0 3 3 #=H4
A 405 210 10 0 2 0 PINTYPE=BI
P 16 400 220 350 220 0 3 0
L 345 220 10 0 8 0 1 0 IO_L6N_T0U_N11_AD6N_66_H3
A 355 220 10 0 3 3 #=H3
A 405 220 10 0 2 0 PINTYPE=BI
P 17 400 230 350 230 0 3 0
L 345 230 10 0 8 0 1 0 IO_T0U_N12_VRP_66_H5
A 355 230 10 0 3 3 #=H5
A 405 230 10 0 2 0 PINTYPE=BI
P 18 400 360 350 360 0 3 0
L 345 360 10 0 8 0 1 0 IO_T1U_N12_66_A4
A 355 360 10 0 3 3 #=A4
A 405 360 10 0 2 0 PINTYPE=BI
P 19 400 240 350 240 0 3 0
L 345 240 10 0 8 0 1 0 IO_L7P_T1L_N0_QBC_AD13P_66_C1
A 355 240 10 0 3 3 #=C1
A 405 240 10 0 2 0 PINTYPE=BI
P 20 400 250 350 250 0 3 0
L 345 250 10 0 8 0 1 0 IO_L7N_T1L_N1_QBC_AD13N_66_B1
A 355 250 10 0 3 3 #=B1
A 405 250 10 0 2 0 PINTYPE=BI
P 21 400 260 350 260 0 3 0
L 345 260 10 0 8 0 1 0 IO_L8P_T1L_N2_AD5P_66_A3
A 355 260 10 0 3 3 #=A3
A 405 260 10 0 2 0 PINTYPE=BI
P 22 400 270 350 270 0 3 0
L 345 270 10 0 8 0 1 0 IO_L8N_T1L_N3_AD5N_66_A2
A 355 270 10 0 3 3 #=A2
A 405 270 10 0 2 0 PINTYPE=BI
P 23 400 280 350 280 0 3 0
L 345 280 10 0 8 0 1 0 IO_L9P_T1L_N4_AD12P_66_D2
A 355 280 10 0 3 3 #=D2
A 405 280 10 0 2 0 PINTYPE=BI
P 24 400 290 350 290 0 3 0
L 345 290 10 0 8 0 1 0 IO_L9N_T1L_N5_AD12N_66_D1
A 355 290 10 0 3 3 #=D1
A 405 290 10 0 2 0 PINTYPE=BI
P 25 400 300 350 300 0 3 0
L 345 300 10 0 8 0 1 0 IO_L10P_T1U_N6_QBC_AD4P_66_B3
A 355 300 10 0 3 3 #=B3
A 405 300 10 0 2 0 PINTYPE=BI
P 26 400 310 350 310 0 3 0
L 345 310 10 0 8 0 1 0 IO_L10N_T1U_N7_QBC_AD4N_66_B2
A 355 310 10 0 3 3 #=B2
A 405 310 10 0 2 0 PINTYPE=BI
P 27 400 320 350 320 0 3 0
L 345 320 10 0 8 0 1 0 IO_L11P_T1U_N8_GC_66_D4
A 355 320 10 0 3 3 #=D4
A 405 320 10 0 2 0 PINTYPE=BI
P 28 400 330 350 330 0 3 0
L 345 330 10 0 8 0 1 0 IO_L11N_T1U_N9_GC_66_D3
A 355 330 10 0 3 3 #=D3
A 405 330 10 0 2 0 PINTYPE=BI
P 29 400 340 350 340 0 3 0
L 345 340 10 0 8 0 1 0 IO_L12P_T1U_N10_GC_66_C4
A 355 340 10 0 3 3 #=C4
A 405 340 10 0 2 0 PINTYPE=BI
P 30 400 350 350 350 0 3 0
L 345 350 10 0 8 0 1 0 IO_L12N_T1U_N11_GC_66_C3
A 355 350 10 0 3 3 #=C3
A 405 350 10 0 2 0 PINTYPE=BI
P 31 400 370 350 370 0 3 0
L 345 370 10 0 8 0 1 0 IO_L13P_T2L_N0_GC_QBC_66_E6
A 355 370 10 0 3 3 #=E6
A 405 370 10 0 2 0 PINTYPE=BI
P 32 400 380 350 380 0 3 0
L 345 380 10 0 8 0 1 0 IO_L13N_T2L_N1_GC_QBC_66_E5
A 355 380 10 0 3 3 #=E5
A 405 380 10 0 2 0 PINTYPE=BI
P 33 400 390 350 390 0 3 0
L 345 390 10 0 8 0 1 0 IO_L14P_T2L_N2_GC_66_D7
A 355 390 10 0 3 3 #=D7
A 405 390 10 0 2 0 PINTYPE=BI
P 34 400 400 350 400 0 3 0
L 345 400 10 0 8 0 1 0 IO_L14N_T2L_N3_GC_66_D6
A 355 400 10 0 3 3 #=D6
A 405 400 10 0 2 0 PINTYPE=BI
P 35 400 410 350 410 0 3 0
L 345 410 10 0 8 0 1 0 IO_L15P_T2L_N4_AD11P_66_G5
A 355 410 10 0 3 3 #=G5
A 405 410 10 0 2 0 PINTYPE=BI
P 36 400 420 350 420 0 3 0
L 345 420 10 0 8 0 1 0 IO_L15N_T2L_N5_AD11N_66_F5
A 355 420 10 0 3 3 #=F5
A 405 420 10 0 2 0 PINTYPE=BI
P 37 400 430 350 430 0 3 0
L 345 430 10 0 8 0 1 0 IO_L16P_T2U_N6_QBC_AD3P_66_G8
A 355 430 10 0 3 3 #=G8
A 405 430 10 0 2 0 PINTYPE=BI
P 38 400 440 350 440 0 3 0
L 345 440 10 0 8 0 1 0 IO_L16N_T2U_N7_QBC_AD3N_66_F8
A 355 440 10 0 3 3 #=F8
A 405 440 10 0 2 0 PINTYPE=BI
P 39 400 450 350 450 0 3 0
L 345 450 10 0 8 0 1 0 IO_L17P_T2U_N8_AD10P_66_H6
A 355 450 10 0 3 3 #=H6
A 405 450 10 0 2 0 PINTYPE=BI
P 40 400 460 350 460 0 3 0
L 345 460 10 0 8 0 1 0 IO_L17N_T2U_N9_AD10N_66_G6
A 355 460 10 0 3 3 #=G6
A 405 460 10 0 2 0 PINTYPE=BI
P 41 400 470 350 470 0 3 0
L 345 470 10 0 8 0 1 0 IO_L18P_T2U_N10_AD2P_66_G7
A 355 470 10 0 3 3 #=G7
A 405 470 10 0 2 0 PINTYPE=BI
P 42 400 480 350 480 0 3 0
L 345 480 10 0 8 0 1 0 IO_L18N_T2U_N11_AD2N_66_F7
A 355 480 10 0 3 3 #=F7
A 405 480 10 0 2 0 PINTYPE=BI
P 43 400 490 350 490 0 3 0
L 345 490 10 0 8 0 1 0 IO_T2U_N12_66_E7
A 355 490 10 0 3 3 #=E7
A 405 490 10 0 2 0 PINTYPE=BI
P 44 400 620 350 620 0 3 0
L 345 620 10 0 8 0 1 0 IO_T3U_N12_66_D8
A 355 620 10 0 3 3 #=D8
A 405 620 10 0 2 0 PINTYPE=BI
P 45 400 500 350 500 0 3 0
L 345 500 10 0 8 0 1 0 IO_L19P_T3L_N0_DBC_AD9P_66_A6
A 355 500 10 0 3 3 #=A6
A 405 500 10 0 2 0 PINTYPE=BI
P 46 400 510 350 510 0 3 0
L 345 510 10 0 8 0 1 0 IO_L19N_T3L_N1_DBC_AD9N_66_A5
A 355 510 10 0 3 3 #=A5
A 405 510 10 0 2 0 PINTYPE=BI
P 47 400 520 350 520 0 3 0
L 345 520 10 0 8 0 1 0 IO_L20P_T3L_N2_AD1P_66_C8
A 355 520 10 0 3 3 #=C8
A 405 520 10 0 2 0 PINTYPE=BI
P 48 400 530 350 530 0 3 0
L 345 530 10 0 8 0 1 0 IO_L20N_T3L_N3_AD1N_66_B8
A 355 530 10 0 3 3 #=B8
A 405 530 10 0 2 0 PINTYPE=BI
P 49 400 540 350 540 0 3 0
L 345 540 10 0 8 0 1 0 IO_L21P_T3L_N4_AD8P_66_C5
A 355 540 10 0 3 3 #=C5
A 405 540 10 0 2 0 PINTYPE=BI
P 50 400 550 350 550 0 3 0
L 345 550 10 0 8 0 1 0 IO_L21N_T3L_N5_AD8N_66_B5
A 355 550 10 0 3 3 #=B5
A 405 550 10 0 2 0 PINTYPE=BI
P 51 400 560 350 560 0 3 0
L 345 560 10 0 8 0 1 0 IO_L22P_T3U_N6_DBC_AD0P_66_A9
A 355 560 10 0 3 3 #=A9
A 405 560 10 0 2 0 PINTYPE=BI
P 52 400 570 350 570 0 3 0
L 345 570 10 0 8 0 1 0 IO_L22N_T3U_N7_DBC_AD0N_66_A8
A 355 570 10 0 3 3 #=A8
A 405 570 10 0 2 0 PINTYPE=BI
P 53 400 580 350 580 0 3 0
L 345 580 10 0 8 0 1 0 IO_L23P_T3U_N8_66_C6
A 355 580 10 0 3 3 #=C6
A 405 580 10 0 2 0 PINTYPE=BI
P 54 400 590 350 590 0 3 0
L 345 590 10 0 8 0 1 0 IO_L23N_T3U_N9_66_B6
A 355 590 10 0 3 3 #=B6
A 405 590 10 0 2 0 PINTYPE=BI
P 55 400 600 350 600 0 3 0
L 345 600 10 0 8 0 1 0 IO_L24P_T3U_N10_66_B7
A 355 600 10 0 3 3 #=B7
A 405 600 10 0 2 0 PINTYPE=BI
P 56 400 610 350 610 0 3 0
L 345 610 10 0 8 0 1 0 IO_L24N_T3U_N11_66_A7
A 355 610 10 0 3 3 #=A7
A 405 610 10 0 2 0 PINTYPE=BI
E 
