V 50
K 153165148200 xczu3sbva484
Y 1
D 0 0 400 420
Z 10
i 946
b 50 50 350 370
P 1 400 100 350 100 0 3 0
A 355 100 10 0 3 3 #=J16
L 345 100 10 0 8 0 1 0 PS_MODE0_J16
A 405 100 10 0 2 0 PINTYPE=BI
P 2 400 110 350 110 0 3 0
A 355 110 10 0 3 3 #=H15
L 345 110 10 0 8 0 1 0 PS_MODE1_H15
A 405 110 10 0 2 0 PINTYPE=BI
P 3 400 120 350 120 0 3 0
A 355 120 10 0 3 3 #=J15
L 345 120 10 0 8 0 1 0 PS_MODE2_J15
A 405 120 10 0 2 0 PINTYPE=BI
P 4 400 130 350 130 0 3 0
A 355 130 10 0 3 3 #=H18
L 345 130 10 0 8 0 1 0 PS_MODE3_H18
A 405 130 10 0 2 0 PINTYPE=BI
P 5 400 140 350 140 0 3 0
A 355 140 10 0 3 3 #=J17
L 345 140 10 0 8 0 1 0 PS_PADO_J17
A 405 140 10 0 2 0 PINTYPE=BI
P 6 400 150 350 150 0 3 0
A 355 150 10 0 3 3 #=H17
L 345 150 10 0 8 0 1 0 PS_PADI_H17
A 405 150 10 0 2 0 PINTYPE=BI
P 7 400 160 350 160 0 3 0
A 355 160 10 0 3 3 #=L12
L 345 160 10 0 8 0 1 0 PS_DONE_L12
A 405 160 10 0 2 0 PINTYPE=BI
P 8 400 170 350 170 0 3 0
A 355 170 10 0 3 3 #=K14
L 345 170 10 0 8 0 1 0 PS_PROG_B_K14
A 405 170 10 0 2 0 PINTYPE=BI
P 9 400 180 350 180 0 3 0
A 355 180 10 0 3 3 #=K15
L 345 180 10 0 8 0 1 0 PS_INIT_B_K15
A 405 180 10 0 2 0 PINTYPE=BI
P 10 400 190 350 190 0 3 0
A 355 190 10 0 3 3 #=H12
L 345 190 10 0 8 0 1 0 PS_JTAG_TDI_H12
A 405 190 10 0 2 0 PINTYPE=BI
P 11 400 200 350 200 0 3 0
A 355 200 10 0 3 3 #=J13
L 345 200 10 0 8 0 1 0 PS_JTAG_TDO_J13
A 405 200 10 0 2 0 PINTYPE=BI
P 12 400 210 350 210 0 3 0
A 355 210 10 0 3 3 #=J12
L 345 210 10 0 8 0 1 0 PS_JTAG_TMS_J12
A 405 210 10 0 2 0 PINTYPE=BI
P 13 400 220 350 220 0 3 0
A 355 220 10 0 3 3 #=H13
L 345 220 10 0 8 0 1 0 PS_JTAG_TCK_H13
A 405 220 10 0 2 0 PINTYPE=BI
P 14 400 230 350 230 0 3 0
A 355 230 10 0 3 3 #=H14
L 345 230 10 0 8 0 1 0 PS_REF_CLK_H14
A 405 230 10 0 2 0 PINTYPE=BI
P 15 400 240 350 240 0 3 0
A 355 240 10 0 3 3 #=K13
L 345 240 10 0 8 0 1 0 PS_SRST_B_K13
A 405 240 10 0 2 0 PINTYPE=BI
P 16 400 250 350 250 0 3 0
A 355 250 10 0 3 3 #=K16
L 345 250 10 0 8 0 1 0 PS_ERROR_OUT_K16
A 405 250 10 0 2 0 PINTYPE=BI
P 17 400 260 350 260 0 3 0
A 355 260 10 0 3 3 #=K18
L 345 260 10 0 8 0 1 0 PS_ERROR_STATUS_K18
A 405 260 10 0 2 0 PINTYPE=BI
P 18 400 270 350 270 0 3 0
A 355 270 10 0 3 3 #=K12
L 345 270 10 0 8 0 1 0 PS_POR_B_K12
A 405 270 10 0 2 0 PINTYPE=BI
P 19 0 100 50 100 0 2 0
A 45 100 10 0 9 3 #=H16
L 55 100 10 0 2 0 1 0 VCCO_PSIO3_503_H16
A 10 100 10 0 2 0 PINTYPE=BI
P 20 0 110 50 110 0 2 0
A 45 110 10 0 9 3 #=G13
L 55 110 10 0 2 0 1 0 VCCO_PSIO3_503_G13
A 10 110 10 0 2 0 PINTYPE=BI
T 220 290 20 0 5 XCZU3SBVA484
T 220 310 20 0 5 BANK 503_H
c 70 350 10
U 50 380 10 0 3 3 DEVICE=XXXXXX
U 50 30 16 0 3 3 REFDES=U?
U 250 30 10 0 3 3 PKG_TYPE=XXXXXX
U 0 0 10 0 3 0 HETERO=xczu3sbva484b_0_H,xczu3sbva484b_26_H,xczu3sbva484b_66_H,xczu3sbva484b_65_H,xczu3sbva484b_500_H,xczu3sbva484b_501_H,xczu3sbva484b_502_H,xczu3sbva484b_503_H,xczu3sbva484b_GND_H
U 0 -10 10 0 3 0 PARTS=1
U 0 -20 10 0 3 0 LEVEL=STD
U 0 -30 10 0 3 0 DATE=2016_01_29
E
