V 50
K 153165148200 xczu9ffvb1156
Y 1
D 0 0 400 500
Z 10
i 946
b 50 50 350 450
P 1 400 100 350 100 0 3 0
A 355 100 10 0 3 3 #=P21
L 345 100 10 0 8 0 1 0 PS_MIO26_P21
A 405 100 10 0 2 0 PINTYPE=BI
P 2 400 110 350 110 0 3 0
A 355 110 10 0 3 3 #=M21
L 345 110 10 0 8 0 1 0 PS_MIO27_M21
A 405 110 10 0 2 0 PINTYPE=BI
P 3 400 120 350 120 0 3 0
A 355 120 10 0 3 3 #=N21
L 345 120 10 0 8 0 1 0 PS_MIO28_N21
A 405 120 10 0 2 0 PINTYPE=BI
P 4 400 130 350 130 0 3 0
A 355 130 10 0 3 3 #=K22
L 345 130 10 0 8 0 1 0 PS_MIO29_K22
A 405 130 10 0 2 0 PINTYPE=BI
P 5 400 140 350 140 0 3 0
A 355 140 10 0 3 3 #=L21
L 345 140 10 0 8 0 1 0 PS_MIO30_L21
A 405 140 10 0 2 0 PINTYPE=BI
P 6 400 150 350 150 0 3 0
A 355 150 10 0 3 3 #=J22
L 345 150 10 0 8 0 1 0 PS_MIO31_J22
A 405 150 10 0 2 0 PINTYPE=BI
P 7 400 160 350 160 0 3 0
A 355 160 10 0 3 3 #=H22
L 345 160 10 0 8 0 1 0 PS_MIO32_H22
A 405 160 10 0 2 0 PINTYPE=BI
P 8 400 170 350 170 0 3 0
A 355 170 10 0 3 3 #=H23
L 345 170 10 0 8 0 1 0 PS_MIO33_H23
A 405 170 10 0 2 0 PINTYPE=BI
P 9 400 180 350 180 0 3 0
A 355 180 10 0 3 3 #=L22
L 345 180 10 0 8 0 1 0 PS_MIO34_L22
A 405 180 10 0 2 0 PINTYPE=BI
P 10 400 190 350 190 0 3 0
A 355 190 10 0 3 3 #=P22
L 345 190 10 0 8 0 1 0 PS_MIO35_P22
A 405 190 10 0 2 0 PINTYPE=BI
P 11 400 200 350 200 0 3 0
A 355 200 10 0 3 3 #=K23
L 345 200 10 0 8 0 1 0 PS_MIO36_K23
A 405 200 10 0 2 0 PINTYPE=BI
P 12 400 210 350 210 0 3 0
A 355 210 10 0 3 3 #=N22
L 345 210 10 0 8 0 1 0 PS_MIO37_N22
A 405 210 10 0 2 0 PINTYPE=BI
P 13 400 220 350 220 0 3 0
A 355 220 10 0 3 3 #=L23
L 345 220 10 0 8 0 1 0 PS_MIO38_L23
A 405 220 10 0 2 0 PINTYPE=BI
P 14 400 230 350 230 0 3 0
A 355 230 10 0 3 3 #=N23
L 345 230 10 0 8 0 1 0 PS_MIO39_N23
A 405 230 10 0 2 0 PINTYPE=BI
P 15 400 240 350 240 0 3 0
A 355 240 10 0 3 3 #=M23
L 345 240 10 0 8 0 1 0 PS_MIO40_M23
A 405 240 10 0 2 0 PINTYPE=BI
P 16 400 250 350 250 0 3 0
A 355 250 10 0 3 3 #=J24
L 345 250 10 0 8 0 1 0 PS_MIO41_J24
A 405 250 10 0 2 0 PINTYPE=BI
P 17 400 260 350 260 0 3 0
A 355 260 10 0 3 3 #=M24
L 345 260 10 0 8 0 1 0 PS_MIO42_M24
A 405 260 10 0 2 0 PINTYPE=BI
P 18 400 270 350 270 0 3 0
A 355 270 10 0 3 3 #=K24
L 345 270 10 0 8 0 1 0 PS_MIO43_K24
A 405 270 10 0 2 0 PINTYPE=BI
P 19 400 280 350 280 0 3 0
A 355 280 10 0 3 3 #=N24
L 345 280 10 0 8 0 1 0 PS_MIO44_N24
A 405 280 10 0 2 0 PINTYPE=BI
P 20 400 290 350 290 0 3 0
A 355 290 10 0 3 3 #=P24
L 345 290 10 0 8 0 1 0 PS_MIO45_P24
A 405 290 10 0 2 0 PINTYPE=BI
P 21 400 300 350 300 0 3 0
A 355 300 10 0 3 3 #=J25
L 345 300 10 0 8 0 1 0 PS_MIO46_J25
A 405 300 10 0 2 0 PINTYPE=BI
P 22 400 310 350 310 0 3 0
A 355 310 10 0 3 3 #=L25
L 345 310 10 0 8 0 1 0 PS_MIO47_L25
A 405 310 10 0 2 0 PINTYPE=BI
P 23 400 320 350 320 0 3 0
A 355 320 10 0 3 3 #=M25
L 345 320 10 0 8 0 1 0 PS_MIO48_M25
A 405 320 10 0 2 0 PINTYPE=BI
P 24 400 330 350 330 0 3 0
A 355 330 10 0 3 3 #=K25
L 345 330 10 0 8 0 1 0 PS_MIO49_K25
A 405 330 10 0 2 0 PINTYPE=BI
P 25 400 340 350 340 0 3 0
A 355 340 10 0 3 3 #=P25
L 345 340 10 0 8 0 1 0 PS_MIO50_P25
A 405 340 10 0 2 0 PINTYPE=BI
P 26 400 350 350 350 0 3 0
A 355 350 10 0 3 3 #=N25
L 345 350 10 0 8 0 1 0 PS_MIO51_N25
A 405 350 10 0 2 0 PINTYPE=BI
P 27 0 100 50 100 0 2 0
A 45 100 10 0 9 3 #=M22
L 55 100 10 0 2 0 1 0 VCCO_PSIO1_501_M22
A 10 100 10 0 2 0 PINTYPE=BI
P 28 0 110 50 110 0 2 0
A 45 110 10 0 9 3 #=L24
L 55 110 10 0 2 0 1 0 VCCO_PSIO1_501_L24
A 10 110 10 0 2 0 PINTYPE=BI
T 220 370 20 0 5 XCZU9FFVB1156
T 220 390 20 0 5 BANK 501_H
c 70 430 10
U 50 460 10 0 3 3 DEVICE=XXXXXX
U 50 30 16 0 3 3 REFDES=U?
U 250 30 10 0 3 3 PKG_TYPE=XXXXXX
U 0 0 10 0 3 0 HETERO=xczu9ffvb1156c_0_H,xczu9ffvb1156c_50_H,xczu9ffvb1156c_49_H,xczu9ffvb1156c_48_H,xczu9ffvb1156c_47_H,xczu9ffvb1156c_44_H,xczu9ffvb1156c_67_H,xczu9ffvb1156c_66_H,xczu9ffvb1156c_65_H,xczu9ffvb1156c_64_H,xczu9ffvb1156c_500_H,xczu9ffvb1156c_501_H,xczu9ffvb1156c_502_H,xczu9ffvb1156c_503_H,xczu9ffvb1156c_GND_H
U 0 -10 10 0 3 0 PARTS=1
U 0 -20 10 0 3 0 LEVEL=STD
U 0 -30 10 0 3 0 DATE=2015_06_26
E
