V 50
K 153165148200 xczu7evffvc1156
Y 1
D 0 0 400 910
Z 10
i 946
b 50 50 350 860
P 1 400 100 350 100 0 3 0
A 355 100 10 0 3 3 #=A1
L 345 100 10 0 8 0 1 0 GND_A1
A 405 100 10 0 2 0 PINTYPE=BI
P 2 400 110 350 110 0 3 0
A 355 110 10 0 3 3 #=A34
L 345 110 10 0 8 0 1 0 GND_A34
A 405 110 10 0 2 0 PINTYPE=BI
P 3 400 120 350 120 0 3 0
A 355 120 10 0 3 3 #=A4
L 345 120 10 0 8 0 1 0 GND_A4
A 405 120 10 0 2 0 PINTYPE=BI
P 4 400 130 350 130 0 3 0
A 355 130 10 0 3 3 #=AA11
L 345 130 10 0 8 0 1 0 GND_AA11
A 405 130 10 0 2 0 PINTYPE=BI
P 5 400 140 350 140 0 3 0
A 355 140 10 0 3 3 #=AA21
L 345 140 10 0 8 0 1 0 GND_AA21
A 405 140 10 0 2 0 PINTYPE=BI
P 6 400 150 350 150 0 3 0
A 355 150 10 0 3 3 #=AA29
L 345 150 10 0 8 0 1 0 GND_AA29
A 405 150 10 0 2 0 PINTYPE=BI
P 7 400 160 350 160 0 3 0
A 355 160 10 0 3 3 #=AA3
L 345 160 10 0 8 0 1 0 GND_AA3
A 405 160 10 0 2 0 PINTYPE=BI
P 8 400 170 350 170 0 3 0
A 355 170 10 0 3 3 #=AA4
L 345 170 10 0 8 0 1 0 GND_AA4
A 405 170 10 0 2 0 PINTYPE=BI
P 9 400 180 350 180 0 3 0
A 355 180 10 0 3 3 #=AA7
L 345 180 10 0 8 0 1 0 GND_AA7
A 405 180 10 0 2 0 PINTYPE=BI
P 10 400 190 350 190 0 3 0
A 355 190 10 0 3 3 #=AB1
L 345 190 10 0 8 0 1 0 GND_AB1
A 405 190 10 0 2 0 PINTYPE=BI
P 11 400 200 350 200 0 3 0
A 355 200 10 0 3 3 #=AB11
L 345 200 10 0 8 0 1 0 GND_AB11
A 405 200 10 0 2 0 PINTYPE=BI
P 12 400 210 350 210 0 3 0
A 355 210 10 0 3 3 #=AB17
L 345 210 10 0 8 0 1 0 GND_AB17
A 405 210 10 0 2 0 PINTYPE=BI
P 13 400 220 350 220 0 3 0
A 355 220 10 0 3 3 #=AB2
L 345 220 10 0 8 0 1 0 GND_AB2
A 405 220 10 0 2 0 PINTYPE=BI
P 14 400 230 350 230 0 3 0
A 355 230 10 0 3 3 #=AB27
L 345 230 10 0 8 0 1 0 GND_AB27
A 405 230 10 0 2 0 PINTYPE=BI
P 15 400 240 350 240 0 3 0
A 355 240 10 0 3 3 #=AB32
L 345 240 10 0 8 0 1 0 GND_AB32
A 405 240 10 0 2 0 PINTYPE=BI
P 16 400 250 350 250 0 3 0
A 355 250 10 0 3 3 #=AB5
L 345 250 10 0 8 0 1 0 GND_AB5
A 405 250 10 0 2 0 PINTYPE=BI
P 17 400 260 350 260 0 3 0
A 355 260 10 0 3 3 #=AB9
L 345 260 10 0 8 0 1 0 GND_AB9
A 405 260 10 0 2 0 PINTYPE=BI
P 18 400 270 350 270 0 3 0
A 355 270 10 0 3 3 #=AC11
L 345 270 10 0 8 0 1 0 GND_AC11
A 405 270 10 0 2 0 PINTYPE=BI
P 19 400 280 350 280 0 3 0
A 355 280 10 0 3 3 #=AC15
L 345 280 10 0 8 0 1 0 GND_AC15
A 405 280 10 0 2 0 PINTYPE=BI
P 20 400 290 350 290 0 3 0
A 355 290 10 0 3 3 #=AC20
L 345 290 10 0 8 0 1 0 GND_AC20
A 405 290 10 0 2 0 PINTYPE=BI
P 21 400 300 350 300 0 3 0
A 355 300 10 0 3 3 #=AC23
L 345 300 10 0 8 0 1 0 GND_AC23
A 405 300 10 0 2 0 PINTYPE=BI
P 22 400 310 350 310 0 3 0
A 355 310 10 0 3 3 #=AC3
L 345 310 10 0 8 0 1 0 GND_AC3
A 405 310 10 0 2 0 PINTYPE=BI
P 23 400 320 350 320 0 3 0
A 355 320 10 0 3 3 #=AC30
L 345 320 10 0 8 0 1 0 GND_AC30
A 405 320 10 0 2 0 PINTYPE=BI
P 24 400 330 350 330 0 3 0
A 355 330 10 0 3 3 #=AC4
L 345 330 10 0 8 0 1 0 GND_AC4
A 405 330 10 0 2 0 PINTYPE=BI
P 25 400 340 350 340 0 3 0
A 355 340 10 0 3 3 #=AC7
L 345 340 10 0 8 0 1 0 GND_AC7
A 405 340 10 0 2 0 PINTYPE=BI
P 26 400 350 350 350 0 3 0
A 355 350 10 0 3 3 #=AD1
L 345 350 10 0 8 0 1 0 GND_AD1
A 405 350 10 0 2 0 PINTYPE=BI
P 27 400 360 350 360 0 3 0
A 355 360 10 0 3 3 #=AD11
L 345 360 10 0 8 0 1 0 GND_AD11
A 405 360 10 0 2 0 PINTYPE=BI
P 28 400 370 350 370 0 3 0
A 355 370 10 0 3 3 #=AD13
L 345 370 10 0 8 0 1 0 GND_AD13
A 405 370 10 0 2 0 PINTYPE=BI
P 29 400 380 350 380 0 3 0
A 355 380 10 0 3 3 #=AD18
L 345 380 10 0 8 0 1 0 GND_AD18
A 405 380 10 0 2 0 PINTYPE=BI
P 30 400 390 350 390 0 3 0
A 355 390 10 0 3 3 #=AD2
L 345 390 10 0 8 0 1 0 GND_AD2
A 405 390 10 0 2 0 PINTYPE=BI
P 31 400 400 350 400 0 3 0
A 355 400 10 0 3 3 #=AD25
L 345 400 10 0 8 0 1 0 GND_AD25
A 405 400 10 0 2 0 PINTYPE=BI
P 32 400 410 350 410 0 3 0
A 355 410 10 0 3 3 #=AD28
L 345 410 10 0 8 0 1 0 GND_AD28
A 405 410 10 0 2 0 PINTYPE=BI
P 33 400 420 350 420 0 3 0
A 355 420 10 0 3 3 #=AD33
L 345 420 10 0 8 0 1 0 GND_AD33
A 405 420 10 0 2 0 PINTYPE=BI
P 34 400 430 350 430 0 3 0
A 355 430 10 0 3 3 #=AD5
L 345 430 10 0 8 0 1 0 GND_AD5
A 405 430 10 0 2 0 PINTYPE=BI
P 35 400 440 350 440 0 3 0
A 355 440 10 0 3 3 #=AE10
L 345 440 10 0 8 0 1 0 GND_AE10
A 405 440 10 0 2 0 PINTYPE=BI
P 36 400 450 350 450 0 3 0
A 355 450 10 0 3 3 #=AE11
L 345 450 10 0 8 0 1 0 GND_AE11
A 405 450 10 0 2 0 PINTYPE=BI
P 37 400 460 350 460 0 3 0
A 355 460 10 0 3 3 #=AE21
L 345 460 10 0 8 0 1 0 GND_AE21
A 405 460 10 0 2 0 PINTYPE=BI
P 38 400 470 350 470 0 3 0
A 355 470 10 0 3 3 #=AE3
L 345 470 10 0 8 0 1 0 GND_AE3
A 405 470 10 0 2 0 PINTYPE=BI
P 39 400 480 350 480 0 3 0
A 355 480 10 0 3 3 #=AE4
L 345 480 10 0 8 0 1 0 GND_AE4
A 405 480 10 0 2 0 PINTYPE=BI
P 40 400 490 350 490 0 3 0
A 355 490 10 0 3 3 #=AE7
L 345 490 10 0 8 0 1 0 GND_AE7
A 405 490 10 0 2 0 PINTYPE=BI
P 41 400 500 350 500 0 3 0
A 355 500 10 0 3 3 #=AE8
L 345 500 10 0 8 0 1 0 GND_AE8
A 405 500 10 0 2 0 PINTYPE=BI
P 42 400 510 350 510 0 3 0
A 355 510 10 0 3 3 #=AE9
L 345 510 10 0 8 0 1 0 GND_AE9
A 405 510 10 0 2 0 PINTYPE=BI
P 43 400 520 350 520 0 3 0
A 355 520 10 0 3 3 #=AF1
L 345 520 10 0 8 0 1 0 GND_AF1
A 405 520 10 0 2 0 PINTYPE=BI
P 44 400 530 350 530 0 3 0
A 355 530 10 0 3 3 #=AF14
L 345 530 10 0 8 0 1 0 GND_AF14
A 405 530 10 0 2 0 PINTYPE=BI
P 45 400 540 350 540 0 3 0
A 355 540 10 0 3 3 #=AF2
L 345 540 10 0 8 0 1 0 GND_AF2
A 405 540 10 0 2 0 PINTYPE=BI
P 46 400 550 350 550 0 3 0
A 355 550 10 0 3 3 #=AF24
L 345 550 10 0 8 0 1 0 GND_AF24
A 405 550 10 0 2 0 PINTYPE=BI
P 47 400 560 350 560 0 3 0
A 355 560 10 0 3 3 #=AF29
L 345 560 10 0 8 0 1 0 GND_AF29
A 405 560 10 0 2 0 PINTYPE=BI
P 48 400 570 350 570 0 3 0
A 355 570 10 0 3 3 #=AF5
L 345 570 10 0 8 0 1 0 GND_AF5
A 405 570 10 0 2 0 PINTYPE=BI
P 49 400 580 350 580 0 3 0
A 355 580 10 0 3 3 #=AF7
L 345 580 10 0 8 0 1 0 GND_AF7
A 405 580 10 0 2 0 PINTYPE=BI
P 50 400 590 350 590 0 3 0
A 355 590 10 0 3 3 #=AG17
L 345 590 10 0 8 0 1 0 GND_AG17
A 405 590 10 0 2 0 PINTYPE=BI
P 51 400 600 350 600 0 3 0
A 355 600 10 0 3 3 #=AG3
L 345 600 10 0 8 0 1 0 GND_AG3
A 405 600 10 0 2 0 PINTYPE=BI
P 52 400 610 350 610 0 3 0
A 355 610 10 0 3 3 #=AG4
L 345 610 10 0 8 0 1 0 GND_AG4
A 405 610 10 0 2 0 PINTYPE=BI
P 53 400 620 350 620 0 3 0
A 355 620 10 0 3 3 #=AG7
L 345 620 10 0 8 0 1 0 GND_AG7
A 405 620 10 0 2 0 PINTYPE=BI
P 54 400 630 350 630 0 3 0
A 355 630 10 0 3 3 #=AH1
L 345 630 10 0 8 0 1 0 GND_AH1
A 405 630 10 0 2 0 PINTYPE=BI
P 55 400 640 350 640 0 3 0
A 355 640 10 0 3 3 #=AH10
L 345 640 10 0 8 0 1 0 GND_AH10
A 405 640 10 0 2 0 PINTYPE=BI
P 56 400 650 350 650 0 3 0
A 355 650 10 0 3 3 #=AH2
L 345 650 10 0 8 0 1 0 GND_AH2
A 405 650 10 0 2 0 PINTYPE=BI
P 57 400 660 350 660 0 3 0
A 355 660 10 0 3 3 #=AH20
L 345 660 10 0 8 0 1 0 GND_AH20
A 405 660 10 0 2 0 PINTYPE=BI
P 58 400 670 350 670 0 3 0
A 355 670 10 0 3 3 #=AH25
L 345 670 10 0 8 0 1 0 GND_AH25
A 405 670 10 0 2 0 PINTYPE=BI
P 59 400 680 350 680 0 3 0
A 355 680 10 0 3 3 #=AH30
L 345 680 10 0 8 0 1 0 GND_AH30
A 405 680 10 0 2 0 PINTYPE=BI
P 60 400 690 350 690 0 3 0
A 355 690 10 0 3 3 #=AH5
L 345 690 10 0 8 0 1 0 GND_AH5
A 405 690 10 0 2 0 PINTYPE=BI
P 61 400 700 350 700 0 3 0
A 355 700 10 0 3 3 #=AH7
L 345 700 10 0 8 0 1 0 GND_AH7
A 405 700 10 0 2 0 PINTYPE=BI
P 62 400 710 350 710 0 3 0
A 355 710 10 0 3 3 #=AJ13
L 345 710 10 0 8 0 1 0 GND_AJ13
A 405 710 10 0 2 0 PINTYPE=BI
P 63 400 720 350 720 0 3 0
A 355 720 10 0 3 3 #=AJ23
L 345 720 10 0 8 0 1 0 GND_AJ23
A 405 720 10 0 2 0 PINTYPE=BI
P 64 400 730 350 730 0 3 0
A 355 730 10 0 3 3 #=AJ3
L 345 730 10 0 8 0 1 0 GND_AJ3
A 405 730 10 0 2 0 PINTYPE=BI
P 65 400 740 350 740 0 3 0
A 355 740 10 0 3 3 #=AJ4
L 345 740 10 0 8 0 1 0 GND_AJ4
A 405 740 10 0 2 0 PINTYPE=BI
P 66 400 750 350 750 0 3 0
A 355 750 10 0 3 3 #=AJ7
L 345 750 10 0 8 0 1 0 GND_AJ7
A 405 750 10 0 2 0 PINTYPE=BI
P 67 400 760 350 760 0 3 0
A 355 760 10 0 3 3 #=AJ8
L 345 760 10 0 8 0 1 0 GND_AJ8
A 405 760 10 0 2 0 PINTYPE=BI
P 68 400 770 350 770 0 3 0
A 355 770 10 0 3 3 #=AK1
L 345 770 10 0 8 0 1 0 GND_AK1
A 405 770 10 0 2 0 PINTYPE=BI
P 69 400 780 350 780 0 3 0
A 355 780 10 0 3 3 #=AK16
L 345 780 10 0 8 0 1 0 GND_AK16
A 405 780 10 0 2 0 PINTYPE=BI
P 70 400 790 350 790 0 3 0
A 355 790 10 0 3 3 #=AK2
L 345 790 10 0 8 0 1 0 GND_AK2
A 405 790 10 0 2 0 PINTYPE=BI
P 71 0 110 50 110 0 2 0
A 45 110 10 0 9 3 #=AK26
L 55 110 10 0 2 0 1 0 GND_AK26
A 10 110 10 0 2 0 PINTYPE=BI
P 72 0 120 50 120 0 2 0
A 45 120 10 0 9 3 #=AK31
L 55 120 10 0 2 0 1 0 GND_AK31
A 10 120 10 0 2 0 PINTYPE=BI
P 73 0 130 50 130 0 2 0
A 45 130 10 0 9 3 #=AK5
L 55 130 10 0 2 0 1 0 GND_AK5
A 10 130 10 0 2 0 PINTYPE=BI
P 74 0 140 50 140 0 2 0
A 45 140 10 0 9 3 #=AK7
L 55 140 10 0 2 0 1 0 GND_AK7
A 10 140 10 0 2 0 PINTYPE=BI
P 75 0 150 50 150 0 2 0
A 45 150 10 0 9 3 #=AL14
L 55 150 10 0 2 0 1 0 GND_AL14
A 10 150 10 0 2 0 PINTYPE=BI
P 76 0 160 50 160 0 2 0
A 45 160 10 0 9 3 #=AL19
L 55 160 10 0 2 0 1 0 GND_AL19
A 10 160 10 0 2 0 PINTYPE=BI
P 77 0 170 50 170 0 2 0
A 45 170 10 0 9 3 #=AL24
L 55 170 10 0 2 0 1 0 GND_AL24
A 10 170 10 0 2 0 PINTYPE=BI
P 78 0 180 50 180 0 2 0
A 45 180 10 0 9 3 #=AL3
L 55 180 10 0 2 0 1 0 GND_AL3
A 10 180 10 0 2 0 PINTYPE=BI
P 79 0 190 50 190 0 2 0
A 45 190 10 0 9 3 #=AL4
L 55 190 10 0 2 0 1 0 GND_AL4
A 10 190 10 0 2 0 PINTYPE=BI
P 80 0 200 50 200 0 2 0
A 45 200 10 0 9 3 #=AL7
L 55 200 10 0 2 0 1 0 GND_AL7
A 10 200 10 0 2 0 PINTYPE=BI
P 81 0 210 50 210 0 2 0
A 45 210 10 0 9 3 #=AL9
L 55 210 10 0 2 0 1 0 GND_AL9
A 10 210 10 0 2 0 PINTYPE=BI
P 82 0 220 50 220 0 2 0
A 45 220 10 0 9 3 #=AM1
L 55 220 10 0 2 0 1 0 GND_AM1
A 10 220 10 0 2 0 PINTYPE=BI
P 83 0 230 50 230 0 2 0
A 45 230 10 0 9 3 #=AM12
L 55 230 10 0 2 0 1 0 GND_AM12
A 10 230 10 0 2 0 PINTYPE=BI
P 84 0 240 50 240 0 2 0
A 45 240 10 0 9 3 #=AM17
L 55 240 10 0 2 0 1 0 GND_AM17
A 10 240 10 0 2 0 PINTYPE=BI
P 85 0 250 50 250 0 2 0
A 45 250 10 0 9 3 #=AM2
L 55 250 10 0 2 0 1 0 GND_AM2
A 10 250 10 0 2 0 PINTYPE=BI
P 86 0 260 50 260 0 2 0
A 45 260 10 0 9 3 #=AM22
L 55 260 10 0 2 0 1 0 GND_AM22
A 10 260 10 0 2 0 PINTYPE=BI
P 87 0 270 50 270 0 2 0
A 45 270 10 0 9 3 #=AM27
L 55 270 10 0 2 0 1 0 GND_AM27
A 10 270 10 0 2 0 PINTYPE=BI
P 88 0 280 50 280 0 2 0
A 45 280 10 0 9 3 #=AM32
L 55 280 10 0 2 0 1 0 GND_AM32
A 10 280 10 0 2 0 PINTYPE=BI
P 89 0 290 50 290 0 2 0
A 45 290 10 0 9 3 #=AM5
L 55 290 10 0 2 0 1 0 GND_AM5
A 10 290 10 0 2 0 PINTYPE=BI
P 90 0 300 50 300 0 2 0
A 45 300 10 0 9 3 #=AM7
L 55 300 10 0 2 0 1 0 GND_AM7
A 10 300 10 0 2 0 PINTYPE=BI
P 91 0 310 50 310 0 2 0
A 45 310 10 0 9 3 #=AN10
L 55 310 10 0 2 0 1 0 GND_AN10
A 10 310 10 0 2 0 PINTYPE=BI
P 92 0 320 50 320 0 2 0
A 45 320 10 0 9 3 #=AN15
L 55 320 10 0 2 0 1 0 GND_AN15
A 10 320 10 0 2 0 PINTYPE=BI
P 93 0 330 50 330 0 2 0
A 45 330 10 0 9 3 #=AN20
L 55 330 10 0 2 0 1 0 GND_AN20
A 10 330 10 0 2 0 PINTYPE=BI
P 94 0 340 50 340 0 2 0
A 45 340 10 0 9 3 #=AN25
L 55 340 10 0 2 0 1 0 GND_AN25
A 10 340 10 0 2 0 PINTYPE=BI
P 95 0 350 50 350 0 2 0
A 45 350 10 0 9 3 #=AN3
L 55 350 10 0 2 0 1 0 GND_AN3
A 10 350 10 0 2 0 PINTYPE=BI
P 96 0 360 50 360 0 2 0
A 45 360 10 0 9 3 #=AN30
L 55 360 10 0 2 0 1 0 GND_AN30
A 10 360 10 0 2 0 PINTYPE=BI
P 97 0 370 50 370 0 2 0
A 45 370 10 0 9 3 #=AN4
L 55 370 10 0 2 0 1 0 GND_AN4
A 10 370 10 0 2 0 PINTYPE=BI
P 98 0 380 50 380 0 2 0
A 45 380 10 0 9 3 #=AN7
L 55 380 10 0 2 0 1 0 GND_AN7
A 10 380 10 0 2 0 PINTYPE=BI
P 99 0 390 50 390 0 2 0
A 45 390 10 0 9 3 #=AP1
L 55 390 10 0 2 0 1 0 GND_AP1
A 10 390 10 0 2 0 PINTYPE=BI
P 100 0 400 50 400 0 2 0
A 45 400 10 0 9 3 #=AP2
L 55 400 10 0 2 0 1 0 GND_AP2
A 10 400 10 0 2 0 PINTYPE=BI
P 101 0 410 50 410 0 2 0
A 45 410 10 0 9 3 #=AP34
L 55 410 10 0 2 0 1 0 GND_AP34
A 10 410 10 0 2 0 PINTYPE=BI
P 102 0 420 50 420 0 2 0
A 45 420 10 0 9 3 #=AP5
L 55 420 10 0 2 0 1 0 GND_AP5
A 10 420 10 0 2 0 PINTYPE=BI
P 103 0 430 50 430 0 2 0
A 45 430 10 0 9 3 #=AP7
L 55 430 10 0 2 0 1 0 GND_AP7
A 10 430 10 0 2 0 PINTYPE=BI
P 104 0 440 50 440 0 2 0
A 45 440 10 0 9 3 #=B12
L 55 440 10 0 2 0 1 0 GND_B12
A 10 440 10 0 2 0 PINTYPE=BI
P 105 0 450 50 450 0 2 0
A 45 450 10 0 9 3 #=B17
L 55 450 10 0 2 0 1 0 GND_B17
A 10 450 10 0 2 0 PINTYPE=BI
P 106 0 460 50 460 0 2 0
A 45 460 10 0 9 3 #=B2
L 55 460 10 0 2 0 1 0 GND_B2
A 10 460 10 0 2 0 PINTYPE=BI
P 107 0 470 50 470 0 2 0
A 45 470 10 0 9 3 #=B22
L 55 470 10 0 2 0 1 0 GND_B22
A 10 470 10 0 2 0 PINTYPE=BI
P 108 0 480 50 480 0 2 0
A 45 480 10 0 9 3 #=B27
L 55 480 10 0 2 0 1 0 GND_B27
A 10 480 10 0 2 0 PINTYPE=BI
P 109 0 490 50 490 0 2 0
A 45 490 10 0 9 3 #=B7
L 55 490 10 0 2 0 1 0 GND_B7
A 10 490 10 0 2 0 PINTYPE=BI
P 110 0 500 50 500 0 2 0
A 45 500 10 0 9 3 #=C10
L 55 500 10 0 2 0 1 0 GND_C10
A 10 500 10 0 2 0 PINTYPE=BI
P 111 0 510 50 510 0 2 0
A 45 510 10 0 9 3 #=C15
L 55 510 10 0 2 0 1 0 GND_C15
A 10 510 10 0 2 0 PINTYPE=BI
P 112 0 520 50 520 0 2 0
A 45 520 10 0 9 3 #=C20
L 55 520 10 0 2 0 1 0 GND_C20
A 10 520 10 0 2 0 PINTYPE=BI
P 113 0 530 50 530 0 2 0
A 45 530 10 0 9 3 #=C30
L 55 530 10 0 2 0 1 0 GND_C30
A 10 530 10 0 2 0 PINTYPE=BI
P 114 0 540 50 540 0 2 0
A 45 540 10 0 9 3 #=C5
L 55 540 10 0 2 0 1 0 GND_C5
A 10 540 10 0 2 0 PINTYPE=BI
P 115 0 550 50 550 0 2 0
A 45 550 10 0 9 3 #=D18
L 55 550 10 0 2 0 1 0 GND_D18
A 10 550 10 0 2 0 PINTYPE=BI
P 116 0 560 50 560 0 2 0
A 45 560 10 0 9 3 #=D23
L 55 560 10 0 2 0 1 0 GND_D23
A 10 560 10 0 2 0 PINTYPE=BI
P 117 0 570 50 570 0 2 0
A 45 570 10 0 9 3 #=D33
L 55 570 10 0 2 0 1 0 GND_D33
A 10 570 10 0 2 0 PINTYPE=BI
P 118 0 580 50 580 0 2 0
A 45 580 10 0 9 3 #=D8
L 55 580 10 0 2 0 1 0 GND_D8
A 10 580 10 0 2 0 PINTYPE=BI
P 119 0 590 50 590 0 2 0
A 45 590 10 0 9 3 #=E11
L 55 590 10 0 2 0 1 0 GND_E11
A 10 590 10 0 2 0 PINTYPE=BI
P 120 0 600 50 600 0 2 0
A 45 600 10 0 9 3 #=E26
L 55 600 10 0 2 0 1 0 GND_E26
A 10 600 10 0 2 0 PINTYPE=BI
P 121 0 610 50 610 0 2 0
A 45 610 10 0 9 3 #=F1
L 55 610 10 0 2 0 1 0 GND_F1
A 10 610 10 0 2 0 PINTYPE=BI
P 122 0 620 50 620 0 2 0
A 45 620 10 0 9 3 #=F14
L 55 620 10 0 2 0 1 0 GND_F14
A 10 620 10 0 2 0 PINTYPE=BI
P 123 0 630 50 630 0 2 0
A 45 630 10 0 9 3 #=F19
L 55 630 10 0 2 0 1 0 GND_F19
A 10 630 10 0 2 0 PINTYPE=BI
P 124 0 640 50 640 0 2 0
A 45 640 10 0 9 3 #=F2
L 55 640 10 0 2 0 1 0 GND_F2
A 10 640 10 0 2 0 PINTYPE=BI
P 125 0 650 50 650 0 2 0
A 45 650 10 0 9 3 #=F29
L 55 650 10 0 2 0 1 0 GND_F29
A 10 650 10 0 2 0 PINTYPE=BI
P 126 0 660 50 660 0 2 0
A 45 660 10 0 9 3 #=F3
L 55 660 10 0 2 0 1 0 GND_F3
A 10 660 10 0 2 0 PINTYPE=BI
P 127 0 670 50 670 0 2 0
A 45 670 10 0 9 3 #=G17
L 55 670 10 0 2 0 1 0 GND_G17
A 10 670 10 0 2 0 PINTYPE=BI
P 128 0 680 50 680 0 2 0
A 45 680 10 0 9 3 #=G22
L 55 680 10 0 2 0 1 0 GND_G22
A 10 680 10 0 2 0 PINTYPE=BI
P 129 0 690 50 690 0 2 0
A 45 690 10 0 9 3 #=G3
L 55 690 10 0 2 0 1 0 GND_G3
A 10 690 10 0 2 0 PINTYPE=BI
P 130 0 700 50 700 0 2 0
A 45 700 10 0 9 3 #=G32
L 55 700 10 0 2 0 1 0 GND_G32
A 10 700 10 0 2 0 PINTYPE=BI
P 131 0 710 50 710 0 2 0
A 45 710 10 0 9 3 #=G4
L 55 710 10 0 2 0 1 0 GND_G4
A 10 710 10 0 2 0 PINTYPE=BI
P 132 0 720 50 720 0 2 0
A 45 720 10 0 9 3 #=G5
L 55 720 10 0 2 0 1 0 GND_G5
A 10 720 10 0 2 0 PINTYPE=BI
P 133 0 730 50 730 0 2 0
A 45 730 10 0 9 3 #=H1
L 55 730 10 0 2 0 1 0 GND_H1
A 10 730 10 0 2 0 PINTYPE=BI
P 134 0 740 50 740 0 2 0
A 45 740 10 0 9 3 #=H10
L 55 740 10 0 2 0 1 0 GND_H10
A 10 740 10 0 2 0 PINTYPE=BI
P 135 0 750 50 750 0 2 0
A 45 750 10 0 9 3 #=H2
L 55 750 10 0 2 0 1 0 GND_H2
A 10 750 10 0 2 0 PINTYPE=BI
P 136 0 760 50 760 0 2 0
A 45 760 10 0 9 3 #=H25
L 55 760 10 0 2 0 1 0 GND_H25
A 10 760 10 0 2 0 PINTYPE=BI
P 137 0 770 50 770 0 2 0
A 45 770 10 0 9 3 #=H5
L 55 770 10 0 2 0 1 0 GND_H5
A 10 770 10 0 2 0 PINTYPE=BI
P 138 0 780 50 780 0 2 0
A 45 780 10 0 9 3 #=J13
L 55 780 10 0 2 0 1 0 GND_J13
A 10 780 10 0 2 0 PINTYPE=BI
P 139 0 790 50 790 0 2 0
A 45 790 10 0 9 3 #=J18
L 55 790 10 0 2 0 1 0 GND_J18
A 10 790 10 0 2 0 PINTYPE=BI
T 220 810 20 0 5 XCZU7EVFFVC1156
T 220 830 20 0 5 BANK GND1
c 70 840 10
U 50 870 10 0 3 3 DEVICE=XXXXXX
U 50 30 16 0 3 3 REFDES=U?
U 250 30 10 0 3 3 PKG_TYPE=XXXXXX
U 0 0 10 0 3 0 HETERO=xczu7evffvc1156a_0,xczu7evffvc1156a_28,xczu7evffvc1156a_68,xczu7evffvc1156a_67,xczu7evffvc1156a_66,xczu7evffvc1156a_65,xczu7evffvc1156a_64,xczu7evffvc1156a_88,xczu7evffvc1156a_87,xczu7evffvc1156a_223,xczu7evffvc1156a_224,xczu7evffvc1156a_225,xczu7evffvc1156a_226,xczu7evffvc1156a_227,xczu7evffvc1156a_500,xczu7evffvc1156a_PS_POWER,xczu7evffvc1156a_501,xczu7evffvc1156a_502,xczu7evffvc1156a_503,xczu7evffvc1156a_504,xczu7evffvc1156a_505,xczu7evffvc1156a_GND1,xczu7evffvc1156a_GND2,xczu7evffvc1156a_MGTAVCC_R,xczu7evffvc1156a_MGTAVTT_R,xczu7evffvc1156a_MGTVCCAUX_R,xczu7evffvc1156a_PS_MGTRAVCC,xczu7evffvc1156a_PS_MGTRAVTT,xczu7evffvc1156a_VCCAUX,xczu7evffvc1156a_VCCAUX_IO,xczu7evffvc1156a_VCCBRAM,xczu7evffvc1156a_VCCINT,xczu7evffvc1156a_VCCINT_IO,xczu7evffvc1156a_VCCINT_VCU
U 0 -10 10 0 3 0 PARTS=1
U 0 -20 10 0 3 0 LEVEL=STD
U 0 -30 10 0 3 0 DATE=2016_08_09
E
