V 50
K 153165148200 xczu11egffvc1156
Y 1
D 0 0 400 500
Z 10
i 946
b 50 50 350 450
P 1 400 100 350 100 0 3 0
A 355 100 10 0 3 3 #=G29
L 345 100 10 0 8 0 1 0 PS_MIO52_G29
A 405 100 10 0 2 0 PINTYPE=BI
P 2 400 110 350 110 0 3 0
A 355 110 10 0 3 3 #=G30
L 345 110 10 0 8 0 1 0 PS_MIO53_G30
A 405 110 10 0 2 0 PINTYPE=BI
P 3 400 120 350 120 0 3 0
A 355 120 10 0 3 3 #=G31
L 345 120 10 0 8 0 1 0 PS_MIO54_G31
A 405 120 10 0 2 0 PINTYPE=BI
P 4 400 130 350 130 0 3 0
A 355 130 10 0 3 3 #=G33
L 345 130 10 0 8 0 1 0 PS_MIO55_G33
A 405 130 10 0 2 0 PINTYPE=BI
P 5 400 140 350 140 0 3 0
A 355 140 10 0 3 3 #=G34
L 345 140 10 0 8 0 1 0 PS_MIO56_G34
A 405 140 10 0 2 0 PINTYPE=BI
P 6 400 150 350 150 0 3 0
A 355 150 10 0 3 3 #=H29
L 345 150 10 0 8 0 1 0 PS_MIO57_H29
A 405 150 10 0 2 0 PINTYPE=BI
P 7 400 160 350 160 0 3 0
A 355 160 10 0 3 3 #=H31
L 345 160 10 0 8 0 1 0 PS_MIO58_H31
A 405 160 10 0 2 0 PINTYPE=BI
P 8 400 170 350 170 0 3 0
A 355 170 10 0 3 3 #=H32
L 345 170 10 0 8 0 1 0 PS_MIO59_H32
A 405 170 10 0 2 0 PINTYPE=BI
P 9 400 180 350 180 0 3 0
A 355 180 10 0 3 3 #=H33
L 345 180 10 0 8 0 1 0 PS_MIO60_H33
A 405 180 10 0 2 0 PINTYPE=BI
P 10 400 190 350 190 0 3 0
A 355 190 10 0 3 3 #=H34
L 345 190 10 0 8 0 1 0 PS_MIO61_H34
A 405 190 10 0 2 0 PINTYPE=BI
P 11 400 200 350 200 0 3 0
A 355 200 10 0 3 3 #=J29
L 345 200 10 0 8 0 1 0 PS_MIO62_J29
A 405 200 10 0 2 0 PINTYPE=BI
P 12 400 210 350 210 0 3 0
A 355 210 10 0 3 3 #=J30
L 345 210 10 0 8 0 1 0 PS_MIO63_J30
A 405 210 10 0 2 0 PINTYPE=BI
P 13 400 220 350 220 0 3 0
A 355 220 10 0 3 3 #=J31
L 345 220 10 0 8 0 1 0 PS_MIO64_J31
A 405 220 10 0 2 0 PINTYPE=BI
P 14 400 230 350 230 0 3 0
A 355 230 10 0 3 3 #=J32
L 345 230 10 0 8 0 1 0 PS_MIO65_J32
A 405 230 10 0 2 0 PINTYPE=BI
P 15 400 240 350 240 0 3 0
A 355 240 10 0 3 3 #=J34
L 345 240 10 0 8 0 1 0 PS_MIO66_J34
A 405 240 10 0 2 0 PINTYPE=BI
P 16 400 250 350 250 0 3 0
A 355 250 10 0 3 3 #=K28
L 345 250 10 0 8 0 1 0 PS_MIO67_K28
A 405 250 10 0 2 0 PINTYPE=BI
P 17 400 260 350 260 0 3 0
A 355 260 10 0 3 3 #=K29
L 345 260 10 0 8 0 1 0 PS_MIO68_K29
A 405 260 10 0 2 0 PINTYPE=BI
P 18 400 270 350 270 0 3 0
A 355 270 10 0 3 3 #=K30
L 345 270 10 0 8 0 1 0 PS_MIO69_K30
A 405 270 10 0 2 0 PINTYPE=BI
P 19 400 280 350 280 0 3 0
A 355 280 10 0 3 3 #=K31
L 345 280 10 0 8 0 1 0 PS_MIO70_K31
A 405 280 10 0 2 0 PINTYPE=BI
P 20 400 290 350 290 0 3 0
A 355 290 10 0 3 3 #=K32
L 345 290 10 0 8 0 1 0 PS_MIO71_K32
A 405 290 10 0 2 0 PINTYPE=BI
P 21 400 300 350 300 0 3 0
A 355 300 10 0 3 3 #=K33
L 345 300 10 0 8 0 1 0 PS_MIO72_K33
A 405 300 10 0 2 0 PINTYPE=BI
P 22 400 310 350 310 0 3 0
A 355 310 10 0 3 3 #=K34
L 345 310 10 0 8 0 1 0 PS_MIO73_K34
A 405 310 10 0 2 0 PINTYPE=BI
P 23 400 320 350 320 0 3 0
A 355 320 10 0 3 3 #=L29
L 345 320 10 0 8 0 1 0 PS_MIO74_L29
A 405 320 10 0 2 0 PINTYPE=BI
P 24 400 330 350 330 0 3 0
A 355 330 10 0 3 3 #=L30
L 345 330 10 0 8 0 1 0 PS_MIO75_L30
A 405 330 10 0 2 0 PINTYPE=BI
P 25 400 340 350 340 0 3 0
A 355 340 10 0 3 3 #=L33
L 345 340 10 0 8 0 1 0 PS_MIO76_L33
A 405 340 10 0 2 0 PINTYPE=BI
P 26 400 350 350 350 0 3 0
A 355 350 10 0 3 3 #=L34
L 345 350 10 0 8 0 1 0 PS_MIO77_L34
A 405 350 10 0 2 0 PINTYPE=BI
P 27 0 100 50 100 0 2 0
A 45 100 10 0 9 3 #=J33
L 55 100 10 0 2 0 1 0 VCCO_PSIO2_502_J33
A 10 100 10 0 2 0 PINTYPE=BI
P 28 0 110 50 110 0 2 0
A 45 110 10 0 9 3 #=H30
L 55 110 10 0 2 0 1 0 VCCO_PSIO2_502_H30
A 10 110 10 0 2 0 PINTYPE=BI
T 220 400 20 0 5 XCZU11EGFFVC1156
T 220 420 20 0 5 BANK 502
c 70 430 10
U 50 460 10 0 3 3 DEVICE=XXXXXX
U 50 30 16 0 3 3 REFDES=U?
U 250 30 10 0 3 3 PKG_TYPE=XXXXXX
U 0 0 10 0 3 0 HETERO=xczu11egffvc1156a_0,xczu11egffvc1156a_69,xczu11egffvc1156a_68,xczu11egffvc1156a_67,xczu11egffvc1156a_66,xczu11egffvc1156a_65,xczu11egffvc1156a_64,xczu11egffvc1156a_89,xczu11egffvc1156a_88,xczu11egffvc1156a_224,xczu11egffvc1156a_225,xczu11egffvc1156a_226,xczu11egffvc1156a_227,xczu11egffvc1156a_228,xczu11egffvc1156a_500,xczu11egffvc1156a_PS_POWER,xczu11egffvc1156a_501,xczu11egffvc1156a_502,xczu11egffvc1156a_503,xczu11egffvc1156a_504,xczu11egffvc1156a_505,xczu11egffvc1156a_GND1,xczu11egffvc1156a_GND2,xczu11egffvc1156a_MGTAVCC_R,xczu11egffvc1156a_MGTAVTT_R,xczu11egffvc1156a_MGTVCCAUX_R,xczu11egffvc1156a_PS_MGTRAVCC,xczu11egffvc1156a_PS_MGTRAVTT,xczu11egffvc1156a_VCCAUX,xczu11egffvc1156a_VCCAUX_IO,xczu11egffvc1156a_VCCBRAM,xczu11egffvc1156a_VCCINT,xczu11egffvc1156a_VCCINT_IO,xczu11egffvc1156a_NC
U 0 -10 10 0 3 0 PARTS=1
U 0 -20 10 0 3 0 LEVEL=STD
U 0 -30 10 0 3 0 DATE=2016_08_09
E
