V 50
K 153165148200 xczu3sfva625
Y 1
D 0 0 400 510
Z 10
i 946
b 50 50 350 460
P 1 400 100 350 100 0 3 0
A 355 100 10 0 3 3 #=H13
L 345 100 10 0 8 0 1 0 PS_MIO26_H13
A 405 100 10 0 2 0 PINTYPE=BI
P 2 400 110 350 110 0 3 0
A 355 110 10 0 3 3 #=G13
L 345 110 10 0 8 0 1 0 PS_MIO27_G13
A 405 110 10 0 2 0 PINTYPE=BI
P 3 400 120 350 120 0 3 0
A 355 120 10 0 3 3 #=H14
L 345 120 10 0 8 0 1 0 PS_MIO28_H14
A 405 120 10 0 2 0 PINTYPE=BI
P 4 400 130 350 130 0 3 0
A 355 130 10 0 3 3 #=B13
L 345 130 10 0 8 0 1 0 PS_MIO29_B13
A 405 130 10 0 2 0 PINTYPE=BI
P 5 400 140 350 140 0 3 0
A 355 140 10 0 3 3 #=A13
L 345 140 10 0 8 0 1 0 PS_MIO30_A13
A 405 140 10 0 2 0 PINTYPE=BI
P 6 400 150 350 150 0 3 0
A 355 150 10 0 3 3 #=C13
L 345 150 10 0 8 0 1 0 PS_MIO31_C13
A 405 150 10 0 2 0 PINTYPE=BI
P 7 400 160 350 160 0 3 0
A 355 160 10 0 3 3 #=D13
L 345 160 10 0 8 0 1 0 PS_MIO32_D13
A 405 160 10 0 2 0 PINTYPE=BI
P 8 400 170 350 170 0 3 0
A 355 170 10 0 3 3 #=F13
L 345 170 10 0 8 0 1 0 PS_MIO33_F13
A 405 170 10 0 2 0 PINTYPE=BI
P 9 400 180 350 180 0 3 0
A 355 180 10 0 3 3 #=E14
L 345 180 10 0 8 0 1 0 PS_MIO34_E14
A 405 180 10 0 2 0 PINTYPE=BI
P 10 400 190 350 190 0 3 0
A 355 190 10 0 3 3 #=F14
L 345 190 10 0 8 0 1 0 PS_MIO35_F14
A 405 190 10 0 2 0 PINTYPE=BI
P 11 400 200 350 200 0 3 0
A 355 200 10 0 3 3 #=D14
L 345 200 10 0 8 0 1 0 PS_MIO36_D14
A 405 200 10 0 2 0 PINTYPE=BI
P 12 400 210 350 210 0 3 0
A 355 210 10 0 3 3 #=H15
L 345 210 10 0 8 0 1 0 PS_MIO37_H15
A 405 210 10 0 2 0 PINTYPE=BI
P 13 400 220 350 220 0 3 0
A 355 220 10 0 3 3 #=C14
L 345 220 10 0 8 0 1 0 PS_MIO38_C14
A 405 220 10 0 2 0 PINTYPE=BI
P 14 400 230 350 230 0 3 0
A 355 230 10 0 3 3 #=A14
L 345 230 10 0 8 0 1 0 PS_MIO39_A14
A 405 230 10 0 2 0 PINTYPE=BI
P 15 400 240 350 240 0 3 0
A 355 240 10 0 3 3 #=G15
L 345 240 10 0 8 0 1 0 PS_MIO40_G15
A 405 240 10 0 2 0 PINTYPE=BI
P 16 400 250 350 250 0 3 0
A 355 250 10 0 3 3 #=A15
L 345 250 10 0 8 0 1 0 PS_MIO41_A15
A 405 250 10 0 2 0 PINTYPE=BI
P 17 400 260 350 260 0 3 0
A 355 260 10 0 3 3 #=F15
L 345 260 10 0 8 0 1 0 PS_MIO42_F15
A 405 260 10 0 2 0 PINTYPE=BI
P 18 400 270 350 270 0 3 0
A 355 270 10 0 3 3 #=B15
L 345 270 10 0 8 0 1 0 PS_MIO43_B15
A 405 270 10 0 2 0 PINTYPE=BI
P 19 400 280 350 280 0 3 0
A 355 280 10 0 3 3 #=E15
L 345 280 10 0 8 0 1 0 PS_MIO44_E15
A 405 280 10 0 2 0 PINTYPE=BI
P 20 400 290 350 290 0 3 0
A 355 290 10 0 3 3 #=H16
L 345 290 10 0 8 0 1 0 PS_MIO45_H16
A 405 290 10 0 2 0 PINTYPE=BI
P 21 400 300 350 300 0 3 0
A 355 300 10 0 3 3 #=C15
L 345 300 10 0 8 0 1 0 PS_MIO46_C15
A 405 300 10 0 2 0 PINTYPE=BI
P 22 400 310 350 310 0 3 0
A 355 310 10 0 3 3 #=B16
L 345 310 10 0 8 0 1 0 PS_MIO47_B16
A 405 310 10 0 2 0 PINTYPE=BI
P 23 400 320 350 320 0 3 0
A 355 320 10 0 3 3 #=C16
L 345 320 10 0 8 0 1 0 PS_MIO48_C16
A 405 320 10 0 2 0 PINTYPE=BI
P 24 400 330 350 330 0 3 0
A 355 330 10 0 3 3 #=G16
L 345 330 10 0 8 0 1 0 PS_MIO49_G16
A 405 330 10 0 2 0 PINTYPE=BI
P 25 400 340 350 340 0 3 0
A 355 340 10 0 3 3 #=E16
L 345 340 10 0 8 0 1 0 PS_MIO50_E16
A 405 340 10 0 2 0 PINTYPE=BI
P 26 400 350 350 350 0 3 0
A 355 350 10 0 3 3 #=D16
L 345 350 10 0 8 0 1 0 PS_MIO51_D16
A 405 350 10 0 2 0 PINTYPE=BI
P 27 0 100 50 100 0 2 0
A 45 100 10 0 9 3 #=G14
L 55 100 10 0 2 0 1 0 VCCO_PSIO1_501_G14
A 10 100 10 0 2 0 PINTYPE=BI
P 28 0 110 50 110 0 2 0
A 45 110 10 0 9 3 #=E13
L 55 110 10 0 2 0 1 0 VCCO_PSIO1_501_E13
A 10 110 10 0 2 0 PINTYPE=BI
P 29 0 120 50 120 0 2 0
A 45 120 10 0 9 3 #=D15
L 55 120 10 0 2 0 1 0 VCCO_PSIO1_501_D15
A 10 120 10 0 2 0 PINTYPE=BI
T 220 370 20 0 5 XCZU3SFVA625
T 220 390 20 0 5 BANK 501
c 70 440 10
U 50 470 10 0 3 3 DEVICE=XXXXXX
U 50 30 16 0 3 3 REFDES=U?
U 250 30 10 0 3 3 PKG_TYPE=XXXXXX
U 0 0 10 0 3 0 HETERO=xczu3sfva625b_0,xczu3sfva625b_26,xczu3sfva625b_66,xczu3sfva625b_65,xczu3sfva625b_64,xczu3sfva625b_500,xczu3sfva625b_501,xczu3sfva625b_502,xczu3sfva625b_503,xczu3sfva625b_504,xczu3sfva625b_505,xczu3sfva625b_GND,xczu3sfva625b_PS_POWER,xczu3sfva625b_PS_MGTRAVCC,xczu3sfva625b_PS_MGTRAVTT,xczu3sfva625b_VCCAUX,xczu3sfva625b_VCCAUX_IO,xczu3sfva625b_VCCBRAM,xczu3sfva625b_VCCINT,xczu3sfva625b_VCCINT_IO
U 0 -10 10 0 3 0 PARTS=1
U 0 -20 10 0 3 0 LEVEL=STD
U 0 -30 10 0 3 0 DATE=2016_01_12
E
