V 50
K 153165148200 xczu3sbva484
Y 1
D 0 0 400 1190
Z 10
i 946
b 50 50 350 1140
P 1 400 100 350 100 0 3 0
A 355 100 10 0 3 3 #=A1
L 345 100 10 0 8 0 1 0 GND_A1
A 405 100 10 0 2 0 PINTYPE=BI
P 2 400 110 350 110 0 3 0
A 355 110 10 0 3 3 #=A10
L 345 110 10 0 8 0 1 0 GND_A10
A 405 110 10 0 2 0 PINTYPE=BI
P 3 400 120 350 120 0 3 0
A 355 120 10 0 3 3 #=A15
L 345 120 10 0 8 0 1 0 GND_A15
A 405 120 10 0 2 0 PINTYPE=BI
P 4 400 130 350 130 0 3 0
A 355 130 10 0 3 3 #=A18
L 345 130 10 0 8 0 1 0 GND_A18
A 405 130 10 0 2 0 PINTYPE=BI
P 5 400 140 350 140 0 3 0
A 355 140 10 0 3 3 #=A22
L 345 140 10 0 8 0 1 0 GND_A22
A 405 140 10 0 2 0 PINTYPE=BI
P 6 400 150 350 150 0 3 0
A 355 150 10 0 3 3 #=A5
L 345 150 10 0 8 0 1 0 GND_A5
A 405 150 10 0 2 0 PINTYPE=BI
P 7 400 160 350 160 0 3 0
A 355 160 10 0 3 3 #=AA10
L 345 160 10 0 8 0 1 0 GND_AA10
A 405 160 10 0 2 0 PINTYPE=BI
P 8 400 170 350 170 0 3 0
A 355 170 10 0 3 3 #=AA15
L 345 170 10 0 8 0 1 0 GND_AA15
A 405 170 10 0 2 0 PINTYPE=BI
P 9 400 180 350 180 0 3 0
A 355 180 10 0 3 3 #=AA20
L 345 180 10 0 8 0 1 0 GND_AA20
A 405 180 10 0 2 0 PINTYPE=BI
P 10 400 190 350 190 0 3 0
A 355 190 10 0 3 3 #=AB1
L 345 190 10 0 8 0 1 0 GND_AB1
A 405 190 10 0 2 0 PINTYPE=BI
P 11 400 200 350 200 0 3 0
A 355 200 10 0 3 3 #=AB13
L 345 200 10 0 8 0 1 0 GND_AB13
A 405 200 10 0 2 0 PINTYPE=BI
P 12 400 210 350 210 0 3 0
A 355 210 10 0 3 3 #=AB22
L 345 210 10 0 8 0 1 0 GND_AB22
A 405 210 10 0 2 0 PINTYPE=BI
P 13 400 220 350 220 0 3 0
A 355 220 10 0 3 3 #=AB3
L 345 220 10 0 8 0 1 0 GND_AB3
A 405 220 10 0 2 0 PINTYPE=BI
P 14 400 230 350 230 0 3 0
A 355 230 10 0 3 3 #=AB8
L 345 230 10 0 8 0 1 0 GND_AB8
A 405 230 10 0 2 0 PINTYPE=BI
P 15 400 240 350 240 0 3 0
A 355 240 10 0 3 3 #=B13
L 345 240 10 0 8 0 1 0 GND_B13
A 405 240 10 0 2 0 PINTYPE=BI
P 16 400 250 350 250 0 3 0
A 355 250 10 0 3 3 #=B20
L 345 250 10 0 8 0 1 0 GND_B20
A 405 250 10 0 2 0 PINTYPE=BI
P 17 400 260 350 260 0 3 0
A 355 260 10 0 3 3 #=C1
L 345 260 10 0 8 0 1 0 GND_C1
A 405 260 10 0 2 0 PINTYPE=BI
P 18 400 270 350 270 0 3 0
A 355 270 10 0 3 3 #=C18
L 345 270 10 0 8 0 1 0 GND_C18
A 405 270 10 0 2 0 PINTYPE=BI
P 19 400 280 350 280 0 3 0
A 355 280 10 0 3 3 #=C21
L 345 280 10 0 8 0 1 0 GND_C21
A 405 280 10 0 2 0 PINTYPE=BI
P 20 400 290 350 290 0 3 0
A 355 290 10 0 3 3 #=C22
L 345 290 10 0 8 0 1 0 GND_C22
A 405 290 10 0 2 0 PINTYPE=BI
P 21 400 300 350 300 0 3 0
A 355 300 10 0 3 3 #=C6
L 345 300 10 0 8 0 1 0 GND_C6
A 405 300 10 0 2 0 PINTYPE=BI
P 22 400 310 350 310 0 3 0
A 355 310 10 0 3 3 #=D20
L 345 310 10 0 8 0 1 0 GND_D20
A 405 310 10 0 2 0 PINTYPE=BI
P 23 400 320 350 320 0 3 0
A 355 320 10 0 3 3 #=D4
L 345 320 10 0 8 0 1 0 GND_D4
A 405 320 10 0 2 0 PINTYPE=BI
P 24 400 330 350 330 0 3 0
A 355 330 10 0 3 3 #=D9
L 345 330 10 0 8 0 1 0 GND_D9
A 405 330 10 0 2 0 PINTYPE=BI
P 25 400 340 350 340 0 3 0
A 355 340 10 0 3 3 #=E12
L 345 340 10 0 8 0 1 0 GND_E12
A 405 340 10 0 2 0 PINTYPE=BI
P 26 400 350 350 350 0 3 0
A 355 350 10 0 3 3 #=E17
L 345 350 10 0 8 0 1 0 GND_E17
A 405 350 10 0 2 0 PINTYPE=BI
P 27 400 360 350 360 0 3 0
A 355 360 10 0 3 3 #=E18
L 345 360 10 0 8 0 1 0 GND_E18
A 405 360 10 0 2 0 PINTYPE=BI
P 28 400 370 350 370 0 3 0
A 355 370 10 0 3 3 #=E2
L 345 370 10 0 8 0 1 0 GND_E2
A 405 370 10 0 2 0 PINTYPE=BI
P 29 400 380 350 380 0 3 0
A 355 380 10 0 3 3 #=E21
L 345 380 10 0 8 0 1 0 GND_E21
A 405 380 10 0 2 0 PINTYPE=BI
P 30 400 390 350 390 0 3 0
A 355 390 10 0 3 3 #=E22
L 345 390 10 0 8 0 1 0 GND_E22
A 405 390 10 0 2 0 PINTYPE=BI
P 31 400 400 350 400 0 3 0
A 355 400 10 0 3 3 #=F15
L 345 400 10 0 8 0 1 0 GND_F15
A 405 400 10 0 2 0 PINTYPE=BI
P 32 400 410 350 410 0 3 0
A 355 410 10 0 3 3 #=F20
L 345 410 10 0 8 0 1 0 GND_F20
A 405 410 10 0 2 0 PINTYPE=BI
P 33 400 420 350 420 0 3 0
A 355 420 10 0 3 3 #=F5
L 345 420 10 0 8 0 1 0 GND_F5
A 405 420 10 0 2 0 PINTYPE=BI
P 34 400 430 350 430 0 3 0
A 355 430 10 0 3 3 #=G18
L 345 430 10 0 8 0 1 0 GND_G18
A 405 430 10 0 2 0 PINTYPE=BI
P 35 400 440 350 440 0 3 0
A 355 440 10 0 3 3 #=G21
L 345 440 10 0 8 0 1 0 GND_G21
A 405 440 10 0 2 0 PINTYPE=BI
P 36 400 450 350 450 0 3 0
A 355 450 10 0 3 3 #=G22
L 345 450 10 0 8 0 1 0 GND_G22
A 405 450 10 0 2 0 PINTYPE=BI
P 37 400 460 350 460 0 3 0
A 355 460 10 0 3 3 #=G8
L 345 460 10 0 8 0 1 0 GND_G8
A 405 460 10 0 2 0 PINTYPE=BI
P 38 400 470 350 470 0 3 0
A 355 470 10 0 3 3 #=H1
L 345 470 10 0 8 0 1 0 GND_H1
A 405 470 10 0 2 0 PINTYPE=BI
P 39 400 480 350 480 0 3 0
A 355 480 10 0 3 3 #=H11
L 345 480 10 0 8 0 1 0 GND_H11
A 405 480 10 0 2 0 PINTYPE=BI
P 40 400 490 350 490 0 3 0
A 355 490 10 0 3 3 #=H20
L 345 490 10 0 8 0 1 0 GND_H20
A 405 490 10 0 2 0 PINTYPE=BI
P 41 400 500 350 500 0 3 0
A 355 500 10 0 3 3 #=H6
L 345 500 10 0 8 0 1 0 GND_H6
A 405 500 10 0 2 0 PINTYPE=BI
P 42 400 510 350 510 0 3 0
A 355 510 10 0 3 3 #=H9
L 345 510 10 0 8 0 1 0 GND_H9
A 405 510 10 0 2 0 PINTYPE=BI
P 43 400 520 350 520 0 3 0
A 355 520 10 0 3 3 #=J10
L 345 520 10 0 8 0 1 0 GND_J10
A 405 520 10 0 2 0 PINTYPE=BI
P 44 400 530 350 530 0 3 0
A 355 530 10 0 3 3 #=J14
L 345 530 10 0 8 0 1 0 GND_J14
A 405 530 10 0 2 0 PINTYPE=BI
P 45 400 540 350 540 0 3 0
A 355 540 10 0 3 3 #=J18
L 345 540 10 0 8 0 1 0 GND_J18
A 405 540 10 0 2 0 PINTYPE=BI
P 46 400 550 350 550 0 3 0
A 355 550 10 0 3 3 #=J21
L 345 550 10 0 8 0 1 0 GND_J21
A 405 550 10 0 2 0 PINTYPE=BI
P 47 400 560 350 560 0 3 0
A 355 560 10 0 3 3 #=J22
L 345 560 10 0 8 0 1 0 GND_J22
A 405 560 10 0 2 0 PINTYPE=BI
P 48 400 570 350 570 0 3 0
A 355 570 10 0 3 3 #=J4
L 345 570 10 0 8 0 1 0 GND_J4
A 405 570 10 0 2 0 PINTYPE=BI
P 49 400 580 350 580 0 3 0
A 355 580 10 0 3 3 #=J8
L 345 580 10 0 8 0 1 0 GND_J8
A 405 580 10 0 2 0 PINTYPE=BI
P 50 400 590 350 590 0 3 0
A 355 590 10 0 3 3 #=K11
L 345 590 10 0 8 0 1 0 GND_K11
A 405 590 10 0 2 0 PINTYPE=BI
P 51 400 600 350 600 0 3 0
A 355 600 10 0 3 3 #=K17
L 345 600 10 0 8 0 1 0 GND_K17
A 405 600 10 0 2 0 PINTYPE=BI
P 52 400 610 350 610 0 3 0
A 355 610 10 0 3 3 #=K20
L 345 610 10 0 8 0 1 0 GND_K20
A 405 610 10 0 2 0 PINTYPE=BI
P 53 400 620 350 620 0 3 0
A 355 620 10 0 3 3 #=K7
L 345 620 10 0 8 0 1 0 GND_K7
A 405 620 10 0 2 0 PINTYPE=BI
P 54 400 630 350 630 0 3 0
A 355 630 10 0 3 3 #=L15
L 345 630 10 0 8 0 1 0 GND_L15
A 405 630 10 0 2 0 PINTYPE=BI
P 55 400 640 350 640 0 3 0
A 355 640 10 0 3 3 #=L18
L 345 640 10 0 8 0 1 0 GND_L18
A 405 640 10 0 2 0 PINTYPE=BI
P 56 400 650 350 650 0 3 0
A 355 650 10 0 3 3 #=L21
L 345 650 10 0 8 0 1 0 GND_L21
A 405 650 10 0 2 0 PINTYPE=BI
P 57 400 660 350 660 0 3 0
A 355 660 10 0 3 3 #=L22
L 345 660 10 0 8 0 1 0 GND_L22
A 405 660 10 0 2 0 PINTYPE=BI
P 58 400 670 350 670 0 3 0
A 355 670 10 0 3 3 #=L5
L 345 670 10 0 8 0 1 0 GND_L5
A 405 670 10 0 2 0 PINTYPE=BI
P 59 400 680 350 680 0 3 0
A 355 680 10 0 3 3 #=L8
L 345 680 10 0 8 0 1 0 GND_L8
A 405 680 10 0 2 0 PINTYPE=BI
P 60 400 690 350 690 0 3 0
A 355 690 10 0 3 3 #=M11
L 345 690 10 0 8 0 1 0 GND_M11
A 405 690 10 0 2 0 PINTYPE=BI
P 61 400 700 350 700 0 3 0
A 355 700 10 0 3 3 #=M13
L 345 700 10 0 8 0 1 0 GND_M13
A 405 700 10 0 2 0 PINTYPE=BI
P 62 400 710 350 710 0 3 0
A 355 710 10 0 3 3 #=M18
L 345 710 10 0 8 0 1 0 GND_M18
A 405 710 10 0 2 0 PINTYPE=BI
P 63 400 720 350 720 0 3 0
A 355 720 10 0 3 3 #=M19
L 345 720 10 0 8 0 1 0 GND_M19
A 405 720 10 0 2 0 PINTYPE=BI
P 64 400 730 350 730 0 3 0
A 355 730 10 0 3 3 #=M3
L 345 730 10 0 8 0 1 0 GND_M3
A 405 730 10 0 2 0 PINTYPE=BI
P 65 400 740 350 740 0 3 0
A 355 740 10 0 3 3 #=N1
L 345 740 10 0 8 0 1 0 GND_N1
A 405 740 10 0 2 0 PINTYPE=BI
P 66 400 750 350 750 0 3 0
A 355 750 10 0 3 3 #=N16
L 345 750 10 0 8 0 1 0 GND_N16
A 405 750 10 0 2 0 PINTYPE=BI
P 67 400 760 350 760 0 3 0
A 355 760 10 0 3 3 #=N20
L 345 760 10 0 8 0 1 0 GND_N20
A 405 760 10 0 2 0 PINTYPE=BI
P 68 400 770 350 770 0 3 0
A 355 770 10 0 3 3 #=N21
L 345 770 10 0 8 0 1 0 GND_N21
A 405 770 10 0 2 0 PINTYPE=BI
P 69 400 780 350 780 0 3 0
A 355 780 10 0 3 3 #=N22
L 345 780 10 0 8 0 1 0 GND_N22
A 405 780 10 0 2 0 PINTYPE=BI
P 70 400 790 350 790 0 3 0
A 355 790 10 0 3 3 #=N6
L 345 790 10 0 8 0 1 0 GND_N6
A 405 790 10 0 2 0 PINTYPE=BI
P 71 400 800 350 800 0 3 0
A 355 800 10 0 3 3 #=N8
L 345 800 10 0 8 0 1 0 GND_N8
A 405 800 10 0 2 0 PINTYPE=BI
P 72 400 810 350 810 0 3 0
A 355 810 10 0 3 3 #=P11
L 345 810 10 0 8 0 1 0 GND_P11
A 405 810 10 0 2 0 PINTYPE=BI
P 73 400 820 350 820 0 3 0
A 355 820 10 0 3 3 #=P14
L 345 820 10 0 8 0 1 0 GND_P14
A 405 820 10 0 2 0 PINTYPE=BI
P 74 400 830 350 830 0 3 0
A 355 830 10 0 3 3 #=P7
L 345 830 10 0 8 0 1 0 GND_P7
A 405 830 10 0 2 0 PINTYPE=BI
P 75 400 840 350 840 0 3 0
A 355 840 10 0 3 3 #=P9
L 345 840 10 0 8 0 1 0 GND_P9
A 405 840 10 0 2 0 PINTYPE=BI
P 76 400 850 350 850 0 3 0
A 355 850 10 0 3 3 #=R10
L 345 850 10 0 8 0 1 0 GND_R10
A 405 850 10 0 2 0 PINTYPE=BI
P 77 400 860 350 860 0 3 0
A 355 860 10 0 3 3 #=R12
L 345 860 10 0 8 0 1 0 GND_R12
A 405 860 10 0 2 0 PINTYPE=BI
P 78 400 870 350 870 0 3 0
A 355 870 10 0 3 3 #=R17
L 345 870 10 0 8 0 1 0 GND_R17
A 405 870 10 0 2 0 PINTYPE=BI
P 79 400 880 350 880 0 3 0
A 355 880 10 0 3 3 #=R2
L 345 880 10 0 8 0 1 0 GND_R2
A 405 880 10 0 2 0 PINTYPE=BI
P 80 400 890 350 890 0 3 0
A 355 890 10 0 3 3 #=R22
L 345 890 10 0 8 0 1 0 GND_R22
A 405 890 10 0 2 0 PINTYPE=BI
P 81 400 900 350 900 0 3 0
A 355 900 10 0 3 3 #=R8
L 345 900 10 0 8 0 1 0 GND_R8
A 405 900 10 0 2 0 PINTYPE=BI
P 82 400 910 350 910 0 3 0
A 355 910 10 0 3 3 #=T11
L 345 910 10 0 8 0 1 0 GND_T11
A 405 910 10 0 2 0 PINTYPE=BI
P 83 400 920 350 920 0 3 0
A 355 920 10 0 3 3 #=T15
L 345 920 10 0 8 0 1 0 GND_T15
A 405 920 10 0 2 0 PINTYPE=BI
P 84 400 930 350 930 0 3 0
A 355 930 10 0 3 3 #=T5
L 345 930 10 0 8 0 1 0 GND_T5
A 405 930 10 0 2 0 PINTYPE=BI
P 85 400 940 350 940 0 3 0
A 355 940 10 0 3 3 #=U13
L 345 940 10 0 8 0 1 0 GND_U13
A 405 940 10 0 2 0 PINTYPE=BI
P 86 400 950 350 950 0 3 0
A 355 950 10 0 3 3 #=U18
L 345 950 10 0 8 0 1 0 GND_U18
A 405 950 10 0 2 0 PINTYPE=BI
P 87 400 960 350 960 0 3 0
A 355 960 10 0 3 3 #=U3
L 345 960 10 0 8 0 1 0 GND_U3
A 405 960 10 0 2 0 PINTYPE=BI
P 88 400 970 350 970 0 3 0
A 355 970 10 0 3 3 #=U8
L 345 970 10 0 8 0 1 0 GND_U8
A 405 970 10 0 2 0 PINTYPE=BI
P 89 400 980 350 980 0 3 0
A 355 980 10 0 3 3 #=V1
L 345 980 10 0 8 0 1 0 GND_V1
A 405 980 10 0 2 0 PINTYPE=BI
P 90 400 990 350 990 0 3 0
A 355 990 10 0 3 3 #=V11
L 345 990 10 0 8 0 1 0 GND_V11
A 405 990 10 0 2 0 PINTYPE=BI
P 91 400 1000 350 1000 0 3 0
A 355 1000 10 0 3 3 #=W14
L 345 1000 10 0 8 0 1 0 GND_W14
A 405 1000 10 0 2 0 PINTYPE=BI
P 92 400 1010 350 1010 0 3 0
A 355 1010 10 0 3 3 #=W19
L 345 1010 10 0 8 0 1 0 GND_W19
A 405 1010 10 0 2 0 PINTYPE=BI
P 93 400 1020 350 1020 0 3 0
A 355 1020 10 0 3 3 #=W4
L 345 1020 10 0 8 0 1 0 GND_W4
A 405 1020 10 0 2 0 PINTYPE=BI
P 94 400 1030 350 1030 0 3 0
A 355 1030 10 0 3 3 #=W9
L 345 1030 10 0 8 0 1 0 GND_W9
A 405 1030 10 0 2 0 PINTYPE=BI
P 95 400 1040 350 1040 0 3 0
A 355 1040 10 0 3 3 #=Y12
L 345 1040 10 0 8 0 1 0 GND_Y12
A 405 1040 10 0 2 0 PINTYPE=BI
P 96 400 1050 350 1050 0 3 0
A 355 1050 10 0 3 3 #=Y2
L 345 1050 10 0 8 0 1 0 GND_Y2
A 405 1050 10 0 2 0 PINTYPE=BI
P 97 400 1060 350 1060 0 3 0
A 355 1060 10 0 3 3 #=Y7
L 345 1060 10 0 8 0 1 0 GND_Y7
A 405 1060 10 0 2 0 PINTYPE=BI
T 220 1080 20 0 5 XCZU3SBVA484
T 220 1100 20 0 5 BANK GND
c 70 1120 10
U 50 1150 10 0 3 3 DEVICE=XXXXXX
U 50 30 16 0 3 3 REFDES=U?
U 250 30 10 0 3 3 PKG_TYPE=XXXXXX
U 0 0 10 0 3 0 HETERO=xczu3sbva484b_0,xczu3sbva484b_26,xczu3sbva484b_66,xczu3sbva484b_65,xczu3sbva484b_500,xczu3sbva484b_501,xczu3sbva484b_502,xczu3sbva484b_503,xczu3sbva484b_504,xczu3sbva484b_505,xczu3sbva484b_GND,xczu3sbva484b_PS_POWER,xczu3sbva484b_PS_MGTRAVCC,xczu3sbva484b_PS_MGTRAVTT,xczu3sbva484b_VCCAUX,xczu3sbva484b_VCCAUX_IO,xczu3sbva484b_VCCBRAM,xczu3sbva484b_VCCINT,xczu3sbva484b_VCCINT_IO
U 0 -10 10 0 3 0 PARTS=1
U 0 -20 10 0 3 0 LEVEL=STD
U 0 -30 10 0 3 0 DATE=2016_01_29
E
