V 51
K 190028858000 xtal_32khz
|R 23:08_4-23-12
Y 1
D 0 0 90 70
Z 10
i 10
U 0 -120 10 0 3 0 LEVEL=STD
U 0 -110 10 0 3 0 PARTS=1
U 0 50 10 0 3 0 PKG_TYPE=SOJ_4
U 0 -70 10 0 3 0 DEVICE=MC_306
U 45 0 10 0 3 3 TOLERANCE=100PPM
U 20 -10 16 0 6 3 REFDES=X?
U 10 60 10 0 3 3 VALUE=32.768_KHZ
P 8 90 50 80 50 0 3 0
A 100 50 10 0 9 0 PINTYPE=BI
L 60 45 10 0 3 0 0 0 NC_2
A 87 49 10 0 9 3 #=2
P 9 90 20 80 20 0 3 0
L 60 15 10 0 3 0 0 0 NC_3
A 100 20 10 0 9 0 PINTYPE=BI
A 87 19 10 0 9 3 #=3
P 3 0 20 10 20 0 2 0
A 3 19 10 0 3 3 #=4
L 25 10 10 0 9 0 1 0 X2
A -15 0 10 0 7 0 PINTYPE=BI
P 1 0 50 10 50 0 2 0
A -15 30 10 0 7 0 PINTYPE=BI
L 25 50 10 0 9 0 1 0 X1
A 3 49 10 0 3 3 #=1
T 65 15 10 0 3 NC
Q 15 0 0
l 2 30 20 10 20
b 30 30 60 40
l 2 55 25 35 25
l 2 55 45 35 45
l 4 45 45 45 45 45 50 30 50
l 4 45 25 45 25 45 20 30 20
l 2 30 50 10 50
b 10 10 80 60
T 65 45 10 0 3 NC
Q 15 0 0
E
