V 50
K 153165148200 zu19ffve1924
Y 1
D 0 0 400 510
Z 10
i 946
b 50 50 350 460
P 1 400 100 350 100 0 3 0
A 355 100 10 0 3 3 #=BD25
L 345 100 10 0 8 0 1 0 PS_MIO0_BD25
A 405 100 10 0 2 0 PINTYPE=BI
P 2 400 110 350 110 0 3 0
A 355 110 10 0 3 3 #=AW25
L 345 110 10 0 8 0 1 0 PS_MIO1_AW25
A 405 110 10 0 2 0 PINTYPE=BI
P 3 400 120 350 120 0 3 0
A 355 120 10 0 3 3 #=BB25
L 345 120 10 0 8 0 1 0 PS_MIO2_BB25
A 405 120 10 0 2 0 PINTYPE=BI
P 4 400 130 350 130 0 3 0
A 355 130 10 0 3 3 #=BA25
L 345 130 10 0 8 0 1 0 PS_MIO3_BA25
A 405 130 10 0 2 0 PINTYPE=BI
P 5 400 140 350 140 0 3 0
A 355 140 10 0 3 3 #=AY25
L 345 140 10 0 8 0 1 0 PS_MIO4_AY25
A 405 140 10 0 2 0 PINTYPE=BI
P 6 400 150 350 150 0 3 0
A 355 150 10 0 3 3 #=BD26
L 345 150 10 0 8 0 1 0 PS_MIO5_BD26
A 405 150 10 0 2 0 PINTYPE=BI
P 7 400 160 350 160 0 3 0
A 355 160 10 0 3 3 #=BC26
L 345 160 10 0 8 0 1 0 PS_MIO6_BC26
A 405 160 10 0 2 0 PINTYPE=BI
P 8 400 170 350 170 0 3 0
A 355 170 10 0 3 3 #=BB26
L 345 170 10 0 8 0 1 0 PS_MIO7_BB26
A 405 170 10 0 2 0 PINTYPE=BI
P 9 400 180 350 180 0 3 0
A 355 180 10 0 3 3 #=BB27
L 345 180 10 0 8 0 1 0 PS_MIO8_BB27
A 405 180 10 0 2 0 PINTYPE=BI
P 10 400 190 350 190 0 3 0
A 355 190 10 0 3 3 #=BC27
L 345 190 10 0 8 0 1 0 PS_MIO9_BC27
A 405 190 10 0 2 0 PINTYPE=BI
P 11 400 200 350 200 0 3 0
A 355 200 10 0 3 3 #=AY26
L 345 200 10 0 8 0 1 0 PS_MIO10_AY26
A 405 200 10 0 2 0 PINTYPE=BI
P 12 400 210 350 210 0 3 0
A 355 210 10 0 3 3 #=BA27
L 345 210 10 0 8 0 1 0 PS_MIO11_BA27
A 405 210 10 0 2 0 PINTYPE=BI
P 13 400 220 350 220 0 3 0
A 355 220 10 0 3 3 #=AW26
L 345 220 10 0 8 0 1 0 PS_MIO12_AW26
A 405 220 10 0 2 0 PINTYPE=BI
P 14 400 230 350 230 0 3 0
A 355 230 10 0 3 3 #=AL25
L 345 230 10 0 8 0 1 0 PS_MIO13_AL25
A 405 230 10 0 2 0 PINTYPE=BI
P 15 400 240 350 240 0 3 0
A 355 240 10 0 3 3 #=AP25
L 345 240 10 0 8 0 1 0 PS_MIO14_AP25
A 405 240 10 0 2 0 PINTYPE=BI
P 16 400 250 350 250 0 3 0
A 355 250 10 0 3 3 #=AM25
L 345 250 10 0 8 0 1 0 PS_MIO15_AM25
A 405 250 10 0 2 0 PINTYPE=BI
P 17 400 260 350 260 0 3 0
A 355 260 10 0 3 3 #=AR25
L 345 260 10 0 8 0 1 0 PS_MIO16_AR25
A 405 260 10 0 2 0 PINTYPE=BI
P 18 400 270 350 270 0 3 0
A 355 270 10 0 3 3 #=AT25
L 345 270 10 0 8 0 1 0 PS_MIO17_AT25
A 405 270 10 0 2 0 PINTYPE=BI
P 19 400 280 350 280 0 3 0
A 355 280 10 0 3 3 #=AM24
L 345 280 10 0 8 0 1 0 PS_MIO18_AM24
A 405 280 10 0 2 0 PINTYPE=BI
P 20 400 290 350 290 0 3 0
A 355 290 10 0 3 3 #=AK25
L 345 290 10 0 8 0 1 0 PS_MIO19_AK25
A 405 290 10 0 2 0 PINTYPE=BI
P 21 400 300 350 300 0 3 0
A 355 300 10 0 3 3 #=AR26
L 345 300 10 0 8 0 1 0 PS_MIO20_AR26
A 405 300 10 0 2 0 PINTYPE=BI
P 22 400 310 350 310 0 3 0
A 355 310 10 0 3 3 #=AL24
L 345 310 10 0 8 0 1 0 PS_MIO21_AL24
A 405 310 10 0 2 0 PINTYPE=BI
P 23 400 320 350 320 0 3 0
A 355 320 10 0 3 3 #=AU26
L 345 320 10 0 8 0 1 0 PS_MIO22_AU26
A 405 320 10 0 2 0 PINTYPE=BI
P 24 400 330 350 330 0 3 0
A 355 330 10 0 3 3 #=AN24
L 345 330 10 0 8 0 1 0 PS_MIO23_AN24
A 405 330 10 0 2 0 PINTYPE=BI
P 25 400 340 350 340 0 3 0
A 355 340 10 0 3 3 #=AV26
L 345 340 10 0 8 0 1 0 PS_MIO24_AV26
A 405 340 10 0 2 0 PINTYPE=BI
P 26 400 350 350 350 0 3 0
A 355 350 10 0 3 3 #=AU25
L 345 350 10 0 8 0 1 0 PS_MIO25_AU25
A 405 350 10 0 2 0 PINTYPE=BI
P 27 0 100 50 100 0 2 0
A 45 100 10 0 9 3 #=BA26
L 55 100 10 0 2 0 1 0 VCCO_PSIO0_500_BA26
A 10 100 10 0 2 0 PINTYPE=BI
P 28 0 110 50 110 0 2 0
A 45 110 10 0 9 3 #=AV25
L 55 110 10 0 2 0 1 0 VCCO_PSIO0_500_AV25
A 10 110 10 0 2 0 PINTYPE=BI
P 29 0 120 50 120 0 2 0
A 45 120 10 0 9 3 #=AR24
L 55 120 10 0 2 0 1 0 VCCO_PSIO0_500_AR24
A 10 120 10 0 2 0 PINTYPE=BI
T 220 410 20 0 5 XCZU19EGFFVE1924
T 220 430 20 0 5 BANK 500_H
c 70 440 10
U 50 470 10 0 3 3 DEVICE=XXXXXX
U 50 30 16 0 3 3 REFDES=U?
U 250 30 10 0 3 3 PKG_TYPE=XXXXXX
U 0 0 10 0 3 0 HETERO=zu19ffve1924a_0_H,zu19ffve1924a_74_H,zu19ffve1924a_73_H,zu19ffve1924a_72_H,zu19ffve1924a_71_H,zu19ffve1924a_70_H,zu19ffve1924a_69_H,zu19ffve1924a_68_H,zu19ffve1924a_67_H,zu19ffve1924a_66_H,zu19ffve1924a_65_H,zu19ffve1924a_64_H,zu19ffve1924a_94_H,zu19ffve1924a_93_H,zu19ffve1924a_91_H,zu19ffve1924a_90_H,zu19ffve1924a_500_H,zu19ffve1924a_501_H,zu19ffve1924a_502_H,zu19ffve1924a_503_H,zu19ffve1924a_GND_H
U 0 -10 10 0 3 0 PARTS=1
U 0 -20 10 0 3 0 LEVEL=STD
U 0 -30 10 0 3 0 DATE=2016_05_26
E
