V 50
K 153165148200 zu19d1760
Y 1
D 0 0 400 780
Z 10
i 946
b 50 50 350 730
P 1 0 100 50 100 0 2 0
A 45 100 10 0 9 3 #=AY13
L 55 100 10 0 2 0 1 0 VCCO_66_AY13
A 10 100 10 0 2 0 PINTYPE=BI
P 2 0 110 50 110 0 2 0
A 45 110 10 0 9 3 #=AU14
L 55 110 10 0 2 0 1 0 VCCO_66_AU14
A 10 110 10 0 2 0 PINTYPE=BI
P 3 0 120 50 120 0 2 0
A 45 120 10 0 9 3 #=AP15
L 55 120 10 0 2 0 1 0 VCCO_66_AP15
A 10 120 10 0 2 0 PINTYPE=BI
P 4 400 100 350 100 0 3 0
A 355 100 10 0 3 3 #=AH15
L 345 100 10 0 8 0 1 0 VREF_66_AH15
A 405 100 10 0 2 0 PINTYPE=BI
P 5 400 110 350 110 0 3 0
A 355 110 10 0 3 3 #=BA15
L 345 110 10 0 8 0 1 0 IO_L1P_T0L_N0_DBC_66_BA15
A 405 110 10 0 2 0 PINTYPE=BI
P 6 400 120 350 120 0 3 0
A 355 120 10 0 3 3 #=BB15
L 345 120 10 0 8 0 1 0 IO_L1N_T0L_N1_DBC_66_BB15
A 405 120 10 0 2 0 PINTYPE=BI
P 7 400 130 350 130 0 3 0
A 355 130 10 0 3 3 #=BA12
L 345 130 10 0 8 0 1 0 IO_L2P_T0L_N2_66_BA12
A 405 130 10 0 2 0 PINTYPE=BI
P 8 400 140 350 140 0 3 0
A 355 140 10 0 3 3 #=BB11
L 345 140 10 0 8 0 1 0 IO_L2N_T0L_N3_66_BB11
A 405 140 10 0 2 0 PINTYPE=BI
P 9 400 150 350 150 0 3 0
A 355 150 10 0 3 3 #=BB13
L 345 150 10 0 8 0 1 0 IO_L3P_T0L_N4_AD15P_66_BB13
A 405 150 10 0 2 0 PINTYPE=BI
P 10 400 160 350 160 0 3 0
A 355 160 10 0 3 3 #=BB12
L 345 160 10 0 8 0 1 0 IO_L3N_T0L_N5_AD15N_66_BB12
A 405 160 10 0 2 0 PINTYPE=BI
P 11 400 170 350 170 0 3 0
A 355 170 10 0 3 3 #=BA14
L 345 170 10 0 8 0 1 0 IO_L4P_T0U_N6_DBC_AD7P_66_BA14
A 405 170 10 0 2 0 PINTYPE=BI
P 12 400 180 350 180 0 3 0
A 355 180 10 0 3 3 #=BA13
L 345 180 10 0 8 0 1 0 IO_L4N_T0U_N7_DBC_AD7N_66_BA13
A 405 180 10 0 2 0 PINTYPE=BI
P 13 400 190 350 190 0 3 0
A 355 190 10 0 3 3 #=BA10
L 345 190 10 0 8 0 1 0 IO_L5P_T0U_N8_AD14P_66_BA10
A 405 190 10 0 2 0 PINTYPE=BI
P 14 400 200 350 200 0 3 0
A 355 200 10 0 3 3 #=BB10
L 345 200 10 0 8 0 1 0 IO_L5N_T0U_N9_AD14N_66_BB10
A 405 200 10 0 2 0 PINTYPE=BI
P 15 400 210 350 210 0 3 0
A 355 210 10 0 3 3 #=AY15
L 345 210 10 0 8 0 1 0 IO_L6P_T0U_N10_AD6P_66_AY15
A 405 210 10 0 2 0 PINTYPE=BI
P 16 400 220 350 220 0 3 0
A 355 220 10 0 3 3 #=AY14
L 345 220 10 0 8 0 1 0 IO_L6N_T0U_N11_AD6N_66_AY14
A 405 220 10 0 2 0 PINTYPE=BI
P 17 400 230 350 230 0 3 0
A 355 230 10 0 3 3 #=AY11
L 345 230 10 0 8 0 1 0 IO_T0U_N12_VRP_66_AY11
A 405 230 10 0 2 0 PINTYPE=BI
P 18 400 240 350 240 0 3 0
A 355 240 10 0 3 3 #=AW13
L 345 240 10 0 8 0 1 0 IO_L7P_T1L_N0_QBC_AD13P_66_AW13
A 405 240 10 0 2 0 PINTYPE=BI
P 19 400 250 350 250 0 3 0
A 355 250 10 0 3 3 #=AY12
L 345 250 10 0 8 0 1 0 IO_L7N_T1L_N1_QBC_AD13N_66_AY12
A 405 250 10 0 2 0 PINTYPE=BI
P 20 400 260 350 260 0 3 0
A 355 260 10 0 3 3 #=AW11
L 345 260 10 0 8 0 1 0 IO_L8P_T1L_N2_AD5P_66_AW11
A 405 260 10 0 2 0 PINTYPE=BI
P 21 400 270 350 270 0 3 0
A 355 270 10 0 3 3 #=AW10
L 345 270 10 0 8 0 1 0 IO_L8N_T1L_N3_AD5N_66_AW10
A 405 270 10 0 2 0 PINTYPE=BI
P 22 400 280 350 280 0 3 0
A 355 280 10 0 3 3 #=AV15
L 345 280 10 0 8 0 1 0 IO_L9P_T1L_N4_AD12P_66_AV15
A 405 280 10 0 2 0 PINTYPE=BI
P 23 400 290 350 290 0 3 0
A 355 290 10 0 3 3 #=AW14
L 345 290 10 0 8 0 1 0 IO_L9N_T1L_N5_AD12N_66_AW14
A 405 290 10 0 2 0 PINTYPE=BI
P 24 400 300 350 300 0 3 0
A 355 300 10 0 3 3 #=AV13
L 345 300 10 0 8 0 1 0 IO_L10P_T1U_N6_QBC_AD4P_66_AV13
A 405 300 10 0 2 0 PINTYPE=BI
P 25 400 310 350 310 0 3 0
A 355 310 10 0 3 3 #=AW12
L 345 310 10 0 8 0 1 0 IO_L10N_T1U_N7_QBC_AD4N_66_AW12
A 405 310 10 0 2 0 PINTYPE=BI
P 26 400 320 350 320 0 3 0
A 355 320 10 0 3 3 #=AV11
L 345 320 10 0 8 0 1 0 IO_L11P_T1U_N8_GC_66_AV11
A 405 320 10 0 2 0 PINTYPE=BI
P 27 400 330 350 330 0 3 0
A 355 330 10 0 3 3 #=AV10
L 345 330 10 0 8 0 1 0 IO_L11N_T1U_N9_GC_66_AV10
A 405 330 10 0 2 0 PINTYPE=BI
P 28 400 340 350 340 0 3 0
A 355 340 10 0 3 3 #=AU15
L 345 340 10 0 8 0 1 0 IO_L12P_T1U_N10_GC_66_AU15
A 405 340 10 0 2 0 PINTYPE=BI
P 29 400 350 350 350 0 3 0
A 355 350 10 0 3 3 #=AV14
L 345 350 10 0 8 0 1 0 IO_L12N_T1U_N11_GC_66_AV14
A 405 350 10 0 2 0 PINTYPE=BI
P 30 400 360 350 360 0 3 0
A 355 360 10 0 3 3 #=AY10
L 345 360 10 0 8 0 1 0 IO_T1U_N12_66_AY10
A 405 360 10 0 2 0 PINTYPE=BI
P 31 400 370 350 370 0 3 0
A 355 370 10 0 3 3 #=AU13
L 345 370 10 0 8 0 1 0 IO_L13P_T2L_N0_GC_QBC_66_AU13
A 405 370 10 0 2 0 PINTYPE=BI
P 32 400 380 350 380 0 3 0
A 355 380 10 0 3 3 #=AU12
L 345 380 10 0 8 0 1 0 IO_L13N_T2L_N1_GC_QBC_66_AU12
A 405 380 10 0 2 0 PINTYPE=BI
P 33 400 390 350 390 0 3 0
A 355 390 10 0 3 3 #=AT15
L 345 390 10 0 8 0 1 0 IO_L14P_T2L_N2_GC_66_AT15
A 405 390 10 0 2 0 PINTYPE=BI
P 34 400 400 350 400 0 3 0
A 355 400 10 0 3 3 #=AT14
L 345 400 10 0 8 0 1 0 IO_L14N_T2L_N3_GC_66_AT14
A 405 400 10 0 2 0 PINTYPE=BI
P 35 400 410 350 410 0 3 0
A 355 410 10 0 3 3 #=AT13
L 345 410 10 0 8 0 1 0 IO_L15P_T2L_N4_AD11P_66_AT13
A 405 410 10 0 2 0 PINTYPE=BI
P 36 400 420 350 420 0 3 0
A 355 420 10 0 3 3 #=AT12
L 345 420 10 0 8 0 1 0 IO_L15N_T2L_N5_AD11N_66_AT12
A 405 420 10 0 2 0 PINTYPE=BI
P 37 400 430 350 430 0 3 0
A 355 430 10 0 3 3 #=AR15
L 345 430 10 0 8 0 1 0 IO_L16P_T2U_N6_QBC_AD3P_66_AR15
A 405 430 10 0 2 0 PINTYPE=BI
P 38 400 440 350 440 0 3 0
A 355 440 10 0 3 3 #=AR14
L 345 440 10 0 8 0 1 0 IO_L16N_T2U_N7_QBC_AD3N_66_AR14
A 405 440 10 0 2 0 PINTYPE=BI
P 39 400 450 350 450 0 3 0
A 355 450 10 0 3 3 #=AP12
L 345 450 10 0 8 0 1 0 IO_L17P_T2U_N8_AD10P_66_AP12
A 405 450 10 0 2 0 PINTYPE=BI
P 40 400 460 350 460 0 3 0
A 355 460 10 0 3 3 #=AR12
L 345 460 10 0 8 0 1 0 IO_L17N_T2U_N9_AD10N_66_AR12
A 405 460 10 0 2 0 PINTYPE=BI
P 41 400 470 350 470 0 3 0
A 355 470 10 0 3 3 #=AP14
L 345 470 10 0 8 0 1 0 IO_L18P_T2U_N10_AD2P_66_AP14
A 405 470 10 0 2 0 PINTYPE=BI
P 42 400 480 350 480 0 3 0
A 355 480 10 0 3 3 #=AP13
L 345 480 10 0 8 0 1 0 IO_L18N_T2U_N11_AD2N_66_AP13
A 405 480 10 0 2 0 PINTYPE=BI
P 43 400 490 350 490 0 3 0
A 355 490 10 0 3 3 #=AN12
L 345 490 10 0 8 0 1 0 IO_T2U_N12_66_AN12
A 405 490 10 0 2 0 PINTYPE=BI
P 44 400 500 350 500 0 3 0
A 355 500 10 0 3 3 #=AN15
L 345 500 10 0 8 0 1 0 IO_L19P_T3L_N0_DBC_AD9P_66_AN15
A 405 500 10 0 2 0 PINTYPE=BI
P 45 400 510 350 510 0 3 0
A 355 510 10 0 3 3 #=AN14
L 345 510 10 0 8 0 1 0 IO_L19N_T3L_N1_DBC_AD9N_66_AN14
A 405 510 10 0 2 0 PINTYPE=BI
P 46 400 520 350 520 0 3 0
A 355 520 10 0 3 3 #=AM15
L 345 520 10 0 8 0 1 0 IO_L20P_T3L_N2_AD1P_66_AM15
A 405 520 10 0 2 0 PINTYPE=BI
P 47 400 530 350 530 0 3 0
A 355 530 10 0 3 3 #=AM14
L 345 530 10 0 8 0 1 0 IO_L20N_T3L_N3_AD1N_66_AM14
A 405 530 10 0 2 0 PINTYPE=BI
P 48 400 540 350 540 0 3 0
A 355 540 10 0 3 3 #=AK16
L 345 540 10 0 8 0 1 0 IO_L21P_T3L_N4_AD8P_66_AK16
A 405 540 10 0 2 0 PINTYPE=BI
P 49 400 550 350 550 0 3 0
A 355 550 10 0 3 3 #=AL15
L 345 550 10 0 8 0 1 0 IO_L21N_T3L_N5_AD8N_66_AL15
A 405 550 10 0 2 0 PINTYPE=BI
P 50 400 560 350 560 0 3 0
A 355 560 10 0 3 3 #=AK14
L 345 560 10 0 8 0 1 0 IO_L22P_T3U_N6_DBC_AD0P_66_AK14
A 405 560 10 0 2 0 PINTYPE=BI
P 51 400 570 350 570 0 3 0
A 355 570 10 0 3 3 #=AL14
L 345 570 10 0 8 0 1 0 IO_L22N_T3U_N7_DBC_AD0N_66_AL14
A 405 570 10 0 2 0 PINTYPE=BI
P 52 400 580 350 580 0 3 0
A 355 580 10 0 3 3 #=AJ16
L 345 580 10 0 8 0 1 0 IO_L23P_T3U_N8_66_AJ16
A 405 580 10 0 2 0 PINTYPE=BI
P 53 400 590 350 590 0 3 0
A 355 590 10 0 3 3 #=AK15
L 345 590 10 0 8 0 1 0 IO_L23N_T3U_N9_66_AK15
A 405 590 10 0 2 0 PINTYPE=BI
P 54 400 600 350 600 0 3 0
A 355 600 10 0 3 3 #=AH14
L 345 600 10 0 8 0 1 0 IO_L24P_T3U_N10_66_AH14
A 405 600 10 0 2 0 PINTYPE=BI
P 55 400 610 350 610 0 3 0
A 355 610 10 0 3 3 #=AJ14
L 345 610 10 0 8 0 1 0 IO_L24N_T3U_N11_66_AJ14
A 405 610 10 0 2 0 PINTYPE=BI
P 56 400 620 350 620 0 3 0
A 355 620 10 0 3 3 #=AN13
L 345 620 10 0 8 0 1 0 IO_T3U_N12_66_AN13
A 405 620 10 0 2 0 PINTYPE=BI
T 220 680 20 0 5 XCZU19EGFFVD1760
T 220 700 20 0 5 BANK 66
c 70 710 10
U 50 740 10 0 3 3 DEVICE=XXXXXX
U 50 30 16 0 3 3 REFDES=U?
U 250 30 10 0 3 3 PKG_TYPE=XXXXXX
U 0 0 10 0 3 0 HETERO=zu19d1760a_0,zu19d1760a_71,zu19d1760a_70,zu19d1760a_69,zu19d1760a_66,zu19d1760a_65,zu19d1760a_91,zu19d1760a_90,zu19d1760a_128,zu19d1760a_129,zu19d1760a_130,zu19d1760a_131,zu19d1760a_132,zu19d1760a_133,zu19d1760a_134,zu19d1760a_224,zu19d1760a_225,zu19d1760a_226,zu19d1760a_227,zu19d1760a_228,zu19d1760a_229,zu19d1760a_230,zu19d1760a_231,zu19d1760a_232,zu19d1760a_233,zu19d1760a_234,zu19d1760a_500,zu19d1760a_501,zu19d1760a_502,zu19d1760a_503,zu19d1760a_504,zu19d1760a_505,zu19d1760a_PS_POWER,zu19d1760a_GND1,zu19d1760a_GND2,zu19d1760a_GND3,zu19d1760a_MGTAVCC_L,zu19d1760a_MGTAVCC_RN,zu19d1760a_MGTAVCC_RS,zu19d1760a_MGTAVTT_L,zu19d1760a_MGTAVTT_RN,zu19d1760a_MGTAVTT_RS,zu19d1760a_MGTVCCAUX_L,zu19d1760a_MGTVCCAUX_RN,zu19d1760a_MGTVCCAUX_RS,zu19d1760a_PS_MGTRAVCC,zu19d1760a_PS_MGTRAVTT,zu19d1760a_VCCAUX,zu19d1760a_VCCAUX_IO,zu19d1760a_VCCBRAM,zu19d1760a_VCCINT,zu19d1760a_VCCINT_IO
U 0 -10 10 0 3 0 PARTS=1
U 0 -20 10 0 3 0 LEVEL=STD
U 0 -30 10 0 3 0 DATE=2016_09_22
E
