V 50
K 153165148200 zu19d1760
Y 1
D 0 0 400 480
Z 10
i 946
b 50 50 350 430
P 1 0 100 50 100 0 2 0
A 45 100 10 0 9 3 #=E14
L 55 100 10 0 2 0 1 0 VCCO_91_E14
A 10 100 10 0 2 0 PINTYPE=BI
P 2 0 110 50 110 0 2 0
A 45 110 10 0 9 3 #=B15
L 55 110 10 0 2 0 1 0 VCCO_91_B15
A 10 110 10 0 2 0 PINTYPE=BI
P 3 400 100 350 100 0 3 0
A 355 100 10 0 3 3 #=F15
L 345 100 10 0 8 0 1 0 IO_L1P_AD15P_91_F15
A 405 100 10 0 2 0 PINTYPE=BI
P 4 400 110 350 110 0 3 0
A 355 110 10 0 3 3 #=F14
L 345 110 10 0 8 0 1 0 IO_L1N_AD15N_91_F14
A 405 110 10 0 2 0 PINTYPE=BI
P 5 400 120 350 120 0 3 0
A 355 120 10 0 3 3 #=G14
L 345 120 10 0 8 0 1 0 IO_L2P_AD14P_91_G14
A 405 120 10 0 2 0 PINTYPE=BI
P 6 400 130 350 130 0 3 0
A 355 130 10 0 3 3 #=F13
L 345 130 10 0 8 0 1 0 IO_L2N_AD14N_91_F13
A 405 130 10 0 2 0 PINTYPE=BI
P 7 400 140 350 140 0 3 0
A 355 140 10 0 3 3 #=E13
L 345 140 10 0 8 0 1 0 IO_L3P_AD13P_91_E13
A 405 140 10 0 2 0 PINTYPE=BI
P 8 400 150 350 150 0 3 0
A 355 150 10 0 3 3 #=E12
L 345 150 10 0 8 0 1 0 IO_L3N_AD13N_91_E12
A 405 150 10 0 2 0 PINTYPE=BI
P 9 400 160 350 160 0 3 0
A 355 160 10 0 3 3 #=E15
L 345 160 10 0 8 0 1 0 IO_L4P_AD12P_91_E15
A 405 160 10 0 2 0 PINTYPE=BI
P 10 400 170 350 170 0 3 0
A 355 170 10 0 3 3 #=D15
L 345 170 10 0 8 0 1 0 IO_L4N_AD12N_91_D15
A 405 170 10 0 2 0 PINTYPE=BI
P 11 400 180 350 180 0 3 0
A 355 180 10 0 3 3 #=D14
L 345 180 10 0 8 0 1 0 IO_L5P_HDGC_91_D14
A 405 180 10 0 2 0 PINTYPE=BI
P 12 400 190 350 190 0 3 0
A 355 190 10 0 3 3 #=D13
L 345 190 10 0 8 0 1 0 IO_L5N_HDGC_91_D13
A 405 190 10 0 2 0 PINTYPE=BI
P 13 400 200 350 200 0 3 0
A 355 200 10 0 3 3 #=C15
L 345 200 10 0 8 0 1 0 IO_L6P_HDGC_91_C15
A 405 200 10 0 2 0 PINTYPE=BI
P 14 400 210 350 210 0 3 0
A 355 210 10 0 3 3 #=C14
L 345 210 10 0 8 0 1 0 IO_L6N_HDGC_91_C14
A 405 210 10 0 2 0 PINTYPE=BI
P 15 400 220 350 220 0 3 0
A 355 220 10 0 3 3 #=D12
L 345 220 10 0 8 0 1 0 IO_L7P_HDGC_91_D12
A 405 220 10 0 2 0 PINTYPE=BI
P 16 400 230 350 230 0 3 0
A 355 230 10 0 3 3 #=C12
L 345 230 10 0 8 0 1 0 IO_L7N_HDGC_91_C12
A 405 230 10 0 2 0 PINTYPE=BI
P 17 400 240 350 240 0 3 0
A 355 240 10 0 3 3 #=B13
L 345 240 10 0 8 0 1 0 IO_L8P_HDGC_91_B13
A 405 240 10 0 2 0 PINTYPE=BI
P 18 400 250 350 250 0 3 0
A 355 250 10 0 3 3 #=B12
L 345 250 10 0 8 0 1 0 IO_L8N_HDGC_91_B12
A 405 250 10 0 2 0 PINTYPE=BI
P 19 400 260 350 260 0 3 0
A 355 260 10 0 3 3 #=B11
L 345 260 10 0 8 0 1 0 IO_L9P_AD11P_91_B11
A 405 260 10 0 2 0 PINTYPE=BI
P 20 400 270 350 270 0 3 0
A 355 270 10 0 3 3 #=B10
L 345 270 10 0 8 0 1 0 IO_L9N_AD11N_91_B10
A 405 270 10 0 2 0 PINTYPE=BI
P 21 400 280 350 280 0 3 0
A 355 280 10 0 3 3 #=A15
L 345 280 10 0 8 0 1 0 IO_L10P_AD10P_91_A15
A 405 280 10 0 2 0 PINTYPE=BI
P 22 400 290 350 290 0 3 0
A 355 290 10 0 3 3 #=A14
L 345 290 10 0 8 0 1 0 IO_L10N_AD10N_91_A14
A 405 290 10 0 2 0 PINTYPE=BI
P 23 400 300 350 300 0 3 0
A 355 300 10 0 3 3 #=B14
L 345 300 10 0 8 0 1 0 IO_L11P_AD9P_91_B14
A 405 300 10 0 2 0 PINTYPE=BI
P 24 400 310 350 310 0 3 0
A 355 310 10 0 3 3 #=A13
L 345 310 10 0 8 0 1 0 IO_L11N_AD9N_91_A13
A 405 310 10 0 2 0 PINTYPE=BI
P 25 400 320 350 320 0 3 0
A 355 320 10 0 3 3 #=A11
L 345 320 10 0 8 0 1 0 IO_L12P_AD8P_91_A11
A 405 320 10 0 2 0 PINTYPE=BI
P 26 400 330 350 330 0 3 0
A 355 330 10 0 3 3 #=A10
L 345 330 10 0 8 0 1 0 IO_L12N_AD8N_91_A10
A 405 330 10 0 2 0 PINTYPE=BI
T 220 380 20 0 5 XCZU19EGFFVD1760
T 220 400 20 0 5 BANK 91_H
c 70 410 10
U 50 440 10 0 3 3 DEVICE=XXXXXX
U 50 30 16 0 3 3 REFDES=U?
U 250 30 10 0 3 3 PKG_TYPE=XXXXXX
U 0 0 10 0 3 0 HETERO=zu19d1760a_0_H,zu19d1760a_71_H,zu19d1760a_70_H,zu19d1760a_69_H,zu19d1760a_66_H,zu19d1760a_65_H,zu19d1760a_91_H,zu19d1760a_90_H,zu19d1760a_500_H,zu19d1760a_501_H,zu19d1760a_502_H,zu19d1760a_503_H,zu19d1760a_GND_H
U 0 -10 10 0 3 0 PARTS=1
U 0 -20 10 0 3 0 LEVEL=STD
U 0 -30 10 0 3 0 DATE=2016_09_22
E
