V 50
K 153165148200 zu19ffve1924
Y 1
D 0 0 400 510
Z 10
i 946
b 50 50 350 460
P 1 400 100 350 100 0 3 0
A 355 100 10 0 3 3 #=AE37
L 345 100 10 0 8 0 1 0 PS_MIO52_AE37
A 405 100 10 0 2 0 PINTYPE=BI
P 2 400 110 350 110 0 3 0
A 355 110 10 0 3 3 #=AE38
L 345 110 10 0 8 0 1 0 PS_MIO53_AE38
A 405 110 10 0 2 0 PINTYPE=BI
P 3 400 120 350 120 0 3 0
A 355 120 10 0 3 3 #=AF37
L 345 120 10 0 8 0 1 0 PS_MIO54_AF37
A 405 120 10 0 2 0 PINTYPE=BI
P 4 400 130 350 130 0 3 0
A 355 130 10 0 3 3 #=AE40
L 345 130 10 0 8 0 1 0 PS_MIO55_AE40
A 405 130 10 0 2 0 PINTYPE=BI
P 5 400 140 350 140 0 3 0
A 355 140 10 0 3 3 #=AF38
L 345 140 10 0 8 0 1 0 PS_MIO56_AF38
A 405 140 10 0 2 0 PINTYPE=BI
P 6 400 150 350 150 0 3 0
A 355 150 10 0 3 3 #=AF39
L 345 150 10 0 8 0 1 0 PS_MIO57_AF39
A 405 150 10 0 2 0 PINTYPE=BI
P 7 400 160 350 160 0 3 0
A 355 160 10 0 3 3 #=AE41
L 345 160 10 0 8 0 1 0 PS_MIO58_AE41
A 405 160 10 0 2 0 PINTYPE=BI
P 8 400 170 350 170 0 3 0
A 355 170 10 0 3 3 #=AG37
L 345 170 10 0 8 0 1 0 PS_MIO59_AG37
A 405 170 10 0 2 0 PINTYPE=BI
P 9 400 180 350 180 0 3 0
A 355 180 10 0 3 3 #=AE42
L 345 180 10 0 8 0 1 0 PS_MIO60_AE42
A 405 180 10 0 2 0 PINTYPE=BI
P 10 400 190 350 190 0 3 0
A 355 190 10 0 3 3 #=AF40
L 345 190 10 0 8 0 1 0 PS_MIO61_AF40
A 405 190 10 0 2 0 PINTYPE=BI
P 11 400 200 350 200 0 3 0
A 355 200 10 0 3 3 #=AG40
L 345 200 10 0 8 0 1 0 PS_MIO62_AG40
A 405 200 10 0 2 0 PINTYPE=BI
P 12 400 210 350 210 0 3 0
A 355 210 10 0 3 3 #=AG39
L 345 210 10 0 8 0 1 0 PS_MIO63_AG39
A 405 210 10 0 2 0 PINTYPE=BI
P 13 400 220 350 220 0 3 0
A 355 220 10 0 3 3 #=AG41
L 345 220 10 0 8 0 1 0 PS_MIO64_AG41
A 405 220 10 0 2 0 PINTYPE=BI
P 14 400 230 350 230 0 3 0
A 355 230 10 0 3 3 #=AG42
L 345 230 10 0 8 0 1 0 PS_MIO65_AG42
A 405 230 10 0 2 0 PINTYPE=BI
P 15 400 240 350 240 0 3 0
A 355 240 10 0 3 3 #=AF42
L 345 240 10 0 8 0 1 0 PS_MIO66_AF42
A 405 240 10 0 2 0 PINTYPE=BI
P 16 400 250 350 250 0 3 0
A 355 250 10 0 3 3 #=AF43
L 345 250 10 0 8 0 1 0 PS_MIO67_AF43
A 405 250 10 0 2 0 PINTYPE=BI
P 17 400 260 350 260 0 3 0
A 355 260 10 0 3 3 #=AG44
L 345 260 10 0 8 0 1 0 PS_MIO68_AG44
A 405 260 10 0 2 0 PINTYPE=BI
P 18 400 270 350 270 0 3 0
A 355 270 10 0 3 3 #=AF44
L 345 270 10 0 8 0 1 0 PS_MIO69_AF44
A 405 270 10 0 2 0 PINTYPE=BI
P 19 400 280 350 280 0 3 0
A 355 280 10 0 3 3 #=AH37
L 345 280 10 0 8 0 1 0 PS_MIO70_AH37
A 405 280 10 0 2 0 PINTYPE=BI
P 20 400 290 350 290 0 3 0
A 355 290 10 0 3 3 #=AH38
L 345 290 10 0 8 0 1 0 PS_MIO71_AH38
A 405 290 10 0 2 0 PINTYPE=BI
P 21 400 300 350 300 0 3 0
A 355 300 10 0 3 3 #=AH39
L 345 300 10 0 8 0 1 0 PS_MIO72_AH39
A 405 300 10 0 2 0 PINTYPE=BI
P 22 400 310 350 310 0 3 0
A 355 310 10 0 3 3 #=AH41
L 345 310 10 0 8 0 1 0 PS_MIO73_AH41
A 405 310 10 0 2 0 PINTYPE=BI
P 23 400 320 350 320 0 3 0
A 355 320 10 0 3 3 #=AH43
L 345 320 10 0 8 0 1 0 PS_MIO74_AH43
A 405 320 10 0 2 0 PINTYPE=BI
P 24 400 330 350 330 0 3 0
A 355 330 10 0 3 3 #=AH40
L 345 330 10 0 8 0 1 0 PS_MIO75_AH40
A 405 330 10 0 2 0 PINTYPE=BI
P 25 400 340 350 340 0 3 0
A 355 340 10 0 3 3 #=AH44
L 345 340 10 0 8 0 1 0 PS_MIO76_AH44
A 405 340 10 0 2 0 PINTYPE=BI
P 26 400 350 350 350 0 3 0
A 355 350 10 0 3 3 #=AH42
L 345 350 10 0 8 0 1 0 PS_MIO77_AH42
A 405 350 10 0 2 0 PINTYPE=BI
P 27 0 100 50 100 0 2 0
A 45 100 10 0 9 3 #=AG43
L 55 100 10 0 2 0 1 0 VCCO_PSIO2_502_AG43
A 10 100 10 0 2 0 PINTYPE=BI
P 28 0 110 50 110 0 2 0
A 45 110 10 0 9 3 #=AG38
L 55 110 10 0 2 0 1 0 VCCO_PSIO2_502_AG38
A 10 110 10 0 2 0 PINTYPE=BI
P 29 0 120 50 120 0 2 0
A 45 120 10 0 9 3 #=AF41
L 55 120 10 0 2 0 1 0 VCCO_PSIO2_502_AF41
A 10 120 10 0 2 0 PINTYPE=BI
T 220 410 20 0 5 XCZU19EGFFVE1924
T 220 430 20 0 5 BANK 502
c 70 440 10
U 50 470 10 0 3 3 DEVICE=XXXXXX
U 50 30 16 0 3 3 REFDES=U?
U 250 30 10 0 3 3 PKG_TYPE=XXXXXX
U 0 0 10 0 3 0 HETERO=zu19ffve1924a_0,zu19ffve1924a_74,zu19ffve1924a_73,zu19ffve1924a_72,zu19ffve1924a_71,zu19ffve1924a_70,zu19ffve1924a_69,zu19ffve1924a_68,zu19ffve1924a_67,zu19ffve1924a_66,zu19ffve1924a_65,zu19ffve1924a_64,zu19ffve1924a_94,zu19ffve1924a_93,zu19ffve1924a_91,zu19ffve1924a_90,zu19ffve1924a_224,zu19ffve1924a_225,zu19ffve1924a_226,zu19ffve1924a_227,zu19ffve1924a_228,zu19ffve1924a_229,zu19ffve1924a_230,zu19ffve1924a_231,zu19ffve1924a_232,zu19ffve1924a_233,zu19ffve1924a_234,zu19ffve1924a_500,zu19ffve1924a_501,zu19ffve1924a_502,zu19ffve1924a_503,zu19ffve1924a_504,zu19ffve1924a_505,zu19ffve1924a_PS_POWER,zu19ffve1924a_GND1,zu19ffve1924a_GND2,zu19ffve1924a_GND3,zu19ffve1924a_MGTAVCC_RN,zu19ffve1924a_MGTAVCC_RS,zu19ffve1924a_MGTAVTT_RN,zu19ffve1924a_MGTAVTT_RS,zu19ffve1924a_MGTVCCAUX_RN,zu19ffve1924a_MGTVCCAUX_RS,zu19ffve1924a_PS_MGTRAVCC,zu19ffve1924a_PS_MGTRAVTT,zu19ffve1924a_VCCAUX,zu19ffve1924a_VCCAUX_IO,zu19ffve1924a_VCCBRAM,zu19ffve1924a_VCCINT,zu19ffve1924a_VCCINT_IO
U 0 -10 10 0 3 0 PARTS=1
U 0 -20 10 0 3 0 LEVEL=STD
U 0 -30 10 0 3 0 DATE=2016_05_26
E
