V 50
K 153165148200 zu19d1760
Y 1
D 0 0 400 420
Z 10
i 946
b 50 50 350 370
P 1 400 100 350 100 0 3 0
A 355 100 10 0 3 3 #=P33
L 345 100 10 0 8 0 1 0 MGTREFCLK1N_131_P33
A 405 100 10 0 2 0 PINTYPE=BI
P 2 400 110 350 110 0 3 0
A 355 110 10 0 3 3 #=P32
L 345 110 10 0 8 0 1 0 MGTREFCLK1P_131_P32
A 405 110 10 0 2 0 PINTYPE=BI
P 3 400 120 350 120 0 3 0
A 355 120 10 0 3 3 #=T33
L 345 120 10 0 8 0 1 0 MGTREFCLK0N_131_T33
A 405 120 10 0 2 0 PINTYPE=BI
P 4 400 130 350 130 0 3 0
A 355 130 10 0 3 3 #=T32
L 345 130 10 0 8 0 1 0 MGTREFCLK0P_131_T32
A 405 130 10 0 2 0 PINTYPE=BI
P 5 400 140 350 140 0 3 0
A 355 140 10 0 3 3 #=N40
L 345 140 10 0 8 0 1 0 MGTYRXN3_131_N40
A 405 140 10 0 2 0 PINTYPE=BI
P 6 400 150 350 150 0 3 0
A 355 150 10 0 3 3 #=N39
L 345 150 10 0 8 0 1 0 MGTYRXP3_131_N39
A 405 150 10 0 2 0 PINTYPE=BI
P 7 400 160 350 160 0 3 0
A 355 160 10 0 3 3 #=N35
L 345 160 10 0 8 0 1 0 MGTYTXN3_131_N35
A 405 160 10 0 2 0 PINTYPE=BI
P 8 400 170 350 170 0 3 0
A 355 170 10 0 3 3 #=N34
L 345 170 10 0 8 0 1 0 MGTYTXP3_131_N34
A 405 170 10 0 2 0 PINTYPE=BI
P 9 400 180 350 180 0 3 0
A 355 180 10 0 3 3 #=P42
L 345 180 10 0 8 0 1 0 MGTYRXN2_131_P42
A 405 180 10 0 2 0 PINTYPE=BI
P 10 400 190 350 190 0 3 0
A 355 190 10 0 3 3 #=P41
L 345 190 10 0 8 0 1 0 MGTYRXP2_131_P41
A 405 190 10 0 2 0 PINTYPE=BI
P 11 400 200 350 200 0 3 0
A 355 200 10 0 3 3 #=P37
L 345 200 10 0 8 0 1 0 MGTYTXN2_131_P37
A 405 200 10 0 2 0 PINTYPE=BI
P 12 400 210 350 210 0 3 0
A 355 210 10 0 3 3 #=P36
L 345 210 10 0 8 0 1 0 MGTYTXP2_131_P36
A 405 210 10 0 2 0 PINTYPE=BI
P 13 400 220 350 220 0 3 0
A 355 220 10 0 3 3 #=R40
L 345 220 10 0 8 0 1 0 MGTYRXN1_131_R40
A 405 220 10 0 2 0 PINTYPE=BI
P 14 400 230 350 230 0 3 0
A 355 230 10 0 3 3 #=R39
L 345 230 10 0 8 0 1 0 MGTYRXP1_131_R39
A 405 230 10 0 2 0 PINTYPE=BI
P 15 400 240 350 240 0 3 0
A 355 240 10 0 3 3 #=R35
L 345 240 10 0 8 0 1 0 MGTYTXN1_131_R35
A 405 240 10 0 2 0 PINTYPE=BI
P 16 400 250 350 250 0 3 0
A 355 250 10 0 3 3 #=R34
L 345 250 10 0 8 0 1 0 MGTYTXP1_131_R34
A 405 250 10 0 2 0 PINTYPE=BI
P 17 400 260 350 260 0 3 0
A 355 260 10 0 3 3 #=T42
L 345 260 10 0 8 0 1 0 MGTYRXN0_131_T42
A 405 260 10 0 2 0 PINTYPE=BI
P 18 400 270 350 270 0 3 0
A 355 270 10 0 3 3 #=T41
L 345 270 10 0 8 0 1 0 MGTYRXP0_131_T41
A 405 270 10 0 2 0 PINTYPE=BI
P 19 400 280 350 280 0 3 0
A 355 280 10 0 3 3 #=T37
L 345 280 10 0 8 0 1 0 MGTYTXN0_131_T37
A 405 280 10 0 2 0 PINTYPE=BI
P 20 400 290 350 290 0 3 0
A 355 290 10 0 3 3 #=T36
L 345 290 10 0 8 0 1 0 MGTYTXP0_131_T36
A 405 290 10 0 2 0 PINTYPE=BI
T 220 320 20 0 5 XCZU19EGFFVD1760
T 220 340 20 0 5 BANK 131
c 70 350 10
U 50 380 10 0 3 3 DEVICE=XXXXXX
U 50 30 16 0 3 3 REFDES=U?
U 250 30 10 0 3 3 PKG_TYPE=XXXXXX
U 0 0 10 0 3 0 HETERO=zu19d1760a_0,zu19d1760a_71,zu19d1760a_70,zu19d1760a_69,zu19d1760a_66,zu19d1760a_65,zu19d1760a_91,zu19d1760a_90,zu19d1760a_128,zu19d1760a_129,zu19d1760a_130,zu19d1760a_131,zu19d1760a_132,zu19d1760a_133,zu19d1760a_134,zu19d1760a_224,zu19d1760a_225,zu19d1760a_226,zu19d1760a_227,zu19d1760a_228,zu19d1760a_229,zu19d1760a_230,zu19d1760a_231,zu19d1760a_232,zu19d1760a_233,zu19d1760a_234,zu19d1760a_500,zu19d1760a_501,zu19d1760a_502,zu19d1760a_503,zu19d1760a_504,zu19d1760a_505,zu19d1760a_PS_POWER,zu19d1760a_GND1,zu19d1760a_GND2,zu19d1760a_GND3,zu19d1760a_MGTAVCC_L,zu19d1760a_MGTAVCC_RN,zu19d1760a_MGTAVCC_RS,zu19d1760a_MGTAVTT_L,zu19d1760a_MGTAVTT_RN,zu19d1760a_MGTAVTT_RS,zu19d1760a_MGTVCCAUX_L,zu19d1760a_MGTVCCAUX_RN,zu19d1760a_MGTVCCAUX_RS,zu19d1760a_PS_MGTRAVCC,zu19d1760a_PS_MGTRAVTT,zu19d1760a_VCCAUX,zu19d1760a_VCCAUX_IO,zu19d1760a_VCCBRAM,zu19d1760a_VCCINT,zu19d1760a_VCCINT_IO
U 0 -10 10 0 3 0 PARTS=1
U 0 -20 10 0 3 0 LEVEL=STD
U 0 -30 10 0 3 0 DATE=2016_09_22
E
