V 50
K 153165148200 zu19ffve1924
Y 1
D 0 0 400 480
Z 10
i 946
b 50 50 350 430
P 1 0 100 50 100 0 2 0
A 45 100 10 0 9 3 #=T16
L 55 100 10 0 2 0 1 0 VCCO_90_T16
A 10 100 10 0 2 0 PINTYPE=BI
P 2 0 110 50 110 0 2 0
A 45 110 10 0 9 3 #=N15
L 55 110 10 0 2 0 1 0 VCCO_90_N15
A 10 110 10 0 2 0 PINTYPE=BI
P 3 400 100 350 100 0 3 0
A 355 100 10 0 3 3 #=W14
L 345 100 10 0 8 0 1 0 IO_L1P_AD11P_90_W14
A 405 100 10 0 2 0 PINTYPE=BI
P 4 400 110 350 110 0 3 0
A 355 110 10 0 3 3 #=V14
L 345 110 10 0 8 0 1 0 IO_L1N_AD11N_90_V14
A 405 110 10 0 2 0 PINTYPE=BI
P 5 400 120 350 120 0 3 0
A 355 120 10 0 3 3 #=V16
L 345 120 10 0 8 0 1 0 IO_L2P_AD10P_90_V16
A 405 120 10 0 2 0 PINTYPE=BI
P 6 400 130 350 130 0 3 0
A 355 130 10 0 3 3 #=V15
L 345 130 10 0 8 0 1 0 IO_L2N_AD10N_90_V15
A 405 130 10 0 2 0 PINTYPE=BI
P 7 400 140 350 140 0 3 0
A 355 140 10 0 3 3 #=U17
L 345 140 10 0 8 0 1 0 IO_L3P_AD9P_90_U17
A 405 140 10 0 2 0 PINTYPE=BI
P 8 400 150 350 150 0 3 0
A 355 150 10 0 3 3 #=U16
L 345 150 10 0 8 0 1 0 IO_L3N_AD9N_90_U16
A 405 150 10 0 2 0 PINTYPE=BI
P 9 400 160 350 160 0 3 0
A 355 160 10 0 3 3 #=U15
L 345 160 10 0 8 0 1 0 IO_L4P_AD8P_90_U15
A 405 160 10 0 2 0 PINTYPE=BI
P 10 400 170 350 170 0 3 0
A 355 170 10 0 3 3 #=U14
L 345 170 10 0 8 0 1 0 IO_L4N_AD8N_90_U14
A 405 170 10 0 2 0 PINTYPE=BI
P 11 400 180 350 180 0 3 0
A 355 180 10 0 3 3 #=T18
L 345 180 10 0 8 0 1 0 IO_L5P_HDGC_AD7P_90_T18
A 405 180 10 0 2 0 PINTYPE=BI
P 12 400 190 350 190 0 3 0
A 355 190 10 0 3 3 #=T17
L 345 190 10 0 8 0 1 0 IO_L5N_HDGC_AD7N_90_T17
A 405 190 10 0 2 0 PINTYPE=BI
P 13 400 200 350 200 0 3 0
A 355 200 10 0 3 3 #=T15
L 345 200 10 0 8 0 1 0 IO_L6P_HDGC_AD6P_90_T15
A 405 200 10 0 2 0 PINTYPE=BI
P 14 400 210 350 210 0 3 0
A 355 210 10 0 3 3 #=T14
L 345 210 10 0 8 0 1 0 IO_L6N_HDGC_AD6N_90_T14
A 405 210 10 0 2 0 PINTYPE=BI
P 15 400 220 350 220 0 3 0
A 355 220 10 0 3 3 #=R18
L 345 220 10 0 8 0 1 0 IO_L7P_HDGC_AD5P_90_R18
A 405 220 10 0 2 0 PINTYPE=BI
P 16 400 230 350 230 0 3 0
A 355 230 10 0 3 3 #=R17
L 345 230 10 0 8 0 1 0 IO_L7N_HDGC_AD5N_90_R17
A 405 230 10 0 2 0 PINTYPE=BI
P 17 400 240 350 240 0 3 0
A 355 240 10 0 3 3 #=R16
L 345 240 10 0 8 0 1 0 IO_L8P_HDGC_AD4P_90_R16
A 405 240 10 0 2 0 PINTYPE=BI
P 18 400 250 350 250 0 3 0
A 355 250 10 0 3 3 #=R15
L 345 250 10 0 8 0 1 0 IO_L8N_HDGC_AD4N_90_R15
A 405 250 10 0 2 0 PINTYPE=BI
P 19 400 260 350 260 0 3 0
A 355 260 10 0 3 3 #=R14
L 345 260 10 0 8 0 1 0 IO_L9P_AD3P_90_R14
A 405 260 10 0 2 0 PINTYPE=BI
P 20 400 270 350 270 0 3 0
A 355 270 10 0 3 3 #=P14
L 345 270 10 0 8 0 1 0 IO_L9N_AD3N_90_P14
A 405 270 10 0 2 0 PINTYPE=BI
P 21 400 280 350 280 0 3 0
A 355 280 10 0 3 3 #=P16
L 345 280 10 0 8 0 1 0 IO_L10P_AD2P_90_P16
A 405 280 10 0 2 0 PINTYPE=BI
P 22 400 290 350 290 0 3 0
A 355 290 10 0 3 3 #=P15
L 345 290 10 0 8 0 1 0 IO_L10N_AD2N_90_P15
A 405 290 10 0 2 0 PINTYPE=BI
P 23 400 300 350 300 0 3 0
A 355 300 10 0 3 3 #=P18
L 345 300 10 0 8 0 1 0 IO_L11P_AD1P_90_P18
A 405 300 10 0 2 0 PINTYPE=BI
P 24 400 310 350 310 0 3 0
A 355 310 10 0 3 3 #=N18
L 345 310 10 0 8 0 1 0 IO_L11N_AD1N_90_N18
A 405 310 10 0 2 0 PINTYPE=BI
P 25 400 320 350 320 0 3 0
A 355 320 10 0 3 3 #=N17
L 345 320 10 0 8 0 1 0 IO_L12P_AD0P_90_N17
A 405 320 10 0 2 0 PINTYPE=BI
P 26 400 330 350 330 0 3 0
A 355 330 10 0 3 3 #=N16
L 345 330 10 0 8 0 1 0 IO_L12N_AD0N_90_N16
A 405 330 10 0 2 0 PINTYPE=BI
T 220 380 20 0 5 XCZU19EGFFVE1924
T 220 400 20 0 5 BANK 90_H
c 70 410 10
U 50 440 10 0 3 3 DEVICE=XXXXXX
U 50 30 16 0 3 3 REFDES=U?
U 250 30 10 0 3 3 PKG_TYPE=XXXXXX
U 0 0 10 0 3 0 HETERO=zu19ffve1924a_0_H,zu19ffve1924a_74_H,zu19ffve1924a_73_H,zu19ffve1924a_72_H,zu19ffve1924a_71_H,zu19ffve1924a_70_H,zu19ffve1924a_69_H,zu19ffve1924a_68_H,zu19ffve1924a_67_H,zu19ffve1924a_66_H,zu19ffve1924a_65_H,zu19ffve1924a_64_H,zu19ffve1924a_94_H,zu19ffve1924a_93_H,zu19ffve1924a_91_H,zu19ffve1924a_90_H,zu19ffve1924a_500_H,zu19ffve1924a_501_H,zu19ffve1924a_502_H,zu19ffve1924a_503_H,zu19ffve1924a_GND_H
U 0 -10 10 0 3 0 PARTS=1
U 0 -20 10 0 3 0 LEVEL=STD
U 0 -30 10 0 3 0 DATE=2016_05_26
E
