V 50
K 153165148200 zu19ffve1924
Y 1
D 0 0 400 420
Z 10
i 946
b 50 50 350 370
P 1 400 100 350 100 0 3 0
A 355 100 10 0 3 3 #=V11
L 345 100 10 0 8 0 1 0 MGTREFCLK1N_230_V11
A 405 100 10 0 2 0 PINTYPE=BI
P 2 400 110 350 110 0 3 0
A 355 110 10 0 3 3 #=V12
L 345 110 10 0 8 0 1 0 MGTREFCLK1P_230_V12
A 405 110 10 0 2 0 PINTYPE=BI
P 3 400 120 350 120 0 3 0
A 355 120 10 0 3 3 #=Y11
L 345 120 10 0 8 0 1 0 MGTREFCLK0N_230_Y11
A 405 120 10 0 2 0 PINTYPE=BI
P 4 400 130 350 130 0 3 0
A 355 130 10 0 3 3 #=Y12
L 345 130 10 0 8 0 1 0 MGTREFCLK0P_230_Y12
A 405 130 10 0 2 0 PINTYPE=BI
P 5 400 140 350 140 0 3 0
A 355 140 10 0 3 3 #=U1
L 345 140 10 0 8 0 1 0 MGTHRXN3_230_U1
A 405 140 10 0 2 0 PINTYPE=BI
P 6 400 150 350 150 0 3 0
A 355 150 10 0 3 3 #=U2
L 345 150 10 0 8 0 1 0 MGTHRXP3_230_U2
A 405 150 10 0 2 0 PINTYPE=BI
P 7 400 160 350 160 0 3 0
A 355 160 10 0 3 3 #=V7
L 345 160 10 0 8 0 1 0 MGTHTXN3_230_V7
A 405 160 10 0 2 0 PINTYPE=BI
P 8 400 170 350 170 0 3 0
A 355 170 10 0 3 3 #=V8
L 345 170 10 0 8 0 1 0 MGTHTXP3_230_V8
A 405 170 10 0 2 0 PINTYPE=BI
P 9 400 180 350 180 0 3 0
A 355 180 10 0 3 3 #=V3
L 345 180 10 0 8 0 1 0 MGTHRXN2_230_V3
A 405 180 10 0 2 0 PINTYPE=BI
P 10 400 190 350 190 0 3 0
A 355 190 10 0 3 3 #=V4
L 345 190 10 0 8 0 1 0 MGTHRXP2_230_V4
A 405 190 10 0 2 0 PINTYPE=BI
P 11 400 200 350 200 0 3 0
A 355 200 10 0 3 3 #=W9
L 345 200 10 0 8 0 1 0 MGTHTXN2_230_W9
A 405 200 10 0 2 0 PINTYPE=BI
P 12 400 210 350 210 0 3 0
A 355 210 10 0 3 3 #=W10
L 345 210 10 0 8 0 1 0 MGTHTXP2_230_W10
A 405 210 10 0 2 0 PINTYPE=BI
P 13 400 220 350 220 0 3 0
A 355 220 10 0 3 3 #=W1
L 345 220 10 0 8 0 1 0 MGTHRXN1_230_W1
A 405 220 10 0 2 0 PINTYPE=BI
P 14 400 230 350 230 0 3 0
A 355 230 10 0 3 3 #=W2
L 345 230 10 0 8 0 1 0 MGTHRXP1_230_W2
A 405 230 10 0 2 0 PINTYPE=BI
P 15 400 240 350 240 0 3 0
A 355 240 10 0 3 3 #=W5
L 345 240 10 0 8 0 1 0 MGTHTXN1_230_W5
A 405 240 10 0 2 0 PINTYPE=BI
P 16 400 250 350 250 0 3 0
A 355 250 10 0 3 3 #=W6
L 345 250 10 0 8 0 1 0 MGTHTXP1_230_W6
A 405 250 10 0 2 0 PINTYPE=BI
P 17 400 260 350 260 0 3 0
A 355 260 10 0 3 3 #=Y3
L 345 260 10 0 8 0 1 0 MGTHRXN0_230_Y3
A 405 260 10 0 2 0 PINTYPE=BI
P 18 400 270 350 270 0 3 0
A 355 270 10 0 3 3 #=Y4
L 345 270 10 0 8 0 1 0 MGTHRXP0_230_Y4
A 405 270 10 0 2 0 PINTYPE=BI
P 19 400 280 350 280 0 3 0
A 355 280 10 0 3 3 #=Y7
L 345 280 10 0 8 0 1 0 MGTHTXN0_230_Y7
A 405 280 10 0 2 0 PINTYPE=BI
P 20 400 290 350 290 0 3 0
A 355 290 10 0 3 3 #=Y8
L 345 290 10 0 8 0 1 0 MGTHTXP0_230_Y8
A 405 290 10 0 2 0 PINTYPE=BI
T 220 320 20 0 5 XCZU19EGFFVE1924
T 220 340 20 0 5 BANK 230
c 70 350 10
U 50 380 10 0 3 3 DEVICE=XXXXXX
U 50 30 16 0 3 3 REFDES=U?
U 250 30 10 0 3 3 PKG_TYPE=XXXXXX
U 0 0 10 0 3 0 HETERO=zu19ffve1924b_0,zu19ffve1924b_74,zu19ffve1924b_73,zu19ffve1924b_72,zu19ffve1924b_71,zu19ffve1924b_70,zu19ffve1924b_69,zu19ffve1924b_68,zu19ffve1924b_67,zu19ffve1924b_66,zu19ffve1924b_65,zu19ffve1924b_64,zu19ffve1924b_94,zu19ffve1924b_93,zu19ffve1924b_91,zu19ffve1924b_90,zu19ffve1924b_224,zu19ffve1924b_225,zu19ffve1924b_226,zu19ffve1924b_227,zu19ffve1924b_228,zu19ffve1924b_229,zu19ffve1924b_230,zu19ffve1924b_231,zu19ffve1924b_232,zu19ffve1924b_233,zu19ffve1924b_234,zu19ffve1924b_500,zu19ffve1924b_501,zu19ffve1924b_502,zu19ffve1924b_503,zu19ffve1924b_504,zu19ffve1924b_505,zu19ffve1924b_PS_POWER,zu19ffve1924b_GND1,zu19ffve1924b_GND2,zu19ffve1924b_GND3,zu19ffve1924b_MGTAVCC_RN,zu19ffve1924b_MGTAVCC_RS,zu19ffve1924b_MGTAVTT_RN,zu19ffve1924b_MGTAVTT_RS,zu19ffve1924b_MGTVCCAUX_RN,zu19ffve1924b_MGTVCCAUX_RS,zu19ffve1924b_PS_MGTRAVCC,zu19ffve1924b_PS_MGTRAVTT,zu19ffve1924b_VCCAUX,zu19ffve1924b_VCCAUX_IO,zu19ffve1924b_VCCBRAM,zu19ffve1924b_VCCINT,zu19ffve1924b_VCCINT_IO
U 0 -10 10 0 3 0 PARTS=1
U 0 -20 10 0 3 0 LEVEL=STD
U 0 -30 10 0 3 0 DATE=2016_08_02
E
