V 53
K 1461809603 zu19ffvc1760a_504.1
F Case
|R 19:13:23_4-27-16
D 0 985 400 0
Y 1
Z 10
i 144
U 50 945 10 0 3 3 DEVICE=XXXXXX
U 50 30 16 0 3 3 REFDES=U?
U 250 30 10 0 3 3 PKG_TYPE=XXXXXX
U 0 0 10 0 3 0 HETERO=zu19ffvc1760a_0,zu19ffvc1760a_71,zu19ffvc1760a_70,zu19ffvc1760a_69,zu19ffvc1760a_68,zu19ffvc1760a_67,zu19ffvc1760a_66,zu19ffvc1760a_65,zu19ffvc1760a_64,zu19ffvc1760a_94,zu19ffvc1760a_93,zu19ffvc1760a_91,zu19ffvc1760a_90,zu19ffvc1760a_128,zu19ffvc1760a_129,zu19ffvc1760a_130,zu19ffvc1760a_131,zu19ffvc1760a_224,zu19ffvc1760a_225,zu19ffvc1760a_226,zu19ffvc1760a_227,zu19ffvc1760a_228,zu19ffvc1760a_229,zu19ffvc1760a_230,zu19ffvc1760a_231,zu19ffvc1760a_500,zu19ffvc1760a_501,zu19ffvc1760a_502,zu19ffvc1760a_503,zu19ffvc1760a_504,zu19ffvc1760a_505,zu19ffvc1760a_PS_POWER,zu19ffvc1760a_GND1,zu19ffvc1760a_GND2,zu19ffvc1760a_GND3,zu19ffvc1760a_MGTAVCC_L,zu19ffvc1760a_MGTAVCC_RN,zu19ffvc1760a_MGTAVCC_RS,zu19ffvc1760a_MGTAVTT_L,zu19ffvc1760a_MGTAVTT_RN,zu19ffvc1760a_MGTAVTT_RS,zu19ffvc1760a_MGTVCCAUX_L,zu19ffvc1760a_MGTVCCAUX_RN,zu19ffvc1760a_MGTVCCAUX_RS,zu19ffvc1760a_PS_MGTRAVCC,zu19ffvc1760a_PS_MGTRAVTT,zu19ffvc1760a_VCCAUX,zu19ffvc1760a_VCCAUX_IO,zu19ffvc1760a_VCCBRAM,zu19ffvc1760a_VCCINT,zu19ffvc1760a_VCCINT_IO
U 0 -10 10 0 3 0 PARTS=1
U 0 -20 10 0 3 0 LEVEL=STD
U 0 -30 10 0 3 0 DATE=2016_04_18
U 0 0 10 0 1 0 FORWARD_PCB=1
b 50 50 350 935
T 220 851 20 0 5 XCZU19EGFFVC1760
T 220 871 20 0 5 BANK 504
c 70 915 10
P 1 0 110 50 110 0 2 0
L 55 110 10 0 2 0 1 0 VCCO_PSDDR_504_AN35
A 45 110 10 0 9 3 #=AN35
A 10 110 10 0 2 0 PINTYPE=BI
P 2 0 120 50 120 0 2 0
L 55 120 10 0 2 0 1 0 VCCO_PSDDR_504_AR31
A 45 120 10 0 9 3 #=AR31
A 10 120 10 0 2 0 PINTYPE=BI
P 3 0 130 50 130 0 2 0
L 55 130 10 0 2 0 1 0 VCCO_PSDDR_504_AR36
A 45 130 10 0 9 3 #=AR36
A 10 130 10 0 2 0 PINTYPE=BI
P 4 0 140 50 140 0 2 0
L 55 140 10 0 2 0 1 0 VCCO_PSDDR_504_AU32
A 45 140 10 0 9 3 #=AU32
A 10 140 10 0 2 0 PINTYPE=BI
P 5 0 150 50 150 0 2 0
L 55 150 10 0 2 0 1 0 VCCO_PSDDR_504_AU37
A 45 150 10 0 9 3 #=AU37
A 10 150 10 0 2 0 PINTYPE=BI
P 6 0 160 50 160 0 2 0
L 55 160 10 0 2 0 1 0 VCCO_PSDDR_504_AW33
A 45 160 10 0 9 3 #=AW33
A 10 160 10 0 2 0 PINTYPE=BI
P 7 0 170 50 170 0 2 0
L 55 170 10 0 2 0 1 0 VCCO_PSDDR_504_AW38
A 45 170 10 0 9 3 #=AW38
A 10 170 10 0 2 0 PINTYPE=BI
P 8 400 110 350 110 0 3 0
L 345 110 10 0 8 0 1 0 PS_DDR_ZQ_AN34
A 355 110 10 0 3 3 #=AN34
A 405 110 10 0 2 0 PINTYPE=BI
P 9 400 120 350 120 0 3 0
L 345 120 10 0 8 0 1 0 PS_DDR_DQ71_AW39
A 355 120 10 0 3 3 #=AW39
A 405 120 10 0 2 0 PINTYPE=BI
P 10 400 130 350 130 0 3 0
L 345 130 10 0 8 0 1 0 PS_DDR_DQ70_AW41
A 355 130 10 0 3 3 #=AW41
A 405 130 10 0 2 0 PINTYPE=BI
P 11 400 140 350 140 0 3 0
L 345 140 10 0 8 0 1 0 PS_DDR_DQ69_AW40
A 355 140 10 0 3 3 #=AW40
A 405 140 10 0 2 0 PINTYPE=BI
P 12 400 150 350 150 0 3 0
L 345 150 10 0 8 0 1 0 PS_DDR_DQ68_AW42
A 355 150 10 0 3 3 #=AW42
A 405 150 10 0 2 0 PINTYPE=BI
P 13 400 160 350 160 0 3 0
L 345 160 10 0 8 0 1 0 PS_DDR_DQ67_BA40
A 355 160 10 0 3 3 #=BA40
A 405 160 10 0 2 0 PINTYPE=BI
P 14 400 170 350 170 0 3 0
L 345 170 10 0 8 0 1 0 PS_DDR_DQ66_BA42
A 355 170 10 0 3 3 #=BA42
A 405 170 10 0 2 0 PINTYPE=BI
P 15 400 180 350 180 0 3 0
L 345 180 10 0 8 0 1 0 PS_DDR_DQ65_BA41
A 355 180 10 0 3 3 #=BA41
A 405 180 10 0 2 0 PINTYPE=BI
P 16 400 190 350 190 0 3 0
L 345 190 10 0 8 0 1 0 PS_DDR_DQ64_BB40
A 355 190 10 0 3 3 #=BB40
A 405 190 10 0 2 0 PINTYPE=BI
P 17 400 200 350 200 0 3 0
L 345 200 10 0 8 0 1 0 PS_DDR_DQ63_AK41
A 355 200 10 0 3 3 #=AK41
A 405 200 10 0 2 0 PINTYPE=BI
P 18 400 210 350 210 0 3 0
L 345 210 10 0 8 0 1 0 PS_DDR_DQ62_AK40
A 355 210 10 0 3 3 #=AK40
A 405 210 10 0 2 0 PINTYPE=BI
P 19 400 220 350 220 0 3 0
L 345 220 10 0 8 0 1 0 PS_DDR_DQ61_AK42
A 355 220 10 0 3 3 #=AK42
A 405 220 10 0 2 0 PINTYPE=BI
P 20 400 230 350 230 0 3 0
L 345 230 10 0 8 0 1 0 PS_DDR_DQ60_AJ42
A 355 230 10 0 3 3 #=AJ42
A 405 230 10 0 2 0 PINTYPE=BI
P 21 400 240 350 240 0 3 0
L 345 240 10 0 8 0 1 0 PS_DDR_DQ59_AM41
A 355 240 10 0 3 3 #=AM41
A 405 240 10 0 2 0 PINTYPE=BI
P 22 400 250 350 250 0 3 0
L 345 250 10 0 8 0 1 0 PS_DDR_DQ58_AM40
A 355 250 10 0 3 3 #=AM40
A 405 250 10 0 2 0 PINTYPE=BI
P 23 400 260 350 260 0 3 0
L 345 260 10 0 8 0 1 0 PS_DDR_DQ57_AM38
A 355 260 10 0 3 3 #=AM38
A 405 260 10 0 2 0 PINTYPE=BI
P 24 400 270 350 270 0 3 0
L 345 270 10 0 8 0 1 0 PS_DDR_DQ56_AM39
A 355 270 10 0 3 3 #=AM39
A 405 270 10 0 2 0 PINTYPE=BI
P 25 400 280 350 280 0 3 0
L 345 280 10 0 8 0 1 0 PS_DDR_DQ55_AV38
A 355 280 10 0 3 3 #=AV38
A 405 280 10 0 2 0 PINTYPE=BI
P 26 400 290 350 290 0 3 0
L 345 290 10 0 8 0 1 0 PS_DDR_DQ54_AV39
A 355 290 10 0 3 3 #=AV39
A 405 290 10 0 2 0 PINTYPE=BI
P 27 400 300 350 300 0 3 0
L 345 300 10 0 8 0 1 0 PS_DDR_DQ53_AV41
A 355 300 10 0 3 3 #=AV41
A 405 300 10 0 2 0 PINTYPE=BI
P 28 400 310 350 310 0 3 0
L 345 310 10 0 8 0 1 0 PS_DDR_DQ52_AV42
A 355 310 10 0 3 3 #=AV42
A 405 310 10 0 2 0 PINTYPE=BI
P 29 400 320 350 320 0 3 0
L 345 320 10 0 8 0 1 0 PS_DDR_DQ51_AT40
A 355 320 10 0 3 3 #=AT40
A 405 320 10 0 2 0 PINTYPE=BI
P 30 400 330 350 330 0 3 0
L 345 330 10 0 8 0 1 0 PS_DDR_DQ50_AT42
A 355 330 10 0 3 3 #=AT42
A 405 330 10 0 2 0 PINTYPE=BI
P 31 400 340 350 340 0 3 0
L 345 340 10 0 8 0 1 0 PS_DDR_DQ49_AT41
A 355 340 10 0 3 3 #=AT41
A 405 340 10 0 2 0 PINTYPE=BI
P 32 400 350 350 350 0 3 0
L 345 350 10 0 8 0 1 0 PS_DDR_DQ48_AR42
A 355 350 10 0 3 3 #=AR42
A 405 350 10 0 2 0 PINTYPE=BI
P 33 400 360 350 360 0 3 0
L 345 360 10 0 8 0 1 0 PS_DDR_DQ47_AK35
A 355 360 10 0 3 3 #=AK35
A 405 360 10 0 2 0 PINTYPE=BI
P 34 400 370 350 370 0 3 0
L 345 370 10 0 8 0 1 0 PS_DDR_DQ46_AJ35
A 355 370 10 0 3 3 #=AJ35
A 405 370 10 0 2 0 PINTYPE=BI
P 35 400 380 350 380 0 3 0
L 345 380 10 0 8 0 1 0 PS_DDR_DQ45_AL35
A 355 380 10 0 3 3 #=AL35
A 405 380 10 0 2 0 PINTYPE=BI
P 36 400 390 350 390 0 3 0
L 345 390 10 0 8 0 1 0 PS_DDR_DQ44_AJ36
A 355 390 10 0 3 3 #=AJ36
A 405 390 10 0 2 0 PINTYPE=BI
P 37 400 400 350 400 0 3 0
L 345 400 10 0 8 0 1 0 PS_DDR_DQ43_AK39
A 355 400 10 0 3 3 #=AK39
A 405 400 10 0 2 0 PINTYPE=BI
P 38 400 410 350 410 0 3 0
L 345 410 10 0 8 0 1 0 PS_DDR_DQ42_AK38
A 355 410 10 0 3 3 #=AK38
A 405 410 10 0 2 0 PINTYPE=BI
P 39 400 420 350 420 0 3 0
L 345 420 10 0 8 0 1 0 PS_DDR_DQ41_AL38
A 355 420 10 0 3 3 #=AL38
A 405 420 10 0 2 0 PINTYPE=BI
P 40 400 430 350 430 0 3 0
L 345 430 10 0 8 0 1 0 PS_DDR_DQ40_AL37
A 355 430 10 0 3 3 #=AL37
A 405 430 10 0 2 0 PINTYPE=BI
P 41 400 440 350 440 0 3 0
L 345 440 10 0 8 0 1 0 PS_DDR_DQ39_AN38
A 355 440 10 0 3 3 #=AN38
A 405 440 10 0 2 0 PINTYPE=BI
P 42 400 450 350 450 0 3 0
L 345 450 10 0 8 0 1 0 PS_DDR_DQ38_AP39
A 355 450 10 0 3 3 #=AP39
A 405 450 10 0 2 0 PINTYPE=BI
P 43 400 460 350 460 0 3 0
L 345 460 10 0 8 0 1 0 PS_DDR_DQ37_AR38
A 355 460 10 0 3 3 #=AR38
A 405 460 10 0 2 0 PINTYPE=BI
P 44 400 470 350 470 0 3 0
L 345 470 10 0 8 0 1 0 PS_DDR_DQ36_AN39
A 355 470 10 0 3 3 #=AN39
A 405 470 10 0 2 0 PINTYPE=BI
P 45 400 480 350 480 0 3 0
L 345 480 10 0 8 0 1 0 PS_DDR_DQ35_AP41
A 355 480 10 0 3 3 #=AP41
A 405 480 10 0 2 0 PINTYPE=BI
P 46 400 490 350 490 0 3 0
L 345 490 10 0 8 0 1 0 PS_DDR_DQ34_AP42
A 355 490 10 0 3 3 #=AP42
A 405 490 10 0 2 0 PINTYPE=BI
P 47 400 500 350 500 0 3 0
L 345 500 10 0 8 0 1 0 PS_DDR_DQ33_AN42
A 355 500 10 0 3 3 #=AN42
A 405 500 10 0 2 0 PINTYPE=BI
P 48 400 510 350 510 0 3 0
L 345 510 10 0 8 0 1 0 PS_DDR_DQ32_AN41
A 355 510 10 0 3 3 #=AN41
A 405 510 10 0 2 0 PINTYPE=BI
P 49 400 520 350 520 0 3 0
L 345 520 10 0 8 0 1 0 PS_DDR_DQ31_AN31
A 355 520 10 0 3 3 #=AN31
A 405 520 10 0 2 0 PINTYPE=BI
P 50 400 530 350 530 0 3 0
L 345 530 10 0 8 0 1 0 PS_DDR_DQ30_AN32
A 355 530 10 0 3 3 #=AN32
A 405 530 10 0 2 0 PINTYPE=BI
P 51 400 540 350 540 0 3 0
L 345 540 10 0 8 0 1 0 PS_DDR_DQ29_AP32
A 355 540 10 0 3 3 #=AP32
A 405 540 10 0 2 0 PINTYPE=BI
P 52 400 550 350 550 0 3 0
L 345 550 10 0 8 0 1 0 PS_DDR_DQ28_AN33
A 355 550 10 0 3 3 #=AN33
A 405 550 10 0 2 0 PINTYPE=BI
P 53 400 560 350 560 0 3 0
L 345 560 10 0 8 0 1 0 PS_DDR_DQ27_AU34
A 355 560 10 0 3 3 #=AU34
A 405 560 10 0 2 0 PINTYPE=BI
P 54 400 570 350 570 0 3 0
L 345 570 10 0 8 0 1 0 PS_DDR_DQ26_AT33
A 355 570 10 0 3 3 #=AT33
A 405 570 10 0 2 0 PINTYPE=BI
P 55 400 580 350 580 0 3 0
L 345 580 10 0 8 0 1 0 PS_DDR_DQ25_AU33
A 355 580 10 0 3 3 #=AU33
A 405 580 10 0 2 0 PINTYPE=BI
P 56 400 590 350 590 0 3 0
L 345 590 10 0 8 0 1 0 PS_DDR_DQ24_AV34
A 355 590 10 0 3 3 #=AV34
A 405 590 10 0 2 0 PINTYPE=BI
P 57 400 600 350 600 0 3 0
L 345 600 10 0 8 0 1 0 PS_DDR_DQ23_AU29
A 355 600 10 0 3 3 #=AU29
A 405 600 10 0 2 0 PINTYPE=BI
P 58 400 610 350 610 0 3 0
L 345 610 10 0 8 0 1 0 PS_DDR_DQ22_AU31
A 355 610 10 0 3 3 #=AU31
A 405 610 10 0 2 0 PINTYPE=BI
P 59 400 620 350 620 0 3 0
L 345 620 10 0 8 0 1 0 PS_DDR_DQ21_AU30
A 355 620 10 0 3 3 #=AU30
A 405 620 10 0 2 0 PINTYPE=BI
P 60 400 630 350 630 0 3 0
L 345 630 10 0 8 0 1 0 PS_DDR_DQ20_AT31
A 355 630 10 0 3 3 #=AT31
A 405 630 10 0 2 0 PINTYPE=BI
P 61 400 640 350 640 0 3 0
L 345 640 10 0 8 0 1 0 PS_DDR_DQ19_AP31
A 355 640 10 0 3 3 #=AP31
A 405 640 10 0 2 0 PINTYPE=BI
P 62 400 650 350 650 0 3 0
L 345 650 10 0 8 0 1 0 PS_DDR_DQ18_AP30
A 355 650 10 0 3 3 #=AP30
A 405 650 10 0 2 0 PINTYPE=BI
P 63 400 660 350 660 0 3 0
L 345 660 10 0 8 0 1 0 PS_DDR_DQ17_AP29
A 355 660 10 0 3 3 #=AP29
A 405 660 10 0 2 0 PINTYPE=BI
P 64 400 670 350 670 0 3 0
L 345 670 10 0 8 0 1 0 PS_DDR_DQ16_AN29
A 355 670 10 0 3 3 #=AN29
A 405 670 10 0 2 0 PINTYPE=BI
P 65 400 680 350 680 0 3 0
L 345 680 10 0 8 0 1 0 PS_DDR_DQ15_AV33
A 355 680 10 0 3 3 #=AV33
A 405 680 10 0 2 0 PINTYPE=BI
P 66 400 690 350 690 0 3 0
L 345 690 10 0 8 0 1 0 PS_DDR_DQ14_AV32
A 355 690 10 0 3 3 #=AV32
A 405 690 10 0 2 0 PINTYPE=BI
P 67 400 700 350 700 0 3 0
L 345 700 10 0 8 0 1 0 PS_DDR_DQ13_AW32
A 355 700 10 0 3 3 #=AW32
A 405 700 10 0 2 0 PINTYPE=BI
P 68 400 710 350 710 0 3 0
L 345 710 10 0 8 0 1 0 PS_DDR_DQ12_AV31
A 355 710 10 0 3 3 #=AV31
A 405 710 10 0 2 0 PINTYPE=BI
P 69 400 720 350 720 0 3 0
L 345 720 10 0 8 0 1 0 PS_DDR_DQ11_BB34
A 355 720 10 0 3 3 #=BB34
A 405 720 10 0 2 0 PINTYPE=BI
P 70 400 730 350 730 0 3 0
L 345 730 10 0 8 0 1 0 PS_DDR_DQ10_BA33
A 355 730 10 0 3 3 #=BA33
A 405 730 10 0 2 0 PINTYPE=BI
P 71 400 740 350 740 0 3 0
L 345 740 10 0 8 0 1 0 PS_DDR_DQ9_BA32
A 355 740 10 0 3 3 #=BA32
A 405 740 10 0 2 0 PINTYPE=BI
P 72 400 750 350 750 0 3 0
L 345 750 10 0 8 0 1 0 PS_DDR_DQ8_BB33
A 355 750 10 0 3 3 #=BB33
A 405 750 10 0 2 0 PINTYPE=BI
P 73 400 760 350 760 0 3 0
L 345 760 10 0 8 0 1 0 PS_DDR_DQ7_BA31
A 355 760 10 0 3 3 #=BA31
A 405 760 10 0 2 0 PINTYPE=BI
P 74 400 770 350 770 0 3 0
L 345 770 10 0 8 0 1 0 PS_DDR_DQ6_BB29
A 355 770 10 0 3 3 #=BB29
A 405 770 10 0 2 0 PINTYPE=BI
P 75 400 780 350 780 0 3 0
L 345 780 10 0 8 0 1 0 PS_DDR_DQ5_BB30
A 355 780 10 0 3 3 #=BB30
A 405 780 10 0 2 0 PINTYPE=BI
P 76 400 790 350 790 0 3 0
L 345 790 10 0 8 0 1 0 PS_DDR_DQ4_BB31
A 355 790 10 0 3 3 #=BB31
A 405 790 10 0 2 0 PINTYPE=BI
P 77 400 800 350 800 0 3 0
L 345 800 10 0 8 0 1 0 PS_DDR_DQ3_AW31
A 355 800 10 0 3 3 #=AW31
A 405 800 10 0 2 0 PINTYPE=BI
P 78 400 810 350 810 0 3 0
L 345 810 10 0 8 0 1 0 PS_DDR_DQ2_AW29
A 355 810 10 0 3 3 #=AW29
A 405 810 10 0 2 0 PINTYPE=BI
P 79 400 820 350 820 0 3 0
L 345 820 10 0 8 0 1 0 PS_DDR_DQ1_AW30
A 355 820 10 0 3 3 #=AW30
A 405 820 10 0 2 0 PINTYPE=BI
P 80 400 830 350 830 0 3 0
L 345 830 10 0 8 0 1 0 PS_DDR_DQ0_AV29
A 355 830 10 0 3 3 #=AV29
A 405 830 10 0 2 0 PINTYPE=BI
P 81 0 210 50 210 0 2 0
L 55 210 10 0 2 0 1 0 PS_DDR_DM8_AY42
A 45 210 10 0 9 3 #=AY42
A -5 210 10 0 8 0 PINTYPE=BI
P 82 0 220 50 220 0 2 0
L 55 220 10 0 2 0 1 0 PS_DDR_DM7_AL42
A 45 220 10 0 9 3 #=AL42
A 10 220 10 0 2 0 PINTYPE=BI
P 83 0 230 50 230 0 2 0
L 55 230 10 0 2 0 1 0 PS_DDR_DM6_AU39
A 45 230 10 0 9 3 #=AU39
A 10 230 10 0 2 0 PINTYPE=BI
P 84 0 240 50 240 0 2 0
L 55 240 10 0 2 0 1 0 PS_DDR_DM5_AL36
A 45 240 10 0 9 3 #=AL36
A 10 240 10 0 2 0 PINTYPE=BI
P 85 0 250 50 250 0 2 0
L 55 250 10 0 2 0 1 0 PS_DDR_DM4_AR39
A 45 250 10 0 9 3 #=AR39
A 10 250 10 0 2 0 PINTYPE=BI
P 86 0 260 50 260 0 2 0
L 55 260 10 0 2 0 1 0 PS_DDR_DM3_AR33
A 45 260 10 0 9 3 #=AR33
A 10 260 10 0 2 0 PINTYPE=BI
P 87 0 270 50 270 0 2 0
L 55 270 10 0 2 0 1 0 PS_DDR_DM2_AR29
A 45 270 10 0 9 3 #=AR29
A 10 270 10 0 2 0 PINTYPE=BI
P 88 0 280 50 280 0 2 0
L 55 280 10 0 2 0 1 0 PS_DDR_DM1_AY34
A 45 280 10 0 9 3 #=AY34
A 10 280 10 0 2 0 PINTYPE=BI
P 89 0 290 50 290 0 2 0
L 55 290 10 0 2 0 1 0 PS_DDR_DM0_AY29
A 45 290 10 0 9 3 #=AY29
A 10 290 10 0 2 0 PINTYPE=BI
P 90 0 300 50 300 0 2 0
L 55 300 10 0 2 0 1 0 PS_DDR_DQS_N8_AY40
A 45 300 10 0 9 3 #=AY40
A 10 300 10 0 2 0 PINTYPE=BI
P 91 0 310 50 310 0 2 0
L 55 310 10 0 2 0 1 0 PS_DDR_DQS_P8_AY39
A 45 310 10 0 9 3 #=AY39
A 10 310 10 0 2 0 PINTYPE=BI
P 92 0 320 50 320 0 2 0
L 55 320 10 0 2 0 1 0 PS_DDR_DQS_N7_AL41
A 45 320 10 0 9 3 #=AL41
A 10 320 10 0 2 0 PINTYPE=BI
P 93 0 330 50 330 0 2 0
L 55 330 10 0 2 0 1 0 PS_DDR_DQS_P7_AL40
A 45 330 10 0 9 3 #=AL40
A 10 330 10 0 2 0 PINTYPE=BI
P 94 0 340 50 340 0 2 0
L 55 340 10 0 2 0 1 0 PS_DDR_DQS_N6_AU41
A 45 340 10 0 9 3 #=AU41
A 10 340 10 0 2 0 PINTYPE=BI
P 95 0 350 50 350 0 2 0
L 55 350 10 0 2 0 1 0 PS_DDR_DQS_P6_AU40
A 45 350 10 0 9 3 #=AU40
A 10 350 10 0 2 0 PINTYPE=BI
P 96 0 360 50 360 0 2 0
L 55 360 10 0 2 0 1 0 PS_DDR_DQS_N5_AK37
A 45 360 10 0 9 3 #=AK37
A 10 360 10 0 2 0 PINTYPE=BI
P 97 0 370 50 370 0 2 0
L 55 370 10 0 2 0 1 0 PS_DDR_DQS_P5_AJ37
A 45 370 10 0 9 3 #=AJ37
A 10 370 10 0 2 0 PINTYPE=BI
P 98 0 380 50 380 0 2 0
L 55 380 10 0 2 0 1 0 PS_DDR_DQS_N4_AR40
A 45 380 10 0 9 3 #=AR40
A 10 380 10 0 2 0 PINTYPE=BI
P 99 0 390 50 390 0 2 0
L 55 390 10 0 2 0 1 0 PS_DDR_DQS_P4_AP40
A 45 390 10 0 9 3 #=AP40
A 10 390 10 0 2 0 PINTYPE=BI
P 100 0 400 50 400 0 2 0
L 55 400 10 0 2 0 1 0 PS_DDR_DQS_N3_AT32
A 45 400 10 0 9 3 #=AT32
A 10 400 10 0 2 0 PINTYPE=BI
P 101 0 410 50 410 0 2 0
L 55 410 10 0 2 0 1 0 PS_DDR_DQS_P3_AR32
A 45 410 10 0 9 3 #=AR32
A 10 410 10 0 2 0 PINTYPE=BI
P 102 0 420 50 420 0 2 0
L 55 420 10 0 2 0 1 0 PS_DDR_DQS_N2_AT30
A 45 420 10 0 9 3 #=AT30
A 10 420 10 0 2 0 PINTYPE=BI
P 103 0 430 50 430 0 2 0
L 55 430 10 0 2 0 1 0 PS_DDR_DQS_P2_AR30
A 45 430 10 0 9 3 #=AR30
A 10 430 10 0 2 0 PINTYPE=BI
P 104 0 440 50 440 0 2 0
L 55 440 10 0 2 0 1 0 PS_DDR_DQS_N1_AY33
A 45 440 10 0 9 3 #=AY33
A 10 440 10 0 2 0 PINTYPE=BI
P 105 0 450 50 450 0 2 0
L 55 450 10 0 2 0 1 0 PS_DDR_DQS_P1_AY32
A 45 450 10 0 9 3 #=AY32
A 10 450 10 0 2 0 PINTYPE=BI
P 106 0 460 50 460 0 2 0
L 55 460 10 0 2 0 1 0 PS_DDR_DQS_N0_BA30
A 45 460 10 0 9 3 #=BA30
A 10 460 10 0 2 0 PINTYPE=BI
P 107 0 470 50 470 0 2 0
L 55 470 10 0 2 0 1 0 PS_DDR_DQS_P0_AY30
A 45 470 10 0 9 3 #=AY30
A 10 470 10 0 2 0 PINTYPE=BI
P 108 0 480 50 480 0 2 0
L 55 480 10 0 2 0 1 0 PS_DDR_ODT1_AT37
A 45 480 10 0 9 3 #=AT37
A 10 480 10 0 2 0 PINTYPE=BI
P 109 0 490 50 490 0 2 0
L 55 490 10 0 2 0 1 0 PS_DDR_ODT0_BB39
A 45 490 10 0 9 3 #=BB39
A 10 490 10 0 2 0 PINTYPE=BI
P 110 0 500 50 500 0 2 0
L 55 500 10 0 2 0 1 0 PS_DDR_CKE1_AT38
A 45 500 10 0 9 3 #=AT38
A 10 500 10 0 2 0 PINTYPE=BI
P 111 0 510 50 510 0 2 0
L 55 510 10 0 2 0 1 0 PS_DDR_CKE0_AY38
A 45 510 10 0 9 3 #=AY38
A 10 510 10 0 2 0 PINTYPE=BI
P 112 0 520 50 520 0 2 0
L 55 520 10 0 2 0 1 0 PS_DDR_CK_N1_AV37
A 45 520 10 0 9 3 #=AV37
A 10 520 10 0 2 0 PINTYPE=BI
P 113 0 530 50 530 0 2 0
L 55 530 10 0 2 0 1 0 PS_DDR_CK1_AV36
A 45 530 10 0 9 3 #=AV36
A 10 530 10 0 2 0 PINTYPE=BI
P 114 0 540 50 540 0 2 0
L 55 540 10 0 2 0 1 0 PS_DDR_CK_N0_BA37
A 45 540 10 0 9 3 #=BA37
A 10 540 10 0 2 0 PINTYPE=BI
P 115 0 550 50 550 0 2 0
L 55 550 10 0 2 0 1 0 PS_DDR_CK0_BA36
A 45 550 10 0 9 3 #=BA36
A 10 550 10 0 2 0 PINTYPE=BI
P 116 0 560 50 560 0 2 0
L 55 560 10 0 2 0 1 0 PS_DDR_CS_N1_AU38
A 45 560 10 0 9 3 #=AU38
A 10 560 10 0 2 0 PINTYPE=BI
P 117 0 570 50 570 0 2 0
L 55 570 10 0 2 0 1 0 PS_DDR_CS_N0_AY37
A 45 570 10 0 9 3 #=AY37
A 10 570 10 0 2 0 PINTYPE=BI
P 118 0 580 50 580 0 2 0
L 55 580 10 0 2 0 1 0 PS_DDR_BG1_AP35
A 45 580 10 0 9 3 #=AP35
A 10 580 10 0 2 0 PINTYPE=BI
P 119 0 590 50 590 0 2 0
L 55 590 10 0 2 0 1 0 PS_DDR_BG0_AP36
A 45 590 10 0 9 3 #=AP36
A 10 590 10 0 2 0 PINTYPE=BI
P 120 0 600 50 600 0 2 0
L 55 600 10 0 2 0 1 0 PS_DDR_RAM_RST_N_AM34
A 45 600 10 0 9 3 #=AM34
A 10 600 10 0 2 0 PINTYPE=BI
P 121 0 610 50 610 0 2 0
L 55 610 10 0 2 0 1 0 PS_DDR_PARITY_AM35
A 45 610 10 0 9 3 #=AM35
A 10 610 10 0 2 0 PINTYPE=BI
P 122 0 620 50 620 0 2 0
L 55 620 10 0 2 0 1 0 PS_DDR_ALERT_N_AM36
A 45 620 10 0 9 3 #=AM36
A 10 620 10 0 2 0 PINTYPE=BI
P 123 0 630 50 630 0 2 0
L 55 630 10 0 2 0 1 0 PS_DDR_ACT_N_AR37
A 45 630 10 0 9 3 #=AR37
A 10 630 10 0 2 0 PINTYPE=BI
P 124 0 640 50 640 0 2 0
L 55 640 10 0 2 0 1 0 PS_DDR_BA1_AN36
A 45 640 10 0 9 3 #=AN36
A 10 640 10 0 2 0 PINTYPE=BI
P 125 0 650 50 650 0 2 0
L 55 650 10 0 2 0 1 0 PS_DDR_BA0_AN37
A 45 650 10 0 9 3 #=AN37
A 10 650 10 0 2 0 PINTYPE=BI
P 126 0 660 50 660 0 2 0
L 55 660 10 0 2 0 1 0 PS_DDR_A17_AP34
A 45 660 10 0 9 3 #=AP34
A 10 660 10 0 2 0 PINTYPE=BI
P 127 0 670 50 670 0 2 0
L 55 670 10 0 2 0 1 0 PS_DDR_A16_AR34
A 45 670 10 0 9 3 #=AR34
A 10 670 10 0 2 0 PINTYPE=BI
P 128 0 680 50 680 0 2 0
L 55 680 10 0 2 0 1 0 PS_DDR_A15_AW34
A 45 680 10 0 9 3 #=AW34
A 10 680 10 0 2 0 PINTYPE=BI
P 129 0 690 50 690 0 2 0
L 55 690 10 0 2 0 1 0 PS_DDR_A14_AW35
A 45 690 10 0 9 3 #=AW35
A 10 690 10 0 2 0 PINTYPE=BI
P 130 0 700 50 700 0 2 0
L 55 700 10 0 2 0 1 0 PS_DDR_A13_AW37
A 45 700 10 0 9 3 #=AW37
A 10 700 10 0 2 0 PINTYPE=BI
P 131 0 710 50 710 0 2 0
L 55 710 10 0 2 0 1 0 PS_DDR_A12_AW36
A 45 710 10 0 9 3 #=AW36
A 10 710 10 0 2 0 PINTYPE=BI
P 132 0 720 50 720 0 2 0
L 55 720 10 0 2 0 1 0 PS_DDR_A11_AU36
A 45 720 10 0 9 3 #=AU36
A 10 720 10 0 2 0 PINTYPE=BI
P 133 0 730 50 730 0 2 0
L 55 730 10 0 2 0 1 0 PS_DDR_A10_AU35
A 45 730 10 0 9 3 #=AU35
A 10 730 10 0 2 0 PINTYPE=BI
P 134 0 740 50 740 0 2 0
L 55 740 10 0 2 0 1 0 PS_DDR_A9_AT35
A 45 740 10 0 9 3 #=AT35
A 10 740 10 0 2 0 PINTYPE=BI
P 135 0 750 50 750 0 2 0
L 55 750 10 0 2 0 1 0 PS_DDR_A8_AR35
A 45 750 10 0 9 3 #=AR35
A 10 750 10 0 2 0 PINTYPE=BI
P 136 0 760 50 760 0 2 0
L 55 760 10 0 2 0 1 0 PS_DDR_A7_AT36
A 45 760 10 0 9 3 #=AT36
A 10 760 10 0 2 0 PINTYPE=BI
P 137 0 770 50 770 0 2 0
L 55 770 10 0 2 0 1 0 PS_DDR_A6_AP37
A 45 770 10 0 9 3 #=AP37
A 10 770 10 0 2 0 PINTYPE=BI
P 138 0 780 50 780 0 2 0
L 55 780 10 0 2 0 1 0 PS_DDR_A5_AY35
A 45 780 10 0 9 3 #=AY35
A 10 780 10 0 2 0 PINTYPE=BI
P 139 0 790 50 790 0 2 0
L 55 790 10 0 2 0 1 0 PS_DDR_A4_BB38
A 45 790 10 0 9 3 #=BB38
A 10 790 10 0 2 0 PINTYPE=BI
P 140 0 800 50 800 0 2 0
L 55 800 10 0 2 0 1 0 PS_DDR_A3_BB35
A 45 800 10 0 9 3 #=BB35
A 10 800 10 0 2 0 PINTYPE=BI
P 141 0 810 50 810 0 2 0
L 55 810 10 0 2 0 1 0 PS_DDR_A2_BA35
A 45 810 10 0 9 3 #=BA35
A 10 810 10 0 2 0 PINTYPE=BI
P 142 0 820 50 820 0 2 0
L 55 820 10 0 2 0 1 0 PS_DDR_A1_BB36
A 45 820 10 0 9 3 #=BB36
A 10 820 10 0 2 0 PINTYPE=BI
P 143 0 830 50 830 0 2 0
L 55 830 10 0 2 0 1 0 PS_DDR_A0_BA38
A 45 830 10 0 9 3 #=BA38
A 10 830 10 0 2 0 PINTYPE=BI
E 
