V 50
K 153165148200 xc7a350tfbg676
Y 1
D 0 0 400 810
Z 10
i 946
b 50 50 350 760
P 1 400 100 350 100 0 3 0
A 355 100 10 0 3 0 #=A6
L 345 100 10 0 8 0 1 0 GND_A6
A 405 100 10 0 2 0 PINTYPE=BI
P 2 400 110 350 110 0 3 0
A 355 110 10 0 3 0 #=A8
L 345 110 10 0 8 0 1 0 GND_A8
A 405 110 10 0 2 0 PINTYPE=BI
P 3 400 120 350 120 0 3 0
A 355 120 10 0 3 0 #=A10
L 345 120 10 0 8 0 1 0 GND_A10
A 405 120 10 0 2 0 PINTYPE=BI
P 4 400 130 350 130 0 3 0
A 355 130 10 0 3 0 #=A12
L 345 130 10 0 8 0 1 0 GND_A12
A 405 130 10 0 2 0 PINTYPE=BI
P 5 400 140 350 140 0 3 0
A 355 140 10 0 3 0 #=A14
L 345 140 10 0 8 0 1 0 GND_A14
A 405 140 10 0 2 0 PINTYPE=BI
P 6 400 150 350 150 0 3 0
A 355 150 10 0 3 0 #=A16
L 345 150 10 0 8 0 1 0 GND_A16
A 405 150 10 0 2 0 PINTYPE=BI
P 7 400 160 350 160 0 3 0
A 355 160 10 0 3 0 #=A26
L 345 160 10 0 8 0 1 0 GND_A26
A 405 160 10 0 2 0 PINTYPE=BI
P 8 400 170 350 170 0 3 0
A 355 170 10 0 3 0 #=AA6
L 345 170 10 0 8 0 1 0 GND_AA6
A 405 170 10 0 2 0 PINTYPE=BI
P 9 400 180 350 180 0 3 0
A 355 180 10 0 3 0 #=AA14
L 345 180 10 0 8 0 1 0 GND_AA14
A 405 180 10 0 2 0 PINTYPE=BI
P 10 400 190 350 190 0 3 0
A 355 190 10 0 3 0 #=AA16
L 345 190 10 0 8 0 1 0 GND_AA16
A 405 190 10 0 2 0 PINTYPE=BI
P 11 400 200 350 200 0 3 0
A 355 200 10 0 3 0 #=AA26
L 345 200 10 0 8 0 1 0 GND_AA26
A 405 200 10 0 2 0 PINTYPE=BI
P 12 400 210 350 210 0 3 0
A 355 210 10 0 3 0 #=AB3
L 345 210 10 0 8 0 1 0 GND_AB3
A 405 210 10 0 2 0 PINTYPE=BI
P 13 400 220 350 220 0 3 0
A 355 220 10 0 3 0 #=AD16
L 345 220 10 0 8 0 1 0 GND_AD16
A 405 220 10 0 2 0 PINTYPE=BI
P 14 400 230 350 230 0 3 0
A 355 230 10 0 3 0 #=AB8
L 345 230 10 0 8 0 1 0 GND_AB8
A 405 230 10 0 2 0 PINTYPE=BI
P 15 400 240 350 240 0 3 0
A 355 240 10 0 3 0 #=AB10
L 345 240 10 0 8 0 1 0 GND_AB10
A 405 240 10 0 2 0 PINTYPE=BI
P 16 400 250 350 250 0 3 0
A 355 250 10 0 3 0 #=AB12
L 345 250 10 0 8 0 1 0 GND_AB12
A 405 250 10 0 2 0 PINTYPE=BI
P 17 400 260 350 260 0 3 0
A 355 260 10 0 3 0 #=AB14
L 345 260 10 0 8 0 1 0 GND_AB14
A 405 260 10 0 2 0 PINTYPE=BI
P 18 400 270 350 270 0 3 0
A 355 270 10 0 3 0 #=AB23
L 345 270 10 0 8 0 1 0 GND_AB23
A 405 270 10 0 2 0 PINTYPE=BI
P 19 400 280 350 280 0 3 0
A 355 280 10 0 3 0 #=AC7
L 345 280 10 0 8 0 1 0 GND_AC7
A 405 280 10 0 2 0 PINTYPE=BI
P 20 400 290 350 290 0 3 0
A 355 290 10 0 3 0 #=AC15
L 345 290 10 0 8 0 1 0 GND_AC15
A 405 290 10 0 2 0 PINTYPE=BI
P 21 400 300 350 300 0 3 0
A 355 300 10 0 3 0 #=AC20
L 345 300 10 0 8 0 1 0 GND_AC20
A 405 300 10 0 2 0 PINTYPE=BI
P 22 400 310 350 310 0 3 0
A 355 310 10 0 3 0 #=AD6
L 345 310 10 0 8 0 1 0 GND_AD6
A 405 310 10 0 2 0 PINTYPE=BI
P 23 400 320 350 320 0 3 0
A 355 320 10 0 3 0 #=AD9
L 345 320 10 0 8 0 1 0 GND_AD9
A 405 320 10 0 2 0 PINTYPE=BI
P 24 400 330 350 330 0 3 0
A 355 330 10 0 3 0 #=AD11
L 345 330 10 0 8 0 1 0 GND_AD11
A 405 330 10 0 2 0 PINTYPE=BI
P 25 400 340 350 340 0 3 0
A 355 340 10 0 3 0 #=AD13
L 345 340 10 0 8 0 1 0 GND_AD13
A 405 340 10 0 2 0 PINTYPE=BI
P 26 400 350 350 350 0 3 0
A 355 350 10 0 3 0 #=AE4
L 345 350 10 0 8 0 1 0 GND_AE4
A 405 350 10 0 2 0 PINTYPE=BI
P 27 400 360 350 360 0 3 0
A 355 360 10 0 3 0 #=AE6
L 345 360 10 0 8 0 1 0 GND_AE6
A 405 360 10 0 2 0 PINTYPE=BI
P 28 400 370 350 370 0 3 0
A 355 370 10 0 3 0 #=E15
L 345 370 10 0 8 0 1 0 GND_E15
A 405 370 10 0 2 0 PINTYPE=BI
P 29 400 380 350 380 0 3 0
A 355 380 10 0 3 0 #=AE24
L 345 380 10 0 8 0 1 0 GND_AE24
A 405 380 10 0 2 0 PINTYPE=BI
P 30 400 390 350 390 0 3 0
A 355 390 10 0 3 0 #=AF1
L 345 390 10 0 8 0 1 0 GND_AF1
A 405 390 10 0 2 0 PINTYPE=BI
P 31 400 400 350 400 0 3 0
A 355 400 10 0 3 0 #=AF6
L 345 400 10 0 8 0 1 0 GND_AF6
A 405 400 10 0 2 0 PINTYPE=BI
P 32 400 410 350 410 0 3 0
A 355 410 10 0 3 0 #=AF8
L 345 410 10 0 8 0 1 0 GND_AF8
A 405 410 10 0 2 0 PINTYPE=BI
P 33 400 420 350 420 0 3 0
A 355 420 10 0 3 0 #=AF10
L 345 420 10 0 8 0 1 0 GND_AF10
A 405 420 10 0 2 0 PINTYPE=BI
P 34 400 430 350 430 0 3 0
A 355 430 10 0 3 0 #=AF12
L 345 430 10 0 8 0 1 0 GND_AF12
A 405 430 10 0 2 0 PINTYPE=BI
P 35 400 440 350 440 0 3 0
A 355 440 10 0 3 0 #=AF14
L 345 440 10 0 8 0 1 0 GND_AF14
A 405 440 10 0 2 0 PINTYPE=BI
P 36 400 450 350 450 0 3 0
A 355 450 10 0 3 0 #=AF16
L 345 450 10 0 8 0 1 0 GND_AF16
A 405 450 10 0 2 0 PINTYPE=BI
P 37 400 460 350 460 0 3 0
A 355 460 10 0 3 0 #=AF21
L 345 460 10 0 8 0 1 0 GND_AF21
A 405 460 10 0 2 0 PINTYPE=BI
P 38 400 470 350 470 0 3 0
A 355 470 10 0 3 0 #=B3
L 345 470 10 0 8 0 1 0 GND_B3
A 405 470 10 0 2 0 PINTYPE=BI
P 39 400 480 350 480 0 3 0
A 355 480 10 0 3 0 #=B6
L 345 480 10 0 8 0 1 0 GND_B6
A 405 480 10 0 2 0 PINTYPE=BI
P 40 400 490 350 490 0 3 0
A 355 490 10 0 3 0 #=B16
L 345 490 10 0 8 0 1 0 GND_B16
A 405 490 10 0 2 0 PINTYPE=BI
P 41 400 500 350 500 0 3 0
A 355 500 10 0 3 0 #=B23
L 345 500 10 0 8 0 1 0 GND_B23
A 405 500 10 0 2 0 PINTYPE=BI
P 42 400 510 350 510 0 3 0
A 355 510 10 0 3 0 #=C6
L 345 510 10 0 8 0 1 0 GND_C6
A 405 510 10 0 2 0 PINTYPE=BI
P 43 400 520 350 520 0 3 0
A 355 520 10 0 3 0 #=C9
L 345 520 10 0 8 0 1 0 GND_C9
A 405 520 10 0 2 0 PINTYPE=BI
P 44 400 530 350 530 0 3 0
A 355 530 10 0 3 0 #=C11
L 345 530 10 0 8 0 1 0 GND_C11
A 405 530 10 0 2 0 PINTYPE=BI
P 45 400 540 350 540 0 3 0
A 355 540 10 0 3 0 #=C13
L 345 540 10 0 8 0 1 0 GND_C13
A 405 540 10 0 2 0 PINTYPE=BI
P 46 400 550 350 550 0 3 0
A 355 550 10 0 3 0 #=C16
L 345 550 10 0 8 0 1 0 GND_C16
A 405 550 10 0 2 0 PINTYPE=BI
P 47 400 560 350 560 0 3 0
A 355 560 10 0 3 0 #=C20
L 345 560 10 0 8 0 1 0 GND_C20
A 405 560 10 0 2 0 PINTYPE=BI
P 48 400 570 350 570 0 3 0
A 355 570 10 0 3 0 #=D7
L 345 570 10 0 8 0 1 0 GND_D7
A 405 570 10 0 2 0 PINTYPE=BI
P 49 400 580 350 580 0 3 0
A 355 580 10 0 3 0 #=D15
L 345 580 10 0 8 0 1 0 GND_D15
A 405 580 10 0 2 0 PINTYPE=BI
P 50 400 590 350 590 0 3 0
A 355 590 10 0 3 0 #=D17
L 345 590 10 0 8 0 1 0 GND_D17
A 405 590 10 0 2 0 PINTYPE=BI
P 51 400 600 350 600 0 3 0
A 355 600 10 0 3 0 #=E4
L 345 600 10 0 8 0 1 0 GND_E4
A 405 600 10 0 2 0 PINTYPE=BI
P 52 400 610 350 610 0 3 0
A 355 610 10 0 3 0 #=E7
L 345 610 10 0 8 0 1 0 GND_E7
A 405 610 10 0 2 0 PINTYPE=BI
P 53 400 620 350 620 0 3 0
A 355 620 10 0 3 0 #=E8
L 345 620 10 0 8 0 1 0 GND_E8
A 405 620 10 0 2 0 PINTYPE=BI
P 54 400 630 350 630 0 3 0
A 355 630 10 0 3 0 #=E9
L 345 630 10 0 8 0 1 0 GND_E9
A 405 630 10 0 2 0 PINTYPE=BI
P 55 400 640 350 640 0 3 0
A 355 640 10 0 3 0 #=E10
L 345 640 10 0 8 0 1 0 GND_E10
A 405 640 10 0 2 0 PINTYPE=BI
P 56 400 650 350 650 0 3 0
A 355 650 10 0 3 0 #=E12
L 345 650 10 0 8 0 1 0 GND_E12
A 405 650 10 0 2 0 PINTYPE=BI
P 57 400 660 350 660 0 3 0
A 355 660 10 0 3 0 #=E14
L 345 660 10 0 8 0 1 0 GND_E14
A 405 660 10 0 2 0 PINTYPE=BI
P 58 400 670 350 670 0 3 0
A 355 670 10 0 3 0 #=E24
L 345 670 10 0 8 0 1 0 GND_E24
A 405 670 10 0 2 0 PINTYPE=BI
P 59 400 680 350 680 0 3 0
A 355 680 10 0 3 0 #=F1
L 345 680 10 0 8 0 1 0 GND_F1
A 405 680 10 0 2 0 PINTYPE=BI
P 60 400 690 350 690 0 3 0
A 355 690 10 0 3 0 #=F9
L 345 690 10 0 8 0 1 0 GND_F9
A 405 690 10 0 2 0 PINTYPE=BI
P 61 0 110 50 110 0 2 0
A 45 110 10 0 9 0 #=F14
L 55 110 10 0 2 0 1 0 GND_F14
A 10 110 10 0 2 0 PINTYPE=BI
P 62 0 120 50 120 0 2 0
A 45 120 10 0 9 0 #=F21
L 55 120 10 0 2 0 1 0 GND_F21
A 10 120 10 0 2 0 PINTYPE=BI
P 63 0 130 50 130 0 2 0
A 45 130 10 0 9 0 #=AA9
L 55 130 10 0 2 0 1 0 GND_AA9
A 10 130 10 0 2 0 PINTYPE=BI
P 64 0 140 50 140 0 2 0
A 45 140 10 0 9 0 #=G10
L 55 140 10 0 2 0 1 0 GND_G10
A 10 140 10 0 2 0 PINTYPE=BI
P 65 0 150 50 150 0 2 0
A 45 150 10 0 9 0 #=G11
L 55 150 10 0 2 0 1 0 GND_G11
A 10 150 10 0 2 0 PINTYPE=BI
P 66 0 160 50 160 0 2 0
A 45 160 10 0 9 0 #=G12
L 55 160 10 0 2 0 1 0 GND_G12
A 10 160 10 0 2 0 PINTYPE=BI
P 67 0 170 50 170 0 2 0
A 45 170 10 0 9 0 #=G13
L 55 170 10 0 2 0 1 0 GND_G13
A 10 170 10 0 2 0 PINTYPE=BI
P 68 0 180 50 180 0 2 0
A 45 180 10 0 9 0 #=AB9
L 55 180 10 0 2 0 1 0 GND_AB9
A 10 180 10 0 2 0 PINTYPE=BI
P 69 0 190 50 190 0 2 0
A 45 190 10 0 9 0 #=G18
L 55 190 10 0 2 0 1 0 GND_G18
A 10 190 10 0 2 0 PINTYPE=BI
P 70 0 200 50 200 0 2 0
A 45 200 10 0 9 0 #=H5
L 55 200 10 0 2 0 1 0 GND_H5
A 10 200 10 0 2 0 PINTYPE=BI
P 71 0 210 50 210 0 2 0
A 45 210 10 0 9 0 #=H25
L 55 210 10 0 2 0 1 0 GND_H25
A 10 210 10 0 2 0 PINTYPE=BI
P 72 0 220 50 220 0 2 0
A 45 220 10 0 9 0 #=J2
L 55 220 10 0 2 0 1 0 GND_J2
A 10 220 10 0 2 0 PINTYPE=BI
P 73 0 230 50 230 0 2 0
A 45 230 10 0 9 0 #=J12
L 55 230 10 0 2 0 1 0 GND_J12
A 10 230 10 0 2 0 PINTYPE=BI
P 74 0 240 50 240 0 2 0
A 45 240 10 0 9 0 #=J22
L 55 240 10 0 2 0 1 0 GND_J22
A 10 240 10 0 2 0 PINTYPE=BI
P 75 0 250 50 250 0 2 0
A 45 250 10 0 9 0 #=K9
L 55 250 10 0 2 0 1 0 GND_K9
A 10 250 10 0 2 0 PINTYPE=BI
P 76 0 260 50 260 0 2 0
A 45 260 10 0 9 0 #=K11
L 55 260 10 0 2 0 1 0 GND_K11
A 10 260 10 0 2 0 PINTYPE=BI
P 77 0 270 50 270 0 2 0
A 45 270 10 0 9 0 #=K13
L 55 270 10 0 2 0 1 0 GND_K13
A 10 270 10 0 2 0 PINTYPE=BI
P 78 0 280 50 280 0 2 0
A 45 280 10 0 9 0 #=K19
L 55 280 10 0 2 0 1 0 GND_K19
A 10 280 10 0 2 0 PINTYPE=BI
P 79 0 290 50 290 0 2 0
A 45 290 10 0 9 0 #=L6
L 55 290 10 0 2 0 1 0 GND_L6
A 10 290 10 0 2 0 PINTYPE=BI
P 80 0 300 50 300 0 2 0
A 45 300 10 0 9 0 #=L10
L 55 300 10 0 2 0 1 0 GND_L10
A 10 300 10 0 2 0 PINTYPE=BI
P 81 0 310 50 310 0 2 0
A 45 310 10 0 9 0 #=L12
L 55 310 10 0 2 0 1 0 GND_L12
A 10 310 10 0 2 0 PINTYPE=BI
P 82 0 320 50 320 0 2 0
A 45 320 10 0 9 0 #=L16
L 55 320 10 0 2 0 1 0 GND_L16
A 10 320 10 0 2 0 PINTYPE=BI
P 83 0 330 50 330 0 2 0
A 45 330 10 0 9 0 #=L26
L 55 330 10 0 2 0 1 0 GND_L26
A 10 330 10 0 2 0 PINTYPE=BI
P 84 0 340 50 340 0 2 0
A 45 340 10 0 9 0 #=M3
L 55 340 10 0 2 0 1 0 GND_M3
A 10 340 10 0 2 0 PINTYPE=BI
P 85 0 350 50 350 0 2 0
A 45 350 10 0 9 0 #=M9
L 55 350 10 0 2 0 1 0 GND_M9
A 10 350 10 0 2 0 PINTYPE=BI
P 86 0 360 50 360 0 2 0
A 45 360 10 0 9 0 #=M13
L 55 360 10 0 2 0 1 0 GND_M13
A 10 360 10 0 2 0 PINTYPE=BI
P 87 0 370 50 370 0 2 0
A 45 370 10 0 9 0 #=M23
L 55 370 10 0 2 0 1 0 GND_M23
A 10 370 10 0 2 0 PINTYPE=BI
P 88 0 380 50 380 0 2 0
A 45 380 10 0 9 0 #=N10
L 55 380 10 0 2 0 1 0 GND_N10
A 10 380 10 0 2 0 PINTYPE=BI
P 89 0 390 50 390 0 2 0
A 45 390 10 0 9 0 #=N20
L 55 390 10 0 2 0 1 0 GND_N20
A 10 390 10 0 2 0 PINTYPE=BI
P 90 0 400 50 400 0 2 0
A 45 400 10 0 9 0 #=P7
L 55 400 10 0 2 0 1 0 GND_P7
A 10 400 10 0 2 0 PINTYPE=BI
P 91 0 410 50 410 0 2 0
A 45 410 10 0 9 0 #=P9
L 55 410 10 0 2 0 1 0 GND_P9
A 10 410 10 0 2 0 PINTYPE=BI
P 92 0 420 50 420 0 2 0
A 45 420 10 0 9 0 #=P13
L 55 420 10 0 2 0 1 0 GND_P13
A 10 420 10 0 2 0 PINTYPE=BI
P 93 0 430 50 430 0 2 0
A 45 430 10 0 9 0 #=P17
L 55 430 10 0 2 0 1 0 GND_P17
A 10 430 10 0 2 0 PINTYPE=BI
P 94 0 440 50 440 0 2 0
A 45 440 10 0 9 0 #=R4
L 55 440 10 0 2 0 1 0 GND_R4
A 10 440 10 0 2 0 PINTYPE=BI
P 95 0 450 50 450 0 2 0
A 45 450 10 0 9 0 #=R10
L 55 450 10 0 2 0 1 0 GND_R10
A 10 450 10 0 2 0 PINTYPE=BI
P 96 0 460 50 460 0 2 0
A 45 460 10 0 9 0 #=R24
L 55 460 10 0 2 0 1 0 GND_R24
A 10 460 10 0 2 0 PINTYPE=BI
P 97 0 470 50 470 0 2 0
A 45 470 10 0 9 0 #=T1
L 55 470 10 0 2 0 1 0 GND_T1
A 10 470 10 0 2 0 PINTYPE=BI
P 98 0 480 50 480 0 2 0
A 45 480 10 0 9 0 #=T9
L 55 480 10 0 2 0 1 0 GND_T9
A 10 480 10 0 2 0 PINTYPE=BI
P 99 0 490 50 490 0 2 0
A 45 490 10 0 9 0 #=T11
L 55 490 10 0 2 0 1 0 GND_T11
A 10 490 10 0 2 0 PINTYPE=BI
P 100 0 500 50 500 0 2 0
A 45 500 10 0 9 0 #=T13
L 55 500 10 0 2 0 1 0 GND_T13
A 10 500 10 0 2 0 PINTYPE=BI
P 101 0 510 50 510 0 2 0
A 45 510 10 0 9 0 #=T21
L 55 510 10 0 2 0 1 0 GND_T21
A 10 510 10 0 2 0 PINTYPE=BI
P 102 0 520 50 520 0 2 0
A 45 520 10 0 9 0 #=U8
L 55 520 10 0 2 0 1 0 GND_U8
A 10 520 10 0 2 0 PINTYPE=BI
P 103 0 530 50 530 0 2 0
A 45 530 10 0 9 0 #=U10
L 55 530 10 0 2 0 1 0 GND_U10
A 10 530 10 0 2 0 PINTYPE=BI
P 104 0 540 50 540 0 2 0
A 45 540 10 0 9 0 #=U12
L 55 540 10 0 2 0 1 0 GND_U12
A 10 540 10 0 2 0 PINTYPE=BI
P 105 0 550 50 550 0 2 0
A 45 550 10 0 9 0 #=U18
L 55 550 10 0 2 0 1 0 GND_U18
A 10 550 10 0 2 0 PINTYPE=BI
P 106 0 560 50 560 0 2 0
A 45 560 10 0 9 0 #=V5
L 55 560 10 0 2 0 1 0 GND_V5
A 10 560 10 0 2 0 PINTYPE=BI
P 107 0 570 50 570 0 2 0
A 45 570 10 0 9 0 #=Y10
L 55 570 10 0 2 0 1 0 GND_Y10
A 10 570 10 0 2 0 PINTYPE=BI
P 108 0 580 50 580 0 2 0
A 45 580 10 0 9 0 #=V15
L 55 580 10 0 2 0 1 0 GND_V15
A 10 580 10 0 2 0 PINTYPE=BI
P 109 0 590 50 590 0 2 0
A 45 590 10 0 9 0 #=V25
L 55 590 10 0 2 0 1 0 GND_V25
A 10 590 10 0 2 0 PINTYPE=BI
P 110 0 600 50 600 0 2 0
A 45 600 10 0 9 0 #=W2
L 55 600 10 0 2 0 1 0 GND_W2
A 10 600 10 0 2 0 PINTYPE=BI
P 111 0 610 50 610 0 2 0
A 45 610 10 0 9 0 #=W12
L 55 610 10 0 2 0 1 0 GND_W12
A 10 610 10 0 2 0 PINTYPE=BI
P 112 0 620 50 620 0 2 0
A 45 620 10 0 9 0 #=W22
L 55 620 10 0 2 0 1 0 GND_W22
A 10 620 10 0 2 0 PINTYPE=BI
P 113 0 630 50 630 0 2 0
A 45 630 10 0 9 0 #=Y11
L 55 630 10 0 2 0 1 0 GND_Y11
A 10 630 10 0 2 0 PINTYPE=BI
P 114 0 640 50 640 0 2 0
A 45 640 10 0 9 0 #=Y12
L 55 640 10 0 2 0 1 0 GND_Y12
A 10 640 10 0 2 0 PINTYPE=BI
P 115 0 650 50 650 0 2 0
A 45 650 10 0 9 0 #=Y13
L 55 650 10 0 2 0 1 0 GND_Y13
A 10 650 10 0 2 0 PINTYPE=BI
P 116 0 660 50 660 0 2 0
A 45 660 10 0 9 0 #=Y19
L 55 660 10 0 2 0 1 0 GND_Y19
A 10 660 10 0 2 0 PINTYPE=BI
P 117 0 670 50 670 0 2 0
A 45 670 10 0 9 0 #=V13
L 55 670 10 0 2 0 1 0 GND_V13
A 10 670 10 0 2 0 PINTYPE=BI
P 118 0 680 50 680 0 2 0
A 45 680 10 0 9 0 #=AE15
L 55 680 10 0 2 0 1 0 GND_AE15
A 10 680 10 0 2 0 PINTYPE=BI
P 119 0 690 50 690 0 2 0
A 45 690 10 0 9 0 #=B15
L 55 690 10 0 2 0 1 0 GND_B15
A 10 690 10 0 2 0 PINTYPE=BI
T 220 710 20 0 5 XC7A350TFBG676
T 220 730 20 0 5 BANK GND
c 70 740 10
U 50 770 10 0 3 3 DEVICE=XXXXXX
U 50 30 16 0 3 3 REFDES=U?
U 250 30 10 0 3 3 PKG_TYPE=XXXXXX
U 0 0 10 0 3 0 HETERO=xc7a350tfbg676_0,xc7a350tfbg676_12,xc7a350tfbg676_13,xc7a350tfbg676_14,xc7a350tfbg676_15,xc7a350tfbg676_16,xc7a350tfbg676_33,xc7a350tfbg676_34,xc7a350tfbg676_35,xc7a350tfbg676_217,xc7a350tfbg676_212,xc7a350tfbg676_GND,xc7a350tfbg676_VCCINT,xc7a350tfbg676_VCCAUX,xc7a350tfbg676_VCCBRAM,xc7a350tfbg676_MGTAVCC,xc7a350tfbg676_MGTAVTT
U 0 -10 10 0 3 0 PARTS=1
U 0 -20 10 0 3 0 LEVEL=STD
U 0 -30 10 0 3 0 DATE=2011_09_11
E
