V 53
K 17726214990 $tmp$62581656$ltc2924
F Case
|R 23:05_4-20-11
Y 1
D 0 0 180 140
Z 10
i 16
U 0 -60 10 0 3 0 VALUE=LTC2924
U 0 -50 10 0 3 0 MANF=LINEAR TECH
U 0 -40 10 0 3 0 MANF_P/N=LTC2924CGN#PBF
U 0 -30 10 0 3 3 PKG_TYPE=LTC2924
U 0 -20 10 0 3 3 REFDES=U?
U 0 -10 10 0 3 3 DEVICE=LTC2924
P 14 180 50 160 50 0 3 0
L 160 50 10 0 8 0 1 0 FAULT_B
A 160 50 10 0 3 0 #=9
A 160 55 10 0 2 0 PINTYPE=OUT
P 13 180 60 160 60 0 3 0
L 160 60 10 0 8 0 1 0 DONE_B
A 160 60 10 0 3 0 #=10
A 160 65 10 0 2 0 PINTYPE=OUT
P 8 70 140 70 120 0 0 0
L 70 120 10 5 2 0 1 0 VCC
A 70 120 10 5 9 0 #=11
A 75 140 10 5 2 0 PINTYPE=IN
P 7 0 40 20 40 0 2 0
L 20 40 10 0 2 0 1 0 PGT
A 20 40 10 0 9 0 #=12
A 20 45 10 0 2 0 PINTYPE=IN
P 16 70 0 70 20 0 1 0
L 70 20 10 1 2 0 1 0 GND
A 70 20 10 1 9 0 #=13
A 75 20 10 1 2 0 PINTYPE=IN
P 6 0 50 20 50 0 2 0
L 20 50 10 0 2 0 1 0 TMR
A 20 50 10 0 9 0 #=14
A 20 55 10 0 2 0 PINTYPE=IN
P 15 180 40 160 40 0 3 0
L 160 40 10 0 8 0 1 0 HYS/CFG
A 160 40 10 0 3 0 #=15
A 160 45 10 0 2 0 PINTYPE=IN
P 5 0 60 20 60 0 2 0
L 20 60 10 0 2 0 1 0 ON
A 20 60 10 0 9 0 #=16
A 20 65 10 0 2 0 PINTYPE=IN
P 12 180 70 160 70 0 3 0
L 160 70 10 0 8 0 1 0 OUT4
A 160 70 10 0 3 0 #=8
A 160 75 10 0 2 0 PINTYPE=IN
P 11 180 80 160 80 0 3 0
L 160 80 10 0 8 0 1 0 OUT3
A 160 80 10 0 3 0 #=7
A 160 85 10 0 2 0 PINTYPE=IN
P 10 180 90 160 90 0 3 0
L 160 90 10 0 8 0 1 0 OUT2
A 160 90 10 0 3 0 #=6
A 160 95 10 0 2 0 PINTYPE=IN
P 9 180 100 160 100 0 3 0
L 160 100 10 0 8 0 1 0 OUT1
A 160 100 10 0 3 0 #=5
A 160 105 10 0 2 0 PINTYPE=IN
P 4 0 70 20 70 0 2 0
L 20 70 10 0 2 0 1 0 IN4
A 20 70 10 0 9 0 #=4
A 30 75 10 0 2 0 PINTYPE=IN
P 3 0 80 20 80 0 2 0
L 20 80 10 0 2 0 1 0 IN3
A 20 80 10 0 9 0 #=3
A 30 85 10 0 2 0 PINTYPE=IN
P 2 0 90 20 90 0 2 0
L 20 90 10 0 2 0 1 0 IN2
A 20 90 10 0 9 0 #=2
A 30 95 10 0 2 0 PINTYPE=IN
P 1 0 100 20 100 0 2 0
L 20 100 10 0 2 0 1 0 IN1
A 20 100 10 0 9 0 #=1
A 30 105 10 0 2 0 PINTYPE=IN
b 20 20 160 120
E
