V 51
K 313313056900 0826_1x1t_43_f
|R 2:41_10-14-11
Y 1
D 0 0 245 400
Z 10
i 56
U 0 -10 10 0 3 0 MANF_P/N=0826-1X1T-43-F
U 30 230 10 0 3 0 VALUE=0826-1X1T-43-F
P 56 0 40 20 40 0 2 0
Q 11 0 0
A 20 45 10 0 2 0 PINTYPE=ANALOG
A 15 40 10 0 9 3 #=15
L 25 40 10 0 2 0 1 0 LED2N
P 44 0 300 20 300 0 2 0
Q 11 0 0
A 20 305 10 0 2 0 PINTYPE=ANALOG
A 15 300 10 0 9 3 #=12
L 25 300 10 0 2 0 1 0 TRCT1
c 175 35 2
Q 2 1 0
c 135 75 2
Q 2 1 0
l 2 175 35 175 55
l 2 135 60 135 75
l 2 145 55 125 55
l 2 145 60 125 60
c 180 75 2
Q 2 1 0
l 2 165 75 165 105
l 2 180 75 180 105
l 2 98 46 98 45
l 2 98 45 100 45
l 2 100 45 95 47
l 2 96 45 96 44
l 2 96 44 98 44
l 2 98 44 93 46
l 2 97 84 97 83
l 2 97 83 99 83
l 2 99 83 94 85
l 2 95 83 95 82
l 2 95 82 97 82
l 2 97 82 92 84
l 2 73 56 73 57
l 2 73 57 71 57
l 2 71 57 76 55
l 2 75 57 75 58
l 2 75 58 73 58
l 2 73 58 78 56
l 2 55 40 85 40
l 2 55 60 85 60
l 2 88 55 88 52
l 2 88 49 88 46
l 2 90 49 86 49
l 2 90 52 86 52
l 2 88 49 86 52
l 2 90 52 88 49
l 2 84 52 80 52
l 2 85 60 85 55
c 95 90 0
l 2 85 82 85 85
l 2 85 80 85 82
l 2 85 100 85 95
l 2 90 85 80 85
l 2 90 95 85 85
l 2 85 85 80 95
l 2 90 95 80 95
l 2 195 140 125 140
l 2 195 160 125 160
l 2 195 200 125 200
l 2 195 220 125 220
l 2 195 260 125 260
l 2 195 280 125 280
l 2 195 320 125 320
l 2 125 330 180 330
l 2 165 270 125 270
l 2 125 210 150 210
l 2 125 150 135 150
l 2 135 105 130 107
l 2 130 107 140 110
l 2 140 110 130 113
l 2 130 113 140 116
l 2 140 116 130 119
l 2 140 122 130 125
l 2 130 125 140 128
l 2 140 128 135 130
l 2 130 119 140 122
l 2 150 105 145 107
l 2 145 107 155 110
l 2 155 110 145 113
l 2 145 113 155 116
l 2 155 116 145 119
l 2 155 122 145 125
l 2 145 125 155 128
l 2 155 128 150 130
l 2 145 119 155 122
l 2 165 105 160 107
l 2 160 107 170 110
l 2 170 110 160 113
l 2 160 113 170 116
l 2 170 116 160 119
l 2 170 122 160 125
l 2 160 125 170 128
l 2 170 128 165 130
l 2 160 119 170 122
l 2 180 105 175 107
l 2 175 107 185 110
l 2 185 110 175 113
l 2 175 113 185 116
l 2 185 116 175 119
l 2 185 122 175 125
l 2 175 125 185 128
l 2 115 140 95 140
l 2 115 160 95 160
l 2 115 150 95 150
a 125 145 123 145 125 140
a 125 150 123 150 125 145
a 125 155 123 155 125 150
a 125 160 123 160 125 155
a 115 155 117 160 115 160
a 115 150 117 155 115 155
a 115 145 117 150 115 150
a 115 140 117 145 115 145
l 2 60 120 65 120
l 2 65 120 65 150
l 2 65 150 75 150
l 2 60 160 75 160
l 2 60 140 75 140
a 80 140 80 142 75 140
a 85 140 85 142 80 140
a 90 140 90 142 85 140
a 95 140 95 142 90 140
a 95 150 95 152 90 150
a 90 150 90 152 85 150
a 85 150 85 152 80 150
a 80 150 80 152 75 150
a 90 160 95 158 95 160
a 85 160 90 158 90 160
a 80 160 85 158 85 160
a 75 160 80 158 80 160
T 120 165 7 0 6 1CT : 1CT
l 2 115 200 95 200
l 2 115 220 95 220
l 2 115 210 95 210
a 125 205 123 205 125 200
a 125 210 123 210 125 205
a 125 215 123 215 125 210
a 125 220 123 220 125 215
a 115 215 117 220 115 220
a 115 210 117 215 115 215
a 115 205 117 210 115 210
a 115 200 117 205 115 205
l 2 60 180 65 180
l 2 65 180 65 210
l 2 65 210 75 210
l 2 60 220 75 220
l 2 60 200 75 200
a 80 200 80 202 75 200
a 85 200 85 202 80 200
a 90 200 90 202 85 200
a 95 200 95 202 90 200
a 95 210 95 212 90 210
a 90 210 90 212 85 210
a 85 210 85 212 80 210
a 80 210 80 212 75 210
a 90 220 95 218 95 220
a 85 220 90 218 90 220
a 80 220 85 218 85 220
a 75 220 80 218 80 220
T 120 225 7 0 6 1CT : 1CT
l 2 115 260 95 260
l 2 115 280 95 280
l 2 115 270 95 270
a 125 265 123 265 125 260
a 125 270 123 270 125 265
a 125 275 123 275 125 270
a 125 280 123 280 125 275
a 115 275 117 280 115 280
a 115 270 117 275 115 275
a 115 265 117 270 115 270
a 115 260 117 265 115 265
l 2 60 240 65 240
l 2 65 240 65 270
l 2 65 270 75 270
l 2 60 280 75 280
l 2 60 260 75 260
a 80 260 80 262 75 260
a 85 260 85 262 80 260
a 90 260 90 262 85 260
a 95 260 95 262 90 260
a 95 270 95 272 90 270
a 90 270 90 272 85 270
a 85 270 85 272 80 270
a 80 270 80 272 75 270
a 90 280 95 278 95 280
a 85 280 90 278 90 280
a 80 280 85 278 85 280
a 75 280 80 278 80 280
T 120 285 7 0 6 1CT : 1CT
l 2 115 320 95 320
l 2 115 340 95 340
l 2 115 330 95 330
a 125 325 123 325 125 320
a 125 330 123 330 125 325
a 125 335 123 335 125 330
a 125 340 123 340 125 335
a 115 335 117 340 115 340
a 115 330 117 335 115 335
a 115 325 117 330 115 330
a 115 320 117 325 115 325
l 2 60 300 65 300
l 2 65 300 65 330
l 2 65 330 75 330
l 2 60 340 75 340
l 2 60 320 75 320
a 80 320 80 322 75 320
a 85 320 85 322 80 320
a 90 320 90 322 85 320
a 95 320 95 322 90 320
a 95 330 95 332 90 330
a 90 330 90 332 85 330
a 85 330 85 332 80 330
a 80 330 80 332 75 330
a 90 340 95 338 95 340
a 85 340 90 338 90 340
a 80 340 85 338 85 340
T 155 375 10 2 3 RJ45 / MAGNETICS
a 75 340 80 338 80 340
T 120 345 7 0 6 1CT : 1CT
T 200 220 7 0 2 TRP3_P
T 200 200 7 0 2 TRP3_N
T 200 340 7 0 2 TRP1_P
T 200 320 7 0 2 TRP1_N
T 200 280 7 0 2 TRP2_P
T 200 260 7 0 2 TRP2_N
U 195 10 10 0 9 3 PKG_TYPE=TBD
U 20 10 16 0 3 3 REFDES=J?
U 20 385 10 0 3 3 DEVICE=0826-1X1T-43-F
l 2 185 128 180 130
l 2 175 119 185 122
P 51 0 160 20 160 0 2 0
Q 11 0 0
A 20 165 10 0 2 0 PINTYPE=ANALOG
A 15 160 10 0 9 3 #=8
L 25 160 10 0 2 0 1 0 TRD4_P
P 47 0 180 20 180 0 2 0
Q 11 0 0
A 20 185 10 0 2 0 PINTYPE=ANALOG
A 15 180 10 0 9 3 #=1
L 25 180 10 0 2 0 1 0 TRCT3
P 49 0 200 20 200 0 2 0
Q 11 0 0
A 20 205 10 0 2 0 PINTYPE=ANALOG
A 15 200 10 0 9 3 #=2
L 25 200 10 0 2 0 1 0 TRD3_N
P 48 0 220 20 220 0 2 0
Q 11 0 0
A 20 225 10 0 2 0 PINTYPE=ANALOG
A 15 220 10 0 9 3 #=3
L 25 220 10 0 2 0 1 0 TRD3_P
P 46 0 240 20 240 0 2 0
Q 11 0 0
A 20 245 10 0 2 0 PINTYPE=ANALOG
A 15 240 10 0 9 3 #=6
L 25 240 10 0 2 0 1 0 TRCT2
P 45 0 260 20 260 0 2 0
Q 11 0 0
A 20 265 10 0 2 0 PINTYPE=ANALOG
A 15 260 10 0 9 3 #=5
L 25 260 10 0 2 0 1 0 TRD2_N
P 2 0 280 20 280 0 2 0
Q 11 0 0
A 20 285 10 0 2 0 PINTYPE=ANALOG
A 15 280 10 0 9 3 #=4
L 25 280 10 0 2 1 1 0 TRD2_P
P 43 0 320 20 320 0 2 0
Q 11 0 0
A 20 325 10 0 2 0 PINTYPE=ANALOG
A 15 320 10 0 9 3 #=10
L 25 320 10 0 2 0 1 0 TRD1_N
l 2 195 340 125 340
P 52 0 140 20 140 0 2 0
Q 11 0 0
A 20 145 10 0 2 0 PINTYPE=ANALOG
A 15 140 10 0 9 3 #=9
L 25 140 10 0 2 0 1 0 TRD4_N
P 50 0 120 20 120 0 2 0
Q 11 0 0
A 20 125 10 0 2 0 PINTYPE=ANALOG
A 15 120 10 0 9 3 #=7
L 25 120 10 0 2 0 1 0 TRCT4
c 85 90 8
c 85 50 8
l 2 84 49 80 49
l 2 82 52 80 49
l 2 88 55 82 55
l 2 82 55 82 52
l 2 84 49 82 52
l 2 88 46 82 46
l 2 82 49 82 46
l 2 85 40 85 46
P 53 0 100 20 100 0 2 0
Q 11 0 0
A 20 105 10 0 2 0 PINTYPE=ANALOG
A 15 100 10 0 9 3 #=14
L 25 100 10 0 2 0 1 0 LED1P
P 55 0 60 20 60 0 2 0
Q 11 0 0
A 20 65 10 0 2 0 PINTYPE=ANALOG
A 15 60 10 0 9 3 #=16
L 25 60 10 0 2 0 1 0 LED2P
P 54 0 80 20 80 0 2 0
Q 11 0 0
A 20 85 10 0 2 0 PINTYPE=ANALOG
A 15 80 10 0 9 3 #=13
L 25 80 10 0 2 0 1 0 LED1N
P 41 245 35 225 35 0 3 0
Q 11 0 0
L 220 35 10 4 2 1 1 0 SH2
A 230 35 10 4 9 3 #=18
A 235 40 10 4 2 0 PINTYPE=ANALOG
l 2 135 75 135 105
l 2 180 75 165 75
l 2 85 100 55 100
l 2 55 80 85 80
l 2 165 75 150 75
l 2 150 75 135 75
l 2 150 75 150 105
c 150 75 2
Q 2 1 0
l 2 135 150 135 130
l 2 150 210 150 130
l 2 165 130 165 270
l 2 180 330 180 130
l 2 135 35 135 55
c 165 75 2
Q 2 1 0
T 200 160 7 0 2 TRP4_P
T 200 140 7 0 2 TRP4_N
P 42 245 55 225 55 0 3 0
Q 11 0 0
A 235 60 10 4 2 0 PINTYPE=ANALOG
A 230 55 10 4 9 3 #=17
L 220 55 10 4 2 1 1 0 SH1
b 20 25 225 385
P 1 0 340 20 340 0 2 0
Q 11 0 0
A 20 345 10 0 2 0 PINTYPE=ANALOG
A 15 340 10 0 9 3 #=11
L 25 340 10 0 2 1 1 0 TRD1_P
l 2 175 55 200 55
l 2 200 35 135 35
E
