V 51
K 92538019390 25aa640a
|R 20:02_12-6-11
Y 1
D -30 0 70 100
Z 10
i 12
U 0 -10 10 0 3 0 MANF_P/N=XXXX
U 0 1 9 0 3 0 VALUE=25AA640A
U -10 -4 16 0 3 3 REFDES=U?
U 50 0 10 0 9 3 PKG_TYPE=XXXX
P 9 70 80 50 80 0 3 0
L 45 80 9 0 8 0 1 0 VCC
A 55 80 10 0 3 3 #=8
A -10 60 9 0 3 0 PINTYPE=POWER
P 5 -30 20 -10 20 0 2 0
L -5 20 9 0 2 0 1 0 CS_B
A -15 20 10 0 9 3 #=1
A -10 10 9 0 3 0 PINTYPE=IN
P 10 70 20 50 20 0 3 0
L 45 20 9 0 8 0 1 0 GND
A 55 20 10 0 3 3 #=4
A -10 10 9 0 3 0 PINTYPE=POWER
P 2 -30 80 -10 80 0 2 0
L -5 80 9 0 2 0 1 0 SCK
A -15 80 10 0 9 3 #=6
A -10 30 9 0 3 0 PINTYPE=IN
P 3 -30 60 -10 60 0 2 0
L -5 60 9 0 2 0 1 0 SI
A -15 60 10 0 9 3 #=5
A -10 30 9 0 3 0 PINTYPE=IN
P 11 -30 40 -10 40 0 2 0
L -5 40 9 4 8 0 1 0 SO
A -15 40 10 4 3 3 #=2
A 50 -10 9 4 3 0 PINTYPE=OUT
P 4 70 60 50 60 0 3 0
L 45 60 9 4 2 0 1 0 WP_B
A 55 60 10 4 9 3 #=3
A 50 40 9 4 3 0 PINTYPE=IN
P 12 70 40 50 40 0 3 0
L 45 40 9 4 2 0 1 0 HOLD_B
A 55 40 10 4 9 3 #=7
A 50 20 9 4 3 0 PINTYPE=IN
b -10 10 50 90
U -10 90 10 0 3 3 DEVICE=25AA640A
E
