V 51
K 153165148200 3s200anftg256
|R 22:56_7-21-10
Y 1
D 0 0 400 700
Z 10
i 946
U -500 340 10 0 3 0 HETERO=3s200anftg256_0,3s200anftg256_1,3s200anftg256_2,3s200
+ anftg256_3,3s200anftg256_222,3s200anftg256_0_Power,3s200anftg256_1_Power,3s200
+ anftg256_2_Power,3s200anftg256_3_Power,3s200anftg256_VCCINT,3s200anftg256_VCCA
+ UX,3s200anftg256_1_GND
U -500 320 10 0 3 0 PARTS=1
U -500 310 10 0 3 0 LEVEL=STD
P 1 400 590 350 590 0 3 0
A 355 590 10 0 3 3 #=F11
L 345 590 10 0 8 1 1 0 IP_L25N_1_F11
A 405 590 10 0 2 0 PINTYPE=IN
P 2 400 580 350 580 0 3 0
A 355 580 10 0 3 3 #=F12
L 345 580 10 0 8 1 1 0 IP_L25P_1/VREF_1_F12
A 405 580 10 0 2 0 PINTYPE=BI
P 3 400 570 350 570 0 3 0
A 355 570 10 0 3 3 #=C15
L 345 570 10 0 8 1 1 0 IO_L24N_1/A25_C15
A 405 570 10 0 2 0 PINTYPE=BI
P 4 400 560 350 560 0 3 0
A 355 560 10 0 3 3 #=C16
L 345 560 10 0 8 1 1 0 IO_L24P_1/A24_C16
A 405 560 10 0 2 0 PINTYPE=BI
P 5 400 550 350 550 0 3 0
A 355 550 10 0 3 3 #=D14
L 345 550 10 0 8 1 1 0 IO_L23N_1/A23_D14
A 405 550 10 0 2 0 PINTYPE=BI
P 6 400 540 350 540 0 3 0
A 355 540 10 0 3 3 #=E13
L 345 540 10 0 8 1 1 0 IO_L23P_1/A22_E13
A 405 540 10 0 2 0 PINTYPE=BI
P 7 400 530 350 530 0 3 0
A 355 530 10 0 3 3 #=D15
L 345 530 10 0 8 1 1 0 IO_L22N_1/A21_D15
A 405 530 10 0 2 0 PINTYPE=BI
P 8 400 520 350 520 0 3 0
A 355 520 10 0 3 3 #=D16
L 345 520 10 0 8 1 1 0 IO_L22P_1/A20_D16
A 405 520 10 0 2 0 PINTYPE=BI
P 9 400 510 350 510 0 3 0
A 355 510 10 0 3 3 #=G11
L 345 510 10 0 8 1 1 0 IP_L21N_1_G11
A 405 510 10 0 2 0 PINTYPE=IN
P 10 400 500 350 500 0 3 0
A 355 500 10 0 3 3 #=G12
L 345 500 10 0 8 1 1 0 IP_L21P_1/VREF_1_G12
A 405 500 10 0 2 0 PINTYPE=BI
P 11 400 490 350 490 0 3 0
A 355 490 10 0 3 3 #=F13
L 345 490 10 0 8 1 1 0 IO_L20N_1/A19_F13
A 405 490 10 0 2 0 PINTYPE=BI
P 12 400 480 350 480 0 3 0
A 355 480 10 0 3 3 #=E14
L 345 480 10 0 8 1 1 0 IO_L20P_1/A18_E14
A 405 480 10 0 2 0 PINTYPE=BI
P 13 400 470 350 470 0 3 0
A 355 470 10 0 3 3 #=F14
L 345 470 10 0 8 1 1 0 IO_L19N_1/A17_F14
A 405 470 10 0 2 0 PINTYPE=BI
P 14 400 460 350 460 0 3 0
A 355 460 10 0 3 3 #=G13
L 345 460 10 0 8 1 1 0 IO_L19P_1/A16_G13
A 405 460 10 0 2 0 PINTYPE=BI
P 15 400 450 350 450 0 3 0
A 355 450 10 0 3 3 #=F15
L 345 450 10 0 8 1 1 0 IO_L18N_1/A15_F15
A 405 450 10 0 2 0 PINTYPE=BI
P 16 400 440 350 440 0 3 0
A 355 440 10 0 3 3 #=E16
L 345 440 10 0 8 1 1 0 IO_L18P_1/A14_E16
A 405 440 10 0 2 0 PINTYPE=BI
P 17 400 430 350 430 0 3 0
A 355 430 10 0 3 3 #=G14
L 345 430 10 0 8 1 1 0 IO_L17N_1/A13_G14
A 405 430 10 0 2 0 PINTYPE=BI
P 18 400 420 350 420 0 3 0
A 355 420 10 0 3 3 #=H13
L 345 420 10 0 8 1 1 0 IO_L17P_1/A12_H13
A 405 420 10 0 2 0 PINTYPE=BI
P 19 400 410 350 410 0 3 0
A 355 410 10 0 3 3 #=F16
L 345 410 10 0 8 1 1 0 IO_L16N_1/A11_F16
A 405 410 10 0 2 0 PINTYPE=BI
P 20 400 400 350 400 0 3 0
A 355 400 10 0 3 3 #=G16
L 345 400 10 0 8 1 1 0 IO_L16P_1/A10_G16
A 405 400 10 0 2 0 PINTYPE=BI
P 21 400 390 350 390 0 3 0
A 355 390 10 0 3 3 #=H16
L 345 390 10 0 8 1 1 0 IO_L15N_1/RHCLK7_H16
A 405 390 10 0 2 0 PINTYPE=BI
P 22 400 380 350 380 0 3 0
A 355 380 10 0 3 3 #=H15
L 345 380 10 0 8 1 1 0 IO_L15P_1/IRDY1/RHCLK6_H15
A 405 380 10 0 2 0 PINTYPE=BI
P 23 400 370 350 370 0 3 0
A 355 370 10 0 3 3 #=H14
L 345 370 10 0 8 1 1 0 IO_L14N_1/RHCLK5_H14
A 405 370 10 0 2 0 PINTYPE=BI
P 24 400 360 350 360 0 3 0
A 355 360 10 0 3 3 #=J14
L 345 360 10 0 8 1 1 0 IO_L14P_1/RHCLK4_J14
A 405 360 10 0 2 0 PINTYPE=BI
P 25 400 350 350 350 0 3 0
A 355 350 10 0 3 3 #=H11
L 345 350 10 0 8 1 1 0 IP_L13N_1_H11
A 405 350 10 0 2 0 PINTYPE=IN
P 26 400 340 350 340 0 3 0
A 355 340 10 0 3 3 #=H10
L 345 340 10 0 8 1 1 0 IP_L13P_1_H10
A 405 340 10 0 2 0 PINTYPE=IN
P 27 400 330 350 330 0 3 0
A 355 330 10 0 3 3 #=J16
L 345 330 10 0 8 1 1 0 IO_L12N_1/TRDY1/RHCLK3_J16
A 405 330 10 0 2 0 PINTYPE=BI
P 28 400 320 350 320 0 3 0
A 355 320 10 0 3 3 #=K16
L 345 320 10 0 8 1 1 0 IO_L12P_1/RHCLK2_K16
A 405 320 10 0 2 0 PINTYPE=BI
P 29 400 310 350 310 0 3 0
A 355 310 10 0 3 3 #=K14
L 345 310 10 0 8 1 1 0 IO_L11N_1/RHCLK1_K14
A 405 310 10 0 2 0 PINTYPE=BI
P 30 400 300 350 300 0 3 0
A 355 300 10 0 3 3 #=K15
L 345 300 10 0 8 1 1 0 IO_L11P_1/RHCLK0_K15
A 405 300 10 0 2 0 PINTYPE=BI
P 31 400 290 350 290 0 3 0
A 355 290 10 0 3 3 #=J13
L 345 290 10 0 8 1 1 0 IO_L10N_1/A9_J13
A 405 290 10 0 2 0 PINTYPE=BI
P 32 400 280 350 280 0 3 0
A 355 280 10 0 3 3 #=J12
L 345 280 10 0 8 1 1 0 IO_L10P_1/A8_J12
A 405 280 10 0 2 0 PINTYPE=BI
P 33 400 270 350 270 0 3 0
A 355 270 10 0 3 3 #=J11
L 345 270 10 0 8 1 1 0 IP_L09N_1_J11
A 405 270 10 0 2 0 PINTYPE=IN
P 34 400 260 350 260 0 3 0
A 355 260 10 0 3 3 #=J10
L 345 260 10 0 8 1 1 0 IP_L09P_1/VREF_1_J10
A 405 260 10 0 2 0 PINTYPE=BI
P 35 400 250 350 250 0 3 0
A 355 250 10 0 3 3 #=L16
L 345 250 10 0 8 1 1 0 IO_L08N_1/A7_L16
A 405 250 10 0 2 0 PINTYPE=BI
P 36 400 240 350 240 0 3 0
A 355 240 10 0 3 3 #=L14
L 345 240 10 0 8 1 1 0 IO_L08P_1/A6_L14
A 405 240 10 0 2 0 PINTYPE=BI
P 37 400 230 350 230 0 3 0
A 355 230 10 0 3 3 #=M16
L 345 230 10 0 8 1 1 0 IO_L07N_1/A5_M16
A 405 230 10 0 2 0 PINTYPE=BI
P 38 400 220 350 220 0 3 0
A 355 220 10 0 3 3 #=M15
L 345 220 10 0 8 1 1 0 IO_L07P_1/A4_M15
A 405 220 10 0 2 0 PINTYPE=BI
P 39 400 210 350 210 0 3 0
A 355 210 10 0 3 3 #=K13
L 345 210 10 0 8 1 1 0 IO_L06N_1/A3_K13
A 405 210 10 0 2 0 PINTYPE=BI
P 40 400 200 350 200 0 3 0
A 355 200 10 0 3 3 #=L13
L 345 200 10 0 8 1 1 0 IO_L06P_1/A2_L13
A 405 200 10 0 2 0 PINTYPE=BI
P 41 400 190 350 190 0 3 0
A 355 190 10 0 3 3 #=M14
L 345 190 10 0 8 1 1 0 IO_L05N_1/VREF_1_M14
A 405 190 10 0 2 0 PINTYPE=BI
P 42 400 180 350 180 0 3 0
A 355 180 10 0 3 3 #=M13
L 345 180 10 0 8 1 1 0 IO_L05P_1_M13
A 405 180 10 0 2 0 PINTYPE=BI
P 43 400 170 350 170 0 3 0
A 355 170 10 0 3 3 #=K12
L 345 170 10 0 8 1 1 0 IP_L04N_1/VREF_1_K12
A 405 170 10 0 2 0 PINTYPE=BI
P 44 400 160 350 160 0 3 0
A 355 160 10 0 3 3 #=K11
L 345 160 10 0 8 1 1 0 IP_L04P_1_K11
A 405 160 10 0 2 0 PINTYPE=IN
P 45 400 150 350 150 0 3 0
A 355 150 10 0 3 3 #=N16
L 345 150 10 0 8 1 1 0 IO_L03N_1/A1_N16
A 405 150 10 0 2 0 PINTYPE=BI
P 46 400 140 350 140 0 3 0
A 355 140 10 0 3 3 #=P16
L 345 140 10 0 8 1 1 0 IO_L03P_1/A0_P16
A 405 140 10 0 2 0 PINTYPE=BI
P 47 400 130 350 130 0 3 0
A 355 130 10 0 3 3 #=P15
L 345 130 10 0 8 1 1 0 IO_L02N_1/LDC0_P15
A 405 130 10 0 2 0 PINTYPE=BI
P 48 400 120 350 120 0 3 0
A 355 120 10 0 3 3 #=R15
L 345 120 10 0 8 1 1 0 IO_L02P_1/LDC1_R15
A 405 120 10 0 2 0 PINTYPE=BI
P 49 400 110 350 110 0 3 0
A 355 110 10 0 3 3 #=N14
L 345 110 10 0 8 1 1 0 IO_L01N_1/LDC2_N14
A 405 110 10 0 2 0 PINTYPE=BI
P 50 400 100 350 100 0 3 0
A 355 100 10 0 3 3 #=N13
L 345 100 10 0 8 1 1 0 IO_L01P_1/HDC_N13
A 405 100 10 0 2 0 PINTYPE=BI
b 50 50 350 650
U 50 40 10 0 3 3 REFDES=U?
U 50 650 10 0 3 3 DEVICE=3S200AN
U 325 40 10 0 3 3 PKG_TYPE=FTG256
E
