V 51
K 193566956100 74lvc138a
|R 4:58_9-11-11
Y 1
D 0 0 120 190
Z 10
i 26
U 0 -60 10 0 3 0 PARTS=1
U 0 -50 10 0 3 0 LEVEL=STD
U 0 -40 10 0 3 0 MANF_P/N=SN74LVC138AD
U 0 -30 10 0 3 0 MANF=TEXAS INSTRUMENTS
U 0 -10 10 0 3 0 DIST=DIGI-KEY
U 0 -20 10 0 3 0 DIST_P?N=296-8459-5-ND
U 20 0 16 0 3 3 REFDES=U?
U 25 175 10 0 3 3 DEVICE=74LVC138A
U 75 5 10 0 3 3 PKG_TYPE=SOIC_16
P 23 120 80 100 80 0 3 0
A 115 80 10 0 9 3 #=10
A 155 80 10 0 9 0 PINTYPE=OUT
L 80 75 10 0 3 0 1 0 Y5
P 24 120 90 100 90 0 3 0
A 115 90 10 0 9 3 #=11
A 155 90 10 0 9 0 PINTYPE=OUT
L 80 85 10 0 3 0 1 0 Y4
P 25 120 70 100 70 0 3 0
A 110 70 10 0 9 3 #=9
A 155 70 10 0 9 0 PINTYPE=OUT
L 80 65 10 0 3 0 1 0 Y6
P 26 120 60 100 60 0 3 0
A 110 60 10 0 9 3 #=7
A 155 60 10 0 9 0 PINTYPE=OUT
L 80 55 10 0 3 0 1 0 Y7
P 21 120 40 100 40 0 3 0
A 120 40 10 0 9 0 PINTYPE=IN
L 75 35 10 0 3 0 1 0 GND
A 110 40 10 0 9 3 #=8
P 22 120 150 100 150 0 3 0
L 75 145 10 0 3 0 1 0 VCC
A 120 150 10 0 9 0 PINTYPE=IN
A 115 150 10 0 9 3 #=16
P 16 120 120 100 120 0 3 0
A 115 120 10 0 9 3 #=14
A 155 120 10 0 9 0 PINTYPE=OUT
L 80 115 10 0 3 0 1 0 Y1
P 17 120 130 100 130 0 3 0
A 115 130 10 0 9 3 #=15
A 155 130 10 0 9 0 PINTYPE=OUT
L 80 125 10 0 3 0 1 0 Y0
P 15 120 110 100 110 0 3 0
A 115 110 10 0 9 3 #=13
A 155 110 10 0 9 0 PINTYPE=OUT
L 80 105 10 0 3 0 1 0 Y2
P 6 120 100 100 100 0 3 0
A 115 100 10 0 9 3 #=12
A 155 100 10 0 9 0 PINTYPE=OUT
L 80 95 10 0 3 0 1 0 Y3
P 13 0 120 20 120 0 2 0
A -35 120 10 0 3 0 PINTYPE=IN
A 10 120 10 0 3 3 #=2
L 25 115 10 0 3 0 1 0 B
P 4 0 60 20 60 0 2 0
A -35 60 10 0 3 0 PINTYPE=IN
A 10 60 10 0 3 3 #=5
L 25 55 10 0 3 0 1 0 G2B_B
P 12 0 150 20 150 0 2 0
A -35 150 10 0 3 0 PINTYPE=IN
A 10 150 10 0 3 3 #=6
L 25 145 10 0 3 0 1 0 G1
P 20 0 130 20 130 0 2 0
L 25 125 10 0 3 0 1 0 A
A 10 130 10 0 3 3 #=1
A -50 130 10 0 3 0 PINTYPE=IN
P 19 0 110 20 110 0 2 0
L 25 105 10 0 3 0 1 0 C
A 10 110 10 0 3 3 #=3
A -50 110 10 0 3 0 PINTYPE=IN
P 18 0 70 20 70 0 2 0
L 25 65 10 0 3 0 1 0 G2A_B
A 10 70 10 0 3 3 #=4
A -50 70 10 0 3 0 PINTYPE=IN
b 20 20 100 170
E
