V 51
K 126370352000 88e1111-rcj
|R 23:53_9-13-10
Y 1
D 0 0 290 900
Z 10
i 155
U 0 -40 10 0 3 0 LEVEL=STD
U 0 -30 10 0 3 0 PARTS=1
P 155 290 130 251 130 0 3 0
Q 15 0 0
L 251 130 10 0 8 0 1 0 VSS_127
A 251 130 10 0 3 3 #=127
A 251 140 10 0 2 0 PINTYPE=ANALOG
P 154 0 290 40 290 0 2 0
Q 15 0 0
A 50 295 10 0 2 0 PINTYPE=ANALOG
A 40 290 10 0 9 3 #=122
L 40 290 10 0 2 0 1 0 VDDO_122
P 151 290 250 250 250 0 3 0
Q 15 0 0
A 240 255 10 4 2 0 PINTYPE=ANALOG
A 250 250 10 4 9 3 #=117
L 250 250 10 4 2 0 1 0 DVDD_117
P 147 290 80 251 80 0 3 0
Q 15 0 0
A 251 90 10 0 2 0 PINTYPE=ANALOG
A 251 80 10 0 3 3 #=106
L 251 80 10 0 8 0 1 0 VSS_106
P 146 290 370 250 370 0 3 0
Q 15 0 0
A 240 375 10 4 2 0 PINTYPE=ANALOG
A 250 370 10 4 9 3 #=104
L 250 370 10 4 2 0 1 0 AVDD_104
P 142 290 240 250 240 0 3 0
Q 15 0 0
A 240 245 10 4 2 0 PINTYPE=ANALOG
A 250 240 10 4 9 3 #=96
L 250 240 10 4 2 0 1 0 DVDD_96
P 141 290 290 250 290 0 3 0
Q 15 0 0
L 250 290 10 4 2 0 1 0 VDDOH_97
A 250 290 10 4 9 3 #=97
A 240 295 10 4 2 0 PINTYPE=ANALOG
P 138 290 230 250 230 0 3 0
Q 15 0 0
L 250 230 10 4 2 0 1 0 DVDD_90
A 250 230 10 4 9 3 #=90
A 240 235 10 4 2 0 PINTYPE=ANALOG
P 136 290 220 250 220 0 3 0
Q 15 0 0
A 240 225 10 4 2 0 PINTYPE=ANALOG
A 250 220 10 4 9 3 #=85
L 250 220 10 4 2 0 1 0 DVDD_85
P 133 290 210 250 210 0 3 0
Q 15 0 0
L 250 210 10 4 2 0 1 0 DVDD_78
A 250 210 10 4 9 3 #=78
A 240 215 10 4 2 0 PINTYPE=ANALOG
P 130 0 330 40 330 0 2 0
Q 15 0 0
L 40 330 10 0 2 0 1 0 VDDOX_71
A 40 330 10 0 9 3 #=71
A 50 335 10 0 2 0 PINTYPE=ANALOG
P 129 290 360 250 360 0 3 0
Q 15 0 0
L 250 360 10 4 2 0 1 0 AVDD_64
A 250 360 10 4 9 3 #=64
A 240 365 10 4 2 0 PINTYPE=ANALOG
P 128 290 350 250 350 0 3 0
Q 15 0 0
A 240 355 10 4 2 0 PINTYPE=ANALOG
A 250 350 10 4 9 3 #=59
L 250 350 10 4 2 0 1 0 AVDD_59
P 127 290 340 250 340 0 3 0
Q 15 0 0
L 250 340 10 4 2 0 1 0 AVDD_52
A 250 340 10 4 9 3 #=52
A 240 345 10 4 2 0 PINTYPE=ANALOG
P 123 0 180 39 180 0 2 0
Q 15 0 0
A 39 190 10 4 2 0 PINTYPE=ANALOG
A 39 180 10 4 3 3 #=65
L 39 180 10 4 8 0 1 0 VSS_65
P 101 0 40 39 40 0 2 0
Q 15 0 0
A 39 50 10 4 2 0 PINTYPE=ANALOG
A 39 40 10 4 3 3 #=9
L 39 40 10 4 8 0 1 0 VSS_9
P 81 290 450 251 450 0 3 0
Q 15 0 0
A 251 460 10 0 2 0 PINTYPE=IN
A 251 450 10 0 3 3 #=87
L 251 450 10 0 8 0 1 0 CONFIG1
P 84 290 430 251 430 0 3 0
Q 15 0 0
A 251 440 10 0 2 0 PINTYPE=IN
A 251 430 10 0 3 3 #=82
L 251 430 10 0 8 0 1 0 CONFIG3
P 85 290 420 251 420 0 3 0
Q 15 0 0
A 251 430 10 0 2 0 PINTYPE=IN
A 251 420 10 0 3 3 #=81
L 251 420 10 0 8 0 1 0 CONFIG4
P 86 290 410 251 410 0 3 0
Q 15 0 0
A 251 420 10 0 2 0 PINTYPE=IN
A 251 410 10 0 3 3 #=80
L 251 410 10 0 8 0 1 0 CONFIG5
P 87 290 400 251 400 0 3 0
Q 15 0 0
A 251 410 10 0 2 0 PINTYPE=IN
A 251 400 10 0 3 3 #=79
L 251 400 10 0 8 0 1 0 CONFIG6
P 61 0 780 39 780 0 2 0
Q 15 0 0
A 39 790 10 4 2 0 PINTYPE=OUT
A 39 780 10 4 3 3 #=115
L 39 780 10 4 8 0 1 0 CRS
P 38 290 720 250 720 0 3 0
Q 15 0 0
A 250 725 10 4 2 0 PINTYPE=ANALOG
A 250 720 10 4 9 3 #=54
L 250 720 10 4 2 0 1 0 HSDAC_N
P 75 290 500 251 500 0 3 0
Q 15 0 0
A 251 510 10 0 2 0 PINTYPE=OUT
A 251 500 10 0 3 3 #=95
L 251 500 10 0 8 0 1 0 LED_DPLX
P 69 290 540 251 540 0 3 0
Q 15 0 0
A 251 550 10 0 2 0 PINTYPE=OUT
A 251 540 10 0 3 3 #=100
L 251 540 10 0 8 0 1 0 LED_LINK10
P 71 290 530 251 530 0 3 0
Q 15 0 0
A 251 540 10 0 2 0 PINTYPE=OUT
A 251 530 10 0 3 3 #=99
L 251 530 10 0 8 0 1 0 LED_LINK100
P 72 290 520 251 520 0 3 0
Q 15 0 0
A 251 530 10 0 2 0 PINTYPE=OUT
A 251 520 10 0 3 3 #=98
L 251 520 10 0 8 0 1 0 LED_LINK1000
P 76 290 490 251 490 0 3 0
Q 15 0 0
A 251 500 10 0 2 0 PINTYPE=OUT
A 251 490 10 0 3 3 #=92
L 251 490 10 0 8 0 1 0 LED_RX
P 77 290 480 251 480 0 3 0
Q 15 0 0
A 251 490 10 0 2 0 PINTYPE=OUT
A 251 480 10 0 3 3 #=91
L 251 480 10 0 8 0 1 0 LED_TX
P 25 0 850 40 850 0 2 0
Q 15 0 0
A 40 855 10 0 2 0 PINTYPE=IN
A 40 850 10 0 9 3 #=35
L 40 850 10 0 2 0 1 0 MDC
P 34 290 820 250 820 0 3 0
Q 15 0 0
A 250 825 10 4 2 0 PINTYPE=BI
A 250 820 10 4 9 3 #=47
L 250 820 10 4 2 0 1 0 MDI1_N
P 41 290 790 250 790 0 3 0
Q 15 0 0
A 250 795 10 4 2 0 PINTYPE=ANALOG
A 250 790 10 4 9 3 #=57
L 250 790 10 4 2 0 1 0 MDI2_N
P 43 290 760 250 760 0 3 0
Q 15 0 0
A 250 765 10 4 2 0 PINTYPE=BI
A 250 760 10 4 9 3 #=62
L 250 760 10 4 2 0 1 0 MDI3_N
P 24 0 860 40 860 0 2 0
Q 15 0 0
A 40 865 10 0 2 0 PINTYPE=BI
A 40 860 10 0 9 3 #=33
L 40 860 10 0 2 0 1 0 MDIO
P 53 0 690 39 690 0 2 0
Q 15 0 0
A 39 700 10 4 2 0 PINTYPE=OUT
A 39 690 10 4 3 3 #=128
L 39 690 10 4 8 0 1 0 RXD1
P 52 0 680 39 680 0 2 0
Q 15 0 0
A 39 690 10 4 2 0 PINTYPE=OUT
A 39 680 10 4 3 3 #=126
L 39 680 10 4 8 0 1 0 RXD2
P 54 0 670 39 670 0 2 0
Q 15 0 0
A 39 680 10 4 2 0 PINTYPE=OUT
A 39 670 10 4 3 3 #=125
L 39 670 10 4 8 0 1 0 RXD3
P 55 0 650 39 650 0 2 0
Q 15 0 0
A 39 660 10 4 2 0 PINTYPE=OUT
A 39 650 10 4 3 3 #=124
L 39 650 10 4 8 0 1 0 RXD4
P 56 0 640 39 640 0 2 0
Q 15 0 0
A 39 650 10 4 2 0 PINTYPE=OUT
A 39 640 10 4 3 3 #=123
L 39 640 10 4 8 0 1 0 RXD5
P 58 0 630 39 630 0 2 0
Q 15 0 0
A 39 640 10 4 2 0 PINTYPE=OUT
A 39 630 10 4 3 3 #=121
L 39 630 10 4 8 0 1 0 RXD6
P 3 0 730 40 730 0 2 0
Q 15 0 0
A 50 735 10 0 2 0 PINTYPE=OUT
A 40 730 10 0 9 3 #=8
L 40 730 10 0 2 0 1 0 RXER
P 63 290 660 251 660 0 3 0
Q 15 0 0
A 251 670 10 0 2 0 PINTYPE=IN
A 251 660 10 0 3 3 #=113
L 251 660 10 0 8 0 1 0 SIN_P
P 65 290 690 251 690 0 3 0
Q 15 0 0
A 251 700 10 0 2 0 PINTYPE=OUT
A 251 690 10 0 3 3 #=110
L 251 690 10 0 8 0 1 0 SCLK_P
P 66 290 680 251 680 0 3 0
Q 15 0 0
A 251 690 10 0 2 0 PINTYPE=OUT
A 251 680 10 0 3 3 #=109
L 251 680 10 0 8 0 1 0 SCLK_N
P 44 0 430 40 430 0 2 0
Q 15 0 0
A 40 435 10 0 2 0 PINTYPE=IN
A 40 430 10 0 9 3 #=67
L 40 430 10 0 2 0 1 0 TDI
P 95 0 400 39 400 0 2 0
Q 15 0 0
A 39 410 10 4 2 0 PINTYPE=OUT
A 39 400 10 4 3 3 #=72
L 39 400 10 4 8 0 1 0 TDO
P 46 0 420 40 420 0 2 0
Q 15 0 0
A 40 425 10 0 2 0 PINTYPE=IN
A 40 420 10 0 9 3 #=69
L 40 420 10 0 2 0 1 0 TMS
P 47 0 410 40 410 0 2 0
Q 15 0 0
A 40 415 10 0 2 0 PINTYPE=IN
A 40 410 10 0 9 3 #=68
L 40 410 10 0 2 0 1 0 TRST_B
P 11 0 540 40 540 0 2 0
Q 15 0 0
A 40 545 10 0 2 0 PINTYPE=IN
A 40 540 10 0 9 3 #=18
L 40 540 10 0 2 0 1 0 TXD0
P 12 0 530 40 530 0 2 0
Q 15 0 0
A 40 535 10 0 2 0 PINTYPE=IN
A 40 530 10 0 9 3 #=19
L 40 530 10 0 2 0 1 0 TXD1
P 14 0 520 40 520 0 2 0
Q 15 0 0
A 40 525 10 0 2 0 PINTYPE=IN
A 40 520 10 0 9 3 #=20
L 40 520 10 0 2 0 1 0 TXD2
P 16 0 510 40 510 0 2 0
Q 15 0 0
A 40 515 10 0 2 0 PINTYPE=IN
A 40 510 10 0 9 3 #=24
L 40 510 10 0 2 0 1 0 TXD3
P 17 0 490 40 490 0 2 0
Q 15 0 0
A 40 495 10 0 2 0 PINTYPE=IN
A 40 490 10 0 9 3 #=25
L 40 490 10 0 2 0 1 0 TXD4
P 18 0 480 40 480 0 2 0
Q 15 0 0
A 40 485 10 0 2 0 PINTYPE=IN
A 40 480 10 0 9 3 #=26
L 40 480 10 0 2 0 1 0 TXD5
P 20 0 460 40 460 0 2 0
Q 15 0 0
A 40 465 10 0 2 0 PINTYPE=IN
A 40 460 10 0 9 3 #=29
L 40 460 10 0 2 0 1 0 TXD7
P 7 0 570 40 570 0 2 0
Q 15 0 0
A 50 575 10 0 2 0 PINTYPE=IN
A 40 570 10 0 9 3 #=13
L 40 570 10 0 2 0 1 0 TXER
P 70 290 620 251 620 0 3 0
Q 15 0 0
A 251 630 10 0 2 0 PINTYPE=OUT
A 251 620 10 0 3 3 #=105
L 251 620 10 0 8 0 1 0 SOUT_N
P 68 290 630 251 630 0 3 0
Q 15 0 0
A 251 640 10 0 2 0 PINTYPE=OUT
A 251 630 10 0 3 3 #=107
L 251 630 10 0 8 0 1 0 SOUT_P
P 96 0 390 39 390 0 2 0
Q 15 0 0
A 39 400 10 4 2 0 PINTYPE=IN
A 39 390 10 4 3 3 #=70
L 39 390 10 4 8 0 1 0 TCK
P 2 0 740 40 740 0 2 0
Q 15 0 0
A 50 745 10 0 2 0 PINTYPE=OUT
A 40 740 10 0 9 3 #=7
L 40 740 10 0 2 0 1 0 RXCLK
P 50 0 700 39 700 0 2 0
Q 15 0 0
A 39 710 10 4 2 0 PINTYPE=OUT
A 39 700 10 4 3 3 #=3
L 39 700 10 4 8 0 1 0 RXD0
P 51 0 720 39 720 0 2 0
Q 15 0 0
A 39 730 10 4 2 0 PINTYPE=OUT
A 39 720 10 4 3 3 #=4
L 39 720 10 4 8 0 1 0 RXDV
P 4 0 580 40 580 0 2 0
Q 15 0 0
A 50 585 10 0 2 0 PINTYPE=OUT
A 40 580 10 0 9 3 #=10
L 40 580 10 0 2 0 1 0 TXCLK
P 114 0 100 39 100 0 2 0
Q 15 0 0
A 39 110 10 4 2 0 PINTYPE=ANALOG
A 39 100 10 4 3 3 #=43
L 39 100 10 4 8 0 1 0 VSS_43
P 125 290 330 250 330 0 3 0
Q 15 0 0
A 240 335 10 4 2 0 PINTYPE=ANALOG
A 250 330 10 4 9 3 #=49
L 250 330 10 4 2 0 1 0 AVDD_49
P 111 0 320 40 320 0 2 0
Q 15 0 0
A 50 325 10 0 2 0 PINTYPE=ANALOG
A 40 320 10 0 9 3 #=34
L 40 320 10 0 2 0 1 0 VDDOX_34
P 8 0 590 40 590 0 2 0
Q 15 0 0
A 50 595 10 0 2 0 PINTYPE=IN
A 40 590 10 0 9 3 #=14
L 40 590 10 0 2 0 1 0 GTXCLK
P 9 0 560 40 560 0 2 0
Q 15 0 0
A 50 565 10 0 2 0 PINTYPE=IN
A 40 560 10 0 9 3 #=16
L 40 560 10 0 2 0 1 0 TXEN
P 29 290 860 250 860 0 3 0
Q 15 0 0
A 250 865 10 4 2 0 PINTYPE=BI
A 250 860 10 4 9 3 #=41
L 250 860 10 4 2 0 1 0 MDI0_P
P 30 0 790 40 790 0 2 0
Q 15 0 0
A -170 795 10 0 2 0 PINTYPE=ANALOG
A 40 790 10 0 9 3 #=39
L 40 790 10 0 2 0 1 0 RSET
P 28 0 800 40 800 0 2 0
Q 15 0 0
A -170 805 10 0 2 0 PINTYPE=IN
A 40 800 10 0 9 3 #=36
L 40 800 10 0 2 0 1 0 RESET_B
P 27 0 810 40 810 0 2 0
Q 15 0 0
A 40 815 10 0 2 0 PINTYPE=IN
A 40 810 10 0 9 3 #=37
L 40 810 10 0 2 0 1 0 COMA
P 23 0 820 40 820 0 2 0
Q 15 0 0
A 40 825 10 0 2 0 PINTYPE=OUT
A 40 820 10 0 9 3 #=32
L 40 820 10 0 2 0 1 0 INT_B
P 22 0 830 40 830 0 2 0
Q 15 0 0
A 40 835 10 0 2 0 PINTYPE=OUT
A 40 830 10 0 9 3 #=31
L 40 830 10 0 2 0 1 0 CLK125
P 19 0 470 40 470 0 2 0
Q 15 0 0
A 40 475 10 0 2 0 PINTYPE=IN
A 40 470 10 0 9 3 #=28
L 40 470 10 0 2 0 1 0 TXD6
P 59 0 620 39 620 0 2 0
Q 15 0 0
A 39 630 10 4 2 0 PINTYPE=OUT
A 39 620 10 4 3 3 #=120
L 39 620 10 4 8 0 1 0 RXD7
P 62 0 770 39 770 0 2 0
Q 15 0 0
A 39 780 10 4 2 0 PINTYPE=OUT
A 39 770 10 4 3 3 #=114
L 39 770 10 4 8 0 1 0 COL
P 64 290 650 251 650 0 3 0
Q 15 0 0
A 251 660 10 0 2 0 PINTYPE=IN
A 251 650 10 0 3 3 #=112
L 251 650 10 0 8 0 1 0 SIN_N
P 80 290 460 251 460 0 3 0
Q 15 0 0
A 251 470 10 0 2 0 PINTYPE=IN
A 251 460 10 0 3 3 #=88
L 251 460 10 0 8 0 1 0 CONFIG0
P 82 290 440 251 440 0 3 0
Q 15 0 0
A 251 450 10 0 2 0 PINTYPE=IN
A 251 440 10 0 3 3 #=86
L 251 440 10 0 8 0 1 0 CONFIG2
P 152 290 260 250 260 0 3 0
Q 15 0 0
L 250 260 10 4 2 0 1 0 DVDD_118
A 250 260 10 4 9 3 #=118
A 240 265 10 4 2 0 PINTYPE=ANALOG
P 131 290 280 250 280 0 3 0
Q 15 0 0
A 240 285 10 4 2 0 PINTYPE=ANALOG
A 250 280 10 4 9 3 #=73
L 250 280 10 4 2 0 1 0 VDDOH_73
P 115 290 320 250 320 0 3 0
Q 15 0 0
L 250 320 10 4 2 0 1 0 AVDD_44
A 250 320 10 4 9 3 #=44
A 240 325 10 4 2 0 PINTYPE=ANALOG
P 108 290 190 250 190 0 3 0
Q 15 0 0
A 240 195 10 4 2 0 PINTYPE=ANALOG
A 250 190 10 4 9 3 #=23
L 250 190 10 4 2 0 1 0 DVDD_23
P 109 290 200 250 200 0 3 0
Q 15 0 0
A 240 205 10 4 2 0 PINTYPE=ANALOG
A 250 200 10 4 9 3 #=27
L 250 200 10 4 2 0 1 0 DVDD_27
P 105 290 180 250 180 0 3 0
Q 15 0 0
L 250 180 10 4 2 0 1 0 DVDD_17
A 250 180 10 4 9 3 #=17
A 240 185 10 4 2 0 PINTYPE=ANALOG
P 103 290 170 250 170 0 3 0
Q 15 0 0
A 240 175 10 4 2 0 PINTYPE=ANALOG
A 250 170 10 4 9 3 #=12
L 250 170 10 4 2 0 1 0 DVDD_12
P 100 290 160 250 160 0 3 0
Q 15 0 0
L 250 160 10 4 2 0 1 0 DVDD_6
A 250 160 10 4 9 3 #=6
A 240 165 10 4 2 0 PINTYPE=ANALOG
P 1 290 150 250 150 0 3 0
Q 15 0 0
A 240 155 10 4 2 0 PINTYPE=ANALOG
A 250 150 10 4 9 3 #=2
L 250 150 10 4 2 0 1 0 DVDD_2
P 99 0 260 40 260 0 2 0
Q 15 0 0
L 40 260 10 0 2 0 1 0 VDDO_5
A 40 260 10 0 9 3 #=5
A 50 265 10 0 2 0 PINTYPE=ANALOG
P 153 290 120 251 120 0 3 0
Q 15 0 0
A 251 130 10 0 2 0 PINTYPE=ANALOG
A 251 120 10 0 3 3 #=119
L 251 120 10 0 8 0 1 0 VSS_119
P 150 290 110 251 110 0 3 0
Q 15 0 0
L 251 110 10 0 8 0 1 0 VSS_116
A 251 110 10 0 3 3 #=116
A 251 120 10 0 2 0 PINTYPE=ANALOG
P 149 290 100 251 100 0 3 0
Q 15 0 0
A 251 110 10 0 2 0 PINTYPE=ANALOG
A 251 100 10 0 3 3 #=111
L 251 100 10 0 8 0 1 0 VSS_111
P 148 290 90 251 90 0 3 0
Q 15 0 0
L 251 90 10 0 8 0 1 0 VSS_108
A 251 90 10 0 3 3 #=108
A 251 100 10 0 2 0 PINTYPE=ANALOG
P 145 290 70 251 70 0 3 0
Q 15 0 0
L 251 70 10 0 8 0 1 0 VSS_103
A 251 70 10 0 3 3 #=103
A 251 80 10 0 2 0 PINTYPE=ANALOG
P 144 290 60 251 60 0 3 0
Q 15 0 0
A 251 70 10 0 2 0 PINTYPE=ANALOG
A 251 60 10 0 3 3 #=102
L 251 60 10 0 8 0 1 0 VSS_102
P 143 290 50 251 50 0 3 0
Q 15 0 0
L 251 50 10 0 8 0 1 0 VSS_101
A 251 50 10 0 3 3 #=101
A 251 60 10 0 2 0 PINTYPE=ANALOG
P 140 0 220 39 220 0 2 0
Q 15 0 0
A 39 230 10 4 2 0 PINTYPE=ANALOG
A 39 220 10 4 3 3 #=93
L 39 220 10 4 8 0 1 0 VSS_93
P 135 0 210 39 210 0 2 0
Q 15 0 0
A 39 220 10 4 2 0 PINTYPE=ANALOG
A 39 210 10 4 3 3 #=84
L 39 210 10 4 8 0 1 0 VSS_84
P 134 0 200 39 200 0 2 0
Q 15 0 0
L 39 200 10 4 8 0 1 0 VSS_83
A 39 200 10 4 3 3 #=83
A 39 210 10 4 2 0 PINTYPE=ANALOG
P 124 0 190 39 190 0 2 0
Q 15 0 0
L 39 190 10 4 8 0 1 0 VSS_66
A 39 190 10 4 3 3 #=66
A 39 200 10 4 2 0 PINTYPE=ANALOG
P 122 0 170 39 170 0 2 0
Q 15 0 0
L 39 170 10 4 8 0 1 0 VSS_63
A 39 170 10 4 3 3 #=63
A 39 180 10 4 2 0 PINTYPE=ANALOG
P 121 0 160 39 160 0 2 0
Q 15 0 0
A 39 170 10 4 2 0 PINTYPE=ANALOG
A 39 160 10 4 3 3 #=60
L 39 160 10 4 8 0 1 0 VSS_60
P 120 0 150 39 150 0 2 0
Q 15 0 0
L 39 150 10 4 8 0 1 0 VSS_58
A 39 150 10 4 3 3 #=58
A 39 160 10 4 2 0 PINTYPE=ANALOG
P 98 0 30 39 30 0 2 0
Q 15 0 0
L 39 30 10 4 8 0 1 0 VSS_1
A 39 30 10 4 3 3 #=1
A 39 40 10 4 2 0 PINTYPE=ANALOG
P 104 0 50 39 50 0 2 0
Q 15 0 0
A 39 60 10 4 2 0 PINTYPE=ANALOG
A 39 50 10 4 3 3 #=15
L 39 50 10 4 8 0 1 0 VSS_15
P 106 0 60 39 60 0 2 0
Q 15 0 0
A 39 70 10 4 2 0 PINTYPE=ANALOG
A 39 60 10 4 3 3 #=21
L 39 60 10 4 8 0 1 0 VSS_21
P 107 0 70 39 70 0 2 0
Q 15 0 0
L 39 70 10 4 8 0 1 0 VSS_22
A 39 70 10 4 3 3 #=22
A 39 80 10 4 2 0 PINTYPE=ANALOG
P 113 0 90 39 90 0 2 0
Q 15 0 0
L 39 90 10 4 8 0 1 0 VSS_40
A 39 90 10 4 3 3 #=40
A 39 100 10 4 2 0 PINTYPE=ANALOG
P 112 0 80 39 80 0 2 0
Q 15 0 0
A 39 90 10 4 2 0 PINTYPE=ANALOG
A 39 80 10 4 3 3 #=38
L 39 80 10 4 8 0 1 0 VSS_38
P 116 0 110 39 110 0 2 0
Q 15 0 0
L 39 110 10 4 8 0 1 0 VSS_45
A 39 110 10 4 3 3 #=45
A 39 120 10 4 2 0 PINTYPE=ANALOG
P 117 0 120 39 120 0 2 0
Q 15 0 0
A 39 130 10 4 2 0 PINTYPE=ANALOG
A 39 120 10 4 3 3 #=48
L 39 120 10 4 8 0 1 0 VSS_48
P 118 0 130 39 130 0 2 0
Q 15 0 0
L 39 130 10 4 8 0 1 0 VSS_51
A 39 130 10 4 3 3 #=51
A 39 140 10 4 2 0 PINTYPE=ANALOG
P 119 0 140 39 140 0 2 0
Q 15 0 0
A 39 150 10 4 2 0 PINTYPE=ANALOG
A 39 140 10 4 3 3 #=55
L 39 140 10 4 8 0 1 0 VSS_55
P 110 0 280 40 280 0 2 0
Q 15 0 0
L 40 280 10 0 2 0 1 0 VDDO_30
A 40 280 10 0 9 3 #=30
A 50 285 10 0 2 0 PINTYPE=ANALOG
P 102 0 270 40 270 0 2 0
Q 15 0 0
A 50 275 10 0 2 0 PINTYPE=ANALOG
A 40 270 10 0 9 3 #=11
L 40 270 10 0 2 0 1 0 VDDO_11
P 89 290 590 251 590 0 3 0
Q 15 0 0
A 251 600 10 0 2 0 PINTYPE=IN
A 251 590 10 0 3 3 #=77
L 251 590 10 0 8 0 1 0 SEL_OSC
P 90 290 570 251 570 0 3 0
Q 15 0 0
A 251 580 10 0 2 0 PINTYPE=IN
A 251 570 10 0 3 3 #=76
L 251 570 10 0 8 0 1 0 XTAL1
P 91 290 560 251 560 0 3 0
Q 15 0 0
A 251 570 10 0 2 0 PINTYPE=IN
A 251 560 10 0 3 3 #=75
L 251 560 10 0 8 0 1 0 XTAL2
P 132 290 30 251 30 0 3 0
Q 15 0 0
A 251 40 10 0 2 0 PINTYPE=ANALOG
A 251 30 10 0 3 3 #=74
L 251 30 10 0 8 0 1 0 VSSC_74
P 139 0 230 39 230 0 2 0
Q 15 0 0
L 39 230 10 4 8 0 1 0 VSS_94
A 39 230 10 4 3 3 #=94
A 39 240 10 4 2 0 PINTYPE=ANALOG
P 31 290 850 250 850 0 3 0
Q 15 0 0
A 250 855 10 4 2 0 PINTYPE=BI
A 250 850 10 4 9 3 #=42
L 250 850 10 4 2 0 1 0 MDI0_N
P 33 290 830 250 830 0 3 0
Q 15 0 0
A 250 835 10 4 2 0 PINTYPE=BI
A 250 830 10 4 9 3 #=46
L 250 830 10 4 2 0 1 0 MDI1_P
P 39 290 800 250 800 0 3 0
Q 15 0 0
A 250 805 10 4 2 0 PINTYPE=BI
A 250 800 10 4 9 3 #=56
L 250 800 10 4 2 0 1 0 MDI2_P
P 42 290 770 250 770 0 3 0
Q 15 0 0
A 250 775 10 4 2 0 PINTYPE=BI
A 250 770 10 4 9 3 #=61
L 250 770 10 4 2 0 1 0 MDI3_P
P 37 290 730 250 730 0 3 0
Q 15 0 0
A 250 735 10 4 2 0 PINTYPE=ANALOG
A 250 730 10 4 9 3 #=53
L 250 730 10 4 2 0 1 0 HSDAC_P
P 137 290 300 250 300 0 3 0
Q 15 0 0
L 250 300 10 4 2 0 1 0 VDDOH_89
A 250 300 10 4 9 3 #=89
A 240 305 10 4 2 0 PINTYPE=ANALOG
P 126 0 360 40 360 0 2 0
Q 15 0 0
L 40 360 10 0 2 0 1 0 NC_50
A 40 360 10 0 9 3 #=50
A 50 365 10 0 2 0 PINTYPE=ANALOG
b 40 10 250 870
U 40 -5 16 0 3 3 REFDES=U?
U 40 870 10 0 3 3 DEVICE=M88E1111_PQFP128R
U 155 0 10 0 3 3 PKG_TYPE=PQFP-128R
E
