V 51
K 157788999600 88e1116
|R 21:26_10-13-11
Y 1
D 0 0 290 230
Z 10
i 179
U 0 -20 10 0 3 0 VALUE=88E1116R
P 178 0 170 40 170 0 2 0
L 45 170 10 0 2 0 1 0 VDDOR_52
A 0 170 10 0 3 0 PINTYPE=ANALOG
A 35 170 10 0 9 3 #=52
P 179 0 160 40 160 0 2 0
L 45 160 10 0 2 0 1 0 VDDOR_56
A 0 160 10 0 3 0 PINTYPE=ANALOG
A 35 160 10 0 9 3 #=56
P 177 0 140 40 140 0 2 0
L 45 140 10 0 2 0 1 0 VDDO_46
A 0 140 10 0 3 0 PINTYPE=ANALOG
A 35 140 10 0 9 3 #=46
P 176 290 80 255 80 0 3 0
L 250 80 10 0 8 0 1 0 AVDDR_15
A 295 80 10 0 9 0 PINTYPE=ANALOG
A 260 80 10 0 3 3 #=15
P 173 290 120 255 120 0 3 0
L 250 120 10 0 8 0 1 0 AVDDC_34
A 295 120 10 0 9 0 PINTYPE=ANALOG
A 260 120 10 0 3 3 #=34
P 174 290 110 255 110 0 3 0
L 250 110 10 0 8 0 1 0 AVDDC_37
A 295 110 10 0 9 0 PINTYPE=ANALOG
A 260 110 10 0 3 3 #=37
P 171 290 140 255 140 0 3 0
L 250 140 10 0 8 0 1 0 AVDD_29
A 295 140 10 0 9 0 PINTYPE=ANALOG
A 260 140 10 0 3 3 #=29
P 164 0 40 40 40 0 2 0
L 45 40 10 4 8 0 1 0 DVDD_47
A 0 40 10 4 9 0 PINTYPE=ANALOG
A 35 40 10 4 3 3 #=47
P 165 0 50 40 50 0 2 0
L 45 50 10 4 8 0 1 0 DVDD_40
A 0 50 10 4 9 0 PINTYPE=ANALOG
A 35 50 10 4 3 3 #=40
P 166 0 60 40 60 0 2 0
L 45 60 10 4 8 0 1 0 DVDD_13
A 0 60 10 4 9 0 PINTYPE=ANALOG
A 35 60 10 4 3 3 #=13
P 167 0 70 40 70 0 2 0
L 45 70 10 4 8 0 1 0 DVDD_5
A 0 70 10 4 9 0 PINTYPE=ANALOG
A 35 70 10 4 3 3 #=5
P 168 290 170 255 170 0 3 0
L 250 170 10 0 8 0 1 0 AVDD_21
A 295 170 10 0 9 0 PINTYPE=ANALOG
A 260 170 10 0 3 3 #=21
P 169 290 160 255 160 0 3 0
L 250 160 10 0 8 0 1 0 AVDD_22
A 295 160 10 0 9 0 PINTYPE=ANALOG
A 260 160 10 0 3 3 #=22
P 170 290 150 255 150 0 3 0
L 250 150 10 0 8 0 1 0 AVDD_27
A 295 150 10 0 9 0 PINTYPE=ANALOG
A 260 150 10 0 3 3 #=27
P 172 290 60 255 60 0 3 0
L 250 60 10 0 8 0 1 0 AVDDX_16
A 295 60 10 0 9 0 PINTYPE=ANALOG
A 260 60 10 0 3 3 #=29
P 175 290 90 255 90 0 3 0
L 250 90 10 0 8 0 1 0 AVDDR_14
A 295 90 10 0 9 0 PINTYPE=ANALOG
A 260 90 10 0 3 3 #=14
P 160 0 130 40 130 0 2 0
L 45 130 10 0 2 0 1 0 VDDO_7
A 0 130 10 0 3 0 PINTYPE=ANALOG
A 35 130 10 0 9 3 #=7
P 163 0 85 40 85 0 2 0
L 45 85 10 4 8 0 1 0 EPAD
A 0 85 10 4 9 0 PINTYPE=ANALOG
A 35 85 10 4 3 3 #=65
U 0 -10 10 0 3 0 MANF_P/N=88E111RA0-NNC1C000
b 40 20 255 200
U 45 205 10 0 3 3 DEVICE=88E1116R
U 40 0 16 0 3 3 REFDES=U?
U 155 0 10 0 3 3 PKG_TYPE=TBD
E
