V 51
K 400794561300 abls-25_000mhz
|R 22:55_10-7-10
Y 1
D 0 0 80 50
Z 10
i 4
U 0 -70 10 0 3 0 DEVICE=XTAL_SMD
U 0 -120 10 0 3 0 LEVEL=STD
U 0 -110 10 0 3 0 PARTS=1
U 0 -100 10 0 3 0 PINOFF
U 0 -90 10 0 3 0 PREFIX=X
U 50 -145 10 0 5 0 @CS=.054PF
U 30 -155 10 0 5 0 @RS=15
U 40 -165 10 0 5 0 @CP=29PF
U 50 -175 10 0 5 0 @LS=.0548H
U 0 -120 10 0 1 0 CLASS=CRYSTAL
U 10 -10 10 0 6 3 REFDES=X?
P 3 0 10 20 10 0 2 0
A 0 0 10 0 3 3 #=1
L 5 15 10 0 9 0 0 0 P1
A -5 -10 10 0 7 0 PINTYPE=BI
P 1 0 40 20 40 0 2 0
A -5 20 10 0 7 0 PINTYPE=BI
L 5 45 10 0 9 0 0 0 P4
A 0 40 10 0 3 3 #=2
l 4 35 15 35 15 35 10 20 10
l 2 45 15 25 15
l 2 45 35 25 35
b 15 20 55 30
b 10 5 70 45
l 4 35 35 35 35 35 40 20 40
U 0 50 10 0 3 0 PKG_TYPE=XTAL_SMD
U 0 50 10 0 3 3 VALUE=MHZ?
E
