V 51
K 189038755400 MAX202_0
|R 18:20_8-25-11
Y 1
D -30 -30 130 150
Z 10
i 16
U 0 0 9 0 3 0 PARTS=1
U 5 -10 9 0 3 3 VALUE
P 1 50 150 50 120 0 0 0
L 50 115 9 1 8 0 1 0 3V3
A 50 125 9 1 3 3 #=16
A 0 0 9 0 3 0 PINTYPE=OUT
P 2 50 -30 50 0 0 1 0
L 50 5 9 1 2 0 1 0 GND
A 50 -5 9 1 9 3 #=15
A 0 0 9 0 3 0 PINTYPE=OUT
P 3 -30 80 0 80 0 2 0
L 5 80 9 0 2 0 1 0 T1IN
A -5 80 9 0 9 3 #=11
A 0 0 9 0 3 0 PINTYPE=OUT
P 4 130 80 100 80 0 3 0
L 95 80 9 0 8 0 1 0 T1OUT
A 105 80 9 0 3 3 #=14
A 0 0 9 0 3 0 PINTYPE=IN
P 5 130 70 100 70 0 3 0
L 95 70 9 0 8 0 1 0 R1IN
A 105 70 9 0 3 3 #=13
A 0 0 9 0 3 0 PINTYPE=OUT
P 6 -30 70 0 70 0 2 0
L 5 70 9 0 2 0 1 0 R1OUT
A -5 70 9 0 9 3 #=12
A 0 0 9 0 3 0 PINTYPE=IN
P 7 -30 50 0 50 0 2 0
L 5 50 9 0 2 0 1 0 T2IN
A -5 50 9 0 9 3 #=10
A 0 0 9 0 3 0 PINTYPE=OUT
P 8 -30 40 0 40 0 2 0
L 5 40 9 0 2 0 1 0 R2OUT
A -5 40 9 0 9 3 #=9
A 0 0 9 0 3 0 PINTYPE=IN
P 9 130 50 100 50 0 3 0
L 95 50 9 0 8 0 1 0 T2OUT
A 105 50 9 0 3 3 #=7
A 0 0 9 0 3 0 PINTYPE=IN
P 10 130 40 100 40 0 3 0
L 95 40 9 0 8 0 1 0 R2IN
A 105 40 9 0 3 3 #=8
A 0 0 9 0 3 0 PINTYPE=OUT
P 11 130 110 100 110 0 3 0
L 95 110 9 0 8 0 1 0 V+
A 105 110 9 0 3 3 #=2
A 0 0 9 0 3 0 PINTYPE=OUT
P 12 130 100 100 100 0 3 0
L 95 100 9 0 8 0 1 0 V-
A 105 100 9 0 3 3 #=6
A 0 0 9 0 3 0 PINTYPE=OUT
P 13 -30 110 0 110 0 2 0
L 5 110 9 0 2 0 1 0 C1+
A -5 110 9 0 9 3 #=1
A 0 0 9 0 3 0 PINTYPE=OUT
P 14 -30 100 0 100 0 2 0
L 5 100 9 0 2 0 1 0 C1-
A -5 100 9 0 9 3 #=3
A 0 0 9 0 3 0 PINTYPE=OUT
P 15 -30 20 0 20 0 2 0
L 5 20 9 0 2 0 1 0 C2+
A -5 20 9 0 9 3 #=4
A 0 0 9 0 3 0 PINTYPE=OUT
P 16 -30 10 0 10 0 2 0
L 5 10 9 0 2 0 1 0 C2-
A -5 10 9 0 9 3 #=5
A 0 0 9 0 3 0 PINTYPE=OUT
b 0 0 100 120
U -5 -20 16 0 3 3 REFDES=U?
U -20 120 10 0 3 3 DEVICE=DEVICE
U 70 -10 10 0 3 3 PKG_TYPE=PKG_TYPE
E
