V 51
K 272192940200 atmega32u4
|R 18:01_8-14-13
Y 1
D 0 0 240 520
Z 10
i 54
U 0 -80 10 0 3 0 DIST_P/N=ATMEGA32U4-MU-ND
U 0 -70 10 0 3 0 DIST=DIGIKEY
U 0 -60 10 0 3 0 MFG_P/N=ATMEGA32U4-MU
U 0 -50 10 0 3 0 MFG=ATMEL
U 0 -20 10 0 3 0 LEVEL=STD
U 0 -10 10 0 3 0 PARTS=1
U 30 0 16 0 3 3 REFDES=U?
U 165 10 10 0 3 3 PKG_TYPE=QFN_44_EP
P 49 240 110 220 110 0 3 0
A 240 110 10 0 9 0 PINTYPE=BI
A 235 110 10 0 9 3 #=36
L 190 105 10 0 3 0 1 0 PF_7
P 50 240 120 220 120 0 3 0
A 240 120 10 0 9 0 PINTYPE=BI
A 235 120 10 0 9 3 #=37
L 190 115 10 0 3 0 1 0 PF_6
P 51 240 130 220 130 0 3 0
A 240 130 10 0 9 0 PINTYPE=BI
A 235 130 10 0 9 3 #=38
L 190 125 10 0 3 0 1 0 PF_5
P 52 240 140 220 140 0 3 0
A 240 140 10 0 9 0 PINTYPE=BI
A 235 140 10 0 9 3 #=39
L 190 135 10 0 3 0 1 0 PF_4
P 53 240 160 220 160 0 3 0
A 240 160 10 0 9 0 PINTYPE=BI
A 235 160 10 0 9 3 #=41
L 190 155 10 0 3 0 1 0 PF_0
P 54 240 150 220 150 0 3 0
A 240 150 10 0 9 0 PINTYPE=BI
A 235 150 10 0 9 3 #=40
L 190 145 10 0 3 0 1 0 PF_1
P 41 240 200 220 200 0 3 0
A 240 200 10 0 9 0 PINTYPE=BI
A 235 200 10 0 9 3 #=27
L 190 195 10 0 3 0 1 0 PD_7
P 40 240 210 220 210 0 3 0
A 240 210 10 0 9 0 PINTYPE=BI
A 235 210 10 0 9 3 #=26
L 190 205 10 0 3 0 1 0 PD_6
P 39 240 220 220 220 0 3 0
A 240 220 10 0 9 0 PINTYPE=BI
A 235 220 10 0 9 3 #=22
L 190 215 10 0 3 0 1 0 PD_5
P 38 240 230 220 230 0 3 0
A 240 230 10 0 9 0 PINTYPE=BI
A 235 230 10 0 9 3 #=25
L 190 225 10 0 3 0 1 0 PD_4
P 37 240 240 220 240 0 3 0
A 240 240 10 0 9 0 PINTYPE=BI
A 235 240 10 0 9 3 #=21
L 190 235 10 0 3 0 1 0 PD_3
P 36 240 250 220 250 0 3 0
A 240 250 10 0 9 0 PINTYPE=BI
A 235 250 10 0 9 3 #=20
L 190 245 10 0 3 0 1 0 PD_2
P 34 0 100 20 100 0 2 0
L 30 95 10 0 3 0 1 0 PC_6
A 5 100 10 0 3 3 #=31
A 0 100 10 0 3 0 PINTYPE=IN
P 35 0 90 20 90 0 2 0
L 30 85 10 0 3 0 1 0 PC_7
A 5 90 10 0 3 3 #=32
A 0 90 10 0 3 0 PINTYPE=IN
P 27 240 320 220 320 0 3 0
A 240 320 10 0 9 0 PINTYPE=BI
A 235 320 10 0 9 3 #=30
L 190 315 10 0 3 0 1 0 PB_6
P 26 240 330 220 330 0 3 0
A 240 330 10 0 9 0 PINTYPE=BI
A 235 330 10 0 9 3 #=29
L 190 325 10 0 3 0 1 0 PB_5
P 25 240 340 220 340 0 3 0
A 240 340 10 0 9 0 PINTYPE=BI
A 235 340 10 0 9 3 #=28
L 190 335 10 0 3 0 1 0 PB_4
P 24 240 350 220 350 0 3 0
A 240 350 10 0 9 0 PINTYPE=BI
A 235 350 10 0 9 3 #=11
L 190 345 10 0 3 0 1 0 PB_3
P 23 240 360 220 360 0 3 0
A 240 360 10 0 9 0 PINTYPE=BI
A 235 360 10 0 9 3 #=10
L 190 355 10 0 3 0 1 0 PB_2
P 22 240 370 220 370 0 3 0
A 240 370 10 0 9 0 PINTYPE=BI
A 230 370 10 0 9 3 #=9
L 190 365 10 0 3 0 1 0 PB_1
P 19 0 150 20 150 0 2 0
L 30 145 10 0 3 0 1 0 XTAL2
A 5 150 10 0 3 3 #=16
A 0 150 10 0 3 0 PINTYPE=IN
P 17 0 40 20 40 0 2 0
L 30 35 10 0 3 0 1 0 RESET_B
A 5 40 10 0 3 3 #=13
A 0 40 10 0 3 0 PINTYPE=IN
P 15 240 40 220 40 0 3 0
A 240 40 10 0 9 0 PINTYPE=IN
A 235 40 10 0 9 3 #=45
L 190 35 10 0 3 0 1 0 EPAD
P 5 240 70 220 70 0 3 0
A 240 70 10 0 9 0 PINTYPE=IN
A 235 70 10 0 9 3 #=23
L 180 65 10 0 3 0 1 0 GND_23
P 4 240 60 220 60 0 3 0
A 240 60 10 0 9 0 PINTYPE=IN
A 235 60 10 0 9 3 #=35
L 180 55 10 0 3 0 1 0 GND_35
P 6 240 80 220 80 0 3 0
A 240 80 10 0 9 0 PINTYPE=IN
A 235 80 10 0 9 3 #=15
L 180 75 10 0 3 0 1 0 GND_15
P 7 240 480 220 480 0 3 0
A 240 480 10 0 9 0 PINTYPE=IN
A 235 480 10 0 9 3 #=14
L 180 475 10 0 3 0 1 0 VCC_14
P 8 240 470 220 470 0 3 0
A 240 470 10 0 9 0 PINTYPE=IN
A 235 470 10 0 9 3 #=34
L 180 465 10 0 3 0 1 0 VCC_34
P 9 240 460 220 460 0 3 0
A 240 460 10 0 9 0 PINTYPE=IN
A 235 460 10 0 9 3 #=24
L 175 455 10 0 3 0 1 0 AVCC_24
P 1 0 320 20 320 0 2 0
L 30 315 10 0 3 0 1 0 D_P
A 10 320 10 0 3 3 #=4
A 0 320 10 0 3 0 PINTYPE=IN
P 11 0 310 20 310 0 2 0
L 30 305 10 0 3 0 1 0 D_M
A 10 310 10 0 3 3 #=3
A 0 310 10 0 3 0 PINTYPE=IN
P 13 0 470 20 470 0 2 0
L 30 465 10 0 3 0 1 0 UCAP
A 10 470 10 0 3 3 #=6
A 0 470 10 0 3 0 PINTYPE=IN
P 3 240 50 220 50 0 3 0
A 240 50 10 0 9 0 PINTYPE=IN
A 235 50 10 0 9 3 #=43
L 180 45 10 0 3 0 1 0 GND_43
P 12 0 340 20 340 0 2 0
L 30 335 10 0 3 0 1 0 VBUS
A 10 340 10 0 3 3 #=7
A 0 340 10 0 3 0 PINTYPE=IN
P 16 0 480 20 480 0 2 0
L 30 475 10 0 3 0 1 0 UVCC
A 10 480 10 0 3 3 #=2
A 0 480 10 0 3 0 PINTYPE=IN
P 18 0 160 20 160 0 2 0
L 30 155 10 0 3 0 1 0 XTAL1
A 5 160 10 0 3 3 #=17
A 0 160 10 0 3 0 PINTYPE=IN
P 10 240 450 220 450 0 3 0
A 240 450 10 0 9 0 PINTYPE=IN
A 235 450 10 0 9 3 #=44
L 175 445 10 0 3 0 1 0 AVCC_44
P 20 240 440 220 440 0 3 0
A 240 440 10 0 9 0 PINTYPE=IN
A 235 440 10 0 9 3 #=42
L 190 435 10 0 3 0 1 0 AREF
P 21 240 380 220 380 0 3 0
A 240 380 10 0 9 0 PINTYPE=BI
A 230 380 10 0 9 3 #=8
L 190 375 10 0 3 0 1 0 PB_0
P 28 240 310 220 310 0 3 0
A 240 310 10 0 9 0 PINTYPE=BI
A 235 310 10 0 9 3 #=12
L 190 305 10 0 3 0 1 0 PB_7
P 29 240 270 220 270 0 3 0
A 240 270 10 0 9 0 PINTYPE=BI
A 235 270 10 0 9 3 #=18
L 190 265 10 0 3 0 1 0 PD_0
P 30 240 260 220 260 0 3 0
A 240 260 10 0 9 0 PINTYPE=BI
A 235 260 10 0 9 3 #=19
L 190 255 10 0 3 0 1 0 PD_1
P 14 0 290 20 290 0 2 0
L 30 285 10 0 3 0 1 0 UGND
A 10 290 10 0 3 3 #=5
A 0 290 10 0 3 0 PINTYPE=IN
P 33 0 70 20 70 0 2 0
L 30 65 10 0 3 0 1 0 PE_2
A 5 70 10 0 3 3 #=33
A 0 70 10 0 3 0 PINTYPE=IN
P 48 0 60 20 60 0 2 0
L 30 55 10 0 3 0 1 0 PE_6
A 10 60 10 0 3 3 #=1
A 0 60 10 0 3 0 PINTYPE=IN
T 60 65 10 0 3 HWB_B
T 60 85 10 0 3 ICP3_CLK0_OC4A
T 60 55 10 0 3 INT6_AIN0
T 60 95 10 0 3 OC3A_OC4A_B
T 120 365 10 0 3 PCINT1_SCLK
T 130 375 10 0 3 SS_PCINT0
T 100 355 10 0 3 PDI_PCINT2_MOSI
T 100 345 10 0 3 PDO_PCINT3_MISO
T 115 335 10 0 3 PCINT4_ADC11
T 90 325 10 0 3 PCINT5_OC1A_ADC12
T 90 315 10 0 3 PCINT6_OC1B_ADC13
T 105 305 10 0 3 ICP3_CLK0_OC4A
T 110 265 10 0 3 OC0B_SCL_INT0
T 135 255 10 0 3 SDA_INT1
T 130 245 10 0 3 RXD1_INT2
T 130 235 10 0 3 TXD1_INT3
T 130 225 10 0 3 ICP1_ADC8
T 135 215 10 0 3 XCK1_CTS
T 115 205 10 0 3 T1_OC4D_ADC9
T 110 195 10 0 3 T0_OC4D_ADC10
T 155 155 10 0 3 ADC0
T 155 145 10 0 3 ADC1
T 135 135 10 0 3 ADC4_TCK
T 135 125 10 0 3 ADC5_TMS
T 135 115 10 0 3 ADC6_TDO
T 135 105 10 0 3 ADC7_TDI
b 20 20 220 500
U 25 505 10 0 3 3 DEVICE=ATMEGA32U4
E
