V 51
K 176208716300 atx_24pin_mini_fit_jr
|R 20:09_10-11-10
Y 1
D 0 0 200 300
Z 10
i 183
U 0 -80 10 0 3 0 MANF_P/N=PESC-01-40-01-01-L-RA-SD
U 0 -70 10 0 3 0 MANF=SAMTEC
U 0 -60 10 0 3 0 PARTS=1
U 0 -50 10 0 3 0 LEVEL=STD
U 0 -40 10 0 3 0 DEVICE=SAMTEC_PESC_40_RA_SD
U 0 -10 10 0 3 0 PKG_TYPE=SAMTEC_PESC_01_40_RA_SD
U 20 0 16 0 3 3 REFDES=J?
U 125 5 10 0 3 3 VALUE=XXX
P 98 200 105 180 105 0 3 0
L 135 100 10 0 3 0 0 0 12V_P_1
A 200 105 10 0 9 0 PINTYPE=BI
A 200 105 10 0 9 3 #=10
P 90 0 105 20 105 0 2 0
L 30 100 10 0 3 0 1 0 5VSB
A 0 105 10 0 3 0 PINTYPE=BI
A 5 105 10 0 3 3 #=9
P 94 0 145 20 145 0 2 0
L 30 140 10 0 3 0 0 0 3V3_1
A 0 145 10 0 3 0 PINTYPE=BI
A 5 145 10 0 3 3 #=1
P 104 200 145 180 145 0 3 0
L 145 140 10 0 3 0 0 0 3V3_2
A 200 145 10 0 9 0 PINTYPE=BI
A 195 145 10 0 9 3 #=2
P 106 200 115 180 115 0 3 0
L 140 110 10 0 3 0 1 0 PWR_OK
A 200 115 10 0 9 0 PINTYPE=OUT
A 195 115 10 0 9 3 #=8
T 155 90 10 0 3 3V3
Q 15 0 0
T 30 80 10 0 3 3V3
Q 15 0 0
T 30 140 10 0 3 3V3
Q 15 0 0
T 155 30 10 0 3 GND
Q 15 0 0
T 145 40 10 0 3 5V0_P
Q 15 0 0
T 30 30 10 0 3 5V0_P
Q 15 0 0
T 30 40 10 0 3 5V0_P
Q 15 0 0
T 145 120 10 0 3 5V0_P
Q 15 0 0
T 30 60 10 0 3 GND
Q 15 0 0
T 30 70 10 0 3 GND
Q 15 0 0
T 30 110 10 0 3 GND
Q 15 0 0
T 30 120 10 0 3 GND
Q 15 0 0
T 30 90 10 0 3 12V_P
Q 15 0 0
P 107 200 125 180 125 0 3 0
L 145 120 10 0 3 0 0 0 5V0_2
A 200 125 10 0 9 0 PINTYPE=BI
A 195 125 10 0 9 3 #=6
P 105 200 135 180 135 0 3 0
L 145 130 10 0 3 0 0 0 5V0_1
A 200 135 10 0 9 0 PINTYPE=BI
A 195 135 10 0 9 3 #=4
P 91 0 95 20 95 0 2 0
L 30 90 10 0 3 0 0 0 12V_P_2
A 0 95 10 0 3 0 PINTYPE=BI
A 0 95 10 0 3 3 #=11
P 99 200 95 180 95 0 3 0
L 145 90 10 0 3 0 0 0 3V3_3
A 200 95 10 0 9 0 PINTYPE=BI
A 200 95 10 0 9 3 #=12
P 93 0 85 20 85 0 2 0
L 30 80 10 0 3 0 0 0 3V3_4
A 0 85 10 0 3 0 PINTYPE=BI
A 0 85 10 0 3 3 #=13
P 101 200 85 180 85 0 3 0
L 145 80 10 0 3 0 1 0 12V_N
A 200 85 10 0 9 0 PINTYPE=BI
A 200 85 10 0 9 3 #=14
P 100 200 75 180 75 0 3 0
L 135 70 10 0 3 0 1 0 PS_ON_B
A 200 75 10 0 9 0 PINTYPE=BI
A 200 75 10 0 9 3 #=16
P 103 200 55 180 55 0 3 0
L 145 50 10 0 3 0 1 0 5V0_N
A 200 55 10 0 9 0 PINTYPE=BI
A 200 55 10 0 9 3 #=20
P 180 0 45 20 45 0 2 0
L 30 40 10 0 3 0 0 0 5V0_3
A 0 45 10 0 3 0 PINTYPE=BI
A 0 45 10 0 3 3 #=21
P 169 200 45 180 45 0 3 0
L 145 40 10 0 3 0 0 0 5V0_4
A 200 45 10 0 9 0 PINTYPE=BI
A 200 45 10 0 9 3 #=22
P 183 0 35 20 35 0 2 0
L 30 30 10 0 3 0 0 0 5V0_5
A 0 35 10 0 3 0 PINTYPE=BI
A 0 35 10 0 3 3 #=23
P 95 0 135 20 135 0 2 0
L 30 130 10 0 3 0 0 0 GND_1
A 0 135 10 0 3 0 PINTYPE=BI
A 5 135 10 0 3 3 #=3
P 97 0 125 20 125 0 2 0
L 30 120 10 0 3 0 0 0 GND_2
A 0 125 10 0 3 0 PINTYPE=BI
A 5 125 10 0 3 3 #=5
P 96 0 115 20 115 0 2 0
L 30 110 10 0 3 0 0 0 GND_3
A 0 115 10 0 3 0 PINTYPE=BI
A 5 115 10 0 3 3 #=7
P 92 0 75 20 75 0 2 0
L 30 70 10 0 3 0 0 0 GND_4
A 0 75 10 0 3 0 PINTYPE=BI
A 0 75 10 0 3 3 #=15
P 88 0 65 20 65 0 2 0
L 30 60 10 0 3 0 0 0 GND_5
A 0 65 10 0 3 0 PINTYPE=BI
A 0 65 10 0 3 3 #=17
P 102 200 65 180 65 0 3 0
L 145 60 10 0 3 0 0 0 GND_6
A 200 65 10 0 9 0 PINTYPE=BI
A 200 65 10 0 9 3 #=18
P 89 0 55 20 55 0 2 0
L 30 50 10 0 3 0 0 0 GND_7
A 0 55 10 0 3 0 PINTYPE=BI
A 0 55 10 0 3 3 #=19
T 145 100 10 0 3 12V_P
Q 15 0 0
T 30 130 10 0 3 GND
Q 15 0 0
T 30 50 10 0 3 GND
Q 15 0 0
T 145 130 10 0 3 5V0_P
Q 15 0 0
P 173 200 35 180 35 0 3 0
L 145 30 10 0 3 0 0 0 GND_8
A 200 35 10 0 9 0 PINTYPE=BI
A 200 35 10 0 9 3 #=24
T 155 60 10 0 3 GND
Q 15 0 0
T 155 140 10 0 3 3V3
Q 15 0 0
E
