V 51
K 60896729790 bcm54682e_pwr
|R 20:49_2-10-12
Y 1
D 0 0 290 600
Z 10
i 517
U 0 -10 10 0 3 0 HETERO=(BCM54682E_FUNC),(BCM54682E_MISC),(BCM54682E_PWR),(BCM54
+ 682E_GND)
U 0 -40 10 0 3 0 LEVEL=STD
U 0 -30 10 0 3 0 PARTS=1
U 45 590 10 0 3 3 DEVICE=XXXXX
U 50 0 16 0 3 3 REFDES=U?
U 165 5 10 0 3 3 PKG_TYPE=XXXXXX
P 24 0 530 45 530 0 2 0
Q 15 0 0
A 45 535 10 0 2 0 PINTYPE=BI
A 45 530 10 0 9 3 #=G6
L 50 535 10 0 2 0 1 0 AVDDL_G6
P 25 0 520 45 520 0 2 0
Q 15 0 0
A 45 525 10 0 2 0 PINTYPE=IN
A 45 520 10 0 9 3 #=G15
L 50 525 10 0 2 0 1 0 AVDDL_G15
P 23 0 510 45 510 0 2 0
Q 15 0 0
A 45 515 10 0 2 0 PINTYPE=OUT
A 45 510 10 0 9 3 #=H6
L 50 515 10 0 2 0 1 0 AVDDL_H6
P 27 0 500 45 500 0 2 0
Q 15 0 0
A 45 505 10 0 2 0 PINTYPE=IN
A 45 500 10 0 9 3 #=H15
L 50 505 10 0 2 0 1 0 AVDDL_H15
P 30 0 480 45 480 0 2 0
Q 15 0 0
A -165 485 10 0 2 0 PINTYPE=ANALOG
A 45 480 10 0 9 3 #=J15
L 50 485 10 0 2 0 1 0 AVDDL_J15
P 61 0 470 44 470 0 2 0
Q 15 0 0
A 44 480 10 4 2 0 PINTYPE=OUT
A 44 470 10 4 3 3 #=M6
L 49 475 10 4 8 0 1 0 AVDDL_M6
P 62 0 460 44 460 0 2 0
Q 15 0 0
A 44 470 10 4 2 0 PINTYPE=OUT
A 44 460 10 4 3 3 #=M15
L 49 465 10 4 8 0 1 0 AVDDL_M15
P 309 0 450 45 450 0 2 0
Q 15 0 0
A 45 455 10 0 2 0 PINTYPE=OUT
A 45 450 10 0 9 3 #=N6
L 50 455 10 0 2 0 1 0 AVDDL_N6
P 308 0 440 45 440 0 2 0
Q 15 0 0
A 55 445 10 0 2 0 PINTYPE=OUT
A 45 440 10 0 9 3 #=N15
L 50 445 10 0 2 0 1 0 AVDDL_N15
P 293 0 430 45 430 0 2 0
Q 15 0 0
A 45 435 10 0 2 0 PINTYPE=OUT
A 45 430 10 0 9 3 #=P6
L 50 435 10 0 2 0 1 0 AVDDL_P6
P 292 0 420 45 420 0 2 0
Q 15 0 0
A 55 425 10 0 2 0 PINTYPE=OUT
A 45 420 10 0 9 3 #=P15
L 50 425 10 0 2 0 1 0 AVDDL_P15
P 28 0 490 45 490 0 2 0
Q 15 0 0
A -165 495 10 0 2 0 PINTYPE=IN
A 45 490 10 0 9 3 #=J6
L 50 495 10 0 2 0 1 0 AVDDL_J6
P 276 0 400 45 400 0 2 0
Q 15 0 0
A 55 405 10 0 2 0 PINTYPE=OUT
A 45 400 10 0 9 3 #=G7
L 50 405 10 0 2 0 1 0 DVDD_G7
P 246 0 390 45 390 0 2 0
Q 15 0 0
A 45 395 10 0 2 0 PINTYPE=OUT
A 45 390 10 0 9 3 #=G9
L 50 395 10 0 2 0 1 0 DVDD_G9
P 247 0 380 45 380 0 2 0
Q 15 0 0
A 55 385 10 0 2 0 PINTYPE=OUT
A 45 380 10 0 9 3 #=G11
L 50 385 10 0 2 0 1 0 DVDD_G11
P 307 0 370 45 370 0 2 0
Q 15 0 0
A 55 375 10 0 2 0 PINTYPE=OUT
A 45 370 10 0 9 3 #=H14
L 50 375 10 0 2 0 1 0 DVDD_H14
P 306 0 360 45 360 0 2 0
Q 15 0 0
A 55 365 10 0 2 0 PINTYPE=OUT
A 45 360 10 0 9 3 #=P7
L 50 365 10 0 2 0 1 0 DVDD_P7
P 291 0 350 45 350 0 2 0
Q 15 0 0
A 55 355 10 0 2 0 PINTYPE=OUT
A 45 350 10 0 9 3 #=P8
L 50 355 10 0 2 0 1 0 DVDD_P8
P 275 0 330 45 330 0 2 0
Q 15 0 0
A 55 335 10 0 2 0 PINTYPE=OUT
A 45 330 10 0 9 3 #=L15
L 50 335 10 0 2 0 1 0 PLLVDD1
P 427 0 310 45 310 0 2 0
Q 15 0 0
A 55 315 10 0 2 0 PINTYPE=OUT
A 45 310 10 0 9 3 #=K6
L 50 315 10 0 2 0 1 0 PLLVDD2
P 429 0 290 45 290 0 2 0
Q 15 0 0
A 55 295 10 0 2 0 PINTYPE=OUT
A 45 290 10 0 9 3 #=R16
L 50 295 10 0 2 0 1 0 SAVDDL_R16
P 430 0 280 45 280 0 2 0
Q 15 0 0
A 55 285 10 0 2 0 PINTYPE=OUT
A 45 280 10 0 9 3 #=U4
L 50 285 10 0 2 0 1 0 SAVDDL_U4
P 431 0 270 45 270 0 2 0
Q 15 0 0
A 55 275 10 0 2 0 PINTYPE=OUT
A 45 270 10 0 9 3 #=V4
L 50 275 10 0 2 0 1 0 SAVDDL_V4
P 433 0 250 45 250 0 2 0
Q 15 0 0
A 55 255 10 0 2 0 PINTYPE=OUT
A 45 250 10 0 9 3 #=R15
L 50 255 10 0 2 0 1 0 SAVDDR_R15
P 434 0 240 45 240 0 2 0
Q 15 0 0
A 55 245 10 0 2 0 PINTYPE=OUT
A 45 240 10 0 9 3 #=U5
L 50 245 10 0 2 0 1 0 SAVDDR_U5
P 435 0 230 45 230 0 2 0
Q 15 0 0
A 55 235 10 0 2 0 PINTYPE=OUT
A 45 230 10 0 9 3 #=V5
L 50 235 10 0 2 0 1 0 SAVDDR_V5
P 441 0 210 45 210 0 2 0
Q 15 0 0
A 45 215 10 0 2 0 PINTYPE=OUT
A 45 210 10 0 9 3 #=U18
L 50 215 10 0 2 0 1 0 SPLLVDD1_U18
P 437 0 200 45 200 0 2 0
Q 15 0 0
A 55 205 10 0 2 0 PINTYPE=OUT
A 45 200 10 0 9 3 #=V18
L 50 205 10 0 2 0 1 0 SPLLVDD1_V18
P 439 0 180 45 180 0 2 0
Q 15 0 0
A 55 185 10 0 2 0 PINTYPE=OUT
A 45 180 10 0 9 3 #=U3
L 50 185 10 0 2 0 1 0 SPLLVDD2_U3
P 440 0 170 45 170 0 2 0
Q 15 0 0
A 55 175 10 0 2 0 PINTYPE=OUT
A 45 170 10 0 9 3 #=V3
L 50 175 10 0 2 0 1 0 SPLLVDD2_V3
P 443 0 150 45 150 0 2 0
Q 15 0 0
A 55 155 10 0 2 0 PINTYPE=OUT
A 45 150 10 0 9 3 #=V7
L 50 155 10 0 2 0 1 0 QINVDD_V7
P 444 0 140 45 140 0 2 0
Q 15 0 0
A 55 145 10 0 2 0 PINTYPE=OUT
A 45 140 10 0 9 3 #=V8
L 50 145 10 0 2 0 1 0 QINVDD_V8
P 445 0 130 45 130 0 2 0
Q 15 0 0
A 55 135 10 0 2 0 PINTYPE=OUT
A 45 130 10 0 9 3 #=V9
L 50 135 10 0 2 0 1 0 QINVDD_V9
P 514 0 120 45 120 0 2 0
Q 15 0 0
A 55 125 10 0 2 0 PINTYPE=OUT
A 45 120 10 0 9 3 #=W6
L 50 125 10 0 2 0 1 0 QINVDD_W6
P 486 0 105 45 105 0 2 0
Q 15 0 0
A 55 110 10 0 2 0 PINTYPE=OUT
A 45 105 10 0 9 3 #=V12
L 50 110 10 0 2 0 1 0 QOUTVDD_V12
P 487 0 95 45 95 0 2 0
Q 15 0 0
A 55 100 10 0 2 0 PINTYPE=OUT
A 45 95 10 0 9 3 #=V13
L 50 100 10 0 2 0 1 0 QOUTVDD_V13
P 488 0 85 45 85 0 2 0
Q 15 0 0
A 55 90 10 0 2 0 PINTYPE=OUT
A 45 85 10 0 9 3 #=V14
L 50 90 10 0 2 0 1 0 QOUTVDD_V14
P 515 0 75 45 75 0 2 0
Q 15 0 0
A 55 80 10 0 2 0 PINTYPE=OUT
A 45 75 10 0 9 3 #=W15
L 50 80 10 0 2 0 1 0 QOUTVDD_W15
P 490 0 55 45 55 0 2 0
Q 15 0 0
A 55 60 10 0 2 0 PINTYPE=OUT
A 45 55 10 0 9 3 #=V10
L 50 60 10 0 2 0 1 0 QPLLVDD_V10
P 491 0 45 45 45 0 2 0
Q 15 0 0
A 55 50 10 0 2 0 PINTYPE=OUT
A 45 45 10 0 9 3 #=V11
L 50 50 10 0 2 0 1 0 QPLLVDD_V11
P 31 290 520 255 520 0 3 0
Q 15 0 0
A 255 525 10 4 2 0 PINTYPE=BI
A 255 520 10 4 9 3 #=F3
L 250 525 10 4 2 0 1 0 AVDDH_F3
P 320 290 510 255 510 0 3 0
Q 15 0 0
A 255 515 10 4 2 0 PINTYPE=BI
A 255 510 10 4 9 3 #=F5
L 250 515 10 4 2 0 1 0 AVDDH_F5
P 319 290 500 255 500 0 3 0
Q 15 0 0
A 255 505 10 4 2 0 PINTYPE=BI
A 255 500 10 4 9 3 #=F18
L 250 505 10 4 2 0 1 0 AVDDH_F18
P 322 290 490 255 490 0 3 0
Q 15 0 0
A 255 495 10 4 2 0 PINTYPE=BI
A 255 490 10 4 9 3 #=G5
L 250 495 10 4 2 0 1 0 AVDDH_G5
P 321 290 480 255 480 0 3 0
Q 15 0 0
A 255 485 10 4 2 0 PINTYPE=BI
A 255 480 10 4 9 3 #=G16
L 250 485 10 4 2 0 1 0 AVDDH_G16
P 323 290 470 255 470 0 3 0
Q 15 0 0
A 255 475 10 4 2 0 PINTYPE=BI
A 255 470 10 4 9 3 #=H3
L 250 475 10 4 2 0 1 0 AVDDH_H3
P 324 290 460 255 460 0 3 0
Q 15 0 0
A 255 465 10 4 2 0 PINTYPE=BI
A 255 460 10 4 9 3 #=H18
L 250 465 10 4 2 0 1 0 AVDDH_H18
P 325 290 450 255 450 0 3 0
Q 15 0 0
A 255 455 10 4 2 0 PINTYPE=BI
A 255 450 10 4 9 3 #=K3
L 250 455 10 4 2 0 1 0 AVDDH_K3
P 446 290 440 255 440 0 3 0
Q 15 0 0
A 255 445 10 4 2 0 PINTYPE=BI
A 255 440 10 4 9 3 #=K18
L 250 445 10 4 2 0 1 0 AVDDH_K18
P 447 290 430 255 430 0 3 0
Q 15 0 0
A 255 435 10 4 2 0 PINTYPE=BI
A 255 430 10 4 9 3 #=M3
L 250 435 10 4 2 0 1 0 AVDDH_M3
P 455 290 420 255 420 0 3 0
Q 15 0 0
A 255 425 10 4 2 0 PINTYPE=BI
A 255 420 10 4 9 3 #=M18
L 250 425 10 4 2 0 1 0 AVDDH_M18
P 448 290 410 255 410 0 3 0
Q 15 0 0
A 255 415 10 4 2 0 PINTYPE=BI
A 255 410 10 4 9 3 #=N5
L 250 415 10 4 2 0 1 0 AVDDH_N5
P 449 290 400 255 400 0 3 0
Q 15 0 0
A 255 405 10 4 2 0 PINTYPE=BI
A 255 400 10 4 9 3 #=N16
L 250 405 10 4 2 0 1 0 AVDDH_N16
P 450 290 390 255 390 0 3 0
Q 15 0 0
A 255 395 10 4 2 0 PINTYPE=BI
A 255 390 10 4 9 3 #=P3
L 250 395 10 4 2 0 1 0 AVDDH_P3
P 451 290 380 255 380 0 3 0
Q 15 0 0
A 255 385 10 4 2 0 PINTYPE=BI
A 255 380 10 4 9 3 #=P5
L 250 385 10 4 2 0 1 0 AVDDH_P5
P 452 290 370 255 370 0 3 0
Q 15 0 0
A 255 375 10 4 2 0 PINTYPE=BI
A 255 370 10 4 9 3 #=P16
L 250 375 10 4 2 0 1 0 AVDDH_P16
P 453 290 360 255 360 0 3 0
Q 15 0 0
A 255 365 10 4 2 0 PINTYPE=BI
A 255 360 10 4 9 3 #=P18
L 250 365 10 4 2 0 1 0 AVDDH_P18
P 456 290 340 255 340 0 3 0
Q 15 0 0
A 255 345 10 4 2 0 PINTYPE=BI
A 255 340 10 4 9 3 #=C9
L 250 345 10 4 2 0 1 0 OVDD_C9
P 457 290 330 255 330 0 3 0
Q 15 0 0
A 255 335 10 4 2 0 PINTYPE=BI
A 255 330 10 4 9 3 #=C13
L 250 335 10 4 2 0 1 0 OVDD_C13
P 458 290 320 255 320 0 3 0
Q 15 0 0
A 255 325 10 4 2 0 PINTYPE=BI
A 255 320 10 4 9 3 #=D11
L 250 325 10 4 2 0 1 0 OVDD_D11
P 459 290 310 255 310 0 3 0
Q 15 0 0
A 255 315 10 4 2 0 PINTYPE=BI
A 255 310 10 4 9 3 #=D16
L 250 315 10 4 2 0 1 0 OVDD_D16
P 460 290 300 255 300 0 3 0
Q 15 0 0
A 255 305 10 4 2 0 PINTYPE=BI
A 255 300 10 4 9 3 #=R6
L 250 305 10 4 2 0 1 0 OVDD_R6
P 461 290 290 255 290 0 3 0
Q 15 0 0
A 255 295 10 4 2 0 PINTYPE=BI
A 255 290 10 4 9 3 #=R7
L 250 295 10 4 2 0 1 0 OVDD_R7
P 462 290 280 255 280 0 3 0
Q 15 0 0
A 255 285 10 4 2 0 PINTYPE=BI
A 255 280 10 4 9 3 #=R13
L 250 285 10 4 2 0 1 0 OVDD_R13
P 463 290 270 255 270 0 3 0
Q 15 0 0
A 255 275 10 4 2 0 PINTYPE=BI
A 255 270 10 4 9 3 #=R14
L 250 275 10 4 2 0 1 0 OVDD_R14
P 464 290 260 255 260 0 3 0
Q 15 0 0
A 255 265 10 4 2 0 PINTYPE=BI
A 255 260 10 4 9 3 #=R17
L 250 265 10 4 2 0 1 0 OVDD_R17
P 465 290 250 255 250 0 3 0
Q 15 0 0
A 255 255 10 4 2 0 PINTYPE=BI
A 255 250 10 4 9 3 #=T13
L 250 255 10 4 2 0 1 0 OVDD_T13
P 466 290 240 255 240 0 3 0
Q 15 0 0
A 255 245 10 4 2 0 PINTYPE=BI
A 255 240 10 4 9 3 #=T14
L 250 245 10 4 2 0 1 0 OVDD_T14
P 468 290 220 255 220 0 3 0
Q 15 0 0
A 255 225 10 4 2 0 PINTYPE=BI
A 255 220 10 4 9 3 #=T16
L 250 225 10 4 2 0 1 0 CLKVDD1
P 470 290 200 255 200 0 3 0
Q 15 0 0
A 255 205 10 4 2 0 PINTYPE=BI
A 255 200 10 4 9 3 #=R5
L 250 205 10 4 2 0 1 0 CLKVDD2
P 472 290 180 255 180 0 3 0
Q 15 0 0
A 255 185 10 4 2 0 PINTYPE=BI
A 255 180 10 4 9 3 #=K16
L 250 185 10 4 2 0 1 0 BIASVDD1
P 474 290 160 255 160 0 3 0
Q 15 0 0
A 255 165 10 4 2 0 PINTYPE=BI
A 255 160 10 4 9 3 #=K5
L 250 165 10 4 2 0 1 0 BIASVDD2
P 476 290 140 255 140 0 3 0
Q 15 0 0
A 255 145 10 4 2 0 PINTYPE=BI
A 255 140 10 4 9 3 #=E10
L 250 145 10 4 2 0 1 0 OVDDMDIO
P 478 290 120 255 120 0 3 0
Q 15 0 0
A 255 125 10 4 2 0 PINTYPE=BI
A 255 120 10 4 9 3 #=R20
L 250 125 10 4 2 0 1 0 MDIO_LVL
P 480 290 100 255 100 0 3 0
Q 15 0 0
A 255 105 10 4 2 0 PINTYPE=BI
A 255 100 10 4 9 3 #=D4
L 250 105 10 4 2 0 1 0 OVDDJTAG_D4
P 481 290 90 255 90 0 3 0
Q 15 0 0
A 255 95 10 4 2 0 PINTYPE=BI
A 255 90 10 4 9 3 #=F16
L 250 95 10 4 2 0 1 0 OVDDJTAG_F16
b 45 15 255 590
T 90 565 25 0 3 BCM54682E
T 100 545 25 0 3 (POWER)
P 29 290 530 255 530 0 3 0
Q 15 0 0
A 255 535 10 4 2 0 PINTYPE=BI
A 255 530 10 4 9 3 #=D18
L 250 535 10 4 2 0 1 0 AVDDH_D18
P 517 290 540 255 540 0 3 0
Q 15 0 0
A 255 545 10 4 2 0 PINTYPE=BI
A 255 540 10 4 9 3 #=D3
L 250 545 10 4 2 0 1 0 AVDDH_D3
E
