V 51
K 30646335990 bte_040_7s_gth_mod_hi
|R 2:07_1-22-12
Y 1
D 0 0 300 860
Z 10
i 147
U 0 -80 10 0 3 0 MANF_P/N=BTE-040-09-L-D-A
U 0 -70 10 0 3 0 MANF=SAMTEC
U 0 -60 10 0 3 0 PARTS=1
U 0 -50 10 0 3 0 LEVEL=STD
U 0 -40 10 0 3 0 DEVICE=SAMTEC_BTE-040
U 0 -10 10 0 3 0 PKG_TYPE=SAMTEC_BTE_040_09_L_D_A
U 20 845 16 0 3 3 REFDES=J?
U 245 845 10 0 6 3 VALUE=SAMTEC_BTE-040
P 79 300 600 280 600 0 3 0
L 240 595 10 0 3 0 0 0 GND_10
A 300 600 10 0 9 0 PINTYPE=BI
A 300 600 10 0 9 3 #=24
P 81 300 560 280 560 0 3 0
L 240 555 10 0 3 0 0 0 GND_12
A 300 560 10 0 9 0 PINTYPE=BI
A 300 560 10 0 9 3 #=28
P 111 0 400 20 400 0 2 0
L 30 395 10 0 3 0 0 0 GND_19
A 0 400 10 0 3 0 PINTYPE=IN
A 0 400 10 0 3 3 #=43
P 146 300 120 280 120 0 3 0
L 240 115 10 0 3 0 0 0 GND_32
A 300 120 10 0 9 0 PINTYPE=BI
A 300 120 10 0 9 3 #=72
P 93 0 680 20 680 0 2 0
L 30 675 10 0 3 0 0 0 GND_5
A 0 680 10 0 3 0 PINTYPE=BI
A 0 680 10 0 3 3 #=15
P 103 300 640 280 640 0 3 0
L 240 635 10 0 3 0 0 0 GND_8
A 300 640 10 0 9 0 PINTYPE=BI
A 300 640 10 0 9 3 #=20
P 68 0 600 20 600 0 2 0
L 30 595 10 0 3 0 0 0 GND_9
A 0 600 23 0 3 0 PINTYPE=IN
A 0 600 10 0 3 3 #=23
P 73 0 520 20 520 0 2 0
L 30 515 10 0 3 0 0 0 GND_13
A 0 520 10 0 3 0 PINTYPE=IN
A 0 520 10 0 3 3 #=31
P 67 0 620 20 620 0 2 0
L 30 615 10 0 3 0 0 0 MGTAVTT_CS+
A 0 620 10 0 3 0 PINTYPE=IN
A 0 620 10 0 3 3 #=21
P 88 0 660 20 660 0 2 0
L 30 655 10 0 3 0 1 0 MGTAVCC_CS-
A 0 660 10 0 3 0 PINTYPE=BI
A 0 660 10 0 3 3 #=17
P 92 0 700 20 700 0 2 0
L 30 695 10 0 3 0 1 0 MGTAVCC_CS+
A 0 700 10 0 3 0 PINTYPE=BI
A 0 700 10 0 3 3 #=13
P 102 300 660 280 660 0 3 0
L 205 655 10 0 3 0 1 0 MGTAVCC_SNS-
A 300 660 10 0 9 0 PINTYPE=BI
A 300 660 10 0 9 3 #=18
P 78 300 620 280 620 0 3 0
L 205 615 10 0 3 0 1 0 MGTAVTT_SNS+
A 300 620 10 0 9 0 PINTYPE=BI
A 300 620 10 0 9 3 #=22
P 94 0 820 20 820 0 2 0
L 30 815 10 0 3 0 0 0 ALT_PMBUS_ADDR
A 0 820 10 0 3 0 PINTYPE=IN
A 5 820 10 0 3 3 #=1
P 90 0 740 20 740 0 2 0
L 30 735 10 0 3 0 0 0 GND_1
A 0 740 10 0 3 0 PINTYPE=IN
A 5 740 10 0 3 3 #=9
P 91 0 720 20 720 0 2 0
L 30 715 10 0 3 0 0 0 GND_3
A 0 720 10 0 3 0 PINTYPE=IN
A 0 720 10 0 3 3 #=11
P 106 300 780 280 780 0 3 0
L 230 775 10 0 3 0 0 0 NC_6
A 300 780 10 0 9 0 PINTYPE=OUT
A 295 780 10 0 9 3 #=6
P 98 300 740 280 740 0 3 0
L 285 740 10 0 3 0 0 0 GND_2
A 300 740 10 0 9 0 PINTYPE=BI
A 300 740 10 0 9 3 #=10
P 99 300 720 280 720 0 3 0
L 285 720 10 0 3 0 0 0 GND_4
A 300 720 10 0 9 0 PINTYPE=BI
A 300 720 10 0 9 3 #=12
P 100 300 700 280 700 0 3 0
L 205 695 10 0 3 0 1 0 MGTAVCC_SNS+
A 300 700 10 0 9 0 PINTYPE=BI
A 300 700 10 0 9 3 #=14
P 101 300 680 280 680 0 3 0
L 240 675 10 0 3 0 0 0 GND_6
A 300 680 10 0 9 0 PINTYPE=BI
A 300 680 10 0 9 3 #=16
P 95 0 800 20 800 0 2 0
L 30 795 10 0 3 0 0 0 NC_3
A 0 800 10 0 3 0 PINTYPE=IN
A 5 800 10 0 3 3 #=3
P 96 0 780 20 780 0 2 0
L 30 775 10 0 3 0 0 0 NC_5
A 0 780 10 0 3 0 PINTYPE=IN
A 5 780 10 0 3 3 #=5
P 104 300 820 280 820 0 3 0
L 230 815 10 0 3 0 0 0 NC_2
A 300 820 10 0 9 0 PINTYPE=IN
A 295 820 10 0 9 3 #=2
P 105 300 800 280 800 0 3 0
L 230 795 10 0 3 0 0 0 NC_4
A 300 800 10 0 9 0 PINTYPE=IN
A 295 800 10 0 9 3 #=4
P 89 0 640 20 640 0 2 0
L 30 635 10 0 3 0 0 0 GND_7
A 0 640 10 0 3 0 PINTYPE=OUT
A 0 640 10 0 3 3 #=19
P 97 0 760 20 760 0 2 0
L 115 740 10 0 3 0 0 0 NC_7
A 0 760 10 0 3 0 PINTYPE=OUT
A 5 760 10 0 3 3 #=7
P 107 300 760 280 760 0 3 0
L 230 755 10 0 3 0 0 0 NC_8
A 300 760 10 0 9 0 PINTYPE=IN
A 295 760 10 0 9 3 #=8
P 80 300 580 280 580 0 3 0
L 205 575 10 0 3 0 1 0 MGTAVTT_SNS-
A 300 580 10 0 9 0 PINTYPE=BI
A 300 580 10 0 9 3 #=26
P 83 300 520 280 520 0 3 0
L 240 515 10 0 3 0 0 0 GND_14
A 300 520 10 0 9 0 PINTYPE=BI
A 300 520 10 0 9 3 #=32
P 71 0 560 20 560 0 2 0
L 30 555 10 0 3 0 0 0 GND_11
A 0 560 10 0 3 0 PINTYPE=IN
A 0 560 10 0 3 3 #=27
P 69 0 580 20 580 0 2 0
L 30 575 10 0 3 0 0 0 MGTAVTT_CS-
A 0 580 10 0 3 0 PINTYPE=IN
A 0 580 10 0 3 3 #=25
P 82 300 540 280 540 0 3 0
L 240 535 10 0 3 0 0 0 NC_10
A 300 540 10 0 9 0 PINTYPE=BI
A 300 540 10 0 9 3 #=30
P 85 300 480 280 480 0 3 0
L 200 475 10 0 3 0 0 0 GND_16
A 300 480 10 0 9 0 PINTYPE=BI
A 300 480 10 0 9 3 #=36
P 75 0 480 20 480 0 2 0
L 30 475 10 0 3 0 0 0 GND_15
A 0 480 10 0 3 0 PINTYPE=IN
A 0 480 10 0 3 3 #=35
P 77 0 440 20 440 0 2 0
L 30 435 10 0 3 0 0 0 GND_17
A 0 440 10 0 3 0 PINTYPE=OUT
A 0 440 10 0 3 3 #=39
P 87 300 440 280 440 0 3 0
L 210 435 10 0 3 0 0 0 GND_18
A 300 440 10 0 9 0 PINTYPE=BI
A 300 440 10 0 9 3 #=40
P 129 300 400 280 400 0 3 0
L 210 395 10 0 3 0 0 0 GND_20
A 300 400 10 0 9 0 PINTYPE=IN
A 300 400 10 0 9 3 #=44
P 131 300 380 280 380 0 3 0
L 210 375 10 0 3 0 0 0 GND_22
A 300 380 10 0 9 0 PINTYPE=OUT
A 300 380 10 0 9 3 #=46
P 112 0 380 20 380 0 2 0
L 30 375 10 0 3 0 0 0 GND_21
A 0 380 10 0 3 0 PINTYPE=IN
A 0 380 10 0 3 3 #=45
P 84 300 500 280 500 0 3 0
L 250 495 10 0 3 0 0 0 NC_12
A 300 500 10 0 9 0 PINTYPE=BI
A 300 500 10 0 9 3 #=34
P 113 0 360 20 360 0 2 0
L 30 355 10 0 3 0 0 0 NC_13
A 0 360 10 0 3 0 PINTYPE=OUT
A 0 360 10 0 3 3 #=47
P 147 300 360 280 360 0 3 0
L 250 355 10 0 3 0 0 0 NC_14
A 300 360 10 0 9 0 PINTYPE=IN
A 300 360 10 0 9 3 #=48
P 116 0 300 20 300 0 2 0
L 30 295 10 0 3 0 0 0 GND_25
A 0 300 10 0 3 0 PINTYPE=BI
A 0 300 10 0 3 3 #=53
P 136 300 320 280 320 0 3 0
L 285 320 10 0 3 0 0 0 GND_24
A 300 320 10 0 9 0 PINTYPE=BI
A 300 320 10 0 9 3 #=52
P 137 300 300 280 300 0 3 0
L 180 295 10 0 3 0 0 0 GND_26
A 300 300 10 0 9 0 PINTYPE=BI
A 300 300 10 0 9 3 #=54
P 145 300 280 280 280 0 3 0
L 230 275 10 0 3 0 1 0 SPI_CLK
A 300 280 10 0 9 0 PINTYPE=BI
A 300 280 10 0 9 3 #=56
P 135 300 260 280 260 0 3 0
L 240 255 10 0 3 0 1 0 SPI_D
A 300 260 10 0 9 0 PINTYPE=BI
A 300 260 10 0 9 3 #=58
P 138 300 240 280 240 0 3 0
L 240 235 10 0 3 0 1 0 SPI_Q
A 300 240 10 0 9 0 PINTYPE=BI
A 300 240 10 0 9 3 #=60
P 134 300 220 280 220 0 3 0
L 235 215 10 0 3 0 1 0 SPI_CS
A 300 220 10 0 9 0 PINTYPE=BI
A 300 220 10 0 9 3 #=62
P 139 300 200 280 200 0 3 0
L 240 195 10 0 3 0 0 0 GND_28
A 300 200 10 0 9 0 PINTYPE=BI
A 300 200 10 0 9 3 #=64
P 127 0 200 20 200 0 2 0
L 30 195 10 0 3 0 0 0 GND_27
A 0 200 23 0 3 0 PINTYPE=IN
A 0 200 10 0 3 3 #=63
P 125 0 180 20 180 0 2 0
L 30 175 10 0 3 0 0 0 GND_29
A 0 180 10 0 3 0 PINTYPE=IN
A 0 180 10 0 3 3 #=65
P 120 0 160 20 160 0 2 0
L 30 155 10 0 3 0 1 0 PMBUS_CLK
A 0 160 10 0 3 0 PINTYPE=IN
A 0 160 10 0 3 3 #=67
P 140 300 180 280 180 0 3 0
L 180 175 10 0 3 0 0 0 GND_30
A 300 180 10 0 9 0 PINTYPE=BI
A 300 180 10 0 9 3 #=66
P 123 0 140 20 140 0 2 0
L 30 135 10 0 3 0 0 0 PMBUS_DATA
A 0 140 10 0 3 0 PINTYPE=IN
A 0 140 10 0 3 3 #=69
P 121 0 120 20 120 0 2 0
L 30 115 10 0 3 0 1 0 PMBUS_CTRL
A 0 120 10 0 3 0 PINTYPE=IN
A 0 120 10 0 3 3 #=71
P 124 0 100 20 100 0 2 0
L 30 95 10 0 3 0 0 0 PMBUS_ALERT
A 0 100 10 0 3 0 PINTYPE=IN
A 0 100 10 0 3 3 #=73
P 141 300 100 280 100 0 3 0
L 230 95 10 0 3 0 0 0 GND_34
A 300 100 10 0 9 0 PINTYPE=BI
A 300 100 10 0 9 3 #=74
P 122 0 80 20 80 0 2 0
L 30 75 10 0 3 0 0 0 GND_31
A 0 80 10 0 3 0 PINTYPE=IN
A 0 80 10 0 3 3 #=75
P 108 0 60 20 60 0 2 0
L 30 55 10 0 3 0 1 0 POR_B
A 0 60 10 0 3 0 PINTYPE=IN
A 0 60 10 0 3 3 #=77
P 109 0 40 20 40 0 2 0
L 30 35 10 0 3 0 1 0 INSTALLED
A 0 40 10 0 3 0 PINTYPE=OUT
A 0 40 10 0 3 3 #=79
P 128 300 40 280 40 0 3 0
L 235 35 10 0 3 0 1 0 BYPASS
A 300 40 10 0 9 0 PINTYPE=BI
A 300 40 10 0 9 3 #=80
P 76 0 460 20 460 0 2 0
L 30 455 10 0 3 0 1 0 MGTVCCAUX_CS+
A 0 460 10 0 3 0 PINTYPE=IN
A 0 460 10 0 3 3 #=37
P 110 0 420 20 420 0 2 0
L 30 415 10 0 3 0 1 0 MGTVCCAUX_CS-
A 0 420 10 0 3 0 PINTYPE=IN
A 0 420 10 0 3 3 #=41
P 86 300 460 280 460 0 3 0
L 190 455 10 0 3 0 1 0 MGTVCCAUX_SNS+
A 300 460 10 0 9 0 PINTYPE=BI
A 300 460 10 0 9 3 #=38
P 130 300 420 280 420 0 3 0
L 300 420 10 0 3 0 0 0 MGTVCCAUX_SNS-
A 300 420 10 0 9 0 PINTYPE=IN
A 300 420 10 0 9 3 #=42
P 144 300 140 280 140 0 3 0
L 227 135 10 0 3 0 1 0 I2C_SDA
A 300 140 10 0 9 0 PINTYPE=BI
A 300 140 10 0 9 3 #=70
P 74 0 500 20 500 0 2 0
L 30 495 10 0 3 0 0 0 NC_11
A 0 500 10 0 3 0 PINTYPE=IN
A 0 500 10 0 3 3 #=33
P 72 0 540 20 540 0 2 0
L 30 535 10 0 3 0 0 0 NC_9
A 0 540 10 0 3 0 PINTYPE=IN
A 0 540 10 0 3 3 #=29
P 115 0 320 20 320 0 2 0
L 30 315 10 0 3 0 0 0 GND_23
A 0 320 10 0 3 0 PINTYPE=IN
A 0 320 10 0 3 3 #=51
P 114 0 340 20 340 0 2 0
L 30 335 10 0 3 0 0 0 NC_15
A 0 340 10 0 3 0 PINTYPE=IN
A 0 340 10 0 3 3 #=49
P 142 300 340 280 340 0 3 0
L 285 340 10 0 3 0 0 0 NC_16
A 300 340 10 0 9 0 PINTYPE=BI
A 300 340 10 0 9 3 #=50
P 143 300 160 280 160 0 3 0
L 227 155 10 0 3 0 1 0 I2C_SCL
A 300 160 10 0 9 0 PINTYPE=BI
A 300 160 10 0 9 3 #=68
P 126 0 220 20 220 0 2 0
L 30 215 10 0 3 0 0 0 NC_20
A 0 220 10 0 3 0 PINTYPE=IN
A 0 220 10 0 3 3 #=61
P 133 300 80 280 80 0 3 0
L 250 75 10 0 3 0 0 0 NC_21
A 300 80 10 0 9 0 PINTYPE=BI
A 300 80 10 0 9 3 #=76
P 132 300 60 280 60 0 3 0
L 250 55 10 0 3 0 0 0 NC_22
A 300 60 10 0 9 0 PINTYPE=BI
A 300 60 10 0 9 3 #=78
P 117 0 280 20 280 0 2 0
L 30 275 10 0 3 0 0 0 NC_17
A 0 280 10 0 3 0 PINTYPE=BI
A 0 280 10 0 3 3 #=55
P 118 0 260 20 260 0 2 0
L 30 255 10 0 3 0 0 0 NC_18
A 0 260 10 0 3 0 PINTYPE=BI
A 0 260 10 0 3 3 #=57
P 119 0 240 20 240 0 2 0
L 30 235 10 0 3 0 0 0 NC_19
A 0 240 10 0 3 0 PINTYPE=OUT
A 0 240 10 0 3 3 #=59
T 250 55 10 0 3 N/C
Q 15 0 0
T 250 75 10 0 3 N/C
Q 15 0 0
T 30 235 10 0 3 N/C
Q 15 0 0
T 30 355 10 0 3 N/C
Q 15 0 0
T 250 495 10 0 3 N/C
Q 15 0 0
T 30 295 10 0 3 GND
Q 15 0 0
T 30 375 10 0 3 GND
Q 15 0 0
T 30 395 10 0 3 GND
Q 15 0 0
T 30 475 10 0 3 GND
Q 15 0 0
T 30 675 10 0 3 GND
Q 15 0 0
T 30 635 10 0 3 GND
Q 15 0 0
T 30 755 10 0 3 N/C
Q 15 0 0
T 30 775 10 0 3 N/C
Q 15 0 0
T 30 195 10 0 3 GND
Q 15 0 0
T 30 555 10 0 3 GND
Q 15 0 0
T 30 715 10 0 3 GND
Q 15 0 0
T 30 735 10 0 3 GND
Q 15 0 0
T 30 595 10 0 3 GND
Q 15 0 0
T 30 515 10 0 3 GND
Q 15 0 0
T 30 135 10 0 3 PMBUS_DATA
Q 15 0 0
T 30 95 10 0 3 PMBUS_ALERT
Q 15 0 0
T 30 435 10 0 3 GND
Q 15 0 0
T 30 315 10 0 3 GND
Q 15 0 0
T 30 175 10 0 3 GND
Q 15 0 0
T 30 75 10 0 3 GND
Q 15 0 0
T 250 115 10 0 3 GND
Q 15 0 0
T 250 95 10 0 3 GND
Q 15 0 0
T 250 635 10 0 3 GND
Q 15 0 0
T 250 675 10 0 3 GND
Q 15 0 0
T 250 715 10 0 3 GND
Q 15 0 0
T 250 735 10 0 3 GND
Q 15 0 0
T 250 755 10 0 3 N/C
Q 15 0 0
T 250 815 10 0 3 N/C
Q 15 0 0
T 250 595 10 0 3 GND
Q 15 0 0
T 250 475 10 0 3 GND
Q 15 0 0
T 250 435 10 0 3 GND
Q 15 0 0
T 250 395 10 0 3 GND
Q 15 0 0
T 250 375 10 0 3 GND
Q 15 0 0
T 250 315 10 0 3 GND
Q 15 0 0
T 250 295 10 0 3 GND
Q 15 0 0
T 250 195 10 0 3 GND
Q 15 0 0
T 250 795 10 0 3 N/C
Q 15 0 0
T 30 495 10 0 3 N/C
Q 15 0 0
T 30 615 10 0 3 MGTAVTT_CS+
Q 15 0 0
T 30 575 10 0 3 MGTAVTT_CS-
Q 15 0 0
T 250 515 10 0 3 GND
Q 15 0 0
T 250 555 10 0 3 GND
Q 15 0 0
T 250 775 10 0 3 N/C
Q 15 0 0
T 30 815 10 0 3 ALT_PMBUS_ADDR
Q 15 0 0
T 30 795 10 0 3 N/C
Q 15 0 0
T 30 535 10 0 3 N/C
Q 15 0 0
T 250 535 10 0 3 N/C
Q 15 0 0
T 190 415 10 0 3 MGTAVCCAUX_SNS-
Q 15 0 0
T 30 335 10 0 3 N/C
Q 15 0 0
b 20 20 280 840
T 155 10 10 0 6 7-SERIES GTX LOW-CUR PWR MOD
Q 14 0 0
T 155 0 10 0 6 SIGNAL INTERFACE
Q 14 0 0
T 250 175 10 0 3 GND
Q 15 0 0
T 30 215 10 0 3 N/C
Q 15 0 0
T 30 255 10 0 3 N/C
Q 15 0 0
T 30 275 10 0 3 N/C
Q 15 0 0
T 250 335 10 0 3 N/C
Q 15 0 0
T 250 355 10 0 3 N/C
Q 15 0 0
E
