V 51
K 383050390600 cch-j-022
|R 0:56_12-1-10
Y 1
D 0 0 135 285
Z 10
i 26
U 0 -30 10 0 3 0 LEVEL=STD
U 0 -40 10 0 3 0 PARTS=1
U 0 -50 10 0 3 0 DEVICE=SAMTEC_TRIPC20
U 5 0 16 0 3 3 REFDES=J?
U 25 265 10 0 3 0 PKG_TYPE=SAMTEC_TRIPC20
U 25 265 10 0 3 3 VALUE=XXXX
P 1 0 255 20 255 0 2 0
L 25 255 10 0 2 0 1 0 L00P
A 15 255 10 0 9 3 #=1
A 30 260 10 0 2 0 PINTYPE=BI
P 2 0 245 20 245 0 2 0
L 25 245 10 0 2 0 1 0 L00N
A 15 245 10 0 9 3 #=2
A 30 250 10 0 2 0 PINTYPE=BI
P 3 0 235 20 235 0 2 0
L 25 235 10 0 2 0 1 0 L01P
A 15 235 10 0 9 3 #=3
A 30 240 10 0 2 0 PINTYPE=BI
P 4 0 225 20 225 0 2 0
L 25 225 10 0 2 0 1 0 L01N
A 15 225 10 0 9 3 #=4
A 30 230 10 0 2 0 PINTYPE=BI
P 5 0 215 20 215 0 2 0
L 25 215 10 0 2 0 1 0 L02P
A 15 215 10 0 9 3 #=5
A 30 220 10 0 2 0 PINTYPE=BI
P 6 0 205 20 205 0 2 0
L 25 205 10 0 2 0 1 0 L02N
A 15 205 10 0 9 3 #=6
A 30 210 10 0 2 0 PINTYPE=BI
P 7 0 195 20 195 0 2 0
L 25 195 10 0 2 0 1 0 L03P
A 15 195 10 0 9 3 #=7
A 30 200 10 0 2 0 PINTYPE=BI
P 8 0 185 20 185 0 2 0
L 25 185 10 0 2 0 1 0 L03N
A 15 185 10 0 9 3 #=8
A 30 190 10 0 2 0 PINTYPE=BI
P 9 0 175 20 175 0 2 0
L 25 175 10 0 2 0 1 0 L10P
A 15 175 10 0 9 3 #=9
A 30 180 10 0 2 0 PINTYPE=BI
P 10 0 165 20 165 0 2 0
L 25 165 10 0 2 0 1 0 L04P
A 15 165 10 0 9 3 #=10
A 20 170 10 0 2 0 PINTYPE=BI
P 11 0 155 20 155 0 2 0
L 25 155 10 0 2 0 1 0 L04N
A 15 155 10 0 9 3 #=11
A 20 160 10 0 2 0 PINTYPE=BI
P 12 0 145 20 145 0 2 0
L 25 145 10 0 2 0 1 0 L05P
A 15 145 10 0 9 3 #=12
A 20 150 10 0 2 0 PINTYPE=BI
P 13 0 135 20 135 0 2 0
L 25 135 10 0 2 0 1 0 L05N
A 15 135 10 0 9 3 #=13
A 20 140 10 0 2 0 PINTYPE=BI
P 14 0 125 20 125 0 2 0
L 25 125 10 0 2 0 1 0 L06P
A 15 125 10 0 9 3 #=14
A 20 130 10 0 2 0 PINTYPE=BI
P 15 0 115 20 115 0 2 0
L 25 115 10 0 2 0 1 0 L06N
A 15 115 10 0 9 3 #=15
A 20 120 10 0 2 0 PINTYPE=BI
P 16 0 105 20 105 0 2 0
L 25 105 10 0 2 0 1 0 L07P
A 15 105 10 0 9 3 #=16
A 20 110 10 0 2 0 PINTYPE=BI
P 17 0 95 20 95 0 2 0
L 25 95 10 0 2 0 1 0 L07N
A 15 95 10 0 9 3 #=17
A 20 100 10 0 2 0 PINTYPE=BI
P 19 0 75 20 75 0 2 0
L 25 75 10 0 2 0 1 0 L08P
A 15 75 10 0 9 3 #=19
A 20 80 10 0 2 0 PINTYPE=BI
P 18 0 85 20 85 0 2 0
L 25 85 10 0 2 0 1 0 L10N
A 15 85 10 0 9 3 #=18
A 20 90 10 0 2 0 PINTYPE=BI
P 20 0 65 20 65 0 2 0
L 25 65 10 0 2 0 1 0 L08N
A 15 65 10 0 9 3 #=20
A 20 70 10 0 2 0 PINTYPE=BI
P 25 0 55 20 55 0 2 0
L 25 55 10 0 2 0 1 0 L09P
A 15 55 10 0 9 3 #=21
A 20 60 10 0 2 0 PINTYPE=BI
P 26 0 45 20 45 0 2 0
L 25 45 10 0 2 0 1 0 L09N
A 15 45 10 0 9 3 #=22
A 20 50 10 0 2 0 PINTYPE=BI
b 20 20 115 265
T 65 155 10 0 3 SAMTEC
E
