V 51
K 278870875400 cdcm6208
|R 18:36_7-2-13
Y 1
D 0 0 180 620
Z 10
i 50
U 0 -60 10 0 3 0 DIST_P/N=CDCM6208V1RGZR-ND
U 0 -10 10 0 3 0 DIST=DIGIKEY
U 0 -40 10 0 3 0 MFG=TEXAS INSTRUMENTS
U 0 -30 10 0 3 0 LEVEL=STD
U 0 -20 10 0 3 0 PARTS=1
U 0 -50 10 0 3 0 MFG_P/N=CDCM6208V1RGZT
U 25 0 16 0 3 3 REFDES=U?
U 25 600 10 0 3 3 DEVICE=CDCM6208
U 125 10 10 0 3 3 PKG_TYPE=VQFN_48
P 50 180 50 160 50 0 3 0
L 115 45 10 0 3 0 1 0 REG_CAP
A 175 50 10 0 9 3 #=40
A 200 50 10 0 9 0 PINTYPE=OUT
P 48 180 90 160 90 0 3 0
L 130 85 10 0 3 0 1 0 Y7_N
A 175 90 10 0 9 3 #=36
A 200 90 10 0 9 0 PINTYPE=OUT
P 49 180 100 160 100 0 3 0
L 130 95 10 0 3 0 1 0 Y7_P
A 175 100 10 0 9 3 #=35
A 200 100 10 0 9 0 PINTYPE=OUT
P 46 180 140 160 140 0 3 0
L 130 135 10 0 3 0 1 0 Y6_N
A 175 140 10 0 9 3 #=33
A 200 140 10 0 9 0 PINTYPE=OUT
P 47 180 150 160 150 0 3 0
L 130 145 10 0 3 0 1 0 Y6_P
A 175 150 10 0 9 3 #=32
A 200 150 10 0 9 0 PINTYPE=OUT
P 44 180 190 160 190 0 3 0
L 130 185 10 0 3 0 1 0 Y5_N
A 175 190 10 0 9 3 #=28
A 200 190 10 0 9 0 PINTYPE=OUT
P 45 180 200 160 200 0 3 0
L 130 195 10 0 3 0 1 0 Y5_P
A 175 200 10 0 9 3 #=29
A 200 200 10 0 9 0 PINTYPE=OUT
P 42 180 240 160 240 0 3 0
L 130 235 10 0 3 0 1 0 Y4_N
A 175 240 10 0 9 3 #=25
A 200 240 10 0 9 0 PINTYPE=OUT
P 43 180 250 160 250 0 3 0
L 130 245 10 0 3 0 1 0 Y4_P
A 175 250 10 0 9 3 #=26
A 200 250 10 0 9 0 PINTYPE=OUT
P 40 180 290 160 290 0 3 0
L 130 285 10 0 3 0 1 0 Y3_N
A 175 290 10 0 9 3 #=22
A 200 290 10 0 9 0 PINTYPE=OUT
P 41 180 300 160 300 0 3 0
L 130 295 10 0 3 0 1 0 Y3_P
A 175 300 10 0 9 3 #=23
A 200 300 10 0 9 0 PINTYPE=OUT
P 38 180 340 160 340 0 3 0
L 130 335 10 0 3 0 1 0 Y2_N
A 175 340 10 0 9 3 #=21
A 200 340 10 0 9 0 PINTYPE=OUT
P 39 180 350 160 350 0 3 0
L 130 345 10 0 3 0 1 0 Y2_P
A 175 350 10 0 9 3 #=20
A 200 350 10 0 9 0 PINTYPE=OUT
P 36 180 390 160 390 0 3 0
L 130 385 10 0 3 0 1 0 Y1_N
A 175 390 10 0 9 3 #=16
A 200 390 10 0 9 0 PINTYPE=OUT
P 37 180 400 160 400 0 3 0
L 130 395 10 0 3 0 1 0 Y1_P
A 175 400 10 0 9 3 #=17
A 200 400 10 0 9 0 PINTYPE=OUT
P 35 180 440 160 440 0 3 0
L 130 435 10 0 3 0 1 0 Y0_N
A 175 440 10 0 9 3 #=15
A 200 440 10 0 9 0 PINTYPE=OUT
P 30 0 190 20 190 0 2 0
L 30 185 10 0 3 0 1 0 SI_MODE1
A 10 190 10 0 3 3 #=47
A -20 190 10 0 3 0 PINTYPE=IN
P 31 0 200 20 200 0 2 0
L 30 195 10 0 3 0 1 0 SI_MODE0
A 10 200 10 0 3 3 #=1
A -20 200 10 0 3 0 PINTYPE=IN
P 28 0 290 20 290 0 2 0
L 30 285 10 0 3 0 1 0 SDA_PIN1
A 10 290 10 0 3 3 #=2
A -20 290 10 0 3 0 PINTYPE=IN
P 29 0 300 20 300 0 2 0
L 30 295 10 0 3 0 1 0 SCL_PIN4
A 10 300 10 0 3 3 #=5
A -20 300 10 0 3 0 PINTYPE=IN
P 27 0 140 20 140 0 2 0
L 30 135 10 0 3 0 1 0 AD1_PIN3
A 10 140 10 0 3 3 #=4
A -20 140 10 0 3 0 PINTYPE=IN
P 26 0 150 20 150 0 2 0
L 30 145 10 0 3 0 1 0 AD0_PIN2
A 10 150 10 0 3 3 #=3
A -20 150 10 0 3 0 PINTYPE=IN
P 25 0 70 20 70 0 2 0
L 30 65 10 0 3 0 1 0 RESET_N
A 5 70 10 0 3 3 #=44
A -20 70 10 0 3 0 PINTYPE=IN
P 24 0 60 20 60 0 2 0
L 30 55 10 0 3 0 1 0 PDN
A 5 60 10 0 3 3 #=43
A -20 60 10 0 3 0 PINTYPE=IN
P 23 0 50 20 50 0 2 0
L 30 45 10 0 3 0 1 0 SYNCN
A 5 50 10 0 3 3 #=42
A -20 50 10 0 3 0 PINTYPE=IN
P 21 0 580 20 580 0 2 0
L 30 575 10 0 3 0 1 0 DVDD
A 5 580 10 0 3 3 #=48
A -20 580 10 0 3 0 PINTYPE=IN
P 20 0 550 20 550 0 2 0
L 30 545 10 0 3 0 1 0 VDD_PLL2
A 5 550 10 0 3 3 #=38
A -20 550 10 0 3 0 PINTYPE=IN
P 18 0 560 20 560 0 2 0
L 30 555 10 0 3 0 1 0 VDD_VCO
A 5 560 10 0 3 3 #=39
A -20 560 10 0 3 0 PINTYPE=IN
P 17 180 490 160 490 0 3 0
L 120 485 10 0 3 0 1 0 VDD_Y7
A 175 490 10 0 9 3 #=34
A 200 490 10 0 9 0 PINTYPE=IN
P 16 180 500 160 500 0 3 0
L 120 495 10 0 3 0 1 0 VDD_Y6
A 175 500 10 0 9 3 #=31
A 200 500 10 0 9 0 PINTYPE=IN
P 15 180 510 160 510 0 3 0
L 120 505 10 0 3 0 1 0 VDD_Y5
A 175 510 10 0 9 3 #=30
A 200 510 10 0 9 0 PINTYPE=IN
P 9 0 40 20 40 0 2 0
L 30 35 10 0 3 0 1 0 REF_SEL
A 10 40 10 0 3 3 #=6
A -20 40 10 0 3 0 PINTYPE=IN
P 8 0 510 20 510 0 2 0
L 30 505 10 0 3 0 1 0 VDD_SEC_REF
A 5 510 10 0 3 3 #=10
A -20 510 10 0 3 0 PINTYPE=IN
P 5 0 390 20 390 0 2 0
L 30 385 10 0 3 0 1 0 SEC_REFN
A 5 390 10 0 3 3 #=12
A -20 390 10 0 3 0 PINTYPE=IN
P 6 0 400 20 400 0 2 0
L 30 395 10 0 3 0 1 0 SEC_REFP
A 5 400 10 0 3 3 #=11
A -20 400 10 0 3 0 PINTYPE=IN
P 4 0 440 20 440 0 2 0
L 30 435 10 0 3 0 1 0 PRI_REFN
A 10 440 10 0 3 3 #=9
A -20 440 10 0 3 0 PINTYPE=IN
P 3 0 450 20 450 0 2 0
L 30 445 10 0 3 0 1 0 PRI_REFP
A 10 450 10 0 3 3 #=8
A -20 450 10 0 3 0 PINTYPE=IN
P 7 0 520 20 520 0 2 0
L 30 515 10 0 3 0 1 0 VDD_PRI_REF
A 10 520 10 0 3 3 #=7
A -20 520 10 0 3 0 PINTYPE=IN
P 10 180 580 160 580 0 3 0
L 105 575 10 0 3 0 0 0 VDD_YO_Y1_13
A 175 580 10 0 9 3 #=13
A 200 580 10 0 9 0 PINTYPE=IN
P 11 180 570 160 570 0 3 0
L 105 565 10 0 3 0 0 0 VDD_YO_Y1_18
A 175 570 10 0 9 3 #=18
A 200 570 10 0 9 0 PINTYPE=IN
P 13 180 550 160 550 0 3 0
L 105 545 10 0 3 0 0 0 VDD_Y2_Y3_19
A 175 550 10 0 9 3 #=19
A 200 550 10 0 9 0 PINTYPE=IN
P 12 180 540 160 540 0 3 0
L 105 535 10 0 3 0 0 0 VDD_Y2_Y3_24
A 175 540 10 0 9 3 #=24
A 200 540 10 0 9 0 PINTYPE=IN
P 14 180 520 160 520 0 3 0
L 120 515 10 0 3 0 1 0 VDD_Y4
A 175 520 10 0 9 3 #=27
A 200 520 10 0 9 0 PINTYPE=IN
P 33 0 100 20 100 0 2 0
L 30 95 10 0 3 0 1 0 STATUS0
A 5 100 10 0 3 3 #=46
A -20 100 10 0 3 0 PINTYPE=OUT
P 32 0 90 20 90 0 2 0
L 30 85 10 0 3 0 1 0 STATUS1_PIN0
A 5 90 10 0 3 3 #=45
A -20 90 10 0 3 0 PINTYPE=OUT
P 22 180 40 160 40 0 3 0
L 130 35 10 0 3 0 1 0 EPAD
A 175 40 10 0 9 3 #=49
A 200 40 10 0 9 0 PINTYPE=IN
P 1 180 450 160 450 0 3 0
L 130 445 10 0 3 0 1 0 Y0_P
A 175 450 10 0 9 3 #=14
A 200 450 10 0 9 0 PINTYPE=OUT
P 34 180 60 160 60 0 3 0
L 135 55 10 0 3 0 1 0 ELF
A 175 60 10 0 9 3 #=41
A 200 60 10 0 9 0 PINTYPE=OUT
P 19 0 570 20 570 0 2 0
L 30 565 10 0 3 0 1 0 VDD_PLL1
A 5 570 10 0 3 3 #=37
A -20 570 10 0 3 0 PINTYPE=IN
b 20 20 160 600
T 105 565 10 0 3 VDD_Y0_Y1
Q 15 0 0
T 105 575 10 0 3 VDD_Y0_Y1
Q 15 0 0
T 105 545 10 0 3 VDD_Y2_Y3
Q 15 0 0
T 105 535 10 0 3 VDD_Y2_Y3
Q 15 0 0
E
