V 51
K 380268355200 ch7301c_lqfp64
|R 21:45_10-29-10
Y 1
D 0 0 360 580
Z 10
i 974
U 300 50 10 0 3 0 PARTS=1
U 300 40 10 0 3 0 LEVEL=STD
P 974 200 0 200 40 0 1 0
A 200 -15 10 1 8 0 PINTYPE=BI
L 200 45 10 1 2 0 1 0 NC0
A 200 35 10 1 9 3 #=16
P 961 360 230 320 230 0 3 0
A 375 230 10 0 2 0 PINTYPE=BI
L 315 230 10 0 8 0 1 0 TGND3
A 325 230 10 0 3 3 #=32
P 963 360 380 320 380 0 3 0
A 375 380 10 0 2 0 PINTYPE=BI
L 315 380 10 0 8 0 1 0 DVDD1
A 325 380 10 0 3 3 #=1
P 964 360 370 320 370 0 3 0
A 375 370 10 0 2 0 PINTYPE=BI
L 315 370 10 0 8 0 1 0 DVDD2
A 325 370 10 0 3 3 #=12
P 967 360 330 320 330 0 3 0
A 375 330 10 0 2 0 PINTYPE=BI
L 315 330 10 0 8 0 1 0 DGND2
A 325 330 10 0 3 3 #=11
P 968 360 320 320 320 0 3 0
A 375 320 10 0 2 0 PINTYPE=BI
L 315 320 10 0 8 0 1 0 DGND3
A 325 320 10 0 3 3 #=64
P 969 360 280 320 280 0 3 0
A 375 280 10 0 2 0 PINTYPE=BI
L 315 280 10 0 8 0 1 0 TVDD1
A 325 280 10 0 3 3 #=23
P 970 360 270 320 270 0 3 0
A 375 270 10 0 2 0 PINTYPE=BI
L 315 270 10 0 8 0 1 0 TVDD2
A 325 270 10 0 3 3 #=29
P 971 360 250 320 250 0 3 0
A 375 250 10 0 2 0 PINTYPE=BI
L 315 250 10 0 8 0 1 0 TGND1
A 325 250 10 0 3 3 #=20
P 972 360 240 320 240 0 3 0
A 375 240 10 0 2 0 PINTYPE=BI
L 315 240 10 0 8 0 1 0 TGND2
A 325 240 10 0 3 3 #=26
P 959 280 580 280 540 0 0 0
A 280 595 10 1 2 0 PINTYPE=BI
L 280 535 10 1 8 0 1 0 G
A 280 545 10 1 3 3 #=37
P 960 290 580 290 540 0 0 0
A 290 595 10 1 2 0 PINTYPE=BI
L 290 535 10 1 8 0 1 0 B
A 290 545 10 1 3 3 #=39
P 947 0 490 40 490 0 2 0
A -15 490 10 0 8 0 PINTYPE=BI
L 45 490 10 0 2 0 1 0 D10
A 35 490 10 0 9 3 #=51
P 948 0 500 40 500 0 2 0
A -15 500 10 0 8 0 PINTYPE=BI
L 45 500 10 0 2 0 1 0 D11
A 35 500 10 0 9 3 #=50
P 950 0 400 40 400 0 2 0
A -15 400 10 0 8 0 PINTYPE=BI
L 45 400 10 0 2 0 1 0 D1
A 35 400 10 0 9 3 #=62
P 951 0 410 40 410 0 2 0
A -15 410 10 0 8 0 PINTYPE=BI
L 45 410 10 0 2 0 1 0 D2
A 35 410 10 0 9 3 #=61
P 952 0 420 40 420 0 2 0
A -15 420 10 0 8 0 PINTYPE=BI
L 45 420 10 0 2 0 1 0 D3
A 35 420 10 0 9 3 #=60
P 953 0 430 40 430 0 2 0
A -15 430 10 0 8 0 PINTYPE=BI
L 45 430 10 0 2 0 1 0 D4
A 35 430 10 0 9 3 #=59
P 954 0 440 40 440 0 2 0
A -15 440 10 0 8 0 PINTYPE=BI
L 45 440 10 0 2 0 1 0 D5
A 35 440 10 0 9 3 #=58
P 955 0 450 40 450 0 2 0
A -15 450 10 0 8 0 PINTYPE=BI
L 45 450 10 0 2 0 1 0 D6
A 35 450 10 0 9 3 #=55
P 956 0 460 40 460 0 2 0
A -15 460 10 0 8 0 PINTYPE=BI
L 45 460 10 0 2 0 1 0 D7
A 35 460 10 0 9 3 #=54
P 957 0 470 40 470 0 2 0
A -15 470 10 0 8 0 PINTYPE=BI
L 45 470 10 0 2 0 1 0 D8
A 35 470 10 0 9 3 #=53
P 958 0 480 40 480 0 2 0
A -15 480 10 0 8 0 PINTYPE=BI
L 45 480 10 0 2 0 1 0 D9
A 35 480 10 0 9 3 #=52
P 15 0 340 40 340 0 2 0
A 35 340 10 0 9 3 #=57
L 45 340 10 0 2 1 1 0 XCLK_P
A -15 340 10 0 8 0 PINTYPE=BI
P 16 0 250 40 250 0 2 0
A 35 250 10 0 9 3 #=2
L 45 250 10 0 2 1 1 0 DE
A -15 250 10 0 8 0 PINTYPE=BI
P 17 0 240 40 240 0 2 0
A 35 240 10 0 9 3 #=4
L 45 240 10 0 2 1 1 0 H
A -15 240 10 0 8 0 PINTYPE=BI
P 18 0 230 40 230 0 2 0
A 35 230 10 0 9 3 #=5
L 45 230 10 0 2 1 1 0 V
A -15 230 10 0 8 0 PINTYPE=BI
P 19 0 130 40 130 0 2 0
A 35 130 10 0 9 3 #=14
L 45 130 10 0 2 1 1 0 SPD
A -15 130 10 0 8 0 PINTYPE=BI
P 20 0 120 40 120 0 2 0
A 35 120 10 0 9 3 #=15
L 45 120 10 0 2 1 1 0 SPC
A -15 120 10 0 8 0 PINTYPE=BI
P 21 0 100 40 100 0 2 0
A 35 100 10 0 9 3 #=7
L 45 100 10 0 2 1 1 0 GPIO1
A -15 100 10 0 8 0 PINTYPE=BI
P 22 0 90 40 90 0 2 0
A 35 90 10 0 9 3 #=8
L 45 90 10 0 2 1 1 0 GPIO0
A -15 90 10 0 8 0 PINTYPE=BI
P 23 0 80 40 80 0 2 0
A 35 80 10 0 9 3 #=10
L 45 80 10 0 2 1 1 0 AS
A -15 80 10 0 8 0 PINTYPE=BI
P 11 100 580 100 540 0 0 0
A 100 545 10 1 3 3 #=22
L 100 535 10 1 8 1 1 0 TDC0_P
A 100 595 10 1 2 0 PINTYPE=BI
P 1 270 580 270 540 0 0 0
A 270 545 10 1 3 3 #=38
L 270 535 10 1 8 1 1 0 R
A 270 595 10 1 2 0 PINTYPE=BI
P 2 250 580 250 540 0 0 0
A 250 545 10 1 3 3 #=47
L 250 535 10 1 8 1 1 0 VSYNC
A 250 595 10 1 2 0 PINTYPE=BI
P 3 240 580 240 540 0 0 0
A 240 545 10 1 3 3 #=48
L 240 535 10 1 8 1 1 0 HSYNC
A 240 595 10 1 2 0 PINTYPE=BI
P 4 210 580 210 540 0 0 0
A 210 545 10 1 3 3 #=9
L 210 535 10 1 8 1 1 0 HPDET
A 210 595 10 1 2 0 PINTYPE=BI
P 5 190 580 190 540 0 0 0
A 190 545 10 1 3 3 #=31
L 190 535 10 1 8 1 1 0 TLC_N
A 190 595 10 1 2 0 PINTYPE=BI
P 6 180 580 180 540 0 0 0
A 180 545 10 1 3 3 #=30
L 180 535 10 1 8 1 1 0 TLC_P
A 180 595 10 1 2 0 PINTYPE=BI
P 7 160 580 160 540 0 0 0
A 160 545 10 1 3 3 #=28
L 160 535 10 1 8 1 1 0 TDC2_P
A 160 595 10 1 2 0 PINTYPE=BI
P 8 150 580 150 540 0 0 0
A 150 545 10 1 3 3 #=27
L 150 535 10 1 8 1 1 0 TDC2_N
A 150 595 10 1 2 0 PINTYPE=BI
P 9 130 580 130 540 0 0 0
A 130 545 10 1 3 3 #=25
L 130 535 10 1 8 1 1 0 TDC1_P
A 130 595 10 1 2 0 PINTYPE=BI
P 26 160 0 160 40 0 1 0
A 160 35 10 1 9 3 #=19
L 160 45 10 1 2 1 1 0 VSWING
A 160 -15 10 1 8 0 PINTYPE=BI
P 27 210 0 210 40 0 1 0
A 210 35 10 1 9 3 #=36
L 210 45 10 1 2 1 1 0 NC1
A 210 -15 10 1 8 0 PINTYPE=BI
P 31 250 0 250 40 0 1 0
A 250 35 10 1 9 3 #=44
L 250 45 10 1 2 1 1 0 NC5
A 250 -15 10 1 8 0 PINTYPE=BI
P 43 360 50 320 50 0 3 0
A 325 50 10 0 3 3 #=40
L 315 50 10 0 8 1 1 0 GND2
A 375 50 10 0 2 0 PINTYPE=BI
P 44 360 60 320 60 0 3 0
A 325 60 10 0 3 3 #=34
L 315 60 10 0 8 1 1 0 GND1
A 375 60 10 0 2 0 PINTYPE=BI
P 45 360 100 320 100 0 3 0
A 325 100 10 0 3 3 #=33
L 315 100 10 0 8 1 1 0 VDD
A 375 100 10 0 2 0 PINTYPE=BI
P 46 360 140 320 140 0 3 0
A 325 140 10 0 3 3 #=17
L 315 140 10 0 8 1 1 0 AGND2
A 375 140 10 0 2 0 PINTYPE=BI
P 29 230 0 230 40 0 1 0
A 230 35 10 1 9 3 #=42
L 230 45 10 1 2 1 1 0 NC3
A 230 -15 10 1 8 0 PINTYPE=BI
P 30 240 0 240 40 0 1 0
A 240 35 10 1 9 3 #=43
L 240 45 10 1 2 1 1 0 NC4
A 240 -15 10 1 8 0 PINTYPE=BI
P 28 220 0 220 40 0 1 0
A 220 35 10 1 9 3 #=41
L 220 45 10 1 2 1 1 0 NC2
A 220 -15 10 1 8 0 PINTYPE=BI
P 13 0 370 40 370 0 2 0
A 35 370 10 0 9 3 #=13
L 45 370 10 0 2 1 1 0 RESET_B
A -15 370 10 0 8 0 PINTYPE=BI
P 949 0 390 40 390 0 2 0
A -15 390 10 0 8 0 PINTYPE=BI
L 45 390 10 0 2 0 1 0 D0
A 35 390 10 0 9 3 #=63
P 14 0 350 40 350 0 2 0
A 35 350 10 0 9 3 #=56
L 45 350 10 0 2 1 1 0 XCLK_N
A -15 350 10 0 8 0 PINTYPE=BI
P 25 110 0 110 40 0 1 0
A 110 35 10 1 9 3 #=35
L 110 45 10 1 2 1 1 0 ISET
A 110 -15 10 1 8 0 PINTYPE=BI
P 12 90 580 90 540 0 0 0
A 90 545 10 1 3 3 #=21
L 90 535 10 1 8 1 1 0 TDC0_N
A 90 595 10 1 2 0 PINTYPE=BI
P 10 120 580 120 540 0 0 0
A 120 545 10 1 3 3 #=24
L 120 535 10 1 8 1 1 0 TDC1_N
A 120 595 10 1 2 0 PINTYPE=BI
P 965 360 360 320 360 0 3 0
A 375 360 10 0 2 0 PINTYPE=BI
L 315 360 10 0 8 0 1 0 DVDD3
A 325 360 10 0 3 3 #=49
P 48 360 190 320 190 0 3 0
A 325 190 10 0 3 3 #=18
L 315 190 10 0 8 1 1 0 AVDD
A 375 190 10 0 2 0 PINTYPE=BI
P 966 360 340 320 340 0 3 0
A 375 340 10 0 2 0 PINTYPE=BI
L 315 340 10 0 8 0 1 0 DGND0
A 325 340 10 0 3 3 #=6
P 973 360 490 320 490 0 3 0
A 325 490 10 0 3 3 #=3
L 315 490 10 0 8 0 1 0 VREF
A 375 490 10 0 2 0 PINTYPE=BI
P 962 360 500 320 500 0 3 0
A 375 500 10 0 2 0 PINTYPE=BI
L 315 500 10 0 8 0 1 0 DVDDV
A 325 500 10 0 3 3 #=45
P 32 260 0 260 40 0 1 0
A 260 35 10 1 9 3 #=46
L 260 45 10 1 2 1 1 0 NC6
A 260 -15 10 1 8 0 PINTYPE=BI
b 40 40 320 540
U 40 25 16 0 3 3 REFDES=U?
U 320 30 10 2 3 3 PKG_TYPE=LQFP-64
U 70 550 10 2 3 3 DEVICE=CH7301C-LQFP64
E
