V 51
K 44150114490 cp2105
|R 16:59_6-28-13
Y 1
D 0 0 200 400
Z 10
i 64
U 0 -60 10 0 3 0 DIST_P/N=336-2009-5-ND
U 0 -50 10 0 3 0 DIST=DIGIKEY
U 0 -30 10 0 3 0 MANF=SILICON LABS
U 0 -20 10 0 3 0 PARTS=1
U 0 -10 10 0 3 0 LEVEL=STD
U 0 -70 10 0 3 0 VALUE=CP2105
U 0 -40 10 0 3 0 MANF_P/N=CP2105-F01-GM
U 20 0 16 0 3 3 REFDES=U?
U 25 380 10 0 3 3 DEVICE=CP2105
U 175 10 10 0 9 3 PKG_TYPE=QFN_24
P 27 0 360 20 360 0 2 0
L 25 355 10 0 3 0 1 0 VBUS
A 0 360 10 0 3 0 PINTYPE=IN
A 15 360 10 0 9 3 #=8
P 1 0 350 20 350 0 2 0
L 25 345 10 0 3 0 1 0 REGIN
A 0 350 10 0 3 0 PINTYPE=BI
A 15 350 10 0 9 3 #=7
P 32 0 340 20 340 0 2 0
L 25 335 10 0 3 0 1 0 VDD
A 0 340 10 0 3 0 PINTYPE=IN
A 15 340 10 0 9 3 #=6
P 14 0 235 20 235 0 2 0
L 25 235 10 0 3 0 1 0 SUSPEND1_B_O
A 0 235 10 0 3 0 PINTYPE=BI
A 15 235 10 0 9 3 #=1
P 64 0 160 20 160 0 2 0
L 25 160 10 0 3 0 1 0 SUSPEND2_B_O
A 0 160 10 0 3 0 PINTYPE=BI
A 15 160 10 0 9 3 #=17
P 12 0 205 20 205 0 2 0
L 25 200 10 0 3 0 1 0 D_P
A 0 205 10 0 3 0 PINTYPE=BI
A 15 205 10 0 9 3 #=3
P 13 0 195 20 195 0 2 0
L 25 190 10 0 3 0 1 0 D_N
A 0 195 10 0 3 0 PINTYPE=BI
A 15 195 10 0 9 3 #=4
P 41 0 50 20 50 0 2 0
L 25 45 10 0 3 0 1 0 GND
A 0 50 10 0 3 0 PINTYPE=IN
A 15 50 10 0 9 3 #=2
P 58 0 40 20 40 0 2 0
L 25 35 10 0 3 0 1 0 EPAD_GND
A 0 40 10 0 3 0 PINTYPE=IN
A 15 40 10 0 9 3 #=25
P 44 200 40 180 40 0 3 0
L 175 40 10 0 8 0 1 0 RST_B
A 200 40 10 0 9 0 PINTYPE=BI
A 185 40 10 0 3 3 #=9
P 17 200 60 180 60 0 3 0
L 175 65 10 0 8 0 1 0 NC
A 200 60 10 0 9 0 PINTYPE=IN
A 185 60 10 0 3 3 #=16
P 63 200 90 180 90 0 3 0
L 175 95 10 0 8 0 1 0 GPIO1_ECI_IO
A 200 90 10 0 9 0 PINTYPE=BI
A 185 90 10 0 3 3 #=14
P 62 200 120 180 120 0 3 0
L 175 125 10 0 8 0 1 0 GPIO0_ECI_IO
A 200 120 10 0 9 0 PINTYPE=BI
A 185 120 10 0 3 3 #=15
P 56 200 150 180 150 0 3 0
L 175 150 10 0 8 0 1 0 RXD_ECI_I
A 200 150 10 0 9 0 PINTYPE=IN
A 185 150 10 0 3 3 #=12
P 59 200 160 180 160 0 3 0
L 175 160 10 0 8 0 1 0 TXD_ECI_O
A 200 160 10 0 9 0 PINTYPE=OUT
A 185 160 10 0 3 3 #=13
P 61 200 170 180 170 0 3 0
L 175 170 10 0 8 0 1 0 CTS_ECI_I
A 200 170 10 0 9 0 PINTYPE=IN
A 185 170 10 0 3 3 #=10
P 60 200 180 180 180 0 3 0
L 175 180 10 0 8 0 1 0 RTS_ECI_O
A 200 180 10 0 9 0 PINTYPE=OUT
A 185 180 10 0 3 3 #=11
P 21 200 220 180 220 0 3 0
L 175 225 10 0 8 0 1 0 GPIO2_SCI_IO
A 200 220 10 0 9 0 PINTYPE=BI
A 185 220 10 0 3 3 #=22
P 45 200 250 180 250 0 3 0
L 315 300 10 0 8 0 0 0 VDD18_30
A 200 250 10 0 9 0 PINTYPE=BI
A 185 250 10 0 3 3 #=23
P 9 200 280 180 280 0 3 0
L 315 330 10 0 8 0 0 0 VDD18_28
A 200 280 10 0 9 0 PINTYPE=BI
A 185 280 10 0 3 3 #=24
P 26 200 310 180 310 0 3 0
L 175 310 10 0 8 0 1 0 RXD_SCI_I
A 200 310 10 0 9 0 PINTYPE=IN
A 185 310 10 0 3 3 #=20
P 20 200 320 180 320 0 3 0
L 175 320 10 0 8 0 1 0 TXD_SCI_O
A 200 320 10 0 9 0 PINTYPE=OUT
A 185 320 10 0 3 3 #=21
P 35 200 330 180 330 0 3 0
L 175 330 10 0 8 0 1 0 CTS_SCI_I
A 200 330 10 0 9 0 PINTYPE=IN
A 185 330 10 0 3 3 #=18
P 25 200 340 180 340 0 3 0
L 175 340 10 0 8 0 1 0 RTS_SCI_O
A 200 340 10 0 9 0 PINTYPE=OUT
A 185 340 10 0 3 3 #=19
P 55 200 360 180 360 0 3 0
L 175 360 10 0 8 0 1 0 VIO
A 200 360 10 0 9 0 PINTYPE=IN
A 185 360 10 0 3 3 #=5
l 2 100 220 100 260
l 2 100 290 100 335
T 175 285 10 0 8 GPIO0_SCI_IO
Q 15 0 0
T 175 255 10 0 8 GPIO1_SCI_IO
Q 15 0 0
T 130 270 10 0 3 DCD_SCI_I
T 130 240 10 0 3 DTR_SCI_O
T 125 210 10 0 3 DSR_SCI_I
T 25 225 10 0 3 RI_SCI_I
a 115 350 106 348 100 335
Q 10 0 0
a 100 220 102 211 115 205
Q 10 0 0
a 85 275 94 277 100 290
Q 10 0 0
a 100 260 98 269 85 275
Q 10 0 0
T 50 275 10 0 3 UART1
T 55 265 10 0 3 SCI
T 25 150 10 0 3 RI_ECI_I
Q 13 0 0
T 125 110 10 0 3 DTR_ECI_O
Q 13 0 0
T 125 80 10 0 3 DSR_ECI_I
Q 13 0 0
T 130 50 10 0 3 DCD_ECI_I
Q 13 0 0
a 115 190 106 188 100 175
Q 13 0 0
a 100 60 102 51 115 45
Q 13 0 0
l 2 100 130 100 175
Q 13 0 0
a 85 115 94 117 100 130
Q 13 0 0
a 100 100 98 109 85 115
Q 13 0 0
l 2 100 60 100 100
Q 13 0 0
T 50 115 10 0 3 UART2
Q 13 0 0
T 55 105 10 0 3 ECI
Q 13 0 0
b 20 20 180 380
E
