V 51
K 39883582690 db9
|R 19:44_10-17-05
Y 1
D 0 0 100 200
Z 10
i 27
U -20 -60 10 0 3 0 PART_SPEC=DB9
U -20 -50 10 0 3 0 PKG_TYPE=XX
U -20 -30 10 0 3 0 DEVICE=DB9_AMP-747250-4
U 0 -130 10 0 3 0 PRICE=XXXX
U -20 -20 10 0 3 0 LEVEL=STD
U -20 -40 10 0 3 0 PARTS=1
U 32 193 10 0 3 3 REFDES=J?
P 24 100 180 70 180 0 3 0
A 79 182 10 0 3 0 # = 1
A 140 181 10 0 3 0 PINTYPE=BI
L 70 175 10 0 9 0 1 0 DCD
P 15 100 160 70 160 0 3 0
L 70 155 10 0 9 0 1 0 RXD
A 140 161 10 0 3 0 PINTYPE=BI
A 79 162 10 0 3 0 # = 2
P 16 100 140 70 140 0 3 0
A 79 142 10 0 3 0 # = 3
A 140 141 10 0 3 0 PINTYPE=BI
L 70 135 10 0 9 0 1 0 TXD
P 17 100 120 70 120 0 3 0
L 70 115 10 0 9 0 1 0 DTR
A 140 121 10 0 3 0 PINTYPE=BI
A 79 122 10 0 3 0 # = 4
P 18 100 100 70 100 0 3 0
A 79 102 10 0 3 0 # = 5
A 140 101 10 0 3 0 PINTYPE=BI
L 70 95 10 0 9 0 1 0 GND
P 19 100 80 70 80 0 3 0
L 70 75 10 0 9 0 1 0 DSR
A 140 81 10 0 3 0 PINTYPE=BI
A 79 82 10 0 3 0 # = 6
P 20 100 60 70 60 0 3 0
A 79 62 10 0 3 0 # = 7
A 140 61 10 0 3 0 PINTYPE=BI
L 70 55 10 0 9 0 1 0 RTS
P 21 100 40 70 40 0 3 0
L 70 35 10 0 9 0 1 0 CTS
A 140 41 10 0 3 0 PINTYPE=BI
A 79 42 10 0 3 0 # = 8
P 22 100 20 70 20 0 3 0
A 79 22 10 0 3 0 # = 9
A 140 21 10 0 3 0 PINTYPE=BI
L 70 15 10 0 9 0 1 0 RI
U 60 190 10 0 3 3 VALUE=XX
b 10 10 70 190
P 26 20 0 20 10 0 1 0
A 22 1 10 3 3 0 #=10
A 21 -60 10 3 3 0 PINTYPE=BI
L 15 10 10 3 9 0 1 0 GND2
P 27 35 0 35 10 0 1 0
A 37 1 10 3 3 0 #=11
A 36 -60 10 3 3 0 PINTYPE=BI
L 30 10 10 3 9 0 1 0 GND3
E
