V 51
K 355373366400 din20b_female
|R 20:34_12-1-10
Y 1
D 0 0 140 170
Z 10
i 213
U 0 -30 10 0 3 0 DIST_P/N=H11169-ND
U 0 -10 10 0 3 0 DIST=DIGIKEY
U 0 -40 10 0 3 0 MANF=HIROSE ELECTRIC
U 0 -20 10 0 3 0 MANF_P/N=PCN10C-20S-2.54DS
U 5 -75 10 0 3 0 LEVEL=STD
U 5 -95 10 0 3 0 PARTS=1
P 211 0 90 20 90 0 2 0
L 25 85 10 0 3 0 0 0 GND_A5
A 0 90 10 0 3 0 PINTYPE=IN
A 5 90 10 0 3 3 #=A5
P 212 0 70 20 70 0 2 0
L 20 70 10 0 3 0 0 0 GND_A7
A 0 70 10 0 3 0 PINTYPE=IN
A 5 70 10 0 3 3 #=A7
P 213 0 50 20 50 0 2 0
L 20 50 10 0 3 0 0 0 GND_A9
A 0 50 10 0 3 0 PINTYPE=IN
A 5 50 10 0 3 3 #=A9
P 204 0 40 20 40 0 2 0
L 20 40 10 0 3 0 0 0 UTIL_5V0_A10
A 0 40 10 0 3 0 PINTYPE=IN
A 0 40 10 0 3 3 #=A10
P 205 0 60 20 60 0 2 0
L 25 55 10 0 3 0 1 0 TCK
A 0 60 10 0 3 0 PINTYPE=IN
A 5 60 10 0 3 3 #=A8
P 206 0 120 20 120 0 2 0
L 25 115 10 0 3 0 1 0 TMS
A 0 120 10 0 3 0 PINTYPE=IN
A 5 120 10 0 3 3 #=A2
P 207 0 100 20 100 0 2 0
L 25 95 10 0 3 0 1 0 TDI
A 0 100 10 0 3 0 PINTYPE=IN
A 5 100 10 0 3 3 #=A4
P 208 0 80 20 80 0 2 0
L 25 75 10 0 3 0 1 0 TDO
A 0 80 10 0 3 0 PINTYPE=IN
A 5 80 10 0 3 3 #=A6
P 209 0 110 20 110 0 2 0
L 25 105 10 0 3 0 1 0 ID_0
A 0 110 10 0 3 0 PINTYPE=IN
A 5 110 10 0 3 3 #=A3
P 210 0 130 20 130 0 2 0
L 25 125 10 0 3 0 1 0 PEN
A 0 130 10 0 3 0 PINTYPE=IN
A 5 130 10 0 3 3 #=A1
P 147 140 110 120 110 0 3 0
L 94 105 10 0 3 1 1 0 SP_B
A 160 110 10 0 3 0 PINTYPE=ANALOG
A 124 110 10 0 3 3 #=B3
P 151 140 120 120 120 0 3 0
A 124 120 10 0 3 3 #=B2
L 94 115 10 0 3 0 1 0 SP_A
A 160 120 10 0 3 0 PINTYPE=ANALOG
P 198 140 130 120 130 0 3 0
A 140 130 10 0 9 0 PINTYPE=ANALOG
A 135 130 10 0 9 3 #=B1
L 94 125 10 0 3 0 1 0 VREF
P 150 140 100 120 100 0 3 0
A 124 100 10 0 3 3 #=B4
L 100 95 10 0 3 0 1 0 ID1
A 160 100 10 0 3 0 PINTYPE=ANALOG
P 195 140 80 120 80 0 3 0
A 160 80 10 0 3 0 PINTYPE=ANALOG
L 140 75 10 0 3 0 0 0 GND_B6
A 124 80 10 0 3 3 #=B6
b 20 20 120 150
T 25 85 10 0 3 GND
Q 15 0 0
P 199 140 40 120 40 0 3 0
A 140 40 10 0 9 0 PINTYPE=ANALOG
A 140 40 10 0 9 3 #=B10
L 55 30 10 0 3 0 0 0 UTIL_5V0_B10
P 201 140 50 120 50 0 3 0
A 140 50 10 0 9 0 PINTYPE=ANALOG
A 135 50 10 0 9 3 #=B9
L 50 50 10 0 3 0 0 0 UTIL_5V0_B9
P 203 140 60 120 60 0 3 0
L 55 60 10 0 3 0 0 0 UTIL_5V0_B8
A 140 60 10 0 9 0 PINTYPE=ANALOG
A 135 60 10 0 9 3 #=B8
P 202 140 70 120 70 0 3 0
A 140 70 10 0 9 0 PINTYPE=ANALOG
A 135 70 10 0 9 3 #=B7
L 55 70 10 0 3 0 0 0 UTIL_5V0_B7
P 194 140 90 120 90 0 3 0
A 124 90 10 0 3 3 #=B5
L 145 85 10 0 3 0 0 0 GND_B5
A 165 90 10 0 3 0 PINTYPE=ANALOG
U 22 3 16 0 3 3 REFDES=J?
T 25 65 10 0 3 GND
Q 15 0 0
T 25 45 10 0 3 GND
Q 15 0 0
T 100 85 10 0 3 GND
Q 15 0 0
T 100 75 10 0 3 GND
Q 15 0 0
U 20 150 10 0 3 3 DEVICE=DIN20_RA
T 25 35 10 0 3 5V0
Q 15 0 0
T 101 35 10 0 3 5V0
Q 15 0 0
T 101 45 10 0 3 5V0
Q 15 0 0
T 101 55 10 0 3 5V0
Q 15 0 0
T 101 65 10 0 3 5V0
Q 15 0 0
U 55 10 10 0 3 3 PKG_TYPE=CON_DIN20_RA
E
