V 53
K 111263452100 fmc_hpc_alt_la
F Case UTL
|R 18:51_9-25-12
Y 1
D 0 0 200 750
Z 10
i 68
U 0 -50 10 0 3 0 DIST_P/N=XXX
U 0 -60 10 0 3 0 DIST=XXX
U 0 -70 10 0 3 0 DATASHEET=XXX
U 0 -80 10 0 3 0 VALUE=XXX
U 0 -90 10 0 3 0 MANF=XXX
U 0 -100 10 0 3 0 MANF_P/N=XXX
U 0 -110 10 0 3 0 DEVICE=ASP-134486-01
U 0 10 10 0 3 0 HETERO=(FMC_HPC_ALT_GND),(FMC_HPC_ALT_HA),(FMC_HPC_ALT_DP),(FMC_
+ HPC_ALT_CLK),(FMC_HPC_ALT_CONFIG),(FMC_HPC_ALT_LA),(FMC_HPC_ALT_HB),(FMC_HPC_A
+ LT_PWR)
U 180 5 10 0 9 3 PKG_TYPE=ASP-134486-01
P 24 200 480 180 480 0 3 0
A 180 480 10 0 3 3 #=H17
L 175 480 10 0 8 0 1 0 LA11_N
A 180 485 10 0 2 0 PINTYPE=IN
P 1 200 710 180 710 0 3 0
A 180 710 10 0 3 3 #=G6
L 175 710 10 0 8 0 1 0 LA00_CC_P
A 180 715 10 0 2 0 PINTYPE=IN
P 2 200 700 180 700 0 3 0
A 180 700 10 0 3 3 #=G7
L 175 700 10 0 8 0 1 0 LA00_CC_N
A 180 705 10 0 2 0 PINTYPE=IN
P 3 200 690 180 690 0 3 0
A 180 690 10 0 3 3 #=D8
L 175 690 10 0 8 0 1 0 LA01_CC_P
A 180 695 10 0 2 0 PINTYPE=IN
P 4 200 680 180 680 0 3 0
A 180 680 10 0 3 3 #=D9
L 175 680 10 0 8 0 1 0 LA01_CC_N
A 180 685 10 0 2 0 PINTYPE=IN
P 5 200 670 180 670 0 3 0
A 180 670 10 0 3 3 #=H7
L 175 670 10 0 8 0 1 0 LA02_P
A 180 675 10 0 2 0 PINTYPE=IN
P 6 200 660 180 660 0 3 0
A 180 660 10 0 3 3 #=H8
L 175 660 10 0 8 0 1 0 LA02_N
A 180 665 10 0 2 0 PINTYPE=IN
P 7 200 650 180 650 0 3 0
A 180 650 10 0 3 3 #=G9
L 175 650 10 0 8 0 1 0 LA03_P
A 180 655 10 0 2 0 PINTYPE=IN
P 8 200 640 180 640 0 3 0
A 180 640 10 0 3 3 #=G10
L 175 640 10 0 8 0 1 0 LA03_N
A 180 645 10 0 2 0 PINTYPE=IN
P 9 200 630 180 630 0 3 0
A 180 630 10 0 3 3 #=H10
L 175 630 10 0 8 0 1 0 LA04_P
A 180 635 10 0 2 0 PINTYPE=IN
P 10 200 620 180 620 0 3 0
A 180 620 10 0 3 3 #=H11
L 175 620 10 0 8 0 1 0 LA04_N
A 180 625 10 0 2 0 PINTYPE=IN
P 11 200 610 180 610 0 3 0
A 180 610 10 0 3 3 #=D11
L 175 610 10 0 8 0 1 0 LA05_P
A 180 615 10 0 2 0 PINTYPE=IN
P 12 200 600 180 600 0 3 0
A 180 600 10 0 3 3 #=D12
L 175 600 10 0 8 0 1 0 LA05_N
A 180 605 10 0 2 0 PINTYPE=IN
P 13 200 590 180 590 0 3 0
A 180 590 10 0 3 3 #=C10
L 175 590 10 0 8 0 1 0 LA06_P
A 180 595 10 0 2 0 PINTYPE=IN
P 14 200 580 180 580 0 3 0
A 180 580 10 0 3 3 #=C11
L 175 580 10 0 8 0 1 0 LA06_N
A 180 585 10 0 2 0 PINTYPE=IN
P 15 200 570 180 570 0 3 0
A 180 570 10 0 3 3 #=H13
L 175 570 10 0 8 0 1 0 LA07_P
A 180 575 10 0 2 0 PINTYPE=IN
P 16 200 560 180 560 0 3 0
A 180 560 10 0 3 3 #=H14
L 175 560 10 0 8 0 1 0 LA07_N
A 180 565 10 0 2 0 PINTYPE=IN
P 17 200 550 180 550 0 3 0
A 180 550 10 0 3 3 #=G12
L 175 550 10 0 8 0 1 0 LA08_P
A 180 555 10 0 2 0 PINTYPE=IN
P 18 200 540 180 540 0 3 0
A 180 540 10 0 3 3 #=G13
L 175 540 10 0 8 0 1 0 LA08_N
A 180 545 10 0 2 0 PINTYPE=IN
P 19 200 530 180 530 0 3 0
A 180 530 10 0 3 3 #=D14
L 175 530 10 0 8 0 1 0 LA09_P
A 180 535 10 0 2 0 PINTYPE=IN
P 20 200 520 180 520 0 3 0
A 180 520 10 0 3 3 #=D15
L 175 520 10 0 8 0 1 0 LA09_N
A 180 525 10 0 2 0 PINTYPE=IN
P 21 200 510 180 510 0 3 0
A 180 510 10 0 3 3 #=C14
L 175 510 10 0 8 0 1 0 LA10_P
A 180 515 10 0 2 0 PINTYPE=IN
P 22 200 500 180 500 0 3 0
A 180 500 10 0 3 3 #=C15
L 175 500 10 0 8 0 1 0 LA10_N
A 180 505 10 0 2 0 PINTYPE=IN
P 23 200 490 180 490 0 3 0
A 180 490 10 0 3 3 #=H16
L 175 490 10 0 8 0 1 0 LA11_P
A 180 495 10 0 2 0 PINTYPE=IN
P 25 200 470 180 470 0 3 0
A 180 470 10 0 3 3 #=G15
L 175 470 10 0 8 0 1 0 LA12_P
A 180 475 10 0 2 0 PINTYPE=IN
P 26 200 460 180 460 0 3 0
A 180 460 10 0 3 3 #=G16
L 175 460 10 0 8 0 1 0 LA12_N
A 180 465 10 0 2 0 PINTYPE=IN
P 27 200 450 180 450 0 3 0
A 180 450 10 0 3 3 #=D17
L 175 450 10 0 8 0 1 0 LA13_P
A 180 455 10 0 2 0 PINTYPE=IN
P 28 200 440 180 440 0 3 0
A 180 440 10 0 3 3 #=D18
L 175 440 10 0 8 0 1 0 LA13_N
A 180 445 10 0 2 0 PINTYPE=IN
P 29 200 430 180 430 0 3 0
A 180 430 10 0 3 3 #=C18
L 175 430 10 0 8 0 1 0 LA14_P
A 180 435 10 0 2 0 PINTYPE=IN
P 30 200 420 180 420 0 3 0
A 180 420 10 0 3 3 #=C19
L 175 420 10 0 8 0 1 0 LA14_N
A 180 425 10 0 2 0 PINTYPE=IN
P 31 200 410 180 410 0 3 0
A 180 410 10 0 3 3 #=H19
L 175 410 10 0 8 0 1 0 LA15_P
A 180 415 10 0 2 0 PINTYPE=IN
P 32 200 400 180 400 0 3 0
A 180 400 10 0 3 3 #=H20
L 175 400 10 0 8 0 1 0 LA15_N
A 180 405 10 0 2 0 PINTYPE=IN
P 33 200 390 180 390 0 3 0
A 180 390 10 0 3 3 #=G18
L 175 390 10 0 8 0 1 0 LA16_P
A 180 395 10 0 2 0 PINTYPE=IN
P 34 200 380 180 380 0 3 0
A 180 380 10 0 3 3 #=G19
L 175 380 10 0 8 0 1 0 LA16_N
A 180 385 10 0 2 0 PINTYPE=IN
P 35 200 370 180 370 0 3 0
A 180 370 10 0 3 3 #=D20
L 175 370 10 0 8 0 1 0 LA17_CC_P
A 180 375 10 0 2 0 PINTYPE=IN
P 36 200 360 180 360 0 3 0
A 180 360 10 0 3 3 #=D21
L 175 360 10 0 8 0 1 0 LA17_CC_N
A 180 365 10 0 2 0 PINTYPE=IN
P 37 200 350 180 350 0 3 0
A 180 350 10 0 3 3 #=C22
L 175 350 10 0 8 0 1 0 LA18_CC_P
A 180 355 10 0 2 0 PINTYPE=IN
P 38 200 340 180 340 0 3 0
A 180 340 10 0 3 3 #=C23
L 175 340 10 0 8 0 1 0 LA18_CC_N
A 180 345 10 0 2 0 PINTYPE=IN
P 39 200 330 180 330 0 3 0
A 180 330 10 0 3 3 #=H22
L 175 330 10 0 8 0 1 0 LA19_P
A 180 335 10 0 2 0 PINTYPE=IN
P 40 200 320 180 320 0 3 0
A 180 320 10 0 3 3 #=H23
L 175 320 10 0 8 0 1 0 LA19_N
A 180 325 10 0 2 0 PINTYPE=IN
P 41 200 310 180 310 0 3 0
A 180 310 10 0 3 3 #=G21
L 175 310 10 0 8 0 1 0 LA20_P
A 180 315 10 0 2 0 PINTYPE=IN
P 42 200 300 180 300 0 3 0
A 180 300 10 0 3 3 #=G22
L 175 300 10 0 8 0 1 0 LA20_N
A 180 305 10 0 2 0 PINTYPE=IN
P 43 200 290 180 290 0 3 0
A 180 290 10 0 3 3 #=H25
L 175 290 10 0 8 0 1 0 LA21_P
A 180 295 10 0 2 0 PINTYPE=IN
P 44 200 280 180 280 0 3 0
A 180 280 10 0 3 3 #=H26
L 175 280 10 0 8 0 1 0 LA21_N
A 180 285 10 0 2 0 PINTYPE=IN
P 45 200 270 180 270 0 3 0
A 180 270 10 0 3 3 #=G24
L 175 270 10 0 8 0 1 0 LA22_P
A 180 275 10 0 2 0 PINTYPE=IN
P 46 200 260 180 260 0 3 0
A 180 260 10 0 3 3 #=G25
L 175 260 10 0 8 0 1 0 LA22_N
A 180 265 10 0 2 0 PINTYPE=IN
P 47 200 250 180 250 0 3 0
A 180 250 10 0 3 3 #=D23
L 175 250 10 0 8 0 1 0 LA23_P
A 180 255 10 0 2 0 PINTYPE=IN
P 48 200 240 180 240 0 3 0
A 180 240 10 0 3 3 #=D24
L 175 240 10 0 8 0 1 0 LA23_N
A 180 245 10 0 2 0 PINTYPE=IN
P 49 200 230 180 230 0 3 0
A 180 230 10 0 3 3 #=H28
L 175 230 10 0 8 0 1 0 LA24_P
A 180 235 10 0 2 0 PINTYPE=IN
P 50 200 220 180 220 0 3 0
A 180 220 10 0 3 3 #=H29
L 175 220 10 0 8 0 1 0 LA24_N
A 180 225 10 0 2 0 PINTYPE=IN
P 51 200 210 180 210 0 3 0
L 175 210 10 0 8 0 1 0 LA25_P
A 180 210 10 0 3 3 #=G27
A 180 215 10 0 2 0 PINTYPE=IN
P 52 200 200 180 200 0 3 0
A 180 200 10 0 3 3 #=G28
L 175 200 10 0 8 0 1 0 LA25_N
A 180 205 10 0 2 0 PINTYPE=IN
P 53 200 190 180 190 0 3 0
A 180 190 10 0 3 3 #=D26
L 175 190 10 0 8 0 1 0 LA26_P
A 180 195 10 0 2 0 PINTYPE=IN
P 54 200 180 180 180 0 3 0
A 180 180 10 0 3 3 #=D27
L 175 180 10 0 8 0 1 0 LA26_N
A 180 185 10 0 2 0 PINTYPE=IN
P 55 200 170 180 170 0 3 0
A 180 170 10 0 3 3 #=C26
L 175 170 10 0 8 0 1 0 LA27_P
A 180 175 10 0 2 0 PINTYPE=IN
P 56 200 160 180 160 0 3 0
A 180 160 10 0 3 3 #=C27
L 175 160 10 0 8 0 1 0 LA27_N
A 180 165 10 0 2 0 PINTYPE=IN
P 57 200 150 180 150 0 3 0
A 180 150 10 0 3 3 #=H31
L 175 150 10 0 8 0 1 0 LA28_P
A 180 155 10 0 2 0 PINTYPE=IN
P 58 200 140 180 140 0 3 0
A 180 140 10 0 3 3 #=H32
L 175 140 10 0 8 0 1 0 LA28_N
A 180 145 10 0 2 0 PINTYPE=IN
P 59 200 130 180 130 0 3 0
A 180 130 10 0 3 3 #=G30
L 175 130 10 0 8 0 1 0 LA29_P
A 180 135 10 0 2 0 PINTYPE=IN
P 60 200 120 180 120 0 3 0
A 180 120 10 0 3 3 #=G31
L 175 120 10 0 8 0 1 0 LA29_N
A 180 125 10 0 2 0 PINTYPE=IN
P 61 200 110 180 110 0 3 0
A 180 110 10 0 3 3 #=H34
L 175 110 10 0 8 0 1 0 LA30_P
A 180 115 10 0 2 0 PINTYPE=IN
P 62 200 100 180 100 0 3 0
A 180 100 10 0 3 3 #=H35
L 175 100 10 0 8 0 1 0 LA30_N
A 180 105 10 0 2 0 PINTYPE=IN
P 63 200 90 180 90 0 3 0
A 180 90 10 0 3 3 #=G33
L 175 90 10 0 8 0 1 0 LA31_P
A 180 95 10 0 2 0 PINTYPE=IN
P 64 200 80 180 80 0 3 0
A 180 80 10 0 3 3 #=G34
L 175 80 10 0 8 0 1 0 LA31_N
A 180 85 10 0 2 0 PINTYPE=IN
P 65 200 70 180 70 0 3 0
A 180 70 10 0 3 3 #=H37
L 175 70 10 0 8 0 1 0 LA32_P
A 180 75 10 0 2 0 PINTYPE=IN
P 66 200 60 180 60 0 3 0
A 180 60 10 0 3 3 #=H38
L 175 60 10 0 8 0 1 0 LA32_N
A 180 65 10 0 2 0 PINTYPE=IN
P 67 200 50 180 50 0 3 0
A 180 50 10 0 3 3 #=G36
L 175 50 10 0 8 0 1 0 LA33_P
A 180 55 10 0 2 0 PINTYPE=IN
P 68 200 40 180 40 0 3 0
A 180 40 10 0 3 3 #=G37
L 175 40 10 0 8 0 1 0 LA33_N
A 180 45 10 0 2 0 PINTYPE=IN
b 20 20 180 730
U 20 5 16 0 3 3 REFDES=J?
E
