V 51
K 406684177500 sn74lvc1g3157
|R 18:47_11-21-12
Y 1
D 0 0 120 140
Z 10
i 13
U 0 -10 10 0 3 0 HETERO=FSA4157,(FSA4157A,FSA4157B)
U 0 -70 10 0 3 0 MANF_P/N=FSA4157L6X
U 0 -30 10 0 3 0 VALUE=FSA4157L6X
U 0 -50 10 0 3 0 PARTS=1
U 0 -60 10 0 3 0 LEVEL=STD
U 20 1 16 0 3 3 REFDES=U?
U 0 125 10 0 3 3 DEVICE=FSA4157L6X
U 85 5 10 0 3 3 PKG_TYPE=MP_6
P 6 0 70 20 70 0 2 0
L 30 55 10 0 3 0 1 0 A
A -110 70 10 0 3 0 PINTYPE=BI
A 10 70 10 0 3 3 #=3
P 1 120 100 100 100 0 3 0
L 80 85 10 0 3 0 1 0 B0
A 140 100 10 0 3 0 PINTYPE=BI
A 105 100 10 0 3 3 #=4
P 7 120 40 100 40 0 3 0
A 120 40 10 0 9 0 PINTYPE=BI
A 105 40 10 0 3 3 #=6
L 80 45 10 0 3 0 1 0 B1
P 9 60 0 60 20 0 1 0
A 60 20 10 3 1 0 PINTYPE=IN
A 65 15 10 0 1 3 #=5
L 60 25 10 0 6 0 1 0 GND
P 10 0 100 20 100 0 2 0
L 30 85 10 0 3 0 1 0 S
A 0 100 10 0 3 0 PINTYPE=IN
A 10 100 10 0 3 3 #=1
P 13 60 140 60 120 0 0 0
A 60 120 10 1 1 0 PINTYPE=IN
A 70 125 10 2 1 3 #=2
L 45 105 10 0 3 0 1 0 VCC
c 45 25 0
c 55 75 0
l 2 55 85 55 85
l 2 80 45 80 45
l 2 80 45 80 45
l 2 80 70 80 70
l 2 60 85 60 85
b 20 20 100 120
l 2 75 100 85 100
l 2 85 100 75 95
l 2 75 95 75 100
l 2 85 100 100 100
l 2 50 100 20 100
l 2 50 100 50 75
l 2 70 70 20 70
l 2 100 40 85 40
l 2 85 40 75 45
l 2 75 40 85 40
l 2 75 45 75 40
E
