V 51
K 145524130600 fssd07
|R 21:18_7-26-10
Y 1
D -30 0 130 130
Z 10
i 35
U 0 -50 10 0 3 0 MANF_P/N=FSSD07UMX
U 0 -20 10 0 3 0 MANF=FAIRCHILD
U 0 130 9 0 3 3 DEVICE=FSSD07
U 40 -10 9 0 3 3 PKG_TYPE=FSSD07_UMLP_24
U 2 -10 9 0 3 3 REFDES=U?
P 35 130 120 100 120 0 3 0
A 0 100 9 0 3 0 PINTYPE=IN
A 105 120 9 0 3 3 #=24
L 95 120 9 0 8 0 1 0 DAT_2
P 34 130 100 100 100 0 3 0
A 0 80 9 0 3 0 PINTYPE=IN
A 105 100 9 0 3 3 #=22
L 95 100 9 0 8 0 1 0 1DAT_2
P 31 130 90 100 90 0 3 0
L 95 90 9 0 8 0 1 0 1DAT_3
A 105 90 9 0 3 3 #=21
A 0 70 9 0 3 0 PINTYPE=IN
P 32 130 80 100 80 0 3 0
A 0 60 9 0 3 0 PINTYPE=IN
A 105 80 9 0 3 3 #=20
L 95 80 9 0 8 0 1 0 1CMD
P 29 130 70 100 70 0 3 0
L 95 70 9 0 8 0 1 0 VDDH1
A 105 70 9 0 3 3 #=19
A 0 50 9 0 3 0 PINTYPE=IN
P 30 130 60 100 60 0 3 0
A 0 40 9 0 3 0 PINTYPE=IN
A 105 60 9 0 3 3 #=18
L 95 60 9 0 8 0 1 0 1CLK
P 27 130 50 100 50 0 3 0
L 95 50 9 0 8 0 1 0 1DAT_0
A 105 50 9 0 3 3 #=17
A 0 30 9 0 3 0 PINTYPE=IN
P 28 130 40 100 40 0 3 0
A 0 20 9 0 3 0 PINTYPE=IN
A 105 40 9 0 3 3 #=16
L 95 40 9 0 8 0 1 0 1DAT_1
P 26 130 30 100 30 0 3 0
L 95 30 9 0 8 0 1 0 2DAT_2
A 105 30 9 0 3 3 #=15
A 0 10 9 0 3 0 PINTYPE=IN
P 12 -30 110 0 110 0 2 0
L 5 110 9 0 2 0 1 0 CMD
A -5 110 9 0 9 3 #=2
A 0 10 9 0 3 0 PINTYPE=OUT
P 13 -30 100 0 100 0 2 0
L 5 100 9 0 2 0 1 0 VDDC
A -5 100 9 0 9 3 #=3
A 0 10 9 0 3 0 PINTYPE=OUT
P 17 -30 80 0 80 0 2 0
L 5 80 9 0 2 0 1 0 CLK
A -5 80 9 0 9 3 #=5
A 0 10 9 0 3 0 PINTYPE=OUT
P 18 -30 70 0 70 0 2 0
L 5 70 9 0 2 0 1 0 DAT_0
A -5 70 9 0 9 3 #=6
A 0 10 9 0 3 0 PINTYPE=OUT
P 20 -30 60 0 60 0 2 0
L 5 60 9 0 2 0 1 0 DAT_1
A -5 60 9 0 9 3 #=7
A 0 10 9 0 3 0 PINTYPE=POWER
Q 0 5 0
P 19 -30 50 0 50 0 2 0
L 5 50 9 0 2 0 1 0 S
A -5 50 9 0 9 3 #=8
A 0 10 9 0 3 0 PINTYPE=POWER
P 15 -30 40 0 40 0 2 0
L 5 40 9 0 2 0 1 0 2DAT_1
A -5 40 9 0 9 3 #=9
A 0 10 9 0 3 0 PINTYPE=POWER
P 11 -30 120 0 120 0 2 0
L 5 120 9 0 2 0 1 0 DAT_3
A -5 120 9 0 9 3 #=1
A 0 10 9 0 3 0 PINTYPE=BI
P 14 -30 90 0 90 0 2 0
L 5 90 9 0 2 0 1 0 GND
A -5 90 9 0 9 3 #=4
A 0 10 9 0 3 0 PINTYPE=OUT
P 24 130 10 100 10 0 3 0
L 95 10 9 0 8 0 1 0 2CMD
A 105 10 9 0 3 3 #=13
A 0 -10 9 0 3 0 PINTYPE=IN
P 25 130 20 100 20 0 3 0
A 0 0 9 0 3 0 PINTYPE=IN
A 105 20 9 0 3 3 #=14
L 95 20 9 0 8 0 1 0 2DAT_3
P 16 -30 30 0 30 0 2 0
L 5 30 9 0 2 0 1 0 2DAT_0
A -5 30 9 0 9 3 #=10
A 0 10 9 0 3 0 PINTYPE=POWER
P 21 -30 20 0 20 0 2 0
A 0 0 9 0 3 0 PINTYPE=POWER
A -5 20 9 0 9 3 #=11
L 5 20 9 0 2 0 1 0 2CLK
P 22 -30 10 0 10 0 2 0
L 5 10 9 0 2 0 1 0 VDDH2
A -5 10 9 0 9 3 #=12
A 0 -10 9 0 3 0 PINTYPE=POWER
P 33 130 110 100 110 0 3 0
L 95 110 9 0 8 0 1 0 OE
A 105 110 9 0 3 3 #=23
A 0 90 9 0 3 0 PINTYPE=IN
b 0 0 100 130
E
