V 51
K 106245730100 ics87016
|R 16:54_9-14-11
Y 1
D 0 0 260 420
Z 10
i 132
U 0 -30 10 0 3 0 MANF_P/N=MANF_P/N
U 0 -20 10 0 3 0 MANF=MANF
U 0 -60 10 0 3 0 PARTS=1
U 20 0 16 0 3 3 REFDES=U?
U 220 10 10 0 3 0 VALUE=XXX
U 20 400 10 0 3 3 DEVICE=DEVICE
U 210 10 10 0 3 3 PKG_TYPE=PKG_TYPE
P 131 0 290 20 290 0 2 0
L 30 285 10 0 3 0 1 0 CLK_ENA
A 0 290 10 0 3 0 PINTYPE=IN
A 0 290 10 0 3 3 #=7
P 69 260 100 240 100 0 3 0
L 235 95 10 4 3 0 1 0 QD1
A 260 100 10 4 3 0 PINTYPE=IN
A 260 100 10 4 3 3 #=17
P 122 260 160 240 160 0 3 0
L 235 155 10 4 3 0 1 0 QC2
A 260 160 10 4 3 0 PINTYPE=IN
A 260 160 10 4 3 3 #=23
P 118 260 230 240 230 0 3 0
L 235 225 10 4 3 0 1 0 QB2
A 260 230 10 4 3 0 PINTYPE=IN
A 260 230 10 4 3 3 #=31
P 94 260 110 240 110 0 3 0
L 235 105 10 4 3 0 1 0 QD0
A 260 110 10 4 3 0 PINTYPE=IN
A 260 110 10 4 3 3 #=19
P 127 260 90 240 90 0 3 0
L 235 85 10 4 3 0 1 0 QD2
A 260 90 10 4 3 0 PINTYPE=IN
A 260 90 10 4 3 3 #=15
P 80 260 80 240 80 0 3 0
L 235 75 10 4 3 0 1 0 QD3
A 260 80 10 4 3 0 PINTYPE=IN
A 260 80 10 4 3 3 #=13
P 113 260 220 240 220 0 3 0
L 235 215 10 4 3 0 1 0 QB3
A 260 220 10 4 3 0 PINTYPE=IN
A 260 220 10 4 3 3 #=29
P 96 260 150 240 150 0 3 0
L 235 145 10 4 3 0 1 0 QC3
A 260 150 10 4 3 0 PINTYPE=IN
A 260 150 10 4 3 3 #=21
P 110 260 170 240 170 0 3 0
L 235 165 10 4 3 0 1 0 QC1
A 260 170 10 4 3 0 PINTYPE=IN
A 260 170 10 4 3 3 #=25
P 112 260 180 240 180 0 3 0
L 235 175 10 4 3 0 1 0 QC0
A 260 180 10 4 3 0 PINTYPE=IN
A 260 180 10 4 3 3 #=27
P 117 260 240 240 240 0 3 0
A 265 240 10 0 9 0 PINTYPYE=IN
A 260 240 10 0 9 3 #=33
L 220 235 10 0 3 0 1 0 QB1
P 106 260 250 240 250 0 3 0
A 265 250 10 0 9 0 PINTYPYE=IN
A 260 250 10 0 9 3 #=35
L 220 245 10 0 3 0 1 0 QB0
P 104 260 290 240 290 0 3 0
A 265 290 10 0 9 0 PINTYPYE=IN
A 260 290 10 0 9 3 #=37
L 220 285 10 0 3 0 1 0 QA3
P 107 260 300 240 300 0 3 0
A 265 300 10 0 9 0 PINTYPYE=IN
A 260 300 10 0 9 3 #=39
L 220 295 10 0 3 0 1 0 QA2
P 121 260 310 240 310 0 3 0
A 265 310 10 0 9 0 PINTYPYE=IN
A 260 310 10 0 9 3 #=41
L 220 305 10 0 3 0 1 0 QA1
P 103 260 320 240 320 0 3 0
A 265 320 10 0 9 0 PINTYPYE=IN
A 260 320 10 0 9 3 #=43
L 220 315 10 0 3 0 1 0 QA0
P 116 260 200 240 200 0 3 0
A 265 200 10 0 9 0 PINTYPYE=IN
A 260 200 10 0 9 3 #=34
L 204 195 10 0 3 0 1 0 VDDOB2
P 120 260 270 240 270 0 3 0
A 265 270 10 0 9 0 PINTYPYE=IN
A 260 270 10 0 9 3 #=42
L 205 265 10 0 3 0 1 0 VDDOA2
P 108 260 280 240 280 0 3 0
A 265 280 10 0 9 0 PINTYPYE=IN
A 260 280 10 0 9 3 #=38
L 205 275 10 0 3 0 1 0 VDDOA1
P 77 0 80 20 80 0 2 0
L 30 75 10 0 3 0 1 0 CLK_END
A 0 80 10 0 3 0 PINTYPE=IN
A 0 80 10 0 3 3 #=10
P 75 0 90 20 90 0 2 0
L 30 85 10 0 3 0 1 0 DIV_SELD
A 0 90 10 0 3 0 PINTYPE=IN
A 0 90 10 0 3 3 #=6
P 76 0 170 20 170 0 2 0
L 30 165 10 0 3 0 1 0 DIV_SELC
A 0 170 10 0 3 0 PINTYPE=IN
A 0 170 10 0 3 3 #=5
P 68 0 160 20 160 0 2 0
L 30 155 10 0 3 0 1 0 CLK_ENC
A 0 160 10 0 3 0 PINTYPE=IN
A 0 160 10 0 3 3 #=9
P 74 0 230 20 230 0 2 0
L 30 225 10 0 3 0 1 0 DIV_SELB
A 0 230 10 0 3 0 PINTYPE=IN
A 0 230 10 0 3 3 #=4
P 132 0 220 20 220 0 2 0
L 30 215 10 0 3 0 1 0 CLK_ENB
A 0 220 10 0 3 0 PINTYPE=IN
A 0 220 10 0 3 3 #=8
P 73 0 300 20 300 0 2 0
L 30 295 10 0 3 0 1 0 DIV_SELA
A 0 300 10 0 3 0 PINTYPE=IN
A 0 300 10 0 3 3 #=3
P 99 0 370 20 370 0 2 0
A -5 370 10 4 9 0 PINTYPYE=IN
A 0 370 10 4 9 3 #=47
L 50 365 10 4 3 0 1 0 CLK1
P 100 0 360 20 360 0 2 0
A -5 360 10 4 9 0 PINTYPYE=IN
A 0 360 10 4 9 3 #=46
L 60 355 10 4 3 0 1 0 CLK1_B
P 81 100 0 100 20 0 1 0
L 105 25 10 1 3 0 1 0 GND1
A 100 0 10 1 3 0 PINTYPE=IN
A 100 0 10 1 3 3 #=12
P 128 110 0 110 20 0 1 0
L 115 25 10 1 3 0 1 0 GND2
A 110 0 10 1 3 0 PINTYPE=IN
A 110 0 10 1 3 3 #=16
P 93 120 0 120 20 0 1 0
L 125 25 10 1 3 0 1 0 GND3
A 120 0 10 1 3 0 PINTYPE=IN
A 120 0 10 1 3 3 #=20
P 123 130 0 130 20 0 1 0
L 135 25 10 1 3 0 1 0 GND4
A 130 0 10 1 3 0 PINTYPE=IN
A 130 0 10 1 3 3 #=24
P 114 140 0 140 20 0 1 0
L 145 25 10 1 3 0 1 0 GND5
A 140 0 10 1 3 0 PINTYPE=IN
A 140 0 10 1 3 3 #=28
P 119 150 0 150 20 0 1 0
L 155 25 10 1 3 0 1 0 GND6
A 150 0 10 1 3 0 PINTYPE=IN
A 150 0 10 1 3 3 #=32
P 105 160 0 160 20 0 1 0
A 160 -5 10 3 9 0 PINTYPYE=IN
A 160 10 10 1 9 3 #=36
L 165 25 10 1 3 0 1 0 GND7
P 109 170 0 170 20 0 1 0
A 170 -5 10 3 9 0 PINTYPYE=IN
A 170 10 10 1 9 3 #=40
L 175 25 10 1 3 0 1 0 GND8
P 102 180 0 180 20 0 1 0
A 180 -5 10 3 9 0 PINTYPYE=IN
A 180 10 10 1 9 3 #=44
L 185 25 10 1 3 0 1 0 GND9
P 101 0 340 20 340 0 2 0
A -5 340 10 4 9 0 PINTYPYE=IN
A 0 340 10 4 9 3 #=45
L 65 335 10 4 3 0 1 0 CLK_SEL
P 79 260 70 240 70 0 3 0
L 235 65 10 4 3 0 1 0 VDDOD1
A 260 70 10 4 3 0 PINTYPE=IN
A 260 70 10 4 3 3 #=14
P 92 260 60 240 60 0 3 0
L 235 55 10 4 3 0 1 0 VDDOD2
A 260 60 10 4 3 0 PINTYPE=IN
A 260 60 10 4 3 3 #=18
P 95 260 140 240 140 0 3 0
L 235 135 10 4 3 0 1 0 VDDOC1
A 260 140 10 4 3 0 PINTYPE=IN
A 260 140 10 4 3 3 #=22
P 111 260 130 240 130 0 3 0
L 235 125 10 4 3 0 1 0 VDDOC2
A 260 130 10 4 3 0 PINTYPE=IN
A 260 130 10 4 3 3 #=26
P 115 260 210 240 210 0 3 0
L 235 205 10 4 3 0 1 0 VDDOB1
A 260 210 10 4 3 0 PINTYPE=IN
A 260 210 10 4 3 3 #=30
P 72 0 390 20 390 0 2 0
L 30 385 10 0 3 0 1 0 CLK0
A 0 390 10 0 3 0 PINTYPE=IN
A 0 390 10 0 3 3 #=2
P 78 0 320 20 320 0 2 0
L 30 315 10 0 3 0 1 0 MR_OE_B
A 0 320 10 0 3 0 PINTYPE=IN
A 0 320 10 0 3 3 #=11
P 67 150 420 150 400 0 0 0
L 155 370 10 1 3 0 1 0 VDD1
A 150 420 10 3 3 0 PINTYPE=IN
A 150 410 10 1 3 3 #=1
P 97 140 420 140 400 0 0 0
A 140 425 10 7 9 0 PINTYPYE=IN
A 140 410 10 5 9 3 #=48
L 145 370 10 1 3 0 1 0 VDD2
b 20 20 240 400
E
