V 51
K 114190578900 ics854s006i
|R 22:59_1-7-10
Y 1
D -30 0 130 150
Z 10
i 37
U 0 -20 10 0 3 0 MANF=ICS
U 0 0 9 0 3 0 DEVICE=854S006AGILFT
U 0 0 9 0 3 0 PKG_TYPE=TSSOP-24
U 7 155 9 0 3 3 REFDES=U?
U 0 -70 10 0 3 0 PRICE=11.25
U 10 -15 10 0 3 3 MANF_P/N=ICS854S006AGILFT
P 37 130 20 100 20 0 3 0
L 95 20 9 4 2 0 1 0 Q3_P
A 105 20 9 4 9 3 #=13
A 100 -90 9 4 3 0 PINTYPE=BI
P 31 130 80 100 80 0 3 0
L 95 80 9 4 2 0 1 0 Q5_P
A 105 80 9 4 9 3 #=19
A 100 -30 9 4 3 0 PINTYPE=BI
P 32 130 70 100 70 0 3 0
A 100 -40 9 4 3 0 PINTYPE=BI
A 105 70 9 4 9 3 #=18
L 95 70 9 4 2 0 1 0 GND2
P 33 130 60 100 60 0 3 0
L 95 60 9 4 2 0 1 0 Q4_N
A 105 60 9 4 9 3 #=17
A 100 -50 9 4 3 0 PINTYPE=BI
P 34 130 50 100 50 0 3 0
A 100 -60 9 4 3 0 PINTYPE=BI
A 105 50 9 4 9 3 #=16
L 95 50 9 4 2 0 1 0 Q4_P
P 30 130 90 100 90 0 3 0
A 100 -20 9 4 3 0 PINTYPE=BI
A 105 90 9 4 9 3 #=20
L 95 90 9 4 2 0 1 0 Q5_N
P 29 130 100 100 100 0 3 0
L 95 100 9 4 2 0 1 0 VDDO4
A 105 100 9 4 9 3 #=21
A 100 -10 9 4 3 0 PINTYPE=BI
P 28 130 110 100 110 0 3 0
A 100 0 9 4 3 0 PINTYPE=BI
A 105 110 9 4 9 3 #=22
L 95 110 9 4 2 0 1 0 VDD2
P 27 130 120 100 120 0 3 0
L 95 120 9 4 2 0 1 0 GND3
A 105 120 9 4 9 3 #=23
A 100 10 9 4 3 0 PINTYPE=BI
P 22 -30 20 0 20 0 2 0
L 5 20 9 0 2 0 1 0 Q2_N
A -5 20 9 0 9 3 #=12
A 0 0 9 0 3 0 PINTYPE=POWER
P 12 -30 120 0 120 0 2 0
L 5 120 9 0 2 0 1 0 CLK_P
A -5 120 9 0 9 3 #=2
A 0 20 9 0 3 0 PINTYPE=OUT
P 13 -30 110 0 110 0 2 0
L 5 110 9 0 2 0 1 0 VDD1
A -5 110 9 0 9 3 #=3
A 0 20 9 0 3 0 PINTYPE=OUT
P 14 -30 100 0 100 0 2 0
L 5 100 9 0 2 0 1 0 VDDO1
A -5 100 9 0 9 3 #=4
A 0 20 9 0 3 0 PINTYPE=OUT
P 17 -30 90 0 90 0 2 0
L 5 90 9 0 2 0 1 0 Q0_P
A -5 90 9 0 9 3 #=5
A 0 20 9 0 3 0 PINTYPE=OUT
P 18 -30 80 0 80 0 2 0
L 5 80 9 0 2 0 1 0 Q0_N
A -5 80 9 0 9 3 #=6
A 0 20 9 0 3 0 PINTYPE=OUT
P 20 -30 70 0 70 0 2 0
L 5 70 9 0 2 0 1 0 GND1
A -5 70 9 0 9 3 #=7
A 0 20 9 0 3 0 PINTYPE=POWER
Q 0 5 0
P 19 -30 60 0 60 0 2 0
L 5 60 9 0 2 0 1 0 Q1_P
A -5 60 9 0 9 3 #=8
A 0 20 9 0 3 0 PINTYPE=POWER
P 15 -30 50 0 50 0 2 0
L 5 50 9 0 2 0 1 0 Q1_N
A -5 50 9 0 9 3 #=9
A 0 20 9 0 3 0 PINTYPE=POWER
P 16 -30 40 0 40 0 2 0
L 5 40 9 0 2 0 1 0 VDDO2
A -5 40 9 0 9 3 #=10
A 0 20 9 0 3 0 PINTYPE=POWER
P 21 -30 30 0 30 0 2 0
A 0 10 9 0 3 0 PINTYPE=POWER
A -5 30 9 0 9 3 #=11
L 5 30 9 0 2 0 1 0 Q2_P
P 11 -30 130 0 130 0 2 0
L 5 130 9 0 2 0 1 0 CLK_N
A -5 130 9 0 9 3 #=1
A 0 20 9 0 3 0 PINTYPE=BI
P 26 130 130 100 130 0 3 0
A 100 20 9 4 3 0 PINTYPE=BI
A 105 130 9 4 9 3 #=24
L 95 130 9 4 2 0 1 0 GND4
P 35 130 40 100 40 0 3 0
L 95 40 9 4 2 0 1 0 VDD03
A 105 40 9 4 9 3 #=15
A 100 -70 9 4 3 0 PINTYPE=BI
P 36 130 30 100 30 0 3 0
A 100 -80 9 4 3 0 PINTYPE=BI
A 105 30 9 4 9 3 #=14
L 95 30 9 4 2 0 1 0 Q3_N
b 0 0 100 150
E
