V 51
K 229289448800 jack
|R 1:07_5-8-10
Y 1
D 0 0 140 80
Z 10
i 3
U 0 -20 10 0 3 0 MANF_P/N=105_110X_001
U 0 -10 10 0 3 0 PKG_TYPE=JACK_HORIZ_105_110X_001
U -30 -40 10 0 3 0 DEVICE=JACK_HORIZ_105_110X_001
U -30 -20 10 0 3 0 LEVEL=STD
U -30 -30 10 0 3 0 PARTS=1
c -35 45 0
P 3 90 0 90 20 0 1 0
L 100 0 10 1 3 0 0 0 P2
A 90 0 10 1 3 0 #=2
A 60 -60 10 1 3 0 PINTYPE=BI
a 100 40 99 45 90 50
Q 3 0 6
l 2 90 50 10 50
Q 3 0 6
U 120 40 16 0 2 3 REFDES=J?
l 2 20 20 20 30
Q 3 0 6
l 2 90 30 10 30
Q 3 0 6
l 2 90 20 90 30
Q 3 0 6
a 90 30 99 35 100 40
Q 3 0 6
b 10 20 110 60
c 90 30 1
Q 3 1 0
c 90 30 1
Q 3 1 0
c 20 30 1
Q 3 1 0
P 2 20 0 20 20 0 1 0
L 30 0 10 1 3 0 0 0 P1
A 20 0 10 1 3 0 #=1
A -10 -60 10 1 3 0 PINTYPE=BI
U 65 70 10 0 6 3 VALUE=JACK_HORIZ_105_110X_001
E
