V 51
K 429201302000 jc0-0019_1
Y 1
D 0 0 280 320
Z 10
i 42
U 0 -80 10 0 3 1 NC=25,26
U 0 -50 10 0 3 1 PKG_TYPE=RJ45_JC0-0019
U 0 -40 10 0 3 1 LEVEL=STD
U 0 -30 10 0 3 1 PARTS=1
U 0 -20 10 0 3 1 REFDES=P?
U 0 -10 10 0 3 1 DEVICE=RJ45_JC0-0019
U 0 -20 10 0 3 0 HETERO=JC0-0019_1,JC0-0019_2
U 0 -60 10 0 3 0 MANF_PN=JC0-0019
U 0 -70 10 0 3 0 MANF=HALO
P 2 0 200 20 200 0 2 0
Q 15 0 0
A 20 205 10 0 2 0 PINTYPE=ANALOG
A 20 200 10 0 9 3 #=1A
L 20 200 10 0 2 1 1 0 TD0_N
P 4 0 140 20 140 0 2 0
Q 15 0 0
A 20 145 10 0 2 0 PINTYPE=ANALOG
A 20 140 10 0 9 3 #=6A
L 20 140 10 0 2 1 1 0 TD2_P
P 1 0 220 20 220 0 2 0
Q 15 0 0
A 20 225 10 0 2 0 PINTYPE=ANALOG
A 20 220 10 0 9 3 #=2A
L 20 220 10 0 2 1 1 0 TD0_P
P 10 0 40 20 40 0 2 0
Q 15 0 0
A 10 45 10 0 2 0 PINTYPE=ANALOG
A 20 40 10 0 9 3 #=10A
L 20 40 10 0 2 1 1 0 GND
P 41 280 40 260 40 0 3 0
Q 15 0 0
L 260 40 10 4 2 1 1 0 SHIELD1
A 260 40 10 4 9 3 #=21
A 270 45 10 4 2 0 PINTYPE=ANALOG
P 42 280 60 260 60 0 3 0
Q 15 0 0
A 270 65 10 4 2 0 PINTYPE=ANALOG
A 260 60 10 4 9 3 #=22
L 260 60 10 4 2 1 1 0 SHIELD2
P 3 0 180 20 180 0 2 0
Q 15 0 0
A 20 185 10 0 2 0 PINTYPE=ANALOG
A 20 180 10 0 9 3 #=4A
L 20 180 10 0 2 1 1 0 TD1_P
P 6 0 160 20 160 0 2 0
Q 15 0 0
A 20 165 10 0 2 0 PINTYPE=ANALOG
A 20 160 10 0 9 3 #=3A
L 20 160 10 0 2 1 1 0 TD1_N
P 5 0 120 20 120 0 2 0
Q 15 0 0
A 20 125 10 0 2 0 PINTYPE=ANALOG
A 20 120 10 0 9 3 #=5A
L 20 120 10 0 2 1 1 0 TD2_N
P 7 0 100 20 100 0 2 0
Q 15 0 0
A 20 105 10 0 2 0 PINTYPE=ANALOG
A 20 100 10 0 9 3 #=8A
L 20 100 10 0 2 1 1 0 TD3_P
P 8 0 80 20 80 0 2 0
Q 15 0 0
A 20 85 10 0 2 0 PINTYPE=ANALOG
A 20 80 10 0 9 3 #=7A
L 20 80 10 0 2 1 1 0 TD3_N
P 9 0 60 20 60 0 2 0
Q 15 0 0
A 20 65 10 0 2 0 PINTYPE=ANALOG
A 20 60 10 0 9 3 #=9A
L 20 60 10 0 2 1 1 0 VCC
T 30 280 20 0 3 10/100/1000
T 60 260 20 0 3 RJ45 AND
T 50 240 20 0 3 MAGNETICS
b 20 20 260 300
E
