V 51
K 75512999390 ln_clock_qth_b1
|R 21:27_12-8-10
Y 1
D 0 0 340 500
Z 10
i 65
U 0 -30 10 0 3 0 MANF_P/N=QTH-060-01-H-D-A
U 0 -20 10 0 3 0 MANF=SAMTEC
U 0 -60 10 0 3 0 PARTS=1
U 0 -50 10 0 3 0 LEVEL=STD
U 0 -10 10 0 3 0 PKG_TYPE=SAMTEC_QTH_060_01_X_D_A
U 0 -70 10 0 3 0 HETERO=(LN_CLOCK_QTH_A1),(LN_CLOCK_QTH_B1)
U 0 -40 10 0 3 0 DEVICE=SAMTEC_QTH-060
U 45 480 16 0 3 3 REFDES=J?
U 225 25 10 0 3 3 VALUE=SAMTEC_QTH-060
P 61 0 155 40 155 0 2 0
L 55 150 10 0 3 0 1 0 SPARE_40
A 0 155 10 0 3 0 PINTYPE=IN
A 20 155 10 0 3 3 #=42
P 59 340 395 300 395 0 3 0
L 270 390 10 0 3 0 1 0 SCL
A 340 395 10 0 9 0 PINTYPE=IN
A 320 395 10 0 9 3 #=62
P 55 340 105 300 105 0 3 0
L 245 100 10 0 3 0 1 0 SPARE_76
A 340 105 10 0 9 0 PINTYPE=IN
A 325 105 10 0 9 3 #=120
P 56 340 115 300 115 0 3 0
L 245 110 10 0 3 0 1 0 SPARE_75
A 340 115 10 0 9 0 PINTYPE=IN
A 325 115 10 0 9 3 #=118
P 57 340 125 300 125 0 3 0
L 245 120 10 0 3 0 1 0 SPARE_74
A 340 125 10 0 9 0 PINTYPE=IN
A 325 125 10 0 9 3 #=116
P 58 340 135 300 135 0 3 0
L 245 130 10 0 3 0 1 0 SPARE_73
A 340 135 10 0 9 0 PINTYPE=IN
A 325 135 10 0 9 3 #=114
P 51 340 145 300 145 0 3 0
L 245 140 10 0 3 0 1 0 SPARE_72
A 340 145 10 0 9 0 PINTYPE=IN
A 325 145 10 0 9 3 #=112
P 52 340 155 300 155 0 3 0
L 245 150 10 0 3 0 1 0 SPARE_71
A 340 155 10 0 9 0 PINTYPE=IN
A 325 155 10 0 9 3 #=110
P 53 340 165 300 165 0 3 0
L 245 160 10 0 3 0 1 0 SPARE_70
A 340 165 10 0 9 0 PINTYPE=IN
A 325 165 10 0 9 3 #=108
P 54 340 175 300 175 0 3 0
L 245 170 10 0 3 0 1 0 SPARE_69
A 340 175 10 0 9 0 PINTYPE=IN
A 325 175 10 0 9 3 #=106
P 47 340 185 300 185 0 3 0
L 245 180 10 0 3 0 1 0 SPARE_68
A 340 185 10 0 9 0 PINTYPE=IN
A 325 185 10 0 9 3 #=104
P 48 340 195 300 195 0 3 0
L 245 190 10 0 3 0 1 0 SPARE_67
A 340 195 10 0 9 0 PINTYPE=IN
A 325 195 10 0 9 3 #=102
P 49 340 205 300 205 0 3 0
L 245 200 10 0 3 0 1 0 SPARE_66
A 340 205 10 0 9 0 PINTYPE=IN
A 325 205 10 0 9 3 #=100
P 50 340 215 300 215 0 3 0
L 245 210 10 0 3 0 1 0 SPARE_65
A 340 215 10 0 9 0 PINTYPE=IN
A 320 215 10 0 9 3 #=98
P 43 340 225 300 225 0 3 0
L 245 220 10 0 3 0 1 0 SPARE_64
A 340 225 10 0 9 0 PINTYPE=IN
A 320 225 10 0 9 3 #=96
P 44 340 235 300 235 0 3 0
L 245 230 10 0 3 0 1 0 SPARE_63
A 340 235 10 0 9 0 PINTYPE=IN
A 320 235 10 0 9 3 #=94
P 45 340 245 300 245 0 3 0
L 245 240 10 0 3 0 1 0 SPARE_62
A 340 245 10 0 9 0 PINTYPE=IN
A 320 245 10 0 9 3 #=92
P 46 340 255 300 255 0 3 0
L 245 250 10 0 3 0 1 0 SPARE_61
A 340 255 10 0 9 0 PINTYPE=IN
A 320 255 10 0 9 3 #=90
P 39 340 265 300 265 0 3 0
L 245 260 10 0 3 0 1 0 SPARE_60
A 340 265 10 0 9 0 PINTYPE=IN
A 320 265 10 0 9 3 #=88
P 40 340 275 300 275 0 3 0
L 245 270 10 0 3 0 1 0 SPARE_59
A 340 275 10 0 9 0 PINTYPE=IN
A 320 275 10 0 9 3 #=86
P 41 340 285 300 285 0 3 0
L 245 280 10 0 3 0 1 0 SPARE_58
A 340 285 10 0 9 0 PINTYPE=IN
A 320 285 10 0 9 3 #=84
P 42 340 295 300 295 0 3 0
L 245 290 10 0 3 0 1 0 SPARE_57
A 340 295 10 0 9 0 PINTYPE=IN
A 320 295 10 0 9 3 #=82
P 35 340 305 300 305 0 3 0
L 245 300 10 0 3 0 1 0 SPARE_56
A 340 305 10 0 9 0 PINTYPE=IN
A 320 305 10 0 9 3 #=80
P 36 340 315 300 315 0 3 0
L 245 310 10 0 3 0 1 0 SPARE_55
A 340 315 10 0 9 0 PINTYPE=IN
A 320 315 10 0 9 3 #=78
P 37 340 325 300 325 0 3 0
L 245 320 10 0 3 0 1 0 SPARE_54
A 340 325 10 0 9 0 PINTYPE=IN
A 320 325 10 0 9 3 #=76
P 38 340 335 300 335 0 3 0
L 245 330 10 0 3 0 1 0 SPARE_53
A 340 335 10 0 9 0 PINTYPE=IN
A 320 335 10 0 9 3 #=74
P 33 340 345 300 345 0 3 0
L 245 340 10 0 3 0 1 0 SPARE_52
A 340 345 10 0 9 0 PINTYPE=IN
A 320 345 10 0 9 3 #=72
P 34 340 355 300 355 0 3 0
L 245 350 10 0 3 0 1 0 SPARE_51
A 340 355 10 0 9 0 PINTYPE=IN
A 320 355 10 0 9 3 #=70
P 32 340 375 300 375 0 3 0
L 260 370 10 0 3 0 1 0 RESET
A 340 375 10 0 9 0 PINTYPE=IN
A 320 375 10 0 9 3 #=66
P 18 0 245 40 245 0 2 0
L 55 240 10 0 3 0 0 0 VCCOD
A 0 245 10 0 3 0 PINTYPE=IN
A 20 245 10 0 3 3 #=60
P 19 0 255 40 255 0 2 0
L 55 250 10 0 3 0 0 0 VCCOC
A 0 255 10 0 3 0 PINTYPE=IN
A 20 255 10 0 3 3 #=58
P 20 0 265 40 265 0 2 0
L 55 260 10 0 3 0 0 0 VCCOB
A 0 265 10 0 3 0 PINTYPE=IN
A 20 265 10 0 3 3 #=56
P 21 0 275 40 275 0 2 0
L 55 270 10 0 3 0 0 0 VCCOA
A 0 275 10 0 3 0 PINTYPE=IN
A 20 275 10 0 3 3 #=54
P 22 0 105 40 105 0 2 0
L 55 100 10 0 3 0 1 0 SPARE_45
A 0 105 10 0 3 0 PINTYPE=IN
A 20 105 10 0 3 3 #=52
P 23 0 115 40 115 0 2 0
L 55 110 10 0 3 0 1 0 SPARE_44
A 0 115 10 0 3 0 PINTYPE=IN
A 20 115 10 0 3 3 #=50
P 24 0 125 40 125 0 2 0
L 55 120 10 0 3 0 1 0 SPARE_43
A 0 125 10 0 3 0 PINTYPE=IN
A 20 125 10 0 3 3 #=48
P 25 0 135 40 135 0 2 0
L 55 130 10 0 3 0 1 0 SPARE_42
A 0 135 10 0 3 0 PINTYPE=IN
A 20 135 10 0 3 3 #=46
P 26 0 145 40 145 0 2 0
L 55 140 10 0 3 0 1 0 SPARE_41
A 0 145 10 0 3 0 PINTYPE=IN
A 20 145 10 0 3 3 #=44
P 27 0 365 40 365 0 2 0
L 55 360 10 0 3 0 0 0 VCC50D
A 0 365 10 0 3 0 PINTYPE=IN
A 20 365 10 0 3 3 #=40
P 28 0 375 40 375 0 2 0
L 55 370 10 0 3 0 0 0 VCC50C
A 0 375 10 0 3 0 PINTYPE=IN
A 20 375 10 0 3 3 #=38
P 29 0 385 40 385 0 2 0
L 55 380 10 0 3 0 0 0 VCC50B
A 0 385 10 0 3 0 PINTYPE=IN
A 20 385 10 0 3 3 #=36
P 30 0 395 40 395 0 2 0
L 55 390 10 0 3 0 0 0 VCC50A
A 0 395 10 0 3 0 PINTYPE=IN
A 20 395 10 0 3 3 #=34
P 9 0 165 40 165 0 2 0
L 55 160 10 0 3 0 1 0 SPARE_39
A 0 165 10 0 3 0 PINTYPE=IN
A 20 165 10 0 3 3 #=32
P 10 0 175 40 175 0 2 0
L 55 170 10 0 3 0 1 0 SPARE_38
A 0 175 10 0 3 0 PINTYPE=IN
A 20 175 10 0 3 3 #=30
P 11 0 185 40 185 0 2 0
L 55 180 10 0 3 0 1 0 SPARE_37
A 0 185 10 0 3 0 PINTYPE=IN
A 20 185 10 0 3 3 #=28
P 12 0 195 40 195 0 2 0
L 55 190 10 0 3 0 1 0 SPARE_36
A 0 195 10 0 3 0 PINTYPE=IN
A 20 195 10 0 3 3 #=26
P 13 0 285 40 285 0 2 0
L 55 280 10 0 3 0 0 0 VCC25D
A 0 285 10 0 3 0 PINTYPE=IN
A 20 285 10 0 3 3 #=24
P 14 0 295 40 295 0 2 0
L 55 290 10 0 3 0 0 0 VCC25C
A 0 295 10 0 3 0 PINTYPE=IN
A 20 295 10 0 3 3 #=22
P 15 0 305 40 305 0 2 0
L 55 300 10 0 3 0 0 0 VCC25B
A 0 305 10 0 3 0 PINTYPE=IN
A 20 305 10 0 3 3 #=20
P 16 0 315 40 315 0 2 0
L 55 310 10 0 3 0 0 0 VCC25A
A 0 315 10 0 3 0 PINTYPE=IN
A 20 315 10 0 3 3 #=18
P 5 0 205 40 205 0 2 0
L 55 200 10 0 3 0 1 0 SPARE_35
A 0 205 10 0 3 0 PINTYPE=IN
A 20 205 10 0 3 3 #=16
P 6 0 215 40 215 0 2 0
L 55 210 10 0 3 0 1 0 SPARE_34
A 0 215 10 0 3 0 PINTYPE=IN
A 20 215 10 0 3 3 #=14
P 7 0 225 40 225 0 2 0
L 55 220 10 0 3 0 1 0 SPARE_33
A 0 225 10 0 3 0 PINTYPE=IN
A 20 225 10 0 3 3 #=12
P 8 0 235 40 235 0 2 0
L 55 230 10 0 3 0 1 0 SPARE_32
A 0 235 10 0 3 0 PINTYPE=IN
A 20 235 10 0 3 3 #=10
P 4 0 335 40 335 0 2 0
L 55 330 10 0 3 0 0 0 VCC33C
A 0 335 10 0 3 0 PINTYPE=IN
A 25 335 10 0 3 3 #=6
P 2 0 345 40 345 0 2 0
L 55 340 10 0 3 0 0 0 VCC33B
A 0 345 10 0 3 0 PINTYPE=IN
A 25 345 10 0 3 3 #=4
P 3 0 325 40 325 0 2 0
L 55 320 10 0 3 0 0 0 VCC33D
A 0 325 7 0 3 0 PINTYPE=IN
A 25 325 10 0 3 3 #=8
P 31 340 385 300 385 0 3 0
L 270 380 10 0 3 0 1 0 SDA
A 340 385 10 0 9 0 PINTYPE=IN
A 320 385 10 0 9 3 #=64
P 63 160 0 160 40 0 1 0
L 165 55 10 1 3 0 0 0 GND4
A 160 40 10 3 1 0 PINTYPE=IN
A 150 10 10 1 1 3 #=124
P 64 180 0 180 40 0 1 0
L 185 55 10 1 3 0 0 0 GND6
A 180 40 10 3 1 0 PINTYPE=IN
A 170 10 10 1 1 3 #=126
P 60 340 365 300 365 0 3 0
L 245 360 10 0 3 0 1 0 SPARE_50
A 340 365 10 0 9 0 PINTYPE=IN
A 320 365 10 0 9 3 #=68
P 62 140 0 140 40 0 1 0
L 145 55 10 1 3 0 0 0 GND2
A 140 40 10 3 1 0 PINTYPE=IN
A 130 10 10 1 1 3 #=122
P 65 200 0 200 40 0 1 0
L 205 55 10 1 3 0 0 0 GND8
A 200 40 10 3 1 0 PINTYPE=IN
A 190 10 10 1 1 3 #=128
P 1 0 355 40 355 0 2 0
L 55 350 10 0 3 0 0 0 VCC33A
A 0 355 10 0 3 0 PINTYPE=IN
A 25 355 10 0 3 3 #=2
T 55 240 10 0 3 VCCO
Q 15 0 0
T 55 250 10 0 3 VCCO
Q 15 0 0
T 55 260 10 0 3 VCCO
Q 15 0 0
T 55 290 10 0 3 VCC2V5
Q 15 0 0
T 55 300 10 0 3 VCC2V5
Q 15 0 0
T 55 320 10 0 3 VCC3V3
Q 15 0 0
T 55 330 10 0 3 VCC3V3
Q 15 0 0
T 55 340 10 0 3 VCC3V3
Q 15 0 0
T 55 360 10 0 3 VCC5
Q 15 0 0
T 55 370 10 0 3 VCC5
Q 15 0 0
T 55 380 10 0 3 VCC5
Q 15 0 0
T 205 50 10 1 3 GND
Q 15 0 0
T 185 50 10 1 3 GND
Q 15 0 0
T 165 50 10 1 3 GND
Q 15 0 0
l 2 60 470 40 465
l 2 120 465 100 470
l 2 140 470 120 465
l 2 160 465 140 470
l 2 180 470 160 465
l 2 200 465 180 470
l 2 220 470 200 465
l 2 240 465 220 470
l 2 260 470 240 465
l 2 280 465 260 470
l 2 300 470 280 465
l 2 80 465 60 470
l 2 100 470 80 465
l 2 300 470 300 40
T 145 50 10 1 3 GND
Q 15 0 0
T 55 390 10 0 3 VCC5
Q 15 0 0
T 55 350 10 0 3 VCC3V3
Q 15 0 0
T 55 310 10 0 3 VCC2V5
Q 15 0 0
T 55 280 10 0 3 VCC2V5
Q 15 0 0
T 55 270 10 0 3 VCCO
Q 15 0 0
l 2 40 60 40 465
l 2 60 40 300 40
l 2 60 40 40 60
T 170 445 10 0 6 QTH 120-PIN CONNECTOR
Q 14 0 0
T 169 430 10 0 6 SUPERCLOCK-2 MODULE - B1
Q 14 0 0
E
