V 53
K 198885975600 lt3080
F Case
|R 1:01_9-10-10
Y 1
D 0 0 160 200
Z 10
i 51
U 0 -20 10 0 3 0 MANF=LINEAR TECHNOLOGY
U 0 -30 10 0 3 0 MANF_P/N=LT3080EMS8E_PBF
U 0 -10 10 0 3 0 VALUE=LT3080
U -190 -40 10 0 3 0 LEVEL=STD
U -190 -50 10 0 3 0 PARTS=1
U 105 5 12 0 3 3 PKG_TYPE=MSOP8
U 20 180 12 0 3 3 DEVICE=LT3080
P 20 0 120 20 120 0 2 0
A -30 110 10 0 9 0 PINTYPE=IN
A 15 120 10 0 9 3 #=5
L 30 120 10 0 2 0 1 0 VC
P 50 0 40 20 40 0 2 0
L 30 40 10 0 2 0 1 0 SET
A 15 40 10 0 9 3 #=4
A -30 30 10 0 9 0 PINTYPE=IN
P 38 160 140 140 140 0 3 0
A 145 140 10 0 3 3 #=2
A 200 135 10 0 3 0 PINTYPE=OUT
L 135 140 10 0 8 0 1 0 OUT2
P 19 160 160 140 160 0 3 0
A 145 160 10 0 3 3 #=1
A 200 155 10 0 3 0 PINTYPE=OUT
L 135 160 10 0 8 0 1 0 OUT1
P 22 0 80 20 80 0 2 0
L 30 80 10 0 2 1 1 0 NC
A 15 80 10 0 9 3 #=6
A -30 70 10 0 9 0 PINTYPE=BI
P 18 0 140 20 140 0 2 0
L 30 140 10 0 2 0 1 0 IN2
A 15 140 10 0 9 3 #=7
A -30 130 10 0 9 0 PINTYPE=IN
P 49 0 160 20 160 0 2 0
A -30 150 10 0 9 0 PINTYPE=IN
A 15 160 10 0 9 3 #=8
L 30 160 10 0 2 0 1 0 IN1
P 51 160 40 140 40 0 3 0
L 135 40 10 0 8 0 1 0 CASE
A 145 40 10 0 3 3 #=9
A 200 35 10 0 3 0 PINTYPE=OUT
U 20 0 16 0 3 3 REFDES=U?
P 40 160 120 140 120 0 3 0
L 135 120 10 0 8 0 1 0 OUT3
A 145 120 10 0 3 3 #=3
A 200 115 10 0 3 0 PINTYPE=OUT
b 20 20 140 180
E
