V 51
K 19873177490 sn74avc2t245_fixed
|R 17:09_10-6-11
Y 1
D 0 0 160 240
Z 10
i 51
U 0 -20 10 0 3 0 MANF_P/N=LTC2802CDE#PBF
U 20 225 10 0 3 0 VALUE=LTC2802
U 35 0 16 0 3 3 REFDES=U?
U 115 5 10 0 3 3 PKG_TYPE=TBD
U 20 225 10 0 3 3 DEVICE=LTC2802
P 43 160 45 160 45 0 3 0
A 180 40 10 0 9 0 PINTYPE=IN
l 2 84 79 92 79
l 2 86 79 89 93
c 63 85 2
l 2 100 65 100 105
l 2 65 100 100 120
l 2 100 120 65 140
l 2 65 100 65 140
l 2 65 85 100 105
l 2 92 79 95 93
l 2 89 93 97 93
c 102 120 2
l 2 100 65 65 85
b 20 20 140 220
P 41 160 205 140 205 0 3 0
L 125 200 10 0 3 1 1 0 SW
A 160 205 10 0 9 0 PINTYPE=IN
A 145 205 10 0 3 3 #=5
P 23 160 85 100 85 0 3 0
L 120 85 10 0 3 0 1 0 RIN
A 130 85 10 0 9 0 PINTYPE=BI
A 145 85 10 0 3 3 #=1
P 47 160 60 140 60 0 3 0
L 120 55 10 0 3 0 1 0 VDD
A 170 60 10 0 9 0 PINTYPE=BI
A 145 60 10 0 3 3 #=4
P 50 160 40 140 40 0 3 0
L 120 35 10 0 3 0 1 0 VEE
A 170 40 10 0 9 0 PINTYPE=BI
A 145 40 10 0 3 3 #=13
P 51 0 40 20 40 0 2 0
L 25 35 10 0 3 0 1 0 GND
A -20 40 10 0 3 0 PINTYPE=BI
A 15 40 10 0 9 3 #=6
P 46 0 85 61 85 0 2 0
L 25 85 10 0 3 0 1 0 ROUT
A 41 85 10 0 3 0 PINTYPE=IN
A 16 85 10 0 9 3 #=12
P 44 0 120 65 120 0 2 0
L 25 120 10 0 3 0 1 0 TIN
A 45 120 10 0 3 0 PINTYPE=IN
A 15 120 10 0 9 3 #=11
P 25 0 145 20 145 0 2 0
L 25 140 10 0 3 0 1 0 MODE
A -20 145 10 0 3 0 PINTYPE=BI
A 15 145 10 0 9 3 #=9
P 26 0 165 20 165 0 2 0
A -40 160 10 0 3 0 PINTYPE=IN
A 15 165 10 0 9 3 #=8
L 25 160 10 0 3 0 1 0 PS
P 24 0 185 20 185 0 2 0
L 25 180 10 0 3 0 1 0 VL
A -20 185 10 0 3 0 PINTYPE=BI
A 15 185 10 0 9 3 #=10
P 40 0 205 20 205 0 2 0
A -40 205 10 0 3 0 PINTYPE=IN
A 15 205 10 0 9 3 #=3
L 25 200 10 0 3 1 1 0 VCC
P 42 160 120 104 120 0 3 0
L 114 120 10 0 3 0 1 0 TOUT
A 124 120 10 0 9 0 PINTYPE=IN
A 144 120 10 0 3 3 #=2
P 27 160 145 140 145 0 3 0
L 120 140 10 0 3 0 1 0 CAP
A 170 145 10 0 9 0 PINTYPE=BI
A 145 145 10 0 3 3 #=7
E
