V 51
K 157052706500 m24c01
|R 21:08_10-16-11
Y 1
D -30 0 70 90
Z 10
i 8
U 0 -10 10 0 3 0 MANF_P/N=M24C02-RMN6TP
U 0 1 9 0 3 0 VALUE=M24C02-R
U 20 0 10 0 3 3 PKG_TYPE=TBD
U -10 -4 16 0 3 3 REFDES=U?
P 1 -30 70 -10 70 0 2 0
L -5 70 9 0 2 0 1 0 SCL
A -15 70 10 0 9 3 #=6
A -10 10 9 0 3 0 PINTYPE=OUT
P 2 -30 60 -10 60 0 2 0
L -5 60 9 0 2 0 1 0 SDA
A -15 60 10 0 9 3 #=5
A -10 10 9 0 3 0 PINTYPE=BI
P 3 -30 40 -10 40 0 2 0
L -5 40 9 0 2 0 1 0 E0
A -15 40 10 0 9 3 #=1
A -10 10 9 0 3 0 PINTYPE=OUT
P 4 -30 30 -10 30 0 2 0
L -5 30 9 0 2 0 1 0 E1
A -15 30 10 0 9 3 #=2
A -10 10 9 0 3 0 PINTYPE=OUT
P 5 -30 20 -10 20 0 2 0
L -5 20 9 0 2 0 1 0 E2
A -15 20 10 0 9 3 #=3
A -10 10 9 0 3 0 PINTYPE=OUT
P 6 70 60 50 60 0 3 0
L 45 60 9 0 8 0 1 0 WC_B
A 55 60 10 0 3 3 #=7
A -10 10 9 0 3 0 PINTYPE=OUT
P 7 70 30 50 30 0 3 0
L 45 30 9 0 8 0 1 0 VCC
A 55 30 10 0 3 3 #=8
A -10 10 9 0 3 0 PINTYPE=POWER
P 8 70 20 50 20 0 3 0
L 45 20 9 0 8 0 1 0 GND
A 55 20 10 0 3 3 #=4
A -10 10 9 0 3 0 PINTYPE=POWER
U -10 80 10 0 3 3 DEVICE=M24C02-R
b -10 10 50 80
E
