V 51
K 19873177490 sn74avc2t245_fixed
|R 19:18_11-11-11
Y 1
D 0 0 160 280
Z 10
i 61
U 0 -20 10 0 3 0 MANF_P/N=XXXX
U 20 225 10 0 3 0 VALUE=MAX3221
U 35 0 16 0 3 3 REFDES=U?
U 115 5 10 0 3 3 PKG_TYPE=XXXX
P 41 160 185 140 185 0 3 0
A 145 185 10 0 3 3 #=3
A 160 185 10 0 9 0 PINTYPE=IN
L 135 180 10 0 9 1 1 0 V_P
P 55 0 35 20 35 0 2 0
L 25 35 10 0 3 0 1 0 EN_B
A -20 35 10 0 3 0 PINTYPE=BI
A 15 35 10 0 9 3 #=1
P 53 0 180 20 180 0 2 0
L 25 175 10 0 3 0 1 0 C2_P
A -20 180 10 0 3 0 PINTYPE=BI
A 15 180 10 0 9 3 #=5
P 23 160 55 100 55 0 3 0
L 135 55 10 0 9 0 1 0 R_IN
A 130 55 10 0 9 0 PINTYPE=BI
A 145 55 10 0 3 3 #=8
P 46 0 55 61 55 0 2 0
L 25 55 10 0 3 0 1 0 R_OUT
A 41 55 10 0 3 0 PINTYPE=IN
A 16 55 10 0 9 3 #=9
P 44 0 90 65 90 0 2 0
L 25 90 10 0 3 0 1 0 T_IN
A 45 90 10 0 3 0 PINTYPE=IN
A 15 90 10 0 9 3 #=11
P 50 160 35 140 35 0 3 0
L 135 30 10 0 9 0 1 0 GND
A 170 35 10 0 9 0 PINTYPE=BI
A 145 35 10 0 3 3 #=14
P 52 0 190 20 190 0 2 0
L 25 185 10 0 3 0 1 0 C1_N
A -20 190 10 0 3 0 PINTYPE=BI
A 15 190 10 0 9 3 #=4
P 57 160 90 105 90 0 3 0
L 135 90 10 0 9 0 1 0 T_OUT
A 135 90 10 0 9 0 PINTYPE=BI
A 145 90 10 0 3 3 #=13
P 54 0 135 20 135 0 2 0
L 25 130 10 0 3 0 1 0 C2_N
A -20 135 10 0 3 0 PINTYPE=BI
A 15 135 10 0 9 3 #=6
P 40 0 245 20 245 0 2 0
A -40 245 10 0 3 0 PINTYPE=IN
A 15 245 10 0 9 3 #=15
L 25 240 10 0 3 1 1 0 VCC
P 24 0 235 20 235 0 2 0
L 25 230 10 0 3 0 1 0 C1_P
A -20 235 10 0 3 0 PINTYPE=BI
A 15 235 10 0 9 3 #=2
P 56 160 165 140 165 0 3 0
A 145 165 10 0 3 3 #=7
A 160 165 10 0 9 0 PINTYPE=IN
L 135 160 10 0 9 0 1 0 V_N
P 60 160 225 140 225 0 3 0
A 145 225 10 0 3 3 #=16
A 160 225 10 0 9 0 PINTYPE=IN
L 135 220 10 0 9 0 1 0 FORCEOFF_B
P 61 160 205 140 205 0 3 0
A 145 205 10 0 3 3 #=12
A 160 205 10 0 9 0 PINTYPE=IN
L 135 200 10 0 9 0 1 0 FORCEON
P 59 160 245 140 245 0 3 0
A 145 245 10 0 3 3 #=10
A 160 245 10 0 9 0 PINTYPE=IN
L 135 240 10 0 9 0 1 0 INVALID_B
c 63 55 2
l 2 100 35 100 75
l 2 100 90 65 110
l 2 65 70 65 110
l 2 65 55 100 75
l 2 100 35 65 55
l 2 65 70 100 90
c 102 90 2
l 2 104 90 105 90
Q 3 0 0
l 2 79 35 20 35
Q 3 0 0
l 2 79 47 79 35
Q 3 0 0
b 20 20 140 260
U 25 265 10 0 3 3 DEVICE=MAX3221
E
