V 51
K 158513731500 mech_nut_4-40
|R 1:30_1-27-11
Y 1
D 0 0 50 40
Z 10
i 151
U 0 -100 10 0 3 0 CLASS=MECHANICAL
U 0 -70 10 0 3 0 MANF_P/N=ANY
U 0 -60 10 0 3 0 MANF=ANY
U 0 -30 10 0 3 0 PARTS=1
U 0 -20 10 0 3 0 LEVEL=STD
U -15 -10 10 0 3 0 DIST=ANY
Q 0 5 0
U 0 -30 10 0 3 0 DIST_P/N=ANY
Q 0 5 0
U -10 -10 10 0 3 0 DEVICE=XXXXXXXX
Q 14 5 0
l 2 17 17 17 16
l 2 41 16 42 16
l 2 8 17 8 9
l 2 7 9 8 9
l 2 7 17 7 9
l 2 32 17 32 9
l 2 45 23 45 28
l 2 35 18 35 23
l 2 4 18 2 17
l 2 45 23 47 23
l 2 45 23 35 18
l 2 9 28 30 28
a 35 23 34 25 30 28
l 2 9 28 19 33
l 2 19 33 40 33
a 9 28 5 25 4 23
a 45 28 43 32 40 33
l 2 4 18 4 23
l 2 31 9 32 9
l 2 31 17 31 9
l 2 17 16 18 16
l 2 2 17 36 17
l 2 35 18 4 18
l 2 18 17 18 16
l 2 42 20 42 16
l 2 41 19 41 16
l 2 47 23 36 17
U 25 -4 10 0 5 3 VALUE=XXXXXXXX
U 29 40 16 0 6 3 REFDES=MN?
E
