V 51
K 326687955600 mech_standoff_thread
|R 21:35_5-10-10
Y 1
D 0 0 60 80
Z 10
i 0
U 0 -30 10 0 3 0 DEVICE=STANDOFF_1892
U 0 -20 10 0 3 0 MANF=XXXXX
U 0 -10 10 0 3 0 MANF_P/N=XXXXXXX
U -45 135 10 0 3 0 PARTS=1
U -45 125 10 0 3 0 LEVEL=STD
U -45 115 10 0 3 0 CLASS=MECHANICAL
U 14 63 16 0 3 3 REFDES=MSO?
b 25 5 35 10
b 25 6 35 11
b 25 7 35 12
a 20 55 29 53 40 55
a 20 58 19 56 20 55
a 40 58 29 60 20 58
a 40 55 41 56 40 58
l 2 38 14 38 51
l 2 22 51 22 14
l 2 16 19 16 56
l 2 22 14 16 19
l 2 38 14 22 14
l 2 38 14 44 19
l 2 22 62 16 56
l 2 38 62 22 62
l 2 38 51 44 56
l 2 38 51 22 51
l 2 22 51 16 56
l 2 38 62 44 56
l 2 44 19 44 56
b 25 9 35 14
b 25 8 35 13
U 0 -10 10 0 3 3 VALUE=XXXXXXXXXX
E
