V 53
K 316940380100 nc7sv125_sc70
F Case
|R 22:36_9-8-10
Y 1
D 0 0 120 100
Z 10
i 33
U 0 -70 10 0 3 0 MANF_P/N=NC7SZ125L6X
U 0 -60 10 0 3 0 VALUE=NC7SZ125L6X
U 0 -40 10 0 3 0 PARTS=1
U 0 -30 10 0 3 0 LEVEL=STD
P 2 0 50 20 50 0 2 0
A 30 55 10 0 2 0 PINTYPE=IN
A 15 50 10 0 9 3 #=2
L 25 55 10 0 2 0 1 0 A
P 31 120 20 100 20 0 3 0
L 80 15 10 0 3 0 1 0 GND
A 120 20 10 0 9 0 PINTYPE=IN
A 110 20 10 0 9 3 #=3
P 32 120 80 100 80 0 3 0
L 85 75 10 0 3 0 1 0 NC
A 120 80 10 0 9 0 PINTYPE=IN
A 110 80 10 0 9 3 #=5
P 19 0 20 20 20 0 2 0
L 25 20 10 0 3 0 1 0 OE_B
A 0 20 10 0 3 0 PINTYPE=IN
A 10 20 10 0 3 3 #=1
P 3 120 50 100 50 0 3 0
A 100 60 10 0 2 0 PINTYPE=OUT
A 105 50 10 0 3 3 #=4
L 95 55 10 0 8 0 1 0 Y
l 2 50 65 50 35
Q 14 0 0
l 2 80 50 50 65
Q 14 0 0
c 65 37 5
Q 14 0 0
l 2 50 35 80 50
Q 14 0 0
l 2 65 20 65 32
Q 14 0 0
l 2 50 50 20 50
Q 14 0 0
l 2 100 50 80 50
Q 14 0 0
l 2 20 20 65 20
Q 14 0 0
b 20 10 100 90
P 27 0 80 20 80 0 2 0
L 40 85 10 2 3 0 1 0 VCC
A 20 80 10 2 1 0 PINTYPE=IN
A 10 90 10 0 1 3 #=6
U 25 0 10 0 3 3 REFDES=U?
U 75 0 10 0 3 3 PKG_TYPE=MP-6
U 20 90 10 0 3 3 DEVICE=NC7SZ125L6X
E
