V 51
K 408375527900 ntjs3151pt1g
|R 16:44_9-9-11
Y 1
D 0 0 100 140
Z 10
i 30
U 0 -70 10 0 3 0 PART_TYPE=IC
U 0 -50 10 0 3 0 DIST=DIGIKEY
U 0 -40 10 0 3 0 DATASHEET
P 30 100 40 80 40 0 3 0
L 70 35 10 0 3 0 1 0 S
A 100 40 10 0 9 0 PINTYPE=IN
A 90 40 10 0 9 3 #=4
P 28 100 100 80 100 0 3 0
L 63 100 10 0 3 0 1 0 D4
A 90 100 10 0 9 0 PINTYPE=OUT
A 90 100 10 0 9 3 #=6
P 29 0 100 20 100 0 2 0
L 29 101 10 0 3 0 1 0 D1
A 10 100 10 0 3 0 PINTYPE=IN
A 10 100 10 0 3 3 #=1
P 3 100 70 80 70 0 3 0
A 80 80 10 0 2 0 PINTYPE=OUT
A 85 70 10 0 3 3 #=5
L 74 74 10 0 8 0 1 0 D3
c 76 100 1
Q 9 0 0
c 53 100 1
Q 9 0 0
l 2 53 77 53 100
Q 9 0 0
l 2 53 100 52 100
Q 9 0 0
l 2 52 100 28 100
Q 9 0 0
l 2 28 100 28 70
Q 9 0 0
l 2 28 70 25 70
Q 9 0 0
l 2 53 50 53 40
Q 9 0 0
l 2 32 40 32 58
Q 9 0 0
l 2 32 58 38 58
Q 9 0 0
l 2 41 48 41 68
Q 9 0 0
l 2 42 48 42 68
Q 9 0 0
l 2 42 48 42 68
Q 9 0 0
l 2 53 50 42 50
Q 9 0 0
l 2 38 68 38 48
Q 9 0 0
l 4 58 61 68 61 63 56 58 61
Q 9 0 0
l 2 58 56 68 56
Q 9 0 0
l 2 63 68 63 61
Q 9 0 0
l 2 63 48 63 56
Q 9 0 0
l 2 63 48 53 48
Q 9 0 0
c 53 48 1
Q 9 0 0
l 2 20 120 80 120
l 2 20 20 20 120
l 2 80 20 20 20
P 2 0 70 25 70 0 2 0
A 35 75 10 0 2 0 PINTYPE=IN
A 15 70 10 0 9 3 #=2
L 29 75 10 0 2 0 1 0 D2
l 5 53 58 53 58 48 60 48 56 53 58
Q 9 0 0
l 2 42 58 48 58
Q 9 0 0
l 2 53 66 42 66
Q 9 0 0
l 2 53 58 53 78
Q 9 0 0
l 2 63 68 53 68
Q 9 0 0
c 53 68 1
Q 9 0 0
P 19 0 40 25 40 0 2 0
L 25 40 10 0 3 0 1 0 G
A 5 40 10 0 3 0 PINTYPE=IN
A 10 40 10 0 3 3 #=3
l 2 80 120 80 20
l 2 76 100 76 70
Q 9 0 0
l 2 76 70 80 70
Q 9 0 0
l 2 20 100 28 100
Q 9 0 0
l 2 53 100 80 100
Q 9 0 0
l 2 53 40 80 40
Q 9 0 0
l 2 25 40 32 40
Q 9 0 0
U 62 8 10 0 3 3 POWER=POWER
U 20 3 16 0 3 3 REFDES=U?
U 20 119 10 0 3 0 DEVICE=NC7SV125L6X
U 20 119 10 0 3 3 VALUE=VALUE
E
