V 51
K 211843172800 pcie_a
Y 1
D 0 0 350 680
Z 10
i 946
U 0 -10 10 0 3 3 REFDES=P?
U 0 -30 10 0 3 1 DEVICE=PCI_E
U 0 -40 10 0 3 1 PKG_TYPE=CON_PCI-E_164
U 0 -50 10 0 3 1 PARTS=1
U 0 -60 10 0 3 1 LEVEL=STD
U 350 -50 10 0 3 0 HETERO=PCIE_A,PCIE_B
U 0 -60 10 0 3 0 MANF_PN=4-1775801-6
U 0 -70 10 0 3 0 MANF=TYCO
P 10 0 460 50 460 0 2 0
A 45 460 10 0 9 3 #=A10
L 55 460 10 0 2 1 1 0 10A_3v3
A -5 460 10 0 8 0 PINTYPE=BI
P 11 0 450 50 450 0 2 0
A 45 450 10 0 9 3 #=A11
L 55 450 10 0 2 1 1 0 11A_PERST_N
A -5 450 10 0 8 0 PINTYPE=BI
P 12 0 440 50 440 0 2 0
A 45 440 10 0 9 3 #=A12
L 55 440 10 0 2 1 1 0 12A_GND
A -5 440 10 0 8 0 PINTYPE=BI
P 13 0 430 50 430 0 2 0
A 45 430 10 0 9 3 #=A13
L 55 430 10 0 2 1 1 0 13A_REFCLKP
A -5 430 10 0 8 0 PINTYPE=BI
P 14 0 420 50 420 0 2 0
A 45 420 10 0 9 3 #=A14
L 55 420 10 0 2 1 1 0 14A_REFCLKN
A -5 420 10 0 8 0 PINTYPE=BI
P 15 0 410 50 410 0 2 0
A 45 410 10 0 9 3 #=A15
L 55 410 10 0 2 1 1 0 15A_GND
A -5 410 10 0 8 0 PINTYPE=BI
P 16 0 400 50 400 0 2 0
A 45 400 10 0 9 3 #=A16
L 55 400 10 0 2 1 1 0 16A_HSIp0
A -5 400 10 0 8 0 PINTYPE=BI
P 17 0 390 50 390 0 2 0
A 45 390 10 0 9 3 #=A17
L 55 390 10 0 2 1 1 0 17A_HSIn0
A -5 390 10 0 8 0 PINTYPE=BI
P 18 0 380 50 380 0 2 0
A 45 380 10 0 9 3 #=A18
L 55 380 10 0 2 1 1 0 18A_GND
A -5 380 10 0 8 0 PINTYPE=BI
P 19 0 370 50 370 0 2 0
A 45 370 10 0 9 3 #=A19
L 55 370 10 0 2 1 1 0 19A_RSVD
A -5 370 10 0 8 0 PINTYPE=BI
P 1 0 550 50 550 0 2 0
A 45 550 10 0 9 3 #=A1
L 55 550 10 0 2 1 1 0 1A_PRSNT1_N
A -5 550 10 0 8 0 PINTYPE=BI
P 20 0 360 50 360 0 2 0
A 45 360 10 0 9 3 #=A20
L 55 360 10 0 2 1 1 0 20A_GND
A -5 360 10 0 8 0 PINTYPE=BI
P 21 0 350 50 350 0 2 0
A 45 350 10 0 9 3 #=A21
L 55 350 10 0 2 1 1 0 21A_HSIp1
A -5 350 10 0 8 0 PINTYPE=BI
P 22 0 340 50 340 0 2 0
A 45 340 10 0 9 3 #=A22
L 55 340 10 0 2 1 1 0 22A_HSIn1
A -5 340 10 0 8 0 PINTYPE=BI
P 23 0 330 50 330 0 2 0
A 45 330 10 0 9 3 #=A23
L 55 330 10 0 2 1 1 0 23A_GND
A -5 330 10 0 8 0 PINTYPE=BI
P 24 0 320 50 320 0 2 0
A 45 320 10 0 9 3 #=A24
L 55 320 10 0 2 1 1 0 24A_GND
A -5 320 10 0 8 0 PINTYPE=BI
P 25 0 310 50 310 0 2 0
A 45 310 10 0 9 3 #=A25
L 55 310 10 0 2 1 1 0 25A_HSIp2
A -5 310 10 0 8 0 PINTYPE=BI
P 26 0 300 50 300 0 2 0
A 45 300 10 0 9 3 #=A26
L 55 300 10 0 2 1 1 0 26A_HSIn2
A -5 300 10 0 8 0 PINTYPE=BI
P 27 0 290 50 290 0 2 0
A 45 290 10 0 9 3 #=A27
L 55 290 10 0 2 1 1 0 27A_GND
A -5 290 10 0 8 0 PINTYPE=BI
P 28 0 280 50 280 0 2 0
A 45 280 10 0 9 3 #=A28
L 55 280 10 0 2 1 1 0 28A_GND
A -5 280 10 0 8 0 PINTYPE=BI
P 29 0 270 50 270 0 2 0
A 45 270 10 0 9 3 #=A29
L 55 270 10 0 2 1 1 0 29A_HSIp3
A -5 270 10 0 8 0 PINTYPE=BI
P 2 0 540 50 540 0 2 0
A 45 540 10 0 9 3 #=A2
L 55 540 10 0 2 1 1 0 2A_12v
A -5 540 10 0 8 0 PINTYPE=BI
P 30 0 260 50 260 0 2 0
A 45 260 10 0 9 3 #=A30
L 55 260 10 0 2 1 1 0 30A_HSIn3
A -5 260 10 0 8 0 PINTYPE=BI
P 31 0 250 50 250 0 2 0
A 45 250 10 0 9 3 #=A31
L 55 250 10 0 2 1 1 0 31A_GND
A -5 250 10 0 8 0 PINTYPE=BI
P 32 0 240 50 240 0 2 0
A 45 240 10 0 9 3 #=A32
L 55 240 10 0 2 1 1 0 32A_RSVD
A -5 240 10 0 8 0 PINTYPE=BI
P 33 0 230 50 230 0 2 0
A 45 230 10 0 9 3 #=A33
L 55 230 10 0 2 1 1 0 33A_RSVD
A -5 230 10 0 8 0 PINTYPE=BI
P 34 0 220 50 220 0 2 0
A 45 220 10 0 9 3 #=A34
L 55 220 10 0 2 1 1 0 34A_GND
A -5 220 10 0 8 0 PINTYPE=BI
P 35 0 210 50 210 0 2 0
A 45 210 10 0 9 3 #=A35
L 55 210 10 0 2 1 1 0 35A_HSIp4
A -5 210 10 0 8 0 PINTYPE=BI
P 36 0 200 50 200 0 2 0
A 45 200 10 0 9 3 #=A36
L 55 200 10 0 2 1 1 0 36A_HSIn4
A -5 200 10 0 8 0 PINTYPE=BI
P 37 0 190 50 190 0 2 0
A 45 190 10 0 9 3 #=A37
L 55 190 10 0 2 1 1 0 37A_GND
A -5 190 10 0 8 0 PINTYPE=BI
P 38 0 180 50 180 0 2 0
A 45 180 10 0 9 3 #=A38
L 55 180 10 0 2 1 1 0 38A_GND
A -5 180 10 0 8 0 PINTYPE=BI
P 39 0 170 50 170 0 2 0
A 45 170 10 0 9 3 #=A39
L 55 170 10 0 2 1 1 0 39A_HSIp5
A -5 170 10 0 8 0 PINTYPE=BI
P 3 0 530 50 530 0 2 0
A 45 530 10 0 9 3 #=A3
L 55 530 10 0 2 1 1 0 3A_12v
A -5 530 10 0 8 0 PINTYPE=BI
P 40 0 160 50 160 0 2 0
A 45 160 10 0 9 3 #=A40
L 55 160 10 0 2 1 1 0 40A_HSIn5
A -5 160 10 0 8 0 PINTYPE=BI
P 41 0 150 50 150 0 2 0
A 45 150 10 0 9 3 #=A41
L 55 150 10 0 2 1 1 0 41A_GND
A -5 150 10 0 8 0 PINTYPE=BI
P 42 0 140 50 140 0 2 0
A 45 140 10 0 9 3 #=A42
L 55 140 10 0 2 1 1 0 42A_GND
A -5 140 10 0 8 0 PINTYPE=BI
P 4 0 520 50 520 0 2 0
A 45 520 10 0 9 3 #=A4
L 55 520 10 0 2 1 1 0 4A_GND
A -5 520 10 0 8 0 PINTYPE=BI
P 5 0 510 50 510 0 2 0
A 45 510 10 0 9 3 #=A5
L 55 510 10 0 2 1 1 0 5A_TCK
A -5 510 10 0 8 0 PINTYPE=BI
P 6 0 500 50 500 0 2 0
A 45 500 10 0 9 3 #=A6
L 55 500 10 0 2 1 1 0 6A_TDI
A -5 500 10 0 8 0 PINTYPE=BI
P 7 0 490 50 490 0 2 0
A 45 490 10 0 9 3 #=A7
L 55 490 10 0 2 1 1 0 7A_TDO
A -5 490 10 0 8 0 PINTYPE=BI
P 8 0 480 50 480 0 2 0
A 45 480 10 0 9 3 #=A8
L 55 480 10 0 2 1 1 0 8A_TMS
A -5 480 10 0 8 0 PINTYPE=BI
P 9 0 470 50 470 0 2 0
A 45 470 10 0 9 3 #=A9
L 55 470 10 0 2 1 1 0 9A_3v3
A -5 470 10 0 8 0 PINTYPE=BI
P 45 350 160 300 160 0 3 0
A 305 160 10 0 3 3 #=A45
L 295 160 10 0 8 1 1 0 GND_45
A 355 160 10 0 2 0 PINTYPE=BI
P 46 350 170 300 170 0 3 0
A 305 170 10 0 3 3 #=A46
L 295 170 10 0 8 1 1 0 GND_46A
A 355 170 10 0 2 0 PINTYPE=BI
P 49 350 200 300 200 0 3 0
A 305 200 10 0 3 3 #=A49
L 295 200 10 0 8 1 1 0 GND_49A
A 355 200 10 0 2 0 PINTYPE=BI
P 51 350 220 300 220 0 3 0
A 305 220 10 0 3 3 #=A51
L 295 220 10 0 8 1 1 0 GND_51A
A 355 220 10 0 2 0 PINTYPE=BI
P 54 350 250 300 250 0 3 0
A 305 250 10 0 3 3 #=A54
L 295 250 10 0 8 1 1 0 GND_54A
A 355 250 10 0 2 0 PINTYPE=BI
P 55 350 260 300 260 0 3 0
A 305 260 10 0 3 3 #=A55
L 295 260 10 0 8 1 1 0 GND_55A
A 355 260 10 0 2 0 PINTYPE=BI
P 58 350 290 300 290 0 3 0
A 305 290 10 0 3 3 #=A58
L 295 290 10 0 8 1 1 0 GND_58A
A 355 290 10 0 2 0 PINTYPE=BI
P 62 350 330 300 330 0 3 0
A 305 330 10 0 3 3 #=A62
L 295 330 10 0 8 1 1 0 GND_62A
A 355 330 10 0 2 0 PINTYPE=BI
P 63 350 340 300 340 0 3 0
A 305 340 10 0 3 3 #=A63
L 295 340 10 0 8 1 1 0 GND_63A
A 355 340 10 0 2 0 PINTYPE=BI
P 66 350 370 300 370 0 3 0
A 305 370 10 0 3 3 #=A66
L 295 370 10 0 8 1 1 0 GND_66A
A 355 370 10 0 2 0 PINTYPE=BI
P 67 350 380 300 380 0 3 0
A 305 380 10 0 3 3 #=A67
L 295 380 10 0 8 1 1 0 GND_67A
A 355 380 10 0 2 0 PINTYPE=BI
P 70 350 410 300 410 0 3 0
A 305 410 10 0 3 3 #=A70
L 295 410 10 0 8 1 1 0 GND_70A
A 355 410 10 0 2 0 PINTYPE=BI
P 71 350 420 300 420 0 3 0
A 305 420 10 0 3 3 #=A71
L 295 420 10 0 8 1 1 0 GND_71A
A 355 420 10 0 2 0 PINTYPE=BI
P 74 350 450 300 450 0 3 0
A 305 450 10 0 3 3 #=A74
L 295 450 10 0 8 1 1 0 GND_74A
A 355 450 10 0 2 0 PINTYPE=BI
P 75 350 460 300 460 0 3 0
A 305 460 10 0 3 3 #=A75
L 295 460 10 0 8 1 1 0 GND_75A
A 355 460 10 0 2 0 PINTYPE=BI
P 78 350 490 300 490 0 3 0
A 305 490 10 0 3 3 #=A78
L 295 490 10 0 8 1 1 0 GND_78A
A 355 490 10 0 2 0 PINTYPE=BI
P 79 350 500 300 500 0 3 0
A 305 500 10 0 3 3 #=A79
L 295 500 10 0 8 1 1 0 GND_79A
A 355 500 10 0 2 0 PINTYPE=BI
P 82 350 530 300 530 0 3 0
A 305 530 10 0 3 3 #=A82
L 295 530 10 0 8 1 1 0 GND_82A
A 355 530 10 0 2 0 PINTYPE=BI
P 61 350 320 300 320 0 3 0
A 305 320 10 0 3 3 #=A61
L 295 320 10 0 8 1 1 0 HSIn10_61A
A 355 320 10 0 2 0 PINTYPE=BI
P 65 350 360 300 360 0 3 0
A 305 360 10 0 3 3 #=A65
L 295 360 10 0 8 1 1 0 HSIn11_65A
A 355 360 10 0 2 0 PINTYPE=BI
P 69 350 400 300 400 0 3 0
A 305 400 10 0 3 3 #=A69
L 295 400 10 0 8 1 1 0 HSIn12_69A
A 355 400 10 0 2 0 PINTYPE=BI
P 73 350 440 300 440 0 3 0
A 305 440 10 0 3 3 #=A73
L 295 440 10 0 8 1 1 0 HSIn13_73A
A 355 440 10 0 2 0 PINTYPE=BI
P 77 350 480 300 480 0 3 0
A 305 480 10 0 3 3 #=A77
L 295 480 10 0 8 1 1 0 HSIn14_77A
A 355 480 10 0 2 0 PINTYPE=BI
P 81 350 520 300 520 0 3 0
A 305 520 10 0 3 3 #=A81
L 295 520 10 0 8 1 1 0 HSIn15_81A
A 355 520 10 0 2 0 PINTYPE=BI
P 44 350 150 300 150 0 3 0
A 305 150 10 0 3 3 #=A44
L 295 150 10 0 8 1 1 0 HSIn6_44A
A 355 150 10 0 2 0 PINTYPE=BI
P 48 350 190 300 190 0 3 0
A 305 190 10 0 3 3 #=A48
L 295 190 10 0 8 1 1 0 HSIn7_48A
A 355 190 10 0 2 0 PINTYPE=BI
P 53 350 240 300 240 0 3 0
A 305 240 10 0 3 3 #=A53
L 295 240 10 0 8 1 1 0 HSIn8_53A
A 355 240 10 0 2 0 PINTYPE=BI
P 57 350 280 300 280 0 3 0
A 305 280 10 0 3 3 #=A57
L 295 280 10 0 8 1 1 0 HSIn9_57A
A 355 280 10 0 2 0 PINTYPE=BI
P 60 350 310 300 310 0 3 0
A 305 310 10 0 3 3 #=A60
L 295 310 10 0 8 1 1 0 HSIp10_60A
A 355 310 10 0 2 0 PINTYPE=BI
P 64 350 350 300 350 0 3 0
A 305 350 10 0 3 3 #=A64
L 295 350 10 0 8 1 1 0 HSIp11_64A
A 355 350 10 0 2 0 PINTYPE=BI
P 68 350 390 300 390 0 3 0
A 305 390 10 0 3 3 #=A68
L 295 390 10 0 8 1 1 0 HSIp12_68A
A 355 390 10 0 2 0 PINTYPE=BI
P 72 350 430 300 430 0 3 0
A 305 430 10 0 3 3 #=A72
L 295 430 10 0 8 1 1 0 HSIp13_72A
A 355 430 10 0 2 0 PINTYPE=BI
P 76 350 470 300 470 0 3 0
A 305 470 10 0 3 3 #=A76
L 295 470 10 0 8 1 1 0 HSIp14_76A
A 355 470 10 0 2 0 PINTYPE=BI
P 80 350 510 300 510 0 3 0
A 305 510 10 0 3 3 #=A80
L 295 510 10 0 8 1 1 0 HSIp15_80A
A 355 510 10 0 2 0 PINTYPE=BI
P 43 350 140 300 140 0 3 0
A 305 140 10 0 3 3 #=A43
L 295 140 10 0 8 1 1 0 HSIp6_43A
A 355 140 10 0 2 0 PINTYPE=BI
P 47 350 180 300 180 0 3 0
A 305 180 10 0 3 3 #=A47
L 295 180 10 0 8 1 1 0 HSIp7_47A
A 355 180 10 0 2 0 PINTYPE=BI
P 52 350 230 300 230 0 3 0
A 305 230 10 0 3 3 #=A52
L 295 230 10 0 8 1 1 0 HSIp8_52A
A 355 230 10 0 2 0 PINTYPE=BI
P 56 350 270 300 270 0 3 0
A 305 270 10 0 3 3 #=A56
L 295 270 10 0 8 1 1 0 HSIp9_56A
A 355 270 10 0 2 0 PINTYPE=BI
P 50 350 210 300 210 0 3 0
A 305 210 10 0 3 3 #=A50
L 295 210 10 0 8 1 1 0 RSVD_50A
A 355 210 10 0 2 0 PINTYPE=BI
P 59 350 300 300 300 0 3 0
A 305 300 10 0 3 3 #=A59
L 295 300 10 0 8 1 1 0 GND_59A
A 355 300 10 0 2 0 PINTYPE=BI
T 175 605 20 0 5 PCI_E
T 175 585 20 0 5 XYZ
b 50 50 300 630
E
