V 51
K 284601813700 pcie_x4
|R 16:56_4-24-13
Y 1
D 0 0 350 380
Z 10
i 980
U 125 90 10 0 3 0 PKG_TYPE=PKG_TYPE
U 55 370 10 0 3 3 VALUE=VALUE
U 60 0 16 0 3 3 REFDES=P?
P 979 350 20 300 20 0 3 0
A 355 20 10 4 8 0 PINTYPE=BI
L 295 20 10 4 2 0 1 0 MNT_PAD_2
A 305 20 10 4 9 3 #=66
P 980 350 30 300 30 0 3 0
A 355 30 10 4 8 0 PINTYPE=BI
L 295 30 10 4 2 0 1 0 MNT_PAD_1
A 305 30 10 4 9 3 #=65
P 948 350 350 300 350 0 3 0
A 305 350 10 4 9 3 #=B2
L 295 350 10 4 2 1 1 0 2B_12V
A 355 350 10 4 8 0 PINTYPE=BI
P 949 350 340 300 340 0 3 0
A 305 340 10 4 9 3 #=B3
L 295 340 10 4 2 1 1 0 3B_12V
A 355 340 10 4 8 0 PINTYPE=BI
P 950 350 330 300 330 0 3 0
A 305 330 10 4 9 3 #=B4
L 295 330 10 4 2 1 1 0 4B_GND
A 355 330 10 4 8 0 PINTYPE=BI
P 951 350 320 300 320 0 3 0
A 305 320 10 4 9 3 #=B5
L 295 320 10 4 2 1 1 0 5B_SMCLK
A 355 320 10 4 8 0 PINTYPE=BI
P 952 350 310 300 310 0 3 0
A 305 310 10 4 9 3 #=B6
L 295 310 10 4 2 1 1 0 6B_SMDAT
A 355 310 10 4 8 0 PINTYPE=BI
P 953 350 300 300 300 0 3 0
A 305 300 10 4 9 3 #=B7
L 295 300 10 4 2 1 1 0 7B_GND
A 355 300 10 4 8 0 PINTYPE=BI
P 954 350 290 300 290 0 3 0
A 305 290 10 4 9 3 #=B8
L 295 290 10 4 2 1 1 0 8B_3V3
A 355 290 10 4 8 0 PINTYPE=BI
P 955 350 280 300 280 0 3 0
A 305 280 10 4 9 3 #=B9
L 295 280 10 4 2 1 1 0 9B_TRST_N
A 355 280 10 4 8 0 PINTYPE=BI
P 956 350 270 300 270 0 3 0
A 305 270 10 4 9 3 #=B10
L 295 270 10 4 2 1 1 0 10B_3V3AUX
A 355 270 10 4 8 0 PINTYPE=BI
P 957 350 260 300 260 0 3 0
A 305 260 10 4 9 3 #=B11
L 295 260 10 4 2 1 1 0 11B_WAKE_N
A 355 260 10 4 8 0 PINTYPE=BI
P 958 350 250 300 250 0 3 0
A 305 250 10 4 9 3 #=B12
L 295 250 10 4 2 1 1 0 12B_RSVD
A 355 250 10 4 8 0 PINTYPE=BI
P 959 350 240 300 240 0 3 0
A 305 240 10 4 9 3 #=B13
L 295 240 10 4 2 1 1 0 13B_GND
A 355 240 10 4 8 0 PINTYPE=BI
P 960 350 230 300 230 0 3 0
A 305 230 10 4 9 3 #=B14
L 295 230 10 4 2 1 1 0 14B_PETP0
A 355 230 10 4 8 0 PINTYPE=BI
P 961 350 220 300 220 0 3 0
A 305 220 10 4 9 3 #=B15
L 295 220 10 4 2 1 1 0 15B_PETN0
A 355 220 10 4 8 0 PINTYPE=BI
P 962 350 210 300 210 0 3 0
A 305 210 10 4 9 3 #=B16
L 295 210 10 4 2 1 1 0 16B_GND
A 355 210 10 4 8 0 PINTYPE=BI
P 963 350 200 300 200 0 3 0
A 305 200 10 4 9 3 #=B17
L 295 200 10 4 2 1 1 0 17B_PRSNT2_N
A 355 200 10 4 8 0 PINTYPE=BI
P 964 350 190 300 190 0 3 0
A 305 190 10 4 9 3 #=B18
L 295 190 10 4 2 1 1 0 18B_GND
A 355 190 10 4 8 0 PINTYPE=BI
P 965 350 180 300 180 0 3 0
A 305 180 10 4 9 3 #=B19
L 295 180 10 4 2 1 1 0 19B_PETP1
A 355 180 10 4 8 0 PINTYPE=BI
P 966 350 170 300 170 0 3 0
A 305 170 10 4 9 3 #=B20
L 295 170 10 4 2 1 1 0 20B_PETN1
A 355 170 10 4 8 0 PINTYPE=BI
P 967 350 160 300 160 0 3 0
A 305 160 10 4 9 3 #=B21
L 295 160 10 4 2 1 1 0 21B_GND
A 355 160 10 4 8 0 PINTYPE=BI
P 968 350 150 300 150 0 3 0
A 305 150 10 4 9 3 #=B22
L 295 150 10 4 2 1 1 0 22B_GND
A 355 150 10 4 8 0 PINTYPE=BI
P 969 350 140 300 140 0 3 0
A 305 140 10 4 9 3 #=B23
L 295 140 10 4 2 1 1 0 23B_PETP2
A 355 140 10 4 8 0 PINTYPE=BI
P 970 350 130 300 130 0 3 0
A 305 130 10 4 9 3 #=B24
L 295 130 10 4 2 1 1 0 24B_PETN2
A 355 130 10 4 8 0 PINTYPE=BI
P 971 350 120 300 120 0 3 0
A 305 120 10 4 9 3 #=B25
L 295 120 10 4 2 1 1 0 25B_GND
A 355 120 10 4 8 0 PINTYPE=BI
P 972 350 110 300 110 0 3 0
A 305 110 10 4 9 3 #=B26
L 295 110 10 4 2 1 1 0 26B_GND
A 355 110 10 4 8 0 PINTYPE=BI
P 973 350 100 300 100 0 3 0
A 305 100 10 4 9 3 #=B27
L 295 100 10 4 2 1 1 0 27B_PETP3
A 355 100 10 4 8 0 PINTYPE=BI
P 974 350 90 300 90 0 3 0
A 305 90 10 4 9 3 #=B28
L 295 90 10 4 2 1 1 0 28B_PETN3
A 355 90 10 4 8 0 PINTYPE=BI
P 975 350 80 300 80 0 3 0
A 305 80 10 4 9 3 #=B29
L 295 80 10 4 2 1 1 0 29B_GND
A 355 80 10 4 8 0 PINTYPE=BI
P 976 350 70 300 70 0 3 0
A 305 70 10 4 9 3 #=B30
L 295 70 10 4 2 1 1 0 30B_RSVD
A 355 70 10 4 8 0 PINTYPE=BI
P 10 0 270 50 270 0 2 0
A 45 270 10 0 9 3 #=A10
L 55 270 10 0 2 1 1 0 10A_3v3
A -5 270 10 0 8 0 PINTYPE=BI
P 11 0 260 50 260 0 2 0
A 45 260 10 0 9 3 #=A11
L 55 260 10 0 2 1 1 0 11A_PERST_N
A -5 260 10 0 8 0 PINTYPE=BI
P 12 0 250 50 250 0 2 0
A 45 250 10 0 9 3 #=A12
L 55 250 10 0 2 1 1 0 12A_GND
A -5 250 10 0 8 0 PINTYPE=BI
P 13 0 240 50 240 0 2 0
A 45 240 10 0 9 3 #=A13
L 55 240 10 0 2 1 1 0 13A_REFCLKP
A -5 240 10 0 8 0 PINTYPE=BI
P 14 0 230 50 230 0 2 0
A 45 230 10 0 9 3 #=A14
L 55 230 10 0 2 1 1 0 14A_REFCLKN
A -5 230 10 0 8 0 PINTYPE=BI
P 15 0 220 50 220 0 2 0
A 45 220 10 0 9 3 #=A15
L 55 220 10 0 2 1 1 0 15A_GND
A -5 220 10 0 8 0 PINTYPE=BI
P 18 0 190 50 190 0 2 0
A 45 190 10 0 9 3 #=A18
L 55 190 10 0 2 1 1 0 18A_GND
A -5 190 10 0 8 0 PINTYPE=BI
P 19 0 180 50 180 0 2 0
A 45 180 10 0 9 3 #=A19
L 55 180 10 0 2 1 1 0 19A_RSVD
A -5 180 10 0 8 0 PINTYPE=BI
P 1 0 360 50 360 0 2 0
A 45 360 10 0 9 3 #=A1
L 55 360 10 0 2 1 1 0 1A_PRSNT1_N
A -5 360 10 0 8 0 PINTYPE=BI
P 20 0 170 50 170 0 2 0
A 45 170 10 0 9 3 #=A20
L 55 170 10 0 2 1 1 0 20A_GND
A -5 170 10 0 8 0 PINTYPE=BI
P 21 0 160 50 160 0 2 0
A 45 160 10 0 9 3 #=A21
L 55 160 10 0 2 1 1 0 21A_PERP1
A -5 160 10 0 8 0 PINTYPE=BI
P 22 0 150 50 150 0 2 0
A 45 150 10 0 9 3 #=A22
L 55 150 10 0 2 1 1 0 22A_PERN1
A -5 150 10 0 8 0 PINTYPE=BI
P 23 0 140 50 140 0 2 0
A 45 140 10 0 9 3 #=A23
L 55 140 10 0 2 1 1 0 23A_GND
A -5 140 10 0 8 0 PINTYPE=BI
P 24 0 130 50 130 0 2 0
A 45 130 10 0 9 3 #=A24
L 55 130 10 0 2 1 1 0 24A_GND
A -5 130 10 0 8 0 PINTYPE=BI
P 25 0 120 50 120 0 2 0
A 45 120 10 0 9 3 #=A25
L 55 120 10 0 2 1 1 0 25A_PERP2
A -5 120 10 0 8 0 PINTYPE=BI
P 26 0 110 50 110 0 2 0
A 45 110 10 0 9 3 #=A26
L 55 110 10 0 2 1 1 0 26A_PERN2
A -5 110 10 0 8 0 PINTYPE=BI
P 27 0 100 50 100 0 2 0
A 45 100 10 0 9 3 #=A27
L 55 100 10 0 2 1 1 0 27A_GND
A -5 100 10 0 8 0 PINTYPE=BI
P 28 0 90 50 90 0 2 0
A 45 90 10 0 9 3 #=A28
L 55 90 10 0 2 1 1 0 28A_GND
A -5 90 10 0 8 0 PINTYPE=BI
P 29 0 80 50 80 0 2 0
A 45 80 10 0 9 3 #=A29
L 55 80 10 0 2 1 1 0 29A_PERP3
A -5 80 10 0 8 0 PINTYPE=BI
P 2 0 350 50 350 0 2 0
A 45 350 10 0 9 3 #=A2
L 55 350 10 0 2 1 1 0 2A_12v
A -5 350 10 0 8 0 PINTYPE=BI
P 30 0 70 50 70 0 2 0
A 45 70 10 0 9 3 #=A30
L 55 70 10 0 2 1 1 0 30A_PERN3
A -5 70 10 0 8 0 PINTYPE=BI
P 31 0 60 50 60 0 2 0
A 45 60 10 0 9 3 #=A31
L 55 60 10 0 2 1 1 0 31A_GND
A -5 60 10 0 8 0 PINTYPE=BI
P 32 0 50 50 50 0 2 0
A 45 50 10 0 9 3 #=A32
L 55 50 10 0 2 1 1 0 32A_RSVD
A -5 50 10 0 8 0 PINTYPE=BI
P 3 0 340 50 340 0 2 0
A 45 340 10 0 9 3 #=A3
L 55 340 10 0 2 1 1 0 3A_12v
A -5 340 10 0 8 0 PINTYPE=BI
P 4 0 330 50 330 0 2 0
A 45 330 10 0 9 3 #=A4
L 55 330 10 0 2 1 1 0 4A_GND
A -5 330 10 0 8 0 PINTYPE=BI
P 5 0 320 50 320 0 2 0
A 45 320 10 0 9 3 #=A5
L 55 320 10 0 2 1 1 0 5A_TCK
A -5 320 10 0 8 0 PINTYPE=BI
P 6 0 310 50 310 0 2 0
A 45 310 10 0 9 3 #=A6
L 55 310 10 0 2 1 1 0 6A_TDI
A -5 310 10 0 8 0 PINTYPE=BI
P 7 0 300 50 300 0 2 0
A 45 300 10 0 9 3 #=A7
L 55 300 10 0 2 1 1 0 7A_TDO
A -5 300 10 0 8 0 PINTYPE=BI
P 8 0 290 50 290 0 2 0
A 45 290 10 0 9 3 #=A8
L 55 290 10 0 2 1 1 0 8A_TMS
A -5 290 10 0 8 0 PINTYPE=BI
P 9 0 280 50 280 0 2 0
A 45 280 10 0 9 3 #=A9
L 55 280 10 0 2 1 1 0 9A_3v3
A -5 280 10 0 8 0 PINTYPE=BI
P 947 350 360 300 360 0 3 0
A 305 360 10 4 9 3 #=B1
L 295 360 10 4 2 1 1 0 1B_12V
A 355 360 10 4 8 0 PINTYPE=BI
P 977 350 60 300 60 0 3 0
A 305 60 10 4 9 3 #=B31
L 295 60 10 4 2 1 1 0 31B_PRSNT2_N
A 355 60 10 4 8 0 PINTYPE=BI
P 978 350 50 300 50 0 3 0
A 305 50 10 4 9 3 #=B32
L 295 50 10 4 2 1 1 0 32B_GND
A 355 50 10 4 8 0 PINTYPE=BI
T 180 345 20 0 5 PCI_E
T 180 325 20 0 5 X4
P 16 0 210 50 210 0 2 0
A 45 210 10 0 9 3 #=A16
L 55 210 10 0 2 1 1 0 16A_PERP0
A -5 210 10 0 8 0 PINTYPE=BI
P 17 0 200 50 200 0 2 0
A 45 200 10 0 9 3 #=A17
L 55 200 10 0 2 1 1 0 17A_PERN0
A -5 200 10 0 8 0 PINTYPE=BI
b 50 15 300 370
E
