V 51
K 376168708400 pes_08_ra
|R 18:43_10-1-10
Y 1
D 0 0 160 420
Z 10
i 133
U 0 -70 10 0 3 0 HETERO=(PES_08_RA_SD_1),PES_08_RA_SD_2,PES_08_RA_SD_3,PES_08_RA
+ _SD_4
U 0 -30 10 0 3 0 MANF_P/N=XXXX
U 0 -20 10 0 3 0 MANF=SAMTEC
U 0 -60 10 0 3 0 PARTS=1
U 0 -50 10 0 3 0 LEVEL=STD
U 0 -40 10 0 3 0 DEVICE=SAMTEC_PET_08_RA
U 0 -10 10 0 3 0 PKG_TYPE=SAMTEC_PET_08_RA_SD
U 20 0 16 0 3 3 REFDES=J?
P 68 0 290 20 290 0 2 0
L 30 285 10 0 3 0 0 0 GND_B1
A 0 290 10 0 3 0 PINTYPE=IN
A 0 290 10 0 3 3 #=B1
P 77 0 280 20 280 0 2 0
L 30 275 10 0 3 0 0 0 GND_B2
A 0 280 10 0 3 0 PINTYPE=IN
A 0 280 10 0 3 3 #=B2
P 78 0 270 20 270 0 2 0
L 30 265 10 0 3 0 0 0 GND_B3
A 0 270 10 0 3 0 PINTYPE=IN
A 0 270 10 0 3 3 #=B3
P 81 0 260 20 260 0 2 0
L 30 255 10 0 3 0 0 0 GND_B4
A 0 260 10 0 3 0 PINTYPE=IN
A 0 260 10 0 3 3 #=B4
P 80 0 250 20 250 0 2 0
L 30 245 10 0 3 0 0 0 GND_B5
A 0 250 10 0 3 0 PINTYPE=IN
A 0 250 10 0 3 3 #=B5
P 79 0 240 20 240 0 2 0
L 30 235 10 0 3 0 0 0 GND_B6
A 0 240 10 0 3 0 PINTYPE=IN
A 0 240 10 0 3 3 #=B6
P 128 0 230 20 230 0 2 0
L 30 225 10 0 3 0 0 0 GND_B7
A 0 230 10 0 3 0 PINTYPE=IN
A 0 230 10 0 3 3 #=B7
P 129 0 220 20 220 0 2 0
L 30 215 10 0 3 0 0 0 GND_B8
A 0 220 10 0 3 0 PINTYPE=IN
A 0 220 10 0 3 3 #=B8
P 67 0 380 20 380 0 2 0
L 30 375 10 0 3 0 0 0 VCCINT_A1
A 0 380 10 0 3 0 PINTYPE=OUT
A 0 380 10 0 3 3 #=A1
P 72 0 370 20 370 0 2 0
L 30 365 10 0 3 0 0 0 VCCINT_A2
A 0 370 10 0 3 0 PINTYPE=OUT
A 0 370 10 0 3 3 #=A2
P 73 0 360 20 360 0 2 0
L 30 355 10 0 3 0 0 0 VCCINT_A3
A 0 360 10 0 3 0 PINTYPE=OUT
A 0 360 10 0 3 3 #=A3
P 74 0 350 20 350 0 2 0
L 30 345 10 0 3 0 0 0 VCCINT_A4
A 0 350 10 0 3 0 PINTYPE=OUT
A 0 350 10 0 3 3 #=A4
P 76 0 340 20 340 0 2 0
L 30 335 10 0 3 0 0 0 VCCINT_A5
A 0 340 10 0 3 0 PINTYPE=OUT
A 0 340 10 0 3 3 #=A5
P 75 0 330 20 330 0 2 0
L 30 325 10 0 3 0 0 0 VCCINT_A6
A 0 330 10 0 3 0 PINTYPE=OUT
A 0 330 10 0 3 3 #=A6
P 132 0 320 20 320 0 2 0
L 30 315 10 0 3 0 0 0 VCCINT_A7
A 0 320 10 0 3 0 PINTYPE=OUT
A 0 320 10 0 3 3 #=A7
P 133 0 310 20 310 0 2 0
L 30 305 10 0 3 0 0 0 VCCINT_A8
A 0 310 10 0 3 0 PINTYPE=OUT
A 0 310 10 0 3 3 #=A8
P 69 0 200 20 200 0 2 0
L 25 195 10 0 3 0 0 0 VCCINT_C1
A 0 200 10 0 3 0 PINTYPE=OUT
A 0 200 10 0 3 3 #=C1
P 92 0 190 20 190 0 2 0
L 25 185 10 0 3 0 0 0 VCCINT_C2
A 0 190 10 0 3 0 PINTYPE=OUT
A 0 190 10 0 3 3 #=C2
P 94 0 180 20 180 0 2 0
L 25 175 10 0 3 0 0 0 VCCINT_C3
A 0 180 10 0 3 0 PINTYPE=OUT
A 0 180 10 0 3 3 #=C3
P 93 0 170 20 170 0 2 0
L 25 165 10 0 3 0 0 0 VCCINT_C4
A 0 170 10 0 3 0 PINTYPE=OUT
A 0 170 10 0 3 3 #=C4
P 96 0 160 20 160 0 2 0
L 25 155 10 0 3 0 0 0 VCCINT_C5
A 0 160 10 0 3 0 PINTYPE=OUT
A 0 160 10 0 3 3 #=C5
P 95 0 150 20 150 0 2 0
L 25 145 10 0 3 0 0 0 VCCINT_C6
A 0 150 10 0 3 0 PINTYPE=OUT
A 0 150 10 0 3 3 #=C6
P 123 0 140 20 140 0 2 0
L 25 135 10 0 3 0 0 0 VCCINT_C7
A 0 140 10 0 3 0 PINTYPE=OUT
A 0 140 10 0 3 3 #=C7
P 125 0 130 20 130 0 2 0
L 25 125 10 0 3 0 0 0 VCCINT_C8
A 0 130 10 0 3 0 PINTYPE=OUT
A 0 130 10 0 3 3 #=C8
P 60 160 380 140 380 0 3 0
L 95 375 10 0 3 0 0 0 GND_E1
A 180 380 10 0 9 0 PINTYPE=IN
A 160 380 10 0 9 3 #=E1
P 82 160 370 140 370 0 3 0
L 95 365 10 0 3 0 0 0 GND_E2
A 180 370 10 0 9 0 PINTYPE=IN
A 160 370 10 0 9 3 #=E2
P 83 160 360 140 360 0 3 0
L 95 355 10 0 3 0 0 0 GND_E3
A 180 360 10 0 9 0 PINTYPE=IN
A 160 360 10 0 9 3 #=E3
P 85 160 340 140 340 0 3 0
L 95 335 10 0 3 0 0 0 GND_E5
A 180 340 10 0 9 0 PINTYPE=IN
A 160 340 10 0 9 3 #=E5
P 84 160 330 140 330 0 3 0
L 95 325 10 0 3 0 0 0 GND_E6
A 180 330 10 0 9 0 PINTYPE=IN
A 160 330 10 0 9 3 #=E6
P 130 160 320 140 320 0 3 0
L 95 315 10 0 3 0 0 0 GND_E7
A 180 320 10 0 9 0 PINTYPE=IN
A 160 320 10 0 9 3 #=E7
P 86 160 350 140 350 0 3 0
L 95 345 10 0 3 0 0 0 GND_E4
A 180 350 10 0 9 0 PINTYPE=IN
A 160 350 10 0 9 3 #=E4
P 131 160 310 140 310 0 3 0
L 95 305 10 0 3 0 0 0 GND_E8
A 180 310 10 0 9 0 PINTYPE=IN
A 160 310 10 0 9 3 #=E8
P 34 160 290 140 290 0 3 0
L 95 285 10 0 3 0 0 0 VCCAUX_F1
A 180 290 10 0 9 0 PINTYPE=OUT
A 160 290 10 0 9 3 #=F1
P 87 160 280 140 280 0 3 0
L 95 275 10 0 3 0 0 0 VCCAUX_F2
A 180 280 10 0 9 0 PINTYPE=OUT
A 160 280 10 0 9 3 #=F2
P 88 160 270 140 270 0 3 0
L 95 265 10 0 3 0 0 0 VCCAUX_F3
A 180 270 10 0 9 0 PINTYPE=OUT
A 160 270 10 0 9 3 #=F3
P 91 160 260 140 260 0 3 0
L 95 255 10 0 3 0 0 0 VCCAUX_F4
A 180 260 10 0 9 0 PINTYPE=OUT
A 160 260 10 0 9 3 #=F4
P 90 160 250 140 250 0 3 0
L 95 245 10 0 3 0 0 0 VCCAUX_F5
A 180 250 10 0 9 0 PINTYPE=OUT
A 160 250 10 0 9 3 #=F5
P 89 160 240 140 240 0 3 0
L 95 235 10 0 3 0 0 0 VCCAUX_F6
A 180 240 10 0 9 0 PINTYPE=OUT
A 160 240 10 0 9 3 #=F6
P 126 160 230 140 230 0 3 0
L 95 225 10 0 3 0 0 0 VCCAUX_F7
A 180 230 10 0 9 0 PINTYPE=OUT
A 160 230 10 0 9 3 #=F7
P 127 160 220 140 220 0 3 0
L 95 215 10 0 3 0 0 0 VCCAUX_F8
A 180 220 10 0 9 0 PINTYPE=OUT
A 160 220 10 0 9 3 #=F8
P 97 160 200 140 200 0 3 0
A 165 200 10 0 9 0 PINTYPYE=IN
A 160 200 10 0 9 3 #=G1
L 160 200 10 0 3 0 0 0 GND_G1
P 99 160 190 140 190 0 3 0
A 165 190 10 0 9 0 PINTYPYE=IN
A 160 190 10 0 9 3 #=G2
L 160 190 10 0 3 0 0 0 GND_G2
P 100 160 180 140 180 0 3 0
A 165 180 10 0 9 0 PINTYPYE=IN
A 160 180 10 0 9 3 #=G3
L 160 180 10 0 3 0 0 0 GND_G3
P 101 160 170 140 170 0 3 0
A 165 170 10 0 9 0 PINTYPYE=IN
A 160 170 10 0 9 3 #=G4
L 160 170 10 0 3 0 0 0 GND_G4
P 102 160 160 140 160 0 3 0
A 165 160 10 0 9 0 PINTYPYE=IN
A 160 160 10 0 9 3 #=G5
L 160 160 10 0 3 0 0 0 GND_G5
P 103 160 150 140 150 0 3 0
A 165 150 10 0 9 0 PINTYPYE=IN
A 160 150 10 0 9 3 #=G6
L 160 150 10 0 3 0 0 0 GND_G6
P 121 160 140 140 140 0 3 0
A 165 140 10 0 9 0 PINTYPYE=IN
A 160 140 10 0 9 3 #=G7
L 160 140 10 0 3 0 0 0 GND_G7
P 122 160 130 140 130 0 3 0
A 165 130 10 0 9 0 PINTYPYE=IN
A 160 130 10 0 9 3 #=G8
L 160 130 10 0 3 0 0 0 GND_G8
P 109 160 110 140 110 0 3 0
A 165 110 10 0 9 0 PINTYPYE=OUT
A 160 110 10 0 9 3 #=H1
L 160 110 10 0 3 0 0 0 VCCINT_H1
P 107 160 100 140 100 0 3 0
A 165 100 10 0 9 0 PINTYPYE=OUT
A 160 100 10 0 9 3 #=H2
L 160 100 10 0 3 0 0 0 VCCINT_H2
P 108 160 90 140 90 0 3 0
A 165 90 10 0 9 0 PINTYPYE=OUT
A 160 90 10 0 9 3 #=H3
L 160 90 10 0 3 0 0 0 VCCINT_H3
P 104 160 80 140 80 0 3 0
A 165 80 10 0 9 0 PINTYPYE=OUT
A 160 80 10 0 9 3 #=H4
L 160 80 10 0 3 0 0 0 VCCINT_H4
P 105 160 70 140 70 0 3 0
A 165 70 10 0 9 0 PINTYPYE=OUT
A 160 70 10 0 9 3 #=H5
L 160 70 10 0 3 0 0 0 VCCINT_H5
P 106 160 60 140 60 0 3 0
A 165 60 10 0 9 0 PINTYPYE=OUT
A 160 60 10 0 9 3 #=H6
L 160 60 10 0 3 0 0 0 VCCINT_H6
P 116 160 50 140 50 0 3 0
A 165 50 10 0 9 0 PINTYPYE=OUT
A 160 50 10 0 9 3 #=H7
L 160 50 10 0 3 0 0 0 VCCINT_H7
P 117 160 40 140 40 0 3 0
A 165 40 10 0 9 0 PINTYPYE=OUT
A 160 40 10 0 9 3 #=H8
L 160 40 10 0 3 0 0 0 VCCINT_H8
P 110 0 110 20 110 0 2 0
L 25 105 10 0 3 0 0 0 GND_D1
A 0 110 10 0 3 0 PINTYPE=IN
A 0 110 10 0 3 3 #=D1
P 111 0 100 20 100 0 2 0
L 25 95 10 0 3 0 0 0 GND_D2
A 0 100 10 0 3 0 PINTYPE=IN
A 0 100 10 0 3 3 #=D2
P 112 0 90 20 90 0 2 0
L 25 85 10 0 3 0 0 0 GND_D3
A 0 90 10 0 3 0 PINTYPE=IN
A 0 90 10 0 3 3 #=D3
P 114 0 80 20 80 0 2 0
L 25 75 10 0 3 0 0 0 GND_D4
A 0 80 10 0 3 0 PINTYPE=IN
A 0 80 10 0 3 3 #=D4
P 113 0 70 20 70 0 2 0
L 25 65 10 0 3 0 0 0 GND_D5
A 0 70 10 0 3 0 PINTYPE=IN
A 0 70 10 0 3 3 #=D5
P 115 0 60 20 60 0 2 0
L 25 55 10 0 3 0 0 0 GND_D6
A 0 60 10 0 3 0 PINTYPE=IN
A 0 60 10 0 3 3 #=D6
P 118 0 50 20 50 0 2 0
L 25 45 10 0 3 0 0 0 GND_D7
A 0 50 10 0 3 0 PINTYPE=IN
A 0 50 10 0 3 3 #=D7
P 119 0 40 20 40 0 2 0
L 25 35 10 0 3 0 0 0 GND_D8
A 0 40 10 0 3 0 PINTYPE=IN
A 0 40 10 0 3 3 #=D8
l 2 85 40 105 40
l 2 55 40 75 40
l 2 85 110 105 110
l 2 55 110 75 110
l 2 85 130 105 130
l 2 55 130 75 130
l 2 85 200 105 200
l 2 55 200 75 200
l 2 85 220 105 220
l 2 55 220 75 220
l 2 85 290 105 290
l 2 55 290 75 290
l 2 85 310 105 310
l 2 85 380 105 380
l 2 85 40 85 60
l 2 75 40 75 60
l 2 85 90 85 110
l 2 75 90 75 110
l 2 85 130 85 150
l 2 75 130 75 150
l 2 85 180 85 200
l 2 75 180 75 200
l 2 85 220 85 240
l 2 75 220 75 240
l 2 85 270 85 290
T 25 340 10 0 3 VCCINT
Q 15 0 0
T 25 250 10 0 3 GND
Q 15 0 0
T 100 250 10 0 3 VCCAUX
Q 15 0 0
T 115 340 10 0 3 GND
Q 15 0 0
T 115 160 10 0 3 GND
Q 15 0 0
T 25 160 10 0 3 VCCINT
Q 15 0 0
T 25 70 10 0 3 GND
Q 15 0 0
T 100 70 10 0 3 VCCINT
Q 15 0 0
l 2 85 310 85 330
l 2 85 360 85 380
l 2 75 360 75 380
l 2 75 310 75 330
l 2 55 380 75 380
l 2 75 270 75 290
b 20 20 140 400
l 2 55 310 75 310
U 50 5 10 0 3 3 VALUE=XXX
E
