V 51
K 17531543490 pesc_40_ra_sd
|R 1:00_10-16-10
Y 1
D 0 0 240 370
Z 10
i 183
U 0 -80 10 0 3 0 MANF_P/N=PESC-01-40-01-01-L-RA-SD
U 0 -70 10 0 3 0 MANF=SAMTEC
U 0 -60 10 0 3 0 PARTS=1
U 0 -50 10 0 3 0 LEVEL=STD
U 0 -40 10 0 3 0 DEVICE=SAMTEC_PESC_40_RA_SD
U 0 -10 10 0 3 0 PKG_TYPE=SAMTEC_PESC_40_RA_SD
U 20 0 16 0 3 3 REFDES=J?
P 148 0 330 20 330 0 2 0
L 30 325 10 0 3 0 0 0 GND_A1
A 0 330 10 0 3 0 PINTYPE=IN
A 0 330 10 0 3 3 #=A1
P 151 240 330 220 330 0 3 0
L 170 325 10 0 3 0 0 0 GND_A2
A 240 330 10 0 9 0 PINTYPE=IN
A 240 330 10 0 9 3 #=A2
P 149 0 320 20 320 0 2 0
L 30 315 10 0 3 0 0 0 GND_A3
A 0 320 10 0 3 0 PINTYPE=IN
A 0 320 10 0 3 3 #=A3
P 152 240 320 220 320 0 3 0
L 170 315 10 0 3 0 0 0 GND_A4
A 240 320 10 0 9 0 PINTYPE=IN
A 240 320 10 0 9 3 #=A4
P 150 0 310 20 310 0 2 0
L 30 305 10 0 3 0 0 0 GND_A5
A 0 310 10 0 3 0 PINTYPE=IN
A 0 310 10 0 3 3 #=A5
P 154 240 310 220 310 0 3 0
L 170 305 10 0 3 0 0 0 GND_A6
A 240 310 10 0 9 0 PINTYPE=IN
A 240 310 10 0 9 3 #=A6
P 153 0 300 20 300 0 2 0
L 30 295 10 0 3 0 0 0 GND_A7
A 0 300 10 0 3 0 PINTYPE=IN
A 0 300 10 0 3 3 #=A7
P 155 240 300 220 300 0 3 0
L 170 295 10 0 3 0 0 0 GND_A8
A 240 300 10 0 9 0 PINTYPE=IN
A 240 300 10 0 9 3 #=A8
P 157 0 70 20 70 0 2 0
L 30 65 10 0 3 0 0 0 GND_B1
A 0 70 10 0 3 0 PINTYPE=BI
A 0 70 10 0 3 3 #=B1
P 162 240 70 220 70 0 3 0
L 170 65 10 0 3 0 0 0 GND_B2
A 240 70 10 0 9 0 PINTYPE=BI
A 240 70 10 0 9 3 #=B2
P 159 0 60 20 60 0 2 0
L 30 55 10 0 3 0 0 0 GND_B3
A 0 60 10 0 3 0 PINTYPE=BI
A 0 60 10 0 3 3 #=B3
P 163 240 60 220 60 0 3 0
L 170 55 10 0 3 0 0 0 GND_B4
A 240 60 10 0 9 0 PINTYPE=BI
A 240 60 10 0 9 3 #=B4
P 158 0 50 20 50 0 2 0
L 30 45 10 0 3 0 0 0 GND_B5
A 0 50 10 0 3 0 PINTYPE=BI
A 0 50 10 0 3 3 #=B5
P 161 240 50 220 50 0 3 0
L 170 45 10 0 3 0 0 0 GND_B6
A 240 50 10 0 9 0 PINTYPE=BI
A 240 50 10 0 9 3 #=B6
P 156 0 40 20 40 0 2 0
L 30 35 10 0 3 0 0 0 GND_B7
A 0 40 10 0 3 0 PINTYPE=BI
A 0 40 10 0 3 3 #=B7
P 160 240 40 220 40 0 3 0
L 170 35 10 0 3 0 0 0 GND_B8
A 240 40 10 0 9 0 PINTYPE=BI
A 240 40 10 0 9 3 #=B8
P 174 0 120 20 120 0 2 0
L 30 115 10 0 3 0 1 0 UTIL_5V0_N
A 0 120 10 0 3 0 PINTYPE=BI
A 0 120 10 0 3 3 #=33
P 165 240 120 220 120 0 3 0
L 155 115 10 0 3 0 1 0 UTIL_5V0_P
A 240 120 10 0 9 0 PINTYPE=BI
A 240 120 10 0 9 3 #=34
P 181 0 160 20 160 0 2 0
L 30 155 10 0 3 0 1 0 MGTAVCC_EA_N
A 0 160 10 0 3 0 PINTYPE=BI
A 0 160 10 0 3 3 #=25
P 170 240 160 220 160 0 3 0
L 145 155 10 0 3 0 1 0 MGTAVCC_EA_P
A 240 160 10 0 9 0 PINTYPE=BI
A 240 160 10 0 9 3 #=26
P 94 0 280 20 280 0 2 0
L 30 275 10 0 3 0 1 0 VCCINT_EA_N
A 0 280 10 0 3 0 PINTYPE=BI
A 5 280 10 0 3 3 #=1
P 106 240 250 220 250 0 3 0
L 150 245 10 0 3 0 0 0 GND_8
A 240 250 10 0 9 0 PINTYPE=OUT
A 235 250 10 0 9 3 #=8
P 107 240 260 220 260 0 3 0
L 170 255 10 0 3 0 0 0 GND_6
A 240 260 10 0 9 0 PINTYPE=BI
A 235 260 10 0 9 3 #=6
P 104 240 280 220 280 0 3 0
L 150 275 10 0 3 0 1 0 VCCINT_EA_P
A 240 280 10 0 9 0 PINTYPE=BI
A 235 280 10 0 9 3 #=2
P 97 0 260 20 260 0 2 0
L 115 240 10 0 3 0 0 0 GND_5
A 0 260 10 0 3 0 PINTYPE=BI
A 5 260 10 0 3 3 #=5
P 98 240 240 220 240 0 3 0
L 145 235 10 0 3 0 1 0 VCCBRAM_EA_P
A 240 240 10 0 9 0 PINTYPE=BI
A 240 240 10 0 9 3 #=10
P 90 0 240 20 240 0 2 0
L 30 235 10 0 3 0 1 0 VCCBRAM_EA_N
A 0 240 10 0 3 0 PINTYPE=BI
A 5 240 10 0 3 3 #=9
P 92 0 210 20 210 0 2 0
L 30 205 10 0 3 0 1 0 VCCO_1V8_P
A 0 210 10 0 3 0 PINTYPE=BI
A 0 210 10 0 3 3 #=15
P 100 240 210 220 210 0 3 0
L 155 205 10 0 3 0 1 0 VCCO_1V8_N
A 240 210 10 0 9 0 PINTYPE=BI
A 240 210 10 0 9 3 #=16
P 102 240 200 220 200 0 3 0
L 140 195 10 0 3 0 0 0 GND_18
A 240 200 10 0 9 0 PINTYPE=BI
A 240 200 10 0 9 3 #=18
P 88 0 200 20 200 0 2 0
L 30 195 10 0 3 0 0 0 GND_17
A 0 200 10 0 3 0 PINTYPE=BI
A 0 200 10 0 3 3 #=17
P 89 0 190 20 190 0 2 0
L 30 185 10 0 3 0 0 0 GN_19
A 0 190 10 0 3 0 PINTYPE=BI
A 0 190 10 0 3 3 #=19
P 183 0 170 20 170 0 2 0
L 30 165 10 0 3 0 1 0 MGTAVCCAUX_EA_P
A 0 170 10 0 3 0 PINTYPE=BI
A 0 170 10 0 3 3 #=23
P 103 240 190 220 190 0 3 0
L 180 185 10 0 3 0 0 0 GND_20
A 240 190 10 0 9 0 PINTYPE=BI
A 240 190 10 0 9 3 #=20
P 173 240 170 220 170 0 3 0
L 130 165 10 0 3 0 1 0 MGTAVCCAUX_EA_N
A 240 170 10 0 9 0 PINTYPE=BI
A 240 170 10 0 9 3 #=24
P 177 0 140 20 140 0 2 0
L 30 135 10 0 3 0 0 0 GND_29
A 0 140 10 0 3 0 PINTYPE=BI
A 0 140 10 0 3 3 #=29
P 176 0 130 20 130 0 2 0
L 30 125 10 0 3 0 0 0 GND_31
A 0 130 10 0 3 0 PINTYPE=BI
A 0 130 10 0 3 3 #=31
P 172 240 140 220 140 0 3 0
L 225 140 10 0 3 0 0 0 GND_30
A 240 140 10 0 9 0 PINTYPE=BI
A 240 140 10 0 9 3 #=30
P 166 240 130 220 130 0 3 0
L 130 125 10 0 3 0 0 0 GND_32
A 240 130 10 0 9 0 PINTYPE=BI
A 240 130 10 0 9 3 #=32
P 175 0 90 20 90 0 2 0
L 30 85 10 0 3 0 1 0 UTIL_1V8_P
A 0 90 10 0 3 0 PINTYPE=BI
A 0 90 10 0 3 3 #=39
P 164 240 90 220 90 0 3 0
L 155 85 10 0 3 0 1 0 UTIL_1V8_N
A 240 90 10 0 9 0 PINTYPE=BI
A 240 90 10 0 9 3 #=40
T 195 125 10 0 3 GND
Q 15 0 0
T 30 125 10 0 3 GND
Q 15 0 0
T 30 195 10 0 3 GND
Q 15 0 0
T 195 245 10 0 3 GND
Q 15 0 0
T 30 245 10 0 3 GND
Q 15 0 0
T 195 295 10 0 3 GND
Q 15 0 0
T 195 305 10 0 3 GND
Q 15 0 0
T 195 315 10 0 3 GND
Q 15 0 0
T 195 325 10 0 3 GND
Q 15 0 0
T 30 295 10 0 3 GND
Q 15 0 0
T 30 305 10 0 3 GND
Q 15 0 0
T 190 35 10 0 3 GND
Q 15 0 0
T 190 45 10 0 3 GND
Q 15 0 0
c 170 50 0
T 30 45 10 0 3 GND
Q 15 0 0
T 30 55 10 0 3 GND
Q 15 0 0
T 30 65 10 0 3 GND
Q 15 0 0
T 30 35 10 0 3 GND
Q 15 0 0
T 190 55 10 0 3 GND
Q 15 0 0
T 190 65 10 0 3 GND
Q 15 0 0
T 30 325 10 0 3 GND
Q 15 0 0
T 30 315 10 0 3 GND
Q 15 0 0
T 30 255 10 0 3 GND
Q 15 0 0
T 195 185 10 0 3 GND
Q 15 0 0
T 195 135 10 0 3 GND
Q 15 0 0
P 95 0 270 20 270 0 2 0
L 30 265 10 0 3 0 1 0 VCCAUX_P
A 0 270 10 0 3 0 PINTYPE=BI
A 5 270 10 0 3 3 #=3
P 105 240 270 220 270 0 3 0
L 165 265 10 0 3 0 1 0 VCCAUX_N
A 240 270 10 0 9 0 PINTYPE=BI
A 235 270 10 0 9 3 #=4
P 96 0 250 20 250 0 2 0
L 30 245 10 0 3 0 0 0 GND_7
A 0 250 10 0 3 0 PINTYPE=BI
A 5 250 10 0 3 3 #=7
T 195 255 10 0 3 GND
Q 15 0 0
P 91 0 230 20 230 0 2 0
L 30 225 10 0 3 0 1 0 VCCAUX_IO_P
A 0 230 10 0 3 0 PINTYPE=BI
A 0 230 10 0 3 3 #=11
P 99 240 230 220 230 0 3 0
L 150 225 10 0 3 0 1 0 VCCAUX_IO_N
A 240 230 10 0 9 0 PINTYPE=BI
A 240 230 10 0 9 3 #=12
P 93 0 220 20 220 0 2 0
L 30 215 10 0 3 0 1 0 VCCO_3V3_N
A 0 220 10 0 3 0 PINTYPE=BI
A 0 220 10 0 3 3 #=13
P 101 240 220 220 220 0 3 0
L 155 215 10 0 3 0 1 0 VCCO_3V3_P
A 240 220 10 0 9 0 PINTYPE=BI
A 240 220 10 0 9 3 #=14
T 30 185 10 0 3 GND
Q 15 0 0
T 195 195 10 0 3 GND
Q 15 0 0
P 180 0 180 20 180 0 2 0
L 30 175 10 0 3 0 1 0 VCCO_VTT_EA_N
A 0 180 10 0 3 0 PINTYPE=BI
A 0 180 10 0 3 3 #=21
P 169 240 180 220 180 0 3 0
L 140 175 10 0 3 0 1 0 VCCO_VTT_EA_P
A 240 180 10 0 9 0 PINTYPE=BI
A 240 180 10 0 9 3 #=22
P 182 0 150 20 150 0 2 0
L 30 145 10 0 3 0 1 0 MGTAVTT_EA_P
A 0 150 10 0 3 0 PINTYPE=BI
A 0 150 10 0 3 3 #=27
P 171 240 150 220 150 0 3 0
L 145 145 10 0 3 0 1 0 MGTAVTT_EA_N
A 240 150 10 0 9 0 PINTYPE=BI
A 240 150 10 0 9 3 #=28
T 30 135 10 0 3 GND
Q 15 0 0
P 178 0 110 20 110 0 2 0
L 30 105 10 0 3 0 1 0 UTIL_3V3_P
A 0 110 10 0 3 0 PINTYPE=BI
A 0 110 10 0 3 3 #=35
P 167 240 110 220 110 0 3 0
L 155 105 10 0 3 0 1 0 UTIL_3V3_N
A 240 110 10 0 9 0 PINTYPE=BI
A 240 110 10 0 9 3 #=36
P 179 0 100 20 100 0 2 0
L 30 95 10 0 3 0 1 0 UTIL_2V5_N
A 0 100 10 0 3 0 PINTYPE=BI
A 0 100 10 0 3 3 #=37
P 168 240 100 220 100 0 3 0
L 155 95 10 0 3 0 1 0 UTIL_2V5_P
A 240 100 10 0 9 0 PINTYPE=BI
A 240 100 10 0 9 3 #=38
b 20 20 220 350
E
