V 51
K 377473082700 ptd08a020w
|R 2:11_10-18-10
Y 1
D 0 0 170 120
Z 10
i 57
U -190 -40 10 0 3 0 LEVEL=STD
U -190 -50 10 0 3 0 PARTS=1
U 50 50 10 0 3 0 MANF_P/N=XXXX
U 50 60 10 0 3 0 VALUE=XXXX
U 5 0 16 0 3 3 REFDES=U?
U 150 5 10 0 3 3 PKG_TYPE=EGP_R-PDSS-T12
U -20 105 10 0 3 3 DEVICE=XXX
P 56 110 120 110 100 0 0 0
L 110 100 10 1 8 0 1 0 FAULT
A 115 160 10 1 3 0 PINTYPE=BI
A 117 110 10 2 3 3 #=9
P 54 70 120 70 100 0 0 0
L 70 100 10 1 8 0 1 0 PWM
A 75 160 10 1 3 0 PINTYPE=BI
A 82 110 10 2 3 3 #=11
P 53 130 0 130 20 0 1 0
L 130 20 10 1 2 0 1 0 GND_1
A 131 20 10 2 9 3 #=3
A 140 -30 10 1 9 0 PINTYPE=BI
P 22 50 0 50 20 0 1 0
L 50 20 10 1 2 1 1 0 GND_0
A 51 20 10 2 9 3 #=2
A 60 -30 10 1 9 0 PINTYPE=BI
P 51 90 0 90 20 0 1 0
L 90 20 10 1 2 0 1 0 IOUT
A 91 20 10 2 9 3 #=6
A 100 -30 10 1 9 0 PINTYPE=BI
P 52 110 0 110 20 0 1 0
A 120 -30 10 1 9 0 PINTYPE=BI
A 111 20 10 2 9 3 #=7
L 110 20 10 1 2 0 1 0 AGND
P 38 170 60 150 60 0 3 0
A 155 60 10 0 3 3 #=4
A 210 55 10 0 3 0 PINTYPE=BI
L 150 60 10 0 8 0 1 0 VO
P 49 0 60 20 60 0 2 0
A -30 50 10 0 9 0 PINTYPE=BI
A 15 60 10 0 9 3 #=1
L 20 60 10 0 2 1 1 0 VI
P 55 90 120 90 100 0 0 0
A 102 110 10 2 3 3 #=10
A 95 160 10 1 3 0 PINTYPE=BI
L 90 100 10 1 8 0 1 0 SRE
P 19 50 120 50 100 0 0 0
A 62 110 10 2 3 3 #=12
A 55 160 10 1 3 0 PINTYPE=BI
L 50 100 10 1 8 0 1 0 VBIAS
P 57 130 120 130 100 0 0 0
A 137 110 10 2 3 3 #=8
A 135 160 10 1 3 0 PINTYPE=BI
L 130 100 10 1 8 0 1 0 INH_B
P 50 70 0 70 20 0 1 0
A 80 -30 10 1 9 0 PINTYPE=BI
A 71 20 10 2 9 3 #=5
L 70 20 10 1 2 0 1 0 TEMP
b 20 20 150 100
E
