V 51
K 64036650590 pth12050y
|R 2:12_10-17-11
Y 1
D -30 0 100 90
Z 10
i 21
U 0 -10 10 0 3 0 MANF_P/N=PTH08080WAD
U 0 -4 9 0 3 0 VALUE=PTH08080W
P 20 100 65 80 65 0 3 0
L 75 65 10 4 2 0 1 0 VOUT
A 85 65 10 4 9 3 #=3
A 80 -65 9 4 3 0 PINTYPE=OUT
P 21 100 25 80 25 0 3 0
A 60 25 10 0 9 0 PINTYPE=IN
A 90 25 10 0 9 3 #=4
L 45 20 10 0 3 0 1 0 VO_ADJ
P 17 -30 45 -10 45 0 2 0
A -40 45 10 4 9 0 PINTYPE=IN
A -15 45 10 4 3 3 #=5
L -5 40 10 4 9 0 1 0 INH_B
P 19 -30 65 -10 65 0 2 0
L -5 65 10 0 2 0 1 0 VIN
A -15 65 10 0 9 3 #=1
A -10 -15 9 0 3 0 PINTYPE=IN
P 2 -30 25 -10 25 0 2 0
L -5 25 10 0 2 0 1 0 GND
A -15 25 10 0 9 3 #=2
A -10 -55 9 0 3 0 PINTYPE=IN
U -10 1 12 0 3 3 REFDES=U?
b -10 15 80 80
U 60 0 10 0 3 3 PKG_TYPE=TBD
U 35 80 9 0 3 3 DEVICE=PTH08080W
E
