V 53
K 364867689400 qsh_120_b
F Case
|R 1:11_9-10-10
Y 1
D 0 0 320 800
Z 10
i 274
P 253 0 280 20 280 0 2 0
L 35 275 10 0 3 0 1 0 APP_CLK_N
A -20 280 10 0 3 0 PINTYPE=IN
A 0 280 10 0 3 3 #=90
P 252 0 300 20 300 0 2 0
L 35 295 10 0 3 0 1 0 APP_CLK_P
A -20 300 10 0 3 0 PINTYPE=IN
A 0 300 10 0 3 3 #=88
P 242 320 200 300 200 0 3 0
L 285 195 10 0 9 0 1 0 BOTTOM_DETECT1
A 340 200 10 0 9 0 PINTYPE=OUT
A 320 200 10 0 9 3 #=64
P 244 320 220 300 220 0 3 0
L 285 215 10 0 9 0 1 0 BOTTOM_DETECT2
A 340 220 10 0 9 0 PINTYPE=OUT
A 320 220 10 0 9 3 #=116
P 247 320 260 300 260 0 3 0
L 285 255 10 0 9 0 1 0 BYPASS_B
A 340 260 10 0 9 0 PINTYPE=IN
A 320 260 10 0 9 3 #=70
P 250 0 60 20 60 0 2 0
L 35 55 10 0 3 0 1 0 BYPASS_LED
A -20 60 10 0 3 0 PINTYPE=OUT
A 0 60 10 0 3 3 #=75
P 197 0 520 20 520 0 2 0
L 35 515 10 0 3 0 1 0 CCLK
A -20 520 10 0 3 0 PINTYPE=BI
A 0 520 10 0 3 3 #=97
P 157 0 240 20 240 0 2 0
L 35 235 10 0 3 0 1 0 CCLK_N
A -20 240 10 0 3 0 PINTYPE=IN
A 0 240 10 0 3 3 #=80
P 195 0 260 20 260 0 2 0
L 35 255 10 0 3 0 1 0 CCLK_P
A -20 260 10 0 3 0 PINTYPE=IN
A 0 260 10 0 3 3 #=78
P 246 320 240 300 240 0 3 0
L 285 235 10 0 9 0 1 0 CONCURRENT
A 340 240 10 0 9 0 PINTYPE=IN
A 320 240 10 0 9 3 #=86
P 148 0 540 20 540 0 2 0
L 35 535 10 0 3 0 1 0 CSI
A -20 540 10 0 3 0 PINTYPE=OUT
A 0 540 10 0 3 3 #=96
P 265 0 340 20 340 0 2 0
L 35 335 10 0 3 0 1 0 DIN
A -20 340 10 0 3 0 PINTYPE=IN
A 0 340 10 0 3 3 #=56
P 194 0 360 20 360 0 2 0
L 35 355 10 0 3 0 1 0 DONE
A -20 360 10 0 3 0 PINTYPE=OUT
A 0 360 10 0 3 3 #=72
P 125 320 420 300 420 0 3 0
L 285 415 10 0 9 0 1 0 DOUT1
A 340 420 10 0 9 0 PINTYPE=BI
A 320 420 10 0 9 3 #=107
P 124 320 400 300 400 0 3 0
L 285 395 10 0 9 0 1 0 DOUT2
A 340 400 10 0 9 0 PINTYPE=BI
A 320 400 10 0 9 3 #=109
P 177 320 380 300 380 0 3 0
L 285 375 10 0 9 0 1 0 DOUT3
A 340 380 10 0 9 0 PINTYPE=BI
A 320 380 10 0 9 3 #=111
P 173 320 360 300 360 0 3 0
L 285 355 10 0 9 0 1 0 DOUT4
A 340 360 10 0 9 0 PINTYPE=BI
A 320 360 10 0 9 3 #=113
P 258 320 160 300 160 0 3 0
L 235 155 10 0 3 0 0 0 GND1
A 340 160 10 0 9 0 PINTYPE=IN
A 320 160 10 0 9 3 #=121
P 259 320 140 300 140 0 3 0
L 235 135 10 0 3 0 0 0 GND2
A 340 140 10 0 9 0 PINTYPE=IN
A 320 140 10 0 9 3 #=122
P 260 320 120 300 120 0 3 0
L 235 115 10 0 3 0 0 0 GND3
A 340 120 10 0 9 0 PINTYPE=IN
A 320 120 10 0 9 3 #=123
P 261 320 100 300 100 0 3 0
L 235 95 10 0 3 0 0 0 GND4
A 340 100 10 0 9 0 PINTYPE=IN
A 320 100 10 0 9 3 #=124
P 264 320 80 300 80 0 3 0
L 235 75 10 0 3 0 0 0 GND5
A 340 80 10 0 9 0 PINTYPE=IN
A 320 80 10 0 9 3 #=125
P 266 320 60 300 60 0 3 0
L 255 55 10 0 3 0 0 0 GND6
A 340 60 10 0 9 0 PINTYPE=IN
A 320 60 10 0 9 3 #=126
P 111 0 380 20 380 0 2 0
L 35 375 10 0 3 0 1 0 INIT
A -20 380 10 0 3 0 PINTYPE=BI
A 0 380 10 0 3 3 #=76
P 166 0 80 20 80 0 2 0
L 35 75 10 0 3 0 1 0 INSTALLED
A -20 80 10 0 3 0 PINTYPE=IN
A 0 80 10 0 3 3 #=74
P 136 0 480 20 480 0 2 0
L 35 475 10 0 3 0 1 0 M0
A -20 480 10 0 3 0 PINTYPE=OUT
A 0 480 10 0 3 3 #=114
P 189 0 460 20 460 0 2 0
L 35 455 10 0 3 0 1 0 M1
A -20 460 10 0 3 0 PINTYPE=OUT
A 0 460 10 0 3 3 #=112
P 190 0 440 20 440 0 2 0
L 35 435 10 0 3 0 1 0 M2
A -20 440 10 0 3 0 PINTYPE=OUT
A 0 440 10 0 3 3 #=110
P 193 0 400 20 400 0 2 0
L 35 395 10 0 3 0 1 0 PROG
A -20 400 10 0 3 0 PINTYPE=BI
A 0 400 10 0 3 3 #=66
P 144 0 660 20 660 0 2 0
L 35 655 10 0 3 0 0 0 SPARE10
A -20 660 10 0 3 0 PINTYPE=BI
A 0 660 10 0 3 3 #=82
P 143 0 600 20 600 0 2 0
L 35 595 10 0 3 0 0 0 SPARE11
A -20 600 10 0 3 0 PINTYPE=BI
A 0 600 10 0 3 3 #=100
P 153 0 580 20 580 0 2 0
L 35 575 10 0 3 0 0 0 SPARE12
A -20 580 10 0 3 0 PINTYPE=BI
A 0 580 10 0 3 3 #=117
P 154 0 560 20 560 0 2 0
L 35 555 10 0 3 0 0 0 SPARE13
A -20 560 10 0 3 0 PINTYPE=BI
A 0 560 10 0 3 3 #=119
P 172 320 280 300 280 0 3 0
L 215 275 10 0 3 0 0 0 SPARE14
A 340 280 10 0 9 0 PINTYPE=BI
A 320 280 10 0 9 3 #=115
P 169 320 320 300 320 0 3 0
L 215 315 10 0 3 0 0 0 SPARE15
A 340 320 10 0 9 0 PINTYPE=BI
A 320 320 10 0 9 3 #=94
P 140 320 440 300 440 0 3 0
L 215 435 10 0 3 0 0 0 SPARE16
A 340 440 10 0 9 0 PINTYPE=BI
A 320 440 10 0 9 3 #=92
P 272 0 740 20 740 0 2 0
L 35 735 10 0 3 0 0 0 SPARE17
A -20 740 10 0 3 0 PINTYPE=BI
A 0 740 10 0 3 3 #=65
P 271 0 720 20 720 0 2 0
L 35 715 10 0 3 0 0 0 SPARE18
A -20 720 10 0 3 0 PINTYPE=BI
A 0 720 10 0 3 3 #=67
P 273 0 700 20 700 0 2 0
L 35 695 10 0 3 0 0 0 SPARE19
A -20 700 10 0 3 0 PINTYPE=BI
A 0 700 10 0 3 3 #=69
P 274 0 680 20 680 0 2 0
L 35 675 10 0 3 0 0 0 SPARE20
A -20 680 10 0 3 0 PINTYPE=BI
A 0 680 10 0 3 3 #=71
P 131 320 740 300 740 0 3 0
L 215 735 10 0 3 0 0 0 SPARE21
A 340 740 10 0 9 0 PINTYPE=IN
A 320 740 10 0 9 3 #=73
P 91 320 720 300 720 0 3 0
L 215 715 10 0 3 0 0 0 SPARE22
A 340 720 10 0 9 0 PINTYPE=IN
A 320 720 10 0 9 3 #=77
P 90 320 700 300 700 0 3 0
L 215 695 10 0 3 0 0 0 SPARE23
A 340 700 10 0 9 0 PINTYPE=IN
A 320 700 10 0 9 3 #=79
P 123 320 680 300 680 0 3 0
L 215 675 10 0 3 0 0 0 SPARE24
A 340 680 10 0 9 0 PINTYPE=IN
A 320 680 10 0 9 3 #=81
P 122 320 660 300 660 0 3 0
L 215 655 10 0 3 0 0 0 SPARE25
A 340 660 10 0 9 0 PINTYPE=IN
A 320 660 10 0 9 3 #=83
P 93 320 640 300 640 0 3 0
L 215 635 10 0 3 0 0 0 SPARE26
A 340 640 10 0 9 0 PINTYPE=IN
A 320 640 10 0 9 3 #=85
P 92 320 500 300 500 0 3 0
L 215 495 10 0 3 0 0 0 SPARE27
A 340 500 10 0 9 0 PINTYPE=IN
A 320 500 10 0 9 3 #=87
P 133 320 480 300 480 0 3 0
L 215 475 10 0 3 0 0 0 SPARE28
A 340 480 10 0 9 0 PINTYPE=IN
A 320 480 10 0 9 3 #=89
P 134 320 460 300 460 0 3 0
L 215 455 10 0 3 0 0 0 SPARE29
A 340 460 10 0 9 0 PINTYPE=IN
A 320 460 10 0 9 3 #=91
P 138 320 340 300 340 0 3 0
L 215 335 10 0 3 0 0 0 SPARE30
A 340 340 10 0 9 0 PINTYPE=IN
A 320 340 10 0 9 3 #=93
P 139 320 300 300 300 0 3 0
L 215 295 10 0 3 0 0 0 SPARE31
A 340 300 10 0 9 0 PINTYPE=IN
A 320 300 10 0 9 3 #=95
P 208 0 620 20 620 0 2 0
L 35 615 10 0 3 0 0 0 SPARE7
A -20 620 10 0 3 0 PINTYPE=BI
A 0 620 10 0 3 3 #=98
P 146 0 640 20 640 0 2 0
L 35 635 10 0 3 0 0 0 SPARE9
A -20 640 10 0 3 0 PINTYPE=BI
A 0 640 10 0 3 3 #=84
P 152 0 180 20 180 0 2 0
L 35 175 10 0 3 0 1 0 TCK_N
A -20 180 10 0 3 0 PINTYPE=OUT
A 0 180 10 0 3 3 #=118
P 155 0 200 20 200 0 2 0
L 35 195 10 0 3 0 1 0 TCK_P
A -20 200 10 0 3 0 PINTYPE=OUT
A 0 200 10 0 3 3 #=120
P 150 0 120 20 120 0 2 0
L 35 115 10 0 3 0 1 0 TDI
A -20 120 10 0 3 0 PINTYPE=IN
A 0 120 10 0 3 3 #=104
P 151 0 100 20 100 0 2 0
L 35 95 10 0 3 0 1 0 TDO
A -20 100 10 0 3 0 PINTYPE=OUT
A 0 100 10 0 3 3 #=102
P 121 320 600 300 600 0 3 0
L 285 595 10 0 9 0 1 0 TDO1
A 340 600 10 0 9 0 PINTYPE=OUT
A 320 600 10 0 9 3 #=99
P 120 320 580 300 580 0 3 0
L 285 575 10 0 9 0 1 0 TDO2
A 340 580 10 0 9 0 PINTYPE=OUT
A 320 580 10 0 9 3 #=101
P 89 320 560 300 560 0 3 0
L 285 555 10 0 9 0 1 0 TDO3
A 340 560 10 0 9 0 PINTYPE=OUT
A 320 560 10 0 9 3 #=103
P 88 320 540 300 540 0 3 0
L 285 535 10 0 9 0 1 0 TDO4
A 340 540 10 0 9 0 PINTYPE=OUT
A 320 540 10 0 9 3 #=105
P 245 0 140 20 140 0 2 0
L 35 135 10 0 3 0 1 0 TMS_N
A -20 140 10 0 3 0 PINTYPE=IN
A 0 140 10 0 3 3 #=106
P 191 0 160 20 160 0 2 0
L 35 155 10 0 3 0 1 0 TMS_P
A -20 160 10 0 3 0 PINTYPE=IN
A 0 160 10 0 3 3 #=108
U 0 -60 10 0 3 0 MANF_P/N=QSH-060-01-H-D-A
U 0 -40 10 0 3 0 VENDOR=SAMTEC
U 0 -30 10 0 3 0 PKG_TYPE=SAMTEC_QSH-060-01-X-D-A
U 0 -20 10 0 3 0 DEVICE=SAMTEC_QSH-060-01-X-D-A
U -20 -185 10 0 3 0 LEVEL=STD
U -20 -205 10 0 3 0 PARTS=1
U 0 -10 10 0 3 0 HETERO=(QSH_120_A),(QSH_120_B)
l 2 280 785 260 775
l 2 260 775 240 785
l 2 240 785 220 775
l 2 220 775 200 785
l 2 200 785 180 775
l 2 120 785 100 775
l 2 100 775 80 785
l 2 80 785 60 775
l 2 60 775 40 785
l 2 40 785 20 780
l 2 300 780 280 785
T 35 675 10 0 3 SPARE
Q 14 0 0
T 35 735 10 0 3 SPARE
Q 14 0 0
T 35 695 10 0 3 SPARE
Q 14 0 0
T 285 75 10 0 9 GND
T 285 95 10 0 9 GND
T 285 115 10 0 9 GND
T 285 135 10 0 9 GND
T 285 295 10 0 9 SPARE
Q 14 0 0
T 285 335 10 0 9 SPARE
Q 14 0 0
T 285 495 10 0 9 SPARE
Q 14 0 0
T 285 655 10 0 9 SPARE
Q 14 0 0
T 285 675 10 0 9 SPARE
Q 14 0 0
T 285 695 10 0 9 SPARE
Q 14 0 0
T 285 715 10 0 9 SPARE
Q 14 0 0
T 285 435 10 0 9 SPARE
Q 14 0 0
T 285 315 10 0 9 SPARE
Q 14 0 0
T 35 575 10 0 3 SPARE
Q 14 0 0
T 35 595 10 0 3 SPARE
Q 14 0 0
T 35 655 10 0 3 SPARE
Q 14 0 0
T 35 635 10 0 3 SPARE
Q 14 0 0
T 35 615 10 0 3 SPARE
Q 14 0 0
T 35 555 10 0 3 SPARE
Q 14 0 0
T 285 455 10 0 9 SPARE
Q 14 0 0
T 285 155 10 0 9 GND
T 285 475 10 0 9 SPARE
Q 14 0 0
T 35 715 10 0 3 SPARE
Q 14 0 0
l 2 140 775 120 785
l 2 160 785 140 775
T 155 735 14 0 6 FPGA
Q 11 0 0
T 155 720 14 0 6 QSH_120_B
Q 11 0 0
T 155 705 14 0 6 BOTTOM-SIDE
Q 11 0 0
T 285 735 10 0 9 SPARE
Q 14 0 0
T 285 635 10 0 9 SPARE
Q 14 0 0
T 285 275 10 0 9 SPARE
Q 14 0 0
T 285 55 10 0 9 GND
U 35 0 16 0 3 3 REFDES=J?
U 30 785 10 0 3 3 VALUE=SAMTEC_QSH-060-01-X-D-A
l 2 20 20 20 780
l 2 300 20 20 20
l 2 300 780 300 20
l 2 180 775 160 785
E
