V 51
K 160242732400 rclamp0504p
|R 2:55_11-24-10
Y 1
D 0 0 60 70
Z 10
i 34
U 20 -20 10 0 3 0 DEVICE=10PF_0805-A4
U 0 -20 10 0 3 0 PART_SPEC=CPACK
U 0 -30 10 0 3 0 PKG_TYPE=CPACK
P 17 0 50 10 50 0 2 0
A 0 50 5 0 3 3 #=1
L 10 45 8 0 3 0 1 0 IN1
P 25 0 40 10 40 0 2 0
A 0 40 5 0 3 3 #=2
L 10 35 8 0 3 0 1 0 IN2
P 26 0 30 10 30 0 2 0
A 0 30 5 0 3 3 #=3
L 10 25 8 0 3 0 1 0 GND1
P 27 0 20 10 20 0 2 0
A 0 20 5 0 3 3 #=4
L 10 15 8 0 3 0 1 0 IN3
P 28 0 10 10 10 0 2 0
A 0 15 5 6 3 3 #=5
L 10 15 8 6 3 0 1 0 IN4
b 10 0 50 60
P 29 60 10 50 10 0 3 0
A 60 15 5 2 3 3 #=6
L 50 15 8 2 3 0 1 0 OUT4
P 30 60 20 50 20 0 3 0
A 60 25 5 2 3 3 #=7
L 50 25 8 2 3 0 1 0 OUT3
P 31 60 30 50 30 0 3 0
A 60 35 5 2 3 3 #=8
L 50 35 8 2 3 0 1 0 GND2
P 33 60 40 50 40 0 3 0
L 50 45 8 2 3 0 1 0 OUT2
A 60 45 5 2 3 3 #=9
P 34 60 50 50 50 0 3 0
A 60 55 5 2 3 3 #=10
L 50 55 8 2 3 0 1 0 OUT1
U -5 60 10 0 3 3 VALUE=VALUE
U 35 60 10 0 3 0 DIELECTRIC=DIEL
U 45 -10 10 0 3 3 POWER=POWER
U -7 -13 16 0 3 3 REFDES=DP?
U 45 60 10 0 3 3 VOLTAGE=VOLTAGE
E
