V 51
K 16998483290 resh
|R 23:37_5-12-10
Y 1
D 0 -10 30 0
Z 10
i 2
U 0 -50 10 0 3 0 MANF_P/N=XX
U 0 0 9 0 3 0 DEVICE=XX
U 0 0 9 0 3 0 PARTS=1
U 0 0 9 0 3 0 PKG_TYPE=XX
U 0 0 0 0 3 0 SOURCE_PATH
U 10 10 10 0 3 3 POWER=XX
U 10 20 10 0 3 3 VALUE=XX
U 10 30 16 0 3 3 REFDES=R?
U 10 0 10 0 3 3 TOLERANCE=XX
P 1 30 -5 25 -5 0 3 0
A 30 -15 10 0 6 3 #=2
L 20 -5 9 2 2 0 0 0 P2
A 25 -15 9 1 3 0 PINTYPE=OUT
P 2 0 -5 5 -5 0 2 0
L 10 -5 9 2 8 0 0 0 P1
A 0 -15 9 0 6 3 #=1
A 25 -15 9 1 3 0 PINTYPE=OUT
l 2 5 -5 7 -5
Q 9 0 0
l 2 7 -5 8 -10
Q 9 0 0
l 2 8 -10 10 0
Q 9 0 0
l 2 10 0 12 -10
Q 9 0 0
l 2 12 -10 14 0
Q 9 0 0
l 2 14 0 16 -10
Q 9 0 0
l 2 16 -10 18 0
Q 9 0 0
l 2 18 0 20 -10
Q 9 0 0
l 2 20 -10 22 0
Q 9 0 0
l 2 22 0 23 -5
Q 9 0 0
l 2 23 -5 25 -5
Q 9 0 0
c 7 -2 1
Q 9 0 0
E
