V 51
K 399199993700 cat16_49r9f4lf
|R 0:17_5-20-10
Y 1
D -30 0 50 100
Z 10
i 8
U -30 20 10 0 3 0 PINSWAP=(1,2,3,4),(5,6,7,8)
U 0 -60 10 0 3 0 MANF_P/N=XXX
U 0 -50 10 0 3 0 MANF=XXX
U 0 -20 10 0 3 0 PKG_TYPE=RP_CAT16F4
U 0 -10 10 0 3 0 PART_TYPE=RPACK
U 0 0 9 0 3 0 DEVICE=RPACK4
U 10 30 10 0 4 3 VALUE=XXX
U 10 80 16 0 6 3 REFDES=RP?
U 10 10 10 0 4 3 POWER=XXXXW
U 10 20 10 0 4 3 TOLERANCE=XX%
P 7 -30 40 -10 40 0 2 0
L -5 40 9 0 2 0 0 0 4
A -15 40 9 0 9 3 #=4
A -10 30 9 0 3 0 PINTYPE=ANALOG
P 1 -30 70 -10 70 0 2 0
L -5 70 9 0 2 0 0 0 1
A -15 70 9 0 9 3 #=1
A -10 30 9 0 3 0 PINTYPE=ANALOG
P 5 -30 50 -10 50 0 2 0
L -5 50 9 0 2 0 0 0 3
A -15 50 9 0 9 3 #=3
A -10 30 9 0 3 0 PINTYPE=ANALOG
P 3 -30 60 -10 60 0 2 0
L -5 60 9 0 2 0 0 0 2
A -15 60 9 0 9 3 #=2
A -10 30 9 0 3 0 PINTYPE=ANALOG
P 8 50 40 30 40 0 3 0
L 25 40 9 0 8 0 0 0 5
A 35 40 9 0 3 3 #=5
A -10 30 9 0 3 0 PINTYPE=ANALOG
P 6 50 50 30 50 0 3 0
L 25 50 9 0 8 0 0 0 6
A 35 50 9 0 3 3 #=6
A -10 30 9 0 3 0 PINTYPE=ANALOG
P 2 50 70 30 70 0 3 0
L 25 70 9 0 8 0 0 0 8
A 35 70 9 0 3 3 #=8
A -10 30 9 0 3 0 PINTYPE=ANALOG
l 2 -6 72 -5 73
Q 10 0 0
l 2 -6 62 -5 63
Q 10 0 0
l 2 -6 52 -5 53
Q 10 0 0
l 2 -10 70 -8 70
Q 10 0 0
l 2 -8 70 -5 73
Q 10 0 0
l 2 1 67 7 73
Q 10 0 0
l 2 7 73 13 67
Q 10 0 0
l 2 13 67 19 73
Q 10 0 0
l 2 19 73 25 67
Q 10 0 0
l 2 25 67 28 70
Q 10 0 0
l 2 28 70 30 70
Q 10 0 0
l 2 -10 60 -8 60
Q 10 0 0
l 2 -8 60 -5 63
Q 10 0 0
l 2 -5 63 1 57
Q 10 0 0
l 2 1 57 7 63
Q 10 0 0
l 2 7 63 13 57
Q 10 0 0
l 2 13 57 19 63
Q 10 0 0
l 2 19 63 25 57
Q 10 0 0
l 2 25 57 28 60
Q 10 0 0
l 2 28 60 30 60
Q 10 0 0
l 2 -10 50 -8 50
Q 10 0 0
l 2 -8 50 -5 53
Q 10 0 0
l 2 1 47 7 53
Q 10 0 0
l 2 7 53 13 47
Q 10 0 0
l 2 13 47 19 53
Q 10 0 0
l 2 19 53 25 47
Q 10 0 0
l 2 25 47 28 50
Q 10 0 0
l 2 -10 40 -8 40
Q 10 0 0
l 2 -8 40 -5 43
Q 10 0 0
l 2 1 37 7 43
Q 10 0 0
l 2 7 43 13 37
Q 10 0 0
l 2 13 37 19 43
Q 10 0 0
l 2 25 37 28 40
Q 10 0 0
l 2 28 40 30 40
Q 10 0 0
l 2 19 43 25 37
Q 10 0 0
l 2 -6 42 -5 43
Q 10 0 0
l 2 -5 53 1 47
Q 10 0 0
l 2 -10 80 30 80
Q 10 0 0
l 2 30 80 30 30
Q 10 0 0
l 2 -10 30 30 30
Q 10 0 0
l 2 -10 30 -10 80
Q 10 0 0
l 2 -5 73 1 67
Q 10 0 0
l 2 28 50 30 50
Q 10 0 0
l 2 -5 43 1 37
Q 10 0 0
P 4 50 60 30 60 0 3 0
L 25 60 9 0 8 0 0 0 7
A 35 60 9 0 3 3 #=7
A -10 30 9 0 3 0 PINTYPE=ANALOG
E
