V 51
K 399199993700 cat16_49r9f4lf
|R 21:26_3-30-11
Y 1
D -30 0 50 180
Z 10
i 36
U -30 20 10 0 3 0 PINSWAP=(1,3,5,7,9,11,13,14,17,19,21,23),(2,4,6,8,10,12,14,16,
+ 18,20,22,24)
U 0 -60 10 0 3 0 MANF_P/N=XXX
U 0 -50 10 0 3 0 MANF=XXX
U 0 -20 10 0 3 0 PKG_TYPE=XXXXX
U 0 -10 10 0 3 0 PART_TYPE=XXXX
U 0 0 9 0 3 0 DEVICE=XXXX
U 10 30 10 0 4 3 VALUE=XXX
U 10 20 10 0 4 3 TOLERANCE=XX%
U 10 10 10 0 4 3 POWER=XXXX
U 10 165 16 0 6 3 REFDES=RP?
P 29 50 85 30 85 0 3 0
L 25 85 9 0 8 0 0 0 17
A 35 85 9 0 3 3 #=17
A -10 75 9 0 3 0 PINTYPE=ANALOG
P 30 50 95 30 95 0 3 0
L 25 95 9 0 8 0 0 0 18
A 35 95 9 0 3 3 #=18
A -10 75 9 0 3 0 PINTYPE=ANALOG
P 31 50 105 30 105 0 3 0
L 25 105 9 0 8 0 0 0 19
A 35 105 9 0 3 3 #=19
A -10 75 9 0 3 0 PINTYPE=ANALOG
P 32 50 115 30 115 0 3 0
L 25 115 9 0 8 0 0 0 20
A 35 115 9 0 3 3 #=20
A -10 75 9 0 3 0 PINTYPE=ANALOG
P 33 50 125 30 125 0 3 0
L 25 125 9 0 8 0 0 0 21
A 35 125 9 0 3 3 #=21
A -10 115 9 0 3 0 PINTYPE=ANALOG
P 34 50 135 30 135 0 3 0
L 25 135 9 0 8 0 0 0 22
A 35 135 9 0 3 3 #=22
A -10 115 9 0 3 0 PINTYPE=ANALOG
P 36 50 155 30 155 0 3 0
L 25 155 9 0 8 0 0 0 24
A 35 155 9 0 3 3 #=24
A -10 115 9 0 3 0 PINTYPE=ANALOG
P 28 50 75 30 75 0 3 0
L 25 75 9 0 8 0 0 0 16
A 35 75 9 0 3 3 #=16
A -10 35 9 0 3 0 PINTYPE=ANALOG
P 27 50 65 30 65 0 3 0
L 25 65 9 0 8 0 0 0 15
A 35 65 9 0 3 3 #=15
A -10 35 9 0 3 0 PINTYPE=ANALOG
P 26 50 55 30 55 0 3 0
L 25 55 9 0 8 0 0 0 14
A 35 55 9 0 3 3 #=14
A -10 35 9 0 3 0 PINTYPE=ANALOG
P 25 50 45 30 45 0 3 0
L 25 45 9 0 8 0 0 0 13
A 35 45 9 0 3 3 #=13
A -10 35 9 0 3 0 PINTYPE=ANALOG
P 18 -30 75 -10 75 0 2 0
L -5 75 9 0 2 0 0 0 9
A -15 75 9 0 9 3 #=9
A -10 35 9 0 3 0 PINTYPE=ANALOG
P 20 -30 65 -10 65 0 2 0
L -5 65 9 0 2 0 0 0 10
A -15 65 9 0 9 3 #=10
A -10 35 9 0 3 0 PINTYPE=ANALOG
P 9 -30 85 -10 85 0 2 0
L -5 85 9 0 2 0 0 0 8
A -15 85 9 0 9 3 #=8
A -10 75 9 0 3 0 PINTYPE=ANALOG
P 10 -30 115 -10 115 0 2 0
L -5 115 9 0 2 0 0 0 5
A -15 115 9 0 9 3 #=5
A -10 75 9 0 3 0 PINTYPE=ANALOG
P 11 -30 95 -10 95 0 2 0
L -5 95 9 0 2 0 0 0 7
A -15 95 9 0 9 3 #=7
A -10 75 9 0 3 0 PINTYPE=ANALOG
P 12 -30 105 -10 105 0 2 0
L -5 105 9 0 2 0 0 0 6
A -15 105 9 0 9 3 #=6
A -10 75 9 0 3 0 PINTYPE=ANALOG
P 7 -30 125 -10 125 0 2 0
L -5 125 9 0 2 0 0 0 4
A -15 125 9 0 9 3 #=4
A -10 115 9 0 3 0 PINTYPE=ANALOG
P 1 -30 155 -10 155 0 2 0
L -5 155 9 0 2 0 0 0 1
A -15 155 9 0 9 3 #=1
A -10 115 9 0 3 0 PINTYPE=ANALOG
P 5 -30 135 -10 135 0 2 0
L -5 135 9 0 2 0 0 0 3
A -15 135 9 0 9 3 #=3
A -10 115 9 0 3 0 PINTYPE=ANALOG
P 35 50 145 30 145 0 3 0
L 25 145 9 0 8 0 0 0 23
A 35 145 9 0 3 3 #=23
A -10 115 9 0 3 0 PINTYPE=ANALOG
P 17 -30 45 -10 45 0 2 0
L -5 45 9 0 2 0 0 0 12
A -15 45 9 0 9 3 #=12
A -10 35 9 0 3 0 PINTYPE=ANALOG
P 19 -30 55 -10 55 0 2 0
L -5 55 9 0 2 0 0 0 11
A -15 55 9 0 9 3 #=11
A -10 35 9 0 3 0 PINTYPE=ANALOG
b 19 47 21 53
Q 2 4 0
l 2 20 53 20 55
l 2 20 47 20 45
b 18 67 20 73
Q 2 4 0
l 2 19 73 19 75
l 2 19 67 19 65
b 19 87 21 93
Q 2 4 0
l 2 20 93 20 95
l 2 20 87 20 85
b 19 107 21 113
Q 2 4 0
l 2 20 113 20 115
l 2 20 107 20 105
b 19 127 21 133
Q 2 4 0
l 2 20 133 20 135
l 2 20 127 20 125
b 19 147 21 153
Q 2 4 0
l 2 20 153 20 155
l 2 20 147 20 145
b -1 47 1 53
Q 2 4 0
l 2 0 53 0 55
l 2 0 47 0 45
b -1 67 1 73
Q 2 4 0
l 2 0 73 0 75
l 2 0 67 0 65
b -1 87 1 93
Q 2 4 0
l 2 0 93 0 95
l 2 0 87 0 85
b -1 107 1 113
Q 2 4 0
l 2 0 113 0 115
l 2 0 107 0 105
b -1 127 1 133
Q 2 4 0
l 2 0 133 0 135
l 2 0 127 0 125
l 2 30 45 20 45
l 2 30 55 20 55
l 2 0 45 -10 45
l 2 0 55 -10 55
l 2 30 65 20 65
l 2 30 75 20 75
l 2 0 65 -10 65
l 2 0 75 -10 75
l 2 30 85 20 85
l 2 30 95 20 95
l 2 0 85 -10 85
l 2 0 95 -10 95
l 2 30 105 20 105
l 2 30 115 20 115
l 2 0 105 -10 105
l 2 0 115 -10 115
l 2 30 125 20 125
l 2 30 135 20 135
l 2 0 125 -10 125
l 2 0 135 -10 135
l 2 30 145 20 145
l 2 30 155 20 155
l 2 0 145 -10 145
l 2 0 155 -10 155
b -1 147 1 153
Q 2 4 0
l 2 0 153 0 155
l 2 0 147 0 145
b -10 35 30 165
P 3 -30 145 -10 145 0 2 0
L -5 145 9 0 2 0 0 0 2
A -15 145 9 0 9 3 #=2
A -10 115 9 0 3 0 PINTYPE=ANALOG
E
