V 51
K 283870625100 s25fl129p
|R 2:35_11-29-11
Y 1
D 0 0 160 140
Z 10
i 17
U 0 -10 10 0 3 0 MANF_P/N=S25FL129P0XNFI000
U 20 0 16 0 3 3 REFDES=U?
U 0 -20 10 0 3 0 VALUE=S25FL129P
U 140 5 10 0 9 3 PKG_TYPE=XXXX
U 20 125 10 0 3 3 DEVICE=S25FL129P
P 16 0 115 20 115 0 2 0
L 25 110 10 0 3 0 1 0 SCK
A -20 115 10 0 3 0 PINTYPE=IN
A 9 115 10 0 3 3 #=6
P 15 0 95 20 95 0 2 0
L 25 90 10 0 3 0 1 0 SI/IO0
A -20 95 10 0 3 0 PINTYPE=IN
A 9 95 10 0 3 3 #=5
P 17 0 75 20 75 0 2 0
L 25 70 10 0 3 0 1 0 W_B/ACC/IO2
A -20 75 10 0 3 0 PINTYPE=IN
A 9 75 10 0 3 3 #=3
P 2 0 55 20 55 0 2 0
L 24 50 10 0 3 0 1 0 HOLD/IO3
A -20 55 10 0 3 0 PINTYPE=IN
A 9 55 10 0 3 3 #=7
P 6 0 35 20 35 0 2 0
L 25 30 10 0 3 0 1 0 CS_B
A -20 35 10 0 3 0 PINTYPE=IN
A 9 35 10 0 3 3 #=1
P 11 160 115 140 115 0 3 0
A 160 115 10 0 9 0 PINTYPE=POWER
A 151 115 10 0 9 3 #=8
L 135 115 10 0 8 0 1 0 VCC
P 3 160 35 140 35 0 3 0
L 135 35 10 0 8 0 1 0 GND
A 170 35 10 0 9 0 PINTYPE=POWER
A 151 35 10 0 9 3 #=4
P 14 160 95 140 95 0 3 0
L 135 95 10 0 8 0 1 0 SO/IO1
A 191 95 10 0 9 0 PINTYPE=BI
A 151 95 10 0 9 3 #=2
b 20 20 140 125
P 4 160 55 140 55 0 3 0
L 135 55 10 0 8 0 1 0 PAD
A 191 55 10 0 9 0 PINTYPE=POWER
A 151 55 10 0 9 3 #=9
E
