V 52
K 137726743400 seaf_20x5_sideband_conn_b
F UTL
|R 0:11_1-26-11
Y 1
D 0 0 275 475
Z 10
i 20
P 10 275 250 255 250 0 3 0
A 255 250 10 0 3 3 #=B10
L 255 250 10 0 8 0 1 0 GND10
A 255 260 10 0 2 0 PINTYPE=BI
P 11 275 230 255 230 0 3 0
A 255 230 10 0 3 3 #=B11
L 255 230 10 0 8 0 1 0 GND11
A 255 240 10 0 2 0 PINTYPE=BI
P 12 275 210 255 210 0 3 0
A 255 210 10 0 3 3 #=B12
L 255 210 10 0 8 0 1 0 GND12
A 255 220 10 0 2 0 PINTYPE=BI
P 13 275 190 255 190 0 3 0
A 255 190 10 0 3 3 #=B13
L 255 190 10 0 8 0 1 0 GND13
A 255 200 10 0 2 0 PINTYPE=BI
P 14 275 170 255 170 0 3 0
A 255 170 10 0 3 3 #=B14
L 255 170 10 0 8 0 1 0 GND14
A 255 180 10 0 2 0 PINTYPE=BI
P 15 275 150 255 150 0 3 0
A 255 150 10 0 3 3 #=B15
L 255 150 10 0 8 0 1 0 GND15
A 255 160 10 0 2 0 PINTYPE=BI
P 16 275 130 255 130 0 3 0
A 255 130 10 0 3 3 #=B16
L 255 130 10 0 8 0 1 0 GND16
A 255 140 10 0 2 0 PINTYPE=BI
P 17 275 110 255 110 0 3 0
A 255 110 10 0 3 3 #=B17
L 255 110 10 0 8 0 1 0 GND17
A 255 120 10 0 2 0 PINTYPE=BI
P 18 275 90 255 90 0 3 0
A 255 90 10 0 3 3 #=B18
L 255 90 10 0 8 0 1 0 GND18
A 255 100 10 0 2 0 PINTYPE=BI
P 19 275 70 255 70 0 3 0
A 255 70 10 0 3 3 #=B19
L 255 70 10 0 8 0 1 0 GND19
A 255 80 10 0 2 0 PINTYPE=BI
P 20 275 50 255 50 0 3 0
A 255 60 10 0 2 0 PINTYPE=BI
L 255 50 10 0 8 0 1 0 GND20
A 255 50 10 0 3 3 #=B20
P 3 275 390 255 390 0 3 0
A 255 390 10 0 3 3 #=B3
L 255 390 10 0 8 0 1 0 GND3
A 255 400 10 0 2 0 PINTYPE=IN
P 4 275 370 255 370 0 3 0
A 255 370 10 0 3 3 #=B4
L 255 370 10 0 8 0 1 0 GND4
A 255 380 10 0 2 0 PINTYPE=BI
P 5 275 350 255 350 0 3 0
A 255 350 10 0 3 3 #=B5
L 255 350 10 0 8 0 1 0 GND5
A 255 360 10 0 2 0 PINTYPE=BI
P 6 275 330 255 330 0 3 0
A 255 330 10 0 3 3 #=B6
L 255 330 10 0 8 0 1 0 GND6
A 255 340 10 0 2 0 PINTYPE=BI
P 7 275 310 255 310 0 3 0
A 255 310 10 0 3 3 #=B7
L 255 310 10 0 8 0 1 0 GND7
A 255 320 10 0 2 0 PINTYPE=BI
P 8 275 290 255 290 0 3 0
A 255 290 10 0 3 3 #=B8
L 255 290 10 0 8 0 1 0 GND8
A 255 300 10 0 2 0 PINTYPE=BI
P 9 275 270 255 270 0 3 0
A 255 270 10 0 3 3 #=B9
L 255 270 10 0 8 0 1 0 GND9
A 255 280 10 0 2 0 PINTYPE=BI
P 1 275 430 255 430 0 3 0
A 255 440 10 0 2 0 PINTYPE=BI
L 255 430 10 0 8 0 0 0 SB_VREF_A
A 255 430 10 0 3 3 #=B1
P 2 275 410 255 410 0 3 0
A 255 410 10 0 3 3 #=B2
L 255 410 10 0 8 0 0 0 SB_VREF_B
A 255 420 10 0 2 0 PINTYPE=IN
U 0 10 10 0 3 0 HETERO=(SEAF_20X5_SIDEBAND_CONN_E),(SEAF_20X5_SIDEBAND_CONN_D),(
+ SEAF_20X5_SIDEBAND_CONN_B),(SEAF_20X5_SIDEBAND_CONN_C),(SEAF_20X5_SIDEBAND_CON
+ N_A)
U 0 -50 10 0 3 0 MANF_P/N=SEAF-20-06.5-S-05-2-A-K-TR
U 0 -60 10 0 3 0 PKG_TYPE=SAMTEC_SEAF_20_065_X_05_2_A
U 0 -70 10 0 3 0 LEVEL=STD
U 0 -80 10 0 3 0 PARTS=1
U 20 0 16 0 3 3 REFDES=J?
U 160 0 10 0 3 3 DEVICE=SEAF_20_065_X_05_2_A
U 160 10 10 0 3 3 VALUE=XXXXX
T 255 410 10 0 8 SB_VREF
Q 15 0 0
b 20 20 255 455
T 255 430 10 0 8 SB_VREF
Q 15 0 0
E
