V 51
K 13325693990 seaf_120_all
|R 19:42_12-28-11
Y 1
D 0 0 240 720
Z 10
i 314
U 0 -110 10 0 3 0 DIST_P/N=SEAF-30-05.0-S-04-2-A
U 0 -100 10 0 3 0 MANF_P/N=SEAF-30-05.0-S-04-2-A
U 0 -90 10 0 3 0 DIST=SAMTEC
U 0 -80 10 0 3 0 MANF=SAMTEC
U 0 -40 10 0 3 0 DESCRIPTION=120-PIN SEARAY CONNECTOR, FEMALE
U 0 -30 10 0 3 0 PARTS=1
U 0 -20 10 0 3 0 LEVEL=STD
U 80 5 10 0 3 3 PKG_TYPE=SAMTEC_SEAF_30X4
U 15 0 16 0 3 3 REFDES=J?
U 20 705 10 0 3 0 DEVICE=SAMTEC_SEAF_04X30
P 155 0 290 20 290 0 2 0
L 25 285 10 0 3 0 1 0 A00_D16
A -20 290 10 0 3 0 PINTYPE=BI
A -5 290 10 0 3 3 #=C17
P 160 0 280 20 280 0 2 0
L 25 275 10 0 3 0 1 0 A01_D17
A -20 280 10 0 3 0 PINTYPE=BI
A -5 280 10 0 3 3 #=C18
P 158 0 270 20 270 0 2 0
L 25 265 10 0 3 0 1 0 A02_D18
A -20 270 10 0 3 0 PINTYPE=BI
A -5 270 10 0 3 3 #=C19
P 161 0 260 20 260 0 2 0
L 25 255 10 0 3 0 1 0 A03_D19
A -20 260 10 0 3 0 PINTYPE=BI
A -5 260 10 0 3 3 #=C20
P 159 0 250 20 250 0 2 0
L 25 245 10 0 3 0 1 0 A04_D20
A -20 250 10 0 3 0 PINTYPE=BI
A -5 250 10 0 3 3 #=C21
P 147 0 240 20 240 0 2 0
L 25 235 10 0 3 0 1 0 A05_D21
A -20 240 10 0 3 0 PINTYPE=BI
A -5 240 10 0 3 3 #=C22
P 146 0 230 20 230 0 2 0
L 25 225 10 0 3 0 1 0 A06_D22
A -20 230 10 0 3 0 PINTYPE=BI
A -5 230 10 0 3 3 #=C23
P 135 0 220 20 220 0 2 0
L 25 215 10 0 3 0 1 0 A07_D23
A -20 220 10 0 3 0 PINTYPE=BI
A -5 220 10 0 3 3 #=C24
P 188 0 210 20 210 0 2 0
L 25 205 10 0 3 0 1 0 A08_D24
A -20 210 10 0 3 0 PINTYPE=IN
A -5 210 10 0 3 3 #=C25
P 189 0 200 20 200 0 2 0
L 25 195 10 0 3 0 1 0 A09_D25
A -20 200 10 0 3 0 PINTYPE=IN
A -5 200 10 0 3 3 #=C26
P 190 0 190 20 190 0 2 0
L 25 185 10 0 3 0 1 0 A10_D26
A -20 190 10 0 3 0 PINTYPE=IN
A -5 190 10 0 3 3 #=C27
P 191 0 180 20 180 0 2 0
L 25 175 10 0 3 0 1 0 A11_D27
A -20 180 10 0 3 0 PINTYPE=IN
A -5 180 10 0 3 3 #=C28
P 134 0 170 20 170 0 2 0
L 25 165 10 0 3 0 1 0 A12_D28
A -20 170 10 0 3 0 PINTYPE=BI
A -5 170 10 0 3 3 #=C29
P 212 0 160 20 160 0 2 0
L 25 155 10 0 3 0 1 0 A13_D29
A -20 160 10 0 3 0 PINTYPE=BI
A -5 160 10 0 3 3 #=C30
P 273 0 150 20 150 0 2 0
L 25 145 10 0 3 0 1 0 A14_D30
A -20 150 10 0 3 0 PINTYPE=BI
A -5 150 10 0 3 3 #=D1
P 274 0 140 20 140 0 2 0
L 25 135 10 0 3 0 1 0 A15_D31
A -20 140 10 0 3 0 PINTYPE=BI
A -5 140 10 0 3 3 #=D2
P 275 0 130 20 130 0 2 0
L 25 125 10 0 3 0 1 0 A16
A -20 130 10 0 3 0 PINTYPE=BI
A -5 130 10 0 3 3 #=D3
P 276 0 120 20 120 0 2 0
L 25 115 10 0 3 0 1 0 A17
A -20 120 10 0 3 0 PINTYPE=BI
A -5 120 10 0 3 3 #=D4
P 277 0 110 20 110 0 2 0
L 25 105 10 0 3 0 1 0 A18
A -20 110 10 0 3 0 PINTYPE=BI
A -5 110 10 0 3 3 #=D5
P 278 0 100 20 100 0 2 0
L 25 95 10 0 3 0 1 0 A19
A -20 100 10 0 3 0 PINTYPE=BI
A -5 100 10 0 3 3 #=D6
P 279 0 90 20 90 0 2 0
L 25 85 10 0 3 0 1 0 A20
A -20 90 10 0 3 0 PINTYPE=BI
A -5 90 10 0 3 3 #=D7
P 280 0 80 20 80 0 2 0
L 25 75 10 0 3 0 1 0 A21
A -20 80 10 0 3 0 PINTYPE=BI
A -5 80 10 0 3 3 #=D8
P 281 0 70 20 70 0 2 0
L 25 65 10 0 3 0 1 0 A22
A -20 70 10 0 3 0 PINTYPE=BI
A -5 70 10 0 3 3 #=D9
P 282 0 60 20 60 0 2 0
L 25 55 10 0 3 0 1 0 A23
A -20 60 10 0 3 0 PINTYPE=BI
A -5 60 10 0 3 3 #=D10
P 283 0 50 20 50 0 2 0
L 25 45 10 0 3 0 1 0 A24
A -20 50 10 0 3 0 PINTYPE=BI
A -5 50 10 0 3 3 #=D11
P 284 0 40 20 40 0 2 0
L 25 35 10 0 3 0 1 0 A25
A -20 40 10 0 3 0 PINTYPE=BI
A -5 40 10 0 3 3 #=D12
P 242 0 530 20 530 0 2 0
L 25 525 10 0 3 0 1 0 CCLK
A -20 530 10 0 3 0 PINTYPE=OUT
A 0 530 10 0 3 3 #=A1
P 184 0 450 20 450 0 2 0
L 24 445 10 0 3 0 1 0 D0_FS0
A -20 450 10 0 3 0 PINTYPE=BI
A 0 450 10 0 3 3 #=C1
P 176 0 350 20 350 0 2 0
L 24 345 10 0 3 0 1 0 D10
A -20 350 10 0 3 0 PINTYPE=OUT
A -5 350 10 0 3 3 #=C11
P 175 0 340 20 340 0 2 0
L 24 335 10 0 3 0 1 0 D11
A -20 340 10 0 3 0 PINTYPE=OUT
A -5 340 10 0 3 3 #=C12
P 154 0 330 20 330 0 2 0
L 24 325 10 0 3 0 1 0 D12
A -20 330 10 0 3 0 PINTYPE=BI
A -5 330 10 0 3 3 #=C13
P 153 0 320 20 320 0 2 0
L 24 315 10 0 3 0 1 0 D13
A -20 320 10 0 3 0 PINTYPE=BI
A -5 320 10 0 3 3 #=C14
P 156 0 310 20 310 0 2 0
L 24 305 10 0 3 0 1 0 D14
A -20 310 10 0 3 0 PINTYPE=BI
A -5 310 10 0 3 3 #=C15
P 157 0 300 20 300 0 2 0
L 24 295 10 0 3 0 1 0 D15
A -20 300 10 0 3 0 PINTYPE=BI
A -5 300 10 0 3 3 #=C16
P 183 0 440 20 440 0 2 0
L 24 435 10 0 3 0 1 0 D1_FS1
A -20 440 10 0 3 0 PINTYPE=BI
A 0 440 10 0 3 3 #=C2
P 182 0 430 20 430 0 2 0
L 24 425 10 0 3 0 1 0 D2_FS2
A -20 430 10 0 3 0 PINTYPE=BI
A 0 430 10 0 3 3 #=C3
P 181 0 420 20 420 0 2 0
L 24 415 10 0 3 0 1 0 D3
A -20 420 10 0 3 0 PINTYPE=BI
A 0 420 10 0 3 3 #=C4
P 180 0 410 20 410 0 2 0
L 24 405 10 0 3 0 1 0 D4
A -20 410 10 0 3 0 PINTYPE=BI
A 0 410 10 0 3 3 #=C5
P 179 0 400 20 400 0 2 0
L 24 395 10 0 3 0 1 0 D5
A -20 400 10 0 3 0 PINTYPE=BI
A 0 400 10 0 3 3 #=C6
P 186 0 390 20 390 0 2 0
L 24 385 10 0 3 0 1 0 D6
A -20 390 10 0 3 0 PINTYPE=BI
A 0 390 10 0 3 3 #=C7
P 185 0 380 20 380 0 2 0
L 24 375 10 0 3 0 1 0 D7
A -20 380 10 0 3 0 PINTYPE=BI
A 0 380 10 0 3 3 #=C8
P 178 0 370 20 370 0 2 0
L 24 365 10 0 3 0 1 0 D8
A -20 370 10 0 3 0 PINTYPE=BI
A 0 370 10 0 3 3 #=C9
P 177 0 360 20 360 0 2 0
L 24 355 10 0 3 0 1 0 D9
A -20 360 10 0 3 0 PINTYPE=BI
A -5 360 10 0 3 3 #=C10
P 236 0 500 20 500 0 2 0
L 25 495 10 0 3 0 1 0 DIN
A -20 500 10 0 3 0 PINTYPE=IN
A 0 500 10 0 3 3 #=A5
P 238 0 480 20 480 0 2 0
L 25 475 10 0 3 0 1 0 DONE
A -20 480 10 0 3 0 PINTYPE=BI
A 0 480 10 0 3 3 #=A7
P 312 0 570 20 570 0 2 0
L 25 565 10 0 3 0 1 0 FCS_B
A -20 570 10 0 3 0 PINTYPE=BI
A 0 570 10 0 3 3 #=B3
P 313 0 580 20 580 0 2 0
L 25 575 10 0 3 0 1 0 FWE_B
A -20 580 10 0 3 0 PINTYPE=BI
A 0 580 10 0 3 3 #=B2
P 239 0 470 20 470 0 2 0
L 24 465 10 0 3 0 1 0 INIT_B
A -20 470 10 0 3 0 PINTYPE=BI
A 0 470 10 0 3 3 #=A8
P 311 0 550 20 550 0 2 0
L 25 545 10 0 3 0 1 0 ADV_B
A -20 550 10 0 3 0 PINTYPE=BI
A 0 550 10 0 3 3 #=B4
P 235 0 490 20 490 0 2 0
L 25 485 10 0 3 0 1 0 PROGRAM_B
A -20 490 10 0 3 0 PINTYPE=BI
A 0 490 10 0 3 3 #=A6
P 240 0 510 20 510 0 2 0
L 25 505 10 0 3 0 1 0 RDWR_B
A -20 510 10 0 3 0 PINTYPE=BI
A 0 510 10 0 3 3 #=A4
P 310 0 560 20 560 0 2 0
L 25 555 10 0 3 0 1 0 S6_FOE_B
A -20 560 10 0 3 0 PINTYPE=BI
A 0 560 10 0 3 3 #=B9
P 309 0 590 20 590 0 2 0
L 25 585 10 0 3 0 1 0 S6_MOSI_CSI_B_MISO0
A -20 590 10 0 3 0 PINTYPE=BI
A -5 590 10 0 3 3 #=B10
P 307 240 680 220 680 0 3 0
L 181 675 10 0 3 0 1 0 SPARE1
A 260 680 10 0 9 0 PINTYPE=BI
A 240 680 10 0 9 3 #=A2
P 298 240 590 220 590 0 3 0
L 176 585 10 0 3 0 1 0 SPARE10
A 260 590 10 0 9 0 PINTYPE=BI
A 245 590 10 0 9 3 #=A17
P 297 240 580 220 580 0 3 0
L 176 575 10 0 3 0 1 0 SPARE11
A 260 580 10 0 9 0 PINTYPE=BI
A 245 580 10 0 9 3 #=A18
P 296 240 570 220 570 0 3 0
L 176 565 10 0 3 0 1 0 SPARE12
A 260 570 10 0 9 0 PINTYPE=BI
A 245 570 10 0 9 3 #=A19
P 295 240 560 220 560 0 3 0
L 176 555 10 0 3 0 1 0 SPARE13
A 260 560 10 0 9 0 PINTYPE=BI
A 245 560 10 0 9 3 #=A20
P 294 240 550 220 550 0 3 0
L 176 545 10 0 3 0 1 0 SPARE14
A 260 550 10 0 9 0 PINTYPE=BI
A 245 550 10 0 9 3 #=A21
P 293 240 540 220 540 0 3 0
L 176 535 10 0 3 0 1 0 SPARE15
A 260 540 10 0 9 0 PINTYPE=BI
A 245 540 10 0 9 3 #=A22
P 292 240 530 220 530 0 3 0
L 176 525 10 0 3 0 1 0 SPARE16
A 260 530 10 0 9 0 PINTYPE=BI
A 245 530 10 0 9 3 #=A23
P 291 240 520 220 520 0 3 0
L 176 515 10 0 3 0 1 0 SPARE17
A 260 520 10 0 9 0 PINTYPE=BI
A 245 520 10 0 9 3 #=A24
P 290 240 510 220 510 0 3 0
L 176 505 10 0 3 0 1 0 SPARE18
A 260 510 10 0 9 0 PINTYPE=BI
A 245 510 10 0 9 3 #=A25
P 289 240 500 220 500 0 3 0
L 176 495 10 0 3 0 1 0 SPARE19
A 260 500 10 0 9 0 PINTYPE=BI
A 245 500 10 0 9 3 #=A26
P 306 240 670 220 670 0 3 0
L 181 665 10 0 3 0 1 0 SPARE2
A 260 670 10 0 9 0 PINTYPE=BI
A 240 670 10 0 9 3 #=A9
P 288 240 490 220 490 0 3 0
L 176 485 10 0 3 0 1 0 SPARE20
A 260 490 10 0 9 0 PINTYPE=BI
A 245 490 10 0 9 3 #=A27
P 287 240 480 220 480 0 3 0
L 176 475 10 0 3 0 1 0 SPARE21
A 260 480 10 0 9 0 PINTYPE=BI
A 245 480 10 0 9 3 #=A28
P 286 240 470 220 470 0 3 0
L 176 465 10 0 3 0 1 0 SPARE22
A 260 470 10 0 9 0 PINTYPE=BI
A 245 470 10 0 9 3 #=A29
P 285 240 460 220 460 0 3 0
L 176 455 10 0 3 0 1 0 SPARE23
A 260 460 10 0 9 0 PINTYPE=BI
A 245 460 10 0 9 3 #=A30
P 246 240 450 220 450 0 3 0
L 176 445 10 0 3 0 1 0 SPARE24
A 260 450 10 0 9 0 PINTYPE=BI
A 240 450 10 0 9 3 #=B5
P 245 240 440 220 440 0 3 0
L 176 435 10 0 3 0 1 0 SPARE25
A 260 440 10 0 9 0 PINTYPE=BI
A 240 440 10 0 9 3 #=B6
P 244 240 430 220 430 0 3 0
L 176 425 10 0 3 0 1 0 SPARE26
A 260 430 10 0 9 0 PINTYPE=BI
A 240 430 10 0 9 3 #=B7
P 243 240 420 220 420 0 3 0
L 176 415 10 0 3 0 1 0 SPARE27
A 260 420 10 0 9 0 PINTYPE=BI
A 240 420 10 0 9 3 #=B8
P 265 240 410 220 410 0 3 0
L 176 405 10 0 3 0 1 0 SPARE28
A 260 410 10 0 9 0 PINTYPE=BI
A 245 410 10 0 9 3 #=B11
P 264 240 400 220 400 0 3 0
L 176 395 10 0 3 0 1 0 SPARE29
A 260 400 10 0 9 0 PINTYPE=BI
A 245 400 10 0 9 3 #=B12
P 305 240 660 220 660 0 3 0
L 181 655 10 0 3 0 1 0 SPARE3
A 260 660 10 0 9 0 PINTYPE=BI
A 245 660 10 0 9 3 #=A10
P 263 240 390 220 390 0 3 0
L 176 385 10 0 3 0 1 0 SPARE30
A 260 390 10 0 9 0 PINTYPE=BI
A 245 390 10 0 9 3 #=B13
P 262 240 380 220 380 0 3 0
L 176 375 10 0 3 0 1 0 SPARE31
A 260 380 10 0 9 0 PINTYPE=BI
A 245 380 10 0 9 3 #=B14
P 261 240 370 220 370 0 3 0
L 176 365 10 0 3 0 1 0 SPARE32
A 260 370 10 0 9 0 PINTYPE=BI
A 245 370 10 0 9 3 #=B15
P 260 240 360 220 360 0 3 0
L 176 355 10 0 3 0 1 0 SPARE33
A 260 360 10 0 9 0 PINTYPE=BI
A 245 360 10 0 9 3 #=B16
P 266 240 350 220 350 0 3 0
L 176 345 10 0 3 0 1 0 SPARE34
A 260 350 10 0 9 0 PINTYPE=BI
A 245 350 10 0 9 3 #=B17
P 259 240 340 220 340 0 3 0
L 176 335 10 0 3 0 1 0 SPARE35
A 260 340 10 0 9 0 PINTYPE=BI
A 245 340 10 0 9 3 #=B18
P 258 240 330 220 330 0 3 0
L 176 325 10 0 3 0 1 0 SPARE36
A 260 330 10 0 9 0 PINTYPE=BI
A 245 330 10 0 9 3 #=B19
P 257 240 320 220 320 0 3 0
L 176 315 10 0 3 0 1 0 SPARE37
A 260 320 10 0 9 0 PINTYPE=BI
A 245 320 10 0 9 3 #=B20
P 256 240 310 220 310 0 3 0
L 176 305 10 0 3 0 1 0 SPARE38
A 260 310 10 0 9 0 PINTYPE=BI
A 245 310 10 0 9 3 #=B21
P 255 240 300 220 300 0 3 0
L 176 295 10 0 3 0 1 0 SPARE39
A 260 300 10 0 9 0 PINTYPE=BI
A 245 300 10 0 9 3 #=B22
P 304 240 650 220 650 0 3 0
L 181 645 10 0 3 0 1 0 SPARE4
A 260 650 10 0 9 0 PINTYPE=BI
A 245 650 10 0 9 3 #=A11
P 254 240 290 220 290 0 3 0
L 176 285 10 0 3 0 1 0 SPARE40
A 260 290 10 0 9 0 PINTYPE=BI
A 245 290 10 0 9 3 #=B23
P 253 240 280 220 280 0 3 0
L 176 275 10 0 3 0 1 0 SPARE41
A 260 280 10 0 9 0 PINTYPE=BI
A 245 280 10 0 9 3 #=B24
P 252 240 270 220 270 0 3 0
L 176 265 10 0 3 0 1 0 SPARE42
A 260 270 10 0 9 0 PINTYPE=BI
A 245 270 10 0 9 3 #=B25
P 251 240 260 220 260 0 3 0
L 176 255 10 0 3 0 1 0 SPARE43
A 260 260 10 0 9 0 PINTYPE=BI
A 245 260 10 0 9 3 #=B26
P 250 240 250 220 250 0 3 0
L 176 245 10 0 3 0 1 0 SPARE44
A 260 250 10 0 9 0 PINTYPE=BI
A 245 250 10 0 9 3 #=B27
P 249 240 240 220 240 0 3 0
L 176 235 10 0 3 0 1 0 SPARE45
A 260 240 10 0 9 0 PINTYPE=BI
A 245 240 10 0 9 3 #=B28
P 248 240 230 220 230 0 3 0
L 176 225 10 0 3 0 1 0 SPARE46
A 260 230 10 0 9 0 PINTYPE=BI
A 245 230 10 0 9 3 #=B29
P 247 240 220 220 220 0 3 0
L 176 215 10 0 3 0 1 0 SPARE47
A 260 220 10 0 9 0 PINTYPE=BI
A 245 220 10 0 9 3 #=B30
P 168 240 210 220 210 0 3 0
L 197 205 10 0 3 0 1 0 A26
A 260 210 10 0 9 0 PINTYPE=IN
A 245 210 10 0 9 3 #=D13
P 170 240 200 220 200 0 3 0
L 197 195 10 0 3 0 1 0 A27
A 260 200 10 0 9 0 PINTYPE=OUT
A 245 200 10 0 9 3 #=D14
P 303 240 640 220 640 0 3 0
L 181 635 10 0 3 0 1 0 SPARE5
A 260 640 10 0 9 0 PINTYPE=BI
A 245 640 10 0 9 3 #=A12
P 169 240 190 220 190 0 3 0
L 197 185 10 0 3 0 1 0 A28
A 260 190 10 0 9 0 PINTYPE=OUT
A 245 190 10 0 9 3 #=D15
P 167 240 180 220 180 0 3 0
L 177 175 10 0 3 0 1 0 SPARE51
A 260 180 10 0 9 0 PINTYPE=OUT
A 245 180 10 0 9 3 #=D16
P 164 240 170 220 170 0 3 0
L 177 165 10 0 3 0 1 0 SPARE52
A 260 170 10 0 9 0 PINTYPE=OUT
A 245 170 10 0 9 3 #=D17
P 166 240 160 220 160 0 3 0
L 177 155 10 0 3 0 1 0 SPARE53
A 260 160 10 0 9 0 PINTYPE=OUT
A 245 160 10 0 9 3 #=D18
P 165 240 150 220 150 0 3 0
L 177 145 10 0 3 0 1 0 SPARE54
A 260 150 10 0 9 0 PINTYPE=OUT
A 245 150 10 0 9 3 #=D19
P 171 240 140 220 140 0 3 0
L 177 135 10 0 3 0 1 0 SPARE55
A 260 140 10 0 9 0 PINTYPE=OUT
A 245 140 10 0 9 3 #=D20
P 172 240 130 220 130 0 3 0
L 177 125 10 0 3 0 1 0 SPARE56
A 260 130 10 0 9 0 PINTYPE=OUT
A 245 130 10 0 9 3 #=D21
P 174 240 120 220 120 0 3 0
L 177 115 10 0 3 0 1 0 SPARE57
A 260 120 10 0 9 0 PINTYPE=OUT
A 245 120 10 0 9 3 #=D22
P 205 240 110 220 110 0 3 0
L 177 105 10 0 3 0 1 0 SPARE58
A 260 110 10 0 9 0 PINTYPE=IN
A 245 110 10 0 9 3 #=D23
P 204 240 100 220 100 0 3 0
L 177 95 10 0 3 0 1 0 SPARE59
A 260 100 10 0 9 0 PINTYPE=IN
A 245 100 10 0 9 3 #=D24
P 302 240 630 220 630 0 3 0
L 181 625 10 0 3 0 1 0 SPARE6
A 260 630 10 0 9 0 PINTYPE=BI
A 245 630 10 0 9 3 #=A13
P 203 240 90 220 90 0 3 0
L 177 85 10 0 3 0 1 0 SPARE60
A 260 90 10 0 9 0 PINTYPE=IN
A 245 90 10 0 9 3 #=D25
P 173 240 80 220 80 0 3 0
L 177 75 10 0 3 0 1 0 SPARE61
A 260 80 10 0 9 0 PINTYPE=OUT
A 245 80 10 0 9 3 #=D26
P 200 240 70 220 70 0 3 0
L 177 65 10 0 3 0 1 0 SPARE62
A 260 70 10 0 9 0 PINTYPE=IN
A 245 70 10 0 9 3 #=D27
P 207 240 60 220 60 0 3 0
L 177 55 10 0 3 0 1 0 SPARE63
A 260 60 10 0 9 0 PINTYPE=OUT
A 245 60 10 0 9 3 #=D28
P 206 240 50 220 50 0 3 0
L 177 45 10 0 3 0 1 0 SPARE64
A 260 50 10 0 9 0 PINTYPE=OUT
A 245 50 10 0 9 3 #=D29
P 201 240 40 220 40 0 3 0
L 177 35 10 0 3 0 1 0 SPARE65
A 260 40 10 0 9 0 PINTYPE=IN
A 245 40 10 0 9 3 #=D30
P 301 240 620 220 620 0 3 0
L 182 615 10 0 3 0 1 0 SPARE7
A 260 620 10 0 9 0 PINTYPE=BI
A 245 620 10 0 9 3 #=A14
P 300 240 610 220 610 0 3 0
L 182 605 10 0 3 0 1 0 SPARE8
A 260 610 10 0 9 0 PINTYPE=BI
A 245 610 10 0 9 3 #=A15
P 299 240 600 220 600 0 3 0
L 182 595 10 0 3 0 1 0 SPARE9
A 260 600 10 0 9 0 PINTYPE=BI
A 245 600 10 0 9 3 #=A16
P 241 0 520 20 520 0 2 0
L 25 515 10 0 3 0 1 0 V6_CSI_B
A -20 520 10 0 3 0 PINTYPE=OUT
A 0 520 10 0 3 3 #=A3
P 314 0 600 20 600 0 2 0
L 25 595 10 0 3 0 1 0 V6_FOE_MOSI
A -20 600 10 0 3 0 PINTYPE=BI
A 0 600 10 0 3 3 #=B1
b 20 20 220 700
E
