V 51
K 137720128300 seaf_120_zynq_pass_thru
|R 7:21_9-29-11
Y 1
D 0 0 240 680
Z 10
i 319
U 0 -110 10 0 3 0 DIST_P/N=SEAF-30-05.0-S-04-2-A
U 0 -100 10 0 3 0 MANF_P/N=SEAF-30-05.0-S-04-2-A
U 0 -90 10 0 3 0 DIST=SAMTEC
U 0 -80 10 0 3 0 MANF=SAMTEC
U 0 -40 10 0 3 0 DESCRIPTION=120-PIN SEARAY CONNECTOR, FEMALE
U 0 -30 10 0 3 0 PARTS=1
U 0 -20 10 0 3 0 LEVEL=STD
U 80 5 10 0 3 3 PKG_TYPE=SAMTEC_SEAF_30X4
U 15 0 16 0 3 3 REFDES=J?
U 20 705 10 0 3 0 DEVICE=SAMTEC_SEAF_04X30
P 262 240 335 220 335 0 3 0
L 170 330 10 0 3 0 1 0 DDR_BA0
A 260 335 10 0 9 0 PINTYPE=BI
A 235 335 10 0 9 3 #=D1
P 261 240 325 220 325 0 3 0
L 170 320 10 0 3 0 1 0 DDR_BA1
A 260 325 10 0 9 0 PINTYPE=BI
A 235 325 10 0 9 3 #=D2
P 253 240 235 220 235 0 3 0
L 175 230 10 0 3 0 1 0 DDR_A5
A 260 235 10 0 9 0 PINTYPE=BI
A 240 235 10 0 9 3 #=D11
P 252 240 225 220 225 0 3 0
L 175 220 10 0 3 0 1 0 DDR_A2
A 260 225 10 0 9 0 PINTYPE=BI
A 240 225 10 0 9 3 #=D12
P 251 240 215 220 215 0 3 0
L 175 210 10 0 3 0 1 0 DDR_A3
A 260 215 10 0 9 0 PINTYPE=BI
A 240 215 10 0 9 3 #=D13
P 260 240 315 220 315 0 3 0
L 170 310 10 0 3 0 1 0 DDR_A12
A 260 315 10 0 9 0 PINTYPE=BI
A 235 315 10 0 9 3 #=D3
P 266 240 305 220 305 0 3 0
L 170 300 10 0 3 0 1 0 DDR_A10
A 260 305 10 0 9 0 PINTYPE=BI
A 235 305 10 0 9 3 #=D4
P 259 240 295 220 295 0 3 0
L 170 290 10 0 3 0 1 0 DDR_A11
A 260 295 10 0 9 0 PINTYPE=BI
A 235 295 10 0 9 3 #=D5
P 258 240 285 220 285 0 3 0
L 175 280 10 0 3 0 1 0 DDR_A8
A 260 285 10 0 9 0 PINTYPE=BI
A 235 285 10 0 9 3 #=D6
P 257 240 275 220 275 0 3 0
L 175 270 10 0 3 0 1 0 DDR_A9
A 260 275 10 0 9 0 PINTYPE=BI
A 235 275 10 0 9 3 #=D7
P 256 240 265 220 265 0 3 0
L 175 260 10 0 3 0 1 0 DDR_A6
A 260 265 10 0 9 0 PINTYPE=BI
A 235 265 10 0 9 3 #=D8
P 255 240 255 220 255 0 3 0
L 175 250 10 0 3 0 1 0 DDR_A7
A 260 255 10 0 9 0 PINTYPE=BI
A 235 255 10 0 9 3 #=D9
P 254 240 245 220 245 0 3 0
L 175 240 10 0 3 0 1 0 DDR_A4
A 260 245 10 0 9 0 PINTYPE=BI
A 240 245 10 0 9 3 #=D10
P 248 240 185 220 185 0 3 0
L 165 180 10 0 3 0 1 0 PS_POR_B
A 260 185 10 0 9 0 PINTYPE=BI
A 240 185 10 0 9 3 #=D16
P 249 240 195 220 195 0 3 0
L 175 190 10 0 3 0 1 0 DDR_A1
A 260 195 10 0 9 0 PINTYPE=BI
A 240 195 10 0 9 3 #=D15
P 250 240 205 220 205 0 3 0
L 175 200 10 0 3 0 1 0 DDR_A0
A 260 205 10 0 9 0 PINTYPE=BI
A 240 205 10 0 9 3 #=D14
P 170 240 155 220 155 0 3 0
L 160 150 10 0 3 0 1 0 DDR_CAS_B
A 260 155 10 0 9 0 PINTYPE=OUT
A 240 155 10 0 9 3 #=D19
P 205 240 65 220 65 0 3 0
L 170 60 10 0 3 0 1 0 DDR_CKE
A 260 65 10 0 9 0 PINTYPE=IN
A 240 65 10 0 9 3 #=D28
P 203 240 45 220 45 0 3 0
L 170 40 10 0 3 0 1 0 DDR_CKN
A 260 45 10 0 9 0 PINTYPE=IN
A 240 45 10 0 9 3 #=D30
P 204 240 55 220 55 0 3 0
L 170 50 10 0 3 0 1 0 DDR_CKP
A 260 55 10 0 9 0 PINTYPE=IN
A 240 55 10 0 9 3 #=D29
P 167 240 135 220 135 0 3 0
L 165 130 10 0 3 0 1 0 DDR_CS_B
A 260 135 10 0 9 0 PINTYPE=OUT
A 240 135 10 0 9 3 #=D21
P 165 240 105 220 105 0 3 0
L 170 100 10 0 3 0 1 0 DDR_DM0
A 260 105 10 0 9 0 PINTYPE=OUT
A 240 105 10 0 9 3 #=D24
P 174 240 75 220 75 0 3 0
L 170 70 10 0 3 0 1 0 DDR_DM1
A 260 75 10 0 9 0 PINTYPE=OUT
A 240 75 10 0 9 3 #=D27
P 297 240 535 220 535 0 3 0
L 160 530 10 0 3 0 1 0 SPARE_C11
A 260 535 10 0 9 0 PINTYPE=BI
A 240 535 10 0 9 3 #=C11
P 296 240 525 220 525 0 3 0
L 160 520 10 0 3 0 1 0 SPARE_C12
A 260 525 10 0 9 0 PINTYPE=BI
A 240 525 10 0 9 3 #=C12
P 295 240 515 220 515 0 3 0
L 160 510 10 0 3 0 1 0 SPARE_C13
A 260 515 10 0 9 0 PINTYPE=BI
A 240 515 10 0 9 3 #=C13
P 294 240 505 220 505 0 3 0
L 160 500 10 0 3 0 1 0 SPARE_C14
A 260 505 10 0 9 0 PINTYPE=BI
A 240 505 10 0 9 3 #=C14
P 293 240 495 220 495 0 3 0
L 170 490 10 0 3 0 1 0 DDR_DQ0
A 260 495 10 0 9 0 PINTYPE=BI
A 240 495 10 0 9 3 #=C15
P 292 240 485 220 485 0 3 0
L 170 480 10 0 3 0 1 0 DDR_DQ1
A 260 485 10 0 9 0 PINTYPE=BI
A 240 485 10 0 9 3 #=C16
P 305 240 615 220 615 0 3 0
L 185 610 10 0 3 0 1 0 DONE
A 260 615 10 0 9 0 PINTYPE=BI
A 235 615 10 0 9 3 #=C3
P 304 240 605 220 605 0 3 0
L 165 600 10 0 3 0 1 0 SPARE_C4
A 260 605 10 0 9 0 PINTYPE=BI
A 235 605 10 0 9 3 #=C4
P 303 240 595 220 595 0 3 0
L 165 590 10 0 3 0 1 0 SPARE_C5
A 260 595 10 0 9 0 PINTYPE=BI
A 235 595 10 0 9 3 #=C5
P 302 240 585 220 585 0 3 0
L 165 580 10 0 3 0 1 0 SPARE_C6
A 260 585 10 0 9 0 PINTYPE=BI
A 235 585 10 0 9 3 #=C6
P 301 240 575 220 575 0 3 0
L 165 570 10 0 3 0 1 0 SPARE_C7
A 260 575 10 0 9 0 PINTYPE=BI
A 235 575 10 0 9 3 #=C7
P 300 240 565 220 565 0 3 0
L 165 560 10 0 3 0 1 0 SPARE_C8
A 260 565 10 0 9 0 PINTYPE=BI
A 235 565 10 0 9 3 #=C8
P 299 240 555 220 555 0 3 0
L 165 550 10 0 3 0 1 0 SPARE_C9
A 260 555 10 0 9 0 PINTYPE=BI
A 235 555 10 0 9 3 #=C9
P 298 240 545 220 545 0 3 0
L 160 540 10 0 3 0 1 0 SPARE_C10
A 260 545 10 0 9 0 PINTYPE=BI
A 240 545 10 0 9 3 #=C10
P 172 240 85 220 85 0 3 0
L 155 80 10 0 3 0 1 0 DDR_DQS_N0
A 260 85 10 0 9 0 PINTYPE=OUT
A 240 85 10 0 9 3 #=D26
P 166 240 115 220 115 0 3 0
L 155 110 10 0 3 0 1 0 DDR_DQS_N1
A 260 115 10 0 9 0 PINTYPE=OUT
A 240 115 10 0 9 3 #=D23
P 171 240 95 220 95 0 3 0
L 155 90 10 0 3 0 1 0 DDR_DQS_P0
A 260 95 10 0 9 0 PINTYPE=OUT
A 240 95 10 0 9 3 #=D25
P 164 240 125 220 125 0 3 0
L 155 120 10 0 3 0 1 0 DDR_DQS_P1
A 260 125 10 0 9 0 PINTYPE=OUT
A 240 125 10 0 9 3 #=D22
P 247 240 175 220 175 0 3 0
L 170 170 10 0 3 0 1 0 DDR_ODT
A 260 175 10 0 9 0 PINTYPE=BI
A 240 175 10 0 9 3 #=D17
P 169 240 145 220 145 0 3 0
L 160 140 10 0 3 0 1 0 DDR_RAS_B
A 260 145 10 0 9 0 PINTYPE=OUT
A 240 145 10 0 9 3 #=D20
P 168 240 165 220 165 0 3 0
L 165 160 10 0 3 0 1 0 DDR_WE_B
A 260 165 10 0 9 0 PINTYPE=IN
A 240 165 10 0 9 3 #=D18
P 242 0 635 20 635 0 2 0
L 30 630 10 0 3 0 1 0 PS_CLK
A -20 635 10 0 3 0 PINTYPE=OUT
A 0 635 10 0 3 3 #=A1
P 317 0 65 20 65 0 2 0
L 30 60 10 0 3 0 1 0 PS_MIO0
A -20 65 10 0 3 0 PINTYPE=BI
A 0 65 10 0 3 3 #=B28
P 316 0 75 20 75 0 2 0
L 30 70 10 0 3 0 1 0 PS_MIO1
A -20 75 10 0 3 0 PINTYPE=BI
A 0 75 10 0 3 3 #=B27
P 276 0 165 20 165 0 2 0
L 30 160 10 0 3 0 1 0 PS_MIO10
A -20 165 10 0 3 0 PINTYPE=BI
A 0 165 10 0 3 3 #=B18
P 275 0 175 20 175 0 2 0
L 30 170 10 0 3 0 1 0 PS_MIO11
A -20 175 10 0 3 0 PINTYPE=BI
A 0 175 10 0 3 3 #=B17
P 274 0 185 20 185 0 2 0
L 30 180 10 0 3 0 1 0 PS_MIO12
A -20 185 10 0 3 0 PINTYPE=BI
A 0 185 10 0 3 3 #=B16
P 273 0 195 20 195 0 2 0
L 30 190 10 0 3 0 1 0 PS_MIO13
A -20 195 10 0 3 0 PINTYPE=BI
A 0 195 10 0 3 3 #=B15
P 212 0 205 20 205 0 2 0
L 30 200 10 0 3 0 1 0 PS_MIO14
A -20 205 10 0 3 0 PINTYPE=BI
A 0 205 10 0 3 3 #=B14
P 134 0 215 20 215 0 2 0
L 30 210 10 0 3 0 1 0 PS_MIO15
A -20 215 10 0 3 0 PINTYPE=BI
A 0 215 10 0 3 3 #=B13
P 191 0 225 20 225 0 2 0
L 30 220 10 0 3 0 1 0 PS_MIO16
A -20 225 10 0 3 0 PINTYPE=IN
A 0 225 10 0 3 3 #=B12
P 190 0 235 20 235 0 2 0
L 30 230 10 0 3 0 1 0 PS_MIO17
A -20 235 10 0 3 0 PINTYPE=IN
A 0 235 10 0 3 3 #=B11
P 189 0 245 20 245 0 2 0
L 30 240 10 0 3 0 1 0 PS_MIO18
A -20 245 10 0 3 0 PINTYPE=IN
A 0 245 10 0 3 3 #=B10
P 188 0 255 20 255 0 2 0
L 30 250 10 0 3 0 1 0 PS_MIO19
A -20 255 10 0 3 0 PINTYPE=IN
A 0 255 10 0 3 3 #=B9
P 284 0 85 20 85 0 2 0
L 30 80 10 0 3 0 1 0 PS_MIO2
A -20 85 10 0 3 0 PINTYPE=BI
A 0 85 10 0 3 3 #=B26
P 135 0 265 20 265 0 2 0
L 30 260 10 0 3 0 1 0 PS_MIO20
A -20 265 10 0 3 0 PINTYPE=BI
A 0 265 10 0 3 3 #=B8
P 146 0 275 20 275 0 2 0
L 30 270 10 0 3 0 1 0 PS_MIO21
A -20 275 10 0 3 0 PINTYPE=BI
A 0 275 10 0 3 3 #=B7
P 147 0 285 20 285 0 2 0
L 30 280 10 0 3 0 1 0 PS_MIO22
A -20 285 10 0 3 0 PINTYPE=BI
A 0 285 10 0 3 3 #=B6
P 159 0 295 20 295 0 2 0
L 30 290 10 0 3 0 1 0 PS_MIO23
A -20 295 10 0 3 0 PINTYPE=BI
A 0 295 10 0 3 3 #=B5
P 161 0 305 20 305 0 2 0
L 30 300 10 0 3 0 1 0 PS_MIO24
A -20 305 10 0 3 0 PINTYPE=BI
A 0 305 10 0 3 3 #=B4
P 158 0 315 20 315 0 2 0
L 30 310 10 0 3 0 1 0 PS_MIO25
A -20 315 10 0 3 0 PINTYPE=BI
A 0 315 10 0 3 3 #=B3
P 160 0 325 20 325 0 2 0
L 30 320 10 0 3 0 1 0 PS_MIO26
A -20 325 10 0 3 0 PINTYPE=BI
A 0 325 10 0 3 3 #=B2
P 155 0 335 20 335 0 2 0
L 30 330 10 0 3 0 1 0 PS_MIO27
A -20 335 10 0 3 0 PINTYPE=BI
A 0 335 10 0 3 3 #=B1
P 157 0 345 20 345 0 2 0
L 30 340 10 0 3 0 1 0 PS_MIO28
A -20 345 10 0 3 0 PINTYPE=BI
A 0 345 10 0 3 3 #=A30
P 156 0 355 20 355 0 2 0
L 30 350 10 0 3 0 1 0 PS_MIO29
A -20 355 10 0 3 0 PINTYPE=BI
A 0 355 10 0 3 3 #=A29
P 283 0 95 20 95 0 2 0
L 30 90 10 0 3 0 1 0 PS_MIO3
A -20 95 10 0 3 0 PINTYPE=BI
A 0 95 10 0 3 3 #=B25
P 153 0 365 20 365 0 2 0
L 30 360 10 0 3 0 1 0 PS_MIO30
A -20 365 10 0 3 0 PINTYPE=BI
A 0 365 10 0 3 3 #=A28
P 154 0 375 20 375 0 2 0
L 30 370 10 0 3 0 1 0 PS_MIO31
A -20 375 10 0 3 0 PINTYPE=BI
A 0 375 10 0 3 3 #=A27
P 175 0 385 20 385 0 2 0
L 30 380 10 0 3 0 1 0 PS_MIO32
A -20 385 10 0 3 0 PINTYPE=OUT
A 0 385 10 0 3 3 #=A26
P 176 0 395 20 395 0 2 0
L 30 390 10 0 3 0 1 0 PS_MIO33
A -20 395 10 0 3 0 PINTYPE=OUT
A 0 395 10 0 3 3 #=A25
P 177 0 405 20 405 0 2 0
L 30 400 10 0 3 0 1 0 PS_MIO34
A -20 405 10 0 3 0 PINTYPE=BI
A 0 405 10 0 3 3 #=A24
P 178 0 415 20 415 0 2 0
L 30 410 10 0 3 0 1 0 PS_MIO35
A -20 415 10 0 3 0 PINTYPE=BI
A 0 415 10 0 3 3 #=A23
P 185 0 425 20 425 0 2 0
L 30 420 10 0 3 0 1 0 PS_MIO36
A -20 425 10 0 3 0 PINTYPE=BI
A 0 425 10 0 3 3 #=A22
P 186 0 435 20 435 0 2 0
L 30 430 10 0 3 0 1 0 PS_MIO37
A -20 435 10 0 3 0 PINTYPE=BI
A 0 435 10 0 3 3 #=A21
P 179 0 445 20 445 0 2 0
L 30 440 10 0 3 0 1 0 PS_MIO38
A -20 445 10 0 3 0 PINTYPE=BI
A 0 445 10 0 3 3 #=A20
P 180 0 455 20 455 0 2 0
L 30 450 10 0 3 0 1 0 PS_MIO39
A -20 455 10 0 3 0 PINTYPE=BI
A 0 455 10 0 3 3 #=A19
P 282 0 105 20 105 0 2 0
L 30 100 10 0 3 0 1 0 PS_MIO4
A -20 105 10 0 3 0 PINTYPE=BI
A 0 105 10 0 3 3 #=B24
P 181 0 465 20 465 0 2 0
L 30 460 10 0 3 0 1 0 SPARE_A18
A -20 465 10 0 3 0 PINTYPE=BI
A 0 465 10 0 3 3 #=A18
P 182 0 475 20 475 0 2 0
L 30 470 10 0 3 0 1 0 SPARE_A17
A -20 475 10 0 3 0 PINTYPE=BI
A 0 475 10 0 3 3 #=A17
P 183 0 485 20 485 0 2 0
L 30 480 10 0 3 0 1 0 SPARE_A16
A -20 485 10 0 3 0 PINTYPE=BI
A 0 485 10 0 3 3 #=A16
P 184 0 495 20 495 0 2 0
L 30 490 10 0 3 0 1 0 SPARE_A15
A -20 495 10 0 3 0 PINTYPE=BI
A 0 495 10 0 3 3 #=A15
P 311 0 505 20 505 0 2 0
L 30 500 10 0 3 0 1 0 SPARE_A14
A -20 505 10 0 3 0 PINTYPE=BI
A 0 505 10 0 3 3 #=A14
P 310 0 515 20 515 0 2 0
L 30 510 10 0 3 0 1 0 SPARE_A13
A -20 515 10 0 3 0 PINTYPE=BI
A 0 515 10 0 3 3 #=A13
P 312 0 525 20 525 0 2 0
L 30 520 10 0 3 0 1 0 SPARE_A12
A -20 525 10 0 3 0 PINTYPE=BI
A 0 525 10 0 3 3 #=A12
P 313 0 535 20 535 0 2 0
L 30 530 10 0 3 0 1 0 SPARE_A11
A -20 535 10 0 3 0 PINTYPE=BI
A 0 535 10 0 3 3 #=A11
P 309 0 545 20 545 0 2 0
L 30 540 10 0 3 0 1 0 SPARE_A10
A -20 545 10 0 3 0 PINTYPE=BI
A 0 545 10 0 3 3 #=A10
P 314 0 555 20 555 0 2 0
L 30 550 10 0 3 0 1 0 SPARE_A9
A -20 555 10 0 3 0 PINTYPE=BI
A 0 555 10 0 3 3 #=A9
P 281 0 115 20 115 0 2 0
L 30 110 10 0 3 0 1 0 PS_MIO5
A -20 115 10 0 3 0 PINTYPE=BI
A 0 115 10 0 3 3 #=B23
P 239 0 565 20 565 0 2 0
L 30 560 10 0 3 0 1 0 SPARE_A8
A -20 565 10 0 3 0 PINTYPE=BI
A 0 565 10 0 3 3 #=A8
P 238 0 575 20 575 0 2 0
L 30 570 10 0 3 0 1 0 SPARE_A7
A -20 575 10 0 3 0 PINTYPE=BI
A 0 575 10 0 3 3 #=A7
P 235 0 585 20 585 0 2 0
L 30 580 10 0 3 0 1 0 SPARE_A6
A -20 585 10 0 3 0 PINTYPE=BI
A 0 585 10 0 3 3 #=A6
P 236 0 595 20 595 0 2 0
L 30 590 10 0 3 0 1 0 SPARE_A5
A -20 595 10 0 3 0 PINTYPE=IN
A 0 595 10 0 3 3 #=A5
P 280 0 125 20 125 0 2 0
L 30 120 10 0 3 0 1 0 PS_MIO6
A -20 125 10 0 3 0 PINTYPE=BI
A 0 125 10 0 3 3 #=B22
P 279 0 135 20 135 0 2 0
L 30 130 10 0 3 0 1 0 PS_MIO7
A -20 135 10 0 3 0 PINTYPE=BI
A 0 135 10 0 3 3 #=B21
P 278 0 145 20 145 0 2 0
L 30 140 10 0 3 0 1 0 PS_MIO8
A -20 145 10 0 3 0 PINTYPE=BI
A 0 145 10 0 3 3 #=B20
P 277 0 155 20 155 0 2 0
L 30 150 10 0 3 0 1 0 PS_MIO9
A -20 155 10 0 3 0 PINTYPE=BI
A 0 155 10 0 3 3 #=B19
P 241 0 615 20 615 0 2 0
L 30 610 10 0 3 0 1 0 DDR_BA2
A -20 615 10 0 3 0 PINTYPE=OUT
A 0 615 10 0 3 3 #=A3
P 240 0 605 20 605 0 2 0
L 30 600 10 0 3 0 1 0 PS_SRST_B
A -20 605 10 0 3 0 PINTYPE=BI
A 0 605 10 0 3 3 #=A4
P 315 0 625 20 625 0 2 0
L 30 620 10 0 3 0 1 0 PS_VREF_MIO
A -20 625 10 0 3 0 PINTYPE=OUT
A 0 625 10 0 3 3 #=A2
P 318 0 55 20 55 0 2 0
L 30 50 10 0 3 0 1 0 SPARE_B29
A -20 55 10 0 3 0 PINTYPE=BI
A 0 55 10 0 3 3 #=B29
P 319 0 45 20 45 0 2 0
L 30 40 10 0 3 0 1 0 SPARE_B30
A -20 45 10 0 3 0 PINTYPE=BI
A 0 45 10 0 3 3 #=B30
P 291 240 475 220 475 0 3 0
L 170 470 10 0 3 0 1 0 DDR_DQ2
A 260 475 10 0 9 0 PINTYPE=BI
A 240 475 10 0 9 3 #=C17
P 290 240 465 220 465 0 3 0
L 170 460 10 0 3 0 1 0 DDR_DQ3
A 260 465 10 0 9 0 PINTYPE=BI
A 240 465 10 0 9 3 #=C18
P 288 240 445 220 445 0 3 0
L 170 440 10 0 3 0 1 0 DDR_DQ5
A 260 445 10 0 9 0 PINTYPE=BI
A 240 445 10 0 9 3 #=C20
P 287 240 435 220 435 0 3 0
L 170 430 10 0 3 0 1 0 DDR_DQ6
A 260 435 10 0 9 0 PINTYPE=BI
A 240 435 10 0 9 3 #=C21
P 286 240 425 220 425 0 3 0
L 170 420 10 0 3 0 1 0 DDR_DQ7
A 260 425 10 0 9 0 PINTYPE=BI
A 240 425 10 0 9 3 #=C22
P 285 240 415 220 415 0 3 0
L 170 410 10 0 3 0 1 0 DDR_DQ8
A 260 415 10 0 9 0 PINTYPE=BI
A 240 415 10 0 9 3 #=C23
P 246 240 405 220 405 0 3 0
L 170 400 10 0 3 0 1 0 DDR_DQ9
A 260 405 10 0 9 0 PINTYPE=BI
A 240 405 10 0 9 3 #=C24
P 245 240 395 220 395 0 3 0
L 165 390 10 0 3 0 1 0 DDR_DQ10
A 260 395 10 0 9 0 PINTYPE=BI
A 240 395 10 0 9 3 #=C25
P 244 240 385 220 385 0 3 0
L 165 380 10 0 3 0 1 0 DDR_DQ11
A 260 385 10 0 9 0 PINTYPE=BI
A 240 385 10 0 9 3 #=C26
P 243 240 375 220 375 0 3 0
L 165 370 10 0 3 0 1 0 DDR_DQ12
A 260 375 10 0 9 0 PINTYPE=BI
A 240 375 10 0 9 3 #=C27
P 265 240 365 220 365 0 3 0
L 165 360 10 0 3 0 1 0 DDR_DQ13
A 260 365 10 0 9 0 PINTYPE=BI
A 240 365 10 0 9 3 #=C28
P 264 240 355 220 355 0 3 0
L 165 350 10 0 3 0 1 0 DDR_DQ14
A 260 355 10 0 9 0 PINTYPE=BI
A 240 355 10 0 9 3 #=C29
P 263 240 345 220 345 0 3 0
L 165 340 10 0 3 0 1 0 DDR_DQ15
A 260 345 10 0 9 0 PINTYPE=BI
A 240 345 10 0 9 3 #=C30
P 307 240 635 220 635 0 3 0
L 160 630 10 0 3 0 1 0 PROGRAM_B
A 260 635 10 0 9 0 PINTYPE=BI
A 235 635 10 0 9 3 #=C1
P 306 240 625 220 625 0 3 0
L 175 620 10 0 3 0 1 0 INIT_B
A 260 625 10 0 9 0 PINTYPE=BI
A 235 625 10 0 9 3 #=C2
P 289 240 455 220 455 0 3 0
L 170 450 10 0 3 0 1 0 DDR_DQ4
A 260 455 10 0 9 0 PINTYPE=BI
A 240 455 10 0 9 3 #=C19
b 20 20 220 660
E
