V 51
K 72210347890 seaf_240_efgh
|R 5:17_12-3-12
Y 1
D 0 0 240 840
Z 10
i 297
U 0 -110 10 0 3 0 DESCRIPTION=CONN SNGL-END ARRAY FMALE 240POS
U 0 -100 10 0 3 0 MANF=SAMTEC
U 0 -80 10 0 3 0 DIST_P/N=SAM8004-ND
U 0 -40 10 0 3 0 DIST=DIGIKEY
U 0 -70 10 0 3 0 HETERO=(SEAF_240_ABCD),(SEAF_240_EFGH)
U 0 -30 10 0 3 0 PARTS=1
U 0 -20 10 0 3 0 LEVEL=STD
U 35 845 10 0 3 0 MANF_P/N=SEAF-30-05.0-S-08-2-A
U 20 820 10 0 3 3 DEVICE=SAMTEC_SEAF_08X30
U 75 10 10 0 3 3 PKG_TYPE=SAMTEC_SEAF_30X8
U 20 0 16 0 3 3 REFDES=J?
P 186 240 800 220 800 0 3 0
L 215 795 10 0 9 0 1 0 A0_D16
A 260 800 10 0 9 0 PINTYPE=IN
A 245 800 10 0 9 3 #=E29
P 184 240 750 220 750 0 3 0
L 215 745 10 0 9 0 1 0 A10_D26
A 260 750 10 0 9 0 PINTYPE=IN
A 245 750 10 0 9 3 #=E24
P 182 240 740 220 740 0 3 0
L 215 735 10 0 9 0 1 0 A12_D28
A 260 740 10 0 9 0 PINTYPE=IN
A 245 740 10 0 9 3 #=E23
P 180 240 730 220 730 0 3 0
L 215 725 10 0 9 0 1 0 A14_D30
A 260 730 10 0 9 0 PINTYPE=IN
A 245 730 10 0 9 3 #=E22
P 178 240 720 220 720 0 3 0
L 215 715 10 0 9 0 1 0 A16
A 260 720 10 0 9 0 PINTYPE=BI
A 245 720 10 0 9 3 #=E21
P 176 240 710 220 710 0 3 0
L 215 705 10 0 9 0 1 0 A18
A 260 710 10 0 9 0 PINTYPE=BI
A 245 710 10 0 9 3 #=E20
P 173 240 700 220 700 0 3 0
L 215 695 10 0 9 0 1 0 A20
A 260 700 10 0 9 0 PINTYPE=BI
A 245 700 10 0 9 3 #=E19
P 171 240 690 220 690 0 3 0
L 215 685 10 0 9 0 1 0 A22
A 260 690 10 0 9 0 PINTYPE=BI
A 245 690 10 0 9 3 #=E18
P 169 240 680 220 680 0 3 0
L 215 675 10 0 9 0 1 0 A24
A 260 680 10 0 9 0 PINTYPE=BI
A 245 680 10 0 9 3 #=E17
P 174 240 790 220 790 0 3 0
L 215 785 10 0 9 0 1 0 A2_D18
A 260 790 10 0 9 0 PINTYPE=IN
A 245 790 10 0 9 3 #=E28
P 166 240 780 220 780 0 3 0
L 215 775 10 0 9 0 1 0 A4_D20
A 260 780 10 0 9 0 PINTYPE=IN
A 245 780 10 0 9 3 #=E27
P 164 240 770 220 770 0 3 0
L 215 765 10 0 9 0 1 0 A6_D22
A 260 770 10 0 9 0 PINTYPE=IN
A 245 770 10 0 9 3 #=E26
P 162 240 760 220 760 0 3 0
L 215 755 10 0 9 0 1 0 A8_D24
A 260 760 10 0 9 0 PINTYPE=IN
A 245 760 10 0 9 3 #=E25
P 160 240 230 220 230 0 3 0
L 215 225 10 0 9 0 1 0 BPI_MODE_LED
A 260 230 10 0 9 0 PINTYPE=IN
A 245 230 10 0 9 3 #=F12
P 247 0 50 20 50 0 2 0
L 25 45 10 0 3 0 1 0 BYPASS
A -20 50 10 0 3 0 PINTYPE=IN
A -5 50 10 0 3 3 #=G15
P 236 0 380 20 380 0 2 0
L 25 375 10 0 3 0 1 0 S6_V6_CABLE_CCLK
A -20 380 10 0 3 0 PINTYPE=BI
A -5 380 10 0 3 3 #=H10
P 237 0 400 20 400 0 2 0
L 25 395 10 0 3 0 1 0 S6_V6_CABLE_DIN
A -20 400 10 0 3 0 PINTYPE=BI
A 0 400 10 0 3 3 #=H8
P 238 0 370 20 370 0 2 0
L 25 365 10 0 3 0 1 0 S6_V6_CABLE_DONE
A -20 370 10 0 3 0 PINTYPE=BI
A -5 370 10 0 3 3 #=H11
P 239 0 390 20 390 0 2 0
L 25 385 10 0 3 0 1 0 S6_V6_CABLE_INIT
A -20 390 10 0 3 0 PINTYPE=BI
A 0 390 10 0 3 3 #=H9
P 159 240 300 220 300 0 3 0
L 215 295 10 0 9 0 1 0 CABLE_LED
A 260 300 10 0 9 0 PINTYPE=IN
A 240 300 10 0 9 3 #=E4
P 240 0 420 20 420 0 2 0
L 25 415 10 0 3 0 1 0 S6_V6_CABLE_MISO
A -20 420 10 0 3 0 PINTYPE=BI
A 0 420 10 0 3 3 #=H4
P 241 0 430 20 430 0 2 0
L 25 425 10 0 3 0 1 0 S6_V6_CABLE_MOSI
A -20 430 10 0 3 0 PINTYPE=BI
A 0 430 10 0 3 3 #=H3
P 242 0 410 20 410 0 2 0
L 25 405 10 0 3 0 1 0 CABLE_PROG
A -20 410 10 0 3 0 PINTYPE=BI
A 0 410 10 0 3 3 #=H5
P 243 0 450 20 450 0 2 0
L 25 445 10 0 3 0 1 0 S6_V6_CABLE_SCLK
A -20 450 10 0 3 0 PINTYPE=BI
A 0 450 10 0 3 3 #=H1
P 244 0 440 20 440 0 2 0
L 25 435 10 0 3 0 1 0 S6_V6_CABLE_SS
A -20 440 10 0 3 0 PINTYPE=BI
A 0 440 10 0 3 3 #=H2
P 274 240 410 220 410 0 3 0
L 215 405 10 0 9 0 1 0 CABLE_TDO
A 260 410 10 0 9 0 PINTYPE=OUT
A 245 410 10 0 9 3 #=H16
P 137 0 760 20 760 0 2 0
L 25 755 10 0 3 0 1 0 CCLK
A -20 760 10 0 3 0 PINTYPE=IN
A -5 760 10 0 3 3 #=F30
P 234 0 480 20 480 0 2 0
L 25 475 10 0 3 0 1 0 CFG_MODIFIER2
A -20 480 10 0 3 0 PINTYPE=OUT
A -5 480 10 0 3 3 #=G25
P 235 0 470 20 470 0 2 0
L 25 465 10 0 3 0 1 0 CFG_MODIFIER3
A -20 470 10 0 3 0 PINTYPE=OUT
A -5 470 10 0 3 3 #=G26
P 297 240 360 220 360 0 3 0
L 215 355 10 0 9 0 1 0 CONCURRENT
A 260 360 10 0 9 0 PINTYPE=OUT
A 240 360 10 0 9 3 #=F1
P 270 240 440 220 440 0 3 0
L 215 435 10 0 9 0 1 0 CSO_B
A 260 440 10 0 9 0 PINTYPE=OUT
A 245 440 10 0 9 3 #=H28
P 296 240 350 220 350 0 3 0
L 215 345 10 0 9 0 1 0 DNSTRM_CCLK
A 260 350 10 0 9 0 PINTYPE=OUT
A 245 350 10 0 9 3 #=G30
P 295 240 340 220 340 0 3 0
L 215 335 10 0 9 0 1 0 DNSTRM_CCLK_SEL
A 260 340 10 0 9 0 PINTYPE=OUT
A 245 340 10 0 9 3 #=G29
P 275 240 400 220 400 0 3 0
L 215 395 10 0 9 0 1 0 DNSTRM_FPGA_TDO
A 260 400 10 0 9 0 PINTYPE=OUT
A 245 400 10 0 9 3 #=H14
P 213 0 630 20 630 0 2 0
L 25 625 10 0 3 0 1 0 DNSTRM_M0
A -20 630 10 0 3 0 PINTYPE=IN
A -5 630 10 0 3 3 #=E14
P 212 0 620 20 620 0 2 0
L 25 615 10 0 3 0 1 0 DNSTRM_M1
A -20 620 10 0 3 0 PINTYPE=IN
A -5 620 10 0 3 3 #=E15
P 211 0 610 20 610 0 2 0
L 25 605 10 0 3 0 1 0 DNSTRM_M2
A -20 610 10 0 3 0 PINTYPE=IN
A -5 610 10 0 3 3 #=E16
P 136 0 790 20 790 0 2 0
L 25 785 10 0 3 0 1 0 DONE
A -20 790 10 0 3 0 PINTYPE=OUT
A -5 790 10 0 3 3 #=F22
P 265 240 570 220 570 0 3 0
L 215 565 10 0 9 0 1 0 DUT_IO1
A 260 570 10 0 9 0 PINTYPE=OUT
A 245 570 10 0 9 3 #=H19
P 262 240 560 220 560 0 3 0
L 215 555 10 0 9 0 1 0 DUT_IO2
A 260 560 10 0 9 0 PINTYPE=OUT
A 245 560 10 0 9 3 #=H20
P 263 240 550 220 550 0 3 0
L 215 545 10 0 9 0 1 0 DUT_IO3
A 260 550 10 0 9 0 PINTYPE=OUT
A 245 550 10 0 9 3 #=H21
P 264 240 540 220 540 0 3 0
L 215 535 10 0 9 0 1 0 DUT_IO4
A 260 540 10 0 9 0 PINTYPE=OUT
A 245 540 10 0 9 3 #=H22
P 217 0 660 20 660 0 2 0
L 25 655 10 0 3 0 1 0 DUT_M0_SSPI_MISO
A -20 660 10 0 3 0 PINTYPE=IN
A -5 660 10 0 3 3 #=F14
P 215 0 650 20 650 0 2 0
L 25 645 10 0 3 0 1 0 DUT_M1
A -20 650 10 0 3 0 PINTYPE=IN
A -5 650 10 0 3 3 #=F15
P 216 0 640 20 640 0 2 0
L 25 635 10 0 3 0 1 0 DUT_M2
A -20 640 10 0 3 0 PINTYPE=IN
A -5 640 10 0 3 3 #=F16
P 285 0 130 20 130 0 2 0
L 25 125 10 0 3 0 1 0 EXT_CCLK_N
A -20 130 10 0 3 0 PINTYPE=IN
A -5 130 10 0 3 3 #=G28
P 284 0 140 20 140 0 2 0
L 25 135 10 0 3 0 1 0 EXT_CCLK_P
A -20 140 10 0 3 0 PINTYPE=IN
A -5 140 10 0 3 3 #=G27
P 248 0 250 20 250 0 2 0
L 25 245 10 0 3 0 1 0 FCS_B
A -20 250 10 0 3 0 PINTYPE=IN
A -5 250 10 0 3 3 #=G14
P 214 0 800 20 800 0 2 0
L 25 795 10 0 3 0 1 0 FPGA_FAMILY_0
A -20 800 10 0 3 0 PINTYPE=IN
A -5 800 10 0 3 3 #=F21
P 249 0 270 20 270 0 2 0
L 25 265 10 0 3 0 1 0 FWE_B
A -20 270 10 0 3 0 PINTYPE=IN
A -5 270 10 0 3 3 #=G12
P 199 240 160 220 160 0 3 0
L 177 155 10 0 3 0 0 0 GND_E11
A 260 160 10 0 9 0 PINTYPE=IN
A 245 160 10 0 9 3 #=E11
P 207 240 110 220 110 0 3 0
L 177 105 10 0 3 0 0 0 GND_F17
A 260 110 10 0 9 0 PINTYPE=IN
A 245 110 10 0 9 3 #=F17
P 206 240 100 220 100 0 3 0
L 177 95 10 0 3 0 0 0 GND_F18
A 260 100 10 0 9 0 PINTYPE=IN
A 245 100 10 0 9 3 #=F18
P 289 240 90 220 90 0 3 0
L 177 85 10 0 3 0 0 0 GND_F19
A 260 90 10 0 9 0 PINTYPE=IN
A 245 90 10 0 9 3 #=F19
P 198 240 150 220 150 0 3 0
L 182 145 10 0 3 0 0 0 GND_F2
A 260 150 10 0 9 0 PINTYPE=IN
A 240 150 10 0 9 3 #=F2
P 290 240 80 220 80 0 3 0
L 177 75 10 0 3 0 0 0 GND_F20
A 260 80 10 0 9 0 PINTYPE=IN
A 245 80 10 0 9 3 #=F20
P 291 240 70 220 70 0 3 0
L 177 65 10 0 3 0 0 0 GND_F26
A 260 70 10 0 9 0 PINTYPE=IN
A 245 70 10 0 9 3 #=F26
P 292 240 60 220 60 0 3 0
L 177 55 10 0 3 0 0 0 GND_F27
A 260 60 10 0 9 0 PINTYPE=IN
A 245 60 10 0 9 3 #=F27
P 293 240 50 220 50 0 3 0
L 177 45 10 0 3 0 0 0 GND_F28
A 260 50 10 0 9 0 PINTYPE=IN
A 245 50 10 0 9 3 #=F28
P 294 240 40 220 40 0 3 0
L 177 35 10 0 3 0 0 0 GND_F29
A 260 40 10 0 9 0 PINTYPE=IN
A 245 40 10 0 9 3 #=F29
P 210 240 140 220 140 0 3 0
L 182 135 10 0 3 0 0 0 GND_F3
A 260 140 10 0 9 0 PINTYPE=IN
A 240 140 10 0 9 3 #=F3
P 209 240 130 220 130 0 3 0
L 182 125 10 0 3 0 0 0 GND_F4
A 260 130 10 0 9 0 PINTYPE=IN
A 240 130 10 0 9 3 #=F4
P 208 240 120 220 120 0 3 0
L 182 115 10 0 3 0 0 0 GND_F5
A 260 120 10 0 9 0 PINTYPE=IN
A 240 120 10 0 9 3 #=F5
P 143 0 230 20 230 0 2 0
L 25 225 10 0 3 0 1 0 HDC
A -20 230 10 0 3 0 PINTYPE=BI
A -5 230 10 0 3 3 #=F25
P 277 240 320 220 320 0 3 0
L 215 315 10 0 9 0 1 0 ILLEGAL_MODE_LED
A 260 320 10 0 9 0 PINTYPE=OUT
A 245 320 10 0 9 3 #=H12
P 278 240 310 220 310 0 3 0
L 215 305 10 0 9 0 1 0 IMPULSE_ACTIVE_LED
A 260 310 10 0 9 0 PINTYPE=OUT
A 245 310 10 0 9 3 #=H13
P 224 0 530 20 530 0 2 0
L 25 525 10 0 3 0 1 0 IMPULSE_DEV_SEL0
A -20 530 10 0 3 0 PINTYPE=BI
A 0 530 10 0 3 3 #=G3
P 225 0 520 20 520 0 2 0
L 25 515 10 0 3 0 1 0 IMPULSE_DEV_SEL1
A -20 520 10 0 3 0 PINTYPE=BI
A 0 520 10 0 3 3 #=G4
P 245 0 350 20 350 0 2 0
L 25 345 10 0 3 0 1 0 IMPULSE_DUTP1
A -20 350 10 0 3 0 PINTYPE=BI
A 0 350 10 0 3 3 #=H6
P 246 0 340 20 340 0 2 0
L 25 335 10 0 3 0 1 0 IMPULSE_DUTP2
A -20 340 10 0 3 0 PINTYPE=BI
A 0 340 10 0 3 3 #=H7
P 226 0 590 20 590 0 2 0
L 25 585 10 0 3 0 1 0 IMPULSE_MDFY0
A -20 590 10 0 3 0 PINTYPE=BI
A 0 590 10 0 3 3 #=G7
P 227 0 580 20 580 0 2 0
L 25 575 10 0 3 0 1 0 IMPULSE_MDFY1
A -20 580 10 0 3 0 PINTYPE=BI
A 0 580 10 0 3 3 #=G8
P 228 0 570 20 570 0 2 0
L 25 565 10 0 3 0 1 0 IMPULSE_MDFY2
A -20 570 10 0 3 0 PINTYPE=BI
A 0 570 10 0 3 3 #=G9
P 229 0 560 20 560 0 2 0
L 25 555 10 0 3 0 1 0 IMPULSE_MDFY3
A -20 560 10 0 3 0 PINTYPE=BI
A -5 560 10 0 3 3 #=G10
P 230 0 550 20 550 0 2 0
L 25 545 10 0 3 0 1 0 IMPULSE_MOD_SEL0
A -20 550 10 0 3 0 PINTYPE=BI
A 0 550 10 0 3 3 #=G5
P 231 0 540 20 540 0 2 0
L 25 535 10 0 3 0 1 0 IMPULSE_MOD_SEL1
A -20 540 10 0 3 0 PINTYPE=BI
A 0 540 10 0 3 3 #=G6
P 232 0 510 20 510 0 2 0
L 25 505 10 0 3 0 1 0 IMPULSE_REV_SEL0
A -20 510 10 0 3 0 PINTYPE=BI
A 0 510 10 0 3 3 #=G1
P 233 0 500 20 500 0 2 0
L 25 495 10 0 3 0 1 0 IMPULSE_REV_SEL1
A -20 500 10 0 3 0 PINTYPE=BI
A 0 500 10 0 3 3 #=G2
P 140 0 320 20 320 0 2 0
L 25 315 10 0 3 0 1 0 IMPULSE_TDI
A -20 320 10 0 3 0 PINTYPE=BI
A -5 320 10 0 3 3 #=F11
P 141 0 330 20 330 0 2 0
L 25 325 10 0 3 0 1 0 IMPULSE_TMS
A -20 330 10 0 3 0 PINTYPE=IN
A -5 330 10 0 3 3 #=E30
P 135 0 780 20 780 0 2 0
L 25 775 10 0 3 0 1 0 INIT_B
A -20 780 10 0 3 0 PINTYPE=IN
A -5 780 10 0 3 3 #=F23
P 158 240 260 220 260 0 3 0
L 215 255 10 0 9 0 1 0 JTAG_MODE_LED
A 260 260 10 0 9 0 PINTYPE=IN
A 240 260 10 0 9 3 #=F8
P 142 0 240 20 240 0 2 0
L 25 235 10 0 3 0 1 0 LDC
A -20 240 10 0 3 0 PINTYPE=BI
A 0 240 10 0 3 3 #=F6
P 157 240 290 220 290 0 3 0
L 215 285 10 0 9 0 1 0 MASTER_LED
A 260 290 10 0 9 0 PINTYPE=BI
A 240 290 10 0 9 3 #=E1
P 156 240 270 220 270 0 3 0
L 215 265 10 0 9 0 1 0 MEMORY_LED
A 260 270 10 0 9 0 PINTYPE=BI
A 240 270 10 0 9 3 #=E3
P 190 240 210 220 210 0 3 0
L 215 205 10 0 9 0 1 0 MODULE1_LED
A 260 210 10 0 9 0 PINTYPE=IN
A 240 210 10 0 9 3 #=E5
P 189 240 200 220 200 0 3 0
L 215 195 10 0 9 0 1 0 MODULE2_LED
A 260 200 10 0 9 0 PINTYPE=IN
A 240 200 10 0 9 3 #=E6
P 188 240 190 220 190 0 3 0
L 215 185 10 0 9 0 1 0 MODULE3_LED
A 260 190 10 0 9 0 PINTYPE=IN
A 240 190 10 0 9 3 #=E7
P 187 240 180 220 180 0 3 0
L 215 175 10 0 9 0 1 0 MODULE4_LED
A 260 180 10 0 9 0 PINTYPE=IN
A 240 180 10 0 9 3 #=E8
P 288 0 150 20 150 0 2 0
L 25 145 10 0 3 0 1 0 MOTHERBOARD_CCLK
A -20 150 10 0 3 0 PINTYPE=IN
A -5 150 10 0 3 3 #=G11
P 139 0 60 20 60 0 2 0
L 25 55 10 0 3 0 1 0 MOTHERBOARD_DETECT_B
A -20 60 10 0 3 0 PINTYPE=BI
A 0 60 10 0 3 3 #=F7
P 266 240 510 220 510 0 3 0
L 215 505 10 0 9 0 1 0 PMBUS_ALERT
A 260 510 10 0 9 0 PINTYPE=OUT
A 245 510 10 0 9 3 #=H24
P 267 240 500 220 500 0 3 0
L 215 495 10 0 9 0 1 0 PMBUS_CLK
A 260 500 10 0 9 0 PINTYPE=OUT
A 245 500 10 0 9 3 #=H25
P 268 240 520 220 520 0 3 0
L 215 515 10 0 9 0 1 0 PMBUS_CTRL
A 260 520 10 0 9 0 PINTYPE=IN
A 245 520 10 0 9 3 #=H23
P 269 240 490 220 490 0 3 0
L 215 485 10 0 9 0 1 0 PMBUS_DATA
A 260 490 10 0 9 0 PINTYPE=OUT
A 245 490 10 0 9 3 #=H26
P 253 0 40 20 40 0 2 0
L 25 35 10 0 3 0 1 0 POR_B
A -20 40 10 0 3 0 PINTYPE=IN
A -5 40 10 0 3 3 #=H17
P 134 0 770 20 770 0 2 0
L 25 765 10 0 3 0 1 0 PROG_B
A -20 770 10 0 3 0 PINTYPE=BI
A -5 770 10 0 3 3 #=F24
P 250 0 280 20 280 0 2 0
L 25 275 10 0 3 0 1 0 RDWR
A -20 280 10 0 3 0 PINTYPE=BI
A -5 280 10 0 3 3 #=H18
P 251 0 260 20 260 0 2 0
L 25 255 10 0 3 0 1 0 S6_FOE_B
A -20 260 10 0 3 0 PINTYPE=IN
A -5 260 10 0 3 3 #=G13
P 252 0 290 20 290 0 2 0
L 25 285 10 0 3 0 1 0 S6_MOSI_CSI_B_MISO0
A 0 290 10 0 3 0 PINTYPE=BI
A -5 290 10 0 3 3 #=G16
P 254 240 660 220 660 0 3 0
L 215 655 10 0 9 0 1 0 S6_SCP0
A 260 660 10 0 9 0 PINTYPE=IN
A 245 660 10 0 9 3 #=G17
P 255 240 650 220 650 0 3 0
L 215 645 10 0 9 0 1 0 S6_SCP1
A 260 650 10 0 9 0 PINTYPE=IN
A 245 650 10 0 9 3 #=G18
P 256 240 640 220 640 0 3 0
L 215 635 10 0 9 0 1 0 S6_SCP2
A 260 640 10 0 9 0 PINTYPE=IN
A 245 640 10 0 9 3 #=G19
P 257 240 630 220 630 0 3 0
L 215 625 10 0 9 0 1 0 S6_SCP3
A 260 630 10 0 9 0 PINTYPE=IN
A 245 630 10 0 9 3 #=G20
P 258 240 620 220 620 0 3 0
L 215 615 10 0 9 0 1 0 S6_SCP4
A 260 620 10 0 9 0 PINTYPE=IN
A 245 620 10 0 9 3 #=G21
P 259 240 610 220 610 0 3 0
L 215 605 10 0 9 0 1 0 S6_SCP5
A 260 610 10 0 9 0 PINTYPE=IN
A 245 610 10 0 9 3 #=G22
P 260 240 600 220 600 0 3 0
L 215 595 10 0 9 0 1 0 S6_SCP6
A 260 600 10 0 9 0 PINTYPE=IN
A 245 600 10 0 9 3 #=G23
P 261 240 590 220 590 0 3 0
L 215 585 10 0 9 0 1 0 S6_SCP7
A 260 590 10 0 9 0 PINTYPE=IN
A 245 590 10 0 9 3 #=G24
P 151 240 220 220 220 0 3 0
L 215 215 10 0 9 0 1 0 SELECTMAP_MODE_LED
A 260 220 10 0 9 0 PINTYPE=IN
A 245 220 10 0 9 3 #=F13
P 150 240 250 220 250 0 3 0
L 215 245 10 0 9 0 1 0 SERIAL_MODE_LED
A 260 250 10 0 9 0 PINTYPE=IN
A 240 250 10 0 9 3 #=F9
P 147 0 710 20 710 0 2 0
L 25 705 10 0 3 0 1 0 SERVICE_TCK
A -20 710 10 0 3 0 PINTYPE=IN
A 0 710 10 0 3 3 #=E9
P 146 0 690 20 690 0 2 0
L 25 685 10 0 3 0 1 0 SERVICE_TDI
A -20 690 10 0 3 0 PINTYPE=IN
A -5 690 10 0 3 3 #=E12
P 145 0 680 20 680 0 2 0
L 25 675 10 0 3 0 1 0 SERVICE_TDO
A -20 680 10 0 3 0 PINTYPE=OUT
A -5 680 10 0 3 3 #=E13
P 144 0 700 20 700 0 2 0
L 25 695 10 0 3 0 1 0 SERVICE_TMS
A -20 700 10 0 3 0 PINTYPE=IN
A -5 700 10 0 3 3 #=E10
P 149 240 280 220 280 0 3 0
L 215 275 10 0 9 0 1 0 SLAVE_LED
A 260 280 10 0 9 0 PINTYPE=BI
A 240 280 10 0 9 3 #=E2
P 148 240 240 220 240 0 3 0
L 215 235 10 0 9 0 1 0 SPI_MODE_LED
A 260 240 10 0 9 0 PINTYPE=IN
A 245 240 10 0 9 3 #=F10
P 271 240 460 220 460 0 3 0
L 215 455 10 0 9 0 1 0 SSPI_CLK
A 260 460 10 0 9 0 PINTYPE=OUT
A 245 460 10 0 9 3 #=H29
P 272 240 450 220 450 0 3 0
L 215 445 10 0 9 0 1 0 SSPI_CS
A 260 450 10 0 9 0 PINTYPE=OUT
A 245 450 10 0 9 3 #=H30
P 273 240 470 220 470 0 3 0
L 215 465 10 0 9 0 1 0 SSPI_MOSI
A 260 470 10 0 9 0 PINTYPE=OUT
A 245 470 10 0 9 3 #=H27
P 276 240 390 220 390 0 3 0
L 215 385 10 0 9 0 1 0 IMPULSE_TDO
A 260 390 10 0 9 0 PINTYPE=OUT
A 245 390 10 0 9 3 #=H15
T 199 35 10 0 3 GND
Q 15 0 0
T 199 45 10 0 3 GND
Q 15 0 0
T 199 55 10 0 3 GND
Q 15 0 0
T 199 65 10 0 3 GND
Q 15 0 0
T 199 75 10 0 3 GND
Q 15 0 0
T 199 85 10 0 3 GND
Q 15 0 0
T 199 95 10 0 3 GND
Q 15 0 0
T 199 105 10 0 3 GND
Q 15 0 0
T 199 115 10 0 3 GND
Q 15 0 0
T 199 125 10 0 3 GND
Q 15 0 0
T 199 135 10 0 3 GND
Q 15 0 0
T 199 145 10 0 3 GND
Q 15 0 0
T 199 155 10 0 3 GND
Q 15 0 0
b 20 20 220 820
E
