V 51
K 319649331300 seam_240_abcd_zynq
|R 7:37_9-29-11
Y 1
D 0 0 240 700
Z 10
i 180
U 0 -50 10 0 3 0 DIST_P/N=SEAM-30-02.0-S-08-2-A-K-TR-ND
U 0 -10 10 0 3 0 ROHS=XX
U 0 -90 10 0 3 0 MANF=SAMTEC
U 0 -40 10 0 3 0 DIST=DIGIKEY
U 0 -70 10 0 3 0 HETERO=(SEAM_240_ABCD_ZYNQ),(SEAM_240_EFGH_ZYNQ)
U 0 -30 10 0 3 0 PARTS=1
U 0 -20 10 0 3 0 LEVEL=STD
U 25 825 10 0 3 0 MANF_P/N=SEAM-30-02.0-S-08-2-A
U 20 820 10 0 3 0 DEVICE=SAMTEC_SEAM_08X30
U 80 5 10 0 3 3 PKG_TYPE=SAMTEC_SEAM_30X8
U 20 0 16 0 3 3 REFDES=J?
U 25 685 10 0 3 3 VALUE=XXX
P 179 0 40 20 40 0 2 0
L 25 35 10 0 3 0 1 0 BYPASS_LED
A -20 40 10 0 3 0 PINTYPE=BI
A 0 40 10 0 3 3 #=B30
P 180 0 50 20 50 0 2 0
L 25 45 10 0 3 0 1 0 INSTALLED
A -20 50 10 0 3 0 PINTYPE=BI
A 0 50 10 0 3 3 #=B29
P 175 0 60 20 60 0 2 0
L 25 55 10 0 3 0 1 0 TDO_0
A -20 60 10 0 3 0 PINTYPE=BI
A 0 60 10 0 3 3 #=B28
P 176 0 70 20 70 0 2 0
L 25 65 10 0 3 0 1 0 TDI_0
A -20 70 10 0 3 0 PINTYPE=BI
A 0 70 10 0 3 3 #=B27
P 177 0 80 20 80 0 2 0
L 25 75 10 0 3 0 1 0 TMS1_N
A -20 80 10 0 3 0 PINTYPE=BI
A 0 80 10 0 3 3 #=B26
P 178 0 90 20 90 0 2 0
L 25 85 10 0 3 0 1 0 TMS1_P
A -20 90 10 0 3 0 PINTYPE=BI
A 0 90 10 0 3 3 #=B25
P 170 240 420 220 420 0 3 0
L 215 415 10 0 9 0 1 0 GND_C25
A 260 420 10 0 9 0 PINTYPE=BI
A 240 420 10 0 9 3 #=C25
P 169 240 430 220 430 0 3 0
L 215 425 10 0 9 0 1 0 GND_C24
A 260 430 10 0 9 0 PINTYPE=BI
A 240 430 10 0 9 3 #=C24
P 7 240 70 220 70 0 3 0
L 215 65 10 0 9 0 1 0 IMPULSE_TDI
A 260 70 10 0 9 0 PINTYPE=OUT
A 240 70 10 0 9 3 #=D27
P 11 240 100 220 100 0 3 0
L 216 95 10 0 9 0 1 0 SPARE_D24
A 260 100 10 0 9 0 PINTYPE=OUT
A 240 100 10 0 9 3 #=D24
P 10 240 90 220 90 0 3 0
L 216 85 10 0 9 0 1 0 IMPULSE_TCK
A 260 90 10 0 9 0 PINTYPE=OUT
A 240 90 10 0 9 3 #=D25
P 73 240 120 220 120 0 3 0
L 215 115 10 0 9 0 1 0 SPARE_D22
A 260 120 10 0 9 0 PINTYPE=OUT
A 240 120 10 0 9 3 #=D22
P 8 240 80 220 80 0 3 0
L 216 75 10 0 9 0 1 0 IMPULSE_TMS
A 260 80 10 0 9 0 PINTYPE=OUT
A 240 80 10 0 9 3 #=D26
P 12 240 110 220 110 0 3 0
L 215 105 10 0 9 0 1 0 SPARE_D23
A 260 110 10 0 9 0 PINTYPE=OUT
A 240 110 10 0 9 3 #=D23
P 154 240 510 220 510 0 3 0
L 215 505 10 0 9 0 1 0 VCCO_P0_REF
A 260 510 10 0 9 0 PINTYPE=IN
A 240 510 10 0 9 3 #=C16
P 155 240 500 220 500 0 3 0
L 215 495 10 0 9 0 1 0 VCCO_0_REF
A 260 500 10 0 9 0 PINTYPE=IN
A 240 500 10 0 9 3 #=C17
P 156 240 490 220 490 0 3 0
L 215 485 10 0 9 0 1 0 SPARE_C18
A 260 490 10 0 9 0 PINTYPE=IN
A 240 490 10 0 9 3 #=C18
P 157 240 480 220 480 0 3 0
L 215 475 10 0 9 0 1 0 GND_C19
A 260 480 10 0 9 0 PINTYPE=BI
A 240 480 10 0 9 3 #=C19
P 158 240 470 220 470 0 3 0
L 215 465 10 0 9 0 1 0 GND_C20
A 260 470 10 0 9 0 PINTYPE=BI
A 240 470 10 0 9 3 #=C20
P 159 240 560 220 560 0 3 0
L 215 555 10 0 9 0 1 0 UTIL_2V5_C11
A 260 560 10 0 9 0 PINTYPE=IN
A 240 560 10 0 9 3 #=C11
P 160 240 460 220 460 0 3 0
L 215 455 10 0 9 0 1 0 GND_C21
A 260 460 10 0 9 0 PINTYPE=BI
A 240 460 10 0 9 3 #=C21
P 163 240 550 220 550 0 3 0
L 215 545 10 0 9 0 1 0 SPARE_C12
A 260 550 10 0 9 0 PINTYPE=IN
A 240 550 10 0 9 3 #=C12
P 164 240 540 220 540 0 3 0
L 215 535 10 0 9 0 1 0 UTIL_1V8_C13
A 260 540 10 0 9 0 PINTYPE=IN
A 240 540 10 0 9 3 #=C13
P 165 240 530 220 530 0 3 0
L 215 525 10 0 9 0 1 0 UTIL_1V8_C14
A 260 530 10 0 9 0 PINTYPE=IN
A 240 530 10 0 9 3 #=C14
P 166 240 520 220 520 0 3 0
L 215 515 10 0 9 0 1 0 UTIL_1V8_C15
A 260 520 10 0 9 0 PINTYPE=IN
A 240 520 10 0 9 3 #=C15
P 168 0 230 20 230 0 2 0
L 25 225 10 0 3 0 1 0 IMPULSE_INIT_B
A -20 230 10 0 3 0 PINTYPE=IN
A 0 230 10 0 3 3 #=B11
P 167 0 240 20 240 0 2 0
L 25 235 10 0 3 0 1 0 IMPULSE_PS_POR_B
A -20 240 10 0 3 0 PINTYPE=IN
A 0 240 10 0 3 3 #=B10
P 119 240 240 220 240 0 3 0
L 215 235 10 0 9 0 1 0 IMPULSE_DSEL0
A 260 240 10 0 9 0 PINTYPE=OUT
A 240 240 10 0 9 3 #=D10
P 120 240 220 220 220 0 3 0
L 215 215 10 0 9 0 1 0 IMPULSE_MSEL0
A 260 220 10 0 9 0 PINTYPE=OUT
A 240 220 10 0 9 3 #=D12
P 69 240 140 220 140 0 3 0
L 216 135 10 0 9 0 1 0 SPARE_D20
A 260 140 10 0 9 0 PINTYPE=OUT
A 240 140 10 0 9 3 #=D20
P 71 240 160 220 160 0 3 0
L 215 155 10 0 9 0 1 0 SPARE_D18
A 260 160 10 0 9 0 PINTYPE=OUT
A 240 160 10 0 9 3 #=D18
P 70 240 150 220 150 0 3 0
L 215 145 10 0 9 0 1 0 SPARE_D19
A 260 150 10 0 9 0 PINTYPE=OUT
A 240 150 10 0 9 3 #=D19
P 68 240 130 220 130 0 3 0
L 215 125 10 0 9 0 1 0 SPARE_D21
A 260 130 10 0 9 0 PINTYPE=OUT
A 240 130 10 0 9 3 #=D21
P 51 0 370 20 370 0 2 0
L 25 365 10 0 3 0 1 0 SPARE_A30
A -20 370 10 0 3 0 PINTYPE=OUT
A 0 370 10 0 3 3 #=A30
P 136 0 200 20 200 0 2 0
L 25 195 10 0 3 0 1 0 SPARE_B14
A -20 200 10 0 3 0 PINTYPE=IN
A 0 200 10 0 3 3 #=B14
P 137 0 210 20 210 0 2 0
L 25 205 10 0 3 0 1 0 SPARE_B13
A -20 210 10 0 3 0 PINTYPE=IN
A 0 210 10 0 3 3 #=B13
P 117 0 460 20 460 0 2 0
L 25 455 10 0 3 0 1 0 MODULE2_LED
A -20 460 10 0 3 0 PINTYPE=OUT
A 0 460 10 0 3 3 #=A21
P 118 0 450 20 450 0 2 0
L 25 445 10 0 3 0 1 0 MODULE3_LED
A -20 450 10 0 3 0 PINTYPE=OUT
A 0 450 10 0 3 3 #=A22
P 121 240 320 220 320 0 3 0
L 215 315 10 0 9 0 1 0 PROGRAM_B
A 260 320 10 0 9 0 PINTYPE=OUT
A 235 320 10 0 9 3 #=D2
P 30 240 620 220 620 0 3 0
L 215 615 10 0 9 0 1 0 UTIL_3V3_C5
A 260 620 10 0 9 0 PINTYPE=BI
A 235 620 10 0 9 3 #=C5
P 29 240 610 220 610 0 3 0
L 215 605 10 0 9 0 1 0 UTIL_3V3_C6
A 260 610 10 0 9 0 PINTYPE=BI
A 235 610 10 0 9 3 #=C6
P 28 240 600 220 600 0 3 0
L 215 595 10 0 9 0 1 0 UTIL_3V3_C7
A 260 600 10 0 9 0 PINTYPE=BI
A 235 600 10 0 9 3 #=C7
P 27 240 590 220 590 0 3 0
L 215 585 10 0 9 0 1 0 SPARE_C8
A 260 590 10 0 9 0 PINTYPE=BI
A 235 590 10 0 9 3 #=C8
P 26 240 580 220 580 0 3 0
L 215 575 10 0 9 0 1 0 UTIL_2V5_C9
A 260 580 10 0 9 0 PINTYPE=BI
A 235 580 10 0 9 3 #=C9
P 25 240 570 220 570 0 3 0
L 215 565 10 0 9 0 1 0 UTIL_2V5_C10
A 260 570 10 0 9 0 PINTYPE=BI
A 240 570 10 0 9 3 #=C10
P 4 240 660 220 660 0 3 0
L 215 655 10 0 9 0 1 0 UTIL_5V0_C1
A 260 660 10 0 9 0 PINTYPE=BI
A 235 660 10 0 9 3 #=C1
P 3 240 650 220 650 0 3 0
L 215 645 10 0 9 0 1 0 UTIL_5V0_C2
A 260 650 10 0 9 0 PINTYPE=BI
A 235 650 10 0 9 3 #=C2
P 2 240 640 220 640 0 3 0
L 215 635 10 0 9 0 1 0 UTIL_5V0_C3
A 260 640 10 0 9 0 PINTYPE=BI
A 235 640 10 0 9 3 #=C3
P 1 240 630 220 630 0 3 0
L 215 625 10 0 9 0 1 0 SPARE_C4
A 260 630 10 0 9 0 PINTYPE=BI
A 235 630 10 0 9 3 #=C4
P 38 0 510 20 510 0 2 0
L 25 505 10 0 3 0 1 0 SPARE_A16
A -20 510 10 0 3 0 PINTYPE=OUT
A 0 510 10 0 3 3 #=A16
P 37 0 500 20 500 0 2 0
L 25 495 10 0 3 0 1 0 SPARE_A17
A -20 500 10 0 3 0 PINTYPE=BI
A 0 500 10 0 3 3 #=A17
P 39 0 180 20 180 0 2 0
L 25 175 10 0 3 0 1 0 CABLE_DETECT_B
A -20 180 10 0 3 0 PINTYPE=IN
A 0 180 10 0 3 3 #=B16
P 138 0 190 20 190 0 2 0
L 25 185 10 0 3 0 1 0 POR_B
A -20 190 10 0 3 0 PINTYPE=IN
A 0 190 10 0 3 3 #=B15
P 50 0 290 20 290 0 2 0
L 25 285 10 0 3 0 1 0 IMPULSE_ACTIVE_B
A -20 290 10 0 3 0 PINTYPE=BI
A 5 290 10 0 3 3 #=B5
P 139 0 220 20 220 0 2 0
L 25 215 10 0 3 0 1 0 IMPULSE_DONE
A -20 220 10 0 3 0 PINTYPE=BI
A 0 220 10 0 3 3 #=B12
P 140 0 330 20 330 0 2 0
L 25 325 10 0 3 0 1 0 FPGA_IO1
A -20 330 10 0 3 0 PINTYPE=BI
A 5 330 10 0 3 3 #=B1
P 122 240 230 220 230 0 3 0
L 215 225 10 0 9 0 1 0 IMPULSE_MSEL1
A 260 230 10 0 9 0 PINTYPE=OUT
A 240 230 10 0 9 3 #=D11
P 123 240 210 220 210 0 3 0
L 215 205 10 0 9 0 1 0 IMPULSE_PL_IO1
A 260 210 10 0 9 0 PINTYPE=OUT
A 240 210 10 0 9 3 #=D13
P 124 240 250 220 250 0 3 0
L 215 245 10 0 9 0 1 0 IMPULSE_DSEL1
A 260 250 10 0 9 0 PINTYPE=OUT
A 235 250 10 0 9 3 #=D9
P 49 0 100 20 100 0 2 0
L 25 95 10 0 3 0 1 0 TCK1_N
A -20 100 10 0 3 0 PINTYPE=BI
A 0 100 10 0 3 3 #=B24
P 48 0 110 20 110 0 2 0
L 25 105 10 0 3 0 1 0 TCK1_P
A -20 110 10 0 3 0 PINTYPE=BI
A 0 110 10 0 3 3 #=B23
P 47 0 120 20 120 0 2 0
L 25 115 10 0 3 0 1 0 MODULE_DETECT4
A -20 120 10 0 3 0 PINTYPE=BI
A 0 120 10 0 3 3 #=B22
P 46 0 130 20 130 0 2 0
L 25 125 10 0 3 0 1 0 MODULE_DETECT3
A -20 130 10 0 3 0 PINTYPE=BI
A 0 130 10 0 3 3 #=B21
P 36 0 530 20 530 0 2 0
L 25 525 10 0 3 0 1 0 BOOT_MODULE_ACTIVE
A -20 530 10 0 3 0 PINTYPE=OUT
A 0 530 10 0 3 3 #=A14
P 35 0 520 20 520 0 2 0
L 25 515 10 0 3 0 1 0 DDR_INSTALLED
A -20 520 10 0 3 0 PINTYPE=BI
A 0 520 10 0 3 3 #=A15
P 34 0 490 20 490 0 2 0
L 25 485 10 0 3 0 1 0 SPARE_A18
A -20 490 10 0 3 0 PINTYPE=IN
A 0 490 10 0 3 3 #=A18
P 33 0 480 20 480 0 2 0
L 25 475 10 0 3 0 1 0 SPARE_A19
A -20 480 10 0 3 0 PINTYPE=BI
A 0 480 10 0 3 3 #=A19
P 141 0 470 20 470 0 2 0
L 25 465 10 0 3 0 1 0 MODULE1_LED
A -20 470 10 0 3 0 PINTYPE=BI
A 0 470 10 0 3 3 #=A20
P 142 0 310 20 310 0 2 0
L 25 305 10 0 3 0 1 0 FPGA_IO3
A -20 310 10 0 3 0 PINTYPE=BI
A 5 310 10 0 3 3 #=B3
P 143 0 300 20 300 0 2 0
L 25 295 10 0 3 0 1 0 FPGA_IO4
A -20 300 10 0 3 0 PINTYPE=BI
A 5 300 10 0 3 3 #=B4
P 126 240 200 220 200 0 3 0
L 215 195 10 0 9 0 1 0 IMPULSE_PL_IO2
A 260 200 10 0 9 0 PINTYPE=IN
A 240 200 10 0 9 3 #=D14
P 13 240 190 220 190 0 3 0
L 215 185 10 0 9 0 1 0 SPARE_D15
A 260 190 10 0 9 0 PINTYPE=OUT
A 240 190 10 0 9 3 #=D15
P 127 240 180 220 180 0 3 0
L 215 175 10 0 9 0 1 0 SPARE_D16
A 260 180 10 0 9 0 PINTYPE=OUT
A 240 180 10 0 9 3 #=D16
P 152 0 380 20 380 0 2 0
L 25 375 10 0 3 0 0 0 SPARE_B19
A -20 380 10 0 3 0 PINTYPE=BI
A 0 380 10 0 3 3 #=A29
P 144 0 320 20 320 0 2 0
L 25 315 10 0 3 0 1 0 FPGA_IO2
A -20 320 10 0 3 0 PINTYPE=BI
A 5 320 10 0 3 3 #=B2
P 74 240 370 220 370 0 3 0
L 215 365 10 0 9 0 1 0 GND_C30
A 260 370 10 0 9 0 PINTYPE=IN
A 240 370 10 0 9 3 #=C30
P 75 240 400 220 400 0 3 0
L 215 395 10 0 9 0 1 0 GND_C27
A 260 400 10 0 9 0 PINTYPE=IN
A 240 400 10 0 9 3 #=C27
P 76 240 390 220 390 0 3 0
L 215 385 10 0 9 0 1 0 GND_C28
A 260 390 10 0 9 0 PINTYPE=IN
A 240 390 10 0 9 3 #=C28
P 77 240 380 220 380 0 3 0
L 215 375 10 0 9 0 1 0 GND_C29
A 260 380 10 0 9 0 PINTYPE=IN
A 240 380 10 0 9 3 #=C29
P 45 0 160 20 160 0 2 0
L 25 155 10 0 3 0 1 0 BOOT_BYPASS_B
A -20 160 10 0 3 0 PINTYPE=IN
A 0 160 10 0 3 3 #=B18
P 44 0 170 20 170 0 2 0
L 25 165 10 0 3 0 1 0 SERVICE_EN_B
A -20 170 10 0 3 0 PINTYPE=IN
A 0 170 10 0 3 3 #=B17
P 43 0 250 20 250 0 2 0
L 25 245 10 0 3 0 1 0 IMPULSE_PS_SRST_B
A -20 250 10 0 3 0 PINTYPE=BI
A 5 250 10 0 3 3 #=B9
P 145 0 270 20 270 0 2 0
L 25 265 10 0 3 0 1 0 IMPULSE_RSEL0
A -20 270 10 0 3 0 PINTYPE=BI
A 5 270 10 0 3 3 #=B7
P 42 0 260 20 260 0 2 0
L 25 255 10 0 3 0 1 0 IMPULSE_PROG_B
A -20 260 10 0 3 0 PINTYPE=IN
A 5 260 10 0 3 3 #=B8
P 146 0 280 20 280 0 2 0
L 25 275 10 0 3 0 1 0 IMPULSE_RSEL1
A -20 280 10 0 3 0 PINTYPE=BI
A 5 280 10 0 3 3 #=B6
P 41 0 140 20 140 0 2 0
L 25 135 10 0 3 0 1 0 MODULE_DETECT2
A -20 140 10 0 3 0 PINTYPE=OUT
A 0 140 10 0 3 3 #=B20
P 40 0 150 20 150 0 2 0
L 25 145 10 0 3 0 1 0 MODULE_DETECT1
A -20 150 10 0 3 0 PINTYPE=BI
A 0 150 10 0 3 3 #=B19
P 72 240 170 220 170 0 3 0
L 215 165 10 0 9 0 1 0 SPARE_D17
A 260 170 10 0 9 0 PINTYPE=OUT
A 240 170 10 0 9 3 #=D17
P 115 0 540 20 540 0 2 0
L 25 535 10 0 3 0 1 0 BOOT_MIO2
A -20 540 10 0 3 0 PINTYPE=BI
A 0 540 10 0 3 3 #=A13
P 116 0 550 20 550 0 2 0
L 25 545 10 0 3 0 1 0 BOOT_MIO3
A -20 550 10 0 3 0 PINTYPE=BI
A 0 550 10 0 3 3 #=A12
P 128 240 300 220 300 0 3 0
L 215 295 10 0 9 0 1 0 DONE
A 260 300 10 0 9 0 PINTYPE=OUT
A 235 300 10 0 9 3 #=D4
P 129 240 290 220 290 0 3 0
L 215 285 10 0 9 0 1 0 IMPULSE_MDFY3
A 260 290 10 0 9 0 PINTYPE=OUT
A 235 290 10 0 9 3 #=D5
P 130 240 310 220 310 0 3 0
L 215 305 10 0 9 0 1 0 INIT_B
A 260 310 10 0 9 0 PINTYPE=OUT
A 235 310 10 0 9 3 #=D3
P 131 240 270 220 270 0 3 0
L 215 265 10 0 9 0 1 0 IMPULSE_MDFY1
A 260 270 10 0 9 0 PINTYPE=OUT
A 235 270 10 0 9 3 #=D7
P 132 240 280 220 280 0 3 0
L 215 275 10 0 9 0 1 0 IMPULSE_MDFY2
A 260 280 10 0 9 0 PINTYPE=OUT
A 235 280 10 0 9 3 #=D6
P 133 240 260 220 260 0 3 0
L 215 255 10 0 9 0 1 0 IMPULSE_MDFY0
A 260 260 10 0 9 0 PINTYPE=OUT
A 235 260 10 0 9 3 #=D8
P 162 240 440 220 440 0 3 0
L 215 435 10 0 9 0 1 0 GND_C23
A 260 440 10 0 9 0 PINTYPE=BI
A 240 440 10 0 9 3 #=C23
P 171 240 410 220 410 0 3 0
L 215 405 10 0 9 0 1 0 GND_C26
A 260 410 10 0 9 0 PINTYPE=BI
A 240 410 10 0 9 3 #=C26
P 161 240 450 220 450 0 3 0
L 215 445 10 0 9 0 1 0 GND_C22
A 260 450 10 0 9 0 PINTYPE=BI
A 240 450 10 0 9 3 #=C22
P 172 0 440 20 440 0 2 0
L 25 435 10 0 3 0 1 0 MODULE4_LED
A -20 440 10 0 3 0 PINTYPE=BI
A 0 440 10 0 3 3 #=A23
P 173 0 430 20 430 0 2 0
L 25 425 10 0 3 0 1 0 ILLEGAL_MODE_LED
A -20 430 10 0 3 0 PINTYPE=BI
A 0 430 10 0 3 3 #=A24
P 174 0 420 20 420 0 2 0
L 25 415 10 0 3 0 1 0 IMPULSE_ACTIVE_LED
A -20 420 10 0 3 0 PINTYPE=BI
A 0 420 10 0 3 3 #=A25
P 153 0 390 20 390 0 2 0
L 25 385 10 0 3 0 0 0 SPARE_B18
A -20 390 10 0 3 0 PINTYPE=BI
A 0 390 10 0 3 3 #=A28
P 150 0 410 20 410 0 2 0
L 25 405 10 0 3 0 1 0 STACK_SIZE_FAULT
A -20 410 10 0 3 0 PINTYPE=BI
A 0 410 10 0 3 3 #=A26
P 151 0 400 20 400 0 2 0
L 25 395 10 0 3 0 1 0 STACK_SIZE4
A -20 400 10 0 3 0 PINTYPE=BI
A 0 400 10 0 3 3 #=A27
P 52 240 60 220 60 0 3 0
L 157 55 10 0 3 0 1 0 IMPULSE_TDO
A 260 60 10 0 9 0 PINTYPE=BI
A 240 60 10 0 9 3 #=D28
P 134 240 50 220 50 0 3 0
L 167 45 10 0 3 0 1 0 CABLE_TDO
A 260 50 10 0 9 0 PINTYPE=BI
A 240 50 10 0 9 3 #=D29
P 135 240 40 220 40 0 3 0
L 137 35 10 0 3 0 1 0 DNSTRM_FPGA_TDO
A 260 40 10 0 9 0 PINTYPE=IN
A 240 40 10 0 9 3 #=D30
P 112 0 660 20 660 0 2 0
L 25 655 10 0 3 0 1 0 BOOT_MODE0
A -20 660 10 0 3 0 PINTYPE=BI
A 5 660 10 0 3 3 #=A1
P 113 0 650 20 650 0 2 0
L 25 645 10 0 3 0 1 0 BOOT_MODE1
A -20 650 10 0 3 0 PINTYPE=BI
A 5 650 10 0 3 3 #=A2
P 114 0 640 20 640 0 2 0
L 25 635 10 0 3 0 1 0 BOOT_MODE2
A -20 640 10 0 3 0 PINTYPE=BI
A 5 640 10 0 3 3 #=A3
P 108 0 630 20 630 0 2 0
L 25 625 10 0 3 0 1 0 BOOT_MODE3
A -20 630 10 0 3 0 PINTYPE=BI
A 5 630 10 0 3 3 #=A4
P 109 0 620 20 620 0 2 0
L 25 615 10 0 3 0 1 0 BOOT_MOD_SEL0
A -20 620 10 0 3 0 PINTYPE=BI
A 5 620 10 0 3 3 #=A5
P 110 0 610 20 610 0 2 0
L 25 605 10 0 3 0 1 0 BOOT_MOD_SEL1
A -20 610 10 0 3 0 PINTYPE=BI
A 5 610 10 0 3 3 #=A6
P 111 0 600 20 600 0 2 0
L 25 595 10 0 3 0 1 0 BOOT_DEV_SEL0
A -20 600 10 0 3 0 PINTYPE=BI
A 5 600 10 0 3 3 #=A7
P 106 0 590 20 590 0 2 0
L 25 585 10 0 3 0 1 0 BOOT_DEV_SEL1
A -20 590 10 0 3 0 PINTYPE=BI
A 5 590 10 0 3 3 #=A8
P 107 0 580 20 580 0 2 0
L 25 575 10 0 3 0 1 0 LED_TEST_B
A -20 580 10 0 3 0 PINTYPE=BI
A 5 580 10 0 3 3 #=A9
P 104 0 570 20 570 0 2 0
L 25 565 10 0 3 0 1 0 BOOT_MIO5
A -20 570 10 0 3 0 PINTYPE=BI
A 0 570 10 0 3 3 #=A10
P 105 0 560 20 560 0 2 0
L 25 555 10 0 3 0 1 0 BOOT_MIO4
A -20 560 10 0 3 0 PINTYPE=BI
A 0 560 10 0 3 3 #=A11
P 125 240 330 220 330 0 3 0
L 215 325 10 0 9 0 1 0 SPARE_D1
A 260 330 10 0 9 0 PINTYPE=OUT
A 235 330 10 0 9 3 #=D1
T 25 385 10 0 3 STACK_SIZE3
Q 15 0 0
T 25 375 10 0 3 STACK_SIZE2
Q 15 0 0
b 20 20 220 680
E
