V 51
K 258896172600 seam_120_all
|R 5:07_9-8-11
Y 1
D 0 0 240 680
Z 10
i 319
U 0 -110 10 0 3 0 DIST_P/N=XXX
U 0 -100 10 0 3 0 MANF_P/N=SEAM-30-02.0-S-04-2-A
U 0 -90 10 0 3 0 DIST=SAMTEC
U 0 -80 10 0 3 0 MANF=SAMTEC
U 0 -30 10 0 3 0 PARTS=1
U 0 -20 10 0 3 0 LEVEL=STD
U 80 5 10 0 3 3 PKG_TYPE=SAMTEC_SEAM_30X4
U 15 0 16 0 3 3 REFDES=J?
U 20 705 10 0 3 0 DEVICE=SAMTEC_SEAM_04X30
P 319 0 135 20 135 0 2 0
L 25 130 10 0 3 0 1 0 A20
A -20 135 10 0 3 0 PINTYPE=BI
A 0 135 10 0 3 3 #=B21
P 315 0 75 20 75 0 2 0
L 25 70 10 0 3 0 1 0 A22
A -20 75 10 0 3 0 PINTYPE=BI
A 0 75 10 0 3 3 #=B27
P 316 0 65 20 65 0 2 0
L 25 60 10 0 3 0 1 0 A23
A -20 65 10 0 3 0 PINTYPE=BI
A 0 65 10 0 3 3 #=B28
P 317 0 55 20 55 0 2 0
L 25 50 10 0 3 0 1 0 A24
A -20 55 10 0 3 0 PINTYPE=BI
A 0 55 10 0 3 3 #=B29
P 318 0 45 20 45 0 2 0
L 25 40 10 0 3 0 1 0 A25
A -20 45 10 0 3 0 PINTYPE=BI
A 0 45 10 0 3 3 #=B30
P 160 0 335 20 335 0 2 0
L 25 330 10 0 3 0 1 0 A01_D17
A -20 335 10 0 3 0 PINTYPE=BI
A 0 335 10 0 3 3 #=B1
P 158 0 325 20 325 0 2 0
L 25 320 10 0 3 0 1 0 A02_D18
A -20 325 10 0 3 0 PINTYPE=BI
A 0 325 10 0 3 3 #=B2
P 161 0 315 20 315 0 2 0
L 25 310 10 0 3 0 1 0 A03_D19
A -20 315 10 0 3 0 PINTYPE=BI
A 0 315 10 0 3 3 #=B3
P 159 0 305 20 305 0 2 0
L 25 300 10 0 3 0 1 0 A04_D20
A -20 305 10 0 3 0 PINTYPE=BI
A 0 305 10 0 3 3 #=B4
P 147 0 295 20 295 0 2 0
L 25 290 10 0 3 0 1 0 A05_D21
A -20 295 10 0 3 0 PINTYPE=BI
A 0 295 10 0 3 3 #=B5
P 146 0 285 20 285 0 2 0
L 25 280 10 0 3 0 1 0 A06_D22
A -20 285 10 0 3 0 PINTYPE=BI
A 0 285 10 0 3 3 #=B6
P 135 0 275 20 275 0 2 0
L 25 270 10 0 3 0 1 0 A07_D23
A -20 275 10 0 3 0 PINTYPE=BI
A 0 275 10 0 3 3 #=B7
P 188 0 265 20 265 0 2 0
L 25 260 10 0 3 0 1 0 A08_D24
A -20 265 10 0 3 0 PINTYPE=IN
A 0 265 10 0 3 3 #=B8
P 189 0 255 20 255 0 2 0
L 25 250 10 0 3 0 1 0 A09_D25
A -20 255 10 0 3 0 PINTYPE=IN
A 0 255 10 0 3 3 #=B9
P 190 0 245 20 245 0 2 0
L 25 240 10 0 3 0 1 0 A10_D26
A -20 245 10 0 3 0 PINTYPE=IN
A 0 245 10 0 3 3 #=B10
P 191 0 235 20 235 0 2 0
L 25 230 10 0 3 0 1 0 A11_D27
A -20 235 10 0 3 0 PINTYPE=IN
A 0 235 10 0 3 3 #=B11
P 134 0 225 20 225 0 2 0
L 25 220 10 0 3 0 1 0 A12_D28
A -20 225 10 0 3 0 PINTYPE=BI
A 0 225 10 0 3 3 #=B12
P 212 0 215 20 215 0 2 0
L 25 210 10 0 3 0 1 0 A13_D29
A -20 215 10 0 3 0 PINTYPE=BI
A 0 215 10 0 3 3 #=B13
P 273 0 205 20 205 0 2 0
L 25 200 10 0 3 0 1 0 A14_D30
A -20 205 10 0 3 0 PINTYPE=BI
A 0 205 10 0 3 3 #=B14
P 274 0 195 20 195 0 2 0
L 25 190 10 0 3 0 1 0 A15_D31
A -20 195 10 0 3 0 PINTYPE=BI
A 0 195 10 0 3 3 #=B15
P 275 0 185 20 185 0 2 0
L 25 180 10 0 3 0 1 0 A16
A -20 185 10 0 3 0 PINTYPE=BI
A 0 185 10 0 3 3 #=B16
P 276 0 175 20 175 0 2 0
L 25 170 10 0 3 0 1 0 A17
A -20 175 10 0 3 0 PINTYPE=BI
A 0 175 10 0 3 3 #=B17
P 277 0 165 20 165 0 2 0
L 25 160 10 0 3 0 1 0 A18
A -20 165 10 0 3 0 PINTYPE=BI
A 0 165 10 0 3 3 #=B18
P 278 0 155 20 155 0 2 0
L 25 150 10 0 3 0 1 0 A19
A -20 155 10 0 3 0 PINTYPE=BI
A 0 155 10 0 3 3 #=B19
P 279 0 145 20 145 0 2 0
L 25 140 10 0 3 0 1 0 A20
A -20 145 10 0 3 0 PINTYPE=BI
A 0 145 10 0 3 3 #=B20
P 280 0 125 20 125 0 2 0
L 25 120 10 0 3 0 1 0 A21
A -20 125 10 0 3 0 PINTYPE=BI
A 0 125 10 0 3 3 #=B22
P 281 0 115 20 115 0 2 0
L 25 110 10 0 3 0 1 0 A22
A -20 115 10 0 3 0 PINTYPE=BI
A 0 115 10 0 3 3 #=B23
P 282 0 105 20 105 0 2 0
L 25 100 10 0 3 0 1 0 A23
A -20 105 10 0 3 0 PINTYPE=BI
A 0 105 10 0 3 3 #=B24
P 283 0 95 20 95 0 2 0
L 25 90 10 0 3 0 1 0 A24
A -20 95 10 0 3 0 PINTYPE=BI
A 0 95 10 0 3 3 #=B25
P 284 0 85 20 85 0 2 0
L 25 80 10 0 3 0 1 0 A25
A -20 85 10 0 3 0 PINTYPE=BI
A 0 85 10 0 3 3 #=B26
P 242 0 575 20 575 0 2 0
L 25 570 10 0 3 0 1 0 CCLK
A -20 575 10 0 3 0 PINTYPE=OUT
A 0 575 10 0 3 3 #=A7
P 184 0 505 20 505 0 2 0
L 24 500 10 0 3 0 1 0 D0_FS0
A -20 505 10 0 3 0 PINTYPE=BI
A 0 505 10 0 3 3 #=A14
P 176 0 405 20 405 0 2 0
L 24 400 10 0 3 0 1 0 D10
A -20 405 10 0 3 0 PINTYPE=OUT
A 0 405 10 0 3 3 #=A24
P 175 0 395 20 395 0 2 0
L 24 390 10 0 3 0 1 0 D11
A -20 395 10 0 3 0 PINTYPE=OUT
A 0 395 10 0 3 3 #=A25
P 154 0 385 20 385 0 2 0
L 24 380 10 0 3 0 1 0 D12
A -20 385 10 0 3 0 PINTYPE=BI
A 0 385 10 0 3 3 #=A26
P 153 0 375 20 375 0 2 0
L 24 370 10 0 3 0 1 0 D13
A -20 375 10 0 3 0 PINTYPE=BI
A 0 375 10 0 3 3 #=A27
P 156 0 365 20 365 0 2 0
L 24 360 10 0 3 0 1 0 D14
A -20 365 10 0 3 0 PINTYPE=BI
A 0 365 10 0 3 3 #=A28
P 157 0 355 20 355 0 2 0
L 24 350 10 0 3 0 1 0 D15
A -20 355 10 0 3 0 PINTYPE=BI
A 0 355 10 0 3 3 #=A29
P 183 0 495 20 495 0 2 0
L 24 490 10 0 3 0 1 0 D1_FS1
A -20 495 10 0 3 0 PINTYPE=BI
A 0 495 10 0 3 3 #=A15
P 182 0 485 20 485 0 2 0
L 24 480 10 0 3 0 1 0 D2_FS2
A -20 485 10 0 3 0 PINTYPE=BI
A 0 485 10 0 3 3 #=A16
P 181 0 475 20 475 0 2 0
L 24 470 10 0 3 0 1 0 D3
A -20 475 10 0 3 0 PINTYPE=BI
A 0 475 10 0 3 3 #=A17
P 180 0 465 20 465 0 2 0
L 24 460 10 0 3 0 1 0 D4
A -20 465 10 0 3 0 PINTYPE=BI
A 0 465 10 0 3 3 #=A18
P 179 0 455 20 455 0 2 0
L 24 450 10 0 3 0 1 0 D5
A -20 455 10 0 3 0 PINTYPE=BI
A 0 455 10 0 3 3 #=A19
P 186 0 445 20 445 0 2 0
L 24 440 10 0 3 0 1 0 D6
A -20 445 10 0 3 0 PINTYPE=BI
A 0 445 10 0 3 3 #=A20
P 185 0 435 20 435 0 2 0
L 24 430 10 0 3 0 1 0 D7
A -20 435 10 0 3 0 PINTYPE=BI
A 0 435 10 0 3 3 #=A21
P 178 0 425 20 425 0 2 0
L 24 420 10 0 3 0 1 0 D8
A -20 425 10 0 3 0 PINTYPE=BI
A 0 425 10 0 3 3 #=A22
P 177 0 415 20 415 0 2 0
L 24 410 10 0 3 0 1 0 D9
A -20 415 10 0 3 0 PINTYPE=BI
A 0 415 10 0 3 3 #=A23
P 236 0 545 20 545 0 2 0
L 25 540 10 0 3 0 1 0 DIN
A -20 545 10 0 3 0 PINTYPE=IN
A 0 545 10 0 3 3 #=A10
P 238 0 525 20 525 0 2 0
L 25 520 10 0 3 0 1 0 DONE
A -20 525 10 0 3 0 PINTYPE=BI
A 0 525 10 0 3 3 #=A12
P 312 0 605 20 605 0 2 0
L 25 600 10 0 3 0 1 0 FCS_B
A -20 605 10 0 3 0 PINTYPE=BI
A 0 605 10 0 3 3 #=A4
P 313 0 615 20 615 0 2 0
L 25 610 10 0 3 0 1 0 FWE_B
A -20 615 10 0 3 0 PINTYPE=BI
A 0 615 10 0 3 3 #=A3
P 239 0 515 20 515 0 2 0
L 24 510 10 0 3 0 1 0 INIT_B
A -20 515 10 0 3 0 PINTYPE=BI
A 0 515 10 0 3 3 #=A13
P 311 0 585 20 585 0 2 0
L 25 580 10 0 3 0 1 0 ADV_B
A -20 585 10 0 3 0 PINTYPE=BI
A 0 585 10 0 3 3 #=A6
P 235 0 535 20 535 0 2 0
L 25 530 10 0 3 0 1 0 PROGRAM_B
A -20 535 10 0 3 0 PINTYPE=BI
A 0 535 10 0 3 3 #=A11
P 240 0 555 20 555 0 2 0
L 25 550 10 0 3 0 1 0 RDWR_B
A -20 555 10 0 3 0 PINTYPE=BI
A 0 555 10 0 3 3 #=A9
P 310 0 595 20 595 0 2 0
L 25 590 10 0 3 0 1 0 S6_FOE_B
A -20 595 10 0 3 0 PINTYPE=BI
A 0 595 10 0 3 3 #=A5
P 309 0 625 20 625 0 2 0
L 25 620 10 0 3 0 1 0 S6_MOSI_CSI_B_MISO0
A -20 625 10 0 3 0 PINTYPE=BI
A 0 625 10 0 3 3 #=A2
P 298 240 595 220 595 0 3 0
L 176 590 10 0 3 0 1 0 SPARE10
A 260 595 10 0 9 0 PINTYPE=BI
A 235 595 10 0 9 3 #=C5
P 297 240 585 220 585 0 3 0
L 176 580 10 0 3 0 1 0 SPARE11
A 260 585 10 0 9 0 PINTYPE=BI
A 235 585 10 0 9 3 #=C6
P 296 240 575 220 575 0 3 0
L 176 570 10 0 3 0 1 0 SPARE12
A 260 575 10 0 9 0 PINTYPE=BI
A 235 575 10 0 9 3 #=C7
P 295 240 565 220 565 0 3 0
L 176 560 10 0 3 0 1 0 SPARE13
A 260 565 10 0 9 0 PINTYPE=BI
A 235 565 10 0 9 3 #=C8
P 294 240 555 220 555 0 3 0
L 176 550 10 0 3 0 1 0 SPARE14
A 260 555 10 0 9 0 PINTYPE=BI
A 235 555 10 0 9 3 #=C9
P 293 240 545 220 545 0 3 0
L 176 540 10 0 3 0 1 0 SPARE15
A 260 545 10 0 9 0 PINTYPE=BI
A 240 545 10 0 9 3 #=C10
P 292 240 535 220 535 0 3 0
L 176 530 10 0 3 0 1 0 SPARE16
A 260 535 10 0 9 0 PINTYPE=BI
A 240 535 10 0 9 3 #=C11
P 291 240 525 220 525 0 3 0
L 176 520 10 0 3 0 1 0 SPARE17
A 260 525 10 0 9 0 PINTYPE=BI
A 240 525 10 0 9 3 #=C12
P 290 240 515 220 515 0 3 0
L 176 510 10 0 3 0 1 0 SPARE18
A 260 515 10 0 9 0 PINTYPE=BI
A 240 515 10 0 9 3 #=C13
P 289 240 505 220 505 0 3 0
L 176 500 10 0 3 0 1 0 SPARE19
A 260 505 10 0 9 0 PINTYPE=BI
A 240 505 10 0 9 3 #=C14
P 288 240 495 220 495 0 3 0
L 176 490 10 0 3 0 1 0 SPARE20
A 260 495 10 0 9 0 PINTYPE=BI
A 240 495 10 0 9 3 #=C15
P 287 240 485 220 485 0 3 0
L 176 480 10 0 3 0 1 0 SPARE21
A 260 485 10 0 9 0 PINTYPE=BI
A 240 485 10 0 9 3 #=C16
P 286 240 475 220 475 0 3 0
L 176 470 10 0 3 0 1 0 SPARE22
A 260 475 10 0 9 0 PINTYPE=BI
A 240 475 10 0 9 3 #=C17
P 285 240 465 220 465 0 3 0
L 176 460 10 0 3 0 1 0 SPARE23
A 260 465 10 0 9 0 PINTYPE=BI
A 240 465 10 0 9 3 #=C18
P 246 240 455 220 455 0 3 0
L 176 450 10 0 3 0 1 0 SPARE24
A 260 455 10 0 9 0 PINTYPE=BI
A 240 455 10 0 9 3 #=C19
P 245 240 445 220 445 0 3 0
L 176 440 10 0 3 0 1 0 SPARE25
A 260 445 10 0 9 0 PINTYPE=BI
A 240 445 10 0 9 3 #=C20
P 244 240 435 220 435 0 3 0
L 176 430 10 0 3 0 1 0 SPARE26
A 260 435 10 0 9 0 PINTYPE=BI
A 240 435 10 0 9 3 #=C21
P 243 240 425 220 425 0 3 0
L 176 420 10 0 3 0 1 0 SPARE27
A 260 425 10 0 9 0 PINTYPE=BI
A 240 425 10 0 9 3 #=C22
P 265 240 415 220 415 0 3 0
L 176 410 10 0 3 0 1 0 SPARE28
A 260 415 10 0 9 0 PINTYPE=BI
A 240 415 10 0 9 3 #=C23
P 264 240 405 220 405 0 3 0
L 176 400 10 0 3 0 1 0 SPARE29
A 260 405 10 0 9 0 PINTYPE=BI
A 240 405 10 0 9 3 #=C24
P 263 240 395 220 395 0 3 0
L 176 390 10 0 3 0 1 0 SPARE30
A 260 395 10 0 9 0 PINTYPE=BI
A 240 395 10 0 9 3 #=C25
P 262 240 385 220 385 0 3 0
L 176 380 10 0 3 0 1 0 SPARE31
A 260 385 10 0 9 0 PINTYPE=BI
A 240 385 10 0 9 3 #=C26
P 261 240 375 220 375 0 3 0
L 176 370 10 0 3 0 1 0 SPARE32
A 260 375 10 0 9 0 PINTYPE=BI
A 240 375 10 0 9 3 #=C27
P 260 240 365 220 365 0 3 0
L 176 360 10 0 3 0 1 0 SPARE33
A 260 365 10 0 9 0 PINTYPE=BI
A 240 365 10 0 9 3 #=C28
P 259 240 345 220 345 0 3 0
L 176 340 10 0 3 0 1 0 SPARE35
A 260 345 10 0 9 0 PINTYPE=BI
A 240 345 10 0 9 3 #=C30
P 258 240 335 220 335 0 3 0
L 176 330 10 0 3 0 1 0 SPARE36
A 260 335 10 0 9 0 PINTYPE=BI
A 235 335 10 0 9 3 #=D1
P 257 240 325 220 325 0 3 0
L 176 320 10 0 3 0 1 0 SPARE37
A 260 325 10 0 9 0 PINTYPE=BI
A 235 325 10 0 9 3 #=D2
P 256 240 315 220 315 0 3 0
L 176 310 10 0 3 0 1 0 SPARE38
A 260 315 10 0 9 0 PINTYPE=BI
A 235 315 10 0 9 3 #=D3
P 255 240 305 220 305 0 3 0
L 176 300 10 0 3 0 1 0 SPARE39
A 260 305 10 0 9 0 PINTYPE=BI
A 235 305 10 0 9 3 #=D4
P 254 240 295 220 295 0 3 0
L 176 290 10 0 3 0 1 0 SPARE40
A 260 295 10 0 9 0 PINTYPE=BI
A 235 295 10 0 9 3 #=D5
P 253 240 285 220 285 0 3 0
L 176 280 10 0 3 0 1 0 SPARE41
A 260 285 10 0 9 0 PINTYPE=BI
A 235 285 10 0 9 3 #=D6
P 252 240 275 220 275 0 3 0
L 176 270 10 0 3 0 1 0 SPARE42
A 260 275 10 0 9 0 PINTYPE=BI
A 235 275 10 0 9 3 #=D7
P 251 240 265 220 265 0 3 0
L 176 260 10 0 3 0 1 0 SPARE43
A 260 265 10 0 9 0 PINTYPE=BI
A 235 265 10 0 9 3 #=D8
P 250 240 255 220 255 0 3 0
L 176 250 10 0 3 0 1 0 SPARE44
A 260 255 10 0 9 0 PINTYPE=BI
A 235 255 10 0 9 3 #=D9
P 249 240 245 220 245 0 3 0
L 176 240 10 0 3 0 1 0 SPARE45
A 260 245 10 0 9 0 PINTYPE=BI
A 240 245 10 0 9 3 #=D10
P 248 240 235 220 235 0 3 0
L 176 230 10 0 3 0 1 0 SPARE46
A 260 235 10 0 9 0 PINTYPE=BI
A 240 235 10 0 9 3 #=D11
P 247 240 225 220 225 0 3 0
L 176 220 10 0 3 0 1 0 SPARE47
A 260 225 10 0 9 0 PINTYPE=BI
A 240 225 10 0 9 3 #=D12
P 168 240 215 220 215 0 3 0
L 177 210 10 0 3 0 1 0 SPARE48
A 260 215 10 0 9 0 PINTYPE=IN
A 240 215 10 0 9 3 #=D13
P 170 240 205 220 205 0 3 0
L 177 200 10 0 3 0 1 0 SPARE49
A 260 205 10 0 9 0 PINTYPE=OUT
A 240 205 10 0 9 3 #=D14
P 169 240 195 220 195 0 3 0
L 177 190 10 0 3 0 1 0 SPARE50
A 260 195 10 0 9 0 PINTYPE=OUT
A 240 195 10 0 9 3 #=D15
P 167 240 185 220 185 0 3 0
L 177 180 10 0 3 0 1 0 SPARE51
A 260 185 10 0 9 0 PINTYPE=OUT
A 240 185 10 0 9 3 #=D16
P 164 240 175 220 175 0 3 0
L 177 170 10 0 3 0 1 0 SPARE52
A 260 175 10 0 9 0 PINTYPE=OUT
A 240 175 10 0 9 3 #=D17
P 166 240 165 220 165 0 3 0
L 177 160 10 0 3 0 1 0 SPARE53
A 260 165 10 0 9 0 PINTYPE=OUT
A 240 165 10 0 9 3 #=D18
P 165 240 155 220 155 0 3 0
L 177 150 10 0 3 0 1 0 SPARE54
A 260 155 10 0 9 0 PINTYPE=OUT
A 240 155 10 0 9 3 #=D19
P 171 240 145 220 145 0 3 0
L 177 140 10 0 3 0 1 0 SPARE55
A 260 145 10 0 9 0 PINTYPE=OUT
A 240 145 10 0 9 3 #=D20
P 172 240 135 220 135 0 3 0
L 177 130 10 0 3 0 1 0 SPARE56
A 260 135 10 0 9 0 PINTYPE=OUT
A 240 135 10 0 9 3 #=D21
P 174 240 125 220 125 0 3 0
L 177 120 10 0 3 0 1 0 SPARE57
A 260 125 10 0 9 0 PINTYPE=OUT
A 240 125 10 0 9 3 #=D22
P 205 240 115 220 115 0 3 0
L 177 110 10 0 3 0 1 0 SPARE58
A 260 115 10 0 9 0 PINTYPE=IN
A 240 115 10 0 9 3 #=D23
P 204 240 105 220 105 0 3 0
L 177 100 10 0 3 0 1 0 SPARE59
A 260 105 10 0 9 0 PINTYPE=IN
A 240 105 10 0 9 3 #=D24
P 302 240 635 220 635 0 3 0
L 181 630 10 0 3 0 1 0 SPARE6
A 260 635 10 0 9 0 PINTYPE=BI
A 235 635 10 0 9 3 #=C1
P 203 240 95 220 95 0 3 0
L 177 90 10 0 3 0 1 0 SPARE60
A 260 95 10 0 9 0 PINTYPE=IN
A 240 95 10 0 9 3 #=D25
P 173 240 85 220 85 0 3 0
L 177 80 10 0 3 0 1 0 SPARE61
A 260 85 10 0 9 0 PINTYPE=OUT
A 240 85 10 0 9 3 #=D26
P 200 240 75 220 75 0 3 0
L 177 70 10 0 3 0 1 0 SPARE62
A 260 75 10 0 9 0 PINTYPE=IN
A 240 75 10 0 9 3 #=D27
P 207 240 65 220 65 0 3 0
L 177 60 10 0 3 0 1 0 SPARE63
A 260 65 10 0 9 0 PINTYPE=OUT
A 240 65 10 0 9 3 #=D28
P 206 240 55 220 55 0 3 0
L 177 50 10 0 3 0 1 0 SPARE64
A 260 55 10 0 9 0 PINTYPE=OUT
A 240 55 10 0 9 3 #=D29
P 201 240 45 220 45 0 3 0
L 177 40 10 0 3 0 1 0 SPARE65
A 260 45 10 0 9 0 PINTYPE=IN
A 240 45 10 0 9 3 #=D30
P 301 240 625 220 625 0 3 0
L 182 620 10 0 3 0 1 0 SPARE7
A 260 625 10 0 9 0 PINTYPE=BI
A 235 625 10 0 9 3 #=C2
P 300 240 615 220 615 0 3 0
L 182 610 10 0 3 0 1 0 SPARE8
A 260 615 10 0 9 0 PINTYPE=BI
A 235 615 10 0 9 3 #=C3
P 299 240 605 220 605 0 3 0
L 182 600 10 0 3 0 1 0 SPARE9
A 260 605 10 0 9 0 PINTYPE=BI
A 235 605 10 0 9 3 #=C4
P 241 0 565 20 565 0 2 0
L 25 560 10 0 3 0 1 0 V6_CSI_B
A -20 565 10 0 3 0 PINTYPE=OUT
A 0 565 10 0 3 3 #=A8
P 314 0 635 20 635 0 2 0
L 25 630 10 0 3 0 1 0 V6_FOE_MOSI
A -20 635 10 0 3 0 PINTYPE=BI
A 0 635 10 0 3 3 #=A1
P 155 0 345 20 345 0 2 0
L 25 340 10 0 3 0 1 0 A00_D16
A -20 345 10 0 3 0 PINTYPE=BI
A 0 345 10 0 3 3 #=A30
b 20 25 220 665
P 266 240 355 220 355 0 3 0
L 176 350 10 0 3 0 1 0 SPARE34
A 260 355 10 0 9 0 PINTYPE=BI
A 240 355 10 0 9 3 #=C29
E
