V 51
K 38317075290 seam_240_abcd
|R 5:05_12-3-12
Y 1
D 0 0 240 840
Z 10
i 174
U 0 -50 10 0 3 0 DIST_P/N=SEAM-30-02.0-S-08-2-A-K-TR-ND
U 0 -10 10 0 3 0 ROHS=XX
U 0 -90 10 0 3 0 MANF=SAMTEC
U 0 -40 10 0 3 0 DIST=DIGIKEY
U 0 -70 10 0 3 0 HETERO=(SEAM_240_ABCD),(SEAM_240_EFGH)
U 0 -30 10 0 3 0 PARTS=1
U 0 -20 10 0 3 0 LEVEL=STD
U 25 825 10 0 3 0 MANF_P/N=SEAM-30-02.0-S-08-2-A
U 20 820 10 0 3 0 DEVICE=SAMTEC_SEAM_08X30
U 25 825 10 0 3 3 VALUE=XXX
U 80 5 10 0 3 3 PKG_TYPE=SAMTEC_SEAM_030_02_0_X_08_2_A
U 20 0 16 0 3 3 REFDES=J?
P 7 240 80 220 80 0 3 0
L 215 75 10 0 9 0 1 0 1024M_BPI_LED
A 260 80 10 0 9 0 PINTYPE=OUT
A 245 80 10 0 9 3 #=B12
P 11 240 110 220 110 0 3 0
L 216 105 10 0 9 0 1 0 128M_BPI_LED
A 260 110 10 0 9 0 PINTYPE=OUT
A 245 110 10 0 9 3 #=B15
P 10 240 100 220 100 0 3 0
L 216 95 10 0 9 0 1 0 256M_BPI_LED
A 260 100 10 0 9 0 PINTYPE=OUT
A 245 100 10 0 9 3 #=B14
P 73 240 130 220 130 0 3 0
L 215 125 10 0 9 0 1 0 32M_BPI_LED
A 260 130 10 0 9 0 PINTYPE=OUT
A 245 130 10 0 9 3 #=B17
P 8 240 90 220 90 0 3 0
L 216 85 10 0 9 0 1 0 512M_BPI_LED
A 260 90 10 0 9 0 PINTYPE=OUT
A 245 90 10 0 9 3 #=B13
P 12 240 120 220 120 0 3 0
L 215 115 10 0 9 0 1 0 64M_BPI_LED
A 260 120 10 0 9 0 PINTYPE=OUT
A 245 120 10 0 9 3 #=B16
P 154 240 590 220 590 0 3 0
L 215 585 10 0 9 0 1 0 A11_D27
A 260 590 10 0 9 0 PINTYPE=IN
A 245 590 10 0 9 3 #=D24
P 155 240 580 220 580 0 3 0
L 215 575 10 0 9 0 1 0 A13_D29
A 260 580 10 0 9 0 PINTYPE=IN
A 245 580 10 0 9 3 #=D23
P 156 240 570 220 570 0 3 0
L 215 565 10 0 9 0 1 0 A15_D31
A 260 570 10 0 9 0 PINTYPE=IN
A 245 570 10 0 9 3 #=D22
P 157 240 560 220 560 0 3 0
L 215 555 10 0 9 0 1 0 A17
A 260 560 10 0 9 0 PINTYPE=BI
A 245 560 10 0 9 3 #=D21
P 158 240 550 220 550 0 3 0
L 215 545 10 0 9 0 1 0 A19
A 260 550 10 0 9 0 PINTYPE=BI
A 245 550 10 0 9 3 #=D20
P 159 240 640 220 640 0 3 0
L 215 635 10 0 9 0 1 0 A1_D17
A 260 640 10 0 9 0 PINTYPE=IN
A 245 640 10 0 9 3 #=D29
P 160 240 540 220 540 0 3 0
L 215 535 10 0 9 0 1 0 A21
A 260 540 10 0 9 0 PINTYPE=BI
A 245 540 10 0 9 3 #=D19
P 161 240 530 220 530 0 3 0
L 215 525 10 0 9 0 1 0 A23
A 260 530 10 0 9 0 PINTYPE=BI
A 245 530 10 0 9 3 #=D18
P 162 240 520 220 520 0 3 0
L 215 515 10 0 9 0 1 0 A25
A 260 520 10 0 9 0 PINTYPE=BI
A 245 520 10 0 9 3 #=D17
P 169 240 510 220 510 0 3 0
L 215 505 10 0 9 0 1 0 A26
A 260 510 10 0 9 0 PINTYPE=BI
A 245 510 10 0 9 3 #=A16
P 170 240 500 220 500 0 3 0
L 215 495 10 0 9 0 1 0 A27
A 260 500 10 0 9 0 PINTYPE=BI
A 245 500 10 0 9 3 #=A15
P 171 240 490 220 490 0 3 0
L 215 485 10 0 9 0 1 0 A28
A 260 490 10 0 9 0 PINTYPE=BI
A 245 490 10 0 9 3 #=A14
P 163 240 630 220 630 0 3 0
L 215 625 10 0 9 0 1 0 A3_D19
A 260 630 10 0 9 0 PINTYPE=IN
A 245 630 10 0 9 3 #=D28
P 164 240 620 220 620 0 3 0
L 215 615 10 0 9 0 1 0 A5_D21
A 260 620 10 0 9 0 PINTYPE=IN
A 245 620 10 0 9 3 #=D27
P 165 240 610 220 610 0 3 0
L 215 605 10 0 9 0 1 0 A7_D23
A 260 610 10 0 9 0 PINTYPE=IN
A 245 610 10 0 9 3 #=D26
P 166 240 600 220 600 0 3 0
L 215 595 10 0 9 0 1 0 A9_D25
A 260 600 10 0 9 0 PINTYPE=IN
A 245 600 10 0 9 3 #=D25
P 140 0 380 20 380 0 2 0
L 25 375 10 0 3 0 1 0 ADV_B_LB
A -20 380 10 0 3 0 PINTYPE=BI
A 0 380 10 0 3 3 #=D13
P 168 0 190 20 190 0 2 0
L 25 185 10 0 3 0 1 0 APP_CLK_N
A -20 190 10 0 3 0 PINTYPE=IN
A 0 190 10 0 3 3 #=A21
P 167 0 200 20 200 0 2 0
L 25 195 10 0 3 0 1 0 APP_CLK_P
A -20 200 10 0 3 0 PINTYPE=IN
A 0 200 10 0 3 3 #=A20
P 119 240 270 220 270 0 3 0
L 215 265 10 0 9 0 1 0 AT45DB_LED
A 260 270 10 0 9 0 PINTYPE=OUT
A 240 270 10 0 9 3 #=C7
P 120 240 250 220 250 0 3 0
L 215 245 10 0 9 0 1 0 AT45DB_M45PE_LED
A 260 250 10 0 9 0 PINTYPE=OUT
A 240 250 10 0 9 3 #=C9
P 69 240 160 220 160 0 3 0
L 216 155 10 0 9 0 1 0 BPI_J3VD_LED
A 260 160 10 0 9 0 PINTYPE=OUT
A 240 160 10 0 9 3 #=B5
P 71 240 180 220 180 0 3 0
L 215 175 10 0 9 0 1 0 BPI_P30_LED
A 260 180 10 0 9 0 PINTYPE=OUT
A 240 180 10 0 9 3 #=B3
P 70 240 170 220 170 0 3 0
L 215 165 10 0 9 0 1 0 BPI_P33_LED
A 260 170 10 0 9 0 PINTYPE=OUT
A 240 170 10 0 9 3 #=B4
P 68 240 150 220 150 0 3 0
L 215 145 10 0 9 0 1 0 BPI_S29GL_LED
A 260 150 10 0 9 0 PINTYPE=OUT
A 240 150 10 0 9 3 #=B6
P 51 0 420 20 420 0 2 0
L 25 415 10 0 3 0 1 0 BYPASS_LED
A -20 420 10 0 3 0 PINTYPE=OUT
A 0 420 10 0 3 3 #=B20
P 136 0 160 20 160 0 2 0
L 25 155 10 0 3 0 1 0 CABLE_DETECT_B
A -20 160 10 0 3 0 PINTYPE=IN
A 0 160 10 0 3 3 #=C26
P 137 0 170 20 170 0 2 0
L 25 165 10 0 3 0 1 0 CABLE_PGND
A -20 170 10 0 3 0 PINTYPE=IN
A 0 170 10 0 3 3 #=C4
P 117 0 540 20 540 0 2 0
L 25 535 10 0 3 0 1 0 CFG_MDFY0
A -20 540 10 0 3 0 PINTYPE=OUT
A 0 540 10 0 3 3 #=C18
P 118 0 530 20 530 0 2 0
L 25 525 10 0 3 0 1 0 CFG_MDFY1
A -20 530 10 0 3 0 PINTYPE=OUT
A 0 530 10 0 3 3 #=C19
P 121 240 380 220 380 0 3 0
L 215 375 10 0 9 0 1 0 CONCURRENT_LED
A 260 380 10 0 9 0 PINTYPE=OUT
A 245 380 10 0 9 3 #=D10
P 32 240 800 220 800 0 3 0
L 215 795 10 0 9 0 1 0 V6_FS0_MISO1_D0
A 260 800 10 0 9 0 PINTYPE=BI
A 245 800 10 0 9 3 #=A29
P 31 240 790 220 790 0 3 0
L 215 785 10 0 9 0 1 0 V6_FS1_MISO2_D1
A 260 790 10 0 9 0 PINTYPE=BI
A 245 790 10 0 9 3 #=A28
P 30 240 700 220 700 0 3 0
L 215 695 10 0 9 0 1 0 D10
A 260 700 10 0 9 0 PINTYPE=BI
A 245 700 10 0 9 3 #=B27
P 29 240 690 220 690 0 3 0
L 215 685 10 0 9 0 1 0 D11
A 260 690 10 0 9 0 PINTYPE=BI
A 245 690 10 0 9 3 #=B26
P 28 240 680 220 680 0 3 0
L 215 675 10 0 9 0 1 0 D12
A 260 680 10 0 9 0 PINTYPE=BI
A 245 680 10 0 9 3 #=B25
P 27 240 670 220 670 0 3 0
L 215 665 10 0 9 0 1 0 D13
A 260 670 10 0 9 0 PINTYPE=BI
A 245 670 10 0 9 3 #=B24
P 26 240 660 220 660 0 3 0
L 215 655 10 0 9 0 1 0 D14
A 260 660 10 0 9 0 PINTYPE=BI
A 245 660 10 0 9 3 #=B23
P 25 240 650 220 650 0 3 0
L 215 645 10 0 9 0 1 0 D15
A 260 650 10 0 9 0 PINTYPE=BI
A 245 650 10 0 9 3 #=B22
P 20 240 780 220 780 0 3 0
L 215 775 10 0 9 0 1 0 V6_FS2_MISO3_D2
A 260 780 10 0 9 0 PINTYPE=BI
A 245 780 10 0 9 3 #=A27
P 9 240 770 220 770 0 3 0
L 215 765 10 0 9 0 1 0 D3
A 260 770 10 0 9 0 PINTYPE=BI
A 245 770 10 0 9 3 #=A26
P 6 240 760 220 760 0 3 0
L 215 755 10 0 9 0 1 0 D4
A 260 760 10 0 9 0 PINTYPE=BI
A 245 760 10 0 9 3 #=A25
P 5 240 750 220 750 0 3 0
L 215 745 10 0 9 0 1 0 D5
A 260 750 10 0 9 0 PINTYPE=BI
A 245 750 10 0 9 3 #=A24
P 4 240 740 220 740 0 3 0
L 215 735 10 0 9 0 1 0 D6
A 260 740 10 0 9 0 PINTYPE=BI
A 245 740 10 0 9 3 #=A23
P 3 240 730 220 730 0 3 0
L 215 725 10 0 9 0 1 0 D7
A 260 730 10 0 9 0 PINTYPE=BI
A 245 730 10 0 9 3 #=A22
P 2 240 720 220 720 0 3 0
L 215 715 10 0 9 0 1 0 D8
A 260 720 10 0 9 0 PINTYPE=BI
A 245 720 10 0 9 3 #=B29
P 1 240 710 220 710 0 3 0
L 215 705 10 0 9 0 1 0 D9
A 260 710 10 0 9 0 PINTYPE=BI
A 245 710 10 0 9 3 #=B28
P 38 0 590 20 590 0 2 0
L 25 585 10 0 3 0 1 0 DEV_SEL0
A -20 590 10 0 3 0 PINTYPE=OUT
A 0 590 10 0 3 3 #=A9
P 37 0 580 20 580 0 2 0
L 25 575 10 0 3 0 1 0 DEV_SEL1
A -20 580 10 0 3 0 PINTYPE=BI
A 0 580 10 0 3 3 #=A10
P 144 0 370 20 370 0 2 0
L 25 365 10 0 3 0 1 0 EXT_MUX_SEL
A -20 370 10 0 3 0 PINTYPE=BI
A 0 370 10 0 3 3 #=D14
P 150 0 470 20 470 0 2 0
L 25 465 10 0 3 0 1 0 FPGA_FAMILY_1
A -20 470 10 0 3 0 PINTYPE=BI
A 0 470 10 0 3 3 #=A13
P 151 0 460 20 460 0 2 0
L 25 455 10 0 3 0 1 0 FPGA_FAMILY_2
A -20 460 10 0 3 0 PINTYPE=BI
A 0 460 10 0 3 3 #=A12
P 52 240 60 220 60 0 3 0
L 177 55 10 0 3 0 0 0 GND_B11
A 260 60 10 0 9 0 PINTYPE=BI
A 245 60 10 0 9 3 #=B11
P 134 240 50 220 50 0 3 0
L 177 45 10 0 3 0 0 0 GND_C11
A 260 50 10 0 9 0 PINTYPE=BI
A 245 50 10 0 9 3 #=C11
P 135 240 40 220 40 0 3 0
L 107 45 10 0 3 0 0 0 GND_D11
A 260 40 10 0 9 0 PINTYPE=IN
A 245 40 10 0 9 3 #=D11
P 39 0 140 20 140 0 2 0
L 25 135 10 0 3 0 1 0 IMPULSE_DETECT_B
A -20 140 10 0 3 0 PINTYPE=IN
A 0 140 10 0 3 3 #=A11
P 138 0 150 20 150 0 2 0
L 25 145 10 0 3 0 1 0 IMPULSE_TCK
A -20 150 10 0 3 0 PINTYPE=IN
A 0 150 10 0 3 3 #=D30
P 50 0 310 20 310 0 2 0
L 25 305 10 0 3 0 1 0 INSTALLED
A -20 310 10 0 3 0 PINTYPE=BI
A 0 310 10 0 3 3 #=B1
P 139 0 180 20 180 0 2 0
L 25 175 10 0 3 0 1 0 LED_TEST
A -20 180 10 0 3 0 PINTYPE=BI
A 0 180 10 0 3 3 #=D4
P 122 240 260 220 260 0 3 0
L 215 255 10 0 9 0 1 0 M25P_M25PE_LED
A 260 260 10 0 9 0 PINTYPE=OUT
A 240 260 10 0 9 3 #=C8
P 123 240 240 220 240 0 3 0
L 215 235 10 0 9 0 1 0 M25P_M25PE_W25Q_LED
A 260 240 10 0 9 0 PINTYPE=OUT
A 245 240 10 0 9 3 #=C20
P 124 240 280 220 280 0 3 0
L 215 275 10 0 9 0 1 0 M25P_W25Q_LED
A 260 280 10 0 9 0 PINTYPE=OUT
A 240 280 10 0 9 3 #=C6
P 49 0 40 20 40 0 2 0
L 25 35 10 0 3 0 1 0 MODULE_DETECT1
A -20 40 10 0 3 0 PINTYPE=BI
A 0 40 10 0 3 3 #=B10
P 48 0 50 20 50 0 2 0
L 25 45 10 0 3 0 1 0 MODULE_DETECT2
A -20 50 10 0 3 0 PINTYPE=BI
A 0 50 10 0 3 3 #=B9
P 47 0 60 20 60 0 2 0
L 25 55 10 0 3 0 1 0 MODULE_DETECT3
A -20 60 10 0 3 0 PINTYPE=BI
A 0 60 10 0 3 3 #=B8
P 46 0 70 20 70 0 2 0
L 25 65 10 0 3 0 1 0 MODULE_DETECT4
A -20 70 10 0 3 0 PINTYPE=BI
A 0 70 10 0 3 3 #=B7
P 36 0 610 20 610 0 2 0
L 25 605 10 0 3 0 1 0 MODULE_SEL0
A -20 610 10 0 3 0 PINTYPE=OUT
A 0 610 10 0 3 3 #=A30
P 35 0 600 20 600 0 2 0
L 25 595 10 0 3 0 1 0 MODULE_SEL1
A -20 600 10 0 3 0 PINTYPE=BI
A 0 600 10 0 3 3 #=B30
P 34 0 570 20 570 0 2 0
L 25 565 10 0 3 0 1 0 REV_SEL0
A -20 570 10 0 3 0 PINTYPE=IN
A 0 570 10 0 3 3 #=A7
P 33 0 560 20 560 0 2 0
L 25 555 10 0 3 0 1 0 REV_SEL1
A -20 560 10 0 3 0 PINTYPE=BI
A 0 560 10 0 3 3 #=A8
P 141 0 550 20 550 0 2 0
L 25 545 10 0 3 0 1 0 REV_SEL2
A -20 550 10 0 3 0 PINTYPE=BI
A 0 550 10 0 3 3 #=C17
P 142 0 360 20 360 0 2 0
L 25 355 10 0 3 0 1 0 RS0
A -20 360 10 0 3 0 PINTYPE=BI
A 0 360 10 0 3 3 #=D15
P 143 0 350 20 350 0 2 0
L 25 345 10 0 3 0 1 0 RS1
A -20 350 10 0 3 0 PINTYPE=BI
A 0 350 10 0 3 3 #=D16
P 125 240 390 220 390 0 3 0
L 215 385 10 0 9 0 1 0 SEQUENTIAL_LED
A 260 390 10 0 9 0 PINTYPE=OUT
A 240 390 10 0 9 3 #=D8
P 126 240 230 220 230 0 3 0
L 215 225 10 0 9 0 1 0 SOIC16_LED
A 260 230 10 0 9 0 PINTYPE=IN
A 240 230 10 0 9 3 #=C5
P 13 240 220 220 220 0 3 0
L 215 215 10 0 9 0 1 0 SOIC8_150_LED
A 260 220 10 0 9 0 PINTYPE=OUT
A 245 220 10 0 9 3 #=B21
P 127 240 210 220 210 0 3 0
L 215 205 10 0 9 0 1 0 SOIC8_208_LED
A 260 210 10 0 9 0 PINTYPE=OUT
A 245 210 10 0 9 3 #=C27
P 153 0 440 20 440 0 2 0
L 25 435 10 0 3 0 0 0 SPARE_B18
A -20 440 10 0 3 0 PINTYPE=BI
A 0 440 10 0 3 3 #=B18
P 152 0 430 20 430 0 2 0
L 25 425 10 0 3 0 0 0 SPARE_B19
A -20 430 10 0 3 0 PINTYPE=BI
A 0 430 10 0 3 3 #=B19
P 74 240 410 220 410 0 3 0
L 215 405 10 0 9 0 1 0 STACK_FAULT
A 260 410 10 0 9 0 PINTYPE=IN
A 245 410 10 0 9 3 #=C30
P 75 240 440 220 440 0 3 0
L 215 435 10 0 9 0 1 0 STACK_SIZE2
A 260 440 10 0 9 0 PINTYPE=IN
A 245 440 10 0 9 3 #=C23
P 76 240 430 220 430 0 3 0
L 215 425 10 0 9 0 1 0 STACK_SIZE3
A 260 430 10 0 9 0 PINTYPE=IN
A 245 430 10 0 9 3 #=C24
P 77 240 420 220 420 0 3 0
L 215 415 10 0 9 0 1 0 STACK_SIZE4
A 260 420 10 0 9 0 PINTYPE=IN
A 245 420 10 0 9 3 #=C25
P 45 0 110 20 110 0 2 0
L 25 105 10 0 3 0 1 0 TCK_N
A -20 110 10 0 3 0 PINTYPE=IN
A 0 110 10 0 3 3 #=A2
P 44 0 120 20 120 0 2 0
L 25 115 10 0 3 0 1 0 TCK_P
A -20 120 10 0 3 0 PINTYPE=IN
A 0 120 10 0 3 3 #=A1
P 43 0 250 20 250 0 2 0
L 25 245 10 0 3 0 1 0 TDI_1
A -20 250 10 0 3 0 PINTYPE=BI
A 0 250 10 0 3 3 #=A5
P 145 0 280 20 280 0 2 0
L 25 275 10 0 3 0 1 0 TDI_2
A -20 280 10 0 3 0 PINTYPE=BI
A 0 280 10 0 3 3 #=D5
P 42 0 260 20 260 0 2 0
L 25 255 10 0 3 0 1 0 TDO_1
A -20 260 10 0 3 0 PINTYPE=IN
A 0 260 10 0 3 3 #=A6
P 146 0 290 20 290 0 2 0
L 25 285 10 0 3 0 1 0 TDO_2
A -20 290 10 0 3 0 PINTYPE=BI
A 0 290 10 0 3 3 #=D6
P 41 0 90 20 90 0 2 0
L 25 85 10 0 3 0 1 0 TMS_N
A -20 90 10 0 3 0 PINTYPE=OUT
A 0 90 10 0 3 3 #=A4
P 40 0 100 20 100 0 2 0
L 25 95 10 0 3 0 1 0 TMS_P
A -20 100 10 0 3 0 PINTYPE=BI
A 0 100 10 0 3 3 #=A3
P 72 240 200 220 200 0 3 0
L 215 195 10 0 9 0 1 0 TSOP_28_LED
A 260 200 10 0 9 0 PINTYPE=OUT
A 240 200 10 0 9 3 #=B2
P 172 0 510 20 510 0 2 0
L 25 505 10 0 3 0 1 0 V6_CSI_B
A -20 510 10 0 3 0 PINTYPE=BI
A 0 510 10 0 3 3 #=A19
P 173 0 500 20 500 0 2 0
L 25 495 10 0 3 0 1 0 V6_DIN
A -20 500 10 0 3 0 PINTYPE=BI
A 0 500 10 0 3 3 #=A18
P 174 0 490 20 490 0 2 0
L 25 485 10 0 3 0 1 0 V6_FOE_B_MOSI
A -20 490 10 0 3 0 PINTYPE=BI
A 0 490 10 0 3 3 #=A17
P 115 0 630 20 630 0 2 0
L 25 625 10 0 3 0 1 0 VCCAUX_REF
A -20 630 10 0 3 0 PINTYPE=BI
A 0 630 10 0 3 3 #=D9
P 116 0 650 20 650 0 2 0
L 25 645 10 0 3 0 1 0 VCCO_REF
A -20 650 10 0 3 0 PINTYPE=BI
A 0 650 10 0 3 3 #=D7
P 104 0 680 20 680 0 2 0
L 25 675 10 0 3 0 0 0 VCC_1V8_C21
A -20 680 10 0 3 0 PINTYPE=BI
A -5 680 10 0 3 3 #=C21
P 105 0 670 20 670 0 2 0
L 25 665 10 0 3 0 0 0 VCC_1V8_C22
A -20 670 10 0 3 0 PINTYPE=BI
A -5 670 10 0 3 3 #=C22
P 106 0 710 20 710 0 2 0
L 25 705 10 0 3 0 0 0 VCC_2V5_C28
A -20 710 10 0 3 0 PINTYPE=BI
A -5 710 10 0 3 3 #=C28
P 107 0 700 20 700 0 2 0
L 25 695 10 0 3 0 0 0 VCC_2V5_C29
A -20 700 10 0 3 0 PINTYPE=BI
A -5 700 10 0 3 3 #=C29
P 108 0 760 20 760 0 2 0
L 25 755 10 0 3 0 0 0 VCC_3V3_C13
A -20 760 10 0 3 0 PINTYPE=BI
A -5 760 10 0 3 3 #=C13
P 109 0 750 20 750 0 2 0
L 25 745 10 0 3 0 0 0 VCC_3V3_C14
A -20 750 10 0 3 0 PINTYPE=BI
A -5 750 10 0 3 3 #=C14
P 110 0 740 20 740 0 2 0
L 25 735 10 0 3 0 0 0 VCC_3V3_C15
A -20 740 10 0 3 0 PINTYPE=BI
A -5 740 10 0 3 3 #=C15
P 111 0 730 20 730 0 2 0
L 25 725 10 0 3 0 0 0 VCC_3V3_C16
A -20 730 10 0 3 0 PINTYPE=BI
A -5 730 10 0 3 3 #=C16
P 112 0 800 20 800 0 2 0
L 25 795 10 0 3 0 0 0 VCC_5V0_C1
A -20 800 10 0 3 0 PINTYPE=BI
A 0 800 10 0 3 3 #=C1
P 113 0 790 20 790 0 2 0
L 25 785 10 0 3 0 0 0 VCC_5V0_C2
A -20 790 10 0 3 0 PINTYPE=BI
A 0 790 10 0 3 3 #=C2
P 114 0 780 20 780 0 2 0
L 25 775 10 0 3 0 0 0 VCC_5V0_C3
A -20 780 10 0 3 0 PINTYPE=BI
A 0 780 10 0 3 3 #=C3
P 128 240 350 220 350 0 3 0
L 215 345 10 0 9 0 1 0 X16_LED
A 260 350 10 0 9 0 PINTYPE=OUT
A 240 350 10 0 9 3 #=D2
P 129 240 340 220 340 0 3 0
L 215 335 10 0 9 0 1 0 X32_LED
A 260 340 10 0 9 0 PINTYPE=OUT
A 240 340 10 0 9 3 #=D3
P 130 240 360 220 360 0 3 0
L 215 355 10 0 9 0 1 0 X8_LED
A 260 360 10 0 9 0 PINTYPE=OUT
A 240 360 10 0 9 3 #=D1
P 131 240 310 220 310 0 3 0
L 215 305 10 0 9 0 1 0 XCF04S_LED
A 260 310 10 0 9 0 PINTYPE=OUT
A 245 310 10 0 9 3 #=C10
P 132 240 320 220 320 0 3 0
L 215 315 10 0 9 0 1 0 XCF128X_LED
A 260 320 10 0 9 0 PINTYPE=OUT
A 245 320 10 0 9 3 #=D12
P 133 240 300 220 300 0 3 0
L 215 295 10 0 9 0 1 0 XCF32P_LED
A 260 300 10 0 9 0 PINTYPE=OUT
A 245 300 10 0 9 3 #=C12
T 25 665 10 0 3 UTIL_1V8
Q 15 0 0
T 25 735 10 0 3 UTIL_3V3
Q 15 0 0
T 25 745 10 0 3 UTIL_3V3
Q 15 0 0
T 25 785 10 0 3 UTIL_5V0
Q 15 0 0
T 198 35 10 0 3 GND
Q 15 0 0
T 198 45 10 0 3 GND
Q 15 0 0
T 198 55 10 0 3 GND
Q 15 0 0
T 25 795 10 0 3 UTIL_5V0
Q 15 0 0
T 25 775 10 0 3 UTIL_5V0
Q 15 0 0
T 25 755 10 0 3 UTIL_3V3
Q 15 0 0
T 25 725 10 0 3 UTIL_3V3
Q 15 0 0
T 25 695 10 0 3 UTIL_2V5
Q 15 0 0
T 25 675 10 0 3 UTIL_1V8
Q 15 0 0
T 25 705 10 0 3 UTIL_2V5
Q 15 0 0
T 25 425 10 0 3 SPARE
Q 15 0 0
T 25 435 10 0 3 SPARE
Q 15 0 0
b 20 20 220 820
E
