V 51
K 252443010700 si5324
|R 18:13_1-8-13
Y 1
D 0 0 170 260
Z 10
i 50
P 2 170 190 150 190 0 3 0
A 150 195 10 0 2 0 PINTYPE=BI
A 150 190 10 0 3 3 #=22
L 150 190 10 0 8 0 1 0 CLK0A
P 3 170 180 150 180 0 3 0
A 150 185 10 0 2 0 PINTYPE=BI
A 150 180 10 0 3 3 #=21
L 150 180 10 0 8 0 1 0 CLK0B
P 40 170 150 150 150 0 3 0
A 150 155 10 0 2 0 PINTYPE=BI
A 150 150 10 0 3 3 #=18
L 150 150 10 0 8 0 1 0 CLK1A
P 39 170 140 150 140 0 3 0
L 150 140 10 0 8 0 1 0 CLK1B
A 150 140 10 0 3 3 #=17
A 150 145 10 0 2 0 PINTYPE=BI
P 4 170 100 150 100 0 3 0
A 150 105 10 0 2 0 PINTYPE=BI
A 150 100 10 0 3 3 #=13
L 150 100 10 0 8 0 1 0 CLK2B
P 13 170 110 150 110 0 3 0
A 150 115 10 0 2 0 PINTYPE=BI
A 150 110 10 0 3 3 #=14
L 150 110 10 0 8 0 1 0 CLK2A
P 8 170 60 150 60 0 3 0
A 150 65 10 0 2 0 PINTYPE=BI
A 150 60 10 0 3 3 #=9
L 150 60 10 0 8 0 1 0 CLK3B
P 42 80 0 80 10 0 1 0
A 85 10 10 3 2 0 PINTYPE=BI
A 80 0 10 1 3 3 #=23
L 80 30 10 1 8 0 1 0 GND
P 41 90 0 90 10 0 1 0
L 90 45 10 1 8 0 1 0 GNDPAD
A 90 0 10 1 3 3 #=25
A 95 10 10 3 2 0 PINTYPE=BI
P 35 0 30 20 30 0 2 0
A 20 35 10 4 2 0 PINTYPE=BI
A 20 30 10 4 3 3 #=4
L 20 30 10 4 8 0 1 0 I2C_LSB
P 10 0 210 20 210 0 2 0
A 20 215 10 4 2 0 PINTYPE=BI
A 20 210 10 4 3 3 #=1
L 20 210 10 4 8 0 1 0 IN1
P 11 0 200 20 200 0 2 0
A 20 205 10 4 2 0 PINTYPE=BI
A 20 200 10 4 3 3 #=2
L 20 200 10 4 8 0 1 0 IN2
P 30 0 170 20 170 0 2 0
A 20 175 10 4 2 0 PINTYPE=BI
A 20 170 10 4 3 3 #=3
L 20 170 10 4 8 0 1 0 IN3
P 26 0 140 20 140 0 2 0
A 20 145 10 4 2 0 PINTYPE=BI
A 20 140 10 4 3 3 #=5
L 20 140 10 4 8 0 1 0 IN5
P 23 0 120 20 120 0 2 0
L 20 120 10 4 8 0 1 0 IN6
A 20 120 10 4 3 3 #=6
A 20 125 10 4 2 0 PINTYPE=BI
P 22 0 80 20 80 0 2 0
A 20 85 10 4 2 0 PINTYPE=BI
A 20 80 10 4 3 3 #=8
L 20 80 10 4 8 0 1 0 INTR
P 15 0 50 20 50 0 2 0
A 20 55 10 4 2 0 PINTYPE=BI
A 20 50 10 4 3 3 #=12
L 20 50 10 4 8 0 1 0 SCL
P 21 0 60 20 60 0 2 0
L 20 60 10 4 8 0 1 0 SDA
A 20 60 10 4 3 3 #=19
A 20 65 10 4 2 0 PINTYPE=BI
P 44 50 260 50 250 0 0 0
A 50 250 10 1 1 0 PINTYPE=BIDIR
A 40 250 10 1 1 3 #=7
L 55 225 10 1 3 0 1 0 VDD1
P 46 60 260 60 250 0 0 0
L 65 225 10 1 3 0 1 0 VDD2
A 50 250 10 1 1 3 #=24
A 60 250 10 1 1 0 PINTYPE=BIDIR
P 47 80 260 80 250 0 0 0
A 80 250 10 1 1 0 PINTYPE=BIDIR
A 70 250 10 1 1 3 #=20
L 85 220 10 1 3 0 1 0 VDDOA
P 48 90 260 90 250 0 0 0
L 95 220 10 1 3 0 1 0 VDDOB
A 80 250 10 1 1 3 #=16
A 90 250 10 1 1 0 PINTYPE=BIDIR
P 49 100 260 100 250 0 0 0
A 100 250 10 1 1 0 PINTYPE=BIDIR
A 90 250 10 1 1 3 #=15
L 105 220 10 1 3 0 1 0 VDDOC
P 50 110 260 110 250 0 0 0
L 115 220 10 1 3 0 1 0 VDDOD
A 100 250 10 1 1 3 #=11
A 110 250 10 1 1 0 PINTYPE=BIDIR
U 0 -40 10 0 3 0 LEVEL=STD
U 0 -30 10 0 3 0 PARTS=1
U 20 -5 16 0 3 3 REFDES=U?
U 110 0 10 0 3 3 PKG_TYPE=CLOCK_MULT
U 20 250 10 0 3 0 DEVICE=CLOCK_MULT
U 0 250 10 0 3 3 VALUE=VALUE
P 9 170 70 150 70 0 3 0
A 150 75 10 0 2 0 PINTYPE=BI
A 150 70 10 0 3 3 #=10
L 150 70 10 0 8 0 1 0 CLK3A
b 20 10 150 250
E
