V 51
K 141547055500 sia414
|R 23:03_9-28-11
Y 1
D 0 0 160 120
Z 10
i 45
U 0 -140 10 0 3 0 PRICE=0.0
U 0 -130 10 0 3 0 ROHS=YES
U 0 -120 10 0 3 0 IBIS
U 0 -110 10 0 3 0 POWER
U 0 -100 10 0 3 0 VOLTAGE
U 0 -90 10 0 3 0 PART_TYPE=IC
U 0 -80 10 0 3 0 DIST_P/N=XXX
U 0 -70 10 0 3 0 DIST=XXXXX
U 0 -50 10 0 3 0 DATASHEET
U 0 -30 10 0 3 0 MANF=XXXXX
U 0 -20 10 0 3 0 MANF_P/N=XXXXXX
U 20 225 10 0 3 0 VALUE=XXXXXX
U 35 0 16 0 3 3 REFDES=U?
U 110 5 10 0 3 3 PKG_TYPE=XXXXXX
U 20 105 10 0 3 3 DEVICE=XXXXX
P 40 0 80 20 80 0 2 0
A -40 80 10 0 3 0 PINTYPE=IN
A 15 80 10 0 9 3 #=1
L 25 75 10 0 3 1 1 0 D_1
P 24 0 60 20 60 0 2 0
L 25 60 10 0 3 0 1 0 D_2
A -20 60 10 0 3 0 PINTYPE=BI
A 15 60 10 0 9 3 #=2
P 41 160 80 140 80 0 3 0
L 120 75 10 0 3 1 1 0 D_6
A 160 80 10 0 9 0 PINTYPE=IN
A 145 80 10 0 3 3 #=6
P 27 160 60 140 60 0 3 0
L 120 60 10 0 3 0 1 0 D_5
A 170 60 10 0 9 0 PINTYPE=BI
A 145 60 10 0 3 3 #=5
P 44 0 40 20 40 0 2 0
L 25 35 10 0 3 0 1 0 G_3
A 0 40 10 0 3 0 PINTYPE=IN
A 10 40 10 0 3 3 #=3
P 43 160 40 140 40 0 3 0
L 120 35 10 0 3 0 1 0 S_4
A 160 35 10 0 9 0 PINTYPE=IN
A 145 40 10 0 3 3 #=4
l 2 95 70 95 95
l 2 90 60 90 50
l 2 90 50 95 55
l 2 90 60 95 55
l 2 80 55 95 55
l 2 95 55 95 70
l 2 105 35 105 55
l 2 95 75 105 75
l 2 105 75 105 60
l 2 110 60 100 60
l 2 100 55 110 55
l 2 110 55 105 60
l 2 100 55 105 60
l 2 50 55 65 55
l 2 95 70 80 70
l 2 95 40 80 40
l 2 80 40 80 70
l 2 75 40 75 70
c 55 50 0
b 20 15 140 95
c 70 55 5
T 55 55 10 0 3 G
l 2 105 35 95 35
l 2 95 15 95 40
T 85 85 10 0 3 S
T 85 15 10 0 3 D
E
