V 51
K 42548015790 sn65hvd232d
|R 22:26_12-6-11
Y 1
D 0 0 140 200
Z 10
i 13
U 0 -60 10 0 3 0 DIST_P/N=DS91D176TMA-ND
U 0 -50 10 0 3 0 DIST=DIGIKEY
U 0 -40 10 0 3 0 LEVEL=STD
U 0 -30 10 0 3 0 PARTS=1
U 0 -20 10 0 3 0 MANF=NATIONAL
U 20 230 10 0 3 0 MANF_P/N=DS91D176TMA
U 20 0 16 0 3 3 REFDES=U?
U 85 5 10 0 3 3 PKG_TYPE=SOIC_8
U 20 180 10 0 3 3 DEVICE=DS91D176
P 11 140 160 120 160 0 3 0
A 140 160 10 0 9 0 PINTYPE=IN
A 131 160 10 0 9 3 #=8
L 100 155 10 0 3 0 1 0 VCC
P 13 140 40 120 40 0 3 0
L 100 35 10 0 3 0 1 0 GND
A 140 40 10 0 9 0 PINTYPE=IN
A 131 40 10 0 9 3 #=5
P 2 0 130 50 130 0 2 0
L 24 130 10 0 3 0 1 0 D
A 10 130 10 0 3 0 PINTYPE=IN
A 9 130 10 0 3 3 #=4
P 6 0 70 50 70 0 2 0
L 25 70 10 0 3 0 1 0 R
A 10 70 10 0 3 0 PINTYPE=OUT
A 9 70 10 0 3 3 #=1
P 4 140 60 86 60 0 3 0
L 85 60 10 0 3 0 1 0 B
A 136 60 10 0 9 0 PINTYPE=BI
A 131 60 10 0 9 3 #=7
P 10 0 90 64 90 0 2 0
A 4 90 10 0 3 0 PINTYPE=IN
A 9 90 10 0 3 3 #=2
L 25 90 10 0 3 0 1 0 RE_B
P 9 0 160 64 160 0 2 0
A 4 160 10 0 3 0 PINTYPE=IN
A 9 160 10 0 3 3 #=3
L 24 160 10 0 3 0 1 0 DE
P 3 140 80 80 80 0 3 0
L 85 80 10 0 3 0 1 0 A
A 110 80 10 0 9 0 PINTYPE=BI
A 131 80 10 0 9 3 #=6
c 110 80 3
Q 2 1 0
c 100 60 3
Q 2 1 0
l 2 64 141 64 160
l 2 64 86 64 90
l 2 86 120 100 120
c 83 120 3
l 2 110 140 110 80
l 2 80 140 110 140
l 2 80 110 80 150
l 2 50 110 80 130
l 2 80 130 50 150
l 2 50 110 50 150
l 2 80 50 50 70
l 2 50 70 80 90
l 2 80 50 80 90
c 64 83 3
l 2 100 120 100 60
b 20 18 120 178
c 83 60 3
E
