V 51
K 294964846700 sn74lvc1gu04
|R 19:56_12-28-11
Y 1
D 0 0 100 100
Z 10
i 33
U 0 -80 10 0 3 0 DIST_P/N=296-8488-2-ND
U 0 -70 10 0 3 0 DIST=DIGI-KEY
U 0 -10 10 0 3 0 MANF=TI
U 0 -50 10 0 3 0 MANF_P/N=SN74LVC1GU04DCKR
U 0 -40 10 0 3 0 LEVEL=STD
U 0 -30 10 0 3 0 PARTS=1
U 5 0 16 0 3 3 REFDES=U?
U 20 80 10 0 3 3 DEVICE=SN74LVC1GU04
U 50 5 10 0 3 3 PKG_TYPE=SC70_5
P 29 0 50 35 50 0 2 0
A -10 50 10 0 3 0 PINTYPE=IN
L 25 50 10 0 3 0 1 0 A
A 10 50 10 0 3 3 #=2
P 32 100 30 80 30 0 3 0
L 55 25 10 0 3 0 1 0 GND
A 100 30 10 0 9 0 PINTYPE=IN
A 90 30 10 0 9 3 #=3
P 31 100 70 80 70 0 3 0
A 100 70 10 0 9 0 PINTYPE=IN
A 90 70 10 0 9 3 #=5
L 55 65 10 0 3 0 1 0 VCC
P 15 100 50 59 50 0 3 0
L 66 50 10 0 3 0 1 0 Y
A 59 60 10 0 2 0 PINTYPE=OUT
A 84 50 10 0 3 3 #=4
P 33 0 30 20 30 0 2 0
L 25 25 10 0 3 0 1 0 NC
A 0 30 10 0 3 0 PINTYPE=IN
A 10 30 10 0 3 3 #=1
c 57 50 2
l 2 35 40 35 60
l 2 35 60 55 50
l 2 35 40 55 50
l 2 46 52 44 50
l 2 46 48 44 50
l 2 48 50 46 52
l 2 48 48 44 48
l 2 46 48 48 50
b 20 20 80 80
E
