V 51
K 401228158900 sn74avc20t245_b
|R 23:26_9-14-10
Y 1
D 0 0 180 600
Z 10
i 68
U 0 -10 10 0 3 0 HETERO=SN74AVC20T245_A,SN74AVC20T245_B
U 0 -140 10 0 3 0 PRICE=0.462
U 0 -130 10 0 3 0 ROHS=YES
U 0 -120 10 0 3 0 IBIS
U 0 -110 10 0 3 0 POWER
U 0 -100 10 0 3 0 VOLTAGE
U 0 -90 10 0 3 0 PART_TYPE=IC
U 0 -80 10 0 3 0 DIST_P/N=296-24366-2-ND
U 0 -70 10 0 3 0 DIST=DIGIKEY
U 0 -60 10 0 3 0 DATASHEET
U 0 -30 10 0 3 0 MANF=TEXAS INSTRUMENTS
U -90 90 10 0 3 0 MANF_P/N=SN74AVC4T245RSVR
U 20 360 10 0 3 0 VALUE=SN74AVC4T245
U 110 5 10 0 3 3 PKG_TYPE=QFN-RSV-16
U 20 0 16 0 3 3 REFDES=U?
U 20 595 10 0 3 3 DEVICE=SN74AVC4T245
P 67 0 560 20 560 0 2 0
A -40 560 10 0 3 0 PINTYPE=IN
A 20 560 10 0 9 3 #=29
L 25 555 10 0 3 0 1 0 2OE_B
P 68 180 560 160 560 0 3 0
L 135 555 10 0 3 0 1 0 2DIR
A 180 560 10 0 9 0 PINTYPE=IN
A 160 560 10 0 3 3 #=28
P 57 180 130 115 130 0 3 0
A 160 130 10 0 3 3 #=26
A 145 130 10 0 9 0 PINTYPE=BI
L 135 130 10 0 3 0 1 0 2B9
P 59 0 130 65 130 0 2 0
A 20 130 10 0 9 3 #=31
A 25 130 10 0 3 0 PINTYPE=BI
L 25 130 10 0 3 0 1 0 2A9
P 48 180 280 115 280 0 3 0
A 160 280 10 0 3 3 #=21
A 145 280 10 0 9 0 PINTYPE=BI
L 135 280 10 0 3 0 1 0 2B6
P 49 180 330 115 330 0 3 0
A 160 330 10 0 3 3 #=20
A 145 330 10 0 9 0 PINTYPE=BI
L 135 330 10 0 3 0 1 0 2B5
P 50 0 280 65 280 0 2 0
A 20 280 10 0 9 3 #=36
A 25 280 10 0 3 0 PINTYPE=BI
L 25 280 10 0 3 0 1 0 2A6
P 51 0 330 65 330 0 2 0
A 20 330 10 0 9 3 #=37
A 25 330 10 0 3 0 PINTYPE=BI
L 25 330 10 0 3 0 1 0 2A5
P 52 0 230 65 230 0 2 0
L 25 230 10 0 3 0 1 0 2A7
A 25 230 10 0 3 0 PINTYPE=BI
A 20 230 10 0 9 3 #=34
P 53 0 180 65 180 0 2 0
L 25 180 10 0 3 0 1 0 2A8
A 25 180 10 0 3 0 PINTYPE=BI
A 20 180 10 0 9 3 #=33
P 54 180 230 115 230 0 3 0
L 135 230 10 0 3 0 1 0 2B7
A 145 230 10 0 9 0 PINTYPE=BI
A 160 230 10 0 3 3 #=23
P 44 180 380 115 380 0 3 0
A 160 380 10 0 3 3 #=19
A 145 380 10 0 9 0 PINTYPE=BI
L 135 380 10 0 3 0 1 0 2B4
P 45 180 430 115 430 0 3 0
A 160 430 10 0 3 3 #=17
A 145 430 10 0 9 0 PINTYPE=BI
L 135 430 10 0 3 0 1 0 2B3
P 46 0 380 65 380 0 2 0
A 20 380 10 0 9 3 #=38
A 25 380 10 0 3 0 PINTYPE=BI
L 25 380 10 0 3 0 1 0 2A4
P 47 0 430 65 430 0 2 0
A 20 430 10 0 9 3 #=40
A 25 430 10 0 3 0 PINTYPE=BI
L 25 430 10 0 3 0 1 0 2A3
P 2 0 530 65 530 0 2 0
L 25 530 10 0 3 0 1 0 2A1
A 25 530 10 0 3 0 PINTYPE=BI
A 20 530 10 0 9 3 #=42
P 18 0 480 65 480 0 2 0
L 25 480 10 0 3 0 1 0 2A2
A 25 480 10 0 3 0 PINTYPE=BI
A 20 480 10 0 9 3 #=41
P 3 180 530 115 530 0 3 0
L 135 530 10 0 3 0 1 0 2B1
A 145 530 10 0 9 0 PINTYPE=BI
A 160 530 10 0 3 3 #=15
P 17 180 480 115 480 0 3 0
L 135 480 10 0 3 0 1 0 2B2
A 145 480 10 0 9 0 PINTYPE=BI
A 160 480 10 0 3 3 #=16
l 2 100 105 100 125
Q 14 0 0
l 2 80 65 100 75
Q 14 0 0
l 2 65 115 65 145
Q 14 0 0
l 2 100 105 80 115
Q 14 0 0
l 2 80 115 65 115
Q 14 0 0
l 2 80 115 100 125
Q 14 0 0
l 2 100 145 80 155
Q 14 0 0
l 2 115 115 100 115
Q 14 0 0
l 2 115 145 100 145
Q 14 0 0
l 2 80 145 65 145
Q 14 0 0
l 2 80 135 80 155
Q 14 0 0
l 2 80 135 100 145
Q 14 0 0
l 2 115 115 115 145
Q 14 0 0
l 2 65 65 65 95
Q 14 0 0
l 2 100 55 80 65
Q 14 0 0
l 2 80 65 65 65
Q 14 0 0
l 2 100 95 80 105
Q 14 0 0
l 2 115 65 100 65
Q 14 0 0
l 2 115 95 100 95
Q 14 0 0
l 2 80 95 65 95
Q 14 0 0
l 2 100 55 100 75
Q 14 0 0
l 2 80 85 80 105
Q 14 0 0
l 2 80 85 100 95
Q 14 0 0
l 2 115 65 115 95
Q 14 0 0
l 2 100 305 100 325
Q 14 0 0
l 2 80 265 100 275
Q 14 0 0
l 2 65 315 65 345
Q 14 0 0
l 2 100 305 80 315
Q 14 0 0
l 2 80 315 65 315
Q 14 0 0
l 2 80 315 100 325
Q 14 0 0
l 2 100 345 80 355
Q 14 0 0
l 2 115 315 100 315
Q 14 0 0
l 2 115 345 100 345
Q 14 0 0
l 2 80 345 65 345
Q 14 0 0
l 2 80 335 80 355
Q 14 0 0
l 2 80 335 100 345
Q 14 0 0
l 2 115 315 115 345
Q 14 0 0
l 2 65 265 65 295
Q 14 0 0
l 2 100 255 80 265
Q 14 0 0
l 2 80 265 65 265
Q 14 0 0
l 2 100 295 80 305
Q 14 0 0
l 2 115 265 100 265
Q 14 0 0
l 2 115 295 100 295
Q 14 0 0
l 2 80 295 65 295
Q 14 0 0
l 2 100 255 100 275
Q 14 0 0
l 2 80 285 80 305
Q 14 0 0
l 2 80 285 100 295
Q 14 0 0
l 2 115 265 115 295
Q 14 0 0
l 2 115 165 115 195
Q 14 0 0
l 2 80 185 100 195
Q 14 0 0
l 2 80 185 80 205
Q 14 0 0
l 2 100 155 100 175
Q 14 0 0
l 2 80 195 65 195
Q 14 0 0
l 2 115 195 100 195
Q 14 0 0
l 2 115 165 100 165
Q 14 0 0
l 2 100 195 80 205
Q 14 0 0
l 2 80 165 65 165
Q 14 0 0
l 2 100 155 80 165
Q 14 0 0
l 2 65 165 65 195
Q 14 0 0
l 2 115 215 115 245
Q 14 0 0
l 2 80 235 100 245
Q 14 0 0
l 2 80 235 80 255
Q 14 0 0
l 2 80 245 65 245
Q 14 0 0
l 2 115 245 100 245
Q 14 0 0
l 2 115 215 100 215
Q 14 0 0
l 2 100 245 80 255
Q 14 0 0
l 2 80 215 100 225
Q 14 0 0
l 2 80 215 65 215
Q 14 0 0
l 2 100 205 80 215
Q 14 0 0
l 2 65 215 65 245
Q 14 0 0
l 2 80 165 100 175
Q 14 0 0
l 2 100 205 100 225
Q 14 0 0
l 2 100 405 100 425
Q 14 0 0
l 2 80 365 100 375
Q 14 0 0
l 2 65 415 65 445
Q 14 0 0
l 2 100 405 80 415
Q 14 0 0
l 2 80 415 65 415
Q 14 0 0
l 2 80 415 100 425
Q 14 0 0
l 2 100 445 80 455
Q 14 0 0
l 2 115 415 100 415
Q 14 0 0
l 2 115 445 100 445
Q 14 0 0
l 2 80 445 65 445
Q 14 0 0
l 2 80 435 80 455
Q 14 0 0
l 2 80 435 100 445
Q 14 0 0
l 2 115 415 115 445
Q 14 0 0
l 2 65 365 65 395
Q 14 0 0
l 2 100 355 80 365
Q 14 0 0
l 2 80 365 65 365
Q 14 0 0
l 2 100 395 80 405
Q 14 0 0
l 2 115 365 100 365
Q 14 0 0
l 2 115 395 100 395
Q 14 0 0
l 2 80 395 65 395
Q 14 0 0
l 2 100 355 100 375
Q 14 0 0
l 2 80 385 80 405
Q 14 0 0
l 2 80 385 100 395
Q 14 0 0
l 2 115 365 115 395
Q 14 0 0
l 2 115 465 115 495
Q 14 0 0
l 2 80 485 100 495
Q 14 0 0
l 2 80 485 80 505
Q 14 0 0
l 2 100 455 100 475
Q 14 0 0
l 2 80 495 65 495
Q 14 0 0
l 2 115 495 100 495
Q 14 0 0
l 2 115 465 100 465
Q 14 0 0
l 2 100 495 80 505
Q 14 0 0
l 2 80 465 65 465
Q 14 0 0
l 2 100 455 80 465
Q 14 0 0
l 2 65 465 65 495
Q 14 0 0
l 2 115 515 115 545
Q 14 0 0
l 2 80 535 100 545
Q 14 0 0
l 2 80 545 65 545
Q 14 0 0
l 2 115 545 100 545
Q 14 0 0
l 2 115 515 100 515
Q 14 0 0
l 2 80 515 100 525
Q 14 0 0
l 2 80 515 65 515
Q 14 0 0
l 2 100 505 80 515
Q 14 0 0
l 2 65 515 65 545
Q 14 0 0
l 2 80 465 100 475
Q 14 0 0
l 2 100 505 100 525
Q 14 0 0
P 56 180 80 115 80 0 3 0
A 160 80 10 0 3 3 #=27
A 145 80 10 0 9 0 PINTYPE=BI
L 135 80 10 0 3 0 1 0 2B10
P 64 0 50 20 50 0 2 0
A -40 50 10 0 3 0 PINTYPE=IN
A 20 50 10 0 9 3 #=39
L 25 45 10 0 3 0 1 0 GND3
P 63 180 50 160 50 0 3 0
L 135 45 10 0 3 0 1 0 GND7
A 180 50 10 0 9 0 PINTYPE=IN
A 160 50 10 0 3 3 #=32
P 61 0 30 20 30 0 2 0
L 25 25 10 0 3 0 1 0 GND1
A 20 30 10 0 9 3 #=4
A -40 30 10 0 3 0 PINTYPE=IN
P 39 0 40 20 40 0 2 0
A -40 40 10 0 3 0 PINTYPE=IN
A 20 40 10 0 9 3 #=11
L 25 35 10 0 3 1 1 0 GND2
P 60 180 40 160 40 0 3 0
A 160 40 10 0 3 3 #=25
A 180 40 10 0 9 0 PINTYPE=IN
L 135 35 10 0 3 0 1 0 GND6
P 22 180 30 160 30 0 3 0
L 135 25 10 0 3 1 1 0 GND5
A 180 30 10 0 9 0 PINTYPE=IN
A 160 30 10 0 3 3 #=18
P 55 180 180 115 180 0 3 0
L 135 180 10 0 3 0 1 0 2B8
A 145 180 10 0 9 0 PINTYPE=BI
A 160 180 10 0 3 3 #=24
P 58 0 80 65 80 0 2 0
A 20 80 10 0 9 3 #=30
A 25 80 10 0 3 0 PINTYPE=BI
L 25 80 10 0 3 0 1 0 2A10
P 66 180 60 160 60 0 3 0
A 160 60 10 0 3 3 #=53
A 180 60 10 0 9 0 PINTYPE=IN
L 135 55 10 0 3 0 1 0 GND8
P 65 0 60 20 60 0 2 0
L 25 55 10 0 3 0 1 0 GND4
A 20 60 10 0 9 3 #=46
A -40 60 10 0 3 0 PINTYPE=IN
l 2 100 545 80 555
Q 14 0 0
l 2 80 535 80 555
Q 14 0 0
b 20 20 160 590
E
