V 51
K 82784546990 sn74ahc541
|R 19:47_6-26-13
Y 1
D 0 0 120 200
Z 10
i 20
U 0 -40 10 0 3 0 DIST=DIGIKEY
U 0 -30 10 0 3 0 MFG_P/N=SN74AHC541PWR
U 0 -10 10 0 3 0 MFG=TEXAS INSTRUMENTS
U 0 -20 10 0 3 0 LEVEL=STD
P 20 120 40 100 40 0 3 0
A 120 40 10 0 9 0 PINTYPE=OUT
A 110 40 10 0 9 3 #=2
L 80 35 10 0 3 0 1 0 GND
P 19 120 160 100 160 0 3 0
A 120 160 10 0 9 0 PINTYPE=OUT
A 110 160 10 0 9 3 #=2
L 80 155 10 0 3 0 1 0 VCC
P 18 0 50 20 50 0 2 0
A 0 50 10 0 3 0 PINTYPE=IN
A 10 50 10 0 3 3 #=1
L 25 45 10 0 3 0 1 0 OE1_B
P 17 0 40 20 40 0 2 0
A 0 40 10 0 3 0 PINTYPE=IN
A 5 40 10 0 3 3 #=19
L 25 35 10 0 3 0 1 0 OE2_B
P 16 120 80 100 80 0 3 0
A 120 80 10 0 9 0 PINTYPE=OUT
A 115 80 10 0 9 3 #=12
L 85 75 10 0 3 0 1 0 Y7
P 15 120 90 100 90 0 3 0
A 120 90 10 0 9 0 PINTYPE=OUT
A 115 90 10 0 9 3 #=13
L 85 85 10 0 3 0 1 0 Y6
P 14 120 100 100 100 0 3 0
A 120 100 10 0 9 0 PINTYPE=OUT
A 115 100 10 0 9 3 #=14
L 85 95 10 0 3 0 1 0 Y5
P 13 120 110 100 110 0 3 0
A 120 110 10 0 9 0 PINTYPE=OUT
A 115 110 10 0 9 3 #=15
L 85 105 10 0 3 0 1 0 Y4
P 12 120 120 100 120 0 3 0
A 120 120 10 0 9 0 PINTYPE=OUT
A 115 120 10 0 9 3 #=16
L 85 115 10 0 3 0 1 0 Y3
P 11 120 130 100 130 0 3 0
A 120 130 10 0 9 0 PINTYPE=OUT
A 115 130 10 0 9 3 #=17
L 85 125 10 0 3 0 1 0 Y2
P 8 0 80 20 80 0 2 0
A 0 80 10 0 3 0 PINTYPE=IN
A 10 80 10 0 3 3 #=7
L 25 75 10 0 3 0 1 0 A7
P 7 0 90 20 90 0 2 0
A 0 90 10 0 3 0 PINTYPE=IN
A 10 90 10 0 3 3 #=7
L 25 85 10 0 3 0 1 0 A6
P 6 0 100 20 100 0 2 0
A 0 100 10 0 3 0 PINTYPE=IN
A 10 100 10 0 3 3 #=6
L 25 95 10 0 3 0 1 0 A5
P 5 0 110 20 110 0 2 0
A 0 110 10 0 3 0 PINTYPE=IN
A 10 110 10 0 3 3 #=5
L 25 105 10 0 3 0 1 0 A4
P 4 0 120 20 120 0 2 0
A 0 120 10 0 3 0 PINTYPE=IN
A 10 120 10 0 3 3 #=4
L 25 115 10 0 3 0 1 0 A3
P 3 0 130 20 130 0 2 0
A 0 130 10 0 3 0 PINTYPE=IN
A 10 130 10 0 3 3 #=3
L 25 125 10 0 3 0 1 0 A2
P 1 0 140 20 140 0 2 0
A 0 140 10 0 3 0 PINTYPE=IN
A 10 140 10 0 3 3 #=2
L 25 135 10 0 3 0 1 0 A1
P 2 120 70 100 70 0 3 0
A 120 70 10 0 9 0 PINTYPE=OUT
A 115 70 10 0 9 3 #=11
L 85 65 10 0 3 0 1 0 Y8
P 9 0 70 20 70 0 2 0
A 0 70 10 0 3 0 PINTYPE=IN
A 10 70 10 0 3 3 #=9
L 25 65 10 0 3 0 1 0 A8
P 10 120 140 100 140 0 3 0
A 120 140 10 0 9 0 PINTYPE=OUT
A 115 140 10 0 9 3 #=18
L 85 135 10 0 3 0 1 0 Y1
b 20 20 100 180
U 25 180 10 0 3 3 DEVICE=SN74AHC541
U 20 0 16 0 3 3 REFDES=U?
U 0 -50 10 0 3 0 DIST_P/N=296-1103-1-ND
U 0 -60 10 0 3 0 PARTS=1
U 55 10 10 0 3 3 PKG_TYPE=TSSOP_20
E
