V 51
K 340025787600 socket_soic16_300mil
|R 0:09_11-26-12
Y 1
D 0 0 160 160
Z 10
i 21
U 0 -80 10 0 3 0 DIST_P/N=652D0162211-202
U 0 -70 10 0 3 0 DIST=ANTARES
U 0 -60 10 0 3 0 MFG_P/N=652D0162211-202
U 0 -50 10 0 3 0 MFG=ANTARES
U 0 -40 10 0 3 0 LEVEL=STD
U 0 -30 10 0 3 0 PARTS=1
U 0 -10 10 0 3 0 PKG_TYPE=SOC_SO16_300MIL
U 25 0 18 0 3 3 REFDES=S?
U 25 145 10 0 3 3 DEVICE=SOIC16_300MIL_SOCKET
P 20 0 60 20 60 0 2 0
L 30 55 10 0 3 0 1 0 CS_B
A 0 60 10 0 3 0 PINTYPE=IN
A 10 60 10 0 3 3 #=7
P 19 0 70 20 70 0 2 0
L 30 65 10 0 3 0 1 0 SI_IO0
A 0 70 10 0 3 0 PINTYPE=IN
A 5 70 10 0 3 3 #=15
P 18 0 80 20 80 0 2 0
L 30 75 10 0 3 0 1 0 WP_B_102
A 0 80 10 0 3 0 PINTYPE=IN
A 10 80 10 0 3 3 #=9
P 17 0 90 20 90 0 2 0
L 30 85 10 0 3 0 1 0 HOLD_B_IO3
A 0 90 10 0 3 0 PINTYPE=IN
A 10 90 10 0 3 3 #=1
P 16 0 120 20 120 0 2 0
L 30 115 10 0 3 0 1 0 VIO_RFU
A 0 120 10 0 3 0 PINTYPE=IN
A 5 120 10 0 3 3 #=14
P 14 160 120 140 120 0 3 0
L 110 115 10 0 3 0 1 0 DNU1
A 160 120 10 0 9 0 PINTYPE=IN
A 150 120 10 0 9 3 #=4
P 13 160 50 140 50 0 3 0
L 115 45 10 0 3 0 1 0 SCK
A 160 50 10 0 9 0 PINTYPE=IN
A 155 50 10 0 9 3 #=16
P 12 160 70 140 70 0 3 0
L 120 65 10 0 3 0 1 0 NC
A 160 70 10 0 9 0 PINTYPE=IN
A 155 70 10 0 9 3 #=13
P 11 160 90 140 90 0 3 0
L 110 85 10 0 3 0 1 0 DNU4
A 160 90 10 0 9 0 PINTYPE=IN
A 155 90 10 0 9 3 #=12
P 10 160 110 140 110 0 3 0
L 110 105 10 0 3 0 1 0 DNU2
A 160 110 10 0 9 0 PINTYPE=IN
A 150 110 10 0 9 3 #=5
P 5 160 80 140 80 0 3 0
L 115 75 10 0 3 0 1 0 RFU
A 160 80 10 0 9 0 PINTYPE=IN
A 150 80 10 0 9 3 #=6
P 7 160 60 140 60 0 3 0
L 100 55 10 0 3 0 1 0 SO_IO1
A 160 60 10 0 9 0 PINTYPE=IN
A 150 60 10 0 9 3 #=8
P 3 160 100 140 100 0 3 0
L 110 95 10 0 3 0 1 0 DNU3
A 160 100 10 0 9 0 PINTYPE=IN
A 155 100 10 0 9 3 #=11
P 15 0 130 20 130 0 2 0
L 30 125 10 0 3 0 1 0 VCC
A 0 130 10 0 3 0 PINTYPE=IN
A 10 130 10 0 3 3 #=2
P 21 0 30 20 30 0 2 0
L 30 25 10 0 3 0 1 0 GND
A 0 30 10 0 3 0 PINTYPE=IN
A 5 30 10 0 3 3 #=10
P 9 160 30 140 30 0 3 0
L 95 25 10 0 3 0 1 0 RESET_B
A 160 30 10 0 9 0 PINTYPE=IN
A 150 30 10 0 9 3 #=3
b 20 20 140 140
E
