V 51
K 165026108100 sw_slide_spdt
|R 16:29_5-19-06
Y 1
D 0 0 100 100
Z 10
i 193
U 5 -75 10 0 3 0 LEVEL=STD
U 5 -95 10 0 3 0 PARTS=1
U 5 -85 10 0 3 0 DEVICE=XX
U 0 -70 10 0 3 0 PKG_TYPE=XX
U 50 100 10 0 3 3 REFDES=SW?
U 50 90 10 0 3 3 VALUE=XX
P 147 100 80 80 80 0 3 0
L 100 75 10 0 3 0 0 0 P1
A 120 80 10 0 3 0 PINTYPE=BI
A 81 80 10 0 3 3 #=1
P 150 100 60 80 60 0 3 0
A 81 60 10 0 3 3 #=2
L 100 55 10 0 3 0 0 0 P2
A 120 60 10 0 3 0 PINTYPE=BI
P 151 100 40 80 40 0 3 0
A 81 40 10 0 3 3 #=3
L 100 35 10 0 3 0 0 0 P3
A 120 40 10 0 3 0 PINTYPE=BI
P 192 60 0 60 30 0 1 0
A 60 29 10 5 3 3 #=SH1
L 65 10 10 5 3 0 0 0 P4
A 60 -10 10 5 3 0 PINTYPE=BI
P 193 70 0 70 30 0 1 0
A 70 -10 10 5 3 0 PINTYPE=BI
L 75 10 10 5 3 0 0 0 P5
A 70 29 10 5 3 3 #=SH2
l 7 50 55 50 55 50 90 80 90 80 30 50 30
 50 45
b 60 35 65 65
c 75 40 5
c 75 60 5
c 75 80 5
b 40 45 60 55
E
