V 51
K 304253889400 lvds_lvpecl
|R 16:00_6-9-11
Y 1
D 0 0 140 220
Z 10
i 50
P 1 0 150 20 150 0 2 0
L 25 145 10 0 3 0 1 0 IN
A 0 150 10 0 3 0 PINTYPE=BI
A 10 150 10 0 3 3 #=3
P 12 0 120 20 120 0 2 0
L 25 115 10 0 3 0 1 0 IN_B
A 0 120 10 0 3 0 PINTYPE=BI
A 10 120 10 0 3 3 #=6
P 13 0 110 20 110 0 2 0
L 25 105 10 0 3 0 1 0 Q0
A 0 110 10 0 3 0 PINTYPE=BI
A 10 110 10 0 3 3 #=31
P 14 0 100 20 100 0 2 0
L 25 95 10 0 3 0 1 0 Q0_B
A 0 100 10 0 3 0 PINTYPE=BI
A 10 100 10 0 3 3 #=30
P 15 0 90 20 90 0 2 0
L 25 85 10 0 3 0 1 0 Q1
A 0 90 10 0 3 0 PINTYPE=BI
A 10 90 10 0 3 3 #=29
P 16 0 80 20 80 0 2 0
L 25 75 10 0 3 0 1 0 Q1_B
A 0 80 10 0 3 0 PINTYPE=BI
A 5 80 10 0 3 3 #=28
P 33 0 70 20 70 0 2 0
L 25 65 10 0 3 0 1 0 Q2
A 0 70 10 0 3 0 PINTYPE=BI
A 5 70 10 0 3 3 #=27
P 34 0 60 20 60 0 2 0
L 25 55 10 0 3 0 1 0 Q2_B
A 0 60 10 0 3 0 PINTYPE=BI
A 5 60 10 0 3 3 #=26
P 35 0 50 20 50 0 2 0
L 25 45 10 0 3 0 1 0 Q3
A 0 50 10 0 3 0 PINTYPE=BI
A 5 50 10 0 3 3 #=22
P 31 0 40 20 40 0 2 0
A 5 40 10 0 3 3 #=21
A 0 40 10 0 3 0 PINTYPE=IN
L 25 35 10 0 3 0 1 0 Q3_B
P 45 140 150 120 150 0 3 0
L 105 145 10 0 3 0 1 0 Q4
A 140 150 10 0 9 0 PINTYPE=BI
A 135 150 10 0 9 3 #=20
P 9 140 140 120 140 0 3 0
L 95 135 10 0 3 0 1 0 Q4_B
A 140 140 10 0 9 0 PINTYPE=BI
A 135 140 10 0 9 3 #=19
P 17 140 130 120 130 0 3 0
L 105 125 10 0 3 0 1 0 Q5
A 140 130 10 0 9 0 PINTYPE=BI
A 135 130 10 0 9 3 #=15
P 19 140 120 120 120 0 3 0
L 95 115 10 0 3 0 1 0 Q5_B
A 140 120 10 0 9 0 PINTYPE=BI
A 135 120 10 0 9 3 #=14
P 20 140 110 120 110 0 3 0
L 105 105 10 0 3 0 1 0 Q6
A 140 110 10 0 9 0 PINTYPE=BI
A 135 110 10 0 9 3 #=13
P 21 140 100 120 100 0 3 0
L 95 95 10 0 3 0 1 0 Q6_B
A 140 100 10 0 9 0 PINTYPE=BI
A 135 100 10 0 9 3 #=12
P 22 140 90 120 90 0 3 0
L 105 85 10 0 3 0 1 0 Q7
A 140 90 10 0 9 0 PINTYPE=BI
A 135 90 10 0 9 3 #=11
P 23 140 80 120 80 0 3 0
L 95 75 10 0 3 0 1 0 Q7_B
A 140 80 10 0 9 0 PINTYPE=BI
A 135 80 10 0 9 3 #=10
P 11 0 130 20 130 0 2 0
L 25 125 10 0 3 0 1 0 VREFAC
A 0 130 10 0 3 0 PINTYPE=BI
A 10 130 10 0 3 3 #=5
P 10 0 140 20 140 0 2 0
L 25 135 10 0 3 0 1 0 VT
A 0 140 10 0 3 0 PINTYPE=BI
A 10 140 10 0 3 3 #=4
U 0 -70 10 0 3 0 VALUE=XXX
U 0 -60 10 0 3 0 DIST_P/N=XXX
U 0 -50 10 0 3 0 DIST=XXX
U 0 -40 10 0 3 0 MANF_P/N=SN74AVC8T245PWR
U 0 -30 10 0 3 0 MANF=TI
U 0 -20 10 0 3 0 PARTS=1
U 0 -10 10 0 3 0 LEVEL=STD
U 60 10 10 0 3 3 PKG_TYPE=MLF-32
U 20 0 16 0 3 3 REFDES=U?
U 20 215 10 0 3 3 DEVICE=SY89858U
T 100 70 10 0 3 GND
T 100 60 10 0 3 GND
T 100 50 10 0 3 GND
T 100 40 10 0 3 GND
T 30 170 10 0 3 VCC
T 30 180 10 0 3 VCC
T 100 170 10 0 3 VCC
T 30 200 10 0 3 VCC
P 44 140 200 120 200 0 3 0
L 100 195 10 0 3 0 0 0 VCC4
A 140 200 10 0 9 0 PINTYPE=IN
A 135 200 10 0 9 3 #=18
P 42 140 190 120 190 0 3 0
L 100 185 10 0 3 0 0 0 VCC5
A 140 190 10 0 9 0 PINTYPE=IN
A 135 190 10 0 9 3 #=23
P 25 140 180 120 180 0 3 0
L 100 175 10 0 3 0 0 0 VCC6
A 140 180 10 0 9 0 PINTYPE=IN
A 135 180 10 0 9 3 #=25
P 26 140 170 120 170 0 3 0
L 100 165 10 0 3 0 0 0 VCC7
A 140 170 10 0 9 0 PINTYPE=IN
A 135 170 10 0 9 3 #=32
P 43 0 200 20 200 0 2 0
A 10 200 10 0 3 3 #=1
A 0 200 10 0 3 0 PINTYPE=IN
L 25 195 10 0 3 0 0 0 VCC0
P 41 0 190 20 190 0 2 0
A 10 190 10 0 3 3 #=8
A 0 190 10 0 3 0 PINTYPE=IN
L 25 185 10 0 3 0 0 0 VCC1
P 27 0 180 20 180 0 2 0
L 25 175 10 0 3 0 0 0 VCC2
A 0 180 10 0 3 0 PINTYPE=IN
A 10 180 10 0 3 3 #=9
P 32 0 170 20 170 0 2 0
L 25 165 10 0 3 0 0 0 VCC3
A 0 170 10 0 3 0 PINTYPE=IN
A 10 170 10 0 3 3 #=16
T 30 190 10 0 3 VCC
T 100 200 10 0 3 VCC
T 100 190 10 0 3 VCC
T 100 180 10 0 3 VCC
P 49 140 70 120 70 0 3 0
L 100 65 10 0 3 0 0 0 GND0
A 140 70 10 0 9 0 PINTYPE=IN
A 135 70 10 0 9 3 #=2
P 50 140 60 120 60 0 3 0
L 100 55 10 0 3 0 0 0 GND1
A 140 60 10 0 9 0 PINTYPE=IN
A 135 60 10 0 9 3 #=7
P 30 140 50 120 50 0 3 0
L 100 45 10 0 3 0 0 0 GND2
A 140 50 10 0 9 0 PINTYPE=IN
A 135 50 10 0 9 3 #=24
P 29 140 40 120 40 0 3 0
L 100 35 10 0 3 0 0 0 GND3
A 140 40 10 0 9 0 PINTYPE=IN
A 135 40 10 0 9 3 #=17
T 65 185 10 3 3 DIFFERENTIAL_FANOUT_BUFFER
b 20 20 120 210
E
