V 51
K 209922606200 tlv3401
|R 22:58_12-5-10
Y 0
D 0 0 140 120
Z 10
i 5
U 0 -60 10 0 3 0 DIST_P/N=296-13376-2-ND
U 0 -50 10 0 3 0 DIST=DIGIKEY
U 0 -40 10 0 3 0 MANF_P/N=TLV3401IDBVR
U 0 -30 10 0 3 0 MANF=TI
U 0 -20 10 0 3 0 PARTS=A
U 0 -10 10 0 3 0 LEVEL=STD
P 3 140 40 120 40 0 3 0
L 100 35 10 0 3 0 1 0 GND
A 130 40 10 0 9 3 #=2
A 140 40 10 0 9 0 PINTYPE=IN
P 5 140 60 120 60 0 3 0
L 100 55 10 0 3 0 1 0 OUT
A 130 60 10 0 9 3 #=1
A 140 60 10 0 9 0 PINTYPE=IN
P 4 140 80 120 80 0 3 0
L 100 75 10 0 3 0 1 0 VCC
A 130 80 10 0 9 3 #=5
A 140 80 10 0 9 0 PINTYPE=IN
P 1 0 70 20 70 0 2 0
L 25 65 10 0 3 0 1 0 IN_P
A 10 70 10 0 3 3 #=3
A 0 70 10 0 3 0 PINTYPE=IN
P 2 0 50 20 50 0 2 0
L 25 45 10 0 3 0 1 0 IN_N
A 10 50 10 0 3 3 #=4
A 0 50 10 0 3 0 PINTYPE=IN
l 2 80 58 76 58
l 2 78 58 76 60
l 2 78 58 80 60
l 2 80 60 78 62
l 2 76 60 78 62
l 2 95 60 85 60
l 2 60 40 85 60
l 2 85 60 60 80
l 2 60 70 50 70
l 2 60 40 60 80
U 20 0 16 0 3 3 REFDES=U?
U 80 10 10 0 3 3 PKG_TYPE=SOT23_5
U 25 100 10 0 3 3 DEVICE=TLV3401
b 20 20 120 100
c 57 50 3
l 2 54 50 50 50
E
