V 51
K 281051475100 pca9517
|R 22:06_4-18-13
Y 1
D 0 0 120 120
Z 10
i 19
U 0 -50 10 0 3 0 VALUE=PCA9517
U 0 -40 10 0 3 0 LEVEL=STD
U 0 -30 10 0 3 0 PARTS=1
P 11 120 90 100 90 0 3 0
A 120 90 10 0 9 0 PINTYPE=IN
A 105 90 10 0 3 3 #=7
L 100 85 10 0 9 0 1 0 VREF2
P 16 0 90 20 90 0 2 0
A -40 90 10 0 3 0 PINTYPE=IN
A 15 90 10 0 9 3 #=2
L 20 85 10 0 3 0 1 0 VREF1
P 2 0 70 20 70 0 2 0
L 20 65 10 0 3 0 1 0 SCL1
A -20 70 10 0 3 0 PINTYPE=BI
A 15 70 10 0 9 3 #=3
P 18 0 50 20 50 0 2 0
L 20 45 10 0 3 0 1 0 SDA1
A -20 50 10 0 3 0 PINTYPE=BI
A 15 50 10 0 9 3 #=4
P 17 120 50 100 50 0 3 0
L 100 45 10 0 9 0 1 0 SDA2
A 130 50 10 0 9 0 PINTYPE=BI
A 105 50 10 0 3 3 #=5
P 3 120 70 100 70 0 3 0
L 100 65 10 0 9 0 1 0 SCL2
A 130 70 10 0 9 0 PINTYPE=BI
A 105 70 10 0 3 3 #=6
P 9 0 30 20 30 0 2 0
A -40 30 10 0 3 0 PINTYPE=IN
A 15 30 10 0 9 3 #=1
L 20 25 10 0 3 1 1 0 GND
P 13 120 30 100 30 0 3 0
L 100 25 10 0 9 0 1 0 EN
A 120 30 10 0 9 0 PINTYPE=IN
A 105 30 10 0 3 3 #=8
b 20 20 100 100
U 75 10 10 0 3 3 PKG_TYPE=PKG_TYPE
U 20 5 16 0 3 3 REFDES=U?
U 20 100 10 0 3 3 DEVICE=DEVICE
E
