V 51
K 68872658290 24lc32a
|R 19:02_12-12-11
Y 1
D 0 0 120 120
Z 10
i 51
U 0 -20 10 0 3 0 MANF_P/N=XXXX
U 0 -10 10 0 3 0 VALUE=TPS79601
U 20 0 16 0 3 3 REFDES=U?
P 27 120 25 100 25 0 3 0
A 105 25 10 0 3 3 #=5
A 160 20 10 0 3 0 PINTYPE=BI
L 95 25 10 0 8 0 1 0 NR/FB
P 49 0 85 20 85 0 2 0
A -30 75 10 0 9 0 PINTYPE=POWER
A 15 85 10 0 9 3 #=1
L 25 85 10 0 2 0 0 0 IN_1
P 50 120 65 100 65 0 3 0
A 105 65 10 0 3 3 #=4
A 160 60 10 0 3 0 PINTYPE=POWER
L 95 65 10 0 8 0 0 0 OUT_4
P 19 120 85 100 85 0 3 0
A 105 85 10 0 3 3 #=3
A 160 80 10 0 3 0 PINTYPE=POWER
L 95 85 10 0 8 0 0 0 OUT_3
P 18 0 65 20 65 0 2 0
L 25 65 10 0 2 0 0 0 IN_2
A 15 65 10 0 9 3 #=2
A -30 55 10 0 9 0 PINTYPE=POWER
P 51 0 45 20 45 0 2 0
L 25 45 10 0 2 0 1 0 EN
A 15 45 10 0 9 3 #=8
A -30 35 10 0 9 0 PINTYPE=IN
P 22 0 25 20 25 0 2 0
L 25 25 10 0 2 1 1 0 GND
A 15 25 10 0 9 3 #=6
A -30 15 10 0 9 0 PINTYPE=POWER
P 38 120 45 100 45 0 3 0
A 105 45 10 0 3 3 #=7
A 160 40 10 0 3 0 PINTYPE=IN
L 95 45 10 0 8 0 1 0 NC
U 100 5 10 0 9 3 PKG_TYPE=XXXX
U 20 100 10 0 3 3 DEVICE=TPS79601
T 95 65 10 0 8 OUT
Q 15 0 0
T 25 65 10 0 2 IN
Q 15 0 0
b 20 15 100 100
T 25 85 10 0 2 IN
Q 15 0 0
T 95 85 10 0 8 OUT
Q 15 0 0
E
