V 51
K 382060792800 ts3a44159
|R 2:04_12-7-10
Y 0
D 0 0 120 180
Z 10
i 32
U 0 -60 10 0 3 0 DIST_P/N=296-21915-1-ND
U 0 -50 10 0 3 0 DIST=DIGIKEY
U 0 -40 10 0 3 0 MANF_P/N=TS3A44159PWR
U 0 -30 10 0 3 0 MANF=TI
U 0 -20 10 0 3 0 PARTS=1
U 0 -10 10 0 3 0 LEVEL=STD
U 20 0 16 0 3 3 REFDES=U?
U 55 10 10 0 3 3 PKG_TYPE=TSSOP_16
U 25 160 10 0 3 3 DEVICE=TS3A44159
P 28 120 40 100 40 0 3 0
L 80 35 10 0 3 0 1 0 GND
A 120 40 10 0 9 0 PINTYPE=IN
A 110 40 10 0 9 3 #=4
P 25 120 140 100 140 0 3 0
L 80 135 10 0 3 0 1 0 VCC
A 120 140 10 0 9 0 PINTYPE=IN
A 115 140 10 0 9 3 #=12
P 32 0 140 20 140 0 2 0
L 25 135 10 0 3 0 1 0 SEL12
A 0 140 10 0 3 0 PINTYPE=IN
A 5 140 10 0 3 3 #=16
P 31 0 130 20 130 0 2 0
L 25 125 10 0 3 0 1 0 SEL34
A 0 130 10 0 3 0 PINTYPE=IN
A 10 130 10 0 3 3 #=8
P 10 0 100 20 100 0 2 0
L 25 95 10 0 3 0 1 0 NC1
A 0 100 10 0 3 0 PINTYPE=BI
A 5 100 10 0 3 3 #=15
P 11 0 90 20 90 0 2 0
L 25 85 10 0 3 0 1 0 NO2
A 0 90 10 0 3 0 PINTYPE=BI
A 10 90 10 0 3 3 #=1
P 12 0 80 20 80 0 2 0
L 25 75 10 0 3 0 1 0 NC2
A 0 80 10 0 3 0 PINTYPE=BI
A 10 80 10 0 3 3 #=3
P 13 0 70 20 70 0 2 0
L 25 65 10 0 3 0 1 0 NO3
A 0 70 10 0 3 0 PINTYPE=BI
A 10 70 10 0 3 3 #=5
P 14 0 60 20 60 0 2 0
L 25 55 10 0 3 0 1 0 NC3
A 0 60 10 0 3 0 PINTYPE=BI
A 10 60 10 0 3 3 #=7
P 15 0 50 20 50 0 2 0
L 25 45 10 0 3 0 1 0 NO4
A 0 50 10 0 3 0 PINTYPE=BI
A 10 50 10 0 3 3 #=9
P 16 0 40 20 40 0 2 0
L 25 35 10 0 3 0 1 0 NC4
A 0 40 10 0 3 0 PINTYPE=BI
A 5 40 10 0 3 3 #=11
P 1 0 110 20 110 0 2 0
L 25 105 10 0 3 0 1 0 NO1
A 0 110 10 0 3 0 PINTYPE=BI
A 5 110 10 0 3 3 #=13
P 20 120 60 100 60 0 3 0
L 75 55 10 0 3 0 1 0 COM4
A 120 60 10 0 9 0 PINTYPE=BI
A 115 60 10 0 9 3 #=10
P 17 120 100 100 100 0 3 0
L 75 95 10 0 3 0 1 0 COM2
A 120 100 10 0 9 0 PINTYPE=BI
A 110 100 10 0 9 3 #=2
P 9 120 120 100 120 0 3 0
L 75 115 10 0 3 0 1 0 COM1
A 120 120 10 0 9 0 PINTYPE=BI
A 115 120 10 0 9 3 #=14
b 20 20 100 160
P 19 120 80 100 80 0 3 0
L 75 75 10 0 3 0 1 0 COM3
A 120 80 10 0 9 0 PINTYPE=BI
A 110 80 10 0 9 3 #=6
E
