V 51
K 395721045600 txb0304
|R 23:40_7-1-13
Y 1
D -30 0 100 130
Z 10
i 54
U 0 -20 10 0 3 0 PARTS=1
U 0 -10 10 0 3 0 LEVEL=STD
U 0 -60 10 0 3 0 VALUE=TXB0304
U -10 0 10 0 3 0 MANF_P/N=TXB0304RUTR
U 50 10 10 0 3 3 PKG_TYPE=TBD
U -3 0 16 0 3 3 REFDES=U?
U 0 -30 10 0 3 0 DIST=DIGIKEY
U 0 -40 10 0 3 0 DIST_P/N=296-29682-1-ND
P 54 100 35 80 35 0 3 0
A 100 35 10 0 9 0 PINTYPE=BI
A 90 35 10 0 9 3 #=6
L 60 30 10 0 3 0 1 0 GND
P 52 100 55 80 55 0 3 0
A 100 55 10 0 9 0 PINTYPE=BI
A 90 55 10 0 9 3 #=8
L 65 50 10 0 3 0 1 0 B3
P 51 100 65 80 65 0 3 0
A 100 65 10 0 9 0 PINTYPE=BI
A 90 65 10 0 9 3 #=9
L 65 60 10 0 3 0 1 0 B2
P 48 -30 45 -10 45 0 2 0
L -5 45 9 0 2 0 1 0 A4
A -15 45 9 0 9 3 #=5
A -10 -55 9 0 3 0 PINTYPE=BI
P 12 -30 75 -10 75 0 2 0
L -5 75 9 0 2 0 1 0 A1
A -15 75 9 0 9 3 #=2
A -10 -25 9 0 3 0 PINTYPE=BI
P 11 -30 95 -10 95 0 2 0
L -5 95 9 0 2 0 1 0 VCCA
A -15 95 9 0 9 3 #=1
A -10 -15 9 0 3 0 PINTYPE=IN
P 21 -30 65 -10 65 0 2 0
L -5 65 9 0 2 0 1 0 A2
A -15 65 9 0 9 3 #=3
A -10 -35 9 0 3 0 PINTYPE=BI
U -5 110 10 0 3 3 DEVICE=TXB0304
P 47 -30 55 -10 55 0 2 0
L -5 55 9 0 2 0 1 0 A3
A -15 55 9 0 9 3 #=4
A -10 -45 9 0 3 0 PINTYPE=BI
P 49 100 95 80 95 0 3 0
A 95 95 10 0 9 3 #=11
L 55 90 10 0 3 0 1 0 VCCB
P 16 -30 85 -10 85 0 2 0
L -5 85 9 0 2 0 1 0 OE
A -15 85 9 0 9 3 #=12
A -10 65 9 0 3 0 PINTYPE=IN
P 50 100 75 80 75 0 3 0
A 100 75 10 0 9 0 PINTYPE=BI
A 95 75 10 0 9 3 #=10
L 65 70 10 0 3 0 1 0 B1
P 53 100 45 80 45 0 3 0
A 100 45 10 0 9 0 PINTYPE=BI
A 90 45 10 0 9 3 #=7
L 65 40 10 0 3 0 1 0 B4
b -10 20 80 110
E
