V 51
K 244407653500 txb0302
|R 23:47_7-1-13
Y 1
D -30 0 100 110
Z 10
i 50
U 0 -20 10 0 3 0 PARTS=1
U 0 -10 10 0 3 0 LEVEL=STD
U 0 -60 10 0 3 0 VALUE=TXB0302
U -10 0 10 0 3 0 MANF_P/N=TXB0302DQMR
U 50 10 10 0 3 3 PKG_TYPE=TBD
U -3 0 16 0 3 3 REFDES=U?
P 48 100 45 80 45 0 3 0
A 100 45 10 0 9 0 PINTYPE=BI
A 90 45 10 0 9 3 #=6
L 65 40 10 0 3 0 1 0 B2
U -5 100 10 0 3 3 DEVICE=TXB0302
P 21 -30 45 -10 45 0 2 0
L -5 45 9 0 2 0 1 0 A2
A -15 45 9 0 9 3 #=3
A -10 -55 9 0 3 0 PINTYPE=BI
P 46 100 75 80 75 0 3 0
A 100 75 10 0 9 0 PINTYPE=IN
A 90 75 10 0 9 3 #=8
L 55 70 10 0 3 0 1 0 VCCB
b -10 20 80 90
P 47 100 55 80 55 0 3 0
A 100 55 10 0 9 0 PINTYPE=BI
A 90 55 10 0 9 3 #=7
L 65 50 10 0 3 0 1 0 B1
P 50 100 35 80 35 0 3 0
A 100 35 10 0 9 0 PINTYPE=IN
A 90 35 10 0 9 3 #=4
L 60 30 10 0 3 0 1 0 GND
P 11 -30 75 -10 75 0 2 0
L -5 75 9 0 2 0 1 0 VCCA
A -15 75 9 0 9 3 #=1
A -10 -35 9 0 3 0 PINTYPE=IN
P 16 -30 65 -10 65 0 2 0
L -5 65 9 0 2 0 1 0 OE
A -15 65 9 0 9 3 #=5
A -10 45 9 0 3 0 PINTYPE=IN
P 12 -30 55 -10 55 0 2 0
L -5 55 9 0 2 0 1 0 A1
A -15 55 9 0 9 3 #=2
A -10 -45 9 0 3 0 PINTYPE=BI
E
