V 51
K 67508720990 ucd9240rpc
|R 23:37_5-3-10
Y 1
D 0 0 200 600
Z 10
i 153
U 0 -80 10 0 3 0 VALUE=VAL
U 0 -70 10 0 3 0 MANF=TI
U 0 -50 10 0 3 0 PARTS=1
U 0 -10 10 0 3 0 LEVEL=STD
P 69 0 280 20 280 0 2 0
L 20 280 10 0 2 0 1 0 /RESET
Q 15 5 0
A 0 280 10 0 3 0 PINTYPE=IN
A 0 280 10 0 3 3 #=13
P 98 0 180 20 180 0 2 0
L 20 175 10 0 3 0 1 0 /TRST
Q 15 5 0
A 0 180 10 0 3 0 PINTYPE=BI
A 0 180 10 0 3 3 #=48
P 57 0 70 20 70 0 2 0
L 20 70 10 0 2 0 1 0 ADC_REF
Q 15 5 0
A 0 70 10 0 3 3 #=1
A 0 70 10 0 3 0 PINTYPE=ANALOG
P 48 0 120 20 120 0 2 0
L 20 120 10 0 2 0 1 0 ADDRSEN0
Q 15 5 0
A 0 120 10 0 3 3 #=77
A 0 120 10 0 3 0 PINTYPE=ANALOG
P 47 0 110 20 110 0 2 0
L 20 110 10 0 2 0 1 0 ADDRSEN1
Q 15 5 0
A 0 110 10 0 3 3 #=76
A 0 110 10 0 3 0 PINTYPE=ANALOG
P 70 80 0 80 20 0 1 0
L 80 20 10 1 2 0 1 0 AGND1
Q 15 5 0
A 80 20 10 3 1 0 PINTYPE=IN
A 70 0 10 1 1 3 #=61
P 71 90 0 90 20 0 1 0
L 90 20 10 1 2 0 1 0 AGND2
Q 15 5 0
A 90 20 10 3 1 0 PINTYPE=IN
A 80 0 10 1 1 3 #=60
P 72 100 0 100 20 0 1 0
L 100 20 10 1 2 0 1 0 AGND3
Q 15 5 0
A 100 20 10 3 1 0 PINTYPE=IN
A 90 0 10 1 1 3 #=80
P 59 0 90 20 90 0 2 0
L 20 90 10 0 2 0 1 0 AUX-IN_AD13
Q 15 5 0
A 0 90 10 0 3 3 #=72
A 0 90 10 0 3 0 PINTYPE=ANALOG
P 58 0 80 20 80 0 2 0
L 20 80 10 0 2 0 1 0 AUX-IN_AD14
Q 15 5 0
A 0 80 10 0 3 3 #=71
A 0 80 10 0 3 0 PINTYPE=ANALOG
P 97 0 60 20 60 0 2 0
L 20 55 10 0 3 0 1 0 BPCAP
Q 15 5 0
A 0 60 10 0 3 0 PINTYPE=ANALOG
A 0 60 10 0 3 3 #=59
P 94 200 480 180 480 0 3 0
L 145 475 10 0 3 0 1 0 CS-1A
Q 15 5 0
A 200 480 10 0 9 0 PINTYPE=ANALOG
A 200 480 10 0 9 3 #=75
P 96 200 470 180 470 0 3 0
L 145 465 10 0 3 0 1 0 CS-1B
Q 15 5 0
A 200 470 10 0 9 0 PINTYPE=ANALOG
A 200 470 10 0 9 3 #=79
P 113 200 370 180 370 0 3 0
L 145 365 10 0 3 0 1 0 CS-2A
Q 15 5 0
A 200 370 10 0 9 0 PINTYPE=ANALOG
A 200 370 10 0 9 3 #=4
P 104 200 360 180 360 0 3 0
L 145 355 10 0 3 0 1 0 CS-2B
Q 15 5 0
A 200 360 10 0 9 0 PINTYPE=ANALOG
A 200 360 10 0 9 3 #=78
P 142 200 260 180 260 0 3 0
L 145 255 10 0 3 0 1 0 CS-3A
Q 15 5 0
A 200 260 10 0 9 0 PINTYPE=ANALOG
A 200 260 10 0 9 3 #=3
P 143 200 250 180 250 0 3 0
L 145 245 10 0 3 0 1 0 CS-3B
Q 15 5 0
A 200 250 10 0 9 0 PINTYPE=ANALOG
A 200 250 10 0 9 3 #=74
P 152 200 150 180 150 0 3 0
L 145 145 10 0 3 0 1 0 CS-4A
Q 15 5 0
A 200 150 10 0 9 0 PINTYPE=ANALOG
A 200 150 10 0 9 3 #=2
P 153 200 140 180 140 0 3 0
L 145 135 10 0 3 0 1 0 CS-4B
Q 15 5 0
A 200 140 10 0 9 0 PINTYPE=ANALOG
A 200 140 10 0 9 3 #=73
P 75 120 0 120 20 0 1 0
L 120 20 10 1 2 0 1 0 DGND1
Q 15 5 0
A 120 20 10 3 1 0 PINTYPE=IN
A 110 0 10 1 1 3 #=9
P 74 130 0 130 20 0 1 0
L 130 20 10 1 2 0 1 0 DGND2
Q 15 5 0
A 130 20 10 3 1 0 PINTYPE=IN
A 120 0 10 1 1 3 #=34
P 73 140 0 140 20 0 1 0
L 140 20 10 1 2 0 1 0 DGND3
Q 15 5 0
A 140 20 10 3 1 0 PINTYPE=IN
A 130 0 10 1 1 3 #=55
P 27 200 60 180 60 0 3 0
L 175 60 10 0 8 0 1 0 DIAG-LED
Q 15 5 0
A 200 60 10 0 9 3 #=10
A 200 60 10 0 9 0 PINTYPE=IN
P 1 200 560 180 560 0 3 0
L 175 560 10 0 8 0 1 0 DPWM-1A
Q 15 5 0
A 200 560 10 0 9 3 #=21
A 200 560 10 0 9 0 PINTYPE=OUT
P 2 200 550 180 550 0 3 0
L 175 550 10 0 8 0 1 0 DPWM-1B
Q 15 5 0
A 200 550 10 0 9 3 #=22
A 200 550 10 0 9 0 PINTYPE=OUT
P 107 200 450 180 450 0 3 0
L 175 450 10 0 8 0 1 0 DPWM-2A
Q 15 5 0
A 200 450 10 0 9 3 #=23
A 200 450 10 0 9 0 PINTYPE=OUT
P 106 200 440 180 440 0 3 0
L 175 440 10 0 8 0 1 0 DPWM-2B
Q 15 5 0
A 200 440 10 0 9 3 #=24
A 200 440 10 0 9 0 PINTYPE=OUT
P 134 200 340 180 340 0 3 0
L 175 340 10 0 8 0 1 0 DPWM-3A
Q 15 5 0
A 200 340 10 0 9 3 #=25
A 200 340 10 0 9 0 PINTYPE=OUT
P 135 200 330 180 330 0 3 0
L 175 330 10 0 8 0 1 0 DPWM-3B
Q 15 5 0
A 200 330 10 0 9 3 #=26
A 200 330 10 0 9 0 PINTYPE=OUT
P 144 200 230 180 230 0 3 0
L 175 230 10 0 8 0 1 0 DPWM-4A
Q 15 5 0
A 200 230 10 0 9 3 #=27
A 200 230 10 0 9 0 PINTYPE=OUT
P 145 200 220 180 220 0 3 0
L 175 220 10 0 8 0 1 0 DPWM-4B
Q 15 5 0
A 200 220 10 0 9 3 #=28
A 200 220 10 0 9 0 PINTYPE=OUT
P 83 200 490 180 490 0 3 0
L 155 485 10 0 3 0 1 0 EAN1
Q 15 5 0
A 200 490 10 0 9 0 PINTYPE=ANALOG
A 200 490 10 0 9 3 #=63
P 105 200 380 180 380 0 3 0
L 155 375 10 0 3 0 1 0 EAN2
Q 15 5 0
A 200 380 10 0 9 0 PINTYPE=ANALOG
A 200 380 10 0 9 3 #=65
P 141 200 270 180 270 0 3 0
L 155 265 10 0 3 0 1 0 EAN3
Q 15 5 0
A 200 270 10 0 9 0 PINTYPE=ANALOG
A 200 270 10 0 9 3 #=67
P 151 200 160 180 160 0 3 0
L 155 155 10 0 3 0 1 0 EAN4
Q 15 5 0
A 200 160 10 0 9 0 PINTYPE=ANALOG
A 200 160 10 0 9 3 #=69
P 82 200 500 180 500 0 3 0
L 155 495 10 0 3 0 1 0 EAP1
Q 15 5 0
A 200 500 10 0 9 0 PINTYPE=ANALOG
A 200 500 10 0 9 3 #=62
P 112 200 390 180 390 0 3 0
L 155 385 10 0 3 0 1 0 EAP2
Q 15 5 0
A 200 390 10 0 9 0 PINTYPE=ANALOG
A 200 390 10 0 9 3 #=64
P 140 200 280 180 280 0 3 0
L 155 275 10 0 3 0 1 0 EAP3
Q 15 5 0
A 200 280 10 0 9 0 PINTYPE=ANALOG
A 200 280 10 0 9 3 #=66
P 150 200 170 180 170 0 3 0
L 155 165 10 0 3 0 1 0 EAP4
Q 15 5 0
A 200 170 10 0 9 0 PINTYPE=ANALOG
A 200 170 10 0 9 3 #=68
P 28 200 100 180 100 0 3 0
L 175 100 10 0 8 0 1 0 FAN-PWM
Q 15 5 0
A 200 100 10 0 9 3 #=53
A 200 100 10 0 9 0 PINTYPE=OUT
P 29 200 90 180 90 0 3 0
L 175 90 10 0 8 0 1 0 FAN-TACH
Q 15 5 0
A 200 90 10 0 9 3 #=32
A 200 90 10 0 9 0 PINTYPE=IN
P 9 200 520 180 520 0 3 0
L 175 520 10 0 8 0 1 0 FAULT-1A
Q 15 5 0
A 200 520 10 0 9 3 #=15
A 200 520 10 0 9 0 PINTYPE=IN
P 10 200 510 180 510 0 3 0
L 175 510 10 0 8 0 1 0 FAULT-1B
Q 15 5 0
A 200 510 10 0 9 3 #=16
A 200 510 10 0 9 0 PINTYPE=IN
P 110 200 410 180 410 0 3 0
L 175 410 10 0 8 0 1 0 FAULT-2A
Q 15 5 0
A 200 410 10 0 9 3 #=17
A 200 410 10 0 9 0 PINTYPE=IN
P 111 200 400 180 400 0 3 0
L 175 400 10 0 8 0 1 0 FAULT-2B
Q 15 5 0
A 200 400 10 0 9 3 #=18
A 200 400 10 0 9 0 PINTYPE=IN
P 138 200 300 180 300 0 3 0
L 175 300 10 0 8 0 1 0 FAULT-3A
Q 15 5 0
A 200 300 10 0 9 3 #=29
A 200 300 10 0 9 0 PINTYPE=IN
P 139 200 290 180 290 0 3 0
L 175 290 10 0 8 0 1 0 FAULT-3B
Q 15 5 0
A 200 290 10 0 9 3 #=41
A 200 290 10 0 9 0 PINTYPE=IN
P 148 200 190 180 190 0 3 0
L 175 190 10 0 8 0 1 0 FAULT-4A
Q 15 5 0
A 200 190 10 0 9 3 #=42
A 200 190 10 0 9 0 PINTYPE=IN
P 149 200 180 180 180 0 3 0
L 175 180 10 0 8 0 1 0 FAULT-4B
Q 15 5 0
A 200 180 10 0 9 3 #=43
A 200 180 10 0 9 0 PINTYPE=IN
P 66 0 450 20 450 0 2 0
L 20 450 10 0 2 0 1 0 PMBUS_ALERT
Q 15 5 0
A 0 450 10 0 3 0 PINTYPE=OUT
A 0 450 10 0 3 3 #=35
P 64 0 430 20 430 0 2 0
L 20 430 10 0 2 0 1 0 PMBUS_CLK
Q 15 5 0
A 0 430 10 0 3 0 PINTYPE=BI
A 0 430 10 0 3 3 #=19
P 67 0 420 20 420 0 2 0
L 20 420 10 0 2 0 1 0 PMBUS_CTRL
Q 15 5 0
A 0 420 10 0 3 0 PINTYPE=IN
A 0 420 10 0 3 3 #=36
P 65 0 440 20 440 0 2 0
L 20 440 10 0 2 0 1 0 PMBUS_DATA
Q 15 5 0
A 0 440 10 0 3 0 PINTYPE=BI
A 0 440 10 0 3 3 #=20
P 93 200 70 180 70 0 3 0
L 175 70 10 0 8 0 1 0 PWRGOOD
Q 15 5 0
A 200 70 10 0 9 3 #=49
A 200 70 10 0 9 0 PINTYPE=OUT
P 17 200 540 180 540 0 3 0
L 175 540 10 0 8 0 1 0 SRE-1A
Q 15 5 0
A 200 540 10 0 9 3 #=12
A 200 540 10 0 9 0 PINTYPE=OUT
P 18 200 530 180 530 0 3 0
L 175 530 10 0 8 0 1 0 SRE-1B
Q 15 5 0
A 200 530 10 0 9 3 #=11
A 200 530 10 0 9 0 PINTYPE=OUT
P 108 200 430 180 430 0 3 0
L 175 430 10 0 8 0 1 0 SRE-2A
Q 15 5 0
A 200 430 10 0 9 3 #=51
A 200 430 10 0 9 0 PINTYPE=OUT
P 109 200 420 180 420 0 3 0
L 175 420 10 0 8 0 1 0 SRE-2B
Q 15 5 0
A 200 420 10 0 9 3 #=37
A 200 420 10 0 9 0 PINTYPE=OUT
P 136 200 320 180 320 0 3 0
L 175 320 10 0 8 0 1 0 SRE-3A
Q 15 5 0
A 200 320 10 0 9 3 #=38
A 200 320 10 0 9 0 PINTYPE=OUT
P 137 200 310 180 310 0 3 0
L 175 310 10 0 8 0 1 0 SRE-3B
Q 15 5 0
A 200 310 10 0 9 3 #=52
A 200 310 10 0 9 0 PINTYPE=OUT
P 146 200 210 180 210 0 3 0
L 175 210 10 0 8 0 1 0 SRE-4A
Q 15 5 0
A 200 210 10 0 9 3 #=33
A 200 210 10 0 9 0 PINTYPE=OUT
P 147 200 200 180 200 0 3 0
L 175 200 10 0 8 0 1 0 SRE-4B
Q 15 5 0
A 200 200 10 0 9 3 #=50
A 200 200 10 0 9 0 PINTYPE=OUT
P 25 200 120 180 120 0 3 0
L 175 120 10 0 8 0 1 0 SYNC-IN
Q 15 5 0
A 200 120 10 0 9 3 #=31
A 200 120 10 0 9 0 PINTYPE=IN
P 26 200 110 180 110 0 3 0
L 175 110 10 0 8 0 1 0 SYNC-OUT
Q 15 5 0
A 200 110 10 0 9 3 #=30
A 200 110 10 0 9 0 PINTYPE=OUT
P 102 0 230 20 230 0 2 0
L 20 225 10 0 3 0 1 0 TCK
Q 15 5 0
A 0 230 10 0 3 0 PINTYPE=OUT
A 0 230 10 0 3 3 #=44
P 100 0 210 20 210 0 2 0
L 20 205 10 0 3 0 1 0 TDI
Q 15 5 0
A 0 210 10 0 3 0 PINTYPE=IN
A 0 210 10 0 3 3 #=46
P 101 0 200 20 200 0 2 0
L 20 195 10 0 3 0 1 0 TDO
Q 15 5 0
A 0 200 10 0 3 0 PINTYPE=OUT
A 0 200 10 0 3 3 #=45
P 60 0 340 20 340 0 2 0
L 20 340 10 0 2 0 1 0 TEMP
Q 15 5 0
A 0 340 10 0 3 3 #=7
A 0 340 10 0 3 0 PINTYPE=ANALOG
P 99 0 220 20 220 0 2 0
L 20 215 10 0 3 0 1 0 TMS
Q 15 5 0
A 0 220 10 0 3 0 PINTYPE=BI
A 0 220 10 0 3 3 #=47
P 61 0 370 20 370 0 2 0
L 20 370 10 0 2 0 1 0 TMUX0
Q 15 5 0
A 0 370 10 0 3 3 #=39
A 0 370 10 0 3 0 PINTYPE=OUT
P 62 0 360 20 360 0 2 0
L 20 360 10 0 2 0 1 0 TMUX1
Q 15 5 0
A 0 360 10 0 3 3 #=40
A 0 360 10 0 3 0 PINTYPE=OUT
P 63 0 350 20 350 0 2 0
L 20 350 10 0 2 0 1 0 TMUX2
Q 15 5 0
A 0 350 10 0 3 3 #=54
A 0 350 10 0 3 0 PINTYPE=OUT
P 103 0 190 20 190 0 2 0
L 20 185 10 0 3 0 1 0 TRCK
Q 15 5 0
A 0 190 10 0 3 0 PINTYPE=OUT
A 0 190 10 0 3 3 #=14
P 77 110 600 110 580 0 0 0
L 110 580 10 1 8 0 1 0 V33A
Q 15 5 0
A 110 580 10 1 1 0 PINTYPE=IN
A 100 580 10 1 1 3 #=58
P 78 100 600 100 580 0 0 0
L 100 580 10 1 8 0 1 0 V33D
Q 15 5 0
A 100 580 10 1 1 0 PINTYPE=IN
A 90 580 10 1 1 3 #=57
P 79 80 600 80 580 0 0 0
L 80 580 10 1 8 0 1 0 V33DIO1
Q 15 5 0
A 80 580 10 1 1 0 PINTYPE=IN
A 70 590 10 1 1 3 #=8
P 80 90 600 90 580 0 0 0
L 90 580 10 1 8 0 1 0 V33DIO2
Q 15 5 0
A 90 580 10 1 1 0 PINTYPE=IN
A 80 580 10 1 1 3 #=56
P 76 40 600 40 580 0 0 0
L 40 580 10 1 8 0 1 0 V33FB
Q 15 5 0
A 40 580 10 1 1 0 PINTYPE=IN
A 30 580 10 1 1 3 #=70
P 54 0 510 20 510 0 2 0
L 20 510 10 0 2 0 1 0 VIN
Q 15 5 0
A 0 510 10 0 3 3 #=5
A 0 510 10 0 3 0 PINTYPE=ANALOG
P 53 0 300 20 300 0 2 0
L 20 300 10 0 2 0 1 0 VTRACK
Q 15 5 0
A 0 300 10 0 3 3 #=6
A 0 300 10 0 3 0 PINTYPE=ANALOG
U 25 -15 16 0 3 3 REFDES=U?
U 150 -15 10 0 3 3 PKG_TYPE=XXX
b 20 20 180 580
U 25 495 10 0 3 3 DEVICE=XXX
E
