V 51
K 74060709890 cr2_cp132_1
|R 15:11_11-26-12
Y 1
D 0 0 340 640
Z 10
i 72
U 0 -100 10 0 3 0 VALUE
U 0 -80 10 0 3 0 PARTS=1
U 0 -70 10 0 3 0 LEVEL=STD
U 0 -60 10 0 3 0 MFG_P/N=XC2C256-7CP132
U 0 -50 10 0 3 0 MFG=XILINX
U 0 -40 10 0 3 0 DIST_P/N=XC2C256-7CP132
U 0 -30 10 0 3 0 DIST=XILINX
U 0 -10 10 0 3 0 HETERO=CR2_CP132_1,CR2_CP132_2,CR2_CP132_GND,CR2_CP132_VCC,CR2_
+ CP132_VAUX
U 30 -10 18 0 3 3 REFDES=U?
U 290 0 10 0 3 3 PKG_TYPE=CP132
U 30 630 10 0 3 3 DEVICE=XC2C256
P 68 340 60 320 60 0 3 0
A 340 60 10 0 9 0 PINTYPE=IN
A 340 60 10 0 9 3 #=P6
L 236 55 10 0 3 0 1 0 FB16_MC16_1_P6
P 67 340 70 320 70 0 3 0
A 340 70 10 0 9 0 PINTYPE=IN
A 340 70 10 0 9 3 #=N7
L 236 65 10 0 3 0 1 0 FB16_MC13_1_N7
P 66 340 80 320 80 0 3 0
A 340 80 10 0 9 0 PINTYPE=IN
A 340 80 10 0 9 3 #=M7
L 236 75 10 0 3 0 1 0 FB16_MC12_1_M7
P 65 340 90 320 90 0 3 0
A 340 90 10 0 9 0 PINTYPE=IN
A 340 90 10 0 9 3 #=P8
L 236 85 10 0 3 0 1 0 FB16_MC11_1_P8
P 64 340 100 320 100 0 3 0
A 340 100 10 0 9 0 PINTYPE=IN
A 340 100 10 0 9 3 #=N8
L 242 95 10 0 3 0 1 0 FB16_MC5_1_N8
P 63 340 110 320 110 0 3 0
A 340 110 10 0 9 0 PINTYPE=IN
A 340 110 10 0 9 3 #=M8
L 242 105 10 0 3 0 1 0 FB16_MC3_1_M8
P 62 340 120 320 120 0 3 0
A 340 120 10 0 9 0 PINTYPE=IN
A 340 120 10 0 9 3 #=H12
L 231 115 10 0 3 0 1 0 FB15_MC16_1_H12
P 61 340 130 320 130 0 3 0
A 340 130 10 0 9 0 PINTYPE=IN
A 340 130 10 0 9 3 #=H13
L 231 125 10 0 3 0 1 0 FB15_MC15_1_H13
P 59 340 150 320 150 0 3 0
A 340 150 10 0 9 0 PINTYPE=IN
A 340 150 10 0 9 3 #=J12
L 231 145 10 0 3 0 1 0 FB15_MC13_1_J12
P 58 340 160 320 160 0 3 0
A 340 160 10 0 9 0 PINTYPE=IN
A 340 160 10 0 9 3 #=K14
L 231 155 10 0 3 0 1 0 FB15_MC12_1_K14
P 57 340 170 320 170 0 3 0
A 340 170 10 0 9 0 PINTYPE=IN
A 340 170 10 0 9 3 #=K13
L 231 165 10 0 3 0 1 0 FB15_MC11_1_K13
P 56 340 180 320 180 0 3 0
A 340 180 10 0 9 0 PINTYPE=IN
A 340 180 10 0 9 3 #=L14
L 236 175 10 0 3 0 1 0 FB15_MC2_1_L14
P 55 340 190 320 190 0 3 0
A 340 190 10 0 9 0 PINTYPE=IN
A 340 190 10 0 9 3 #=P9
L 236 185 10 0 3 0 1 0 FB14_MC16_1_P9
P 54 340 200 320 200 0 3 0
A 340 200 10 0 9 0 PINTYPE=IN
A 340 200 10 0 9 3 #=P10
L 231 195 10 0 3 0 1 0 FB14_MC14_1_P10
P 53 340 210 320 210 0 3 0
A 340 210 10 0 9 0 PINTYPE=IN
A 340 210 10 0 9 3 #=P11
L 237 205 10 0 3 0 1 0 FB14_MC6_1_P11
P 52 340 220 320 220 0 3 0
A 340 220 10 0 9 0 PINTYPE=IN
A 340 220 10 0 9 3 #=N11
L 237 215 10 0 3 0 1 0 FB14_MC5_1_N11
P 51 340 230 320 230 0 3 0
A 340 230 10 0 9 0 PINTYPE=IN
A 340 230 10 0 9 3 #=M11
L 237 225 10 0 3 0 1 0 FB14_MC4_1_M11
P 50 340 240 320 240 0 3 0
A 340 240 10 0 9 0 PINTYPE=IN
A 340 240 10 0 9 3 #=P12
L 237 235 10 0 3 0 1 0 FB14_MC3_1_P12
P 49 340 250 320 250 0 3 0
A 340 250 10 0 9 0 PINTYPE=IN
A 340 250 10 0 9 3 #=P14
L 237 245 10 0 3 0 1 0 FB14_MC1_1_P14
P 48 340 260 320 260 0 3 0
A 340 260 10 0 9 0 PINTYPE=IN
A 340 260 10 0 9 3 #=L13
L 231 255 10 0 3 0 1 0 FB13_MC16_1_L13
P 17 340 570 320 570 0 3 0
A 340 570 10 0 9 0 PINTYPE=IN
A 340 570 10 0 9 3 #=L2
L 247 565 10 0 3 0 1 0 FB5_MC4_1_L2
P 1 340 580 320 580 0 3 0
A 340 580 10 0 9 0 PINTYPE=IN
A 340 580 10 0 9 3 #=L3
L 247 575 10 0 3 0 1 0 FB5_MC1_1_L3
P 18 340 560 320 560 0 3 0
A 340 560 10 0 9 0 PINTYPE=IN
A 340 560 10 0 9 3 #=L1
L 248 555 10 0 3 0 1 0 FB5_MC5_1_L1
P 19 340 550 320 550 0 3 0
A 340 550 10 0 9 0 PINTYPE=IN
A 340 550 10 0 9 3 #=K3
L 222 545 10 0 3 0 1 0 FB5_MC6_GCK0_1_K3
P 20 340 540 320 540 0 3 0
A 340 540 10 0 9 0 PINTYPE=IN
A 340 540 10 0 9 3 #=K1
L 242 535 10 0 3 0 1 0 FB5_MC16_1_K1
P 21 340 530 320 530 0 3 0
A 340 530 10 0 9 0 PINTYPE=IN
A 340 530 10 0 9 3 #=M1
L 248 525 10 0 3 0 1 0 FB6_MC1_1_M1
P 22 340 520 320 520 0 3 0
A 340 520 10 0 9 0 PINTYPE=IN
A 340 520 10 0 9 3 #=M2
L 216 515 10 0 3 0 1 0 FB6_MC2_CDRST_1_M2
P 23 340 510 320 510 0 3 0
A 340 510 10 0 9 0 PINTYPE=IN
A 340 510 10 0 9 3 #=N2
L 221 505 10 0 3 0 1 0 FB6_MC4_GCK2_1_N2
P 24 340 500 320 500 0 3 0
A 340 500 10 0 9 0 PINTYPE=IN
A 340 500 10 0 9 3 #=P2
L 221 495 10 0 3 0 1 0 FB6_MC12_DGE_1_P2
P 25 340 490 320 490 0 3 0
A 340 490 10 0 9 0 PINTYPE=IN
A 340 490 10 0 9 3 #=M3
L 242 485 10 0 3 0 1 0 FB6_MC13_1_M3
P 26 340 480 320 480 0 3 0
A 340 480 10 0 9 0 PINTYPE=IN
A 340 480 10 0 9 3 #=N3
L 242 475 10 0 3 0 1 0 FB6_MC14_1_N3
P 27 340 470 320 470 0 3 0
A 340 470 10 0 9 0 PINTYPE=IN
A 340 470 10 0 9 3 #=P3
L 242 465 10 0 3 0 1 0 FB6_MC15_1_P3
P 28 340 460 320 460 0 3 0
A 340 460 10 0 9 0 PINTYPE=IN
A 340 460 10 0 9 3 #=M4
L 242 455 10 0 3 0 1 0 FB6_MC16_1_M4
P 29 340 450 320 450 0 3 0
A 340 450 10 0 9 0 PINTYPE=IN
A 340 450 10 0 9 3 #=J2
L 247 445 10 0 3 0 1 0 FB7_MC5_1_J2
P 30 340 440 320 440 0 3 0
A 340 440 10 0 9 0 PINTYPE=IN
A 340 440 10 0 9 3 #=J1
L 247 435 10 0 3 0 1 0 FB7_MC6_1_J1
P 31 340 430 320 430 0 3 0
A 340 430 10 0 9 0 PINTYPE=IN
A 340 430 10 0 9 3 #=H3
L 242 425 10 0 3 0 1 0 FB7_MC11_1_H3
P 32 340 420 320 420 0 3 0
A 340 420 10 0 9 0 PINTYPE=IN
A 340 420 10 0 9 3 #=H2
L 242 415 10 0 3 0 1 0 FB7_MC12_1_H2
P 33 340 410 320 410 0 3 0
A 340 410 10 0 9 0 PINTYPE=IN
A 340 410 10 0 9 3 #=H1
L 242 405 10 0 3 0 1 0 FB7_MC13_1_H1
P 34 340 400 320 400 0 3 0
A 340 400 10 0 9 0 PINTYPE=IN
A 340 400 10 0 9 3 #=G3
L 242 395 10 0 3 0 1 0 FB7_MC14_1_G3
P 35 340 390 320 390 0 3 0
A 340 390 10 0 9 0 PINTYPE=IN
A 340 390 10 0 9 3 #=G2
L 242 385 10 0 3 0 1 0 FB7_MC15_1_G2
P 36 340 380 320 380 0 3 0
A 340 380 10 0 9 0 PINTYPE=IN
A 340 380 10 0 9 3 #=N4
L 247 375 10 0 3 0 1 0 FB8_MC1_1_N4
P 37 340 370 320 370 0 3 0
A 340 370 10 0 9 0 PINTYPE=IN
A 340 370 10 0 9 3 #=M5
L 242 365 10 0 3 0 1 0 FB8_MC11_1_M5
P 38 340 360 320 360 0 3 0
A 340 360 10 0 9 0 PINTYPE=IN
A 340 360 10 0 9 3 #=N5
L 242 355 10 0 3 0 1 0 FB8_MC12_1_N5
P 39 340 350 320 350 0 3 0
A 340 350 10 0 9 0 PINTYPE=IN
A 340 350 10 0 9 3 #=P5
L 242 345 10 0 3 0 1 0 FB8_MC13_1_P5
P 40 340 340 320 340 0 3 0
A 340 340 10 0 9 0 PINTYPE=IN
A 340 340 10 0 9 3 #=M6
L 242 335 10 0 3 0 1 0 FB8_MC14_1_M6
P 41 340 330 320 330 0 3 0
A 340 330 10 0 9 0 PINTYPE=IN
A 340 330 10 0 9 3 #=N6
L 242 325 10 0 3 0 1 0 FB8_MC15_1_N6
P 42 340 320 320 320 0 3 0
A 340 320 10 0 9 0 PINTYPE=IN
A 340 320 10 0 9 3 #=N13
L 236 315 10 0 3 0 1 0 FB13_MC1_1_N13
P 43 340 310 320 310 0 3 0
A 340 310 10 0 9 0 PINTYPE=IN
A 340 310 10 0 9 3 #=N14
L 236 305 10 0 3 0 1 0 FB13_MC2_1_N14
P 44 340 300 320 300 0 3 0
A 340 300 10 0 9 0 PINTYPE=IN
A 340 300 10 0 9 3 #=M12
L 236 295 10 0 3 0 1 0 FB13_MC3_1_M12
P 45 340 290 320 290 0 3 0
A 340 290 10 0 9 0 PINTYPE=IN
A 340 290 10 0 9 3 #=M13
L 236 285 10 0 3 0 1 0 FB13_MC5_1_M13
P 46 340 280 320 280 0 3 0
A 340 280 10 0 9 0 PINTYPE=IN
A 340 280 10 0 9 3 #=M14
L 231 275 10 0 3 0 1 0 FB13_MC12_1_M14
P 47 340 270 320 270 0 3 0
A 340 270 10 0 9 0 PINTYPE=IN
A 340 270 10 0 9 3 #=L12
L 231 265 10 0 3 0 1 0 FB13_MC14_1_L12
P 60 340 140 320 140 0 3 0
A 340 140 10 0 9 0 PINTYPE=IN
A 340 140 10 0 9 3 #=J13
L 231 135 10 0 3 0 1 0 FB15_MC14_1_J13
P 69 0 60 20 60 0 2 0
A 0 60 10 0 3 0 PINTYPE=IN
A 0 60 10 0 3 3 #=P13
L 35 55 10 0 3 0 1 0 VCCO_1_P13
P 70 0 70 20 70 0 2 0
A 0 70 10 0 3 0 PINTYPE=IN
A 0 70 10 0 3 3 #=G14
L 35 65 10 0 3 0 1 0 VCCO_1_G14
P 71 0 80 20 80 0 2 0
A 0 80 10 0 3 0 PINTYPE=IN
A 0 80 10 0 3 3 #=P7
L 35 75 10 0 3 0 1 0 VCCO_1_P7
P 72 0 90 20 90 0 2 0
A 0 90 10 0 3 0 PINTYPE=IN
A 0 90 10 0 3 3 #=J3
L 35 85 10 0 3 0 1 0 VCCO_1_J3
c 40 600 10
T 59 563 20 0 3 BANK 1
T 59 546 20 0 3 XC2C256
T 59 529 20 0 3 CP132
b 20 20 320 620
E
