V 51
K 10063861790 1003-005-23100.1
|R 0:31_4-27-13
Y 1
D 0 0 110 240
Z 10
i 37
U 0 -10 10 0 3 0 DEVICE=DEVICE
P 15 110 200 80 200 0 3 0
L 80 195 10 0 9 0 1 0 D_N
A 150 201 10 0 3 0 PINTYPE=BI
A 89 202 10 0 3 3 #=2
P 16 110 180 80 180 0 3 0
A 89 182 10 0 3 3 #=3
A 150 181 10 0 3 0 PINTYPE=BI
L 80 175 10 0 9 0 1 0 D_P
P 30 110 140 80 140 0 3 0
A 89 142 10 0 3 3 #=5
A 150 141 10 0 3 0 PINTYPE=BI
L 80 135 10 0 9 0 1 0 GND
P 34 110 80 80 80 0 3 0
L 80 75 10 0 9 0 1 0 GND_DRAIN
A 150 81 10 0 3 0 PINTYPE=BI
A 89 82 10 0 3 3 #=8
P 17 110 160 80 160 0 3 0
L 80 155 10 0 9 1 1 0 ID
A 150 161 10 0 3 0 PINTYPE=BI
A 89 162 10 0 3 3 #=4
P 25 60 0 60 20 0 1 0
L 57 20 6 3 9 0 1 0 SHLD1
A 61 -50 10 3 3 0 PINTYPE=BI
A 59 11 10 3 3 3 #=11
P 26 50 0 50 20 0 1 0
A 49 11 10 3 3 3 #=12
A 51 -50 10 3 3 0 PINTYPE=BI
L 47 20 6 3 9 0 1 0 SHLD2
P 28 40 0 40 20 0 1 0
L 37 20 6 3 9 0 1 0 SHLD3
A 41 -50 10 3 3 0 PINTYPE=BI
A 39 11 10 3 3 3 #=13
P 29 30 0 30 20 0 1 0
A 29 11 10 3 3 3 #=14
A 31 -50 10 3 3 0 PINTYPE=BI
L 27 20 6 3 9 0 1 0 SHLD4
P 31 20 0 20 20 0 1 0
A 19 11 10 3 3 3 #=15
A 21 -50 10 3 3 0 PINTYPE=BI
L 17 20 6 3 9 0 1 0 SHLD5
P 32 10 0 10 20 0 1 0
L 7 20 6 3 9 0 1 0 SHLD6
A 11 -50 10 3 3 0 PINTYPE=BI
A 9 11 10 3 3 3 #=16
P 33 110 60 80 60 0 3 0
A 89 62 10 0 3 3 #=9
A 150 61 10 0 3 0 PINTYPE=BI
L 80 55 10 0 9 0 1 0 SSRXN
P 37 110 40 80 40 0 3 0
L 80 35 10 0 9 0 1 0 SSRXP
A 150 41 10 0 3 0 PINTYPE=BI
A 89 42 10 0 3 3 #=10
P 36 110 120 80 120 0 3 0
L 80 115 10 0 9 0 1 0 SSTXN
A 150 121 10 0 3 0 PINTYPE=BI
A 89 122 10 0 3 3 #=6
P 35 110 100 80 100 0 3 0
A 89 102 10 0 3 3 #=7
A 150 101 10 0 3 0 PINTYPE=BI
L 80 95 10 0 9 0 1 0 SSTXP
P 24 110 220 80 220 0 3 0
A 89 222 10 0 3 3 #=1
A 150 221 10 0 3 0 PINTYPE=BI
L 80 215 10 0 9 0 1 0 VBUS
U -20 -40 10 0 3 0 PARTS=1
U 80 10 10 0 3 0 PKG_TYPE=PKG_TYPE
U 10 230 10 0 3 3 VALUE=VALUE
U 82 3 16 0 3 3 REFDES=J?
b 0 20 80 230
E
