V 53
K 1470790849 12v_2x4_pcie_conn.1
F Case
|R 18:00:49_8-9-16
D 0 160 120 -60
Y 1
Z 10
i 49
U 0 -90 10 0 3 0 MANF_P/N=6652208-T0003T-H
U 0 -80 10 0 3 0 MANF=ASTRON
U 0 -30 10 0 3 0 DEVICE=XXX
U 0 -60 10 0 3 0 LEVEL=STD
U 0 -50 10 0 3 0 PARTS=1
U 100 -50 10 0 9 3 VALUE=XXX
U 20 -60 16 0 3 3 REFDES=J?
U 0 -40 10 0 3 0 PKG_TYPE=CON_PCIE_TBD
U 0 -60 10 0 1 0 FORWARD_PCB=1
T 100 80 10 0 8 12V
Q 15 0 0
|FNTSTL 16777215 0
T 100 120 10 0 8 12V
Q 15 0 0
|FNTSTL 16777215 0
T 100 100 10 0 8 12V
Q 15 0 0
|FNTSTL 16777215 0
l 2 40 0 40 100 
l 2 40 100 20 110 
b 20 -40 100 140
l 2 40 0 20 -10 
T 100 40 10 0 8 GND
Q 15 0 0
|FNTSTL 16777215 0
T 100 0 10 0 8 GND
Q 15 0 0
|FNTSTL 16777215 0
T 100 -20 10 0 8 GND
Q 15 0 0
|FNTSTL 16777215 0
T 100 20 10 0 8 SNS0
Q 15 0 0
|FNTSTL 16777215 0
T 100 60 10 0 8 SNS1
Q 15 0 0
|FNTSTL 16777215 0
P 1 120 60 100 60 0 3 0
L 110 60 10 0 3 0 0 0 SENSE1
A 120 60 10 0 9 0 PINTYPE=OUT
A 110 60 10 0 9 3 #=4
P 2 120 120 100 120 0 3 0
L 110 120 10 0 3 0 0 0 12V_A
A 120 120 10 0 9 0 PINTYPE=OUT
A 110 120 10 0 9 3 #=1
P 3 120 80 100 80 0 3 0
L 110 80 10 0 3 0 0 0 12V_C
A 120 80 10 0 9 0 PINTYPE=OUT
A 110 80 10 0 9 3 #=3
P 4 120 20 100 20 0 3 0
L 110 20 10 0 3 0 0 0 SENSE0
A 120 20 10 0 9 0 PINTYPE=OUT
A 110 20 10 0 9 3 #=6
P 5 120 100 100 100 0 3 0
L 110 100 10 0 3 0 0 0 12V_B
A 120 100 10 0 9 0 PINTYPE=OUT
A 110 100 10 0 9 3 #=2
P 6 120 40 100 40 0 3 0
L 110 40 10 0 3 0 0 0 GND_A
A 120 40 10 0 9 0 PINTYPE=OUT
A 110 40 10 0 9 3 #=5
P 45 120 0 100 0 0 3 0
L 78 0 10 0 8 0 0 0 GND_B
A 120 0 10 0 1 0 PINTYPE=POWER
A 110 0 10 0 9 3 #=7
P 48 120 -20 100 -20 0 3 0
L 78 -20 10 0 8 0 0 0 GND_C
A 120 -20 10 0 1 0 PINTYPE=POWER
A 110 -20 10 0 9 3 #=8
E 
