V 53
K 1399510705 1ss301.1
F Case
|R 17:58:25_5-7-14
D 10 50 80 0
Y 1
Z 10
i 10
U 0 -20 10 0 3 0 MANF=XXXX
U 0 -70 10 0 3 0 DEVICE=XXXX
U 0 50 10 0 3 0 PKG_TYPE=XXXX
U 20 -20 16 0 6 3 REFDES=D?
U 55 -10 10 0 3 3 VALUE=XXX
U 55 -20 10 0 3 3 POWER=XXX
U 15 50 10 0 3 3 VOLTAGE=XXX
U 10 0 10 0 1 0 FORWARD_PCB=1
l 2 50 35 45 35 
l 2 50 15 45 15 
l 2 60 25 50 25 
l 2 30 35 40 35 
l 2 45 30 45 40 
l 2 45 10 45 20 
l 2 50 15 50 35 
l 2 45 15 40 10 
l 2 40 10 40 20 
l 2 40 20 45 15 
l 2 40 40 40 30 
l 2 40 30 45 35 
l 2 40 40 45 35 
b 30 0 60 50
l 2 30 15 40 15 
P 3 10 35 30 35 0 2 0
L 15 40 10 0 9 0 0 0 P1
A 25 35 10 0 9 3 #=1
A 5 15 10 0 7 0 PINTYPE=BI
P 8 80 25 60 25 0 3 0
L 60 25 10 0 3 0 0 0 P3
A 80 25 10 0 9 0 PINTYPE=BI
A 65 25 10 0 3 3 #=3
P 9 10 15 30 15 0 2 0
L 20 15 10 0 9 0 0 0 P2
A 10 15 10 0 3 0 PINTYPE=BI
A 25 15 10 0 9 3 #=2
E 
