V 53
K 1457637677 2129320-3.1
F Case
|R 11:21:17_3-10-16
D 0 330 300 0
Y 1
Z 10
i 965
U 40 0 10 0 3 0 PARTS=1
U 40 -10 10 0 3 0 LEVEL=STD
U 140 10 10 0 3 3 DEVICE=DEVICE
U 215 10 10 0 3 3 PKG_TYPE=PKG_TYPE
U 40 310 10 0 3 3 VALUE=VALUE
U 40 5 16 0 3 3 REFDES=P?
U 0 0 10 0 1 0 FORWARD_PCB=1
b 40 20 260 310
P 14 300 280 260 280 0 3 0
L 255 280 10 0 8 0 1 0 DP_PWR
A 265 280 10 0 3 3 #=20
A 315 280 10 0 2 0 PINTYPE=BI
P 17 0 280 40 280 0 2 0
L 45 280 10 0 2 0 1 0 ML_LANE0_P
A 35 280 10 0 9 3 #=3
A -15 280 10 0 8 0 PINTYPE=BI
P 18 0 270 40 270 0 2 0
L 45 270 10 0 2 0 1 0 ML_LANE0_N
A 35 270 9 0 9 3 #=5
A -15 270 7 0 8 0 PINTYPE=BI
P 19 300 80 260 80 0 3 0
L 255 80 10 0 8 0 1 0 SHLD2
A 265 80 10 0 3 3 #=22
A 315 80 10 0 2 0 PINTYPE=BI
P 22 300 90 260 90 0 3 0
L 255 90 10 0 8 0 1 0 SHLD1
A 265 90 10 0 3 3 #=21
A 315 90 10 0 2 0 PINTYPE=BI
P 23 300 250 260 250 0 3 0
L 255 250 10 0 8 0 1 0 HOTPLUG_DET
A 265 250 10 0 3 3 #=2
A 315 250 10 0 2 0 PINTYPE=BI
P 24 300 270 260 270 0 3 0
L 255 270 10 0 8 0 1 0 GND6
A 265 270 10 0 3 3 #=19
A 315 270 10 0 2 0 PINTYPE=BI
P 38 300 70 260 70 0 3 0
L 255 70 10 0 8 0 1 0 SHLD3
A 265 70 10 0 3 3 #=23
A 315 70 10 0 2 0 PINTYPE=BI
P 39 0 240 40 240 0 2 0
L 45 240 10 0 2 0 1 0 ML_LANE1_N
A 35 240 10 0 9 3 #=11
A -15 240 10 0 8 0 PINTYPE=BI
P 40 0 250 40 250 0 2 0
L 45 250 10 0 2 0 1 0 ML_LANE1_P
A 35 250 10 0 9 3 #=9
A -15 250 10 0 8 0 PINTYPE=BI
P 41 0 120 40 120 0 2 0
L 45 120 10 0 2 0 1 0 AUX_CH_N
A 35 120 10 0 9 3 #=18
A -15 120 10 0 8 0 PINTYPE=BI
P 46 300 60 260 60 0 3 0
L 255 60 10 0 8 0 1 0 SHLD4
A 265 60 10 0 3 3 #=24
A 315 60 10 0 2 0 PINTYPE=BI
P 947 0 130 40 130 0 2 0
L 45 130 10 0 2 0 1 0 AUX_CH_P
A -15 130 10 0 8 0 PINTYPE=BI
A 35 130 10 0 9 3 #=16
P 948 300 150 260 150 0 3 0
L 255 150 10 0 8 0 1 0 GND1
A 265 150 10 0 3 3 #=1
A 315 150 10 0 2 0 PINTYPE=BI
P 949 0 50 40 50 0 2 0
L 45 50 10 0 2 0 1 0 CONFIG1
A -15 50 10 0 8 0 PINTYPE=BI
A 35 50 10 0 9 3 #=4
P 955 300 140 260 140 0 3 0
L 255 140 10 0 8 0 1 0 GND2
A 315 140 10 0 2 0 PINTYPE=BI
A 265 140 10 0 3 3 #=7
P 956 300 130 260 130 0 3 0
L 255 130 10 0 8 0 1 0 GND3
A 265 130 10 0 3 3 #=8
A 315 130 10 0 2 0 PINTYPE=BI
P 957 300 120 260 120 0 3 0
L 255 120 10 0 8 0 1 0 GND4
A 315 120 10 0 2 0 PINTYPE=BI
A 265 120 10 0 3 3 #=13
P 958 0 210 40 210 0 2 0
L 45 210 10 0 2 0 1 0 ML_LANE2_N
A -15 210 10 0 8 0 PINTYPE=BI
A 35 210 10 0 9 3 #=17
P 959 0 220 40 220 0 2 0
L 45 220 10 0 2 0 1 0 ML_LANE2_P
A -15 220 10 0 8 0 PINTYPE=BI
A 35 220 10 0 9 3 #=15
P 960 0 190 40 190 0 2 0
L 45 190 10 0 2 0 1 0 ML_LANE3_P
A 35 190 10 0 9 3 #=10
A -15 190 10 0 8 0 PINTYPE=BI
P 961 0 180 40 180 0 2 0
L 45 180 10 0 2 0 1 0 ML_LANE3_N
A 35 180 10 0 9 3 #=12
A -15 180 10 0 8 0 PINTYPE=BI
P 962 0 40 40 40 0 2 0
L 45 40 10 0 2 0 1 0 CONFIG2
A 35 40 10 0 9 3 #=6
A -15 40 10 0 8 0 PINTYPE=BI
P 963 300 110 260 110 0 3 0
L 255 110 10 0 8 0 1 0 GND5
A 265 110 10 0 3 3 #=14
A 315 110 10 0 2 0 PINTYPE=BI
E 
