V 53
K 1422902576 2520-6003ub.1
F Case
|R 10:42:56_2-2-15
D -80 215 30 55
Y 1
Z 10
i 210
U 0 -20 10 0 3 0 PKG_TYPE=PKG_TYPE
U 5 -85 10 0 3 0 DEVICE=DEVICE
U -55 195 16 0 3 3 REFDES=J?
U -55 60 10 0 3 3 VALUE=VALUE
U -30 -15 10 0 1 0 MANF_P/N=MANF_P/N
U -80 55 10 0 1 0 FORWARD_PCB=1
b -60 75 10 195
|GRPHSTL 32000 0 0 1
T -50 180 10 0 2 NC
Q 15 0 0
|FNTSTL 16777215 0
T 5 180 10 0 8 NC
Q 15 0 0
|FNTSTL 16777215 0
b -60 115 -55 155
|GRPHSTL 32000 1 0 1
P 147 -80 180 -60 180 0 2 0
L -55 180 10 0 2 0 0 0 NC1
A -100 180 10 0 9 0 PINTYPE=BI
A -65 180 10 0 9 3 #=1
P 150 30 180 10 180 0 3 0
L 5 180 10 0 8 0 0 0 NC2
A 15 180 10 0 3 3 #=2
A 50 180 10 0 3 0 PINTYPE=BI
P 151 -80 170 -60 170 0 2 0
L -50 170 10 0 2 0 1 0 CLK
A -65 170 10 0 9 3 #=3
A -100 170 10 0 9 0 PINTYPE=BI
P 152 30 170 10 170 0 3 0
L 5 170 10 0 8 0 1 0 D15
A 15 170 10 0 3 3 #=4
A 50 170 10 0 3 0 PINTYPE=BI
P 153 -80 160 -60 160 0 2 0
L -50 160 10 0 2 0 1 0 D14
A -65 160 10 0 9 3 #=5
A -100 160 10 0 9 0 PINTYPE=BI
P 154 30 160 10 160 0 3 0
L 5 160 10 0 8 0 1 0 D13
A 15 160 10 0 3 3 #=6
A 50 160 10 0 3 0 PINTYPE=BI
P 155 -80 150 -60 150 0 2 0
L -50 150 10 0 2 0 1 0 D12
A -100 150 10 0 9 0 PINTYPE=BI
A -65 150 10 0 9 3 #=7
P 189 30 150 10 150 0 3 0
L 5 150 10 0 8 0 1 0 D11
A 50 150 10 0 3 0 PINTYPE=BI
A 15 150 10 0 3 3 #=8
P 191 -80 140 -60 140 0 2 0
L -50 140 10 0 2 0 1 0 D10
A -65 140 10 0 9 3 #=9
A -100 140 10 0 9 0 PINTYPE=BI
P 193 30 140 10 140 0 3 0
L 5 140 10 0 8 0 1 0 D5
A 50 140 10 0 3 0 PINTYPE=BI
A 15 140 10 0 3 3 #=14
P 194 -80 120 -60 120 0 2 0
L -50 120 10 0 2 0 1 0 D6
A -65 120 10 0 9 3 #=13
A -100 120 10 0 9 0 PINTYPE=BI
P 195 30 130 10 130 0 3 0
L 5 130 10 0 8 0 1 0 D7
A 15 130 10 0 3 3 #=12
A 50 130 10 0 3 0 PINTYPE=BI
P 196 -80 130 -60 130 0 2 0
L -50 130 10 0 2 0 1 0 D8
A -100 130 10 0 9 0 PINTYPE=BI
A -65 130 10 0 9 3 #=11
P 197 30 120 10 120 0 3 0
L 5 120 10 0 8 0 1 0 D9
A 50 120 10 0 3 0 PINTYPE=BI
A 15 120 10 0 3 3 #=10
P 198 -80 110 -60 110 0 2 0
L -50 110 10 0 2 0 1 0 D4
A -65 110 10 0 9 3 #=15
A -100 110 10 0 9 0 PINTYPE=BI
P 204 30 110 10 110 0 3 0
L 5 110 10 0 8 0 1 0 D3
A 50 110 10 0 3 0 PINTYPE=BI
A 15 110 10 0 3 3 #=16
P 205 -80 100 -60 100 0 2 0
L -50 100 10 0 2 0 1 0 D2
A -65 100 10 0 9 3 #=17
A -100 100 10 0 9 0 PINTYPE=BI
P 207 -80 90 -60 90 0 2 0
L -50 90 10 0 2 0 1 0 D0
A -100 90 10 0 9 0 PINTYPE=BI
A -65 90 10 0 9 3 #=19
P 208 30 100 10 100 0 3 0
L 5 100 10 0 8 0 1 0 D1
A 15 100 10 0 3 3 #=18
A 50 100 10 0 3 0 PINTYPE=BI
P 209 30 90 10 90 0 3 0
L 5 90 10 0 8 0 1 0 GND
A 50 90 10 0 3 0 PINTYPE=BI
A 15 90 10 0 3 3 #=20
E 
