V 51
K 153165148200 3s200anftg256
|R 20:58_8-19-10
Y 1
D 0 0 400 480
Z 10
i 946
U -500 230 10 0 3 0 HETERO=3s200anftg256_0,3s200anftg256_1,3s200anftg256_2,3s200
+ anftg256_3,3s200anftg256_222,3s200anftg256_0_Power,3s200anftg256_1_Power,3s200
+ anftg256_2_Power,3s200anftg256_3_Power,3s200anftg256_VCCINT,3s200anftg256_VCCA
+ UX,3s200anftg256_1_GND
U -500 210 10 0 3 0 PARTS=1
U -500 200 10 0 3 0 LEVEL=STD
U 50 430 10 0 3 3 DEVICE=3S200AN
U 315 40 10 0 3 3 PKG_TYPE=FTG256
P 1 400 370 350 370 0 3 0
A 355 370 10 0 3 3 #=J8
L 345 370 10 0 8 1 1 0 GND_J8
A 405 370 10 0 2 0 PINTYPE=BI
P 2 400 360 350 360 0 3 0
A 355 360 10 0 3 3 #=R10
L 345 360 10 0 8 1 1 0 GND_R10
A 405 360 10 0 2 0 PINTYPE=BI
P 3 400 350 350 350 0 3 0
A 355 350 10 0 3 3 #=M12
L 345 350 10 0 8 1 1 0 GND_M12
A 405 350 10 0 2 0 PINTYPE=BI
P 4 400 340 350 340 0 3 0
A 355 340 10 0 3 3 #=A16
L 345 340 10 0 8 1 1 0 GND_A16
A 405 340 10 0 2 0 PINTYPE=BI
P 5 400 330 350 330 0 3 0
A 355 330 10 0 3 3 #=A1
L 345 330 10 0 8 1 1 0 GND_A1
A 405 330 10 0 2 0 PINTYPE=BI
P 6 400 320 350 320 0 3 0
A 355 320 10 0 3 3 #=K9
L 345 320 10 0 8 1 1 0 GND_K9
A 405 320 10 0 2 0 PINTYPE=BI
P 7 400 310 350 310 0 3 0
A 355 310 10 0 3 3 #=T1
L 345 310 10 0 8 1 1 0 GND_T1
A 405 310 10 0 2 0 PINTYPE=BI
P 8 400 300 350 300 0 3 0
A 355 300 10 0 3 3 #=L11
L 345 300 10 0 8 1 1 0 GND_L11
A 405 300 10 0 2 0 PINTYPE=BI
P 9 400 290 350 290 0 3 0
A 355 290 10 0 3 3 #=F2
L 345 290 10 0 8 1 1 0 GND_F2
A 405 290 10 0 2 0 PINTYPE=BI
P 10 400 280 350 280 0 3 0
A 355 280 10 0 3 3 #=G15
L 345 280 10 0 8 1 1 0 GND_G15
A 405 280 10 0 2 0 PINTYPE=BI
P 11 400 270 350 270 0 3 0
A 355 270 10 0 3 3 #=K2
L 345 270 10 0 8 1 1 0 GND_K2
A 405 270 10 0 2 0 PINTYPE=BI
P 12 400 260 350 260 0 3 0
A 355 260 10 0 3 3 #=G8
L 345 260 10 0 8 1 1 0 GND_G8
A 405 260 10 0 2 0 PINTYPE=BI
P 13 400 250 350 250 0 3 0
A 355 250 10 0 3 3 #=C3
L 345 250 10 0 8 1 1 0 GND_C3
A 405 250 10 0 2 0 PINTYPE=BI
P 14 400 240 350 240 0 3 0
A 355 240 10 0 3 3 #=H9
L 345 240 10 0 8 1 1 0 GND_H9
A 405 240 10 0 2 0 PINTYPE=BI
P 15 400 230 350 230 0 3 0
A 355 230 10 0 3 3 #=P3
L 345 230 10 0 8 1 1 0 GND_P3
A 405 230 10 0 2 0 PINTYPE=BI
P 16 400 220 350 220 0 3 0
A 355 220 10 0 3 3 #=G10
L 345 220 10 0 8 1 1 0 GND_G10
A 405 220 10 0 2 0 PINTYPE=BI
P 17 400 210 350 210 0 3 0
A 355 210 10 0 3 3 #=E5
L 345 210 10 0 8 1 1 0 GND_E5
A 405 210 10 0 2 0 PINTYPE=BI
P 18 400 200 350 200 0 3 0
A 355 200 10 0 3 3 #=B11
L 345 200 10 0 8 1 1 0 GND_B11
A 405 200 10 0 2 0 PINTYPE=BI
P 19 400 190 350 190 0 3 0
A 355 190 10 0 3 3 #=M5
L 345 190 10 0 8 1 1 0 GND_M5
A 405 190 10 0 2 0 PINTYPE=BI
P 20 400 180 350 180 0 3 0
A 355 180 10 0 3 3 #=E12
L 345 180 10 0 8 1 1 0 GND_E12
A 405 180 10 0 2 0 PINTYPE=BI
P 21 400 170 350 170 0 3 0
A 355 170 10 0 3 3 #=F6
L 345 170 10 0 8 1 1 0 GND_F6
A 405 170 10 0 2 0 PINTYPE=BI
P 22 400 160 350 160 0 3 0
A 355 160 10 0 3 3 #=C14
L 345 160 10 0 8 1 1 0 GND_C14
A 405 160 10 0 2 0 PINTYPE=BI
P 23 400 150 350 150 0 3 0
A 355 150 10 0 3 3 #=R6
L 345 150 10 0 8 1 1 0 GND_R6
A 405 150 10 0 2 0 PINTYPE=BI
P 24 400 140 350 140 0 3 0
A 355 140 10 0 3 3 #=L15
L 345 140 10 0 8 1 1 0 GND_L15
A 405 140 10 0 2 0 PINTYPE=BI
P 25 400 130 350 130 0 3 0
A 355 130 10 0 3 3 #=B7
L 345 130 10 0 8 1 1 0 GND_B7
A 405 130 10 0 2 0 PINTYPE=BI
P 26 400 120 350 120 0 3 0
A 355 120 10 0 3 3 #=T16
L 345 120 10 0 8 1 1 0 GND_T16
A 405 120 10 0 2 0 PINTYPE=BI
P 27 400 110 350 110 0 3 0
A 355 110 10 0 3 3 #=K7
L 345 110 10 0 8 1 1 0 GND_K7
A 405 110 10 0 2 0 PINTYPE=BI
P 28 400 100 350 100 0 3 0
A 355 100 10 0 3 3 #=P14
L 345 100 10 0 8 1 1 0 GND_P14
A 405 100 10 0 2 0 PINTYPE=BI
b 50 50 350 430
U 50 35 16 0 3 3 REFDES=U?
E
