V 50
K 153165148200 7vx690tffg1927
Y 1
D 0 0 400 420
Z 10
i 946
b 50 50 350 370
P 1 400 100 350 100 0 3 0
A 355 100 10 0 3 0 #=AB7
L 345 100 10 0 8 0 1 0 MGTREFCLK1N_114_AB7
A 405 100 10 0 2 0 PINTYPE=BI
P 2 400 110 350 110 0 3 0
A 355 110 10 0 3 0 #=AB8
L 345 110 10 0 8 0 1 0 MGTREFCLK1P_114_AB8
A 405 110 10 0 2 0 PINTYPE=BI
P 3 400 120 350 120 0 3 0
A 355 120 10 0 3 0 #=AA9
L 345 120 10 0 8 0 1 0 MGTREFCLK0N_114_AA9
A 405 120 10 0 2 0 PINTYPE=BI
P 4 400 130 350 130 0 3 0
A 355 130 10 0 3 0 #=AA10
L 345 130 10 0 8 0 1 0 MGTREFCLK0P_114_AA10
A 405 130 10 0 2 0 PINTYPE=BI
P 5 400 140 350 140 0 3 0
A 355 140 10 0 3 0 #=Y7
L 345 140 10 0 8 0 1 0 MGTHRXN3_114_Y7
A 405 140 10 0 2 0 PINTYPE=BI
P 6 400 150 350 150 0 3 0
A 355 150 10 0 3 0 #=Y8
L 345 150 10 0 8 0 1 0 MGTHRXP3_114_Y8
A 405 150 10 0 2 0 PINTYPE=BI
P 7 400 160 350 160 0 3 0
A 355 160 10 0 3 0 #=AC1
L 345 160 10 0 8 0 1 0 MGTHTXN3_114_AC1
A 405 160 10 0 2 0 PINTYPE=BI
P 8 400 170 350 170 0 3 0
A 355 170 10 0 3 0 #=AC2
L 345 170 10 0 8 0 1 0 MGTHTXP3_114_AC2
A 405 170 10 0 2 0 PINTYPE=BI
P 9 400 180 350 180 0 3 0
A 355 180 10 0 3 0 #=AA5
L 345 180 10 0 8 0 1 0 MGTHRXN2_114_AA5
A 405 180 10 0 2 0 PINTYPE=BI
P 10 400 190 350 190 0 3 0
A 355 190 10 0 3 0 #=AA6
L 345 190 10 0 8 0 1 0 MGTHRXP2_114_AA6
A 405 190 10 0 2 0 PINTYPE=BI
P 11 400 200 350 200 0 3 0
A 355 200 10 0 3 0 #=AD3
L 345 200 10 0 8 0 1 0 MGTHTXN2_114_AD3
A 405 200 10 0 2 0 PINTYPE=BI
P 12 400 210 350 210 0 3 0
A 355 210 10 0 3 0 #=AD4
L 345 210 10 0 8 0 1 0 MGTHTXP2_114_AD4
A 405 210 10 0 2 0 PINTYPE=BI
P 13 400 220 350 220 0 3 0
A 355 220 10 0 3 0 #=AC5
L 345 220 10 0 8 0 1 0 MGTHRXN1_114_AC5
A 405 220 10 0 2 0 PINTYPE=BI
P 14 400 230 350 230 0 3 0
A 355 230 10 0 3 0 #=AC6
L 345 230 10 0 8 0 1 0 MGTHRXP1_114_AC6
A 405 230 10 0 2 0 PINTYPE=BI
P 15 400 240 350 240 0 3 0
A 355 240 10 0 3 0 #=AE1
L 345 240 10 0 8 0 1 0 MGTHTXN1_114_AE1
A 405 240 10 0 2 0 PINTYPE=BI
P 16 400 250 350 250 0 3 0
A 355 250 10 0 3 0 #=AE2
L 345 250 10 0 8 0 1 0 MGTHTXP1_114_AE2
A 405 250 10 0 2 0 PINTYPE=BI
P 17 400 260 350 260 0 3 0
A 355 260 10 0 3 0 #=AD7
L 345 260 10 0 8 0 1 0 MGTHRXN0_114_AD7
A 405 260 10 0 2 0 PINTYPE=BI
P 18 400 270 350 270 0 3 0
A 355 270 10 0 3 0 #=AD8
L 345 270 10 0 8 0 1 0 MGTHRXP0_114_AD8
A 405 270 10 0 2 0 PINTYPE=BI
P 19 400 280 350 280 0 3 0
A 355 280 10 0 3 0 #=AF3
L 345 280 10 0 8 0 1 0 MGTHTXN0_114_AF3
A 405 280 10 0 2 0 PINTYPE=BI
P 20 400 290 350 290 0 3 0
A 355 290 10 0 3 0 #=AF4
L 345 290 10 0 8 0 1 0 MGTHTXP0_114_AF4
A 405 290 10 0 2 0 PINTYPE=BI
T 220 310 20 0 5 XC7VX690TFFG1927
T 220 330 20 0 5 BANK 114
c 70 350 10
U 50 380 10 0 3 3 DEVICE=XXXXXX
U 50 30 16 0 3 3 REFDES=U?
U 250 30 10 0 3 3 PKG_TYPE=XXXXXX
U 0 0 10 0 3 0 HETERO=690tfg1927b0,690tfg1927b14,690tfg1927b15,690tfg1927b16,690tfg1927b17,690tfg1927b18,690tfg1927b19,690tfg1927b34,690tfg1927b35,690tfg1927b36,690tfg1927b37,690tfg1927b38,690tfg1927b39,690tfg1927b110,690tfg1927b111,690tfg1927b112,690tfg1927b113,690tfg1927b114,690tfg1927b115,690tfg1927b116,690tfg1927b117,690tfg1927b118,690tfg1927b119,690tfg1927b210,690tfg1927b211,690tfg1927b212,690tfg1927b213,690tfg1927b214,690tfg1927b215,690tfg1927b216,690tfg1927b217,690tfg1927b218,690tfg1927b219,690tfg1927bMAVCG10,690tfg1927bMAVCG11,690tfg1927bMAVCG20,690tfg1927bMAVCG21,690tfg1927bMAVTTG10,690tfg1927bMAVTTG11,690tfg1927bMAVTTG20,690tfg1927bMAVTTG21,690tfg1927bMAVCG9,690tfg1927bMAVCG19,690tfg1927bMAVTTG9,690tfg1927bMAVTTG19,690tfg1927bMVAUXG9,690tfg1927bMVAUXG19,690tfg1927bMVAUXG10,690tfg1927bMVAUXG11,690tfg1927bMVAUXG20,690tfg1927bMVAUXG21,690tfg1927bGND1,690tfg1927bGND2,690tfg1927bGND3,690tfg1927bVINT,690tfg1927bVAUX,690tfg1927bVAUXIOG3,690tfg1927bVAUXIOG2,690tfg1927bVAUXIOG1,690tfg1927bVAUXIOG0,690tfg1927bVBRAM
U 0 -10 10 0 3 0 PARTS=1
U 0 -20 10 0 3 0 LEVEL=STD
U 0 -30 10 0 3 0 DATE=2015_03_04
E
