V 50
K 153165148200 6slx16csg324
Y 1
D 0 0 400 840
Z 10
i 946
b 50 50 350 790
P 1 400 100 350 100 0 3 0
A 355 100 10 0 3 0 #=N4
L 345 100 10 0 8 0 1 0 IO_L1P_3_N4
A 405 100 10 0 2 0 PINTYPE=BI
P 2 400 110 350 110 0 3 0
A 355 110 10 0 3 0 #=N3
L 345 110 10 0 8 0 1 0 IO_L1N_VREF_3_N3
A 405 110 10 0 2 0 PINTYPE=BI
P 3 400 120 350 120 0 3 0
A 355 120 10 0 3 0 #=P4
L 345 120 10 0 8 0 1 0 IO_L2P_3_P4
A 405 120 10 0 2 0 PINTYPE=BI
P 4 400 130 350 130 0 3 0
A 355 130 10 0 3 0 #=P3
L 345 130 10 0 8 0 1 0 IO_L2N_3_P3
A 405 130 10 0 2 0 PINTYPE=BI
P 5 400 140 350 140 0 3 0
A 355 140 10 0 3 0 #=L6
L 345 140 10 0 8 0 1 0 IO_L31P_3_L6
A 405 140 10 0 2 0 PINTYPE=BI
P 6 400 150 350 150 0 3 0
A 355 150 10 0 3 0 #=M5
L 345 150 10 0 8 0 1 0 IO_L31N_VREF_3_M5
A 405 150 10 0 2 0 PINTYPE=BI
P 7 400 160 350 160 0 3 0
A 355 160 10 0 3 0 #=U2
L 345 160 10 0 8 0 1 0 IO_L32P_M3DQ14_3_U2
A 405 160 10 0 2 0 PINTYPE=BI
P 8 400 170 350 170 0 3 0
A 355 170 10 0 3 0 #=U1
L 345 170 10 0 8 0 1 0 IO_L32N_M3DQ15_3_U1
A 405 170 10 0 2 0 PINTYPE=BI
P 9 400 180 350 180 0 3 0
A 355 180 10 0 3 0 #=T2
L 345 180 10 0 8 0 1 0 IO_L33P_M3DQ12_3_T2
A 405 180 10 0 2 0 PINTYPE=BI
P 10 400 190 350 190 0 3 0
A 355 190 10 0 3 0 #=T1
L 345 190 10 0 8 0 1 0 IO_L33N_M3DQ13_3_T1
A 405 190 10 0 2 0 PINTYPE=BI
P 11 400 200 350 200 0 3 0
A 355 200 10 0 3 0 #=P2
L 345 200 10 0 8 0 1 0 IO_L34P_M3UDQS_3_P2
A 405 200 10 0 2 0 PINTYPE=BI
P 12 400 210 350 210 0 3 0
A 355 210 10 0 3 0 #=P1
L 345 210 10 0 8 0 1 0 IO_L34N_M3UDQSN_3_P1
A 405 210 10 0 2 0 PINTYPE=BI
P 13 400 220 350 220 0 3 0
A 355 220 10 0 3 0 #=N2
L 345 220 10 0 8 0 1 0 IO_L35P_M3DQ10_3_N2
A 405 220 10 0 2 0 PINTYPE=BI
P 14 400 230 350 230 0 3 0
A 355 230 10 0 3 0 #=N1
L 345 230 10 0 8 0 1 0 IO_L35N_M3DQ11_3_N1
A 405 230 10 0 2 0 PINTYPE=BI
P 15 400 240 350 240 0 3 0
A 355 240 10 0 3 0 #=M3
L 345 240 10 0 8 0 1 0 IO_L36P_M3DQ8_3_M3
A 405 240 10 0 2 0 PINTYPE=BI
P 16 400 250 350 250 0 3 0
A 355 250 10 0 3 0 #=M1
L 345 250 10 0 8 0 1 0 IO_L36N_M3DQ9_3_M1
A 405 250 10 0 2 0 PINTYPE=BI
P 17 400 260 350 260 0 3 0
A 355 260 10 0 3 0 #=L2
L 345 260 10 0 8 0 1 0 IO_L37P_M3DQ0_3_L2
A 405 260 10 0 2 0 PINTYPE=BI
P 18 400 270 350 270 0 3 0
A 355 270 10 0 3 0 #=L1
L 345 270 10 0 8 0 1 0 IO_L37N_M3DQ1_3_L1
A 405 270 10 0 2 0 PINTYPE=BI
P 19 400 280 350 280 0 3 0
A 355 280 10 0 3 0 #=K2
L 345 280 10 0 8 0 1 0 IO_L38P_M3DQ2_3_K2
A 405 280 10 0 2 0 PINTYPE=BI
P 20 400 290 350 290 0 3 0
A 355 290 10 0 3 0 #=K1
L 345 290 10 0 8 0 1 0 IO_L38N_M3DQ3_3_K1
A 405 290 10 0 2 0 PINTYPE=BI
P 21 400 300 350 300 0 3 0
A 355 300 10 0 3 0 #=L4
L 345 300 10 0 8 0 1 0 IO_L39P_M3LDQS_3_L4
A 405 300 10 0 2 0 PINTYPE=BI
P 22 400 310 350 310 0 3 0
A 355 310 10 0 3 0 #=L3
L 345 310 10 0 8 0 1 0 IO_L39N_M3LDQSN_3_L3
A 405 310 10 0 2 0 PINTYPE=BI
P 23 400 320 350 320 0 3 0
A 355 320 10 0 3 0 #=J3
L 345 320 10 0 8 0 1 0 IO_L40P_M3DQ6_3_J3
A 405 320 10 0 2 0 PINTYPE=BI
P 24 400 330 350 330 0 3 0
A 355 330 10 0 3 0 #=J1
L 345 330 10 0 8 0 1 0 IO_L40N_M3DQ7_3_J1
A 405 330 10 0 2 0 PINTYPE=BI
P 25 400 340 350 340 0 3 0
A 355 340 10 0 3 0 #=H2
L 345 340 10 0 8 0 1 0 IO_L41P_GCLK27_M3DQ4_3_H2
A 405 340 10 0 2 0 PINTYPE=BI
P 26 400 350 350 350 0 3 0
A 355 350 10 0 3 0 #=H1
L 345 350 10 0 8 0 1 0 IO_L41N_GCLK26_M3DQ5_3_H1
A 405 350 10 0 2 0 PINTYPE=BI
P 27 400 360 350 360 0 3 0
A 355 360 10 0 3 0 #=K4
L 345 360 10 0 8 0 1 0 IO_L42P_GCLK25_M3UDM_3_K4
A 405 360 10 0 2 0 PINTYPE=BI
P 28 400 370 350 370 0 3 0
A 355 370 10 0 3 0 #=K3
L 345 370 10 0 8 0 1 0 IO_L42N_GCLK24_M3LDM_3_K3
A 405 370 10 0 2 0 PINTYPE=BI
P 29 400 380 350 380 0 3 0
A 355 380 10 0 3 0 #=L5
L 345 380 10 0 8 0 1 0 IO_L43P_GCLK23_M3RASN_3_L5
A 405 380 10 0 2 0 PINTYPE=BI
P 30 400 390 350 390 0 3 0
A 355 390 10 0 3 0 #=K5
L 345 390 10 0 8 0 1 0 IO_L43N_GCLK22_M3CASN_3_K5
A 405 390 10 0 2 0 PINTYPE=BI
P 31 400 400 350 400 0 3 0
A 355 400 10 0 3 0 #=H4
L 345 400 10 0 8 0 1 0 IO_L44P_GCLK21_M3A5_3_H4
A 405 400 10 0 2 0 PINTYPE=BI
P 32 400 410 350 410 0 3 0
A 355 410 10 0 3 0 #=H3
L 345 410 10 0 8 0 1 0 IO_L44N_GCLK20_M3A6_3_H3
A 405 410 10 0 2 0 PINTYPE=BI
P 33 400 420 350 420 0 3 0
A 355 420 10 0 3 0 #=L7
L 345 420 10 0 8 0 1 0 IO_L45P_M3A3_3_L7
A 405 420 10 0 2 0 PINTYPE=BI
P 34 400 430 350 430 0 3 0
A 355 430 10 0 3 0 #=K6
L 345 430 10 0 8 0 1 0 IO_L45N_M3ODT_3_K6
A 405 430 10 0 2 0 PINTYPE=BI
P 35 400 440 350 440 0 3 0
A 355 440 10 0 3 0 #=G3
L 345 440 10 0 8 0 1 0 IO_L46P_M3CLK_3_G3
A 405 440 10 0 2 0 PINTYPE=BI
P 36 400 450 350 450 0 3 0
A 355 450 10 0 3 0 #=G1
L 345 450 10 0 8 0 1 0 IO_L46N_M3CLKN_3_G1
A 405 450 10 0 2 0 PINTYPE=BI
P 37 400 460 350 460 0 3 0
A 355 460 10 0 3 0 #=J7
L 345 460 10 0 8 0 1 0 IO_L47P_M3A0_3_J7
A 405 460 10 0 2 0 PINTYPE=BI
P 38 400 470 350 470 0 3 0
A 355 470 10 0 3 0 #=J6
L 345 470 10 0 8 0 1 0 IO_L47N_M3A1_3_J6
A 405 470 10 0 2 0 PINTYPE=BI
P 39 400 480 350 480 0 3 0
A 355 480 10 0 3 0 #=F2
L 345 480 10 0 8 0 1 0 IO_L48P_M3BA0_3_F2
A 405 480 10 0 2 0 PINTYPE=BI
P 40 400 490 350 490 0 3 0
A 355 490 10 0 3 0 #=F1
L 345 490 10 0 8 0 1 0 IO_L48N_M3BA1_3_F1
A 405 490 10 0 2 0 PINTYPE=BI
P 41 400 500 350 500 0 3 0
A 355 500 10 0 3 0 #=H6
L 345 500 10 0 8 0 1 0 IO_L49P_M3A7_3_H6
A 405 500 10 0 2 0 PINTYPE=BI
P 42 400 510 350 510 0 3 0
A 355 510 10 0 3 0 #=H5
L 345 510 10 0 8 0 1 0 IO_L49N_M3A2_3_H5
A 405 510 10 0 2 0 PINTYPE=BI
P 43 400 520 350 520 0 3 0
A 355 520 10 0 3 0 #=E3
L 345 520 10 0 8 0 1 0 IO_L50P_M3WE_3_E3
A 405 520 10 0 2 0 PINTYPE=BI
P 44 400 530 350 530 0 3 0
A 355 530 10 0 3 0 #=E1
L 345 530 10 0 8 0 1 0 IO_L50N_M3BA2_3_E1
A 405 530 10 0 2 0 PINTYPE=BI
P 45 400 540 350 540 0 3 0
A 355 540 10 0 3 0 #=F4
L 345 540 10 0 8 0 1 0 IO_L51P_M3A10_3_F4
A 405 540 10 0 2 0 PINTYPE=BI
P 46 400 550 350 550 0 3 0
A 355 550 10 0 3 0 #=F3
L 345 550 10 0 8 0 1 0 IO_L51N_M3A4_3_F3
A 405 550 10 0 2 0 PINTYPE=BI
P 47 400 560 350 560 0 3 0
A 355 560 10 0 3 0 #=D2
L 345 560 10 0 8 0 1 0 IO_L52P_M3A8_3_D2
A 405 560 10 0 2 0 PINTYPE=BI
P 48 400 570 350 570 0 3 0
A 355 570 10 0 3 0 #=D1
L 345 570 10 0 8 0 1 0 IO_L52N_M3A9_3_D1
A 405 570 10 0 2 0 PINTYPE=BI
P 49 400 580 350 580 0 3 0
A 355 580 10 0 3 0 #=H7
L 345 580 10 0 8 0 1 0 IO_L53P_M3CKE_3_H7
A 405 580 10 0 2 0 PINTYPE=BI
P 50 400 590 350 590 0 3 0
A 355 590 10 0 3 0 #=G6
L 345 590 10 0 8 0 1 0 IO_L53N_M3A12_3_G6
A 405 590 10 0 2 0 PINTYPE=BI
P 51 400 600 350 600 0 3 0
A 355 600 10 0 3 0 #=E4
L 345 600 10 0 8 0 1 0 IO_L54P_M3RESET_3_E4
A 405 600 10 0 2 0 PINTYPE=BI
P 52 400 610 350 610 0 3 0
A 355 610 10 0 3 0 #=D3
L 345 610 10 0 8 0 1 0 IO_L54N_M3A11_3_D3
A 405 610 10 0 2 0 PINTYPE=BI
P 53 400 620 350 620 0 3 0
A 355 620 10 0 3 0 #=F6
L 345 620 10 0 8 0 1 0 IO_L55P_M3A13_3_F6
A 405 620 10 0 2 0 PINTYPE=BI
P 54 400 630 350 630 0 3 0
A 355 630 10 0 3 0 #=F5
L 345 630 10 0 8 0 1 0 IO_L55N_M3A14_3_F5
A 405 630 10 0 2 0 PINTYPE=BI
P 55 400 640 350 640 0 3 0
A 355 640 10 0 3 0 #=C2
L 345 640 10 0 8 0 1 0 IO_L83P_3_C2
A 405 640 10 0 2 0 PINTYPE=BI
P 56 400 650 350 650 0 3 0
A 355 650 10 0 3 0 #=C1
L 345 650 10 0 8 0 1 0 IO_L83N_VREF_3_C1
A 405 650 10 0 2 0 PINTYPE=BI
P 57 0 100 50 100 0 2 0
A 45 100 10 0 9 0 #=E2
L 55 100 10 0 2 0 1 0 VCCO_3_E2
A 10 100 10 0 2 0 PINTYPE=BI
P 58 0 110 50 110 0 2 0
A 45 110 10 0 9 0 #=G4
L 55 110 10 0 2 0 1 0 VCCO_3_G4
A 10 110 10 0 2 0 PINTYPE=BI
P 59 0 120 50 120 0 2 0
A 45 120 10 0 9 0 #=J2
L 55 120 10 0 2 0 1 0 VCCO_3_J2
A 10 120 10 0 2 0 PINTYPE=BI
P 60 0 130 50 130 0 2 0
A 45 130 10 0 9 0 #=J5
L 55 130 10 0 2 0 1 0 VCCO_3_J5
A 10 130 10 0 2 0 PINTYPE=BI
P 61 0 140 50 140 0 2 0
A 45 140 10 0 9 0 #=M4
L 55 140 10 0 2 0 1 0 VCCO_3_M4
A 10 140 10 0 2 0 PINTYPE=BI
P 62 0 150 50 150 0 2 0
A 45 150 10 0 9 0 #=R2
L 55 150 10 0 2 0 1 0 VCCO_3_R2
A 10 150 10 0 2 0 PINTYPE=BI
T 220 670 20 0 5 6slx16csg324
T 220 690 20 0 5 BANK 3
c 70 770 10
U 50 800 10 0 3 3 DEVICE=XXXXXX
U 50 30 16 0 3 3 REFDES=U?
U 250 30 10 0 3 3 PKG_TYPE=XXXXXX
U 0 0 10 0 3 0 HETERO=6slx16csg324_0,6slx16csg324_DED,6slx16csg324_1,6slx16csg324_2,6slx16csg324_3,6slx16csg324_GND,6slx16csg324_VCCAUX,6slx16csg324_VCCINT
U 0 -10 10 0 3 0 PARTS=1
U 0 -20 10 0 3 0 LEVEL=STD
U 0 -30 10 0 3 0 DATE=2009_02_24
E
