V 52
K 286813681900 cs225_3
F UTL
|R 22:59_8-19-13
Y 1
D 0 0 340 640
Z 10
i 78
U 0 -20 10 0 3 0 PARTS=1
U 0 -100 10 0 3 0 VALUE=XC6VLX16_CS225
U 0 -80 10 0 3 0 PARTS=1
U 0 -70 10 0 3 0 LEVEL=STD
U 0 -60 10 0 3 0 MFG_P/N=XC6SLX16-2CS225C
U 0 -50 10 0 3 0 MFG=XILINX
U 0 -40 10 0 3 0 DIST_P/N=XC6SLX16-2CS225C
U 0 -30 10 0 3 0 DIST=XILINX
U 0 -10 10 0 3 0 HETERO=6SLX16_CS225_0,6SLX16_CS225_1,6SLX16_CS225_2,6SLX16_CS22
+ 5_3,6SLX16_CS225_GND,6SLX16_CS225_VCCINT,6SLX16_CS225_VCCAUX,6SLX16_CS225_DED
U 30 -10 18 0 3 3 REFDES=U?
U 30 630 10 0 3 3 DEVICE=6SLX16_CS225
U 290 0 10 0 3 3 PKG_TYPE=CS225
P 1 340 470 320 470 0 3 0
A 340 470 10 0 9 0 PINTYPE=BI
A 340 470 10 0 9 3 #=M4
L 315 470 10 0 8 0 1 0 IO_L1P_3_M4
P 17 340 460 320 460 0 3 0
A 340 460 10 0 9 0 PINTYPE=BI
A 340 460 10 0 9 3 #=L3
L 315 460 10 0 8 0 1 0 IO_L1N_VREF_3_L3
P 18 340 450 320 450 0 3 0
A 340 450 10 0 9 0 PINTYPE=BI
A 340 450 10 0 9 3 #=P2
L 315 450 10 0 8 0 1 0 IO_L2P_3_P2
P 19 340 440 320 440 0 3 0
A 340 440 10 0 9 0 PINTYPE=BI
A 340 440 10 0 9 3 #=P1
L 315 440 10 0 8 0 1 0 IO_L2N_3_P1
P 20 340 430 320 430 0 3 0
A 340 430 10 0 9 0 PINTYPE=BI
A 340 430 10 0 9 3 #=N2
L 315 430 10 0 8 0 1 0 IO_L37P_M3DQ0_3_N2
P 21 340 420 320 420 0 3 0
A 340 420 10 0 9 0 PINTYPE=BI
A 340 420 10 0 9 3 #=N1
L 315 420 10 0 8 0 1 0 IO_L37N_M3DQ1_3_N1
P 22 340 410 320 410 0 3 0
A 340 410 10 0 9 0 PINTYPE=BI
A 340 410 10 0 9 3 #=M3
L 315 410 10 0 8 0 1 0 IO_L38P_M3DQ2_3_M3
P 23 340 400 320 400 0 3 0
A 340 400 10 0 9 0 PINTYPE=BI
A 340 400 10 0 9 3 #=M1
L 315 400 10 0 8 0 1 0 IO_L38N_M3DQ3_3_M1
P 24 340 390 320 390 0 3 0
A 340 390 10 0 9 0 PINTYPE=BI
A 340 390 10 0 9 3 #=L2
L 315 390 10 0 8 0 1 0 IO_L39P_M3LDQS_3_L2
P 25 340 380 320 380 0 3 0
A 340 380 10 0 9 0 PINTYPE=BI
A 340 380 10 0 9 3 #=L1
L 315 380 10 0 8 0 1 0 IO_L39N_M3LDQSN_3_L1
P 26 340 370 320 370 0 3 0
A 340 370 10 0 9 0 PINTYPE=BI
A 340 370 10 0 9 3 #=K3
L 315 370 10 0 8 0 1 0 IO_L40P_M3DQ6_3_K3
P 27 340 360 320 360 0 3 0
A 340 360 10 0 9 0 PINTYPE=BI
A 340 360 10 0 9 3 #=K1
L 315 360 10 0 8 0 1 0 IO_L40N_M3DQ7_3_K1
P 28 340 350 320 350 0 3 0
A 340 350 10 0 9 0 PINTYPE=BI
A 340 350 10 0 9 3 #=J2
L 315 350 10 0 8 0 1 0 IO_L41P_GCLK27_M3DQ4_3_J2
P 29 340 340 320 340 0 3 0
A 340 340 10 0 9 0 PINTYPE=BI
A 340 340 10 0 9 3 #=J1
L 315 340 10 0 8 0 1 0 IO_L41N_GCLK26_M3DQ5_3_J1
P 30 340 330 320 330 0 3 0
A 340 330 10 0 9 0 PINTYPE=BI
A 340 330 10 0 9 3 #=H3
L 315 330 10 0 8 0 1 0 IO_L42P_GCLK25_TRDY2_M3UDM_3_H3
P 31 340 320 320 320 0 3 0
A 340 320 10 0 9 0 PINTYPE=BI
A 340 320 10 0 9 3 #=H1
L 315 320 10 0 8 0 1 0 IO_L42N_GCLK24_M3LDM_3_H1
P 32 340 310 320 310 0 3 0
A 340 310 10 0 9 0 PINTYPE=BI
A 340 310 10 0 9 3 #=K4
L 315 310 10 0 8 0 1 0 IO_L43P_GCLK23_M3RASN_3_K4
P 33 340 300 320 300 0 3 0
A 340 300 10 0 9 0 PINTYPE=BI
A 340 300 10 0 9 3 #=J3
L 315 300 10 0 8 0 1 0 IO_L43N_GCLK22_M3CASN_3_J3
P 34 340 290 320 290 0 3 0
A 340 290 10 0 9 0 PINTYPE=BI
A 340 290 10 0 9 3 #=G2
L 315 290 10 0 8 0 1 0 IO_L44P_GCLK21_M3A5_3_G2
P 35 340 280 320 280 0 3 0
A 340 280 10 0 9 0 PINTYPE=BI
A 340 280 10 0 9 3 #=G1
L 315 280 10 0 8 0 1 0 IO_L44N_GCLK20_M3A6_3_G1
P 36 340 270 320 270 0 3 0
A 340 270 10 0 9 0 PINTYPE=BI
A 340 270 10 0 9 3 #=K5
L 315 270 10 0 8 0 1 0 IO_L45P_M3A3_3_K5
P 37 340 260 320 260 0 3 0
A 340 260 10 0 9 0 PINTYPE=BI
A 340 260 10 0 9 3 #=J4
L 315 260 10 0 8 0 1 0 IO_L45N_M3ODT_3_J4
P 38 340 250 320 250 0 3 0
A 340 250 10 0 9 0 PINTYPE=BI
A 340 250 10 0 9 3 #=F3
L 315 250 10 0 8 0 1 0 IO_L46P_M3CLK_3_F3
P 39 340 240 320 240 0 3 0
A 340 240 10 0 9 0 PINTYPE=BI
A 340 240 10 0 9 3 #=F1
L 315 240 10 0 8 0 1 0 IO_L46N_M3CLKN_3_F1
P 40 340 230 320 230 0 3 0
A 340 230 10 0 9 0 PINTYPE=BI
A 340 230 10 0 9 3 #=J5
L 315 230 10 0 8 0 1 0 IO_L47P_M3A0_3_J5
P 41 340 220 320 220 0 3 0
A 340 220 10 0 9 0 PINTYPE=BI
A 340 220 10 0 9 3 #=H4
L 315 220 10 0 8 0 1 0 IO_L47N_M3A1_3_H4
P 42 340 210 320 210 0 3 0
A 340 210 10 0 9 0 PINTYPE=BI
A 340 210 10 0 9 3 #=G5
L 315 210 10 0 8 0 1 0 IO_L48P_M3BA0_3_G5
P 43 340 200 320 200 0 3 0
A 340 200 10 0 9 0 PINTYPE=BI
A 340 200 10 0 9 3 #=G3
L 315 200 10 0 8 0 1 0 IO_L48N_M3BA1_3_G3
P 44 340 190 320 190 0 3 0
A 340 190 10 0 9 0 PINTYPE=BI
A 340 190 10 0 9 3 #=H6
L 315 190 10 0 8 0 1 0 IO_L49P_M3A7_3_H6
P 45 340 180 320 180 0 3 0
A 340 180 10 0 9 0 PINTYPE=BI
A 340 180 10 0 9 3 #=H5
L 315 180 10 0 8 0 1 0 IO_L49N_M3A2_3_H5
P 46 340 170 320 170 0 3 0
A 340 170 10 0 9 0 PINTYPE=BI
A 340 170 10 0 9 3 #=F5
L 315 170 10 0 8 0 1 0 IO_L50P_M3WE_3_F5
P 47 340 160 320 160 0 3 0
A 340 160 10 0 9 0 PINTYPE=BI
A 340 160 10 0 9 3 #=F4
L 315 160 10 0 8 0 1 0 IO_L50N_M3BA2_3_F4
P 48 340 150 320 150 0 3 0
A 340 150 10 0 9 0 PINTYPE=BI
A 340 150 10 0 9 3 #=E5
L 315 150 10 0 8 0 1 0 IO_L51P_M3A10_3_E5
P 49 340 140 320 140 0 3 0
A 340 140 10 0 9 0 PINTYPE=BI
A 340 140 10 0 9 3 #=E4
L 315 140 10 0 8 0 1 0 IO_L51N_M3A4_3_E4
P 50 340 130 320 130 0 3 0
A 340 130 10 0 9 0 PINTYPE=BI
A 340 130 10 0 9 3 #=E2
L 315 130 10 0 8 0 1 0 IO_L52P_M3A8_3_E2
P 51 340 120 320 120 0 3 0
A 340 120 10 0 9 0 PINTYPE=BI
A 340 120 10 0 9 3 #=E1
L 315 120 10 0 8 0 1 0 IO_L52N_M3A9_3_E1
P 52 340 110 320 110 0 3 0
A 340 110 10 0 9 0 PINTYPE=BI
A 340 110 10 0 9 3 #=D4
L 315 110 10 0 8 0 1 0 IO_L53P_M3CKE_3_D4
P 74 340 100 320 100 0 3 0
A 340 100 10 0 9 0 PINTYPE=BI
A 340 100 10 0 9 3 #=E3
L 315 100 10 0 8 0 1 0 IO_L53N_M3A12_3_E3
P 75 340 90 320 90 0 3 0
A 340 90 10 0 9 0 PINTYPE=BI
A 340 90 10 0 9 3 #=D3
L 315 90 10 0 8 0 1 0 IO_L54P_M3RESET_3_D3
P 76 340 80 320 80 0 3 0
A 340 80 10 0 9 0 PINTYPE=BI
A 340 80 10 0 9 3 #=D1
L 315 80 10 0 8 0 1 0 IO_L54N_M3A11_3_D1
P 77 340 70 320 70 0 3 0
A 340 70 10 0 9 0 PINTYPE=BI
A 340 70 10 0 9 3 #=C2
L 315 70 10 0 8 0 1 0 IO_L83P_3_C2
P 78 340 60 320 60 0 3 0
A 340 60 10 0 9 0 PINTYPE=BI
A 340 60 10 0 9 3 #=C1
L 315 60 10 0 8 0 1 0 IO_L83N_VREF_3_C1
P 71 0 90 20 90 0 2 0
A 0 90 10 0 3 0 PINTYPE=IN
A 0 90 10 0 3 3 #=D2
L 35 85 10 0 3 0 1 0 VCCO_3_D2
P 70 0 80 20 80 0 2 0
A 0 80 10 0 3 0 PINTYPE=IN
A 0 80 10 0 3 3 #=G4
L 35 75 10 0 3 0 1 0 VCCO_3_G4
P 69 0 70 20 70 0 2 0
A 0 70 10 0 3 0 PINTYPE=IN
A 0 70 10 0 3 3 #=H2
L 35 65 10 0 3 0 1 0 VCCO_3_H2
P 73 0 60 20 60 0 2 0
A 0 60 10 0 3 0 PINTYPE=IN
A 0 60 10 0 3 3 #=M2
L 35 55 10 0 3 0 1 0 VCCO_3_M2
c 40 600 10
T 59 546 20 0 3 XC6SLX16
T 59 529 20 0 3 CS225
T 59 563 20 0 3 BANK 3
b 20 21 320 621
E
