V 50
K 153165148200 6slx16csg324
Y 1
D 0 0 400 880
Z 10
i 946
b 50 50 350 830
P 1 400 100 350 100 0 3 0
A 355 100 10 0 3 0 #=R15
L 345 100 10 0 8 0 1 0 IO_L1P_CCLK_2_R15
A 405 100 10 0 2 0 PINTYPE=BI
P 2 400 110 350 110 0 3 0
A 355 110 10 0 3 0 #=T15
L 345 110 10 0 8 0 1 0 IO_L1N_M0_CMPMISO_2_T15
A 405 110 10 0 2 0 PINTYPE=BI
P 3 400 120 350 120 0 3 0
A 355 120 10 0 3 0 #=U16
L 345 120 10 0 8 0 1 0 IO_L2P_CMPCLK_2_U16
A 405 120 10 0 2 0 PINTYPE=BI
P 4 400 130 350 130 0 3 0
A 355 130 10 0 3 0 #=V16
L 345 130 10 0 8 0 1 0 IO_L2N_CMPMOSI_2_V16
A 405 130 10 0 2 0 PINTYPE=BI
P 5 400 140 350 140 0 3 0
A 355 140 10 0 3 0 #=R13
L 345 140 10 0 8 0 1 0 IO_L3P_D0_DIN_MISO_MISO1_2_R13
A 405 140 10 0 2 0 PINTYPE=BI
P 6 400 150 350 150 0 3 0
A 355 150 10 0 3 0 #=T13
L 345 150 10 0 8 0 1 0 IO_L3N_MOSI_CSI_B_MISO0_2_T13
A 405 150 10 0 2 0 PINTYPE=BI
P 7 400 160 350 160 0 3 0
A 355 160 10 0 3 0 #=U15
L 345 160 10 0 8 0 1 0 IO_L5P_2_U15
A 405 160 10 0 2 0 PINTYPE=BI
P 8 400 170 350 170 0 3 0
A 355 170 10 0 3 0 #=V15
L 345 170 10 0 8 0 1 0 IO_L5N_2_V15
A 405 170 10 0 2 0 PINTYPE=BI
P 9 400 180 350 180 0 3 0
A 355 180 10 0 3 0 #=T14
L 345 180 10 0 8 0 1 0 IO_L12P_D1_MISO2_2_T14
A 405 180 10 0 2 0 PINTYPE=BI
P 10 400 190 350 190 0 3 0
A 355 190 10 0 3 0 #=V14
L 345 190 10 0 8 0 1 0 IO_L12N_D2_MISO3_2_V14
A 405 190 10 0 2 0 PINTYPE=BI
P 11 400 200 350 200 0 3 0
A 355 200 10 0 3 0 #=N12
L 345 200 10 0 8 0 1 0 IO_L13P_M1_2_N12
A 405 200 10 0 2 0 PINTYPE=BI
P 12 400 210 350 210 0 3 0
A 355 210 10 0 3 0 #=P12
L 345 210 10 0 8 0 1 0 IO_L13N_D10_2_P12
A 405 210 10 0 2 0 PINTYPE=BI
P 13 400 220 350 220 0 3 0
A 355 220 10 0 3 0 #=U13
L 345 220 10 0 8 0 1 0 IO_L14P_D11_2_U13
A 405 220 10 0 2 0 PINTYPE=BI
P 14 400 230 350 230 0 3 0
A 355 230 10 0 3 0 #=V13
L 345 230 10 0 8 0 1 0 IO_L14N_D12_2_V13
A 405 230 10 0 2 0 PINTYPE=BI
P 15 400 240 350 240 0 3 0
A 355 240 10 0 3 0 #=M11
L 345 240 10 0 8 0 1 0 IO_L15P_2_M11
A 405 240 10 0 2 0 PINTYPE=BI
P 16 400 250 350 250 0 3 0
A 355 250 10 0 3 0 #=N11
L 345 250 10 0 8 0 1 0 IO_L15N_2_N11
A 405 250 10 0 2 0 PINTYPE=BI
P 17 400 260 350 260 0 3 0
A 355 260 10 0 3 0 #=R11
L 345 260 10 0 8 0 1 0 IO_L16P_2_R11
A 405 260 10 0 2 0 PINTYPE=BI
P 18 400 270 350 270 0 3 0
A 355 270 10 0 3 0 #=T11
L 345 270 10 0 8 0 1 0 IO_L16N_VREF_2_T11
A 405 270 10 0 2 0 PINTYPE=BI
P 19 400 280 350 280 0 3 0
A 355 280 10 0 3 0 #=T12
L 345 280 10 0 8 0 1 0 IO_L19P_2_T12
A 405 280 10 0 2 0 PINTYPE=BI
P 20 400 290 350 290 0 3 0
A 355 290 10 0 3 0 #=V12
L 345 290 10 0 8 0 1 0 IO_L19N_2_V12
A 405 290 10 0 2 0 PINTYPE=BI
P 21 400 300 350 300 0 3 0
A 355 300 10 0 3 0 #=N10
L 345 300 10 0 8 0 1 0 IO_L20P_2_N10
A 405 300 10 0 2 0 PINTYPE=BI
P 22 400 310 350 310 0 3 0
A 355 310 10 0 3 0 #=P11
L 345 310 10 0 8 0 1 0 IO_L20N_2_P11
A 405 310 10 0 2 0 PINTYPE=BI
P 23 400 320 350 320 0 3 0
A 355 320 10 0 3 0 #=M10
L 345 320 10 0 8 0 1 0 IO_L22P_2_M10
A 405 320 10 0 2 0 PINTYPE=BI
P 24 400 330 350 330 0 3 0
A 355 330 10 0 3 0 #=N9
L 345 330 10 0 8 0 1 0 IO_L22N_2_N9
A 405 330 10 0 2 0 PINTYPE=BI
P 25 400 340 350 340 0 3 0
A 355 340 10 0 3 0 #=U11
L 345 340 10 0 8 0 1 0 IO_L23P_2_U11
A 405 340 10 0 2 0 PINTYPE=BI
P 26 400 350 350 350 0 3 0
A 355 350 10 0 3 0 #=V11
L 345 350 10 0 8 0 1 0 IO_L23N_2_V11
A 405 350 10 0 2 0 PINTYPE=BI
P 27 400 360 350 360 0 3 0
A 355 360 10 0 3 0 #=R10
L 345 360 10 0 8 0 1 0 IO_L29P_GCLK3_2_R10
A 405 360 10 0 2 0 PINTYPE=BI
P 28 400 370 350 370 0 3 0
A 355 370 10 0 3 0 #=T10
L 345 370 10 0 8 0 1 0 IO_L29N_GCLK2_2_T10
A 405 370 10 0 2 0 PINTYPE=BI
P 29 400 380 350 380 0 3 0
A 355 380 10 0 3 0 #=U10
L 345 380 10 0 8 0 1 0 IO_L30P_GCLK1_D13_2_U10
A 405 380 10 0 2 0 PINTYPE=BI
P 30 400 390 350 390 0 3 0
A 355 390 10 0 3 0 #=V10
L 345 390 10 0 8 0 1 0 IO_L30N_GCLK0_USERCCLK_2_V10
A 405 390 10 0 2 0 PINTYPE=BI
P 31 400 400 350 400 0 3 0
A 355 400 10 0 3 0 #=R8
L 345 400 10 0 8 0 1 0 IO_L31P_GCLK31_D14_2_R8
A 405 400 10 0 2 0 PINTYPE=BI
P 32 400 410 350 410 0 3 0
A 355 410 10 0 3 0 #=T8
L 345 410 10 0 8 0 1 0 IO_L31N_GCLK30_D15_2_T8
A 405 410 10 0 2 0 PINTYPE=BI
P 33 400 420 350 420 0 3 0
A 355 420 10 0 3 0 #=T9
L 345 420 10 0 8 0 1 0 IO_L32P_GCLK29_2_T9
A 405 420 10 0 2 0 PINTYPE=BI
P 34 400 430 350 430 0 3 0
A 355 430 10 0 3 0 #=V9
L 345 430 10 0 8 0 1 0 IO_L32N_GCLK28_2_V9
A 405 430 10 0 2 0 PINTYPE=BI
P 35 400 440 350 440 0 3 0
A 355 440 10 0 3 0 #=M8
L 345 440 10 0 8 0 1 0 IO_L40P_2_M8
A 405 440 10 0 2 0 PINTYPE=BI
P 36 400 450 350 450 0 3 0
A 355 450 10 0 3 0 #=N8
L 345 450 10 0 8 0 1 0 IO_L40N_2_N8
A 405 450 10 0 2 0 PINTYPE=BI
P 37 400 460 350 460 0 3 0
A 355 460 10 0 3 0 #=U8
L 345 460 10 0 8 0 1 0 IO_L41P_2_U8
A 405 460 10 0 2 0 PINTYPE=BI
P 38 400 470 350 470 0 3 0
A 355 470 10 0 3 0 #=V8
L 345 470 10 0 8 0 1 0 IO_L41N_VREF_2_V8
A 405 470 10 0 2 0 PINTYPE=BI
P 39 400 480 350 480 0 3 0
A 355 480 10 0 3 0 #=U7
L 345 480 10 0 8 0 1 0 IO_L43P_2_U7
A 405 480 10 0 2 0 PINTYPE=BI
P 40 400 490 350 490 0 3 0
A 355 490 10 0 3 0 #=V7
L 345 490 10 0 8 0 1 0 IO_L43N_2_V7
A 405 490 10 0 2 0 PINTYPE=BI
P 41 400 500 350 500 0 3 0
A 355 500 10 0 3 0 #=N7
L 345 500 10 0 8 0 1 0 IO_L44P_2_N7
A 405 500 10 0 2 0 PINTYPE=BI
P 42 400 510 350 510 0 3 0
A 355 510 10 0 3 0 #=P8
L 345 510 10 0 8 0 1 0 IO_L44N_2_P8
A 405 510 10 0 2 0 PINTYPE=BI
P 43 400 520 350 520 0 3 0
A 355 520 10 0 3 0 #=T6
L 345 520 10 0 8 0 1 0 IO_L45P_2_T6
A 405 520 10 0 2 0 PINTYPE=BI
P 44 400 530 350 530 0 3 0
A 355 530 10 0 3 0 #=V6
L 345 530 10 0 8 0 1 0 IO_L45N_2_V6
A 405 530 10 0 2 0 PINTYPE=BI
P 45 400 540 350 540 0 3 0
A 355 540 10 0 3 0 #=R7
L 345 540 10 0 8 0 1 0 IO_L46P_2_R7
A 405 540 10 0 2 0 PINTYPE=BI
P 46 400 550 350 550 0 3 0
A 355 550 10 0 3 0 #=T7
L 345 550 10 0 8 0 1 0 IO_L46N_2_T7
A 405 550 10 0 2 0 PINTYPE=BI
P 47 400 560 350 560 0 3 0
A 355 560 10 0 3 0 #=N6
L 345 560 10 0 8 0 1 0 IO_L47P_2_N6
A 405 560 10 0 2 0 PINTYPE=BI
P 48 400 570 350 570 0 3 0
A 355 570 10 0 3 0 #=P7
L 345 570 10 0 8 0 1 0 IO_L47N_2_P7
A 405 570 10 0 2 0 PINTYPE=BI
P 49 400 580 350 580 0 3 0
A 355 580 10 0 3 0 #=R5
L 345 580 10 0 8 0 1 0 IO_L48P_D7_2_R5
A 405 580 10 0 2 0 PINTYPE=BI
P 50 400 590 350 590 0 3 0
A 355 590 10 0 3 0 #=T5
L 345 590 10 0 8 0 1 0 IO_L48N_RDWR_B_VREF_2_T5
A 405 590 10 0 2 0 PINTYPE=BI
P 51 400 600 350 600 0 3 0
A 355 600 10 0 3 0 #=U5
L 345 600 10 0 8 0 1 0 IO_L49P_D3_2_U5
A 405 600 10 0 2 0 PINTYPE=BI
P 52 400 610 350 610 0 3 0
A 355 610 10 0 3 0 #=V5
L 345 610 10 0 8 0 1 0 IO_L49N_D4_2_V5
A 405 610 10 0 2 0 PINTYPE=BI
P 53 400 620 350 620 0 3 0
A 355 620 10 0 3 0 #=R3
L 345 620 10 0 8 0 1 0 IO_L62P_D5_2_R3
A 405 620 10 0 2 0 PINTYPE=BI
P 54 400 630 350 630 0 3 0
A 355 630 10 0 3 0 #=T3
L 345 630 10 0 8 0 1 0 IO_L62N_D6_2_T3
A 405 630 10 0 2 0 PINTYPE=BI
P 55 400 640 350 640 0 3 0
A 355 640 10 0 3 0 #=T4
L 345 640 10 0 8 0 1 0 IO_L63P_2_T4
A 405 640 10 0 2 0 PINTYPE=BI
P 56 400 650 350 650 0 3 0
A 355 650 10 0 3 0 #=V4
L 345 650 10 0 8 0 1 0 IO_L63N_2_V4
A 405 650 10 0 2 0 PINTYPE=BI
P 57 400 660 350 660 0 3 0
A 355 660 10 0 3 0 #=N5
L 345 660 10 0 8 0 1 0 IO_L64P_D8_2_N5
A 405 660 10 0 2 0 PINTYPE=BI
P 58 400 670 350 670 0 3 0
A 355 670 10 0 3 0 #=P6
L 345 670 10 0 8 0 1 0 IO_L64N_D9_2_P6
A 405 670 10 0 2 0 PINTYPE=BI
P 59 400 680 350 680 0 3 0
A 355 680 10 0 3 0 #=U3
L 345 680 10 0 8 0 1 0 IO_L65P_INIT_B_2_U3
A 405 680 10 0 2 0 PINTYPE=BI
P 60 400 690 350 690 0 3 0
A 355 690 10 0 3 0 #=V3
L 345 690 10 0 8 0 1 0 IO_L65N_CSO_B_2_V3
A 405 690 10 0 2 0 PINTYPE=BI
P 61 0 100 50 100 0 2 0
A 45 100 10 0 9 0 #=P9
L 55 100 10 0 2 0 1 0 VCCO_2_P9
A 10 100 10 0 2 0 PINTYPE=BI
P 62 0 110 50 110 0 2 0
A 45 110 10 0 9 0 #=R12
L 55 110 10 0 2 0 1 0 VCCO_2_R12
A 10 110 10 0 2 0 PINTYPE=BI
P 63 0 120 50 120 0 2 0
A 45 120 10 0 9 0 #=R6
L 55 120 10 0 2 0 1 0 VCCO_2_R6
A 10 120 10 0 2 0 PINTYPE=BI
P 64 0 130 50 130 0 2 0
A 45 130 10 0 9 0 #=U14
L 55 130 10 0 2 0 1 0 VCCO_2_U14
A 10 130 10 0 2 0 PINTYPE=BI
P 65 0 140 50 140 0 2 0
A 45 140 10 0 9 0 #=U4
L 55 140 10 0 2 0 1 0 VCCO_2_U4
A 10 140 10 0 2 0 PINTYPE=BI
P 66 0 150 50 150 0 2 0
A 45 150 10 0 9 0 #=U9
L 55 150 10 0 2 0 1 0 VCCO_2_U9
A 10 150 10 0 2 0 PINTYPE=BI
T 220 710 20 0 5 6slx16csg324
T 220 730 20 0 5 BANK 2
c 70 810 10
U 50 840 10 0 3 3 DEVICE=XXXXXX
U 50 30 16 0 3 3 REFDES=U?
U 250 30 10 0 3 3 PKG_TYPE=XXXXXX
U 0 0 10 0 3 0 HETERO=6slx16csg324_0,6slx16csg324_DED,6slx16csg324_1,6slx16csg324_2,6slx16csg324_3,6slx16csg324_GND,6slx16csg324_VCCAUX,6slx16csg324_VCCINT
U 0 -10 10 0 3 0 PARTS=1
U 0 -20 10 0 3 0 LEVEL=STD
U 0 -30 10 0 3 0 DATE=2009_02_24
E
