V 50
K 153165148200 6slx16cp196
Y 1
D 0 0 400 370
Z 10
i 946
b 50 50 350 320
P 1 400 100 350 100 0 3 0
A 355 100 10 0 3 0 #=E10
L 345 100 10 0 8 0 1 0 VCCINT_E10
A 405 100 10 0 2 0 PINTYPE=BI
P 2 400 110 350 110 0 3 0
A 355 110 10 0 3 0 #=E5
L 345 110 10 0 8 0 1 0 VCCINT_E5
A 405 110 10 0 2 0 PINTYPE=BI
P 3 400 120 350 120 0 3 0
A 355 120 10 0 3 0 #=E6
L 345 120 10 0 8 0 1 0 VCCINT_E6
A 405 120 10 0 2 0 PINTYPE=BI
P 4 400 130 350 130 0 3 0
A 355 130 10 0 3 0 #=E9
L 345 130 10 0 8 0 1 0 VCCINT_E9
A 405 130 10 0 2 0 PINTYPE=BI
P 5 400 140 350 140 0 3 0
A 355 140 10 0 3 0 #=F10
L 345 140 10 0 8 0 1 0 VCCINT_F10
A 405 140 10 0 2 0 PINTYPE=BI
P 6 400 150 350 150 0 3 0
A 355 150 10 0 3 0 #=F5
L 345 150 10 0 8 0 1 0 VCCINT_F5
A 405 150 10 0 2 0 PINTYPE=BI
P 7 400 160 350 160 0 3 0
A 355 160 10 0 3 0 #=F6
L 345 160 10 0 8 0 1 0 VCCINT_F6
A 405 160 10 0 2 0 PINTYPE=BI
P 8 400 170 350 170 0 3 0
A 355 170 10 0 3 0 #=F9
L 345 170 10 0 8 0 1 0 VCCINT_F9
A 405 170 10 0 2 0 PINTYPE=BI
P 9 400 180 350 180 0 3 0
A 355 180 10 0 3 0 #=J5
L 345 180 10 0 8 0 1 0 VCCINT_J5
A 405 180 10 0 2 0 PINTYPE=BI
P 10 400 190 350 190 0 3 0
A 355 190 10 0 3 0 #=J6
L 345 190 10 0 8 0 1 0 VCCINT_J6
A 405 190 10 0 2 0 PINTYPE=BI
P 11 400 200 350 200 0 3 0
A 355 200 10 0 3 0 #=J9
L 345 200 10 0 8 0 1 0 VCCINT_J9
A 405 200 10 0 2 0 PINTYPE=BI
P 12 400 210 350 210 0 3 0
A 355 210 10 0 3 0 #=K10
L 345 210 10 0 8 0 1 0 VCCINT_K10
A 405 210 10 0 2 0 PINTYPE=BI
P 13 400 220 350 220 0 3 0
A 355 220 10 0 3 0 #=K5
L 345 220 10 0 8 0 1 0 VCCINT_K5
A 405 220 10 0 2 0 PINTYPE=BI
P 14 400 230 350 230 0 3 0
A 355 230 10 0 3 0 #=K6
L 345 230 10 0 8 0 1 0 VCCINT_K6
A 405 230 10 0 2 0 PINTYPE=BI
P 15 400 240 350 240 0 3 0
A 355 240 10 0 3 0 #=K9
L 345 240 10 0 8 0 1 0 VCCINT_K9
A 405 240 10 0 2 0 PINTYPE=BI
T 220 260 20 0 5 6slx16cp196
T 220 280 20 0 5 BANK VCCINT
c 70 300 10
U 50 30 16 0 3 3 REFDES=U?
U 100 40 10 0 3 3 DEVICE=XXXXXXXX
U 0 450 10 0 3 0 HETERO=6slx16cp196_0,6slx16cp196_DED,6slx16cp196_1,6slx16cp196_2,6slx16cp196_3,6slx16cp196_GND,6slx16cp196_VCCINT,6slx16cp196_VCCAUX
U 100 30 10 0 3 3 PKG_TYPE=XXXXXXXX
U 0 430 10 0 3 0 PARTS=1
U 0 420 10 0 3 0 LEVEL=STD
U 100 20 10 0 3 3 VALUE=XXXXXXXX
U 0 280 10 0 3 0 DATE=2009_08_27
E
