V 52
K 47014033090 cs225_1
F UTL
|R 22:50_8-19-13
Y 1
D 0 0 340 640
Z 10
i 80
U 0 -20 10 0 3 0 PARTS=1
U 0 -100 10 0 3 0 VALUE=XC6VLX16_CS225
U 0 -80 10 0 3 0 PARTS=1
U 0 -70 10 0 3 0 LEVEL=STD
U 0 -60 10 0 3 0 MFG_P/N=XC2C256-7CP132
U 0 -50 10 0 3 0 MFG=XILINX
U 0 -40 10 0 3 0 DIST_P/N=XC2C256-7CP132
U 0 -30 10 0 3 0 DIST=XILINX
U 0 -10 10 0 3 0 HETERO=6SLX16_CS225_0,6SLX16_CS225_1,6SLX16_CS225_2,6SLX16_CS22
+ 5_3,6SLX16_CS225_GND,6SLX16_CS225_VCCINT,6SLX16_CS225_VCCAUX,6SLX16_CS225_DED
U 30 -10 18 0 3 3 REFDES=U?
U 30 630 10 0 3 3 DEVICE=6SLX16_CS225
U 290 0 10 0 3 3 PKG_TYPE=CS225
P 69 0 60 20 60 0 2 0
A 0 60 10 0 3 0 PINTYPE=IN
A 0 60 10 0 3 3 #=M14
L 35 55 10 0 3 0 1 0 VCCO_1_M14
P 70 0 70 20 70 0 2 0
A 0 70 10 0 3 0 PINTYPE=IN
A 0 70 10 0 3 3 #=J12
L 35 65 10 0 3 0 1 0 VCCO_1_J12
P 71 0 80 20 80 0 2 0
A 0 80 10 0 3 0 PINTYPE=IN
A 0 80 10 0 3 3 #=H14
L 35 75 10 0 3 0 1 0 VCCO_1_H14
P 72 0 90 20 90 0 2 0
A 0 90 10 0 3 0 PINTYPE=IN
A 0 90 10 0 3 3 #=D14
L 35 85 10 0 3 0 1 0 VCCO_1_D14
P 1 340 450 320 450 0 3 0
A 340 450 10 0 9 0 PINTYPE=BI
A 340 450 10 0 9 3 #=B14
L 315 450 10 0 8 0 1 0 IO_L1P_A25_1_B14
P 17 340 440 320 440 0 3 0
A 340 440 10 0 9 0 PINTYPE=BI
A 340 440 10 0 9 3 #=B15
L 315 440 10 0 8 0 1 0 IO_L1N_A24_VREF_1_B15
P 73 340 430 320 430 0 3 0
A 340 430 10 0 9 0 PINTYPE=BI
A 340 430 10 0 9 3 #=G11
L 315 430 10 0 8 0 1 0 IO_L30P_A21_M1RESET_1_G11
P 74 340 420 320 420 0 3 0
A 340 420 10 0 9 0 PINTYPE=BI
A 340 420 10 0 9 3 #=G12
L 315 420 10 0 8 0 1 0 IO_L30N_A20_M1A11_1_G12
P 75 340 410 320 410 0 3 0
A 340 410 10 0 9 0 PINTYPE=BI
A 340 410 10 0 9 3 #=F11
L 315 410 10 0 8 0 1 0 IO_L31P_A19_M1CKE_1_F11
P 76 340 400 320 400 0 3 0
A 340 400 10 0 9 0 PINTYPE=BI
A 340 400 10 0 9 3 #=F12
L 315 400 10 0 8 0 1 0 IO_L31N_A18_M1A12_1_F12
P 77 340 390 320 390 0 3 0
A 340 390 10 0 9 0 PINTYPE=BI
A 340 390 10 0 9 3 #=H10
L 315 390 10 0 8 0 1 0 IO_L32P_A17_M1A8_1_H10
P 78 340 380 320 380 0 3 0
A 340 380 10 0 9 0 PINTYPE=BI
A 340 380 10 0 9 3 #=H11
L 315 380 10 0 8 0 1 0 IO_L32N_A16_M1A9_1_H11
P 18 340 370 320 370 0 3 0
A 340 370 10 0 9 0 PINTYPE=BI
A 340 370 10 0 9 3 #=C14
L 315 370 10 0 8 0 1 0 IO_L33P_A15_M1A10_1_C14
P 19 340 360 320 360 0 3 0
A 340 360 10 0 9 0 PINTYPE=BI
A 340 360 10 0 9 3 #=C15
L 315 360 10 0 8 0 1 0 IO_L33N_A14_M1A4_1_C15
P 79 340 350 320 350 0 3 0
A 340 350 10 0 9 0 PINTYPE=BI
A 340 350 10 0 9 3 #=H12
L 315 350 10 0 8 0 1 0 IO_L34P_A13_M1WE_1_H12
P 80 340 340 320 340 0 3 0
A 340 340 10 0 9 0 PINTYPE=BI
A 340 340 10 0 9 3 #=G13
L 315 340 10 0 8 0 1 0 IO_L34N_A12_M1BA2_1_G13
P 20 340 330 320 330 0 3 0
A 340 330 10 0 9 0 PINTYPE=BI
A 340 330 10 0 9 3 #=D13
L 315 330 10 0 8 0 1 0 IO_L35P_A11_M1A7_1_D13
P 21 340 320 320 320 0 3 0
A 340 320 10 0 9 0 PINTYPE=BI
A 340 320 10 0 9 3 #=D15
L 315 320 10 0 8 0 1 0 IO_L35N_A10_M1A2_1_D15
P 22 340 310 320 310 0 3 0
A 340 310 10 0 9 0 PINTYPE=BI
A 340 310 10 0 9 3 #=J11
L 315 310 10 0 8 0 1 0 IO_L36P_A9_M1BA0_1_J11
P 23 340 300 320 300 0 3 0
A 340 300 10 0 9 0 PINTYPE=BI
A 340 300 10 0 9 3 #=J13
L 315 300 10 0 8 0 1 0 IO_L36N_A8_M1BA1_1_J13
P 24 340 290 320 290 0 3 0
A 340 290 10 0 9 0 PINTYPE=BI
A 340 290 10 0 9 3 #=E14
L 315 290 10 0 8 0 1 0 IO_L37P_A7_M1A0_1_E14
P 25 340 280 320 280 0 3 0
A 340 280 10 0 9 0 PINTYPE=BI
A 340 280 10 0 9 3 #=E15
L 315 280 10 0 8 0 1 0 IO_L37N_A6_M1A1_1_E15
P 26 340 270 320 270 0 3 0
A 340 270 10 0 9 0 PINTYPE=BI
A 340 270 10 0 9 3 #=K10
L 315 270 10 0 8 0 1 0 IO_L38P_A5_M1CLK_1_K10
P 27 340 260 320 260 0 3 0
A 340 260 10 0 9 0 PINTYPE=BI
A 340 260 10 0 9 3 #=K11
L 315 260 10 0 8 0 1 0 IO_L38N_A4_M1CLKN_1_K11
P 28 340 250 320 250 0 3 0
A 340 250 10 0 9 0 PINTYPE=BI
A 340 250 10 0 9 3 #=F13
L 315 250 10 0 8 0 1 0 IO_L39P_M1A3_1_F13
P 29 340 240 320 240 0 3 0
A 340 240 10 0 9 0 PINTYPE=BI
A 340 240 10 0 9 3 #=F15
L 315 240 10 0 8 0 1 0 IO_L39N_M1ODT_1_F15
P 30 340 230 320 230 0 3 0
A 340 230 10 0 9 0 PINTYPE=BI
A 340 230 10 0 9 3 #=K12
L 315 230 10 0 8 0 1 0 IO_L40P_GCLK11_M1A5_1_K12
P 31 340 220 320 220 0 3 0
A 340 220 10 0 9 0 PINTYPE=BI
A 340 220 10 0 9 3 #=L12
L 315 220 10 0 8 0 1 0 IO_L40N_GCLK10_M1A6_1_L12
P 32 340 210 320 210 0 3 0
A 340 210 10 0 9 0 PINTYPE=BI
A 340 210 10 0 9 3 #=G14
L 315 210 10 0 8 0 1 0 IO_L41P_GCLK9_M1RASN_1_G14
P 33 340 200 320 200 0 3 0
A 340 200 10 0 9 0 PINTYPE=BI
A 340 200 10 0 9 3 #=G15
L 315 200 10 0 8 0 1 0 IO_L41N_GCLK8_M1CASN_1_G15
P 34 340 190 320 190 0 3 0
A 340 190 10 0 9 0 PINTYPE=BI
A 340 190 10 0 9 3 #=H13
L 315 190 10 0 8 0 1 0 IO_L42P_GCLK7_M1UDM_1_H13
P 35 340 180 320 180 0 3 0
A 340 180 10 0 9 0 PINTYPE=BI
A 340 180 10 0 9 3 #=H15
L 315 180 10 0 8 0 1 0 IO_L42N_GCLK6_TRDY1_M1LDM_1_H15
P 36 340 170 320 170 0 3 0
A 340 170 10 0 9 0 PINTYPE=BI
A 340 170 10 0 9 3 #=J14
L 315 170 10 0 8 0 1 0 IO_L43P_GCLK5_M1DQ4_1_J14
P 37 340 160 320 160 0 3 0
A 340 160 10 0 9 0 PINTYPE=BI
A 340 160 10 0 9 3 #=J15
L 315 160 10 0 8 0 1 0 IO_L43N_GCLK4_M1DQ5_1_J15
P 38 340 150 320 150 0 3 0
A 340 150 10 0 9 0 PINTYPE=BI
A 340 150 10 0 9 3 #=K13
L 315 150 10 0 8 0 1 0 IO_L44P_A3_M1DQ6_1_K13
P 39 340 140 320 140 0 3 0
A 340 140 10 0 9 0 PINTYPE=BI
A 340 140 10 0 9 3 #=K15
L 315 140 10 0 8 0 1 0 IO_L44N_A2_M1DQ7_1_K15
P 40 340 130 320 130 0 3 0
A 340 130 10 0 9 0 PINTYPE=BI
A 340 130 10 0 9 3 #=L14
L 315 130 10 0 8 0 1 0 IO_L45P_A1_M1LDQS_1_L14
P 41 340 120 320 120 0 3 0
A 340 120 10 0 9 0 PINTYPE=BI
A 340 120 10 0 9 3 #=L15
L 315 120 10 0 8 0 1 0 IO_L45N_A0_M1LDQSN_1_L15
P 42 340 110 320 110 0 3 0
A 340 110 10 0 9 0 PINTYPE=BI
A 340 110 10 0 9 3 #=M13
L 315 110 10 0 8 0 1 0 IO_L46P_FCS_B_M1_DQ21_M13
P 43 340 100 320 100 0 3 0
A 340 100 10 0 9 0 PINTYPE=BI
A 340 100 10 0 9 3 #=M15
L 315 100 10 0 8 0 1 0 IO_L46N_FOE_B_M1DQ3_1_M15
P 44 340 90 320 90 0 3 0
A 340 90 10 0 9 0 PINTYPE=BI
A 340 90 10 0 9 3 #=N14
L 315 90 10 0 8 0 1 0 IO_L47P_FWE_B_M1DQ0_1_N14
P 45 340 80 320 80 0 3 0
A 340 80 10 0 9 0 PINTYPE=BI
A 340 80 10 0 9 3 #=N15
L 315 80 10 0 8 0 1 0 IO_L47N_LDC_M1DQ1_1_N15
P 46 340 70 320 70 0 3 0
A 340 70 10 0 9 0 PINTYPE=BI
A 340 70 10 0 9 3 #=P14
L 315 70 10 0 8 0 1 0 IO_L74P_AWAKE_1_P14
P 47 340 60 320 60 0 3 0
A 340 60 10 0 9 0 PINTYPE=BI
A 340 60 10 0 9 3 #=P15
L 315 60 10 0 8 0 1 0 IO_L74N_DOUT_BUSY_1_P15
c 40 600 10
T 59 563 20 0 3 BANK 1
T 59 546 20 0 3 XC6SLX16
T 59 529 20 0 3 CS225
b 20 20 320 620
E
