V 50
K 153165148200 6slx16csg324
Y 1
D 0 0 400 330
Z 10
i 946
b 50 50 350 280
P 1 400 100 350 100 0 3 0
A 355 100 10 0 3 0 #=G7
L 345 100 10 0 8 0 1 0 VCCINT_G7
A 405 100 10 0 2 0 PINTYPE=BI
P 2 400 110 350 110 0 3 0
A 355 110 10 0 3 0 #=H11
L 345 110 10 0 8 0 1 0 VCCINT_H11
A 405 110 10 0 2 0 PINTYPE=BI
P 3 400 120 350 120 0 3 0
A 355 120 10 0 3 0 #=H9
L 345 120 10 0 8 0 1 0 VCCINT_H9
A 405 120 10 0 2 0 PINTYPE=BI
P 4 400 130 350 130 0 3 0
A 355 130 10 0 3 0 #=J10
L 345 130 10 0 8 0 1 0 VCCINT_J10
A 405 130 10 0 2 0 PINTYPE=BI
P 5 400 140 350 140 0 3 0
A 355 140 10 0 3 0 #=J8
L 345 140 10 0 8 0 1 0 VCCINT_J8
A 405 140 10 0 2 0 PINTYPE=BI
P 6 400 150 350 150 0 3 0
A 355 150 10 0 3 0 #=K11
L 345 150 10 0 8 0 1 0 VCCINT_K11
A 405 150 10 0 2 0 PINTYPE=BI
P 7 400 160 350 160 0 3 0
A 355 160 10 0 3 0 #=K9
L 345 160 10 0 8 0 1 0 VCCINT_K9
A 405 160 10 0 2 0 PINTYPE=BI
P 8 400 170 350 170 0 3 0
A 355 170 10 0 3 0 #=L10
L 345 170 10 0 8 0 1 0 VCCINT_L10
A 405 170 10 0 2 0 PINTYPE=BI
P 9 400 180 350 180 0 3 0
A 355 180 10 0 3 0 #=L8
L 345 180 10 0 8 0 1 0 VCCINT_L8
A 405 180 10 0 2 0 PINTYPE=BI
P 10 400 190 350 190 0 3 0
A 355 190 10 0 3 0 #=M12
L 345 190 10 0 8 0 1 0 VCCINT_M12
A 405 190 10 0 2 0 PINTYPE=BI
P 11 400 200 350 200 0 3 0
A 355 200 10 0 3 0 #=M7
L 345 200 10 0 8 0 1 0 VCCINT_M7
A 405 200 10 0 2 0 PINTYPE=BI
T 220 220 20 0 5 6slx16csg324
T 220 240 20 0 5 BANK VCCINT
c 70 260 10
U 50 290 10 0 3 3 DEVICE=XXXXXX
U 50 30 16 0 3 3 REFDES=U?
U 250 30 10 0 3 3 PKG_TYPE=XXXXXX
U 0 0 10 0 3 0 HETERO=6slx16csg324_0,6slx16csg324_DED,6slx16csg324_1,6slx16csg324_2,6slx16csg324_3,6slx16csg324_GND,6slx16csg324_VCCAUX,6slx16csg324_VCCINT
U 0 -10 10 0 3 0 PARTS=1
U 0 -20 10 0 3 0 LEVEL=STD
U 0 -30 10 0 3 0 DATE=2009_02_24
E
