V 50
K 153165148200 6slx16cp196
Y 1
D 0 0 550 480
Z 10
i 946
b 50 50 500 430
P 1 550 100 500 100 0 3 0
A 505 100 10 0 3 0 #=M2
L 495 100 10 0 8 0 1 0 IO_L1P_3_M2
A 555 100 10 0 2 0 PINTYPE=BI
P 2 550 110 500 110 0 3 0
A 505 110 10 0 3 0 #=M1
L 495 110 10 0 8 0 1 0 IO_L1N_VREF_3_M1
A 555 110 10 0 2 0 PINTYPE=BI
P 3 550 120 500 120 0 3 0
A 505 120 10 0 3 0 #=L2
L 495 120 10 0 8 0 1 0 IO_L2P_3_L2
A 555 120 10 0 2 0 PINTYPE=BI
P 4 550 130 500 130 0 3 0
A 505 130 10 0 3 0 #=L1
L 495 130 10 0 8 0 1 0 IO_L2N_3_L1
A 555 130 10 0 2 0 PINTYPE=BI
P 5 550 140 500 140 0 3 0
A 505 140 10 0 3 0 #=K2
L 495 140 10 0 8 0 1 0 IO_L36P_3_K2
A 555 140 10 0 2 0 PINTYPE=BI
P 6 550 150 500 150 0 3 0
A 505 150 10 0 3 0 #=K1
L 495 150 10 0 8 0 1 0 IO_L36N_3_K1
A 555 150 10 0 2 0 PINTYPE=BI
P 7 550 160 500 160 0 3 0
A 505 160 10 0 3 0 #=J4
L 495 160 10 0 8 0 1 0 IO_L37P_3_J4
A 555 160 10 0 2 0 PINTYPE=BI
P 8 550 170 500 170 0 3 0
A 505 170 10 0 3 0 #=J3
L 495 170 10 0 8 0 1 0 IO_L37N_3_J3
A 555 170 10 0 2 0 PINTYPE=BI
P 9 550 180 500 180 0 3 0
A 505 180 10 0 3 0 #=J2
L 495 180 10 0 8 0 1 0 IO_L41P_GCLK27_3_J2
A 555 180 10 0 2 0 PINTYPE=BI
P 10 550 190 500 190 0 3 0
A 505 190 10 0 3 0 #=J1
L 495 190 10 0 8 0 1 0 IO_L41N_GCLK26_3_J1
A 555 190 10 0 2 0 PINTYPE=BI
P 11 550 200 500 200 0 3 0
A 505 200 10 0 3 0 #=G2
L 495 200 10 0 8 0 1 0 IO_L42P_GCLK25_TRDY2_3_G2
A 555 200 10 0 2 0 PINTYPE=BI
P 12 550 210 500 210 0 3 0
A 505 210 10 0 3 0 #=G1
L 495 210 10 0 8 0 1 0 IO_L42N_GCLK24_3_G1
A 555 210 10 0 2 0 PINTYPE=BI
P 13 550 220 500 220 0 3 0
A 505 220 10 0 3 0 #=H2
L 495 220 10 0 8 0 1 0 IO_L43P_GCLK23_3_H2
A 555 220 10 0 2 0 PINTYPE=BI
P 14 550 230 500 230 0 3 0
A 505 230 10 0 3 0 #=H1
L 495 230 10 0 8 0 1 0 IO_L43N_GCLK22_IRDY2_3_H1
A 555 230 10 0 2 0 PINTYPE=BI
P 15 550 240 500 240 0 3 0
A 505 240 10 0 3 0 #=F2
L 495 240 10 0 8 0 1 0 IO_L44P_GCLK21_3_F2
A 555 240 10 0 2 0 PINTYPE=BI
P 16 550 250 500 250 0 3 0
A 505 250 10 0 3 0 #=F1
L 495 250 10 0 8 0 1 0 IO_L44N_GCLK20_3_F1
A 555 250 10 0 2 0 PINTYPE=BI
P 17 550 260 500 260 0 3 0
A 505 260 10 0 3 0 #=F4
L 495 260 10 0 8 0 1 0 IO_L49P_3_F4
A 555 260 10 0 2 0 PINTYPE=BI
P 18 550 270 500 270 0 3 0
A 505 270 10 0 3 0 #=F3
L 495 270 10 0 8 0 1 0 IO_L49N_3_F3
A 555 270 10 0 2 0 PINTYPE=BI
P 19 550 280 500 280 0 3 0
A 505 280 10 0 3 0 #=E2
L 495 280 10 0 8 0 1 0 IO_L50P_3_E2
A 555 280 10 0 2 0 PINTYPE=BI
P 20 550 290 500 290 0 3 0
A 505 290 10 0 3 0 #=E1
L 495 290 10 0 8 0 1 0 IO_L50N_3_E1
A 555 290 10 0 2 0 PINTYPE=BI
P 21 550 300 500 300 0 3 0
A 505 300 10 0 3 0 #=D4
L 495 300 10 0 8 0 1 0 IO_L51P_3_D4
A 555 300 10 0 2 0 PINTYPE=BI
P 22 550 310 500 310 0 3 0
A 505 310 10 0 3 0 #=D3
L 495 310 10 0 8 0 1 0 IO_L51N_3_D3
A 555 310 10 0 2 0 PINTYPE=BI
P 23 550 320 500 320 0 3 0
A 505 320 10 0 3 0 #=D2
L 495 320 10 0 8 0 1 0 IO_L52P_3_D2
A 555 320 10 0 2 0 PINTYPE=BI
P 24 550 330 500 330 0 3 0
A 505 330 10 0 3 0 #=D1
L 495 330 10 0 8 0 1 0 IO_L52N_3_D1
A 555 330 10 0 2 0 PINTYPE=BI
P 25 550 340 500 340 0 3 0
A 505 340 10 0 3 0 #=C1
L 495 340 10 0 8 0 1 0 IO_L83P_3_C1
A 555 340 10 0 2 0 PINTYPE=BI
P 26 550 350 500 350 0 3 0
A 505 350 10 0 3 0 #=B1
L 495 350 10 0 8 0 1 0 IO_L83N_VREF_3_B1
A 555 350 10 0 2 0 PINTYPE=BI
P 27 0 100 50 100 0 2 0
A 45 100 10 0 9 0 #=G3
L 55 100 10 0 2 0 1 0 VCCO_3_G3
A 10 100 10 0 2 0 PINTYPE=BI
P 28 0 110 50 110 0 2 0
A 45 110 10 0 9 0 #=E3
L 55 110 10 0 2 0 1 0 VCCO_3_E3
A 10 110 10 0 2 0 PINTYPE=BI
P 29 0 120 50 120 0 2 0
A 45 120 10 0 9 0 #=E4
L 55 120 10 0 2 0 1 0 VCCO_3_E4
A 10 120 10 0 2 0 PINTYPE=BI
P 30 0 130 50 130 0 2 0
A 45 130 10 0 9 0 #=H3
L 55 130 10 0 2 0 1 0 VCCO_3_H3
A 10 130 10 0 2 0 PINTYPE=BI
P 31 0 140 50 140 0 2 0
A 45 140 10 0 9 0 #=K3
L 55 140 10 0 2 0 1 0 VCCO_3_K3
A 10 140 10 0 2 0 PINTYPE=BI
P 32 0 150 50 150 0 2 0
A 45 150 10 0 9 0 #=K4
L 55 150 10 0 2 0 1 0 VCCO_3_K4
A 10 150 10 0 2 0 PINTYPE=BI
T 220 370 20 0 5 6slx16cp196
T 220 390 20 0 5 BANK 3
c 70 410 10
U 50 30 16 0 3 3 REFDES=U?
U 100 40 10 0 3 3 DEVICE=XXXXXXXX
U 0 450 10 0 3 0 HETERO=6slx16cp196_0,6slx16cp196_DED,6slx16cp196_1,6slx16cp196_2,6slx16cp196_3,6slx16cp196_GND,6slx16cp196_VCCINT,6slx16cp196_VCCAUX
U 100 30 10 0 3 3 PKG_TYPE=XXXXXXXX
U 0 430 10 0 3 0 PARTS=1
U 0 420 10 0 3 0 LEVEL=STD
U 100 20 10 0 3 3 VALUE=XXXXXXXX
U 0 280 10 0 3 0 DATE=2009_08_27
E
