V 52
K 183433876500 cs225_0
F UTL
|R 22:44_8-19-13
Y 1
D 0 0 340 640
Z 10
i 80
U 0 -20 10 0 3 0 PARTS=1
U 0 -100 10 0 3 0 VALUE=XC6VLX16_CS225
U 0 -80 10 0 3 0 PARTS=1
U 0 -70 10 0 3 0 LEVEL=STD
U 0 -60 10 0 3 0 MFG_P/N=XC2C256-7CP132
U 0 -50 10 0 3 0 MFG=XILINX
U 0 -40 10 0 3 0 DIST_P/N=XC2C256-7CP132
U 0 -30 10 0 3 0 DIST=XILINX
U 0 -10 10 0 3 0 HETERO=6SLX16_CS225_0,6SLX16_CS225_1,6SLX16_CS225_2,6SLX16_CS22
+ 5_3,6SLX16_CS225_GND,6SLX16_CS225_VCCINT,6SLX16_CS225_VCCAUX,6SLX16_CS225_DED
U 30 -10 18 0 3 3 REFDES=U?
U 30 630 10 0 3 3 DEVICE=6SLX16_CS225
U 290 0 10 0 3 3 PKG_TYPE=CS225
P 69 0 60 20 60 0 2 0
A 0 60 10 0 3 0 PINTYPE=IN
A 0 60 10 0 3 3 #=D9
L 35 55 10 0 3 0 1 0 VCCO_0_D9
P 70 0 70 20 70 0 2 0
A 0 70 10 0 3 0 PINTYPE=IN
A 0 70 10 0 3 3 #=B8
L 35 65 10 0 3 0 1 0 VCCO_0_B8
P 71 0 80 20 80 0 2 0
A 0 80 10 0 3 0 PINTYPE=IN
A 0 80 10 0 3 3 #=B4
L 35 75 10 0 3 0 1 0 VCCO_0_B4
P 72 0 90 20 90 0 2 0
A 0 90 10 0 3 0 PINTYPE=IN
A 0 90 10 0 3 3 #=B12
L 35 85 10 0 3 0 1 0 VCCO_0_B12
P 1 340 450 320 450 0 3 0
A 340 450 10 0 9 0 PINTYPE=BI
A 340 450 10 0 9 3 #=B2
L 315 450 10 0 8 0 1 0 IO_L1P_HSWAPEN_0_B2
P 17 340 440 320 440 0 3 0
A 340 440 10 0 9 0 PINTYPE=BI
A 340 440 10 0 9 3 #=A2
L 315 440 10 0 8 0 1 0 IO_L1N_VREF_0_A2
P 73 340 430 320 430 0 3 0
A 340 430 10 0 9 0 PINTYPE=BI
A 340 430 10 0 9 3 #=B3
L 315 430 10 0 8 0 1 0 IO_L2P_0_B3
P 74 340 420 320 420 0 3 0
A 340 420 10 0 9 0 PINTYPE=BI
A 340 420 10 0 9 3 #=A3
L 315 420 10 0 8 0 1 0 IO_L2N_0_A3
P 75 340 410 320 410 0 3 0
A 340 410 10 0 9 0 PINTYPE=BI
A 340 410 10 0 9 3 #=D5
L 315 410 10 0 8 0 1 0 IO_L3P_0_D5
P 76 340 400 320 400 0 3 0
A 340 400 10 0 9 0 PINTYPE=BI
A 340 400 10 0 9 3 #=C5
L 315 400 10 0 8 0 1 0 IO_L3N_0_C5
P 77 340 390 320 390 0 3 0
A 340 390 10 0 9 0 PINTYPE=BI
A 340 390 10 0 9 3 #=C4
L 315 390 10 0 8 0 1 0 IO_L4P_0_C4
P 78 340 380 320 380 0 3 0
A 340 380 10 0 9 0 PINTYPE=BI
A 340 380 10 0 9 3 #=A4
L 315 380 10 0 8 0 1 0 IO_L4N_0_A4
P 18 340 370 320 370 0 3 0
A 340 370 10 0 9 0 PINTYPE=BI
A 340 370 10 0 9 3 #=E6
L 315 370 10 0 8 0 1 0 IO_L5P_0_E6
P 19 340 360 320 360 0 3 0
A 340 360 10 0 9 0 PINTYPE=BI
A 340 360 10 0 9 3 #=D6
L 315 360 10 0 8 0 1 0 IO_L5N_0_D6
P 79 340 350 320 350 0 3 0
A 340 350 10 0 9 0 PINTYPE=BI
A 340 350 10 0 9 3 #=B5
L 315 350 10 0 8 0 1 0 IO_L6P_0_B5
P 80 340 340 320 340 0 3 0
A 340 340 10 0 9 0 PINTYPE=BI
A 340 340 10 0 9 3 #=A5
L 315 340 10 0 8 0 1 0 IO_L6N_0_A5
P 20 340 330 320 330 0 3 0
A 340 330 10 0 9 0 PINTYPE=BI
A 340 330 10 0 9 3 #=D7
L 315 330 10 0 8 0 1 0 IO_L7P_0_D7
P 21 340 320 320 320 0 3 0
A 340 320 10 0 9 0 PINTYPE=BI
A 340 320 10 0 9 3 #=C7
L 315 320 10 0 8 0 1 0 IO_L7N_0_C7
P 22 340 310 320 310 0 3 0
A 340 310 10 0 9 0 PINTYPE=BI
A 340 310 10 0 9 3 #=C6
L 315 310 10 0 8 0 1 0 IO_L33P_0_C6
P 23 340 300 320 300 0 3 0
A 340 300 10 0 9 0 PINTYPE=BI
A 340 300 10 0 9 3 #=A6
L 315 300 10 0 8 0 1 0 IO_L33N_0_A6
P 24 340 290 320 290 0 3 0
A 340 290 10 0 9 0 PINTYPE=BI
A 340 290 10 0 9 3 #=E7
L 315 290 10 0 8 0 1 0 IO_L34P_GCLK19_0_E7
P 25 340 280 320 280 0 3 0
A 340 280 10 0 9 0 PINTYPE=BI
A 340 280 10 0 9 3 #=D8
L 315 280 10 0 8 0 1 0 IO_L34N_GCLK18_0_D8
P 26 340 270 320 270 0 3 0
A 340 270 10 0 9 0 PINTYPE=BI
A 340 270 10 0 9 3 #=B7
L 315 270 10 0 8 0 1 0 IO_L35P_GCLK17_0_B7
P 27 340 260 320 260 0 3 0
A 340 260 10 0 9 0 PINTYPE=BI
A 340 260 10 0 9 3 #=A7
L 315 260 10 0 8 0 1 0 IO_L35N_GCLK16_0_A7
P 28 340 250 320 250 0 3 0
A 340 250 10 0 9 0 PINTYPE=BI
A 340 250 10 0 9 3 #=C8
L 315 250 10 0 8 0 1 0 IO_L36P_GCLK15_0_C8
P 29 340 240 320 240 0 3 0
A 340 240 10 0 9 0 PINTYPE=BI
A 340 240 10 0 9 3 #=A8
L 315 240 10 0 8 0 1 0 IO_L36N_GCLK14_0_A8
P 30 340 230 320 230 0 3 0
A 340 230 10 0 9 0 PINTYPE=BI
A 340 230 10 0 9 3 #=B9
L 315 230 10 0 8 0 1 0 IO_L37P_GCLK13_0_B9
P 31 340 220 320 220 0 3 0
A 340 220 10 0 9 0 PINTYPE=BI
A 340 220 10 0 9 3 #=A9
L 315 220 10 0 8 0 1 0 IO_L37N_GCLK12_0_A9
P 32 340 210 320 210 0 3 0
A 340 210 10 0 9 0 PINTYPE=BI
A 340 210 10 0 9 3 #=F8
L 315 210 10 0 8 0 1 0 IO_L38P_0_F8
P 33 340 200 320 200 0 3 0
A 340 200 10 0 9 0 PINTYPE=BI
A 340 200 10 0 9 3 #=E8
L 315 200 10 0 8 0 1 0 IO_L38N_VREF_0_E8
P 34 340 190 320 190 0 3 0
A 340 190 10 0 9 0 PINTYPE=BI
A 340 190 10 0 9 3 #=D10
L 315 190 10 0 8 0 1 0 IO_L39P_0_D10
P 35 340 180 320 180 0 3 0
A 340 180 10 0 9 0 PINTYPE=BI
A 340 180 10 0 9 3 #=C9
L 315 180 10 0 8 0 1 0 IO_L39N_0_C9
P 36 340 170 320 170 0 3 0
A 340 170 10 0 9 0 PINTYPE=BI
A 340 170 10 0 9 3 #=F10
L 315 170 10 0 8 0 1 0 IO_L40P_0_F10
P 37 340 160 320 160 0 3 0
A 340 160 10 0 9 0 PINTYPE=BI
A 340 160 10 0 9 3 #=E9
L 315 160 10 0 8 0 1 0 IO_L40N_0_E9
P 38 340 150 320 150 0 3 0
A 340 150 10 0 9 0 PINTYPE=BI
A 340 150 10 0 9 3 #=C10
L 315 150 10 0 8 0 1 0 IO_L62P_0_C10
P 39 340 140 320 140 0 3 0
A 340 140 10 0 9 0 PINTYPE=BI
A 340 140 10 0 9 3 #=A10
L 315 140 10 0 8 0 1 0 IO_L62N_VREF_0_A10
P 40 340 130 320 130 0 3 0
A 340 130 10 0 9 0 PINTYPE=BI
A 340 130 10 0 9 3 #=B11
L 315 130 10 0 8 0 1 0 IO_L63P_SCP7_0_B11
P 41 340 120 320 120 0 3 0
A 340 120 10 0 9 0 PINTYPE=BI
A 340 120 10 0 9 3 #=A11
L 315 120 10 0 8 0 1 0 IO_L63N_SCP6_0_A11
P 42 340 110 320 110 0 3 0
A 340 110 10 0 9 0 PINTYPE=BI
A 340 110 10 0 9 3 #=D11
L 315 110 10 0 8 0 1 0 IO_L64P_SCP5_0_D11
P 43 340 100 320 100 0 3 0
A 340 100 10 0 9 0 PINTYPE=BI
A 340 100 10 0 9 3 #=C11
L 315 100 10 0 8 0 1 0 IO_L64N_SCP4_0_C11
P 44 340 90 320 90 0 3 0
A 340 90 10 0 9 0 PINTYPE=BI
A 340 90 10 0 9 3 #=B13
L 315 90 10 0 8 0 1 0 IO_L65P_SCP3_0_B13
P 45 340 80 320 80 0 3 0
A 340 80 10 0 9 0 PINTYPE=BI
A 340 80 10 0 9 3 #=A13
L 315 80 10 0 8 0 1 0 IO_L65N_SCP2_0_A13
P 46 340 70 320 70 0 3 0
A 340 70 10 0 9 0 PINTYPE=BI
A 340 70 10 0 9 3 #=C12
L 315 70 10 0 8 0 1 0 IO_L66P_SCP1_0_C12
P 47 340 60 320 60 0 3 0
A 340 60 10 0 9 0 PINTYPE=BI
A 340 60 10 0 9 3 #=A12
L 315 60 10 0 8 0 1 0 IO_L66N_SCP0_0_A12
c 40 600 10
T 59 546 20 0 3 XC6SLX16
T 59 529 20 0 3 CS225
T 59 563 20 0 3 BANK 0
b 20 20 320 620
E
