V 50
K 153165148200 6vlx550tff1760
Y 1
D 0 0 400 670
Z 10
i 946
b 50 50 350 620
P 1 0 100 50 100 0 2 0
A 45 100 10 0 9 0 #=BB15
L 55 100 10 0 2 0 1 0 VCCO_30_BB15
A 10 100 10 0 2 0 PINTYPE=BI
P 2 0 110 50 110 0 2 0
A 45 110 10 0 9 0 #=BA18
L 55 110 10 0 2 0 1 0 VCCO_30_BA18
A 10 110 10 0 2 0 PINTYPE=BI
P 3 0 120 50 120 0 2 0
A 45 120 10 0 9 0 #=AV17
L 55 120 10 0 2 0 1 0 VCCO_30_AV17
A 10 120 10 0 2 0 PINTYPE=BI
P 4 0 130 50 130 0 2 0
A 45 130 10 0 9 0 #=AU20
L 55 130 10 0 2 0 1 0 VCCO_30_AU20
A 10 130 10 0 2 0 PINTYPE=BI
P 5 0 140 50 140 0 2 0
A 45 140 10 0 9 0 #=AN22
L 55 140 10 0 2 0 1 0 VCCO_30_AN22
A 10 140 10 0 2 0 PINTYPE=BI
P 6 400 100 350 100 0 3 0
A 355 100 10 0 3 0 #=AV21
L 345 100 10 0 8 0 1 0 IO_L19N_30_AV21
A 405 100 10 0 2 0 PINTYPE=BI
P 7 400 110 350 110 0 3 0
A 355 110 10 0 3 0 #=AU21
L 345 110 10 0 8 0 1 0 IO_L19P_30_AU21
A 405 110 10 0 2 0 PINTYPE=BI
P 8 400 120 350 120 0 3 0
A 355 120 10 0 3 0 #=AR20
L 345 120 10 0 8 0 1 0 IO_L18N_30_AR20
A 405 120 10 0 2 0 PINTYPE=BI
P 9 400 130 350 130 0 3 0
A 355 130 10 0 3 0 #=AP21
L 345 130 10 0 8 0 1 0 IO_L18P_30_AP21
A 405 130 10 0 2 0 PINTYPE=BI
P 10 400 140 350 140 0 3 0
A 355 140 10 0 3 0 #=AT20
L 345 140 10 0 8 0 1 0 IO_L17N_30_AT20
A 405 140 10 0 2 0 PINTYPE=BI
P 11 400 150 350 150 0 3 0
A 355 150 10 0 3 0 #=AT21
L 345 150 10 0 8 0 1 0 IO_L17P_30_AT21
A 405 150 10 0 2 0 PINTYPE=BI
P 12 400 160 350 160 0 3 0
A 355 160 10 0 3 0 #=AP20
L 345 160 10 0 8 0 1 0 IO_L16N_30_AP20
A 405 160 10 0 2 0 PINTYPE=BI
P 13 400 170 350 170 0 3 0
A 355 170 10 0 3 0 #=AN20
L 345 170 10 0 8 0 1 0 IO_L16P_30_AN20
A 405 170 10 0 2 0 PINTYPE=BI
P 14 400 180 350 180 0 3 0
A 355 180 10 0 3 0 #=AM21
L 345 180 10 0 8 0 1 0 IO_L15N_30_AM21
A 405 180 10 0 2 0 PINTYPE=BI
P 15 400 190 350 190 0 3 0
A 355 190 10 0 3 0 #=AN21
L 345 190 10 0 8 0 1 0 IO_L15P_30_AN21
A 405 190 10 0 2 0 PINTYPE=BI
P 16 400 200 350 200 0 3 0
A 355 200 10 0 3 0 #=BA19
L 345 200 10 0 8 0 1 0 IO_L14N_VREF_30_BA19
A 405 200 10 0 2 0 PINTYPE=BI
P 17 400 210 350 210 0 3 0
A 355 210 10 0 3 0 #=AY19
L 345 210 10 0 8 0 1 0 IO_L14P_30_AY19
A 405 210 10 0 2 0 PINTYPE=BI
P 18 400 220 350 220 0 3 0
A 355 220 10 0 3 0 #=AP22
L 345 220 10 0 8 0 1 0 IO_L13N_30_AP22
A 405 220 10 0 2 0 PINTYPE=BI
P 19 400 230 350 230 0 3 0
A 355 230 10 0 3 0 #=AR22
L 345 230 10 0 8 0 1 0 IO_L13P_30_AR22
A 405 230 10 0 2 0 PINTYPE=BI
P 20 400 240 350 240 0 3 0
A 355 240 10 0 3 0 #=AW18
L 345 240 10 0 8 0 1 0 IO_L12N_VRP_30_AW18
A 405 240 10 0 2 0 PINTYPE=BI
P 21 400 250 350 250 0 3 0
A 355 250 10 0 3 0 #=AY18
L 345 250 10 0 8 0 1 0 IO_L12P_VRN_30_AY18
A 405 250 10 0 2 0 PINTYPE=BI
P 22 400 260 350 260 0 3 0
A 355 260 10 0 3 0 #=AY20
L 345 260 10 0 8 0 1 0 IO_L11N_SRCC_30_AY20
A 405 260 10 0 2 0 PINTYPE=BI
P 23 400 270 350 270 0 3 0
A 355 270 10 0 3 0 #=AW21
L 345 270 10 0 8 0 1 0 IO_L11P_SRCC_30_AW21
A 405 270 10 0 2 0 PINTYPE=BI
P 24 400 280 350 280 0 3 0
A 355 280 10 0 3 0 #=AL22
L 345 280 10 0 8 0 1 0 IO_L10N_MRCC_30_AL22
A 405 280 10 0 2 0 PINTYPE=BI
P 25 400 290 350 290 0 3 0
A 355 290 10 0 3 0 #=AM22
L 345 290 10 0 8 0 1 0 IO_L10P_MRCC_30_AM22
A 405 290 10 0 2 0 PINTYPE=BI
P 26 400 300 350 300 0 3 0
A 355 300 10 0 3 0 #=BB19
L 345 300 10 0 8 0 1 0 IO_L9N_MRCC_30_BB19
A 405 300 10 0 2 0 PINTYPE=BI
P 27 400 310 350 310 0 3 0
A 355 310 10 0 3 0 #=BA20
L 345 310 10 0 8 0 1 0 IO_L9P_MRCC_30_BA20
A 405 310 10 0 2 0 PINTYPE=BI
P 28 400 320 350 320 0 3 0
A 355 320 10 0 3 0 #=AW17
L 345 320 10 0 8 0 1 0 IO_L8N_SRCC_30_AW17
A 405 320 10 0 2 0 PINTYPE=BI
P 29 400 330 350 330 0 3 0
A 355 330 10 0 3 0 #=AY17
L 345 330 10 0 8 0 1 0 IO_L8P_SRCC_30_AY17
A 405 330 10 0 2 0 PINTYPE=BI
P 30 400 340 350 340 0 3 0
A 355 340 10 0 3 0 #=BB18
L 345 340 10 0 8 0 1 0 IO_L7N_30_BB18
A 405 340 10 0 2 0 PINTYPE=BI
P 31 400 350 350 350 0 3 0
A 355 350 10 0 3 0 #=BB17
L 345 350 10 0 8 0 1 0 IO_L7P_30_BB17
A 405 350 10 0 2 0 PINTYPE=BI
P 32 400 360 350 360 0 3 0
A 355 360 10 0 3 0 #=AW20
L 345 360 10 0 8 0 1 0 IO_L6N_30_AW20
A 405 360 10 0 2 0 PINTYPE=BI
P 33 400 370 350 370 0 3 0
A 355 370 10 0 3 0 #=AV20
L 345 370 10 0 8 0 1 0 IO_L6P_30_AV20
A 405 370 10 0 2 0 PINTYPE=BI
P 34 400 380 350 380 0 3 0
A 355 380 10 0 3 0 #=AV19
L 345 380 10 0 8 0 1 0 IO_L5N_30_AV19
A 405 380 10 0 2 0 PINTYPE=BI
P 35 400 390 350 390 0 3 0
A 355 390 10 0 3 0 #=AU19
L 345 390 10 0 8 0 1 0 IO_L5P_30_AU19
A 405 390 10 0 2 0 PINTYPE=BI
P 36 400 400 350 400 0 3 0
A 355 400 10 0 3 0 #=BA15
L 345 400 10 0 8 0 1 0 IO_L4N_VREF_30_BA15
A 405 400 10 0 2 0 PINTYPE=BI
P 37 400 410 350 410 0 3 0
A 355 410 10 0 3 0 #=BB16
L 345 410 10 0 8 0 1 0 IO_L4P_30_BB16
A 405 410 10 0 2 0 PINTYPE=BI
P 38 400 420 350 420 0 3 0
A 355 420 10 0 3 0 #=BA16
L 345 420 10 0 8 0 1 0 IO_L3N_30_BA16
A 405 420 10 0 2 0 PINTYPE=BI
P 39 400 430 350 430 0 3 0
A 355 430 10 0 3 0 #=BA17
L 345 430 10 0 8 0 1 0 IO_L3P_30_BA17
A 405 430 10 0 2 0 PINTYPE=BI
P 40 400 440 350 440 0 3 0
A 355 440 10 0 3 0 #=BA14
L 345 440 10 0 8 0 1 0 IO_L2N_30_BA14
A 405 440 10 0 2 0 PINTYPE=BI
P 41 400 450 350 450 0 3 0
A 355 450 10 0 3 0 #=BB14
L 345 450 10 0 8 0 1 0 IO_L2P_30_BB14
A 405 450 10 0 2 0 PINTYPE=BI
P 42 400 460 350 460 0 3 0
A 355 460 10 0 3 0 #=AR19
L 345 460 10 0 8 0 1 0 IO_L1N_30_AR19
A 405 460 10 0 2 0 PINTYPE=BI
P 43 400 470 350 470 0 3 0
A 355 470 10 0 3 0 #=AT19
L 345 470 10 0 8 0 1 0 IO_L1P_30_AT19
A 405 470 10 0 2 0 PINTYPE=BI
P 44 400 480 350 480 0 3 0
A 355 480 10 0 3 0 #=AV18
L 345 480 10 0 8 0 1 0 IO_L0N_30_AV18
A 405 480 10 0 2 0 PINTYPE=BI
P 45 400 490 350 490 0 3 0
A 355 490 10 0 3 0 #=AU18
L 345 490 10 0 8 0 1 0 IO_L0P_30_AU18
A 405 490 10 0 2 0 PINTYPE=BI
T 220 510 20 0 5 6VLX550TFF1760
T 220 530 20 0 5 BANK 30
c 70 600 10
U 50 630 10 0 3 3 DEVICE=XXXXXX
U 50 30 16 0 3 3 REFDES=U?
U 250 30 10 0 3 3 PKG_TYPE=XXXXXX
U 0 0 10 0 3 0 HETERO=6vlx550tff1760_0,6vlx550tff1760_12,6vlx550tff1760_13,6vlx550tff1760_14,6vlx550tff1760_15,6vlx550tff1760_16,6vlx550tff1760_17,6vlx550tff1760_20,6vlx550tff1760_21,6vlx550tff1760_22,6vlx550tff1760_23,6vlx550tff1760_24,6vlx550tff1760_25,6vlx550tff1760_26,6vlx550tff1760_27,6vlx550tff1760_28,6vlx550tff1760_30,6vlx550tff1760_31,6vlx550tff1760_32,6vlx550tff1760_33,6vlx550tff1760_34,6vlx550tff1760_35,6vlx550tff1760_36,6vlx550tff1760_37,6vlx550tff1760_38,6vlx550tff1760_42,6vlx550tff1760_43,6vlx550tff1760_44,6vlx550tff1760_45,6vlx550tff1760_46,6vlx550tff1760_47,6vlx550tff1760_GND1,6vlx550tff1760_GND2,6vlx550tff1760_VCCAUX,6vlx550tff1760_VCCINT
U 0 -10 10 0 3 0 PARTS=1
U 0 -20 10 0 3 0 LEVEL=STD
U 0 -30 10 0 3 0 DATE=2009_01_06
E
