V 50
K 153165148200 6vlx550tff1760
Y 1
D 0 0 400 670
Z 10
i 946
b 50 50 350 620
P 1 0 100 50 100 0 2 0
A 45 100 10 0 9 0 #=AK1
L 55 100 10 0 2 0 1 0 VCCO_43_AK1
A 10 100 10 0 2 0 PINTYPE=BI
P 2 0 110 50 110 0 2 0
A 45 110 10 0 9 0 #=AG10
L 55 110 10 0 2 0 1 0 VCCO_43_AG10
A 10 110 10 0 2 0 PINTYPE=BI
P 3 0 120 50 120 0 2 0
A 45 120 10 0 9 0 #=AF3
L 55 120 10 0 2 0 1 0 VCCO_43_AF3
A 10 120 10 0 2 0 PINTYPE=BI
P 4 0 130 50 130 0 2 0
A 45 130 10 0 9 0 #=AE6
L 55 130 10 0 2 0 1 0 VCCO_43_AE6
A 10 130 10 0 2 0 PINTYPE=BI
P 5 0 140 50 140 0 2 0
A 45 140 10 0 9 0 #=AD9
L 55 140 10 0 2 0 1 0 VCCO_43_AD9
A 10 140 10 0 2 0 PINTYPE=BI
P 6 400 100 350 100 0 3 0
A 355 100 10 0 3 0 #=AF11
L 345 100 10 0 8 0 1 0 IO_L19N_43_AF11
A 405 100 10 0 2 0 PINTYPE=BI
P 7 400 110 350 110 0 3 0
A 355 110 10 0 3 0 #=AF12
L 345 110 10 0 8 0 1 0 IO_L19P_43_AF12
A 405 110 10 0 2 0 PINTYPE=BI
P 8 400 120 350 120 0 3 0
A 355 120 10 0 3 0 #=AG11
L 345 120 10 0 8 0 1 0 IO_L18N_43_AG11
A 405 120 10 0 2 0 PINTYPE=BI
P 9 400 130 350 130 0 3 0
A 355 130 10 0 3 0 #=AG12
L 345 130 10 0 8 0 1 0 IO_L18P_43_AG12
A 405 130 10 0 2 0 PINTYPE=BI
P 10 400 140 350 140 0 3 0
A 355 140 10 0 3 0 #=AE9
L 345 140 10 0 8 0 1 0 IO_L17N_43_AE9
A 405 140 10 0 2 0 PINTYPE=BI
P 11 400 150 350 150 0 3 0
A 355 150 10 0 3 0 #=AE10
L 345 150 10 0 8 0 1 0 IO_L17P_43_AE10
A 405 150 10 0 2 0 PINTYPE=BI
P 12 400 160 350 160 0 3 0
A 355 160 10 0 3 0 #=AJ2
L 345 160 10 0 8 0 1 0 IO_L16N_43_AJ2
A 405 160 10 0 2 0 PINTYPE=BI
P 13 400 170 350 170 0 3 0
A 355 170 10 0 3 0 #=AJ3
L 345 170 10 0 8 0 1 0 IO_L16P_43_AJ3
A 405 170 10 0 2 0 PINTYPE=BI
P 14 400 180 350 180 0 3 0
A 355 180 10 0 3 0 #=AF6
L 345 180 10 0 8 0 1 0 IO_L15N_43_AF6
A 405 180 10 0 2 0 PINTYPE=BI
P 15 400 190 350 190 0 3 0
A 355 190 10 0 3 0 #=AF7
L 345 190 10 0 8 0 1 0 IO_L15P_43_AF7
A 405 190 10 0 2 0 PINTYPE=BI
P 16 400 200 350 200 0 3 0
A 355 200 10 0 3 0 #=AG3
L 345 200 10 0 8 0 1 0 IO_L14N_VREF_43_AG3
A 405 200 10 0 2 0 PINTYPE=BI
P 17 400 210 350 210 0 3 0
A 355 210 10 0 3 0 #=AH3
L 345 210 10 0 8 0 1 0 IO_L14P_43_AH3
A 405 210 10 0 2 0 PINTYPE=BI
P 18 400 220 350 220 0 3 0
A 355 220 10 0 3 0 #=AD11
L 345 220 10 0 8 0 1 0 IO_L13N_43_AD11
A 405 220 10 0 2 0 PINTYPE=BI
P 19 400 230 350 230 0 3 0
A 355 230 10 0 3 0 #=AD10
L 345 230 10 0 8 0 1 0 IO_L13P_43_AD10
A 405 230 10 0 2 0 PINTYPE=BI
P 20 400 240 350 240 0 3 0
A 355 240 10 0 3 0 #=AG8
L 345 240 10 0 8 0 1 0 IO_L12N_VRP_43_AG8
A 405 240 10 0 2 0 PINTYPE=BI
P 21 400 250 350 250 0 3 0
A 355 250 10 0 3 0 #=AG9
L 345 250 10 0 8 0 1 0 IO_L12P_VRN_43_AG9
A 405 250 10 0 2 0 PINTYPE=BI
P 22 400 260 350 260 0 3 0
A 355 260 10 0 3 0 #=AE8
L 345 260 10 0 8 0 1 0 IO_L11N_SRCC_43_AE8
A 405 260 10 0 2 0 PINTYPE=BI
P 23 400 270 350 270 0 3 0
A 355 270 10 0 3 0 #=AD8
L 345 270 10 0 8 0 1 0 IO_L11P_SRCC_43_AD8
A 405 270 10 0 2 0 PINTYPE=BI
P 24 400 280 350 280 0 3 0
A 355 280 10 0 3 0 #=AG4
L 345 280 10 0 8 0 1 0 IO_L10N_MRCC_43_AG4
A 405 280 10 0 2 0 PINTYPE=BI
P 25 400 290 350 290 0 3 0
A 355 290 10 0 3 0 #=AH4
L 345 290 10 0 8 0 1 0 IO_L10P_MRCC_43_AH4
A 405 290 10 0 2 0 PINTYPE=BI
P 26 400 300 350 300 0 3 0
A 355 300 10 0 3 0 #=AD7
L 345 300 10 0 8 0 1 0 IO_L9N_MRCC_43_AD7
A 405 300 10 0 2 0 PINTYPE=BI
P 27 400 310 350 310 0 3 0
A 355 310 10 0 3 0 #=AE7
L 345 310 10 0 8 0 1 0 IO_L9P_MRCC_43_AE7
A 405 310 10 0 2 0 PINTYPE=BI
P 28 400 320 350 320 0 3 0
A 355 320 10 0 3 0 #=AF9
L 345 320 10 0 8 0 1 0 IO_L8N_SRCC_43_AF9
A 405 320 10 0 2 0 PINTYPE=BI
P 29 400 330 350 330 0 3 0
A 355 330 10 0 3 0 #=AF10
L 345 330 10 0 8 0 1 0 IO_L8P_SRCC_43_AF10
A 405 330 10 0 2 0 PINTYPE=BI
P 30 400 340 350 340 0 3 0
A 355 340 10 0 3 0 #=AJ1
L 345 340 10 0 8 0 1 0 IO_L7N_43_AJ1
A 405 340 10 0 2 0 PINTYPE=BI
P 31 400 350 350 350 0 3 0
A 355 350 10 0 3 0 #=AH1
L 345 350 10 0 8 0 1 0 IO_L7P_43_AH1
A 405 350 10 0 2 0 PINTYPE=BI
P 32 400 360 350 360 0 3 0
A 355 360 10 0 3 0 #=AG6
L 345 360 10 0 8 0 1 0 IO_L6N_43_AG6
A 405 360 10 0 2 0 PINTYPE=BI
P 33 400 370 350 370 0 3 0
A 355 370 10 0 3 0 #=AG7
L 345 370 10 0 8 0 1 0 IO_L6P_43_AG7
A 405 370 10 0 2 0 PINTYPE=BI
P 34 400 380 350 380 0 3 0
A 355 380 10 0 3 0 #=AE5
L 345 380 10 0 8 0 1 0 IO_L5N_43_AE5
A 405 380 10 0 2 0 PINTYPE=BI
P 35 400 390 350 390 0 3 0
A 355 390 10 0 3 0 #=AF5
L 345 390 10 0 8 0 1 0 IO_L5P_43_AF5
A 405 390 10 0 2 0 PINTYPE=BI
P 36 400 400 350 400 0 3 0
A 355 400 10 0 3 0 #=AE4
L 345 400 10 0 8 0 1 0 IO_L4N_VREF_43_AE4
A 405 400 10 0 2 0 PINTYPE=BI
P 37 400 410 350 410 0 3 0
A 355 410 10 0 3 0 #=AF4
L 345 410 10 0 8 0 1 0 IO_L4P_43_AF4
A 405 410 10 0 2 0 PINTYPE=BI
P 38 400 420 350 420 0 3 0
A 355 420 10 0 3 0 #=AF2
L 345 420 10 0 8 0 1 0 IO_L3N_43_AF2
A 405 420 10 0 2 0 PINTYPE=BI
P 39 400 430 350 430 0 3 0
A 355 430 10 0 3 0 #=AG2
L 345 430 10 0 8 0 1 0 IO_L3P_43_AG2
A 405 430 10 0 2 0 PINTYPE=BI
P 40 400 440 350 440 0 3 0
A 355 440 10 0 3 0 #=AC11
L 345 440 10 0 8 0 1 0 IO_L2N_43_AC11
A 405 440 10 0 2 0 PINTYPE=BI
P 41 400 450 350 450 0 3 0
A 355 450 10 0 3 0 #=AC10
L 345 450 10 0 8 0 1 0 IO_L2P_43_AC10
A 405 450 10 0 2 0 PINTYPE=BI
P 42 400 460 350 460 0 3 0
A 355 460 10 0 3 0 #=AF1
L 345 460 10 0 8 0 1 0 IO_L1N_43_AF1
A 405 460 10 0 2 0 PINTYPE=BI
P 43 400 470 350 470 0 3 0
A 355 470 10 0 3 0 #=AG1
L 345 470 10 0 8 0 1 0 IO_L1P_43_AG1
A 405 470 10 0 2 0 PINTYPE=BI
P 44 400 480 350 480 0 3 0
A 355 480 10 0 3 0 #=AD5
L 345 480 10 0 8 0 1 0 IO_L0N_43_AD5
A 405 480 10 0 2 0 PINTYPE=BI
P 45 400 490 350 490 0 3 0
A 355 490 10 0 3 0 #=AD6
L 345 490 10 0 8 0 1 0 IO_L0P_43_AD6
A 405 490 10 0 2 0 PINTYPE=BI
T 220 510 20 0 5 6VLX550TFF1760
T 220 530 20 0 5 BANK 43
c 70 600 10
U 50 630 10 0 3 3 DEVICE=XXXXXX
U 50 30 16 0 3 3 REFDES=U?
U 250 30 10 0 3 3 PKG_TYPE=XXXXXX
U 0 0 10 0 3 0 HETERO=6vlx550tff1760_0,6vlx550tff1760_12,6vlx550tff1760_13,6vlx550tff1760_14,6vlx550tff1760_15,6vlx550tff1760_16,6vlx550tff1760_17,6vlx550tff1760_20,6vlx550tff1760_21,6vlx550tff1760_22,6vlx550tff1760_23,6vlx550tff1760_24,6vlx550tff1760_25,6vlx550tff1760_26,6vlx550tff1760_27,6vlx550tff1760_28,6vlx550tff1760_30,6vlx550tff1760_31,6vlx550tff1760_32,6vlx550tff1760_33,6vlx550tff1760_34,6vlx550tff1760_35,6vlx550tff1760_36,6vlx550tff1760_37,6vlx550tff1760_38,6vlx550tff1760_42,6vlx550tff1760_43,6vlx550tff1760_44,6vlx550tff1760_45,6vlx550tff1760_46,6vlx550tff1760_47,6vlx550tff1760_GND1,6vlx550tff1760_GND2,6vlx550tff1760_VCCAUX,6vlx550tff1760_VCCINT
U 0 -10 10 0 3 0 PARTS=1
U 0 -20 10 0 3 0 LEVEL=STD
U 0 -30 10 0 3 0 DATE=2009_01_06
E
