V 50
K 153165148200 6vlx550tff1760
Y 1
D 0 0 400 670
Z 10
i 946
b 50 50 350 620
P 1 0 100 50 100 0 2 0
A 45 100 10 0 9 0 #=W34
L 55 100 10 0 2 0 1 0 VCCO_15_W34
A 10 100 10 0 2 0 PINTYPE=BI
P 2 0 110 50 110 0 2 0
A 45 110 10 0 9 0 #=V37
L 55 110 10 0 2 0 1 0 VCCO_15_V37
A 10 110 10 0 2 0 PINTYPE=BI
P 3 0 120 50 120 0 2 0
A 45 120 10 0 9 0 #=U40
L 55 120 10 0 2 0 1 0 VCCO_15_U40
A 10 120 10 0 2 0 PINTYPE=BI
P 4 0 130 50 130 0 2 0
A 45 130 10 0 9 0 #=P39
L 55 130 10 0 2 0 1 0 VCCO_15_P39
A 10 130 10 0 2 0 PINTYPE=BI
P 5 0 140 50 140 0 2 0
A 45 140 10 0 9 0 #=N42
L 55 140 10 0 2 0 1 0 VCCO_15_N42
A 10 140 10 0 2 0 PINTYPE=BI
P 6 400 100 350 100 0 3 0
A 355 100 10 0 3 0 #=V34
L 345 100 10 0 8 0 1 0 IO_L19N_15_V34
A 405 100 10 0 2 0 PINTYPE=BI
P 7 400 110 350 110 0 3 0
A 355 110 10 0 3 0 #=V35
L 345 110 10 0 8 0 1 0 IO_L19P_15_V35
A 405 110 10 0 2 0 PINTYPE=BI
P 8 400 120 350 120 0 3 0
A 355 120 10 0 3 0 #=Y33
L 345 120 10 0 8 0 1 0 IO_L18N_15_Y33
A 405 120 10 0 2 0 PINTYPE=BI
P 9 400 130 350 130 0 3 0
A 355 130 10 0 3 0 #=Y32
L 345 130 10 0 8 0 1 0 IO_L18P_15_Y32
A 405 130 10 0 2 0 PINTYPE=BI
P 10 400 140 350 140 0 3 0
A 355 140 10 0 3 0 #=P42
L 345 140 10 0 8 0 1 0 IO_L17N_15_P42
A 405 140 10 0 2 0 PINTYPE=BI
P 11 400 150 350 150 0 3 0
A 355 150 10 0 3 0 #=P41
L 345 150 10 0 8 0 1 0 IO_L17P_15_P41
A 405 150 10 0 2 0 PINTYPE=BI
P 12 400 160 350 160 0 3 0
A 355 160 10 0 3 0 #=T42
L 345 160 10 0 8 0 1 0 IO_L16N_VRP_15_T42
A 405 160 10 0 2 0 PINTYPE=BI
P 13 400 170 350 170 0 3 0
A 355 170 10 0 3 0 #=U42
L 345 170 10 0 8 0 1 0 IO_L16P_VRN_15_U42
A 405 170 10 0 2 0 PINTYPE=BI
P 14 400 180 350 180 0 3 0
A 355 180 10 0 3 0 #=W37
L 345 180 10 0 8 0 1 0 IO_L15N_SM15N_15_W37
A 405 180 10 0 2 0 PINTYPE=BI
P 15 400 190 350 190 0 3 0
A 355 190 10 0 3 0 #=W38
L 345 190 10 0 8 0 1 0 IO_L15P_SM15P_15_W38
A 405 190 10 0 2 0 PINTYPE=BI
P 16 400 200 350 200 0 3 0
A 355 200 10 0 3 0 #=T41
L 345 200 10 0 8 0 1 0 IO_L14N_VREF_15_T41
A 405 200 10 0 2 0 PINTYPE=BI
P 17 400 210 350 210 0 3 0
A 355 210 10 0 3 0 #=R42
L 345 210 10 0 8 0 1 0 IO_L14P_15_R42
A 405 210 10 0 2 0 PINTYPE=BI
P 18 400 220 350 220 0 3 0
A 355 220 10 0 3 0 #=P40
L 345 220 10 0 8 0 1 0 IO_L13N_SM14N_15_P40
A 405 220 10 0 2 0 PINTYPE=BI
P 19 400 230 350 230 0 3 0
A 355 230 10 0 3 0 #=R40
L 345 230 10 0 8 0 1 0 IO_L13P_SM14P_15_R40
A 405 230 10 0 2 0 PINTYPE=BI
P 20 400 240 350 240 0 3 0
A 355 240 10 0 3 0 #=V40
L 345 240 10 0 8 0 1 0 IO_L12N_SM13N_15_V40
A 405 240 10 0 2 0 PINTYPE=BI
P 21 400 250 350 250 0 3 0
A 355 250 10 0 3 0 #=U41
L 345 250 10 0 8 0 1 0 IO_L12P_SM13P_15_U41
A 405 250 10 0 2 0 PINTYPE=BI
P 22 400 260 350 260 0 3 0
A 355 260 10 0 3 0 #=W33
L 345 260 10 0 8 0 1 0 IO_L11N_SRCC_15_W33
A 405 260 10 0 2 0 PINTYPE=BI
P 23 400 270 350 270 0 3 0
A 355 270 10 0 3 0 #=W32
L 345 270 10 0 8 0 1 0 IO_L11P_SRCC_15_W32
A 405 270 10 0 2 0 PINTYPE=BI
P 24 400 280 350 280 0 3 0
A 355 280 10 0 3 0 #=U38
L 345 280 10 0 8 0 1 0 IO_L10N_MRCC_15_U38
A 405 280 10 0 2 0 PINTYPE=BI
P 25 400 290 350 290 0 3 0
A 355 290 10 0 3 0 #=V38
L 345 290 10 0 8 0 1 0 IO_L10P_MRCC_15_V38
A 405 290 10 0 2 0 PINTYPE=BI
P 26 400 300 350 300 0 3 0
A 355 300 10 0 3 0 #=N40
L 345 300 10 0 8 0 1 0 IO_L9N_MRCC_15_N40
A 405 300 10 0 2 0 PINTYPE=BI
P 27 400 310 350 310 0 3 0
A 355 310 10 0 3 0 #=N41
L 345 310 10 0 8 0 1 0 IO_L9P_MRCC_15_N41
A 405 310 10 0 2 0 PINTYPE=BI
P 28 400 320 350 320 0 3 0
A 355 320 10 0 3 0 #=T39
L 345 320 10 0 8 0 1 0 IO_L8N_SRCC_15_T39
A 405 320 10 0 2 0 PINTYPE=BI
P 29 400 330 350 330 0 3 0
A 355 330 10 0 3 0 #=T40
L 345 330 10 0 8 0 1 0 IO_L8P_SRCC_15_T40
A 405 330 10 0 2 0 PINTYPE=BI
P 30 400 340 350 340 0 3 0
A 355 340 10 0 3 0 #=T36
L 345 340 10 0 8 0 1 0 IO_L7N_SM12N_15_T36
A 405 340 10 0 2 0 PINTYPE=BI
P 31 400 350 350 350 0 3 0
A 355 350 10 0 3 0 #=R37
L 345 350 10 0 8 0 1 0 IO_L7P_SM12P_15_R37
A 405 350 10 0 2 0 PINTYPE=BI
P 32 400 360 350 360 0 3 0
A 355 360 10 0 3 0 #=W36
L 345 360 10 0 8 0 1 0 IO_L6N_SM11N_15_W36
A 405 360 10 0 2 0 PINTYPE=BI
P 33 400 370 350 370 0 3 0
A 355 370 10 0 3 0 #=W35
L 345 370 10 0 8 0 1 0 IO_L6P_SM11P_15_W35
A 405 370 10 0 2 0 PINTYPE=BI
P 34 400 380 350 380 0 3 0
A 355 380 10 0 3 0 #=T37
L 345 380 10 0 8 0 1 0 IO_L5N_SM10N_15_T37
A 405 380 10 0 2 0 PINTYPE=BI
P 35 400 390 350 390 0 3 0
A 355 390 10 0 3 0 #=U37
L 345 390 10 0 8 0 1 0 IO_L5P_SM10P_15_U37
A 405 390 10 0 2 0 PINTYPE=BI
P 36 400 400 350 400 0 3 0
A 355 400 10 0 3 0 #=V39
L 345 400 10 0 8 0 1 0 IO_L4N_VREF_15_V39
A 405 400 10 0 2 0 PINTYPE=BI
P 37 400 410 350 410 0 3 0
A 355 410 10 0 3 0 #=U39
L 345 410 10 0 8 0 1 0 IO_L4P_15_U39
A 405 410 10 0 2 0 PINTYPE=BI
P 38 400 420 350 420 0 3 0
A 355 420 10 0 3 0 #=V33
L 345 420 10 0 8 0 1 0 IO_L3N_SM9N_15_V33
A 405 420 10 0 2 0 PINTYPE=BI
P 39 400 430 350 430 0 3 0
A 355 430 10 0 3 0 #=U34
L 345 430 10 0 8 0 1 0 IO_L3P_SM9P_15_U34
A 405 430 10 0 2 0 PINTYPE=BI
P 40 400 440 350 440 0 3 0
A 355 440 10 0 3 0 #=U36
L 345 440 10 0 8 0 1 0 IO_L2N_SM8N_15_U36
A 405 440 10 0 2 0 PINTYPE=BI
P 41 400 450 350 450 0 3 0
A 355 450 10 0 3 0 #=V36
L 345 450 10 0 8 0 1 0 IO_L2P_SM8P_15_V36
A 405 450 10 0 2 0 PINTYPE=BI
P 42 400 460 350 460 0 3 0
A 355 460 10 0 3 0 #=M41
L 345 460 10 0 8 0 1 0 IO_L1N_15_M41
A 405 460 10 0 2 0 PINTYPE=BI
P 43 400 470 350 470 0 3 0
A 355 470 10 0 3 0 #=M42
L 345 470 10 0 8 0 1 0 IO_L1P_15_M42
A 405 470 10 0 2 0 PINTYPE=BI
P 44 400 480 350 480 0 3 0
A 355 480 10 0 3 0 #=R38
L 345 480 10 0 8 0 1 0 IO_L0N_15_R38
A 405 480 10 0 2 0 PINTYPE=BI
P 45 400 490 350 490 0 3 0
A 355 490 10 0 3 0 #=R39
L 345 490 10 0 8 0 1 0 IO_L0P_15_R39
A 405 490 10 0 2 0 PINTYPE=BI
T 220 510 20 0 5 6VLX550TFF1760
T 220 530 20 0 5 BANK 15
c 70 600 10
U 50 630 10 0 3 3 DEVICE=XXXXXX
U 50 30 16 0 3 3 REFDES=U?
U 250 30 10 0 3 3 PKG_TYPE=XXXXXX
U 0 0 10 0 3 0 HETERO=6vlx550tff1760_0,6vlx550tff1760_12,6vlx550tff1760_13,6vlx550tff1760_14,6vlx550tff1760_15,6vlx550tff1760_16,6vlx550tff1760_17,6vlx550tff1760_20,6vlx550tff1760_21,6vlx550tff1760_22,6vlx550tff1760_23,6vlx550tff1760_24,6vlx550tff1760_25,6vlx550tff1760_26,6vlx550tff1760_27,6vlx550tff1760_28,6vlx550tff1760_30,6vlx550tff1760_31,6vlx550tff1760_32,6vlx550tff1760_33,6vlx550tff1760_34,6vlx550tff1760_35,6vlx550tff1760_36,6vlx550tff1760_37,6vlx550tff1760_38,6vlx550tff1760_42,6vlx550tff1760_43,6vlx550tff1760_44,6vlx550tff1760_45,6vlx550tff1760_46,6vlx550tff1760_47,6vlx550tff1760_GND1,6vlx550tff1760_GND2,6vlx550tff1760_VCCAUX,6vlx550tff1760_VCCINT
U 0 -10 10 0 3 0 PARTS=1
U 0 -20 10 0 3 0 LEVEL=STD
U 0 -30 10 0 3 0 DATE=2009_01_06
E
