V 50
K 153165148200 6vlx550tff1760
Y 1
D 0 0 400 500
Z 10
i 946
b 50 50 350 450
P 1 0 100 50 100 0 2 0
A 45 100 10 0 9 0 #=R16
L 55 100 10 0 2 0 1 0 VCCO_0_R16
A 10 100 10 0 2 0 PINTYPE=BI
P 2 0 110 50 110 0 2 0
A 45 110 10 0 9 0 #=U15
L 55 110 10 0 2 0 1 0 VCCO_0_U15
A 10 110 10 0 2 0 PINTYPE=BI
P 3 400 100 350 100 0 3 0
A 355 100 10 0 3 0 #=AB21
L 345 100 10 0 8 0 1 0 VN_0_AB21
A 405 100 10 0 2 0 PINTYPE=BI
P 4 400 110 350 110 0 3 0
A 355 110 10 0 3 0 #=AA22
L 345 110 10 0 8 0 1 0 VP_0_AA22
A 405 110 10 0 2 0 PINTYPE=BI
P 5 400 120 350 120 0 3 0
A 355 120 10 0 3 0 #=AA21
L 345 120 10 0 8 0 1 0 VREFN_0_AA21
A 405 120 10 0 2 0 PINTYPE=BI
P 6 400 130 350 130 0 3 0
A 355 130 10 0 3 0 #=AB22
L 345 130 10 0 8 0 1 0 VREFP_0_AB22
A 405 130 10 0 2 0 PINTYPE=BI
P 7 400 140 350 140 0 3 0
A 355 140 10 0 3 0 #=AC21
L 345 140 10 0 8 0 1 0 DXN_0_AC21
A 405 140 10 0 2 0 PINTYPE=BI
P 8 400 150 350 150 0 3 0
A 355 150 10 0 3 0 #=AC22
L 345 150 10 0 8 0 1 0 DXP_0_AC22
A 405 150 10 0 2 0 PINTYPE=BI
P 9 400 160 350 160 0 3 0
A 355 160 10 0 3 0 #=Y21
L 345 160 10 0 8 0 1 0 AVSS_0_Y21
A 405 160 10 0 2 0 PINTYPE=BI
P 10 400 170 350 170 0 3 0
A 355 170 10 0 3 0 #=Y22
L 345 170 10 0 8 0 1 0 AVDD_0_Y22
A 405 170 10 0 2 0 PINTYPE=BI
P 11 400 180 350 180 0 3 0
A 355 180 10 0 3 0 #=U14
L 345 180 10 0 8 0 1 0 VBATT_0_U14
A 405 180 10 0 2 0 PINTYPE=BI
P 12 400 190 350 190 0 3 0
A 355 190 10 0 3 0 #=AG29
L 345 190 10 0 8 0 1 0 VFS_0_AG29
A 405 190 10 0 2 0 PINTYPE=BI
P 13 400 200 350 200 0 3 0
A 355 200 10 0 3 0 #=AH28
L 345 200 10 0 8 0 1 0 DOUT_BUSY_0_AH28
A 405 200 10 0 2 0 PINTYPE=BI
P 14 400 210 350 210 0 3 0
A 355 210 10 0 3 0 #=AF29
L 345 210 10 0 8 0 1 0 DIN_0_AF29
A 405 210 10 0 2 0 PINTYPE=BI
P 15 400 220 350 220 0 3 0
A 355 220 10 0 3 0 #=AF30
L 345 220 10 0 8 0 1 0 CSI_B_0_AF30
A 405 220 10 0 2 0 PINTYPE=BI
P 16 400 230 350 230 0 3 0
A 355 230 10 0 3 0 #=AD31
L 345 230 10 0 8 0 1 0 RDWR_B_0_AD31
A 405 230 10 0 2 0 PINTYPE=BI
P 17 400 240 350 240 0 3 0
A 355 240 10 0 3 0 #=T15
L 345 240 10 0 8 0 1 0 HSWAPEN_0_T15
A 405 240 10 0 2 0 PINTYPE=BI
P 18 400 250 350 250 0 3 0
A 355 250 10 0 3 0 #=T14
L 345 250 10 0 8 0 1 0 DONE_0_T14
A 405 250 10 0 2 0 PINTYPE=BI
P 19 400 260 350 260 0 3 0
A 355 260 10 0 3 0 #=T30
L 345 260 10 0 8 0 1 0 PROGRAM_B_0_T30
A 405 260 10 0 2 0 PINTYPE=BI
P 20 400 270 350 270 0 3 0
A 355 270 10 0 3 0 #=R14
L 345 270 10 0 8 0 1 0 INIT_B_0_R14
A 405 270 10 0 2 0 PINTYPE=BI
P 21 400 280 350 280 0 3 0
A 355 280 10 0 3 0 #=AF13
L 345 280 10 0 8 0 1 0 CCLK_0_AF13
A 405 280 10 0 2 0 PINTYPE=BI
P 22 400 290 350 290 0 3 0
A 355 290 10 0 3 0 #=AH13
L 345 290 10 0 8 0 1 0 TDO_0_AH13
A 405 290 10 0 2 0 PINTYPE=BI
P 23 400 300 350 300 0 3 0
A 355 300 10 0 3 0 #=AF14
L 345 300 10 0 8 0 1 0 TDI_0_AF14
A 405 300 10 0 2 0 PINTYPE=BI
P 24 400 310 350 310 0 3 0
A 355 310 10 0 3 0 #=AE12
L 345 310 10 0 8 0 1 0 TMS_0_AE12
A 405 310 10 0 2 0 PINTYPE=BI
P 25 400 320 350 320 0 3 0
A 355 320 10 0 3 0 #=AH14
L 345 320 10 0 8 0 1 0 TCK_0_AH14
A 405 320 10 0 2 0 PINTYPE=BI
P 26 400 330 350 330 0 3 0
A 355 330 10 0 3 0 #=R30
L 345 330 10 0 8 0 1 0 M0_0_R30
A 405 330 10 0 2 0 PINTYPE=BI
P 27 400 340 350 340 0 3 0
A 355 340 10 0 3 0 #=R29
L 345 340 10 0 8 0 1 0 M1_0_R29
A 405 340 10 0 2 0 PINTYPE=BI
P 28 400 350 350 350 0 3 0
A 355 350 10 0 3 0 #=T29
L 345 350 10 0 8 0 1 0 M2_0_T29
A 405 350 10 0 2 0 PINTYPE=BI
T 220 370 20 0 5 6VLX550TFF1760
T 220 390 20 0 5 BANK 0
c 70 430 10
U 50 460 10 0 3 3 DEVICE=XXXXXX
U 50 30 16 0 3 3 REFDES=U?
U 250 30 10 0 3 3 PKG_TYPE=XXXXXX
U 0 0 10 0 3 0 HETERO=6vlx550tff1760_0,6vlx550tff1760_12,6vlx550tff1760_13,6vlx550tff1760_14,6vlx550tff1760_15,6vlx550tff1760_16,6vlx550tff1760_17,6vlx550tff1760_20,6vlx550tff1760_21,6vlx550tff1760_22,6vlx550tff1760_23,6vlx550tff1760_24,6vlx550tff1760_25,6vlx550tff1760_26,6vlx550tff1760_27,6vlx550tff1760_28,6vlx550tff1760_30,6vlx550tff1760_31,6vlx550tff1760_32,6vlx550tff1760_33,6vlx550tff1760_34,6vlx550tff1760_35,6vlx550tff1760_36,6vlx550tff1760_37,6vlx550tff1760_38,6vlx550tff1760_42,6vlx550tff1760_43,6vlx550tff1760_44,6vlx550tff1760_45,6vlx550tff1760_46,6vlx550tff1760_47,6vlx550tff1760_GND1,6vlx550tff1760_GND2,6vlx550tff1760_VCCAUX,6vlx550tff1760_VCCINT
U 0 -10 10 0 3 0 PARTS=1
U 0 -20 10 0 3 0 LEVEL=STD
U 0 -30 10 0 3 0 DATE=2009_01_06
E
