V 51
K 208439027500 sn74lvc2g08
|R 6:45_10-16-11
Y 1
D 0 0 130 160
Z 10
i 17
U 0 -40 10 0 3 0 DIST_P/N=296-13263-1-ND
U 0 -20 10 0 3 0 DIST=DIGIKEY
U 0 -10 10 0 3 0 MANF=TI
U 0 -70 10 0 3 0 MANF_P/N=SN74LVC2G08DCTR
U 0 -30 10 0 3 0 VALUE=SN74LVC2G08
U 0 -50 10 0 3 0 PARTS=1
U 0 -60 10 0 3 0 LEVEL=STD
l 2 87 60 77 60
l 2 52 50 42 50
l 2 52 70 42 70
l 2 52 90 42 90
l 2 52 110 42 110
l 2 87 100 77 100
l 2 62 85 52 85
a 62 85 77 99 77 100
a 77 100 63 115 62 115
l 2 52 85 52 115
c 45 25 0
c 52 45 0
l 2 52 60 52 60
l 2 98 40 98 40
l 2 77 60 77 60
U 20 140 10 0 3 3 DEVICE=SN74LVC2G08
U 20 1 16 0 3 3 REFDES=U?
U 65 5 10 0 3 3 PKG_TYPE=SSOP_8
P 10 0 110 20 110 0 2 0
L 25 105 10 0 3 0 1 0 1A
A 0 110 10 0 3 0 PINTYPE=IN
A 10 110 10 0 3 3 #=1
P 6 0 90 20 90 0 2 0
L 25 85 10 0 3 0 1 0 1B
A -110 90 10 0 3 0 PINTYPE=IN
A 10 90 10 0 3 3 #=2
P 15 0 70 20 70 0 2 0
L 25 65 10 0 3 0 1 0 2A
A 0 70 10 0 3 0 PINTYPE=IN
A 10 70 10 0 3 3 #=5
P 14 0 50 20 50 0 2 0
L 25 45 10 0 3 0 1 0 2B
A -110 50 10 0 3 0 PINTYPE=IN
A 10 50 10 0 3 3 #=6
P 7 130 60 110 60 0 3 0
A 130 60 10 0 9 0 PINTYPE=OUT
A 115 60 10 0 3 3 #=3
L 93 55 10 0 3 0 1 0 2Y
P 1 130 100 110 100 0 3 0
L 93 95 10 0 3 0 1 0 1Y
A 150 100 10 0 3 0 PINTYPE=OUT
A 115 100 10 0 3 3 #=7
P 17 130 120 110 120 0 3 0
A 130 120 10 0 9 0 PINTYPE=IN
A 115 120 10 0 3 3 #=8
L 88 115 10 0 3 0 1 0 VCC
P 16 130 40 110 40 0 3 0
A 130 40 10 0 9 0 PINTYPE=IN
A 115 40 10 0 3 3 #=4
L 88 35 10 0 3 0 1 0 GND
l 2 52 45 52 75
l 2 62 75 52 75
l 2 62 45 52 45
a 62 45 77 59 77 60
a 77 60 63 75 62 75
l 2 62 115 52 115
b 20 20 110 140
E
