V 51
K 168400620400 74lvc1g32
|R 5:45_12-9-10
Y 1
D 0 0 100 80
Z 10
i 9
U 0 -70 10 0 3 0 DIST_P/N=296-9848-1-ND
U 0 -60 10 0 3 0 DIST=DIGIKEY
U 0 -50 10 0 3 0 MANF_P/N=SN74LVC1G32DCKR
U 0 -40 10 0 3 0 MANF=TI
U 0 -20 10 0 3 0 PARTS=1
U 0 -10 10 0 3 0 LEVEL=STD
P 7 100 60 80 60 0 3 0
L 60 55 10 0 3 0 1 0 VCC
A 90 60 10 0 9 3 #=5
A 100 60 10 0 9 0 PINTYPE=IN
P 8 100 20 80 20 0 3 0
L 60 20 10 0 3 0 1 0 GND
A 90 20 10 0 9 3 #=3
A 100 20 10 0 9 0 PINTYPE=IN
a 38 25 43 39 38 55
U 20 70 10 0 3 3 DEVICE=SN74LVC1G32
U 45 0 10 0 3 3 PKG_TYPE=SC70_5
U 15 -10 16 0 3 3 REFDES=U?
P 9 0 30 40 30 0 2 0
L 25 30 10 0 3 0 1 0 B
A 10 30 10 0 3 3 #=2
A 20 30 10 0 3 0 PINTYPE=IN
P 5 0 50 40 50 0 2 0
L 25 50 10 0 3 0 1 0 A
A 10 50 10 0 3 3 #=1
A 20 50 10 0 3 0 PINTYPE=IN
a 63 40 51 51 38 55
P 4 100 40 63 40 0 3 0
L 71 40 10 0 3 0 1 0 Y
A 90 40 10 0 9 3 #=4
A 83 40 10 0 9 0 PINTYPE=OUT
b 20 10 80 70
a 38 25 47 27 63 40
E
