V 51
K 32852025890 74lvc3g07
|R 4:05_2-17-13
Y 1
D 0 0 140 100
Z 10
i 8
U 0 -60 10 0 3 0 DIST_P/N=296-13283-1-ND
U 0 -50 10 0 3 0 DIST=DIGIKEY
U 0 -40 10 0 3 0 MFG_P/N=SN74LVC3G07DCUR
U 0 -30 10 0 3 0 MFG=TEXAS INSTRUMENTS
U 0 -20 10 0 3 0 PARTS=1
U 0 -10 10 0 3 0 LEVEL=STD
U 25 0 16 0 3 3 REFDES=U?
P 6 140 60 120 60 0 3 0
L 105 55 10 0 3 0 1 0 1Y
A 130 60 10 0 9 3 #=7
A 140 60 10 0 9 0 PINTYPE=OUT
P 7 140 70 120 70 0 3 0
L 100 65 10 0 3 0 1 0 VCC
A 130 70 10 0 9 3 #=8
A 140 70 10 0 9 0 PINTYPE=OUT
P 4 0 60 20 60 0 2 0
L 25 55 10 0 3 0 1 0 1A
A 10 60 10 0 3 3 #=1
A 0 60 10 0 3 0 PINTYPE=IN
P 3 0 50 20 50 0 2 0
L 25 45 10 0 3 0 1 0 2A
A 10 50 10 0 3 3 #=3
A 0 50 10 0 3 0 PINTYPE=IN
P 2 0 40 20 40 0 2 0
L 25 35 10 0 3 0 1 0 3A
A 10 40 10 0 3 3 #=6
A 0 40 10 0 3 0 PINTYPE=IN
P 5 140 50 120 50 0 3 0
L 105 45 10 0 3 0 1 0 2Y
A 130 50 10 0 9 3 #=5
A 140 50 10 0 9 0 PINTYPE=OUT
P 1 140 40 120 40 0 3 0
L 105 35 10 0 3 0 1 0 3Y
A 130 40 10 0 9 3 #=2
A 140 40 10 0 9 0 PINTYPE=OUT
P 8 140 30 120 30 0 3 0
L 100 25 10 0 3 0 1 0 GND
A 130 30 10 0 9 3 #=4
A 140 30 10 0 9 0 PINTYPE=OUT
l 2 95 50 85 50
l 2 45 50 60 50
l 2 67 50 70 47
l 2 73 50 70 53
l 2 70 53 67 50
l 2 60 35 85 50
l 2 85 50 60 65
l 2 60 35 60 65
l 2 73 47 67 47
l 2 70 47 73 50
b 20 20 120 80
U 65 5 10 0 3 0 PKG_TYPE=DCU_R_PDSO_G8
U 60 5 10 0 3 3 DEVICE=SN74LVC3G07
E
