V 50
K 153165148200 xc7vx690tffg1761
Y 1
D 0 0 400 440
Z 10
i 946
b 50 50 350 390
P 1 400 100 350 100 0 3 0
A 355 100 10 0 3 0 #=B11
L 345 100 10 0 8 0 1 0 MGTRREF_115_B11
A 405 100 10 0 2 0 PINTYPE=BI
P 2 400 110 350 110 0 3 0
A 355 110 10 0 3 0 #=A12
L 345 110 10 0 8 0 1 0 MGTAVTTRCAL_115_A12
A 405 110 10 0 2 0 PINTYPE=BI
P 3 400 120 350 120 0 3 0
A 355 120 10 0 3 0 #=AB7
L 345 120 10 0 8 0 1 0 MGTREFCLK1N_115_AB7
A 405 120 10 0 2 0 PINTYPE=BI
P 4 400 130 350 130 0 3 0
A 355 130 10 0 3 0 #=AB8
L 345 130 10 0 8 0 1 0 MGTREFCLK1P_115_AB8
A 405 130 10 0 2 0 PINTYPE=BI
P 5 400 140 350 140 0 3 0
A 355 140 10 0 3 0 #=Y7
L 345 140 10 0 8 0 1 0 MGTREFCLK0N_115_Y7
A 405 140 10 0 2 0 PINTYPE=BI
P 6 400 150 350 150 0 3 0
A 355 150 10 0 3 0 #=Y8
L 345 150 10 0 8 0 1 0 MGTREFCLK0P_115_Y8
A 405 150 10 0 2 0 PINTYPE=BI
P 7 400 160 350 160 0 3 0
A 355 160 10 0 3 0 #=Y3
L 345 160 10 0 8 0 1 0 MGTHRXN3_115_Y3
A 405 160 10 0 2 0 PINTYPE=BI
P 8 400 170 350 170 0 3 0
A 355 170 10 0 3 0 #=Y4
L 345 170 10 0 8 0 1 0 MGTHRXP3_115_Y4
A 405 170 10 0 2 0 PINTYPE=BI
P 9 400 180 350 180 0 3 0
A 355 180 10 0 3 0 #=W1
L 345 180 10 0 8 0 1 0 MGTHTXN3_115_W1
A 405 180 10 0 2 0 PINTYPE=BI
P 10 400 190 350 190 0 3 0
A 355 190 10 0 3 0 #=W2
L 345 190 10 0 8 0 1 0 MGTHTXP3_115_W2
A 405 190 10 0 2 0 PINTYPE=BI
P 11 400 200 350 200 0 3 0
A 355 200 10 0 3 0 #=AA5
L 345 200 10 0 8 0 1 0 MGTHRXN2_115_AA5
A 405 200 10 0 2 0 PINTYPE=BI
P 12 400 210 350 210 0 3 0
A 355 210 10 0 3 0 #=AA6
L 345 210 10 0 8 0 1 0 MGTHRXP2_115_AA6
A 405 210 10 0 2 0 PINTYPE=BI
P 13 400 220 350 220 0 3 0
A 355 220 10 0 3 0 #=AA1
L 345 220 10 0 8 0 1 0 MGTHTXN2_115_AA1
A 405 220 10 0 2 0 PINTYPE=BI
P 14 400 230 350 230 0 3 0
A 355 230 10 0 3 0 #=AA2
L 345 230 10 0 8 0 1 0 MGTHTXP2_115_AA2
A 405 230 10 0 2 0 PINTYPE=BI
P 15 400 240 350 240 0 3 0
A 355 240 10 0 3 0 #=AB3
L 345 240 10 0 8 0 1 0 MGTHRXN1_115_AB3
A 405 240 10 0 2 0 PINTYPE=BI
P 16 400 250 350 250 0 3 0
A 355 250 10 0 3 0 #=AB4
L 345 250 10 0 8 0 1 0 MGTHRXP1_115_AB4
A 405 250 10 0 2 0 PINTYPE=BI
P 17 400 260 350 260 0 3 0
A 355 260 10 0 3 0 #=AC1
L 345 260 10 0 8 0 1 0 MGTHTXN1_115_AC1
A 405 260 10 0 2 0 PINTYPE=BI
P 18 400 270 350 270 0 3 0
A 355 270 10 0 3 0 #=AC2
L 345 270 10 0 8 0 1 0 MGTHTXP1_115_AC2
A 405 270 10 0 2 0 PINTYPE=BI
P 19 400 280 350 280 0 3 0
A 355 280 10 0 3 0 #=AC5
L 345 280 10 0 8 0 1 0 MGTHRXN0_115_AC5
A 405 280 10 0 2 0 PINTYPE=BI
P 20 400 290 350 290 0 3 0
A 355 290 10 0 3 0 #=AC6
L 345 290 10 0 8 0 1 0 MGTHRXP0_115_AC6
A 405 290 10 0 2 0 PINTYPE=BI
P 21 400 300 350 300 0 3 0
A 355 300 10 0 3 0 #=AE1
L 345 300 10 0 8 0 1 0 MGTHTXN0_115_AE1
A 405 300 10 0 2 0 PINTYPE=BI
P 22 400 310 350 310 0 3 0
A 355 310 10 0 3 0 #=AE2
L 345 310 10 0 8 0 1 0 MGTHTXP0_115_AE2
A 405 310 10 0 2 0 PINTYPE=BI
T 220 330 20 0 5 XC7VX690TFFG1761
T 220 350 20 0 5 BANK 115
c 70 370 10
U 50 400 10 0 3 3 DEVICE=XXXXXX
U 50 30 16 0 3 3 REFDES=U?
U 250 30 10 0 3 3 PKG_TYPE=XXXXXX
U 0 0 10 0 3 0 HETERO=7vx690tffg1761b_0,7vx690tffg1761b_12,7vx690tffg1761b_13,7vx690tffg1761b_14,7vx690tffg1761b_15,7vx690tffg1761b_16,7vx690tffg1761b_17,7vx690tffg1761b_18,7vx690tffg1761b_19,7vx690tffg1761b_31,7vx690tffg1761b_32,7vx690tffg1761b_33,7vx690tffg1761b_34,7vx690tffg1761b_35,7vx690tffg1761b_36,7vx690tffg1761b_37,7vx690tffg1761b_38,7vx690tffg1761b_39,7vx690tffg1761b_111,7vx690tffg1761b_112,7vx690tffg1761b_113,7vx690tffg1761b_114,7vx690tffg1761b_115,7vx690tffg1761b_116,7vx690tffg1761b_117,7vx690tffg1761b_118,7vx690tffg1761b_119,7vx690tffg1761b_MGTAVCC_G11,7vx690tffg1761b_MGTAVCC_G10,7vx690tffg1761b_MGTAVTT_G11,7vx690tffg1761b_MGTAVTT_G10,7vx690tffg1761b_MGTVCCAUX_G11,7vx690tffg1761b_MGTVCCAUX_G10,7vx690tffg1761b_GND1,7vx690tffg1761b_GND2,7vx690tffg1761b_VCCINT,7vx690tffg1761b_VCCAUX,7vx690tffg1761b_VCCAUX_IO_G0,7vx690tffg1761b_VCCAUX_IO_G1,7vx690tffg1761b_VCCAUX_IO_G2,7vx690tffg1761b_VCCAUX_IO_G3,7vx690tffg1761b_VCCAUX_IO_G4,7vx690tffg1761b_VCCAUX_IO_G5,7vx690tffg1761b_VCCBRAM,7vx690tffg1761b_NC
U 0 -10 10 0 3 0 PARTS=1
U 0 -20 10 0 3 0 LEVEL=STD
U 0 -30 10 0 3 0 DATE=2011_09_22
E