V 53
K 1357322557 88E1512_QFN56.1
F Case
|R 11:02:37_1-4-13
D 0 504 260 0
Y 1
Z 10
i 58
U 50 490 10 0 3 3 DEVICE=88E1512
U 40 0 10 0 3 3 REFDES=U?
U 0 -30 10 0 3 0 PARTS=1
U 0 -40 10 0 3 0 LEVEL=STD
U 180 0 10 0 3 3 PKG_TYPE=QFN_56
U 0 0 10 0 1 0 FORWARD_PCB=1
b 40 20 220 490
|GRPHSTL 3249763 0 0 1
P 2 260 330 220 330 0 3 0
L 210 330 10 0 8 0 1 0 S_INP
A 225 328 10 0 3 3 #=1
A 230 335 10 0 8 0 PINTYPE=BI
P 3 260 320 220 320 0 3 0
L 210 320 10 0 8 0 1 0 S_INN
A 225 318 10 0 3 3 #=2
A 230 325 10 0 8 0 PINTYPE=BI
P 4 260 300 220 300 0 3 0
L 210 300 10 0 8 0 1 0 S_OUTP
A 225 298 10 0 3 3 #=4
A 230 305 10 0 8 0 PINTYPE=BI
P 5 260 290 220 290 0 3 0
L 210 290 10 0 8 0 1 0 S_OUTN
A 225 288 10 0 3 3 #=5
A 230 295 10 0 8 0 PINTYPE=BI
P 6 0 480 40 480 0 2 0
L 50 480 10 0 2 0 1 0 MDC
A 35 478 10 0 9 3 #=7
A 30 485 10 0 2 0 PINTYPE=BI
P 7 0 470 40 470 0 2 0
L 50 470 10 0 2 0 1 0 MDIO
A 35 468 10 0 9 3 #=8
A 30 475 10 0 2 0 PINTYPE=BI
P 8 0 440 40 440 0 2 0
L 50 440 10 0 2 0 1 0 CLK125
A 35 438 10 0 9 3 #=9
A 30 445 10 0 2 0 PINTYPE=BI
P 9 0 410 40 410 0 2 0
L 50 410 10 0 2 0 1 0 CONFIG
A 35 408 10 0 9 3 #=15
A 20 415 10 0 2 0 PINTYPE=BI
P 10 0 430 40 430 0 2 0
L 50 430 10 0 2 0 1 0 RESETN
A 35 428 10 0 9 3 #=16
A 20 435 10 0 2 0 PINTYPE=BI
P 11 0 420 40 420 0 2 0
L 50 420 10 0 2 0 1 0 TSTPT
A 35 418 10 0 9 3 #=29
A 20 425 10 0 2 0 PINTYPE=BI
P 12 0 90 40 90 0 2 0
L 50 90 10 0 2 0 1 0 RSET
A 35 88 10 0 9 3 #=30
A 20 95 10 0 2 0 PINTYPE=BI
P 13 260 360 220 360 0 3 0
L 210 360 10 0 8 0 1 0 HSDACN
A 225 358 10 0 3 3 #=31
A 240 365 10 0 8 0 PINTYPE=BI
P 14 260 350 220 350 0 3 0
L 210 350 10 0 8 0 1 0 HSDACP
A 225 348 10 0 3 3 #=32
A 240 355 10 0 8 0 PINTYPE=BI
P 15 0 190 40 190 0 2 0
L 50 190 10 0 2 0 1 0 XTALOUT
A 35 188 10 0 9 3 #=33
A 20 195 10 0 2 0 PINTYPE=BI
P 16 0 180 40 180 0 2 0
L 50 180 10 0 2 0 1 0 XTALIN
A 35 178 10 0 9 3 #=34
A 20 185 10 0 2 0 PINTYPE=BI
P 17 0 350 40 350 0 2 0
L 50 350 10 0 2 0 1 0 RX_CTRL
A 35 348 10 0 9 3 #=43
A 20 355 10 0 2 0 PINTYPE=BI
P 18 0 330 40 330 0 2 0
L 50 330 10 0 2 0 1 0 RXD0
A 35 328 10 0 9 3 #=44
A 20 335 10 0 2 0 PINTYPE=BI
P 19 0 320 40 320 0 2 0
L 50 320 10 0 2 0 1 0 RXD1
A 35 318 10 0 9 3 #=45
A 20 325 10 0 2 0 PINTYPE=BI
P 20 0 360 40 360 0 2 0
L 50 360 10 0 2 0 1 0 RX_CLK
A 35 358 10 0 9 3 #=46
A 20 365 10 0 2 0 PINTYPE=BI
P 21 0 310 40 310 0 2 0
L 50 310 10 0 2 0 1 0 RXD2
A 35 308 10 0 9 3 #=47
A 20 315 10 0 2 0 PINTYPE=BI
P 22 0 300 40 300 0 2 0
L 50 300 10 0 2 0 1 0 RXD3
A 35 298 10 0 9 3 #=48
A 20 305 10 0 2 0 PINTYPE=BI
P 23 0 250 40 250 0 2 0
L 50 250 10 0 2 0 1 0 TXD0
A 35 248 10 0 9 3 #=50
A 20 255 10 0 2 0 PINTYPE=BI
P 24 0 240 40 240 0 2 0
L 50 240 10 0 2 0 1 0 TXD1
A 35 238 10 0 9 3 #=51
A 20 245 10 0 2 0 PINTYPE=BI
P 25 0 280 40 280 0 2 0
L 50 280 10 0 2 0 1 0 TX_CLK
A 35 278 10 0 9 3 #=53
A 20 285 10 0 2 0 PINTYPE=BI
P 26 0 230 40 230 0 2 0
L 50 230 10 0 2 0 1 0 TXD2
A 35 228 10 0 9 3 #=54
A 20 235 10 0 2 0 PINTYPE=BI
P 27 0 220 40 220 0 2 0
L 50 220 10 0 2 0 1 0 TXD3
A 35 218 10 0 9 3 #=55
A 20 225 10 0 2 0 PINTYPE=BI
P 28 0 270 40 270 0 2 0
L 50 270 10 0 2 0 1 0 TX_CTL
A 35 268 10 0 9 3 #=56
A 20 275 10 0 2 0 PINTYPE=BI
P 29 260 120 220 120 0 3 0
L 210 120 10 0 8 0 1 0 AVDD18_1
A 223 117 10 0 3 3 #=3
A 240 125 10 0 2 0 PINTYPE=BI
P 30 0 40 40 40 0 2 0
L 50 40 10 0 2 0 1 0 DVDD1
A 37 37 10 0 9 3 #=6
A 20 45 10 0 8 0 PINTYPE=BI
P 31 0 80 40 80 0 2 0
L 50 80 10 0 2 0 1 0 VDD0_SEL
A 37 77 10 0 9 3 #=10
A 20 85 10 0 8 0 PINTYPE=BI
P 32 260 30 220 30 0 3 0
L 210 30 10 0 8 0 1 0 VDDO1
A 223 27 10 0 3 3 #=11
A 240 35 10 0 2 0 PINTYPE=BI
P 33 260 240 220 240 0 3 0
L 210 240 10 0 8 0 1 0 LED2_INTN
A 223 237 10 0 3 3 #=12
A 240 245 10 0 2 0 PINTYPE=BI
P 34 260 250 220 250 0 3 0
L 210 250 10 0 8 0 1 0 LED1
A 223 247 10 0 3 3 #=13
A 240 255 10 0 2 0 PINTYPE=BI
P 35 260 260 220 260 0 3 0
L 210 260 10 0 8 0 1 0 LED0
A 223 257 10 0 3 3 #=14
A 240 265 10 0 2 0 PINTYPE=BI
P 36 260 380 220 380 0 3 0
L 210 380 10 0 8 0 1 0 MDIN3
A 223 377 10 0 3 3 #=17
A 240 385 10 0 2 0 PINTYPE=BI
P 37 260 390 220 390 0 3 0
L 210 390 10 0 8 0 1 0 MDIP3
A 223 387 10 0 3 3 #=18
A 240 395 10 0 2 0 PINTYPE=BI
P 38 260 110 220 110 0 3 0
L 210 110 10 0 8 0 1 0 AVDD18_2
A 223 107 10 0 3 3 #=19
A 240 115 10 0 2 0 PINTYPE=BI
P 39 260 190 220 190 0 3 0
L 210 190 10 0 8 0 1 0 AVDD33_1
A 223 187 10 0 3 3 #=20
A 240 195 10 0 2 0 PINTYPE=BI
P 40 260 410 220 410 0 3 0
L 210 410 10 0 8 0 1 0 MDIN2
A 223 407 10 0 3 3 #=21
A 240 415 10 0 2 0 PINTYPE=BI
P 41 260 420 220 420 0 3 0
L 210 420 10 0 8 0 1 0 MDIP2
A 223 417 10 0 3 3 #=22
A 240 425 10 0 2 0 PINTYPE=BI
P 42 260 440 220 440 0 3 0
L 210 440 10 0 8 0 1 0 MDIN1
A 223 437 10 0 3 3 #=23
A 240 445 10 0 2 0 PINTYPE=BI
P 43 260 450 220 450 0 3 0
L 210 450 10 0 8 0 1 0 MDIP1
A 223 447 10 0 3 3 #=24
A 240 455 10 0 2 0 PINTYPE=BI
P 44 260 180 220 180 0 3 0
L 210 180 10 0 8 0 1 0 AVDD33_2
A 223 177 10 0 3 3 #=25
A 240 185 10 0 2 0 PINTYPE=BI
P 45 260 100 220 100 0 3 0
L 210 100 10 0 8 0 1 0 AVDD18_3
A 223 97 10 0 3 3 #=26
A 240 105 10 0 2 0 PINTYPE=BI
P 46 260 470 220 470 0 3 0
L 210 470 10 0 8 0 1 0 MDIN0
A 223 467 10 0 3 3 #=27
A 240 475 10 0 2 0 PINTYPE=BI
P 47 260 480 220 480 0 3 0
L 210 480 10 0 8 0 1 0 MDIP0
A 223 477 10 0 3 3 #=28
A 240 485 10 0 2 0 PINTYPE=BI
P 48 260 70 220 70 0 3 0
L 210 70 10 0 8 0 1 0 AVDDC18
A 223 67 10 0 3 3 #=35
A 240 75 10 0 2 0 PINTYPE=BI
P 49 0 150 40 150 0 2 0
L 50 150 10 0 2 0 1 0 REG_IN
A 37 147 10 0 9 3 #=36
A 20 155 10 0 8 0 PINTYPE=BI
P 50 0 110 40 110 0 2 0
L 50 110 10 0 2 0 1 0 REGCAP1
A 37 107 10 0 9 3 #=37
A 20 115 10 0 8 0 PINTYPE=BI
P 51 260 90 220 90 0 3 0
L 210 90 10 0 8 0 1 0 AVDD18_4
A 223 87 10 0 3 3 #=38
A 240 95 10 0 2 0 PINTYPE=BI
P 52 260 150 220 150 0 3 0
L 210 150 10 0 8 0 1 0 AVDD18_OUT
A 223 147 10 0 3 3 #=39
A 240 155 10 0 2 0 PINTYPE=BI
P 53 0 60 40 60 0 2 0
L 50 60 10 0 2 0 1 0 DVDD_OUT
A 37 57 10 0 9 3 #=40
A 20 65 10 0 8 0 PINTYPE=BI
P 54 0 130 40 130 0 2 0
L 50 130 10 0 2 0 1 0 REGCAP2
A 37 127 10 0 9 3 #=41
A 20 135 10 0 8 0 PINTYPE=BI
P 55 0 30 40 30 0 2 0
L 50 30 10 0 2 0 1 0 DVDD2
A 37 27 10 0 9 3 #=42
A 20 35 10 0 8 0 PINTYPE=BI
P 56 260 50 220 50 0 3 0
L 210 50 10 0 8 0 1 0 VDDO2
A 223 47 10 0 3 3 #=49
A 240 55 10 0 2 0 PINTYPE=BI
P 57 260 40 220 40 0 3 0
L 210 40 10 0 8 0 1 0 VDDO3
A 223 37 10 0 3 3 #=52
A 240 45 10 0 2 0 PINTYPE=BI
P 58 130 0 130 20 0 1 0
L 130 30 10 1 2 0 1 0 EPAD_VSS
A 130 20 10 1 9 3 #=57
A 135 20 10 1 2 0 PINTYPE=BI
E 
