V 51
K 235412616600 abm8_xtal
|R 21:53_11-29-10
Y 1
D 0 0 90 50
Z 10
i 10
U 0 -120 10 0 3 0 LEVEL=STD
U 0 -110 10 0 3 0 PARTS=1
U 0 50 10 0 3 0 PKG_TYPE=XXXX
l 2 25 40 10 40
l 2 10 10 25 10
b 25 20 55 30
l 4 40 15 40 15 40 10 25 10
l 2 50 15 30 15
l 2 50 35 30 35
l 4 40 35 40 35 40 40 25 40
U 0 -70 10 0 3 0 DEVICE=XXXX
P 8 90 40 80 40 0 3 0
A 100 40 10 0 9 0 PINTYPE=BI
L 60 35 10 0 3 0 1 0 GND1
A 85 40 10 0 9 3 #=2
P 9 90 10 80 10 0 3 0
L 60 5 10 0 3 0 1 0 GND2
A 100 10 10 0 9 0 PINTYPE=BI
A 85 10 10 0 9 3 #=4
P 3 0 10 10 10 0 2 0
A 5 10 10 0 3 3 #=3
L 25 0 10 0 9 0 1 0 X2
A -15 -10 10 0 7 0 PINTYPE=BI
P 1 0 40 10 40 0 2 0
A -15 20 10 0 7 0 PINTYPE=BI
L 25 40 10 0 9 0 1 0 X1
A 5 40 10 0 3 3 #=1
U 10 50 10 0 3 3 VALUE=MHZ?
U 20 -15 16 0 6 3 REFDES=X?
b 10 0 80 50
U 50 -10 10 0 3 3 TOLERANCE=XXPPM
E
