V 53
K 1398991372 ad8616.1
F Case
|R 17:42:52_5-1-14
D 0 115 160 -45
Y 1
Z 10
i 91
U 0 -40 10 0 3 0 MANF_P/N=XXXXX
U 20 -45 16 0 3 3 REFDES=U?
U 100 -40 10 0 3 3 PKG_TYPE=XXXXX
U 25 100 10 0 3 3 DEVICE=AD8616
U 0 -45 10 0 1 0 FORWARD_PCB=1
b 20 -25 140 100
|GRPHSTL 32000 0 0 1
l 2 91 13 87 13 
l 2 89 13 87 15 
l 2 89 13 91 15 
l 2 91 15 89 17 
l 2 87 15 89 17 
l 2 106 15 96 15 
l 2 71 -5 96 15 
l 2 96 15 71 35 
l 2 71 25 61 25 
l 2 71 -5 71 35 
c 68 5 3
l 2 65 5 61 5 
l 2 91 58 87 58 
l 2 89 58 87 60 
l 2 89 58 91 60 
l 2 91 60 89 62 
l 2 87 60 89 62 
l 2 106 60 96 60 
l 2 71 40 96 60 
l 2 96 60 71 80 
l 2 71 70 61 70 
l 2 71 40 71 80 
c 68 50 3
l 2 65 50 61 50 
P 1 0 70 20 70 0 2 0
L 25 70 10 0 2 0 1 0 INA_P
Q 15 0 0
|FNTSTL 16777215 0
A 15 70 10 0 9 3 #=3
A 0 70 10 0 3 0 PINTYPE=IN
P 2 0 50 20 50 0 2 0
L 25 50 10 0 2 0 1 0 INA_N
Q 15 0 0
|FNTSTL 16777215 0
A 15 50 10 0 9 3 #=2
A 0 50 10 0 3 0 PINTYPE=IN
P 3 160 -5 140 -5 0 3 0
L 135 -5 10 0 8 0 1 0 V_N
Q 15 0 0
|FNTSTL 16777215 0
A 150 -5 10 0 9 3 #=4
A 160 -5 10 0 9 0 PINTYPE=IN
P 4 160 80 140 80 0 3 0
L 135 80 10 0 8 0 1 0 V_P
Q 15 0 0
|FNTSTL 16777215 0
A 150 80 10 0 9 3 #=8
A 160 80 10 0 9 0 PINTYPE=IN
P 5 160 60 140 60 0 3 0
L 135 60 10 0 8 0 1 0 OUTA
Q 15 0 0
|FNTSTL 16777215 0
A 150 60 10 0 9 3 #=1
A 160 60 10 0 9 0 PINTYPE=IN
P 80 0 25 20 25 0 2 0
L 25 25 10 0 2 0 1 0 INB_P
Q 15 0 0
|FNTSTL 16777215 0
A 15 25 10 0 9 3 #=5
A 0 25 10 0 3 0 PINTYPE=IN
P 82 0 5 20 5 0 2 0
L 25 5 10 0 2 0 1 0 INB_N
Q 15 0 0
|FNTSTL 16777215 0
A 15 5 10 0 9 3 #=6
A 0 5 10 0 3 0 PINTYPE=IN
P 90 160 15 140 15 0 3 0
L 135 15 10 0 8 0 1 0 OUTB
Q 15 0 0
|FNTSTL 16777215 0
A 150 15 10 0 9 3 #=7
A 160 15 10 0 9 0 PINTYPE=IN
E 
