V 53
K 1439492610 ADG774BRQZ.1
F Case
|R 12:03:30_8-13-15
D -15 120 110 -110
Y 1
Z 10
i 82
U 5 100 10 0 3 3 DEVICE=ADG774
U 90 -105 10 0 9 3 PKG_TYPE=TBD
U -55 -8 10 0 1 0 MANF=Analog Devices
U -55 -20 10 0 1 0 MANF_P/N=ADG774BRQZ
U 5 -110 16 0 3 3 REFDES=U?
U -55 -45 10 0 1 0 VALUE=ADG774A
U -84546 84546 5 0 1 0 Primitive=YES
U -15 -110 10 0 1 0 FORWARD_PCB=1
l 5 50 -40 48 -40 49 -39 50 -40 65 -40 
l 5 50 -30 48 -30 49 -31 50 -30 65 -30 
l 5 50 -10 48 -10 49 -9 50 -10 65 -10 
l 5 50 0 48 0 49 -1 50 0 65 0 
l 5 50 20 48 20 49 21 50 20 65 20 
l 5 50 30 48 30 49 29 50 30 65 30 
l 5 50 50 48 50 49 51 50 50 65 50 
l 5 50 60 48 60 49 59 50 60 65 60 
l 2 45 72 45 74 
l 2 45 68 45 70 
l 2 45 64 45 66 
l 2 45 60 45 62 
l 2 45 -32 45 -34 
l 2 45 -28 45 -30 
l 2 45 -24 45 -26 
l 2 45 -20 45 -22 
l 2 45 -16 45 -18 
l 2 45 -12 45 -14 
l 2 45 -2 45 -4 
l 2 45 2 45 0 
l 2 45 6 45 4 
l 2 45 10 45 8 
l 2 45 14 45 12 
l 2 45 18 45 16 
l 2 45 28 45 26 
l 2 45 32 45 30 
l 2 45 36 45 34 
l 2 45 40 45 38 
l 2 45 44 45 42 
l 2 45 48 45 46 
l 2 45 56 45 58 
l 2 45 76 45 78 
l 2 29 80 25 80 
l 2 31 80 29 80 
l 2 37 80 33 80 
l 2 39 80 37 80 
l 2 45 80 41 80 
b 5 -90 90 100
c 40 50 1
|GRPHSTL -1 1 0 1
l 3 25 50 40 50 50 55 
c 40 20 1
|GRPHSTL -1 1 0 1
l 3 25 20 40 20 50 25 
c 40 -10 1
|GRPHSTL -1 1 0 1
l 3 25 -10 40 -10 50 -5 
c 40 -40 1
|GRPHSTL -1 1 0 1
l 3 25 -40 40 -40 50 -35 
P 12 110 50 90 50 0 3 0
L 85 50 10 0 8 0 1 0 S1B
A 110 50 5 0 1 0 PINTYPE=BI
A 105 50 10 0 9 3 #=3
P 15 -15 50 5 50 0 2 0
L 10 50 10 0 2 0 1 0 D1
A -15 50 5 0 7 0 PINTYPE=BI
A 0 50 10 0 9 3 #=4
P 18 110 30 90 30 0 3 0
L 85 30 10 0 8 0 1 0 S2A
A 110 30 5 0 1 0 PINTYPE=BI
A 105 30 10 0 9 3 #=5
P 21 110 20 90 20 0 3 0
L 85 20 10 0 8 0 1 0 S2B
A 110 20 5 0 1 0 PINTYPE=BI
A 105 20 10 0 9 3 #=6
P 24 -15 20 5 20 0 2 0
L 10 20 10 0 2 0 1 0 D2
A -15 20 5 0 7 0 PINTYPE=BI
A 0 20 10 0 9 3 #=7
P 27 -15 -40 5 -40 0 2 0
L 10 -40 10 0 2 0 1 0 D4
A -15 -40 5 0 1 0 PINTYPE=IN
A 0 -40 10 0 9 3 #=12
P 30 110 -70 90 -70 0 3 0
L 85 -70 10 0 8 0 1 0 GND
A 110 -70 5 0 7 0 PINTYPE=IN
A 105 -70 10 0 9 3 #=8
P 33 110 0 90 0 0 3 0
L 85 0 10 0 8 0 1 0 S3A
A 105 0 10 0 9 3 #=11
A 110 0 5 0 7 0 PINTYPE=IN
P 36 110 -10 90 -10 0 3 0
L 85 -10 10 0 8 0 1 0 S3B
A 105 -10 10 0 9 3 #=10
A 110 -10 5 0 7 0 PINTYPE=BI
P 39 -15 -10 5 -10 0 2 0
L 10 -10 10 0 2 0 1 0 D3
A 0 -10 10 0 9 3 #=9
A -15 -10 5 0 1 0 PINTYPE=BI
P 66 110 60 90 60 0 3 0
L 85 60 10 0 8 0 1 0 S1A
A 105 60 10 0 9 3 #=2
A 110 60 5 0 1 0 PINTYPE=BI
P 69 110 -30 90 -30 0 3 0
L 85 -30 10 0 8 0 1 0 S4A
A 105 -30 10 0 9 3 #=14
A 110 -30 5 0 1 0 PINTYPE=BI
P 72 110 -40 90 -40 0 3 0
L 85 -40 10 0 8 0 1 0 S4B
A 105 -40 10 0 9 3 #=13
A 110 -40 5 0 1 0 PINTYPE=BI
P 75 -15 80 5 80 0 2 0
L 10 80 10 0 2 0 1 0 IN
A 0 80 10 0 9 3 #=1
A -15 80 5 0 1 0 PINTYPE=IN
P 78 -15 -70 5 -70 0 2 0
L 10 -70 10 0 2 0 1 0 EN_B
A 0 -70 10 0 9 3 #=15
A -15 -70 5 0 1 0 PINTYPE=IN
P 81 110 80 90 80 0 3 0
L 89 80 10 0 8 0 1 0 VDD
A 95 80 10 0 3 3 #=16
A 110 80 5 0 1 0 PINTYPE=IN
E 
