V 53
K 1450205566 ADG774BRQZ_ALT1.1
F Case
|R 10:52:46_12-15-15
D 0 180 120 0
Y 1
Z 10
i 33
U 0 -40 10 0 3 0 MANF_P/N=ADG774BRQZ
U 0 -30 10 0 3 0 MANF=ANALOG DEVICES
U 0 -20 10 0 3 0 PARTS=1
U 20 0 16 0 3 3 REFDES=U?
U 55 10 10 0 3 3 PKG_TYPE=SSOP_16_GN
U 25 160 10 0 3 3 DEVICE=ADG774
U 20 0 10 0 1 0 VALUE=ADG774A
U 0 0 10 0 1 0 FORWARD_PCB=1
b 20 20 100 160
P 1 0 115 20 115 0 2 0
L 25 110 10 0 3 0 1 0 S1B
A 0 115 10 0 3 0 PINTYPE=BI
A 5 115 10 0 3 3 #=3
P 9 120 115 100 115 0 3 0
L 85 110 10 0 3 0 1 0 D1
A 120 115 10 0 9 0 PINTYPE=BI
A 110 115 10 0 9 3 #=4
P 10 0 55 20 55 0 2 0
L 25 50 10 0 3 0 1 0 S2A
A 0 55 10 0 3 0 PINTYPE=BI
A 5 55 10 0 3 3 #=5
P 11 0 105 20 105 0 2 0
L 25 100 10 0 3 0 1 0 S2B
A 0 105 10 0 3 0 PINTYPE=BI
A 5 105 10 0 3 3 #=6
P 12 0 65 20 65 0 2 0
L 25 60 10 0 3 0 1 0 S1A
A 0 65 10 0 3 0 PINTYPE=BI
A 5 65 10 0 3 3 #=2
P 13 0 95 20 95 0 2 0
L 25 90 10 0 3 0 1 0 S3B
A 0 95 10 0 3 0 PINTYPE=BI
A 5 95 10 0 3 3 #=10
P 14 0 45 20 45 0 2 0
L 25 40 10 0 3 0 1 0 S3A
A 0 45 10 0 3 0 PINTYPE=BI
A 5 45 10 0 3 3 #=11
P 15 0 85 20 85 0 2 0
L 25 80 10 0 3 0 1 0 S4B
A 0 85 10 0 3 0 PINTYPE=BI
A 5 85 10 0 3 3 #=13
P 16 0 35 20 35 0 2 0
L 25 30 10 0 3 0 1 0 S4A
A 0 35 10 0 3 0 PINTYPE=BI
A 5 35 10 0 3 3 #=14
P 17 120 105 100 105 0 3 0
L 85 100 10 0 3 0 1 0 D2
A 120 105 10 0 9 0 PINTYPE=BI
A 110 105 10 0 9 3 #=7
P 19 120 95 100 95 0 3 0
L 85 90 10 0 3 0 1 0 D3
A 120 95 10 0 9 0 PINTYPE=BI
A 110 95 10 0 9 3 #=9
P 20 120 85 100 85 0 3 0
L 85 80 10 0 3 0 1 0 D4
A 120 85 10 0 9 0 PINTYPE=BI
A 115 85 10 0 9 3 #=12
P 25 120 145 100 145 0 3 0
L 80 140 10 0 3 0 1 0 VDD
A 120 145 10 0 9 0 PINTYPE=IN
A 115 145 10 0 9 3 #=16
P 28 120 35 100 35 0 3 0
L 80 30 10 0 3 0 1 0 GND
A 120 35 10 0 9 0 PINTYPE=IN
A 110 35 10 0 9 3 #=8
P 31 0 135 20 135 0 2 0
L 25 130 10 0 3 0 1 0 EN_B
A 0 135 10 0 3 0 PINTYPE=IN
A 5 135 10 0 3 3 #=15
P 32 0 145 20 145 0 2 0
L 25 140 10 0 3 0 1 0 IN
A 0 145 10 0 3 0 PINTYPE=IN
A 5 145 10 0 3 3 #=1
E 
