V 53
K 1452283310 ADG772BCPZ_LFCSP_ALT2.1
F Case
|R 12:01:50_1-8-16
D 0 160 120 5
Y 1
Z 10
i 33
U 0 -40 10 0 3 0 MANF_P/N=ADG774BCPZ
U 0 -30 10 0 3 0 MANF=ANALOG DEVICES
U 0 -20 10 0 3 0 PARTS=1
U 20 5 16 0 3 3 REFDES=U?
U 55 15 10 0 3 0 PKG_TYPE=LFCSP_10P_130X160
U 25 145 10 0 3 3 DEVICE=ADG772
U 20 0 10 0 1 0 VALUE=ADG772
U 0 5 10 0 1 0 FORWARD_PCB=1
T 35 125 10 0 3 2 x SPDT
b 20 30 100 140
P 1 0 55 20 55 0 2 0
L 25 50 10 0 3 0 1 0 S1A
A 0 55 10 0 3 0 PINTYPE=BI
A 10 55 10 0 3 3 #=1
P 9 120 85 100 85 0 3 0
L 85 80 10 0 3 0 1 0 D1
A 120 85 10 0 9 0 PINTYPE=BI
A 110 85 10 0 9 3 #=2
P 10 0 85 20 85 0 2 0
L 25 80 10 0 3 0 1 0 S1B
A 0 85 10 0 3 0 PINTYPE=BI
A 10 85 10 0 3 3 #=3
P 11 0 45 20 45 0 2 0
L 25 40 10 0 3 0 1 0 S2A
A 0 45 10 0 3 0 PINTYPE=BI
A 10 45 10 0 3 3 #=9
P 12 0 75 20 75 0 2 0
L 25 70 10 0 3 0 1 0 S2B
A 0 75 10 0 3 0 PINTYPE=BI
A 10 75 10 0 3 3 #=7
P 17 120 75 100 75 0 3 0
L 85 70 10 0 3 0 1 0 D2
A 120 75 10 0 9 0 PINTYPE=BI
A 110 75 10 0 9 3 #=8
P 25 120 115 100 115 0 3 0
L 80 110 10 0 3 0 1 0 VDD
A 120 115 10 0 9 0 PINTYPE=IN
A 110 115 10 0 9 3 #=6
P 28 120 45 100 45 0 3 0
L 80 40 10 0 3 0 1 0 GND
A 120 45 10 0 9 0 PINTYPE=IN
A 115 45 10 0 9 3 #=10
P 31 0 105 20 105 0 2 0
L 25 100 10 0 3 0 1 0 IN2
A 0 105 10 0 3 0 PINTYPE=IN
A 10 105 10 0 3 3 #=5
P 32 0 115 20 115 0 2 0
L 25 110 10 0 3 0 1 0 IN1
A 0 115 10 0 3 0 PINTYPE=IN
A 10 115 10 0 3 3 #=4
E 
