V 50
K 153165148200 AFX
Y 1
D 0 0 300 410
Z 10
i 946
b 30 50 270 360
P 1 0 290 30 290 0 2 0
A 25 290 10 0 9 3 #=1
L 35 290 10 0 2 0 1 0 DCIFACE_A_D001_1
A 25 290 10 0 9 0 PINTYPE=BI
P 2 0 280 30 280 0 2 0
A 25 280 10 0 9 3 #=3
L 35 280 10 0 2 0 1 0 DCIFACE_A_D003_3
A 25 280 10 0 9 0 PINTYPE=BI
P 3 0 270 30 270 0 2 0
A 25 270 10 0 9 3 #=5
L 35 270 10 0 2 0 1 0 DCIFACE_A_D005_5
A 25 270 10 0 9 0 PINTYPE=BI
P 4 0 260 30 260 0 2 0
A 25 260 10 0 9 3 #=7
L 35 260 10 0 2 0 1 0 DCIFACE_A_D007_7
A 25 260 10 0 9 0 PINTYPE=BI
P 5 0 250 30 250 0 2 0
A 25 250 10 0 9 3 #=9
L 35 250 10 0 2 0 1 0 DCIFACE_A_D009_9
A 25 250 10 0 9 0 PINTYPE=BI
P 6 0 240 30 240 0 2 0
A 25 240 10 0 9 3 #=11
L 35 240 10 0 2 0 1 0 DCIFACE_A_D011_11
A 25 240 10 0 9 0 PINTYPE=BI
P 7 0 230 30 230 0 2 0
A 25 230 10 0 9 3 #=13
L 35 230 10 0 2 0 1 0 DCIFACE_A_D013_13
A 25 230 10 0 9 0 PINTYPE=BI
P 8 0 220 30 220 0 2 0
A 25 220 10 0 9 3 #=15
L 35 220 10 0 2 0 1 0 DCIFACE_A_D015_15
A 25 220 10 0 9 0 PINTYPE=BI
P 9 0 210 30 210 0 2 0
A 25 210 10 0 9 3 #=17
L 35 210 10 0 2 0 1 0 DCIFACE_A_D017_17
A 25 210 10 0 9 0 PINTYPE=BI
P 10 0 200 30 200 0 2 0
A 25 200 10 0 9 3 #=19
L 35 200 10 0 2 0 1 0 DCIFACE_A_D019_19
A 25 200 10 0 9 0 PINTYPE=BI
P 11 0 190 30 190 0 2 0
A 25 190 10 0 9 3 #=21
L 35 190 10 0 2 0 1 0 DCIFACE_A_D021_21
A 25 190 10 0 9 0 PINTYPE=BI
P 12 0 180 30 180 0 2 0
A 25 180 10 0 9 3 #=23
L 35 180 10 0 2 0 1 0 DCIFACE_A_D023_23
A 25 180 10 0 9 0 PINTYPE=BI
P 13 0 170 30 170 0 2 0
A 25 170 10 0 9 3 #=25
L 35 170 10 0 2 0 1 0 DCIFACE_A_D025_25
A 25 170 10 0 9 0 PINTYPE=BI
P 14 0 160 30 160 0 2 0
A 25 160 10 0 9 3 #=27
L 35 160 10 0 2 0 1 0 DCIFACE_A_D027_27
A 25 160 10 0 9 0 PINTYPE=BI
P 15 0 150 30 150 0 2 0
A 25 150 10 0 9 3 #=29
L 35 150 10 0 2 0 1 0 DCIFACE_A_D029_29
A 25 150 10 0 9 0 PINTYPE=BI
P 16 0 140 30 140 0 2 0
A 25 140 10 0 9 3 #=31
L 35 140 10 0 2 0 1 0 DCIFACE_A_D031_31
A 25 140 10 0 9 0 PINTYPE=BI
P 17 0 130 30 130 0 2 0
A 25 130 10 0 9 3 #=33
L 35 130 10 0 2 0 1 0 DCIFACE_A_D033_33
A 25 130 10 0 9 0 PINTYPE=BI
P 18 0 120 30 120 0 2 0
A 25 120 10 0 9 3 #=35
L 35 120 10 0 2 0 1 0 DCIFACE_A_D035_35
A 25 120 10 0 9 0 PINTYPE=BI
P 19 0 110 30 110 0 2 0
A 25 110 10 0 9 3 #=37
L 35 110 10 0 2 0 1 0 DCIFACE_A_D037_37
A 25 110 10 0 9 0 PINTYPE=BI
P 20 0 100 30 100 0 2 0
A 25 100 10 0 9 3 #=39
L 35 100 10 0 2 0 1 0 DCIFACE_A_D039_39
A 25 100 10 0 9 0 PINTYPE=BI
P 21 0 90 30 90 0 2 0
A 25 90 10 0 9 3 #=41
L 35 90 10 0 2 0 1 0 DCIFACE_A_D041_41
A 25 90 10 0 9 0 PINTYPE=BI
P 22 0 80 30 80 0 2 0
A 25 80 10 0 9 3 #=43
L 35 80 10 0 2 0 1 0 DCIFACE_A_D043_43
A 25 80 10 0 9 0 PINTYPE=BI
P 23 300 290 270 290 0 3 0
A 275 290 10 0 3 3 #=0
L 265 290 10 0 8 0 1 0 DCIFACE_A_D000_0
A 265 290 10 0 3 0 PINTYPE=BI
P 24 300 280 270 280 0 3 0
A 275 280 10 0 3 3 #=2
L 265 280 10 0 8 0 1 0 DCIFACE_A_D002_2
A 265 280 10 0 3 0 PINTYPE=BI
P 25 300 270 270 270 0 3 0
A 275 270 10 0 3 3 #=4
L 265 270 10 0 8 0 1 0 DCIFACE_A_D004_4
A 265 270 10 0 3 0 PINTYPE=BI
P 26 300 260 270 260 0 3 0
A 275 260 10 0 3 3 #=6
L 265 260 10 0 8 0 1 0 DCIFACE_A_D006_6
A 265 260 10 0 3 0 PINTYPE=BI
P 27 300 250 270 250 0 3 0
A 275 250 10 0 3 3 #=8
L 265 250 10 0 8 0 1 0 DCIFACE_A_D008_8
A 265 250 10 0 3 0 PINTYPE=BI
P 28 300 240 270 240 0 3 0
A 275 240 10 0 3 3 #=10
L 265 240 10 0 8 0 1 0 DCIFACE_A_D010_10
A 265 240 10 0 3 0 PINTYPE=BI
P 29 300 230 270 230 0 3 0
A 275 230 10 0 3 3 #=12
L 265 230 10 0 8 0 1 0 DCIFACE_A_D012_12
A 265 230 10 0 3 0 PINTYPE=BI
P 30 300 220 270 220 0 3 0
A 275 220 10 0 3 3 #=14
L 265 220 10 0 8 0 1 0 DCIFACE_A_D014_14
A 265 220 10 0 3 0 PINTYPE=BI
P 31 300 210 270 210 0 3 0
A 275 210 10 0 3 3 #=16
L 265 210 10 0 8 0 1 0 DCIFACE_A_D016_16
A 265 210 10 0 3 0 PINTYPE=BI
P 32 300 200 270 200 0 3 0
A 275 200 10 0 3 3 #=18
L 265 200 10 0 8 0 1 0 DCIFACE_A_D018_18
A 265 200 10 0 3 0 PINTYPE=BI
P 33 300 190 270 190 0 3 0
A 275 190 10 0 3 3 #=20
L 265 190 10 0 8 0 1 0 DCIFACE_A_D020_20
A 265 190 10 0 3 0 PINTYPE=BI
P 34 300 180 270 180 0 3 0
A 275 180 10 0 3 3 #=22
L 265 180 10 0 8 0 1 0 DCIFACE_A_D022_22
A 265 180 10 0 3 0 PINTYPE=BI
P 35 300 170 270 170 0 3 0
A 275 170 10 0 3 3 #=24
L 265 170 10 0 8 0 1 0 DCIFACE_A_D024_24
A 265 170 10 0 3 0 PINTYPE=BI
P 36 300 160 270 160 0 3 0
A 275 160 10 0 3 3 #=26
L 265 160 10 0 8 0 1 0 DCIFACE_A_D026_26
A 265 160 10 0 3 0 PINTYPE=BI
P 37 300 150 270 150 0 3 0
A 275 150 10 0 3 3 #=28
L 265 150 10 0 8 0 1 0 DCIFACE_A_D028_28
A 265 150 10 0 3 0 PINTYPE=BI
P 38 300 140 270 140 0 3 0
A 275 140 10 0 3 3 #=30
L 265 140 10 0 8 0 1 0 DCIFACE_A_D030_30
A 265 140 10 0 3 0 PINTYPE=BI
P 39 300 130 270 130 0 3 0
A 275 130 10 0 3 3 #=32
L 265 130 10 0 8 0 1 0 DCIFACE_A_D032_32
A 265 130 10 0 3 0 PINTYPE=BI
P 40 300 120 270 120 0 3 0
A 275 120 10 0 3 3 #=34
L 265 120 10 0 8 0 1 0 DCIFACE_A_D034_34
A 265 120 10 0 3 0 PINTYPE=BI
P 41 300 110 270 110 0 3 0
A 275 110 10 0 3 3 #=36
L 265 110 10 0 8 0 1 0 DCIFACE_A_D036_36
A 265 110 10 0 3 0 PINTYPE=BI
P 42 300 100 270 100 0 3 0
A 275 100 10 0 3 3 #=38
L 265 100 10 0 8 0 1 0 DCIFACE_A_D038_38
A 265 100 10 0 3 0 PINTYPE=BI
P 43 300 90 270 90 0 3 0
A 275 90 10 0 3 3 #=40
L 265 90 10 0 8 0 1 0 DCIFACE_A_D040_40
A 265 90 10 0 3 0 PINTYPE=BI
P 44 300 80 270 80 0 3 0
A 275 80 10 0 3 3 #=42
L 265 80 10 0 8 0 1 0 DCIFACE_A_D042_42
A 265 80 10 0 3 0 PINTYPE=BI
T 150 340 20 0 5 P9A
T 150 320 20 0 5 AFX
U 30 360 10 0 3 3 DEVICE=XXXXXXX
U 30 50 16 0 1 3 REFDES=U?
U 270 35 10 0 9 3 PKG_TYPE=XXXXXXX
U 0 0 10 0 3 0 HETERO=AFXa_P1,AFXa_P10B,AFXa_P2,AFXa_P3,AFXa_P4,AFXa_P5,AFXa_P6,AFXa_P7,AFXa_P8,AFXa_P9B,AFXa_P10A,AFXa_P11,AFXa_P12,AFXa_P13,AFXa_P14,AFXa_P15,AFXa_P16,AFXa_P17,AFXa_P18,AFXa_P9A
E