V 50
K 153165148200 AFX
Y 1
D 0 0 300 510
Z 10
i 946
b 30 50 270 460
P 1 0 390 30 390 0 2 0
A 25 390 10 0 9 3 #=353
L 35 390 10 0 2 0 1 0 DCIFACE_B_D353_353
A 25 390 10 0 9 0 PINTYPE=BI
P 2 0 380 30 380 0 2 0
A 25 380 10 0 9 3 #=355
L 35 380 10 0 2 0 1 0 DCIFACE_B_D355_355
A 25 380 10 0 9 0 PINTYPE=BI
P 3 0 370 30 370 0 2 0
A 25 370 10 0 9 3 #=357
L 35 370 10 0 2 0 1 0 DCIFACE_B_D357_357
A 25 370 10 0 9 0 PINTYPE=BI
P 4 0 360 30 360 0 2 0
A 25 360 10 0 9 3 #=359
L 35 360 10 0 2 0 1 0 DCIFACE_B_D359_359
A 25 360 10 0 9 0 PINTYPE=BI
P 5 0 350 30 350 0 2 0
A 25 350 10 0 9 3 #=361
L 35 350 10 0 2 0 1 0 DCIFACE_B_D361_361
A 25 350 10 0 9 0 PINTYPE=BI
P 6 0 340 30 340 0 2 0
A 25 340 10 0 9 3 #=363
L 35 340 10 0 2 0 1 0 DCIFACE_B_D363_363
A 25 340 10 0 9 0 PINTYPE=BI
P 7 0 330 30 330 0 2 0
A 25 330 10 0 9 3 #=365
L 35 330 10 0 2 0 1 0 DCIFACE_B_D365_365
A 25 330 10 0 9 0 PINTYPE=BI
P 8 0 320 30 320 0 2 0
A 25 320 10 0 9 3 #=367
L 35 320 10 0 2 0 1 0 DCIFACE_B_D367_367
A 25 320 10 0 9 0 PINTYPE=BI
P 9 0 310 30 310 0 2 0
A 25 310 10 0 9 3 #=369
L 35 310 10 0 2 0 1 0 DCIFACE_B_D369_369
A 25 310 10 0 9 0 PINTYPE=BI
P 10 0 300 30 300 0 2 0
A 25 300 10 0 9 3 #=371
L 35 300 10 0 2 0 1 0 DCIFACE_B_D371_371
A 25 300 10 0 9 0 PINTYPE=BI
P 11 0 290 30 290 0 2 0
A 25 290 10 0 9 3 #=373
L 35 290 10 0 2 0 1 0 DCIFACE_B_D373_373
A 25 290 10 0 9 0 PINTYPE=BI
P 12 0 280 30 280 0 2 0
A 25 280 10 0 9 3 #=375
L 35 280 10 0 2 0 1 0 DCIFACE_B_D375_375
A 25 280 10 0 9 0 PINTYPE=BI
P 13 0 270 30 270 0 2 0
A 25 270 10 0 9 3 #=377
L 35 270 10 0 2 0 1 0 DCIFACE_B_D377_377
A 25 270 10 0 9 0 PINTYPE=BI
P 14 0 260 30 260 0 2 0
A 25 260 10 0 9 3 #=379
L 35 260 10 0 2 0 1 0 DCIFACE_B_D379_379
A 25 260 10 0 9 0 PINTYPE=BI
P 15 0 250 30 250 0 2 0
A 25 250 10 0 9 3 #=381
L 35 250 10 0 2 0 1 0 DCIFACE_B_D381_381
A 25 250 10 0 9 0 PINTYPE=BI
P 16 0 240 30 240 0 2 0
A 25 240 10 0 9 3 #=383
L 35 240 10 0 2 0 1 0 DCIFACE_B_D383_383
A 25 240 10 0 9 0 PINTYPE=BI
P 17 0 230 30 230 0 2 0
A 25 230 10 0 9 3 #=385
L 35 230 10 0 2 0 1 0 DCIFACE_B_D385_385
A 25 230 10 0 9 0 PINTYPE=BI
P 18 0 220 30 220 0 2 0
A 25 220 10 0 9 3 #=387
L 35 220 10 0 2 0 1 0 DCIFACE_B_D387_387
A 25 220 10 0 9 0 PINTYPE=BI
P 19 0 210 30 210 0 2 0
A 25 210 10 0 9 3 #=389
L 35 210 10 0 2 0 1 0 DCIFACE_B_D389_389
A 25 210 10 0 9 0 PINTYPE=BI
P 20 0 200 30 200 0 2 0
A 25 200 10 0 9 3 #=391
L 35 200 10 0 2 0 1 0 DCIFACE_B_D391_391
A 25 200 10 0 9 0 PINTYPE=BI
P 21 0 190 30 190 0 2 0
A 25 190 10 0 9 3 #=393
L 35 190 10 0 2 0 1 0 DCIFACE_B_D393_393
A 25 190 10 0 9 0 PINTYPE=BI
P 22 0 180 30 180 0 2 0
A 25 180 10 0 9 3 #=395
L 35 180 10 0 2 0 1 0 DCIFACE_B_D395_395
A 25 180 10 0 9 0 PINTYPE=BI
P 23 0 170 30 170 0 2 0
A 25 170 10 0 9 3 #=397
L 35 170 10 0 2 0 1 0 DCIFACE_B_D397_397
A 25 170 10 0 9 0 PINTYPE=BI
P 24 0 160 30 160 0 2 0
A 25 160 10 0 9 3 #=399
L 35 160 10 0 2 0 1 0 DCIFACE_B_D399_399
A 25 160 10 0 9 0 PINTYPE=BI
P 25 0 150 30 150 0 2 0
A 25 150 10 0 9 3 #=401
L 35 150 10 0 2 0 1 0 DCIFACE_B_D401_401
A 25 150 10 0 9 0 PINTYPE=BI
P 26 0 140 30 140 0 2 0
A 25 140 10 0 9 3 #=403
L 35 140 10 0 2 0 1 0 DCIFACE_B_D403_403
A 25 140 10 0 9 0 PINTYPE=BI
P 27 0 130 30 130 0 2 0
A 25 130 10 0 9 3 #=405
L 35 130 10 0 2 0 1 0 DCIFACE_B_D405_405
A 25 130 10 0 9 0 PINTYPE=BI
P 28 0 120 30 120 0 2 0
A 25 120 10 0 9 3 #=407
L 35 120 10 0 2 0 1 0 DCIFACE_B_D407_407
A 25 120 10 0 9 0 PINTYPE=BI
P 29 0 110 30 110 0 2 0
A 25 110 10 0 9 3 #=409
L 35 110 10 0 2 0 1 0 DCIFACE_B_D409_409
A 25 110 10 0 9 0 PINTYPE=BI
P 30 0 100 30 100 0 2 0
A 25 100 10 0 9 3 #=411
L 35 100 10 0 2 0 1 0 DCIFACE_B_D411_411
A 25 100 10 0 9 0 PINTYPE=BI
P 31 0 90 30 90 0 2 0
A 25 90 10 0 9 3 #=413
L 35 90 10 0 2 0 1 0 DCIFACE_B_D413_413
A 25 90 10 0 9 0 PINTYPE=BI
P 32 0 80 30 80 0 2 0
A 25 80 10 0 9 3 #=415
L 35 80 10 0 2 0 1 0 DCIFACE_B_D415_415
A 25 80 10 0 9 0 PINTYPE=BI
P 33 300 390 270 390 0 3 0
A 275 390 10 0 3 3 #=352
L 265 390 10 0 8 0 1 0 DCIFACE_B_D352_352
A 265 390 10 0 3 0 PINTYPE=BI
P 34 300 380 270 380 0 3 0
A 275 380 10 0 3 3 #=354
L 265 380 10 0 8 0 1 0 DCIFACE_B_D354_354
A 265 380 10 0 3 0 PINTYPE=BI
P 35 300 370 270 370 0 3 0
A 275 370 10 0 3 3 #=356
L 265 370 10 0 8 0 1 0 DCIFACE_B_D356_356
A 265 370 10 0 3 0 PINTYPE=BI
P 36 300 360 270 360 0 3 0
A 275 360 10 0 3 3 #=358
L 265 360 10 0 8 0 1 0 DCIFACE_B_D358_358
A 265 360 10 0 3 0 PINTYPE=BI
P 37 300 350 270 350 0 3 0
A 275 350 10 0 3 3 #=360
L 265 350 10 0 8 0 1 0 DCIFACE_B_D360_360
A 265 350 10 0 3 0 PINTYPE=BI
P 38 300 340 270 340 0 3 0
A 275 340 10 0 3 3 #=362
L 265 340 10 0 8 0 1 0 DCIFACE_B_D362_362
A 265 340 10 0 3 0 PINTYPE=BI
P 39 300 330 270 330 0 3 0
A 275 330 10 0 3 3 #=364
L 265 330 10 0 8 0 1 0 DCIFACE_B_D364_364
A 265 330 10 0 3 0 PINTYPE=BI
P 40 300 320 270 320 0 3 0
A 275 320 10 0 3 3 #=366
L 265 320 10 0 8 0 1 0 DCIFACE_B_D366_366
A 265 320 10 0 3 0 PINTYPE=BI
P 41 300 310 270 310 0 3 0
A 275 310 10 0 3 3 #=368
L 265 310 10 0 8 0 1 0 DCIFACE_B_D368_368
A 265 310 10 0 3 0 PINTYPE=BI
P 42 300 300 270 300 0 3 0
A 275 300 10 0 3 3 #=370
L 265 300 10 0 8 0 1 0 DCIFACE_B_D370_370
A 265 300 10 0 3 0 PINTYPE=BI
P 43 300 290 270 290 0 3 0
A 275 290 10 0 3 3 #=372
L 265 290 10 0 8 0 1 0 DCIFACE_B_D372_372
A 265 290 10 0 3 0 PINTYPE=BI
P 44 300 280 270 280 0 3 0
A 275 280 10 0 3 3 #=374
L 265 280 10 0 8 0 1 0 DCIFACE_B_D374_374
A 265 280 10 0 3 0 PINTYPE=BI
P 45 300 270 270 270 0 3 0
A 275 270 10 0 3 3 #=376
L 265 270 10 0 8 0 1 0 DCIFACE_B_D376_376
A 265 270 10 0 3 0 PINTYPE=BI
P 46 300 260 270 260 0 3 0
A 275 260 10 0 3 3 #=378
L 265 260 10 0 8 0 1 0 DCIFACE_B_D378_378
A 265 260 10 0 3 0 PINTYPE=BI
P 47 300 250 270 250 0 3 0
A 275 250 10 0 3 3 #=380
L 265 250 10 0 8 0 1 0 DCIFACE_B_D380_380
A 265 250 10 0 3 0 PINTYPE=BI
P 48 300 240 270 240 0 3 0
A 275 240 10 0 3 3 #=382
L 265 240 10 0 8 0 1 0 DCIFACE_B_D382_382
A 265 240 10 0 3 0 PINTYPE=BI
P 49 300 230 270 230 0 3 0
A 275 230 10 0 3 3 #=384
L 265 230 10 0 8 0 1 0 DCIFACE_B_D384_384
A 265 230 10 0 3 0 PINTYPE=BI
P 50 300 220 270 220 0 3 0
A 275 220 10 0 3 3 #=386
L 265 220 10 0 8 0 1 0 DCIFACE_B_D386_386
A 265 220 10 0 3 0 PINTYPE=BI
P 51 300 210 270 210 0 3 0
A 275 210 10 0 3 3 #=388
L 265 210 10 0 8 0 1 0 DCIFACE_B_D388_388
A 265 210 10 0 3 0 PINTYPE=BI
P 52 300 200 270 200 0 3 0
A 275 200 10 0 3 3 #=390
L 265 200 10 0 8 0 1 0 DCIFACE_B_D390_390
A 265 200 10 0 3 0 PINTYPE=BI
P 53 300 190 270 190 0 3 0
A 275 190 10 0 3 3 #=392
L 265 190 10 0 8 0 1 0 DCIFACE_B_D392_392
A 265 190 10 0 3 0 PINTYPE=BI
P 54 300 180 270 180 0 3 0
A 275 180 10 0 3 3 #=394
L 265 180 10 0 8 0 1 0 DCIFACE_B_D394_394
A 265 180 10 0 3 0 PINTYPE=BI
P 55 300 170 270 170 0 3 0
A 275 170 10 0 3 3 #=396
L 265 170 10 0 8 0 1 0 DCIFACE_B_D396_396
A 265 170 10 0 3 0 PINTYPE=BI
P 56 300 160 270 160 0 3 0
A 275 160 10 0 3 3 #=398
L 265 160 10 0 8 0 1 0 DCIFACE_B_D398_398
A 265 160 10 0 3 0 PINTYPE=BI
P 57 300 150 270 150 0 3 0
A 275 150 10 0 3 3 #=400
L 265 150 10 0 8 0 1 0 DCIFACE_B_D400_400
A 265 150 10 0 3 0 PINTYPE=BI
P 58 300 140 270 140 0 3 0
A 275 140 10 0 3 3 #=402
L 265 140 10 0 8 0 1 0 DCIFACE_B_D402_402
A 265 140 10 0 3 0 PINTYPE=BI
P 59 300 130 270 130 0 3 0
A 275 130 10 0 3 3 #=404
L 265 130 10 0 8 0 1 0 DCIFACE_B_D404_404
A 265 130 10 0 3 0 PINTYPE=BI
P 60 300 120 270 120 0 3 0
A 275 120 10 0 3 3 #=406
L 265 120 10 0 8 0 1 0 DCIFACE_B_D406_406
A 265 120 10 0 3 0 PINTYPE=BI
P 61 300 110 270 110 0 3 0
A 275 110 10 0 3 3 #=408
L 265 110 10 0 8 0 1 0 DCIFACE_B_D408_408
A 265 110 10 0 3 0 PINTYPE=BI
P 62 300 100 270 100 0 3 0
A 275 100 10 0 3 3 #=410
L 265 100 10 0 8 0 1 0 DCIFACE_B_D410_410
A 265 100 10 0 3 0 PINTYPE=BI
P 63 300 90 270 90 0 3 0
A 275 90 10 0 3 3 #=412
L 265 90 10 0 8 0 1 0 DCIFACE_B_D412_412
A 265 90 10 0 3 0 PINTYPE=BI
P 64 300 80 270 80 0 3 0
A 275 80 10 0 3 3 #=414
L 265 80 10 0 8 0 1 0 DCIFACE_B_D414_414
A 265 80 10 0 3 0 PINTYPE=BI
T 150 440 20 0 5 P5
T 150 420 20 0 5 AFX
U 30 460 10 0 3 3 DEVICE=XXXXXXX
U 30 50 16 0 1 3 REFDES=U?
U 270 35 10 0 9 3 PKG_TYPE=XXXXXXX
U 0 0 10 0 3 0 HETERO=AFXa_P1,AFXa_P10B,AFXa_P2,AFXa_P3,AFXa_P4,AFXa_P5,AFXa_P6,AFXa_P7,AFXa_P8,AFXa_P9B,AFXa_P10A,AFXa_P11,AFXa_P12,AFXa_P13,AFXa_P14,AFXa_P15,AFXa_P16,AFXa_P17,AFXa_P18,AFXa_P9A
E