V 50
K 153165148200 AFX
Y 1
D 0 0 300 630
Z 10
i 946
b 30 50 270 580
P 1 0 510 30 510 0 2 0
A 25 510 10 0 9 3 #=593
L 35 510 10 0 2 0 1 0 DCIFACE_B_D593_593
A 25 510 10 0 9 0 PINTYPE=BI
P 2 0 500 30 500 0 2 0
A 25 500 10 0 9 3 #=595
L 35 500 10 0 2 0 1 0 DCIFACE_B_D595_595
A 25 500 10 0 9 0 PINTYPE=BI
P 3 0 490 30 490 0 2 0
A 25 490 10 0 9 3 #=597
L 35 490 10 0 2 0 1 0 DCIFACE_B_D597_597
A 25 490 10 0 9 0 PINTYPE=BI
P 4 0 480 30 480 0 2 0
A 25 480 10 0 9 3 #=599
L 35 480 10 0 2 0 1 0 DCIFACE_B_D599_599
A 25 480 10 0 9 0 PINTYPE=BI
P 5 0 470 30 470 0 2 0
A 25 470 10 0 9 3 #=601
L 35 470 10 0 2 0 1 0 DCIFACE_B_D601_601
A 25 470 10 0 9 0 PINTYPE=BI
P 6 0 460 30 460 0 2 0
A 25 460 10 0 9 3 #=603
L 35 460 10 0 2 0 1 0 DCIFACE_B_D603_603
A 25 460 10 0 9 0 PINTYPE=BI
P 7 0 450 30 450 0 2 0
A 25 450 10 0 9 3 #=605
L 35 450 10 0 2 0 1 0 DCIFACE_B_D605_605
A 25 450 10 0 9 0 PINTYPE=BI
P 8 0 440 30 440 0 2 0
A 25 440 10 0 9 3 #=607
L 35 440 10 0 2 0 1 0 DCIFACE_B_D607_607
A 25 440 10 0 9 0 PINTYPE=BI
P 9 0 430 30 430 0 2 0
A 25 430 10 0 9 3 #=609
L 35 430 10 0 2 0 1 0 DCIFACE_B_D609_609
A 25 430 10 0 9 0 PINTYPE=BI
P 10 0 420 30 420 0 2 0
A 25 420 10 0 9 3 #=611
L 35 420 10 0 2 0 1 0 DCIFACE_B_D611_611
A 25 420 10 0 9 0 PINTYPE=BI
P 11 0 410 30 410 0 2 0
A 25 410 10 0 9 3 #=613
L 35 410 10 0 2 0 1 0 DCIFACE_B_D613_613
A 25 410 10 0 9 0 PINTYPE=BI
P 12 0 400 30 400 0 2 0
A 25 400 10 0 9 3 #=615
L 35 400 10 0 2 0 1 0 DCIFACE_B_D615_615
A 25 400 10 0 9 0 PINTYPE=BI
P 13 0 390 30 390 0 2 0
A 25 390 10 0 9 3 #=617
L 35 390 10 0 2 0 1 0 DCIFACE_B_D617_617
A 25 390 10 0 9 0 PINTYPE=BI
P 14 0 380 30 380 0 2 0
A 25 380 10 0 9 3 #=619
L 35 380 10 0 2 0 1 0 DCIFACE_B_D619_619
A 25 380 10 0 9 0 PINTYPE=BI
P 15 0 370 30 370 0 2 0
A 25 370 10 0 9 3 #=621
L 35 370 10 0 2 0 1 0 DCIFACE_B_D621_621
A 25 370 10 0 9 0 PINTYPE=BI
P 16 0 360 30 360 0 2 0
A 25 360 10 0 9 3 #=623
L 35 360 10 0 2 0 1 0 DCIFACE_B_D623_623
A 25 360 10 0 9 0 PINTYPE=BI
P 17 0 350 30 350 0 2 0
A 25 350 10 0 9 3 #=625
L 35 350 10 0 2 0 1 0 DCIFACE_B_D625_625
A 25 350 10 0 9 0 PINTYPE=BI
P 18 0 340 30 340 0 2 0
A 25 340 10 0 9 3 #=627
L 35 340 10 0 2 0 1 0 DCIFACE_B_D627_627
A 25 340 10 0 9 0 PINTYPE=BI
P 19 0 330 30 330 0 2 0
A 25 330 10 0 9 3 #=629
L 35 330 10 0 2 0 1 0 DCIFACE_B_D629_629
A 25 330 10 0 9 0 PINTYPE=BI
P 20 0 320 30 320 0 2 0
A 25 320 10 0 9 3 #=631
L 35 320 10 0 2 0 1 0 DCIFACE_B_D631_631
A 25 320 10 0 9 0 PINTYPE=BI
P 21 0 310 30 310 0 2 0
A 25 310 10 0 9 3 #=633
L 35 310 10 0 2 0 1 0 DCIFACE_B_D633_633
A 25 310 10 0 9 0 PINTYPE=BI
P 22 0 300 30 300 0 2 0
A 25 300 10 0 9 3 #=635
L 35 300 10 0 2 0 1 0 DCIFACE_B_D635_635
A 25 300 10 0 9 0 PINTYPE=BI
P 23 0 290 30 290 0 2 0
A 25 290 10 0 9 3 #=637
L 35 290 10 0 2 0 1 0 DCIFACE_B_D637_637
A 25 290 10 0 9 0 PINTYPE=BI
P 24 0 280 30 280 0 2 0
A 25 280 10 0 9 3 #=639
L 35 280 10 0 2 0 1 0 DCIFACE_B_D639_639
A 25 280 10 0 9 0 PINTYPE=BI
P 25 0 270 30 270 0 2 0
A 25 270 10 0 9 3 #=641
L 35 270 10 0 2 0 1 0 DCIFACE_B_D641_641
A 25 270 10 0 9 0 PINTYPE=BI
P 26 0 260 30 260 0 2 0
A 25 260 10 0 9 3 #=643
L 35 260 10 0 2 0 1 0 DCIFACE_B_D643_643
A 25 260 10 0 9 0 PINTYPE=BI
P 27 0 250 30 250 0 2 0
A 25 250 10 0 9 3 #=645
L 35 250 10 0 2 0 1 0 DCIFACE_B_D645_645
A 25 250 10 0 9 0 PINTYPE=BI
P 28 0 240 30 240 0 2 0
A 25 240 10 0 9 3 #=647
L 35 240 10 0 2 0 1 0 DCIFACE_B_D647_647
A 25 240 10 0 9 0 PINTYPE=BI
P 29 0 230 30 230 0 2 0
A 25 230 10 0 9 3 #=649
L 35 230 10 0 2 0 1 0 DCIFACE_B_D649_649
A 25 230 10 0 9 0 PINTYPE=BI
P 30 0 220 30 220 0 2 0
A 25 220 10 0 9 3 #=651
L 35 220 10 0 2 0 1 0 DCIFACE_B_D651_651
A 25 220 10 0 9 0 PINTYPE=BI
P 31 0 210 30 210 0 2 0
A 25 210 10 0 9 3 #=653
L 35 210 10 0 2 0 1 0 DCIFACE_B_D653_653
A 25 210 10 0 9 0 PINTYPE=BI
P 32 0 200 30 200 0 2 0
A 25 200 10 0 9 3 #=655
L 35 200 10 0 2 0 1 0 DCIFACE_B_D655_655
A 25 200 10 0 9 0 PINTYPE=BI
P 33 0 190 30 190 0 2 0
A 25 190 10 0 9 3 #=657
L 35 190 10 0 2 0 1 0 DCIFACE_B_D657_657
A 25 190 10 0 9 0 PINTYPE=BI
P 34 0 180 30 180 0 2 0
A 25 180 10 0 9 3 #=659
L 35 180 10 0 2 0 1 0 DCIFACE_B_D659_659
A 25 180 10 0 9 0 PINTYPE=BI
P 35 0 170 30 170 0 2 0
A 25 170 10 0 9 3 #=661
L 35 170 10 0 2 0 1 0 DCIFACE_B_D661_661
A 25 170 10 0 9 0 PINTYPE=BI
P 36 0 160 30 160 0 2 0
A 25 160 10 0 9 3 #=663
L 35 160 10 0 2 0 1 0 DCIFACE_B_D663_663
A 25 160 10 0 9 0 PINTYPE=BI
P 37 0 150 30 150 0 2 0
A 25 150 10 0 9 3 #=665
L 35 150 10 0 2 0 1 0 DCIFACE_B_D665_665
A 25 150 10 0 9 0 PINTYPE=BI
P 38 0 140 30 140 0 2 0
A 25 140 10 0 9 3 #=667
L 35 140 10 0 2 0 1 0 DCIFACE_B_D667_667
A 25 140 10 0 9 0 PINTYPE=BI
P 39 0 130 30 130 0 2 0
A 25 130 10 0 9 3 #=669
L 35 130 10 0 2 0 1 0 DCIFACE_B_D669_669
A 25 130 10 0 9 0 PINTYPE=BI
P 40 0 120 30 120 0 2 0
A 25 120 10 0 9 3 #=671
L 35 120 10 0 2 0 1 0 DCIFACE_B_D671_671
A 25 120 10 0 9 0 PINTYPE=BI
P 41 0 110 30 110 0 2 0
A 25 110 10 0 9 3 #=673
L 35 110 10 0 2 0 1 0 DCIFACE_B_D673_673
A 25 110 10 0 9 0 PINTYPE=BI
P 42 0 100 30 100 0 2 0
A 25 100 10 0 9 3 #=675
L 35 100 10 0 2 0 1 0 DCIFACE_B_D675_675
A 25 100 10 0 9 0 PINTYPE=BI
P 43 0 90 30 90 0 2 0
A 25 90 10 0 9 3 #=677
L 35 90 10 0 2 0 1 0 DCIFACE_B_D677_677
A 25 90 10 0 9 0 PINTYPE=BI
P 44 0 80 30 80 0 2 0
A 25 80 10 0 9 3 #=679
L 35 80 10 0 2 0 1 0 DCIFACE_B_D679_679
A 25 80 10 0 9 0 PINTYPE=BI
P 45 300 510 270 510 0 3 0
A 275 510 10 0 3 3 #=592
L 265 510 10 0 8 0 1 0 DCIFACE_B_D592_592
A 265 510 10 0 3 0 PINTYPE=BI
P 46 300 500 270 500 0 3 0
A 275 500 10 0 3 3 #=594
L 265 500 10 0 8 0 1 0 DCIFACE_B_D594_594
A 265 500 10 0 3 0 PINTYPE=BI
P 47 300 490 270 490 0 3 0
A 275 490 10 0 3 3 #=596
L 265 490 10 0 8 0 1 0 DCIFACE_B_D596_596
A 265 490 10 0 3 0 PINTYPE=BI
P 48 300 480 270 480 0 3 0
A 275 480 10 0 3 3 #=598
L 265 480 10 0 8 0 1 0 DCIFACE_B_D598_598
A 265 480 10 0 3 0 PINTYPE=BI
P 49 300 470 270 470 0 3 0
A 275 470 10 0 3 3 #=600
L 265 470 10 0 8 0 1 0 DCIFACE_B_D600_600
A 265 470 10 0 3 0 PINTYPE=BI
P 50 300 460 270 460 0 3 0
A 275 460 10 0 3 3 #=602
L 265 460 10 0 8 0 1 0 DCIFACE_B_D602_602
A 265 460 10 0 3 0 PINTYPE=BI
P 51 300 450 270 450 0 3 0
A 275 450 10 0 3 3 #=604
L 265 450 10 0 8 0 1 0 DCIFACE_B_D604_604
A 265 450 10 0 3 0 PINTYPE=BI
P 52 300 440 270 440 0 3 0
A 275 440 10 0 3 3 #=606
L 265 440 10 0 8 0 1 0 DCIFACE_B_D606_606
A 265 440 10 0 3 0 PINTYPE=BI
P 53 300 430 270 430 0 3 0
A 275 430 10 0 3 3 #=608
L 265 430 10 0 8 0 1 0 DCIFACE_B_D608_608
A 265 430 10 0 3 0 PINTYPE=BI
P 54 300 420 270 420 0 3 0
A 275 420 10 0 3 3 #=610
L 265 420 10 0 8 0 1 0 DCIFACE_B_D610_610
A 265 420 10 0 3 0 PINTYPE=BI
P 55 300 410 270 410 0 3 0
A 275 410 10 0 3 3 #=612
L 265 410 10 0 8 0 1 0 DCIFACE_B_D612_612
A 265 410 10 0 3 0 PINTYPE=BI
P 56 300 400 270 400 0 3 0
A 275 400 10 0 3 3 #=614
L 265 400 10 0 8 0 1 0 DCIFACE_B_D614_614
A 265 400 10 0 3 0 PINTYPE=BI
P 57 300 390 270 390 0 3 0
A 275 390 10 0 3 3 #=616
L 265 390 10 0 8 0 1 0 DCIFACE_B_D616_616
A 265 390 10 0 3 0 PINTYPE=BI
P 58 300 380 270 380 0 3 0
A 275 380 10 0 3 3 #=618
L 265 380 10 0 8 0 1 0 DCIFACE_B_D618_618
A 265 380 10 0 3 0 PINTYPE=BI
P 59 300 370 270 370 0 3 0
A 275 370 10 0 3 3 #=620
L 265 370 10 0 8 0 1 0 DCIFACE_B_D620_620
A 265 370 10 0 3 0 PINTYPE=BI
P 60 300 360 270 360 0 3 0
A 275 360 10 0 3 3 #=622
L 265 360 10 0 8 0 1 0 DCIFACE_B_D622_622
A 265 360 10 0 3 0 PINTYPE=BI
P 61 300 350 270 350 0 3 0
A 275 350 10 0 3 3 #=624
L 265 350 10 0 8 0 1 0 DCIFACE_B_D624_624
A 265 350 10 0 3 0 PINTYPE=BI
P 62 300 340 270 340 0 3 0
A 275 340 10 0 3 3 #=626
L 265 340 10 0 8 0 1 0 DCIFACE_B_D626_626
A 265 340 10 0 3 0 PINTYPE=BI
P 63 300 330 270 330 0 3 0
A 275 330 10 0 3 3 #=628
L 265 330 10 0 8 0 1 0 DCIFACE_B_D628_628
A 265 330 10 0 3 0 PINTYPE=BI
P 64 300 320 270 320 0 3 0
A 275 320 10 0 3 3 #=630
L 265 320 10 0 8 0 1 0 DCIFACE_B_D630_630
A 265 320 10 0 3 0 PINTYPE=BI
P 65 300 310 270 310 0 3 0
A 275 310 10 0 3 3 #=632
L 265 310 10 0 8 0 1 0 DCIFACE_B_D632_632
A 265 310 10 0 3 0 PINTYPE=BI
P 66 300 300 270 300 0 3 0
A 275 300 10 0 3 3 #=634
L 265 300 10 0 8 0 1 0 DCIFACE_B_D634_634
A 265 300 10 0 3 0 PINTYPE=BI
P 67 300 290 270 290 0 3 0
A 275 290 10 0 3 3 #=636
L 265 290 10 0 8 0 1 0 DCIFACE_B_D636_636
A 265 290 10 0 3 0 PINTYPE=BI
P 68 300 280 270 280 0 3 0
A 275 280 10 0 3 3 #=638
L 265 280 10 0 8 0 1 0 DCIFACE_B_D638_638
A 265 280 10 0 3 0 PINTYPE=BI
P 69 300 270 270 270 0 3 0
A 275 270 10 0 3 3 #=640
L 265 270 10 0 8 0 1 0 DCIFACE_B_D640_640
A 265 270 10 0 3 0 PINTYPE=BI
P 70 300 260 270 260 0 3 0
A 275 260 10 0 3 3 #=642
L 265 260 10 0 8 0 1 0 DCIFACE_B_D642_642
A 265 260 10 0 3 0 PINTYPE=BI
P 71 300 250 270 250 0 3 0
A 275 250 10 0 3 3 #=644
L 265 250 10 0 8 0 1 0 DCIFACE_B_D644_644
A 265 250 10 0 3 0 PINTYPE=BI
P 72 300 240 270 240 0 3 0
A 275 240 10 0 3 3 #=646
L 265 240 10 0 8 0 1 0 DCIFACE_B_D646_646
A 265 240 10 0 3 0 PINTYPE=BI
P 73 300 230 270 230 0 3 0
A 275 230 10 0 3 3 #=648
L 265 230 10 0 8 0 1 0 DCIFACE_B_D648_648
A 265 230 10 0 3 0 PINTYPE=BI
P 74 300 220 270 220 0 3 0
A 275 220 10 0 3 3 #=650
L 265 220 10 0 8 0 1 0 DCIFACE_B_D650_650
A 265 220 10 0 3 0 PINTYPE=BI
P 75 300 210 270 210 0 3 0
A 275 210 10 0 3 3 #=652
L 265 210 10 0 8 0 1 0 DCIFACE_B_D652_652
A 265 210 10 0 3 0 PINTYPE=BI
P 76 300 200 270 200 0 3 0
A 275 200 10 0 3 3 #=654
L 265 200 10 0 8 0 1 0 DCIFACE_B_D654_654
A 265 200 10 0 3 0 PINTYPE=BI
P 77 300 190 270 190 0 3 0
A 275 190 10 0 3 3 #=656
L 265 190 10 0 8 0 1 0 DCIFACE_B_D656_656
A 265 190 10 0 3 0 PINTYPE=BI
P 78 300 180 270 180 0 3 0
A 275 180 10 0 3 3 #=658
L 265 180 10 0 8 0 1 0 DCIFACE_B_D658_658
A 265 180 10 0 3 0 PINTYPE=BI
P 79 300 170 270 170 0 3 0
A 275 170 10 0 3 3 #=660
L 265 170 10 0 8 0 1 0 DCIFACE_B_D660_660
A 265 170 10 0 3 0 PINTYPE=BI
P 80 300 160 270 160 0 3 0
A 275 160 10 0 3 3 #=662
L 265 160 10 0 8 0 1 0 DCIFACE_B_D662_662
A 265 160 10 0 3 0 PINTYPE=BI
P 81 300 150 270 150 0 3 0
A 275 150 10 0 3 3 #=664
L 265 150 10 0 8 0 1 0 DCIFACE_B_D664_664
A 265 150 10 0 3 0 PINTYPE=BI
P 82 300 140 270 140 0 3 0
A 275 140 10 0 3 3 #=666
L 265 140 10 0 8 0 1 0 DCIFACE_B_D666_666
A 265 140 10 0 3 0 PINTYPE=BI
P 83 300 130 270 130 0 3 0
A 275 130 10 0 3 3 #=668
L 265 130 10 0 8 0 1 0 DCIFACE_B_D668_668
A 265 130 10 0 3 0 PINTYPE=BI
P 84 300 120 270 120 0 3 0
A 275 120 10 0 3 3 #=670
L 265 120 10 0 8 0 1 0 DCIFACE_B_D670_670
A 265 120 10 0 3 0 PINTYPE=BI
P 85 300 110 270 110 0 3 0
A 275 110 10 0 3 3 #=672
L 265 110 10 0 8 0 1 0 DCIFACE_B_D672_672
A 265 110 10 0 3 0 PINTYPE=BI
P 86 300 100 270 100 0 3 0
A 275 100 10 0 3 3 #=674
L 265 100 10 0 8 0 1 0 DCIFACE_B_D674_674
A 265 100 10 0 3 0 PINTYPE=BI
P 87 300 90 270 90 0 3 0
A 275 90 10 0 3 3 #=676
L 265 90 10 0 8 0 1 0 DCIFACE_B_D676_676
A 265 90 10 0 3 0 PINTYPE=BI
P 88 300 80 270 80 0 3 0
A 275 80 10 0 3 3 #=678
L 265 80 10 0 8 0 1 0 DCIFACE_B_D678_678
A 265 80 10 0 3 0 PINTYPE=BI
T 150 560 20 0 5 P8
T 150 540 20 0 5 AFX
U 30 580 10 0 3 3 DEVICE=XXXXXXX
U 30 50 16 0 1 3 REFDES=U?
U 270 35 10 0 9 3 PKG_TYPE=XXXXXXX
U 0 0 10 0 3 0 HETERO=AFXa_P1,AFXa_P10B,AFXa_P2,AFXa_P3,AFXa_P4,AFXa_P5,AFXa_P6,AFXa_P7,AFXa_P8,AFXa_P9B,AFXa_P10A,AFXa_P11,AFXa_P12,AFXa_P13,AFXa_P14,AFXa_P15,AFXa_P16,AFXa_P17,AFXa_P18,AFXa_P9A
E