V 50
K 153165148200 AFX
Y 1
D 0 0 300 630
Z 10
i 946
b 30 50 270 580
P 1 0 510 30 510 0 2 0
A 25 510 10 0 9 3 #=681
L 35 510 10 0 2 0 1 0 DCIFACE_A_D681_681
A 25 510 10 0 9 0 PINTYPE=BI
P 2 0 500 30 500 0 2 0
A 25 500 10 0 9 3 #=683
L 35 500 10 0 2 0 1 0 DCIFACE_A_D683_683
A 25 500 10 0 9 0 PINTYPE=BI
P 3 0 490 30 490 0 2 0
A 25 490 10 0 9 3 #=685
L 35 490 10 0 2 0 1 0 DCIFACE_A_D685_685
A 25 490 10 0 9 0 PINTYPE=BI
P 4 0 480 30 480 0 2 0
A 25 480 10 0 9 3 #=687
L 35 480 10 0 2 0 1 0 DCIFACE_A_D687_687
A 25 480 10 0 9 0 PINTYPE=BI
P 5 0 470 30 470 0 2 0
A 25 470 10 0 9 3 #=689
L 35 470 10 0 2 0 1 0 DCIFACE_A_D689_689
A 25 470 10 0 9 0 PINTYPE=BI
P 6 0 460 30 460 0 2 0
A 25 460 10 0 9 3 #=691
L 35 460 10 0 2 0 1 0 DCIFACE_A_D691_691
A 25 460 10 0 9 0 PINTYPE=BI
P 7 0 450 30 450 0 2 0
A 25 450 10 0 9 3 #=693
L 35 450 10 0 2 0 1 0 DCIFACE_A_D693_693
A 25 450 10 0 9 0 PINTYPE=BI
P 8 0 440 30 440 0 2 0
A 25 440 10 0 9 3 #=695
L 35 440 10 0 2 0 1 0 DCIFACE_A_D695_695
A 25 440 10 0 9 0 PINTYPE=BI
P 9 0 430 30 430 0 2 0
A 25 430 10 0 9 3 #=697
L 35 430 10 0 2 0 1 0 DCIFACE_A_D697_697
A 25 430 10 0 9 0 PINTYPE=BI
P 10 0 420 30 420 0 2 0
A 25 420 10 0 9 3 #=699
L 35 420 10 0 2 0 1 0 DCIFACE_A_D699_699
A 25 420 10 0 9 0 PINTYPE=BI
P 11 0 410 30 410 0 2 0
A 25 410 10 0 9 3 #=701
L 35 410 10 0 2 0 1 0 DCIFACE_A_D701_701
A 25 410 10 0 9 0 PINTYPE=BI
P 12 0 400 30 400 0 2 0
A 25 400 10 0 9 3 #=703
L 35 400 10 0 2 0 1 0 DCIFACE_A_D703_703
A 25 400 10 0 9 0 PINTYPE=BI
P 13 0 390 30 390 0 2 0
A 25 390 10 0 9 3 #=705
L 35 390 10 0 2 0 1 0 DCIFACE_A_D705_705
A 25 390 10 0 9 0 PINTYPE=BI
P 14 0 380 30 380 0 2 0
A 25 380 10 0 9 3 #=707
L 35 380 10 0 2 0 1 0 DCIFACE_A_D707_707
A 25 380 10 0 9 0 PINTYPE=BI
P 15 0 370 30 370 0 2 0
A 25 370 10 0 9 3 #=709
L 35 370 10 0 2 0 1 0 DCIFACE_A_D709_709
A 25 370 10 0 9 0 PINTYPE=BI
P 16 0 360 30 360 0 2 0
A 25 360 10 0 9 3 #=711
L 35 360 10 0 2 0 1 0 DCIFACE_A_D711_711
A 25 360 10 0 9 0 PINTYPE=BI
P 17 0 350 30 350 0 2 0
A 25 350 10 0 9 3 #=713
L 35 350 10 0 2 0 1 0 DCIFACE_A_D713_713
A 25 350 10 0 9 0 PINTYPE=BI
P 18 0 340 30 340 0 2 0
A 25 340 10 0 9 3 #=715
L 35 340 10 0 2 0 1 0 DCIFACE_A_D715_715
A 25 340 10 0 9 0 PINTYPE=BI
P 19 0 330 30 330 0 2 0
A 25 330 10 0 9 3 #=717
L 35 330 10 0 2 0 1 0 DCIFACE_A_D717_717
A 25 330 10 0 9 0 PINTYPE=BI
P 20 0 320 30 320 0 2 0
A 25 320 10 0 9 3 #=719
L 35 320 10 0 2 0 1 0 DCIFACE_A_D719_719
A 25 320 10 0 9 0 PINTYPE=BI
P 21 0 310 30 310 0 2 0
A 25 310 10 0 9 3 #=721
L 35 310 10 0 2 0 1 0 DCIFACE_A_D721_721
A 25 310 10 0 9 0 PINTYPE=BI
P 22 0 300 30 300 0 2 0
A 25 300 10 0 9 3 #=723
L 35 300 10 0 2 0 1 0 DCIFACE_A_D723_723
A 25 300 10 0 9 0 PINTYPE=BI
P 23 0 290 30 290 0 2 0
A 25 290 10 0 9 3 #=725
L 35 290 10 0 2 0 1 0 DCIFACE_A_D725_725
A 25 290 10 0 9 0 PINTYPE=BI
P 24 0 280 30 280 0 2 0
A 25 280 10 0 9 3 #=727
L 35 280 10 0 2 0 1 0 DCIFACE_A_D727_727
A 25 280 10 0 9 0 PINTYPE=BI
P 25 0 270 30 270 0 2 0
A 25 270 10 0 9 3 #=729
L 35 270 10 0 2 0 1 0 DCIFACE_A_D729_729
A 25 270 10 0 9 0 PINTYPE=BI
P 26 0 260 30 260 0 2 0
A 25 260 10 0 9 3 #=731
L 35 260 10 0 2 0 1 0 DCIFACE_A_D731_731
A 25 260 10 0 9 0 PINTYPE=BI
P 27 0 250 30 250 0 2 0
A 25 250 10 0 9 3 #=733
L 35 250 10 0 2 0 1 0 DCIFACE_A_D733_733
A 25 250 10 0 9 0 PINTYPE=BI
P 28 0 240 30 240 0 2 0
A 25 240 10 0 9 3 #=735
L 35 240 10 0 2 0 1 0 DCIFACE_A_D735_735
A 25 240 10 0 9 0 PINTYPE=BI
P 29 0 230 30 230 0 2 0
A 25 230 10 0 9 3 #=737
L 35 230 10 0 2 0 1 0 DCIFACE_A_D737_737
A 25 230 10 0 9 0 PINTYPE=BI
P 30 0 220 30 220 0 2 0
A 25 220 10 0 9 3 #=739
L 35 220 10 0 2 0 1 0 DCIFACE_A_D739_739
A 25 220 10 0 9 0 PINTYPE=BI
P 31 0 210 30 210 0 2 0
A 25 210 10 0 9 3 #=741
L 35 210 10 0 2 0 1 0 DCIFACE_A_D741_741
A 25 210 10 0 9 0 PINTYPE=BI
P 32 0 200 30 200 0 2 0
A 25 200 10 0 9 3 #=743
L 35 200 10 0 2 0 1 0 DCIFACE_A_D743_743
A 25 200 10 0 9 0 PINTYPE=BI
P 33 0 190 30 190 0 2 0
A 25 190 10 0 9 3 #=745
L 35 190 10 0 2 0 1 0 DCIFACE_A_D745_745
A 25 190 10 0 9 0 PINTYPE=BI
P 34 0 180 30 180 0 2 0
A 25 180 10 0 9 3 #=747
L 35 180 10 0 2 0 1 0 DCIFACE_A_D747_747
A 25 180 10 0 9 0 PINTYPE=BI
P 35 0 170 30 170 0 2 0
A 25 170 10 0 9 3 #=749
L 35 170 10 0 2 0 1 0 DCIFACE_A_D749_749
A 25 170 10 0 9 0 PINTYPE=BI
P 36 0 160 30 160 0 2 0
A 25 160 10 0 9 3 #=751
L 35 160 10 0 2 0 1 0 DCIFACE_A_D751_751
A 25 160 10 0 9 0 PINTYPE=BI
P 37 0 150 30 150 0 2 0
A 25 150 10 0 9 3 #=753
L 35 150 10 0 2 0 1 0 DCIFACE_A_D753_753
A 25 150 10 0 9 0 PINTYPE=BI
P 38 0 140 30 140 0 2 0
A 25 140 10 0 9 3 #=755
L 35 140 10 0 2 0 1 0 DCIFACE_A_D755_755
A 25 140 10 0 9 0 PINTYPE=BI
P 39 0 130 30 130 0 2 0
A 25 130 10 0 9 3 #=757
L 35 130 10 0 2 0 1 0 DCIFACE_A_D757_757
A 25 130 10 0 9 0 PINTYPE=BI
P 40 0 120 30 120 0 2 0
A 25 120 10 0 9 3 #=759
L 35 120 10 0 2 0 1 0 DCIFACE_A_D759_759
A 25 120 10 0 9 0 PINTYPE=BI
P 41 0 110 30 110 0 2 0
A 25 110 10 0 9 3 #=761
L 35 110 10 0 2 0 1 0 DCIFACE_A_D761_761
A 25 110 10 0 9 0 PINTYPE=BI
P 42 0 100 30 100 0 2 0
A 25 100 10 0 9 3 #=763
L 35 100 10 0 2 0 1 0 DCIFACE_A_D763_763
A 25 100 10 0 9 0 PINTYPE=BI
P 43 0 90 30 90 0 2 0
A 25 90 10 0 9 3 #=765
L 35 90 10 0 2 0 1 0 DCIFACE_A_D765_765
A 25 90 10 0 9 0 PINTYPE=BI
P 44 0 80 30 80 0 2 0
A 25 80 10 0 9 3 #=767
L 35 80 10 0 2 0 1 0 DCIFACE_A_D767_767
A 25 80 10 0 9 0 PINTYPE=BI
P 45 300 510 270 510 0 3 0
A 275 510 10 0 3 3 #=680
L 265 510 10 0 8 0 1 0 DCIFACE_A_D680_680
A 265 510 10 0 3 0 PINTYPE=BI
P 46 300 500 270 500 0 3 0
A 275 500 10 0 3 3 #=682
L 265 500 10 0 8 0 1 0 DCIFACE_A_D682_682
A 265 500 10 0 3 0 PINTYPE=BI
P 47 300 490 270 490 0 3 0
A 275 490 10 0 3 3 #=684
L 265 490 10 0 8 0 1 0 DCIFACE_A_D684_684
A 265 490 10 0 3 0 PINTYPE=BI
P 48 300 480 270 480 0 3 0
A 275 480 10 0 3 3 #=686
L 265 480 10 0 8 0 1 0 DCIFACE_A_D686_686
A 265 480 10 0 3 0 PINTYPE=BI
P 49 300 470 270 470 0 3 0
A 275 470 10 0 3 3 #=688
L 265 470 10 0 8 0 1 0 DCIFACE_A_D688_688
A 265 470 10 0 3 0 PINTYPE=BI
P 50 300 460 270 460 0 3 0
A 275 460 10 0 3 3 #=690
L 265 460 10 0 8 0 1 0 DCIFACE_A_D690_690
A 265 460 10 0 3 0 PINTYPE=BI
P 51 300 450 270 450 0 3 0
A 275 450 10 0 3 3 #=692
L 265 450 10 0 8 0 1 0 DCIFACE_A_D692_692
A 265 450 10 0 3 0 PINTYPE=BI
P 52 300 440 270 440 0 3 0
A 275 440 10 0 3 3 #=694
L 265 440 10 0 8 0 1 0 DCIFACE_A_D694_694
A 265 440 10 0 3 0 PINTYPE=BI
P 53 300 430 270 430 0 3 0
A 275 430 10 0 3 3 #=696
L 265 430 10 0 8 0 1 0 DCIFACE_A_D696_696
A 265 430 10 0 3 0 PINTYPE=BI
P 54 300 420 270 420 0 3 0
A 275 420 10 0 3 3 #=698
L 265 420 10 0 8 0 1 0 DCIFACE_A_D698_698
A 265 420 10 0 3 0 PINTYPE=BI
P 55 300 410 270 410 0 3 0
A 275 410 10 0 3 3 #=700
L 265 410 10 0 8 0 1 0 DCIFACE_A_D700_700
A 265 410 10 0 3 0 PINTYPE=BI
P 56 300 400 270 400 0 3 0
A 275 400 10 0 3 3 #=702
L 265 400 10 0 8 0 1 0 DCIFACE_A_D702_702
A 265 400 10 0 3 0 PINTYPE=BI
P 57 300 390 270 390 0 3 0
A 275 390 10 0 3 3 #=704
L 265 390 10 0 8 0 1 0 DCIFACE_A_D704_704
A 265 390 10 0 3 0 PINTYPE=BI
P 58 300 380 270 380 0 3 0
A 275 380 10 0 3 3 #=706
L 265 380 10 0 8 0 1 0 DCIFACE_A_D706_706
A 265 380 10 0 3 0 PINTYPE=BI
P 59 300 370 270 370 0 3 0
A 275 370 10 0 3 3 #=708
L 265 370 10 0 8 0 1 0 DCIFACE_A_D708_708
A 265 370 10 0 3 0 PINTYPE=BI
P 60 300 360 270 360 0 3 0
A 275 360 10 0 3 3 #=710
L 265 360 10 0 8 0 1 0 DCIFACE_A_D710_710
A 265 360 10 0 3 0 PINTYPE=BI
P 61 300 350 270 350 0 3 0
A 275 350 10 0 3 3 #=712
L 265 350 10 0 8 0 1 0 DCIFACE_A_D712_712
A 265 350 10 0 3 0 PINTYPE=BI
P 62 300 340 270 340 0 3 0
A 275 340 10 0 3 3 #=714
L 265 340 10 0 8 0 1 0 DCIFACE_A_D714_714
A 265 340 10 0 3 0 PINTYPE=BI
P 63 300 330 270 330 0 3 0
A 275 330 10 0 3 3 #=716
L 265 330 10 0 8 0 1 0 DCIFACE_A_D716_716
A 265 330 10 0 3 0 PINTYPE=BI
P 64 300 320 270 320 0 3 0
A 275 320 10 0 3 3 #=718
L 265 320 10 0 8 0 1 0 DCIFACE_A_D718_718
A 265 320 10 0 3 0 PINTYPE=BI
P 65 300 310 270 310 0 3 0
A 275 310 10 0 3 3 #=720
L 265 310 10 0 8 0 1 0 DCIFACE_A_D720_720
A 265 310 10 0 3 0 PINTYPE=BI
P 66 300 300 270 300 0 3 0
A 275 300 10 0 3 3 #=722
L 265 300 10 0 8 0 1 0 DCIFACE_A_D722_722
A 265 300 10 0 3 0 PINTYPE=BI
P 67 300 290 270 290 0 3 0
A 275 290 10 0 3 3 #=724
L 265 290 10 0 8 0 1 0 DCIFACE_A_D724_724
A 265 290 10 0 3 0 PINTYPE=BI
P 68 300 280 270 280 0 3 0
A 275 280 10 0 3 3 #=726
L 265 280 10 0 8 0 1 0 DCIFACE_A_D726_726
A 265 280 10 0 3 0 PINTYPE=BI
P 69 300 270 270 270 0 3 0
A 275 270 10 0 3 3 #=728
L 265 270 10 0 8 0 1 0 DCIFACE_A_D728_728
A 265 270 10 0 3 0 PINTYPE=BI
P 70 300 260 270 260 0 3 0
A 275 260 10 0 3 3 #=730
L 265 260 10 0 8 0 1 0 DCIFACE_A_D730_730
A 265 260 10 0 3 0 PINTYPE=BI
P 71 300 250 270 250 0 3 0
A 275 250 10 0 3 3 #=732
L 265 250 10 0 8 0 1 0 DCIFACE_A_D732_732
A 265 250 10 0 3 0 PINTYPE=BI
P 72 300 240 270 240 0 3 0
A 275 240 10 0 3 3 #=734
L 265 240 10 0 8 0 1 0 DCIFACE_A_D734_734
A 265 240 10 0 3 0 PINTYPE=BI
P 73 300 230 270 230 0 3 0
A 275 230 10 0 3 3 #=736
L 265 230 10 0 8 0 1 0 DCIFACE_A_D736_736
A 265 230 10 0 3 0 PINTYPE=BI
P 74 300 220 270 220 0 3 0
A 275 220 10 0 3 3 #=738
L 265 220 10 0 8 0 1 0 DCIFACE_A_D738_738
A 265 220 10 0 3 0 PINTYPE=BI
P 75 300 210 270 210 0 3 0
A 275 210 10 0 3 3 #=740
L 265 210 10 0 8 0 1 0 DCIFACE_A_D740_740
A 265 210 10 0 3 0 PINTYPE=BI
P 76 300 200 270 200 0 3 0
A 275 200 10 0 3 3 #=742
L 265 200 10 0 8 0 1 0 DCIFACE_A_D742_742
A 265 200 10 0 3 0 PINTYPE=BI
P 77 300 190 270 190 0 3 0
A 275 190 10 0 3 3 #=744
L 265 190 10 0 8 0 1 0 DCIFACE_A_D744_744
A 265 190 10 0 3 0 PINTYPE=BI
P 78 300 180 270 180 0 3 0
A 275 180 10 0 3 3 #=746
L 265 180 10 0 8 0 1 0 DCIFACE_A_D746_746
A 265 180 10 0 3 0 PINTYPE=BI
P 79 300 170 270 170 0 3 0
A 275 170 10 0 3 3 #=748
L 265 170 10 0 8 0 1 0 DCIFACE_A_D748_748
A 265 170 10 0 3 0 PINTYPE=BI
P 80 300 160 270 160 0 3 0
A 275 160 10 0 3 3 #=750
L 265 160 10 0 8 0 1 0 DCIFACE_A_D750_750
A 265 160 10 0 3 0 PINTYPE=BI
P 81 300 150 270 150 0 3 0
A 275 150 10 0 3 3 #=752
L 265 150 10 0 8 0 1 0 DCIFACE_A_D752_752
A 265 150 10 0 3 0 PINTYPE=BI
P 82 300 140 270 140 0 3 0
A 275 140 10 0 3 3 #=754
L 265 140 10 0 8 0 1 0 DCIFACE_A_D754_754
A 265 140 10 0 3 0 PINTYPE=BI
P 83 300 130 270 130 0 3 0
A 275 130 10 0 3 3 #=756
L 265 130 10 0 8 0 1 0 DCIFACE_A_D756_756
A 265 130 10 0 3 0 PINTYPE=BI
P 84 300 120 270 120 0 3 0
A 275 120 10 0 3 3 #=758
L 265 120 10 0 8 0 1 0 DCIFACE_A_D758_758
A 265 120 10 0 3 0 PINTYPE=BI
P 85 300 110 270 110 0 3 0
A 275 110 10 0 3 3 #=760
L 265 110 10 0 8 0 1 0 DCIFACE_A_D760_760
A 265 110 10 0 3 0 PINTYPE=BI
P 86 300 100 270 100 0 3 0
A 275 100 10 0 3 3 #=762
L 265 100 10 0 8 0 1 0 DCIFACE_A_D762_762
A 265 100 10 0 3 0 PINTYPE=BI
P 87 300 90 270 90 0 3 0
A 275 90 10 0 3 3 #=764
L 265 90 10 0 8 0 1 0 DCIFACE_A_D764_764
A 265 90 10 0 3 0 PINTYPE=BI
P 88 300 80 270 80 0 3 0
A 275 80 10 0 3 3 #=766
L 265 80 10 0 8 0 1 0 DCIFACE_A_D766_766
A 265 80 10 0 3 0 PINTYPE=BI
T 150 560 20 0 5 P18
T 150 540 20 0 5 AFX
U 30 580 10 0 3 3 DEVICE=XXXXXXX
U 30 50 16 0 1 3 REFDES=U?
U 270 35 10 0 9 3 PKG_TYPE=XXXXXXX
U 0 0 10 0 3 0 HETERO=AFXa_P1,AFXa_P10B,AFXa_P2,AFXa_P3,AFXa_P4,AFXa_P5,AFXa_P6,AFXa_P7,AFXa_P8,AFXa_P9B,AFXa_P10A,AFXa_P11,AFXa_P12,AFXa_P13,AFXa_P14,AFXa_P15,AFXa_P16,AFXa_P17,AFXa_P18,AFXa_P9A
E