V 53
K 92926781290 ap7173
F Case
|R 22:59_4-12-11
Y 1
D 0 0 170 140
Z 10
i 11
U 0 -80 10 0 3 0 DIST_P/N=AP7173-FNG-7DITR-ND
U 0 -70 10 0 3 0 DIST=DIGIKEY
U 0 -60 10 0 3 0 MANF=DIODES INC
U 0 -50 10 0 3 0 VALUE=AP7173
U 0 -40 10 0 3 0 MANF_P/N=AP7173-FNG-7
U 20 0 16 0 3 3 REFDES=U?
l 2 20 120 150 120
l 2 150 120 150 20
l 2 150 20 20 20
l 2 20 20 20 120
P 1 0 110 20 110 0 2 0
L 25 110 10 0 2 0 1 0 IN1
A 15 110 10 0 9 3 #=1
A 30 115 10 0 2 0 PINTYPE=IN
P 2 0 90 20 90 0 2 0
L 25 90 10 0 2 0 1 0 IN2
A 15 90 10 0 9 3 #=2
A 30 95 10 0 2 0 PINTYPE=IN
P 3 0 70 20 70 0 2 0
L 25 70 10 0 2 0 1 0 PG
A 15 70 10 0 9 3 #=3
A 30 75 10 0 2 0 PINTYPE=IN
P 4 0 50 20 50 0 2 0
L 25 50 10 0 2 0 1 0 VCC
A 15 50 10 0 9 3 #=4
A 30 55 10 0 2 0 PINTYPE=IN
P 5 0 30 20 30 0 2 0
L 25 30 10 0 2 0 1 0 EN
A 15 30 10 0 9 3 #=5
A 30 35 10 0 2 0 PINTYPE=IN
P 6 170 110 150 110 0 3 0
L 145 110 10 0 8 0 1 0 OUT1
A 155 110 10 0 3 3 #=9
A 150 120 10 0 2 0 PINTYPE=OUT
P 7 170 90 150 90 0 3 0
L 145 90 10 0 8 0 1 0 OUT2
A 155 90 10 0 3 3 #=10
A 150 100 10 0 2 0 PINTYPE=OUT
P 8 170 70 150 70 0 3 0
L 145 70 10 0 8 0 1 0 FB
A 155 70 10 0 3 3 #=8
A 150 80 10 0 2 0 PINTYPE=IN
P 9 170 50 150 50 0 3 0
L 145 50 10 0 8 0 1 0 SS
A 155 50 10 0 3 3 #=7
A 150 60 10 0 2 0 PINTYPE=IN
P 10 170 30 150 30 0 3 0
L 145 30 10 0 8 1 1 0 GND
A 155 30 10 0 3 3 #=6
A 150 40 10 0 2 0 PINTYPE=IN
P 11 80 0 80 20 0 1 0
L 80 25 10 2 4 0 1 0 EP
A 65 15 10 2 9 3 #=11
A 85 20 10 1 2 0 PINTYPE=IN
U 95 5 10 0 3 3 PKG_TYPE=DFN3030_10
U 30 125 10 0 3 3 DEVICE=AP7173
E
