V 53
K 1395180955 asnt5001_kmc.1
F Case
|R 15:15:55_3-18-14
D 100 240 260 -50
Y 1
Z 10
i 261
U 120 220 16 0 3 3 REFDES=U?
U 215 -20 10 0 1 3 PKG_TYPE=XXXX
U 170 225 10 0 3 3 DEVICE=ASNT5001-KMC
U 125 -20 10 0 1 3 VALUE=ASNT5001-KMC
U 125 -30 10 0 1 3 MANF_P/N=XXXX
U 100 -50 10 0 1 0 FORWARD_PCB=1
T 235 205 10 0 8 VCC
Q 15 0 0
|FNTSTL 16777215 0
b 120 -15 240 220
|GRPHSTL 32000 0 0 1
T 235 195 10 0 8 VCC
Q 15 0 0
|FNTSTL 16777215 0
T 235 185 10 0 8 VCC
Q 15 0 0
|FNTSTL 16777215 0
T 235 175 10 0 8 VCC
Q 15 0 0
|FNTSTL 16777215 0
T 235 165 10 0 8 VCC
Q 15 0 0
|FNTSTL 16777215 0
T 235 155 10 0 8 VCC
Q 15 0 0
|FNTSTL 16777215 0
T 125 205 10 0 2 VCC
Q 15 0 0
|FNTSTL 16777215 0
T 125 195 10 0 2 VCC
Q 15 0 0
|FNTSTL 16777215 0
T 125 185 10 0 2 VCC
Q 15 0 0
|FNTSTL 16777215 0
T 125 175 10 0 2 VCC
Q 15 0 0
|FNTSTL 16777215 0
T 125 165 10 0 2 VCC
Q 15 0 0
|FNTSTL 16777215 0
T 125 155 10 0 2 VCC
Q 15 0 0
|FNTSTL 16777215 0
T 235 0 10 0 8 VCEE
Q 15 0 0
|FNTSTL 16777215 0
T 235 10 10 0 8 VCEE
Q 15 0 0
|FNTSTL 16777215 0
T 235 20 10 0 8 VCEE
Q 15 0 0
|FNTSTL 16777215 0
T 235 30 10 0 8 VCEE
Q 15 0 0
|FNTSTL 16777215 0
T 125 0 10 0 2 NC
Q 15 0 0
|FNTSTL 16777215 0
T 125 10 10 0 2 NC
Q 15 0 0
|FNTSTL 16777215 0
P 1 100 185 120 185 0 2 0
L 125 180 10 0 3 0 0 0 VCC_3
A 100 185 10 0 3 0 PINTYPE=OUT
A 110 185 10 0 3 3 #=6
P 2 100 175 120 175 0 2 0
L 125 170 10 0 3 0 0 0 VCC_4
A 100 175 10 0 3 0 PINTYPE=IN
A 110 175 10 0 3 3 #=8
P 3 100 165 120 165 0 2 0
L 125 160 10 0 3 0 0 0 VCC_5
A 100 165 10 0 3 0 PINTYPE=IN
A 105 165 10 0 3 3 #=10
P 9 100 40 120 40 0 2 0
L 125 35 10 0 3 0 1 0 ICNT_N
Q 15 0 0
|FNTSTL 16777215 0
A 100 40 10 0 3 0 PINTYPE=IN
A 110 40 10 0 3 3 #=5
P 10 100 50 120 50 0 2 0
L 125 45 10 0 3 0 1 0 ICNT_P
Q 15 0 0
|FNTSTL 16777215 0
A 100 50 10 0 3 0 PINTYPE=IN
A 110 50 10 0 3 3 #=3
P 11 100 110 120 110 0 2 0
L 125 105 10 0 3 0 1 0 I_N
Q 15 0 0
|FNTSTL 16777215 0
A 100 110 10 0 3 0 PINTYPE=IN
A 115 110 10 0 9 3 #=23
P 12 100 120 120 120 0 2 0
L 125 115 10 0 3 0 1 0 I_P
Q 15 0 0
|FNTSTL 16777215 0
A 100 120 10 0 3 0 PINTYPE=IN
A 115 120 10 0 9 3 #=21
P 15 260 205 240 205 0 3 0
L 210 200 10 0 3 0 0 0 VCC_7
A 260 205 10 0 9 0 PINTYPE=OUT
A 245 205 10 0 3 3 #=14
P 16 260 195 240 195 0 3 0
L 210 190 10 0 3 0 0 0 VCC_8
A 260 195 10 0 9 0 PINTYPE=OUT
A 245 195 10 0 3 3 #=16
P 17 260 185 240 185 0 3 0
L 220 180 10 0 3 0 0 0 VCC_9
A 260 185 10 0 9 0 PINTYPE=OUT
A 245 185 10 0 3 3 #=18
P 22 100 195 120 195 0 2 0
L 125 190 10 0 3 0 0 0 VCC_2
A 100 195 10 0 3 0 PINTYPE=IN
A 110 195 10 0 3 3 #=4
P 23 260 175 240 175 0 3 0
L 220 170 10 0 3 0 0 0 VCC_10
A 260 175 10 0 9 0 PINTYPE=OUT
A 245 175 10 0 3 3 #=20
P 24 260 165 240 165 0 3 0
L 220 160 10 0 3 0 0 0 VCC_11
A 260 165 10 0 9 0 PINTYPE=OUT
A 245 165 10 0 3 3 #=22
P 30 100 205 120 205 0 2 0
L 125 200 10 0 3 0 0 0 VCC_1
A 100 205 10 0 3 0 PINTYPE=IN
A 110 205 10 0 3 3 #=2
P 32 260 110 240 110 0 3 0
L 235 110 10 0 8 0 1 0 OUT_N
Q 15 0 0
|FNTSTL 16777215 0
A 260 110 10 0 9 0 PINTYPE=IN
A 255 110 10 0 9 3 #=9
P 34 260 120 240 120 0 3 0
L 235 120 10 0 8 0 1 0 OUT_P
Q 15 0 0
|FNTSTL 16777215 0
A 260 120 10 0 9 0 PINTYPE=IN
A 255 120 10 0 9 3 #=11
P 35 260 155 240 155 0 3 0
L 215 150 10 0 3 0 0 0 VCC_12
A 260 155 10 0 9 0 PINTYPE=IN
A 245 155 10 0 3 3 #=24
P 36 100 155 120 155 0 2 0
L 125 150 10 0 3 0 0 0 VCC_6
A 100 155 10 0 3 0 PINTYPE=OUT
A 105 155 10 0 3 3 #=12
P 234 260 30 240 30 0 3 0
L 220 25 10 0 3 0 0 0 VEE_1
A 260 30 10 0 9 0 PINTYPE=OUT
A 245 30 10 0 3 3 #=1
P 237 260 20 240 20 0 3 0
L 220 15 10 0 3 0 0 0 VEE_2
A 260 20 10 0 9 0 PINTYPE=OUT
A 245 20 10 0 3 3 #=7
P 240 260 10 240 10 0 3 0
L 220 5 10 0 3 0 0 0 VEE_3
A 260 10 10 0 9 0 PINTYPE=OUT
A 245 10 10 0 3 3 #=13
P 243 260 0 240 0 0 3 0
L 215 -5 10 0 3 0 0 0 VEE_4
A 260 0 10 0 9 0 PINTYPE=IN
A 245 0 10 0 3 3 #=19
P 255 100 145 120 145 0 2 0
L 125 140 10 0 3 0 1 0 PAD
Q 15 0 0
|FNTSTL 16777215 0
A 100 145 10 0 3 0 PINTYPE=IN
A 105 145 10 0 3 3 #=25
P 259 100 0 120 0 0 2 0
L 125 -5 10 0 3 0 0 0 NC_2
A 100 0 10 0 3 0 PINTYPE=IN
A 115 0 10 0 9 3 #=17
P 260 100 10 120 10 0 2 0
L 125 5 10 0 3 0 0 0 NC_1
A 100 10 10 0 3 0 PINTYPE=IN
A 115 10 10 0 9 3 #=15
E 
