V 53
K 1458256118 asp_134488_01_alt_config.1
F Case
|R 16:08:38_3-17-16
D 0 220 200 0
Y 1
Z 10
i 12
U 0 -90 10 0 3 0 MANF_P/N=MANF_P/N
U 0 -100 10 0 3 0 DEVICE=DEVICE
U 0 10 10 0 3 0 HETERO=(ASP_134488_01_ALT_GND),(ASP_134488_01_ALT_HA),(ASP_134488_01_ALT_DP),(ASP_134488_01_ALT_CLK),(ASP_134488_01_ALT_CONFIG),(ASP_134488_01_ALT_LA),(ASP_134488_01_ALT_HB),(ASP_134488_01_ALT_PWR)
U 180 5 10 0 9 0 PKG_TYPE=PKG_TYPE
U 20 5 16 0 3 3 REFDES=J?
U 180 5 10 0 9 3 VALUE=VALUE
U 0 0 10 0 1 0 FORWARD_PCB=1
b 20 20 180 200
P 1 200 180 180 180 0 3 0
L 175 180 10 0 8 0 1 0 PRSNT_M2C_L
A 180 180 10 0 3 3 #=H2
A 180 185 10 0 2 0 PINTYPE=IN
P 2 200 160 180 160 0 3 0
L 175 160 10 0 8 0 1 0 TCK
A 180 160 10 0 3 3 #=D29
A 180 165 10 0 2 0 PINTYPE=IN
P 3 200 150 180 150 0 3 0
L 175 150 10 0 8 0 1 0 TMS
A 180 150 10 0 3 3 #=D33
A 180 155 10 0 2 0 PINTYPE=IN
P 4 200 140 180 140 0 3 0
L 175 140 10 0 8 0 1 0 TDI
A 180 140 10 0 3 3 #=D30
A 180 145 10 0 2 0 PINTYPE=IN
P 5 200 130 180 130 0 3 0
L 175 130 10 0 8 0 1 0 TDO
A 180 130 10 0 3 3 #=D31
A 180 135 10 0 2 0 PINTYPE=IN
P 6 200 120 180 120 0 3 0
L 175 120 10 0 8 0 1 0 TRST_L
A 180 120 10 0 3 3 #=D34
A 180 125 10 0 2 0 PINTYPE=IN
P 7 200 100 180 100 0 3 0
L 175 100 10 0 8 0 1 0 SCL
A 180 100 10 0 3 3 #=C30
A 180 105 10 0 2 0 PINTYPE=IN
P 8 200 90 180 90 0 3 0
L 175 90 10 0 8 0 1 0 SDA
A 180 90 10 0 3 3 #=C31
A 180 95 10 0 2 0 PINTYPE=IN
P 9 200 70 180 70 0 3 0
L 175 70 10 0 8 0 1 0 RES0
A 180 70 10 0 3 3 #=B40
A 180 75 10 0 2 0 PINTYPE=IN
P 10 200 50 180 50 0 3 0
L 175 50 10 0 8 0 1 0 GA0
A 180 50 10 0 3 3 #=C34
A 180 55 10 0 2 0 PINTYPE=IN
P 11 200 40 180 40 0 3 0
L 175 40 10 0 8 0 1 0 GA1
A 180 40 10 0 3 3 #=D35
A 180 45 10 0 2 0 PINTYPE=IN
E 
