V 53
K 1447898094 ASP_184329_gnd2.1
F Case
|R 17:54:54_11-18-15
D 0 250 840 0
Y 1
Z 10
i 81
U 0 -50 10 0 3 0 PARTS=1
U 0 -40 10 0 3 0 LEVEL=STD
U 0 -30 10 0 3 0 PKG_TYPE=PKG_TYPE
U 50 90 10 0 3 3 DEVICE=DEVICE
U 0 10 10 0 3 0 HETERO=(ASP_184329_A),(ASP_184329_B),(ASP_184329_C),(ASP_184329_D),(ASP_184329_E),(ASP_184329_F),(ASP_184329_G),(ASP_184329_H),(ASP_184329_J),(ASP_184329_K),(ASP_184329_L),(ASP_184329_M),(ASP_184329_Y),(ASP_184329_Z),(ASP_184329_GND),(ASP_184329_GND2)
U 50 100 16 0 3 3 REFDES=J?
U 730 90 10 0 3 3 VALUE=VALUE
U 0 0 10 0 1 0 FORWARD_PCB=1
b 20 20 840 230
P 1 820 250 820 230 0 0 0
L 820 230 10 1 8 0 1 0 GND_160
A 820 230 10 1 3 0 #=M1
A 825 250 10 1 8 0 PINTYPE=BI
P 2 800 250 800 230 0 0 0
L 800 230 10 1 8 0 1 0 GND_161
A 800 230 10 1 3 0 #=M4
A 805 250 10 1 8 0 PINTYPE=BI
P 3 780 250 780 230 0 0 0
L 780 230 10 1 8 0 1 0 GND_162
A 780 230 10 1 3 0 #=M5
A 785 250 10 1 8 0 PINTYPE=BI
P 4 760 250 760 230 0 0 0
L 760 230 10 1 8 0 1 0 GND_163
A 760 230 10 1 3 0 #=M8
A 765 250 10 1 8 0 PINTYPE=BI
P 5 740 250 740 230 0 0 0
L 740 230 10 1 8 0 1 0 GND_164
A 740 230 10 1 3 0 #=M9
A 745 250 10 1 8 0 PINTYPE=BI
P 6 720 250 720 230 0 0 0
L 720 230 10 1 8 0 1 0 GND_165
A 720 230 10 1 3 0 #=M12
A 725 260 10 1 8 0 PINTYPE=BI
P 7 700 250 700 230 0 0 0
L 700 230 10 1 8 0 1 0 GND_166
A 700 230 10 1 3 0 #=M13
A 705 260 10 1 8 0 PINTYPE=BI
P 8 680 250 680 230 0 0 0
L 680 230 10 1 8 0 1 0 GND_167
A 680 230 10 1 3 0 #=M16
A 685 260 10 1 8 0 PINTYPE=BI
P 9 660 250 660 230 0 0 0
L 660 230 10 1 8 0 1 0 GND_168
A 660 230 10 1 3 0 #=M17
A 665 260 10 1 8 0 PINTYPE=BI
P 10 640 250 640 230 0 0 0
L 640 230 10 1 8 0 1 0 GND_169
A 640 230 10 1 3 0 #=M20
A 645 260 10 1 8 0 PINTYPE=BI
P 11 620 250 620 230 0 0 0
L 620 230 10 1 8 0 1 0 GND_170
A 620 230 10 1 3 0 #=M21
A 625 260 10 1 8 0 PINTYPE=BI
P 12 600 250 600 230 0 0 0
L 600 230 10 1 8 0 1 0 GND_171
A 600 230 10 1 3 0 #=M24
A 605 260 10 1 8 0 PINTYPE=BI
P 13 580 250 580 230 0 0 0
L 580 230 10 1 8 0 1 0 GND_172
A 580 230 10 1 3 0 #=M25
A 585 260 10 1 8 0 PINTYPE=BI
P 14 560 250 560 230 0 0 0
L 560 230 10 1 8 0 1 0 GND_173
A 560 230 10 1 3 0 #=M28
A 565 260 10 1 8 0 PINTYPE=BI
P 15 540 250 540 230 0 0 0
L 540 230 10 1 8 0 1 0 GND_174
A 540 230 10 1 3 0 #=M29
A 545 260 10 1 8 0 PINTYPE=BI
P 16 520 250 520 230 0 0 0
L 520 230 10 1 8 0 1 0 GND_175
A 520 230 10 1 3 0 #=M32
A 525 260 10 1 8 0 PINTYPE=BI
P 17 500 250 500 230 0 0 0
L 500 230 10 1 8 0 1 0 GND_176
A 500 230 10 1 3 0 #=M33
A 505 260 10 1 8 0 PINTYPE=BI
P 18 480 250 480 230 0 0 0
L 480 230 10 1 8 0 1 0 GND_177
A 480 230 10 1 3 0 #=M36
A 485 260 10 1 8 0 PINTYPE=BI
P 19 460 250 460 230 0 0 0
L 460 230 10 1 8 0 1 0 GND_178
A 460 230 10 1 3 0 #=M37
A 465 260 10 1 8 0 PINTYPE=BI
P 20 440 250 440 230 0 0 0
L 440 230 10 1 8 0 1 0 GND_179
A 440 230 10 1 3 0 #=M40
A 445 260 10 1 8 0 PINTYPE=BI
P 21 420 250 420 230 0 0 0
L 420 230 10 1 8 0 1 0 GND_180
A 420 230 10 1 3 0 #=L2
A 425 250 10 1 8 0 PINTYPE=BI
P 22 400 250 400 230 0 0 0
L 400 230 10 1 8 0 1 0 GND_181
A 400 230 10 1 3 0 #=L3
A 405 250 10 1 8 0 PINTYPE=BI
P 23 380 250 380 230 0 0 0
L 380 230 10 1 8 0 1 0 GND_182
A 380 230 10 1 3 0 #=L6
A 385 250 10 1 8 0 PINTYPE=BI
P 24 360 250 360 230 0 0 0
L 360 230 10 1 8 0 1 0 GND_183
A 360 230 10 1 3 0 #=L7
A 365 250 10 1 8 0 PINTYPE=BI
P 25 340 250 340 230 0 0 0
L 340 230 10 1 8 0 1 0 GND_184
A 340 230 10 1 3 0 #=L10
A 345 260 10 1 8 0 PINTYPE=BI
P 26 320 250 320 230 0 0 0
L 320 230 10 1 8 0 1 0 GND_185
A 320 230 10 1 3 0 #=L11
A 325 260 10 1 8 0 PINTYPE=BI
P 27 300 250 300 230 0 0 0
L 300 230 10 1 8 0 1 0 GND_186
A 300 230 10 1 3 0 #=L14
A 305 260 10 1 8 0 PINTYPE=BI
P 28 280 250 280 230 0 0 0
L 280 230 10 1 8 0 1 0 GND_187
A 280 230 10 1 3 0 #=L15
A 285 260 10 1 8 0 PINTYPE=BI
P 29 260 250 260 230 0 0 0
L 260 230 10 1 8 0 1 0 GND_188
A 260 230 10 1 3 0 #=L18
A 265 260 10 1 8 0 PINTYPE=BI
P 30 240 250 240 230 0 0 0
L 240 230 10 1 8 0 1 0 GND_189
A 240 230 10 1 3 0 #=L19
A 245 260 10 1 8 0 PINTYPE=BI
P 31 220 250 220 230 0 0 0
L 220 230 10 1 8 0 1 0 GND_190
A 220 230 10 1 3 0 #=L22
A 225 260 10 1 8 0 PINTYPE=BI
P 32 200 250 200 230 0 0 0
L 200 230 10 1 8 0 1 0 GND_191
A 200 230 10 1 3 0 #=L23
A 205 260 10 1 8 0 PINTYPE=BI
P 33 180 250 180 230 0 0 0
L 180 230 10 1 8 0 1 0 GND_192
A 180 230 10 1 3 0 #=L26
A 185 260 10 1 8 0 PINTYPE=BI
P 34 160 250 160 230 0 0 0
L 160 230 10 1 8 0 1 0 GND_193
A 160 230 10 1 3 0 #=L27
A 165 260 10 1 8 0 PINTYPE=BI
P 35 140 250 140 230 0 0 0
L 140 230 10 1 8 0 1 0 GND_194
A 140 230 10 1 3 0 #=L30
A 145 260 10 1 8 0 PINTYPE=BI
P 36 120 250 120 230 0 0 0
L 120 230 10 1 8 0 1 0 GND_195
A 120 230 10 1 3 0 #=L31
A 125 260 10 1 8 0 PINTYPE=BI
P 37 100 250 100 230 0 0 0
L 100 230 10 1 8 0 1 0 GND_196
A 100 230 10 1 3 0 #=L34
A 105 260 10 1 8 0 PINTYPE=BI
P 38 80 250 80 230 0 0 0
L 80 230 10 1 8 0 1 0 GND_197
A 80 230 10 1 3 0 #=L35
A 85 260 10 1 8 0 PINTYPE=BI
P 39 60 250 60 230 0 0 0
L 60 230 10 1 8 0 1 0 GND_198
A 60 230 10 1 3 0 #=L38
A 65 260 10 1 8 0 PINTYPE=BI
P 40 40 250 40 230 0 0 0
L 40 230 10 1 8 0 1 0 GND_199
A 40 230 10 1 3 0 #=L39
A 45 260 10 1 8 0 PINTYPE=BI
P 41 820 0 820 20 0 1 0
L 820 20 10 1 2 0 1 0 GND_200
A 820 20 10 1 9 0 #=Y1
A 825 0 10 1 2 0 PINTYPE=BI
P 42 800 0 800 20 0 1 0
L 800 20 10 1 2 0 1 0 GND_201
A 800 20 10 1 9 0 #=Y4
A 805 0 10 1 2 0 PINTYPE=BI
P 43 780 0 780 20 0 1 0
L 780 20 10 1 2 0 1 0 GND_202
A 780 20 10 1 9 0 #=Y5
A 785 0 10 1 2 0 PINTYPE=BI
P 44 760 0 760 20 0 1 0
L 760 20 10 1 2 0 1 0 GND_203
A 760 20 10 1 9 0 #=Y8
A 765 0 10 1 2 0 PINTYPE=BI
P 45 740 0 740 20 0 1 0
L 740 20 10 1 2 0 1 0 GND_204
A 740 20 10 1 9 0 #=Y9
A 745 0 10 1 2 0 PINTYPE=BI
P 46 720 0 720 20 0 1 0
L 720 20 10 1 2 0 1 0 GND_205
A 720 20 10 1 9 0 #=Y12
A 725 -10 10 1 2 0 PINTYPE=BI
P 47 700 0 700 20 0 1 0
L 700 20 10 1 2 0 1 0 GND_206
A 700 20 10 1 9 0 #=Y13
A 705 -10 10 1 2 0 PINTYPE=BI
P 48 680 0 680 20 0 1 0
L 680 20 10 1 2 0 1 0 GND_207
A 680 20 10 1 9 0 #=Y16
A 685 -10 10 1 2 0 PINTYPE=BI
P 49 660 0 660 20 0 1 0
L 660 20 10 1 2 0 1 0 GND_208
A 660 20 10 1 9 0 #=Y17
A 665 -10 10 1 2 0 PINTYPE=BI
P 50 640 0 640 20 0 1 0
L 640 20 10 1 2 0 1 0 GND_209
A 640 20 10 1 9 0 #=Y20
A 645 -10 10 1 2 0 PINTYPE=BI
P 51 620 0 620 20 0 1 0
L 620 20 10 1 2 0 1 0 GND_210
A 620 20 10 1 9 0 #=Y21
A 625 -10 10 1 2 0 PINTYPE=BI
P 52 600 0 600 20 0 1 0
L 600 20 10 1 2 0 1 0 GND_211
A 600 20 10 1 9 0 #=Y24
A 605 -10 10 1 2 0 PINTYPE=BI
P 53 580 0 580 20 0 1 0
L 580 20 10 1 2 0 1 0 GND_212
A 580 20 10 1 9 0 #=Y25
A 585 -10 10 1 2 0 PINTYPE=BI
P 54 560 0 560 20 0 1 0
L 560 20 10 1 2 0 1 0 GND_213
A 560 20 10 1 9 0 #=Y28
A 565 -10 10 1 2 0 PINTYPE=BI
P 55 540 0 540 20 0 1 0
L 540 20 10 1 2 0 1 0 GND_214
A 540 20 10 1 9 0 #=Y29
A 545 -10 10 1 2 0 PINTYPE=BI
P 56 520 0 520 20 0 1 0
L 520 20 10 1 2 0 1 0 GND_215
A 520 20 10 1 9 0 #=Y32
A 525 -10 10 1 2 0 PINTYPE=BI
P 57 500 0 500 20 0 1 0
L 500 20 10 1 2 0 1 0 GND_216
A 500 20 10 1 9 0 #=Y33
A 505 -10 10 1 2 0 PINTYPE=BI
P 58 480 0 480 20 0 1 0
L 480 20 10 1 2 0 1 0 GND_217
A 480 20 10 1 9 0 #=Y36
A 485 -10 10 1 2 0 PINTYPE=BI
P 59 460 0 460 20 0 1 0
L 460 20 10 1 2 0 1 0 GND_218
A 460 20 10 1 9 0 #=Y37
A 465 -10 10 1 2 0 PINTYPE=BI
P 60 440 0 440 20 0 1 0
L 440 20 10 1 2 0 1 0 GND_219
A 440 20 10 1 9 0 #=Y40
A 445 -10 10 1 2 0 PINTYPE=BI
P 61 420 0 420 20 0 1 0
L 420 20 10 1 2 0 1 0 GND_220
A 420 20 10 1 9 0 #=Z2
A 425 0 10 1 2 0 PINTYPE=BI
P 62 400 0 400 20 0 1 0
L 400 20 10 1 2 0 1 0 GND_221
A 400 20 10 1 9 0 #=Z3
A 405 0 10 1 2 0 PINTYPE=BI
P 63 380 0 380 20 0 1 0
L 380 20 10 1 2 0 1 0 GND_222
A 380 20 10 1 9 0 #=Z6
A 385 0 10 1 2 0 PINTYPE=BI
P 64 360 0 360 20 0 1 0
L 360 20 10 1 2 0 1 0 GND_223
A 360 20 10 1 9 0 #=Z7
A 365 0 10 1 2 0 PINTYPE=BI
P 65 340 0 340 20 0 1 0
L 340 20 10 1 2 0 1 0 GND_224
A 340 20 10 1 9 0 #=Z10
A 345 -10 10 1 2 0 PINTYPE=BI
P 68 240 0 240 20 0 1 0
L 240 20 10 1 2 0 1 0 GND_229
A 240 20 10 1 9 0 #=Z19
A 245 -10 10 1 2 0 PINTYPE=BI
P 69 220 0 220 20 0 1 0
L 220 20 10 1 2 0 1 0 GND_230
A 220 20 10 1 9 0 #=Z22
A 225 -10 10 1 2 0 PINTYPE=BI
P 70 140 0 140 20 0 1 0
L 140 20 10 1 2 0 1 0 GND_234
A 140 20 10 1 9 0 #=Z30
A 145 -10 10 1 2 0 PINTYPE=BI
P 71 120 0 120 20 0 1 0
L 120 20 10 1 2 0 1 0 GND_235
A 120 20 10 1 9 0 #=Z31
A 125 -10 10 1 2 0 PINTYPE=BI
P 72 100 0 100 20 0 1 0
L 100 20 10 1 2 0 1 0 GND_236
A 100 20 10 1 9 0 #=Z34
A 105 -10 10 1 2 0 PINTYPE=BI
P 73 80 0 80 20 0 1 0
L 80 20 10 1 2 0 1 0 GND_237
A 80 20 10 1 9 0 #=Z35
A 85 -10 10 1 2 0 PINTYPE=BI
P 661 320 0 320 20 0 1 0
L 320 20 10 1 2 0 1 0 GND_225
A 320 20 10 1 9 0 #=Z11
A 325 0 10 1 2 0 PINTYPE=BI
P 665 300 0 300 20 0 1 0
L 300 20 10 1 2 0 1 0 GND_226
A 300 20 10 1 9 0 #=Z14
A 305 0 10 1 2 0 PINTYPE=BI
P 669 280 0 280 20 0 1 0
L 280 20 10 1 2 0 1 0 GND_227
A 280 20 10 1 9 0 #=Z15
A 285 0 10 1 2 0 PINTYPE=BI
P 673 260 0 260 20 0 1 0
L 260 20 10 1 2 0 1 0 GND_228
A 260 20 10 1 9 0 #=Z18
A 265 0 10 1 2 0 PINTYPE=BI
P 677 200 0 200 20 0 1 0
L 200 20 10 1 2 0 1 0 GND_231
A 200 20 10 1 9 0 #=Z23
A 205 -10 10 1 2 0 PINTYPE=BI
P 681 180 0 180 20 0 1 0
L 180 20 10 1 2 0 1 0 GND_232
A 180 20 10 1 9 0 #=Z26
A 185 -10 10 1 2 0 PINTYPE=BI
P 685 160 0 160 20 0 1 0
L 160 20 10 1 2 0 1 0 GND_233
A 160 20 10 1 9 0 #=Z27
A 165 -10 10 1 2 0 PINTYPE=BI
P 689 60 0 60 20 0 1 0
L 60 20 10 1 2 0 1 0 GND_238
A 60 20 10 1 9 0 #=Z38
A 65 -10 10 1 2 0 PINTYPE=BI
P 693 40 0 40 20 0 1 0
L 40 20 10 1 2 0 1 0 GND_239
A 40 20 10 1 9 0 #=Z39
A 45 -10 10 1 2 0 PINTYPE=BI
E 
