V 53
K 1458256133 asp_134488_01_alt_pwr.1
F Case
|R 16:08:53_3-17-16
D 0 240 200 0
Y 1
Z 10
i 14
U 0 -100 10 0 3 0 MANF_P/N=MANF_P/N
U 0 -110 10 0 3 0 DEVICE=DEVICE
U 0 10 10 0 3 0 HETERO=(ASP_134488_01_ALT_GND),(ASP_134488_01_ALT_HA),(ASP_134488_01_ALT_DP),(ASP_134488_01_ALT_CLK),(ASP_134488_01_ALT_CONFIG),(ASP_134488_01_ALT_LA),(ASP_134488_01_ALT_HB),(ASP_134488_01_ALT_PWR)
U 180 5 10 0 9 0 PKG_TYPE=PKG_TYPE
U 20 5 16 0 3 3 REFDES=J?
U 180 5 10 0 9 3 VALUE=VALUE
U 0 0 10 0 1 0 FORWARD_PCB=1
b 20 20 180 220
P 1 200 200 180 200 0 3 0
L 175 200 10 0 8 0 1 0 12P0V_1
A 180 200 10 0 3 3 #=C35
A 180 205 10 0 2 0 PINTYPE=IN
P 2 200 190 180 190 0 3 0
L 175 190 10 0 8 0 1 0 12P0V_2
A 180 190 10 0 3 3 #=C37
A 180 195 10 0 2 0 PINTYPE=IN
P 3 200 170 180 170 0 3 0
L 175 170 10 0 8 0 1 0 3P3V_1
A 180 170 10 0 3 3 #=C39
A 180 175 10 0 2 0 PINTYPE=IN
P 4 200 160 180 160 0 3 0
L 175 160 10 0 8 0 1 0 3P3V_2
A 180 160 10 0 3 3 #=D36
A 180 165 10 0 2 0 PINTYPE=IN
P 5 200 150 180 150 0 3 0
L 175 150 10 0 8 0 1 0 3P3V_3
A 180 150 10 0 3 3 #=D38
A 180 155 10 0 2 0 PINTYPE=IN
P 6 200 140 180 140 0 3 0
L 175 140 10 0 8 0 1 0 3P3V_4
A 180 140 10 0 3 3 #=D40
A 180 145 10 0 2 0 PINTYPE=IN
P 7 200 120 180 120 0 3 0
L 175 120 10 0 8 0 1 0 3P3VAUX
A 180 120 10 0 3 3 #=D32
A 180 125 10 0 2 0 PINTYPE=IN
P 8 200 100 180 100 0 3 0
L 175 100 10 0 8 0 1 0 VADJ_1
A 180 100 10 0 3 3 #=E39
A 180 105 10 0 2 0 PINTYPE=IN
P 9 200 90 180 90 0 3 0
L 175 90 10 0 8 0 1 0 VADJ_2
A 180 90 10 0 3 3 #=F40
A 180 95 10 0 2 0 PINTYPE=IN
P 10 200 80 180 80 0 3 0
L 175 80 10 0 8 0 1 0 VADJ_3
A 180 80 10 0 3 3 #=G39
A 180 85 10 0 2 0 PINTYPE=IN
P 11 200 70 180 70 0 3 0
L 175 70 10 0 8 0 1 0 VADJ_4
A 180 70 10 0 3 3 #=H40
A 180 75 10 0 2 0 PINTYPE=IN
P 12 200 50 180 50 0 3 0
L 175 50 10 0 8 0 1 0 PG_M2C
A 180 50 10 0 3 3 #=F1
A 180 55 10 0 2 0 PINTYPE=OUT
P 13 200 40 180 40 0 3 0
L 175 40 10 0 8 0 1 0 PG_C2M
A 180 40 10 0 3 3 #=D1
A 180 45 10 0 2 0 PINTYPE=IN
E 
