V 53
K 1458256093 asp_134488_01_alt_gnd.1
F Case
|R 16:08:13_3-17-16
D 0 890 200 0
Y 1
Z 10
i 164
U 0 -80 10 0 3 0 MANF_P/N=MANF_P/N
U 0 -90 10 0 3 0 DEVICE=DEVICE
U 0 10 10 0 3 0 HETERO=(ASP_134488_01_ALT_GND),(ASP_134488_01_ALT_HA),(ASP_134488_01_ALT_DP),(ASP_134488_01_ALT_CLK),(ASP_134488_01_ALT_CONFIG),(ASP_134488_01_ALT_LA),(ASP_134488_01_ALT_HB),(ASP_134488_01_ALT_PWR)
U 180 5 10 0 9 0 PKG_TYPE=PKG_TYPE
U 20 5 16 0 3 3 REFDES=J?
U 180 5 10 0 9 3 VALUE=VALUE
U 0 0 10 0 1 0 FORWARD_PCB=1
b 20 20 180 870
P 1 0 850 20 850 0 2 0
L 25 850 10 0 2 0 1 0 GND_81
A 20 850 10 0 9 0 #=E20
A 10 855 10 0 2 0 PINTYPE=IN
P 2 0 840 20 840 0 2 0
L 25 840 10 0 2 0 1 0 GND_82
A 20 840 10 0 9 0 #=E23
A 10 845 10 0 2 0 PINTYPE=IN
P 3 0 830 20 830 0 2 0
L 25 830 10 0 2 0 1 0 GND_83
A 20 830 10 0 9 0 #=E26
A 10 835 10 0 2 0 PINTYPE=IN
P 4 0 820 20 820 0 2 0
L 25 820 10 0 2 0 1 0 GND_84
A 20 820 10 0 9 0 #=E29
A 10 825 10 0 2 0 PINTYPE=IN
P 5 0 810 20 810 0 2 0
L 25 810 10 0 2 0 1 0 GND_85
A 20 810 10 0 9 0 #=E32
A 10 815 10 0 2 0 PINTYPE=IN
P 6 0 800 20 800 0 2 0
L 25 800 10 0 2 0 1 0 GND_86
A 20 800 10 0 9 0 #=E35
A 10 805 10 0 2 0 PINTYPE=IN
P 7 0 790 20 790 0 2 0
L 25 790 10 0 2 0 1 0 GND_87
A 20 790 10 0 9 0 #=E38
A 10 795 10 0 2 0 PINTYPE=IN
P 8 0 780 20 780 0 2 0
L 25 780 10 0 2 0 1 0 GND_88
A 20 780 10 0 9 0 #=E40
A 10 785 10 0 2 0 PINTYPE=IN
P 9 0 770 20 770 0 2 0
L 25 770 10 0 2 0 1 0 GND_89
A 20 770 10 0 9 0 #=F2
A 20 775 10 0 2 0 PINTYPE=IN
P 10 0 760 20 760 0 2 0
L 25 760 10 0 2 0 1 0 GND_90
A 20 760 10 0 9 0 #=F3
A 20 765 10 0 2 0 PINTYPE=IN
P 11 0 750 20 750 0 2 0
L 25 750 10 0 2 0 1 0 GND_91
A 20 750 10 0 9 0 #=F6
A 20 755 10 0 2 0 PINTYPE=IN
P 12 0 740 20 740 0 2 0
L 25 740 10 0 2 0 1 0 GND_92
A 20 740 10 0 9 0 #=F9
A 20 745 10 0 2 0 PINTYPE=IN
P 13 0 730 20 730 0 2 0
L 25 730 10 0 2 0 1 0 GND_93
A 20 730 10 0 9 0 #=F12
A 10 735 10 0 2 0 PINTYPE=IN
P 14 0 720 20 720 0 2 0
L 25 720 10 0 2 0 1 0 GND_94
A 20 720 10 0 9 0 #=F15
A 10 725 10 0 2 0 PINTYPE=IN
P 15 0 710 20 710 0 2 0
L 25 710 10 0 2 0 1 0 GND_95
A 20 710 10 0 9 0 #=F18
A 10 715 10 0 2 0 PINTYPE=IN
P 16 0 700 20 700 0 2 0
L 25 700 10 0 2 0 1 0 GND_96
A 20 700 10 0 9 0 #=F21
A 10 705 10 0 2 0 PINTYPE=IN
P 17 0 690 20 690 0 2 0
L 25 690 10 0 2 0 1 0 GND_97
A 20 690 10 0 9 0 #=F24
A 10 695 10 0 2 0 PINTYPE=IN
P 18 0 680 20 680 0 2 0
L 25 680 10 0 2 0 1 0 GND_98
A 20 680 10 0 9 0 #=F27
A 10 685 10 0 2 0 PINTYPE=IN
P 19 0 670 20 670 0 2 0
L 25 670 10 0 2 0 1 0 GND_99
A 20 670 10 0 9 0 #=F30
A 10 675 10 0 2 0 PINTYPE=IN
P 20 0 660 20 660 0 2 0
L 25 660 10 0 2 0 1 0 GND_100
A 20 660 10 0 9 0 #=F33
A 10 665 10 0 2 0 PINTYPE=IN
P 21 0 650 20 650 0 2 0
L 25 650 10 0 2 0 1 0 GND_101
A 20 650 10 0 9 0 #=F36
A 10 655 10 0 2 0 PINTYPE=IN
P 22 0 640 20 640 0 2 0
L 25 640 10 0 2 0 1 0 GND_102
A 20 640 10 0 9 0 #=F39
A 10 645 10 0 2 0 PINTYPE=IN
P 23 0 630 20 630 0 2 0
L 25 630 10 0 2 0 1 0 GND_103
A 20 630 10 0 9 0 #=G1
A 20 635 10 0 2 0 PINTYPE=IN
P 24 0 620 20 620 0 2 0
L 25 620 10 0 2 0 1 0 GND_104
A 20 620 10 0 9 0 #=G4
A 20 625 10 0 2 0 PINTYPE=IN
P 25 0 610 20 610 0 2 0
L 25 610 10 0 2 0 1 0 GND_105
A 20 610 10 0 9 0 #=G5
A 20 615 10 0 2 0 PINTYPE=IN
P 26 0 600 20 600 0 2 0
L 25 600 10 0 2 0 1 0 GND_106
A 20 600 10 0 9 0 #=G8
A 20 605 10 0 2 0 PINTYPE=IN
P 27 0 590 20 590 0 2 0
L 25 590 10 0 2 0 1 0 GND_107
A 20 590 10 0 9 0 #=G11
A 10 595 10 0 2 0 PINTYPE=IN
P 28 0 580 20 580 0 2 0
L 25 580 10 0 2 0 1 0 GND_108
A 20 580 10 0 9 0 #=G14
A 10 585 10 0 2 0 PINTYPE=IN
P 29 0 570 20 570 0 2 0
L 25 570 10 0 2 0 1 0 GND_109
A 20 570 10 0 9 0 #=G17
A 10 575 10 0 2 0 PINTYPE=IN
P 30 0 560 20 560 0 2 0
L 25 560 10 0 2 0 1 0 GND_110
A 20 560 10 0 9 0 #=G20
A 10 565 10 0 2 0 PINTYPE=IN
P 31 0 550 20 550 0 2 0
L 25 550 10 0 2 0 1 0 GND_111
A 20 550 10 0 9 0 #=G23
A 10 555 10 0 2 0 PINTYPE=IN
P 32 0 540 20 540 0 2 0
L 25 540 10 0 2 0 1 0 GND_112
A 20 540 10 0 9 0 #=G26
A 10 545 10 0 2 0 PINTYPE=IN
P 33 0 530 20 530 0 2 0
L 25 530 10 0 2 0 1 0 GND_113
A 20 530 10 0 9 0 #=G29
A 10 535 10 0 2 0 PINTYPE=IN
P 34 0 520 20 520 0 2 0
L 25 520 10 0 2 0 1 0 GND_114
A 20 520 10 0 9 0 #=G32
A 10 525 10 0 2 0 PINTYPE=IN
P 35 0 510 20 510 0 2 0
L 25 510 10 0 2 0 1 0 GND_115
A 20 510 10 0 9 0 #=G35
A 10 515 10 0 2 0 PINTYPE=IN
P 36 0 500 20 500 0 2 0
L 25 500 10 0 2 0 1 0 GND_116
A 20 500 10 0 9 0 #=G38
A 10 505 10 0 2 0 PINTYPE=IN
P 37 0 490 20 490 0 2 0
L 25 490 10 0 2 0 1 0 GND_117
A 20 490 10 0 9 0 #=G40
A 10 495 10 0 2 0 PINTYPE=IN
P 38 0 480 20 480 0 2 0
L 25 480 10 0 2 0 1 0 GND_118
A 20 480 10 0 9 0 #=H3
A 20 485 10 0 2 0 PINTYPE=IN
P 39 0 470 20 470 0 2 0
L 25 470 10 0 2 0 1 0 GND_119
A 20 470 10 0 9 0 #=H6
A 20 475 10 0 2 0 PINTYPE=IN
P 40 0 460 20 460 0 2 0
L 25 460 10 0 2 0 1 0 GND_120
A 20 460 10 0 9 0 #=H9
A 20 465 10 0 2 0 PINTYPE=IN
P 41 0 450 20 450 0 2 0
L 25 450 10 0 2 0 1 0 GND_121
A 20 450 10 0 9 0 #=H12
A 10 455 10 0 2 0 PINTYPE=IN
P 42 0 440 20 440 0 2 0
L 25 440 10 0 2 0 1 0 GND_122
A 20 440 10 0 9 0 #=H15
A 10 445 10 0 2 0 PINTYPE=IN
P 43 0 430 20 430 0 2 0
L 25 430 10 0 2 0 1 0 GND_123
A 20 430 10 0 9 0 #=H18
A 10 435 10 0 2 0 PINTYPE=IN
P 44 0 420 20 420 0 2 0
L 25 420 10 0 2 0 1 0 GND_124
A 20 420 10 0 9 0 #=H21
A 10 425 10 0 2 0 PINTYPE=IN
P 45 0 410 20 410 0 2 0
L 25 410 10 0 2 0 1 0 GND_125
A 20 410 10 0 9 0 #=H24
A 10 415 10 0 2 0 PINTYPE=IN
P 46 0 400 20 400 0 2 0
L 25 400 10 0 2 0 1 0 GND_126
A 20 400 10 0 9 0 #=H27
A 10 405 10 0 2 0 PINTYPE=IN
P 47 0 390 20 390 0 2 0
L 25 390 10 0 2 0 1 0 GND_127
A 20 390 10 0 9 0 #=H30
A 10 395 10 0 2 0 PINTYPE=IN
P 48 0 380 20 380 0 2 0
L 25 380 10 0 2 0 1 0 GND_128
A 20 380 10 0 9 0 #=H33
A 10 385 10 0 2 0 PINTYPE=IN
P 49 0 370 20 370 0 2 0
L 25 370 10 0 2 0 1 0 GND_129
A 20 370 10 0 9 0 #=H36
A 10 375 10 0 2 0 PINTYPE=IN
P 50 0 360 20 360 0 2 0
L 25 360 10 0 2 0 1 0 GND_130
A 20 360 10 0 9 0 #=H39
A 10 365 10 0 2 0 PINTYPE=IN
P 51 0 350 20 350 0 2 0
L 25 350 10 0 2 0 1 0 GND_131
A 20 350 10 0 9 0 #=J1
A 20 355 10 0 2 0 PINTYPE=IN
P 52 0 340 20 340 0 2 0
L 25 340 10 0 2 0 1 0 GND_132
A 20 340 10 0 9 0 #=J4
A 20 345 10 0 2 0 PINTYPE=IN
P 53 0 330 20 330 0 2 0
L 25 330 10 0 2 0 1 0 GND_133
A 20 330 10 0 9 0 #=J5
A 20 335 10 0 2 0 PINTYPE=IN
P 54 0 320 20 320 0 2 0
L 25 320 10 0 2 0 1 0 GND_134
A 20 320 10 0 9 0 #=J8
A 20 325 10 0 2 0 PINTYPE=IN
P 55 0 310 20 310 0 2 0
L 25 310 10 0 2 0 1 0 GND_135
A 20 310 10 0 9 0 #=J11
A 10 315 10 0 2 0 PINTYPE=IN
P 56 0 300 20 300 0 2 0
L 25 300 10 0 2 0 1 0 GND_136
A 20 300 10 0 9 0 #=J14
A 10 305 10 0 2 0 PINTYPE=IN
P 57 0 290 20 290 0 2 0
L 25 290 10 0 2 0 1 0 GND_137
A 20 290 10 0 9 0 #=J17
A 10 295 10 0 2 0 PINTYPE=IN
P 58 0 280 20 280 0 2 0
L 25 280 10 0 2 0 1 0 GND_138
A 20 280 10 0 9 0 #=J20
A 10 285 10 0 2 0 PINTYPE=IN
P 59 0 270 20 270 0 2 0
L 25 270 10 0 2 0 1 0 GND_139
A 20 270 10 0 9 0 #=J23
A 10 275 10 0 2 0 PINTYPE=IN
P 60 0 260 20 260 0 2 0
L 25 260 10 0 2 0 1 0 GND_140
A 20 260 10 0 9 0 #=J26
A 10 265 10 0 2 0 PINTYPE=IN
P 61 0 250 20 250 0 2 0
L 25 250 10 0 2 0 1 0 GND_141
A 20 250 10 0 9 0 #=J29
A 10 255 10 0 2 0 PINTYPE=IN
P 62 0 240 20 240 0 2 0
L 25 240 10 0 2 0 1 0 GND_142
A 20 240 10 0 9 0 #=J32
A 10 245 10 0 2 0 PINTYPE=IN
P 63 0 230 20 230 0 2 0
L 25 230 10 0 2 0 1 0 GND_143
A 20 230 10 0 9 0 #=J35
A 10 235 10 0 2 0 PINTYPE=IN
P 64 0 220 20 220 0 2 0
L 25 220 10 0 2 0 1 0 GND_144
A 20 220 10 0 9 0 #=J38
A 10 225 10 0 2 0 PINTYPE=IN
P 65 0 210 20 210 0 2 0
L 25 210 10 0 2 0 1 0 GND_145
A 20 210 10 0 9 0 #=J40
A 10 215 10 0 2 0 PINTYPE=IN
P 66 0 200 20 200 0 2 0
L 25 200 10 0 2 0 1 0 GND_146
A 20 200 10 0 9 0 #=K2
A 20 205 10 0 2 0 PINTYPE=IN
P 67 0 190 20 190 0 2 0
L 25 190 10 0 2 0 1 0 GND_147
A 20 190 10 0 9 0 #=K3
A 20 195 10 0 2 0 PINTYPE=IN
P 68 0 180 20 180 0 2 0
L 25 180 10 0 2 0 1 0 GND_148
A 20 180 10 0 9 0 #=K6
A 20 185 10 0 2 0 PINTYPE=IN
P 69 0 170 20 170 0 2 0
L 25 170 10 0 2 0 1 0 GND_149
A 20 170 10 0 9 0 #=K9
A 20 175 10 0 2 0 PINTYPE=IN
P 70 0 160 20 160 0 2 0
L 25 160 10 0 2 0 1 0 GND_150
A 20 160 10 0 9 0 #=K12
A 10 165 10 0 2 0 PINTYPE=IN
P 71 0 150 20 150 0 2 0
L 25 150 10 0 2 0 1 0 GND_151
A 20 150 10 0 9 0 #=K15
A 10 155 10 0 2 0 PINTYPE=IN
P 72 0 140 20 140 0 2 0
L 25 140 10 0 2 0 1 0 GND_152
A 20 140 10 0 9 0 #=K18
A 10 145 10 0 2 0 PINTYPE=IN
P 73 0 130 20 130 0 2 0
L 25 130 10 0 2 0 1 0 GND_153
A 20 130 10 0 9 0 #=K21
A 10 135 10 0 2 0 PINTYPE=IN
P 74 0 120 20 120 0 2 0
L 25 120 10 0 2 0 1 0 GND_154
A 20 120 10 0 9 0 #=K24
A 10 125 10 0 2 0 PINTYPE=IN
P 75 0 110 20 110 0 2 0
L 25 110 10 0 2 0 1 0 GND_155
A 20 110 10 0 9 0 #=K27
A 10 115 10 0 2 0 PINTYPE=IN
P 76 0 100 20 100 0 2 0
L 25 100 10 0 2 0 1 0 GND_156
A 20 100 10 0 9 0 #=K30
A 10 105 10 0 2 0 PINTYPE=IN
P 77 0 90 20 90 0 2 0
L 25 90 10 0 2 0 1 0 GND_157
A 20 90 10 0 9 0 #=K33
A 10 95 10 0 2 0 PINTYPE=IN
P 78 0 80 20 80 0 2 0
L 25 80 10 0 2 0 1 0 GND_158
A 20 80 10 0 9 0 #=K36
A 10 85 10 0 2 0 PINTYPE=IN
P 79 0 70 20 70 0 2 0
L 25 70 10 0 2 0 1 0 GND_159
A 20 70 10 0 9 0 #=K39
A 10 75 10 0 2 0 PINTYPE=IN
P 80 0 50 20 50 0 2 0
L 25 50 10 0 2 0 1 0 GND_ST1
A 10 55 10 0 2 0 PINTYPE=IN
A 20 50 10 0 9 0 #=ST1
P 81 0 40 20 40 0 2 0
L 25 40 10 0 2 0 1 0 GND_ST2
A 10 45 10 0 2 0 PINTYPE=IN
A 20 40 10 0 9 0 #=ST2
P 82 200 850 180 850 0 3 0
L 175 850 10 0 8 0 1 0 GND_1
A 180 850 10 0 3 0 #=A1
A 180 855 10 0 2 0 PINTYPE=IN
P 83 200 840 180 840 0 3 0
L 175 840 10 0 8 0 1 0 GND_2
A 180 840 10 0 3 0 #=A4
A 180 845 10 0 2 0 PINTYPE=IN
P 84 200 830 180 830 0 3 0
L 175 830 10 0 8 0 1 0 GND_3
A 180 830 10 0 3 0 #=A5
A 180 835 10 0 2 0 PINTYPE=IN
P 85 200 820 180 820 0 3 0
L 175 820 10 0 8 0 1 0 GND_4
A 180 820 10 0 3 0 #=A8
A 180 825 10 0 2 0 PINTYPE=IN
P 86 200 810 180 810 0 3 0
L 175 810 10 0 8 0 1 0 GND_5
A 180 810 10 0 3 0 #=A9
A 180 815 10 0 2 0 PINTYPE=IN
P 87 200 800 180 800 0 3 0
L 175 800 10 0 8 0 1 0 GND_6
A 180 800 10 0 3 0 #=A12
A 180 805 10 0 2 0 PINTYPE=IN
P 88 200 790 180 790 0 3 0
L 175 790 10 0 8 0 1 0 GND_7
A 180 790 10 0 3 0 #=A13
A 180 795 10 0 2 0 PINTYPE=IN
P 89 200 780 180 780 0 3 0
L 175 780 10 0 8 0 1 0 GND_8
A 180 780 10 0 3 0 #=A16
A 180 785 10 0 2 0 PINTYPE=IN
P 90 200 770 180 770 0 3 0
L 175 770 10 0 8 0 1 0 GND_9
A 180 770 10 0 3 0 #=A17
A 180 775 10 0 2 0 PINTYPE=IN
P 91 200 760 180 760 0 3 0
L 175 760 10 0 8 0 1 0 GND_10
A 180 760 10 0 3 0 #=A20
A 180 765 10 0 2 0 PINTYPE=IN
P 92 200 750 180 750 0 3 0
L 175 750 10 0 8 0 1 0 GND_11
A 180 750 10 0 3 0 #=A21
A 180 755 10 0 2 0 PINTYPE=IN
P 93 200 740 180 740 0 3 0
L 175 740 10 0 8 0 1 0 GND_12
A 180 740 10 0 3 0 #=A24
A 180 745 10 0 2 0 PINTYPE=IN
P 94 200 730 180 730 0 3 0
L 175 730 10 0 8 0 1 0 GND_13
A 180 730 10 0 3 0 #=A25
A 180 735 10 0 2 0 PINTYPE=IN
P 95 200 720 180 720 0 3 0
L 175 720 10 0 8 0 1 0 GND_14
A 180 720 10 0 3 0 #=A28
A 180 725 10 0 2 0 PINTYPE=IN
P 96 200 710 180 710 0 3 0
L 175 710 10 0 8 0 1 0 GND_15
A 180 710 10 0 3 0 #=A29
A 180 715 10 0 2 0 PINTYPE=IN
P 97 200 700 180 700 0 3 0
L 175 700 10 0 8 0 1 0 GND_16
A 180 700 10 0 3 0 #=A32
A 180 705 10 0 2 0 PINTYPE=IN
P 98 200 690 180 690 0 3 0
L 175 690 10 0 8 0 1 0 GND_17
A 180 690 10 0 3 0 #=A33
A 180 695 10 0 2 0 PINTYPE=IN
P 99 200 680 180 680 0 3 0
L 175 680 10 0 8 0 1 0 GND_18
A 180 680 10 0 3 0 #=A36
A 180 685 10 0 2 0 PINTYPE=IN
P 100 200 670 180 670 0 3 0
L 175 670 10 0 8 0 1 0 GND_19
A 180 670 10 0 3 0 #=A37
A 180 675 10 0 2 0 PINTYPE=IN
P 101 200 660 180 660 0 3 0
L 175 660 10 0 8 0 1 0 GND_20
A 180 660 10 0 3 0 #=A40
A 180 665 10 0 2 0 PINTYPE=IN
P 102 200 650 180 650 0 3 0
L 175 650 10 0 8 0 1 0 GND_21
A 180 650 10 0 3 0 #=B2
A 180 655 10 0 2 0 PINTYPE=IN
P 103 200 640 180 640 0 3 0
L 175 640 10 0 8 0 1 0 GND_22
A 180 640 10 0 3 0 #=B3
A 180 645 10 0 2 0 PINTYPE=IN
P 104 200 630 180 630 0 3 0
L 175 630 10 0 8 0 1 0 GND_23
A 180 630 10 0 3 0 #=B6
A 180 635 10 0 2 0 PINTYPE=IN
P 105 200 620 180 620 0 3 0
L 175 620 10 0 8 0 1 0 GND_24
A 180 620 10 0 3 0 #=B7
A 180 625 10 0 2 0 PINTYPE=IN
P 106 200 610 180 610 0 3 0
L 175 610 10 0 8 0 1 0 GND_25
A 180 610 10 0 3 0 #=B10
A 180 615 10 0 2 0 PINTYPE=IN
P 107 200 600 180 600 0 3 0
L 175 600 10 0 8 0 1 0 GND_26
A 180 600 10 0 3 0 #=B11
A 180 605 10 0 2 0 PINTYPE=IN
P 108 200 590 180 590 0 3 0
L 175 590 10 0 8 0 1 0 GND_27
A 180 590 10 0 3 0 #=B14
A 180 595 10 0 2 0 PINTYPE=IN
P 109 200 580 180 580 0 3 0
L 175 580 10 0 8 0 1 0 GND_28
A 180 580 10 0 3 0 #=B15
A 180 585 10 0 2 0 PINTYPE=IN
P 110 200 570 180 570 0 3 0
L 175 570 10 0 8 0 1 0 GND_29
A 180 570 10 0 3 0 #=B18
A 180 575 10 0 2 0 PINTYPE=IN
P 111 200 560 180 560 0 3 0
L 175 560 10 0 8 0 1 0 GND_30
A 180 560 10 0 3 0 #=B19
A 180 565 10 0 2 0 PINTYPE=IN
P 112 200 550 180 550 0 3 0
L 175 550 10 0 8 0 1 0 GND_31
A 180 550 10 0 3 0 #=B22
A 180 555 10 0 2 0 PINTYPE=IN
P 113 200 540 180 540 0 3 0
L 175 540 10 0 8 0 1 0 GND_32
A 180 540 10 0 3 0 #=B23
A 180 545 10 0 2 0 PINTYPE=IN
P 114 200 530 180 530 0 3 0
L 175 530 10 0 8 0 1 0 GND_33
A 180 530 10 0 3 0 #=B26
A 180 535 10 0 2 0 PINTYPE=IN
P 115 200 520 180 520 0 3 0
L 175 520 10 0 8 0 1 0 GND_34
A 180 520 10 0 3 0 #=B27
A 180 525 10 0 2 0 PINTYPE=IN
P 116 200 510 180 510 0 3 0
L 175 510 10 0 8 0 1 0 GND_35
A 180 510 10 0 3 0 #=B30
A 180 515 10 0 2 0 PINTYPE=IN
P 117 200 500 180 500 0 3 0
L 175 500 10 0 8 0 1 0 GND_36
A 180 500 10 0 3 0 #=B31
A 180 505 10 0 2 0 PINTYPE=IN
P 118 200 490 180 490 0 3 0
L 175 490 10 0 8 0 1 0 GND_37
A 180 490 10 0 3 0 #=B34
A 180 495 10 0 2 0 PINTYPE=IN
P 119 200 480 180 480 0 3 0
L 175 480 10 0 8 0 1 0 GND_38
A 180 480 10 0 3 0 #=B35
A 180 485 10 0 2 0 PINTYPE=IN
P 120 200 470 180 470 0 3 0
L 175 470 10 0 8 0 1 0 GND_39
A 180 470 10 0 3 0 #=B38
A 180 475 10 0 2 0 PINTYPE=IN
P 121 200 460 180 460 0 3 0
L 175 460 10 0 8 0 1 0 GND_40
A 180 460 10 0 3 0 #=B39
A 180 465 10 0 2 0 PINTYPE=IN
P 122 200 450 180 450 0 3 0
L 175 450 10 0 8 0 1 0 GND_41
A 180 450 10 0 3 0 #=C1
A 180 455 10 0 2 0 PINTYPE=IN
P 123 200 440 180 440 0 3 0
L 175 440 10 0 8 0 1 0 GND_42
A 180 440 10 0 3 0 #=C4
A 180 445 10 0 2 0 PINTYPE=IN
P 124 200 430 180 430 0 3 0
L 175 430 10 0 8 0 1 0 GND_43
A 180 430 10 0 3 0 #=C5
A 180 435 10 0 2 0 PINTYPE=IN
P 125 200 420 180 420 0 3 0
L 175 420 10 0 8 0 1 0 GND_44
A 180 420 10 0 3 0 #=C8
A 180 425 10 0 2 0 PINTYPE=IN
P 126 200 410 180 410 0 3 0
L 175 410 10 0 8 0 1 0 GND_45
A 180 410 10 0 3 0 #=C9
A 180 415 10 0 2 0 PINTYPE=IN
P 127 200 400 180 400 0 3 0
L 175 400 10 0 8 0 1 0 GND_46
A 180 400 10 0 3 0 #=C12
A 180 405 10 0 2 0 PINTYPE=IN
P 128 200 390 180 390 0 3 0
L 175 390 10 0 8 0 1 0 GND_47
A 180 390 10 0 3 0 #=C13
A 180 395 10 0 2 0 PINTYPE=IN
P 129 200 380 180 380 0 3 0
L 175 380 10 0 8 0 1 0 GND_48
A 180 380 10 0 3 0 #=C16
A 180 385 10 0 2 0 PINTYPE=IN
P 130 200 370 180 370 0 3 0
L 175 370 10 0 8 0 1 0 GND_49
A 180 370 10 0 3 0 #=C17
A 180 375 10 0 2 0 PINTYPE=IN
P 131 200 360 180 360 0 3 0
L 175 360 10 0 8 0 1 0 GND_50
A 180 360 10 0 3 0 #=C20
A 180 365 10 0 2 0 PINTYPE=IN
P 132 200 350 180 350 0 3 0
L 175 350 10 0 8 0 1 0 GND_51
A 180 350 10 0 3 0 #=C21
A 180 355 10 0 2 0 PINTYPE=IN
P 133 200 340 180 340 0 3 0
L 175 340 10 0 8 0 1 0 GND_52
A 180 340 10 0 3 0 #=C24
A 180 345 10 0 2 0 PINTYPE=IN
P 134 200 330 180 330 0 3 0
L 175 330 10 0 8 0 1 0 GND_53
A 180 330 10 0 3 0 #=C25
A 180 335 10 0 2 0 PINTYPE=IN
P 135 200 320 180 320 0 3 0
L 175 320 10 0 8 0 1 0 GND_54
A 180 320 10 0 3 0 #=C28
A 180 325 10 0 2 0 PINTYPE=IN
P 136 200 310 180 310 0 3 0
L 175 310 10 0 8 0 1 0 GND_55
A 180 310 10 0 3 0 #=C29
A 180 315 10 0 2 0 PINTYPE=IN
P 137 200 300 180 300 0 3 0
L 175 300 10 0 8 0 1 0 GND_56
A 180 300 10 0 3 0 #=C32
A 180 305 10 0 2 0 PINTYPE=IN
P 138 200 290 180 290 0 3 0
L 175 290 10 0 8 0 1 0 GND_57
A 180 290 10 0 3 0 #=C33
A 180 295 10 0 2 0 PINTYPE=IN
P 139 200 280 180 280 0 3 0
L 175 280 10 0 8 0 1 0 GND_58
A 180 280 10 0 3 0 #=C36
A 180 285 10 0 2 0 PINTYPE=IN
P 140 200 270 180 270 0 3 0
L 175 270 10 0 8 0 1 0 GND_59
A 180 270 10 0 3 0 #=C38
A 180 275 10 0 2 0 PINTYPE=IN
P 141 200 260 180 260 0 3 0
L 175 260 10 0 8 0 1 0 GND_60
A 180 260 10 0 3 0 #=C40
A 180 265 10 0 2 0 PINTYPE=IN
P 142 200 250 180 250 0 3 0
L 175 250 10 0 8 0 1 0 GND_61
A 180 250 10 0 3 0 #=D2
A 180 255 10 0 2 0 PINTYPE=IN
P 143 200 240 180 240 0 3 0
L 175 240 10 0 8 0 1 0 GND_62
A 180 240 10 0 3 0 #=D3
A 180 245 10 0 2 0 PINTYPE=IN
P 144 200 230 180 230 0 3 0
L 175 230 10 0 8 0 1 0 GND_63
A 180 230 10 0 3 0 #=D6
A 180 235 10 0 2 0 PINTYPE=IN
P 145 200 220 180 220 0 3 0
L 175 220 10 0 8 0 1 0 GND_64
A 180 220 10 0 3 0 #=D7
A 180 225 10 0 2 0 PINTYPE=IN
P 146 200 210 180 210 0 3 0
L 175 210 10 0 8 0 1 0 GND_65
A 180 210 10 0 3 0 #=D10
A 180 215 10 0 2 0 PINTYPE=IN
P 147 200 200 180 200 0 3 0
L 175 200 10 0 8 0 1 0 GND_66
A 180 200 10 0 3 0 #=D13
A 180 205 10 0 2 0 PINTYPE=IN
P 148 200 190 180 190 0 3 0
L 175 190 10 0 8 0 1 0 GND_67
A 180 190 10 0 3 0 #=D16
A 180 195 10 0 2 0 PINTYPE=IN
P 149 200 180 180 180 0 3 0
L 175 180 10 0 8 0 1 0 GND_68
A 180 180 10 0 3 0 #=D19
A 180 185 10 0 2 0 PINTYPE=IN
P 150 200 170 180 170 0 3 0
L 175 170 10 0 8 0 1 0 GND_69
A 180 170 10 0 3 0 #=D22
A 180 175 10 0 2 0 PINTYPE=IN
P 151 200 160 180 160 0 3 0
L 175 160 10 0 8 0 1 0 GND_70
A 180 160 10 0 3 0 #=D25
A 180 165 10 0 2 0 PINTYPE=IN
P 152 200 150 180 150 0 3 0
L 175 150 10 0 8 0 1 0 GND_71
A 180 150 10 0 3 0 #=D28
A 180 155 10 0 2 0 PINTYPE=IN
P 153 200 140 180 140 0 3 0
L 175 140 10 0 8 0 1 0 GND_72
A 180 140 10 0 3 0 #=D37
A 180 145 10 0 2 0 PINTYPE=IN
P 154 200 130 180 130 0 3 0
L 175 130 10 0 8 0 1 0 GND_73
A 180 130 10 0 3 0 #=D39
A 180 135 10 0 2 0 PINTYPE=IN
P 155 200 120 180 120 0 3 0
L 175 120 10 0 8 0 1 0 GND_74
A 180 120 10 0 3 0 #=E1
A 180 125 10 0 2 0 PINTYPE=IN
P 156 200 110 180 110 0 3 0
L 175 110 10 0 8 0 1 0 GND_75
A 180 110 10 0 3 0 #=E4
A 180 115 10 0 2 0 PINTYPE=IN
P 157 200 100 180 100 0 3 0
L 175 100 10 0 8 0 1 0 GND_76
A 180 100 10 0 3 0 #=E5
A 180 105 10 0 2 0 PINTYPE=IN
P 158 200 90 180 90 0 3 0
L 175 90 10 0 8 0 1 0 GND_77
A 180 90 10 0 3 0 #=E8
A 180 95 10 0 2 0 PINTYPE=IN
P 159 200 80 180 80 0 3 0
L 175 80 10 0 8 0 1 0 GND_78
A 180 80 10 0 3 0 #=E11
A 180 85 10 0 2 0 PINTYPE=IN
P 160 200 70 180 70 0 3 0
L 175 70 10 0 8 0 1 0 GND_79
A 180 70 10 0 3 0 #=E14
A 180 75 10 0 2 0 PINTYPE=IN
P 161 200 60 180 60 0 3 0
L 175 60 10 0 8 0 1 0 GND_80
A 180 60 10 0 3 0 #=E17
A 180 65 10 0 2 0 PINTYPE=IN
E 
