V 53
K 1447891188 ASP_184329_d.1
F Case
|R 15:59:48_11-18-15
D 0 620 210 0
Y 1
Z 10
i 28
U 0 -30 10 0 3 0 PKG_TYPE=PKG_TYPE
U 0 -40 10 0 3 0 LEVEL=STD
U 0 -50 10 0 3 0 PARTS=1
U 0 10 10 0 3 0 HETERO=(ASP_184329_A),(ASP_184329_B),(ASP_184329_C),(ASP_184329_D),(ASP_184329_E),(ASP_184329_F),(ASP_184329_G),(ASP_184329_H),(ASP_184329_J),(ASP_184329_K),(ASP_184329_L),(ASP_184329_M),(ASP_184329_Y),(ASP_184329_Z),(ASP_184329_GND),(ASP_184329_GND2)
U 20 600 10 0 3 3 DEVICE=DEVICE
U 20 5 16 0 3 3 REFDES=J?
U 150 10 10 0 3 3 VALUE=VALUE
U 0 0 10 0 1 0 FORWARD_PCB=1
b 20 20 190 600
P 1 210 570 190 570 0 3 0
L 190 570 10 0 8 0 1 0 PG_C2M
A 190 570 10 0 3 0 #=D1
A 190 580 10 0 2 0 PINTYPE=BI
P 2 210 550 190 550 0 3 0
L 190 550 10 0 8 0 1 0 GBTCLK0_M2C_P
A 190 550 10 0 3 0 #=D4
A 190 560 10 0 2 0 PINTYPE=BI
P 3 210 530 190 530 0 3 0
L 190 530 10 0 8 0 1 0 GBTCLK0_M2C_N
A 190 530 10 0 3 0 #=D5
A 190 540 10 0 2 0 PINTYPE=BI
P 4 210 510 190 510 0 3 0
L 190 510 10 0 8 0 1 0 LA01_P_CC
A 190 510 10 0 3 0 #=D8
A 190 520 10 0 2 0 PINTYPE=BI
P 5 210 490 190 490 0 3 0
L 190 490 10 0 8 0 1 0 LA01_N_CC
A 190 490 10 0 3 0 #=D9
A 190 500 10 0 2 0 PINTYPE=BI
P 6 210 470 190 470 0 3 0
L 190 470 10 0 8 0 1 0 LA05_P
A 190 470 10 0 3 0 #=D11
A 190 480 10 0 2 0 PINTYPE=BI
P 7 210 450 190 450 0 3 0
L 190 450 10 0 8 0 1 0 LA05_N
A 190 450 10 0 3 0 #=D12
A 190 460 10 0 2 0 PINTYPE=BI
P 8 210 430 190 430 0 3 0
L 190 430 10 0 8 0 1 0 LA09_P
A 190 430 10 0 3 0 #=D14
A 190 440 10 0 2 0 PINTYPE=BI
P 9 210 410 190 410 0 3 0
L 190 410 10 0 8 0 1 0 LA09_N
A 190 410 10 0 3 0 #=D15
A 190 420 10 0 2 0 PINTYPE=BI
P 10 210 390 190 390 0 3 0
L 190 390 10 0 8 0 1 0 LA13_P
A 190 390 10 0 3 0 #=D17
A 190 400 10 0 2 0 PINTYPE=BI
P 11 210 370 190 370 0 3 0
L 190 370 10 0 8 0 1 0 LA13_N
A 190 370 10 0 3 0 #=D18
A 190 380 10 0 2 0 PINTYPE=BI
P 12 210 350 190 350 0 3 0
L 190 350 10 0 8 0 1 0 LA17_P_CC
A 190 350 10 0 3 0 #=D20
A 190 360 10 0 2 0 PINTYPE=BI
P 13 210 330 190 330 0 3 0
L 190 330 10 0 8 0 1 0 LA17_N_CC
A 190 330 10 0 3 0 #=D21
A 190 340 10 0 2 0 PINTYPE=BI
P 14 210 310 190 310 0 3 0
L 190 310 10 0 8 0 1 0 LA23_P
A 190 310 10 0 3 0 #=D23
A 190 320 10 0 2 0 PINTYPE=BI
P 15 210 290 190 290 0 3 0
L 190 290 10 0 8 0 1 0 LA23_N
A 190 290 10 0 3 0 #=D24
A 190 300 10 0 2 0 PINTYPE=BI
P 16 210 270 190 270 0 3 0
L 190 270 10 0 8 0 1 0 LA26_P
A 190 270 10 0 3 0 #=D26
A 190 280 10 0 2 0 PINTYPE=BI
P 17 210 250 190 250 0 3 0
L 190 250 10 0 8 0 1 0 LA26_N
A 190 250 10 0 3 0 #=D27
A 190 260 10 0 2 0 PINTYPE=BI
P 18 210 230 190 230 0 3 0
L 190 230 10 0 8 0 1 0 TCK
A 190 230 10 0 3 0 #=D29
A 190 240 10 0 2 0 PINTYPE=BI
P 19 210 210 190 210 0 3 0
L 190 210 10 0 8 0 1 0 TDI
A 190 210 10 0 3 0 #=D30
A 190 220 10 0 2 0 PINTYPE=BI
P 20 210 190 190 190 0 3 0
L 190 190 10 0 8 0 1 0 TDO
A 190 190 10 0 3 0 #=D31
A 190 200 10 0 2 0 PINTYPE=BI
P 21 210 170 190 170 0 3 0
L 190 170 10 0 8 0 1 0 3P3VAUX
A 190 170 10 0 3 0 #=D32
A 190 180 10 0 2 0 PINTYPE=BI
P 22 210 150 190 150 0 3 0
L 190 150 10 0 8 0 1 0 TMS
A 190 150 10 0 3 0 #=D33
A 190 160 10 0 2 0 PINTYPE=BI
P 23 210 130 190 130 0 3 0
L 190 130 10 0 8 0 1 0 TRST_L
A 190 130 10 0 3 0 #=D34
A 190 140 10 0 2 0 PINTYPE=BI
P 24 210 110 190 110 0 3 0
L 190 110 10 0 8 0 1 0 GA1
A 190 110 10 0 3 0 #=D35
A 190 120 10 0 2 0 PINTYPE=BI
P 25 210 90 190 90 0 3 0
L 190 90 10 0 8 0 1 0 3P3V_2
A 190 90 10 0 3 0 #=D36
A 190 100 10 0 2 0 PINTYPE=BI
P 26 210 70 190 70 0 3 0
L 190 70 10 0 8 0 1 0 3P3V_3
A 190 70 10 0 3 0 #=D38
A 190 80 10 0 2 0 PINTYPE=BI
P 27 210 50 190 50 0 3 0
L 190 50 10 0 8 0 1 0 3P3V_4
A 190 50 10 0 3 0 #=D40
A 190 60 10 0 2 0 PINTYPE=BI
E 
