V 51
K 176208716300 atx_24pin_mini_fit_jr
|R 20:14_10-11-10
Y 1
D 0 0 140 180
Z 10
i 183
U 0 -80 10 0 3 0 MANF_P/N=44206-0007
U 0 -70 10 0 3 0 MANF=SAMTEC
U 0 -60 10 0 3 0 PARTS=1
U 0 -50 10 0 3 0 LEVEL=STD
U 0 -40 10 0 3 0 DEVICE=ATX_24PIN_MINI_FIT_JR
U 0 -10 10 0 3 0 PKG_TYPE=SAMTEC_PESC_01_40_RA_SD
U 20 0 16 0 3 3 REFDES=J?
P 98 140 105 120 105 0 3 0
L 75 100 10 0 3 0 0 0 12V_P_1
A 140 105 10 0 9 0 PINTYPE=BI
A 135 105 10 0 9 3 #=10
P 90 0 105 20 105 0 2 0
L 30 100 10 0 3 0 1 0 5VSB
A 0 105 10 0 3 0 PINTYPE=BI
A 10 105 10 0 3 3 #=9
P 94 0 145 20 145 0 2 0
L 30 140 10 0 3 0 0 0 3V3_1
A 0 145 10 0 3 0 PINTYPE=BI
A 10 145 10 0 3 3 #=1
P 104 140 145 120 145 0 3 0
L 85 140 10 0 3 0 0 0 3V3_2
A 140 145 10 0 9 0 PINTYPE=BI
A 130 145 10 0 9 3 #=2
P 106 140 115 120 115 0 3 0
L 80 110 10 0 3 0 1 0 PWR_OK
A 140 115 10 0 9 0 PINTYPE=OUT
A 130 115 10 0 9 3 #=8
b 20 20 120 160
T 95 90 10 0 3 3V3
Q 15 0 0
T 30 80 10 0 3 3V3
Q 15 0 0
T 30 140 10 0 3 3V3
Q 15 0 0
T 95 30 10 0 3 GND
Q 15 0 0
T 85 40 10 0 3 5V0_P
Q 15 0 0
T 30 30 10 0 3 5V0_P
Q 15 0 0
T 30 40 10 0 3 5V0_P
Q 15 0 0
T 85 120 10 0 3 5V0_P
Q 15 0 0
T 30 60 10 0 3 GND
Q 15 0 0
T 30 70 10 0 3 GND
Q 15 0 0
T 30 110 10 0 3 GND
Q 15 0 0
T 30 120 10 0 3 GND
Q 15 0 0
T 30 90 10 0 3 12V_P
Q 15 0 0
P 107 140 125 120 125 0 3 0
L 85 120 10 0 3 0 0 0 5V0_2
A 140 125 10 0 9 0 PINTYPE=BI
A 130 125 10 0 9 3 #=6
P 105 140 135 120 135 0 3 0
L 85 130 10 0 3 0 0 0 5V0_1
A 140 135 10 0 9 0 PINTYPE=BI
A 130 135 10 0 9 3 #=4
P 91 0 95 20 95 0 2 0
L 30 90 10 0 3 0 0 0 12V_P_2
A 0 95 10 0 3 0 PINTYPE=BI
A 5 95 10 0 3 3 #=11
P 99 140 95 120 95 0 3 0
L 85 90 10 0 3 0 0 0 3V3_3
A 140 95 10 0 9 0 PINTYPE=BI
A 135 95 10 0 9 3 #=12
P 93 0 85 20 85 0 2 0
L 30 80 10 0 3 0 0 0 3V3_4
A 0 85 10 0 3 0 PINTYPE=BI
A 5 85 10 0 3 3 #=13
P 101 140 85 120 85 0 3 0
L 85 80 10 0 3 0 1 0 12V_N
A 140 85 10 0 9 0 PINTYPE=BI
A 135 85 10 0 9 3 #=14
P 100 140 75 120 75 0 3 0
L 75 70 10 0 3 0 1 0 PS_ON_B
A 140 75 10 0 9 0 PINTYPE=BI
A 135 75 10 0 9 3 #=16
P 103 140 55 120 55 0 3 0
L 85 50 10 0 3 0 1 0 5V0_N
A 140 55 10 0 9 0 PINTYPE=BI
A 135 55 10 0 9 3 #=20
P 180 0 45 20 45 0 2 0
L 30 40 10 0 3 0 0 0 5V0_3
A 0 45 10 0 3 0 PINTYPE=BI
A 5 45 10 0 3 3 #=21
P 169 140 45 120 45 0 3 0
L 85 40 10 0 3 0 0 0 5V0_4
A 140 45 10 0 9 0 PINTYPE=BI
A 135 45 10 0 9 3 #=22
P 183 0 35 20 35 0 2 0
L 30 30 10 0 3 0 0 0 5V0_5
A 0 35 10 0 3 0 PINTYPE=BI
A 5 35 10 0 3 3 #=23
P 95 0 135 20 135 0 2 0
L 30 130 10 0 3 0 0 0 GND_1
A 0 135 10 0 3 0 PINTYPE=BI
A 10 135 10 0 3 3 #=3
P 97 0 125 20 125 0 2 0
L 30 120 10 0 3 0 0 0 GND_2
A 0 125 10 0 3 0 PINTYPE=BI
A 10 125 10 0 3 3 #=5
P 96 0 115 20 115 0 2 0
L 30 110 10 0 3 0 0 0 GND_3
A 0 115 10 0 3 0 PINTYPE=BI
A 10 115 10 0 3 3 #=7
P 92 0 75 20 75 0 2 0
L 30 70 10 0 3 0 0 0 GND_4
A 0 75 10 0 3 0 PINTYPE=BI
A 5 75 10 0 3 3 #=15
P 88 0 65 20 65 0 2 0
L 30 60 10 0 3 0 0 0 GND_5
A 0 65 10 0 3 0 PINTYPE=BI
A 5 65 10 0 3 3 #=17
P 102 140 65 120 65 0 3 0
L 85 60 10 0 3 0 0 0 GND_6
A 140 65 10 0 9 0 PINTYPE=BI
A 135 65 10 0 9 3 #=18
P 89 0 55 20 55 0 2 0
L 30 50 10 0 3 0 0 0 GND_7
A 0 55 10 0 3 0 PINTYPE=BI
A 5 55 10 0 3 3 #=19
T 85 100 10 0 3 12V_P
Q 15 0 0
T 30 130 10 0 3 GND
Q 15 0 0
T 30 50 10 0 3 GND
Q 15 0 0
T 85 130 10 0 3 5V0_P
Q 15 0 0
T 95 60 10 0 3 GND
Q 15 0 0
T 95 140 10 0 3 3V3
Q 15 0 0
P 173 140 35 120 35 0 3 0
L 85 30 10 0 3 0 0 0 GND_8
A 140 35 10 0 9 0 PINTYPE=BI
A 135 35 10 0 9 3 #=24
U 125 5 10 0 3 3 VALUE=XXX
E
