V 51
K 37408858490 bcm54682e_gnd
|R 18:58_2-10-12
Y 1
D 0 0 290 680
Z 10
i 516
U 0 -10 10 0 3 0 HETERO=(BCM54682E_FUNC),(BCM54682E_MISC),(BCM54682E_PWR),(BCM54
+ 682E_GND)
U 0 -40 10 0 3 0 LEVEL=STD
U 0 -30 10 0 3 0 PARTS=1
U 45 670 10 0 3 3 DEVICE=XXXXX
P 24 0 645 45 645 0 2 0
Q 15 0 0
A 45 650 10 0 2 0 PINTYPE=BI
A 45 645 10 0 9 3 #=B1
L 50 650 10 0 2 0 1 0 GND_B1
P 25 0 635 45 635 0 2 0
Q 15 0 0
A 45 640 10 0 2 0 PINTYPE=IN
A 45 635 10 0 9 3 #=B19
L 50 640 10 0 2 0 1 0 GND_B19
P 23 0 625 45 625 0 2 0
Q 15 0 0
A 45 630 10 0 2 0 PINTYPE=OUT
A 45 625 10 0 9 3 #=B20
L 50 630 10 0 2 0 1 0 GND_B20
P 27 0 615 45 615 0 2 0
Q 15 0 0
A 45 620 10 0 2 0 PINTYPE=IN
A 45 615 10 0 9 3 #=C3
L 50 620 10 0 2 0 1 0 GND_C3
P 28 0 605 45 605 0 2 0
Q 15 0 0
A -165 610 10 0 2 0 PINTYPE=IN
A 45 605 10 0 9 3 #=C8
L 50 610 10 0 2 0 1 0 GND_C8
P 30 0 595 45 595 0 2 0
Q 15 0 0
A -165 600 10 0 2 0 PINTYPE=ANALOG
A 45 595 10 0 9 3 #=C12
L 50 600 10 0 2 0 1 0 GND_C12
P 61 0 585 44 585 0 2 0
Q 15 0 0
A 44 595 10 4 2 0 PINTYPE=OUT
A 44 585 10 4 3 3 #=C18
L 49 590 10 4 8 0 1 0 GND_C18
P 62 0 575 44 575 0 2 0
Q 15 0 0
A 44 585 10 4 2 0 PINTYPE=OUT
A 44 575 10 4 3 3 #=D17
L 49 580 10 4 8 0 1 0 GND_D17
P 309 0 565 45 565 0 2 0
Q 15 0 0
A 45 570 10 0 2 0 PINTYPE=OUT
A 45 565 10 0 9 3 #=E5
L 50 570 10 0 2 0 1 0 GND_E5
P 308 0 555 45 555 0 2 0
Q 15 0 0
A 55 560 10 0 2 0 PINTYPE=OUT
A 45 555 10 0 9 3 #=F4
L 50 560 10 0 2 0 1 0 GND_F4
P 293 0 545 45 545 0 2 0
Q 15 0 0
A 45 550 10 0 2 0 PINTYPE=OUT
A 45 545 10 0 9 3 #=F17
L 50 550 10 0 2 0 1 0 GND_F17
P 292 0 535 45 535 0 2 0
Q 15 0 0
A 55 540 10 0 2 0 PINTYPE=OUT
A 45 535 10 0 9 3 #=H4
L 50 540 10 0 2 0 1 0 GND_H4
P 277 0 525 45 525 0 2 0
Q 15 0 0
A 45 530 10 0 2 0 PINTYPE=OUT
A 45 525 10 0 9 3 #=H5
L 50 530 10 0 2 0 1 0 GND_H5
P 276 0 515 45 515 0 2 0
Q 15 0 0
A 55 520 10 0 2 0 PINTYPE=OUT
A 45 515 10 0 9 3 #=H7
L 50 520 10 0 2 0 1 0 GND_H7
P 246 0 505 45 505 0 2 0
Q 15 0 0
A 45 510 10 0 2 0 PINTYPE=OUT
A 45 505 10 0 9 3 #=H8
L 50 510 10 0 2 0 1 0 GND_H8
P 247 0 495 45 495 0 2 0
Q 15 0 0
A 55 500 10 0 2 0 PINTYPE=OUT
A 45 495 10 0 9 3 #=H9
L 50 500 10 0 2 0 1 0 GND_H9
P 307 0 485 45 485 0 2 0
Q 15 0 0
A 55 490 10 0 2 0 PINTYPE=OUT
A 45 485 10 0 9 3 #=H10
L 50 490 10 0 2 0 1 0 GND_H10
P 306 0 475 45 475 0 2 0
Q 15 0 0
A 55 480 10 0 2 0 PINTYPE=OUT
A 45 475 10 0 9 3 #=H11
L 50 480 10 0 2 0 1 0 GND_H11
P 291 0 465 45 465 0 2 0
Q 15 0 0
A 55 470 10 0 2 0 PINTYPE=OUT
A 45 465 10 0 9 3 #=H12
L 50 470 10 0 2 0 1 0 GND_H12
P 290 0 455 45 455 0 2 0
Q 15 0 0
A 55 460 10 0 2 0 PINTYPE=OUT
A 45 455 10 0 9 3 #=H13
L 50 460 10 0 2 0 1 0 GND_H13
P 275 0 445 45 445 0 2 0
Q 15 0 0
A 55 450 10 0 2 0 PINTYPE=OUT
A 45 445 10 0 9 3 #=H16
L 50 450 10 0 2 0 1 0 GND_H16
P 274 0 435 45 435 0 2 0
Q 15 0 0
A 55 440 10 0 2 0 PINTYPE=OUT
A 45 435 10 0 9 3 #=H17
L 50 440 10 0 2 0 1 0 GND_H17
P 427 0 425 45 425 0 2 0
Q 15 0 0
A 55 430 10 0 2 0 PINTYPE=OUT
A 45 425 10 0 9 3 #=J7
L 50 430 10 0 2 0 1 0 GND_J7
P 429 0 405 45 405 0 2 0
Q 15 0 0
A 55 410 10 0 2 0 PINTYPE=OUT
A 45 405 10 0 9 3 #=J9
L 50 410 10 0 2 0 1 0 GND_J9
P 430 0 395 45 395 0 2 0
Q 15 0 0
A 55 400 10 0 2 0 PINTYPE=OUT
A 45 395 10 0 9 3 #=J10
L 50 400 10 0 2 0 1 0 GND_J10
P 431 0 385 45 385 0 2 0
Q 15 0 0
A 55 390 10 0 2 0 PINTYPE=OUT
A 45 385 10 0 9 3 #=J11
L 50 390 10 0 2 0 1 0 GND_J11
P 432 0 375 45 375 0 2 0
Q 15 0 0
A 55 380 10 0 2 0 PINTYPE=OUT
A 45 375 10 0 9 3 #=J12
L 50 380 10 0 2 0 1 0 GND_J12
P 428 0 415 45 415 0 2 0
Q 15 0 0
A 45 420 10 0 2 0 PINTYPE=OUT
A 45 415 10 0 9 3 #=J8
L 50 420 10 0 2 0 1 0 GND_J8
P 433 0 365 45 365 0 2 0
Q 15 0 0
A 55 370 10 0 2 0 PINTYPE=OUT
A 45 365 10 0 9 3 #=J13
L 50 370 10 0 2 0 1 0 GND_J13
P 434 0 355 45 355 0 2 0
Q 15 0 0
A 55 360 10 0 2 0 PINTYPE=OUT
A 45 355 10 0 9 3 #=J14
L 50 360 10 0 2 0 1 0 GND_J14
P 435 0 345 45 345 0 2 0
Q 15 0 0
A 55 350 10 0 2 0 PINTYPE=OUT
A 45 345 10 0 9 3 #=K4
L 50 350 10 0 2 0 1 0 GND_K4
P 436 0 335 45 335 0 2 0
Q 15 0 0
A 55 340 10 0 2 0 PINTYPE=OUT
A 45 335 10 0 9 3 #=K7
L 50 340 10 0 2 0 1 0 GND_K7
P 441 0 325 45 325 0 2 0
Q 15 0 0
A 45 330 10 0 2 0 PINTYPE=OUT
A 45 325 10 0 9 3 #=K8
L 50 330 10 0 2 0 1 0 GND_K8
P 437 0 315 45 315 0 2 0
Q 15 0 0
A 55 320 10 0 2 0 PINTYPE=OUT
A 45 315 10 0 9 3 #=K9
L 50 320 10 0 2 0 1 0 GND_K9
P 438 0 305 45 305 0 2 0
Q 15 0 0
A 55 310 10 0 2 0 PINTYPE=OUT
A 45 305 10 0 9 3 #=K10
L 50 310 10 0 2 0 1 0 GND_K10
P 439 0 295 45 295 0 2 0
Q 15 0 0
A 55 300 10 0 2 0 PINTYPE=OUT
A 45 295 10 0 9 3 #=K11
L 50 300 10 0 2 0 1 0 GND_K11
P 440 0 285 45 285 0 2 0
Q 15 0 0
A 55 290 10 0 2 0 PINTYPE=OUT
A 45 285 10 0 9 3 #=K12
L 50 290 10 0 2 0 1 0 GND_K12
P 442 0 275 45 275 0 2 0
Q 15 0 0
A 55 280 10 0 2 0 PINTYPE=OUT
A 45 275 10 0 9 3 #=K13
L 50 280 10 0 2 0 1 0 GND_K13
P 443 0 265 45 265 0 2 0
Q 15 0 0
A 55 270 10 0 2 0 PINTYPE=OUT
A 45 265 10 0 9 3 #=K14
L 50 270 10 0 2 0 1 0 GND_K14
P 444 0 255 45 255 0 2 0
Q 15 0 0
A 55 260 10 0 2 0 PINTYPE=OUT
A 45 255 10 0 9 3 #=K15
L 50 260 10 0 2 0 1 0 GND_K15
P 320 290 625 255 625 0 3 0
Q 15 0 0
A 255 630 10 4 2 0 PINTYPE=BI
A 255 625 10 4 9 3 #=L8
L 250 630 10 4 2 0 1 0 GND_L8
P 319 290 615 255 615 0 3 0
Q 15 0 0
A 255 620 10 4 2 0 PINTYPE=BI
A 255 615 10 4 9 3 #=L9
L 250 620 10 4 2 0 1 0 GND_L9
P 322 290 605 255 605 0 3 0
Q 15 0 0
A 255 610 10 4 2 0 PINTYPE=BI
A 255 605 10 4 9 3 #=L10
L 250 610 10 4 2 0 1 0 GND_L10
P 321 290 595 255 595 0 3 0
Q 15 0 0
A 255 600 10 4 2 0 PINTYPE=BI
A 255 595 10 4 9 3 #=L11
L 250 600 10 4 2 0 1 0 GND_L11
P 323 290 585 255 585 0 3 0
Q 15 0 0
A 255 590 10 4 2 0 PINTYPE=BI
A 255 585 10 4 9 3 #=L12
L 250 590 10 4 2 0 1 0 GND_L12
P 324 290 575 255 575 0 3 0
Q 15 0 0
A 255 580 10 4 2 0 PINTYPE=BI
A 255 575 10 4 9 3 #=L13
L 250 580 10 4 2 0 1 0 GND_L13
P 325 290 565 255 565 0 3 0
Q 15 0 0
A 255 570 10 4 2 0 PINTYPE=BI
A 255 565 10 4 9 3 #=L14
L 250 570 10 4 2 0 1 0 GND_L14
P 29 290 645 255 645 0 3 0
Q 15 0 0
A 255 650 10 4 2 0 PINTYPE=BI
A 255 645 10 4 9 3 #=L6
L 250 650 10 4 2 0 1 0 GND_L6
P 31 290 635 255 635 0 3 0
Q 15 0 0
A 255 640 10 4 2 0 PINTYPE=BI
A 255 635 10 4 9 3 #=L7
L 250 640 10 4 2 0 1 0 GND_L7
P 447 290 545 255 545 0 3 0
Q 15 0 0
A 255 550 10 4 2 0 PINTYPE=BI
A 255 545 10 4 9 3 #=M5
L 250 550 10 4 2 0 1 0 GND_M5
P 455 290 535 255 535 0 3 0
Q 15 0 0
A 255 540 10 4 2 0 PINTYPE=BI
A 255 535 10 4 9 3 #=M7
L 250 540 10 4 2 0 1 0 GND_M7
P 448 290 525 255 525 0 3 0
Q 15 0 0
A 255 530 10 4 2 0 PINTYPE=BI
A 255 525 10 4 9 3 #=M8
L 250 530 10 4 2 0 1 0 GND_M8
P 449 290 515 255 515 0 3 0
Q 15 0 0
A 255 520 10 4 2 0 PINTYPE=BI
A 255 515 10 4 9 3 #=M9
L 250 520 10 4 2 0 1 0 GND_M9
P 450 290 505 255 505 0 3 0
Q 15 0 0
A 255 510 10 4 2 0 PINTYPE=BI
A 255 505 10 4 9 3 #=M10
L 250 510 10 4 2 0 1 0 GND_M10
P 451 290 495 255 495 0 3 0
Q 15 0 0
A 255 500 10 4 2 0 PINTYPE=BI
A 255 495 10 4 9 3 #=M11
L 250 500 10 4 2 0 1 0 GND_M11
P 452 290 485 255 485 0 3 0
Q 15 0 0
A 255 490 10 4 2 0 PINTYPE=BI
A 255 485 10 4 9 3 #=M12
L 250 490 10 4 2 0 1 0 GND_M12
P 453 290 475 255 475 0 3 0
Q 15 0 0
A 255 480 10 4 2 0 PINTYPE=BI
A 255 475 10 4 9 3 #=M13
L 250 480 10 4 2 0 1 0 GND_M13
P 454 290 465 255 465 0 3 0
Q 15 0 0
A 255 470 10 4 2 0 PINTYPE=BI
A 255 465 10 4 9 3 #=M14
L 250 470 10 4 2 0 1 0 GND_M14
P 456 290 455 255 455 0 3 0
Q 15 0 0
A 255 460 10 4 2 0 PINTYPE=BI
A 255 455 10 4 9 3 #=M16
L 250 460 10 4 2 0 1 0 GND_M16
P 457 290 445 255 445 0 3 0
Q 15 0 0
A 255 450 10 4 2 0 PINTYPE=BI
A 255 445 10 4 9 3 #=M17
L 250 450 10 4 2 0 1 0 GND_M17
P 446 290 555 255 555 0 3 0
Q 15 0 0
A 255 560 10 4 2 0 PINTYPE=BI
A 255 555 10 4 9 3 #=M4
L 250 560 10 4 2 0 1 0 GND_M4
P 459 290 425 255 425 0 3 0
Q 15 0 0
A 255 430 10 4 2 0 PINTYPE=BI
A 255 425 10 4 9 3 #=N8
L 250 430 10 4 2 0 1 0 GND_N8
P 460 290 415 255 415 0 3 0
Q 15 0 0
A 255 420 10 4 2 0 PINTYPE=BI
A 255 415 10 4 9 3 #=N9
L 250 420 10 4 2 0 1 0 GND_N9
P 461 290 405 255 405 0 3 0
Q 15 0 0
A 255 410 10 4 2 0 PINTYPE=BI
A 255 405 10 4 9 3 #=N10
L 250 410 10 4 2 0 1 0 GND_N10
P 462 290 395 255 395 0 3 0
Q 15 0 0
A 255 400 10 4 2 0 PINTYPE=BI
A 255 395 10 4 9 3 #=N11
L 250 400 10 4 2 0 1 0 GND_N11
P 463 290 385 255 385 0 3 0
Q 15 0 0
A 255 390 10 4 2 0 PINTYPE=BI
A 255 385 10 4 9 3 #=N12
L 250 390 10 4 2 0 1 0 GND_N12
P 464 290 375 255 375 0 3 0
Q 15 0 0
A 255 380 10 4 2 0 PINTYPE=BI
A 255 375 10 4 9 3 #=N13
L 250 380 10 4 2 0 1 0 GND_N13
P 458 290 435 255 435 0 3 0
Q 15 0 0
A 255 440 10 4 2 0 PINTYPE=BI
A 255 435 10 4 9 3 #=N7
L 250 440 10 4 2 0 1 0 GND_N7
P 465 290 365 255 365 0 3 0
Q 15 0 0
A 255 370 10 4 2 0 PINTYPE=BI
A 255 365 10 4 9 3 #=N14
L 250 370 10 4 2 0 1 0 GND_N14
P 466 290 355 255 355 0 3 0
Q 15 0 0
A 255 360 10 4 2 0 PINTYPE=BI
A 255 355 10 4 9 3 #=P4
L 250 360 10 4 2 0 1 0 GND_P4
P 467 290 345 255 345 0 3 0
Q 15 0 0
A 255 350 10 4 2 0 PINTYPE=BI
A 255 345 10 4 9 3 #=P12
L 250 350 10 4 2 0 1 0 GND_P12
P 468 290 335 255 335 0 3 0
Q 15 0 0
A 255 340 10 4 2 0 PINTYPE=BI
A 255 335 10 4 9 3 #=P13
L 250 340 10 4 2 0 1 0 GND_P13
P 469 290 325 255 325 0 3 0
Q 15 0 0
A 255 330 10 4 2 0 PINTYPE=BI
A 255 325 10 4 9 3 #=P14
L 250 330 10 4 2 0 1 0 GND_P14
P 470 290 315 255 315 0 3 0
Q 15 0 0
A 255 320 10 4 2 0 PINTYPE=BI
A 255 315 10 4 9 3 #=P17
L 250 320 10 4 2 0 1 0 GND_P17
P 473 290 285 255 285 0 3 0
Q 15 0 0
A 255 290 10 4 2 0 PINTYPE=BI
A 255 285 10 4 9 3 #=R18
L 250 290 10 4 2 0 1 0 GND_R18
P 474 290 275 255 275 0 3 0
Q 15 0 0
A 255 280 10 4 2 0 PINTYPE=BI
A 255 275 10 4 9 3 #=T17
L 250 280 10 4 2 0 1 0 GND_T17
P 475 290 265 255 265 0 3 0
Q 15 0 0
A 255 270 10 4 2 0 PINTYPE=BI
A 255 265 10 4 9 3 #=U15
L 250 270 10 4 2 0 1 0 GND_U15
P 471 290 305 255 305 0 3 0
Q 15 0 0
A 255 310 10 4 2 0 PINTYPE=BI
A 255 305 10 4 9 3 #=P19
L 250 310 10 4 2 0 1 0 GND_P19
P 472 290 295 255 295 0 3 0
Q 15 0 0
A 255 300 10 4 2 0 PINTYPE=BI
A 255 295 10 4 9 3 #=P20
L 250 300 10 4 2 0 1 0 GND_P20
P 478 290 235 255 235 0 3 0
Q 15 0 0
A 255 240 10 4 2 0 PINTYPE=BI
A 255 235 10 4 9 3 #=W2
L 250 240 10 4 2 0 1 0 GND_W2
P 479 290 225 255 225 0 3 0
Q 15 0 0
A 255 230 10 4 2 0 PINTYPE=BI
A 255 225 10 4 9 3 #=W16
L 250 230 10 4 2 0 1 0 GND_W16
P 476 290 255 255 255 0 3 0
Q 15 0 0
A 255 260 10 4 2 0 PINTYPE=BI
A 255 255 10 4 9 3 #=V19
L 250 260 10 4 2 0 1 0 GND_V19
P 477 290 245 255 245 0 3 0
Q 15 0 0
A 255 250 10 4 2 0 PINTYPE=BI
A 255 245 10 4 9 3 #=V20
L 250 250 10 4 2 0 1 0 GND_V20
P 480 290 215 255 215 0 3 0
Q 15 0 0
A 255 220 10 4 2 0 PINTYPE=BI
A 255 215 10 4 9 3 #=W19
L 250 220 10 4 2 0 1 0 GND_W19
P 481 290 205 255 205 0 3 0
Q 15 0 0
A 255 210 10 4 2 0 PINTYPE=BI
A 255 205 10 4 9 3 #=W20
L 250 210 10 4 2 0 1 0 GND_W20
P 483 290 185 255 185 0 3 0
Q 15 0 0
A 255 190 10 4 2 0 PINTYPE=BI
A 255 185 10 4 9 3 #=Y16
L 250 190 10 4 2 0 1 0 GND_Y16
P 484 290 175 255 175 0 3 0
Q 15 0 0
A 255 180 10 4 2 0 PINTYPE=BI
A 255 175 10 4 9 3 #=Y19
L 250 180 10 4 2 0 1 0 GND_Y19
P 485 290 165 255 165 0 3 0
Q 15 0 0
A 255 170 10 4 2 0 PINTYPE=BI
A 255 165 10 4 9 3 #=Y20
L 250 170 10 4 2 0 1 0 GND_Y20
P 482 290 195 255 195 0 3 0
Q 15 0 0
A 255 200 10 4 2 0 PINTYPE=BI
A 255 195 10 4 9 3 #=Y2
L 250 200 10 4 2 0 1 0 GND_Y2
P 445 0 245 45 245 0 2 0
Q 15 0 0
A 55 250 10 0 2 0 PINTYPE=OUT
A 45 245 10 0 9 3 #=K17
L 50 250 10 0 2 0 1 0 GND_K17
P 494 0 120 45 120 0 2 0
Q 15 0 0
A 55 125 10 0 2 0 PINTYPE=OUT
A 45 120 10 0 9 3 #=R12
L 50 125 10 0 2 0 1 0 QGND_R12
P 493 0 130 45 130 0 2 0
Q 15 0 0
A 55 135 10 0 2 0 PINTYPE=OUT
A 45 130 10 0 9 3 #=R11
L 50 135 10 0 2 0 1 0 QGND_R11
P 492 0 140 45 140 0 2 0
Q 15 0 0
A 55 145 10 0 2 0 PINTYPE=OUT
A 45 140 10 0 9 3 #=R10
L 50 145 10 0 2 0 1 0 QGND_R10
P 496 0 100 45 100 0 2 0
Q 15 0 0
A 55 105 10 0 2 0 PINTYPE=OUT
A 45 100 10 0 9 3 #=T10
L 50 105 10 0 2 0 1 0 QGND_T10
P 497 0 90 45 90 0 2 0
Q 15 0 0
A 55 95 10 0 2 0 PINTYPE=OUT
A 45 90 10 0 9 3 #=T11
L 50 95 10 0 2 0 1 0 QGND_T11
P 498 0 80 45 80 0 2 0
Q 15 0 0
A 55 85 10 0 2 0 PINTYPE=OUT
A 45 80 10 0 9 3 #=T12
L 50 85 10 0 2 0 1 0 QGND_T12
P 495 0 110 45 110 0 2 0
Q 15 0 0
A 55 115 10 0 2 0 PINTYPE=OUT
A 45 110 10 0 9 3 #=T9
L 50 115 10 0 2 0 1 0 QGND_T9
P 500 0 60 45 60 0 2 0
Q 15 0 0
A 55 65 10 0 2 0 PINTYPE=OUT
A 45 60 10 0 9 3 #=U8
L 50 65 10 0 2 0 1 0 QGND_U8
P 499 0 70 45 70 0 2 0
Q 15 0 0
A 55 75 10 0 2 0 PINTYPE=OUT
A 45 70 10 0 9 3 #=U7
L 50 75 10 0 2 0 1 0 QGND_U7
P 501 0 50 45 50 0 2 0
Q 15 0 0
A 55 55 10 0 2 0 PINTYPE=OUT
A 45 50 10 0 9 3 #=U9
L 50 55 10 0 2 0 1 0 QGND_U9
P 502 0 40 45 40 0 2 0
Q 15 0 0
A 55 45 10 0 2 0 PINTYPE=OUT
A 45 40 10 0 9 3 #=U12
L 50 45 10 0 2 0 1 0 QGND_U12
P 503 290 140 255 140 0 3 0
Q 15 0 0
A 255 145 10 4 2 0 PINTYPE=BI
A 255 140 10 4 9 3 #=U13
L 250 145 10 4 2 0 1 0 QGND_U13
P 504 290 130 255 130 0 3 0
Q 15 0 0
A 255 135 10 4 2 0 PINTYPE=BI
A 255 130 10 4 9 3 #=U14
L 250 135 10 4 2 0 1 0 QGND_U14
P 505 290 120 255 120 0 3 0
Q 15 0 0
A 255 125 10 4 2 0 PINTYPE=BI
A 255 120 10 4 9 3 #=V6
L 250 125 10 4 2 0 1 0 QGND_V6
P 506 290 110 255 110 0 3 0
Q 15 0 0
A 255 115 10 4 2 0 PINTYPE=BI
A 255 110 10 4 9 3 #=V15
L 250 115 10 4 2 0 1 0 QGND_V15
P 507 290 100 255 100 0 3 0
Q 15 0 0
A 255 105 10 4 2 0 PINTYPE=BI
A 255 100 10 4 9 3 #=W8
L 250 105 10 4 2 0 1 0 QGND_W8
P 508 290 90 255 90 0 3 0
Q 15 0 0
A 255 95 10 4 2 0 PINTYPE=BI
A 255 90 10 4 9 3 #=W13
L 250 95 10 4 2 0 1 0 QGND_W13
U 50 0 16 0 3 3 REFDES=U?
U 165 5 10 0 3 3 PKG_TYPE=XXXXXX
b 45 15 255 670
T 90 645 25 0 3 BCM54682E
T 115 620 25 0 3 (GND)
P 487 0 210 45 210 0 2 0
Q 15 0 0
A 55 215 10 0 2 0 PINTYPE=OUT
A 45 210 10 0 9 3 #=T4
L 50 215 10 0 2 0 1 0 SGND_T4
P 488 0 200 45 200 0 2 0
Q 15 0 0
A 55 205 10 0 2 0 PINTYPE=OUT
A 45 200 10 0 9 3 #=T5
L 50 205 10 0 2 0 1 0 SGND_T5
P 486 0 220 45 220 0 2 0
Q 15 0 0
A 55 225 10 0 2 0 PINTYPE=OUT
A 45 220 10 0 9 3 #=P2
L 50 225 10 0 2 0 1 0 SGND_P2
P 514 0 230 45 230 0 2 0
Q 15 0 0
A 55 235 10 0 2 0 PINTYPE=OUT
A 45 230 10 0 9 3 #=P1
L 50 235 10 0 2 0 1 0 SGND_P1
P 490 0 170 45 170 0 2 0
Q 15 0 0
A 55 175 10 0 2 0 PINTYPE=OUT
A 45 170 10 0 9 3 #=W4
L 50 175 10 0 2 0 1 0 SGND_W4
P 491 0 160 45 160 0 2 0
Q 15 0 0
A 55 165 10 0 2 0 PINTYPE=OUT
A 45 160 10 0 9 3 #=Y4
L 50 165 10 0 2 0 1 0 SGND_Y4
P 489 0 180 45 180 0 2 0
Q 15 0 0
A 55 185 10 0 2 0 PINTYPE=OUT
A 45 180 10 0 9 3 #=U2
L 50 185 10 0 2 0 1 0 SGND_U2
P 515 0 190 45 190 0 2 0
Q 15 0 0
A 55 195 10 0 2 0 PINTYPE=OUT
A 45 190 10 0 9 3 #=U1
L 50 195 10 0 2 0 1 0 SGND_U1
P 510 290 60 255 60 0 3 0
Q 15 0 0
A 255 65 10 4 2 0 PINTYPE=BI
A 255 60 10 4 9 3 #=Y10
L 250 65 10 4 2 0 1 0 QGND_Y10
P 511 290 50 255 50 0 3 0
Q 15 0 0
A 255 55 10 4 2 0 PINTYPE=BI
A 255 50 10 4 9 3 #=Y11
L 250 55 10 4 2 0 1 0 QGND_Y11
P 512 290 40 255 40 0 3 0
Q 15 0 0
A 255 45 10 4 2 0 PINTYPE=BI
A 255 40 10 4 9 3 #=Y13
L 250 45 10 4 2 0 1 0 QGND_Y13
P 513 290 30 255 30 0 3 0
Q 15 0 0
A 255 35 10 4 2 0 PINTYPE=BI
A 255 30 10 4 9 3 #=Y15
L 250 35 10 4 2 0 1 0 QGND_Y15
P 509 290 70 255 70 0 3 0
Q 15 0 0
A 255 75 10 4 2 0 PINTYPE=BI
A 255 70 10 4 9 3 #=Y8
L 250 75 10 4 2 0 1 0 QGND_Y8
P 516 290 80 255 80 0 3 0
Q 15 0 0
A 255 85 10 4 2 0 PINTYPE=BI
A 255 80 10 4 9 3 #=Y6
L 250 85 10 4 2 0 1 0 QGND_Y6
E
