V 53
K 1425320335 bpi_p30_p33_g18f_bga64.1
F Case
|R 10:18:55_3-2-15
D 0 450 300 0
Y 1
Z 10
i 113
U 0 -70 10 0 3 0 DIST_P/N=???
U 0 -60 10 0 3 0 DIST=???
U 0 -50 10 0 3 0 DATASHEET=???
U 0 -40 10 0 3 0 VALUE=???
U 0 -30 10 0 3 0 MANF_P/N=???
U 0 -20 10 0 3 0 MANF=???
U 30 435 10 0 3 3 DEVICE=???
U 270 5 10 0 9 3 PKG_TYPE=???
U 30 0 16 0 3 3 REFDES=U?
U 0 0 10 0 1 0 FORWARD_PCB=0
b 30 20 270 430
T 265 120 10 0 8 RFU
Q 15 0 0
|FNTSTL 16777215 0
T 265 100 10 0 8 RFU
Q 15 0 0
|FNTSTL 16777215 0
T 265 110 10 0 8 RFU
Q 15 0 0
|FNTSTL 16777215 0
T 265 70 10 0 8 GND
Q 15 0 0
|FNTSTL 16777215 0
T 265 60 10 0 8 GND
Q 15 0 0
|FNTSTL 16777215 0
T 265 50 10 0 8 GND
Q 15 0 0
|FNTSTL 16777215 0
T 265 40 10 0 8 GND
Q 15 0 0
|FNTSTL 16777215 0
T 265 410 10 0 8 VCC
Q 15 0 0
|FNTSTL 16777215 0
T 265 400 10 0 8 VCC
Q 15 0 0
|FNTSTL 16777215 0
T 265 380 10 0 8 VCCQ
Q 15 0 0
|FNTSTL 16777215 0
T 265 370 10 0 8 VCCQ
Q 15 0 0
|FNTSTL 16777215 0
T 265 360 10 0 8 VCCQ
Q 15 0 0
|FNTSTL 16777215 0
T 150 330 10 0 6 BGA64 BPI FLASH MEMORY
T 150 320 10 0 6 P30, P33, G18F COMPATIBLE
P 2 0 170 30 170 0 2 0
L 35 170 10 0 2 0 1 0 A25
A 20 170 10 0 9 3 #=B6
A 10 170 10 0 3 0 PINTYPE=IN
P 31 0 180 30 180 0 2 0
L 35 180 10 0 2 0 1 0 A24
A 20 180 10 0 9 3 #=H8
A 10 170 10 0 3 0 PINTYPE=IN
P 32 0 190 30 190 0 2 0
L 35 190 10 0 2 0 1 0 A23
A 20 190 10 0 9 3 #=G1
A 10 170 10 0 3 0 PINTYPE=IN
P 33 0 200 30 200 0 2 0
L 35 200 10 0 2 0 1 0 A22
A 20 200 10 0 9 3 #=A8
A 10 170 10 0 3 0 PINTYPE=IN
P 34 0 210 30 210 0 2 0
L 35 210 10 0 2 0 1 0 A21
A 20 210 10 0 9 3 #=C8
A 10 170 10 0 3 0 PINTYPE=IN
P 35 0 220 30 220 0 2 0
L 35 220 10 0 2 0 1 0 A20
A 20 220 10 0 9 3 #=C7
A 10 170 10 0 3 0 PINTYPE=IN
P 36 0 230 30 230 0 2 0
L 35 230 10 0 2 0 1 0 A19
A 20 230 10 0 9 3 #=B7
A 10 170 10 0 3 0 PINTYPE=IN
P 37 0 240 30 240 0 2 0
L 35 240 10 0 2 0 1 0 A18
A 20 240 10 0 9 3 #=A7
A 10 170 10 0 3 0 PINTYPE=IN
P 38 0 250 30 250 0 2 0
L 35 250 10 0 2 0 1 0 A17
A 20 250 10 0 9 3 #=D8
A 10 170 10 0 3 0 PINTYPE=IN
P 39 0 260 30 260 0 2 0
L 35 260 10 0 2 0 1 0 A16
A 20 260 10 0 9 3 #=D7
A 10 170 10 0 3 0 PINTYPE=IN
P 40 0 270 30 270 0 2 0
L 35 270 10 0 2 0 1 0 A15
A 20 270 10 0 9 3 #=C5
A 10 170 10 0 3 0 PINTYPE=IN
P 41 0 280 30 280 0 2 0
L 35 280 10 0 2 0 1 0 A14
A 20 280 10 0 9 3 #=B5
A 10 170 10 0 3 0 PINTYPE=IN
P 42 0 290 30 290 0 2 0
L 35 290 10 0 2 0 1 0 A13
A 20 290 10 0 9 3 #=A5
A 10 170 10 0 3 0 PINTYPE=IN
P 43 0 300 30 300 0 2 0
L 35 300 10 0 2 0 1 0 A12
A 20 300 10 0 9 3 #=C4
A 10 170 10 0 3 0 PINTYPE=IN
P 44 0 310 30 310 0 2 0
L 35 310 10 0 2 0 1 0 A11
A 20 310 10 0 9 3 #=D3
A 10 170 10 0 3 0 PINTYPE=IN
P 45 0 320 30 320 0 2 0
L 35 320 10 0 2 0 1 0 A10
A 20 320 10 0 9 3 #=C3
A 10 170 10 0 3 0 PINTYPE=IN
P 46 0 330 30 330 0 2 0
L 35 330 10 0 2 0 1 0 A9
A 20 330 10 0 9 3 #=B3
A 10 170 10 0 3 0 PINTYPE=IN
P 47 0 340 30 340 0 2 0
L 35 340 10 0 2 0 1 0 A8
A 20 340 10 0 9 3 #=A3
A 10 170 10 0 3 0 PINTYPE=IN
P 48 0 350 30 350 0 2 0
L 35 350 10 0 2 0 1 0 A7
A 20 350 10 0 9 3 #=C2
A 10 170 10 0 3 0 PINTYPE=IN
P 49 0 360 30 360 0 2 0
L 35 360 10 0 2 0 1 0 A6
A 20 360 10 0 9 3 #=A2
A 10 170 10 0 3 0 PINTYPE=IN
P 50 0 370 30 370 0 2 0
L 35 370 10 0 2 0 1 0 A5
A 20 370 10 0 9 3 #=D2
A 10 170 10 0 3 0 PINTYPE=IN
P 51 0 380 30 380 0 2 0
L 35 380 10 0 2 0 1 0 A4
A 20 380 10 0 9 3 #=D1
A 10 170 10 0 3 0 PINTYPE=IN
P 52 0 390 30 390 0 2 0
L 35 390 10 0 2 0 1 0 A3
A 20 390 10 0 9 3 #=C1
A 10 170 10 0 3 0 PINTYPE=IN
P 53 0 400 30 400 0 2 0
L 35 400 10 0 2 0 1 0 A2
A 20 400 10 0 9 3 #=B1
A 10 170 10 0 3 0 PINTYPE=IN
P 54 0 410 30 410 0 2 0
L 35 410 10 0 2 0 1 0 A1
A 20 410 10 0 9 3 #=A1
A 10 410 10 0 3 0 PINTYPE=IN
P 62 300 150 270 150 0 3 0
L 265 150 10 0 8 0 1 0 DQ15
A 280 150 10 0 3 3 #=E7
A 290 150 10 0 9 0 PINTYPE=IN
P 63 300 160 270 160 0 3 0
L 265 160 10 0 8 0 1 0 DQ14
A 280 160 10 0 3 3 #=G7
A 290 150 10 0 9 0 PINTYPE=IN
P 64 300 170 270 170 0 3 0
L 265 170 10 0 8 0 1 0 DQ13
A 280 170 10 0 3 3 #=H5
A 290 150 10 0 9 0 PINTYPE=IN
P 65 300 180 270 180 0 3 0
L 265 180 10 0 8 0 1 0 DQ12
A 280 180 10 0 3 3 #=F5
A 290 150 10 0 9 0 PINTYPE=IN
P 66 300 190 270 190 0 3 0
L 265 190 10 0 8 0 1 0 DQ11
A 280 190 10 0 3 3 #=F4
A 290 150 10 0 9 0 PINTYPE=IN
P 67 300 200 270 200 0 3 0
L 265 200 10 0 8 0 1 0 DQ10
A 280 200 10 0 3 3 #=F3
A 290 150 10 0 9 0 PINTYPE=IN
P 68 300 210 270 210 0 3 0
L 265 210 10 0 8 0 1 0 DQ9
A 280 210 10 0 3 3 #=E3
A 290 150 10 0 9 0 PINTYPE=IN
P 69 300 220 270 220 0 3 0
L 265 220 10 0 8 0 1 0 DQ8
A 280 220 10 0 3 3 #=E1
A 290 150 10 0 9 0 PINTYPE=IN
P 70 300 230 270 230 0 3 0
L 265 230 10 0 8 0 1 0 DQ7
A 280 230 10 0 3 3 #=H7
A 290 150 10 0 9 0 PINTYPE=IN
P 71 300 240 270 240 0 3 0
L 265 240 10 0 8 0 1 0 DQ6
A 280 240 10 0 3 3 #=G6
A 290 150 10 0 9 0 PINTYPE=IN
P 72 300 250 270 250 0 3 0
L 265 250 10 0 8 0 1 0 DQ5
A 280 250 10 0 3 3 #=G5
A 290 150 10 0 9 0 PINTYPE=IN
P 73 300 260 270 260 0 3 0
L 265 260 10 0 8 0 1 0 DQ4
A 280 260 10 0 3 3 #=E5
A 290 150 10 0 9 0 PINTYPE=IN
P 74 300 270 270 270 0 3 0
L 265 270 10 0 8 0 1 0 DQ3
A 280 270 10 0 3 3 #=E4
A 290 150 10 0 9 0 PINTYPE=IN
P 75 300 280 270 280 0 3 0
L 265 280 10 0 8 0 1 0 DQ2
A 280 280 10 0 3 3 #=G3
A 290 150 10 0 9 0 PINTYPE=IN
P 76 300 290 270 290 0 3 0
L 265 290 10 0 8 0 1 0 DQ1
A 280 290 10 0 3 3 #=E2
A 290 150 10 0 9 0 PINTYPE=IN
P 77 300 300 270 300 0 3 0
L 265 300 10 0 8 0 1 0 DQ0
A 280 300 10 0 3 3 #=F2
A 290 300 10 0 9 0 PINTYPE=IN
P 79 0 130 30 130 0 2 0
L 35 130 10 0 2 0 1 0 CE_B
A 20 130 10 0 9 3 #=B4
A 10 130 10 0 3 0 PINTYPE=IN
P 80 0 120 30 120 0 2 0
L 35 120 10 0 2 0 1 0 OE_B
A 20 120 10 0 9 3 #=F8
A 10 120 10 0 3 0 PINTYPE=IN
P 81 0 110 30 110 0 2 0
L 35 110 10 0 2 0 1 0 WE_B
A 20 110 10 0 9 3 #=G8
A 10 110 10 0 3 0 PINTYPE=IN
P 89 0 40 30 40 0 2 0
L 35 40 10 0 2 0 1 0 RST_B
A 20 40 10 0 9 3 #=D4
A 10 40 10 0 3 0 PINTYPE=IN
P 91 300 110 270 110 0 3 0
L 265 110 10 0 8 0 0 0 RFU2
A 280 110 10 0 3 3 #=E8
A 290 110 10 0 9 0 PINTYPE=IN
P 92 300 100 270 100 0 3 0
L 265 100 10 0 8 0 0 0 RFU3
A 280 100 10 0 3 3 #=F1
A 290 100 10 0 9 0 PINTYPE=IN
P 95 300 120 270 120 0 3 0
L 265 120 10 0 8 0 0 0 RFU0
A 280 120 10 0 3 3 #=G2
A 290 120 10 0 9 0 PINTYPE=IN
P 96 0 160 30 160 0 2 0
L 35 160 10 0 2 0 1 0 A26
A 0 160 10 0 3 0 PINTYPE=IN
A 20 160 10 0 9 3 #=B8
P 97 0 150 30 150 0 2 0
L 35 150 10 0 2 0 1 0 A27
A 0 150 10 0 3 0 PINTYPE=IN
A 20 150 10 0 9 3 #=H1
P 98 0 100 30 100 0 2 0
L 35 100 10 0 2 0 1 0 WP_B
A 0 100 10 0 3 0 PINTYPE=IN
A 20 100 10 0 9 3 #=C6
P 99 0 90 30 90 0 2 0
L 35 90 10 0 2 0 1 0 WAIT
A 0 90 10 0 3 0 PINTYPE=IN
A 20 90 10 0 9 3 #=F7
P 100 0 80 30 80 0 2 0
L 35 80 10 0 2 0 1 0 ADV_B
A 20 80 10 0 3 0 PINTYPE=IN
A 20 80 10 0 9 3 #=F6
P 101 0 60 30 60 0 2 0
L 35 60 10 0 2 0 1 0 CLK
A 20 60 10 0 3 0 PINTYPE=IN
A 20 60 10 0 9 3 #=E6
P 103 300 70 270 70 0 3 0
L 280 70 10 0 3 0 0 0 VSS4
A 300 70 10 0 9 0 PINTYPE=IN
A 280 70 10 0 3 3 #=B2
P 104 300 60 270 60 0 3 0
L 280 60 10 0 3 0 0 0 VSS3
A 300 60 10 0 9 0 PINTYPE=IN
A 280 60 10 0 3 3 #=H6
P 105 300 50 270 50 0 3 0
L 280 50 10 0 3 0 0 0 VSS2
A 300 50 10 0 9 0 PINTYPE=IN
A 280 50 10 0 3 3 #=H4
P 106 300 40 270 40 0 3 0
L 280 40 10 0 3 0 0 0 VSS1
A 300 40 10 0 9 0 PINTYPE=IN
A 280 40 10 0 3 3 #=H2
P 107 300 410 270 410 0 3 0
L 280 410 10 0 3 0 0 0 VCC1
A 300 410 10 0 9 0 PINTYPE=IN
A 280 410 10 0 3 3 #=A6
P 108 300 400 270 400 0 3 0
L 285 400 10 0 3 0 0 0 VCC2
A 300 400 10 0 9 0 PINTYPE=IN
A 280 400 10 0 3 3 #=H3
P 109 300 380 270 380 0 3 0
L 285 380 10 0 3 0 0 0 VCCQ1
A 300 380 10 0 9 0 PINTYPE=IN
A 280 380 10 0 3 3 #=D5
P 110 300 370 270 370 0 3 0
L 285 370 10 0 3 0 0 0 VCCQ2
A 300 370 10 0 9 0 PINTYPE=IN
A 280 370 10 0 3 3 #=D6
P 111 300 360 270 360 0 3 0
L 285 360 10 0 3 0 0 0 VCCQ3
A 300 360 10 0 9 0 PINTYPE=IN
A 280 360 10 0 3 3 #=G4
P 112 300 340 270 340 0 3 0
L 265 340 10 0 8 0 1 0 VPP
A 300 340 10 0 9 0 PINTYPE=IN
A 280 340 10 0 3 3 #=A4
E 
