V 53
K 1425399917 bpi_s29gl_m29ew_bga64_b.1
F Case
|R 9:25:17_3-3-15
D -10 444 224 -20
Y 1
Z 10
i 272
U 10 430 10 0 3 3 DEVICE=DEVICE
U 5 -20 16 0 3 3 REFDES=U?
U 0 -30 10 0 3 0 PARTS=1
U 0 -40 10 0 3 0 LEVEL=STD
U 55 -15 10 0 3 3 PKG_TYPE=PKG_TYPE
U -10 -20 10 0 1 0 FORWARD_PCB=1
b 10 0 200 430
T 45 175 10 0 2 BGA64 BPI FLASH MEMORY
T 45 160 10 0 2 S29L, M29EW COMPATIBLE
P 2 -10 170 10 170 0 2 0
L 15 170 10 0 2 0 1 0 A24
A 5 170 10 0 9 3 #=F8
A 0 175 10 0 2 0 PINTYPE=IN
P 3 -10 180 10 180 0 2 0
L 15 180 10 0 2 0 1 0 A23
A 5 180 10 0 9 3 #=C8
A 0 185 10 0 2 0 PINTYPE=IN
P 4 -10 190 10 190 0 2 0
L 15 190 10 0 2 0 1 0 A22
A 5 190 10 0 9 3 #=B8
A 0 195 10 0 2 0 PINTYPE=IN
P 5 -10 200 10 200 0 2 0
L 15 200 10 0 2 0 1 0 A21
A 5 200 10 0 9 3 #=C5
A 0 205 10 0 2 0 PINTYPE=IN
P 6 -10 210 10 210 0 2 0
L 15 210 10 0 2 0 1 0 A20
A 5 210 10 0 9 3 #=D4
A 0 215 10 0 2 0 PINTYPE=IN
P 7 -10 220 10 220 0 2 0
L 15 220 10 0 2 0 1 0 A19
A 5 220 10 0 9 3 #=D5
A 0 225 10 0 2 0 PINTYPE=IN
P 8 -10 230 10 230 0 2 0
L 15 230 10 0 2 0 1 0 A18
A 5 230 10 0 9 3 #=C4
A 0 235 10 0 2 0 PINTYPE=IN
P 9 -10 240 10 240 0 2 0
L 15 240 10 0 2 0 1 0 A17
A 5 240 10 0 9 3 #=B3
A 0 245 10 0 2 0 PINTYPE=IN
P 10 -10 250 10 250 0 2 0
L 15 250 10 0 2 0 1 0 A16
A 5 250 10 0 9 3 #=E7
A 0 255 10 0 2 0 PINTYPE=IN
P 11 -10 260 10 260 0 2 0
L 15 260 10 0 2 0 1 0 A15
A 5 260 10 0 9 3 #=D7
A 0 265 10 0 2 0 PINTYPE=IN
P 12 -10 270 10 270 0 2 0
L 15 270 10 0 2 0 1 0 A14
A 5 270 10 0 9 3 #=C7
A 0 275 10 0 2 0 PINTYPE=IN
P 13 -10 280 10 280 0 2 0
L 15 280 10 0 2 0 1 0 A13
A 5 280 10 0 9 3 #=A7
A 0 285 10 0 2 0 PINTYPE=IN
P 14 -10 290 10 290 0 2 0
L 15 290 10 0 2 0 1 0 A12
A 5 290 10 0 9 3 #=B7
A 0 295 10 0 2 0 PINTYPE=IN
P 15 -10 300 10 300 0 2 0
L 15 300 10 0 2 0 1 0 A11
A 5 300 10 0 9 3 #=D6
A 0 305 10 0 2 0 PINTYPE=IN
P 16 -10 310 10 310 0 2 0
L 15 310 10 0 2 0 1 0 A10
A 5 310 10 0 9 3 #=C6
A 0 315 10 0 2 0 PINTYPE=IN
P 17 -10 320 10 320 0 2 0
L 20 320 10 0 2 0 1 0 A9
A 5 320 10 0 9 3 #=A6
A 0 325 10 0 2 0 PINTYPE=IN
P 18 -10 330 10 330 0 2 0
L 20 330 10 0 2 0 1 0 A8
A 5 330 10 0 9 3 #=B6
A 0 335 10 0 2 0 PINTYPE=IN
P 19 -10 340 10 340 0 2 0
L 20 340 10 0 2 0 1 0 A7
A 5 340 10 0 9 3 #=A3
A 0 345 10 0 2 0 PINTYPE=IN
P 20 -10 350 10 350 0 2 0
L 20 350 10 0 2 0 1 0 A6
A 5 350 10 0 9 3 #=C3
A 0 355 10 0 2 0 PINTYPE=IN
P 21 -10 360 10 360 0 2 0
L 20 360 10 0 2 0 1 0 A5
A 5 360 10 0 9 3 #=D3
A 0 365 10 0 2 0 PINTYPE=IN
P 22 -10 370 10 370 0 2 0
L 20 370 10 0 2 0 1 0 A4
A 5 370 10 0 9 3 #=B2
A 0 375 10 0 2 0 PINTYPE=IN
P 23 -10 380 10 380 0 2 0
L 20 380 10 0 2 0 1 0 A3
A 5 380 10 0 9 3 #=A2
A 0 385 10 0 2 0 PINTYPE=IN
P 24 -10 390 10 390 0 2 0
L 20 390 10 0 2 0 1 0 A2
A 5 390 10 0 9 3 #=C2
A 0 395 10 0 2 0 PINTYPE=IN
P 25 -10 400 10 400 0 2 0
L 20 400 10 0 2 0 1 0 A1
A 5 400 10 0 9 3 #=D2
A 0 405 10 0 2 0 PINTYPE=IN
P 26 -10 50 10 50 0 2 0
L 15 50 10 0 2 0 1 0 OE_B
A 5 50 10 0 9 3 #=G2
A 0 55 10 0 2 0 PINTYPE=IN
P 27 -10 40 10 40 0 2 0
L 15 40 10 0 2 0 1 0 WE_B
A 5 40 10 0 9 3 #=A5
A 0 45 10 0 2 0 PINTYPE=IN
P 28 -10 20 10 20 0 2 0
L 15 20 10 0 2 0 1 0 RESET_B
A 5 20 10 0 9 3 #=B5
A 0 25 10 0 2 0 PINTYPE=IN
P 29 -10 410 10 410 0 2 0
L 20 410 10 0 2 0 1 0 A0
A 5 410 10 0 9 3 #=E2
A 0 415 10 0 2 0 PINTYPE=IN
P 30 -10 80 10 80 0 2 0
L 15 80 10 0 2 0 1 0 BYTE_B
A 5 80 10 0 9 3 #=F7
A 0 85 10 0 2 0 PINTYPE=IN
P 31 -10 160 10 160 0 2 0
L 15 160 10 0 2 0 1 0 A25
A 5 160 10 0 9 3 #=G8
A 0 165 10 0 2 0 PINTYPE=IN
P 32 -10 150 10 150 0 2 0
L 15 150 10 0 2 0 1 0 A26
A 5 150 10 0 9 3 #=B1
A 0 155 10 0 2 0 PINTYPE=IN
P 33 -10 100 10 100 0 2 0
L 15 100 10 0 2 0 1 0 VPP_WP_B
A 5 100 10 0 9 3 #=B4
A 0 105 10 0 2 0 PINTYPE=IN
P 34 -10 90 10 90 0 2 0
L 15 90 10 0 2 0 1 0 RY_BY_B
A 5 90 10 0 9 3 #=A4
A 0 95 10 0 2 0 PINTYPE=IN
P 35 -10 60 10 60 0 2 0
L 15 60 10 0 2 0 1 0 CE_B
A 5 60 10 0 9 3 #=F2
A 0 65 10 0 2 0 PINTYPE=IN
P 36 220 190 200 190 0 3 0
L 195 190 10 0 8 0 1 0 DQ15_A_1
A 205 190 10 0 3 3 #=G7
A 210 195 10 0 2 0 PINTYPE=IN
P 37 220 200 200 200 0 3 0
L 195 200 10 0 8 0 1 0 DQ14
A 205 200 10 0 3 3 #=F6
A 210 205 10 0 2 0 PINTYPE=IN
P 38 220 210 200 210 0 3 0
L 195 210 10 0 8 0 1 0 DQ13
A 205 210 10 0 3 3 #=G6
A 210 215 10 0 2 0 PINTYPE=IN
P 39 220 220 200 220 0 3 0
L 195 220 10 0 8 0 1 0 DQ12
A 205 220 10 0 3 3 #=F5
A 210 225 10 0 2 0 PINTYPE=IN
P 40 220 230 200 230 0 3 0
L 195 230 10 0 8 0 1 0 DQ11
A 205 230 10 0 3 3 #=G4
A 210 235 10 0 2 0 PINTYPE=IN
P 41 220 240 200 240 0 3 0
L 195 240 10 0 8 0 1 0 DQ10
A 205 240 10 0 3 3 #=F4
A 210 245 10 0 2 0 PINTYPE=IN
P 42 220 250 200 250 0 3 0
L 195 250 10 0 8 0 1 0 DQ9
A 205 250 10 0 3 3 #=G3
A 210 255 10 0 2 0 PINTYPE=IN
P 43 220 260 200 260 0 3 0
L 195 260 10 0 8 0 1 0 DQ8
A 205 260 10 0 3 3 #=F3
A 210 265 10 0 2 0 PINTYPE=IN
P 44 220 270 200 270 0 3 0
L 195 270 10 0 8 0 1 0 DQ7
A 205 270 10 0 3 3 #=E6
A 210 275 10 0 2 0 PINTYPE=IN
P 45 220 280 200 280 0 3 0
L 195 280 10 0 8 0 1 0 DQ6
A 205 280 10 0 3 3 #=H6
A 210 285 10 0 2 0 PINTYPE=IN
P 46 220 290 200 290 0 3 0
L 195 290 10 0 8 0 1 0 DQ5
A 205 290 10 0 3 3 #=E5
A 210 295 10 0 2 0 PINTYPE=IN
P 47 220 300 200 300 0 3 0
L 195 300 10 0 8 0 1 0 DQ4
A 205 300 10 0 3 3 #=H5
A 210 305 10 0 2 0 PINTYPE=IN
P 48 220 310 200 310 0 3 0
L 195 310 10 0 8 0 1 0 DQ3
A 205 310 10 0 3 3 #=H4
A 210 315 10 0 2 0 PINTYPE=IN
P 49 220 320 200 320 0 3 0
L 195 320 10 0 8 0 1 0 DQ2
A 205 320 10 0 3 3 #=E4
A 210 325 10 0 2 0 PINTYPE=IN
P 50 220 330 200 330 0 3 0
L 195 330 10 0 8 0 1 0 DQ1
A 205 330 10 0 3 3 #=H3
A 210 335 10 0 2 0 PINTYPE=IN
P 51 220 340 200 340 0 3 0
L 195 340 10 0 8 0 1 0 DQ0
A 205 340 10 0 3 3 #=E3
A 210 345 10 0 2 0 PINTYPE=IN
P 53 220 110 200 110 0 3 0
L 195 110 10 0 8 0 1 0 RFU1
A 205 110 10 0 3 3 #=A8
A 210 115 10 0 2 0 PINTYPE=IN
P 54 220 120 200 120 0 3 0
L 195 120 10 0 8 0 1 0 RFU0
A 205 120 10 0 3 3 #=A1
A 210 125 10 0 2 0 PINTYPE=IN
P 55 220 80 200 80 0 3 0
L 195 80 10 0 8 0 1 0 RFU4
A 205 80 10 0 3 3 #=H1
A 210 85 10 0 2 0 PINTYPE=IN
P 56 220 70 200 70 0 3 0
L 195 70 10 0 8 0 1 0 RFU5
A 205 70 10 0 3 3 #=H8
A 210 75 10 0 2 0 PINTYPE=IN
P 57 220 100 200 100 0 3 0
L 195 100 10 0 8 0 1 0 RFU2
A 205 100 10 0 3 3 #=E1
A 210 105 10 0 2 0 PINTYPE=IN
P 58 220 90 200 90 0 3 0
L 195 90 10 0 8 0 1 0 RFU3
A 205 90 10 0 3 3 #=G1
A 210 95 10 0 2 0 PINTYPE=IN
P 60 220 415 200 415 0 3 0
L 195 415 10 0 8 0 1 0 VIO1
A 205 415 10 0 3 3 #=F1
A 210 420 10 0 2 0 PINTYPE=IN
P 61 220 405 200 405 0 3 0
L 195 405 10 0 8 0 1 0 VIO2
A 205 405 10 0 3 3 #=D8
A 210 410 10 0 2 0 PINTYPE=IN
P 62 220 380 200 380 0 3 0
L 195 380 10 0 8 0 1 0 VCC
A 205 380 10 0 3 3 #=G5
A 210 385 10 0 2 0 PINTYPE=IN
P 63 220 40 200 40 0 3 0
L 195 40 10 0 8 0 1 0 GND1
A 205 40 10 0 3 3 #=H2
A 210 45 10 0 2 0 PINTYPE=IN
P 64 220 30 200 30 0 3 0
L 195 30 10 0 8 0 1 0 GND2
A 205 30 10 0 3 3 #=H7
A 210 35 10 0 2 0 PINTYPE=IN
P 65 220 20 200 20 0 3 0
L 195 20 10 0 8 0 1 0 GND3
A 205 20 10 0 3 3 #=E8
A 210 25 10 0 2 0 PINTYPE=IN
P 267 -10 140 10 140 0 2 0
L 15 140 10 0 2 0 1 0 A27
A 5 140 10 0 9 3 #=C1
A 0 145 10 0 2 0 PINTYPE=IN
P 271 -10 130 10 130 0 2 0
L 15 130 10 0 2 0 1 0 A28
A 5 130 10 0 9 3 #=D1
A 0 135 10 0 2 0 PINTYPE=IN
E 
