V 50
K 153165148200 c2104
Y 1
D 0 0 400 520
Z 10
i 946
b 50 50 350 470
P 1 0 100 50 100 0 2 0
A 45 100 10 0 9 3 #=AC15
L 55 100 10 0 2 0 1 0 VCCO_0_AC15
A 10 100 10 0 2 0 PINTYPE=BI
P 2 0 110 50 110 0 2 0
A 45 110 10 0 9 3 #=AE15
L 55 110 10 0 2 0 1 0 VCCO_0_AE15
A 10 110 10 0 2 0 PINTYPE=BI
P 3 400 100 350 100 0 3 0
A 355 100 10 0 3 3 #=Y14
L 345 100 10 0 8 0 1 0 M0_0_Y14
A 405 100 10 0 2 0 PINTYPE=BI
P 4 400 110 350 110 0 3 0
A 355 110 10 0 3 3 #=V14
L 345 110 10 0 8 0 1 0 M1_0_V14
A 405 110 10 0 2 0 PINTYPE=BI
P 5 400 120 350 120 0 3 0
A 355 120 10 0 3 3 #=T14
L 345 120 10 0 8 0 1 0 M2_0_T14
A 405 120 10 0 2 0 PINTYPE=BI
P 6 400 130 350 130 0 3 0
A 355 130 10 0 3 3 #=AM14
L 345 130 10 0 8 0 1 0 D00_MOSI_0_AM14
A 405 130 10 0 2 0 PINTYPE=BI
P 7 400 140 350 140 0 3 0
A 355 140 10 0 3 3 #=AK14
L 345 140 10 0 8 0 1 0 D01_DIN_0_AK14
A 405 140 10 0 2 0 PINTYPE=BI
P 8 400 150 350 150 0 3 0
A 355 150 10 0 3 3 #=AF16
L 345 150 10 0 8 0 1 0 D02_0_AF16
A 405 150 10 0 2 0 PINTYPE=BI
P 9 400 160 350 160 0 3 0
A 355 160 10 0 3 3 #=AH14
L 345 160 10 0 8 0 1 0 D03_0_AH14
A 405 160 10 0 2 0 PINTYPE=BI
P 10 400 170 350 170 0 3 0
A 355 170 10 0 3 3 #=AC14
L 345 170 10 0 8 0 1 0 DONE_0_AC14
A 405 170 10 0 2 0 PINTYPE=BI
P 11 400 180 350 180 0 3 0
A 355 180 10 0 3 3 #=M14
L 345 180 10 0 8 0 1 0 CFGBVS_0_M14
A 405 180 10 0 2 0 PINTYPE=BI
P 12 400 190 350 190 0 3 0
A 355 190 10 0 3 3 #=AE14
L 345 190 10 0 8 0 1 0 PROGRAM_B_0_AE14
A 405 190 10 0 2 0 PINTYPE=BI
P 13 400 200 350 200 0 3 0
A 355 200 10 0 3 3 #=P14
L 345 200 10 0 8 0 1 0 INIT_B_0_P14
A 405 200 10 0 2 0 PINTYPE=BI
P 14 400 210 350 210 0 3 0
A 355 210 10 0 3 3 #=AF15
L 345 210 10 0 8 0 1 0 TDI_0_AF15
A 405 210 10 0 2 0 PINTYPE=BI
P 15 400 220 350 220 0 3 0
A 355 220 10 0 3 3 #=AD15
L 345 220 10 0 8 0 1 0 TDO_0_AD15
A 405 220 10 0 2 0 PINTYPE=BI
P 16 400 230 350 230 0 3 0
A 355 230 10 0 3 3 #=AB15
L 345 230 10 0 8 0 1 0 TMS_0_AB15
A 405 230 10 0 2 0 PINTYPE=BI
P 17 400 240 350 240 0 3 0
A 355 240 10 0 3 3 #=AD16
L 345 240 10 0 8 0 1 0 TCK_0_AD16
A 405 240 10 0 2 0 PINTYPE=BI
P 18 400 250 350 250 0 3 0
A 355 250 10 0 3 3 #=AB16
L 345 250 10 0 8 0 1 0 CCLK_0_AB16
A 405 250 10 0 2 0 PINTYPE=BI
P 19 400 260 350 260 0 3 0
A 355 260 10 0 3 3 #=AN13
L 345 260 10 0 8 0 1 0 VBATT_AN13
A 405 260 10 0 2 0 PINTYPE=BI
P 20 400 270 350 270 0 3 0
A 355 270 10 0 3 3 #=AD19
L 345 270 10 0 8 0 1 0 VN_AD19
A 405 270 10 0 2 0 PINTYPE=BI
P 21 400 280 350 280 0 3 0
A 355 280 10 0 3 3 #=AC20
L 345 280 10 0 8 0 1 0 VP_AC20
A 405 280 10 0 2 0 PINTYPE=BI
P 22 400 290 350 290 0 3 0
A 355 290 10 0 3 3 #=AD20
L 345 290 10 0 8 0 1 0 VREFP_AD20
A 405 290 10 0 2 0 PINTYPE=BI
P 23 400 300 350 300 0 3 0
A 355 300 10 0 3 3 #=AC19
L 345 300 10 0 8 0 1 0 VREFN_AC19
A 405 300 10 0 2 0 PINTYPE=BI
P 24 400 310 350 310 0 3 0
A 355 310 10 0 3 3 #=AB19
L 345 310 10 0 8 0 1 0 GNDADC_AB19
A 405 310 10 0 2 0 PINTYPE=BI
P 25 400 320 350 320 0 3 0
A 355 320 10 0 3 3 #=AB20
L 345 320 10 0 8 0 1 0 VCCADC_AB20
A 405 320 10 0 2 0 PINTYPE=BI
P 26 400 330 350 330 0 3 0
A 355 330 10 0 3 3 #=AE19
L 345 330 10 0 8 0 1 0 DXN_AE19
A 405 330 10 0 2 0 PINTYPE=BI
P 27 400 340 350 340 0 3 0
A 355 340 10 0 3 3 #=AE20
L 345 340 10 0 8 0 1 0 DXP_AE20
A 405 340 10 0 2 0 PINTYPE=BI
P 28 400 350 350 350 0 3 0
A 355 350 10 0 3 3 #=AF14
L 345 350 10 0 8 0 1 0 RDWR_FCS_B_0_AF14
A 405 350 10 0 2 0 PINTYPE=BI
P 29 400 360 350 360 0 3 0
A 355 360 10 0 3 3 #=AB14
L 345 360 10 0 8 0 1 0 POR_OVERRIDE_AB14
A 405 360 10 0 2 0 PINTYPE=BI
P 30 400 370 350 370 0 3 0
A 355 370 10 0 3 3 #=K14
L 345 370 10 0 8 0 1 0 PUDC_B_0_K14
A 405 370 10 0 2 0 PINTYPE=BI
T 220 390 20 0 5 XCVU190FLGC2104
T 220 410 20 0 5 BANK 0
c 70 450 10
U 50 480 10 0 3 3 DEVICE=XXXXXX
U 50 30 16 0 3 3 REFDES=U?
U 250 30 10 0 3 3 PKG_TYPE=XXXXXX
U 0 0 10 0 3 0 HETERO=c2104a_0,c2104a_65,c2104a_66,c2104a_67,c2104a_68,c2104a_70,c2104a_71,c2104a_72,c2104a_84,c2104a_94,c2104a_120,c2104a_121,c2104a_122,c2104a_124,c2104a_125,c2104a_126,c2104a_127,c2104a_128,c2104a_129,c2104a_130,c2104a_131,c2104a_132,c2104a_133,c2104a_220,c2104a_221,c2104a_222,c2104a_224,c2104a_225,c2104a_226,c2104a_227,c2104a_228,c2104a_229,c2104a_230,c2104a_231,c2104a_232,c2104a_233,c2104a_GND1,c2104a_GND2,c2104a_GND3,c2104a_GND4,c2104a_MGTAVCC_LC,c2104a_MGTAVCC_LN,c2104a_MGTAVCC_LS,c2104a_MGTAVCC_RC,c2104a_MGTAVCC_RN,c2104a_MGTAVCC_RS,c2104a_MGTAVTT_LC,c2104a_MGTAVTT_LN,c2104a_MGTAVTT_LS,c2104a_MGTAVTT_RC,c2104a_MGTAVTT_RN,c2104a_MGTAVTT_RS,c2104a_MGTVCCAUX_LC,c2104a_MGTVCCAUX_LN,c2104a_MGTVCCAUX_LS,c2104a_MGTVCCAUX_RC,c2104a_MGTVCCAUX_RN,c2104a_MGTVCCAUX_RS,c2104a_VCCAUX,c2104a_VCCAUX_IO,c2104a_VCCINT,c2104a_VCCINT_IO,c2104a_VCCBRAM,c2104a_NC
U 0 -10 10 0 3 0 PARTS=1
U 0 -20 10 0 3 0 LEVEL=STD
U 0 -30 10 0 3 0 DATE=2014_11_14
E
