V 50
K 153165148200 c2104
Y 1
D 0 0 400 440
Z 10
i 946
b 50 50 350 390
P 1 400 100 350 100 0 3 0
A 355 100 10 0 3 3 #=AH40
L 345 100 10 0 8 0 1 0 MGTAVTTRCAL_LC_AH40
A 405 100 10 0 2 0 PINTYPE=BI
P 2 400 110 350 110 0 3 0
A 355 110 10 0 3 3 #=AH41
L 345 110 10 0 8 0 1 0 MGTRREF_LC_AH41
A 405 110 10 0 2 0 PINTYPE=BI
P 3 400 120 350 120 0 3 0
A 355 120 10 0 3 3 #=AD35
L 345 120 10 0 8 0 1 0 MGTREFCLK1N_125_AD35
A 405 120 10 0 2 0 PINTYPE=BI
P 4 400 130 350 130 0 3 0
A 355 130 10 0 3 3 #=AD34
L 345 130 10 0 8 0 1 0 MGTREFCLK1P_125_AD34
A 405 130 10 0 2 0 PINTYPE=BI
P 5 400 140 350 140 0 3 0
A 355 140 10 0 3 3 #=AE37
L 345 140 10 0 8 0 1 0 MGTREFCLK0N_125_AE37
A 405 140 10 0 2 0 PINTYPE=BI
P 6 400 150 350 150 0 3 0
A 355 150 10 0 3 3 #=AE36
L 345 150 10 0 8 0 1 0 MGTREFCLK0P_125_AE36
A 405 150 10 0 2 0 PINTYPE=BI
P 7 400 160 350 160 0 3 0
A 355 160 10 0 3 3 #=AH44
L 345 160 10 0 8 0 1 0 MGTYRXN3_125_AH44
A 405 160 10 0 2 0 PINTYPE=BI
P 8 400 170 350 170 0 3 0
A 355 170 10 0 3 3 #=AH43
L 345 170 10 0 8 0 1 0 MGTYRXP3_125_AH43
A 405 170 10 0 2 0 PINTYPE=BI
P 9 400 180 350 180 0 3 0
A 355 180 10 0 3 3 #=AH39
L 345 180 10 0 8 0 1 0 MGTYTXN3_125_AH39
A 405 180 10 0 2 0 PINTYPE=BI
P 10 400 190 350 190 0 3 0
A 355 190 10 0 3 3 #=AH38
L 345 190 10 0 8 0 1 0 MGTYTXP3_125_AH38
A 405 190 10 0 2 0 PINTYPE=BI
P 11 400 200 350 200 0 3 0
A 355 200 10 0 3 3 #=AJ46
L 345 200 10 0 8 0 1 0 MGTYRXN2_125_AJ46
A 405 200 10 0 2 0 PINTYPE=BI
P 12 400 210 350 210 0 3 0
A 355 210 10 0 3 3 #=AJ45
L 345 210 10 0 8 0 1 0 MGTYRXP2_125_AJ45
A 405 210 10 0 2 0 PINTYPE=BI
P 13 400 220 350 220 0 3 0
A 355 220 10 0 3 3 #=AJ41
L 345 220 10 0 8 0 1 0 MGTYTXN2_125_AJ41
A 405 220 10 0 2 0 PINTYPE=BI
P 14 400 230 350 230 0 3 0
A 355 230 10 0 3 3 #=AJ40
L 345 230 10 0 8 0 1 0 MGTYTXP2_125_AJ40
A 405 230 10 0 2 0 PINTYPE=BI
P 15 400 240 350 240 0 3 0
A 355 240 10 0 3 3 #=AK44
L 345 240 10 0 8 0 1 0 MGTYRXN1_125_AK44
A 405 240 10 0 2 0 PINTYPE=BI
P 16 400 250 350 250 0 3 0
A 355 250 10 0 3 3 #=AK43
L 345 250 10 0 8 0 1 0 MGTYRXP1_125_AK43
A 405 250 10 0 2 0 PINTYPE=BI
P 17 400 260 350 260 0 3 0
A 355 260 10 0 3 3 #=AK39
L 345 260 10 0 8 0 1 0 MGTYTXN1_125_AK39
A 405 260 10 0 2 0 PINTYPE=BI
P 18 400 270 350 270 0 3 0
A 355 270 10 0 3 3 #=AK38
L 345 270 10 0 8 0 1 0 MGTYTXP1_125_AK38
A 405 270 10 0 2 0 PINTYPE=BI
P 19 400 280 350 280 0 3 0
A 355 280 10 0 3 3 #=AL46
L 345 280 10 0 8 0 1 0 MGTYRXN0_125_AL46
A 405 280 10 0 2 0 PINTYPE=BI
P 20 400 290 350 290 0 3 0
A 355 290 10 0 3 3 #=AL45
L 345 290 10 0 8 0 1 0 MGTYRXP0_125_AL45
A 405 290 10 0 2 0 PINTYPE=BI
P 21 400 300 350 300 0 3 0
A 355 300 10 0 3 3 #=AL41
L 345 300 10 0 8 0 1 0 MGTYTXN0_125_AL41
A 405 300 10 0 2 0 PINTYPE=BI
P 22 400 310 350 310 0 3 0
A 355 310 10 0 3 3 #=AL40
L 345 310 10 0 8 0 1 0 MGTYTXP0_125_AL40
A 405 310 10 0 2 0 PINTYPE=BI
T 220 330 20 0 5 XCVU190FLGC2104
T 220 350 20 0 5 BANK 125
c 70 370 10
U 50 400 10 0 3 3 DEVICE=XXXXXX
U 50 30 16 0 3 3 REFDES=U?
U 250 30 10 0 3 3 PKG_TYPE=XXXXXX
U 0 0 10 0 3 0 HETERO=c2104a_0,c2104a_65,c2104a_66,c2104a_67,c2104a_68,c2104a_70,c2104a_71,c2104a_72,c2104a_84,c2104a_94,c2104a_120,c2104a_121,c2104a_122,c2104a_124,c2104a_125,c2104a_126,c2104a_127,c2104a_128,c2104a_129,c2104a_130,c2104a_131,c2104a_132,c2104a_133,c2104a_220,c2104a_221,c2104a_222,c2104a_224,c2104a_225,c2104a_226,c2104a_227,c2104a_228,c2104a_229,c2104a_230,c2104a_231,c2104a_232,c2104a_233,c2104a_GND1,c2104a_GND2,c2104a_GND3,c2104a_GND4,c2104a_MGTAVCC_LC,c2104a_MGTAVCC_LN,c2104a_MGTAVCC_LS,c2104a_MGTAVCC_RC,c2104a_MGTAVCC_RN,c2104a_MGTAVCC_RS,c2104a_MGTAVTT_LC,c2104a_MGTAVTT_LN,c2104a_MGTAVTT_LS,c2104a_MGTAVTT_RC,c2104a_MGTAVTT_RN,c2104a_MGTAVTT_RS,c2104a_MGTVCCAUX_LC,c2104a_MGTVCCAUX_LN,c2104a_MGTVCCAUX_LS,c2104a_MGTVCCAUX_RC,c2104a_MGTVCCAUX_RN,c2104a_MGTVCCAUX_RS,c2104a_VCCAUX,c2104a_VCCAUX_IO,c2104a_VCCINT,c2104a_VCCINT_IO,c2104a_VCCBRAM,c2104a_NC
U 0 -10 10 0 3 0 PARTS=1
U 0 -20 10 0 3 0 LEVEL=STD
U 0 -30 10 0 3 0 DATE=2014_11_14
E
