V 51
K 87452202390 samtec_tripc20
|R 21:56_10-6-10
Y 1
D 0 0 135 265
Z 10
i 24
U 0 -30 10 0 3 0 LEVEL=STD
U 0 -40 10 0 3 0 PARTS=1
U 0 -50 10 0 3 0 DEVICE=SAMTEC_TRIPC20
U 5 0 16 0 3 3 REFDES=J?
P 24 70 0 70 20 0 1 0
L 70 20 10 1 2 0 1 0 GND2
A 70 20 10 1 9 0 #=24
A 75 20 10 1 2 0 PINTYPE=IN
P 23 80 0 80 20 0 1 0
L 80 20 10 1 2 0 1 0 NC2
A 80 20 10 1 9 0 #=23
A 85 20 10 1 2 0 PINTYPE=IN
P 22 90 0 90 20 0 1 0
L 90 20 10 1 2 0 1 0 NC1
A 90 20 10 1 9 0 #=22
A 95 20 10 1 2 0 PINTYPE=IN
P 21 100 0 100 20 0 1 0
L 100 20 10 1 2 0 1 0 GND1
A 100 20 10 1 9 0 #=21
A 105 20 10 1 2 0 PINTYPE=IN
P 20 0 40 20 40 0 2 0
L 20 40 10 0 2 0 1 0 P20
A 20 40 10 0 9 0 #=20
A 20 45 10 0 2 0 PINTYPE=BI
P 19 0 50 20 50 0 2 0
L 20 50 10 0 2 0 1 0 P19
A 20 50 10 0 9 0 #=19
A 20 55 10 0 2 0 PINTYPE=BI
P 18 0 60 20 60 0 2 0
L 20 60 10 0 2 0 1 0 P18
A 20 60 10 0 9 0 #=18
A 20 65 10 0 2 0 PINTYPE=BI
P 17 0 70 20 70 0 2 0
L 20 70 10 0 2 0 1 0 P17
A 20 70 10 0 9 0 #=17
A 20 75 10 0 2 0 PINTYPE=BI
P 16 0 80 20 80 0 2 0
L 20 80 10 0 2 0 1 0 P16
A 20 80 10 0 9 0 #=16
A 20 85 10 0 2 0 PINTYPE=BI
P 15 0 90 20 90 0 2 0
L 20 90 10 0 2 0 1 0 P15
A 20 90 10 0 9 0 #=15
A 20 95 10 0 2 0 PINTYPE=BI
P 14 0 100 20 100 0 2 0
L 20 100 10 0 2 0 1 0 P14
A 20 100 10 0 9 0 #=14
A 20 105 10 0 2 0 PINTYPE=BI
P 13 0 110 20 110 0 2 0
L 20 110 10 0 2 0 1 0 P13
A 20 110 10 0 9 0 #=13
A 20 115 10 0 2 0 PINTYPE=BI
P 12 0 120 20 120 0 2 0
L 20 120 10 0 2 0 1 0 P12
A 20 120 10 0 9 0 #=12
A 20 125 10 0 2 0 PINTYPE=BI
P 11 0 130 20 130 0 2 0
L 20 130 10 0 2 0 1 0 P11
A 20 130 10 0 9 0 #=11
A 20 135 10 0 2 0 PINTYPE=BI
P 10 0 140 20 140 0 2 0
L 20 140 10 0 2 0 1 0 P10
A 20 140 10 0 9 0 #=10
A 20 145 10 0 2 0 PINTYPE=BI
P 9 0 150 20 150 0 2 0
L 20 150 10 0 2 0 1 0 P9
A 20 150 10 0 9 0 #=9
A 30 155 10 0 2 0 PINTYPE=BI
P 8 0 160 20 160 0 2 0
L 20 160 10 0 2 0 1 0 P8
A 20 160 10 0 9 0 #=8
A 30 165 10 0 2 0 PINTYPE=BI
P 7 0 170 20 170 0 2 0
L 20 170 10 0 2 0 1 0 P7
A 20 170 10 0 9 0 #=7
A 30 175 10 0 2 0 PINTYPE=BI
P 6 0 180 20 180 0 2 0
L 20 180 10 0 2 0 1 0 P6
A 20 180 10 0 9 0 #=6
A 30 185 10 0 2 0 PINTYPE=BI
P 5 0 190 20 190 0 2 0
L 20 190 10 0 2 0 1 0 P5
A 20 190 10 0 9 0 #=5
A 30 195 10 0 2 0 PINTYPE=BI
P 4 0 200 20 200 0 2 0
L 20 200 10 0 2 0 1 0 P4
A 20 200 10 0 9 0 #=4
A 30 205 10 0 2 0 PINTYPE=BI
P 3 0 210 20 210 0 2 0
L 20 210 10 0 2 0 1 0 P3
A 20 210 10 0 9 0 #=3
A 30 215 10 0 2 0 PINTYPE=BI
P 2 0 220 20 220 0 2 0
L 20 220 10 0 2 0 1 0 P2
A 20 220 10 0 9 0 #=2
A 30 225 10 0 2 0 PINTYPE=BI
P 1 0 230 20 230 0 2 0
L 20 230 10 0 2 0 1 0 P1
A 20 230 10 0 9 0 #=1
A 30 235 10 0 2 0 PINTYPE=BI
T 60 160 10 0 3 SAMTEC
b 20 20 115 245
U 25 265 10 0 3 0 PKG_TYPE=SAMTEC_TRIPC20
U 25 245 10 0 3 3 VALUE=XXXX
E
