V 53
K 1397089257 CFP4_HEATSINK.1
F Case
|R 17:20:57_4-9-14
D 0 40 150 0
Y 1
Z 10
i 1
U 0 -10 10 0 3 0 DEVICE=DEVICE
U 0 -100 10 0 3 0 CLASS=MECHANICAL
U 0 -30 10 0 3 0 PARTS=1
U 0 -20 10 0 3 0 LEVEL=STD
U -10 -20 10 0 3 0 DESC=FAN_HEATSINK
Q 0 5 0
|FNTSTL 0 5
U 5 30 10 0 3 3 REFDES=HS?
U 0 0 10 0 1 0 FORWARD_PCB=1
b 150 0 150 20
b 0 0 150 0
b 0 0 0 20
l 2 130 20 120 20 
l 2 130 30 130 20 
l 2 140 30 130 30 
l 2 140 20 140 30 
l 2 150 20 140 20 
l 2 110 20 100 20 
l 2 110 30 110 20 
l 2 120 30 110 30 
l 2 120 20 120 30 
l 2 130 20 120 20 
l 2 90 20 80 20 
l 2 90 30 90 20 
l 2 100 30 90 30 
l 2 100 20 100 30 
l 2 110 20 100 20 
l 2 70 20 60 20 
l 2 70 30 70 20 
l 2 80 30 70 30 
l 2 80 20 80 30 
l 2 90 20 80 20 
l 2 50 20 40 20 
l 2 50 30 50 20 
l 2 60 30 50 30 
l 2 60 20 60 30 
l 2 70 20 60 20 
l 2 30 20 20 20 
l 2 30 30 30 20 
l 2 40 30 30 30 
l 2 40 20 40 30 
l 2 50 20 40 20 
l 2 30 20 20 20 
l 2 20 20 20 30 
l 2 20 30 10 30 
l 2 10 30 10 20 
l 2 10 20 0 20 
T 30 5 10 0 3 CFP4 Heatsink
E 
