V 53
K 1378428430 clksel_300_mhz.1
F Case
|R 17:47:10_9-5-13
D 0 70 95 0
Y 3
Z 5
i 1
U 0 0 10 0 1 0 FORWARD_PCB=0
l 2 15 25 15 45 
l 2 65 10 30 10 
l 2 65 60 30 60 
l 2 65 10 65 25 
l 2 15 25 30 25 
l 2 15 45 30 45 
l 2 65 25 80 25 
l 2 80 25 80 45 
c 55 20 5
c 40 20 5
l 2 65 45 80 45 
l 2 65 45 65 60 
l 2 30 10 30 25 
c 40 50 5
c 55 50 5
b 18 28 47 42
Q 2 13 0
|GRPHSTL 33280 13 0 1
l 2 30 45 30 60 
c 40 35 5
Q 14 0 0
|GRPHSTL 16776960 0 0 1
c 25 35 5
Q 14 0 0
|GRPHSTL 16776960 0 0 1
T 85 30 10 0 3 300 MHZ
T 38 45 10 0 3 1
T 53 45 10 0 3 2
T 22 30 10 0 3 3
T 37 30 10 0 3 4
b 48 28 77 42
Q 2 13 0
|GRPHSTL 33280 13 0 1
c 55 35 5
Q 14 0 0
|GRPHSTL 16776960 0 0 1
c 70 35 5
Q 14 0 0
|GRPHSTL 16776960 0 0 1
T 53 30 10 0 3 5
T 67 30 10 0 3 6
T 37 15 10 0 3 7
T 53 15 10 0 3 8
E 
