V 53
K 1438216245 conn_sata_vert_smt.1
F Case
|R 17:30:45_7-29-15
D -30 240 110 0
Y 1
Z 10
i 37
U 0 -10 10 0 3 0 DEVICE=DEVICE
U -20 -40 10 0 3 0 PARTS=1
U 80 10 10 0 3 0 PKG_TYPE=PKG_TYPE
U -10 230 10 0 3 3 VALUE=678005025
U 82 3 16 0 3 3 REFDES=J?
U -30 0 10 0 1 0 FORWARD_PCB=1
U -10 243 10 0 3 0 NAME_PLACEHOLDER=
b 0 20 80 230
P 15 0 170 -30 170 0 3 0
L 25 165 10 0 9 0 1 0 TX_P
A 40 171 10 0 3 0 PINTYPE=BI
A -21 172 10 0 3 3 #=2
P 16 0 150 -30 150 0 3 0
L 25 145 10 0 9 0 1 0 TX_N
A -21 152 10 0 3 3 #=3
A 40 151 10 0 3 0 PINTYPE=BI
P 17 0 130 -30 130 0 3 0
L 25 125 10 0 9 0 1 0 GND2
A 40 131 10 0 3 0 PINTYPE=GROUND
A -21 132 10 0 3 3 #=4
P 24 0 190 -30 190 0 3 0
L 25 185 10 0 9 0 1 0 GND1
A -21 192 10 0 3 3 #=1
A 40 191 10 0 3 0 PINTYPE=GROUND
P 30 0 110 -30 110 0 3 0
L 25 105 10 0 9 0 1 0 RX_N
A -21 112 10 0 3 3 #=5
A 40 111 10 0 3 0 PINTYPE=BI
P 33 110 40 80 40 0 3 0
L 80 35 10 0 9 0 1 0 MH2
A 89 42 10 0 3 3 #=9
A 150 41 10 0 3 0 PINTYPE=BI
P 34 110 215 80 215 0 3 0
L 80 210 10 0 9 0 1 0 MH1
A 150 216 10 0 3 0 PINTYPE=BI
A 90 215 10 0 3 3 #=8
P 35 0 70 -30 70 0 3 0
L 25 65 10 0 9 0 1 0 GND3
A -21 72 10 0 3 3 #=7
A 40 71 10 0 3 0 PINTYPE=GROUND
P 36 0 90 -30 90 0 3 0
L 25 85 10 0 9 0 1 0 RX_P
A 40 91 10 0 3 0 PINTYPE=BI
A -21 92 10 0 3 3 #=6
E 
