V 51
K 103806634700 csd16412q5a
|R 1:02_11-8-12
Y 1
D 0 0 120 100
Z 10
i 50
U 0 -20 10 0 3 0 MANF_P/N=MANF_P/N
U -190 -40 10 0 3 0 LEVEL=STD
U -190 -50 10 0 3 0 PARTS=1
U 50 0 10 0 3 0 PKG_TYPE=PKG_TYPE
U 20 90 10 0 3 0 DEVICE=DEVICE
P 50 0 60 20 60 0 2 0
A -30 50 10 0 9 0 PINTYPE=BI
A 20 60 10 0 9 3 #=2
L 20 60 10 0 2 0 1 0 S2
P 38 120 60 100 60 0 3 0
A 100 60 10 0 3 3 #=7
A 160 55 10 0 3 0 PINTYPE=BI
L 100 60 10 0 8 0 1 0 D3
P 40 120 40 100 40 0 3 0
L 100 40 10 0 8 1 1 0 D2
A 100 40 10 0 3 3 #=6
A 160 35 10 0 3 0 PINTYPE=BI
P 27 120 20 100 20 0 3 0
A 100 20 10 0 3 3 #=5
A 160 15 10 0 3 0 PINTYPE=BI
L 100 20 10 0 8 0 1 0 D1
P 19 120 80 100 80 0 3 0
A 100 80 10 0 3 3 #=8
A 160 75 10 0 3 0 PINTYPE=BI
L 100 80 10 0 8 1 1 0 D4
P 49 0 80 20 80 0 2 0
A -30 70 10 0 9 0 PINTYPE=BI
A 20 80 10 0 9 3 #=1
L 20 80 10 0 2 1 1 0 S1
P 20 0 40 20 40 0 2 0
A -30 30 10 0 9 0 PINTYPE=BI
A 20 40 10 0 9 3 #=3
L 20 40 10 0 2 0 1 0 S3
P 22 0 20 20 20 0 2 0
L 20 20 10 0 2 1 1 0 G
A 20 20 10 0 9 3 #=4
A -30 10 10 0 9 0 PINTYPE=BI
l 2 45 46 55 46
l 2 62 61 68 61
l 2 68 61 68 54
l 2 68 52 68 43
l 2 68 43 62 43
l 2 86 60 80 60
l 2 86 40 80 40
l 2 80 20 80 21
l 2 80 21 80 80
l 2 62 59 62 80
l 2 62 46 62 33
l 2 62 33 36 33
l 2 62 59 58 59
l 2 58 57 58 60
l 2 58 44 58 48
l 2 36 33 36 41
l 2 36 41 32 41
l 2 36 61 32 61
l 2 36 41 36 61
l 2 33 21 45 21
l 2 45 21 45 46
l 2 36 61 36 81
l 2 36 81 32 81
l 2 62 46 58 46
l 2 87 80 62 80
l 2 86 20 80 20
l 2 62 52 62 46
l 2 62 52 60 52
l 2 58 52 60 51
l 2 58 51 58 54
l 2 60 51 60 53
l 2 60 53 58 52
l 2 68 54 67 52
l 2 69 52 68 54
l 2 67 52 69 52
b 19 6 99 86
l 2 55 46 55 58
U 75 -5 10 0 3 3 POWER=POWER
U 20 90 10 0 3 3 VALUE=VALUE
U 20 -10 16 0 3 3 REFDES=U?
E
