V 54
K 1454725778 cy7c4142kv13_106fcxc_pwr.1
F Case
|R 18:29:38_2-5-16
D -6477000 10287000 5969000 -10033000
Y 1
Z 10
i 652
U 0 0 254000 0 5 3 DEVICE=DEVICE
U 0 -338700 254000 0 1 0 MANF_P/N=MANF_P/N
U 4318000 -9398000 254000 0 1 3 PKG_TYPE=PKG_TYPE
U -6096000 -9398000 254000 0 1 3 REFDES=U?
U 0 -1016100 254000 0 1 0 HETERO=cy7c4142kv13_106fcxc,cy7c4142kv13_106fcxc_pwr
U -6477000 -10033000 254000 0 1 0 FORWARD_PCB=1
b -5842000 -9398000 5334000 9652000
P 12 -6477000 9144000 -5842000 9144000 0 2 0
L -5791200 9144000 254000 0 2 0 1 0 VDDQ29
A -5969000 9144000 254000 0 9 3 #=H11
A -6477000 9144000 127000 0 1 0 PINTYPE=POWER
P 15 -6477000 8890000 -5842000 8890000 0 2 0
L -5791200 8890000 254000 0 2 0 1 0 VDDQ30
A -5969000 8890000 254000 0 9 3 #=J3
A -6477000 8890000 127000 0 1 0 PINTYPE=POWER
P 18 -6477000 8636000 -5842000 8636000 0 2 0
L -5791200 8636000 254000 0 2 0 1 0 VDDQ31
A -5969000 8636000 254000 0 9 3 #=J17
A -6477000 8636000 127000 0 1 0 PINTYPE=POWER
P 21 -6477000 8382000 -5842000 8382000 0 2 0
L -5791200 8382000 254000 0 2 0 1 0 VDDQ32
A -5969000 8382000 254000 0 9 3 #=K9
A -6477000 8382000 127000 0 1 0 PINTYPE=POWER
P 24 -6477000 8128000 -5842000 8128000 0 2 0
L -5791200 8128000 254000 0 2 0 1 0 VDDQ33
A -5969000 8128000 254000 0 9 3 #=K11
A -6477000 8128000 127000 0 1 0 PINTYPE=POWER
P 27 -6477000 7874000 -5842000 7874000 0 2 0
L -5791200 7874000 254000 0 2 0 1 0 VDDQ34
A -5969000 7874000 254000 0 9 3 #=L3
A -6477000 7874000 127000 0 1 0 PINTYPE=POWER
P 30 -6477000 7620000 -5842000 7620000 0 2 0
L -5791200 7620000 254000 0 2 0 1 0 VDDQ35
A -5969000 7620000 254000 0 9 3 #=L17
A -6477000 7620000 127000 0 1 0 PINTYPE=POWER
P 33 -6477000 7366000 -5842000 7366000 0 2 0
L -5791200 7366000 254000 0 2 0 1 0 VDDQ36
A -5969000 7366000 254000 0 9 3 #=M9
A -6477000 7366000 127000 0 1 0 PINTYPE=POWER
P 36 -6477000 7112000 -5842000 7112000 0 2 0
L -5791200 7112000 254000 0 2 0 1 0 VDDQ37
A -5969000 7112000 254000 0 9 3 #=M11
A -6477000 7112000 127000 0 1 0 PINTYPE=POWER
P 39 -6477000 6858000 -5842000 6858000 0 2 0
L -5791200 6858000 254000 0 2 0 1 0 VDDQ38
A -5969000 6858000 254000 0 9 3 #=N5
A -6477000 6858000 127000 0 1 0 PINTYPE=POWER
P 42 -6477000 6604000 -5842000 6604000 0 2 0
L -5791200 6604000 254000 0 2 0 1 0 VDDQ39
A -5969000 6604000 254000 0 9 3 #=N15
A -6477000 6604000 127000 0 1 0 PINTYPE=POWER
P 45 -6477000 6350000 -5842000 6350000 0 2 0
L -5791200 6350000 254000 0 2 0 1 0 VDDQ40
A -5969000 6350000 254000 0 9 3 #=P1
A -6477000 6350000 127000 0 1 0 PINTYPE=POWER
P 48 -6477000 6096000 -5842000 6096000 0 2 0
L -5791200 6096000 254000 0 2 0 1 0 VDDQ41
A -5969000 6096000 254000 0 9 3 #=P7
A -6477000 6096000 127000 0 1 0 PINTYPE=POWER
P 51 -6477000 5842000 -5842000 5842000 0 2 0
L -5791200 5842000 254000 0 2 0 1 0 VDDQ42
A -5969000 5842000 254000 0 9 3 #=P13
A -6477000 5842000 127000 0 1 0 PINTYPE=POWER
P 54 -6477000 5588000 -5842000 5588000 0 2 0
L -5791200 5588000 254000 0 2 0 1 0 VDDQ43
A -5969000 5588000 254000 0 9 3 #=P19
A -6477000 5588000 127000 0 1 0 PINTYPE=POWER
P 57 -6477000 5334000 -5842000 5334000 0 2 0
L -5791200 5334000 254000 0 2 0 1 0 VDDQ44
A -5969000 5334000 254000 0 9 3 #=R3
A -6477000 5334000 127000 0 1 0 PINTYPE=POWER
P 60 -6477000 5080000 -5842000 5080000 0 2 0
L -5791200 5080000 254000 0 2 0 1 0 VDDQ45
A -5969000 5080000 254000 0 9 3 #=R6
A -6477000 5080000 127000 0 1 0 PINTYPE=POWER
P 63 -6477000 4826000 -5842000 4826000 0 2 0
L -5791200 4826000 254000 0 2 0 1 0 VDDQ46
A -5969000 4826000 254000 0 9 3 #=R14
A -6477000 4826000 127000 0 1 0 PINTYPE=POWER
P 66 -6477000 4572000 -5842000 4572000 0 2 0
L -5791200 4572000 254000 0 2 0 1 0 VDDQ47
A -5969000 4572000 254000 0 9 3 #=R17
A -6477000 4572000 127000 0 1 0 PINTYPE=POWER
P 69 -6477000 4318000 -5842000 4318000 0 2 0
L -5791200 4318000 254000 0 2 0 1 0 VDDQ48
A -5969000 4318000 254000 0 9 3 #=T4
A -6477000 4318000 127000 0 1 0 PINTYPE=POWER
P 72 -6477000 4064000 -5842000 4064000 0 2 0
L -5791200 4064000 254000 0 2 0 1 0 VDDQ49
A -5969000 4064000 254000 0 9 3 #=T16
A -6477000 4064000 127000 0 1 0 PINTYPE=POWER
P 75 -6477000 3810000 -5842000 3810000 0 2 0
L -5791200 3810000 254000 0 2 0 1 0 VDDQ50
A -5969000 3810000 254000 0 9 3 #=U2
A -6477000 3810000 127000 0 1 0 PINTYPE=POWER
P 78 -6477000 3556000 -5842000 3556000 0 2 0
L -5791200 3556000 254000 0 2 0 1 0 VDDQ51
A -5969000 3556000 254000 0 9 3 #=U7
A -6477000 3556000 127000 0 1 0 PINTYPE=POWER
P 81 -6477000 3302000 -5842000 3302000 0 2 0
L -5791200 3302000 254000 0 2 0 1 0 VDDQ52
A -5969000 3302000 254000 0 9 3 #=U10
A -6477000 3302000 127000 0 1 0 PINTYPE=POWER
P 84 -6477000 3048000 -5842000 3048000 0 2 0
L -5791200 3048000 254000 0 2 0 1 0 VDDQ53
A -5969000 3048000 254000 0 9 3 #=U13
A -6477000 3048000 127000 0 1 0 PINTYPE=POWER
P 87 -6477000 2794000 -5842000 2794000 0 2 0
L -5791200 2794000 254000 0 2 0 1 0 VDDQ54
A -5969000 2794000 254000 0 9 3 #=U18
A -6477000 2794000 127000 0 1 0 PINTYPE=POWER
P 90 -6477000 2540000 -5842000 2540000 0 2 0
L -5791200 2540000 254000 0 2 0 1 0 VDDQ55
A -5969000 2540000 254000 0 9 3 #=V3
A -6477000 2540000 127000 0 1 0 PINTYPE=POWER
P 93 -6477000 2286000 -5842000 2286000 0 2 0
L -5791200 2286000 254000 0 2 0 1 0 VDDQ56
A -5969000 2286000 254000 0 9 3 #=V6
A -6477000 2286000 127000 0 1 0 PINTYPE=POWER
P 96 -6477000 2032000 -5842000 2032000 0 2 0
L -5791200 2032000 254000 0 2 0 1 0 VDDQ57
A -5969000 2032000 254000 0 9 3 #=V8
A -6477000 2032000 127000 0 1 0 PINTYPE=POWER
P 99 -6477000 1778000 -5842000 1778000 0 2 0
L -5791200 1778000 254000 0 2 0 1 0 VDDQ58
A -5969000 1778000 254000 0 9 3 #=V12
A -6477000 1778000 127000 0 1 0 PINTYPE=POWER
P 102 -6477000 1524000 -5842000 1524000 0 2 0
L -5791200 1524000 254000 0 2 0 1 0 VDDQ59
A -5969000 1524000 254000 0 9 3 #=V14
A -6477000 1524000 127000 0 1 0 PINTYPE=POWER
P 105 -6477000 1270000 -5842000 1270000 0 2 0
L -5791200 1270000 254000 0 2 0 1 0 VDDQ60
A -5969000 1270000 254000 0 9 3 #=V17
A -6477000 1270000 127000 0 1 0 PINTYPE=POWER
P 108 -6477000 1016000 -5842000 1016000 0 2 0
L -5791200 1016000 254000 0 2 0 1 0 VDDQ61
A -5969000 1016000 254000 0 9 3 #=W2
A -6477000 1016000 127000 0 1 0 PINTYPE=POWER
P 111 -6477000 762000 -5842000 762000 0 2 0
L -5791200 762000 254000 0 2 0 1 0 VDDQ62
A -5969000 762000 254000 0 9 3 #=W5
A -6477000 762000 127000 0 1 0 PINTYPE=POWER
P 114 -6477000 508000 -5842000 508000 0 2 0
L -5791200 508000 254000 0 2 0 1 0 VDDQ63
A -5969000 508000 254000 0 9 3 #=W15
A -6477000 508000 127000 0 1 0 PINTYPE=POWER
P 117 -6477000 254000 -5842000 254000 0 2 0
L -5791200 254000 254000 0 2 0 1 0 VDDQ64
A -5969000 254000 254000 0 9 3 #=W18
A -6477000 254000 127000 0 1 0 PINTYPE=POWER
P 120 -6477000 0 -5842000 0 0 2 0
L -5791200 0 254000 0 2 0 1 0 VSS71
A -5969000 0 254000 0 9 3 #=N8
A -6477000 0 127000 0 1 0 PINTYPE=GROUND
P 123 -6477000 -254000 -5842000 -254000 0 2 0
L -5791200 -254000 254000 0 2 0 1 0 VSS72
A -5969000 -254000 254000 0 9 3 #=N12
A -6477000 -254000 127000 0 1 0 PINTYPE=GROUND
P 126 -6477000 -508000 -5842000 -508000 0 2 0
L -5791200 -508000 254000 0 2 0 1 0 VSS73
A -5969000 -508000 254000 0 9 3 #=N17
A -6477000 -508000 127000 0 1 0 PINTYPE=GROUND
P 129 -6477000 -762000 -5842000 -762000 0 2 0
L -5791200 -762000 254000 0 2 0 1 0 VSS74
A -5969000 -762000 254000 0 9 3 #=N19
A -6477000 -762000 127000 0 1 0 PINTYPE=GROUND
P 132 -6477000 -1016000 -5842000 -1016000 0 2 0
L -5791200 -1016000 254000 0 2 0 1 0 VSS75
A -5969000 -1016000 254000 0 9 3 #=P2
A -6477000 -1016000 127000 0 1 0 PINTYPE=GROUND
P 135 -6477000 -1270000 -5842000 -1270000 0 2 0
L -5791200 -1270000 254000 0 2 0 1 0 VSS76
A -5969000 -1270000 254000 0 9 3 #=P6
A -6477000 -1270000 127000 0 1 0 PINTYPE=GROUND
P 138 -6477000 -1524000 -5842000 -1524000 0 2 0
L -5791200 -1524000 254000 0 2 0 1 0 VSS77
A -5969000 -1524000 254000 0 9 3 #=P14
A -6477000 -1524000 127000 0 1 0 PINTYPE=GROUND
P 141 -6477000 -1778000 -5842000 -1778000 0 2 0
L -5791200 -1778000 254000 0 2 0 1 0 VSS78
A -5969000 -1778000 254000 0 9 3 #=P18
A -6477000 -1778000 127000 0 1 0 PINTYPE=GROUND
P 144 -6477000 -2032000 -5842000 -2032000 0 2 0
L -5791200 -2032000 254000 0 2 0 1 0 VSS79
A -5969000 -2032000 254000 0 9 3 #=R1
A -6477000 -2032000 127000 0 1 0 PINTYPE=GROUND
P 147 -6477000 -2286000 -5842000 -2286000 0 2 0
L -5791200 -2286000 254000 0 2 0 1 0 VSS80
A -5969000 -2286000 254000 0 9 3 #=R5
A -6477000 -2286000 127000 0 1 0 PINTYPE=GROUND
P 150 -6477000 -2540000 -5842000 -2540000 0 2 0
L -5791200 -2540000 254000 0 2 0 1 0 VSS81
A -5969000 -2540000 254000 0 9 3 #=R7
A -6477000 -2540000 127000 0 1 0 PINTYPE=GROUND
P 153 -6477000 -2794000 -5842000 -2794000 0 2 0
L -5791200 -2794000 254000 0 2 0 1 0 VSS82
A -5969000 -2794000 254000 0 9 3 #=R9
A -6477000 -2794000 127000 0 1 0 PINTYPE=GROUND
P 156 -6477000 -3048000 -5842000 -3048000 0 2 0
L -5791200 -3048000 254000 0 2 0 1 0 VSS83
A -5969000 -3048000 254000 0 9 3 #=R11
A -6477000 -3048000 127000 0 1 0 PINTYPE=GROUND
P 159 -6477000 -3302000 -5842000 -3302000 0 2 0
L -5791200 -3302000 254000 0 2 0 1 0 VSS84
A -5969000 -3302000 254000 0 9 3 #=R13
A -6477000 -3302000 127000 0 1 0 PINTYPE=GROUND
P 162 -6477000 -3556000 -5842000 -3556000 0 2 0
L -5791200 -3556000 254000 0 2 0 1 0 VSS85
A -5969000 -3556000 254000 0 9 3 #=R15
A -6477000 -3556000 127000 0 1 0 PINTYPE=GROUND
P 165 -6477000 -3810000 -5842000 -3810000 0 2 0
L -5791200 -3810000 254000 0 2 0 1 0 VSS86
A -5969000 -3810000 254000 0 9 3 #=R19
A -6477000 -3810000 127000 0 1 0 PINTYPE=GROUND
P 168 -6477000 -4064000 -5842000 -4064000 0 2 0
L -5791200 -4064000 254000 0 2 0 1 0 VSS87
A -5969000 -4064000 254000 0 9 3 #=T2
A -6477000 -4064000 127000 0 1 0 PINTYPE=GROUND
P 171 -6477000 -4318000 -5842000 -4318000 0 2 0
L -5791200 -4318000 254000 0 2 0 1 0 VSS88
A -5969000 -4318000 254000 0 9 3 #=T6
A -6477000 -4318000 127000 0 1 0 PINTYPE=GROUND
P 174 -6477000 -4572000 -5842000 -4572000 0 2 0
L -5791200 -4572000 254000 0 2 0 1 0 VSS89
A -5969000 -4572000 254000 0 9 3 #=T14
A -6477000 -4572000 127000 0 1 0 PINTYPE=GROUND
P 177 -6477000 -4826000 -5842000 -4826000 0 2 0
L -5791200 -4826000 254000 0 2 0 1 0 VSS90
A -5969000 -4826000 254000 0 9 3 #=T18
A -6477000 -4826000 127000 0 1 0 PINTYPE=GROUND
P 180 -6477000 -5080000 -5842000 -5080000 0 2 0
L -5791200 -5080000 254000 0 2 0 1 0 VSS91
A -5969000 -5080000 254000 0 9 3 #=U1
A -6477000 -5080000 127000 0 1 0 PINTYPE=GROUND
P 183 -6477000 -5334000 -5842000 -5334000 0 2 0
L -5791200 -5334000 254000 0 2 0 1 0 VSS92
A -5969000 -5334000 254000 0 9 3 #=U5
A -6477000 -5334000 127000 0 1 0 PINTYPE=GROUND
P 186 -6477000 -5588000 -5842000 -5588000 0 2 0
L -5791200 -5588000 254000 0 2 0 1 0 VSS93
A -5969000 -5588000 254000 0 9 3 #=U9
A -6477000 -5588000 127000 0 1 0 PINTYPE=GROUND
P 189 -6477000 -5842000 -5842000 -5842000 0 2 0
L -5791200 -5842000 254000 0 2 0 1 0 VSS94
A -5969000 -5842000 254000 0 9 3 #=U11
A -6477000 -5842000 127000 0 1 0 PINTYPE=GROUND
P 192 -6477000 -6096000 -5842000 -6096000 0 2 0
L -5791200 -6096000 254000 0 2 0 1 0 VSS95
A -5969000 -6096000 254000 0 9 3 #=U15
A -6477000 -6096000 127000 0 1 0 PINTYPE=GROUND
P 195 -6477000 -6350000 -5842000 -6350000 0 2 0
L -5791200 -6350000 254000 0 2 0 1 0 VSS96
A -5969000 -6350000 254000 0 9 3 #=U19
A -6477000 -6350000 127000 0 1 0 PINTYPE=GROUND
P 198 -6477000 -6604000 -5842000 -6604000 0 2 0
L -5791200 -6604000 254000 0 2 0 1 0 VSS97
A -5969000 -6604000 254000 0 9 3 #=V4
A -6477000 -6604000 127000 0 1 0 PINTYPE=GROUND
P 201 -6477000 -6858000 -5842000 -6858000 0 2 0
L -5791200 -6858000 254000 0 2 0 1 0 VSS98
A -5969000 -6858000 254000 0 9 3 #=V16
A -6477000 -6858000 127000 0 1 0 PINTYPE=GROUND
P 204 -6477000 -7112000 -5842000 -7112000 0 2 0
L -5791200 -7112000 254000 0 2 0 1 0 VSS99
A -5969000 -7112000 254000 0 9 3 #=W1
A -6477000 -7112000 127000 0 1 0 PINTYPE=GROUND
P 207 -6477000 -7366000 -5842000 -7366000 0 2 0
L -5791200 -7366000 254000 0 2 0 1 0 VSS100
A -5969000 -7366000 254000 0 9 3 #=W3
A -6477000 -7366000 127000 0 1 0 PINTYPE=GROUND
P 210 -6477000 -7620000 -5842000 -7620000 0 2 0
L -5791200 -7620000 254000 0 2 0 1 0 VSS101
A -5969000 -7620000 254000 0 9 3 #=W7
A -6477000 -7620000 127000 0 1 0 PINTYPE=GROUND
P 213 -6477000 -7874000 -5842000 -7874000 0 2 0
L -5791200 -7874000 254000 0 2 0 1 0 VSS102
A -5969000 -7874000 254000 0 9 3 #=W9
A -6477000 -7874000 127000 0 1 0 PINTYPE=GROUND
P 216 -6477000 -8128000 -5842000 -8128000 0 2 0
L -5791200 -8128000 254000 0 2 0 1 0 VSS103
A -5969000 -8128000 254000 0 9 3 #=W11
A -6477000 -8128000 127000 0 1 0 PINTYPE=GROUND
P 219 -6477000 -8382000 -5842000 -8382000 0 2 0
L -5791200 -8382000 254000 0 2 0 1 0 VSS104
A -5969000 -8382000 254000 0 9 3 #=W13
A -6477000 -8382000 127000 0 1 0 PINTYPE=GROUND
P 222 -6477000 -8636000 -5842000 -8636000 0 2 0
L -5791200 -8636000 254000 0 2 0 1 0 VSS105
A -5969000 -8636000 254000 0 9 3 #=W17
A -6477000 -8636000 127000 0 1 0 PINTYPE=GROUND
P 225 -6477000 -8890000 -5842000 -8890000 0 2 0
L -5791200 -8890000 254000 0 2 0 1 0 VSS106
A -5969000 -8890000 254000 0 9 3 #=W19
A -6477000 -8890000 127000 0 1 0 PINTYPE=GROUND
P 228 5969000 9144000 5334000 9144000 0 3 0
L 5283200 9144000 254000 0 8 0 1 0 VDD9
A 5461000 9144000 254000 0 3 3 #=E8
A 5969000 9144000 127000 0 1 0 PINTYPE=POWER
P 231 5969000 8890000 5334000 8890000 0 3 0
L 5283200 8890000 254000 0 8 0 1 0 VDD10
A 5461000 8890000 254000 0 3 3 #=E10
A 5969000 8890000 127000 0 1 0 PINTYPE=POWER
P 234 5969000 8636000 5334000 8636000 0 3 0
L 5283200 8636000 254000 0 8 0 1 0 VDD11
A 5461000 8636000 254000 0 3 3 #=E12
A 5969000 8636000 127000 0 1 0 PINTYPE=POWER
P 237 5969000 8382000 5334000 8382000 0 3 0
L 5283200 8382000 254000 0 8 0 1 0 VDD12
A 5461000 8382000 254000 0 3 3 #=F9
A 5969000 8382000 127000 0 1 0 PINTYPE=POWER
P 240 5969000 8128000 5334000 8128000 0 3 0
L 5283200 8128000 254000 0 8 0 1 0 VDD13
A 5461000 8128000 254000 0 3 3 #=F11
A 5969000 8128000 127000 0 1 0 PINTYPE=POWER
P 243 5969000 7874000 5334000 7874000 0 3 0
L 5283200 7874000 254000 0 8 0 1 0 VDD14
A 5461000 7874000 254000 0 3 3 #=G6
A 5969000 7874000 127000 0 1 0 PINTYPE=POWER
P 246 5969000 7620000 5334000 7620000 0 3 0
L 5283200 7620000 254000 0 8 0 1 0 VDD15
A 5461000 7620000 254000 0 3 3 #=G14
A 5969000 7620000 127000 0 1 0 PINTYPE=POWER
P 249 5969000 7366000 5334000 7366000 0 3 0
L 5283200 7366000 254000 0 8 0 1 0 VDD16
A 5461000 7366000 254000 0 3 3 #=H1
A 5969000 7366000 127000 0 1 0 PINTYPE=POWER
P 252 5969000 7112000 5334000 7112000 0 3 0
L 5283200 7112000 254000 0 8 0 1 0 VDD17
A 5461000 7112000 254000 0 3 3 #=H19
A 5969000 7112000 127000 0 1 0 PINTYPE=POWER
P 255 5969000 6858000 5334000 6858000 0 3 0
L 5283200 6858000 254000 0 8 0 1 0 VDD18
A 5461000 6858000 254000 0 3 3 #=J6
A 5969000 6858000 127000 0 1 0 PINTYPE=POWER
P 258 5969000 6604000 5334000 6604000 0 3 0
L 5283200 6604000 254000 0 8 0 1 0 VDD19
A 5461000 6604000 254000 0 3 3 #=J14
A 5969000 6604000 127000 0 1 0 PINTYPE=POWER
P 261 5969000 6350000 5334000 6350000 0 3 0
L 5283200 6350000 254000 0 8 0 1 0 VDD20
A 5461000 6350000 254000 0 3 3 #=K5
A 5969000 6350000 127000 0 1 0 PINTYPE=POWER
P 264 5969000 6096000 5334000 6096000 0 3 0
L 5283200 6096000 254000 0 8 0 1 0 VDD21
A 5461000 6096000 254000 0 3 3 #=K7
A 5969000 6096000 127000 0 1 0 PINTYPE=POWER
P 267 5969000 5842000 5334000 5842000 0 3 0
L 5283200 5842000 254000 0 8 0 1 0 VDD22
A 5461000 5842000 254000 0 3 3 #=K13
A 5969000 5842000 127000 0 1 0 PINTYPE=POWER
P 270 5969000 5588000 5334000 5588000 0 3 0
L 5283200 5588000 254000 0 8 0 1 0 VDD23
A 5461000 5588000 254000 0 3 3 #=K15
A 5969000 5588000 127000 0 1 0 PINTYPE=POWER
P 273 5969000 5334000 5334000 5334000 0 3 0
L 5283200 5334000 254000 0 8 0 1 0 VDD24
A 5461000 5334000 254000 0 3 3 #=L6
A 5969000 5334000 127000 0 1 0 PINTYPE=POWER
P 276 5969000 5080000 5334000 5080000 0 3 0
L 5283200 5080000 254000 0 8 0 1 0 VDD25
A 5461000 5080000 254000 0 3 3 #=L8
A 5969000 5080000 127000 0 1 0 PINTYPE=POWER
P 279 5969000 4826000 5334000 4826000 0 3 0
L 5283200 4826000 254000 0 8 0 1 0 VDD26
A 5461000 4826000 254000 0 3 3 #=L12
A 5969000 4826000 127000 0 1 0 PINTYPE=POWER
P 282 5969000 4572000 5334000 4572000 0 3 0
L 5283200 4572000 254000 0 8 0 1 0 VDD27
A 5461000 4572000 254000 0 3 3 #=L14
A 5969000 4572000 127000 0 1 0 PINTYPE=POWER
P 285 5969000 4318000 5334000 4318000 0 3 0
L 5283200 4318000 254000 0 8 0 1 0 VDD28
A 5461000 4318000 254000 0 3 3 #=M1
A 5969000 4318000 127000 0 1 0 PINTYPE=POWER
P 288 5969000 4064000 5334000 4064000 0 3 0
L 5283200 4064000 254000 0 8 0 1 0 VDD29
A 5461000 4064000 254000 0 3 3 #=M19
A 5969000 4064000 127000 0 1 0 PINTYPE=POWER
P 291 5969000 3810000 5334000 3810000 0 3 0
L 5283200 3810000 254000 0 8 0 1 0 VDD30
A 5461000 3810000 254000 0 3 3 #=N6
A 5969000 3810000 127000 0 1 0 PINTYPE=POWER
P 294 5969000 3556000 5334000 3556000 0 3 0
L 5283200 3556000 254000 0 8 0 1 0 VDD31
A 5461000 3556000 254000 0 3 3 #=N14
A 5969000 3556000 127000 0 1 0 PINTYPE=POWER
P 297 5969000 3302000 5334000 3302000 0 3 0
L 5283200 3302000 254000 0 8 0 1 0 VDD32
A 5461000 3302000 254000 0 3 3 #=P9
A 5969000 3302000 127000 0 1 0 PINTYPE=POWER
P 300 5969000 3048000 5334000 3048000 0 3 0
L 5283200 3048000 254000 0 8 0 1 0 VDD33
A 5461000 3048000 254000 0 3 3 #=P11
A 5969000 3048000 127000 0 1 0 PINTYPE=POWER
P 303 5969000 2794000 5334000 2794000 0 3 0
L 5283200 2794000 254000 0 8 0 1 0 VDD34
A 5461000 2794000 254000 0 3 3 #=R8
A 5969000 2794000 127000 0 1 0 PINTYPE=POWER
P 306 5969000 2540000 5334000 2540000 0 3 0
L 5283200 2540000 254000 0 8 0 1 0 VDD35
A 5461000 2540000 254000 0 3 3 #=R10
A 5969000 2540000 127000 0 1 0 PINTYPE=POWER
P 309 5969000 2286000 5334000 2286000 0 3 0
L 5283200 2286000 254000 0 8 0 1 0 VDD36
A 5461000 2286000 254000 0 3 3 #=R12
A 5969000 2286000 127000 0 1 0 PINTYPE=POWER
P 312 5969000 2032000 5334000 2032000 0 3 0
L 5283200 2032000 254000 0 8 0 1 0 VDD37
A 5461000 2032000 254000 0 3 3 #=T1
A 5969000 2032000 127000 0 1 0 PINTYPE=POWER
P 315 5969000 1778000 5334000 1778000 0 3 0
L 5283200 1778000 254000 0 8 0 1 0 VDD38
A 5461000 1778000 254000 0 3 3 #=T9
A 5969000 1778000 127000 0 1 0 PINTYPE=POWER
P 318 5969000 1524000 5334000 1524000 0 3 0
L 5283200 1524000 254000 0 8 0 1 0 VDD39
A 5461000 1524000 254000 0 3 3 #=T11
A 5969000 1524000 127000 0 1 0 PINTYPE=POWER
P 321 5969000 1270000 5334000 1270000 0 3 0
L 5283200 1270000 254000 0 8 0 1 0 VDD40
A 5461000 1270000 254000 0 3 3 #=T19
A 5969000 1270000 127000 0 1 0 PINTYPE=POWER
P 324 5969000 1016000 5334000 1016000 0 3 0
L 5283200 1016000 254000 0 8 0 1 0 VDD41
A 5461000 1016000 254000 0 3 3 #=V1
A 5969000 1016000 127000 0 1 0 PINTYPE=POWER
P 327 5969000 762000 5334000 762000 0 3 0
L 5283200 762000 254000 0 8 0 1 0 VDD42
A 5461000 762000 254000 0 3 3 #=V9
A 5969000 762000 127000 0 1 0 PINTYPE=POWER
P 330 5969000 508000 5334000 508000 0 3 0
L 5283200 508000 254000 0 8 0 1 0 VDD43
A 5461000 508000 254000 0 3 3 #=V11
A 5969000 508000 127000 0 1 0 PINTYPE=POWER
P 333 5969000 254000 5334000 254000 0 3 0
L 5283200 254000 254000 0 8 0 1 0 VDD44
A 5461000 254000 254000 0 3 3 #=V19
A 5969000 254000 127000 0 1 0 PINTYPE=POWER
P 336 5969000 0 5334000 0 0 3 0
L 5283200 0 254000 0 8 0 1 0 VSS1
A 5461000 0 254000 0 3 3 #=A1
A 5969000 0 127000 0 1 0 PINTYPE=GROUND
P 339 5969000 -254000 5334000 -254000 0 3 0
L 5283200 -254000 254000 0 8 0 1 0 VSS2
A 5461000 -254000 254000 0 3 3 #=A3
A 5969000 -254000 127000 0 1 0 PINTYPE=GROUND
P 342 5969000 -508000 5334000 -508000 0 3 0
L 5283200 -508000 254000 0 8 0 1 0 VSS3
A 5461000 -508000 254000 0 3 3 #=A7
A 5969000 -508000 127000 0 1 0 PINTYPE=GROUND
P 345 5969000 -762000 5334000 -762000 0 3 0
L 5283200 -762000 254000 0 8 0 1 0 VSS4
A 5461000 -762000 254000 0 3 3 #=A9
A 5969000 -762000 127000 0 1 0 PINTYPE=GROUND
P 348 5969000 -1016000 5334000 -1016000 0 3 0
L 5283200 -1016000 254000 0 8 0 1 0 VSS5
A 5461000 -1016000 254000 0 3 3 #=A11
A 5969000 -1016000 127000 0 1 0 PINTYPE=GROUND
P 351 5969000 -1270000 5334000 -1270000 0 3 0
L 5283200 -1270000 254000 0 8 0 1 0 VSS6
A 5461000 -1270000 254000 0 3 3 #=A13
A 5969000 -1270000 127000 0 1 0 PINTYPE=GROUND
P 354 5969000 -1524000 5334000 -1524000 0 3 0
L 5283200 -1524000 254000 0 8 0 1 0 VSS7
A 5461000 -1524000 254000 0 3 3 #=A17
A 5969000 -1524000 127000 0 1 0 PINTYPE=GROUND
P 357 5969000 -1778000 5334000 -1778000 0 3 0
L 5283200 -1778000 254000 0 8 0 1 0 VSS8
A 5461000 -1778000 254000 0 3 3 #=A19
A 5969000 -1778000 127000 0 1 0 PINTYPE=GROUND
P 360 5969000 -2032000 5334000 -2032000 0 3 0
L 5283200 -2032000 254000 0 8 0 1 0 VSS9
A 5461000 -2032000 254000 0 3 3 #=B4
A 5969000 -2032000 127000 0 1 0 PINTYPE=GROUND
P 363 5969000 -2286000 5334000 -2286000 0 3 0
L 5283200 -2286000 254000 0 8 0 1 0 VSS10
A 5461000 -2286000 254000 0 3 3 #=B16
A 5969000 -2286000 127000 0 1 0 PINTYPE=GROUND
P 366 5969000 -2540000 5334000 -2540000 0 3 0
L 5283200 -2540000 254000 0 8 0 1 0 VSS11
A 5461000 -2540000 254000 0 3 3 #=C1
A 5969000 -2540000 127000 0 1 0 PINTYPE=GROUND
P 369 5969000 -2794000 5334000 -2794000 0 3 0
L 5283200 -2794000 254000 0 8 0 1 0 VSS12
A 5461000 -2794000 254000 0 3 3 #=C5
A 5969000 -2794000 127000 0 1 0 PINTYPE=GROUND
P 372 5969000 -3048000 5334000 -3048000 0 3 0
L 5283200 -3048000 254000 0 8 0 1 0 VSS13
A 5461000 -3048000 254000 0 3 3 #=C9
A 5969000 -3048000 127000 0 1 0 PINTYPE=GROUND
P 375 5969000 -3302000 5334000 -3302000 0 3 0
L 5283200 -3302000 254000 0 8 0 1 0 VSS14
A 5461000 -3302000 254000 0 3 3 #=C11
A 5969000 -3302000 127000 0 1 0 PINTYPE=GROUND
P 378 5969000 -3556000 5334000 -3556000 0 3 0
L 5283200 -3556000 254000 0 8 0 1 0 VSS15
A 5461000 -3556000 254000 0 3 3 #=C15
A 5969000 -3556000 127000 0 1 0 PINTYPE=GROUND
P 381 5969000 -3810000 5334000 -3810000 0 3 0
L 5283200 -3810000 254000 0 8 0 1 0 VSS16
A 5461000 -3810000 254000 0 3 3 #=C19
A 5969000 -3810000 127000 0 1 0 PINTYPE=GROUND
P 384 5969000 -4064000 5334000 -4064000 0 3 0
L 5283200 -4064000 254000 0 8 0 1 0 VSS17
A 5461000 -4064000 254000 0 3 3 #=D2
A 5969000 -4064000 127000 0 1 0 PINTYPE=GROUND
P 387 5969000 -4318000 5334000 -4318000 0 3 0
L 5283200 -4318000 254000 0 8 0 1 0 VSS18
A 5461000 -4318000 254000 0 3 3 #=D6
A 5969000 -4318000 127000 0 1 0 PINTYPE=GROUND
P 390 5969000 -4572000 5334000 -4572000 0 3 0
L 5283200 -4572000 254000 0 8 0 1 0 VSS19
A 5461000 -4572000 254000 0 3 3 #=D14
A 5969000 -4572000 127000 0 1 0 PINTYPE=GROUND
P 393 5969000 -4826000 5334000 -4826000 0 3 0
L 5283200 -4826000 254000 0 8 0 1 0 VSS20
A 5461000 -4826000 254000 0 3 3 #=D18
A 5969000 -4826000 127000 0 1 0 PINTYPE=GROUND
P 396 5969000 -5080000 5334000 -5080000 0 3 0
L 5283200 -5080000 254000 0 8 0 1 0 VSS21
A 5461000 -5080000 254000 0 3 3 #=E1
A 5969000 -5080000 127000 0 1 0 PINTYPE=GROUND
P 399 5969000 -5334000 5334000 -5334000 0 3 0
L 5283200 -5334000 254000 0 8 0 1 0 VSS22
A 5461000 -5334000 254000 0 3 3 #=E5
A 5969000 -5334000 127000 0 1 0 PINTYPE=GROUND
P 402 5969000 -5588000 5334000 -5588000 0 3 0
L 5283200 -5588000 254000 0 8 0 1 0 VSS23
A 5461000 -5588000 254000 0 3 3 #=E7
A 5969000 -5588000 127000 0 1 0 PINTYPE=GROUND
P 405 5969000 -5842000 5334000 -5842000 0 3 0
L 5283200 -5842000 254000 0 8 0 1 0 VSS24
A 5461000 -5842000 254000 0 3 3 #=E9
A 5969000 -5842000 127000 0 1 0 PINTYPE=GROUND
P 408 5969000 -6096000 5334000 -6096000 0 3 0
L 5283200 -6096000 254000 0 8 0 1 0 VSS25
A 5461000 -6096000 254000 0 3 3 #=E11
A 5969000 -6096000 127000 0 1 0 PINTYPE=GROUND
P 411 5969000 -6350000 5334000 -6350000 0 3 0
L 5283200 -6350000 254000 0 8 0 1 0 VSS26
A 5461000 -6350000 254000 0 3 3 #=E13
A 5969000 -6350000 127000 0 1 0 PINTYPE=GROUND
P 414 5969000 -6604000 5334000 -6604000 0 3 0
L 5283200 -6604000 254000 0 8 0 1 0 VSS27
A 5461000 -6604000 254000 0 3 3 #=E15
A 5969000 -6604000 127000 0 1 0 PINTYPE=GROUND
P 417 5969000 -6858000 5334000 -6858000 0 3 0
L 5283200 -6858000 254000 0 8 0 1 0 VSS28
A 5461000 -6858000 254000 0 3 3 #=E19
A 5969000 -6858000 127000 0 1 0 PINTYPE=GROUND
P 420 5969000 -7112000 5334000 -7112000 0 3 0
L 5283200 -7112000 254000 0 8 0 1 0 VSS29
A 5461000 -7112000 254000 0 3 3 #=F2
A 5969000 -7112000 127000 0 1 0 PINTYPE=GROUND
P 423 5969000 -7366000 5334000 -7366000 0 3 0
L 5283200 -7366000 254000 0 8 0 1 0 VSS30
A 5461000 -7366000 254000 0 3 3 #=F6
A 5969000 -7366000 127000 0 1 0 PINTYPE=GROUND
P 426 5969000 -7620000 5334000 -7620000 0 3 0
L 5283200 -7620000 254000 0 8 0 1 0 VSS31
A 5461000 -7620000 254000 0 3 3 #=F14
A 5969000 -7620000 127000 0 1 0 PINTYPE=GROUND
P 429 5969000 -7874000 5334000 -7874000 0 3 0
L 5283200 -7874000 254000 0 8 0 1 0 VSS32
A 5461000 -7874000 254000 0 3 3 #=F18
A 5969000 -7874000 127000 0 1 0 PINTYPE=GROUND
P 432 5969000 -8128000 5334000 -8128000 0 3 0
L 5283200 -8128000 254000 0 8 0 1 0 VSS33
A 5461000 -8128000 254000 0 3 3 #=G1
A 5969000 -8128000 127000 0 1 0 PINTYPE=GROUND
P 435 5969000 -8382000 5334000 -8382000 0 3 0
L 5283200 -8382000 254000 0 8 0 1 0 VSS34
A 5461000 -8382000 254000 0 3 3 #=G3
A 5969000 -8382000 127000 0 1 0 PINTYPE=GROUND
P 438 5969000 -8636000 5334000 -8636000 0 3 0
L 5283200 -8636000 254000 0 8 0 1 0 VSS35
A 5461000 -8636000 254000 0 3 3 #=G8
A 5969000 -8636000 127000 0 1 0 PINTYPE=GROUND
P 441 5969000 -8890000 5334000 -8890000 0 3 0
L 5283200 -8890000 254000 0 8 0 1 0 VSS36
A 5461000 -8890000 254000 0 3 3 #=G12
A 5969000 -8890000 127000 0 1 0 PINTYPE=GROUND
P 444 -4572000 10287000 -4572000 9652000 0 0 0
L -4572000 9601200 254000 1 8 0 1 0 VDDQ1
A -4572000 9779000 254000 1 3 3 #=A2
A -4572000 10287000 127000 0 1 0 PINTYPE=POWER
P 447 -4318000 10287000 -4318000 9652000 0 0 0
L -4318000 9601200 254000 1 8 0 1 0 VDDQ2
A -4318000 9779000 254000 1 3 3 #=A5
A -4318000 10287000 127000 0 1 0 PINTYPE=POWER
P 450 -4064000 10287000 -4064000 9652000 0 0 0
L -4064000 9601200 254000 1 8 0 1 0 VDDQ3
A -4064000 9779000 254000 1 3 3 #=A15
A -4064000 10287000 127000 0 1 0 PINTYPE=POWER
P 453 -3810000 10287000 -3810000 9652000 0 0 0
L -3810000 9601200 254000 1 8 0 1 0 VDDQ4
A -3810000 9779000 254000 1 3 3 #=A18
A -3810000 10287000 127000 0 1 0 PINTYPE=POWER
P 456 -3556000 10287000 -3556000 9652000 0 0 0
L -3556000 9601200 254000 1 8 0 1 0 VDDQ5
A -3556000 9779000 254000 1 3 3 #=B3
A -3556000 10287000 127000 0 1 0 PINTYPE=POWER
P 459 -3302000 10287000 -3302000 9652000 0 0 0
L -3302000 9601200 254000 1 8 0 1 0 VDDQ6
A -3302000 9779000 254000 1 3 3 #=B6
A -3302000 10287000 127000 0 1 0 PINTYPE=POWER
P 462 -3048000 10287000 -3048000 9652000 0 0 0
L -3048000 9601200 254000 1 8 0 1 0 VDDQ7
A -3048000 9779000 254000 1 3 3 #=B8
A -3048000 10287000 127000 0 1 0 PINTYPE=POWER
P 465 -2794000 10287000 -2794000 9652000 0 0 0
L -2794000 9601200 254000 1 8 0 1 0 VDDQ8
A -2794000 9779000 254000 1 3 3 #=B12
A -2794000 10287000 127000 0 1 0 PINTYPE=POWER
P 468 -2540000 10287000 -2540000 9652000 0 0 0
L -2540000 9601200 254000 1 8 0 1 0 VDDQ9
A -2540000 9779000 254000 1 3 3 #=B14
A -2540000 10287000 127000 0 1 0 PINTYPE=POWER
P 471 -2286000 10287000 -2286000 9652000 0 0 0
L -2286000 9601200 254000 1 8 0 1 0 VDDQ10
A -2286000 9779000 254000 1 3 3 #=B17
A -2286000 10287000 127000 0 1 0 PINTYPE=POWER
P 474 -2032000 10287000 -2032000 9652000 0 0 0
L -2032000 9601200 254000 1 8 0 1 0 VDDQ11
A -2032000 9779000 254000 1 3 3 #=C2
A -2032000 10287000 127000 0 1 0 PINTYPE=POWER
P 477 -1778000 10287000 -1778000 9652000 0 0 0
L -1778000 9601200 254000 1 8 0 1 0 VDDQ12
A -1778000 9779000 254000 1 3 3 #=C7
A -1778000 10287000 127000 0 1 0 PINTYPE=POWER
P 480 -1524000 10287000 -1524000 9652000 0 0 0
L -1524000 9601200 254000 1 8 0 1 0 VDDQ13
A -1524000 9779000 254000 1 3 3 #=C10
A -1524000 10287000 127000 0 1 0 PINTYPE=POWER
P 483 -1270000 10287000 -1270000 9652000 0 0 0
L -1270000 9601200 254000 1 8 0 1 0 VDDQ14
A -1270000 9779000 254000 1 3 3 #=C13
A -1270000 10287000 127000 0 1 0 PINTYPE=POWER
P 486 -1016000 10287000 -1016000 9652000 0 0 0
L -1016000 9601200 254000 1 8 0 1 0 VDDQ15
A -1016000 9779000 254000 1 3 3 #=C18
A -1016000 10287000 127000 0 1 0 PINTYPE=POWER
P 489 -762000 10287000 -762000 9652000 0 0 0
L -762000 9601200 254000 1 8 0 1 0 VDDQ16
A -762000 9779000 254000 1 3 3 #=D4
A -762000 10287000 127000 0 1 0 PINTYPE=POWER
P 492 -508000 10287000 -508000 9652000 0 0 0
L -508000 9601200 254000 1 8 0 1 0 VDDQ17
A -508000 9779000 254000 1 3 3 #=D16
A -508000 10287000 127000 0 1 0 PINTYPE=POWER
P 495 -254000 10287000 -254000 9652000 0 0 0
L -254000 9601200 254000 1 8 0 1 0 VDDQ18
A -254000 9779000 254000 1 3 3 #=E3
A -254000 10287000 127000 0 1 0 PINTYPE=POWER
P 498 0 10287000 0 9652000 0 0 0
L 0 9601200 254000 1 8 0 1 0 VDDQ19
A 0 9779000 254000 1 3 3 #=E6
A 0 10287000 127000 0 1 0 PINTYPE=POWER
P 501 254000 10287000 254000 9652000 0 0 0
L 254000 9601200 254000 1 8 0 1 0 VDDQ20
A 254000 9779000 254000 1 3 3 #=E14
A 254000 10287000 127000 0 1 0 PINTYPE=POWER
P 504 508000 10287000 508000 9652000 0 0 0
L 508000 9601200 254000 1 8 0 1 0 VDDQ21
A 508000 9779000 254000 1 3 3 #=E17
A 508000 10287000 127000 0 1 0 PINTYPE=POWER
P 507 762000 10287000 762000 9652000 0 0 0
L 762000 9601200 254000 1 8 0 1 0 VDDQ22
A 762000 9779000 254000 1 3 3 #=F1
A 762000 10287000 127000 0 1 0 PINTYPE=POWER
P 510 1016000 10287000 1016000 9652000 0 0 0
L 1016000 9601200 254000 1 8 0 1 0 VDDQ23
A 1016000 9779000 254000 1 3 3 #=F7
A 1016000 10287000 127000 0 1 0 PINTYPE=POWER
P 513 1270000 10287000 1270000 9652000 0 0 0
L 1270000 9601200 254000 1 8 0 1 0 VDDQ24
A 1270000 9779000 254000 1 3 3 #=F13
A 1270000 10287000 127000 0 1 0 PINTYPE=POWER
P 516 1524000 10287000 1524000 9652000 0 0 0
L 1524000 9601200 254000 1 8 0 1 0 VDDQ25
A 1524000 9779000 254000 1 3 3 #=F19
A 1524000 10287000 127000 0 1 0 PINTYPE=POWER
P 519 1778000 10287000 1778000 9652000 0 0 0
L 1778000 9601200 254000 1 8 0 1 0 VDDQ26
A 1778000 9779000 254000 1 3 3 #=G5
A 1778000 10287000 127000 0 1 0 PINTYPE=POWER
P 522 2032000 10287000 2032000 9652000 0 0 0
L 2032000 9601200 254000 1 8 0 1 0 VDDQ27
A 2032000 9779000 254000 1 3 3 #=G15
A 2032000 10287000 127000 0 1 0 PINTYPE=POWER
P 525 2286000 10287000 2286000 9652000 0 0 0
L 2286000 9601200 254000 1 8 0 1 0 VDDQ28
A 2286000 9779000 254000 1 3 3 #=H9
A 2286000 10287000 127000 0 1 0 PINTYPE=POWER
P 528 2540000 10287000 2540000 9652000 0 0 0
L 2540000 9601200 254000 1 8 0 1 0 VDD1
A 2540000 9779000 254000 1 3 3 #=B1
A 2540000 10287000 127000 0 1 0 PINTYPE=POWER
P 531 2794000 10287000 2794000 9652000 0 0 0
L 2794000 9601200 254000 1 8 0 1 0 VDD2
A 2794000 9779000 254000 1 3 3 #=B9
A 2794000 10287000 127000 0 1 0 PINTYPE=POWER
P 534 3048000 10287000 3048000 9652000 0 0 0
L 3048000 9601200 254000 1 8 0 1 0 VDD3
A 3048000 9779000 254000 1 3 3 #=B11
A 3048000 10287000 127000 0 1 0 PINTYPE=POWER
P 537 3302000 10287000 3302000 9652000 0 0 0
L 3302000 9601200 254000 1 8 0 1 0 VDD4
A 3302000 9779000 254000 1 3 3 #=B19
A 3302000 10287000 127000 0 1 0 PINTYPE=POWER
P 540 3556000 10287000 3556000 9652000 0 0 0
L 3556000 9601200 254000 1 8 0 1 0 VDD5
A 3556000 9779000 254000 1 3 3 #=D1
A 3556000 10287000 127000 0 1 0 PINTYPE=POWER
P 543 3810000 10287000 3810000 9652000 0 0 0
L 3810000 9601200 254000 1 8 0 1 0 VDD6
A 3810000 9779000 254000 1 3 3 #=D9
A 3810000 10287000 127000 0 1 0 PINTYPE=POWER
P 546 4064000 10287000 4064000 9652000 0 0 0
L 4064000 9601200 254000 1 8 0 1 0 VDD7
A 4064000 9779000 254000 1 3 3 #=D11
A 4064000 10287000 127000 0 1 0 PINTYPE=POWER
P 549 4318000 10287000 4318000 9652000 0 0 0
L 4318000 9601200 254000 1 8 0 1 0 VDD8
A 4318000 9779000 254000 1 3 3 #=D19
A 4318000 10287000 127000 0 1 0 PINTYPE=POWER
P 552 -4318000 -10033000 -4318000 -9398000 0 1 0
L -4318000 -9347200 254000 1 2 0 1 0 VSS37
A -4318000 -9525000 254000 1 9 3 #=G17
A -4318000 -10033000 127000 0 1 0 PINTYPE=GROUND
P 555 -4064000 -10033000 -4064000 -9398000 0 1 0
L -4064000 -9347200 254000 1 2 0 1 0 VSS38
A -4064000 -9525000 254000 1 9 3 #=G19
A -4064000 -10033000 127000 0 1 0 PINTYPE=GROUND
P 558 -3810000 -10033000 -3810000 -9398000 0 1 0
L -3810000 -9347200 254000 1 2 0 1 0 VSS39
A -3810000 -9525000 254000 1 9 3 #=H2
A -3810000 -10033000 127000 0 1 0 PINTYPE=GROUND
P 561 -3556000 -10033000 -3556000 -9398000 0 1 0
L -3556000 -9347200 254000 1 2 0 1 0 VSS40
A -3556000 -9525000 254000 1 9 3 #=H4
A -3556000 -10033000 127000 0 1 0 PINTYPE=GROUND
P 564 -3302000 -10033000 -3302000 -9398000 0 1 0
L -3302000 -9347200 254000 1 2 0 1 0 VSS41
A -3302000 -9525000 254000 1 9 3 #=H6
A -3302000 -10033000 127000 0 1 0 PINTYPE=GROUND
P 567 -3048000 -10033000 -3048000 -9398000 0 1 0
L -3048000 -9347200 254000 1 2 0 1 0 VSS42
A -3048000 -9525000 254000 1 9 3 #=H7
A -3048000 -10033000 127000 0 1 0 PINTYPE=GROUND
P 570 -2794000 -10033000 -2794000 -9398000 0 1 0
L -2794000 -9347200 254000 1 2 0 1 0 VSS43
A -2794000 -9525000 254000 1 9 3 #=H13
A -2794000 -10033000 127000 0 1 0 PINTYPE=GROUND
P 573 -2540000 -10033000 -2540000 -9398000 0 1 0
L -2540000 -9347200 254000 1 2 0 1 0 VSS44
A -2540000 -9525000 254000 1 9 3 #=H14
A -2540000 -10033000 127000 0 1 0 PINTYPE=GROUND
P 576 -2286000 -10033000 -2286000 -9398000 0 1 0
L -2286000 -9347200 254000 1 2 0 1 0 VSS45
A -2286000 -9525000 254000 1 9 3 #=H16
A -2286000 -10033000 127000 0 1 0 PINTYPE=GROUND
P 579 -2032000 -10033000 -2032000 -9398000 0 1 0
L -2032000 -9347200 254000 1 2 0 1 0 VSS46
A -2032000 -9525000 254000 1 9 3 #=H18
A -2032000 -10033000 127000 0 1 0 PINTYPE=GROUND
P 582 -1778000 -10033000 -1778000 -9398000 0 1 0
L -1778000 -9347200 254000 1 2 0 1 0 VSS47
A -1778000 -9525000 254000 1 9 3 #=J1
A -1778000 -10033000 127000 0 1 0 PINTYPE=GROUND
P 585 -1524000 -10033000 -1524000 -9398000 0 1 0
L -1524000 -9347200 254000 1 2 0 1 0 VSS48
A -1524000 -9525000 254000 1 9 3 #=J5
A -1524000 -10033000 127000 0 1 0 PINTYPE=GROUND
P 588 -1270000 -10033000 -1270000 -9398000 0 1 0
L -1270000 -9347200 254000 1 2 0 1 0 VSS49
A -1270000 -9525000 254000 1 9 3 #=J8
A -1270000 -10033000 127000 0 1 0 PINTYPE=GROUND
P 591 -1016000 -10033000 -1016000 -9398000 0 1 0
L -1016000 -9347200 254000 1 2 0 1 0 VSS50
A -1016000 -9525000 254000 1 9 3 #=J12
A -1016000 -10033000 127000 0 1 0 PINTYPE=GROUND
P 594 -762000 -10033000 -762000 -9398000 0 1 0
L -762000 -9347200 254000 1 2 0 1 0 VSS51
A -762000 -9525000 254000 1 9 3 #=J15
A -762000 -10033000 127000 0 1 0 PINTYPE=GROUND
P 597 -508000 -10033000 -508000 -9398000 0 1 0
L -508000 -9347200 254000 1 2 0 1 0 VSS52
A -508000 -9525000 254000 1 9 3 #=J19
A -508000 -10033000 127000 0 1 0 PINTYPE=GROUND
P 600 -254000 -10033000 -254000 -9398000 0 1 0
L -254000 -9347200 254000 1 2 0 1 0 VSS53
A -254000 -9525000 254000 1 9 3 #=K4
A -254000 -10033000 127000 0 1 0 PINTYPE=GROUND
P 603 0 -10033000 0 -9398000 0 1 0
L 0 -9347200 254000 1 2 0 1 0 VSS54
A 0 -9525000 254000 1 9 3 #=K6
A 0 -10033000 127000 0 1 0 PINTYPE=GROUND
P 606 254000 -10033000 254000 -9398000 0 1 0
L 254000 -9347200 254000 1 2 0 1 0 VSS55
A 254000 -9525000 254000 1 9 3 #=K14
A 254000 -10033000 127000 0 1 0 PINTYPE=GROUND
P 609 508000 -10033000 508000 -9398000 0 1 0
L 508000 -9347200 254000 1 2 0 1 0 VSS56
A 508000 -9525000 254000 1 9 3 #=K16
A 508000 -10033000 127000 0 1 0 PINTYPE=GROUND
P 612 762000 -10033000 762000 -9398000 0 1 0
L 762000 -9347200 254000 1 2 0 1 0 VSS57
A 762000 -9525000 254000 1 9 3 #=L1
A 762000 -10033000 127000 0 1 0 PINTYPE=GROUND
P 615 1016000 -10033000 1016000 -9398000 0 1 0
L 1016000 -9347200 254000 1 2 0 1 0 VSS58
A 1016000 -9525000 254000 1 9 3 #=L5
A 1016000 -10033000 127000 0 1 0 PINTYPE=GROUND
P 618 1270000 -10033000 1270000 -9398000 0 1 0
L 1270000 -9347200 254000 1 2 0 1 0 VSS59
A 1270000 -9525000 254000 1 9 3 #=L15
A 1270000 -10033000 127000 0 1 0 PINTYPE=GROUND
P 621 1524000 -10033000 1524000 -9398000 0 1 0
L 1524000 -9347200 254000 1 2 0 1 0 VSS60
A 1524000 -9525000 254000 1 9 3 #=L19
A 1524000 -10033000 127000 0 1 0 PINTYPE=GROUND
P 624 1778000 -10033000 1778000 -9398000 0 1 0
L 1778000 -9347200 254000 1 2 0 1 0 VSS61
A 1778000 -9525000 254000 1 9 3 #=M2
A 1778000 -10033000 127000 0 1 0 PINTYPE=GROUND
P 627 2032000 -10033000 2032000 -9398000 0 1 0
L 2032000 -9347200 254000 1 2 0 1 0 VSS62
A 2032000 -9525000 254000 1 9 3 #=M4
A 2032000 -10033000 127000 0 1 0 PINTYPE=GROUND
P 630 2286000 -10033000 2286000 -9398000 0 1 0
L 2286000 -9347200 254000 1 2 0 1 0 VSS63
A 2286000 -9525000 254000 1 9 3 #=M6
A 2286000 -10033000 127000 0 1 0 PINTYPE=GROUND
P 633 2540000 -10033000 2540000 -9398000 0 1 0
L 2540000 -9347200 254000 1 2 0 1 0 VSS64
A 2540000 -9525000 254000 1 9 3 #=M7
A 2540000 -10033000 127000 0 1 0 PINTYPE=GROUND
P 636 2794000 -10033000 2794000 -9398000 0 1 0
L 2794000 -9347200 254000 1 2 0 1 0 VSS65
A 2794000 -9525000 254000 1 9 3 #=M13
A 2794000 -10033000 127000 0 1 0 PINTYPE=GROUND
P 639 3048000 -10033000 3048000 -9398000 0 1 0
L 3048000 -9347200 254000 1 2 0 1 0 VSS66
A 3048000 -9525000 254000 1 9 3 #=M14
A 3048000 -10033000 127000 0 1 0 PINTYPE=GROUND
P 642 3302000 -10033000 3302000 -9398000 0 1 0
L 3302000 -9347200 254000 1 2 0 1 0 VSS67
A 3302000 -9525000 254000 1 9 3 #=M16
A 3302000 -10033000 127000 0 1 0 PINTYPE=GROUND
P 645 3556000 -10033000 3556000 -9398000 0 1 0
L 3556000 -9347200 254000 1 2 0 1 0 VSS68
A 3556000 -9525000 254000 1 9 3 #=M18
A 3556000 -10033000 127000 0 1 0 PINTYPE=GROUND
P 648 3810000 -10033000 3810000 -9398000 0 1 0
L 3810000 -9347200 254000 1 2 0 1 0 VSS69
A 3810000 -9525000 254000 1 9 3 #=N1
A 3810000 -10033000 127000 0 1 0 PINTYPE=GROUND
P 651 4064000 -10033000 4064000 -9398000 0 1 0
L 4064000 -9347200 254000 1 2 0 1 0 VSS70
A 4064000 -9525000 254000 1 9 3 #=N3
A 4064000 -10033000 127000 0 1 0 PINTYPE=GROUND
E 
