V 51
K 235700853400 cy7c2262xv18_450bzxc
|R 20:59_10-15-13
Y 1
D 0 0 480 820
Z 10
i 274
U 0 -140 10 0 3 0 MAX_OPER_FREQ=450MHZ
U 0 -130 10 0 3 0 OPER_TEMP=0C_TO_70C
U 0 -120 10 0 3 0 OWNER=3670
U 0 -110 10 0 3 0 PKG_SIZE=13MMX15MM
U 0 -100 10 0 3 0 TOP_MARK=CY7C2262XV18-450BZXC
U 0 -90 10 0 3 0 VOLTAGE_VDDQ=1.5V
U 0 -80 10 0 3 0 VOLTAGE_VDD=1.8V
U 0 -70 10 0 3 0 DATE=2013-10-09
U 0 -30 10 0 3 0 MANF_P/N=CY7C2262XV18-450BZXC
U 0 -10 10 0 3 0 BUILD=ALL
U 0 -60 10 0 3 0 MANF=CYPRESS
U 0 -20 10 0 3 0 DESC=QDRII_PLUS_2MEGX18_SIO_FBGA165
U 0 -40 10 0 3 0 LEVEL=STD
U 0 -50 10 0 3 0 PARTS=1
U 190 360 10 0 3 0 VALUE=CY7C2262XV18_450BZXC
U 0 800 16 0 3 3 REFDES=U?
P 274 0 520 20 520 0 2 0
A 20 525 10 0 2 0 PINTYPE=IN
A 20 520 10 0 9 3 #=C6
L 20 520 10 0 2 0 1 0 A5
P 1 0 570 20 570 0 2 0
A 20 575 10 0 2 0 PINTYPE=IN
A 20 570 10 0 9 3 #=A3
L 20 570 10 0 2 0 1 0 A0
P 2 0 560 20 560 0 2 0
A 20 565 10 0 2 0 PINTYPE=IN
A 20 560 10 0 9 3 #=A9
L 20 560 10 0 2 0 1 0 A1
P 10 0 470 20 470 0 2 0
A 20 475 10 0 2 0 PINTYPE=IN
A 20 470 10 0 9 3 #=P4
L 20 470 10 0 2 0 1 0 A10
P 11 0 460 20 460 0 2 0
A 20 465 10 0 2 0 PINTYPE=IN
A 20 460 10 0 9 3 #=P5
L 20 460 10 0 2 0 1 0 A11
P 12 0 450 20 450 0 2 0
A 20 455 10 0 2 0 PINTYPE=IN
A 20 450 10 0 9 3 #=P7
L 20 450 10 0 2 0 1 0 A12
P 13 0 440 20 440 0 2 0
A 20 445 10 0 2 0 PINTYPE=IN
A 20 440 10 0 9 3 #=P8
L 20 440 10 0 2 0 1 0 A13
P 136 0 430 20 430 0 2 0
A 20 435 10 0 2 0 PINTYPE=IN
A 20 430 10 0 9 3 #=R3
L 20 430 10 0 2 0 1 0 A14
P 135 0 420 20 420 0 2 0
A 20 425 10 0 2 0 PINTYPE=IN
A 20 420 10 0 9 3 #=R4
L 20 420 10 0 2 0 1 0 A15
P 147 0 410 20 410 0 2 0
A 20 415 10 0 2 0 PINTYPE=IN
A 20 410 10 0 9 3 #=R5
L 20 410 10 0 2 0 1 0 A16
P 146 0 400 20 400 0 2 0
A 20 405 10 0 2 0 PINTYPE=IN
A 20 400 10 0 9 3 #=R7
L 20 400 10 0 2 0 1 0 A17
P 145 0 390 20 390 0 2 0
A 20 395 10 0 2 0 PINTYPE=IN
A 20 390 10 0 9 3 #=R8
L 20 390 10 0 2 0 1 0 A18
P 144 0 380 20 380 0 2 0
A 20 385 10 0 2 0 PINTYPE=IN
A 20 380 10 0 9 3 #=R9
L 20 380 10 0 2 0 1 0 A19
P 22 0 265 20 265 0 2 0
A 20 270 10 0 2 0 PINTYPE=IN
A 20 265 10 0 9 3 #=A10
L 20 265 10 0 2 0 1 0 NC_72M
P 3 0 550 20 550 0 2 0
A 20 555 10 0 2 0 PINTYPE=IN
A 20 550 10 0 9 3 #=B4
L 20 550 10 0 2 0 1 0 A2
P 4 0 540 20 540 0 2 0
A 20 545 10 0 2 0 PINTYPE=IN
A 20 540 10 0 9 3 #=B8
L 20 540 10 0 2 0 1 0 A3
P 5 0 530 20 530 0 2 0
A 20 535 10 0 2 0 PINTYPE=IN
A 20 530 10 0 9 3 #=C5
L 20 530 10 0 2 0 1 0 A4
P 6 0 510 20 510 0 2 0
A 20 515 10 0 2 0 PINTYPE=IN
A 20 510 10 0 9 3 #=C7
L 20 510 10 0 2 0 1 0 A6
P 7 0 500 20 500 0 2 0
A 20 505 10 0 2 0 PINTYPE=IN
A 20 500 10 0 9 3 #=N5
L 20 500 10 0 2 0 1 0 A7
P 8 0 490 20 490 0 2 0
A 20 495 10 0 2 0 PINTYPE=IN
A 20 490 10 0 9 3 #=N6
L 20 490 10 0 2 0 1 0 A8
P 9 0 480 20 480 0 2 0
A 20 485 10 0 2 0 PINTYPE=IN
A 20 480 10 0 9 3 #=N7
L 20 480 10 0 2 0 1 0 A9
P 14 0 355 20 355 0 2 0
A 20 360 10 0 2 0 PINTYPE=IN
A 20 355 10 0 9 3 #=B7
L 20 355 10 0 2 0 1 0 BWS0_B
P 166 0 345 20 345 0 2 0
A 20 350 10 0 2 0 PINTYPE=IN
A 20 345 10 0 9 3 #=A5
L 20 345 10 0 2 0 1 0 BWS1_B
P 153 480 540 460 540 0 3 0
A 460 550 10 0 2 0 PINTYPE=OUT
A 460 540 10 0 3 3 #=A11
L 460 540 10 0 8 0 1 0 CQ
P 152 480 530 460 530 0 3 0
A 460 540 10 0 2 0 PINTYPE=OUT
A 460 530 10 0 3 3 #=A1
L 460 530 10 0 8 0 1 0 CQ_B
P 228 0 760 20 760 0 2 0
L 20 755 10 0 3 0 1 0 D0
A 0 760 10 0 3 0 PINTYPE=IN
A 20 760 10 0 9 3 #=P10
P 229 0 750 20 750 0 2 0
L 20 745 10 0 3 0 1 0 D1
A 0 750 10 0 3 0 PINTYPE=IN
A 20 750 10 0 9 3 #=N11
P 114 0 660 20 660 0 2 0
L 20 655 10 0 3 0 1 0 D10
A 0 660 10 0 3 0 PINTYPE=IN
A 20 660 10 0 9 3 #=C3
P 115 0 650 20 650 0 2 0
L 20 645 10 0 3 0 1 0 D11
A 0 650 10 0 3 0 PINTYPE=IN
A 20 650 10 0 9 3 #=D2
P 117 0 640 20 640 0 2 0
L 20 635 10 0 3 0 1 0 D12
A 0 640 10 0 3 0 PINTYPE=IN
A 20 640 10 0 9 3 #=F3
P 116 0 630 20 630 0 2 0
L 20 625 10 0 3 0 1 0 D13
A 0 630 10 0 3 0 PINTYPE=IN
A 20 630 10 0 9 3 #=G2
P 121 0 620 20 620 0 2 0
L 20 615 10 0 3 0 1 0 D14
A 0 620 10 0 3 0 PINTYPE=IN
A 20 620 10 0 9 3 #=J3
P 120 0 610 20 610 0 2 0
L 20 605 10 0 3 0 1 0 D15
A 0 610 10 0 3 0 PINTYPE=IN
A 20 610 10 0 9 3 #=L3
P 119 0 600 20 600 0 2 0
L 20 595 10 0 3 0 1 0 D16
A 0 600 10 0 3 0 PINTYPE=IN
A 20 600 10 0 9 3 #=M3
P 118 0 590 20 590 0 2 0
L 20 585 10 0 3 0 1 0 D17
A 0 590 10 0 3 0 PINTYPE=IN
A 20 590 10 0 9 3 #=N2
P 238 0 740 20 740 0 2 0
L 20 735 10 0 3 0 1 0 D2
A 0 740 10 0 3 0 PINTYPE=IN
A 20 740 10 0 9 3 #=M11
P 239 0 730 20 730 0 2 0
L 20 725 10 0 3 0 1 0 D3
A 0 730 10 0 3 0 PINTYPE=IN
A 20 730 10 0 9 3 #=K10
P 240 0 720 20 720 0 2 0
L 20 715 10 0 3 0 1 0 D4
A 0 720 10 0 3 0 PINTYPE=IN
A 20 720 10 0 9 3 #=J11
P 241 0 710 20 710 0 2 0
L 20 705 10 0 3 0 1 0 D5
A 0 710 10 0 3 0 PINTYPE=IN
A 20 710 10 0 9 3 #=G11
P 242 0 700 20 700 0 2 0
L 20 695 10 0 3 0 1 0 D6
A 0 700 10 0 3 0 PINTYPE=IN
A 20 700 10 0 9 3 #=E10
P 243 0 690 20 690 0 2 0
L 20 685 10 0 3 0 1 0 D7
A 0 690 10 0 3 0 PINTYPE=IN
A 20 690 10 0 9 3 #=D11
P 244 0 680 20 680 0 2 0
L 20 675 10 0 3 0 1 0 D8
A 0 680 10 0 3 0 PINTYPE=IN
A 20 680 10 0 9 3 #=C11
P 131 0 670 20 670 0 2 0
L 20 665 10 0 3 0 1 0 D9
A 0 670 10 0 3 0 PINTYPE=IN
A 20 670 10 0 9 3 #=B3
P 24 0 225 20 225 0 2 0
A 20 230 10 0 2 0 PINTYPE=IN
A 20 225 10 0 9 3 #=H1
L 20 225 10 0 2 0 1 0 DOFF_B
P 270 0 295 20 295 0 2 0
A 20 300 10 0 2 0 PINTYPE=IN
A 20 295 10 0 9 3 #=B6
L 20 295 10 0 2 0 1 0 K
P 271 0 285 20 285 0 2 0
A 20 290 10 0 2 0 PINTYPE=IN
A 20 285 10 0 9 3 #=A6
L 20 285 10 0 2 0 1 0 K_B
P 43 480 435 460 435 0 3 0
A 460 445 10 0 2 0 PINTYPE=OUT
A 460 435 10 0 3 3 #=B1
L 460 435 10 0 8 0 1 0 NC1
P 218 480 355 460 355 0 3 0
A 460 365 10 0 2 0 PINTYPE=OUT
A 460 355 10 0 3 3 #=D9
L 460 355 10 0 8 0 1 0 NC9
P 235 480 345 460 345 0 3 0
L 460 340 10 4 3 0 1 0 NC10
A 480 345 10 4 3 0 PINTYPE=IN
A 475 345 10 4 3 3 #=D10
P 45 480 335 460 335 0 3 0
A 460 345 10 0 2 0 PINTYPE=BI
A 460 335 10 0 3 3 #=E1
L 460 335 10 0 8 0 1 0 NC11
P 127 480 325 460 325 0 3 0
L 460 320 10 4 3 0 1 0 NC12
A 480 325 10 4 3 0 PINTYPE=IN
A 470 325 10 4 3 3 #=E2
P 217 480 315 460 315 0 3 0
A 460 325 10 0 2 0 PINTYPE=OUT
A 460 315 10 0 3 3 #=E9
L 460 315 10 0 8 0 1 0 NC13
P 46 480 305 460 305 0 3 0
A 460 315 10 0 2 0 PINTYPE=OUT
A 460 305 10 0 3 3 #=F1
L 460 305 10 0 8 0 1 0 NC14
P 234 480 295 460 295 0 3 0
L 460 290 10 4 3 0 1 0 NC15
A 480 295 10 4 3 0 PINTYPE=IN
A 470 295 10 4 3 3 #=F9
P 126 480 275 460 275 0 3 0
L 460 270 10 4 3 0 1 0 NC17
A 480 275 10 4 3 0 PINTYPE=IN
A 472 275 10 4 3 3 #=G1
P 266 480 425 460 425 0 3 0
A 460 430 10 4 2 0 PINTYPE=IN
A 460 425 10 4 9 3 #=B5
L 460 425 10 4 2 0 1 0 NC2
P 233 480 255 460 255 0 3 0
L 460 250 10 4 3 0 1 0 NC19
A 480 255 10 4 3 0 PINTYPE=IN
A 477 255 10 4 3 3 #=G10
P 125 480 245 460 245 0 3 0
L 460 240 10 4 3 0 1 0 NC20
A 480 245 10 4 3 0 PINTYPE=IN
A 470 245 10 4 3 3 #=J1
P 47 480 235 460 235 0 3 0
A 460 245 10 0 2 0 PINTYPE=OUT
A 460 235 10 0 3 3 #=J2
L 460 235 10 0 8 0 1 0 NC21
P 232 480 225 460 225 0 3 0
L 460 220 10 4 3 0 1 0 NC22
A 480 225 10 4 3 0 PINTYPE=IN
A 470 225 10 4 3 3 #=J9
P 48 480 215 460 215 0 3 0
A 460 225 10 0 2 0 PINTYPE=OUT
A 460 215 10 0 3 3 #=K1
L 460 215 10 0 8 0 1 0 NC23
P 124 480 205 460 205 0 3 0
L 460 200 10 4 3 0 1 0 NC24
A 480 205 10 4 3 0 PINTYPE=IN
A 470 205 10 4 3 3 #=K2
P 214 480 195 460 195 0 3 0
A 460 205 10 0 2 0 PINTYPE=OUT
A 460 195 10 0 3 3 #=K9
L 460 195 10 0 8 0 1 0 NC25
P 49 480 185 460 185 0 3 0
A 460 195 10 0 2 0 PINTYPE=OUT
A 460 185 10 0 3 3 #=L1
L 460 185 10 0 8 0 1 0 NC26
P 231 480 175 460 175 0 3 0
L 460 170 10 4 3 0 1 0 NC27
A 480 175 10 4 3 0 PINTYPE=IN
A 470 175 10 4 3 3 #=L9
P 213 480 165 460 165 0 3 0
A 460 175 10 0 2 0 PINTYPE=BI
A 460 165 10 0 3 3 #=L10
L 460 165 10 0 8 0 1 0 NC28
P 237 480 415 460 415 0 3 0
L 460 410 10 4 3 0 1 0 NC3
A 480 415 10 4 3 0 PINTYPE=IN
A 470 415 10 4 3 3 #=B9
P 123 480 155 460 155 0 3 0
L 460 150 10 4 3 0 1 0 NC29
A 480 155 10 4 3 0 PINTYPE=IN
A 470 155 10 4 3 3 #=M1
P 155 480 145 460 145 0 3 0
A 460 155 10 0 2 0 PINTYPE=OUT
A 460 145 10 0 3 3 #=M2
L 460 145 10 0 8 0 1 0 NC30
P 230 480 135 460 135 0 3 0
L 460 130 10 4 3 0 1 0 NC31
A 480 135 10 4 3 0 PINTYPE=IN
A 470 135 10 4 3 3 #=M9
P 122 480 125 460 125 0 3 0
L 460 120 10 4 3 0 1 0 NC32
A 480 125 10 4 3 0 PINTYPE=IN
A 470 125 10 4 3 3 #=N1
P 212 480 115 460 115 0 3 0
A 460 125 10 0 2 0 PINTYPE=OUT
A 460 115 10 0 3 3 #=N9
L 460 115 10 0 8 0 1 0 NC33
P 245 480 105 460 105 0 3 0
L 460 100 10 4 3 0 1 0 NC34
A 480 105 10 4 3 0 PINTYPE=IN
A 475 105 10 4 3 3 #=N10
P 154 480 95 460 95 0 3 0
A 460 105 10 0 2 0 PINTYPE=OUT
A 460 95 10 0 3 3 #=P1
L 460 95 10 0 8 0 1 0 NC35
P 130 480 85 460 85 0 3 0
L 460 80 10 4 3 0 1 0 NC36
A 480 85 10 4 3 0 PINTYPE=IN
A 470 85 10 4 3 3 #=P2
P 227 480 75 460 75 0 3 0
A 460 85 10 0 2 0 PINTYPE=OUT
A 460 75 10 0 3 3 #=P9
L 460 75 10 0 8 0 1 0 NC37
P 219 480 405 460 405 0 3 0
A 460 415 10 0 2 0 PINTYPE=OUT
A 460 405 10 0 3 3 #=B10
L 460 405 10 0 8 0 1 0 NC4
P 129 480 395 460 395 0 3 0
L 460 390 10 4 3 0 1 0 NC5
A 480 395 10 4 3 0 PINTYPE=IN
A 470 395 10 4 3 3 #=C1
P 44 480 385 460 385 0 3 0
A 460 395 10 0 2 0 PINTYPE=OUT
A 460 385 10 0 3 3 #=C2
L 460 385 10 0 8 0 1 0 NC6
P 236 480 375 460 375 0 3 0
L 460 370 10 4 3 0 1 0 NC7
A 480 375 10 4 3 0 PINTYPE=IN
A 470 375 10 4 3 3 #=C9
P 128 480 365 460 365 0 3 0
L 460 360 10 4 3 0 1 0 NC8
A 480 365 10 4 3 0 PINTYPE=IN
A 470 365 10 4 3 3 #=D1
P 21 0 255 20 255 0 2 0
A 20 260 10 0 2 0 PINTYPE=IN
A 20 255 10 0 9 3 #=A2
L 20 255 10 0 2 0 1 0 NC_144M
P 15 0 245 20 245 0 2 0
A 20 250 10 0 2 0 PINTYPE=IN
A 20 245 10 0 9 3 #=A7
L 20 245 10 0 2 0 1 0 NC_288M
P 171 480 570 460 570 0 3 0
A 460 580 10 0 2 0 PINTYPE=IN
A 460 570 10 0 3 3 #=R6
L 460 570 10 0 8 0 1 0 ODT
P 210 480 760 460 760 0 3 0
A 460 785 10 0 2 0 PINTYPE=OUT
A 460 760 10 0 3 3 #=P11
L 460 760 10 0 8 0 1 0 Q0
P 211 480 750 460 750 0 3 0
A 460 775 10 0 2 0 PINTYPE=OUT
A 460 750 10 0 3 3 #=M10
L 460 750 10 0 8 0 1 0 Q1
P 35 480 660 460 660 0 3 0
A 460 670 10 0 2 0 PINTYPE=OUT
A 460 660 10 0 3 3 #=D3
L 460 660 10 0 8 0 1 0 Q10
P 36 480 650 460 650 0 3 0
A 460 660 10 0 2 0 PINTYPE=OUT
A 460 650 10 0 3 3 #=E3
L 460 650 10 0 8 0 1 0 Q11
P 37 480 640 460 640 0 3 0
A 460 650 10 0 2 0 PINTYPE=OUT
A 460 640 10 0 3 3 #=F2
L 460 640 10 0 8 0 1 0 Q12
P 38 480 630 460 630 0 3 0
A 460 640 10 0 2 0 PINTYPE=OUT
A 460 630 10 0 3 3 #=G3
L 460 630 10 0 8 0 1 0 Q13
P 39 480 620 460 620 0 3 0
A 460 630 10 0 2 0 PINTYPE=OUT
A 460 620 10 0 3 3 #=K3
L 460 620 10 0 8 0 1 0 Q14
P 40 480 610 460 610 0 3 0
A 460 620 10 0 2 0 PINTYPE=OUT
A 460 610 10 0 3 3 #=L2
L 460 610 10 0 8 0 1 0 Q15
P 41 480 600 460 600 0 3 0
A 460 610 10 0 2 0 PINTYPE=OUT
A 460 600 10 0 3 3 #=N3
L 460 600 10 0 8 0 1 0 Q16
P 42 480 590 460 590 0 3 0
A 460 600 10 0 2 0 PINTYPE=OUT
A 460 590 10 0 3 3 #=P3
L 460 590 10 0 8 0 1 0 Q17
P 220 480 740 460 740 0 3 0
A 460 765 10 0 2 0 PINTYPE=OUT
A 460 740 10 0 3 3 #=L11
L 460 740 10 0 8 0 1 0 Q2
P 221 480 730 460 730 0 3 0
A 460 755 10 0 2 0 PINTYPE=OUT
A 460 730 10 0 3 3 #=K11
L 460 730 10 0 8 0 1 0 Q3
P 222 480 720 460 720 0 3 0
A 460 730 10 0 2 0 PINTYPE=OUT
A 460 720 10 0 3 3 #=J10
L 460 720 10 0 8 0 1 0 Q4
P 223 480 710 460 710 0 3 0
A 460 720 10 0 2 0 PINTYPE=OUT
A 460 710 10 0 3 3 #=F11
L 460 710 10 0 8 0 1 0 Q5
P 224 480 700 460 700 0 3 0
A 460 710 10 0 2 0 PINTYPE=OUT
A 460 700 10 0 3 3 #=E11
L 460 700 10 0 8 0 1 0 Q6
P 225 480 690 460 690 0 3 0
A 460 700 10 0 2 0 PINTYPE=OUT
A 460 690 10 0 3 3 #=C10
L 460 690 10 0 8 0 1 0 Q7
P 226 480 680 460 680 0 3 0
A 460 690 10 0 2 0 PINTYPE=OUT
A 460 680 10 0 3 3 #=B11
L 460 680 10 0 8 0 1 0 Q8
P 34 480 670 460 670 0 3 0
A 460 680 10 0 2 0 PINTYPE=OUT
A 460 670 10 0 3 3 #=B2
L 460 670 10 0 8 0 1 0 Q9
P 172 480 560 460 560 0 3 0
A 460 570 10 0 2 0 PINTYPE=OUT
A 460 560 10 0 3 3 #=P6
L 460 560 10 0 8 0 1 0 QVLD
P 273 0 315 20 315 0 2 0
A 20 320 10 0 2 0 PINTYPE=IN
A 20 315 10 0 9 3 #=A8
L 20 315 10 0 2 0 1 0 RPS_B
P 113 480 480 460 480 0 3 0
A 460 490 10 0 2 0 PINTYPE=IN
A 460 480 10 0 3 3 #=R2
L 460 480 10 0 8 0 1 0 TCK
P 205 480 500 460 500 0 3 0
A 460 510 10 0 2 0 PINTYPE=IN
A 460 500 10 0 3 3 #=R11
L 460 500 10 0 8 0 1 0 TDI
P 204 480 510 460 510 0 3 0
A 460 520 10 0 2 0 PINTYPE=OUT
A 460 510 10 0 3 3 #=R1
L 460 510 10 0 8 0 1 0 TDO
P 112 480 490 460 490 0 3 0
A 460 500 10 0 2 0 PINTYPE=IN
A 460 490 10 0 3 3 #=R10
L 460 490 10 0 8 0 1 0 TMS
P 106 310 820 310 800 0 0 0
A 310 800 10 1 1 0 PINTYPE=IN
A 300 800 10 1 1 3 #=F5
L 310 775 10 1 2 0 1 0 VDD1
P 178 400 820 400 800 0 0 0
A 400 800 10 1 1 0 PINTYPE=IN
A 390 800 10 1 1 3 #=K7
L 400 770 10 1 2 0 1 0 VDD10
P 105 320 820 320 800 0 0 0
A 320 800 10 1 1 0 PINTYPE=IN
A 310 800 10 1 1 3 #=F7
L 320 775 10 1 2 0 1 0 VDD2
P 104 330 820 330 800 0 0 0
A 330 800 10 1 1 0 PINTYPE=IN
A 320 800 10 1 1 3 #=G5
L 330 775 10 1 2 0 1 0 VDD3
P 165 340 820 340 800 0 0 0
A 340 800 10 1 1 0 PINTYPE=IN
A 330 800 10 1 1 3 #=G7
L 340 775 10 1 2 0 1 0 VDD4
P 175 350 820 350 800 0 0 0
A 350 800 10 1 1 0 PINTYPE=IN
A 340 800 10 1 1 3 #=H5
L 350 775 10 1 2 0 1 0 VDD5
P 174 360 820 360 800 0 0 0
A 360 800 10 1 1 0 PINTYPE=IN
A 350 800 10 1 1 3 #=H7
L 360 775 10 1 2 0 1 0 VDD6
P 176 370 820 370 800 0 0 0
A 370 800 10 1 1 0 PINTYPE=IN
A 360 800 10 1 1 3 #=J5
L 370 775 10 1 2 0 1 0 VDD7
P 173 380 820 380 800 0 0 0
A 380 800 10 1 1 0 PINTYPE=IN
A 370 800 10 1 1 3 #=J7
L 380 775 10 1 2 0 1 0 VDD8
P 179 390 820 390 800 0 0 0
A 390 800 10 1 1 0 PINTYPE=IN
A 380 800 10 1 1 3 #=K5
L 390 775 10 1 2 0 1 0 VDD9
P 103 130 820 130 800 0 0 0
A 130 803 10 1 1 0 PINTYPE=IN
A 120 800 10 1 1 3 #=E4
L 130 768 10 1 2 0 1 0 VDDQ1
P 247 220 820 220 800 0 0 0
A 220 808 10 1 1 0 PINTYPE=IN
A 210 800 10 1 1 3 #=H9
L 220 763 10 1 2 0 1 0 VDDQ10
P 248 230 820 230 800 0 0 0
A 230 808 10 1 1 0 PINTYPE=IN
A 220 800 10 1 1 3 #=J4
L 230 763 10 1 2 0 1 0 VDDQ11
P 249 240 820 240 800 0 0 0
A 240 808 10 1 1 0 PINTYPE=IN
A 230 800 10 1 1 3 #=J8
L 240 763 10 1 2 0 1 0 VDDQ12
P 250 250 820 250 800 0 0 0
A 250 808 10 1 1 0 PINTYPE=IN
A 240 800 10 1 1 3 #=K4
L 250 763 10 1 2 0 1 0 VDDQ13
P 251 260 820 260 800 0 0 0
A 260 808 10 1 1 0 PINTYPE=IN
A 250 800 10 1 1 3 #=K8
L 260 763 10 1 2 0 1 0 VDDQ14
P 252 270 820 270 800 0 0 0
A 270 808 10 1 1 0 PINTYPE=IN
A 260 800 10 1 1 3 #=L4
L 270 763 10 1 2 0 1 0 VDDQ15
P 253 280 820 280 800 0 0 0
A 280 808 10 1 1 0 PINTYPE=IN
A 270 800 10 1 1 3 #=L8
L 280 763 10 1 2 0 1 0 VDDQ16
P 102 140 820 140 800 0 0 0
A 140 803 10 1 1 0 PINTYPE=IN
A 130 800 10 1 1 3 #=E8
L 140 768 10 1 2 0 1 0 VDDQ2
P 101 150 820 150 800 0 0 0
A 150 803 10 1 1 0 PINTYPE=IN
A 140 800 10 1 1 3 #=F4
L 150 768 10 1 2 0 1 0 VDDQ3
P 100 160 820 160 800 0 0 0
A 160 803 10 1 1 0 PINTYPE=IN
A 150 800 10 1 1 3 #=F8
L 160 768 10 1 2 0 1 0 VDDQ4
P 107 170 820 170 800 0 0 0
A 170 803 10 1 1 0 PINTYPE=IN
A 160 800 10 1 1 3 #=G4
L 170 768 10 1 2 0 1 0 VDDQ5
P 194 180 820 180 800 0 0 0
A 180 803 10 1 1 0 PINTYPE=IN
A 170 800 10 1 1 3 #=G8
L 180 768 10 1 2 0 1 0 VDDQ6
P 193 190 820 190 800 0 0 0
A 190 803 10 1 1 0 PINTYPE=IN
A 180 800 10 1 1 3 #=H3
L 190 768 10 1 2 0 1 0 VDDQ7
P 192 200 820 200 800 0 0 0
A 200 803 10 1 1 0 PINTYPE=IN
A 190 800 10 1 1 3 #=H4
L 200 768 10 1 2 0 1 0 VDDQ8
P 246 210 820 210 800 0 0 0
A 210 808 10 1 1 0 PINTYPE=IN
A 200 800 10 1 1 3 #=H8
L 210 768 10 1 2 0 1 0 VDDQ9
P 98 70 820 70 800 0 0 0
L 70 770 10 1 2 0 1 0 VREF1
A 70 805 10 1 1 0 PINTYPE=IN
A 60 800 10 1 1 3 #=H2
P 195 80 820 80 800 0 0 0
L 80 770 10 1 2 0 1 0 VREF2
A 80 805 10 1 1 0 PINTYPE=IN
A 70 800 10 1 1 3 #=H10
P 59 120 0 120 20 0 1 0
A 125 20 10 1 2 0 PINTYPE=ANALOG
A 120 20 10 1 9 3 #=C4
L 120 20 10 1 2 0 1 0 VSS1
P 182 210 0 210 20 0 1 0
A 215 20 10 1 2 0 PINTYPE=ANALOG
A 210 20 10 1 9 3 #=E7
L 210 20 10 1 2 0 1 0 VSS10
P 181 220 0 220 20 0 1 0
A 225 20 10 1 2 0 PINTYPE=ANALOG
A 220 20 10 1 9 3 #=F6
L 220 20 10 1 2 0 1 0 VSS11
P 199 230 0 230 20 0 1 0
A 235 20 10 1 2 0 PINTYPE=ANALOG
A 230 20 10 1 9 3 #=G6
L 230 20 10 1 2 0 1 0 VSS12
P 198 240 0 240 20 0 1 0
A 245 20 10 1 2 0 PINTYPE=ANALOG
A 240 20 10 1 9 3 #=H6
L 240 20 10 1 2 0 1 0 VSS13
P 201 250 0 250 20 0 1 0
A 255 20 10 1 2 0 PINTYPE=ANALOG
A 250 20 10 1 9 3 #=J6
L 250 20 10 1 2 0 1 0 VSS14
P 200 260 0 260 20 0 1 0
A 265 20 10 1 2 0 PINTYPE=ANALOG
A 260 20 10 1 9 3 #=K6
L 260 20 10 1 2 0 1 0 VSS15
P 254 270 0 270 20 0 1 0
A 275 20 10 1 2 0 PINTYPE=ANALOG
A 270 20 10 1 9 3 #=L5
L 270 20 10 1 2 0 1 0 VSS16
P 255 280 0 280 20 0 1 0
A 285 20 10 1 2 0 PINTYPE=ANALOG
A 280 20 10 1 9 3 #=L6
L 280 20 10 1 2 0 1 0 VSS17
P 256 290 0 290 20 0 1 0
A 295 20 10 1 2 0 PINTYPE=ANALOG
A 290 20 10 1 9 3 #=L7
L 290 20 10 1 2 0 1 0 VSS18
P 257 300 0 300 20 0 1 0
A 305 20 10 1 2 0 PINTYPE=ANALOG
A 300 20 10 1 9 3 #=M4
L 300 20 10 1 2 0 1 0 VSS19
P 60 130 0 130 20 0 1 0
A 135 20 10 1 2 0 PINTYPE=ANALOG
A 130 20 10 1 9 3 #=C8
L 130 20 10 1 2 0 1 0 VSS2
P 258 310 0 310 20 0 1 0
A 315 20 10 1 2 0 PINTYPE=ANALOG
A 310 20 10 1 9 3 #=M5
L 310 20 10 1 2 0 1 0 VSS20
P 259 320 0 320 20 0 1 0
A 325 20 10 1 2 0 PINTYPE=ANALOG
A 320 20 10 1 9 3 #=M6
L 320 20 10 1 2 0 1 0 VSS21
P 260 330 0 330 20 0 1 0
A 335 20 10 1 2 0 PINTYPE=ANALOG
A 330 20 10 1 9 3 #=M7
L 330 20 10 1 2 0 1 0 VSS22
P 261 340 0 340 20 0 1 0
A 345 20 10 1 2 0 PINTYPE=ANALOG
A 340 20 10 1 9 3 #=M8
L 340 20 10 1 2 0 1 0 VSS23
P 262 350 0 350 20 0 1 0
A 355 20 10 1 2 0 PINTYPE=ANALOG
A 350 20 10 1 9 3 #=N4
L 350 20 10 1 2 0 1 0 VSS24
P 263 360 0 360 20 0 1 0
A 365 20 10 1 2 0 PINTYPE=ANALOG
A 360 20 10 1 9 3 #=N8
L 360 20 10 1 2 0 1 0 VSS25
P 61 140 0 140 20 0 1 0
A 145 20 10 1 2 0 PINTYPE=ANALOG
A 140 20 10 1 9 3 #=D4
L 140 20 10 1 2 0 1 0 VSS3
P 167 150 0 150 20 0 1 0
A 155 20 10 1 2 0 PINTYPE=ANALOG
A 150 20 10 1 9 3 #=D5
L 150 20 10 1 2 0 1 0 VSS4
P 168 160 0 160 20 0 1 0
A 165 20 10 1 2 0 PINTYPE=ANALOG
A 160 20 10 1 9 3 #=D6
L 160 20 10 1 2 0 1 0 VSS5
P 170 170 0 170 20 0 1 0
A 175 20 10 1 2 0 PINTYPE=ANALOG
A 170 20 10 1 9 3 #=D7
L 170 20 10 1 2 0 1 0 VSS6
P 169 180 0 180 20 0 1 0
A 185 20 10 1 2 0 PINTYPE=ANALOG
A 180 20 10 1 9 3 #=D8
L 180 20 10 1 2 0 1 0 VSS7
P 184 190 0 190 20 0 1 0
A 195 20 10 1 2 0 PINTYPE=ANALOG
A 190 20 10 1 9 3 #=E5
L 190 20 10 1 2 0 1 0 VSS8
P 183 200 0 200 20 0 1 0
A 205 20 10 1 2 0 PINTYPE=ANALOG
A 200 20 10 1 9 3 #=E6
L 200 20 10 1 2 0 1 0 VSS9
P 18 0 325 20 325 0 2 0
A 20 330 10 0 2 0 PINTYPE=IN
A 20 325 10 0 9 3 #=A4
L 20 325 10 0 2 0 1 0 WPS_B
P 209 480 40 460 40 0 3 0
A 460 50 10 0 2 0 PINTYPE=IN
A 460 40 10 0 3 3 #=H11
L 460 40 10 0 8 0 1 0 ZQ
P 215 480 265 460 265 0 3 0
A 460 275 10 0 2 0 PINTYPE=OUT
A 460 265 10 0 3 3 #=G9
L 460 265 10 0 8 0 1 0 NC18
P 216 480 285 460 285 0 3 0
A 460 295 10 0 2 0 PINTYPE=OUT
A 460 285 10 0 3 3 #=F10
L 460 285 10 0 8 0 1 0 NC16
T 120 450 16 0 3 QDRII+ SRAM 2Mx18 SIO with ODT, BL=2
U 170 420 16 0 3 3 DEVICE=CY7C2262XV18_450BZXC
b 20 20 460 800
U 145 390 16 0 3 3 PKG_TYPE=BGA165N39P11X15_594X673X23
E
