V 53
K 1454725856 cy7c4122kv13_106fcxc.1
F Case
|R 18:30:56_2-5-16
D -115 445 105 -530
Y 1
Z 10
i 451
U -50 -423 10 0 1 0 HETERO=cy7c4122kv13_106fcxc,cy7c4122kv13_106fcxc_pwr
U 0 -515 10 0 5 3 DEVICE=DEVICE
U 0 -13 10 0 1 0 MANF_P/N=MANF_P/N
U 15 -520 10 0 1 3 PKG_TYPE=PKG_TYPE
U -90 -520 10 0 1 3 REFDES=U?
U -115 -530 10 0 1 0 FORWARD_PCB=1
b -90 -520 80 420
P 12 -115 400 -90 400 0 2 0
L -88 400 10 0 2 0 1 0 DQA0
A -115 400 10 0 1 0 PINTYPE=BI
A -95 400 10 0 9 3 #=C8
P 15 -115 390 -90 390 0 2 0
L -88 390 10 0 2 0 1 0 DQA1
A -115 390 10 0 1 0 PINTYPE=BI
A -95 390 10 0 9 3 #=B7
P 18 -115 380 -90 380 0 2 0
L -88 380 10 0 2 0 1 0 DQA2
A -115 380 10 0 1 0 PINTYPE=BI
A -95 380 10 0 9 3 #=C6
P 21 -115 370 -90 370 0 2 0
L -88 370 10 0 2 0 1 0 DQA3
A -115 370 10 0 1 0 PINTYPE=BI
A -95 370 10 0 9 3 #=D5
P 24 -115 360 -90 360 0 2 0
L -88 360 10 0 2 0 1 0 DQA4
A -115 360 10 0 1 0 PINTYPE=BI
A -95 360 10 0 9 3 #=D7
P 27 -115 350 -90 350 0 2 0
L -88 350 10 0 2 0 1 0 DQA5
A -115 350 10 0 1 0 PINTYPE=BI
A -95 350 10 0 9 3 #=A4
P 30 -115 340 -90 340 0 2 0
L -88 340 10 0 2 0 1 0 DQA6
A -115 340 10 0 1 0 PINTYPE=BI
A -95 340 10 0 9 3 #=F5
P 33 -115 330 -90 330 0 2 0
L -88 330 10 0 2 0 1 0 DQA7
A -115 330 10 0 1 0 PINTYPE=BI
A -95 330 10 0 9 3 #=A6
P 36 -115 320 -90 320 0 2 0
L -88 320 10 0 2 0 1 0 DQA8
A -115 320 10 0 1 0 PINTYPE=BI
A -95 320 10 0 9 3 #=A8
P 39 -115 310 -90 310 0 2 0
L -88 310 10 0 2 0 1 0 DQA9
A -115 310 10 0 1 0 PINTYPE=BI
A -95 310 10 0 9 3 #=C12
P 42 -115 300 -90 300 0 2 0
L -88 300 10 0 2 0 1 0 DQA10
A -115 300 10 0 1 0 PINTYPE=BI
A -95 300 10 0 9 3 #=B13
P 45 -115 290 -90 290 0 2 0
L -88 290 10 0 2 0 1 0 DQA11
A -115 290 10 0 1 0 PINTYPE=BI
A -95 290 10 0 9 3 #=C14
P 48 -115 280 -90 280 0 2 0
L -88 280 10 0 2 0 1 0 DQA12
A -115 280 10 0 1 0 PINTYPE=BI
A -95 280 10 0 9 3 #=D15
P 51 -115 270 -90 270 0 2 0
L -88 270 10 0 2 0 1 0 DQA13
A -115 270 10 0 1 0 PINTYPE=BI
A -95 270 10 0 9 3 #=D13
P 54 -115 260 -90 260 0 2 0
L -88 260 10 0 2 0 1 0 DQA14
A -115 260 10 0 1 0 PINTYPE=BI
A -95 260 10 0 9 3 #=A16
P 57 -115 250 -90 250 0 2 0
L -88 250 10 0 2 0 1 0 DQA15
A -115 250 10 0 1 0 PINTYPE=BI
A -95 250 10 0 9 3 #=F15
P 60 -115 240 -90 240 0 2 0
L -88 240 10 0 2 0 1 0 DQA16
A -115 240 10 0 1 0 PINTYPE=BI
A -95 240 10 0 9 3 #=A14
P 63 -115 230 -90 230 0 2 0
L -88 230 10 0 2 0 1 0 DQA17
A -115 230 10 0 1 0 PINTYPE=BI
A -95 230 10 0 9 3 #=A12
P 66 -115 220 -90 220 0 2 0
L -88 220 10 0 2 0 1 0 DNU2
A -115 220 10 0 1 0 PINTYPE=BI
A -95 220 10 0 9 3 #=B2
P 69 -115 210 -90 210 0 2 0
L -88 210 10 0 2 0 1 0 DNU3
A -115 210 10 0 1 0 PINTYPE=BI
A -95 210 10 0 9 3 #=B5
P 72 -115 200 -90 200 0 2 0
L -88 200 10 0 2 0 1 0 DNU4
A -115 200 10 0 1 0 PINTYPE=BI
A -95 200 10 0 9 3 #=B15
P 75 -115 190 -90 190 0 2 0
L -88 190 10 0 2 0 1 0 DNU5
A -115 190 10 0 1 0 PINTYPE=BI
A -95 190 10 0 9 3 #=B18
P 78 -115 180 -90 180 0 2 0
L -88 180 10 0 2 0 1 0 DNU6
A -115 180 10 0 1 0 PINTYPE=BI
A -95 180 10 0 9 3 #=E2
P 81 -115 170 -90 170 0 2 0
L -88 170 10 0 2 0 1 0 DNU7
A -115 170 10 0 1 0 PINTYPE=BI
A -95 170 10 0 9 3 #=E18
P 84 -115 160 -90 160 0 2 0
L -88 160 10 0 2 0 1 0 DNU8
A -115 160 10 0 1 0 PINTYPE=BI
A -95 160 10 0 9 3 #=G2
P 87 -115 150 -90 150 0 2 0
L -88 150 10 0 2 0 1 0 DNU9
A -115 150 10 0 1 0 PINTYPE=BI
A -95 150 10 0 9 3 #=G4
P 90 -115 140 -90 140 0 2 0
L -88 140 10 0 2 0 1 0 DNU10
A -115 140 10 0 1 0 PINTYPE=BI
A -95 140 10 0 9 3 #=G16
P 93 -115 130 -90 130 0 2 0
L -88 130 10 0 2 0 1 0 DNU11
A -115 130 10 0 1 0 PINTYPE=BI
A -95 130 10 0 9 3 #=G18
P 96 -115 120 -90 120 0 2 0
L -88 120 10 0 2 0 1 0 DNU12
A -115 120 10 0 1 0 PINTYPE=BI
A -95 120 10 0 9 3 #=H3
P 99 -115 110 -90 110 0 2 0
L -88 110 10 0 2 0 1 0 DNU13
A -115 110 10 0 1 0 PINTYPE=BI
A -95 110 10 0 9 3 #=H5
P 102 -115 100 -90 100 0 2 0
L -88 100 10 0 2 0 1 0 DNU14
A -115 100 10 0 1 0 PINTYPE=BI
A -95 100 10 0 9 3 #=H15
P 105 -115 90 -90 90 0 2 0
L -88 90 10 0 2 0 1 0 DNU15
A -115 90 10 0 1 0 PINTYPE=BI
A -95 90 10 0 9 3 #=H17
P 108 -115 80 -90 80 0 2 0
L -88 80 10 0 2 0 1 0 DNU16
A -115 80 10 0 1 0 PINTYPE=BI
A -95 80 10 0 9 3 #=J2
P 111 -115 70 -90 70 0 2 0
L -88 70 10 0 2 0 1 0 DNU17
A -115 70 10 0 1 0 PINTYPE=BI
A -95 70 10 0 9 3 #=J4
P 114 -115 60 -90 60 0 2 0
L -88 60 10 0 2 0 1 0 DNU18
A -115 60 10 0 1 0 PINTYPE=BI
A -95 60 10 0 9 3 #=J16
P 117 -115 50 -90 50 0 2 0
L -88 50 10 0 2 0 1 0 DNU19
A -115 50 10 0 1 0 PINTYPE=BI
A -95 50 10 0 9 3 #=J18
P 120 -115 30 -90 30 0 2 0
L -88 30 10 0 2 0 1 0 DKA0_P
A -115 30 10 0 1 0 PINTYPE=IN
A -95 30 10 0 9 3 #=F4
P 123 -115 20 -90 20 0 2 0
L -88 20 10 0 2 0 1 0 DKA0_N
A -115 20 10 0 1 0 PINTYPE=IN
A -95 20 10 0 9 3 #=F3
P 126 -115 10 -90 10 0 2 0
L -88 10 10 0 2 0 1 0 DKA1_P
A -115 10 10 0 1 0 PINTYPE=IN
A -95 10 10 0 9 3 #=F16
P 129 -115 0 -90 0 0 2 0
L -88 0 10 0 2 0 1 0 DKA1_N
A -115 0 10 0 1 0 PINTYPE=IN
A -95 0 10 0 9 3 #=F17
P 132 -115 -20 -90 -20 0 2 0
L -88 -20 10 0 2 0 1 0 QKA0_P
A -115 -20 10 0 1 0 PINTYPE=OUT
A -95 -20 10 0 9 3 #=C4
P 135 -115 -30 -90 -30 0 2 0
L -88 -30 10 0 2 0 1 0 QKA0_N
A -115 -30 10 0 1 0 PINTYPE=OUT
A -95 -30 10 0 9 3 #=D3
P 138 -115 -40 -90 -40 0 2 0
L -88 -40 10 0 2 0 1 0 QKA1_P
A -115 -40 10 0 1 0 PINTYPE=OUT
A -95 -40 10 0 9 3 #=C16
P 141 -115 -50 -90 -50 0 2 0
L -88 -50 10 0 2 0 1 0 QKA1_N
A -115 -50 10 0 1 0 PINTYPE=OUT
A -95 -50 10 0 9 3 #=D17
P 144 -115 -70 -90 -70 0 2 0
L -88 -70 10 0 2 0 1 0 QVLDA0
A -115 -70 10 0 1 0 PINTYPE=OUT
A -95 -70 10 0 9 3 #=C3
P 147 -115 -80 -90 -80 0 2 0
L -88 -80 10 0 2 0 1 0 QVLDA1
A -115 -80 10 0 1 0 PINTYPE=OUT
A -95 -80 10 0 9 3 #=C17
P 150 -115 -130 -90 -130 0 2 0
L -88 -130 10 0 2 0 1 0 DINVA0
A -115 -130 10 0 1 0 PINTYPE=BI
A -95 -130 10 0 9 3 #=D8
P 153 -115 -140 -90 -140 0 2 0
L -88 -140 10 0 2 0 1 0 DINVA1
A -115 -140 10 0 1 0 PINTYPE=BI
A -95 -140 10 0 9 3 #=D12
P 156 -115 -160 -90 -160 0 2 0
L -88 -160 10 0 2 0 1 0 A0
A -115 -160 10 0 1 0 PINTYPE=IN
A -95 -160 10 0 9 3 #=F10
P 159 -115 -170 -90 -170 0 2 0
L -88 -170 10 0 2 0 1 0 A1
A -115 -170 10 0 1 0 PINTYPE=IN
A -95 -170 10 0 9 3 #=G10
P 162 -115 -180 -90 -180 0 2 0
L -88 -180 10 0 2 0 1 0 A2
A -115 -180 10 0 1 0 PINTYPE=IN
A -95 -180 10 0 9 3 #=N10
P 165 -115 -190 -90 -190 0 2 0
L -88 -190 10 0 2 0 1 0 A3
A -115 -190 10 0 1 0 PINTYPE=IN
A -95 -190 10 0 9 3 #=G7
P 168 -115 -200 -90 -200 0 2 0
L -88 -200 10 0 2 0 1 0 A4
A -115 -200 10 0 1 0 PINTYPE=IN
A -95 -200 10 0 9 3 #=G13
P 171 -115 -210 -90 -210 0 2 0
L -88 -210 10 0 2 0 1 0 A5
A -115 -210 10 0 1 0 PINTYPE=IN
A -95 -210 10 0 9 3 #=J7
P 174 -115 -220 -90 -220 0 2 0
L -88 -220 10 0 2 0 1 0 A6
A -115 -220 10 0 1 0 PINTYPE=IN
A -95 -220 10 0 9 3 #=J13
P 177 -115 -230 -90 -230 0 2 0
L -88 -230 10 0 2 0 1 0 A7
A -115 -230 10 0 1 0 PINTYPE=IN
A -95 -230 10 0 9 3 #=L7
P 180 -115 -240 -90 -240 0 2 0
L -88 -240 10 0 2 0 1 0 A8
A -115 -240 10 0 1 0 PINTYPE=IN
A -95 -240 10 0 9 3 #=L13
P 183 -115 -250 -90 -250 0 2 0
L -88 -250 10 0 2 0 1 0 A9
A -115 -250 10 0 1 0 PINTYPE=IN
A -95 -250 10 0 9 3 #=N7
P 186 -115 -260 -90 -260 0 2 0
L -88 -260 10 0 2 0 1 0 A10
A -115 -260 10 0 1 0 PINTYPE=IN
A -95 -260 10 0 9 3 #=N13
P 189 -115 -270 -90 -270 0 2 0
L -88 -270 10 0 2 0 1 0 A11
A -115 -270 10 0 1 0 PINTYPE=IN
A -95 -270 10 0 9 3 #=M8
P 192 -115 -280 -90 -280 0 2 0
L -88 -280 10 0 2 0 1 0 A12
A -115 -280 10 0 1 0 PINTYPE=IN
A -95 -280 10 0 9 3 #=M12
P 195 -115 -290 -90 -290 0 2 0
L -88 -290 10 0 2 0 1 0 A13
A -115 -290 10 0 1 0 PINTYPE=IN
A -95 -290 10 0 9 3 #=F8
P 198 -115 -300 -90 -300 0 2 0
L -88 -300 10 0 2 0 1 0 A14
A -115 -300 10 0 1 0 PINTYPE=IN
A -95 -300 10 0 9 3 #=F12
P 201 -115 -310 -90 -310 0 2 0
L -88 -310 10 0 2 0 1 0 A15
A -115 -310 10 0 1 0 PINTYPE=IN
A -95 -310 10 0 9 3 #=P8
P 204 -115 -320 -90 -320 0 2 0
L -88 -320 10 0 2 0 1 0 A16
A -115 -320 10 0 1 0 PINTYPE=IN
A -95 -320 10 0 9 3 #=P12
P 207 -115 -330 -90 -330 0 2 0
L -88 -330 10 0 2 0 1 0 A17
A -115 -330 10 0 1 0 PINTYPE=IN
A -95 -330 10 0 9 3 #=L9
P 210 -115 -340 -90 -340 0 2 0
L -88 -340 10 0 2 0 1 0 A18_36M
A -115 -340 10 0 1 0 PINTYPE=IN
A -95 -340 10 0 9 3 #=L11
P 213 -115 -350 -90 -350 0 2 0
L -88 -350 10 0 2 0 1 0 A19_72M
A -115 -350 10 0 1 0 PINTYPE=IN
A -95 -350 10 0 9 3 #=J9
P 216 -115 -360 -90 -360 0 2 0
L -88 -360 10 0 2 0 1 0 A20_144M
A -115 -360 10 0 1 0 PINTYPE=IN
A -95 -360 10 0 9 3 #=J11
P 219 -115 -370 -90 -370 0 2 0
L -88 -370 10 0 2 0 1 0 A21_288M
A -115 -370 10 0 1 0 PINTYPE=IN
A -95 -370 10 0 9 3 #=G9
P 222 -115 -380 -90 -380 0 2 0
L -88 -380 10 0 2 0 1 0 A22_576M
A -115 -380 10 0 1 0 PINTYPE=IN
A -95 -380 10 0 9 3 #=G11
P 225 -115 -390 -90 -390 0 2 0
L -88 -390 10 0 2 0 1 0 A23_1152M
A -115 -390 10 0 1 0 PINTYPE=IN
A -95 -390 10 0 9 3 #=N9
P 228 -115 -400 -90 -400 0 2 0
L -88 -400 10 0 2 0 1 0 A24_2304M
A -115 -400 10 0 1 0 PINTYPE=IN
A -95 -400 10 0 9 3 #=N11
P 231 -115 -420 -90 -420 0 2 0
L -88 -420 10 0 2 0 1 0 AP
A -115 -420 10 0 1 0 PINTYPE=IN
A -95 -420 10 0 9 3 #=P10
P 234 -115 -430 -90 -430 0 2 0
L -88 -430 10 0 2 0 1 0 AINV
A -115 -430 10 0 1 0 PINTYPE=IN
A -95 -430 10 0 9 3 #=M10
P 237 -115 -450 -90 -450 0 2 0
L -88 -450 10 0 2 0 1 0 CK_P
A -115 -450 10 0 1 0 PINTYPE=IN
A -95 -450 10 0 9 3 #=J10
P 240 -115 -460 -90 -460 0 2 0
L -88 -460 10 0 2 0 1 0 CK_N
A -115 -460 10 0 1 0 PINTYPE=IN
A -95 -460 10 0 9 3 #=K10
P 243 -115 -100 -90 -100 0 2 0
L -88 -100 10 0 2 0 1 0 LDA_N
A -115 -100 10 0 1 0 PINTYPE=IN
A -95 -100 10 0 9 3 #=H8
P 246 -115 -110 -90 -110 0 2 0
L -88 -110 10 0 2 0 1 0 RWA_N
A -115 -110 10 0 1 0 PINTYPE=IN
A -95 -110 10 0 9 3 #=H10
P 249 -115 -480 -90 -480 0 2 0
L -88 -480 10 0 2 0 1 0 CFG_N
A -115 -480 10 0 1 0 PINTYPE=IN
A -95 -480 10 0 9 3 #=D10
P 252 -115 -490 -90 -490 0 2 0
L -88 -490 10 0 2 0 1 0 RST_N
A -115 -490 10 0 1 0 PINTYPE=IN
A -95 -490 10 0 9 3 #=K18
P 255 105 400 80 400 0 3 0
L 78 400 10 0 8 0 1 0 DQB0
A 105 400 10 0 1 0 PINTYPE=BI
A 85 400 10 0 3 3 #=U8
P 258 105 390 80 390 0 3 0
L 78 390 10 0 8 0 1 0 DQB1
A 105 390 10 0 1 0 PINTYPE=BI
A 85 390 10 0 3 3 #=V7
P 261 105 380 80 380 0 3 0
L 78 380 10 0 8 0 1 0 DQB2
A 105 380 10 0 1 0 PINTYPE=BI
A 85 380 10 0 3 3 #=U6
P 264 105 370 80 370 0 3 0
L 78 370 10 0 8 0 1 0 DQB3
A 105 370 10 0 1 0 PINTYPE=BI
A 85 370 10 0 3 3 #=T5
P 267 105 360 80 360 0 3 0
L 78 360 10 0 8 0 1 0 DQB4
A 105 360 10 0 1 0 PINTYPE=BI
A 85 360 10 0 3 3 #=T7
P 270 105 350 80 350 0 3 0
L 78 350 10 0 8 0 1 0 DQB5
A 105 350 10 0 1 0 PINTYPE=BI
A 85 350 10 0 3 3 #=W4
P 273 105 340 80 340 0 3 0
L 78 340 10 0 8 0 1 0 DQB6
A 105 340 10 0 1 0 PINTYPE=BI
A 85 340 10 0 3 3 #=P5
P 276 105 330 80 330 0 3 0
L 78 330 10 0 8 0 1 0 DQB7
A 105 330 10 0 1 0 PINTYPE=BI
A 85 330 10 0 3 3 #=W6
P 279 105 320 80 320 0 3 0
L 78 320 10 0 8 0 1 0 DQB8
A 105 320 10 0 1 0 PINTYPE=BI
A 85 320 10 0 3 3 #=W8
P 282 105 310 80 310 0 3 0
L 78 310 10 0 8 0 1 0 DQB9
A 105 310 10 0 1 0 PINTYPE=BI
A 85 310 10 0 3 3 #=U12
P 285 105 300 80 300 0 3 0
L 78 300 10 0 8 0 1 0 DQB10
A 105 300 10 0 1 0 PINTYPE=BI
A 85 300 10 0 3 3 #=V13
P 288 105 290 80 290 0 3 0
L 78 290 10 0 8 0 1 0 DQB11
A 105 290 10 0 1 0 PINTYPE=BI
A 85 290 10 0 3 3 #=U14
P 291 105 280 80 280 0 3 0
L 78 280 10 0 8 0 1 0 DQB12
A 105 280 10 0 1 0 PINTYPE=BI
A 85 280 10 0 3 3 #=T15
P 294 105 270 80 270 0 3 0
L 78 270 10 0 8 0 1 0 DQB13
A 105 270 10 0 1 0 PINTYPE=BI
A 85 270 10 0 3 3 #=T13
P 297 105 260 80 260 0 3 0
L 78 260 10 0 8 0 1 0 DQB14
A 105 260 10 0 1 0 PINTYPE=BI
A 85 260 10 0 3 3 #=W16
P 300 105 250 80 250 0 3 0
L 78 250 10 0 8 0 1 0 DQB15
A 105 250 10 0 1 0 PINTYPE=BI
A 85 250 10 0 3 3 #=P15
P 303 105 240 80 240 0 3 0
L 78 240 10 0 8 0 1 0 DQB16
A 105 240 10 0 1 0 PINTYPE=BI
A 85 240 10 0 3 3 #=W14
P 306 105 230 80 230 0 3 0
L 78 230 10 0 8 0 1 0 DQB17
A 105 230 10 0 1 0 PINTYPE=BI
A 85 230 10 0 3 3 #=W12
P 309 105 220 80 220 0 3 0
L 78 220 10 0 8 0 1 0 DNU20
A 105 220 10 0 1 0 PINTYPE=BI
A 85 220 10 0 3 3 #=L2
P 312 105 210 80 210 0 3 0
L 78 210 10 0 8 0 1 0 DNU21
A 105 210 10 0 1 0 PINTYPE=BI
A 85 210 10 0 3 3 #=L4
P 315 105 200 80 200 0 3 0
L 78 200 10 0 8 0 1 0 DNU22
A 105 200 10 0 1 0 PINTYPE=IN
A 85 200 10 0 3 3 #=L16
P 318 105 190 80 190 0 3 0
L 78 190 10 0 8 0 1 0 DNU23
A 105 190 10 0 1 0 PINTYPE=IN
A 85 190 10 0 3 3 #=L18
P 321 105 180 80 180 0 3 0
L 78 180 10 0 8 0 1 0 DNU24
A 105 180 10 0 1 0 PINTYPE=BI
A 85 180 10 0 3 3 #=M3
P 324 105 170 80 170 0 3 0
L 78 170 10 0 8 0 1 0 DNU25
A 105 170 10 0 1 0 PINTYPE=BI
A 85 170 10 0 3 3 #=M5
P 327 105 160 80 160 0 3 0
L 78 160 10 0 8 0 1 0 DNU26
A 105 160 10 0 1 0 PINTYPE=BI
A 85 160 10 0 3 3 #=M15
P 330 105 150 80 150 0 3 0
L 78 150 10 0 8 0 1 0 DNU27
A 105 150 10 0 1 0 PINTYPE=BI
A 85 150 10 0 3 3 #=M17
P 333 105 140 80 140 0 3 0
L 78 140 10 0 8 0 1 0 DNU28
A 105 140 10 0 1 0 PINTYPE=BI
A 85 140 10 0 3 3 #=N2
P 336 105 130 80 130 0 3 0
L 78 130 10 0 8 0 1 0 DNU29
A 105 130 10 0 1 0 PINTYPE=BI
A 85 130 10 0 3 3 #=N4
P 339 105 120 80 120 0 3 0
L 78 120 10 0 8 0 1 0 DNU30
A 105 120 10 0 1 0 PINTYPE=BI
A 85 120 10 0 3 3 #=N16
P 342 105 110 80 110 0 3 0
L 78 110 10 0 8 0 1 0 DNU31
A 105 110 10 0 1 0 PINTYPE=BI
A 85 110 10 0 3 3 #=N18
P 345 105 100 80 100 0 3 0
L 78 100 10 0 8 0 1 0 DNU32
A 105 100 10 0 1 0 PINTYPE=BI
A 85 100 10 0 3 3 #=R2
P 348 105 90 80 90 0 3 0
L 78 90 10 0 8 0 1 0 DNU33
A 105 90 10 0 1 0 PINTYPE=BI
A 85 90 10 0 3 3 #=R18
P 351 105 80 80 80 0 3 0
L 78 80 10 0 8 0 1 0 DNU34
A 105 80 10 0 1 0 PINTYPE=BI
A 85 80 10 0 3 3 #=V2
P 354 105 70 80 70 0 3 0
L 78 70 10 0 8 0 1 0 DNU35
A 105 70 10 0 1 0 PINTYPE=BI
A 85 70 10 0 3 3 #=V5
P 357 105 60 80 60 0 3 0
L 78 60 10 0 8 0 1 0 DNU36
A 105 60 10 0 1 0 PINTYPE=BI
A 85 60 10 0 3 3 #=V15
P 360 105 50 80 50 0 3 0
L 78 50 10 0 8 0 1 0 DNU37
A 105 50 10 0 1 0 PINTYPE=BI
A 85 50 10 0 3 3 #=V18
P 363 105 30 80 30 0 3 0
L 78 30 10 0 8 0 1 0 DKB0_P
A 105 30 10 0 1 0 PINTYPE=IN
A 85 30 10 0 3 3 #=P4
P 366 105 20 80 20 0 3 0
L 78 20 10 0 8 0 1 0 DKB0_N
A 105 20 10 0 1 0 PINTYPE=IN
A 85 20 10 0 3 3 #=P3
P 369 105 10 80 10 0 3 0
L 78 10 10 0 8 0 1 0 DKB1_P
A 105 10 10 0 1 0 PINTYPE=IN
A 85 10 10 0 3 3 #=P16
P 372 105 0 80 0 0 3 0
L 78 0 10 0 8 0 1 0 DKB1_N
A 105 0 10 0 1 0 PINTYPE=IN
A 85 0 10 0 3 3 #=P17
P 375 105 -20 80 -20 0 3 0
L 78 -20 10 0 8 0 1 0 QKB0_P
A 105 -20 10 0 1 0 PINTYPE=OUT
A 85 -20 10 0 3 3 #=U4
P 378 105 -30 80 -30 0 3 0
L 78 -30 10 0 8 0 1 0 QKB0_N
A 105 -30 10 0 1 0 PINTYPE=OUT
A 85 -30 10 0 3 3 #=T3
P 381 105 -40 80 -40 0 3 0
L 78 -40 10 0 8 0 1 0 QKB1_P
A 105 -40 10 0 1 0 PINTYPE=OUT
A 85 -40 10 0 3 3 #=U16
P 384 105 -50 80 -50 0 3 0
L 78 -50 10 0 8 0 1 0 QKB1_N
A 105 -50 10 0 1 0 PINTYPE=OUT
A 85 -50 10 0 3 3 #=T17
P 387 105 -70 80 -70 0 3 0
L 78 -70 10 0 8 0 1 0 QVLDB0
A 105 -70 10 0 1 0 PINTYPE=OUT
A 85 -70 10 0 3 3 #=U3
P 390 105 -80 80 -80 0 3 0
L 78 -80 10 0 8 0 1 0 QVLDB1
A 105 -80 10 0 1 0 PINTYPE=OUT
A 85 -80 10 0 3 3 #=U17
P 393 105 -130 80 -130 0 3 0
L 78 -130 10 0 8 0 1 0 DINVB0
A 105 -130 10 0 1 0 PINTYPE=BI
A 85 -130 10 0 3 3 #=T8
P 396 105 -140 80 -140 0 3 0
L 78 -140 10 0 8 0 1 0 DINVB1
A 105 -140 10 0 1 0 PINTYPE=BI
A 85 -140 10 0 3 3 #=T12
P 399 105 -190 80 -190 0 3 0
L 78 -190 10 0 8 0 1 0 PE_N
A 105 -190 10 0 1 0 PINTYPE=OUT
A 85 -190 10 0 3 3 #=V10
P 402 105 -210 80 -210 0 3 0
L 78 -210 10 0 8 0 1 0 TDI
A 105 -210 10 0 1 0 PINTYPE=IN
A 85 -210 10 0 3 3 #=K1
P 405 105 -220 80 -220 0 3 0
L 78 -220 10 0 8 0 1 0 TCK
A 105 -220 10 0 1 0 PINTYPE=IN
A 85 -220 10 0 3 3 #=K3
P 408 105 -230 80 -230 0 3 0
L 78 -230 10 0 8 0 1 0 TMS
A 105 -230 10 0 1 0 PINTYPE=IN
A 85 -230 10 0 3 3 #=K17
P 411 105 -240 80 -240 0 3 0
L 78 -240 10 0 8 0 1 0 TDO
A 105 -240 10 0 1 0 PINTYPE=OUT
A 85 -240 10 0 3 3 #=K19
P 414 105 -250 80 -250 0 3 0
L 78 -250 10 0 8 0 1 0 TRST_N
A 105 -250 10 0 1 0 PINTYPE=IN
A 85 -250 10 0 3 3 #=K2
P 417 105 -100 80 -100 0 3 0
L 78 -100 10 0 8 0 1 0 LDB_N
A 105 -100 10 0 1 0 PINTYPE=IN
A 85 -100 10 0 3 3 #=H12
P 420 105 -110 80 -110 0 3 0
L 78 -110 10 0 8 0 1 0 RWB_N
A 105 -110 10 0 1 0 PINTYPE=IN
A 85 -110 10 0 3 3 #=L10
P 423 105 -160 80 -160 0 3 0
L 78 -160 10 0 8 0 1 0 LBK0_N
A 105 -160 10 0 1 0 PINTYPE=IN
A 85 -160 10 0 3 3 #=A10
P 426 105 -170 80 -170 0 3 0
L 78 -170 10 0 8 0 1 0 LBK1_N
A 105 -170 10 0 1 0 PINTYPE=IN
A 85 -170 10 0 3 3 #=B10
P 429 105 -270 80 -270 0 3 0
L 78 -270 10 0 8 0 1 0 ZQ_ZT
A 105 -270 10 0 1 0 PINTYPE=IN
A 85 -270 10 0 3 3 #=W10
P 432 105 -280 80 -280 0 3 0
L 78 -280 10 0 8 0 1 0 DNU1
A 105 -280 10 0 1 0 PINTYPE=IN
A 85 -280 10 0 3 3 #=T10
P 435 -30 445 -30 420 0 0 0
L -30 418 10 1 8 0 1 0 VREF1
A -30 445 10 0 1 0 PINTYPE=POWER
A -30 425 10 1 3 3 #=E4
P 438 -20 445 -20 420 0 0 0
L -20 418 10 1 8 0 1 0 VREF2
A -20 445 10 0 1 0 PINTYPE=POWER
A -20 425 10 1 3 3 #=E16
P 441 -10 445 -10 420 0 0 0
L -10 418 10 1 8 0 1 0 VREF3
A -10 445 10 0 1 0 PINTYPE=POWER
A -10 425 10 1 3 3 #=K8
P 444 0 445 0 420 0 0 0
L 0 418 10 1 8 0 1 0 VREF4
A 0 445 10 0 1 0 PINTYPE=POWER
A 0 425 10 1 3 3 #=K12
P 447 10 445 10 420 0 0 0
L 10 418 10 1 8 0 1 0 VREF5
A 10 445 10 0 1 0 PINTYPE=POWER
A 10 425 10 1 3 3 #=R4
P 450 20 445 20 420 0 0 0
L 20 418 10 1 8 0 1 0 VREF6
A 20 445 10 0 1 0 PINTYPE=POWER
A 20 425 10 1 3 3 #=R16
E 
