V 53
K 1399070055 dac124s085.1
F Case
|R 15:34:15_5-2-14
D 0 130 130 -15
Y 1
Z 10
i 14
U 0 -40 10 0 3 0 MANF_P/N=XXXX
U 20 -15 16 0 3 3 REFDES=U?
U 70 -10 10 0 3 3 PKG_TYPE=XXXX
U 20 115 10 0 3 3 DEVICE=DAC124S085
U 20 0 10 0 1 0 VALUE=DAC124S085
U 0 -15 10 0 1 0 FORWARD_PCB=1
b 20 5 110 115
P 1 0 100 20 100 0 2 0
L 25 95 10 0 3 0 1 0 VREFIN
A 0 100 10 0 3 0 PINTYPE=IN
A 10 100 10 0 3 3 #=7
P 2 130 80 110 80 0 3 0
L 105 80 10 0 8 0 1 0 VOUTA
A 130 80 10 0 9 0 PINTYPE=IN
A 120 80 10 0 9 3 #=2
P 4 130 20 110 20 0 3 0
L 105 20 10 0 8 0 1 0 VOUTD
A 130 20 10 0 9 0 PINTYPE=IN
A 120 20 10 0 9 3 #=5
P 5 130 60 110 60 0 3 0
L 105 60 10 0 8 0 1 0 VOUTB
A 130 60 10 0 9 0 PINTYPE=IN
A 120 60 10 0 9 3 #=3
P 6 0 80 20 80 0 2 0
L 25 75 10 0 3 0 1 0 SCLK
A 0 80 10 0 3 0 PINTYPE=IN
A 5 80 10 0 3 3 #=10
P 7 0 60 20 60 0 2 0
L 25 55 10 0 3 0 1 0 DIN
A 0 60 10 0 3 0 PINTYPE=IN
A 10 60 10 0 3 3 #=8
P 8 130 40 110 40 0 3 0
L 105 40 10 0 8 0 1 0 VOUTC
A 130 40 10 0 9 0 PINTYPE=IN
A 120 40 10 0 9 3 #=4
P 9 0 40 20 40 0 2 0
L 25 35 10 0 3 0 1 0 SYNC_B
A 0 40 10 0 3 0 PINTYPE=IN
A 10 40 10 0 3 3 #=9
P 48 130 100 110 100 0 3 0
L 105 100 10 0 8 0 1 0 VA
A 130 100 10 0 9 0 PINTYPE=IN
A 120 100 10 0 9 3 #=1
P 52 0 20 20 20 0 2 0
L 25 15 10 0 3 0 1 0 GND
A 0 20 10 0 3 0 PINTYPE=IN
A 10 20 10 0 3 3 #=6
E 
