V 51
K 331459801600 ddr3_1v5_240p_sm_skt
|R 19:46_12-8-10
Y 1
D 0 0 1250 200
Z 10
i 498
P 484 700 200 700 170 0 0 0
A 695 180 10 5 2 0 PINTYPE=IN
A 700 170 10 5 9 3 #=188
L 700 170 10 5 2 0 1 0 A0
P 498 630 200 630 170 0 0 0
A 625 180 10 5 2 0 PINTYPE=IN
A 630 170 10 5 9 3 #=181
L 630 170 10 5 2 0 1 0 A1
P 237 720 0 720 30 0 1 0
A 715 30 10 5 2 0 PINTYPE=IN
A 720 30 10 5 3 3 #=70
L 720 30 10 5 8 0 1 0 A10
P 224 570 0 570 30 0 1 0
A 565 30 10 5 2 0 PINTYPE=IN
A 570 30 10 5 3 3 #=55
L 570 30 10 5 8 0 1 0 A11
P 487 560 200 560 170 0 0 0
A 555 180 10 5 2 0 PINTYPE=IN
A 560 170 10 5 9 3 #=174
L 560 170 10 5 2 0 1 0 A12
P 468 780 200 780 170 0 0 0
A 775 180 10 5 2 0 PINTYPE=IN
A 780 170 10 5 9 3 #=196
L 780 170 10 5 2 0 1 0 A13
P 483 540 200 540 170 0 0 0
A 535 180 10 5 2 0 PINTYPE=IN
A 540 170 10 5 9 3 #=172
L 540 170 10 5 2 0 1 0 A14
P 481 530 200 530 170 0 0 0
A 525 180 10 5 2 0 PINTYPE=IN
A 530 170 10 5 9 3 #=171
L 530 170 10 5 2 0 1 0 A15
P 229 630 0 630 30 0 1 0
A 625 30 10 5 2 0 PINTYPE=IN
A 630 30 10 5 3 3 #=61
L 630 30 10 5 8 0 1 0 A2
P 336 620 200 620 170 0 0 0
A 615 180 10 5 2 0 PINTYPE=IN
A 620 170 10 5 9 3 #=180
L 620 170 10 5 2 0 1 0 A3
P 226 610 0 610 30 0 1 0
A 605 30 10 5 2 0 PINTYPE=IN
A 610 30 10 5 3 3 #=59
L 610 30 10 5 8 0 1 0 A4
P 227 600 0 600 30 0 1 0
A 595 30 10 5 2 0 PINTYPE=IN
A 600 30 10 5 3 3 #=58
L 600 30 10 5 8 0 1 0 A5
P 495 600 200 600 170 0 0 0
A 595 180 10 5 2 0 PINTYPE=IN
A 600 170 10 5 9 3 #=178
L 600 170 10 5 2 0 1 0 A6
P 225 580 0 580 30 0 1 0
A 575 30 10 5 2 0 PINTYPE=IN
A 580 30 10 5 3 3 #=56
L 580 30 10 5 8 0 1 0 A7
P 493 590 200 590 170 0 0 0
A 585 180 10 5 2 0 PINTYPE=IN
A 590 170 10 5 9 3 #=177
L 590 170 10 5 2 0 1 0 A8
P 489 570 200 570 170 0 0 0
A 565 180 10 5 2 0 PINTYPE=IN
A 570 170 10 5 9 3 #=175
L 570 170 10 5 2 0 1 0 A9
P 236 730 0 730 30 0 1 0
A 725 30 10 1 2 0 PINTYPE=IN
A 730 30 10 1 9 3 #=71
L 730 30 10 1 2 0 1 0 BA0
P 480 720 200 720 170 0 0 0
A 715 180 10 5 2 0 PINTYPE=IN
A 720 170 10 5 9 3 #=190
L 720 170 10 5 2 0 1 0 BA1
P 5 540 0 540 30 0 1 0
A 535 30 10 1 2 0 PINTYPE=IN
A 540 30 10 1 9 3 #=52
L 540 30 10 1 2 0 1 0 BA2
P 240 760 0 760 30 0 1 0
A 755 30 10 5 2 0 PINTYPE=IN
A 760 30 10 5 3 3 #=74
L 760 30 10 5 8 0 1 0 CAS_B
P 62 410 0 410 30 0 1 0
A 405 30 10 1 2 0 PINTYPE=BI
A 410 30 10 1 9 3 #=39
L 410 30 10 1 2 0 1 0 CB0
P 13 420 0 420 30 0 1 0
A 415 30 10 1 2 0 PINTYPE=BI
A 420 30 10 1 9 3 #=40
L 420 30 10 1 2 0 1 0 CB1
P 216 470 0 470 30 0 1 0
A 465 30 10 1 2 0 PINTYPE=BI
A 470 30 10 1 9 3 #=45
L 470 30 10 1 2 0 1 0 CB2
P 217 480 0 480 30 0 1 0
A 475 30 10 1 2 0 PINTYPE=BI
A 480 30 10 1 9 3 #=46
L 480 30 10 1 2 0 1 0 CB3
P 454 400 200 400 170 0 0 0
A 395 180 10 5 2 0 PINTYPE=BI
A 400 170 10 5 9 3 #=158
L 400 170 10 5 2 0 1 0 CB4
P 456 410 200 410 170 0 0 0
A 405 180 10 5 2 0 PINTYPE=BI
A 410 170 10 5 9 3 #=159
L 410 170 10 5 2 0 1 0 CB5
P 467 460 200 460 170 0 0 0
A 455 180 10 5 2 0 PINTYPE=BI
A 460 170 10 5 9 3 #=164
L 460 170 10 5 2 0 1 0 CB6
P 469 470 200 470 170 0 0 0
A 465 180 10 5 2 0 PINTYPE=BI
A 470 170 10 5 9 3 #=165
L 470 170 10 5 2 0 1 0 CB7
P 490 670 200 670 170 0 0 0
A 665 170 10 1 2 0 PINTYPE=IN
A 670 170 10 1 3 3 #=185
L 670 170 10 1 8 0 1 0 CK0_N
P 492 660 200 660 170 0 0 0
A 655 170 10 1 2 0 PINTYPE=IN
A 660 170 10 1 3 3 #=184
L 660 170 10 1 8 0 1 0 CK0_P
P 24 520 0 520 30 0 1 0
A 515 30 10 1 2 0 PINTYPE=IN
A 520 30 10 1 9 3 #=50
L 520 30 10 1 2 0 1 0 CKE0
P 477 510 200 510 170 0 0 0
A 505 170 10 1 2 0 PINTYPE=IN
A 510 170 10 1 3 3 #=169
L 510 170 10 1 8 0 1 0 CKE1
P 207 70 200 70 170 0 0 0
A 65 180 10 5 2 0 PINTYPE=IN
A 70 170 10 5 9 3 #=125
L 70 167 10 5 2 0 1 0 DM0_TDQS9_P
Q 15 5 0
P 400 160 200 160 170 0 0 0
A 155 180 10 5 2 0 PINTYPE=IN
A 160 170 10 5 9 3 #=134
L 160 167 10 5 2 0 1 0 DM1_TDQS10_P
Q 15 5 0
P 423 250 200 250 170 0 0 0
A 245 180 10 5 2 0 PINTYPE=IN
A 250 170 10 5 9 3 #=143
L 250 167 10 5 2 0 1 0 DM2_TDQS11_P
Q 15 5 0
P 441 340 200 340 170 0 0 0
A 335 180 10 5 2 0 PINTYPE=IN
A 340 170 10 5 9 3 #=152
L 340 167 10 5 2 0 1 0 DM3_TDQS12_P
Q 15 5 0
P 453 850 200 850 170 0 0 0
A 845 180 10 5 2 0 PINTYPE=IN
A 850 170 10 5 9 3 #=203
L 850 167 10 5 2 0 1 0 DM4_TDQS13_P
Q 15 5 0
P 434 940 200 940 170 0 0 0
A 935 180 10 5 2 0 PINTYPE=IN
A 940 170 10 5 9 3 #=212
L 940 167 10 5 2 0 1 0 DM5_TDQS14_P
Q 15 5 0
P 411 1030 200 1030 170 0 0 0
A 1025 180 10 5 2 0 PINTYPE=IN
A 1030 170 10 5 9 3 #=221
L 1030 167 10 5 2 0 1 0 DM6_TDQS15_P
Q 15 5 0
P 418 1120 200 1120 170 0 0 0
A 1115 180 10 5 2 0 PINTYPE=IN
A 1120 170 10 5 9 3 #=230
L 1120 167 10 5 2 0 1 0 DM7_TDQS16_P
Q 15 5 0
P 460 430 200 430 170 0 0 0
A 425 180 10 5 2 0 PINTYPE=IN
A 430 170 10 5 9 3 #=161
L 430 167 10 5 2 0 1 0 DM8_TDQS17_P
Q 15 5 0
P 1 50 0 50 30 0 1 0
A 45 40 10 1 2 0 PINTYPE=BI
A 50 30 10 1 9 3 #=3
L 50 30 10 1 2 0 1 0 DQ0
P 35 60 0 60 30 0 1 0
A 55 40 10 1 2 0 PINTYPE=BI
A 60 30 10 1 9 3 #=4
L 60 30 10 1 2 0 1 0 DQ1
P 3 200 0 200 30 0 1 0
A 195 30 10 1 2 0 PINTYPE=BI
A 200 30 10 1 9 3 #=18
L 200 30 10 1 2 0 1 0 DQ10
P 4 210 0 210 30 0 1 0
A 215 30 10 1 2 0 PINTYPE=BI
A 210 30 10 1 9 3 #=19
L 210 30 10 1 2 0 1 0 DQ11
P 296 130 200 130 170 0 0 0
A 125 180 10 5 2 0 PINTYPE=BI
A 130 170 10 5 9 3 #=131
L 130 170 10 5 2 0 1 0 DQ12
P 297 140 200 140 170 0 0 0
A 135 180 10 5 2 0 PINTYPE=BI
A 140 170 10 5 9 3 #=132
L 140 170 10 5 2 0 1 0 DQ13
P 406 190 200 190 170 0 0 0
A 185 180 10 5 2 0 PINTYPE=BI
A 190 170 10 5 9 3 #=137
L 190 170 10 5 2 0 1 0 DQ14
P 408 200 200 200 170 0 0 0
A 195 180 10 5 2 0 PINTYPE=BI
A 200 170 10 5 9 3 #=138
L 200 170 10 5 2 0 1 0 DQ15
P 9 230 0 230 30 0 1 0
A 225 30 10 1 2 0 PINTYPE=BI
A 230 30 10 1 9 3 #=21
L 230 30 10 1 2 0 1 0 DQ16
P 10 240 0 240 30 0 1 0
A 235 30 10 1 2 0 PINTYPE=BI
A 240 30 10 1 9 3 #=22
L 240 30 10 1 2 0 1 0 DQ17
P 11 290 0 290 30 0 1 0
A 285 30 10 1 2 0 PINTYPE=BI
A 290 30 10 1 9 3 #=27
L 290 30 10 1 2 0 1 0 DQ18
P 12 300 0 300 30 0 1 0
A 295 30 10 1 2 0 PINTYPE=BI
A 300 30 10 1 9 3 #=28
L 300 30 10 1 2 0 1 0 DQ19
P 46 110 0 110 30 0 1 0
A 105 40 10 1 2 0 PINTYPE=BI
A 110 30 10 1 9 3 #=9
L 110 30 10 1 2 0 1 0 DQ2
P 417 220 200 220 170 0 0 0
A 215 180 10 5 2 0 PINTYPE=BI
A 220 170 10 5 9 3 #=140
L 220 170 10 5 2 0 1 0 DQ20
P 419 230 200 230 170 0 0 0
A 225 180 10 5 2 0 PINTYPE=BI
A 230 170 10 5 9 3 #=141
L 230 170 10 5 2 0 1 0 DQ21
P 429 280 200 280 170 0 0 0
A 275 180 10 5 2 0 PINTYPE=BI
A 280 170 10 5 9 3 #=146
L 280 170 10 5 2 0 1 0 DQ22
P 431 290 200 290 170 0 0 0
A 285 180 10 5 2 0 PINTYPE=BI
A 290 170 10 5 9 3 #=147
L 290 170 10 5 2 0 1 0 DQ23
P 18 320 0 320 30 0 1 0
A 315 30 10 1 2 0 PINTYPE=BI
A 320 30 10 1 9 3 #=30
L 320 30 10 1 2 0 1 0 DQ24
P 19 330 0 330 30 0 1 0
A 325 30 10 1 2 0 PINTYPE=BI
A 330 30 10 1 9 3 #=31
L 330 30 10 1 2 0 1 0 DQ25
P 20 380 0 380 30 0 1 0
A 375 30 10 1 2 0 PINTYPE=BI
A 380 30 10 1 9 3 #=36
L 380 30 10 1 2 0 1 0 DQ26
P 21 390 0 390 30 0 1 0
A 385 30 10 1 2 0 PINTYPE=BI
A 390 30 10 1 9 3 #=37
L 390 30 10 1 2 0 1 0 DQ27
P 435 310 200 310 170 0 0 0
A 305 180 10 5 2 0 PINTYPE=BI
A 310 170 10 5 9 3 #=149
L 310 170 10 5 2 0 1 0 DQ28
P 437 320 200 320 170 0 0 0
A 315 180 10 5 2 0 PINTYPE=BI
A 320 170 10 5 9 3 #=150
L 320 170 10 5 2 0 1 0 DQ29
P 90 120 0 120 30 0 1 0
A 115 30 10 1 2 0 PINTYPE=BI
A 120 30 10 1 9 3 #=10
L 120 30 10 1 2 0 1 0 DQ3
P 447 370 200 370 170 0 0 0
A 365 180 10 5 2 0 PINTYPE=BI
A 370 170 10 5 9 3 #=155
L 370 170 10 5 2 0 1 0 DQ30
P 449 380 200 380 170 0 0 0
A 375 180 10 5 2 0 PINTYPE=BI
A 380 170 10 5 9 3 #=156
L 380 170 10 5 2 0 1 0 DQ31
P 246 830 0 830 30 0 1 0
A 825 30 10 1 2 0 PINTYPE=BI
A 830 30 10 1 9 3 #=81
L 830 30 10 1 2 0 1 0 DQ32
P 247 840 0 840 30 0 1 0
A 835 30 10 1 2 0 PINTYPE=BI
A 840 30 10 1 9 3 #=82
L 840 30 10 1 2 0 1 0 DQ33
P 252 890 0 890 30 0 1 0
A 885 30 10 1 2 0 PINTYPE=BI
A 890 30 10 1 9 3 #=87
L 890 30 10 1 2 0 1 0 DQ34
P 253 900 0 900 30 0 1 0
A 895 30 10 1 2 0 PINTYPE=BI
A 900 30 10 1 9 3 #=88
L 900 30 10 1 2 0 1 0 DQ35
P 459 820 200 820 170 0 0 0
A 815 180 10 5 2 0 PINTYPE=BI
A 820 170 10 5 9 3 #=200
L 820 170 10 5 2 0 1 0 DQ36
P 457 830 200 830 170 0 0 0
A 825 180 10 5 2 0 PINTYPE=BI
A 830 170 10 5 9 3 #=201
L 830 170 10 5 2 0 1 0 DQ37
P 446 880 200 880 170 0 0 0
A 875 180 10 5 2 0 PINTYPE=BI
A 880 170 10 5 9 3 #=206
L 880 170 10 5 2 0 1 0 DQ38
P 444 890 200 890 170 0 0 0
A 885 180 10 5 2 0 PINTYPE=BI
A 890 170 10 5 9 3 #=207
L 890 170 10 5 2 0 1 0 DQ39
P 27 40 200 40 170 0 0 0
A 35 180 10 5 2 0 PINTYPE=BI
A 40 170 10 5 9 3 #=122
L 40 170 10 5 2 0 1 0 DQ4
P 259 920 0 920 30 0 1 0
A 915 40 10 1 2 0 PINTYPE=BI
A 920 30 10 1 9 3 #=90
L 920 30 10 1 2 0 1 0 DQ40
P 258 930 0 930 30 0 1 0
A 925 40 10 1 2 0 PINTYPE=BI
A 930 30 10 1 9 3 #=91
L 930 30 10 1 2 0 1 0 DQ41
P 261 980 0 980 30 0 1 0
A 975 40 10 1 2 0 PINTYPE=BI
A 980 30 10 1 9 3 #=96
L 980 30 10 1 2 0 1 0 DQ42
P 262 990 0 990 30 0 1 0
A 985 30 10 1 2 0 PINTYPE=BI
A 990 30 10 1 9 3 #=97
L 990 30 10 1 2 0 1 0 DQ43
P 440 910 200 910 170 0 0 0
A 905 180 10 5 2 0 PINTYPE=BI
A 910 170 10 5 9 3 #=209
L 910 170 10 5 2 0 1 0 DQ44
P 438 920 200 920 170 0 0 0
A 915 180 10 5 2 0 PINTYPE=BI
A 920 170 10 5 9 3 #=210
L 920 170 10 5 2 0 1 0 DQ45
P 428 970 200 970 170 0 0 0
A 965 180 10 5 2 0 PINTYPE=BI
A 970 170 10 5 9 3 #=215
L 970 170 10 5 2 0 1 0 DQ46
P 426 980 200 980 170 0 0 0
A 975 180 10 5 2 0 PINTYPE=BI
A 980 170 10 5 9 3 #=216
L 980 170 10 5 2 0 1 0 DQ47
P 264 1010 0 1010 30 0 1 0
A 1005 40 10 1 2 0 PINTYPE=BI
A 1010 30 10 1 9 3 #=99
L 1010 30 10 1 2 0 1 0 DQ48
P 265 1020 0 1020 30 0 1 0
A 1015 30 10 1 2 0 PINTYPE=BI
A 1020 30 10 1 9 3 #=100
L 1020 30 10 1 2 0 1 0 DQ49
P 31 50 200 50 170 0 0 0
A 45 180 10 5 2 0 PINTYPE=BI
A 50 170 10 5 9 3 #=123
L 50 170 10 5 2 0 1 0 DQ5
P 271 1070 0 1070 30 0 1 0
A 1065 30 10 1 2 0 PINTYPE=BI
A 1070 30 10 1 9 3 #=105
L 1070 30 10 1 2 0 1 0 DQ50
P 270 1080 0 1080 30 0 1 0
A 1085 30 10 1 2 0 PINTYPE=BI
A 1080 30 10 1 9 3 #=106
L 1080 30 10 1 2 0 1 0 DQ51
P 422 1000 200 1000 170 0 0 0
A 995 180 10 5 2 0 PINTYPE=BI
A 1000 170 10 5 9 3 #=218
L 1000 170 10 5 2 0 1 0 DQ52
P 420 1010 200 1010 170 0 0 0
A 1005 180 10 5 2 0 PINTYPE=BI
A 1010 170 10 5 9 3 #=219
L 1010 170 10 5 2 0 1 0 DQ53
P 405 1060 200 1060 170 0 0 0
A 1055 180 10 5 2 0 PINTYPE=BI
A 1060 170 10 5 9 3 #=224
L 1060 170 10 5 2 0 1 0 DQ54
P 403 1070 200 1070 170 0 0 0
A 1065 180 10 5 2 0 PINTYPE=BI
A 1070 170 10 5 9 3 #=225
L 1070 170 10 5 2 0 1 0 DQ55
P 273 1100 0 1100 30 0 1 0
A 1095 30 10 1 2 0 PINTYPE=BI
A 1100 30 10 1 9 3 #=108
L 1100 30 10 1 2 0 1 0 DQ56
P 274 1110 0 1110 30 0 1 0
A 1105 30 10 1 2 0 PINTYPE=BI
A 1110 30 10 1 9 3 #=109
L 1110 30 10 1 2 0 1 0 DQ57
P 279 1160 0 1160 30 0 1 0
A 1155 30 10 1 2 0 PINTYPE=BI
A 1160 30 10 1 9 3 #=114
L 1160 30 10 1 2 0 1 0 DQ58
P 280 1170 0 1170 30 0 1 0
A 1165 30 10 1 2 0 PINTYPE=BI
A 1170 30 10 1 9 3 #=115
L 1170 30 10 1 2 0 1 0 DQ59
P 287 100 200 100 170 0 0 0
A 95 180 10 5 2 0 PINTYPE=BI
A 100 170 10 5 9 3 #=128
L 100 170 10 5 2 0 1 0 DQ6
P 399 1090 200 1090 170 0 0 0
A 1085 180 10 5 2 0 PINTYPE=BI
A 1090 170 10 5 9 3 #=227
L 1090 170 10 5 2 0 1 0 DQ60
P 397 1100 200 1100 170 0 0 0
A 1095 180 10 5 2 0 PINTYPE=BI
A 1100 170 10 5 9 3 #=228
L 1100 170 10 5 2 0 1 0 DQ61
P 387 1150 200 1150 170 0 0 0
A 1145 180 10 5 2 0 PINTYPE=BI
A 1150 170 10 5 9 3 #=233
L 1150 170 10 5 2 0 1 0 DQ62
P 388 1160 200 1160 170 0 0 0
A 1155 180 10 5 2 0 PINTYPE=BI
A 1160 170 10 5 9 3 #=234
L 1160 170 10 5 2 0 1 0 DQ63
P 288 110 200 110 170 0 0 0
A 105 180 10 5 2 0 PINTYPE=BI
A 110 170 10 5 9 3 #=129
L 110 170 10 5 2 0 1 0 DQ7
P 2 140 0 140 30 0 1 0
A 135 40 10 1 2 0 PINTYPE=BI
A 140 30 10 1 9 3 #=12
L 140 30 10 1 2 0 1 0 DQ8
P 57 150 0 150 30 0 1 0
A 145 30 10 1 2 0 PINTYPE=BI
A 150 30 10 1 9 3 #=13
L 150 30 10 1 2 0 1 0 DQ9
P 73 80 0 80 30 0 1 0
A 75 30 10 1 2 0 PINTYPE=BI
A 80 30 10 1 9 3 #=6
L 80 30 10 1 2 0 1 0 DQS0_N
P 65 90 0 90 30 0 1 0
A 85 30 10 1 2 0 PINTYPE=BI
A 90 30 10 1 9 3 #=7
L 90 30 10 1 2 0 1 0 DQS0_P
P 74 170 0 170 30 0 1 0
A 165 30 10 1 2 0 PINTYPE=BI
A 170 30 10 1 9 3 #=15
L 170 30 10 1 2 0 1 0 DQS1_N
P 66 180 0 180 30 0 1 0
A 175 30 10 1 2 0 PINTYPE=BI
A 180 30 10 1 9 3 #=16
L 180 30 10 1 2 0 1 0 DQS1_P
P 75 260 0 260 30 0 1 0
A 255 30 10 1 2 0 PINTYPE=BI
A 260 30 10 1 9 3 #=24
L 260 30 10 1 2 0 1 0 DQS2_N
P 67 270 0 270 30 0 1 0
A 265 30 10 1 2 0 PINTYPE=BI
A 270 30 10 1 9 3 #=25
L 270 30 10 1 2 0 1 0 DQS2_P
P 76 350 0 350 30 0 1 0
A 345 30 10 1 2 0 PINTYPE=BI
A 350 30 10 1 9 3 #=33
L 350 30 10 1 2 0 1 0 DQS3_N
P 68 360 0 360 30 0 1 0
A 355 30 10 1 2 0 PINTYPE=BI
A 360 30 10 1 9 3 #=34
L 360 30 10 1 2 0 1 0 DQS3_P
P 249 860 0 860 30 0 1 0
A 855 30 10 1 2 0 PINTYPE=BI
A 860 30 10 1 9 3 #=84
L 860 30 10 1 2 0 1 0 DQS4_N
P 250 870 0 870 30 0 1 0
A 865 30 10 1 2 0 PINTYPE=BI
A 870 30 10 1 9 3 #=85
L 870 30 10 1 2 0 1 0 DQS4_P
P 257 950 0 950 30 0 1 0
A 945 30 10 1 2 0 PINTYPE=BI
A 950 30 10 1 9 3 #=93
L 950 30 10 1 2 0 1 0 DQS5_N
P 256 960 0 960 30 0 1 0
A 955 30 10 1 2 0 PINTYPE=BI
A 960 30 10 1 9 3 #=94
L 960 30 10 1 2 0 1 0 DQS5_P
P 268 1040 0 1040 30 0 1 0
A 1035 30 10 1 2 0 PINTYPE=BI
A 1040 30 10 1 9 3 #=102
L 1040 30 10 1 2 0 1 0 DQS6_N
P 267 1050 0 1050 30 0 1 0
A 1045 30 10 1 2 0 PINTYPE=BI
A 1050 30 10 1 9 3 #=103
L 1050 30 10 1 2 0 1 0 DQS6_P
P 276 1130 0 1130 30 0 1 0
A 1125 30 10 1 2 0 PINTYPE=BI
A 1130 30 10 1 9 3 #=111
L 1130 30 10 1 2 0 1 0 DQS7_N
P 277 1140 0 1140 30 0 1 0
A 1135 30 10 1 2 0 PINTYPE=BI
A 1140 30 10 1 9 3 #=112
L 1140 30 10 1 2 0 1 0 DQS7_P
P 212 440 0 440 30 0 1 0
A 435 30 10 1 2 0 PINTYPE=BI
A 440 30 10 1 9 3 #=42
L 440 30 10 1 2 0 1 0 DQS8_N
P 213 450 0 450 30 0 1 0
A 445 30 10 1 2 0 PINTYPE=BI
A 450 30 10 1 9 3 #=43
L 450 30 10 1 2 0 1 0 DQS8_P
P 6 550 0 550 30 0 1 0
A 545 30 10 1 2 0 PINTYPE=OUT
A 550 30 10 1 9 3 #=53
L 550 30 10 1 2 0 1 0 ERR_OUT_B
P 486 690 200 690 170 0 0 0
A 685 170 10 1 2 0 PINTYPE=OUT
A 690 170 10 1 3 3 #=187
L 690 170 10 1 8 0 1 0 EVENT_B
P 473 490 200 490 170 0 0 0
A 485 180 10 5 2 0 PINTYPE=IN
A 490 170 10 5 9 3 #=167
L 490 170 10 5 2 0 1 0 NC3
P 230 660 0 660 30 0 1 0
A 655 30 10 5 2 0 PINTYPE=IN
A 660 30 10 5 3 3 #=64
L 660 30 10 5 8 0 1 0 NC_CK1_N
P 162 650 0 650 30 0 1 0
A 645 30 10 5 2 0 PINTYPE=IN
A 650 30 10 5 3 3 #=63
L 650 30 10 5 8 0 1 0 NC_CK1_P
P 402 170 200 170 170 0 0 0
A 165 180 10 5 2 0 PINTYPE=IN
A 170 170 10 5 9 3 #=135
L 170 167 10 5 2 0 1 0 NU_TDQS10_N
Q 15 5 0
P 425 260 200 260 170 0 0 0
A 255 180 10 5 2 0 PINTYPE=IN
A 260 170 10 5 9 3 #=144
L 260 167 10 5 2 0 1 0 NU_TDQS11_N
Q 15 5 0
P 443 350 200 350 170 0 0 0
A 345 180 10 5 2 0 PINTYPE=IN
A 350 170 10 5 9 3 #=153
L 350 167 10 5 2 0 1 0 NU_TDQS12_N
Q 15 5 0
P 451 860 200 860 170 0 0 0
A 855 180 10 5 2 0 PINTYPE=IN
A 860 170 10 5 9 3 #=204
L 860 167 10 5 2 0 1 0 NU_TDQS13_N
Q 15 5 0
P 432 950 200 950 170 0 0 0
A 945 180 10 5 2 0 PINTYPE=IN
A 950 170 10 5 9 3 #=213
L 950 167 10 5 2 0 1 0 NU_TDQS14_N
Q 15 5 0
P 409 1040 200 1040 170 0 0 0
A 1035 180 10 5 2 0 PINTYPE=IN
A 1040 170 10 5 9 3 #=222
L 1040 167 10 5 2 0 1 0 NU_TDQS15_N
Q 15 5 0
P 416 1130 200 1130 170 0 0 0
A 1125 180 10 5 2 0 PINTYPE=IN
A 1130 170 10 5 9 3 #=231
L 1130 167 10 5 2 0 1 0 NU_TDQS16_N
Q 15 5 0
P 462 440 200 440 170 0 0 0
A 435 180 10 5 2 0 PINTYPE=IN
A 440 170 10 5 9 3 #=162
L 440 167 10 5 2 0 1 0 NU_TDQS17_N
Q 15 5 0
P 285 80 200 80 170 0 0 0
A 75 180 10 5 2 0 PINTYPE=IN
A 80 170 10 5 9 3 #=126
L 80 167 10 5 2 0 1 0 NU_TDQS9_N
Q 15 5 0
P 470 770 200 770 170 0 0 0
A 765 170 10 1 2 0 PINTYPE=IN
A 770 170 10 1 3 3 #=195
L 770 170 10 1 8 0 1 0 ODT0
P 245 790 0 790 30 0 1 0
A 785 30 10 5 2 0 PINTYPE=IN
A 790 30 10 5 3 3 #=77
L 790 30 10 5 8 0 1 0 ODT1
P 234 700 0 700 30 0 1 0
A 695 30 10 5 2 0 PINTYPE=IN
A 700 30 10 5 3 3 #=68
L 700 30 10 5 8 0 1 0 PAR_IN
P 476 740 200 740 170 0 0 0
A 735 170 10 1 2 0 PINTYPE=IN
A 740 170 10 1 3 3 #=192
L 740 170 10 1 8 0 1 0 RAS_B
P 475 500 200 500 170 0 0 0
A 495 180 10 5 2 0 PINTYPE=IN
A 500 170 10 5 9 3 #=168
L 500 170 10 5 2 0 1 0 RESET_B
P 474 750 200 750 170 0 0 0
A 745 180 10 5 2 0 PINTYPE=IN
A 750 170 10 5 9 3 #=193
L 750 170 10 5 2 0 1 0 S0_B
P 243 780 0 780 30 0 1 0
A 775 30 10 5 2 0 PINTYPE=IN
A 780 30 10 5 3 3 #=76
L 780 30 10 5 8 0 1 0 S1_B
P 244 810 0 810 30 0 1 0
A 805 30 10 5 2 0 PINTYPE=IN
A 810 30 10 5 3 3 #=79
L 810 30 10 5 8 0 1 0 S2_B
P 463 800 200 800 170 0 0 0
A 795 180 10 5 2 0 PINTYPE=IN
A 800 170 10 5 9 3 #=198
L 800 170 10 5 2 0 1 0 S3_B
P 193 1190 0 1190 30 0 1 0
A 1185 30 10 5 2 0 PINTYPE=IN
A 1190 30 10 5 3 3 #=117
L 1190 30 10 5 8 0 1 0 SA0
P 385 1190 200 1190 170 0 0 0
A 1185 180 10 5 2 0 PINTYPE=IN
A 1190 170 10 5 9 3 #=237
L 1190 170 10 5 2 0 1 0 SA1
P 283 1210 0 1210 30 0 1 0
A 1205 30 10 5 2 0 PINTYPE=IN
A 1210 30 10 5 3 3 #=119
L 1210 30 10 5 8 0 1 0 SA2
P 284 1200 0 1200 30 0 1 0
A 1195 30 10 5 2 0 PINTYPE=IN
A 1200 30 10 5 3 3 #=118
L 1200 30 10 5 8 0 1 0 SCL
P 393 1200 200 1200 170 0 0 0
A 1195 180 10 5 2 0 PINTYPE=BI
A 1200 170 10 5 9 3 #=238
L 1200 170 10 5 2 0 1 0 SDA
P 218 530 0 530 30 0 1 0
A 525 30 10 5 2 0 PINTYPE=IN
A 530 30 10 5 3 3 #=51
L 530 30 10 5 8 0 1 0 VDD1
P 241 770 0 770 30 0 1 0
A 765 30 10 5 2 0 PINTYPE=IN
A 770 30 10 5 3 3 #=75
L 770 30 10 5 8 0 1 0 VDD10
P 242 800 0 800 30 0 1 0
A 795 30 10 5 2 0 PINTYPE=IN
A 800 30 10 5 3 3 #=78
L 800 30 10 5 8 0 1 0 VDD11
P 479 520 200 520 170 0 0 0
A 515 170 10 1 2 0 PINTYPE=IN
A 520 170 10 1 3 3 #=170
L 520 170 10 1 8 0 1 0 VDD12
P 485 550 200 550 170 0 0 0
A 545 170 10 1 2 0 PINTYPE=IN
A 550 170 10 1 3 3 #=173
L 550 170 10 1 8 0 1 0 VDD13
P 491 580 200 580 170 0 0 0
A 575 170 10 1 2 0 PINTYPE=IN
A 580 170 10 1 3 3 #=176
L 580 170 10 1 8 0 1 0 VDD14
P 497 610 200 610 170 0 0 0
A 605 170 10 1 2 0 PINTYPE=IN
A 610 170 10 1 3 3 #=179
L 610 170 10 1 8 0 1 0 VDD15
P 496 640 200 640 170 0 0 0
A 635 170 10 1 2 0 PINTYPE=IN
A 640 170 10 1 3 3 #=182
L 640 170 10 1 8 0 1 0 VDD16
P 494 650 200 650 170 0 0 0
A 645 170 10 1 2 0 PINTYPE=IN
A 650 170 10 1 3 3 #=183
L 650 170 10 1 8 0 1 0 VDD17
P 488 680 200 680 170 0 0 0
A 675 170 10 1 2 0 PINTYPE=IN
A 680 170 10 1 3 3 #=186
L 680 170 10 1 8 0 1 0 VDD18
P 482 710 200 710 170 0 0 0
A 705 170 10 1 2 0 PINTYPE=IN
A 710 170 10 1 3 3 #=189
L 710 170 10 1 8 0 1 0 VDD19
P 219 560 0 560 30 0 1 0
A 555 30 10 5 2 0 PINTYPE=IN
A 560 30 10 5 3 3 #=54
L 560 30 10 5 8 0 1 0 VDD2
P 478 730 200 730 170 0 0 0
A 725 170 10 1 2 0 PINTYPE=IN
A 730 170 10 1 3 3 #=191
L 730 170 10 1 8 0 1 0 VDD20
P 472 760 200 760 170 0 0 0
A 755 170 10 1 2 0 PINTYPE=IN
A 760 170 10 1 3 3 #=194
L 760 170 10 1 8 0 1 0 VDD21
P 466 790 200 790 170 0 0 0
A 785 170 10 1 2 0 PINTYPE=IN
A 790 170 10 1 3 3 #=197
L 790 170 10 1 8 0 1 0 VDD22
P 222 590 0 590 30 0 1 0
A 585 30 10 5 2 0 PINTYPE=IN
A 590 30 10 5 3 3 #=57
L 590 30 10 5 8 0 1 0 VDD3
P 223 620 0 620 30 0 1 0
A 615 30 10 5 2 0 PINTYPE=IN
A 620 30 10 5 3 3 #=60
L 620 30 10 5 8 0 1 0 VDD4
P 228 640 0 640 30 0 1 0
A 635 30 10 5 2 0 PINTYPE=IN
A 640 30 10 5 3 3 #=62
L 640 30 10 5 8 0 1 0 VDD5
P 231 670 0 670 30 0 1 0
A 665 30 10 5 2 0 PINTYPE=IN
A 670 30 10 5 3 3 #=65
L 670 30 10 5 8 0 1 0 VDD6
P 232 680 0 680 30 0 1 0
A 675 30 10 5 2 0 PINTYPE=IN
A 680 30 10 5 3 3 #=66
L 680 30 10 5 8 0 1 0 VDD7
P 235 710 0 710 30 0 1 0
A 705 30 10 5 2 0 PINTYPE=IN
A 710 30 10 5 3 3 #=69
L 710 30 10 5 8 0 1 0 VDD8
P 238 740 0 740 30 0 1 0
A 735 30 10 5 2 0 PINTYPE=IN
A 740 30 10 5 3 3 #=72
L 740 30 10 5 8 0 1 0 VDD9
P 384 1180 200 1180 170 0 0 0
A 1175 180 10 5 2 0 PINTYPE=IN
A 1180 170 10 5 9 3 #=236
L 1180 170 10 5 2 0 1 0 VDDSPD
P 208 30 0 30 30 0 1 0
L 30 30 10 1 2 0 1 0 VREFDQ
A 30 30 10 3 1 0 PINTYPE=IN
A 20 20 10 1 1 3 #=1
P 233 690 0 690 30 0 1 0
A 685 30 10 5 2 0 PINTYPE=IN
A 690 30 10 5 3 3 #=67
L 690 30 9 5 8 0 1 0 VREF_CA
P 210 40 0 40 30 0 1 0
A 35 30 10 5 2 0 PINTYPE=IN
A 40 30 10 5 3 3 #=2
L 40 30 10 5 8 0 1 0 VSS1
P 152 310 0 310 30 0 1 0
A 305 30 10 5 2 0 PINTYPE=IN
A 310 30 10 5 3 3 #=29
L 310 30 10 5 8 0 1 0 VSS10
P 153 340 0 340 30 0 1 0
A 335 30 10 5 2 0 PINTYPE=IN
A 340 30 10 5 3 3 #=32
L 340 30 10 5 8 0 1 0 VSS11
P 154 370 0 370 30 0 1 0
A 365 30 10 5 2 0 PINTYPE=IN
A 370 30 10 5 3 3 #=35
L 370 30 10 5 8 0 1 0 VSS12
P 155 400 0 400 30 0 1 0
A 395 30 10 5 2 0 PINTYPE=IN
A 400 30 10 5 3 3 #=38
L 400 30 10 5 8 0 1 0 VSS13
P 157 430 0 430 30 0 1 0
A 425 30 10 5 2 0 PINTYPE=IN
A 430 30 10 5 3 3 #=41
L 430 30 10 5 8 0 1 0 VSS14
P 214 460 0 460 30 0 1 0
A 455 30 10 5 2 0 PINTYPE=IN
A 460 30 10 5 3 3 #=44
L 460 30 10 5 8 0 1 0 VSS15
P 215 490 0 490 30 0 1 0
A 485 30 10 5 2 0 PINTYPE=IN
A 490 30 10 5 3 3 #=47
L 490 30 10 5 8 0 1 0 VSS16
P 163 820 0 820 30 0 1 0
A 815 30 10 5 2 0 PINTYPE=IN
A 820 30 10 5 3 3 #=80
L 820 30 10 5 8 0 1 0 VSS17
P 248 850 0 850 30 0 1 0
A 845 30 10 5 2 0 PINTYPE=IN
A 850 30 10 5 3 3 #=83
L 850 30 10 5 8 0 1 0 VSS18
P 251 880 0 880 30 0 1 0
A 875 30 10 5 2 0 PINTYPE=IN
A 880 30 10 5 3 3 #=86
L 880 30 10 5 8 0 1 0 VSS19
P 147 70 0 70 30 0 1 0
A 65 30 10 5 2 0 PINTYPE=IN
A 70 30 10 5 3 3 #=5
L 70 30 10 5 8 0 1 0 VSS2
P 254 910 0 910 30 0 1 0
A 905 30 10 5 2 0 PINTYPE=IN
A 910 30 10 5 3 3 #=89
L 910 30 10 5 8 0 1 0 VSS20
P 255 940 0 940 30 0 1 0
A 935 30 10 5 2 0 PINTYPE=IN
A 940 30 10 5 3 3 #=92
L 940 30 10 5 8 0 1 0 VSS21
P 260 970 0 970 30 0 1 0
A 965 30 10 5 2 0 PINTYPE=IN
A 970 30 10 5 3 3 #=95
L 970 30 10 5 8 0 1 0 VSS22
P 263 1000 0 1000 30 0 1 0
A 995 30 10 5 2 0 PINTYPE=IN
A 1000 30 10 5 3 3 #=98
L 1000 30 10 5 8 0 1 0 VSS23
P 266 1030 0 1030 30 0 1 0
A 1025 30 10 5 2 0 PINTYPE=IN
A 1030 30 10 5 3 3 #=101
L 1030 30 10 5 8 0 1 0 VSS24
P 269 1060 0 1060 30 0 1 0
A 1055 30 10 5 2 0 PINTYPE=IN
A 1060 30 10 5 3 3 #=104
L 1060 30 10 5 8 0 1 0 VSS25
P 272 1090 0 1090 30 0 1 0
A 1085 30 10 5 2 0 PINTYPE=IN
A 1090 30 10 5 3 3 #=107
L 1090 30 10 5 8 0 1 0 VSS26
P 275 1120 0 1120 30 0 1 0
A 1115 30 10 5 2 0 PINTYPE=IN
A 1120 30 10 5 3 3 #=110
L 1120 30 10 5 8 0 1 0 VSS27
P 278 1150 0 1150 30 0 1 0
A 1145 30 10 5 2 0 PINTYPE=IN
A 1150 30 10 5 3 3 #=113
L 1150 30 10 5 8 0 1 0 VSS28
P 281 1180 0 1180 30 0 1 0
A 1175 30 10 5 2 0 PINTYPE=IN
A 1180 30 10 5 3 3 #=116
L 1180 30 10 5 8 0 1 0 VSS29
P 176 100 0 100 30 0 1 0
A 95 30 10 5 2 0 PINTYPE=IN
A 100 30 10 5 3 3 #=8
L 100 30 10 5 8 0 1 0 VSS3
P 135 30 200 30 170 0 0 0
A 25 170 10 1 2 0 PINTYPE=IN
A 30 170 10 1 3 3 #=121
L 30 170 10 1 8 0 1 0 VSS30
P 146 60 200 60 170 0 0 0
A 55 170 10 1 2 0 PINTYPE=IN
A 60 170 10 1 3 3 #=124
L 60 170 10 1 8 0 1 0 VSS31
P 286 90 200 90 170 0 0 0
A 85 170 10 1 2 0 PINTYPE=IN
A 90 170 10 1 3 3 #=127
L 90 170 10 1 8 0 1 0 VSS32
P 289 120 200 120 170 0 0 0
A 115 170 10 1 2 0 PINTYPE=IN
A 120 170 10 1 3 3 #=130
L 120 170 10 1 8 0 1 0 VSS33
P 398 150 200 150 170 0 0 0
A 145 170 10 1 2 0 PINTYPE=IN
A 150 170 10 1 3 3 #=133
L 150 170 10 1 8 0 1 0 VSS34
P 404 180 200 180 170 0 0 0
A 175 170 10 1 2 0 PINTYPE=IN
A 180 170 10 1 3 3 #=136
L 180 170 10 1 8 0 1 0 VSS35
P 415 210 200 210 170 0 0 0
A 205 170 10 1 2 0 PINTYPE=IN
A 210 170 10 1 3 3 #=139
L 210 170 10 1 8 0 1 0 VSS36
P 421 240 200 240 170 0 0 0
A 235 170 10 1 2 0 PINTYPE=IN
A 240 170 10 1 3 3 #=142
L 240 170 10 1 8 0 1 0 VSS37
P 427 270 200 270 170 0 0 0
A 265 170 10 1 2 0 PINTYPE=IN
A 270 170 10 1 3 3 #=145
L 270 170 10 1 8 0 1 0 VSS38
P 433 300 200 300 170 0 0 0
A 295 170 10 1 2 0 PINTYPE=IN
A 300 170 10 1 3 3 #=148
L 300 170 10 1 8 0 1 0 VSS39
P 148 130 0 130 30 0 1 0
A 125 30 10 5 2 0 PINTYPE=IN
A 130 30 10 5 3 3 #=11
L 130 30 10 5 8 0 1 0 VSS4
P 439 330 200 330 170 0 0 0
A 325 170 10 1 2 0 PINTYPE=IN
A 330 170 10 1 3 3 #=151
L 330 170 10 1 8 0 1 0 VSS40
P 445 360 200 360 170 0 0 0
A 355 170 10 1 2 0 PINTYPE=IN
A 360 170 10 1 3 3 #=154
L 360 170 10 1 8 0 1 0 VSS41
P 452 390 200 390 170 0 0 0
A 385 170 10 1 2 0 PINTYPE=IN
A 390 170 10 1 3 3 #=157
L 390 170 10 1 8 0 1 0 VSS42
P 458 420 200 420 170 0 0 0
A 415 170 10 1 2 0 PINTYPE=IN
A 420 170 10 1 3 3 #=160
L 420 170 10 1 8 0 1 0 VSS43
P 465 450 200 450 170 0 0 0
A 445 170 10 1 2 0 PINTYPE=IN
A 450 170 10 1 3 3 #=163
L 450 170 10 1 8 0 1 0 VSS44
P 471 480 200 480 170 0 0 0
A 475 170 10 1 2 0 PINTYPE=IN
A 480 170 10 1 3 3 #=166
L 480 170 10 1 8 0 1 0 VSS45
P 461 810 200 810 170 0 0 0
A 805 170 10 1 2 0 PINTYPE=IN
A 810 170 10 1 3 3 #=199
L 810 170 10 1 8 0 1 0 VSS46
P 455 840 200 840 170 0 0 0
A 835 170 10 1 2 0 PINTYPE=IN
A 840 170 10 1 3 3 #=202
L 840 170 10 1 8 0 1 0 VSS47
P 448 870 200 870 170 0 0 0
A 865 170 10 1 2 0 PINTYPE=IN
A 870 170 10 1 3 3 #=205
L 870 170 10 1 8 0 1 0 VSS48
P 442 900 200 900 170 0 0 0
A 895 170 10 1 2 0 PINTYPE=IN
A 900 170 10 1 3 3 #=208
L 900 170 10 1 8 0 1 0 VSS49
P 177 160 0 160 30 0 1 0
A 155 30 10 5 2 0 PINTYPE=IN
A 160 30 10 5 3 3 #=14
L 160 30 10 5 8 0 1 0 VSS5
P 436 930 200 930 170 0 0 0
A 925 170 10 1 2 0 PINTYPE=IN
A 930 170 10 1 3 3 #=211
L 930 170 10 1 8 0 1 0 VSS50
P 430 960 200 960 170 0 0 0
A 955 170 10 1 2 0 PINTYPE=IN
A 960 170 10 1 3 3 #=214
L 960 170 10 1 8 0 1 0 VSS51
P 424 990 200 990 170 0 0 0
A 985 170 10 1 2 0 PINTYPE=IN
A 990 170 10 1 3 3 #=217
L 990 170 10 1 8 0 1 0 VSS52
P 413 1020 200 1020 170 0 0 0
A 1015 170 10 1 2 0 PINTYPE=IN
A 1020 170 10 1 3 3 #=220
L 1020 170 10 1 8 0 1 0 VSS53
P 407 1050 200 1050 170 0 0 0
A 1045 170 10 1 2 0 PINTYPE=IN
A 1050 170 10 1 3 3 #=223
L 1050 170 10 1 8 0 1 0 VSS54
P 401 1080 200 1080 170 0 0 0
A 1075 170 10 1 2 0 PINTYPE=IN
A 1080 170 10 1 3 3 #=226
L 1080 170 10 1 8 0 1 0 VSS55
P 392 1110 200 1110 170 0 0 0
A 1110 170 10 1 3 3 #=229
A 1105 170 10 1 2 0 PINTYPE=IN
L 1110 170 10 1 8 0 1 0 VSS56
P 389 1140 200 1140 170 0 0 0
A 1135 170 10 1 2 0 PINTYPE=IN
A 1140 170 10 1 3 3 #=232
L 1140 170 10 1 8 0 1 0 VSS57
P 386 1170 200 1170 170 0 0 0
A 1165 170 10 1 2 0 PINTYPE=IN
A 1170 170 10 1 3 3 #=235
L 1170 170 10 1 8 0 1 0 VSS58
P 394 1210 200 1210 170 0 0 0
A 1205 170 10 1 2 0 PINTYPE=IN
A 1210 170 10 1 3 3 #=239
L 1210 170 10 1 8 0 1 0 VSS59
P 149 190 0 190 30 0 1 0
A 185 30 10 5 2 0 PINTYPE=IN
A 190 30 10 5 3 3 #=17
L 190 30 10 5 8 0 1 0 VSS6
P 150 220 0 220 30 0 1 0
A 215 30 10 5 2 0 PINTYPE=IN
A 220 30 10 5 3 3 #=20
L 220 30 10 5 8 0 1 0 VSS7
P 151 250 0 250 30 0 1 0
A 245 30 10 5 2 0 PINTYPE=IN
A 250 30 10 5 3 3 #=23
L 250 30 10 5 8 0 1 0 VSS8
P 178 280 0 280 30 0 1 0
A 275 30 10 5 2 0 PINTYPE=IN
A 280 30 10 5 3 3 #=26
L 280 30 10 5 8 0 1 0 VSS9
P 158 500 0 500 30 0 1 0
A 495 30 10 5 2 0 PINTYPE=IN
A 500 30 10 5 3 3 #=48
L 500 30 10 5 8 0 1 0 VTT1
P 159 510 0 510 30 0 1 0
A 505 30 10 5 2 0 PINTYPE=IN
A 510 30 10 5 3 3 #=49
L 510 30 10 5 8 0 1 0 VTT2
P 282 1220 0 1220 30 0 1 0
A 1215 30 10 5 2 0 PINTYPE=IN
A 1220 30 10 5 3 3 #=120
L 1220 30 10 5 8 0 1 0 VTT3
P 396 1220 200 1220 170 0 0 0
A 1215 170 10 1 2 0 PINTYPE=IN
A 1220 170 10 1 3 3 #=240
L 1220 170 10 1 8 0 1 0 VTT4
P 239 750 0 750 30 0 1 0
A 745 30 10 5 2 0 PINTYPE=IN
A 750 30 10 5 3 3 #=73
L 750 30 10 5 8 0 1 0 WE_B
U 0 -20 10 0 3 0 LEVEL=STD
U 0 -30 10 0 3 0 PARTS=1
U 0 -50 10 0 3 0 DEVICE=DDR3_1V5_240P_SM_SODIMM_SKT
U 1240 110 10 0 3 0 PKG_TYPE=DDR3_1V5_240P_SM_SKT
Q 0 5 0
l 2 505 170 505 100
l 2 505 30 505 70
b 500 70 510 100
T 509 76 8 1 3 KEY
Q 0 7 0
U 1260 25 16 2 3 3 REFDES=J?
b 10 30 1240 170
U 10 100 10 5 6 3 VALUE=MOLEX_78156-001
E
