V 53
K 1449521217 ddr4sodimm1v2_260p_rvs_5_2.1
F Case
|R 13:57:57_12-7-15
D 0 200 1355 0
Y 1
Z 10
i 647
U 0 -40 10 0 3 0 MANF_P/N=ADDR0068-P001A
U 0 -10 10 0 3 0 MANF=LOTES
U 0 -20 10 0 3 0 LEVEL=STD
U 0 -30 10 0 3 0 PARTS=1
U 0 -50 10 0 3 0 DEVICE=DDR4SODIMM1V2RVS52H
U 660 95 10 0 6 3 VALUE=LOTES_ADDR0068P001A_52H
U 1345 30 16 2 3 3 REFDES=J?
U 10 100 10 1 6 3 PKG_TYPE=SODIMMDDR41V2_260P_RVS
U 0 0 10 0 1 0 FORWARD_PCB=1
l 2 745 32 745 92 
l 2 745 170 745 120 
b 740 90 750 120
T 750 95 10 1 3 KEY
b 10 30 1345 170
P 1 40 0 40 30 0 1 0
L 40 32 10 1 2 0 1 0 DQ5
A 35 40 10 1 2 0 PINTYPE=BI
A 40 30 10 1 9 3 #=3
P 2 150 0 150 30 0 1 0
L 150 32 10 1 2 0 1 0 DQ13
A 145 40 10 1 2 0 PINTYPE=BI
A 150 30 10 1 9 3 #=25
P 3 210 0 210 30 0 1 0
L 210 32 10 1 2 0 1 0 DQ15
A 205 30 10 1 2 0 PINTYPE=BI
A 210 30 10 1 9 3 #=37
P 4 230 0 230 30 0 1 0
L 230 32 10 1 2 0 1 0 DQ10
A 235 30 10 1 2 0 PINTYPE=BI
A 230 30 10 1 9 3 #=41
P 5 600 0 600 30 0 1 0
L 600 32 10 1 2 0 1 0 BG0
A 595 30 10 1 2 0 PINTYPE=IN
A 600 30 10 1 9 3 #=115
P 9 250 0 250 30 0 1 0
L 250 32 10 1 2 0 1 0 DQ21
A 245 30 10 1 2 0 PINTYPE=BI
A 250 30 10 1 9 3 #=45
P 10 270 0 270 30 0 1 0
L 270 32 10 1 2 0 1 0 DQ17
A 265 30 10 1 2 0 PINTYPE=BI
A 270 30 10 1 9 3 #=49
P 11 320 0 320 30 0 1 0
L 320 32 10 1 2 0 1 0 DQ23
A 315 30 10 1 2 0 PINTYPE=BI
A 320 30 10 1 9 3 #=59
P 12 340 0 340 30 0 1 0
L 340 32 10 1 2 0 1 0 DQ19
A 335 30 10 1 2 0 PINTYPE=BI
A 340 30 10 1 9 3 #=63
P 13 480 0 480 30 0 1 0
L 480 32 10 1 2 0 1 0 CB1/NC
A 475 30 10 1 2 0 PINTYPE=BI
A 480 30 10 1 9 3 #=91
P 18 360 0 360 30 0 1 0
L 360 32 10 1 2 0 1 0 DQ29
A 355 30 10 1 2 0 PINTYPE=BI
A 360 30 10 1 9 3 #=67
P 19 380 0 380 30 0 1 0
L 380 32 10 1 2 0 1 0 DQ25
A 375 30 10 1 2 0 PINTYPE=BI
A 380 30 10 1 9 3 #=71
P 20 420 0 420 30 0 1 0
L 420 32 10 1 2 0 1 0 DQ30
A 415 30 10 1 2 0 PINTYPE=BI
A 420 30 10 1 9 3 #=79
P 21 440 0 440 30 0 1 0
L 440 32 10 1 2 0 1 0 DQ26
A 435 30 10 1 2 0 PINTYPE=BI
A 440 30 10 1 9 3 #=83
P 24 570 0 570 30 0 1 0
L 570 32 10 1 2 0 1 0 CKE0
A 565 30 10 1 2 0 PINTYPE=IN
A 570 30 10 1 9 3 #=109
P 35 60 0 60 30 0 1 0
L 60 32 10 1 2 0 1 0 DQ1
A 55 40 10 1 2 0 PINTYPE=BI
A 60 30 10 1 9 3 #=7
P 46 110 0 110 30 0 1 0
L 110 32 10 1 2 0 1 0 DQ7
A 105 40 10 1 2 0 PINTYPE=BI
A 110 30 10 1 9 3 #=17
P 57 170 0 170 30 0 1 0
L 170 32 10 1 2 0 1 0 DQ9
A 165 30 10 1 2 0 PINTYPE=BI
A 170 30 10 1 9 3 #=29
P 62 460 0 460 30 0 1 0
L 460 32 10 1 2 0 1 0 CB5/NC
A 455 30 10 1 2 0 PINTYPE=BI
A 460 30 10 1 9 3 #=87
P 65 90 0 90 30 0 1 0
L 90 32 10 1 2 0 1 0 DQS0_T
A 85 30 10 1 2 0 PINTYPE=BI
A 90 30 10 1 9 3 #=13
P 66 290 0 290 30 0 1 0
L 290 32 10 1 2 0 1 0 DQS2_C
A 285 30 10 1 2 0 PINTYPE=BI
A 290 30 10 1 9 3 #=53
P 67 300 0 300 30 0 1 0
L 300 32 10 1 2 0 1 0 DQS2_T
A 295 30 10 1 2 0 PINTYPE=BI
A 300 30 10 1 9 3 #=55
P 73 80 0 80 30 0 1 0
L 80 32 10 1 2 0 1 0 DQS0_C
A 75 30 10 1 2 0 PINTYPE=BI
A 80 30 10 1 9 3 #=11
P 74 190 0 190 30 0 1 0
L 190 32 10 1 2 0 1 0 DM1_N/DBI1_N
A 185 30 10 1 2 0 PINTYPE=BI
A 190 30 10 1 9 3 #=33
P 76 400 0 400 30 0 1 0
L 400 32 10 1 2 0 1 0 DM3_N/DBI3_N
A 395 30 10 1 2 0 PINTYPE=BI
A 400 30 10 1 9 3 #=75
P 90 130 0 130 30 0 1 0
L 130 32 10 1 2 0 1 0 DQ3
A 125 30 10 1 2 0 PINTYPE=BI
A 130 30 10 1 9 3 #=21
P 135 1035 200 1035 170 0 0 0
L 1035 168 10 1 8 0 1 0 VSS70
A 1030 170 10 1 2 0 PINTYPE=IN
A 1035 170 10 1 3 3 #=202
P 147 50 0 50 30 0 1 0
L 50 32 10 1 2 0 1 0 VSS3
A 45 30 10 1 8 0 PINTYPE=IN
A 50 30 10 1 9 3 #=5
P 148 100 0 100 30 0 1 0
L 100 32 10 1 2 0 1 0 VSS8
A 95 30 10 1 8 0 PINTYPE=IN
A 100 30 10 1 9 3 #=15
P 149 140 0 140 30 0 1 0
L 140 32 10 1 2 0 1 0 VSS12
A 135 30 10 1 8 0 PINTYPE=IN
A 140 30 10 1 9 3 #=23
P 150 160 0 160 30 0 1 0
L 160 32 10 1 2 0 1 0 VSS14
A 155 30 10 1 8 0 PINTYPE=IN
A 160 30 10 1 9 3 #=27
P 151 180 0 180 30 0 1 0
L 180 32 10 1 2 0 1 0 VSS16
A 175 30 10 1 8 0 PINTYPE=IN
A 180 30 10 1 9 3 #=31
P 152 220 0 220 30 0 1 0
L 220 32 10 1 2 0 1 0 VSS19
A 215 30 10 1 8 0 PINTYPE=IN
A 220 30 10 1 9 3 #=39
P 153 240 0 240 30 0 1 0
L 240 32 10 1 2 0 1 0 VSS21
A 235 30 10 1 8 0 PINTYPE=IN
A 240 30 10 1 9 3 #=43
P 154 260 0 260 30 0 1 0
L 260 32 10 1 2 0 1 0 VSS23
A 255 30 10 1 8 0 PINTYPE=IN
A 260 30 10 1 9 3 #=47
P 155 280 0 280 30 0 1 0
L 280 32 10 1 2 0 1 0 VSS25
A 275 30 10 1 8 0 PINTYPE=IN
A 280 30 10 1 9 3 #=51
P 157 310 0 310 30 0 1 0
L 310 32 10 1 2 0 1 0 VSS28
A 305 30 10 1 8 0 PINTYPE=IN
A 310 30 10 1 9 3 #=57
P 162 710 0 710 30 0 1 0
L 710 32 10 1 2 0 1 0 CK0_T
A 705 30 10 1 8 0 PINTYPE=IN
A 710 30 10 1 9 3 #=137
P 163 370 0 370 30 0 1 0
L 370 32 10 1 2 0 1 0 VSS34
A 365 30 10 1 8 0 PINTYPE=IN
A 370 30 10 1 9 3 #=69
P 176 70 0 70 30 0 1 0
L 70 32 10 1 2 0 1 0 VSS5
A 65 30 10 1 8 0 PINTYPE=IN
A 70 30 10 1 9 3 #=9
P 177 120 0 120 30 0 1 0
L 120 32 10 1 2 0 1 0 VSS10
A 115 30 10 1 8 0 PINTYPE=IN
A 120 30 10 1 9 3 #=19
P 178 200 0 200 30 0 1 0
L 200 32 10 1 2 0 1 0 VSS17
A 195 30 10 1 8 0 PINTYPE=IN
A 200 30 10 1 9 3 #=35
P 210 30 0 30 30 0 1 0
L 30 32 10 1 2 0 1 0 VSS1
A 25 30 10 1 8 0 PINTYPE=IN
A 30 30 10 1 9 3 #=1
P 212 500 0 500 30 0 1 0
L 500 32 10 1 2 0 1 0 DQS8_C
A 495 30 10 1 2 0 PINTYPE=BI
A 500 30 10 1 9 3 #=95
P 213 510 0 510 30 0 1 0
L 510 32 10 1 2 0 1 0 DQS8_T
A 505 30 10 1 2 0 PINTYPE=BI
A 510 30 10 1 9 3 #=97
P 214 330 0 330 30 0 1 0
L 330 32 10 1 2 0 1 0 VSS30
A 325 30 10 1 8 0 PINTYPE=IN
A 330 30 10 1 9 3 #=61
P 215 350 0 350 30 0 1 0
L 350 32 10 1 2 0 1 0 VSS32
A 345 30 10 1 8 0 PINTYPE=IN
A 350 30 10 1 9 3 #=65
P 216 530 0 530 30 0 1 0
L 530 32 10 1 2 0 1 0 CB2/NC
A 525 30 10 1 2 0 PINTYPE=BI
A 530 30 10 1 9 3 #=101
P 217 550 0 550 30 0 1 0
L 550 32 10 1 2 0 1 0 CB3/NC
A 545 30 10 1 2 0 PINTYPE=BI
A 550 30 10 1 9 3 #=105
P 218 580 0 580 30 0 1 0
L 580 32 10 1 2 0 1 0 VDD1
A 575 30 10 1 8 0 PINTYPE=IN
A 580 30 10 1 9 3 #=111
P 219 610 0 610 30 0 1 0
L 610 32 10 1 2 0 1 0 VDD3
A 605 30 10 1 8 0 PINTYPE=IN
A 610 30 10 1 9 3 #=117
P 222 640 0 640 30 0 1 0
L 640 32 10 1 2 0 1 0 VDD5
A 635 30 10 1 8 0 PINTYPE=IN
A 640 30 10 1 9 3 #=123
P 223 670 0 670 30 0 1 0
L 670 32 10 1 2 0 1 0 VDD7
A 665 30 10 1 8 0 PINTYPE=IN
A 670 30 10 1 9 3 #=129
P 224 630 0 630 30 0 1 0
L 630 32 10 1 2 0 1 0 A9
A 625 30 10 1 8 0 PINTYPE=IN
A 630 30 10 1 9 3 #=121
P 228 700 0 700 30 0 1 0
L 700 32 10 1 2 0 1 0 VDD9
A 695 30 10 1 8 0 PINTYPE=IN
A 700 30 10 1 9 3 #=135
P 229 815 0 815 30 0 1 0
L 815 30 10 1 2 0 1 0 CS1_N
A 810 30 10 1 8 0 PINTYPE=IN
A 815 30 10 1 9 3 #=157
P 230 720 0 720 30 0 1 0
L 720 32 10 1 2 0 1 0 CK0_C
A 715 30 10 1 8 0 PINTYPE=IN
A 720 30 10 1 9 3 #=139
P 231 730 0 730 30 0 1 0
L 730 32 10 1 2 0 1 0 VDD11
A 725 30 10 1 8 0 PINTYPE=IN
A 730 30 10 1 9 3 #=141
P 232 765 0 765 30 0 1 0
L 765 30 10 1 2 0 1 0 VDD13
A 760 30 10 1 8 0 PINTYPE=IN
A 765 30 10 1 9 3 #=147
P 235 795 0 795 30 0 1 0
L 795 30 10 1 2 0 1 0 VDD15
A 790 30 10 1 8 0 PINTYPE=IN
A 795 30 10 1 9 3 #=153
P 236 755 0 755 30 0 1 0
L 755 30 10 1 2 0 1 0 BA1
A 750 30 10 1 2 0 PINTYPE=IN
A 755 30 10 1 9 3 #=145
P 238 825 0 825 30 0 1 0
L 825 30 10 1 2 0 1 0 VDD17
A 820 30 10 1 8 0 PINTYPE=IN
A 825 30 10 1 9 3 #=159
P 241 845 0 845 30 0 1 0
L 845 30 10 1 2 0 1 0 VDD19
A 840 30 10 1 8 0 PINTYPE=IN
A 845 30 10 1 9 3 #=163
P 245 805 0 805 30 0 1 0
L 805 30 10 1 2 0 1 0 ODT0
A 800 30 10 1 8 0 PINTYPE=IN
A 805 30 10 1 9 3 #=155
P 246 875 0 875 30 0 1 0
L 875 30 10 1 2 0 1 0 DQ37
A 870 30 10 1 2 0 PINTYPE=BI
A 875 30 10 1 9 3 #=169
P 247 895 0 895 30 0 1 0
L 895 30 10 1 2 0 1 0 DQ33
A 890 30 10 1 2 0 PINTYPE=BI
A 895 30 10 1 9 3 #=173
P 248 390 0 390 30 0 1 0
L 390 32 10 1 2 0 1 0 VSS36
A 385 30 10 1 8 0 PINTYPE=IN
A 390 30 10 1 9 3 #=73
P 249 915 0 915 30 0 1 0
L 915 30 10 1 2 0 1 0 DQS4_C
A 910 30 10 1 2 0 PINTYPE=BI
A 915 30 10 1 9 3 #=177
P 250 925 0 925 30 0 1 0
L 925 30 10 1 2 0 1 0 DQS4_T
A 920 30 10 1 2 0 PINTYPE=BI
A 925 30 10 1 9 3 #=179
P 251 430 0 430 30 0 1 0
L 430 32 10 1 2 0 1 0 VSS39
A 425 30 10 1 8 0 PINTYPE=IN
A 430 30 10 1 9 3 #=81
P 252 945 0 945 30 0 1 0
L 945 30 10 1 2 0 1 0 DQ38
A 940 30 10 1 2 0 PINTYPE=BI
A 945 30 10 1 9 3 #=183
P 253 965 0 965 30 0 1 0
L 965 30 10 1 2 0 1 0 DQ34
A 960 30 10 1 2 0 PINTYPE=BI
A 965 30 10 1 9 3 #=187
P 254 450 0 450 30 0 1 0
L 450 32 10 1 2 0 1 0 VSS41
A 445 30 10 1 8 0 PINTYPE=IN
A 450 30 10 1 9 3 #=85
P 255 470 0 470 30 0 1 0
L 470 32 10 1 2 0 1 0 VSS43
A 465 30 10 1 8 0 PINTYPE=IN
A 470 30 10 1 9 3 #=89
P 256 1135 0 1135 30 0 1 0
L 1135 30 10 1 2 0 1 0 DQS6_T
A 1130 30 10 1 2 0 PINTYPE=BI
A 1135 30 10 1 9 3 #=221
P 257 1125 0 1125 30 0 1 0
L 1125 30 10 1 2 0 1 0 DQS6_C
A 1120 30 10 1 2 0 PINTYPE=BI
A 1125 30 10 1 9 3 #=219
P 258 1005 0 1005 30 0 1 0
L 1005 30 10 1 2 0 1 0 DQ40
A 1000 40 10 1 2 0 PINTYPE=BI
A 1005 30 10 1 9 3 #=195
P 259 985 0 985 30 0 1 0
L 985 30 10 1 2 0 1 0 DQ44
A 980 40 10 1 2 0 PINTYPE=BI
A 985 30 10 1 9 3 #=191
P 260 490 0 490 30 0 1 0
L 490 32 10 1 2 0 1 0 VSS45
A 485 30 10 1 8 0 PINTYPE=IN
A 490 30 10 1 9 3 #=93
P 263 520 0 520 30 0 1 0
L 520 32 10 1 2 0 1 0 VSS48
A 515 30 10 1 8 0 PINTYPE=IN
A 520 30 10 1 9 3 #=99
P 266 540 0 540 30 0 1 0
L 540 32 10 1 2 0 1 0 VSS50
A 535 30 10 1 8 0 PINTYPE=IN
A 540 30 10 1 9 3 #=103
P 269 560 0 560 30 0 1 0
L 560 32 10 1 2 0 1 0 VSS52
A 555 30 10 1 8 0 PINTYPE=IN
A 560 30 10 1 9 3 #=107
P 272 865 0 865 30 0 1 0
L 865 30 10 1 2 0 1 0 VSS53
A 860 30 10 1 8 0 PINTYPE=IN
A 865 30 10 1 9 3 #=167
P 275 885 0 885 30 0 1 0
L 885 30 10 1 2 0 1 0 VSS55
A 880 30 10 1 8 0 PINTYPE=IN
A 885 30 10 1 9 3 #=171
P 278 905 0 905 30 0 1 0
L 905 30 10 1 2 0 1 0 VSS57
A 900 30 10 1 8 0 PINTYPE=IN
A 905 30 10 1 9 3 #=175
P 281 935 0 935 30 0 1 0
L 935 30 10 1 2 0 1 0 VSS60
A 930 30 10 1 8 0 PINTYPE=IN
A 935 30 10 1 9 3 #=181
P 282 1305 0 1305 30 0 1 0
L 1305 30 10 1 2 0 1 0 VDDSPD
A 1300 30 10 1 8 0 PINTYPE=IN
A 1305 30 10 1 9 3 #=255
P 284 1295 0 1295 30 0 1 0
L 1295 30 10 1 2 0 1 0 SCL
A 1290 30 10 1 8 0 PINTYPE=IN
A 1295 30 10 1 9 3 #=253
P 385 1305 200 1305 170 0 0 0
L 1305 168 10 1 8 0 1 0 SA0
A 1300 180 10 1 8 0 PINTYPE=IN
A 1305 170 10 1 3 3 #=256
P 386 1285 200 1285 170 0 0 0
L 1285 168 10 1 8 0 1 0 VSS94
A 1280 170 10 1 2 0 PINTYPE=IN
A 1285 170 10 1 3 3 #=252
P 393 1295 200 1295 170 0 0 0
L 1295 168 10 1 8 0 1 0 SDA
A 1290 180 10 1 8 0 PINTYPE=BI
A 1295 170 10 1 3 3 #=254
P 394 1265 200 1265 170 0 0 0
L 1265 168 10 1 8 0 1 0 VSS92
A 1260 170 10 1 2 0 PINTYPE=IN
A 1265 170 10 1 3 3 #=248
P 420 1275 200 1275 170 0 0 0
L 1275 168 10 1 8 0 1 0 DQ59
A 1270 180 10 1 8 0 PINTYPE=BI
A 1275 170 10 1 3 3 #=250
P 422 1255 200 1255 170 0 0 0
L 1255 168 10 1 8 0 1 0 DQ63
A 1250 180 10 1 8 0 PINTYPE=BI
A 1255 170 10 1 3 3 #=246
P 423 80 200 80 170 0 0 0
L 80 167 10 1 8 0 1 0 DM0_N/DBI0_N
A 75 180 10 1 8 0 PINTYPE=IN
A 80 170 10 1 3 3 #=12
P 424 1005 200 1005 170 0 0 0
L 1005 168 10 1 8 0 1 0 VSS67
A 1000 170 10 1 2 0 PINTYPE=IN
A 1005 170 10 1 3 3 #=196
P 425 90 200 90 170 0 0 0
L 90 166 10 1 8 0 1 0 VSS7
A 85 180 10 1 8 0 PINTYPE=IN
A 90 170 10 1 3 3 #=14
P 427 30 200 30 170 0 0 0
L 30 168 10 1 8 0 1 0 VSS2
A 25 170 10 1 2 0 PINTYPE=IN
A 30 170 10 1 3 3 #=2
P 429 40 200 40 170 0 0 0
L 40 168 10 1 8 0 1 0 DQ4
A 35 180 10 1 8 0 PINTYPE=BI
A 40 170 10 1 3 3 #=4
P 430 965 200 965 170 0 0 0
L 965 168 10 1 8 0 1 0 VSS63
A 960 170 10 1 2 0 PINTYPE=IN
A 965 170 10 1 3 3 #=188
P 431 60 200 60 170 0 0 0
L 60 168 10 1 8 0 1 0 DQ0
A 55 180 10 1 8 0 PINTYPE=BI
A 60 170 10 1 3 3 #=8
P 433 110 200 110 170 0 0 0
L 110 168 10 1 8 0 1 0 VSS9
A 105 170 10 1 2 0 PINTYPE=IN
A 110 170 10 1 3 3 #=18
P 435 100 200 100 170 0 0 0
L 100 168 10 1 8 0 1 0 DQ6
A 95 180 10 1 8 0 PINTYPE=BI
A 100 170 10 1 3 3 #=16
P 436 985 200 985 170 0 0 0
L 985 168 10 1 8 0 1 0 VSS65
A 980 170 10 1 2 0 PINTYPE=IN
A 985 170 10 1 3 3 #=192
P 437 120 200 120 170 0 0 0
L 120 168 10 1 8 0 1 0 DQ2
A 115 180 10 1 8 0 PINTYPE=BI
A 120 170 10 1 3 3 #=20
P 438 975 200 975 170 0 0 0
L 975 168 10 1 8 0 1 0 DQ45
A 970 180 10 1 8 0 PINTYPE=BI
A 975 170 10 1 3 3 #=190
P 439 50 200 50 170 0 0 0
L 50 168 10 1 8 0 1 0 VSS4
A 45 170 10 1 2 0 PINTYPE=IN
A 50 170 10 1 3 3 #=6
P 440 995 200 995 170 0 0 0
L 995 168 10 1 8 0 1 0 DQ41
A 990 180 10 1 8 0 PINTYPE=BI
A 995 170 10 1 3 3 #=194
P 441 180 200 180 170 0 0 0
L 180 167 10 1 8 0 1 0 DQS1_C
A 175 180 10 1 8 0 PINTYPE=IN
A 180 170 10 1 3 3 #=32
P 442 945 200 945 170 0 0 0
L 945 168 10 1 8 0 1 0 VSS61
A 940 170 10 1 2 0 PINTYPE=IN
A 945 170 10 1 3 3 #=184
P 443 190 200 190 170 0 0 0
L 190 166 10 1 8 0 1 0 DQS1_T
A 185 180 10 1 8 0 PINTYPE=IN
A 190 170 10 1 3 3 #=34
P 444 935 200 935 170 0 0 0
L 935 168 10 1 8 0 1 0 DQ39
A 930 180 10 1 8 0 PINTYPE=BI
A 935 170 10 1 3 3 #=182
P 445 70 200 70 170 0 0 0
L 70 168 10 1 8 0 1 0 VSS6
A 65 170 10 1 2 0 PINTYPE=IN
A 70 170 10 1 3 3 #=10
P 446 955 200 955 170 0 0 0
L 955 168 10 1 8 0 1 0 DQ35
A 950 180 10 1 8 0 PINTYPE=BI
A 955 170 10 1 3 3 #=186
P 447 140 200 140 170 0 0 0
L 140 168 10 1 8 0 1 0 DQ12
A 135 180 10 1 8 0 PINTYPE=BI
A 140 170 10 1 3 3 #=24
P 448 925 200 925 170 0 0 0
L 925 168 10 1 8 0 1 0 VSS59
A 920 170 10 1 2 0 PINTYPE=IN
A 925 170 10 1 3 3 #=180
P 449 160 200 160 170 0 0 0
L 160 168 10 1 8 0 1 0 DQ8
A 155 180 10 1 8 0 PINTYPE=BI
A 160 170 10 1 3 3 #=28
P 452 130 200 130 170 0 0 0
L 130 168 10 1 8 0 1 0 VSS11
A 125 170 10 1 2 0 PINTYPE=IN
A 130 170 10 1 3 3 #=22
P 454 480 200 480 170 0 0 0
L 480 168 10 1 8 0 1 0 CB0/NC
A 475 180 10 1 8 0 PINTYPE=BI
A 480 170 10 1 3 3 #=92
P 455 905 200 905 170 0 0 0
L 905 168 10 1 8 0 1 0 VSS58
A 900 170 10 1 2 0 PINTYPE=IN
A 905 170 10 1 3 3 #=176
P 456 460 200 460 170 0 0 0
L 460 168 10 1 8 0 1 0 CB4/NC
A 455 180 10 1 8 0 PINTYPE=BI
A 460 170 10 1 3 3 #=88
P 457 895 200 895 170 0 0 0
L 895 168 10 1 8 0 1 0 DQ32
A 890 180 10 1 8 0 PINTYPE=BI
A 895 170 10 1 3 3 #=174
P 458 150 200 150 170 0 0 0
L 150 168 10 1 8 0 1 0 VSS13
A 145 170 10 1 2 0 PINTYPE=IN
A 150 170 10 1 3 3 #=26
P 459 875 200 875 170 0 0 0
L 875 168 10 1 8 0 1 0 DQ36
A 870 180 10 1 8 0 PINTYPE=BI
A 875 170 10 1 3 3 #=170
P 461 885 200 885 170 0 0 0
L 885 168 10 1 8 0 1 0 VSS56
A 880 170 10 1 2 0 PINTYPE=IN
A 885 170 10 1 3 3 #=172
P 465 170 200 170 170 0 0 0
L 170 168 10 1 8 0 1 0 VSS15
A 165 170 10 1 2 0 PINTYPE=IN
A 170 170 10 1 3 3 #=30
P 466 845 200 845 170 0 0 0
L 845 168 10 1 8 0 1 0 VREFCA
A 840 170 10 1 2 0 PINTYPE=IN
A 845 170 10 1 3 3 #=164
P 467 540 200 540 170 0 0 0
L 540 168 10 1 8 0 1 0 CB7/NC
A 535 180 10 1 8 0 PINTYPE=BI
A 540 170 10 1 3 3 #=104
P 469 520 200 520 170 0 0 0
L 520 168 10 1 8 0 1 0 CB6/NC
A 515 180 10 1 8 0 PINTYPE=BI
A 520 170 10 1 3 3 #=100
P 471 200 200 200 170 0 0 0
L 200 168 10 1 8 0 1 0 VSS18
A 195 170 10 1 2 0 PINTYPE=IN
A 200 170 10 1 3 3 #=36
P 472 825 200 825 170 0 0 0
L 825 168 10 1 8 0 1 0 VDD18
A 820 170 10 1 2 0 PINTYPE=IN
A 825 170 10 1 3 3 #=160
P 474 570 200 570 170 0 0 0
L 575 143 10 1 3 0 1 0 CKE1
A 565 180 10 1 8 0 PINTYPE=IN
A 570 170 10 1 3 3 #=110
P 478 795 200 795 170 0 0 0
L 795 168 10 1 8 0 1 0 VDD16
A 790 170 10 1 2 0 PINTYPE=IN
A 795 170 10 1 3 3 #=154
P 481 755 200 755 170 0 0 0
L 755 168 10 1 8 0 1 0 A10/AP
A 750 180 10 1 8 0 PINTYPE=IN
A 755 170 10 1 3 3 #=146
P 482 765 200 765 170 0 0 0
L 765 168 10 1 8 0 1 0 VDD14
A 760 170 10 1 2 0 PINTYPE=IN
A 765 170 10 1 3 3 #=148
P 483 815 200 815 170 0 0 0
L 815 168 10 1 8 0 1 0 A13
A 810 180 10 1 8 0 PINTYPE=IN
A 815 170 10 1 3 3 #=158
P 488 730 200 730 170 0 0 0
L 730 168 10 1 8 0 1 0 VDD12
A 725 170 10 1 2 0 PINTYPE=IN
A 730 170 10 1 3 3 #=142
P 491 580 200 580 170 0 0 0
L 580 168 10 1 8 0 1 0 VDD2
A 575 170 10 1 2 0 PINTYPE=IN
A 580 170 10 1 3 3 #=112
P 494 700 200 700 170 0 0 0
L 700 168 10 1 8 0 1 0 VDD10
A 695 170 10 1 2 0 PINTYPE=IN
A 700 170 10 1 3 3 #=136
P 496 670 200 670 170 0 0 0
L 670 168 10 1 8 0 1 0 VDD8
A 665 170 10 1 2 0 PINTYPE=IN
A 670 170 10 1 3 3 #=130
P 497 640 200 640 170 0 0 0
L 640 168 10 1 8 0 1 0 VDD6
A 635 170 10 1 2 0 PINTYPE=IN
A 640 170 10 1 3 3 #=124
P 499 590 0 590 30 0 1 0
L 590 32 10 1 2 0 1 0 BG1
A 590 30 10 3 1 0 PINTYPE=IN
A 580 15 10 1 1 3 #=113
P 501 650 0 650 30 0 1 0
L 650 32 10 1 2 0 1 0 A8
A 645 30 10 1 8 0 PINTYPE=IN
A 650 30 10 1 9 3 #=125
P 502 660 0 660 30 0 1 0
L 660 32 10 1 2 0 1 0 A6
A 655 30 10 1 8 0 PINTYPE=IN
A 660 30 10 1 9 3 #=127
P 503 680 0 680 30 0 1 0
L 680 32 10 1 2 0 1 0 A3
A 675 30 10 1 8 0 PINTYPE=IN
A 680 30 10 1 9 3 #=131
P 504 690 0 690 30 0 1 0
L 690 32 10 1 2 0 1 0 A1
A 685 30 10 1 8 0 PINTYPE=IN
A 690 30 10 1 9 3 #=133
P 506 740 0 740 30 0 1 0
L 740 32 10 1 2 0 1 0 PARITY
A 735 30 10 1 8 0 PINTYPE=IN
A 740 30 10 1 9 3 #=143
P 507 785 0 785 30 0 1 0
L 785 30 10 1 2 0 1 0 WE_N/A14
A 780 30 10 1 8 0 PINTYPE=IN
A 785 30 10 1 9 3 #=151
P 508 775 0 775 30 0 1 0
L 775 30 10 1 2 0 1 0 CS0_N
A 770 30 10 1 8 0 PINTYPE=IN
A 775 30 10 1 9 3 #=149
P 511 835 0 835 30 0 1 0
L 835 30 10 1 2 0 1 0 ODT1
A 830 30 10 1 8 0 PINTYPE=IN
A 835 30 10 1 9 3 #=161
P 512 855 0 855 30 0 1 0
L 855 30 10 1 2 0 1 0 C1/CS3_N/NC
A 850 30 10 1 8 0 PINTYPE=IN
A 855 30 10 1 9 3 #=165
P 513 955 0 955 30 0 1 0
L 955 30 10 1 2 0 1 0 VSS62
A 950 30 10 1 8 0 PINTYPE=IN
A 955 30 10 1 9 3 #=185
P 514 975 0 975 30 0 1 0
L 975 30 10 1 2 0 1 0 VSS64
A 970 30 10 1 8 0 PINTYPE=IN
A 975 30 10 1 9 3 #=189
P 515 995 0 995 30 0 1 0
L 995 30 10 1 2 0 1 0 VSS66
A 990 30 10 1 8 0 PINTYPE=IN
A 995 30 10 1 9 3 #=193
P 516 1015 0 1015 30 0 1 0
L 1015 30 10 1 2 0 1 0 VSS68
A 1010 30 10 1 8 0 PINTYPE=IN
A 1015 30 10 1 9 3 #=197
P 517 1035 0 1035 30 0 1 0
L 1035 30 10 1 2 0 1 0 VSS69
A 1030 30 10 1 8 0 PINTYPE=IN
A 1035 30 10 1 9 3 #=201
P 518 1055 0 1055 30 0 1 0
L 1055 30 10 1 2 0 1 0 VSS71
A 1050 30 10 1 8 0 PINTYPE=IN
A 1055 30 10 1 9 3 #=205
P 519 1315 0 1315 30 0 1 0
L 1315 30 10 1 2 0 1 0 VPP1
A 1310 30 10 1 8 0 PINTYPE=IN
A 1315 30 10 1 9 3 #=257
P 520 1165 0 1165 30 0 1 0
L 1165 30 10 1 2 0 1 0 VSS82
A 1160 30 10 1 8 0 PINTYPE=IN
A 1165 30 10 1 9 3 #=227
P 521 1145 0 1145 30 0 1 0
L 1145 30 10 1 2 0 1 0 VSS80
A 1140 30 10 1 8 0 PINTYPE=IN
A 1145 30 10 1 9 3 #=223
P 522 1075 0 1075 30 0 1 0
L 1075 30 10 1 2 0 1 0 VSS73
A 1070 30 10 1 8 0 PINTYPE=IN
A 1075 30 10 1 9 3 #=209
P 523 1045 0 1045 30 0 1 0
L 1045 30 10 1 2 0 1 0 DQ46
A 1040 30 10 1 2 0 PINTYPE=BI
A 1045 30 10 1 9 3 #=203
P 526 1065 0 1065 30 0 1 0
L 1065 30 10 1 2 0 1 0 DQ42
A 1060 30 10 1 2 0 PINTYPE=BI
A 1065 30 10 1 9 3 #=207
P 527 1085 0 1085 30 0 1 0
L 1085 30 10 1 2 0 1 0 DQ52
A 1080 40 10 1 2 0 PINTYPE=BI
A 1085 30 10 1 9 3 #=211
P 528 1095 0 1095 30 0 1 0
L 1095 30 10 1 2 0 1 0 VSS75
A 1090 30 10 1 8 0 PINTYPE=IN
A 1095 30 10 1 9 3 #=213
P 529 1115 0 1115 30 0 1 0
L 1115 30 10 1 2 0 1 0 VSS77
A 1110 30 10 1 8 0 PINTYPE=IN
A 1115 30 10 1 9 3 #=217
P 530 1105 0 1105 30 0 1 0
L 1105 30 10 1 2 0 1 0 DQ49
A 1100 40 10 1 2 0 PINTYPE=BI
A 1105 30 10 1 9 3 #=215
P 531 1265 0 1265 30 0 1 0
L 1265 30 10 1 2 0 1 0 VSS91
A 1260 30 10 1 8 0 PINTYPE=IN
A 1265 30 10 1 9 3 #=247
P 532 1245 0 1245 30 0 1 0
L 1245 30 10 1 2 0 1 0 VSS89
A 1240 30 10 1 8 0 PINTYPE=IN
A 1245 30 10 1 9 3 #=243
P 533 1185 0 1185 30 0 1 0
L 1185 30 10 1 2 0 1 0 VSS84
A 1180 30 10 1 8 0 PINTYPE=IN
A 1185 30 10 1 9 3 #=231
P 534 1155 0 1155 30 0 1 0
L 1155 30 10 1 2 0 1 0 DQ55
A 1150 30 10 1 2 0 PINTYPE=BI
A 1155 30 10 1 9 3 #=225
P 537 1175 0 1175 30 0 1 0
L 1175 30 10 1 2 0 1 0 DQ51
A 1170 30 10 1 2 0 PINTYPE=BI
A 1175 30 10 1 9 3 #=229
P 538 1195 0 1195 30 0 1 0
L 1195 30 10 1 2 0 1 0 DQ61
A 1190 40 10 1 2 0 PINTYPE=BI
A 1195 30 10 1 9 3 #=233
P 539 1205 0 1205 30 0 1 0
L 1205 30 10 1 2 0 1 0 VSS86
A 1200 30 10 1 8 0 PINTYPE=IN
A 1205 30 10 1 9 3 #=235
P 540 1225 0 1225 30 0 1 0
L 1225 30 10 1 2 0 1 0 VSS88
A 1220 30 10 1 8 0 PINTYPE=IN
A 1225 30 10 1 9 3 #=239
P 541 1215 0 1215 30 0 1 0
L 1215 30 10 1 2 0 1 0 DQ56
A 1210 40 10 1 2 0 PINTYPE=BI
A 1215 30 10 1 9 3 #=237
P 543 1255 0 1255 30 0 1 0
L 1255 30 10 1 2 0 1 0 DQ62
A 1250 40 10 1 2 0 PINTYPE=BI
A 1255 30 10 1 9 3 #=245
P 544 1285 0 1285 30 0 1 0
L 1285 30 10 1 2 0 1 0 VSS93
A 1280 30 10 1 8 0 PINTYPE=IN
A 1285 30 10 1 9 3 #=251
P 545 1275 0 1275 30 0 1 0
L 1275 30 10 1 2 0 1 0 DQ58
A 1270 40 10 1 2 0 PINTYPE=BI
A 1275 30 10 1 9 3 #=249
P 546 220 200 220 170 0 0 0
L 220 168 10 1 8 0 1 0 VSS20
A 215 170 10 1 2 0 PINTYPE=IN
A 220 170 10 1 3 3 #=40
P 547 320 200 320 170 0 0 0
L 320 168 10 1 8 0 1 0 VSS29
A 315 170 10 1 2 0 PINTYPE=IN
A 320 170 10 1 3 3 #=60
P 548 210 200 210 170 0 0 0
L 210 168 10 1 8 0 1 0 DQ14
A 205 180 10 1 8 0 PINTYPE=BI
A 210 170 10 1 3 3 #=38
P 549 240 200 240 170 0 0 0
L 240 168 10 1 8 0 1 0 VSS22
A 235 170 10 1 2 0 PINTYPE=IN
A 240 170 10 1 3 3 #=44
P 550 230 200 230 170 0 0 0
L 230 168 10 1 8 0 1 0 DQ11
A 225 180 10 1 8 0 PINTYPE=BI
A 230 170 10 1 3 3 #=42
P 551 260 200 260 170 0 0 0
L 260 168 10 1 8 0 1 0 VSS24
A 255 170 10 1 2 0 PINTYPE=IN
A 260 170 10 1 3 3 #=48
P 552 250 200 250 170 0 0 0
L 250 168 10 1 8 0 1 0 DQ20
A 245 180 10 1 8 0 PINTYPE=BI
A 250 170 10 1 3 3 #=46
P 553 280 200 280 170 0 0 0
L 280 168 10 1 8 0 1 0 VSS26
A 275 170 10 1 2 0 PINTYPE=IN
A 280 170 10 1 3 3 #=52
P 554 270 200 270 170 0 0 0
L 270 168 10 1 8 0 1 0 DQ16
A 265 180 10 1 8 0 PINTYPE=BI
A 270 170 10 1 3 3 #=50
P 557 300 200 300 170 0 0 0
L 300 168 10 1 8 0 1 0 VSS27
A 295 170 10 1 2 0 PINTYPE=IN
A 300 170 10 1 3 3 #=56
P 558 430 200 430 170 0 0 0
L 430 168 10 1 8 0 1 0 VSS40
A 425 170 10 1 2 0 PINTYPE=IN
A 430 170 10 1 3 3 #=82
P 559 310 200 310 170 0 0 0
L 310 168 10 1 8 0 1 0 DQ22
A 305 180 10 1 8 0 PINTYPE=BI
A 310 170 10 1 3 3 #=58
P 560 340 200 340 170 0 0 0
L 340 168 10 1 8 0 1 0 VSS31
A 335 170 10 1 2 0 PINTYPE=IN
A 340 170 10 1 3 3 #=64
P 561 330 200 330 170 0 0 0
L 330 168 10 1 8 0 1 0 DQ18
A 325 180 10 1 8 0 PINTYPE=BI
A 330 170 10 1 3 3 #=62
P 562 360 200 360 170 0 0 0
L 360 168 10 1 8 0 1 0 VSS33
A 355 170 10 1 2 0 PINTYPE=IN
A 360 170 10 1 3 3 #=68
P 563 350 200 350 170 0 0 0
L 350 168 10 1 8 0 1 0 DQ28
A 345 180 10 1 8 0 PINTYPE=BI
A 350 170 10 1 3 3 #=66
P 564 380 200 380 170 0 0 0
L 380 168 10 1 8 0 1 0 VSS35
A 375 170 10 1 2 0 PINTYPE=IN
A 380 170 10 1 3 3 #=72
P 565 370 200 370 170 0 0 0
L 370 168 10 1 8 0 1 0 DQ24
A 365 180 10 1 8 0 PINTYPE=BI
A 370 170 10 1 3 3 #=70
P 566 390 200 390 170 0 0 0
L 390 167 10 1 8 0 1 0 DQS3_C
A 385 180 10 1 8 0 PINTYPE=IN
A 390 170 10 1 3 3 #=74
P 567 400 200 400 170 0 0 0
L 400 166 10 1 8 0 1 0 DQS3_T
A 395 180 10 1 8 0 PINTYPE=IN
A 400 170 10 1 3 3 #=76
P 568 410 200 410 170 0 0 0
L 410 168 10 1 8 0 1 0 VSS38
A 405 170 10 1 2 0 PINTYPE=IN
A 410 170 10 1 3 3 #=78
P 569 420 200 420 170 0 0 0
L 420 168 10 1 8 0 1 0 DQ31
A 415 180 10 1 8 0 PINTYPE=BI
A 420 170 10 1 3 3 #=80
P 570 450 200 450 170 0 0 0
L 450 168 10 1 8 0 1 0 VSS42
A 445 170 10 1 2 0 PINTYPE=IN
A 450 170 10 1 3 3 #=86
P 571 440 200 440 170 0 0 0
L 440 168 10 1 8 0 1 0 DQ27
A 435 180 10 1 8 0 PINTYPE=BI
A 440 170 10 1 3 3 #=84
P 572 470 200 470 170 0 0 0
L 470 168 10 1 8 0 1 0 VSS44
A 465 170 10 1 2 0 PINTYPE=IN
A 470 170 10 1 3 3 #=90
P 573 490 200 490 170 0 0 0
L 490 168 10 1 8 0 1 0 VSS46
A 485 170 10 1 2 0 PINTYPE=IN
A 490 170 10 1 3 3 #=94
P 574 510 200 510 170 0 0 0
L 510 168 10 1 8 0 1 0 VSS47
A 505 170 10 1 2 0 PINTYPE=IN
A 510 170 10 1 3 3 #=98
P 575 530 200 530 170 0 0 0
L 530 168 10 1 8 0 1 0 VSS49
A 525 170 10 1 2 0 PINTYPE=IN
A 530 170 10 1 3 3 #=102
P 578 550 200 550 170 0 0 0
L 550 168 10 1 8 0 1 0 VSS51
A 545 170 10 1 2 0 PINTYPE=IN
A 550 170 10 1 3 3 #=106
P 579 865 200 865 170 0 0 0
L 865 168 10 1 8 0 1 0 VSS54
A 860 170 10 1 2 0 PINTYPE=IN
A 865 170 10 1 3 3 #=168
P 580 590 200 590 170 0 0 0
L 590 168 10 1 8 0 1 0 ACT_N
A 585 180 10 1 8 0 PINTYPE=IN
A 590 170 10 1 3 3 #=114
P 581 600 200 600 170 0 0 0
L 600 168 10 1 8 0 1 0 ALERT_N
A 595 170 10 1 2 0 PINTYPE=OUT
A 600 170 10 1 3 3 #=116
P 582 620 200 620 170 0 0 0
L 620 168 10 1 8 0 1 0 A11
A 615 180 10 1 8 0 PINTYPE=IN
A 620 170 10 1 3 3 #=120
P 583 630 200 630 170 0 0 0
L 630 168 10 1 8 0 1 0 A7
A 625 180 10 1 8 0 PINTYPE=IN
A 630 170 10 1 3 3 #=122
P 584 650 200 650 170 0 0 0
L 650 168 10 1 8 0 1 0 A5
A 645 180 10 1 8 0 PINTYPE=IN
A 650 170 10 1 3 3 #=126
P 585 660 200 660 170 0 0 0
L 660 168 10 1 8 0 1 0 A4
A 655 180 10 1 8 0 PINTYPE=IN
A 660 170 10 1 3 3 #=128
P 586 680 200 680 170 0 0 0
L 680 168 10 1 8 0 1 0 A2
A 675 180 10 1 8 0 PINTYPE=IN
A 680 170 10 1 3 3 #=132
P 587 710 200 710 170 0 0 0
L 715 124 10 1 3 0 1 0 CK1_T/NF
A 705 180 10 1 8 0 PINTYPE=IN
A 710 170 10 1 3 3 #=138
P 588 720 200 720 170 0 0 0
L 725 124 10 1 3 0 1 0 CK1_C/NF
A 715 180 10 1 8 0 PINTYPE=IN
A 720 170 10 1 3 3 #=140
P 589 1315 200 1315 170 0 0 0
L 1315 168 10 1 8 0 1 0 VTT
A 1310 170 10 1 2 0 PINTYPE=IN
A 1315 170 10 1 3 3 #=258
P 590 740 200 740 170 0 0 0
L 740 168 10 1 8 0 1 0 A0
A 735 170 10 1 2 0 PINTYPE=IN
A 740 170 10 1 3 3 #=144
P 592 785 200 785 170 0 0 0
L 785 168 10 1 8 0 1 0 RAS_N/A16
A 780 170 10 1 2 0 PINTYPE=IN
A 785 170 10 1 3 3 #=152
P 593 690 200 690 170 0 0 0
L 690 168 10 1 8 0 1 0 EVENT_N/NF
A 685 180 10 1 8 0 PINTYPE=IN
A 690 170 10 1 3 3 #=134
P 599 835 200 835 170 0 0 0
L 835 169 10 1 8 0 1 0 C0/CS2_N/NC
A 830 180 10 1 8 0 PINTYPE=IN
A 835 170 10 1 3 3 #=162
P 602 1015 200 1015 170 0 0 0
L 1015 168 10 1 8 0 1 0 DQS5_C
A 1010 180 10 1 8 0 PINTYPE=IN
A 1015 170 10 1 3 3 #=198
P 603 1025 200 1025 170 0 0 0
L 1025 167 10 1 8 0 1 0 DQS5_T
A 1020 180 10 1 8 0 PINTYPE=IN
A 1025 170 10 1 3 3 #=200
P 605 1155 200 1155 170 0 0 0
L 1155 168 10 1 8 0 1 0 VSS81
A 1150 180 10 1 8 0 PINTYPE=IN
A 1155 170 10 1 3 3 #=226
P 606 1145 200 1145 170 0 0 0
L 1145 168 10 1 8 0 1 0 DQ54
A 1140 180 10 1 8 0 PINTYPE=IN
A 1145 170 10 1 3 3 #=224
P 607 1055 200 1055 170 0 0 0
L 1055 168 10 1 8 0 1 0 VSS72
A 1050 170 10 1 2 0 PINTYPE=IN
A 1055 170 10 1 3 3 #=206
P 608 1045 200 1045 170 0 0 0
L 1045 168 10 1 8 0 1 0 DQ47
A 1040 180 10 1 8 0 PINTYPE=BI
A 1045 170 10 1 3 3 #=204
P 609 1075 200 1075 170 0 0 0
L 1075 168 10 1 8 0 1 0 VSS74
A 1070 170 10 1 2 0 PINTYPE=IN
A 1075 170 10 1 3 3 #=210
P 610 1065 200 1065 170 0 0 0
L 1065 168 10 1 8 0 1 0 DQ43
A 1060 180 10 1 8 0 PINTYPE=BI
A 1065 170 10 1 3 3 #=208
P 611 1095 200 1095 170 0 0 0
L 1095 168 10 1 8 0 1 0 VSS76
A 1090 170 10 1 2 0 PINTYPE=IN
A 1095 170 10 1 3 3 #=214
P 612 1085 200 1085 170 0 0 0
L 1085 168 10 1 8 0 1 0 DQ53
A 1080 180 10 1 8 0 PINTYPE=BI
A 1085 170 10 1 3 3 #=212
P 613 1115 200 1115 170 0 0 0
L 1115 168 10 1 8 0 1 0 VSS78
A 1110 170 10 1 2 0 PINTYPE=IN
A 1115 170 10 1 3 3 #=218
P 614 1105 200 1105 170 0 0 0
L 1105 168 10 1 8 0 1 0 DQ48
A 1100 180 10 1 8 0 PINTYPE=BI
A 1105 170 10 1 3 3 #=216
P 615 1135 200 1135 170 0 0 0
L 1135 168 10 1 8 0 1 0 VSS79
A 1130 170 10 1 2 0 PINTYPE=IN
A 1135 170 10 1 3 3 #=222
P 618 1175 200 1175 170 0 0 0
L 1175 168 10 1 8 0 1 0 VSS83
A 1170 170 10 1 2 0 PINTYPE=IN
A 1175 170 10 1 3 3 #=230
P 619 1165 200 1165 170 0 0 0
L 1165 168 10 1 8 0 1 0 DQ50
A 1160 180 10 1 8 0 PINTYPE=BI
A 1165 170 10 1 3 3 #=228
P 620 1195 200 1195 170 0 0 0
L 1195 168 10 1 8 0 1 0 VSS85
A 1190 170 10 1 2 0 PINTYPE=IN
A 1195 170 10 1 3 3 #=234
P 621 1185 200 1185 170 0 0 0
L 1185 168 10 1 8 0 1 0 DQ60
A 1180 180 10 1 8 0 PINTYPE=BI
A 1185 170 10 1 3 3 #=232
P 622 1215 200 1215 170 0 0 0
L 1215 168 10 1 8 0 1 0 VSS87
A 1210 170 10 1 2 0 PINTYPE=IN
A 1215 170 10 1 3 3 #=238
P 623 1205 200 1205 170 0 0 0
L 1205 168 10 1 8 0 1 0 DQ57
A 1200 180 10 1 8 0 PINTYPE=BI
A 1205 170 10 1 3 3 #=236
P 624 1245 200 1245 170 0 0 0
L 1245 168 10 1 8 0 1 0 VSS90
A 1240 170 10 1 2 0 PINTYPE=IN
A 1245 170 10 1 3 3 #=244
P 625 1225 200 1225 170 0 0 0
L 1225 167 10 1 8 0 1 0 DQS7_C
A 1220 180 10 1 8 0 PINTYPE=IN
A 1225 170 10 1 3 3 #=240
P 626 1235 200 1235 170 0 0 0
L 1235 166 10 1 8 0 1 0 DQS7_T
A 1230 180 10 1 8 0 PINTYPE=IN
A 1235 170 10 1 3 3 #=242
P 627 610 200 610 170 0 0 0
L 610 168 10 1 8 0 1 0 VDD4
A 605 170 10 1 2 0 PINTYPE=IN
A 610 170 10 1 3 3 #=118
P 632 290 200 290 170 0 0 0
L 290 167 10 1 8 0 1 0 DM2_N/DBI2_N
A 285 180 10 1 8 0 PINTYPE=IN
A 290 170 10 1 3 3 #=54
P 633 410 0 410 30 0 1 0
L 410 32 10 1 2 0 1 0 VSS37
A 405 30 10 1 8 0 PINTYPE=IN
A 410 30 10 1 9 3 #=77
P 634 500 200 500 170 0 0 0
L 500 167 10 1 8 0 1 0 DM8_N/DBI8_N/NC
A 495 180 10 1 8 0 PINTYPE=IN
A 500 170 10 1 3 3 #=96
P 635 560 200 560 170 0 0 0
L 560 168 10 1 8 0 1 0 RESET_N
A 555 170 10 1 2 0 PINTYPE=OUT
A 560 170 10 1 3 3 #=108
P 636 620 0 620 30 0 1 0
L 620 32 10 1 2 0 1 0 A12
A 615 30 10 1 8 0 PINTYPE=IN
A 620 30 10 1 9 3 #=119
P 637 775 200 775 170 0 0 0
L 775 168 10 1 8 0 1 0 BA0
A 770 180 10 1 8 0 PINTYPE=IN
A 775 170 10 1 3 3 #=150
P 638 805 200 805 170 0 0 0
L 805 168 10 1 8 0 1 0 CAS_N/A15
A 800 170 10 1 2 0 PINTYPE=IN
A 805 170 10 1 3 3 #=156
P 639 855 200 855 170 0 0 0
L 855 168 10 1 8 0 1 0 SA2
A 850 180 10 1 8 0 PINTYPE=IN
A 855 170 10 1 3 3 #=166
P 640 915 200 915 170 0 0 0
L 915 167 10 1 8 0 1 0 DM4_N/DBI4_N
A 910 180 10 1 8 0 PINTYPE=IN
A 915 170 10 1 3 3 #=178
P 642 1025 0 1025 30 0 1 0
L 1025 30 10 1 2 0 1 0 DM5_N/DBI5_N
A 1020 30 10 1 2 0 PINTYPE=BI
A 1025 30 10 1 9 3 #=199
P 643 1125 200 1125 170 0 0 0
L 1125 167 10 1 8 0 1 0 DM6_N/DBI6_N
A 1120 180 10 1 8 0 PINTYPE=IN
A 1125 170 10 1 3 3 #=220
P 644 1235 0 1235 30 0 1 0
L 1235 30 10 1 2 0 1 0 DM7_N/DBI7_N
A 1230 30 10 1 2 0 PINTYPE=BI
A 1235 30 10 1 9 3 #=241
P 645 1325 0 1325 30 0 1 0
L 1325 30 10 1 2 0 1 0 VPP2
A 1320 30 10 1 8 0 PINTYPE=IN
A 1325 30 10 1 9 3 #=259
P 646 1325 200 1325 170 0 0 0
L 1325 168 10 1 8 0 1 0 SA1
A 1320 180 10 1 8 0 PINTYPE=IN
A 1325 170 10 1 3 3 #=260
E 
