V 51
K 355373366400 din20b_female
|R 23:00_12-1-10
Y 1
D 0 0 100 170
Z 10
i 213
U 0 -30 10 0 3 0 DIST_P/N=H11169-ND
U 0 -10 10 0 3 0 DIST=DIGIKEY
U 0 -40 10 0 3 0 MANF=HIROSE ELECTRIC
U 0 -20 10 0 3 0 MANF_P/N=PCN10C-20S-2.54DS
U 5 -75 10 0 3 0 LEVEL=STD
U 5 -95 10 0 3 0 PARTS=1
U 22 3 16 0 3 3 REFDES=J?
U 20 150 10 0 3 3 DEVICE=DIN20_RA
U 55 10 10 0 3 3 PKG_TYPE=CON_DIN20_RA
P 211 0 90 20 90 0 2 0
L 25 85 10 0 3 0 0 0 GND_A5
A 0 90 10 0 3 0 PINTYPE=IN
A 5 90 10 0 3 3 #=A5
P 212 0 70 20 70 0 2 0
L 20 70 10 0 3 0 0 0 GND_A7
A 0 70 10 0 3 0 PINTYPE=IN
A 5 70 10 0 3 3 #=A7
P 213 0 50 20 50 0 2 0
L 20 50 10 0 3 0 0 0 GND_A9
A 0 50 10 0 3 0 PINTYPE=IN
A 5 50 10 0 3 3 #=A9
P 204 0 40 20 40 0 2 0
L 20 40 10 0 3 0 0 0 UTIL_5V0_A10
A 0 40 10 0 3 0 PINTYPE=IN
A 0 40 10 0 3 3 #=A10
P 205 0 60 20 60 0 2 0
L 25 55 10 0 3 0 1 0 TCK
A 0 60 10 0 3 0 PINTYPE=IN
A 5 60 10 0 3 3 #=A8
P 206 0 120 20 120 0 2 0
L 25 115 10 0 3 0 1 0 TMS
A 0 120 10 0 3 0 PINTYPE=IN
A 5 120 10 0 3 3 #=A2
P 207 0 100 20 100 0 2 0
L 25 95 10 0 3 0 1 0 TDI
A 0 100 10 0 3 0 PINTYPE=IN
A 5 100 10 0 3 3 #=A4
P 208 0 80 20 80 0 2 0
L 25 75 10 0 3 0 1 0 TDO
A 0 80 10 0 3 0 PINTYPE=IN
A 5 80 10 0 3 3 #=A6
P 209 0 110 20 110 0 2 0
L 25 105 10 0 3 0 1 0 ID_0
A 0 110 10 0 3 0 PINTYPE=IN
A 5 110 10 0 3 3 #=A3
P 210 0 130 20 130 0 2 0
L 25 125 10 0 3 0 1 0 PEN
A 0 130 10 0 3 0 PINTYPE=IN
A 5 130 10 0 3 3 #=A1
P 147 100 110 80 110 0 3 0
L 54 105 10 0 3 1 1 0 SP_B
A 120 110 10 0 3 0 PINTYPE=ANALOG
A 84 110 10 0 3 3 #=B3
P 151 100 120 80 120 0 3 0
A 84 120 10 0 3 3 #=B2
L 54 115 10 0 3 0 1 0 SP_A
A 120 120 10 0 3 0 PINTYPE=ANALOG
P 198 100 130 80 130 0 3 0
A 100 130 10 0 9 0 PINTYPE=ANALOG
A 95 130 10 0 9 3 #=B1
L 54 125 10 0 3 0 1 0 VREF
P 150 100 100 80 100 0 3 0
A 84 100 10 0 3 3 #=B4
L 60 95 10 0 3 0 1 0 ID1
A 120 100 10 0 3 0 PINTYPE=ANALOG
P 195 100 80 80 80 0 3 0
A 120 80 10 0 3 0 PINTYPE=ANALOG
L 100 75 10 0 3 0 0 0 GND_B6
A 84 80 10 0 3 3 #=B6
P 199 100 40 80 40 0 3 0
A 100 40 10 0 9 0 PINTYPE=ANALOG
A 100 40 10 0 9 3 #=B10
L 15 30 10 0 3 0 0 0 UTIL_5V0_B10
P 201 100 50 80 50 0 3 0
A 100 50 10 0 9 0 PINTYPE=ANALOG
A 95 50 10 0 9 3 #=B9
L 10 50 10 0 3 0 0 0 UTIL_5V0_B9
P 203 100 60 80 60 0 3 0
L 15 60 10 0 3 0 0 0 UTIL_5V0_B8
A 100 60 10 0 9 0 PINTYPE=ANALOG
A 95 60 10 0 9 3 #=B8
P 202 100 70 80 70 0 3 0
A 100 70 10 0 9 0 PINTYPE=ANALOG
A 95 70 10 0 9 3 #=B7
L 15 70 10 0 3 0 0 0 UTIL_5V0_B7
P 194 100 90 80 90 0 3 0
A 84 90 10 0 3 3 #=B5
L 105 85 10 0 3 0 0 0 GND_B5
A 125 90 10 0 3 0 PINTYPE=ANALOG
b 20 20 80 150
T 25 85 10 0 3 GND
Q 15 0 0
T 25 65 10 0 3 GND
Q 15 0 0
T 25 45 10 0 3 GND
Q 15 0 0
T 60 85 10 0 3 GND
Q 15 0 0
T 60 75 10 0 3 GND
Q 15 0 0
T 25 35 10 0 3 5V0
Q 15 0 0
T 61 35 10 0 3 5V0
Q 15 0 0
T 61 45 10 0 3 5V0
Q 15 0 0
T 61 55 10 0 3 5V0
Q 15 0 0
T 61 65 10 0 3 5V0
Q 15 0 0
E
