V 53
K 1440096345 dp83867irpap_rgmii.1
F Case
|R 11:45:45_8-20-15
D 0 555 275 30
Y 1
Z 10
i 66
U 30 540 10 0 3 3 DEVICE=DEVICE
U 30 50 16 0 1 3 REFDES=U?
U 245 35 10 0 9 3 PKG_TYPE=PKG_TYPE
U 30 31 10 0 1 3 MANF_P/N=MANF_P/N
U 30 18 10 0 1 3 VALUE=VALUE
U 0 30 10 0 1 0 FORWARD_PCB=1
b 30 50 245 540
T 135 515 20 0 5 DP83867IR
T 35 490 10 0 2 VDDIO
Q 15 0 0
|FNTSTL 16777215 0
T 35 480 10 0 2 VDDIO
Q 15 0 0
|FNTSTL 16777215 0
T 35 470 10 0 2 VDDIO
Q 15 0 0
|FNTSTL 16777215 0
T 35 450 10 0 2 VDDA1P8
Q 15 0 0
|FNTSTL 16777215 0
T 35 440 10 0 2 VDDA1P8
Q 15 0 0
|FNTSTL 16777215 0
T 240 490 10 0 8 VDDA2P5
Q 15 0 0
|FNTSTL 16777215 0
T 240 480 10 0 8 VDDA2P5
Q 15 0 0
|FNTSTL 16777215 0
T 240 460 10 0 8 VDD1P1
Q 15 0 0
|FNTSTL 16777215 0
T 240 450 10 0 8 VDD1P1
Q 15 0 0
|FNTSTL 16777215 0
T 240 440 10 0 8 VDD1P1
Q 15 0 0
|FNTSTL 16777215 0
T 240 430 10 0 8 VDD1P1
Q 15 0 0
|FNTSTL 16777215 0
T 240 240 10 0 8 RESERVED
Q 15 0 0
|FNTSTL 16777215 0
T 240 230 10 0 8 RESERVED
Q 15 0 0
|FNTSTL 16777215 0
T 240 220 10 0 8 RESERVED
Q 15 0 0
|FNTSTL 16777215 0
T 240 210 10 0 8 RESERVED
Q 15 0 0
|FNTSTL 16777215 0
P 1 0 490 30 490 0 2 0
L 35 490 10 0 2 0 0 0 VDDIO1_23
A 25 490 10 0 9 3 #=23
A 25 490 10 0 9 0 PINTYPE=BI
P 2 0 480 30 480 0 2 0
L 35 480 10 0 2 0 0 0 VDDIO2_41
A 25 480 10 0 9 3 #=41
A 25 480 10 0 9 0 PINTYPE=BI
P 3 0 470 30 470 0 2 0
L 35 470 10 0 2 0 0 0 VDDIO3_57
A 25 470 10 0 9 3 #=57
A 25 470 10 0 9 0 PINTYPE=BI
P 4 0 450 30 450 0 2 0
L 35 450 10 0 2 0 0 0 VDDA1P8_1_17
A 25 450 10 0 9 3 #=17
A 25 450 10 0 9 0 PINTYPE=BI
P 5 0 440 30 440 0 2 0
L 35 440 10 0 2 0 0 0 VDDA1P8_2_64
A 25 440 10 0 9 3 #=64
A 25 440 10 0 9 0 PINTYPE=BI
P 6 0 410 30 410 0 2 0
L 35 410 10 0 2 0 1 0 MDIO
A 25 410 10 0 9 3 #=21
A 25 410 10 0 9 0 PINTYPE=BI
P 7 0 400 30 400 0 2 0
L 35 400 10 0 2 0 1 0 MDC
A 25 400 10 0 9 3 #=20
A 25 400 10 0 9 0 PINTYPE=BI
P 8 0 390 30 390 0 2 0
L 35 390 10 0 2 0 1 0 INT_PWDN
A 25 390 10 0 9 3 #=60
A 25 390 10 0 9 0 PINTYPE=BI
P 9 0 110 30 110 0 2 0
L 35 110 10 0 2 0 1 0 TX_CLK
A 25 110 10 0 9 3 #=30
A 25 110 10 0 9 0 PINTYPE=BI
P 10 0 360 30 360 0 2 0
L 35 360 10 0 2 0 1 0 TX_EN_TX_CTRL
A 25 360 10 0 9 3 #=52
A 25 360 10 0 9 0 PINTYPE=BI
P 11 0 340 30 340 0 2 0
L 35 340 10 0 2 0 1 0 TX_D7
A 25 340 10 0 9 3 #=31
A 25 340 10 0 9 0 PINTYPE=BI
P 12 0 330 30 330 0 2 0
L 35 330 10 0 2 0 1 0 TX_D6
A 25 330 10 0 9 3 #=32
A 25 330 10 0 9 0 PINTYPE=BI
P 13 0 320 30 320 0 2 0
L 35 320 10 0 2 0 1 0 TX_D5
A 25 320 10 0 9 3 #=33
A 25 320 10 0 9 0 PINTYPE=BI
P 14 0 310 30 310 0 2 0
L 35 310 10 0 2 0 1 0 TX_D4
A 25 310 10 0 9 3 #=34
A 25 310 10 0 9 0 PINTYPE=BI
P 15 0 300 30 300 0 2 0
L 35 300 10 0 2 0 1 0 TX_D3
A 25 300 10 0 9 3 #=35
A 25 300 10 0 9 0 PINTYPE=BI
P 16 0 290 30 290 0 2 0
L 35 290 10 0 2 0 1 0 TX_D2
A 25 290 10 0 9 3 #=36
A 25 290 10 0 9 0 PINTYPE=BI
P 17 0 280 30 280 0 2 0
L 35 280 10 0 2 0 1 0 TX_D1
A 25 280 10 0 9 3 #=37
A 25 280 10 0 9 0 PINTYPE=BI
P 18 0 270 30 270 0 2 0
L 35 270 10 0 2 0 1 0 TX_D0
A 25 270 10 0 9 3 #=38
A 25 270 10 0 9 0 PINTYPE=BI
P 19 0 250 30 250 0 2 0
L 35 250 10 0 2 0 1 0 RX_CLK
A 25 250 10 0 9 3 #=43
A 25 250 10 0 9 0 PINTYPE=BI
P 20 0 240 30 240 0 2 0
L 35 240 10 0 2 0 1 0 RX_DV_RX_CTRL
A 25 240 10 0 9 3 #=53
A 25 240 10 0 9 0 PINTYPE=BI
P 21 0 120 30 120 0 2 0
L 35 120 10 0 2 0 1 0 TX_ER
A 25 120 10 0 9 3 #=39
A 25 120 10 0 9 0 PINTYPE=BI
P 22 0 370 30 370 0 2 0
L 35 370 10 0 2 0 1 0 GTX_CLK
A 25 370 10 0 9 3 #=40
A 25 370 10 0 9 0 PINTYPE=BI
P 23 0 220 30 220 0 2 0
L 35 220 10 0 2 0 1 0 RX_D7
A 25 220 10 0 9 3 #=51
A 25 220 10 0 9 0 PINTYPE=BI
P 24 0 210 30 210 0 2 0
L 35 210 10 0 2 0 1 0 RX_D6
A 25 210 10 0 9 3 #=50
A 25 210 10 0 9 0 PINTYPE=BI
P 25 0 200 30 200 0 2 0
L 35 200 10 0 2 0 1 0 RX_D5
A 25 200 10 0 9 3 #=49
A 25 200 10 0 9 0 PINTYPE=BI
P 26 0 190 30 190 0 2 0
L 35 190 10 0 2 0 1 0 RX_D4
A 25 190 10 0 9 3 #=48
A 25 190 10 0 9 0 PINTYPE=BI
P 27 0 180 30 180 0 2 0
L 35 180 10 0 2 0 1 0 RX_D3
A 25 180 10 0 9 3 #=47
A 25 180 10 0 9 0 PINTYPE=BI
P 28 0 170 30 170 0 2 0
L 35 170 10 0 2 0 1 0 RX_D2
A 25 170 10 0 9 3 #=46
A 25 170 10 0 9 0 PINTYPE=BI
P 29 0 160 30 160 0 2 0
L 35 160 10 0 2 0 1 0 RX_D1
A 25 160 10 0 9 3 #=45
A 25 160 10 0 9 0 PINTYPE=BI
P 30 0 150 30 150 0 2 0
L 35 150 10 0 2 0 1 0 RX_D0
A 25 150 10 0 9 3 #=44
A 25 150 10 0 9 0 PINTYPE=BI
P 31 0 80 30 80 0 2 0
L 35 80 10 0 2 0 1 0 RESET_B
A 25 80 10 0 9 3 #=59
A 25 80 10 0 9 0 PINTYPE=BI
P 32 275 490 245 490 0 3 0
L 240 490 10 0 8 0 0 0 VDDA2P5_1_4
A 250 490 10 0 3 3 #=4
A 240 490 10 0 3 0 PINTYPE=BI
P 33 275 480 245 480 0 3 0
L 240 480 10 0 8 0 0 0 VDDA2P5_2_12
A 250 480 10 0 3 3 #=12
A 240 480 10 0 3 0 PINTYPE=BI
P 34 275 460 245 460 0 3 0
L 240 460 10 0 8 0 0 0 VDD1P1_1_8
A 250 460 10 0 3 3 #=8
A 240 460 10 0 3 0 PINTYPE=BI
P 35 275 450 245 450 0 3 0
L 240 450 10 0 8 0 0 0 VDD1P1_2_29
A 250 450 10 0 3 3 #=29
A 240 450 10 0 3 0 PINTYPE=BI
P 36 275 440 245 440 0 3 0
L 240 440 10 0 8 0 0 0 VDD1P1_3_42
A 250 440 10 0 3 3 #=42
A 240 440 10 0 3 0 PINTYPE=BI
P 37 275 430 245 430 0 3 0
L 240 430 10 0 8 0 0 0 VDD1P1_4_58
A 250 430 10 0 3 3 #=58
A 240 430 10 0 3 0 PINTYPE=BI
P 38 275 410 245 410 0 3 0
L 240 410 10 0 8 0 1 0 TD_P_A
A 250 410 10 0 3 3 #=2
A 240 410 10 0 3 0 PINTYPE=BI
P 39 275 400 245 400 0 3 0
L 240 400 10 0 8 0 1 0 TD_M_A
A 250 400 10 0 3 3 #=3
A 240 400 10 0 3 0 PINTYPE=BI
P 40 275 390 245 390 0 3 0
L 240 390 10 0 8 0 1 0 TD_P_B
A 250 390 10 0 3 3 #=5
A 240 390 10 0 3 0 PINTYPE=BI
P 41 275 380 245 380 0 3 0
L 240 380 10 0 8 0 1 0 TD_M_B
A 250 380 10 0 3 3 #=6
A 240 380 10 0 3 0 PINTYPE=BI
P 42 275 370 245 370 0 3 0
L 240 370 10 0 8 0 1 0 TD_P_C
A 250 370 10 0 3 3 #=10
A 240 370 10 0 3 0 PINTYPE=BI
P 43 275 360 245 360 0 3 0
L 240 360 10 0 8 0 1 0 TD_M_C
A 250 360 10 0 3 3 #=11
A 240 360 10 0 3 0 PINTYPE=BI
P 44 275 350 245 350 0 3 0
L 240 350 10 0 8 0 1 0 TD_P_D
A 250 350 10 0 3 3 #=13
A 240 350 10 0 3 0 PINTYPE=BI
P 45 275 340 245 340 0 3 0
L 240 340 10 0 8 0 1 0 TD_M_D
A 250 340 10 0 3 3 #=14
A 240 340 10 0 3 0 PINTYPE=BI
P 46 275 320 245 320 0 3 0
L 240 320 10 0 8 0 1 0 RX_ER_GPIO
A 250 320 10 0 3 3 #=54
A 240 320 10 0 3 0 PINTYPE=BI
P 47 275 310 245 310 0 3 0
L 240 310 10 0 8 0 1 0 COL_GPIO
A 250 310 10 0 3 3 #=55
A 240 310 10 0 3 0 PINTYPE=BI
P 48 275 300 245 300 0 3 0
L 240 300 10 0 8 0 1 0 CRS
A 250 300 10 0 3 3 #=56
A 240 300 10 0 3 0 PINTYPE=BI
P 49 275 280 245 280 0 3 0
L 240 280 10 0 8 0 1 0 LED_2
A 250 280 10 0 3 3 #=61
A 240 280 10 0 3 0 PINTYPE=BI
P 50 275 270 245 270 0 3 0
L 240 270 10 0 8 0 1 0 LED_1
A 250 270 10 0 3 3 #=62
A 240 270 10 0 3 0 PINTYPE=BI
P 51 275 260 245 260 0 3 0
L 240 260 10 0 8 0 1 0 LED_0
A 250 260 10 0 3 3 #=63
A 240 260 10 0 3 0 PINTYPE=BI
P 52 275 240 245 240 0 3 0
L 240 240 10 0 8 0 0 0 RESERVED1_1
A 250 240 10 0 3 3 #=1
A 240 240 10 0 3 0 PINTYPE=BI
P 53 275 230 245 230 0 3 0
L 240 230 10 0 8 0 0 0 RESERVED2_7
A 250 230 10 0 3 3 #=7
A 240 230 10 0 3 0 PINTYPE=BI
P 54 275 220 245 220 0 3 0
L 240 220 10 0 8 0 0 0 RESERVED3_9
A 250 220 10 0 3 3 #=9
A 240 220 10 0 3 0 PINTYPE=BI
P 55 275 210 245 210 0 3 0
L 240 210 10 0 8 0 0 0 RESERVED4_16
A 250 210 10 0 3 3 #=16
A 240 210 10 0 3 0 PINTYPE=BI
P 56 275 190 245 190 0 3 0
L 240 190 10 0 8 0 1 0 XI
A 250 190 10 0 3 3 #=19
A 240 190 10 0 3 0 PINTYPE=BI
P 57 275 180 245 180 0 3 0
L 240 180 10 0 8 0 1 0 XO
A 250 180 10 0 3 3 #=18
A 240 180 10 0 3 0 PINTYPE=BI
P 58 275 170 245 170 0 3 0
L 240 170 10 0 8 0 1 0 CLK_OUT
A 250 170 10 0 3 3 #=22
A 240 170 10 0 3 0 PINTYPE=BI
P 59 275 140 245 140 0 3 0
L 240 140 10 0 8 0 1 0 JTAG_CLK
A 250 140 10 0 3 3 #=25
A 240 140 10 0 3 0 PINTYPE=BI
P 60 275 110 245 110 0 3 0
L 240 110 10 0 8 0 1 0 JTAG_TDO
A 250 110 10 0 3 3 #=26
A 240 110 10 0 3 0 PINTYPE=BI
P 61 275 130 245 130 0 3 0
L 240 130 10 0 8 0 1 0 JTAG_TMS
A 250 130 10 0 3 3 #=27
A 240 130 10 0 3 0 PINTYPE=BI
P 62 275 120 245 120 0 3 0
L 240 120 10 0 8 0 1 0 JTAG_TDI
A 250 120 10 0 3 3 #=28
A 240 120 10 0 3 0 PINTYPE=BI
P 63 275 150 245 150 0 3 0
L 240 150 10 0 8 0 1 0 JTAG_TRST_B
A 250 150 10 0 3 3 #=24
A 240 150 10 0 3 0 PINTYPE=BI
P 64 275 90 245 90 0 3 0
L 240 90 10 0 8 0 1 0 RBIAS
A 250 90 10 0 3 3 #=15
A 240 90 10 0 3 0 PINTYPE=BI
P 65 275 80 245 80 0 3 0
L 240 80 10 0 8 0 1 0 GND_PAD
A 250 80 10 0 3 3 #=65
A 240 80 10 0 3 0 PINTYPE=BI
E 
