V 53
K 1436567467 ds1339.1
F Case
|R 15:31:7_7-10-15
D 0 180 120 20
Y 1
Z 10
i 88
U 0 -20 10 0 3 0 MANF_P/N=MANF_P/N
U 25 20 16 0 3 3 REFDES=U?
U 25 165 10 0 3 3 DEVICE=DEVICE
U 60 25 10 0 3 3 PKG_TYPE=PKG_TYPE
U 25 0 10 0 1 0 VALUE=VALUE
U 0 20 10 0 1 0 FORWARD_PCB=1
b 20 40 100 160
P 50 120 60 100 60 0 3 0
L 95 55 10 0 9 0 1 0 GND
A 130 60 10 0 9 0 PINTYPE=POWER
A 105 60 10 0 3 3 #=4
P 54 0 140 20 140 0 2 0
L 25 135 10 0 3 0 1 0 X1
A -20 140 10 0 3 0 PINTYPE=IN
A 15 140 10 0 9 3 #=1
P 56 120 140 100 140 0 3 0
L 95 135 10 0 9 0 1 0 VCC
A 105 140 10 0 3 3 #=8
A 120 140 10 0 9 0 PINTYPE=POWER
P 82 120 100 100 100 0 3 0
L 95 95 10 0 9 0 1 0 VBACKUP
A 130 100 10 0 9 0 PINTYPE=POWER
A 105 100 10 0 3 3 #=3
P 83 120 120 100 120 0 3 0
L 95 115 10 0 9 0 1 0 SQW/INT_B
A 105 120 10 0 3 3 #=7
A 120 120 10 0 9 0 PINTYPE=OUT
P 84 0 110 20 110 0 2 0
L 25 105 10 0 3 0 1 0 X2
A -20 110 10 0 3 0 PINTYPE=IN
A 15 110 10 0 9 3 #=2
P 85 0 60 20 60 0 2 0
L 25 55 10 0 3 0 1 0 SDA
A -20 60 10 0 3 0 PINTYPE=IN
A 15 60 10 0 9 3 #=5
P 86 0 70 20 70 0 2 0
L 25 65 10 0 3 0 1 0 SCL
A -20 70 10 0 3 0 PINTYPE=IN
A 15 70 10 0 9 3 #=6
E 
