V 51
K 173306819600 pci_uni
|R 23:44_10-7-10
Y 1
D 0 0 320 1060
Z 10
i 149
U 0 -20 10 0 3 0 LEVEL=STD
U 0 -30 10 0 3 0 PARTS=1
P 141 320 1020 300 1020 0 3 0
A 300 1020 10 0 3 3 #=A1
L 360 1020 10 0 3 0 0 0 A1
A 400 1020 10 0 3 0 PINTYPE=BI
P 132 320 840 300 840 0 3 0
A 300 840 10 0 3 3 #=A10
L 360 840 10 0 3 0 0 0 A10
A 400 840 10 0 3 0 PINTYPE=BI
P 131 320 820 300 820 0 3 0
A 300 820 10 0 3 3 #=A11
L 360 820 10 0 3 0 0 0 A11
A 400 820 10 0 3 0 PINTYPE=BI
P 130 320 750 300 750 0 3 0
A 300 750 10 0 3 3 #=A14
L 360 750 10 0 3 0 0 0 A14
A 400 750 10 0 3 0 PINTYPE=BI
P 129 320 730 300 730 0 3 0
A 300 730 10 0 3 3 #=A15
L 360 730 10 0 3 0 0 0 A15
A 400 730 10 0 3 0 PINTYPE=BI
P 128 320 710 300 710 0 3 0
A 300 710 10 0 3 3 #=A16
L 360 710 10 0 3 0 0 0 A16
A 400 710 10 0 3 0 PINTYPE=BI
P 127 320 690 300 690 0 3 0
A 300 690 10 0 3 3 #=A17
L 360 690 10 0 3 0 0 0 A17
A 400 690 10 0 3 0 PINTYPE=BI
P 125 320 650 300 650 0 3 0
A 300 650 10 0 3 3 #=A19
L 360 650 10 0 3 0 0 0 A19
A 400 650 10 0 3 0 PINTYPE=BI
P 140 320 1000 300 1000 0 3 0
A 300 1000 10 0 3 3 #=A2
L 360 1000 10 0 3 0 0 0 A2
A 400 1000 10 0 3 0 PINTYPE=BI
P 124 320 630 300 630 0 3 0
A 300 630 10 0 3 3 #=A20
L 360 630 10 0 3 0 0 0 A20
A 400 630 10 0 3 0 PINTYPE=BI
P 123 320 610 300 610 0 3 0
A 300 610 10 0 3 3 #=A21
L 360 610 10 0 3 0 0 0 A21
A 400 610 10 0 3 0 PINTYPE=BI
P 122 320 590 300 590 0 3 0
A 300 590 10 0 3 3 #=A22
L 360 590 10 0 3 0 0 0 A22
A 400 590 10 0 3 0 PINTYPE=BI
P 121 320 570 300 570 0 3 0
A 300 570 10 0 3 3 #=A23
L 360 570 10 0 3 0 0 0 A23
A 400 570 10 0 3 0 PINTYPE=BI
P 120 320 550 300 550 0 3 0
A 300 550 10 0 3 3 #=A24
L 360 550 10 0 3 0 0 0 A24
A 400 550 10 0 3 0 PINTYPE=BI
P 119 320 530 300 530 0 3 0
A 300 530 10 0 3 3 #=A25
L 360 530 10 0 3 0 0 0 A25
A 400 530 10 0 3 0 PINTYPE=BI
P 118 320 510 300 510 0 3 0
A 300 510 10 0 3 3 #=A26
L 360 510 10 0 3 0 0 0 A26
A 400 510 10 0 3 0 PINTYPE=BI
P 117 320 490 300 490 0 3 0
A 300 490 10 0 3 3 #=A27
L 360 490 10 0 3 0 0 0 A27
A 400 490 10 0 3 0 PINTYPE=BI
P 116 320 470 300 470 0 3 0
A 300 470 10 0 3 3 #=A28
L 360 470 10 0 3 0 0 0 A28
A 400 470 10 0 3 0 PINTYPE=BI
P 115 320 450 300 450 0 3 0
A 300 450 10 0 3 3 #=A29
L 360 450 10 0 3 0 0 0 A29
A 400 450 10 0 3 0 PINTYPE=BI
P 139 320 980 300 980 0 3 0
A 300 980 10 0 3 3 #=A3
L 360 980 10 0 3 0 0 0 A3
A 400 980 10 0 3 0 PINTYPE=BI
P 114 320 430 300 430 0 3 0
A 300 430 10 0 3 3 #=A30
L 360 430 10 0 3 0 0 0 A30
A 400 430 10 0 3 0 PINTYPE=BI
P 113 320 410 300 410 0 3 0
A 300 410 10 0 3 3 #=A31
L 360 410 10 0 3 0 0 0 A31
A 400 410 10 0 3 0 PINTYPE=BI
P 112 320 390 300 390 0 3 0
A 300 390 10 0 3 3 #=A32
L 360 390 10 0 3 0 0 0 A32
A 400 390 10 0 3 0 PINTYPE=BI
P 111 320 370 300 370 0 3 0
A 300 370 10 0 3 3 #=A33
L 360 370 10 0 3 0 0 0 A33
A 400 370 10 0 3 0 PINTYPE=BI
P 110 320 350 300 350 0 3 0
A 300 350 10 0 3 3 #=A34
L 360 350 10 0 3 0 0 0 A34
A 400 350 10 0 3 0 PINTYPE=BI
P 109 320 330 300 330 0 3 0
A 300 330 10 0 3 3 #=A35
L 360 330 10 0 3 0 0 0 A35
A 400 330 10 0 3 0 PINTYPE=BI
P 108 320 310 300 310 0 3 0
A 300 310 10 0 3 3 #=A36
L 360 310 10 0 3 0 0 0 A36
A 400 310 10 0 3 0 PINTYPE=BI
P 107 320 290 300 290 0 3 0
A 300 290 10 0 3 3 #=A37
L 360 290 10 0 3 0 0 0 A37
A 400 290 10 0 3 0 PINTYPE=BI
P 106 320 270 300 270 0 3 0
A 300 270 10 0 3 3 #=A38
L 360 270 10 0 3 0 0 0 A38
A 400 270 10 0 3 0 PINTYPE=BI
P 105 320 250 300 250 0 3 0
A 300 250 10 0 3 3 #=A39
L 360 250 10 0 3 0 0 0 A39
A 400 250 10 0 3 0 PINTYPE=BI
P 138 320 960 300 960 0 3 0
A 300 960 10 0 3 3 #=A4
L 360 960 10 0 3 0 0 0 A4
A 400 960 10 0 3 0 PINTYPE=BI
P 104 320 230 300 230 0 3 0
A 300 230 10 0 3 3 #=A40
L 360 230 10 0 3 0 0 0 A40
A 400 230 10 0 3 0 PINTYPE=BI
P 103 320 210 300 210 0 3 0
A 300 210 10 0 3 3 #=A41
L 360 210 10 0 3 0 0 0 A41
A 400 210 10 0 3 0 PINTYPE=BI
P 102 320 190 300 190 0 3 0
A 300 190 10 0 3 3 #=A42
L 360 190 10 0 3 0 0 0 A42
A 400 190 10 0 3 0 PINTYPE=BI
P 101 320 170 300 170 0 3 0
A 300 170 10 0 3 3 #=A43
L 360 170 10 0 3 0 0 0 A43
A 400 170 10 0 3 0 PINTYPE=BI
P 100 320 150 300 150 0 3 0
A 300 150 10 0 3 3 #=A44
L 360 150 10 0 3 0 0 0 A44
A 400 150 10 0 3 0 PINTYPE=BI
P 99 320 130 300 130 0 3 0
A 300 130 10 0 3 3 #=A45
L 360 130 10 0 3 0 0 0 A45
A 400 130 10 0 3 0 PINTYPE=BI
P 98 320 110 300 110 0 3 0
A 300 110 10 0 3 3 #=A46
L 360 110 10 0 3 0 0 0 A46
A 400 110 10 0 3 0 PINTYPE=BI
P 97 320 90 300 90 0 3 0
A 300 90 10 0 3 3 #=A47
L 360 90 10 0 3 0 0 0 A47
A 400 90 10 0 3 0 PINTYPE=BI
P 96 320 70 300 70 0 3 0
A 300 70 10 0 3 3 #=A48
L 360 70 10 0 3 0 0 0 A48
A 400 70 10 0 3 0 PINTYPE=BI
P 95 320 50 300 50 0 3 0
A 300 50 10 0 3 3 #=A49
L 360 50 10 0 3 0 0 0 A49
A 400 50 10 0 3 0 PINTYPE=BI
P 137 320 940 300 940 0 3 0
A 300 940 10 0 3 3 #=A5
L 360 940 10 0 3 0 0 0 A5
A 400 940 10 0 3 0 PINTYPE=BI
P 136 320 920 300 920 0 3 0
A 300 920 10 0 3 3 #=A6
L 360 920 10 0 3 0 0 0 A6
A 400 920 10 0 3 0 PINTYPE=BI
P 135 320 900 300 900 0 3 0
A 300 900 10 0 3 3 #=A7
L 360 900 10 0 3 0 0 0 A7
A 400 900 10 0 3 0 PINTYPE=BI
P 134 320 880 300 880 0 3 0
A 300 880 10 0 3 3 #=A8
L 360 880 10 0 3 0 0 0 A8
A 400 880 10 0 3 0 PINTYPE=BI
P 133 320 860 300 860 0 3 0
A 300 860 10 0 3 3 #=A9
L 360 860 10 0 3 0 0 0 A9
A 400 860 10 0 3 0 PINTYPE=BI
P 74 0 840 20 840 0 2 0
L -40 840 10 0 9 0 0 0 B10
A -80 840 10 0 9 0 PINTYPE=BI
A 20 840 10 0 9 3 #=B10
P 73 0 820 20 820 0 2 0
L -40 820 10 0 9 0 0 0 B11
A -80 820 10 0 9 0 PINTYPE=BI
A 20 820 10 0 9 3 #=B11
P 71 0 730 20 730 0 2 0
L -40 730 10 0 9 0 0 0 B15
A -80 730 10 0 9 0 PINTYPE=BI
A 20 730 10 0 9 3 #=B15
P 70 0 710 20 710 0 2 0
L -40 710 10 0 9 0 0 0 B16
A -80 710 10 0 9 0 PINTYPE=BI
A 20 710 10 0 9 3 #=B16
P 69 0 690 20 690 0 2 0
L -40 690 10 0 9 0 0 0 B17
A -80 690 10 0 9 0 PINTYPE=BI
A 20 690 10 0 9 3 #=B17
P 68 0 670 20 670 0 2 0
L -40 670 10 0 9 0 0 0 B18
A -80 670 10 0 9 0 PINTYPE=BI
A 20 670 10 0 9 3 #=B18
P 67 0 650 20 650 0 2 0
L -40 650 10 0 9 0 0 0 B19
A -80 650 10 0 9 0 PINTYPE=BI
A 20 650 10 0 9 3 #=B19
P 82 0 1000 20 1000 0 2 0
L -40 1000 10 0 9 0 0 0 B2
A -80 1000 10 0 9 0 PINTYPE=BI
A 20 1000 10 0 9 3 #=B2
P 66 0 630 20 630 0 2 0
L -40 630 10 0 9 0 0 0 B20
A -80 630 10 0 9 0 PINTYPE=BI
A 20 630 10 0 9 3 #=B20
P 65 0 610 20 610 0 2 0
L -40 610 10 0 9 0 0 0 B21
A -80 610 10 0 9 0 PINTYPE=BI
A 20 610 10 0 9 3 #=B21
P 64 0 590 20 590 0 2 0
L -40 590 10 0 9 0 0 0 B22
A -80 590 10 0 9 0 PINTYPE=BI
A 20 590 10 0 9 3 #=B22
P 63 0 570 20 570 0 2 0
L -40 570 10 0 9 0 0 0 B23
A -80 570 10 0 9 0 PINTYPE=BI
A 20 570 10 0 9 3 #=B23
P 62 0 550 20 550 0 2 0
L -40 550 10 0 9 0 0 0 B24
A -80 550 10 0 9 0 PINTYPE=BI
A 20 550 10 0 9 3 #=B24
P 61 0 530 20 530 0 2 0
L -40 530 10 0 9 0 0 0 B25
A -80 530 10 0 9 0 PINTYPE=BI
A 20 530 10 0 9 3 #=B25
P 60 0 510 20 510 0 2 0
L -40 510 10 0 9 0 0 0 B26
A -80 510 10 0 9 0 PINTYPE=BI
A 20 510 10 0 9 3 #=B26
P 59 0 490 20 490 0 2 0
L -40 490 10 0 9 0 0 0 B27
A -80 490 10 0 9 0 PINTYPE=BI
A 20 490 10 0 9 3 #=B27
P 58 0 470 20 470 0 2 0
L -40 470 10 0 9 0 0 0 B28
A -80 470 10 0 9 0 PINTYPE=BI
A 20 470 10 0 9 3 #=B28
P 57 0 450 20 450 0 2 0
L -40 450 10 0 9 0 0 0 B29
A -80 450 10 0 9 0 PINTYPE=BI
A 20 450 10 0 9 3 #=B29
P 81 0 980 20 980 0 2 0
L -40 980 10 0 9 0 0 0 B3
A -80 980 10 0 9 0 PINTYPE=BI
A 20 980 10 0 9 3 #=B3
P 56 0 430 20 430 0 2 0
L -40 430 10 0 9 0 0 0 B30
A -80 430 10 0 9 0 PINTYPE=BI
A 20 430 10 0 9 3 #=B30
P 55 0 410 20 410 0 2 0
L -40 410 10 0 9 0 0 0 B31
A -80 410 10 0 9 0 PINTYPE=BI
A 20 410 10 0 9 3 #=B31
P 54 0 390 20 390 0 2 0
L -40 390 10 0 9 0 0 0 B32
A -80 390 10 0 9 0 PINTYPE=BI
A 20 390 10 0 9 3 #=B32
P 53 0 370 20 370 0 2 0
L -40 370 10 0 9 0 0 0 B33
A -80 370 10 0 9 0 PINTYPE=BI
A 20 370 10 0 9 3 #=B33
P 52 0 350 20 350 0 2 0
L -40 350 10 0 9 0 0 0 B34
A -80 350 10 0 9 0 PINTYPE=BI
A 20 350 10 0 9 3 #=B34
P 51 0 330 20 330 0 2 0
L -40 330 10 0 9 0 0 0 B35
A -80 330 10 0 9 0 PINTYPE=BI
A 20 330 10 0 9 3 #=B35
P 50 0 310 20 310 0 2 0
L -40 310 10 0 9 0 0 0 B36
A -80 310 10 0 9 0 PINTYPE=BI
A 20 310 10 0 9 3 #=B36
P 49 0 290 20 290 0 2 0
L -40 290 10 0 9 0 0 0 B37
A -80 290 10 0 9 0 PINTYPE=BI
A 20 290 10 0 9 3 #=B37
P 48 0 270 20 270 0 2 0
L -40 270 10 0 9 0 0 0 B38
A -80 270 10 0 9 0 PINTYPE=BI
A 20 270 10 0 9 3 #=B38
P 47 0 250 20 250 0 2 0
L -40 250 10 0 9 0 0 0 B39
A -80 250 10 0 9 0 PINTYPE=BI
A 20 250 10 0 9 3 #=B39
P 46 0 230 20 230 0 2 0
L -40 230 10 0 9 0 0 0 B40
A -80 230 10 0 9 0 PINTYPE=BI
A 20 230 10 0 9 3 #=B40
P 45 0 210 20 210 0 2 0
L -40 210 10 0 9 0 0 0 B41
A -80 210 10 0 9 0 PINTYPE=BI
A 20 210 10 0 9 3 #=B41
P 44 0 190 20 190 0 2 0
L -40 190 10 0 9 0 0 0 B42
A -80 190 10 0 9 0 PINTYPE=BI
A 20 190 10 0 9 3 #=B42
P 43 0 170 20 170 0 2 0
L -40 170 10 0 9 0 0 0 B43
A -80 170 10 0 9 0 PINTYPE=BI
A 20 170 10 0 9 3 #=B43
P 42 0 150 20 150 0 2 0
L -40 150 10 0 9 0 0 0 B44
A -80 150 10 0 9 0 PINTYPE=BI
A 20 150 10 0 9 3 #=B44
P 41 0 130 20 130 0 2 0
L -40 130 10 0 9 0 0 0 B45
A -80 130 10 0 9 0 PINTYPE=BI
A 20 130 10 0 9 3 #=B45
P 40 0 110 20 110 0 2 0
L -40 110 10 0 9 0 0 0 B46
A -80 110 10 0 9 0 PINTYPE=BI
A 20 110 10 0 9 3 #=B46
P 39 0 90 20 90 0 2 0
L -40 90 10 0 9 0 0 0 B47
A -80 90 10 0 9 0 PINTYPE=BI
A 20 90 10 0 9 3 #=B47
P 38 0 70 20 70 0 2 0
L -40 70 10 0 9 0 0 0 B48
A -80 70 10 0 9 0 PINTYPE=BI
A 20 70 10 0 9 3 #=B48
P 37 0 50 20 50 0 2 0
L -40 50 10 0 9 0 0 0 B49
A -80 50 10 0 9 0 PINTYPE=BI
A 20 50 10 0 9 3 #=B49
P 79 0 940 20 940 0 2 0
L -40 940 10 0 9 0 0 0 B5
A -80 940 10 0 9 0 PINTYPE=BI
A 20 940 10 0 9 3 #=B5
P 78 0 920 20 920 0 2 0
L -40 920 10 0 9 0 0 0 B6
A -80 920 10 0 9 0 PINTYPE=BI
A 20 920 10 0 9 3 #=B6
P 77 0 900 20 900 0 2 0
L -40 900 10 0 9 0 0 0 B7
A -80 900 10 0 9 0 PINTYPE=BI
A 20 900 10 0 9 3 #=B7
P 76 0 880 20 880 0 2 0
L -40 880 10 0 9 0 0 0 B8
A -80 880 10 0 9 0 PINTYPE=BI
A 20 880 10 0 9 3 #=B8
P 75 0 860 20 860 0 2 0
L -40 860 10 0 9 0 0 0 B9
A -80 860 10 0 9 0 PINTYPE=BI
A 20 860 10 0 9 3 #=B9
P 83 0 1020 20 1020 0 2 0
L -40 1020 10 0 9 0 0 0 B1
A -80 1020 10 0 9 0 PINTYPE=BI
A 20 1020 10 0 9 3 #=B1
P 80 0 960 20 960 0 2 0
L -40 960 10 0 9 0 0 0 B4
A -80 960 10 0 9 0 PINTYPE=BI
A 20 960 10 0 9 3 #=B4
P 72 0 750 20 750 0 2 0
A -80 750 10 0 9 0 PINTYPE=BI
L -40 750 10 0 9 0 0 0 B14
A 20 750 10 0 9 3 #=B14
P 126 320 670 300 670 0 3 0
A 300 670 10 0 3 3 #=A18
L 360 670 10 0 3 0 0 0 A18
A 400 670 10 0 3 0 PINTYPE=BI
P 147 0 790 20 790 0 2 0
A -80 790 10 0 9 0 PINTYPE=BI
L -40 790 10 0 9 0 0 0 B12
A 20 790 10 0 9 3 #=B12
P 146 0 770 20 770 0 2 0
A -80 770 10 0 9 0 PINTYPE=BI
L -40 770 10 0 9 0 0 0 B13
A 20 770 10 0 9 3 #=B13
P 149 320 790 300 790 0 3 0
A 300 790 10 0 3 3 #=A12
L 360 790 10 0 3 0 0 0 A12
A 400 790 10 0 3 0 PINTYPE=BI
P 148 320 770 300 770 0 3 0
A 300 770 10 0 3 3 #=A13
L 360 770 10 0 3 0 0 0 A13
A 400 770 10 0 3 0 PINTYPE=BI
T 290 365 10 0 9 RESERVED
T 290 385 10 0 9 RESERVED
T 290 645 10 0 9 RESERVED
T 290 725 10 0 9 GND
T 240 835 10 0 3 +3.3V
T 240 855 10 0 3 +3.3V
T 30 65 10 0 3 PRSNT#2
T 30 85 10 0 3 GND
T 30 165 10 0 3 GND
T 30 145 10 0 3 GND
T 30 975 10 0 3 +12V
T 110 425 10 0 9 RESERVED
T 30 505 10 0 3 GND
T 30 525 10 0 3 GND
T 30 765 10 0 3 GND
T 30 1015 10 0 3 +12V
T 30 935 10 0 3 SMCLK
T 30 915 10 0 3 SMDAT
T 30 835 10 0 3 +3.3Vaux
T 30 815 10 0 3 WAKE#
T 30 800 10 0 3 KEY
Q 12 0 0
T 30 895 10 0 3 GND
T 30 705 10 0 3 GND
T 30 665 10 0 3 GND
T 30 585 10 0 3 GND
T 30 605 10 0 3 GND
T 30 445 10 0 3 GND
T 30 995 10 0 3 +12V
T 30 385 10 0 3 GND
T 30 645 10 0 3 PETp1
T 30 625 10 0 3 PETn1
T 30 565 10 0 3 PETp2
T 30 545 10 0 3 PETn2
T 30 485 10 0 3 PETp3
T 30 465 10 0 3 PETn3
T 30 365 10 0 3 PETp4
T 30 345 10 0 3 PETn4
T 30 325 10 0 3 GND
T 30 305 10 0 3 GND
T 30 285 10 0 3 PETp5
T 30 265 10 0 3 PETn5
T 30 245 10 0 3 GND
T 30 225 10 0 3 GND
T 30 205 10 0 3 PETp6
T 30 185 10 0 3 PETn6
T 30 125 10 0 3 PETp7
T 30 105 10 0 3 PETn7
T 30 45 10 0 3 GND
T 30 405 10 0 3 PRSNT#2
T 220 1015 10 0 3 PRSNT#1
T 290 995 10 0 9 +12V
T 30 955 10 0 3 GND
T 290 975 10 0 9 +12V
T 260 955 10 0 3 GND
T 30 855 10 0 3 JTAG1/TRST#
T 200 935 10 0 3 JTAG2/TCK
T 200 915 10 0 3 JTAG3/TDI
T 200 895 10 0 3 JTAG4/TDO
T 200 875 10 0 3 JTAG5/TMS
T 30 875 10 0 3 +3.3V
T 30 685 10 0 3 PRSNT#2
T 240 815 10 0 3 PERST
T 290 800 10 0 9 KEY
Q 12 0 0
T 290 765 10 0 9 REFCLK+
T 290 745 10 0 9 REFCLK-
T 290 785 10 0 9 GND
T 30 745 10 0 3 PETp0
T 30 725 10 0 3 PETn0
T 240 705 10 0 3 PERp0
T 240 685 10 0 3 PERn0
T 240 605 10 0 3 PERp1
T 240 585 10 0 3 PERn1
T 240 525 10 0 3 PERp2
T 240 505 10 0 3 PERn2
T 240 445 10 0 3 PERp3
T 240 425 10 0 3 PERn3
T 240 325 10 0 3 PERp4
T 240 305 10 0 3 PERn4
T 240 245 10 0 3 PERp5
T 240 225 10 0 3 PERn5
T 240 165 10 0 3 PERp6
T 240 145 10 0 3 PERn6
T 240 85 10 0 3 PERp7
T 240 65 10 0 3 PERn7
b 20 25 300 1040
T 290 625 10 0 9 GND
T 290 665 10 0 9 GND
T 110 785 10 0 9 RESERVED
T 290 565 10 0 9 GND
T 290 545 10 0 9 GND
T 290 485 10 0 9 GND
T 290 465 10 0 9 GND
T 290 405 10 0 9 GND
T 290 345 10 0 9 GND
T 290 285 10 0 9 GND
T 290 265 10 0 9 GND
T 290 205 10 0 9 GND
T 290 185 10 0 9 GND
T 290 125 10 0 9 GND
T 290 105 10 0 9 GND
T 290 45 10 0 9 GND
U 30 20 16 0 5 3 REFDES=P?
U -120 97 16 0 3 0 DEVICE=PCIE_8LANE_EDGE
U 20 1040 10 0 3 3 VALUE=PCIE_8LANE_EDGE
U 230 10 10 0 3 3 PKG_TYPE=PCIE_8LANE_EDGE
E
