V 51
K 293583748100 term_block_10pin
|R 0:08_5-31-12
Y 1
D 0 0 130 120
Z 10
i 24
U 0 -70 10 0 3 0 DESCRIPTION=XXXX
U 0 -60 10 0 3 0 DEVICE=XXXX
U 0 -50 10 0 3 0 PARTS=1
U 0 -40 10 0 3 0 LEVEL=STD
U 0 -30 10 0 3 0 MANF=XXXX
U 0 -20 10 0 3 0 MANF_P/N=XXXX
U 0 -10 10 0 3 0 DIST_P/N=XXXX
U 80 5 10 0 3 3 PKG_TYPE=XXXX
U 20 5 16 0 3 3 REFDES=J?
P 10 130 70 70 70 0 3 0
A 130 70 10 0 9 0 PINTYPE=BI
A 110 70 10 0 9 3 #=1
L 100 70 10 0 3 0 0 0 P1
P 14 130 50 70 50 0 3 0
A 130 50 10 0 9 0 PINTYPE=BI
A 110 50 10 0 9 3 #=2
L 100 50 10 0 3 0 0 0 P2
b 30 20 90 100
l 2 90 40 30 40
l 2 60 71 67 77
l 2 68 76 61 70
l 2 68 64 61 70
l 2 67 63 60 69
l 2 52 76 59 70
l 2 53 77 60 71
c 60 70 10
l 2 52 64 59 70
l 2 53 63 60 69
l 2 60 51 67 57
l 2 68 56 61 50
l 2 68 44 61 50
l 2 67 43 60 49
l 2 90 60 30 60
l 2 52 56 59 50
l 2 53 57 60 51
c 60 50 10
l 2 52 44 59 50
l 2 53 43 60 49
l 2 90 80 30 80
E
