V 53
K 1390605676 em1988820.1
F Case
|R 15:21:16_1-24-14
D 0 200 130 40
Y 1
Z 10
i 17
U 0 -70 10 0 3 0 DESCRIPTION=XXXX
U 0 -60 10 0 3 0 DEVICE=XXXX
U 0 -50 10 0 3 0 PARTS=1
U 0 -40 10 0 3 0 LEVEL=STD
U 0 -30 10 0 3 0 MANF=XXXX
U 0 -20 10 0 3 0 MANF_P/N=XXXX
U 0 -10 10 0 3 0 DIST_P/N=XXXX
U 80 45 10 0 3 3 PKG_TYPE=XXXX
U 20 40 16 0 3 3 REFDES=J?
U 0 40 10 0 1 0 FORWARD_PCB=1
l 2 60 111 67 117 
l 2 68 116 61 110 
l 2 68 104 61 110 
l 2 67 103 60 109 
l 2 52 116 59 110 
l 2 53 117 60 111 
c 60 110 10
l 2 52 104 59 110 
l 2 53 103 60 109 
l 2 60 151 67 157 
l 2 68 156 61 150 
l 2 68 144 61 150 
l 2 67 143 60 149 
l 2 52 156 59 150 
l 2 53 157 60 151 
c 60 150 10
l 2 52 144 59 150 
l 2 53 143 60 149 
l 2 60 91 67 97 
l 2 68 96 61 90 
l 2 68 84 61 90 
l 2 67 83 60 89 
l 2 52 96 59 90 
l 2 53 97 60 91 
c 60 90 10
l 2 52 84 59 90 
l 2 53 83 60 89 
l 2 60 131 67 137 
l 2 68 136 61 130 
l 2 68 124 61 130 
l 2 67 123 60 129 
l 2 90 160 30 160 
l 2 90 140 30 140 
l 2 90 120 30 120 
l 2 90 80 30 80 
l 2 52 136 59 130 
l 2 53 137 60 131 
c 60 130 10
l 2 52 124 59 130 
l 2 53 123 60 129 
l 2 90 100 30 100 
b 30 60 90 180
P 10 130 150 70 150 0 3 0
L 100 150 10 0 3 0 0 0 P1
A 130 150 10 0 9 0 PINTYPE=BI
A 110 150 10 0 9 3 #=1
P 14 130 130 70 130 0 3 0
L 100 130 10 0 3 0 0 0 P2
A 130 130 10 0 9 0 PINTYPE=BI
A 110 130 10 0 9 3 #=2
P 15 130 110 70 110 0 3 0
L 100 110 10 0 3 0 0 0 P3
A 130 110 10 0 9 0 PINTYPE=BI
A 110 110 10 0 9 3 #=3
P 16 130 90 70 90 0 3 0
L 100 90 10 0 3 0 0 0 P4
A 130 90 10 0 9 0 PINTYPE=BI
A 110 90 10 0 9 3 #=4
E 
