V 53
K 1443561516 emmc04g_s100_a08u_nc.1
F Case
|R 14:18:36_9-29-15
D 0 150 1220 0
Y 1
Z 10
i 164
U 0 -50 10 0 3 0 PARTS=1
U 0 -40 10 0 3 0 LEVEL=STD
U 0 -30 10 0 3 0 PKG_TYPE=PKG_TYPE
U 0 10 10 0 3 0 HETERO=EMMC04G_S100_A08U,EMMC04G_S100_A08U_NC
U 90 70 10 0 3 3 DEVICE=DEVICE
U 1130 70 10 0 3 3 VALUE=VALUE
U 10 70 16 0 3 3 REFDES=U?
U 0 0 10 0 1 0 FORWARD_PCB=1
b 0 20 1220 130
P 1 1210 150 1210 130 0 0 0
L 1210 130 10 1 8 0 1 0 NC_1
A 1210 130 10 1 3 3 #=A1
A 1215 150 10 1 8 0 PINTYPE=BI
P 2 1190 150 1190 130 0 0 0
L 1190 130 10 1 8 0 1 0 NC_2
A 1190 130 10 1 3 3 #=A2
A 1195 150 10 1 8 0 PINTYPE=BI
P 4 1170 150 1170 130 0 0 0
L 1170 130 10 1 8 0 1 0 NC_3
A 1170 130 10 1 3 3 #=A7
A 1175 150 10 1 8 0 PINTYPE=BI
P 5 1150 150 1150 130 0 0 0
L 1150 130 10 1 8 0 1 0 NC_4
A 1150 130 10 1 3 3 #=A8
A 1155 150 10 1 8 0 PINTYPE=BI
P 6 1130 150 1130 130 0 0 0
L 1130 130 10 1 8 0 1 0 NC_5
A 1130 130 10 1 3 3 #=A9
A 1135 160 10 1 8 0 PINTYPE=BI
P 7 1110 150 1110 130 0 0 0
L 1110 130 10 1 8 0 1 0 NC_6
A 1110 130 10 1 3 3 #=A10
A 1115 160 10 1 8 0 PINTYPE=BI
P 8 1090 150 1090 130 0 0 0
L 1090 130 10 1 8 0 1 0 NC_7
A 1090 130 10 1 3 3 #=A11
A 1095 160 10 1 8 0 PINTYPE=BI
P 9 1070 150 1070 130 0 0 0
L 1070 130 10 1 8 0 1 0 NC_8
A 1070 130 10 1 3 3 #=A12
A 1075 160 10 1 8 0 PINTYPE=BI
P 10 1050 150 1050 130 0 0 0
L 1050 130 10 1 8 0 1 0 NC_9
A 1050 130 10 1 3 3 #=A13
A 1055 160 10 1 8 0 PINTYPE=BI
P 11 1030 150 1030 130 0 0 0
L 1030 130 10 1 8 0 1 0 NC_10
A 1030 130 10 1 3 3 #=A14
A 1035 160 10 1 8 0 PINTYPE=BI
P 12 1010 150 1010 130 0 0 0
L 1010 130 10 1 8 0 1 0 NC_11
A 1010 130 10 1 3 3 #=B1
A 1015 160 10 1 8 0 PINTYPE=BI
P 13 990 150 990 130 0 0 0
L 990 130 10 1 8 0 1 0 NC_12
A 990 130 10 1 3 3 #=B7
A 995 160 10 1 8 0 PINTYPE=BI
P 14 970 150 970 130 0 0 0
L 970 130 10 1 8 0 1 0 NC_13
A 970 130 10 1 3 3 #=B8
A 975 160 10 1 8 0 PINTYPE=BI
P 15 950 150 950 130 0 0 0
L 950 130 10 1 8 0 1 0 NC_14
A 950 130 10 1 3 3 #=B9
A 955 160 10 1 8 0 PINTYPE=BI
P 16 930 150 930 130 0 0 0
L 930 130 10 1 8 0 1 0 NC_15
A 930 130 10 1 3 3 #=B10
A 935 160 10 1 8 0 PINTYPE=BI
P 17 910 150 910 130 0 0 0
L 910 130 10 1 8 0 1 0 NC_16
A 910 130 10 1 3 3 #=B11
A 915 160 10 1 8 0 PINTYPE=BI
P 18 890 150 890 130 0 0 0
L 890 130 10 1 8 0 1 0 NC_17
A 890 130 10 1 3 3 #=B12
A 895 160 10 1 8 0 PINTYPE=BI
P 19 870 150 870 130 0 0 0
L 870 130 10 1 8 0 1 0 NC_18
A 870 130 10 1 3 3 #=B13
A 875 160 10 1 8 0 PINTYPE=BI
P 20 850 150 850 130 0 0 0
L 850 130 10 1 8 0 1 0 NC_19
A 850 130 10 1 3 3 #=B14
A 855 160 10 1 8 0 PINTYPE=BI
P 21 830 150 830 130 0 0 0
L 830 130 10 1 8 0 1 0 NC_20
A 830 130 10 1 3 3 #=C1
A 835 150 10 1 8 0 PINTYPE=BI
P 22 810 150 810 130 0 0 0
L 810 130 10 1 8 0 1 0 NC_21
A 810 130 10 1 3 3 #=C3
A 815 150 10 1 8 0 PINTYPE=BI
P 23 790 150 790 130 0 0 0
L 790 130 10 1 8 0 1 0 NC_22
A 790 130 10 1 3 3 #=C5
A 795 150 10 1 8 0 PINTYPE=BI
P 24 770 150 770 130 0 0 0
L 770 130 10 1 8 0 1 0 NC_23
A 770 130 10 1 3 3 #=C7
A 775 150 10 1 8 0 PINTYPE=BI
P 25 750 150 750 130 0 0 0
L 750 130 10 1 8 0 1 0 NC_24
A 750 130 10 1 3 3 #=C8
A 755 160 10 1 8 0 PINTYPE=BI
P 26 730 150 730 130 0 0 0
L 730 130 10 1 8 0 1 0 NC_25
A 730 130 10 1 3 3 #=C9
A 735 160 10 1 8 0 PINTYPE=BI
P 27 710 150 710 130 0 0 0
L 710 130 10 1 8 0 1 0 NC_26
A 710 130 10 1 3 3 #=C10
A 715 160 10 1 8 0 PINTYPE=BI
P 28 690 150 690 130 0 0 0
L 690 130 10 1 8 0 1 0 NC_27
A 690 130 10 1 3 3 #=C11
A 695 160 10 1 8 0 PINTYPE=BI
P 29 670 150 670 130 0 0 0
L 670 130 10 1 8 0 1 0 NC_28
A 670 130 10 1 3 3 #=C12
A 675 160 10 1 8 0 PINTYPE=BI
P 30 650 150 650 130 0 0 0
L 650 130 10 1 8 0 1 0 NC_29
A 650 130 10 1 3 3 #=C13
A 655 160 10 1 8 0 PINTYPE=BI
P 31 630 150 630 130 0 0 0
L 630 130 10 1 8 0 1 0 NC_30
A 630 130 10 1 3 3 #=C14
A 635 160 10 1 8 0 PINTYPE=BI
P 32 610 150 610 130 0 0 0
L 610 130 10 1 8 0 1 0 NC_31
A 610 130 10 1 3 3 #=D1
A 615 160 10 1 8 0 PINTYPE=BI
P 33 590 150 590 130 0 0 0
L 590 130 10 1 8 0 1 0 NC_32
A 590 130 10 1 3 3 #=D2
A 595 160 10 1 8 0 PINTYPE=BI
P 34 570 150 570 130 0 0 0
L 570 130 10 1 8 0 1 0 NC_33
A 570 130 10 1 3 3 #=D3
A 575 160 10 1 8 0 PINTYPE=BI
P 35 550 150 550 130 0 0 0
L 550 130 10 1 8 0 1 0 NC_34
A 550 130 10 1 3 3 #=D4
A 555 160 10 1 8 0 PINTYPE=BI
P 36 530 150 530 130 0 0 0
L 530 130 10 1 8 0 1 0 NC_35
A 530 130 10 1 3 3 #=D12
A 535 160 10 1 8 0 PINTYPE=BI
P 37 510 150 510 130 0 0 0
L 510 130 10 1 8 0 1 0 NC_36
A 510 130 10 1 3 3 #=D13
A 515 160 10 1 8 0 PINTYPE=BI
P 38 490 150 490 130 0 0 0
L 490 130 10 1 8 0 1 0 NC_37
A 490 130 10 1 3 3 #=D14
A 495 160 10 1 8 0 PINTYPE=BI
P 39 470 150 470 130 0 0 0
L 470 130 10 1 8 0 1 0 NC_38
A 470 130 10 1 3 3 #=E1
A 475 160 10 1 8 0 PINTYPE=BI
P 40 450 150 450 130 0 0 0
L 450 130 10 1 8 0 1 0 NC_39
A 450 130 10 1 3 3 #=E2
A 455 160 10 1 8 0 PINTYPE=BI
P 41 430 150 430 130 0 0 0
L 430 130 10 1 8 0 1 0 NC_40
A 430 130 10 1 3 3 #=E3
A 435 150 10 1 8 0 PINTYPE=BI
P 42 410 150 410 130 0 0 0
L 410 130 10 1 8 0 1 0 NC_41
A 410 130 10 1 3 3 #=E5
A 415 150 10 1 8 0 PINTYPE=BI
P 43 390 150 390 130 0 0 0
L 390 130 10 1 8 0 1 0 NC_42
A 390 130 10 1 3 3 #=E8
A 395 150 10 1 8 0 PINTYPE=BI
P 44 370 150 370 130 0 0 0
L 370 130 10 1 8 0 1 0 NC_43
A 370 130 10 1 3 3 #=E9
A 375 150 10 1 8 0 PINTYPE=BI
P 45 350 150 350 130 0 0 0
L 350 130 10 1 8 0 1 0 NC_44
A 350 130 10 1 3 3 #=E10
A 355 150 10 1 8 0 PINTYPE=BI
P 46 330 150 330 130 0 0 0
L 330 130 10 1 8 0 1 0 NC_45
A 330 130 10 1 3 3 #=E12
A 335 160 10 1 8 0 PINTYPE=BI
P 47 310 150 310 130 0 0 0
L 310 130 10 1 8 0 1 0 NC_46
A 310 130 10 1 3 3 #=E13
A 315 160 10 1 8 0 PINTYPE=BI
P 48 290 150 290 130 0 0 0
L 290 130 10 1 8 0 1 0 NC_47
A 290 130 10 1 3 3 #=E14
A 295 160 10 1 8 0 PINTYPE=BI
P 49 270 150 270 130 0 0 0
L 270 130 10 1 8 0 1 0 NC_48
A 270 130 10 1 3 3 #=F1
A 275 160 10 1 8 0 PINTYPE=BI
P 50 250 150 250 130 0 0 0
L 250 130 10 1 8 0 1 0 NC_49
A 250 130 10 1 3 3 #=F2
A 255 160 10 1 8 0 PINTYPE=BI
P 51 230 150 230 130 0 0 0
L 230 130 10 1 8 0 1 0 NC_50
A 230 130 10 1 3 3 #=F3
A 235 160 10 1 8 0 PINTYPE=BI
P 52 210 150 210 130 0 0 0
L 210 130 10 1 8 0 1 0 NC_51
A 210 130 10 1 3 3 #=F10
A 215 160 10 1 8 0 PINTYPE=BI
P 53 190 150 190 130 0 0 0
L 190 130 10 1 8 0 1 0 NC_52
A 190 130 10 1 3 3 #=F12
A 195 160 10 1 8 0 PINTYPE=BI
P 54 170 150 170 130 0 0 0
L 170 130 10 1 8 0 1 0 NC_53
A 170 130 10 1 3 3 #=F13
A 175 160 10 1 8 0 PINTYPE=BI
P 55 150 150 150 130 0 0 0
L 150 130 10 1 8 0 1 0 NC_54
A 150 130 10 1 3 3 #=F14
A 155 160 10 1 8 0 PINTYPE=BI
P 56 130 150 130 130 0 0 0
L 130 130 10 1 8 0 1 0 NC_55
A 130 130 10 1 3 3 #=G1
A 135 160 10 1 8 0 PINTYPE=BI
P 57 110 150 110 130 0 0 0
L 110 130 10 1 8 0 1 0 NC_56
A 110 130 10 1 3 3 #=G2
A 115 160 10 1 8 0 PINTYPE=BI
P 58 90 150 90 130 0 0 0
L 90 130 10 1 8 0 1 0 NC_57
A 90 130 10 1 3 3 #=G3
A 95 160 10 1 8 0 PINTYPE=BI
P 59 70 150 70 130 0 0 0
L 70 130 10 1 8 0 1 0 NC_58
A 70 130 10 1 3 3 #=G10
A 75 160 10 1 8 0 PINTYPE=BI
P 60 50 150 50 130 0 0 0
L 50 130 10 1 8 0 1 0 NC_59
A 50 130 10 1 3 3 #=G12
A 55 160 10 1 8 0 PINTYPE=BI
P 61 30 150 30 130 0 0 0
L 30 130 10 1 8 0 1 0 NC_60
A 30 130 10 1 3 3 #=G13
A 35 160 10 1 8 0 PINTYPE=BI
P 62 10 150 10 130 0 0 0
L 10 130 10 1 8 0 1 0 NC_61
A 10 130 10 1 3 3 #=G14
A 5 150 10 3 2 0 PINTYPE=BI
P 63 1170 0 1170 20 0 1 0
L 1170 20 10 1 2 0 1 0 NC_62
A 1170 20 10 1 9 3 #=H1
A 1175 0 10 1 2 0 PINTYPE=BI
P 64 1150 0 1150 20 0 1 0
L 1150 20 10 1 2 0 1 0 NC_63
A 1150 20 10 1 9 3 #=H2
A 1155 0 10 1 2 0 PINTYPE=BI
P 65 1130 0 1130 20 0 1 0
L 1130 20 10 1 2 0 1 0 NC_64
A 1130 20 10 1 9 3 #=H3
A 1135 -10 10 1 2 0 PINTYPE=BI
P 67 1110 0 1110 20 0 1 0
L 1110 20 10 1 2 0 1 0 NC_65
A 1110 20 10 1 9 3 #=H12
A 1115 -10 10 1 2 0 PINTYPE=BI
P 68 1090 0 1090 20 0 1 0
L 1090 20 10 1 2 0 1 0 NC_66
A 1090 20 10 1 9 3 #=H13
A 1095 -10 10 1 2 0 PINTYPE=BI
P 69 1070 0 1070 20 0 1 0
L 1070 20 10 1 2 0 1 0 NC_67
A 1070 20 10 1 9 3 #=H14
A 1075 -10 10 1 2 0 PINTYPE=BI
P 70 1050 0 1050 20 0 1 0
L 1050 20 10 1 2 0 1 0 NC_68
A 1050 20 10 1 9 3 #=J1
A 1055 -10 10 1 2 0 PINTYPE=BI
P 71 1030 0 1030 20 0 1 0
L 1030 20 10 1 2 0 1 0 NC_69
A 1030 20 10 1 9 3 #=J2
A 1035 -10 10 1 2 0 PINTYPE=BI
P 72 1010 0 1010 20 0 1 0
L 1010 20 10 1 2 0 1 0 NC_70
A 1010 20 10 1 9 3 #=J3
A 1015 -10 10 1 2 0 PINTYPE=BI
P 74 990 0 990 20 0 1 0
L 990 20 10 1 2 0 1 0 NC_71
A 990 20 10 1 9 3 #=J12
A 995 0 10 1 2 0 PINTYPE=BI
P 75 970 0 970 20 0 1 0
L 970 20 10 1 2 0 1 0 NC_72
A 970 20 10 1 9 3 #=J13
A 975 0 10 1 2 0 PINTYPE=BI
P 76 950 0 950 20 0 1 0
L 950 20 10 1 2 0 1 0 NC_73
A 950 20 10 1 9 3 #=J14
A 955 0 10 1 2 0 PINTYPE=BI
P 77 930 0 930 20 0 1 0
L 930 20 10 1 2 0 1 0 NC_74
A 930 20 10 1 9 3 #=K1
A 935 0 10 1 2 0 PINTYPE=BI
P 78 910 0 910 20 0 1 0
L 910 20 10 1 2 0 1 0 NC_75
A 910 20 10 1 9 3 #=K2
A 915 -10 10 1 2 0 PINTYPE=BI
P 79 890 0 890 20 0 1 0
L 890 20 10 1 2 0 1 0 NC_76
A 890 20 10 1 9 3 #=K3
A 895 -10 10 1 2 0 PINTYPE=BI
P 80 870 0 870 20 0 1 0
L 870 20 10 1 2 0 1 0 NC_77
A 870 20 10 1 9 3 #=K6
A 875 -10 10 1 2 0 PINTYPE=BI
P 81 850 0 850 20 0 1 0
L 850 20 10 1 2 0 1 0 NC_78
A 850 20 10 1 9 3 #=K7
A 855 20 10 1 2 0 PINTYPE=BI
P 82 830 0 830 20 0 1 0
L 830 20 10 1 2 0 1 0 NC_79
A 830 20 10 1 9 3 #=K10
A 835 20 10 1 2 0 PINTYPE=BI
P 83 810 0 810 20 0 1 0
L 810 20 10 1 2 0 1 0 NC_80
A 810 20 10 1 9 3 #=K12
A 815 20 10 1 2 0 PINTYPE=BI
P 84 790 0 790 20 0 1 0
L 790 20 10 1 2 0 1 0 NC_81
A 790 20 10 1 9 3 #=K13
A 795 20 10 1 2 0 PINTYPE=BI
P 85 770 0 770 20 0 1 0
L 770 20 10 1 2 0 1 0 NC_82
A 770 20 10 1 9 3 #=K14
A 775 20 10 1 2 0 PINTYPE=BI
P 86 750 0 750 20 0 1 0
L 750 20 10 1 2 0 1 0 NC_83
A 750 20 10 1 9 3 #=L1
A 755 20 10 1 2 0 PINTYPE=BI
P 87 730 0 730 20 0 1 0
L 730 20 10 1 2 0 1 0 NC_84
A 730 20 10 1 9 3 #=L2
A 735 20 10 1 2 0 PINTYPE=BI
P 88 710 0 710 20 0 1 0
L 710 20 10 1 2 0 1 0 NC_85
A 710 20 10 1 9 3 #=L3
A 715 20 10 1 2 0 PINTYPE=BI
P 89 690 0 690 20 0 1 0
L 690 20 10 1 2 0 1 0 NC_86
A 690 20 10 1 9 3 #=L12
A 695 20 10 1 2 0 PINTYPE=BI
P 90 670 0 670 20 0 1 0
L 670 20 10 1 2 0 1 0 NC_87
A 670 20 10 1 9 3 #=L13
A 675 20 10 1 2 0 PINTYPE=BI
P 91 650 0 650 20 0 1 0
L 650 20 10 1 2 0 1 0 NC_88
A 650 20 10 1 9 3 #=L14
A 655 20 10 1 2 0 PINTYPE=BI
P 92 630 0 630 20 0 1 0
L 630 20 10 1 2 0 1 0 NC_89
A 630 20 10 1 9 3 #=M1
A 635 20 10 1 2 0 PINTYPE=BI
P 93 610 0 610 20 0 1 0
L 610 20 10 1 2 0 1 0 NC_90
A 610 20 10 1 9 3 #=M2
A 615 20 10 1 2 0 PINTYPE=BI
P 94 590 0 590 20 0 1 0
L 590 20 10 1 2 0 1 0 NC_91
A 590 20 10 1 9 3 #=M3
A 595 20 10 1 2 0 PINTYPE=BI
P 95 570 0 570 20 0 1 0
L 570 20 10 1 2 0 1 0 NC_92
A 570 20 10 1 9 3 #=M7
A 575 20 10 1 2 0 PINTYPE=BI
P 96 550 0 550 20 0 1 0
L 550 20 10 1 2 0 1 0 NC_93
A 550 20 10 1 9 3 #=M8
A 555 20 10 1 2 0 PINTYPE=BI
P 97 530 0 530 20 0 1 0
L 530 20 10 1 2 0 1 0 NC_94
A 530 20 10 1 9 3 #=M9
A 535 20 10 1 2 0 PINTYPE=BI
P 98 510 0 510 20 0 1 0
L 510 20 10 1 2 0 1 0 NC_95
A 510 20 10 1 9 3 #=M10
A 515 20 10 1 2 0 PINTYPE=BI
P 99 490 0 490 20 0 1 0
L 490 20 10 1 2 0 1 0 NC_96
A 490 20 10 1 9 3 #=M11
A 495 20 10 1 2 0 PINTYPE=BI
P 100 470 0 470 20 0 1 0
L 470 20 10 1 2 0 1 0 NC_97
A 470 20 10 1 9 3 #=M12
A 475 20 10 1 2 0 PINTYPE=BI
P 101 450 0 450 20 0 1 0
L 450 20 10 1 2 0 1 0 NC_98
A 450 20 10 1 9 3 #=M13
A 455 20 10 1 2 0 PINTYPE=BI
P 102 430 0 430 20 0 1 0
L 430 20 10 1 2 0 1 0 NC_99
A 430 20 10 1 9 3 #=M14
A 435 20 10 1 2 0 PINTYPE=BI
P 103 410 0 410 20 0 1 0
L 410 20 10 1 2 0 1 0 NC_100
A 410 20 10 1 9 3 #=N1
A 415 20 10 1 2 0 PINTYPE=BI
P 104 390 0 390 20 0 1 0
L 390 20 10 1 2 0 1 0 NC_101
A 390 20 10 1 9 3 #=N3
A 395 20 10 1 2 0 PINTYPE=BI
P 105 370 0 370 20 0 1 0
L 370 20 10 1 2 0 1 0 NC_102
A 370 20 10 1 9 3 #=N6
A 375 20 10 1 2 0 PINTYPE=BI
P 106 350 0 350 20 0 1 0
L 350 20 10 1 2 0 1 0 NC_103
A 350 20 10 1 9 3 #=N7
A 355 20 10 1 2 0 PINTYPE=BI
P 107 330 0 330 20 0 1 0
L 330 20 10 1 2 0 1 0 NC_104
A 330 20 10 1 9 3 #=N8
A 335 20 10 1 2 0 PINTYPE=BI
P 108 310 0 310 20 0 1 0
L 310 20 10 1 2 0 1 0 NC_105
A 310 20 10 1 9 3 #=N9
A 315 20 10 1 2 0 PINTYPE=BI
P 109 290 0 290 20 0 1 0
L 290 20 10 1 2 0 1 0 NC_106
A 290 20 10 1 9 3 #=N10
A 295 20 10 1 2 0 PINTYPE=BI
P 110 270 0 270 20 0 1 0
L 270 20 10 1 2 0 1 0 NC_107
A 270 20 10 1 9 3 #=N11
A 275 20 10 1 2 0 PINTYPE=BI
P 111 250 0 250 20 0 1 0
L 250 20 10 1 2 0 1 0 NC_108
A 250 20 10 1 9 3 #=N12
A 255 20 10 1 2 0 PINTYPE=BI
P 112 230 0 230 20 0 1 0
L 230 20 10 1 2 0 1 0 NC_109
A 230 20 10 1 9 3 #=N13
A 235 20 10 1 2 0 PINTYPE=BI
P 113 210 0 210 20 0 1 0
L 210 20 10 1 2 0 1 0 NC_110
A 210 20 10 1 9 3 #=N14
A 215 20 10 1 2 0 PINTYPE=BI
P 114 190 0 190 20 0 1 0
L 190 20 10 1 2 0 1 0 NC_111
A 190 20 10 1 9 3 #=P1
A 195 20 10 1 2 0 PINTYPE=BI
P 115 170 0 170 20 0 1 0
L 170 20 10 1 2 0 1 0 NC_112
A 170 20 10 1 9 3 #=P2
A 175 20 10 1 2 0 PINTYPE=BI
P 116 150 0 150 20 0 1 0
L 150 20 10 1 2 0 1 0 NC_113
A 150 20 10 1 9 3 #=P7
A 155 20 10 1 2 0 PINTYPE=BI
P 117 130 0 130 20 0 1 0
L 130 20 10 1 2 0 1 0 NC_114
A 130 20 10 1 9 3 #=P8
A 135 20 10 1 2 0 PINTYPE=BI
P 118 110 0 110 20 0 1 0
L 110 20 10 1 2 0 1 0 NC_115
A 110 20 10 1 9 3 #=P9
A 115 20 10 1 2 0 PINTYPE=BI
P 119 90 0 90 20 0 1 0
L 90 20 10 1 2 0 1 0 NC_116
A 90 20 10 1 9 3 #=P10
A 95 20 10 1 2 0 PINTYPE=BI
P 120 70 0 70 20 0 1 0
L 70 20 10 1 2 0 1 0 NC_117
A 70 20 10 1 9 3 #=P11
A 75 20 10 1 2 0 PINTYPE=BI
P 121 50 0 50 20 0 1 0
L 50 20 10 1 2 0 1 0 NC_118
A 50 20 10 1 9 3 #=P12
A 55 20 10 1 2 0 PINTYPE=BI
P 122 30 0 30 20 0 1 0
L 30 20 10 1 2 0 1 0 NC_119
A 30 20 10 1 9 3 #=P13
A 35 20 10 1 2 0 PINTYPE=BI
P 163 10 0 10 20 0 1 0
L 10 20 10 1 2 0 1 0 NC_120
A 15 20 10 1 2 0 PINTYPE=BI
A 10 20 10 1 9 3 #=P14
E