V 51
K 6394157180 euro_mag_282836_sav
|R 22:00_7-23-13
Y 1
D 0 0 120 120
Z 10
i 7
U 0 -60 10 0 3 0 DIST_P/N=A98076-ND
U 0 -50 10 0 3 0 DIST=DIGIKEY
U 0 -40 10 0 3 0 MANF_P/N=282836-2
U 0 -30 10 0 3 0 MANF=TYCO
U 0 -20 10 0 3 0 PARTS=1
U 0 -10 10 0 3 0 LEVEL=STD
U 15 -10 16 0 3 3 REFDES=J?
U 80 -5 10 0 3 3 PKG_TYPE=CON_TYCO_282836-2
U 83 112 10 0 3 0 VALUE=13A
U 20 112 10 0 3 0 DEVICE=282836
c 60 35 8
l 2 64 42 60 38
l 2 67 39 63 35
l 2 56 28 60 32
l 2 53 31 57 35
l 2 64 28 67 31
l 2 60 38 56 42
l 2 57 35 53 39
l 2 53 39 56 42
l 2 56 28 53 31
l 2 67 39 64 42
l 2 63 35 67 31
l 2 60 32 64 28
c 60 85 8
l 2 64 92 60 88
l 2 67 89 63 85
l 2 56 78 60 82
l 2 53 81 57 85
l 2 64 78 67 81
l 2 60 88 56 92
l 2 57 85 53 89
l 2 53 89 56 92
l 2 56 78 53 81
c 60 35 15
l 2 67 89 64 92
l 2 63 85 67 81
l 2 60 82 64 78
b 32 58 88 62
Q 2 1 0
c 60 85 15
T 45 100 10 0 3 12VDC
Q 15 0 0
T 51 10 10 0 3 GND
Q 15 0 0
b 20 10 100 110
P 4 120 85 75 85 0 3 0
A 110 85 10 0 9 3 #=1
A 115 85 10 0 9 0 PINTYPE=BI
L 45 102 10 0 3 0 0 0 12VDC_1
P 5 120 35 75 35 0 3 0
A 110 35 10 0 9 3 #=2
A 115 35 10 0 9 0 PINTYPE=BI
L 52 7 10 0 3 0 0 0 GND_2
E
