V 53
K 1397841204 fci_10126363_101lf_recept_gnd.1
F Case
|R 11:13:24_4-18-14
D 0 350 170 0
Y 1
Z 10
i 177
U 60 500 10 0 3 0 MANF_P/N=10126363-101LF
U 60 510 10 0 3 0 MANF=FCI USA
U 0 -30 10 0 3 0 PKG_TYPE=CON_FCI_10126363_101LF
U 0 -40 10 0 3 0 LEVEL=STD
U 0 -50 10 0 3 0 PARTS=1
U 0 10 10 0 3 0 HETERO=FCI_10126363_101LF_RECEPT,FCI_10126363_101LF_RECEPT_GND
U 55 340 10 0 3 3 VALUE=RA_RECEPTACLE
U 20 0 10 0 3 3 DEVICE=FCI_10126363_101LF_140_PIN
U 15 340 16 0 3 3 REFDES=J?
U 0 0 10 0 1 0 FORWARD_PCB=1
b 20 10 150 340
P 70 0 280 20 280 0 2 0
L 20 280 10 0 2 0 1 0 GND5
A 15 280 10 0 9 3 #=A10
A 20 290 10 0 8 0 PINTYPE=IN
P 71 0 320 20 320 0 2 0
L 20 320 10 0 2 0 1 0 GND1
A 15 320 10 0 9 3 #=A2
A 20 330 10 0 8 0 PINTYPE=IN
P 72 0 300 20 300 0 2 0
L 20 300 10 0 2 0 1 0 GND3
A 15 300 10 0 9 3 #=A6
A 20 310 10 0 8 0 PINTYPE=IN
P 73 0 310 20 310 0 2 0
L 20 310 10 0 2 0 1 0 GND2
A 15 310 10 0 9 3 #=A4
A 20 320 10 0 8 0 PINTYPE=IN
P 75 0 220 20 220 0 2 0
L 20 220 10 0 2 0 1 0 GND10
A 15 220 10 0 9 3 #=B9
A 20 230 10 0 8 0 PINTYPE=IN
P 76 0 250 20 250 0 2 0
L 20 250 10 0 2 0 1 0 GND7
A 15 250 10 0 9 3 #=B3
A 20 260 10 0 8 0 PINTYPE=IN
P 77 0 290 20 290 0 2 0
L 20 290 10 0 2 0 1 0 GND4
A 15 290 10 0 9 3 #=A8
A 20 300 10 0 8 0 PINTYPE=IN
P 78 0 230 20 230 0 2 0
L 20 230 10 0 2 0 1 0 GND9
A 15 230 10 0 9 3 #=B7
A 20 240 10 0 8 0 PINTYPE=IN
P 79 0 260 20 260 0 2 0
L 20 260 10 0 2 0 1 0 GND6
A 15 260 10 0 9 3 #=B1
A 20 270 10 0 8 0 PINTYPE=IN
P 85 0 100 20 100 0 2 0
L 20 100 10 0 2 0 1 0 GND20
A 15 100 10 0 9 3 #=E9
A 20 110 10 0 8 0 PINTYPE=IN
P 86 0 130 20 130 0 2 0
L 20 130 10 0 2 0 1 0 GND17
A 15 130 10 0 9 3 #=E3
A 20 140 10 0 8 0 PINTYPE=IN
P 87 0 180 20 180 0 2 0
L 20 180 10 0 2 0 1 0 GND13
A 15 180 10 0 9 3 #=D6
A 20 190 10 0 8 0 PINTYPE=IN
P 88 0 110 20 110 0 2 0
L 20 110 10 0 2 0 1 0 GND19
A 15 110 10 0 9 3 #=E7
A 20 120 10 0 8 0 PINTYPE=IN
P 89 0 140 20 140 0 2 0
L 20 140 10 0 2 0 1 0 GND16
A 15 140 10 0 9 3 #=E1
A 20 150 10 0 8 0 PINTYPE=IN
P 91 170 60 150 60 0 3 0
L 150 60 10 0 8 0 1 0 GND48
A 155 60 10 0 3 3 #=N5
A 150 70 10 0 2 0 PINTYPE=IN
P 95 0 160 20 160 0 2 0
L 20 160 10 0 2 0 1 0 GND15
A 15 160 10 0 9 3 #=D10
A 20 170 10 0 8 0 PINTYPE=IN
P 96 0 190 20 190 0 2 0
L 20 190 10 0 2 0 1 0 GND12
A 15 190 10 0 9 3 #=D4
A 20 200 10 0 8 0 PINTYPE=IN
P 97 0 240 20 240 0 2 0
L 20 240 10 0 2 0 1 0 GND8
A 15 240 10 0 9 3 #=B5
A 20 250 10 0 8 0 PINTYPE=IN
P 98 0 170 20 170 0 2 0
L 20 170 10 0 2 0 1 0 GND14
A 15 170 10 0 9 3 #=D8
A 20 180 10 0 8 0 PINTYPE=IN
P 99 0 200 20 200 0 2 0
L 20 200 10 0 2 0 1 0 GND11
A 15 200 10 0 9 3 #=D2
A 20 210 10 0 8 0 PINTYPE=IN
P 105 170 200 150 200 0 3 0
L 150 200 10 0 8 0 1 0 GND36
A 155 200 10 0 3 3 #=K1
A 150 210 10 0 2 0 PINTYPE=IN
P 106 170 300 150 300 0 3 0
L 150 300 10 0 8 0 1 0 GND28
A 155 300 10 0 3 3 #=H5
A 150 310 10 0 2 0 PINTYPE=IN
P 107 170 230 150 230 0 3 0
L 150 230 10 0 8 0 1 0 GND34
A 155 230 10 0 3 3 #=J8
A 150 240 10 0 2 0 PINTYPE=IN
P 108 170 220 150 220 0 3 0
L 150 220 10 0 8 0 1 0 GND35
A 155 220 10 0 3 3 #=J10
A 150 230 10 0 2 0 PINTYPE=IN
P 109 170 250 150 250 0 3 0
L 150 250 10 0 8 0 1 0 GND32
A 155 250 10 0 3 3 #=J4
A 150 260 10 0 2 0 PINTYPE=IN
P 115 170 260 150 260 0 3 0
L 150 260 10 0 8 0 1 0 GND31
A 155 260 10 0 3 3 #=J2
A 150 270 10 0 2 0 PINTYPE=IN
P 126 170 310 150 310 0 3 0
L 150 310 10 0 8 0 1 0 GND27
A 155 310 10 0 3 3 #=H3
A 150 320 10 0 2 0 PINTYPE=IN
P 127 0 60 20 60 0 2 0
L 20 60 10 0 2 0 1 0 GND23
A 15 60 10 0 9 3 #=G6
A 20 70 10 0 8 0 PINTYPE=IN
P 128 170 290 150 290 0 3 0
L 150 290 10 0 8 0 1 0 GND29
A 155 290 10 0 3 3 #=H7
A 150 300 10 0 2 0 PINTYPE=IN
P 129 170 320 150 320 0 3 0
L 150 320 10 0 8 0 1 0 GND26
A 155 320 10 0 3 3 #=H1
A 150 330 10 0 2 0 PINTYPE=IN
P 135 0 40 20 40 0 2 0
L 20 40 10 0 2 0 1 0 GND25
A 15 40 10 0 9 3 #=G10
A 20 50 10 0 8 0 PINTYPE=IN
P 136 0 70 20 70 0 2 0
L 20 70 10 0 2 0 1 0 GND22
A 15 70 10 0 9 3 #=G4
A 20 80 10 0 8 0 PINTYPE=IN
P 137 0 120 20 120 0 2 0
L 20 120 10 0 2 0 1 0 GND18
A 15 120 10 0 9 3 #=E5
A 20 130 10 0 8 0 PINTYPE=IN
P 138 0 50 20 50 0 2 0
L 20 50 10 0 2 0 1 0 GND24
A 15 50 10 0 9 3 #=G8
A 20 60 10 0 8 0 PINTYPE=IN
P 139 0 80 20 80 0 2 0
L 20 80 10 0 2 0 1 0 GND21
A 15 80 10 0 9 3 #=G2
A 20 90 10 0 8 0 PINTYPE=IN
P 145 170 190 150 190 0 3 0
L 150 190 10 0 8 0 1 0 GND37
A 155 190 10 0 3 3 #=K3
A 150 200 10 0 2 0 PINTYPE=IN
P 150 170 240 150 240 0 3 0
L 150 240 10 0 8 0 1 0 GND33
A 155 240 10 0 3 3 #=J6
A 150 250 10 0 2 0 PINTYPE=IN
P 151 170 170 150 170 0 3 0
L 150 170 10 0 8 0 1 0 GND39
A 155 170 10 0 3 3 #=K7
A 150 180 10 0 2 0 PINTYPE=IN
P 152 170 160 150 160 0 3 0
L 150 160 10 0 8 0 1 0 GND40
A 155 160 10 0 3 3 #=K9
A 150 170 10 0 2 0 PINTYPE=IN
P 153 170 140 150 140 0 3 0
L 150 140 10 0 8 0 1 0 GND41
A 155 140 10 0 3 3 #=M2
A 150 150 10 0 2 0 PINTYPE=IN
P 154 170 130 150 130 0 3 0
L 150 130 10 0 8 0 1 0 GND42
A 155 130 10 0 3 3 #=M4
A 150 140 10 0 2 0 PINTYPE=IN
P 155 170 180 150 180 0 3 0
L 150 180 10 0 8 0 1 0 GND38
A 155 180 10 0 3 3 #=K5
A 150 190 10 0 2 0 PINTYPE=IN
P 156 170 110 150 110 0 3 0
L 150 110 10 0 8 0 1 0 GND44
A 155 110 10 0 3 3 #=M8
A 150 120 10 0 2 0 PINTYPE=IN
P 157 170 100 150 100 0 3 0
L 150 100 10 0 8 0 1 0 GND45
A 155 100 10 0 3 3 #=M10
A 150 110 10 0 2 0 PINTYPE=IN
P 158 170 80 150 80 0 3 0
L 150 80 10 0 8 0 1 0 GND46
A 155 80 10 0 3 3 #=N1
A 150 90 10 0 2 0 PINTYPE=IN
P 159 170 70 150 70 0 3 0
L 150 70 10 0 8 0 1 0 GND47
A 155 70 10 0 3 3 #=N3
A 150 80 10 0 2 0 PINTYPE=IN
P 160 170 120 150 120 0 3 0
L 150 120 10 0 8 0 1 0 GND43
A 155 120 10 0 3 3 #=M6
A 150 130 10 0 2 0 PINTYPE=IN
P 161 170 50 150 50 0 3 0
L 150 50 10 0 8 0 1 0 GND49
A 155 50 10 0 3 3 #=N7
A 150 60 10 0 2 0 PINTYPE=IN
P 162 170 40 150 40 0 3 0
L 150 40 10 0 8 0 1 0 GND50
A 155 40 10 0 3 3 #=N9
A 150 50 10 0 2 0 PINTYPE=IN
P 176 170 280 150 280 0 3 0
L 150 280 10 0 8 0 1 0 GND30
A 155 280 10 0 3 3 #=H9
A 150 290 10 0 2 0 PINTYPE=IN
E 
