V 51
K 392027431400 fci_10035515_tx
|R 19:40_7-14-10
Y 1
D 0 0 170 605
Z 10
i 68
P 21 170 570 150 570 0 3 0
L 150 570 10 0 8 0 1 0 TX0_N
A 150 570 10 0 3 3 #=B7
A 150 580 10 0 2 0 PINTYPE=OUT
P 1 170 580 150 580 0 3 0
L 150 580 10 0 8 0 1 0 TX0_P
A 150 580 10 0 3 3 #=A7
A 150 590 10 0 2 0 PINTYPE=OUT
P 53 170 210 150 210 0 3 0
L 150 210 10 0 8 0 1 0 TX10_N
A 150 210 10 0 3 3 #=K4
A 150 220 10 0 2 0 PINTYPE=OUT
P 52 170 220 150 220 0 3 0
L 150 220 10 0 8 0 1 0 TX10_P
A 150 220 10 0 3 3 #=J4
A 150 230 10 0 2 0 PINTYPE=OUT
P 51 170 180 150 180 0 3 0
L 150 180 10 0 8 0 1 0 TX11_N
A 150 180 10 0 3 3 #=H1
A 150 190 10 0 2 0 PINTYPE=OUT
P 50 170 190 150 190 0 3 0
L 150 190 10 0 8 0 1 0 TX11_P
A 150 190 10 0 3 3 #=G1
A 150 200 10 0 2 0 PINTYPE=OUT
P 49 170 150 150 150 0 3 0
L 150 150 10 0 8 0 1 0 TX12_N
A 150 150 10 0 3 3 #=K6
A 150 160 10 0 2 0 PINTYPE=OUT
P 48 170 160 150 160 0 3 0
L 150 160 10 0 8 0 1 0 TX12_P
A 150 160 10 0 3 3 #=J6
A 150 170 10 0 2 0 PINTYPE=OUT
P 47 170 120 150 120 0 3 0
L 150 120 10 0 8 0 1 0 TX13_N
A 150 120 10 0 3 3 #=K10
A 150 130 10 0 2 0 PINTYPE=OUT
P 46 170 130 150 130 0 3 0
L 150 130 10 0 8 0 1 0 TX13_P
A 150 130 10 0 3 3 #=J10
A 150 140 10 0 2 0 PINTYPE=OUT
P 45 170 90 150 90 0 3 0
L 150 90 10 0 8 0 1 0 TX14_N
A 150 90 10 0 3 3 #=K2
A 150 100 10 0 2 0 PINTYPE=OUT
P 44 170 100 150 100 0 3 0
L 150 100 10 0 8 0 1 0 TX14_P
A 150 100 10 0 3 3 #=J2
A 150 110 10 0 2 0 PINTYPE=OUT
P 43 170 60 150 60 0 3 0
L 150 60 10 0 8 0 1 0 TX15_N
A 150 60 10 0 3 3 #=K8
A 150 70 10 0 2 0 PINTYPE=OUT
P 42 170 70 150 70 0 3 0
L 150 70 10 0 8 0 1 0 TX15_P
A 150 70 10 0 3 3 #=J8
A 150 80 10 0 2 0 PINTYPE=OUT
P 23 170 540 150 540 0 3 0
L 150 540 10 0 8 0 1 0 TX1_N
A 150 540 10 0 3 3 #=E6
A 150 550 10 0 2 0 PINTYPE=OUT
P 22 170 550 150 550 0 3 0
L 150 550 10 0 8 0 1 0 TX1_P
A 150 550 10 0 3 3 #=D6
A 150 560 10 0 2 0 PINTYPE=OUT
P 27 170 510 150 510 0 3 0
L 150 510 10 0 8 0 1 0 TX2_N
A 150 510 10 0 3 3 #=E8
A 150 520 10 0 2 0 PINTYPE=OUT
P 26 170 520 150 520 0 3 0
L 150 520 10 0 8 0 1 0 TX2_P
A 150 520 10 0 3 3 #=D8
A 150 530 10 0 2 0 PINTYPE=OUT
P 25 170 480 150 480 0 3 0
L 150 480 10 0 8 0 1 0 TX3_N
A 150 480 10 0 3 3 #=B9
A 150 490 10 0 2 0 PINTYPE=OUT
P 24 170 490 150 490 0 3 0
L 150 490 10 0 8 0 1 0 TX3_P
A 150 490 10 0 3 3 #=A9
A 150 500 10 0 2 0 PINTYPE=OUT
P 35 170 450 150 450 0 3 0
L 150 450 10 0 8 0 1 0 TX4_N
A 150 450 10 0 3 3 #=B3
A 150 460 10 0 2 0 PINTYPE=OUT
P 34 170 460 150 460 0 3 0
L 150 460 10 0 8 0 1 0 TX4_P
A 150 460 10 0 3 3 #=A3
A 150 470 10 0 2 0 PINTYPE=OUT
P 33 170 420 150 420 0 3 0
L 150 420 10 0 8 0 1 0 TX5_N
A 150 420 10 0 3 3 #=E2
A 150 430 10 0 2 0 PINTYPE=OUT
P 32 170 430 150 430 0 3 0
L 150 430 10 0 8 0 1 0 TX5_P
A 150 430 10 0 3 3 #=D2
A 150 440 10 0 2 0 PINTYPE=OUT
P 31 170 390 150 390 0 3 0
L 150 390 10 0 8 0 1 0 TX6_N
A 150 390 10 0 3 3 #=E4
A 150 400 10 0 2 0 PINTYPE=OUT
P 30 170 400 150 400 0 3 0
L 150 400 10 0 8 0 1 0 TX6_P
A 150 400 10 0 3 3 #=D4
A 150 410 10 0 2 0 PINTYPE=OUT
P 29 170 360 150 360 0 3 0
L 150 360 10 0 8 0 1 0 TX7_N
A 150 360 10 0 3 3 #=B5
A 150 370 10 0 2 0 PINTYPE=OUT
P 28 170 370 150 370 0 3 0
L 150 370 10 0 8 0 1 0 TX7_P
A 150 370 10 0 3 3 #=A5
A 150 380 10 0 2 0 PINTYPE=OUT
P 57 170 270 150 270 0 3 0
L 150 270 10 0 8 0 1 0 TX8_N
A 150 270 10 0 3 3 #=H5
A 150 280 10 0 2 0 PINTYPE=OUT
P 56 170 280 150 280 0 3 0
L 150 280 10 0 8 0 1 0 TX8_P
A 150 280 10 0 3 3 #=G5
A 150 290 10 0 2 0 PINTYPE=OUT
P 55 170 240 150 240 0 3 0
L 150 240 10 0 8 0 1 0 TX9_N
A 150 240 10 0 3 3 #=H3
A 150 250 10 0 2 0 PINTYPE=OUT
P 54 170 250 150 250 0 3 0
L 150 250 10 0 8 0 1 0 TX9_P
A 150 250 10 0 3 3 #=G3
A 150 260 10 0 2 0 PINTYPE=OUT
P 38 170 310 150 310 0 3 0
L 150 310 10 0 8 0 1 0 TX_FC_CK
A 150 310 10 0 3 3 #=E10
A 150 320 10 0 2 0 PINTYPE=IN
P 39 170 40 150 40 0 3 0
L 150 40 10 0 8 0 1 0 TX_FC_DATA
A 150 40 10 0 3 3 #=H7
A 150 50 10 0 2 0 PINTYPE=IN
P 68 170 20 150 20 0 3 0
L 150 20 10 0 8 0 1 0 TX_FC_SYNC
A 150 20 10 0 3 3 #=H9
A 150 30 10 0 2 0 PINTYPE=IN
P 37 170 330 150 330 0 3 0
L 150 330 10 0 8 0 1 0 TX_REFCLK_N
A 150 330 10 0 3 3 #=B1
A 150 340 10 0 2 0 PINTYPE=OUT
P 36 170 340 150 340 0 3 0
L 150 340 10 0 8 0 1 0 TX_REFCLK_P
A 150 340 10 0 3 3 #=A1
A 150 350 10 0 2 0 PINTYPE=OUT
U 60 500 10 0 3 0 MANF_P/N=10035515-101LF
U 60 510 10 0 3 0 MANF=FCI USA
U 0 -30 10 0 3 0 PKG_TYPE=CON_FCI_10035515
U 0 -40 10 0 3 0 LEVEL=STD
U 0 -50 10 0 3 0 PARTS=1
U 0 10 10 0 3 0 HETERO=FCI_10035515_HEADER,FCI_10035515_HEADER_GND
U 20 0 10 0 3 3 DEVICE=FCI_10035515_120_PIN
U 20 590 14 0 3 3 REFDES=P?
l 2 20 295 150 295
b 20 15 150 590
U 90 590 10 0 3 3 VALUE=HEADER
E
