V 53
K 1397840249 fci_10126363_101lf_recept.1
F Case
|R 10:57:29_4-18-14
D 0 660 170 0
Y 1
Z 10
i 472
U 60 500 10 0 3 0 MANF_P/N=10126363-101LF
U 60 510 10 0 3 0 MANF=FCI USA
U 0 -30 10 0 3 0 PKG_TYPE=CON_FCI_10126363_101LF
U 0 -40 10 0 3 0 LEVEL=STD
U 0 -50 10 0 3 0 PARTS=1
U 0 10 10 0 3 0 HETERO=FCI_10126363_101LF_RECEPT,FCI_10126363_101LF_RECEPT_GND
U 20 0 10 0 3 3 DEVICE=FCI_10126363_101LF_140_PIN
U 55 650 10 0 3 3 VALUE=RA_RECEPTACLE
U 15 650 16 0 3 3 REFDES=J?
U 0 0 10 0 1 0 FORWARD_PCB=1
b 20 10 150 650
l 2 20 390 150 390 
l 2 20 170 150 170 
P 22 0 100 20 100 0 2 0
L 25 100 10 0 2 0 1 0 TER5
A 15 100 10 0 9 3 #=B8
A 20 110 10 0 8 0 PINTYPE=IN
P 23 0 90 20 90 0 2 0
L 25 90 10 0 2 0 1 0 TER6
A 15 90 10 0 9 3 #=C8
A 20 100 10 0 8 0 PINTYPE=IN
P 24 0 360 20 360 0 2 0
L 25 360 10 0 2 0 1 0 NC1
A 15 360 10 0 9 3 #=B2
A 20 370 10 0 8 0 PINTYPE=IN
P 25 0 350 20 350 0 2 0
L 25 350 10 0 2 0 1 0 NC2
A 15 350 10 0 9 3 #=C2
A 20 360 10 0 8 0 PINTYPE=IN
P 26 0 80 20 80 0 2 0
L 25 80 10 0 2 0 1 0 TER7
A 15 80 10 0 9 3 #=E8
A 20 90 10 0 8 0 PINTYPE=IN
P 27 0 70 20 70 0 2 0
L 25 70 10 0 2 0 1 0 TER8
A 15 70 10 0 9 3 #=F8
A 20 80 10 0 8 0 PINTYPE=IN
P 28 0 280 20 280 0 2 0
L 25 280 10 0 2 0 1 0 NC9
A 15 280 10 0 9 3 #=C1
A 20 290 10 0 8 0 PINTYPE=IN
P 29 0 270 20 270 0 2 0
L 25 270 10 0 2 0 1 0 NC10
A 15 270 10 0 9 3 #=D1
A 20 280 10 0 8 0 PINTYPE=IN
P 30 0 300 20 300 0 2 0
L 25 300 10 0 2 0 1 0 NC7
A 15 300 10 0 9 3 #=F9
A 20 310 10 0 8 0 PINTYPE=IN
P 31 0 290 20 290 0 2 0
L 25 290 10 0 2 0 1 0 NC8
A 15 290 10 0 9 3 #=G9
A 20 300 10 0 8 0 PINTYPE=IN
P 32 0 320 20 320 0 2 0
L 25 320 10 0 2 0 1 0 NC5
A 15 320 10 0 9 3 #=C9
A 20 330 10 0 8 0 PINTYPE=IN
P 33 0 310 20 310 0 2 0
L 25 310 10 0 2 0 1 0 NC6
A 15 310 10 0 9 3 #=D9
A 20 320 10 0 8 0 PINTYPE=IN
P 34 0 340 20 340 0 2 0
L 25 340 10 0 2 0 1 0 NC3
A 15 340 10 0 9 3 #=E2
A 20 350 10 0 8 0 PINTYPE=IN
P 35 0 330 20 330 0 2 0
L 25 330 10 0 2 0 1 0 NC4
A 15 330 10 0 9 3 #=F2
A 20 340 10 0 8 0 PINTYPE=IN
P 42 170 280 150 280 0 3 0
L 145 280 10 0 8 0 1 0 NC27
A 155 280 10 0 3 3 #=I1
A 150 290 10 0 2 0 PINTYPE=OUT
P 43 170 270 150 270 0 3 0
L 145 270 10 0 8 0 1 0 NC28
A 155 270 10 0 3 3 #=J1
A 150 280 10 0 2 0 PINTYPE=OUT
P 44 170 290 150 290 0 3 0
L 145 290 10 0 8 0 1 0 NC26
A 155 290 10 0 3 3 #=M1
A 150 300 10 0 2 0 PINTYPE=OUT
P 45 170 300 150 300 0 3 0
L 145 300 10 0 8 0 1 0 NC25
A 155 300 10 0 3 3 #=L1
A 150 310 10 0 2 0 PINTYPE=OUT
P 46 170 320 150 320 0 3 0
L 145 320 10 0 8 0 1 0 NC23
A 155 320 10 0 3 3 #=I9
A 150 330 10 0 2 0 PINTYPE=OUT
P 47 170 310 150 310 0 3 0
L 145 310 10 0 8 0 1 0 NC24
A 155 310 10 0 3 3 #=J9
A 150 320 10 0 2 0 PINTYPE=OUT
P 48 170 340 150 340 0 3 0
L 145 340 10 0 8 0 1 0 NC21
A 155 340 10 0 3 3 #=L9
A 150 350 10 0 2 0 PINTYPE=OUT
P 49 170 330 150 330 0 3 0
L 145 330 10 0 8 0 1 0 NC22
A 155 330 10 0 3 3 #=M9
A 150 340 10 0 2 0 PINTYPE=OUT
P 50 170 360 150 360 0 3 0
L 145 360 10 0 8 0 1 0 NC19
A 155 360 10 0 3 3 #=H2
A 150 370 10 0 2 0 PINTYPE=OUT
P 51 170 350 150 350 0 3 0
L 145 350 10 0 8 0 1 0 NC20
A 155 350 10 0 3 3 #=I2
A 150 360 10 0 2 0 PINTYPE=OUT
P 52 0 200 20 200 0 2 0
L 25 200 10 0 2 0 1 0 NC17
A 15 200 10 0 9 3 #=K2
A 20 210 10 0 8 0 PINTYPE=OUT
P 53 0 190 20 190 0 2 0
L 25 190 10 0 2 0 1 0 NC18
A 15 190 10 0 9 3 #=L2
A 20 200 10 0 8 0 PINTYPE=OUT
P 54 170 80 150 80 0 3 0
L 145 80 10 0 8 0 1 0 TER18
A 155 80 10 0 3 3 #=H8
A 150 90 10 0 2 0 PINTYPE=OUT
P 55 170 70 150 70 0 3 0
L 145 70 10 0 8 0 1 0 TER19
A 155 70 10 0 3 3 #=I8
A 150 80 10 0 2 0 PINTYPE=OUT
P 56 170 100 150 100 0 3 0
L 145 100 10 0 8 0 1 0 TER16
A 155 100 10 0 3 3 #=K8
A 150 110 10 0 2 0 PINTYPE=OUT
P 57 170 90 150 90 0 3 0
L 145 90 10 0 8 0 1 0 TER17
A 155 90 10 0 3 3 #=L8
A 150 100 10 0 2 0 PINTYPE=OUT
P 69 0 250 20 250 0 2 0
L 25 250 10 0 2 0 1 0 NC12
A 15 250 10 0 9 3 #=G1
A 20 260 10 0 8 0 PINTYPE=IN
P 70 0 260 20 260 0 2 0
L 25 260 10 0 2 0 1 0 NC11
A 15 260 10 0 9 3 #=F1
A 20 270 10 0 8 0 PINTYPE=IN
P 71 0 230 20 230 0 2 0
L 25 230 10 0 2 0 1 0 NC14
A 15 230 10 0 9 3 #=C10
A 20 240 10 0 8 0 PINTYPE=IN
P 72 0 240 20 240 0 2 0
L 25 240 10 0 2 0 1 0 NC13
A 15 240 10 0 9 3 #=B10
A 20 250 10 0 8 0 PINTYPE=IN
P 73 0 210 20 210 0 2 0
L 25 210 10 0 2 0 1 0 NC16
A 15 210 10 0 9 3 #=F10
A 20 220 10 0 8 0 PINTYPE=IN
P 74 0 220 20 220 0 2 0
L 25 220 10 0 2 0 1 0 NC15
A 15 220 10 0 9 3 #=E10
A 20 230 10 0 8 0 PINTYPE=IN
P 75 170 250 150 250 0 3 0
L 145 250 10 0 8 0 1 0 NC30
A 155 250 10 0 3 3 #=L10
A 150 260 10 0 2 0 PINTYPE=OUT
P 76 170 260 150 260 0 3 0
L 145 260 10 0 8 0 1 0 NC29
A 155 260 10 0 3 3 #=K10
A 150 270 10 0 2 0 PINTYPE=OUT
P 77 170 230 150 230 0 3 0
L 145 230 10 0 8 0 1 0 NC32
A 155 230 10 0 3 3 #=I10
A 150 240 10 0 2 0 PINTYPE=OUT
P 78 170 240 150 240 0 3 0
L 145 240 10 0 8 0 1 0 NC31
A 155 240 10 0 3 3 #=H10
A 150 250 10 0 2 0 PINTYPE=OUT
P 79 0 130 20 130 0 2 0
L 26 130 10 0 2 0 1 0 TER2
A 15 130 10 0 9 3 #=D3
A 20 140 10 0 8 0 PINTYPE=IN
P 80 0 140 20 140 0 2 0
L 25 140 10 0 2 0 1 0 TER1
A 15 140 10 0 9 3 #=C3
A 20 150 10 0 8 0 PINTYPE=IN
P 81 0 110 20 110 0 2 0
L 25 110 10 0 2 0 1 0 TER4
A 15 110 10 0 9 3 #=G3
A 20 120 10 0 8 0 PINTYPE=IN
P 82 0 120 20 120 0 2 0
L 25 120 10 0 2 0 1 0 TER3
A 15 120 10 0 9 3 #=F3
A 20 130 10 0 8 0 PINTYPE=IN
P 83 0 620 20 620 0 2 0
L 26 620 10 0 2 0 1 0 RX1_N
A 15 620 10 0 9 3 #=C4
A 20 630 10 0 8 0 PINTYPE=IN
P 84 0 630 20 630 0 2 0
L 25 630 10 0 2 0 1 0 RX1_P
A 15 630 10 0 9 3 #=B4
A 20 640 10 0 8 0 PINTYPE=IN
P 85 0 590 20 590 0 2 0
L 26 590 10 0 2 0 1 0 RX2_N
A 15 590 10 0 9 3 #=F4
A 20 600 10 0 8 0 PINTYPE=IN
P 86 0 600 20 600 0 2 0
L 25 600 10 0 2 0 1 0 RX2_P
A 15 600 10 0 9 3 #=E4
A 20 610 10 0 8 0 PINTYPE=IN
P 87 0 560 20 560 0 2 0
L 26 560 10 0 2 0 1 0 RX3_N
A 15 560 10 0 9 3 #=D5
A 20 570 10 0 8 0 PINTYPE=IN
P 88 0 570 20 570 0 2 0
L 25 570 10 0 2 0 1 0 RX3_P
A 15 570 10 0 9 3 #=C5
A 20 580 10 0 8 0 PINTYPE=IN
P 89 0 530 20 530 0 2 0
L 26 530 10 0 2 0 1 0 RX4_N
A 15 530 10 0 9 3 #=G5
A 20 540 10 0 8 0 PINTYPE=IN
P 90 0 540 20 540 0 2 0
L 25 540 10 0 2 0 1 0 RX4_P
A 15 540 10 0 9 3 #=F5
A 20 550 10 0 8 0 PINTYPE=IN
P 91 0 500 20 500 0 2 0
L 26 500 10 0 2 0 1 0 RX5_N
A 15 500 10 0 9 3 #=C6
A 20 510 10 0 8 0 PINTYPE=IN
P 92 0 510 20 510 0 2 0
L 25 510 10 0 2 0 1 0 RX5_P
A 15 510 10 0 9 3 #=B6
A 20 520 10 0 8 0 PINTYPE=IN
P 93 0 470 20 470 0 2 0
L 26 470 10 0 2 0 1 0 RX6_N
A 15 470 10 0 9 3 #=F6
A 20 480 10 0 8 0 PINTYPE=IN
P 94 0 480 20 480 0 2 0
L 25 480 10 0 2 0 1 0 RX6_P
A 15 480 10 0 9 3 #=E6
A 20 490 10 0 8 0 PINTYPE=IN
P 95 0 440 20 440 0 2 0
L 26 440 10 0 2 0 1 0 RX7_N
A 15 440 10 0 9 3 #=D7
A 20 450 10 0 8 0 PINTYPE=IN
P 96 0 450 20 450 0 2 0
L 25 450 10 0 2 0 1 0 RX7_P
A 15 450 10 0 9 3 #=C7
A 20 460 10 0 8 0 PINTYPE=IN
P 97 0 410 20 410 0 2 0
L 26 410 10 0 2 0 1 0 RX8_N
A 15 410 10 0 9 3 #=G7
A 20 420 10 0 8 0 PINTYPE=IN
P 98 0 420 20 420 0 2 0
L 25 420 10 0 2 0 1 0 RX8_P
A 15 420 10 0 9 3 #=F7
A 20 430 10 0 8 0 PINTYPE=IN
P 99 170 130 150 130 0 3 0
L 95 130 10 0 2 0 1 0 TER13
A 155 130 10 0 3 3 #=M3
A 150 140 10 0 2 0 PINTYPE=OUT
P 100 170 140 150 140 0 3 0
L 95 140 10 0 2 0 1 0 TER12
A 155 140 10 0 3 3 #=L3
A 150 150 10 0 2 0 PINTYPE=OUT
P 101 170 110 150 110 0 3 0
L 95 110 10 0 2 0 1 0 TER15
A 155 110 10 0 3 3 #=J3
A 150 120 10 0 2 0 PINTYPE=OUT
P 102 170 120 150 120 0 3 0
L 95 120 10 0 2 0 1 0 TER14
A 155 120 10 0 3 3 #=I3
A 150 130 10 0 2 0 PINTYPE=OUT
P 103 170 620 150 620 0 3 0
L 95 620 10 0 2 0 1 0 TX1_N
A 155 620 10 0 3 3 #=L4
A 150 630 10 0 2 0 PINTYPE=OUT
P 104 170 630 150 630 0 3 0
L 95 630 10 0 2 0 1 0 TX1_P
A 155 630 10 0 3 3 #=K4
A 150 640 10 0 2 0 PINTYPE=OUT
P 105 170 590 150 590 0 3 0
L 95 590 10 0 2 0 1 0 TX2_N
A 155 590 10 0 3 3 #=I4
A 150 600 10 0 2 0 PINTYPE=OUT
P 106 170 600 150 600 0 3 0
L 95 600 10 0 2 0 1 0 TX2_P
A 155 600 10 0 3 3 #=H4
A 150 610 10 0 2 0 PINTYPE=OUT
P 107 170 560 150 560 0 3 0
L 95 560 10 0 2 0 1 0 TX3_N
A 155 560 10 0 3 3 #=M5
A 150 570 10 0 2 0 PINTYPE=OUT
P 108 170 570 150 570 0 3 0
L 95 570 10 0 2 0 1 0 TX3_P
A 155 570 10 0 3 3 #=L5
A 150 580 10 0 2 0 PINTYPE=OUT
P 109 170 530 150 530 0 3 0
L 95 530 10 0 2 0 1 0 TX4_N
A 155 530 10 0 3 3 #=J5
A 150 540 10 0 2 0 PINTYPE=OUT
P 110 170 540 150 540 0 3 0
L 95 540 10 0 2 0 1 0 TX4_P
A 155 540 10 0 3 3 #=I5
A 150 550 10 0 2 0 PINTYPE=OUT
P 111 170 500 150 500 0 3 0
L 95 500 10 0 2 0 1 0 TX5_N
A 155 500 10 0 3 3 #=L6
A 150 510 10 0 2 0 PINTYPE=OUT
P 112 170 510 150 510 0 3 0
L 95 510 10 0 2 0 1 0 TX5_P
A 155 510 10 0 3 3 #=K6
A 150 520 10 0 2 0 PINTYPE=OUT
P 113 170 470 150 470 0 3 0
L 95 470 10 0 2 0 1 0 TX6_N
A 155 470 10 0 3 3 #=I6
A 150 480 10 0 2 0 PINTYPE=OUT
P 114 170 480 150 480 0 3 0
L 95 480 10 0 2 0 1 0 TX6_P
A 155 480 10 0 3 3 #=H6
A 150 490 10 0 2 0 PINTYPE=OUT
P 115 170 440 150 440 0 3 0
L 95 440 10 0 2 0 1 0 TX7_N
A 155 440 10 0 3 3 #=M7
A 150 450 10 0 2 0 PINTYPE=OUT
P 116 170 450 150 450 0 3 0
L 95 450 10 0 2 0 1 0 TX7_P
A 155 450 10 0 3 3 #=L7
A 150 460 10 0 2 0 PINTYPE=OUT
P 117 170 410 150 410 0 3 0
L 95 410 10 0 2 0 1 0 TX8_N
A 155 410 10 0 3 3 #=J7
A 150 420 10 0 2 0 PINTYPE=OUT
P 118 170 420 150 420 0 3 0
L 95 420 10 0 2 0 1 0 TX8_P
A 155 420 10 0 3 3 #=I7
A 150 430 10 0 2 0 PINTYPE=OUT
P 384 0 60 20 60 0 2 0
L 25 60 10 0 2 0 1 0 TER9
A 15 60 10 0 9 3 #=N4
A 20 70 10 0 8 0 PINTYPE=IN
P 388 0 50 20 50 0 2 0
L 25 50 10 0 2 0 1 0 TER10
A 15 50 10 0 9 3 #=N6
A 20 60 10 0 8 0 PINTYPE=IN
P 392 0 40 20 40 0 2 0
L 25 40 10 0 2 0 1 0 TER11
A 15 40 10 0 9 3 #=N8
A 20 50 10 0 8 0 PINTYPE=IN
P 409 170 60 150 60 0 3 0
L 145 60 10 0 8 0 1 0 TER20
A 155 60 10 0 3 3 #=A3
A 150 70 10 0 2 0 PINTYPE=OUT
P 416 170 220 150 220 0 3 0
L 145 220 10 0 8 0 1 0 NC33
A 155 220 10 0 3 3 #=N2
A 150 230 10 0 2 0 PINTYPE=OUT
P 433 170 50 150 50 0 3 0
L 145 50 10 0 8 0 1 0 TER21
A 155 50 10 0 3 3 #=A5
A 150 60 10 0 2 0 PINTYPE=OUT
P 437 170 40 150 40 0 3 0
L 145 40 10 0 8 0 1 0 TER22
A 155 40 10 0 3 3 #=A7
A 150 50 10 0 2 0 PINTYPE=OUT
P 463 170 210 150 210 0 3 0
L 145 210 10 0 8 0 1 0 NC34
A 155 210 10 0 3 3 #=N10
A 150 220 10 0 2 0 PINTYPE=OUT
P 467 170 200 150 200 0 3 0
L 145 200 10 0 8 0 1 0 NC35
A 155 200 10 0 3 3 #=A1
A 150 210 10 0 2 0 PINTYPE=OUT
P 471 170 190 150 190 0 3 0
L 145 190 10 0 8 0 1 0 NC36
A 155 190 10 0 3 3 #=A9
A 150 200 10 0 2 0 PINTYPE=OUT
E 
