V 51
K 415535303400 fdpc8011s
|R 21:16_6-8-13
Y 1
D 0 0 100 100
Z 10
i 27
U 0 -60 10 0 3 0 DIST_P/N=FDPC8011SFSTR-ND
U 0 -50 10 0 3 0 DIST=DIGIKEY
U 0 -40 10 0 3 0 MFG_P/N=FDPC8011S
U 0 -20 10 0 3 0 PARTS=1
U 0 -10 10 0 3 0 LEVEL=STD
U 0 -30 10 0 3 0 MFG=FAIRCHILD
P 13 100 70 80 70 0 3 0
L 60 65 10 0 3 0 0 0 VP1
A 100 70 10 0 9 0 PINTYPE=OUT
A 90 70 10 0 9 3 #=8
P 24 100 60 80 60 0 3 0
L 60 55 10 0 3 0 0 0 VP2
A 100 60 10 0 9 0 PINTYPE=OUT
A 90 60 10 0 9 3 #=9
P 25 100 50 80 50 0 3 0
L 60 45 10 0 3 0 0 0 SW1
A 100 50 10 0 9 0 PINTYPE=OUT
A 90 50 10 0 9 3 #=2
P 26 100 40 80 40 0 3 0
L 60 35 10 0 3 0 0 0 SW2
A 100 40 10 0 9 0 PINTYPE=OUT
A 90 40 10 0 9 3 #=3
P 27 100 30 80 30 0 3 0
L 60 25 10 0 3 0 0 0 SW3
A 100 30 10 0 9 0 PINTYPE=OUT
A 90 30 10 0 9 3 #=4
P 8 0 70 20 70 0 2 0
L 40 65 10 4 3 0 1 0 HSG
A 20 70 10 4 1 0 PINTYPE=IN
A 11 69 10 6 1 3 #=1
P 11 0 60 20 60 0 2 0
L 45 55 10 4 3 0 0 0 GND1
A 20 60 10 4 1 0 PINTYPE=IN
A 11 59 10 6 1 3 #=5
P 12 0 50 20 50 0 2 0
L 45 45 10 4 3 0 0 0 GND2
A 20 50 10 4 1 0 PINTYPE=IN
A 11 49 10 6 1 3 #=6
P 21 0 40 20 40 0 2 0
L 45 35 10 4 3 0 0 0 GND3
A 20 40 10 4 1 0 PINTYPE=IN
A 6 39 10 6 1 3 #=10
T 65 25 10 0 3 SW
Q 15 0 0
T 65 35 10 0 3 SW
Q 15 0 0
T 25 45 10 0 3 GND
Q 15 0 0
T 25 35 10 0 3 GND
Q 15 0 0
b 20 20 80 80
T 25 55 10 0 3 GND
Q 15 0 0
T 65 65 10 0 3 VP
Q 15 0 0
T 65 55 10 0 3 VP
Q 15 0 0
T 65 45 10 0 3 SW
Q 15 0 0
U 40 5 16 4 3 3 REFDES=Q?
U 102 9 10 4 3 0 PKG_TYPE=PWRCLIP_33
U 73 83 10 4 3 3 DEVICE=FDPC8011S
P 10 0 30 20 30 0 2 0
L 40 25 10 4 3 0 1 0 LSG
A 20 30 10 4 1 0 PINTYPE=IN
A 11 29 10 6 1 3 #=7
E
