V 50
K 153165148200 ffva2104
Y 1
D 0 0 400 820
Z 10
i 946
b 50 50 350 770
P 1 0 100 50 100 0 2 0
A 45 100 10 0 9 3 #=P28
L 55 100 10 0 2 0 1 0 VCCO_50_P28
A 10 100 10 0 2 0 PINTYPE=BI
P 2 0 110 50 110 0 2 0
A 45 110 10 0 9 3 #=N31
L 55 110 10 0 2 0 1 0 VCCO_50_N31
A 10 110 10 0 2 0 PINTYPE=BI
P 3 0 120 50 120 0 2 0
A 45 120 10 0 9 3 #=K30
L 55 120 10 0 2 0 1 0 VCCO_50_K30
A 10 120 10 0 2 0 PINTYPE=BI
P 4 0 130 50 130 0 2 0
A 45 130 10 0 9 3 #=J33
L 55 130 10 0 2 0 1 0 VCCO_50_J33
A 10 130 10 0 2 0 PINTYPE=BI
P 5 0 140 50 140 0 2 0
A 45 140 10 0 9 3 #=G29
L 55 140 10 0 2 0 1 0 VCCO_50_G29
A 10 140 10 0 2 0 PINTYPE=BI
P 6 0 150 50 150 0 2 0
A 45 150 10 0 9 3 #=F32
L 55 150 10 0 2 0 1 0 VCCO_50_F32
A 10 150 10 0 2 0 PINTYPE=BI
P 7 0 160 50 160 0 2 0
A 45 160 10 0 9 3 #=C31
L 55 160 10 0 2 0 1 0 VCCO_50_C31
A 10 160 10 0 2 0 PINTYPE=BI
P 8 400 100 350 100 0 3 0
A 355 100 10 0 3 3 #=T28
L 345 100 10 0 8 0 1 0 VREF_50_T28
A 405 100 10 0 2 0 PINTYPE=BI
P 9 400 110 350 110 0 3 0
A 355 110 10 0 3 3 #=R29
L 345 110 10 0 8 0 1 0 IO_L1N_T0L_N1_DBC_50_R29
A 405 110 10 0 2 0 PINTYPE=BI
P 10 400 120 350 120 0 3 0
A 355 120 10 0 3 3 #=R28
L 345 120 10 0 8 0 1 0 IO_L1P_T0L_N0_DBC_50_R28
A 405 120 10 0 2 0 PINTYPE=BI
P 11 400 130 350 130 0 3 0
A 355 130 10 0 3 3 #=T29
L 345 130 10 0 8 0 1 0 IO_T0U_N12_VRP_50_T29
A 405 130 10 0 2 0 PINTYPE=BI
P 12 400 140 350 140 0 3 0
A 355 140 10 0 3 3 #=L31
L 345 140 10 0 8 0 1 0 IO_L2N_T0L_N3_50_L31
A 405 140 10 0 2 0 PINTYPE=BI
P 13 400 150 350 150 0 3 0
A 355 150 10 0 3 3 #=M31
L 345 150 10 0 8 0 1 0 IO_L2P_T0L_N2_50_M31
A 405 150 10 0 2 0 PINTYPE=BI
P 14 400 160 350 160 0 3 0
A 355 160 10 0 3 3 #=P30
L 345 160 10 0 8 0 1 0 IO_L3N_T0L_N5_AD15N_50_P30
A 405 160 10 0 2 0 PINTYPE=BI
P 15 400 170 350 170 0 3 0
A 355 170 10 0 3 3 #=P29
L 345 170 10 0 8 0 1 0 IO_L3P_T0L_N4_AD15P_50_P29
A 405 170 10 0 2 0 PINTYPE=BI
P 16 400 180 350 180 0 3 0
A 355 180 10 0 3 3 #=M30
L 345 180 10 0 8 0 1 0 IO_L4N_T0U_N7_DBC_AD7N_50_M30
A 405 180 10 0 2 0 PINTYPE=BI
P 17 400 190 350 190 0 3 0
A 355 190 10 0 3 3 #=N30
L 345 190 10 0 8 0 1 0 IO_L4P_T0U_N6_DBC_AD7P_50_N30
A 405 190 10 0 2 0 PINTYPE=BI
P 18 400 200 350 200 0 3 0
A 355 200 10 0 3 3 #=N29
L 345 200 10 0 8 0 1 0 IO_L5N_T0U_N9_AD14N_50_N29
A 405 200 10 0 2 0 PINTYPE=BI
P 19 400 210 350 210 0 3 0
A 355 210 10 0 3 3 #=N28
L 345 210 10 0 8 0 1 0 IO_L5P_T0U_N8_AD14P_50_N28
A 405 210 10 0 2 0 PINTYPE=BI
P 20 400 220 350 220 0 3 0
A 355 220 10 0 3 3 #=L30
L 345 220 10 0 8 0 1 0 IO_L6N_T0U_N11_AD6N_50_L30
A 405 220 10 0 2 0 PINTYPE=BI
P 21 400 230 350 230 0 3 0
A 355 230 10 0 3 3 #=L29
L 345 230 10 0 8 0 1 0 IO_L6P_T0U_N10_AD6P_50_L29
A 405 230 10 0 2 0 PINTYPE=BI
P 22 400 240 350 240 0 3 0
A 355 240 10 0 3 3 #=J31
L 345 240 10 0 8 0 1 0 IO_L7N_T1L_N1_QBC_AD13N_50_J31
A 405 240 10 0 2 0 PINTYPE=BI
P 23 400 250 350 250 0 3 0
A 355 250 10 0 3 3 #=K31
L 345 250 10 0 8 0 1 0 IO_L7P_T1L_N0_QBC_AD13P_50_K31
A 405 250 10 0 2 0 PINTYPE=BI
P 24 400 260 350 260 0 3 0
A 355 260 10 0 3 3 #=J32
L 345 260 10 0 8 0 1 0 IO_L8N_T1L_N3_AD5N_50_J32
A 405 260 10 0 2 0 PINTYPE=BI
P 25 400 270 350 270 0 3 0
A 355 270 10 0 3 3 #=K32
L 345 270 10 0 8 0 1 0 IO_L8P_T1L_N2_AD5P_50_K32
A 405 270 10 0 2 0 PINTYPE=BI
P 26 400 280 350 280 0 3 0
A 355 280 10 0 3 3 #=J30
L 345 280 10 0 8 0 1 0 IO_L9N_T1L_N5_AD12N_50_J30
A 405 280 10 0 2 0 PINTYPE=BI
P 27 400 290 350 290 0 3 0
A 355 290 10 0 3 3 #=J29
L 345 290 10 0 8 0 1 0 IO_L9P_T1L_N4_AD12P_50_J29
A 405 290 10 0 2 0 PINTYPE=BI
P 28 400 300 350 300 0 3 0
A 355 300 10 0 3 3 #=G33
L 345 300 10 0 8 0 1 0 IO_L10N_T1U_N7_QBC_AD4N_50_G33
A 405 300 10 0 2 0 PINTYPE=BI
P 29 400 310 350 310 0 3 0
A 355 310 10 0 3 3 #=H33
L 345 310 10 0 8 0 1 0 IO_L10P_T1U_N6_QBC_AD4P_50_H33
A 405 310 10 0 2 0 PINTYPE=BI
P 30 400 320 350 320 0 3 0
A 355 320 10 0 3 3 #=H30
L 345 320 10 0 8 0 1 0 IO_L11N_T1U_N9_GC_50_H30
A 405 320 10 0 2 0 PINTYPE=BI
P 31 400 330 350 330 0 3 0
A 355 330 10 0 3 3 #=H29
L 345 330 10 0 8 0 1 0 IO_L11P_T1U_N8_GC_50_H29
A 405 330 10 0 2 0 PINTYPE=BI
P 32 400 340 350 340 0 3 0
A 355 340 10 0 3 3 #=K29
L 345 340 10 0 8 0 1 0 IO_T1U_N12_50_K29
A 405 340 10 0 2 0 PINTYPE=BI
P 33 400 350 350 350 0 3 0
A 355 350 10 0 3 3 #=G32
L 345 350 10 0 8 0 1 0 IO_L12N_T1U_N11_GC_50_G32
A 405 350 10 0 2 0 PINTYPE=BI
P 34 400 360 350 360 0 3 0
A 355 360 10 0 3 3 #=H32
L 345 360 10 0 8 0 1 0 IO_L12P_T1U_N10_GC_50_H32
A 405 360 10 0 2 0 PINTYPE=BI
P 35 400 370 350 370 0 3 0
A 355 370 10 0 3 3 #=F31
L 345 370 10 0 8 0 1 0 IO_L13N_T2L_N1_GC_QBC_50_F31
A 405 370 10 0 2 0 PINTYPE=BI
P 36 400 380 350 380 0 3 0
A 355 380 10 0 3 3 #=G31
L 345 380 10 0 8 0 1 0 IO_L13P_T2L_N0_GC_QBC_50_G31
A 405 380 10 0 2 0 PINTYPE=BI
P 37 400 390 350 390 0 3 0
A 355 390 10 0 3 3 #=D30
L 345 390 10 0 8 0 1 0 IO_T2U_N12_50_D30
A 405 390 10 0 2 0 PINTYPE=BI
P 38 400 400 350 400 0 3 0
A 355 400 10 0 3 3 #=F30
L 345 400 10 0 8 0 1 0 IO_L14N_T2L_N3_GC_50_F30
A 405 400 10 0 2 0 PINTYPE=BI
P 39 400 410 350 410 0 3 0
A 355 410 10 0 3 3 #=G30
L 345 410 10 0 8 0 1 0 IO_L14P_T2L_N2_GC_50_G30
A 405 410 10 0 2 0 PINTYPE=BI
P 40 400 420 350 420 0 3 0
A 355 420 10 0 3 3 #=E33
L 345 420 10 0 8 0 1 0 IO_L15N_T2L_N5_AD11N_50_E33
A 405 420 10 0 2 0 PINTYPE=BI
P 41 400 430 350 430 0 3 0
A 355 430 10 0 3 3 #=F33
L 345 430 10 0 8 0 1 0 IO_L15P_T2L_N4_AD11P_50_F33
A 405 430 10 0 2 0 PINTYPE=BI
P 42 400 440 350 440 0 3 0
A 355 440 10 0 3 3 #=D31
L 345 440 10 0 8 0 1 0 IO_L16N_T2U_N7_QBC_AD3N_50_D31
A 405 440 10 0 2 0 PINTYPE=BI
P 43 400 450 350 450 0 3 0
A 355 450 10 0 3 3 #=E31
L 345 450 10 0 8 0 1 0 IO_L16P_T2U_N6_QBC_AD3P_50_E31
A 405 450 10 0 2 0 PINTYPE=BI
P 44 400 460 350 460 0 3 0
A 355 460 10 0 3 3 #=D32
L 345 460 10 0 8 0 1 0 IO_L17N_T2U_N9_AD10N_50_D32
A 405 460 10 0 2 0 PINTYPE=BI
P 45 400 470 350 470 0 3 0
A 355 470 10 0 3 3 #=E32
L 345 470 10 0 8 0 1 0 IO_L17P_T2U_N8_AD10P_50_E32
A 405 470 10 0 2 0 PINTYPE=BI
P 46 400 480 350 480 0 3 0
A 355 480 10 0 3 3 #=E29
L 345 480 10 0 8 0 1 0 IO_L18N_T2U_N11_AD2N_50_E29
A 405 480 10 0 2 0 PINTYPE=BI
P 47 400 490 350 490 0 3 0
A 355 490 10 0 3 3 #=F29
L 345 490 10 0 8 0 1 0 IO_L18P_T2U_N10_AD2P_50_F29
A 405 490 10 0 2 0 PINTYPE=BI
P 48 400 500 350 500 0 3 0
A 355 500 10 0 3 3 #=C33
L 345 500 10 0 8 0 1 0 IO_L19N_T3L_N1_DBC_AD9N_50_C33
A 405 500 10 0 2 0 PINTYPE=BI
P 49 400 510 350 510 0 3 0
A 355 510 10 0 3 3 #=C32
L 345 510 10 0 8 0 1 0 IO_L19P_T3L_N0_DBC_AD9P_50_C32
A 405 510 10 0 2 0 PINTYPE=BI
P 50 400 520 350 520 0 3 0
A 355 520 10 0 3 3 #=B32
L 345 520 10 0 8 0 1 0 IO_L20N_T3L_N3_AD1N_50_B32
A 405 520 10 0 2 0 PINTYPE=BI
P 51 400 530 350 530 0 3 0
A 355 530 10 0 3 3 #=B31
L 345 530 10 0 8 0 1 0 IO_L20P_T3L_N2_AD1P_50_B31
A 405 530 10 0 2 0 PINTYPE=BI
P 52 400 540 350 540 0 3 0
A 355 540 10 0 3 3 #=A33
L 345 540 10 0 8 0 1 0 IO_L21N_T3L_N5_AD8N_50_A33
A 405 540 10 0 2 0 PINTYPE=BI
P 53 400 550 350 550 0 3 0
A 355 550 10 0 3 3 #=B33
L 345 550 10 0 8 0 1 0 IO_L21P_T3L_N4_AD8P_50_B33
A 405 550 10 0 2 0 PINTYPE=BI
P 54 400 560 350 560 0 3 0
A 355 560 10 0 3 3 #=A31
L 345 560 10 0 8 0 1 0 IO_L22N_T3U_N7_DBC_AD0N_50_A31
A 405 560 10 0 2 0 PINTYPE=BI
P 55 400 570 350 570 0 3 0
A 355 570 10 0 3 3 #=A30
L 345 570 10 0 8 0 1 0 IO_L22P_T3U_N6_DBC_AD0P_50_A30
A 405 570 10 0 2 0 PINTYPE=BI
P 56 400 580 350 580 0 3 0
A 355 580 10 0 3 3 #=B30
L 345 580 10 0 8 0 1 0 IO_L23N_T3U_N9_50_B30
A 405 580 10 0 2 0 PINTYPE=BI
P 57 400 590 350 590 0 3 0
A 355 590 10 0 3 3 #=C30
L 345 590 10 0 8 0 1 0 IO_L23P_T3U_N8_50_C30
A 405 590 10 0 2 0 PINTYPE=BI
P 58 400 600 350 600 0 3 0
A 355 600 10 0 3 3 #=A29
L 345 600 10 0 8 0 1 0 IO_T3U_N12_50_A29
A 405 600 10 0 2 0 PINTYPE=BI
P 59 400 610 350 610 0 3 0
A 355 610 10 0 3 3 #=C29
L 345 610 10 0 8 0 1 0 IO_L24N_T3U_N11_50_C29
A 405 610 10 0 2 0 PINTYPE=BI
P 60 400 620 350 620 0 3 0
A 355 620 10 0 3 3 #=D29
L 345 620 10 0 8 0 1 0 IO_L24P_T3U_N10_50_D29
A 405 620 10 0 2 0 PINTYPE=BI
T 220 720 20 0 5 XCVU095FFVA2104
T 220 740 20 0 5 BANK 50
T 210 685 12 0 6 BANK MIGRATION:
T 210 675 10 0 6 VU125 = BANK 52
T 210 665 10 0 6 KU115 = BANK 52
T 210 655 10 0 6 VU080 = BANK 50
c 70 750 10
U 50 780 10 0 3 3 DEVICE=XXXXXX
U 50 30 16 0 3 3 REFDES=U?
U 250 30 10 0 3 3 PKG_TYPE=XXXXXX
U 0 0 10 0 3 0 HETERO=ffva2104a_0,ffva2104a_44,ffva2104a_45,ffva2104a_46,ffva2104a_47,ffva2104a_48,ffva2104a_49,ffva2104a_50,ffva2104a_51,ffva2104a_65,ffva2104a_66,ffva2104a_67,ffva2104a_68,ffva2104a_69,ffva2104a_70,ffva2104a_71,ffva2104a_84,ffva2104a_94,ffva2104a_125,ffva2104a_126,ffva2104a_127,ffva2104a_128,ffva2104a_129,ffva2104a_130,ffva2104a_224,ffva2104a_225,ffva2104a_226,ffva2104a_227,ffva2104a_228,ffva2104a_229,ffva2104a_230,ffva2104a_GND1,ffva2104a_GND2,ffva2104a_GND3,ffva2104a_MGTAVCC_LN,ffva2104a_MGTAVCC_LS,ffva2104a_MGTAVCC_RN,ffva2104a_MGTAVCC_RS,ffva2104a_MGTAVTT_LN,ffva2104a_MGTAVTT_LS,ffva2104a_MGTAVTT_RN,ffva2104a_MGTAVTT_RS,ffva2104a_MGTVCCAUX_LN,ffva2104a_MGTVCCAUX_LS,ffva2104a_MGTVCCAUX_RN,ffva2104a_MGTVCCAUX_RS,ffva2104a_VCCAUX,ffva2104a_VCCAUX_IO,ffva2104a_VCCBRAM,ffva2104a_VCCINT,ffva2104a_VCCINT_IO,ffva2104a_NC
U 0 -10 10 0 3 0 PARTS=1
U 0 -20 10 0 3 0 LEVEL=STD
U 0 -30 10 0 3 0 DATE=2014_10_24
E
