V 50
K 153165148200 ffvb2104
Y 1
D 0 0 400 860
Z 10
i 946
b 50 50 350 810
P 1 400 100 350 100 0 3 0
A 355 100 10 0 3 3 #=C6
L 345 100 10 0 8 0 1 0 NC_C6
A 405 100 10 0 2 0 PINTYPE=BI
P 2 400 110 350 110 0 3 0
A 355 110 10 0 3 3 #=C7
L 345 110 10 0 8 0 1 0 NC_C7
A 405 110 10 0 2 0 PINTYPE=BI
P 3 400 120 350 120 0 3 0
A 355 120 10 0 3 3 #=BE42
L 345 120 10 0 8 0 1 0 NC_BE42
A 405 120 10 0 2 0 PINTYPE=BI
P 4 400 130 350 130 0 3 0
A 355 130 10 0 3 3 #=BE43
L 345 130 10 0 8 0 1 0 NC_BE43
A 405 130 10 0 2 0 PINTYPE=BI
P 5 400 140 350 140 0 3 0
A 355 140 10 0 3 3 #=A43
L 345 140 10 0 8 0 1 0 NC_A43
A 405 140 10 0 2 0 PINTYPE=BI
P 6 400 150 350 150 0 3 0
A 355 150 10 0 3 3 #=A42
L 345 150 10 0 8 0 1 0 NC_A42
A 405 150 10 0 2 0 PINTYPE=BI
P 7 400 160 350 160 0 3 0
A 355 160 10 0 3 3 #=D45
L 345 160 10 0 8 0 1 0 NC_D45
A 405 160 10 0 2 0 PINTYPE=BI
P 8 400 170 350 170 0 3 0
A 355 170 10 0 3 3 #=D46
L 345 170 10 0 8 0 1 0 NC_D46
A 405 170 10 0 2 0 PINTYPE=BI
P 9 400 180 350 180 0 3 0
A 355 180 10 0 3 3 #=K39
L 345 180 10 0 8 0 1 0 NC_K39
A 405 180 10 0 2 0 PINTYPE=BI
P 10 400 190 350 190 0 3 0
A 355 190 10 0 3 3 #=K38
L 345 190 10 0 8 0 1 0 NC_K38
A 405 190 10 0 2 0 PINTYPE=BI
P 11 400 200 350 200 0 3 0
A 355 200 10 0 3 3 #=C43
L 345 200 10 0 8 0 1 0 NC_C43
A 405 200 10 0 2 0 PINTYPE=BI
P 12 400 210 350 210 0 3 0
A 355 210 10 0 3 3 #=C42
L 345 210 10 0 8 0 1 0 NC_C42
A 405 210 10 0 2 0 PINTYPE=BI
P 13 400 220 350 220 0 3 0
A 355 220 10 0 3 3 #=F45
L 345 220 10 0 8 0 1 0 NC_F45
A 405 220 10 0 2 0 PINTYPE=BI
P 14 400 230 350 230 0 3 0
A 355 230 10 0 3 3 #=F46
L 345 230 10 0 8 0 1 0 NC_F46
A 405 230 10 0 2 0 PINTYPE=BI
P 15 400 240 350 240 0 3 0
A 355 240 10 0 3 3 #=E43
L 345 240 10 0 8 0 1 0 NC_E43
A 405 240 10 0 2 0 PINTYPE=BI
P 16 400 250 350 250 0 3 0
A 355 250 10 0 3 3 #=E42
L 345 250 10 0 8 0 1 0 NC_E42
A 405 250 10 0 2 0 PINTYPE=BI
P 17 400 260 350 260 0 3 0
A 355 260 10 0 3 3 #=H43
L 345 260 10 0 8 0 1 0 NC_H43
A 405 260 10 0 2 0 PINTYPE=BI
P 18 400 270 350 270 0 3 0
A 355 270 10 0 3 3 #=H44
L 345 270 10 0 8 0 1 0 NC_H44
A 405 270 10 0 2 0 PINTYPE=BI
P 19 400 280 350 280 0 3 0
A 355 280 10 0 3 3 #=L37
L 345 280 10 0 8 0 1 0 NC_L37
A 405 280 10 0 2 0 PINTYPE=BI
P 20 400 290 350 290 0 3 0
A 355 290 10 0 3 3 #=L36
L 345 290 10 0 8 0 1 0 NC_L36
A 405 290 10 0 2 0 PINTYPE=BI
P 21 400 300 350 300 0 3 0
A 355 300 10 0 3 3 #=G41
L 345 300 10 0 8 0 1 0 NC_G41
A 405 300 10 0 2 0 PINTYPE=BI
P 22 400 310 350 310 0 3 0
A 355 310 10 0 3 3 #=G40
L 345 310 10 0 8 0 1 0 NC_G40
A 405 310 10 0 2 0 PINTYPE=BI
P 23 400 320 350 320 0 3 0
A 355 320 10 0 3 3 #=J45
L 345 320 10 0 8 0 1 0 NC_J45
A 405 320 10 0 2 0 PINTYPE=BI
P 24 400 330 350 330 0 3 0
A 355 330 10 0 3 3 #=J46
L 345 330 10 0 8 0 1 0 NC_J46
A 405 330 10 0 2 0 PINTYPE=BI
P 25 400 340 350 340 0 3 0
A 355 340 10 0 3 3 #=F7
L 345 340 10 0 8 0 1 0 NC_F7
A 405 340 10 0 2 0 PINTYPE=BI
P 26 400 350 350 350 0 3 0
A 355 350 10 0 3 3 #=F2
L 345 350 10 0 8 0 1 0 NC_F2
A 405 350 10 0 2 0 PINTYPE=BI
P 27 400 360 350 360 0 3 0
A 355 360 10 0 3 3 #=F1
L 345 360 10 0 8 0 1 0 NC_F1
A 405 360 10 0 2 0 PINTYPE=BI
P 28 400 370 350 370 0 3 0
A 355 370 10 0 3 3 #=F6
L 345 370 10 0 8 0 1 0 NC_F6
A 405 370 10 0 2 0 PINTYPE=BI
P 29 400 380 350 380 0 3 0
A 355 380 10 0 3 3 #=F11
L 345 380 10 0 8 0 1 0 NC_F11
A 405 380 10 0 2 0 PINTYPE=BI
P 30 400 390 350 390 0 3 0
A 355 390 10 0 3 3 #=F10
L 345 390 10 0 8 0 1 0 NC_F10
A 405 390 10 0 2 0 PINTYPE=BI
P 31 400 400 350 400 0 3 0
A 355 400 10 0 3 3 #=G9
L 345 400 10 0 8 0 1 0 NC_G9
A 405 400 10 0 2 0 PINTYPE=BI
P 32 400 410 350 410 0 3 0
A 355 410 10 0 3 3 #=G4
L 345 410 10 0 8 0 1 0 NC_G4
A 405 410 10 0 2 0 PINTYPE=BI
P 33 400 420 350 420 0 3 0
A 355 420 10 0 3 3 #=G3
L 345 420 10 0 8 0 1 0 NC_G3
A 405 420 10 0 2 0 PINTYPE=BI
P 34 400 430 350 430 0 3 0
A 355 430 10 0 3 3 #=G8
L 345 430 10 0 8 0 1 0 NC_G8
A 405 430 10 0 2 0 PINTYPE=BI
P 35 400 440 350 440 0 3 0
A 355 440 10 0 3 3 #=H7
L 345 440 10 0 8 0 1 0 NC_H7
A 405 440 10 0 2 0 PINTYPE=BI
P 36 400 450 350 450 0 3 0
A 355 450 10 0 3 3 #=H2
L 345 450 10 0 8 0 1 0 NC_H2
A 405 450 10 0 2 0 PINTYPE=BI
P 37 400 460 350 460 0 3 0
A 355 460 10 0 3 3 #=H1
L 345 460 10 0 8 0 1 0 NC_H1
A 405 460 10 0 2 0 PINTYPE=BI
P 38 400 470 350 470 0 3 0
A 355 470 10 0 3 3 #=H6
L 345 470 10 0 8 0 1 0 NC_H6
A 405 470 10 0 2 0 PINTYPE=BI
P 39 400 480 350 480 0 3 0
A 355 480 10 0 3 3 #=H11
L 345 480 10 0 8 0 1 0 NC_H11
A 405 480 10 0 2 0 PINTYPE=BI
P 40 400 490 350 490 0 3 0
A 355 490 10 0 3 3 #=H10
L 345 490 10 0 8 0 1 0 NC_H10
A 405 490 10 0 2 0 PINTYPE=BI
P 41 400 500 350 500 0 3 0
A 355 500 10 0 3 3 #=J9
L 345 500 10 0 8 0 1 0 NC_J9
A 405 500 10 0 2 0 PINTYPE=BI
P 42 400 510 350 510 0 3 0
A 355 510 10 0 3 3 #=J4
L 345 510 10 0 8 0 1 0 NC_J4
A 405 510 10 0 2 0 PINTYPE=BI
P 43 400 520 350 520 0 3 0
A 355 520 10 0 3 3 #=J3
L 345 520 10 0 8 0 1 0 NC_J3
A 405 520 10 0 2 0 PINTYPE=BI
P 44 400 530 350 530 0 3 0
A 355 530 10 0 3 3 #=J8
L 345 530 10 0 8 0 1 0 NC_J8
A 405 530 10 0 2 0 PINTYPE=BI
P 45 400 540 350 540 0 3 0
A 355 540 10 0 3 3 #=A9
L 345 540 10 0 8 0 1 0 NC_A9
A 405 540 10 0 2 0 PINTYPE=BI
P 46 400 550 350 550 0 3 0
A 355 550 10 0 3 3 #=A5
L 345 550 10 0 8 0 1 0 NC_A5
A 405 550 10 0 2 0 PINTYPE=BI
P 47 400 560 350 560 0 3 0
A 355 560 10 0 3 3 #=A4
L 345 560 10 0 8 0 1 0 NC_A4
A 405 560 10 0 2 0 PINTYPE=BI
P 48 400 570 350 570 0 3 0
A 355 570 10 0 3 3 #=A8
L 345 570 10 0 8 0 1 0 NC_A8
A 405 570 10 0 2 0 PINTYPE=BI
P 49 400 580 350 580 0 3 0
A 355 580 10 0 3 3 #=B11
L 345 580 10 0 8 0 1 0 NC_B11
A 405 580 10 0 2 0 PINTYPE=BI
P 50 400 590 350 590 0 3 0
A 355 590 10 0 3 3 #=B10
L 345 590 10 0 8 0 1 0 NC_B10
A 405 590 10 0 2 0 PINTYPE=BI
P 51 400 600 350 600 0 3 0
A 355 600 10 0 3 3 #=C9
L 345 600 10 0 8 0 1 0 NC_C9
A 405 600 10 0 2 0 PINTYPE=BI
P 52 400 610 350 610 0 3 0
A 355 610 10 0 3 3 #=C4
L 345 610 10 0 8 0 1 0 NC_C4
A 405 610 10 0 2 0 PINTYPE=BI
P 53 400 620 350 620 0 3 0
A 355 620 10 0 3 3 #=C3
L 345 620 10 0 8 0 1 0 NC_C3
A 405 620 10 0 2 0 PINTYPE=BI
P 54 400 630 350 630 0 3 0
A 355 630 10 0 3 3 #=C8
L 345 630 10 0 8 0 1 0 NC_C8
A 405 630 10 0 2 0 PINTYPE=BI
P 55 400 640 350 640 0 3 0
A 355 640 10 0 3 3 #=D7
L 345 640 10 0 8 0 1 0 NC_D7
A 405 640 10 0 2 0 PINTYPE=BI
P 56 400 650 350 650 0 3 0
A 355 650 10 0 3 3 #=D2
L 345 650 10 0 8 0 1 0 NC_D2
A 405 650 10 0 2 0 PINTYPE=BI
P 57 400 660 350 660 0 3 0
A 355 660 10 0 3 3 #=D1
L 345 660 10 0 8 0 1 0 NC_D1
A 405 660 10 0 2 0 PINTYPE=BI
P 58 400 670 350 670 0 3 0
A 355 670 10 0 3 3 #=D6
L 345 670 10 0 8 0 1 0 NC_D6
A 405 670 10 0 2 0 PINTYPE=BI
P 59 400 680 350 680 0 3 0
A 355 680 10 0 3 3 #=D11
L 345 680 10 0 8 0 1 0 NC_D11
A 405 680 10 0 2 0 PINTYPE=BI
P 60 400 690 350 690 0 3 0
A 355 690 10 0 3 3 #=D10
L 345 690 10 0 8 0 1 0 NC_D10
A 405 690 10 0 2 0 PINTYPE=BI
P 61 400 700 350 700 0 3 0
A 355 700 10 0 3 3 #=E9
L 345 700 10 0 8 0 1 0 NC_E9
A 405 700 10 0 2 0 PINTYPE=BI
P 62 400 710 350 710 0 3 0
A 355 710 10 0 3 3 #=E4
L 345 710 10 0 8 0 1 0 NC_E4
A 405 710 10 0 2 0 PINTYPE=BI
P 63 400 720 350 720 0 3 0
A 355 720 10 0 3 3 #=E3
L 345 720 10 0 8 0 1 0 NC_E3
A 405 720 10 0 2 0 PINTYPE=BI
P 64 400 730 350 730 0 3 0
A 355 730 10 0 3 3 #=E8
L 345 730 10 0 8 0 1 0 NC_E8
A 405 730 10 0 2 0 PINTYPE=BI
T 220 750 20 0 5 XCVU095FFVB2104
T 220 770 20 0 5 NO CONNECTS
c 70 790 10
U 50 820 10 0 3 3 DEVICE=XXXXXX
U 50 30 16 0 3 3 REFDES=U?
U 250 30 10 0 3 3 PKG_TYPE=XXXXXX
U 0 0 10 0 3 0 HETERO=ffvb2104a_0,ffvb2104a_44,ffvb2104a_45,ffvb2104a_46,ffvb2104a_49,ffvb2104a_50,ffvb2104a_51,ffvb2104a_65,ffvb2104a_66,ffvb2104a_67,ffvb2104a_68,ffvb2104a_69,ffvb2104a_70,ffvb2104a_71,ffvb2104a_84,ffvb2104a_94,ffvb2104a_124,ffvb2104a_125,ffvb2104a_126,ffvb2104a_127,ffvb2104a_128,ffvb2104a_129,ffvb2104a_130,ffvb2104a_131,ffvb2104a_224,ffvb2104a_225,ffvb2104a_226,ffvb2104a_227,ffvb2104a_228,ffvb2104a_229,ffvb2104a_230,ffvb2104a_231,ffvb2104a_GND1,ffvb2104a_GND2,ffvb2104a_GND3,ffvb2104a_MGTAVCC_LN,ffvb2104a_MGTAVCC_LS,ffvb2104a_MGTAVCC_RN,ffvb2104a_MGTAVCC_RS,ffvb2104a_MGTAVTT_LN,ffvb2104a_MGTAVTT_LS,ffvb2104a_MGTAVTT_RN,ffvb2104a_MGTAVTT_RS,ffvb2104a_MGTVCCAUX_LN,ffvb2104a_MGTVCCAUX_LS,ffvb2104a_MGTVCCAUX_RN,ffvb2104a_MGTVCCAUX_RS,ffvb2104a_VCCAUX,ffvb2104a_VCCAUX_IO,ffvb2104a_VCCBRAM,ffvb2104a_VCCINT,ffvb2104a_VCCINT_IO,ffvb2104a_NC
U 0 -10 10 0 3 0 PARTS=1
U 0 -20 10 0 3 0 LEVEL=STD
U 0 -30 10 0 3 0 DATE=2014_10_31
E
