V 50
K 153165148200 fhgj1924
Y 1
D 0 0 400 720
Z 10
i 946
b 50 50 350 670
P 1 400 100 350 100 0 3 0
A 355 100 10 0 3 3 #=AD15
L 345 100 10 0 8 0 1 0 VCCINT_AD15
A 405 100 10 0 2 0 PINTYPE=BI
P 2 400 110 350 110 0 3 0
A 355 110 10 0 3 3 #=T15
L 345 110 10 0 8 0 1 0 VCCINT_T15
A 405 110 10 0 2 0 PINTYPE=BI
P 3 400 120 350 120 0 3 0
A 355 120 10 0 3 3 #=AA16
L 345 120 10 0 8 0 1 0 VCCINT_AA16
A 405 120 10 0 2 0 PINTYPE=BI
P 4 400 130 350 130 0 3 0
A 355 130 10 0 3 3 #=AA20
L 345 130 10 0 8 0 1 0 VCCINT_AA20
A 405 130 10 0 2 0 PINTYPE=BI
P 5 400 140 350 140 0 3 0
A 355 140 10 0 3 3 #=AA22
L 345 140 10 0 8 0 1 0 VCCINT_AA22
A 405 140 10 0 2 0 PINTYPE=BI
P 6 400 150 350 150 0 3 0
A 355 150 10 0 3 3 #=AA24
L 345 150 10 0 8 0 1 0 VCCINT_AA24
A 405 150 10 0 2 0 PINTYPE=BI
P 7 400 160 350 160 0 3 0
A 355 160 10 0 3 3 #=AA26
L 345 160 10 0 8 0 1 0 VCCINT_AA26
A 405 160 10 0 2 0 PINTYPE=BI
P 8 400 170 350 170 0 3 0
A 355 170 10 0 3 3 #=AA28
L 345 170 10 0 8 0 1 0 VCCINT_AA28
A 405 170 10 0 2 0 PINTYPE=BI
P 9 400 180 350 180 0 3 0
A 355 180 10 0 3 3 #=AB15
L 345 180 10 0 8 0 1 0 VCCINT_AB15
A 405 180 10 0 2 0 PINTYPE=BI
P 10 400 190 350 190 0 3 0
A 355 190 10 0 3 3 #=AB19
L 345 190 10 0 8 0 1 0 VCCINT_AB19
A 405 190 10 0 2 0 PINTYPE=BI
P 11 400 200 350 200 0 3 0
A 355 200 10 0 3 3 #=AB21
L 345 200 10 0 8 0 1 0 VCCINT_AB21
A 405 200 10 0 2 0 PINTYPE=BI
P 12 400 210 350 210 0 3 0
A 355 210 10 0 3 3 #=AB23
L 345 210 10 0 8 0 1 0 VCCINT_AB23
A 405 210 10 0 2 0 PINTYPE=BI
P 13 400 220 350 220 0 3 0
A 355 220 10 0 3 3 #=AB25
L 345 220 10 0 8 0 1 0 VCCINT_AB25
A 405 220 10 0 2 0 PINTYPE=BI
P 14 400 230 350 230 0 3 0
A 355 230 10 0 3 3 #=AB27
L 345 230 10 0 8 0 1 0 VCCINT_AB27
A 405 230 10 0 2 0 PINTYPE=BI
P 15 400 240 350 240 0 3 0
A 355 240 10 0 3 3 #=AC16
L 345 240 10 0 8 0 1 0 VCCINT_AC16
A 405 240 10 0 2 0 PINTYPE=BI
P 16 400 250 350 250 0 3 0
A 355 250 10 0 3 3 #=AC20
L 345 250 10 0 8 0 1 0 VCCINT_AC20
A 405 250 10 0 2 0 PINTYPE=BI
P 17 400 260 350 260 0 3 0
A 355 260 10 0 3 3 #=AC22
L 345 260 10 0 8 0 1 0 VCCINT_AC22
A 405 260 10 0 2 0 PINTYPE=BI
P 18 400 270 350 270 0 3 0
A 355 270 10 0 3 3 #=AC24
L 345 270 10 0 8 0 1 0 VCCINT_AC24
A 405 270 10 0 2 0 PINTYPE=BI
P 19 400 280 350 280 0 3 0
A 355 280 10 0 3 3 #=AC26
L 345 280 10 0 8 0 1 0 VCCINT_AC26
A 405 280 10 0 2 0 PINTYPE=BI
P 20 400 290 350 290 0 3 0
A 355 290 10 0 3 3 #=AC28
L 345 290 10 0 8 0 1 0 VCCINT_AC28
A 405 290 10 0 2 0 PINTYPE=BI
P 21 400 300 350 300 0 3 0
A 355 300 10 0 3 3 #=AD19
L 345 300 10 0 8 0 1 0 VCCINT_AD19
A 405 300 10 0 2 0 PINTYPE=BI
P 22 400 310 350 310 0 3 0
A 355 310 10 0 3 3 #=AD21
L 345 310 10 0 8 0 1 0 VCCINT_AD21
A 405 310 10 0 2 0 PINTYPE=BI
P 23 400 320 350 320 0 3 0
A 355 320 10 0 3 3 #=AD23
L 345 320 10 0 8 0 1 0 VCCINT_AD23
A 405 320 10 0 2 0 PINTYPE=BI
P 24 400 330 350 330 0 3 0
A 355 330 10 0 3 3 #=AD25
L 345 330 10 0 8 0 1 0 VCCINT_AD25
A 405 330 10 0 2 0 PINTYPE=BI
P 25 400 340 350 340 0 3 0
A 355 340 10 0 3 3 #=AD27
L 345 340 10 0 8 0 1 0 VCCINT_AD27
A 405 340 10 0 2 0 PINTYPE=BI
P 26 400 350 350 350 0 3 0
A 355 350 10 0 3 3 #=AE16
L 345 350 10 0 8 0 1 0 VCCINT_AE16
A 405 350 10 0 2 0 PINTYPE=BI
P 27 400 360 350 360 0 3 0
A 355 360 10 0 3 3 #=AE18
L 345 360 10 0 8 0 1 0 VCCINT_AE18
A 405 360 10 0 2 0 PINTYPE=BI
P 28 400 370 350 370 0 3 0
A 355 370 10 0 3 3 #=AE20
L 345 370 10 0 8 0 1 0 VCCINT_AE20
A 405 370 10 0 2 0 PINTYPE=BI
P 29 400 380 350 380 0 3 0
A 355 380 10 0 3 3 #=AE22
L 345 380 10 0 8 0 1 0 VCCINT_AE22
A 405 380 10 0 2 0 PINTYPE=BI
P 30 400 390 350 390 0 3 0
A 355 390 10 0 3 3 #=AE24
L 345 390 10 0 8 0 1 0 VCCINT_AE24
A 405 390 10 0 2 0 PINTYPE=BI
P 31 400 400 350 400 0 3 0
A 355 400 10 0 3 3 #=AE26
L 345 400 10 0 8 0 1 0 VCCINT_AE26
A 405 400 10 0 2 0 PINTYPE=BI
P 32 400 410 350 410 0 3 0
A 355 410 10 0 3 3 #=AF17
L 345 410 10 0 8 0 1 0 VCCINT_AF17
A 405 410 10 0 2 0 PINTYPE=BI
P 33 400 420 350 420 0 3 0
A 355 420 10 0 3 3 #=AF19
L 345 420 10 0 8 0 1 0 VCCINT_AF19
A 405 420 10 0 2 0 PINTYPE=BI
P 34 400 430 350 430 0 3 0
A 355 430 10 0 3 3 #=AF21
L 345 430 10 0 8 0 1 0 VCCINT_AF21
A 405 430 10 0 2 0 PINTYPE=BI
P 35 400 440 350 440 0 3 0
A 355 440 10 0 3 3 #=AF23
L 345 440 10 0 8 0 1 0 VCCINT_AF23
A 405 440 10 0 2 0 PINTYPE=BI
P 36 400 450 350 450 0 3 0
A 355 450 10 0 3 3 #=AF25
L 345 450 10 0 8 0 1 0 VCCINT_AF25
A 405 450 10 0 2 0 PINTYPE=BI
P 37 400 460 350 460 0 3 0
A 355 460 10 0 3 3 #=AF27
L 345 460 10 0 8 0 1 0 VCCINT_AF27
A 405 460 10 0 2 0 PINTYPE=BI
P 38 400 470 350 470 0 3 0
A 355 470 10 0 3 3 #=AG16
L 345 470 10 0 8 0 1 0 VCCINT_AG16
A 405 470 10 0 2 0 PINTYPE=BI
P 39 400 480 350 480 0 3 0
A 355 480 10 0 3 3 #=AG18
L 345 480 10 0 8 0 1 0 VCCINT_AG18
A 405 480 10 0 2 0 PINTYPE=BI
P 40 400 490 350 490 0 3 0
A 355 490 10 0 3 3 #=AG20
L 345 490 10 0 8 0 1 0 VCCINT_AG20
A 405 490 10 0 2 0 PINTYPE=BI
P 41 400 500 350 500 0 3 0
A 355 500 10 0 3 3 #=AG22
L 345 500 10 0 8 0 1 0 VCCINT_AG22
A 405 500 10 0 2 0 PINTYPE=BI
P 42 400 510 350 510 0 3 0
A 355 510 10 0 3 3 #=AG24
L 345 510 10 0 8 0 1 0 VCCINT_AG24
A 405 510 10 0 2 0 PINTYPE=BI
P 43 400 520 350 520 0 3 0
A 355 520 10 0 3 3 #=AG26
L 345 520 10 0 8 0 1 0 VCCINT_AG26
A 405 520 10 0 2 0 PINTYPE=BI
P 44 400 530 350 530 0 3 0
A 355 530 10 0 3 3 #=AH17
L 345 530 10 0 8 0 1 0 VCCINT_AH17
A 405 530 10 0 2 0 PINTYPE=BI
P 45 400 540 350 540 0 3 0
A 355 540 10 0 3 3 #=AH19
L 345 540 10 0 8 0 1 0 VCCINT_AH19
A 405 540 10 0 2 0 PINTYPE=BI
P 46 400 550 350 550 0 3 0
A 355 550 10 0 3 3 #=AH21
L 345 550 10 0 8 0 1 0 VCCINT_AH21
A 405 550 10 0 2 0 PINTYPE=BI
P 47 400 560 350 560 0 3 0
A 355 560 10 0 3 3 #=AH23
L 345 560 10 0 8 0 1 0 VCCINT_AH23
A 405 560 10 0 2 0 PINTYPE=BI
P 48 400 570 350 570 0 3 0
A 355 570 10 0 3 3 #=AH25
L 345 570 10 0 8 0 1 0 VCCINT_AH25
A 405 570 10 0 2 0 PINTYPE=BI
P 49 400 580 350 580 0 3 0
A 355 580 10 0 3 3 #=AH27
L 345 580 10 0 8 0 1 0 VCCINT_AH27
A 405 580 10 0 2 0 PINTYPE=BI
P 50 400 590 350 590 0 3 0
A 355 590 10 0 3 3 #=N20
L 345 590 10 0 8 0 1 0 VCCINT_N20
A 405 590 10 0 2 0 PINTYPE=BI
P 51 400 600 350 600 0 3 0
A 355 600 10 0 3 3 #=N22
L 345 600 10 0 8 0 1 0 VCCINT_N22
A 405 600 10 0 2 0 PINTYPE=BI
P 52 0 110 50 110 0 2 0
A 45 110 10 0 9 3 #=N24
L 55 110 10 0 2 0 1 0 VCCINT_N24
A 10 110 10 0 2 0 PINTYPE=BI
P 53 0 120 50 120 0 2 0
A 45 120 10 0 9 3 #=N26
L 55 120 10 0 2 0 1 0 VCCINT_N26
A 10 120 10 0 2 0 PINTYPE=BI
P 54 0 130 50 130 0 2 0
A 45 130 10 0 9 3 #=N28
L 55 130 10 0 2 0 1 0 VCCINT_N28
A 10 130 10 0 2 0 PINTYPE=BI
P 55 0 140 50 140 0 2 0
A 45 140 10 0 9 3 #=P17
L 55 140 10 0 2 0 1 0 VCCINT_P17
A 10 140 10 0 2 0 PINTYPE=BI
P 56 0 150 50 150 0 2 0
A 45 150 10 0 9 3 #=P19
L 55 150 10 0 2 0 1 0 VCCINT_P19
A 10 150 10 0 2 0 PINTYPE=BI
P 57 0 160 50 160 0 2 0
A 45 160 10 0 9 3 #=P21
L 55 160 10 0 2 0 1 0 VCCINT_P21
A 10 160 10 0 2 0 PINTYPE=BI
P 58 0 170 50 170 0 2 0
A 45 170 10 0 9 3 #=P23
L 55 170 10 0 2 0 1 0 VCCINT_P23
A 10 170 10 0 2 0 PINTYPE=BI
P 59 0 180 50 180 0 2 0
A 45 180 10 0 9 3 #=P25
L 55 180 10 0 2 0 1 0 VCCINT_P25
A 10 180 10 0 2 0 PINTYPE=BI
P 60 0 190 50 190 0 2 0
A 45 190 10 0 9 3 #=P27
L 55 190 10 0 2 0 1 0 VCCINT_P27
A 10 190 10 0 2 0 PINTYPE=BI
P 61 0 200 50 200 0 2 0
A 45 200 10 0 9 3 #=R16
L 55 200 10 0 2 0 1 0 VCCINT_R16
A 10 200 10 0 2 0 PINTYPE=BI
P 62 0 210 50 210 0 2 0
A 45 210 10 0 9 3 #=R18
L 55 210 10 0 2 0 1 0 VCCINT_R18
A 10 210 10 0 2 0 PINTYPE=BI
P 63 0 220 50 220 0 2 0
A 45 220 10 0 9 3 #=R20
L 55 220 10 0 2 0 1 0 VCCINT_R20
A 10 220 10 0 2 0 PINTYPE=BI
P 64 0 230 50 230 0 2 0
A 45 230 10 0 9 3 #=R22
L 55 230 10 0 2 0 1 0 VCCINT_R22
A 10 230 10 0 2 0 PINTYPE=BI
P 65 0 240 50 240 0 2 0
A 45 240 10 0 9 3 #=R24
L 55 240 10 0 2 0 1 0 VCCINT_R24
A 10 240 10 0 2 0 PINTYPE=BI
P 66 0 250 50 250 0 2 0
A 45 250 10 0 9 3 #=R26
L 55 250 10 0 2 0 1 0 VCCINT_R26
A 10 250 10 0 2 0 PINTYPE=BI
P 67 0 260 50 260 0 2 0
A 45 260 10 0 9 3 #=R28
L 55 260 10 0 2 0 1 0 VCCINT_R28
A 10 260 10 0 2 0 PINTYPE=BI
P 68 0 270 50 270 0 2 0
A 45 270 10 0 9 3 #=T17
L 55 270 10 0 2 0 1 0 VCCINT_T17
A 10 270 10 0 2 0 PINTYPE=BI
P 69 0 280 50 280 0 2 0
A 45 280 10 0 9 3 #=T19
L 55 280 10 0 2 0 1 0 VCCINT_T19
A 10 280 10 0 2 0 PINTYPE=BI
P 70 0 290 50 290 0 2 0
A 45 290 10 0 9 3 #=T21
L 55 290 10 0 2 0 1 0 VCCINT_T21
A 10 290 10 0 2 0 PINTYPE=BI
P 71 0 300 50 300 0 2 0
A 45 300 10 0 9 3 #=T23
L 55 300 10 0 2 0 1 0 VCCINT_T23
A 10 300 10 0 2 0 PINTYPE=BI
P 72 0 310 50 310 0 2 0
A 45 310 10 0 9 3 #=T25
L 55 310 10 0 2 0 1 0 VCCINT_T25
A 10 310 10 0 2 0 PINTYPE=BI
P 73 0 320 50 320 0 2 0
A 45 320 10 0 9 3 #=T27
L 55 320 10 0 2 0 1 0 VCCINT_T27
A 10 320 10 0 2 0 PINTYPE=BI
P 74 0 330 50 330 0 2 0
A 45 330 10 0 9 3 #=U16
L 55 330 10 0 2 0 1 0 VCCINT_U16
A 10 330 10 0 2 0 PINTYPE=BI
P 75 0 340 50 340 0 2 0
A 45 340 10 0 9 3 #=U18
L 55 340 10 0 2 0 1 0 VCCINT_U18
A 10 340 10 0 2 0 PINTYPE=BI
P 76 0 350 50 350 0 2 0
A 45 350 10 0 9 3 #=U20
L 55 350 10 0 2 0 1 0 VCCINT_U20
A 10 350 10 0 2 0 PINTYPE=BI
P 77 0 360 50 360 0 2 0
A 45 360 10 0 9 3 #=U22
L 55 360 10 0 2 0 1 0 VCCINT_U22
A 10 360 10 0 2 0 PINTYPE=BI
P 78 0 370 50 370 0 2 0
A 45 370 10 0 9 3 #=U24
L 55 370 10 0 2 0 1 0 VCCINT_U24
A 10 370 10 0 2 0 PINTYPE=BI
P 79 0 380 50 380 0 2 0
A 45 380 10 0 9 3 #=U26
L 55 380 10 0 2 0 1 0 VCCINT_U26
A 10 380 10 0 2 0 PINTYPE=BI
P 80 0 390 50 390 0 2 0
A 45 390 10 0 9 3 #=U28
L 55 390 10 0 2 0 1 0 VCCINT_U28
A 10 390 10 0 2 0 PINTYPE=BI
P 81 0 400 50 400 0 2 0
A 45 400 10 0 9 3 #=V15
L 55 400 10 0 2 0 1 0 VCCINT_V15
A 10 400 10 0 2 0 PINTYPE=BI
P 82 0 410 50 410 0 2 0
A 45 410 10 0 9 3 #=V17
L 55 410 10 0 2 0 1 0 VCCINT_V17
A 10 410 10 0 2 0 PINTYPE=BI
P 83 0 420 50 420 0 2 0
A 45 420 10 0 9 3 #=V19
L 55 420 10 0 2 0 1 0 VCCINT_V19
A 10 420 10 0 2 0 PINTYPE=BI
P 84 0 430 50 430 0 2 0
A 45 430 10 0 9 3 #=V21
L 55 430 10 0 2 0 1 0 VCCINT_V21
A 10 430 10 0 2 0 PINTYPE=BI
P 85 0 440 50 440 0 2 0
A 45 440 10 0 9 3 #=V23
L 55 440 10 0 2 0 1 0 VCCINT_V23
A 10 440 10 0 2 0 PINTYPE=BI
P 86 0 450 50 450 0 2 0
A 45 450 10 0 9 3 #=V25
L 55 450 10 0 2 0 1 0 VCCINT_V25
A 10 450 10 0 2 0 PINTYPE=BI
P 87 0 460 50 460 0 2 0
A 45 460 10 0 9 3 #=V27
L 55 460 10 0 2 0 1 0 VCCINT_V27
A 10 460 10 0 2 0 PINTYPE=BI
P 88 0 470 50 470 0 2 0
A 45 470 10 0 9 3 #=W16
L 55 470 10 0 2 0 1 0 VCCINT_W16
A 10 470 10 0 2 0 PINTYPE=BI
P 89 0 480 50 480 0 2 0
A 45 480 10 0 9 3 #=W18
L 55 480 10 0 2 0 1 0 VCCINT_W18
A 10 480 10 0 2 0 PINTYPE=BI
P 90 0 490 50 490 0 2 0
A 45 490 10 0 9 3 #=W20
L 55 490 10 0 2 0 1 0 VCCINT_W20
A 10 490 10 0 2 0 PINTYPE=BI
P 91 0 500 50 500 0 2 0
A 45 500 10 0 9 3 #=W22
L 55 500 10 0 2 0 1 0 VCCINT_W22
A 10 500 10 0 2 0 PINTYPE=BI
P 92 0 510 50 510 0 2 0
A 45 510 10 0 9 3 #=W24
L 55 510 10 0 2 0 1 0 VCCINT_W24
A 10 510 10 0 2 0 PINTYPE=BI
P 93 0 520 50 520 0 2 0
A 45 520 10 0 9 3 #=W26
L 55 520 10 0 2 0 1 0 VCCINT_W26
A 10 520 10 0 2 0 PINTYPE=BI
P 94 0 530 50 530 0 2 0
A 45 530 10 0 9 3 #=W28
L 55 530 10 0 2 0 1 0 VCCINT_W28
A 10 530 10 0 2 0 PINTYPE=BI
P 95 0 540 50 540 0 2 0
A 45 540 10 0 9 3 #=Y15
L 55 540 10 0 2 0 1 0 VCCINT_Y15
A 10 540 10 0 2 0 PINTYPE=BI
P 96 0 550 50 550 0 2 0
A 45 550 10 0 9 3 #=Y17
L 55 550 10 0 2 0 1 0 VCCINT_Y17
A 10 550 10 0 2 0 PINTYPE=BI
P 97 0 560 50 560 0 2 0
A 45 560 10 0 9 3 #=Y19
L 55 560 10 0 2 0 1 0 VCCINT_Y19
A 10 560 10 0 2 0 PINTYPE=BI
P 98 0 570 50 570 0 2 0
A 45 570 10 0 9 3 #=Y21
L 55 570 10 0 2 0 1 0 VCCINT_Y21
A 10 570 10 0 2 0 PINTYPE=BI
P 99 0 580 50 580 0 2 0
A 45 580 10 0 9 3 #=Y23
L 55 580 10 0 2 0 1 0 VCCINT_Y23
A 10 580 10 0 2 0 PINTYPE=BI
P 100 0 590 50 590 0 2 0
A 45 590 10 0 9 3 #=Y25
L 55 590 10 0 2 0 1 0 VCCINT_Y25
A 10 590 10 0 2 0 PINTYPE=BI
P 101 0 600 50 600 0 2 0
A 45 600 10 0 9 3 #=Y27
L 55 600 10 0 2 0 1 0 VCCINT_Y27
A 10 600 10 0 2 0 PINTYPE=BI
T 220 620 20 0 5 XCVU190FHGJ1924
T 220 640 20 0 5 BANK VCCINT
c 70 650 10
U 50 680 10 0 3 3 DEVICE=XXXXXX
U 50 30 16 0 3 3 REFDES=U?
U 250 30 10 0 3 3 PKG_TYPE=XXXXXX
U 0 0 10 0 3 0 HETERO=fhgj1924c_0,fhgj1924c_65,fhgj1924c_66,fhgj1924c_67,fhgj1924c_70,fhgj1924c_71,fhgj1924c_72,fhgj1924c_84,fhgj1924c_94,fhgj1924c_120,fhgj1924c_121,fhgj1924c_122,fhgj1924c_123,fhgj1924c_124,fhgj1924c_125,fhgj1924c_126,fhgj1924c_127,fhgj1924c_128,fhgj1924c_129,fhgj1924c_130,fhgj1924c_131,fhgj1924c_132,fhgj1924c_220,fhgj1924c_221,fhgj1924c_222,fhgj1924c_223,fhgj1924c_224,fhgj1924c_225,fhgj1924c_226,fhgj1924c_227,fhgj1924c_228,fhgj1924c_229,fhgj1924c_230,fhgj1924c_231,fhgj1924c_232,fhgj1924c_MGTAVCC_LC,fhgj1924c_MGTAVCC_LN,fhgj1924c_MGTAVCC_LS,fhgj1924c_MGTAVCC_RC,fhgj1924c_MGTAVCC_RN,fhgj1924c_MGTAVCC_RS,fhgj1924c_MGTAVTT_LC,fhgj1924c_MGTAVTT_LN,fhgj1924c_MGTAVTT_LS,fhgj1924c_MGTAVTT_RC,fhgj1924c_MGTAVTT_RN,fhgj1924c_MGTAVTT_RS,fhgj1924c_MGTVCCAUX_LC,fhgj1924c_MGTVCCAUX_LN,fhgj1924c_MGTVCCAUX_LS,fhgj1924c_MGTVCCAUX_RC,fhgj1924c_MGTVCCAUX_RN,fhgj1924c_MGTVCCAUX_RS,fhgj1924c_GND1,fhgj1924c_GND2,fhgj1924c_GND3,fhgj1924c_VCCINT,fhgj1924c_VCCINT_IO,fhgj1924c_VCCAUX,fhgj1924c_VCCAUX_IO,fhgj1924c_VCCBRAM
U 0 -10 10 0 3 0 PARTS=1
U 0 -20 10 0 3 0 LEVEL=STD
U 0 -30 10 0 3 0 DATE=2014_05_09
E
