V 50
K 153165148200 flga2892
Y 1
D 0 0 400 810
Z 10
i 946
b 50 50 350 760
P 1 0 100 50 100 0 2 0
A 45 100 10 0 9 3 #=BK49
L 55 100 10 0 2 0 1 0 VCCO_40_BK49
A 10 100 10 0 2 0 PINTYPE=BI
P 2 0 110 50 110 0 2 0
A 45 110 10 0 9 3 #=BJ52
L 55 110 10 0 2 0 1 0 VCCO_40_BJ52
A 10 110 10 0 2 0 PINTYPE=BI
P 3 0 120 50 120 0 2 0
A 45 120 10 0 9 3 #=BG48
L 55 120 10 0 2 0 1 0 VCCO_40_BG48
A 10 120 10 0 2 0 PINTYPE=BI
P 4 0 130 50 130 0 2 0
A 45 130 10 0 9 3 #=BF51
L 55 130 10 0 2 0 1 0 VCCO_40_BF51
A 10 130 10 0 2 0 PINTYPE=BI
P 5 0 140 50 140 0 2 0
A 45 140 10 0 9 3 #=BE54
L 55 140 10 0 2 0 1 0 VCCO_40_BE54
A 10 140 10 0 2 0 PINTYPE=BI
P 6 0 150 50 150 0 2 0
A 45 150 10 0 9 3 #=BD47
L 55 150 10 0 2 0 1 0 VCCO_40_BD47
A 10 150 10 0 2 0 PINTYPE=BI
P 7 400 100 350 100 0 3 0
A 355 100 10 0 3 3 #=BD45
L 345 100 10 0 8 0 1 0 VREF_40_BD45
A 405 100 10 0 2 0 PINTYPE=BI
P 8 400 110 350 110 0 3 0
A 355 110 10 0 3 3 #=BF45
L 345 110 10 0 8 0 1 0 IO_L1N_T0L_N1_DBC_40_BF45
A 405 110 10 0 2 0 PINTYPE=BI
P 9 400 120 350 120 0 3 0
A 355 120 10 0 3 3 #=BE45
L 345 120 10 0 8 0 1 0 IO_L1P_T0L_N0_DBC_40_BE45
A 405 120 10 0 2 0 PINTYPE=BI
P 10 400 130 350 130 0 3 0
A 355 130 10 0 3 3 #=BJ46
L 345 130 10 0 8 0 1 0 IO_T0U_N12_VRP_40_BJ46
A 405 130 10 0 2 0 PINTYPE=BI
P 11 400 140 350 140 0 3 0
A 355 140 10 0 3 3 #=BE46
L 345 140 10 0 8 0 1 0 IO_L2N_T0L_N3_40_BE46
A 405 140 10 0 2 0 PINTYPE=BI
P 12 400 150 350 150 0 3 0
A 355 150 10 0 3 3 #=BD46
L 345 150 10 0 8 0 1 0 IO_L2P_T0L_N2_40_BD46
A 405 150 10 0 2 0 PINTYPE=BI
P 13 400 160 350 160 0 3 0
A 355 160 10 0 3 3 #=BF47
L 345 160 10 0 8 0 1 0 IO_L3N_T0L_N5_AD15N_40_BF47
A 405 160 10 0 2 0 PINTYPE=BI
P 14 400 170 350 170 0 3 0
A 355 170 10 0 3 3 #=BE47
L 345 170 10 0 8 0 1 0 IO_L3P_T0L_N4_AD15P_40_BE47
A 405 170 10 0 2 0 PINTYPE=BI
P 15 400 180 350 180 0 3 0
A 355 180 10 0 3 3 #=BH46
L 345 180 10 0 8 0 1 0 IO_L4N_T0U_N7_DBC_AD7N_40_BH46
A 405 180 10 0 2 0 PINTYPE=BI
P 16 400 190 350 190 0 3 0
A 355 190 10 0 3 3 #=BG46
L 345 190 10 0 8 0 1 0 IO_L4P_T0U_N6_DBC_AD7P_40_BG46
A 405 190 10 0 2 0 PINTYPE=BI
P 17 400 200 350 200 0 3 0
A 355 200 10 0 3 3 #=BH47
L 345 200 10 0 8 0 1 0 IO_L5N_T0U_N9_AD14N_40_BH47
A 405 200 10 0 2 0 PINTYPE=BI
P 18 400 210 350 210 0 3 0
A 355 210 10 0 3 3 #=BG47
L 345 210 10 0 8 0 1 0 IO_L5P_T0U_N8_AD14P_40_BG47
A 405 210 10 0 2 0 PINTYPE=BI
P 19 400 220 350 220 0 3 0
A 355 220 10 0 3 3 #=BJ48
L 345 220 10 0 8 0 1 0 IO_L6N_T0U_N11_AD6N_40_BJ48
A 405 220 10 0 2 0 PINTYPE=BI
P 20 400 230 350 230 0 3 0
A 355 230 10 0 3 3 #=BH48
L 345 230 10 0 8 0 1 0 IO_L6P_T0U_N10_AD6P_40_BH48
A 405 230 10 0 2 0 PINTYPE=BI
P 21 400 240 350 240 0 3 0
A 355 240 10 0 3 3 #=BF48
L 345 240 10 0 8 0 1 0 IO_L7N_T1L_N1_QBC_AD13N_40_BF48
A 405 240 10 0 2 0 PINTYPE=BI
P 22 400 250 350 250 0 3 0
A 355 250 10 0 3 3 #=BE48
L 345 250 10 0 8 0 1 0 IO_L7P_T1L_N0_QBC_AD13P_40_BE48
A 405 250 10 0 2 0 PINTYPE=BI
P 23 400 260 350 260 0 3 0
A 355 260 10 0 3 3 #=BD49
L 345 260 10 0 8 0 1 0 IO_L8N_T1L_N3_AD5N_40_BD49
A 405 260 10 0 2 0 PINTYPE=BI
P 24 400 270 350 270 0 3 0
A 355 270 10 0 3 3 #=BD48
L 345 270 10 0 8 0 1 0 IO_L8P_T1L_N2_AD5P_40_BD48
A 405 270 10 0 2 0 PINTYPE=BI
P 25 400 280 350 280 0 3 0
A 355 280 10 0 3 3 #=BE50
L 345 280 10 0 8 0 1 0 IO_L9N_T1L_N5_AD12N_40_BE50
A 405 280 10 0 2 0 PINTYPE=BI
P 26 400 290 350 290 0 3 0
A 355 290 10 0 3 3 #=BD50
L 345 290 10 0 8 0 1 0 IO_L9P_T1L_N4_AD12P_40_BD50
A 405 290 10 0 2 0 PINTYPE=BI
P 27 400 300 350 300 0 3 0
A 355 300 10 0 3 3 #=BE51
L 345 300 10 0 8 0 1 0 IO_L10N_T1U_N7_QBC_AD4N_40_BE51
A 405 300 10 0 2 0 PINTYPE=BI
P 28 400 310 350 310 0 3 0
A 355 310 10 0 3 3 #=BD51
L 345 310 10 0 8 0 1 0 IO_L10P_T1U_N6_QBC_AD4P_40_BD51
A 405 310 10 0 2 0 PINTYPE=BI
P 29 400 320 350 320 0 3 0
A 355 320 10 0 3 3 #=BG49
L 345 320 10 0 8 0 1 0 IO_L11N_T1U_N9_GC_40_BG49
A 405 320 10 0 2 0 PINTYPE=BI
P 30 400 330 350 330 0 3 0
A 355 330 10 0 3 3 #=BF49
L 345 330 10 0 8 0 1 0 IO_L11P_T1U_N8_GC_40_BF49
A 405 330 10 0 2 0 PINTYPE=BI
P 31 400 340 350 340 0 3 0
A 355 340 10 0 3 3 #=BF50
L 345 340 10 0 8 0 1 0 IO_T1U_N12_40_BF50
A 405 340 10 0 2 0 PINTYPE=BI
P 32 400 350 350 350 0 3 0
A 355 350 10 0 3 3 #=BG51
L 345 350 10 0 8 0 1 0 IO_L12N_T1U_N11_GC_40_BG51
A 405 350 10 0 2 0 PINTYPE=BI
P 33 400 360 350 360 0 3 0
A 355 360 10 0 3 3 #=BG50
L 345 360 10 0 8 0 1 0 IO_L12P_T1U_N10_GC_40_BG50
A 405 360 10 0 2 0 PINTYPE=BI
P 34 400 370 350 370 0 3 0
A 355 370 10 0 3 3 #=BJ49
L 345 370 10 0 8 0 1 0 IO_L13N_T2L_N1_GC_QBC_40_BJ49
A 405 370 10 0 2 0 PINTYPE=BI
P 35 400 380 350 380 0 3 0
A 355 380 10 0 3 3 #=BH49
L 345 380 10 0 8 0 1 0 IO_L13P_T2L_N0_GC_QBC_40_BH49
A 405 380 10 0 2 0 PINTYPE=BI
P 36 400 390 350 390 0 3 0
A 355 390 10 0 3 3 #=BK53
L 345 390 10 0 8 0 1 0 IO_T2U_N12_40_BK53
A 405 390 10 0 2 0 PINTYPE=BI
P 37 400 400 350 400 0 3 0
A 355 400 10 0 3 3 #=BJ51
L 345 400 10 0 8 0 1 0 IO_L14N_T2L_N3_GC_40_BJ51
A 405 400 10 0 2 0 PINTYPE=BI
P 38 400 410 350 410 0 3 0
A 355 410 10 0 3 3 #=BH51
L 345 410 10 0 8 0 1 0 IO_L14P_T2L_N2_GC_40_BH51
A 405 410 10 0 2 0 PINTYPE=BI
P 39 400 420 350 420 0 3 0
A 355 420 10 0 3 3 #=BK50
L 345 420 10 0 8 0 1 0 IO_L15N_T2L_N5_AD11N_40_BK50
A 405 420 10 0 2 0 PINTYPE=BI
P 40 400 430 350 430 0 3 0
A 355 430 10 0 3 3 #=BJ50
L 345 430 10 0 8 0 1 0 IO_L15P_T2L_N4_AD11P_40_BJ50
A 405 430 10 0 2 0 PINTYPE=BI
P 41 400 440 350 440 0 3 0
A 355 440 10 0 3 3 #=BK52
L 345 440 10 0 8 0 1 0 IO_L16N_T2U_N7_QBC_AD3N_40_BK52
A 405 440 10 0 2 0 PINTYPE=BI
P 42 400 450 350 450 0 3 0
A 355 450 10 0 3 3 #=BK51
L 345 450 10 0 8 0 1 0 IO_L16P_T2U_N6_QBC_AD3P_40_BK51
A 405 450 10 0 2 0 PINTYPE=BI
P 43 400 460 350 460 0 3 0
A 355 460 10 0 3 3 #=BJ54
L 345 460 10 0 8 0 1 0 IO_L17N_T2U_N9_AD10N_40_BJ54
A 405 460 10 0 2 0 PINTYPE=BI
P 44 400 470 350 470 0 3 0
A 355 470 10 0 3 3 #=BJ53
L 345 470 10 0 8 0 1 0 IO_L17P_T2U_N8_AD10P_40_BJ53
A 405 470 10 0 2 0 PINTYPE=BI
P 45 400 480 350 480 0 3 0
A 355 480 10 0 3 3 #=BL54
L 345 480 10 0 8 0 1 0 IO_L18N_T2U_N11_AD2N_40_BL54
A 405 480 10 0 2 0 PINTYPE=BI
P 46 400 490 350 490 0 3 0
A 355 490 10 0 3 3 #=BL53
L 345 490 10 0 8 0 1 0 IO_L18P_T2U_N10_AD2P_40_BL53
A 405 490 10 0 2 0 PINTYPE=BI
P 47 400 500 350 500 0 3 0
A 355 500 10 0 3 3 #=BH54
L 345 500 10 0 8 0 1 0 IO_L19N_T3L_N1_DBC_AD9N_40_BH54
A 405 500 10 0 2 0 PINTYPE=BI
P 48 400 510 350 510 0 3 0
A 355 510 10 0 3 3 #=BH53
L 345 510 10 0 8 0 1 0 IO_L19P_T3L_N0_DBC_AD9P_40_BH53
A 405 510 10 0 2 0 PINTYPE=BI
P 49 400 520 350 520 0 3 0
A 355 520 10 0 3 3 #=BH52
L 345 520 10 0 8 0 1 0 IO_L20N_T3L_N3_AD1N_40_BH52
A 405 520 10 0 2 0 PINTYPE=BI
P 50 400 530 350 530 0 3 0
A 355 530 10 0 3 3 #=BG52
L 345 530 10 0 8 0 1 0 IO_L20P_T3L_N2_AD1P_40_BG52
A 405 530 10 0 2 0 PINTYPE=BI
P 51 400 540 350 540 0 3 0
A 355 540 10 0 3 3 #=BF52
L 345 540 10 0 8 0 1 0 IO_L21N_T3L_N5_AD8N_40_BF52
A 405 540 10 0 2 0 PINTYPE=BI
P 52 400 550 350 550 0 3 0
A 355 550 10 0 3 3 #=BE52
L 345 550 10 0 8 0 1 0 IO_L21P_T3L_N4_AD8P_40_BE52
A 405 550 10 0 2 0 PINTYPE=BI
P 53 400 560 350 560 0 3 0
A 355 560 10 0 3 3 #=BG54
L 345 560 10 0 8 0 1 0 IO_L22N_T3U_N7_DBC_AD0N_40_BG54
A 405 560 10 0 2 0 PINTYPE=BI
P 54 400 570 350 570 0 3 0
A 355 570 10 0 3 3 #=BF54
L 345 570 10 0 8 0 1 0 IO_L22P_T3U_N6_DBC_AD0P_40_BF54
A 405 570 10 0 2 0 PINTYPE=BI
P 55 400 580 350 580 0 3 0
A 355 580 10 0 3 3 #=BF53
L 345 580 10 0 8 0 1 0 IO_L23N_T3U_N9_40_BF53
A 405 580 10 0 2 0 PINTYPE=BI
P 56 400 590 350 590 0 3 0
A 355 590 10 0 3 3 #=BE53
L 345 590 10 0 8 0 1 0 IO_L23P_T3U_N8_40_BE53
A 405 590 10 0 2 0 PINTYPE=BI
P 57 400 600 350 600 0 3 0
A 355 600 10 0 3 3 #=BC54
L 345 600 10 0 8 0 1 0 IO_T3U_N12_40_BC54
A 405 600 10 0 2 0 PINTYPE=BI
P 58 400 610 350 610 0 3 0
A 355 610 10 0 3 3 #=BD54
L 345 610 10 0 8 0 1 0 IO_L24N_T3U_N11_40_BD54
A 405 610 10 0 2 0 PINTYPE=BI
P 59 400 620 350 620 0 3 0
A 355 620 10 0 3 3 #=BD53
L 345 620 10 0 8 0 1 0 IO_L24P_T3U_N10_40_BD53
A 405 620 10 0 2 0 PINTYPE=BI
T 220 640 20 0 5 XCVU440FLGA2892
T 220 660 20 0 5 BANK 40_H
c 70 740 10
U 50 770 10 0 3 3 DEVICE=XXXXXX
U 50 30 16 0 3 3 REFDES=U?
U 250 30 10 0 3 3 PKG_TYPE=XXXXXX
U 0 0 10 0 3 0 HETERO=flga2892a_0_H,flga2892a_39_H,flga2892a_40_H,flga2892a_41_H,flga2892a_42_H,flga2892a_43_H,flga2892a_44_H,flga2892a_45_H,flga2892a_46_H,flga2892a_47_H,flga2892a_48_H,flga2892a_49_H,flga2892a_50_H,flga2892a_51_H,flga2892a_52_H,flga2892a_53_H,flga2892a_60_H,flga2892a_61_H,flga2892a_62_H,flga2892a_63_H,flga2892a_65_H,flga2892a_66_H,flga2892a_67_H,flga2892a_68_H,flga2892a_70_H,flga2892a_71_H,flga2892a_72_H,flga2892a_73_H,flga2892a_84_H,flga2892a_94_H,flga2892a_GND_H
U 0 -10 10 0 3 0 PARTS=1
U 0 -20 10 0 3 0 LEVEL=STD
U 0 -30 10 0 3 0 DATE=2014_07_10
E
