V 50
K 153165148200 flga2892
Y 1
D 0 0 400 440
Z 10
i 946
b 50 50 350 390
P 1 0 100 50 100 0 2 0
A 45 100 10 0 9 3 #=AE12
L 55 100 10 0 2 0 1 0 VCCO_0_AE12
A 10 100 10 0 2 0 PINTYPE=BI
P 2 0 110 50 110 0 2 0
A 45 110 10 0 9 3 #=AJ12
L 55 110 10 0 2 0 1 0 VCCO_0_AJ12
A 10 110 10 0 2 0 PINTYPE=BI
P 3 400 100 350 100 0 3 0
A 355 100 10 0 3 3 #=V11
L 345 100 10 0 8 0 1 0 M0_0_V11
A 405 100 10 0 2 0 PINTYPE=BI
P 4 400 110 350 110 0 3 0
A 355 110 10 0 3 3 #=AA11
L 345 110 10 0 8 0 1 0 M1_0_AA11
A 405 110 10 0 2 0 PINTYPE=BI
P 5 400 120 350 120 0 3 0
A 355 120 10 0 3 3 #=Y11
L 345 120 10 0 8 0 1 0 M2_0_Y11
A 405 120 10 0 2 0 PINTYPE=BI
P 6 400 130 350 130 0 3 0
A 355 130 10 0 3 3 #=AT11
L 345 130 10 0 8 0 1 0 D00_MOSI_0_AT11
A 405 130 10 0 2 0 PINTYPE=BI
P 7 400 140 350 140 0 3 0
A 355 140 10 0 3 3 #=AL12
L 345 140 10 0 8 0 1 0 D01_DIN_0_AL12
A 405 140 10 0 2 0 PINTYPE=BI
P 8 400 150 350 150 0 3 0
A 355 150 10 0 3 3 #=AP11
L 345 150 10 0 8 0 1 0 D02_0_AP11
A 405 150 10 0 2 0 PINTYPE=BI
P 9 400 160 350 160 0 3 0
A 355 160 10 0 3 3 #=AN11
L 345 160 10 0 8 0 1 0 D03_0_AN11
A 405 160 10 0 2 0 PINTYPE=BI
P 10 400 170 350 170 0 3 0
A 355 170 10 0 3 3 #=AF11
L 345 170 10 0 8 0 1 0 DONE_0_AF11
A 405 170 10 0 2 0 PINTYPE=BI
P 11 400 180 350 180 0 3 0
A 355 180 10 0 3 3 #=AB11
L 345 180 10 0 8 0 1 0 CFGBVS_0_AB11
A 405 180 10 0 2 0 PINTYPE=BI
P 12 400 190 350 190 0 3 0
A 355 190 10 0 3 3 #=AK11
L 345 190 10 0 8 0 1 0 PROGRAM_B_0_AK11
A 405 190 10 0 2 0 PINTYPE=BI
P 13 400 200 350 200 0 3 0
A 355 200 10 0 3 3 #=AC12
L 345 200 10 0 8 0 1 0 INIT_B_0_AC12
A 405 200 10 0 2 0 PINTYPE=BI
P 14 400 210 350 210 0 3 0
A 355 210 10 0 3 3 #=AH12
L 345 210 10 0 8 0 1 0 TDI_0_AH12
A 405 210 10 0 2 0 PINTYPE=BI
P 15 400 220 350 220 0 3 0
A 355 220 10 0 3 3 #=AD12
L 345 220 10 0 8 0 1 0 TDO_0_AD12
A 405 220 10 0 2 0 PINTYPE=BI
P 16 400 230 350 230 0 3 0
A 355 230 10 0 3 3 #=AK12
L 345 230 10 0 8 0 1 0 TMS_0_AK12
A 405 230 10 0 2 0 PINTYPE=BI
P 17 400 240 350 240 0 3 0
A 355 240 10 0 3 3 #=AF12
L 345 240 10 0 8 0 1 0 TCK_0_AF12
A 405 240 10 0 2 0 PINTYPE=BI
P 18 400 250 350 250 0 3 0
A 355 250 10 0 3 3 #=AG12
L 345 250 10 0 8 0 1 0 CCLK_0_AG12
A 405 250 10 0 2 0 PINTYPE=BI
P 19 400 260 350 260 0 3 0
A 355 260 10 0 3 3 #=AU11
L 345 260 10 0 8 0 1 0 VBATT_AU11
A 405 260 10 0 2 0 PINTYPE=BI
P 20 400 270 350 270 0 3 0
A 355 270 10 0 3 3 #=AM11
L 345 270 10 0 8 0 1 0 RDWR_FCS_B_0_AM11
A 405 270 10 0 2 0 PINTYPE=BI
P 21 400 280 350 280 0 3 0
A 355 280 10 0 3 3 #=AH11
L 345 280 10 0 8 0 1 0 POR_OVERRIDE_AH11
A 405 280 10 0 2 0 PINTYPE=BI
P 22 400 290 350 290 0 3 0
A 355 290 10 0 3 3 #=AD11
L 345 290 10 0 8 0 1 0 PUDC_B_0_AD11
A 405 290 10 0 2 0 PINTYPE=BI
T 220 310 20 0 5 XCVU440FLGA2892
T 220 330 20 0 5 BANK 0_H
c 70 370 10
U 50 400 10 0 3 3 DEVICE=XXXXXX
U 50 30 16 0 3 3 REFDES=U?
U 250 30 10 0 3 3 PKG_TYPE=XXXXXX
U 0 0 10 0 3 0 HETERO=flga2892a_0_H,flga2892a_39_H,flga2892a_40_H,flga2892a_41_H,flga2892a_42_H,flga2892a_43_H,flga2892a_44_H,flga2892a_45_H,flga2892a_46_H,flga2892a_47_H,flga2892a_48_H,flga2892a_49_H,flga2892a_50_H,flga2892a_51_H,flga2892a_52_H,flga2892a_53_H,flga2892a_60_H,flga2892a_61_H,flga2892a_62_H,flga2892a_63_H,flga2892a_65_H,flga2892a_66_H,flga2892a_67_H,flga2892a_68_H,flga2892a_70_H,flga2892a_71_H,flga2892a_72_H,flga2892a_73_H,flga2892a_84_H,flga2892a_94_H,flga2892a_GND_H
U 0 -10 10 0 3 0 PARTS=1
U 0 -20 10 0 3 0 LEVEL=STD
U 0 -30 10 0 3 0 DATE=2014_07_10
E
