V 50
K 153165148200 flgb2104
Y 1
D 0 0 400 420
Z 10
i 946
b 50 50 350 370
P 1 400 100 350 100 0 3 0
A 355 100 10 0 3 3 #=K39
L 345 100 10 0 8 0 1 0 MGTREFCLK1N_133_K39
A 405 100 10 0 2 0 PINTYPE=BI
P 2 400 110 350 110 0 3 0
A 355 110 10 0 3 3 #=K38
L 345 110 10 0 8 0 1 0 MGTREFCLK1P_133_K38
A 405 110 10 0 2 0 PINTYPE=BI
P 3 400 120 350 120 0 3 0
A 355 120 10 0 3 3 #=L37
L 345 120 10 0 8 0 1 0 MGTREFCLK0N_133_L37
A 405 120 10 0 2 0 PINTYPE=BI
P 4 400 130 350 130 0 3 0
A 355 130 10 0 3 3 #=L36
L 345 130 10 0 8 0 1 0 MGTREFCLK0P_133_L36
A 405 130 10 0 2 0 PINTYPE=BI
P 5 400 140 350 140 0 3 0
A 355 140 10 0 3 3 #=D46
L 345 140 10 0 8 0 1 0 MGTYRXN3_133_D46
A 405 140 10 0 2 0 PINTYPE=BI
P 6 400 150 350 150 0 3 0
A 355 150 10 0 3 3 #=D45
L 345 150 10 0 8 0 1 0 MGTYRXP3_133_D45
A 405 150 10 0 2 0 PINTYPE=BI
P 7 400 160 350 160 0 3 0
A 355 160 10 0 3 3 #=A43
L 345 160 10 0 8 0 1 0 MGTYTXN3_133_A43
A 405 160 10 0 2 0 PINTYPE=BI
P 8 400 170 350 170 0 3 0
A 355 170 10 0 3 3 #=A42
L 345 170 10 0 8 0 1 0 MGTYTXP3_133_A42
A 405 170 10 0 2 0 PINTYPE=BI
P 9 400 180 350 180 0 3 0
A 355 180 10 0 3 3 #=F46
L 345 180 10 0 8 0 1 0 MGTYRXN2_133_F46
A 405 180 10 0 2 0 PINTYPE=BI
P 10 400 190 350 190 0 3 0
A 355 190 10 0 3 3 #=F45
L 345 190 10 0 8 0 1 0 MGTYRXP2_133_F45
A 405 190 10 0 2 0 PINTYPE=BI
P 11 400 200 350 200 0 3 0
A 355 200 10 0 3 3 #=C43
L 345 200 10 0 8 0 1 0 MGTYTXN2_133_C43
A 405 200 10 0 2 0 PINTYPE=BI
P 12 400 210 350 210 0 3 0
A 355 210 10 0 3 3 #=C42
L 345 210 10 0 8 0 1 0 MGTYTXP2_133_C42
A 405 210 10 0 2 0 PINTYPE=BI
P 13 400 220 350 220 0 3 0
A 355 220 10 0 3 3 #=H44
L 345 220 10 0 8 0 1 0 MGTYRXN1_133_H44
A 405 220 10 0 2 0 PINTYPE=BI
P 14 400 230 350 230 0 3 0
A 355 230 10 0 3 3 #=H43
L 345 230 10 0 8 0 1 0 MGTYRXP1_133_H43
A 405 230 10 0 2 0 PINTYPE=BI
P 15 400 240 350 240 0 3 0
A 355 240 10 0 3 3 #=E43
L 345 240 10 0 8 0 1 0 MGTYTXN1_133_E43
A 405 240 10 0 2 0 PINTYPE=BI
P 16 400 250 350 250 0 3 0
A 355 250 10 0 3 3 #=E42
L 345 250 10 0 8 0 1 0 MGTYTXP1_133_E42
A 405 250 10 0 2 0 PINTYPE=BI
P 17 400 260 350 260 0 3 0
A 355 260 10 0 3 3 #=J46
L 345 260 10 0 8 0 1 0 MGTYRXN0_133_J46
A 405 260 10 0 2 0 PINTYPE=BI
P 18 400 270 350 270 0 3 0
A 355 270 10 0 3 3 #=J45
L 345 270 10 0 8 0 1 0 MGTYRXP0_133_J45
A 405 270 10 0 2 0 PINTYPE=BI
P 19 400 280 350 280 0 3 0
A 355 280 10 0 3 3 #=G41
L 345 280 10 0 8 0 1 0 MGTYTXN0_133_G41
A 405 280 10 0 2 0 PINTYPE=BI
P 20 400 290 350 290 0 3 0
A 355 290 10 0 3 3 #=G40
L 345 290 10 0 8 0 1 0 MGTYTXP0_133_G40
A 405 290 10 0 2 0 PINTYPE=BI
T 220 310 20 0 5 XCVU190FLGB2104
T 220 330 20 0 5 BANK 133
T 135 280 12 0 6 BANK MIGRATION:
T 135 270 10 0 6 VU160 = BANK 133
T 135 260 10 0 6 VU125 = BANK 133
T 135 250 10 0 6 KU115 = NC
T 135 240 10 0 6 VU095 = NC
T 135 230 10 0 6 VU080 = NC
c 70 350 10
U 50 380 10 0 3 3 DEVICE=XXXXXX
U 50 30 16 0 3 3 REFDES=U?
U 250 30 10 0 3 3 PKG_TYPE=XXXXXX
U 0 0 10 0 3 0 HETERO=flgb2104b_0,flgb2104b_44,flgb2104b_45,flgb2104b_46,flgb2104b_50,flgb2104b_51,flgb2104b_52,flgb2104b_65,flgb2104b_66,flgb2104b_67,flgb2104b_68,flgb2104b_70,flgb2104b_71,flgb2104b_72,flgb2104b_84,flgb2104b_94,flgb2104b_125,flgb2104b_126,flgb2104b_127,flgb2104b_128,flgb2104b_129,flgb2104b_130,flgb2104b_131,flgb2104b_132,flgb2104b_133,flgb2104b_224,flgb2104b_225,flgb2104b_226,flgb2104b_227,flgb2104b_228,flgb2104b_229,flgb2104b_230,flgb2104b_231,flgb2104b_232,flgb2104b_233,flgb2104b_GND1,flgb2104b_GND2,flgb2104b_GND3,flgb2104b_MGTAVCC_LN,flgb2104b_MGTAVCC_LS,flgb2104b_MGTAVCC_RN,flgb2104b_MGTAVCC_RS,flgb2104b_MGTAVTT_LN,flgb2104b_MGTAVTT_LS,flgb2104b_MGTAVTT_RN,flgb2104b_MGTAVTT_RS,flgb2104b_MGTVCCAUX_LN,flgb2104b_MGTVCCAUX_LS,flgb2104b_MGTVCCAUX_RN,flgb2104b_MGTVCCAUX_RS,flgb2104b_VCCAUX,flgb2104b_VCCAUX_IO,flgb2104b_VCCBRAM,flgb2104b_VCCINT,flgb2104b_VCCINT_IO
U 0 -10 10 0 3 0 PARTS=1
U 0 -20 10 0 3 0 LEVEL=STD
U 0 -30 10 0 3 0 DATE=2014_10_31
E
