V 50
K 153165148200 flva2104
Y 1
D 0 0 400 760
Z 10
i 946
b 50 50 350 710
P 1 400 100 350 100 0 3 0
A 355 100 10 0 3 3 #=A12
L 345 100 10 0 8 0 1 0 GND_A12
A 405 100 10 0 2 0 PINTYPE=BI
P 2 400 110 350 110 0 3 0
A 355 110 10 0 3 3 #=A22
L 345 110 10 0 8 0 1 0 GND_A22
A 405 110 10 0 2 0 PINTYPE=BI
P 3 400 120 350 120 0 3 0
A 355 120 10 0 3 3 #=A32
L 345 120 10 0 8 0 1 0 GND_A32
A 405 120 10 0 2 0 PINTYPE=BI
P 4 400 130 350 130 0 3 0
A 355 130 10 0 3 3 #=B39
L 345 130 10 0 8 0 1 0 GND_B39
A 405 130 10 0 2 0 PINTYPE=BI
P 5 400 140 350 140 0 3 0
A 355 140 10 0 3 3 #=BA28
L 345 140 10 0 8 0 1 0 GND_BA28
A 405 140 10 0 2 0 PINTYPE=BI
P 6 400 150 350 150 0 3 0
A 355 150 10 0 3 3 #=B29
L 345 150 10 0 8 0 1 0 GND_B29
A 405 150 10 0 2 0 PINTYPE=BI
P 7 400 160 350 160 0 3 0
A 355 160 10 0 3 3 #=B9
L 345 160 10 0 8 0 1 0 GND_B9
A 405 160 10 0 2 0 PINTYPE=BI
P 8 400 170 350 170 0 3 0
A 355 170 10 0 3 3 #=BA18
L 345 170 10 0 8 0 1 0 GND_BA18
A 405 170 10 0 2 0 PINTYPE=BI
P 9 400 180 350 180 0 3 0
A 355 180 10 0 3 3 #=D13
L 345 180 10 0 8 0 1 0 GND_D13
A 405 180 10 0 2 0 PINTYPE=BI
P 10 400 190 350 190 0 3 0
A 355 190 10 0 3 3 #=D23
L 345 190 10 0 8 0 1 0 GND_D23
A 405 190 10 0 2 0 PINTYPE=BI
P 11 400 200 350 200 0 3 0
A 355 200 10 0 3 3 #=D33
L 345 200 10 0 8 0 1 0 GND_D33
A 405 200 10 0 2 0 PINTYPE=BI
P 12 400 210 350 210 0 3 0
A 355 210 10 0 3 3 #=E30
L 345 210 10 0 8 0 1 0 GND_E30
A 405 210 10 0 2 0 PINTYPE=BI
P 13 400 220 350 220 0 3 0
A 355 220 10 0 3 3 #=E40
L 345 220 10 0 8 0 1 0 GND_E40
A 405 220 10 0 2 0 PINTYPE=BI
P 14 400 230 350 230 0 3 0
A 355 230 10 0 3 3 #=E10
L 345 230 10 0 8 0 1 0 GND_E10
A 405 230 10 0 2 0 PINTYPE=BI
P 15 400 240 350 240 0 3 0
A 355 240 10 0 3 3 #=E20
L 345 240 10 0 8 0 1 0 GND_E20
A 405 240 10 0 2 0 PINTYPE=BI
P 16 400 250 350 250 0 3 0
A 355 250 10 0 3 3 #=F17
L 345 250 10 0 8 0 1 0 GND_F17
A 405 250 10 0 2 0 PINTYPE=BI
P 17 400 260 350 260 0 3 0
A 355 260 10 0 3 3 #=F27
L 345 260 10 0 8 0 1 0 GND_F27
A 405 260 10 0 2 0 PINTYPE=BI
P 18 400 270 350 270 0 3 0
A 355 270 10 0 3 3 #=F37
L 345 270 10 0 8 0 1 0 GND_F37
A 405 270 10 0 2 0 PINTYPE=BI
P 19 400 280 350 280 0 3 0
A 355 280 10 0 3 3 #=G14
L 345 280 10 0 8 0 1 0 GND_G14
A 405 280 10 0 2 0 PINTYPE=BI
P 20 400 290 350 290 0 3 0
A 355 290 10 0 3 3 #=G24
L 345 290 10 0 8 0 1 0 GND_G24
A 405 290 10 0 2 0 PINTYPE=BI
P 21 400 300 350 300 0 3 0
A 355 300 10 0 3 3 #=G34
L 345 300 10 0 8 0 1 0 GND_G34
A 405 300 10 0 2 0 PINTYPE=BI
P 22 400 310 350 310 0 3 0
A 355 310 10 0 3 3 #=H11
L 345 310 10 0 8 0 1 0 GND_H11
A 405 310 10 0 2 0 PINTYPE=BI
P 23 400 320 350 320 0 3 0
A 355 320 10 0 3 3 #=H21
L 345 320 10 0 8 0 1 0 GND_H21
A 405 320 10 0 2 0 PINTYPE=BI
P 24 400 330 350 330 0 3 0
A 355 330 10 0 3 3 #=H31
L 345 330 10 0 8 0 1 0 GND_H31
A 405 330 10 0 2 0 PINTYPE=BI
P 25 400 340 350 340 0 3 0
A 355 340 10 0 3 3 #=J28
L 345 340 10 0 8 0 1 0 GND_J28
A 405 340 10 0 2 0 PINTYPE=BI
P 26 400 350 350 350 0 3 0
A 355 350 10 0 3 3 #=J38
L 345 350 10 0 8 0 1 0 GND_J38
A 405 350 10 0 2 0 PINTYPE=BI
P 27 400 360 350 360 0 3 0
A 355 360 10 0 3 3 #=J18
L 345 360 10 0 8 0 1 0 GND_J18
A 405 360 10 0 2 0 PINTYPE=BI
P 28 400 370 350 370 0 3 0
A 355 370 10 0 3 3 #=K15
L 345 370 10 0 8 0 1 0 GND_K15
A 405 370 10 0 2 0 PINTYPE=BI
P 29 400 380 350 380 0 3 0
A 355 380 10 0 3 3 #=K25
L 345 380 10 0 8 0 1 0 GND_K25
A 405 380 10 0 2 0 PINTYPE=BI
P 30 400 390 350 390 0 3 0
A 355 390 10 0 3 3 #=K35
L 345 390 10 0 8 0 1 0 GND_K35
A 405 390 10 0 2 0 PINTYPE=BI
P 31 400 400 350 400 0 3 0
A 355 400 10 0 3 3 #=L32
L 345 400 10 0 8 0 1 0 GND_L32
A 405 400 10 0 2 0 PINTYPE=BI
P 32 400 410 350 410 0 3 0
A 355 410 10 0 3 3 #=L12
L 345 410 10 0 8 0 1 0 GND_L12
A 405 410 10 0 2 0 PINTYPE=BI
P 33 400 420 350 420 0 3 0
A 355 420 10 0 3 3 #=L22
L 345 420 10 0 8 0 1 0 GND_L22
A 405 420 10 0 2 0 PINTYPE=BI
P 34 400 430 350 430 0 3 0
A 355 430 10 0 3 3 #=M19
L 345 430 10 0 8 0 1 0 GND_M19
A 405 430 10 0 2 0 PINTYPE=BI
P 35 400 440 350 440 0 3 0
A 355 440 10 0 3 3 #=M29
L 345 440 10 0 8 0 1 0 GND_M29
A 405 440 10 0 2 0 PINTYPE=BI
P 36 400 450 350 450 0 3 0
A 355 450 10 0 3 3 #=N36
L 345 450 10 0 8 0 1 0 GND_N36
A 405 450 10 0 2 0 PINTYPE=BI
P 37 400 460 350 460 0 3 0
A 355 460 10 0 3 3 #=N16
L 345 460 10 0 8 0 1 0 GND_N16
A 405 460 10 0 2 0 PINTYPE=BI
P 38 400 470 350 470 0 3 0
A 355 470 10 0 3 3 #=N26
L 345 470 10 0 8 0 1 0 GND_N26
A 405 470 10 0 2 0 PINTYPE=BI
P 39 400 480 350 480 0 3 0
A 355 480 10 0 3 3 #=P13
L 345 480 10 0 8 0 1 0 GND_P13
A 405 480 10 0 2 0 PINTYPE=BI
P 40 400 490 350 490 0 3 0
A 355 490 10 0 3 3 #=P23
L 345 490 10 0 8 0 1 0 GND_P23
A 405 490 10 0 2 0 PINTYPE=BI
P 41 400 500 350 500 0 3 0
A 355 500 10 0 3 3 #=P33
L 345 500 10 0 8 0 1 0 GND_P33
A 405 500 10 0 2 0 PINTYPE=BI
P 42 400 510 350 510 0 3 0
A 355 510 10 0 3 3 #=R20
L 345 510 10 0 8 0 1 0 GND_R20
A 405 510 10 0 2 0 PINTYPE=BI
P 43 400 520 350 520 0 3 0
A 355 520 10 0 3 3 #=R30
L 345 520 10 0 8 0 1 0 GND_R30
A 405 520 10 0 2 0 PINTYPE=BI
P 44 400 530 350 530 0 3 0
A 355 530 10 0 3 3 #=T17
L 345 530 10 0 8 0 1 0 GND_T17
A 405 530 10 0 2 0 PINTYPE=BI
P 45 400 540 350 540 0 3 0
A 355 540 10 0 3 3 #=T27
L 345 540 10 0 8 0 1 0 GND_T27
A 405 540 10 0 2 0 PINTYPE=BI
P 46 400 550 350 550 0 3 0
A 355 550 10 0 3 3 #=U14
L 345 550 10 0 8 0 1 0 GND_U14
A 405 550 10 0 2 0 PINTYPE=BI
P 47 400 560 350 560 0 3 0
A 355 560 10 0 3 3 #=U34
L 345 560 10 0 8 0 1 0 GND_U34
A 405 560 10 0 2 0 PINTYPE=BI
P 48 400 570 350 570 0 3 0
A 355 570 10 0 3 3 #=U36
L 345 570 10 0 8 0 1 0 GND_U36
A 405 570 10 0 2 0 PINTYPE=BI
P 49 400 580 350 580 0 3 0
A 355 580 10 0 3 3 #=V11
L 345 580 10 0 8 0 1 0 GND_V11
A 405 580 10 0 2 0 PINTYPE=BI
P 50 400 590 350 590 0 3 0
A 355 590 10 0 3 3 #=V31
L 345 590 10 0 8 0 1 0 GND_V31
A 405 590 10 0 2 0 PINTYPE=BI
P 51 400 600 350 600 0 3 0
A 355 600 10 0 3 3 #=AA11
L 345 600 10 0 8 0 1 0 GND_AA11
A 405 600 10 0 2 0 PINTYPE=BI
P 52 400 610 350 610 0 3 0
A 355 610 10 0 3 3 #=AF12
L 345 610 10 0 8 0 1 0 GND_AF12
A 405 610 10 0 2 0 PINTYPE=BI
P 53 400 620 350 620 0 3 0
A 355 620 10 0 3 3 #=AH29
L 345 620 10 0 8 0 1 0 GND_AH29
A 405 620 10 0 2 0 PINTYPE=BI
P 54 400 630 350 630 0 3 0
A 355 630 10 0 3 3 #=AH36
L 345 630 10 0 8 0 1 0 GND_AH36
A 405 630 10 0 2 0 PINTYPE=BI
P 55 400 640 350 640 0 3 0
A 355 640 10 0 3 3 #=AK11
L 345 640 10 0 8 0 1 0 GND_AK11
A 405 640 10 0 2 0 PINTYPE=BI
P 56 0 110 50 110 0 2 0
A 45 110 10 0 9 3 #=AJ34
L 55 110 10 0 2 0 1 0 GND_AJ34
A 10 110 10 0 2 0 PINTYPE=BI
P 57 0 120 50 120 0 2 0
A 45 120 10 0 9 3 #=AL18
L 55 120 10 0 2 0 1 0 GND_AL18
A 10 120 10 0 2 0 PINTYPE=BI
P 58 0 130 50 130 0 2 0
A 45 130 10 0 9 3 #=AK31
L 55 130 10 0 2 0 1 0 GND_AK31
A 10 130 10 0 2 0 PINTYPE=BI
P 59 0 140 50 140 0 2 0
A 45 140 10 0 9 3 #=AM15
L 55 140 10 0 2 0 1 0 GND_AM15
A 10 140 10 0 2 0 PINTYPE=BI
P 60 0 150 50 150 0 2 0
A 45 150 10 0 9 3 #=AL28
L 55 150 10 0 2 0 1 0 GND_AL28
A 10 150 10 0 2 0 PINTYPE=BI
P 61 0 160 50 160 0 2 0
A 45 160 10 0 9 3 #=AN12
L 55 160 10 0 2 0 1 0 GND_AN12
A 10 160 10 0 2 0 PINTYPE=BI
P 62 0 170 50 170 0 2 0
A 45 170 10 0 9 3 #=AM25
L 55 170 10 0 2 0 1 0 GND_AM25
A 10 170 10 0 2 0 PINTYPE=BI
P 63 0 180 50 180 0 2 0
A 45 180 10 0 9 3 #=AM35
L 55 180 10 0 2 0 1 0 GND_AM35
A 10 180 10 0 2 0 PINTYPE=BI
P 64 0 190 50 190 0 2 0
A 45 190 10 0 9 3 #=AP19
L 55 190 10 0 2 0 1 0 GND_AP19
A 10 190 10 0 2 0 PINTYPE=BI
P 65 0 200 50 200 0 2 0
A 45 200 10 0 9 3 #=AN22
L 55 200 10 0 2 0 1 0 GND_AN22
A 10 200 10 0 2 0 PINTYPE=BI
P 66 0 210 50 210 0 2 0
A 45 210 10 0 9 3 #=AN32
L 55 210 10 0 2 0 1 0 GND_AN32
A 10 210 10 0 2 0 PINTYPE=BI
P 67 0 220 50 220 0 2 0
A 45 220 10 0 9 3 #=AR11
L 55 220 10 0 2 0 1 0 GND_AR11
A 10 220 10 0 2 0 PINTYPE=BI
P 68 0 230 50 230 0 2 0
A 45 230 10 0 9 3 #=AP29
L 55 230 10 0 2 0 1 0 GND_AP29
A 10 230 10 0 2 0 PINTYPE=BI
P 69 0 240 50 240 0 2 0
A 45 240 10 0 9 3 #=AR16
L 55 240 10 0 2 0 1 0 GND_AR16
A 10 240 10 0 2 0 PINTYPE=BI
P 70 0 250 50 250 0 2 0
A 45 250 10 0 9 3 #=AT13
L 55 250 10 0 2 0 1 0 GND_AT13
A 10 250 10 0 2 0 PINTYPE=BI
P 71 0 260 50 260 0 2 0
A 45 260 10 0 9 3 #=AR26
L 55 260 10 0 2 0 1 0 GND_AR26
A 10 260 10 0 2 0 PINTYPE=BI
P 72 0 270 50 270 0 2 0
A 45 270 10 0 9 3 #=AR36
L 55 270 10 0 2 0 1 0 GND_AR36
A 10 270 10 0 2 0 PINTYPE=BI
P 73 0 280 50 280 0 2 0
A 45 280 10 0 9 3 #=AT23
L 55 280 10 0 2 0 1 0 GND_AT23
A 10 280 10 0 2 0 PINTYPE=BI
P 74 0 290 50 290 0 2 0
A 45 290 10 0 9 3 #=AT33
L 55 290 10 0 2 0 1 0 GND_AT33
A 10 290 10 0 2 0 PINTYPE=BI
P 75 0 300 50 300 0 2 0
A 45 300 10 0 9 3 #=AV17
L 55 300 10 0 2 0 1 0 GND_AV17
A 10 300 10 0 2 0 PINTYPE=BI
P 76 0 310 50 310 0 2 0
A 45 310 10 0 9 3 #=AV27
L 55 310 10 0 2 0 1 0 GND_AV27
A 10 310 10 0 2 0 PINTYPE=BI
P 77 0 320 50 320 0 2 0
A 45 320 10 0 9 3 #=AU20
L 55 320 10 0 2 0 1 0 GND_AU20
A 10 320 10 0 2 0 PINTYPE=BI
P 78 0 330 50 330 0 2 0
A 45 330 10 0 9 3 #=AU30
L 55 330 10 0 2 0 1 0 GND_AU30
A 10 330 10 0 2 0 PINTYPE=BI
P 79 0 340 50 340 0 2 0
A 45 340 10 0 9 3 #=AV7
L 55 340 10 0 2 0 1 0 GND_AV7
A 10 340 10 0 2 0 PINTYPE=BI
P 80 0 350 50 350 0 2 0
A 45 350 10 0 9 3 #=AW14
L 55 350 10 0 2 0 1 0 GND_AW14
A 10 350 10 0 2 0 PINTYPE=BI
P 81 0 360 50 360 0 2 0
A 45 360 10 0 9 3 #=AV37
L 55 360 10 0 2 0 1 0 GND_AV37
A 10 360 10 0 2 0 PINTYPE=BI
P 82 0 370 50 370 0 2 0
A 45 370 10 0 9 3 #=AY21
L 55 370 10 0 2 0 1 0 GND_AY21
A 10 370 10 0 2 0 PINTYPE=BI
P 83 0 380 50 380 0 2 0
A 45 380 10 0 9 3 #=AW24
L 55 380 10 0 2 0 1 0 GND_AW24
A 10 380 10 0 2 0 PINTYPE=BI
P 84 0 390 50 390 0 2 0
A 45 390 10 0 9 3 #=AW34
L 55 390 10 0 2 0 1 0 GND_AW34
A 10 390 10 0 2 0 PINTYPE=BI
P 85 0 400 50 400 0 2 0
A 45 400 10 0 9 3 #=AY11
L 55 400 10 0 2 0 1 0 GND_AY11
A 10 400 10 0 2 0 PINTYPE=BI
P 86 0 410 50 410 0 2 0
A 45 410 10 0 9 3 #=AY31
L 55 410 10 0 2 0 1 0 GND_AY31
A 10 410 10 0 2 0 PINTYPE=BI
P 87 0 420 50 420 0 2 0
A 45 420 10 0 9 3 #=B19
L 55 420 10 0 2 0 1 0 GND_B19
A 10 420 10 0 2 0 PINTYPE=BI
P 88 0 430 50 430 0 2 0
A 45 430 10 0 9 3 #=BB35
L 55 430 10 0 2 0 1 0 GND_BB35
A 10 430 10 0 2 0 PINTYPE=BI
P 89 0 440 50 440 0 2 0
A 45 440 10 0 9 3 #=BA38
L 55 440 10 0 2 0 1 0 GND_BA38
A 10 440 10 0 2 0 PINTYPE=BI
P 90 0 450 50 450 0 2 0
A 45 450 10 0 9 3 #=BA8
L 55 450 10 0 2 0 1 0 GND_BA8
A 10 450 10 0 2 0 PINTYPE=BI
P 91 0 460 50 460 0 2 0
A 45 460 10 0 9 3 #=BB15
L 55 460 10 0 2 0 1 0 GND_BB15
A 10 460 10 0 2 0 PINTYPE=BI
P 92 0 470 50 470 0 2 0
A 45 470 10 0 9 3 #=BB25
L 55 470 10 0 2 0 1 0 GND_BB25
A 10 470 10 0 2 0 PINTYPE=BI
P 93 0 480 50 480 0 2 0
A 45 480 10 0 9 3 #=BC22
L 55 480 10 0 2 0 1 0 GND_BC22
A 10 480 10 0 2 0 PINTYPE=BI
P 94 0 490 50 490 0 2 0
A 45 490 10 0 9 3 #=BC12
L 55 490 10 0 2 0 1 0 GND_BC12
A 10 490 10 0 2 0 PINTYPE=BI
P 95 0 500 50 500 0 2 0
A 45 500 10 0 9 3 #=BD39
L 55 500 10 0 2 0 1 0 GND_BD39
A 10 500 10 0 2 0 PINTYPE=BI
P 96 0 510 50 510 0 2 0
A 45 510 10 0 9 3 #=BC32
L 55 510 10 0 2 0 1 0 GND_BC32
A 10 510 10 0 2 0 PINTYPE=BI
P 97 0 520 50 520 0 2 0
A 45 520 10 0 9 3 #=BD19
L 55 520 10 0 2 0 1 0 GND_BD19
A 10 520 10 0 2 0 PINTYPE=BI
P 98 0 530 50 530 0 2 0
A 45 530 10 0 9 3 #=BD29
L 55 530 10 0 2 0 1 0 GND_BD29
A 10 530 10 0 2 0 PINTYPE=BI
P 99 0 540 50 540 0 2 0
A 45 540 10 0 9 3 #=BE26
L 55 540 10 0 2 0 1 0 GND_BE26
A 10 540 10 0 2 0 PINTYPE=BI
P 100 0 550 50 550 0 2 0
A 45 550 10 0 9 3 #=BE36
L 55 550 10 0 2 0 1 0 GND_BE36
A 10 550 10 0 2 0 PINTYPE=BI
P 101 0 560 50 560 0 2 0
A 45 560 10 0 9 3 #=BD9
L 55 560 10 0 2 0 1 0 GND_BD9
A 10 560 10 0 2 0 PINTYPE=BI
P 102 0 570 50 570 0 2 0
A 45 570 10 0 9 3 #=BE16
L 55 570 10 0 2 0 1 0 GND_BE16
A 10 570 10 0 2 0 PINTYPE=BI
P 103 0 580 50 580 0 2 0
A 45 580 10 0 9 3 #=BF13
L 55 580 10 0 2 0 1 0 GND_BF13
A 10 580 10 0 2 0 PINTYPE=BI
P 104 0 590 50 590 0 2 0
A 45 590 10 0 9 3 #=BF23
L 55 590 10 0 2 0 1 0 GND_BF23
A 10 590 10 0 2 0 PINTYPE=BI
P 105 0 600 50 600 0 2 0
A 45 600 10 0 9 3 #=BF33
L 55 600 10 0 2 0 1 0 GND_BF33
A 10 600 10 0 2 0 PINTYPE=BI
P 106 0 610 50 610 0 2 0
A 45 610 10 0 9 3 #=C36
L 55 610 10 0 2 0 1 0 GND_C36
A 10 610 10 0 2 0 PINTYPE=BI
P 107 0 620 50 620 0 2 0
A 45 620 10 0 9 3 #=C16
L 55 620 10 0 2 0 1 0 GND_C16
A 10 620 10 0 2 0 PINTYPE=BI
P 108 0 630 50 630 0 2 0
A 45 630 10 0 9 3 #=C26
L 55 630 10 0 2 0 1 0 GND_C26
A 10 630 10 0 2 0 PINTYPE=BI
T 220 650 20 0 5 XCVU125FLVA2104
T 220 670 20 0 5 BANK GND_H
c 70 690 10
U 50 720 10 0 3 3 DEVICE=XXXXXX
U 50 30 16 0 3 3 REFDES=U?
U 250 30 10 0 3 3 PKG_TYPE=XXXXXX
U 0 0 10 0 3 0 HETERO=flva2104b_0_H,flva2104b_44_H,flva2104b_45_H,flva2104b_46_H,flva2104b_47_H,flva2104b_50_H,flva2104b_51_H,flva2104b_52_H,flva2104b_53_H,flva2104b_65_H,flva2104b_66_H,flva2104b_67_H,flva2104b_70_H,flva2104b_71_H,flva2104b_72_H,flva2104b_73_H,flva2104b_84_H,flva2104b_94_H,flva2104b_GND_H
U 0 -10 10 0 3 0 PARTS=1
U 0 -20 10 0 3 0 LEVEL=STD
U 0 -30 10 0 3 0 DATE=2014_11_18
E
