V 53
K 1455751571 flva2104b_45.1
F Case
|R 15:26:11_2-17-16
D 0 810 400 0
Y 1
Z 10
i 60
U 50 770 10 0 3 3 DEVICE=XXXXXX
U 50 30 16 0 3 3 REFDES=U?
U 250 30 10 0 3 3 PKG_TYPE=XXXXXX
U 0 0 10 0 3 0 HETERO=flva2104b_0,flva2104b_44,flva2104b_45,flva2104b_46,flva2104b_47,flva2104b_50,flva2104b_51,flva2104b_52,flva2104b_53,flva2104b_65,flva2104b_66,flva2104b_67,flva2104b_70,flva2104b_71,flva2104b_72,flva2104b_73,flva2104b_84,flva2104b_94,flva2104b_125,flva2104b_126,flva2104b_127,flva2104b_130,flva2104b_131,flva2104b_132,flva2104b_224,flva2104b_225,flva2104b_226,flva2104b_227,flva2104b_231,flva2104b_232,flva2104b_233,flva2104b_MGTAVCC_LN,flva2104b_MGTAVCC_LS,flva2104b_MGTAVCC_RN,flva2104b_MGTAVCC_RS,flva2104b_MGTAVTT_LN,flva2104b_MGTAVTT_LS,flva2104b_MGTAVTT_RN,flva2104b_MGTAVTT_RS,flva2104b_MGTVCCAUX_LN,flva2104b_MGTVCCAUX_LS,flva2104b_MGTVCCAUX_RN,flva2104b_MGTVCCAUX_RS,flva2104b_GND1,flva2104b_GND2,flva2104b_GND3,flva2104b_VCCINT,flva2104b_VCCINT_IO,flva2104b_VCCAUX,flva2104b_VCCAUX_IO,flva2104b_VCCBRAM
U 0 -10 10 0 3 0 PARTS=1
U 0 -20 10 0 3 0 LEVEL=STD
U 0 -30 10 0 3 0 DATE=2014_11_18
U 0 0 10 0 1 0 FORWARD_PCB=1
b 50 50 350 760
T 220 710 20 0 5 XCVU125FLVA2104
T 220 730 20 0 5 BANK 45
T 155 685 12 0 6 BANK MIGRATION:
T 155 675 10 0 6 KU115 = BANK 45
T 155 665 10 0 6 VU095 = BANK 45
T 155 655 10 0 6 VU080 = BANK 45
T 155 645 10 0 6 VU13P = BANK 61
T 155 635 10 0 6 VU09P = BANK 41
T 155 625 10 0 6 VU07P = BANK 45
T 155 615 10 0 6 VU05P = BANK 45
c 70 740 10
P 1 0 100 50 100 0 2 0
L 55 100 10 0 2 0 1 0 VCCO_45_BF28
A 45 100 10 0 9 3 #=BF28
A 10 100 10 0 2 0 PINTYPE=BI
P 2 0 110 50 110 0 2 0
L 55 110 10 0 2 0 1 0 VCCO_45_BC27
A 45 110 10 0 9 3 #=BC27
A 10 110 10 0 2 0 PINTYPE=BI
P 3 0 120 50 120 0 2 0
L 55 120 10 0 2 0 1 0 VCCO_45_AY26
A 45 120 10 0 9 3 #=AY26
A 10 120 10 0 2 0 PINTYPE=BI
P 4 0 130 50 130 0 2 0
L 55 130 10 0 2 0 1 0 VCCO_45_AU25
A 45 130 10 0 9 3 #=AU25
A 10 130 10 0 2 0 PINTYPE=BI
P 5 0 140 50 140 0 2 0
L 55 140 10 0 2 0 1 0 VCCO_45_AT28
A 45 140 10 0 9 3 #=AT28
A 10 140 10 0 2 0 PINTYPE=BI
P 6 0 150 50 150 0 2 0
L 55 150 10 0 2 0 1 0 VCCO_45_AN27
A 45 150 10 0 9 3 #=AN27
A 10 150 10 0 2 0 PINTYPE=BI
P 7 400 100 350 100 0 3 0
L 345 100 10 0 8 0 1 0 VREF_45_AL26
A 355 100 10 0 3 3 #=AL26
A 405 100 10 0 2 0 PINTYPE=BI
P 8 400 110 350 110 0 3 0
L 345 110 10 0 8 0 1 0 IO_L1N_T0L_N1_DBC_45_BF29
A 355 110 10 0 3 3 #=BF29
A 405 110 10 0 2 0 PINTYPE=BI
P 9 400 120 350 120 0 3 0
L 345 120 10 0 8 0 1 0 IO_L1P_T0L_N0_DBC_45_BE29
A 355 120 10 0 3 3 #=BE29
A 405 120 10 0 2 0 PINTYPE=BI
P 10 400 130 350 130 0 3 0
L 345 130 10 0 8 0 1 0 IO_T0U_N12_VRP_45_BC29
A 355 130 10 0 3 3 #=BC29
A 405 130 10 0 2 0 PINTYPE=BI
P 11 400 140 350 140 0 3 0
L 345 140 10 0 8 0 1 0 IO_L2N_T0L_N3_45_BF27
A 355 140 10 0 3 3 #=BF27
A 405 140 10 0 2 0 PINTYPE=BI
P 12 400 150 350 150 0 3 0
L 345 150 10 0 8 0 1 0 IO_L2P_T0L_N2_45_BF26
A 355 150 10 0 3 3 #=BF26
A 405 150 10 0 2 0 PINTYPE=BI
P 13 400 160 350 160 0 3 0
L 345 160 10 0 8 0 1 0 IO_L3N_T0L_N5_AD15N_45_BE28
A 355 160 10 0 3 3 #=BE28
A 405 160 10 0 2 0 PINTYPE=BI
P 14 400 170 350 170 0 3 0
L 345 170 10 0 8 0 1 0 IO_L3P_T0L_N4_AD15P_45_BD28
A 355 170 10 0 3 3 #=BD28
A 405 170 10 0 2 0 PINTYPE=BI
P 15 400 180 350 180 0 3 0
L 345 180 10 0 8 0 1 0 IO_L4N_T0U_N7_DBC_AD7N_45_BF25
A 355 180 10 0 3 3 #=BF25
A 405 180 10 0 2 0 PINTYPE=BI
P 16 400 190 350 190 0 3 0
L 345 190 10 0 8 0 1 0 IO_L4P_T0U_N6_DBC_AD7P_45_BE25
A 355 190 10 0 3 3 #=BE25
A 405 190 10 0 2 0 PINTYPE=BI
P 17 400 200 350 200 0 3 0
L 345 200 10 0 8 0 1 0 IO_L5N_T0U_N9_AD14N_45_BE27
A 355 200 10 0 3 3 #=BE27
A 405 200 10 0 2 0 PINTYPE=BI
P 18 400 210 350 210 0 3 0
L 345 210 10 0 8 0 1 0 IO_L5P_T0U_N8_AD14P_45_BD27
A 355 210 10 0 3 3 #=BD27
A 405 210 10 0 2 0 PINTYPE=BI
P 19 400 220 350 220 0 3 0
L 345 220 10 0 8 0 1 0 IO_L6N_T0U_N11_AD6N_45_BD26
A 355 220 10 0 3 3 #=BD26
A 405 220 10 0 2 0 PINTYPE=BI
P 20 400 230 350 230 0 3 0
L 345 230 10 0 8 0 1 0 IO_L6P_T0U_N10_AD6P_45_BD25
A 355 230 10 0 3 3 #=BD25
A 405 230 10 0 2 0 PINTYPE=BI
P 21 400 240 350 240 0 3 0
L 345 240 10 0 8 0 1 0 IO_L7N_T1L_N1_QBC_AD13N_45_BB29
A 355 240 10 0 3 3 #=BB29
A 405 240 10 0 2 0 PINTYPE=BI
P 22 400 250 350 250 0 3 0
L 345 250 10 0 8 0 1 0 IO_L7P_T1L_N0_QBC_AD13P_45_BA29
A 355 250 10 0 3 3 #=BA29
A 405 250 10 0 2 0 PINTYPE=BI
P 23 400 260 350 260 0 3 0
L 345 260 10 0 8 0 1 0 IO_L8N_T1L_N3_AD5N_45_BC26
A 355 260 10 0 3 3 #=BC26
A 405 260 10 0 2 0 PINTYPE=BI
P 24 400 270 350 270 0 3 0
L 345 270 10 0 8 0 1 0 IO_L8P_T1L_N2_AD5P_45_BC25
A 355 270 10 0 3 3 #=BC25
A 405 270 10 0 2 0 PINTYPE=BI
P 25 400 280 350 280 0 3 0
L 345 280 10 0 8 0 1 0 IO_L9N_T1L_N5_AD12N_45_BC28
A 355 280 10 0 3 3 #=BC28
A 405 280 10 0 2 0 PINTYPE=BI
P 26 400 290 350 290 0 3 0
L 345 290 10 0 8 0 1 0 IO_L9P_T1L_N4_AD12P_45_BB28
A 355 290 10 0 3 3 #=BB28
A 405 290 10 0 2 0 PINTYPE=BI
P 27 400 300 350 300 0 3 0
L 345 300 10 0 8 0 1 0 IO_L10N_T1U_N7_QBC_AD4N_45_BB26
A 355 300 10 0 3 3 #=BB26
A 405 300 10 0 2 0 PINTYPE=BI
P 28 400 310 350 310 0 3 0
L 345 310 10 0 8 0 1 0 IO_L10P_T1U_N6_QBC_AD4P_45_BA26
A 355 310 10 0 3 3 #=BA26
A 405 310 10 0 2 0 PINTYPE=BI
P 29 400 320 350 320 0 3 0
L 345 320 10 0 8 0 1 0 IO_L11N_T1U_N9_GC_45_AY28
A 355 320 10 0 3 3 #=AY28
A 405 320 10 0 2 0 PINTYPE=BI
P 30 400 330 350 330 0 3 0
L 345 330 10 0 8 0 1 0 IO_L11P_T1U_N8_GC_45_AY27
A 355 330 10 0 3 3 #=AY27
A 405 330 10 0 2 0 PINTYPE=BI
P 31 400 340 350 340 0 3 0
L 345 340 10 0 8 0 1 0 IO_T1U_N12_45_AY29
A 355 340 10 0 3 3 #=AY29
A 405 340 10 0 2 0 PINTYPE=BI
P 32 400 350 350 350 0 3 0
L 345 350 10 0 8 0 1 0 IO_L12N_T1U_N11_GC_45_BB27
A 355 350 10 0 3 3 #=BB27
A 405 350 10 0 2 0 PINTYPE=BI
P 33 400 360 350 360 0 3 0
L 345 360 10 0 8 0 1 0 IO_L12P_T1U_N10_GC_45_BA27
A 355 360 10 0 3 3 #=BA27
A 405 360 10 0 2 0 PINTYPE=BI
P 34 400 370 350 370 0 3 0
L 345 370 10 0 8 0 1 0 IO_L13N_T2L_N1_GC_QBC_45_AW27
A 355 370 10 0 3 3 #=AW27
A 405 370 10 0 2 0 PINTYPE=BI
P 35 400 380 350 380 0 3 0
L 345 380 10 0 8 0 1 0 IO_L13P_T2L_N0_GC_QBC_45_AW26
A 355 380 10 0 3 3 #=AW26
A 405 380 10 0 2 0 PINTYPE=BI
P 36 400 390 350 390 0 3 0
L 345 390 10 0 8 0 1 0 IO_T2U_N12_45_AV25
A 355 390 10 0 3 3 #=AV25
A 405 390 10 0 2 0 PINTYPE=BI
P 37 400 400 350 400 0 3 0
L 345 400 10 0 8 0 1 0 IO_L14N_T2L_N3_GC_45_AV26
A 355 400 10 0 3 3 #=AV26
A 405 400 10 0 2 0 PINTYPE=BI
P 38 400 410 350 410 0 3 0
L 345 410 10 0 8 0 1 0 IO_L14P_T2L_N2_GC_45_AU26
A 355 410 10 0 3 3 #=AU26
A 405 410 10 0 2 0 PINTYPE=BI
P 39 400 420 350 420 0 3 0
L 345 420 10 0 8 0 1 0 IO_L15N_T2L_N5_AD11N_45_AW28
A 355 420 10 0 3 3 #=AW28
A 405 420 10 0 2 0 PINTYPE=BI
P 40 400 430 350 430 0 3 0
L 345 430 10 0 8 0 1 0 IO_L15P_T2L_N4_AD11P_45_AV28
A 355 430 10 0 3 3 #=AV28
A 405 430 10 0 2 0 PINTYPE=BI
P 41 400 440 350 440 0 3 0
L 345 440 10 0 8 0 1 0 IO_L16N_T2U_N7_QBC_AD3N_45_AT27
A 355 440 10 0 3 3 #=AT27
A 405 440 10 0 2 0 PINTYPE=BI
P 42 400 450 350 450 0 3 0
L 345 450 10 0 8 0 1 0 IO_L16P_T2U_N6_QBC_AD3P_45_AT26
A 355 450 10 0 3 3 #=AT26
A 405 450 10 0 2 0 PINTYPE=BI
P 43 400 460 350 460 0 3 0
L 345 460 10 0 8 0 1 0 IO_L17N_T2U_N9_AD10N_45_AU28
A 355 460 10 0 3 3 #=AU28
A 405 460 10 0 2 0 PINTYPE=BI
P 44 400 470 350 470 0 3 0
L 345 470 10 0 8 0 1 0 IO_L17P_T2U_N8_AD10P_45_AU27
A 355 470 10 0 3 3 #=AU27
A 405 470 10 0 2 0 PINTYPE=BI
P 45 400 480 350 480 0 3 0
L 345 480 10 0 8 0 1 0 IO_L18N_T2U_N11_AD2N_45_AT25
A 355 480 10 0 3 3 #=AT25
A 405 480 10 0 2 0 PINTYPE=BI
P 46 400 490 350 490 0 3 0
L 345 490 10 0 8 0 1 0 IO_L18P_T2U_N10_AD2P_45_AR25
A 355 490 10 0 3 3 #=AR25
A 405 490 10 0 2 0 PINTYPE=BI
P 47 400 500 350 500 0 3 0
L 345 500 10 0 8 0 1 0 IO_L19N_T3L_N1_DBC_AD9N_45_AR28
A 355 500 10 0 3 3 #=AR28
A 405 500 10 0 2 0 PINTYPE=BI
P 48 400 510 350 510 0 3 0
L 345 510 10 0 8 0 1 0 IO_L19P_T3L_N0_DBC_AD9P_45_AR27
A 355 510 10 0 3 3 #=AR27
A 405 510 10 0 2 0 PINTYPE=BI
P 49 400 520 350 520 0 3 0
L 345 520 10 0 8 0 1 0 IO_L20N_T3L_N3_AD1N_45_AN26
A 355 520 10 0 3 3 #=AN26
A 405 520 10 0 2 0 PINTYPE=BI
P 50 400 530 350 530 0 3 0
L 345 530 10 0 8 0 1 0 IO_L20P_T3L_N2_AD1P_45_AM26
A 355 530 10 0 3 3 #=AM26
A 405 530 10 0 2 0 PINTYPE=BI
P 51 400 540 350 540 0 3 0
L 345 540 10 0 8 0 1 0 IO_L21N_T3L_N5_AD8N_45_AP28
A 355 540 10 0 3 3 #=AP28
A 405 540 10 0 2 0 PINTYPE=BI
P 52 400 550 350 550 0 3 0
L 345 550 10 0 8 0 1 0 IO_L21P_T3L_N4_AD8P_45_AP27
A 355 550 10 0 3 3 #=AP27
A 405 550 10 0 2 0 PINTYPE=BI
P 53 400 560 350 560 0 3 0
L 345 560 10 0 8 0 1 0 IO_L22N_T3U_N7_DBC_AD0N_45_AN28
A 355 560 10 0 3 3 #=AN28
A 405 560 10 0 2 0 PINTYPE=BI
P 54 400 570 350 570 0 3 0
L 345 570 10 0 8 0 1 0 IO_L22P_T3U_N6_DBC_AD0P_45_AM28
A 355 570 10 0 3 3 #=AM28
A 405 570 10 0 2 0 PINTYPE=BI
P 55 400 580 350 580 0 3 0
L 345 580 10 0 8 0 1 0 IO_L23N_T3U_N9_45_AP26
A 355 580 10 0 3 3 #=AP26
A 405 580 10 0 2 0 PINTYPE=BI
P 56 400 590 350 590 0 3 0
L 345 590 10 0 8 0 1 0 IO_L23P_T3U_N8_45_AP25
A 355 590 10 0 3 3 #=AP25
A 405 590 10 0 2 0 PINTYPE=BI
P 57 400 600 350 600 0 3 0
L 345 600 10 0 8 0 1 0 IO_T3U_N12_45_AN25
A 355 600 10 0 3 3 #=AN25
A 405 600 10 0 2 0 PINTYPE=BI
P 58 400 610 350 610 0 3 0
L 345 610 10 0 8 0 1 0 IO_L24N_T3U_N11_45_AM27
A 355 610 10 0 3 3 #=AM27
A 405 610 10 0 2 0 PINTYPE=BI
P 59 400 620 350 620 0 3 0
L 345 620 10 0 8 0 1 0 IO_L24P_T3U_N10_45_AL27
A 355 620 10 0 3 3 #=AL27
A 405 620 10 0 2 0 PINTYPE=BI
E 
