V 53
K 1391107184 FS1-R38-20A2-10.1
F Case
|R 10:39:44_1-30-14
D 0 90 120 -235
Y 1
Z 10
i 149
U 0 -10 10 0 3 0 DEVICE=CN121S-104-0001
U 20 -235 16 0 3 3 REFDES=U?
U 0 -30 10 0 3 0 PARTS=1
U 0 -40 10 0 3 0 LEVEL=STD
U 0 -50 10 0 3 0 PKG_TYPE=CN121S-104-0001
U 20 90 10 0 1 3 VALUE=VALUE
U 0 -235 10 0 1 0 FORWARD_PCB=1
b 20 -215 100 75
P 17 0 55 20 55 0 2 0
L 26 55 10 0 2 0 1 0 VCCRX
A 0 55 10 0 1 0 PINTYPE=BI
A 5 65 10 0 1 3 #=10
P 21 0 45 20 45 0 2 0
L 26 45 10 0 2 0 1 0 VCCTX
A 0 45 10 0 1 0 PINTYPE=BI
A 5 55 10 0 1 3 #=29
P 23 0 35 20 35 0 2 0
L 26 35 10 0 2 0 1 0 VCC1
A 0 35 10 0 1 0 PINTYPE=BI
A 5 45 10 0 1 3 #=30
P 25 0 15 20 15 0 2 0
L 25 15 10 0 2 0 1 0 GND1
A 0 15 10 0 1 0 PINTYPE=BI
A 5 25 10 0 1 3 #=1
P 27 0 5 20 5 0 2 0
L 25 5 10 0 2 0 1 0 GND2
A 0 5 10 0 1 0 PINTYPE=BI
A 5 15 10 0 1 3 #=4
P 29 0 -5 20 -5 0 2 0
L 25 -5 10 0 2 0 1 0 GND3
A 0 -5 10 0 1 0 PINTYPE=BI
A 5 5 10 0 1 3 #=7
P 31 0 -15 20 -15 0 2 0
L 25 -15 10 0 2 0 1 0 GND4
A 0 -15 10 0 1 0 PINTYPE=BI
A 5 -5 10 0 1 3 #=13
P 33 0 -25 20 -25 0 2 0
L 25 -25 10 0 2 0 1 0 GND5
A 0 -25 10 0 1 0 PINTYPE=BI
A 5 -15 10 0 1 3 #=16
P 35 0 -35 20 -35 0 2 0
L 25 -35 10 0 2 0 1 0 GND6
A 0 -35 10 0 1 0 PINTYPE=BI
A 5 -25 10 0 1 3 #=19
P 37 0 -45 20 -45 0 2 0
L 25 -45 10 0 2 0 1 0 GND7
A 0 -45 10 0 1 0 PINTYPE=BI
A 5 -35 10 0 1 3 #=20
P 39 0 -55 20 -55 0 2 0
L 25 -55 10 0 2 0 1 0 GND8
A 0 -55 10 0 1 0 PINTYPE=BI
A 5 -45 10 0 1 3 #=23
P 41 0 -65 20 -65 0 2 0
L 25 -65 10 0 2 0 1 0 GND9
A 0 -65 10 0 1 0 PINTYPE=BI
A 5 -55 10 0 1 3 #=26
P 43 0 -75 20 -75 0 2 0
L 25 -75 10 0 2 0 1 0 GND10
A 0 -75 10 0 1 0 PINTYPE=BI
A 5 -65 10 0 1 3 #=32
P 45 0 -85 20 -85 0 2 0
L 25 -85 10 0 2 0 1 0 GND11
A 0 -85 10 0 1 0 PINTYPE=BI
A 5 -75 10 0 1 3 #=35
P 47 0 -95 20 -95 0 2 0
L 25 -95 10 0 2 0 1 0 GND12
A 0 -95 10 0 1 0 PINTYPE=BI
A 5 -85 10 0 1 3 #=38
P 82 120 45 100 45 0 3 0
L 95 45 10 0 8 0 1 0 RX1N
A 120 45 10 0 1 0 PINTYPE=BI
A 115 55 10 0 7 3 #=18
P 84 120 55 100 55 0 3 0
L 95 55 10 0 8 0 1 0 RX1P
A 120 55 10 0 1 0 PINTYPE=BI
A 115 65 10 0 7 3 #=17
P 86 120 35 100 35 0 3 0
L 95 35 10 0 8 0 1 0 RX2P
A 120 35 10 0 1 0 PINTYPE=BI
A 115 45 10 0 7 3 #=22
P 88 120 25 100 25 0 3 0
L 95 25 10 0 8 0 1 0 RX2N
A 120 25 10 0 1 0 PINTYPE=BI
A 115 35 10 0 7 3 #=21
P 90 120 15 100 15 0 3 0
L 95 15 10 0 8 0 1 0 RX3P
A 120 15 10 0 1 0 PINTYPE=BI
A 115 25 10 0 7 3 #=14
P 92 120 5 100 5 0 3 0
L 95 5 10 0 8 0 1 0 RX3N
A 120 5 10 0 1 0 PINTYPE=BI
A 115 15 10 0 7 3 #=15
P 94 120 -5 100 -5 0 3 0
L 95 -5 10 0 8 0 1 0 RX4P
A 120 -5 10 0 1 0 PINTYPE=BI
A 115 5 10 0 7 3 #=25
P 96 120 -15 100 -15 0 3 0
L 95 -15 10 0 8 0 1 0 RX4N
A 120 -15 10 0 1 0 PINTYPE=BI
A 115 -5 10 0 7 3 #=24
P 99 120 -45 100 -45 0 3 0
L 95 -45 10 0 8 0 1 0 TX1N
A 120 -45 10 0 1 0 PINTYPE=BI
A 115 -35 10 0 7 3 #=37
P 101 120 -35 100 -35 0 3 0
L 95 -35 10 0 8 0 1 0 TX1P
A 120 -35 10 0 1 0 PINTYPE=BI
A 115 -25 10 0 7 3 #=36
P 103 120 -55 100 -55 0 3 0
L 95 -55 10 0 8 0 1 0 TX2P
A 120 -55 10 0 1 0 PINTYPE=BI
A 115 -45 10 0 7 3 #=3
P 105 120 -65 100 -65 0 3 0
L 95 -65 10 0 8 0 1 0 TX2N
A 120 -65 10 0 1 0 PINTYPE=BI
A 115 -55 10 0 7 3 #=2
P 107 120 -75 100 -75 0 3 0
L 95 -75 10 0 8 0 1 0 TX3P
A 120 -75 10 0 1 0 PINTYPE=BI
A 115 -65 10 0 7 3 #=33
P 109 120 -85 100 -85 0 3 0
L 95 -85 10 0 8 0 1 0 TX3N
A 120 -85 10 0 1 0 PINTYPE=BI
A 115 -75 10 0 7 3 #=34
P 111 120 -95 100 -95 0 3 0
L 95 -95 10 0 8 0 1 0 TX4P
A 120 -95 10 0 1 0 PINTYPE=BI
A 115 -85 10 0 7 3 #=6
P 113 120 -105 100 -105 0 3 0
L 95 -105 10 0 8 0 1 0 TX4N
A 120 -105 10 0 1 0 PINTYPE=BI
A 115 -95 10 0 7 3 #=5
P 130 120 -155 100 -155 0 3 0
L 95 -155 10 0 8 0 1 0 MODSELL
A 120 -155 10 0 1 0 PINTYPE=BI
A 115 -145 10 0 7 3 #=8
P 133 120 -165 100 -165 0 3 0
L 95 -165 10 0 8 0 1 0 RESETL
A 120 -165 10 0 1 0 PINTYPE=BI
A 115 -155 10 0 7 3 #=9
P 136 120 -125 100 -125 0 3 0
L 95 -125 10 0 8 0 1 0 SCL
A 120 -125 10 0 1 0 PINTYPE=BI
A 115 -115 10 0 7 3 #=11
P 139 120 -135 100 -135 0 3 0
L 95 -135 10 0 8 0 1 0 SDA
A 120 -135 10 0 1 0 PINTYPE=BI
A 115 -125 10 0 7 3 #=12
P 142 120 -175 100 -175 0 3 0
L 95 -175 10 0 8 0 1 0 MODPRSL
A 120 -175 10 0 1 0 PINTYPE=BI
A 115 -165 10 0 7 3 #=27
P 145 120 -185 100 -185 0 3 0
L 95 -185 10 0 8 0 1 0 INTL
A 120 -185 10 0 1 0 PINTYPE=BI
A 115 -175 10 0 7 3 #=28
P 148 120 -195 100 -195 0 3 0
L 95 -195 10 0 8 0 1 0 LPMODE
A 120 -195 10 0 1 0 PINTYPE=BI
A 115 -185 10 0 7 3 #=31
E 
