V 51
K 195558180600 fsa2457
|R 5:27_11-30-12
Y 1
D 0 0 120 180
Z 10
i 33
U 0 -60 10 0 3 0 DIST_P/N=FSA2457UMXCT-ND
U 0 -50 10 0 3 0 DIST=DIGIKEY
U 0 -40 10 0 3 0 MANF_P/N=FSA2457UMX
U 0 -30 10 0 3 0 MANF=FAIRCHILD
U 0 -20 10 0 3 0 PARTS=1
U 0 -10 10 0 3 0 LEVEL=STD
U 20 0 16 0 3 3 REFDES=U?
U 60 10 10 0 3 3 PKG_TYPE=UMLP_16
U 25 160 10 0 3 3 DEVICE=FSA2457
P 17 120 100 100 100 0 3 0
L 85 95 10 0 3 0 1 0 2A
A 120 100 10 0 9 0 PINTYPE=BI
A 110 100 10 0 9 3 #=5
P 28 120 40 100 40 0 3 0
L 80 35 10 0 3 0 1 0 GND
A 120 40 10 0 9 0 PINTYPE=IN
A 110 40 10 0 9 3 #=6
P 1 0 100 20 100 0 2 0
L 25 95 10 0 3 0 1 0 2B1
A 0 100 10 0 3 0 PINTYPE=BI
A 10 100 10 0 3 3 #=1
P 25 120 140 100 140 0 3 0
L 80 135 10 0 3 0 1 0 VCC
A 120 140 10 0 9 0 PINTYPE=IN
A 115 140 10 0 9 3 #=14
P 11 0 80 20 80 0 2 0
L 25 75 10 0 3 0 1 0 2B2
A 0 80 10 0 3 0 PINTYPE=BI
A 10 80 10 0 3 3 #=4
P 12 0 90 20 90 0 2 0
L 25 85 10 0 3 0 1 0 1B2
A 0 90 10 0 3 0 PINTYPE=BI
A 10 90 10 0 3 3 #=3
P 14 0 70 20 70 0 2 0
L 25 65 10 0 3 0 1 0 1B3
A 0 70 10 0 3 0 PINTYPE=BI
A 10 70 10 0 3 3 #=9
P 13 0 60 20 60 0 2 0
L 25 55 10 0 3 0 1 0 2B3
A 0 60 10 0 3 0 PINTYPE=BI
A 10 60 10 0 3 3 #=8
P 16 0 50 20 50 0 2 0
L 25 45 10 0 3 0 1 0 1B4
A 0 50 10 0 3 0 PINTYPE=BI
A 5 50 10 0 3 3 #=12
P 15 0 40 20 40 0 2 0
L 25 35 10 0 3 0 1 0 2B4
A 0 40 10 0 3 0 PINTYPE=BI
A 5 40 10 0 3 3 #=11
P 10 0 110 20 110 0 2 0
L 25 105 10 0 3 0 1 0 1B1
A 0 110 10 0 3 0 PINTYPE=BI
A 5 110 10 0 3 3 #=16
P 9 120 110 100 110 0 3 0
L 85 105 10 0 3 0 1 0 1A
A 120 110 10 0 9 0 PINTYPE=BI
A 110 110 10 0 9 3 #=2
P 19 120 90 100 90 0 3 0
L 85 85 10 0 3 0 1 0 3A
A 120 90 10 0 9 0 PINTYPE=BI
A 110 90 10 0 9 3 #=7
P 20 120 80 100 80 0 3 0
L 85 75 10 0 3 0 1 0 4A
A 120 80 10 0 9 0 PINTYPE=BI
A 115 80 10 0 9 3 #=10
P 33 120 50 100 50 0 3 0
L 75 45 10 0 3 0 1 0 OE_B
A 120 50 10 0 9 0 PINTYPE=IN
A 115 50 10 0 9 3 #=13
P 32 0 140 20 140 0 2 0
L 25 135 10 0 3 0 1 0 SEL
A 0 140 10 0 3 0 PINTYPE=IN
A 5 140 10 0 3 3 #=15
l 2 77 45 69 45
l 2 56 47 67 45
l 2 56 40 58 43
l 2 60 40 58 43
l 2 58 47 56 50
l 2 58 47 60 50
l 2 60 40 45 40
l 2 60 50 45 50
c 67 45 2
Q 2 1 0
l 2 77 65 69 65
l 2 56 67 67 65
l 2 56 60 58 63
l 2 60 60 58 63
l 2 58 67 56 70
l 2 58 67 60 70
l 2 60 60 45 60
l 2 60 70 45 70
c 67 65 2
Q 2 1 0
l 2 76 86 68 86
l 2 55 88 66 86
l 2 55 81 57 84
l 2 59 81 57 84
l 2 57 88 55 91
l 2 57 88 59 91
l 2 59 81 44 81
l 2 59 91 44 91
c 66 86 2
Q 2 1 0
l 2 76 105 68 105
l 2 55 107 66 105
l 2 55 100 57 103
l 2 59 100 57 103
l 2 57 107 55 110
l 2 57 107 59 110
l 2 59 100 44 100
l 2 59 110 44 110
c 66 105 2
Q 2 1 0
b 20 20 100 160
l 2 44 140 62 140
Q 2 0 1
l 2 62 140 62 113
Q 2 0 1
T 40 145 10 0 3 4 x SPDT
Q 14 0 0
E
