V 53
K 1468350821 FT232H.1
F Case
|R 12:13:41_7-12-16
D 0 160 200 -250
Y 1
Z 10
i 259
U 0 -10 10 0 3 0 MANF=FTDI
U -190 -40 10 0 3 0 LEVEL=STD
U -190 -50 10 0 3 0 PARTS=1
U 20 -250 16 0 3 3 REFDES=U?
U 180 -240 10 0 9 3 PKG_TYPE=TBD
U 20 140 10 0 3 3 DEVICE=FT232H
U 0 -250 10 0 1 0 FORWARD_PCB=1
b 20 -230 180 140
P 18 0 120 20 120 0 2 0
L 25 120 10 0 2 0 1 0 VREGIN
A 20 120 10 0 9 3 #=40
A -30 110 10 0 9 0 PINTYPE=IN
P 19 0 100 20 100 0 2 0
L 25 100 10 0 2 0 1 0 VCCD
A 20 100 10 0 9 3 #=39
A -40 95 10 0 9 0 PINTYPE=BI
P 20 0 90 20 90 0 2 0
L 25 90 10 0 2 0 1 0 VCORE
A -30 80 10 0 9 0 PINTYPE=OUT
A 20 90 10 0 9 3 #=38
P 22 0 80 20 80 0 2 0
L 25 80 10 0 2 0 1 0 VCCA
A 20 80 10 0 9 3 #=37
A -30 70 10 0 9 0 PINTYPE=OUT
P 27 0 60 20 60 0 2 0
L 25 60 10 0 2 0 1 0 VPHY
A 20 60 10 0 9 3 #=3
A -40 55 10 0 9 0 PINTYPE=IN
P 38 0 50 20 50 0 2 0
L 25 50 10 0 2 0 1 0 VPLL
A 20 50 10 0 9 3 #=8
A -40 45 10 0 9 0 PINTYPE=IN
P 40 0 40 20 40 0 2 0
L 25 40 10 0 2 0 1 0 VCCIO1
A 20 40 10 0 9 3 #=12
A -40 35 10 0 9 0 PINTYPE=IN
P 49 0 30 20 30 0 2 0
L 25 30 10 0 2 0 1 0 VCCIO2
A -30 20 10 0 9 0 PINTYPE=IN
A 20 30 10 0 9 3 #=24
P 50 0 20 20 20 0 2 0
L 25 20 10 0 2 0 1 0 VCCIO3
A -40 15 10 0 9 0 PINTYPE=IN
A 20 20 10 0 9 3 #=46
P 99 0 -10 20 -10 0 2 0
L 25 -10 10 0 2 0 1 0 DM
A 20 -10 10 0 9 3 #=6
A -30 -20 10 0 9 0 PINTYPE=BI
P 103 0 -20 20 -20 0 2 0
L 25 -20 10 0 2 0 1 0 DP
A 20 -20 10 0 9 3 #=7
A -30 -30 10 0 9 0 PINTYPE=BI
P 150 0 -80 20 -80 0 2 0
L 25 -80 10 0 2 0 1 0 REF
A 0 -80 10 0 1 0 PINTYPE=IN
A 20 -80 10 0 9 3 #=5
P 153 0 -110 20 -110 0 2 0
L 25 -110 10 0 2 0 1 0 EECS
A 0 -110 10 0 1 0 PINTYPE=BI
A 20 -110 10 0 9 3 #=45
P 156 0 -120 20 -120 0 2 0
L 25 -120 10 0 2 0 1 0 EECLK
A 0 -120 10 0 1 0 PINTYPE=OUT
A 20 -120 10 0 9 3 #=44
P 159 0 -130 20 -130 0 2 0
L 25 -130 10 0 2 0 1 0 EEDATA
A 0 -130 10 0 1 0 PINTYPE=BI
A 20 -130 10 0 9 3 #=43
P 162 0 -160 20 -160 0 2 0
L 25 -160 10 0 2 0 1 0 OSCI
A 0 -160 10 0 1 0 PINTYPE=IN
A 20 -160 10 0 9 3 #=1
P 165 0 -170 20 -170 0 2 0
L 25 -170 10 0 2 0 1 0 OSCO
A 0 -170 10 0 1 0 PINTYPE=OUT
A 20 -170 10 0 9 3 #=2
P 168 0 -50 20 -50 0 2 0
L 25 -50 10 0 2 0 1 0 RESET_B
A 0 -50 10 0 1 0 PINTYPE=IN
A 20 -50 10 0 9 3 #=34
P 171 0 -200 20 -200 0 2 0
L 25 -200 10 0 2 0 1 0 TEST
A 0 -200 10 0 1 0 PINTYPE=IN
A 20 -200 10 0 9 3 #=42
P 174 200 -100 180 -100 0 3 0
L 175 -100 10 0 8 0 1 0 AGND1
A 200 -100 10 0 7 0 PINTYPE=IN
A 180 -100 10 0 3 3 #=4
P 177 200 -110 180 -110 0 3 0
L 175 -110 10 0 8 0 1 0 AGND2
A 200 -110 10 0 7 0 PINTYPE=IN
A 180 -110 10 0 3 3 #=9
P 180 200 -120 180 -120 0 3 0
L 175 -120 10 0 8 0 1 0 AGND3
A 200 -120 10 0 7 0 PINTYPE=IN
A 180 -120 10 0 3 3 #=41
P 183 200 -140 180 -140 0 3 0
L 175 -140 10 0 8 0 1 0 GND1
A 200 -140 10 0 7 0 PINTYPE=IN
A 180 -140 10 0 3 3 #=10
P 186 200 -150 180 -150 0 3 0
L 175 -150 10 0 8 0 1 0 GND2
A 200 -150 10 0 7 0 PINTYPE=IN
A 180 -150 10 0 3 3 #=11
P 189 200 -160 180 -160 0 3 0
L 175 -160 10 0 8 0 1 0 GND3
A 200 -160 10 0 7 0 PINTYPE=IN
A 180 -160 10 0 3 3 #=22
P 192 200 -170 180 -170 0 3 0
L 175 -170 10 0 8 0 1 0 GND4
A 200 -170 10 0 7 0 PINTYPE=IN
A 180 -170 10 0 3 3 #=23
P 195 200 -180 180 -180 0 3 0
L 175 -180 10 0 8 0 1 0 GND5
A 200 -180 10 0 7 0 PINTYPE=IN
A 180 -180 10 0 3 3 #=35
P 198 200 -190 180 -190 0 3 0
L 175 -190 10 0 8 0 1 0 GND6
A 200 -190 10 0 7 0 PINTYPE=IN
A 180 -190 10 0 3 3 #=36
P 201 200 -200 180 -200 0 3 0
L 175 -200 10 0 8 0 1 0 GND7
A 200 -200 10 0 7 0 PINTYPE=IN
A 180 -200 10 0 3 3 #=47
P 204 200 -210 180 -210 0 3 0
L 175 -210 10 0 8 0 1 0 GND8
A 200 -210 10 0 7 0 PINTYPE=IN
A 180 -210 10 0 3 3 #=48
P 207 200 120 180 120 0 3 0
L 175 120 10 0 8 0 1 0 ADBUS0
A 200 120 10 0 1 0 PINTYPE=BI
A 200 121 10 0 9 3 #=13
P 210 200 110 180 110 0 3 0
L 175 110 10 0 8 0 1 0 ADBUS1
A 200 110 10 0 1 0 PINTYPE=BI
A 200 111 10 0 9 3 #=14
P 213 200 100 180 100 0 3 0
L 175 100 10 0 8 0 1 0 ADBUS2
A 200 100 10 0 1 0 PINTYPE=BI
A 200 101 10 0 9 3 #=15
P 216 200 90 180 90 0 3 0
L 175 90 10 0 8 0 1 0 ADBUS3
A 200 90 10 0 1 0 PINTYPE=BI
A 200 91 10 0 9 3 #=16
P 219 200 80 180 80 0 3 0
L 175 80 10 0 8 0 1 0 ADBUS4
A 200 80 10 0 1 0 PINTYPE=BI
A 200 81 10 0 9 3 #=17
P 222 200 70 180 70 0 3 0
L 175 70 10 0 8 0 1 0 ADBUS5
A 200 70 10 0 1 0 PINTYPE=BI
A 200 71 10 0 9 3 #=18
P 225 200 60 180 60 0 3 0
L 175 60 10 0 8 0 1 0 ADBUS6
A 200 60 10 0 1 0 PINTYPE=BI
A 200 61 10 0 9 3 #=19
P 228 200 50 180 50 0 3 0
L 175 50 10 0 8 0 1 0 ADBUS7
A 200 50 10 0 1 0 PINTYPE=BI
A 200 51 10 0 9 3 #=20
P 231 200 20 180 20 0 3 0
L 175 20 10 0 8 0 1 0 ACBUS0
A 200 20 10 0 1 0 PINTYPE=BI
A 200 21 10 0 9 3 #=21
P 234 200 10 180 10 0 3 0
L 175 10 10 0 8 0 1 0 ACBUS1
A 200 10 10 0 1 0 PINTYPE=BI
A 200 11 10 0 9 3 #=25
P 237 200 0 180 0 0 3 0
L 175 0 10 0 8 0 1 0 ACBUS2
A 200 0 10 0 1 0 PINTYPE=BI
A 200 1 10 0 9 3 #=26
P 240 200 -10 180 -10 0 3 0
L 175 -10 10 0 8 0 1 0 ACBUS3
A 200 -10 10 0 1 0 PINTYPE=BI
A 200 -9 10 0 9 3 #=27
P 243 200 -20 180 -20 0 3 0
L 175 -20 10 0 8 0 1 0 ACBUS4
A 200 -20 10 0 1 0 PINTYPE=BI
A 200 -19 10 0 9 3 #=28
P 246 200 -30 180 -30 0 3 0
L 175 -30 10 0 8 0 1 0 ACBUS5
A 200 -30 10 0 1 0 PINTYPE=BI
A 200 -29 10 0 9 3 #=29
P 249 200 -40 180 -40 0 3 0
L 175 -40 10 0 8 0 1 0 ACBUS6
A 200 -40 10 0 1 0 PINTYPE=BI
A 200 -39 10 0 9 3 #=30
P 252 200 -50 180 -50 0 3 0
L 175 -50 10 0 8 0 1 0 ACBUS7
A 200 -50 10 0 1 0 PINTYPE=BI
A 200 -49 10 0 9 3 #=31
P 255 200 -60 180 -60 0 3 0
L 175 -60 10 0 8 0 1 0 ACBUS8
A 200 -60 10 0 1 0 PINTYPE=BI
A 200 -59 10 0 9 3 #=32
P 258 200 -70 180 -70 0 3 0
L 175 -70 10 0 8 0 1 0 ACBUS9
A 200 -70 10 0 1 0 PINTYPE=BI
A 200 -69 10 0 9 3 #=33
E 
