V 53
K 1467935404 FT4232H.1
F Case
|R 16:50:4_7-7-16
D 0 160 200 -390
Y 1
Z 10
i 454
U 0 -10 10 0 3 0 MANF=FTDI
U -190 -40 10 0 3 0 LEVEL=STD
U -190 -50 10 0 3 0 PARTS=1
U 20 -390 16 0 3 3 REFDES=U?
U 180 -380 10 0 9 3 PKG_TYPE=TBD
U 20 140 10 0 3 3 DEVICE=FT4232H_LQFP_QFN
U 0 -390 10 0 1 0 FORWARD_PCB=1
b 20 -370 180 140
P 18 0 120 20 120 0 2 0
L 20 120 10 0 2 0 1 0 VREGIN
A 20 120 10 0 9 3 #=50
A -30 110 10 0 9 0 PINTYPE=IN
P 19 0 90 20 90 0 2 0
L 20 90 10 0 2 0 1 0 VCORE1
A 20 90 10 0 9 3 #=12
A -40 85 10 0 9 0 PINTYPE=IN
P 20 0 80 20 80 0 2 0
L 20 80 10 0 2 0 1 0 VCORE2
A -30 70 10 0 9 0 PINTYPE=IN
A 20 80 10 0 9 3 #=37
P 22 0 70 20 70 0 2 0
L 20 70 10 0 2 0 1 0 VCORE3
A 20 70 10 0 9 3 #=64
A -30 60 10 0 9 0 PINTYPE=IN
P 27 0 50 20 50 0 2 0
L 20 50 10 0 2 0 1 0 VPHY
A 20 50 10 0 9 3 #=4
A -40 45 10 0 9 0 PINTYPE=IN
P 38 0 40 20 40 0 2 0
L 20 40 10 0 2 0 1 0 VPLL
A 20 40 10 0 9 3 #=9
A -40 35 10 0 9 0 PINTYPE=IN
P 40 0 20 20 20 0 2 0
L 20 20 10 0 2 0 1 0 VCCIO1
A 20 20 10 0 9 3 #=20
A -40 15 10 0 9 0 PINTYPE=IN
P 49 0 10 20 10 0 2 0
L 20 10 10 0 2 0 1 0 VCCIO2
A -30 0 10 0 9 0 PINTYPE=IN
A 20 10 10 0 9 3 #=31
P 50 0 0 20 0 0 2 0
L 20 0 10 0 2 0 1 0 VCCIO3
A -40 -5 10 0 9 0 PINTYPE=IN
A 20 0 10 0 9 3 #=42
P 99 0 -40 20 -40 0 2 0
L 20 -40 10 0 2 0 1 0 DM
A 20 -40 10 0 9 3 #=7
A -30 -50 10 0 9 0 PINTYPE=BI
P 103 0 -50 20 -50 0 2 0
L 20 -50 10 0 2 0 1 0 DP
A 20 -50 10 0 9 3 #=8
A -30 -60 10 0 9 0 PINTYPE=BI
P 150 0 -80 20 -80 0 2 0
L 20 -80 10 0 2 0 1 0 REF
A 0 -80 10 0 1 0 PINTYPE=IN
A 20 -80 10 0 9 3 #=6
P 153 0 -140 20 -140 0 2 0
L 20 -140 10 0 2 0 1 0 EECS
A 0 -140 10 0 1 0 PINTYPE=BI
A 20 -140 10 0 9 3 #=63
P 156 0 -150 20 -150 0 2 0
L 20 -150 10 0 2 0 1 0 EECLK
A 0 -150 10 0 1 0 PINTYPE=OUT
A 20 -150 10 0 9 3 #=62
P 159 0 -160 20 -160 0 2 0
L 20 -160 10 0 2 0 1 0 EEDATA
A 0 -160 10 0 1 0 PINTYPE=BI
A 20 -160 10 0 9 3 #=61
P 162 0 -190 20 -190 0 2 0
L 20 -190 10 0 2 0 1 0 OSCI
A 0 -190 10 0 1 0 PINTYPE=IN
A 20 -190 10 0 9 3 #=2
P 165 0 -200 20 -200 0 2 0
L 20 -200 10 0 2 0 1 0 OSCO
A 0 -200 10 0 1 0 PINTYPE=OUT
A 20 -200 10 0 9 3 #=3
P 168 0 -110 20 -110 0 2 0
L 20 -110 10 0 2 0 1 0 RESET_B
A 0 -110 10 0 1 0 PINTYPE=IN
A 20 -110 10 0 9 3 #=14
P 171 0 -230 20 -230 0 2 0
L 20 -230 10 0 2 0 1 0 TEST
A 0 -230 10 0 1 0 PINTYPE=IN
A 20 -230 10 0 9 3 #=13
P 174 0 -260 20 -260 0 2 0
L 20 -260 10 0 2 0 1 0 AGND1
A 0 -260 10 0 1 0 PINTYPE=IN
A 20 -260 10 0 9 3 #=10
P 177 0 -280 20 -280 0 2 0
L 20 -280 10 0 2 0 1 0 GND1
A 0 -280 10 0 1 0 PINTYPE=IN
A 20 -280 10 0 9 3 #=1
P 180 0 -290 20 -290 0 2 0
L 20 -290 10 0 2 0 1 0 GND2
A 0 -290 10 0 1 0 PINTYPE=IN
A 20 -290 10 0 9 3 #=5
P 183 0 -300 20 -300 0 2 0
L 20 -300 10 0 2 0 1 0 GND3
A 0 -300 10 0 1 0 PINTYPE=IN
A 20 -300 10 0 9 3 #=11
P 186 0 -310 20 -310 0 2 0
L 20 -310 10 0 2 0 1 0 GND4
A 0 -310 10 0 1 0 PINTYPE=IN
A 20 -310 10 0 9 3 #=15
P 189 0 -320 20 -320 0 2 0
L 20 -320 10 0 2 0 1 0 GND5
A 0 -320 10 0 1 0 PINTYPE=IN
A 20 -320 10 0 9 3 #=25
P 192 0 -330 20 -330 0 2 0
L 20 -330 10 0 2 0 1 0 GND6
A 0 -330 10 0 1 0 PINTYPE=IN
A 20 -330 10 0 9 3 #=35
P 195 0 -340 20 -340 0 2 0
L 20 -340 10 0 2 0 1 0 GND7
A 0 -340 10 0 1 0 PINTYPE=IN
A 20 -340 10 0 9 3 #=47
P 198 0 -350 20 -350 0 2 0
L 20 -350 10 0 2 0 1 0 GND8
A 0 -350 10 0 1 0 PINTYPE=IN
A 20 -350 10 0 9 3 #=51
P 201 200 -280 180 -280 0 3 0
L 180 -280 10 0 8 0 1 0 PWREN_B
A 200 -280 10 0 7 0 PINTYPE=OUT
A 180 -280 10 0 3 3 #=60
P 204 200 -290 180 -290 0 3 0
L 180 -290 10 0 8 0 1 0 SUSPEND_B
A 200 -290 10 0 7 0 PINTYPE=OUT
A 180 -290 10 0 3 3 #=36
P 207 200 120 180 120 0 3 0
L 180 120 10 0 8 0 1 0 ADBUS0
A 200 120 10 0 1 0 PINTYPE=BI
A 200 121 10 0 9 3 #=16
P 210 200 110 180 110 0 3 0
L 180 110 10 0 8 0 1 0 ADBUS1
A 200 110 10 0 1 0 PINTYPE=BI
A 200 111 10 0 9 3 #=17
P 213 200 100 180 100 0 3 0
L 180 100 10 0 8 0 1 0 ADBUS2
A 200 100 10 0 1 0 PINTYPE=BI
A 200 101 10 0 9 3 #=18
P 216 200 90 180 90 0 3 0
L 180 90 10 0 8 0 1 0 ADBUS3
A 200 90 10 0 1 0 PINTYPE=BI
A 200 91 10 0 9 3 #=19
P 219 200 80 180 80 0 3 0
L 180 80 10 0 8 0 1 0 ADBUS4
A 200 80 10 0 1 0 PINTYPE=BI
A 200 81 10 0 9 3 #=21
P 222 200 70 180 70 0 3 0
L 180 70 10 0 8 0 1 0 ADBUS5
A 200 70 10 0 1 0 PINTYPE=BI
A 200 71 10 0 9 3 #=22
P 225 200 60 180 60 0 3 0
L 180 60 10 0 8 0 1 0 ADBUS6
A 200 60 10 0 1 0 PINTYPE=BI
A 200 61 10 0 9 3 #=23
P 228 200 50 180 50 0 3 0
L 180 50 10 0 8 0 1 0 ADBUS7
A 200 50 10 0 1 0 PINTYPE=BI
A 200 51 10 0 9 3 #=24
P 231 200 20 180 20 0 3 0
L 180 20 10 0 8 0 1 0 BDBUS0
A 200 20 10 0 1 0 PINTYPE=BI
A 200 21 10 0 9 3 #=26
P 234 200 10 180 10 0 3 0
L 180 10 10 0 8 0 1 0 BDBUS1
A 200 10 10 0 1 0 PINTYPE=BI
A 200 11 10 0 9 3 #=27
P 237 200 0 180 0 0 3 0
L 180 0 10 0 8 0 1 0 BDBUS2
A 200 0 10 0 1 0 PINTYPE=BI
A 200 1 10 0 9 3 #=28
P 240 200 -10 180 -10 0 3 0
L 180 -10 10 0 8 0 1 0 BDBUS3
A 200 -10 10 0 1 0 PINTYPE=BI
A 200 -9 10 0 9 3 #=29
P 243 200 -20 180 -20 0 3 0
L 180 -20 10 0 8 0 1 0 BDBUS4
A 200 -20 10 0 1 0 PINTYPE=BI
A 200 -19 10 0 9 3 #=30
P 246 200 -30 180 -30 0 3 0
L 180 -30 10 0 8 0 1 0 BDBUS5
A 200 -30 10 0 1 0 PINTYPE=BI
A 200 -29 10 0 9 3 #=32
P 249 200 -40 180 -40 0 3 0
L 180 -40 10 0 8 0 1 0 BDBUS6
A 200 -40 10 0 1 0 PINTYPE=BI
A 200 -39 10 0 9 3 #=33
P 252 200 -50 180 -50 0 3 0
L 180 -50 10 0 8 0 1 0 BDBUS7
A 200 -50 10 0 1 0 PINTYPE=BI
A 200 -49 10 0 9 3 #=34
P 410 0 110 20 110 0 2 0
L 20 110 10 0 2 0 1 0 VREGOUT
A 0 110 10 0 1 0 PINTYPE=OUT
A 20 110 10 0 9 3 #=49
P 413 0 -10 20 -10 0 2 0
L 20 -10 10 0 2 0 1 0 VCCIO4
A 0 -10 10 0 1 0 PINTYPE=IN
A 20 -10 10 0 9 3 #=56
P 416 200 -80 180 -80 0 3 0
L 180 -80 10 0 8 0 1 0 CDBUS0
A 200 -80 10 0 1 0 PINTYPE=BI
A 200 -80 10 0 9 3 #=38
P 419 200 -90 180 -90 0 3 0
L 180 -90 10 0 8 0 1 0 CDBUS1
A 200 -90 10 0 1 0 PINTYPE=BI
A 200 -89 10 0 9 3 #=39
P 422 200 -100 180 -100 0 3 0
L 180 -100 10 0 8 0 1 0 CDBUS2
A 200 -100 10 0 1 0 PINTYPE=BI
A 200 -99 10 0 9 3 #=40
P 425 200 -110 180 -110 0 3 0
L 180 -110 10 0 8 0 1 0 CDBUS3
A 200 -110 10 0 1 0 PINTYPE=BI
A 200 -109 10 0 9 3 #=41
P 428 200 -120 180 -120 0 3 0
L 180 -120 10 0 8 0 1 0 CDBUS4
A 200 -120 10 0 1 0 PINTYPE=BI
A 200 -119 10 0 9 3 #=43
P 431 200 -130 180 -130 0 3 0
L 180 -130 10 0 8 0 1 0 CDBUS5
A 200 -130 10 0 1 0 PINTYPE=BI
A 200 -129 10 0 9 3 #=44
P 434 200 -140 180 -140 0 3 0
L 180 -140 10 0 8 0 1 0 CDBUS6
A 200 -140 10 0 1 0 PINTYPE=BI
A 200 -139 10 0 9 3 #=45
P 437 200 -150 180 -150 0 3 0
L 180 -150 10 0 8 0 1 0 CDBUS7
A 200 -150 10 0 1 0 PINTYPE=BI
A 200 -149 10 0 9 3 #=46
P 440 200 -180 180 -180 0 3 0
L 180 -180 10 0 8 0 1 0 DDBUS0
A 200 -180 10 0 1 0 PINTYPE=BI
A 200 -179 10 0 9 3 #=48
P 443 200 -190 180 -190 0 3 0
L 180 -190 10 0 8 0 1 0 DDBUS1
A 200 -190 10 0 1 0 PINTYPE=BI
A 200 -189 10 0 9 3 #=52
P 446 200 -200 180 -200 0 3 0
L 180 -200 10 0 8 0 1 0 DDBUS2
A 200 -200 10 0 1 0 PINTYPE=BI
A 200 -199 10 0 9 3 #=53
P 449 200 -210 180 -210 0 3 0
L 180 -210 10 0 8 0 1 0 DDBUS3
A 200 -210 10 0 1 0 PINTYPE=BI
A 200 -209 10 0 9 3 #=54
P 452 200 -220 180 -220 0 3 0
L 180 -220 10 0 8 0 1 0 DDBUS4
A 200 -220 10 0 1 0 PINTYPE=BI
A 200 -219 10 0 9 3 #=55
P 455 200 -230 180 -230 0 3 0
L 180 -230 10 0 8 0 1 0 DDBUS5
A 200 -230 10 0 1 0 PINTYPE=BI
A 200 -229 10 0 9 3 #=57
P 458 200 -240 180 -240 0 3 0
L 180 -240 10 0 8 0 1 0 DDBUS6
A 200 -240 10 0 1 0 PINTYPE=BI
A 200 -239 10 0 9 3 #=58
P 461 200 -250 180 -250 0 3 0
L 180 -250 10 0 8 0 1 0 DDBUS7
A 200 -250 10 0 1 0 PINTYPE=BI
A 200 -249 10 0 9 3 #=59
E 
