V 50
K 153165148200 gtmff1924
Y 1
D 0 0 215 1190
Z 10
i 946
b 30 50 185 1140
P 1 0 1070 30 1070 0 2 0
A 25 1070 10 0 9 3 #=N15
L 35 1070 10 0 2 0 1 0  GND_N15
A 25 1070 10 0 9 0 PINTYPE=BI
P 2 0 1060 30 1060 0 2 0
A 25 1060 10 0 9 3 #=N16
L 35 1060 10 0 2 0 1 0  GND_N16
A 25 1060 10 0 9 0 PINTYPE=BI
P 3 0 1050 30 1050 0 2 0
A 25 1050 10 0 9 3 #=N17
L 35 1050 10 0 2 0 1 0  GND_N17
A 25 1050 10 0 9 0 PINTYPE=BI
P 4 0 1040 30 1040 0 2 0
A 25 1040 10 0 9 3 #=N18
L 35 1040 10 0 2 0 1 0  GND_N18
A 25 1040 10 0 9 0 PINTYPE=BI
P 5 0 1030 30 1030 0 2 0
A 25 1030 10 0 9 3 #=N19
L 35 1030 10 0 2 0 1 0  GND_N19
A 25 1030 10 0 9 0 PINTYPE=BI
P 6 0 1020 30 1020 0 2 0
A 25 1020 10 0 9 3 #=N20
L 35 1020 10 0 2 0 1 0  GND_N20
A 25 1020 10 0 9 0 PINTYPE=BI
P 7 0 1010 30 1010 0 2 0
A 25 1010 10 0 9 3 #=N21
L 35 1010 10 0 2 0 1 0  GND_N21
A 25 1010 10 0 9 0 PINTYPE=BI
P 8 0 1000 30 1000 0 2 0
A 25 1000 10 0 9 3 #=N22
L 35 1000 10 0 2 0 1 0  GND_N22
A 25 1000 10 0 9 0 PINTYPE=BI
P 9 0 990 30 990 0 2 0
A 25 990 10 0 9 3 #=P2
L 35 990 10 0 2 0 1 0  GND_P2
A 25 990 10 0 9 0 PINTYPE=BI
P 10 0 980 30 980 0 2 0
A 25 980 10 0 9 3 #=P3
L 35 980 10 0 2 0 1 0  GND_P3
A 25 980 10 0 9 0 PINTYPE=BI
P 11 0 970 30 970 0 2 0
A 25 970 10 0 9 3 #=P4
L 35 970 10 0 2 0 1 0  GND_P4
A 25 970 10 0 9 0 PINTYPE=BI
P 12 0 960 30 960 0 2 0
A 25 960 10 0 9 3 #=P5
L 35 960 10 0 2 0 1 0  GND_P5
A 25 960 10 0 9 0 PINTYPE=BI
P 13 0 950 30 950 0 2 0
A 25 950 10 0 9 3 #=P6
L 35 950 10 0 2 0 1 0  GND_P6
A 25 950 10 0 9 0 PINTYPE=BI
P 14 0 940 30 940 0 2 0
A 25 940 10 0 9 3 #=P7
L 35 940 10 0 2 0 1 0  GND_P7
A 25 940 10 0 9 0 PINTYPE=BI
P 15 0 930 30 930 0 2 0
A 25 930 10 0 9 3 #=P8
L 35 930 10 0 2 0 1 0  GND_P8
A 25 930 10 0 9 0 PINTYPE=BI
P 16 0 920 30 920 0 2 0
A 25 920 10 0 9 3 #=P9
L 35 920 10 0 2 0 1 0  GND_P9
A 25 920 10 0 9 0 PINTYPE=BI
P 17 0 910 30 910 0 2 0
A 25 910 10 0 9 3 #=P11
L 35 910 10 0 2 0 1 0  GND_P11
A 25 910 10 0 9 0 PINTYPE=BI
P 18 0 900 30 900 0 2 0
A 25 900 10 0 9 3 #=P12
L 35 900 10 0 2 0 1 0  GND_P12
A 25 900 10 0 9 0 PINTYPE=BI
P 19 0 890 30 890 0 2 0
A 25 890 10 0 9 3 #=P13
L 35 890 10 0 2 0 1 0  GND_P13
A 25 890 10 0 9 0 PINTYPE=BI
P 20 0 880 30 880 0 2 0
A 25 880 10 0 9 3 #=P14
L 35 880 10 0 2 0 1 0  GND_P14
A 25 880 10 0 9 0 PINTYPE=BI
P 21 0 870 30 870 0 2 0
A 25 870 10 0 9 3 #=P15
L 35 870 10 0 2 0 1 0  GND_P15
A 25 870 10 0 9 0 PINTYPE=BI
P 22 0 860 30 860 0 2 0
A 25 860 10 0 9 3 #=P16
L 35 860 10 0 2 0 1 0  GND_P16
A 25 860 10 0 9 0 PINTYPE=BI
P 23 0 850 30 850 0 2 0
A 25 850 10 0 9 3 #=P17
L 35 850 10 0 2 0 1 0  GND_P17
A 25 850 10 0 9 0 PINTYPE=BI
P 24 0 840 30 840 0 2 0
A 25 840 10 0 9 3 #=P18
L 35 840 10 0 2 0 1 0  GND_P18
A 25 840 10 0 9 0 PINTYPE=BI
P 25 0 830 30 830 0 2 0
A 25 830 10 0 9 3 #=P19
L 35 830 10 0 2 0 1 0  GND_P19
A 25 830 10 0 9 0 PINTYPE=BI
P 26 0 820 30 820 0 2 0
A 25 820 10 0 9 3 #=P20
L 35 820 10 0 2 0 1 0  GND_P20
A 25 820 10 0 9 0 PINTYPE=BI
P 27 0 810 30 810 0 2 0
A 25 810 10 0 9 3 #=P21
L 35 810 10 0 2 0 1 0  GND_P21
A 25 810 10 0 9 0 PINTYPE=BI
P 28 0 800 30 800 0 2 0
A 25 800 10 0 9 3 #=P22
L 35 800 10 0 2 0 1 0  GND_P22
A 25 800 10 0 9 0 PINTYPE=BI
P 29 0 790 30 790 0 2 0
A 25 790 10 0 9 3 #=R1
L 35 790 10 0 2 0 1 0  GND_R1
A 25 790 10 0 9 0 PINTYPE=BI
P 30 0 780 30 780 0 2 0
A 25 780 10 0 9 3 #=R2
L 35 780 10 0 2 0 1 0  GND_R2
A 25 780 10 0 9 0 PINTYPE=BI
P 31 0 770 30 770 0 2 0
A 25 770 10 0 9 3 #=R3
L 35 770 10 0 2 0 1 0  GND_R3
A 25 770 10 0 9 0 PINTYPE=BI
P 32 0 760 30 760 0 2 0
A 25 760 10 0 9 3 #=R4
L 35 760 10 0 2 0 1 0  GND_R4
A 25 760 10 0 9 0 PINTYPE=BI
P 33 0 750 30 750 0 2 0
A 25 750 10 0 9 3 #=R5
L 35 750 10 0 2 0 1 0  GND_R5
A 25 750 10 0 9 0 PINTYPE=BI
P 34 0 740 30 740 0 2 0
A 25 740 10 0 9 3 #=R7
L 35 740 10 0 2 0 1 0  GND_R7
A 25 740 10 0 9 0 PINTYPE=BI
P 35 0 730 30 730 0 2 0
A 25 730 10 0 9 3 #=R8
L 35 730 10 0 2 0 1 0  GND_R8
A 25 730 10 0 9 0 PINTYPE=BI
P 36 0 720 30 720 0 2 0
A 25 720 10 0 9 3 #=R9
L 35 720 10 0 2 0 1 0  GND_R9
A 25 720 10 0 9 0 PINTYPE=BI
P 37 0 710 30 710 0 2 0
A 25 710 10 0 9 3 #=R10
L 35 710 10 0 2 0 1 0  GND_R10
A 25 710 10 0 9 0 PINTYPE=BI
P 38 0 700 30 700 0 2 0
A 25 700 10 0 9 3 #=R11
L 35 700 10 0 2 0 1 0  GND_R11
A 25 700 10 0 9 0 PINTYPE=BI
P 39 0 690 30 690 0 2 0
A 25 690 10 0 9 3 #=R12
L 35 690 10 0 2 0 1 0  GND_R12
A 25 690 10 0 9 0 PINTYPE=BI
P 40 0 680 30 680 0 2 0
A 25 680 10 0 9 3 #=R13
L 35 680 10 0 2 0 1 0  GND_R13
A 25 680 10 0 9 0 PINTYPE=BI
P 41 0 670 30 670 0 2 0
A 25 670 10 0 9 3 #=R14
L 35 670 10 0 2 0 1 0  GND_R14
A 25 670 10 0 9 0 PINTYPE=BI
P 42 0 660 30 660 0 2 0
A 25 660 10 0 9 3 #=R15
L 35 660 10 0 2 0 1 0  GND_R15
A 25 660 10 0 9 0 PINTYPE=BI
P 43 0 650 30 650 0 2 0
A 25 650 10 0 9 3 #=R16
L 35 650 10 0 2 0 1 0  GND_R16
A 25 650 10 0 9 0 PINTYPE=BI
P 44 0 640 30 640 0 2 0
A 25 640 10 0 9 3 #=R17
L 35 640 10 0 2 0 1 0  GND_R17
A 25 640 10 0 9 0 PINTYPE=BI
P 45 0 630 30 630 0 2 0
A 25 630 10 0 9 3 #=R18
L 35 630 10 0 2 0 1 0  GND_R18
A 25 630 10 0 9 0 PINTYPE=BI
P 46 0 620 30 620 0 2 0
A 25 620 10 0 9 3 #=R19
L 35 620 10 0 2 0 1 0  GND_R19
A 25 620 10 0 9 0 PINTYPE=BI
P 47 0 610 30 610 0 2 0
A 25 610 10 0 9 3 #=R20
L 35 610 10 0 2 0 1 0  GND_R20
A 25 610 10 0 9 0 PINTYPE=BI
P 48 0 600 30 600 0 2 0
A 25 600 10 0 9 3 #=R21
L 35 600 10 0 2 0 1 0  GND_R21
A 25 600 10 0 9 0 PINTYPE=BI
P 49 0 590 30 590 0 2 0
A 25 590 10 0 9 3 #=R22
L 35 590 10 0 2 0 1 0  GND_R22
A 25 590 10 0 9 0 PINTYPE=BI
P 50 0 580 30 580 0 2 0
A 25 580 10 0 9 3 #=T1
L 35 580 10 0 2 0 1 0  GND_T1
A 25 580 10 0 9 0 PINTYPE=BI
P 51 0 570 30 570 0 2 0
A 25 570 10 0 9 3 #=T2
L 35 570 10 0 2 0 1 0  GND_T2
A 25 570 10 0 9 0 PINTYPE=BI
P 52 0 560 30 560 0 2 0
A 25 560 10 0 9 3 #=T3
L 35 560 10 0 2 0 1 0  GND_T3
A 25 560 10 0 9 0 PINTYPE=BI
P 53 0 550 30 550 0 2 0
A 25 550 10 0 9 3 #=T4
L 35 550 10 0 2 0 1 0  GND_T4
A 25 550 10 0 9 0 PINTYPE=BI
P 54 0 540 30 540 0 2 0
A 25 540 10 0 9 3 #=T5
L 35 540 10 0 2 0 1 0  GND_T5
A 25 540 10 0 9 0 PINTYPE=BI
P 55 0 530 30 530 0 2 0
A 25 530 10 0 9 3 #=T6
L 35 530 10 0 2 0 1 0  GND_T6
A 25 530 10 0 9 0 PINTYPE=BI
P 56 0 520 30 520 0 2 0
A 25 520 10 0 9 3 #=T8
L 35 520 10 0 2 0 1 0  GND_T8
A 25 520 10 0 9 0 PINTYPE=BI
P 57 0 510 30 510 0 2 0
A 25 510 10 0 9 3 #=T9
L 35 510 10 0 2 0 1 0  GND_T9
A 25 510 10 0 9 0 PINTYPE=BI
P 58 0 500 30 500 0 2 0
A 25 500 10 0 9 3 #=T11
L 35 500 10 0 2 0 1 0  GND_T11
A 25 500 10 0 9 0 PINTYPE=BI
P 59 0 490 30 490 0 2 0
A 25 490 10 0 9 3 #=T12
L 35 490 10 0 2 0 1 0  GND_T12
A 25 490 10 0 9 0 PINTYPE=BI
P 60 0 480 30 480 0 2 0
A 25 480 10 0 9 3 #=T13
L 35 480 10 0 2 0 1 0  GND_T13
A 25 480 10 0 9 0 PINTYPE=BI
P 61 0 470 30 470 0 2 0
A 25 470 10 0 9 3 #=T14
L 35 470 10 0 2 0 1 0  GND_T14
A 25 470 10 0 9 0 PINTYPE=BI
P 62 0 460 30 460 0 2 0
A 25 460 10 0 9 3 #=T15
L 35 460 10 0 2 0 1 0  GND_T15
A 25 460 10 0 9 0 PINTYPE=BI
P 63 0 450 30 450 0 2 0
A 25 450 10 0 9 3 #=T16
L 35 450 10 0 2 0 1 0  GND_T16
A 25 450 10 0 9 0 PINTYPE=BI
P 64 0 440 30 440 0 2 0
A 25 440 10 0 9 3 #=T17
L 35 440 10 0 2 0 1 0  GND_T17
A 25 440 10 0 9 0 PINTYPE=BI
P 65 0 430 30 430 0 2 0
A 25 430 10 0 9 3 #=T18
L 35 430 10 0 2 0 1 0  GND_T18
A 25 430 10 0 9 0 PINTYPE=BI
P 66 0 420 30 420 0 2 0
A 25 420 10 0 9 3 #=T19
L 35 420 10 0 2 0 1 0  GND_T19
A 25 420 10 0 9 0 PINTYPE=BI
P 67 0 410 30 410 0 2 0
A 25 410 10 0 9 3 #=T20
L 35 410 10 0 2 0 1 0  GND_T20
A 25 410 10 0 9 0 PINTYPE=BI
P 68 0 400 30 400 0 2 0
A 25 400 10 0 9 3 #=T21
L 35 400 10 0 2 0 1 0  GND_T21
A 25 400 10 0 9 0 PINTYPE=BI
P 69 0 390 30 390 0 2 0
A 25 390 10 0 9 3 #=T22
L 35 390 10 0 2 0 1 0  GND_T22
A 25 390 10 0 9 0 PINTYPE=BI
P 70 0 380 30 380 0 2 0
A 25 380 10 0 9 3 #=U2
L 35 380 10 0 2 0 1 0  GND_U2
A 25 380 10 0 9 0 PINTYPE=BI
P 71 0 370 30 370 0 2 0
A 25 370 10 0 9 3 #=U3
L 35 370 10 0 2 0 1 0  GND_U3
A 25 370 10 0 9 0 PINTYPE=BI
P 72 0 360 30 360 0 2 0
A 25 360 10 0 9 3 #=U4
L 35 360 10 0 2 0 1 0  GND_U4
A 25 360 10 0 9 0 PINTYPE=BI
P 73 0 350 30 350 0 2 0
A 25 350 10 0 9 3 #=U5
L 35 350 10 0 2 0 1 0  GND_U5
A 25 350 10 0 9 0 PINTYPE=BI
P 74 0 340 30 340 0 2 0
A 25 340 10 0 9 3 #=U7
L 35 340 10 0 2 0 1 0  GND_U7
A 25 340 10 0 9 0 PINTYPE=BI
P 75 0 330 30 330 0 2 0
A 25 330 10 0 9 3 #=U8
L 35 330 10 0 2 0 1 0  GND_U8
A 25 330 10 0 9 0 PINTYPE=BI
P 76 0 320 30 320 0 2 0
A 25 320 10 0 9 3 #=U10
L 35 320 10 0 2 0 1 0  GND_U10
A 25 320 10 0 9 0 PINTYPE=BI
P 77 0 310 30 310 0 2 0
A 25 310 10 0 9 3 #=U11
L 35 310 10 0 2 0 1 0  GND_U11
A 25 310 10 0 9 0 PINTYPE=BI
P 78 0 300 30 300 0 2 0
A 25 300 10 0 9 3 #=U12
L 35 300 10 0 2 0 1 0  GND_U12
A 25 300 10 0 9 0 PINTYPE=BI
P 79 0 290 30 290 0 2 0
A 25 290 10 0 9 3 #=U13
L 35 290 10 0 2 0 1 0  GND_U13
A 25 290 10 0 9 0 PINTYPE=BI
P 80 0 280 30 280 0 2 0
A 25 280 10 0 9 3 #=U14
L 35 280 10 0 2 0 1 0  GND_U14
A 25 280 10 0 9 0 PINTYPE=BI
P 81 0 270 30 270 0 2 0
A 25 270 10 0 9 3 #=U15
L 35 270 10 0 2 0 1 0  GND_U15
A 25 270 10 0 9 0 PINTYPE=BI
P 82 0 260 30 260 0 2 0
A 25 260 10 0 9 3 #=U16
L 35 260 10 0 2 0 1 0  GND_U16
A 25 260 10 0 9 0 PINTYPE=BI
P 83 0 250 30 250 0 2 0
A 25 250 10 0 9 3 #=U17
L 35 250 10 0 2 0 1 0  GND_U17
A 25 250 10 0 9 0 PINTYPE=BI
P 84 0 240 30 240 0 2 0
A 25 240 10 0 9 3 #=U19
L 35 240 10 0 2 0 1 0  GND_U19
A 25 240 10 0 9 0 PINTYPE=BI
P 85 0 230 30 230 0 2 0
A 25 230 10 0 9 3 #=U21
L 35 230 10 0 2 0 1 0  GND_U21
A 25 230 10 0 9 0 PINTYPE=BI
P 86 0 220 30 220 0 2 0
A 25 220 10 0 9 3 #=V2
L 35 220 10 0 2 0 1 0  GND_V2
A 25 220 10 0 9 0 PINTYPE=BI
P 87 0 210 30 210 0 2 0
A 25 210 10 0 9 3 #=V3
L 35 210 10 0 2 0 1 0  GND_V3
A 25 210 10 0 9 0 PINTYPE=BI
P 88 0 200 30 200 0 2 0
A 25 200 10 0 9 3 #=V4
L 35 200 10 0 2 0 1 0  GND_V4
A 25 200 10 0 9 0 PINTYPE=BI
P 89 0 190 30 190 0 2 0
A 25 190 10 0 9 3 #=V5
L 35 190 10 0 2 0 1 0  GND_V5
A 25 190 10 0 9 0 PINTYPE=BI
P 90 0 180 30 180 0 2 0
A 25 180 10 0 9 3 #=V6
L 35 180 10 0 2 0 1 0  GND_V6
A 25 180 10 0 9 0 PINTYPE=BI
P 91 0 170 30 170 0 2 0
A 25 170 10 0 9 3 #=V8
L 35 170 10 0 2 0 1 0  GND_V8
A 25 170 10 0 9 0 PINTYPE=BI
P 92 0 160 30 160 0 2 0
A 25 160 10 0 9 3 #=V9
L 35 160 10 0 2 0 1 0  GND_V9
A 25 160 10 0 9 0 PINTYPE=BI
P 93 0 150 30 150 0 2 0
A 25 150 10 0 9 3 #=V11
L 35 150 10 0 2 0 1 0  GND_V11
A 25 150 10 0 9 0 PINTYPE=BI
P 94 0 140 30 140 0 2 0
A 25 140 10 0 9 3 #=V12
L 35 140 10 0 2 0 1 0  GND_V12
A 25 140 10 0 9 0 PINTYPE=BI
P 95 0 130 30 130 0 2 0
A 25 130 10 0 9 3 #=V13
L 35 130 10 0 2 0 1 0  GND_V13
A 25 130 10 0 9 0 PINTYPE=BI
P 96 0 120 30 120 0 2 0
A 25 120 10 0 9 3 #=V14
L 35 120 10 0 2 0 1 0  GND_V14
A 25 120 10 0 9 0 PINTYPE=BI
P 97 0 110 30 110 0 2 0
A 25 110 10 0 9 3 #=V15
L 35 110 10 0 2 0 1 0  GND_V15
A 25 110 10 0 9 0 PINTYPE=BI
P 98 0 100 30 100 0 2 0
A 25 100 10 0 9 3 #=V16
L 35 100 10 0 2 0 1 0  GND_V16
A 25 100 10 0 9 0 PINTYPE=BI
P 99 0 90 30 90 0 2 0
A 25 90 10 0 9 3 #=V18
L 35 90 10 0 2 0 1 0  GND_V18
A 25 90 10 0 9 0 PINTYPE=BI
P 100 0 80 30 80 0 2 0
A 25 80 10 0 9 3 #=V20
L 35 80 10 0 2 0 1 0  GND_V20
A 25 80 10 0 9 0 PINTYPE=BI
P 101 215 1070 185 1070 0 3 0
A 190 1070 10 0 3 3 #=V22
L 180 1070 10 0 8 0 1 0  GND_V22
A 180 1070 10 0 3 0 PINTYPE=BI
P 102 215 1060 185 1060 0 3 0
A 190 1060 10 0 3 3 #=W1
L 180 1060 10 0 8 0 1 0  GND_W1
A 180 1060 10 0 3 0 PINTYPE=BI
P 103 215 1050 185 1050 0 3 0
A 190 1050 10 0 3 3 #=W2
L 180 1050 10 0 8 0 1 0  GND_W2
A 180 1050 10 0 3 0 PINTYPE=BI
P 104 215 1040 185 1040 0 3 0
A 190 1040 10 0 3 3 #=W3
L 180 1040 10 0 8 0 1 0  GND_W3
A 180 1040 10 0 3 0 PINTYPE=BI
P 105 215 1030 185 1030 0 3 0
A 190 1030 10 0 3 3 #=W4
L 180 1030 10 0 8 0 1 0  GND_W4
A 180 1030 10 0 3 0 PINTYPE=BI
P 106 215 1020 185 1020 0 3 0
A 190 1020 10 0 3 3 #=W5
L 180 1020 10 0 8 0 1 0  GND_W5
A 180 1020 10 0 3 0 PINTYPE=BI
P 107 215 1010 185 1010 0 3 0
A 190 1010 10 0 3 3 #=W6
L 180 1010 10 0 8 0 1 0  GND_W6
A 180 1010 10 0 3 0 PINTYPE=BI
P 108 215 1000 185 1000 0 3 0
A 190 1000 10 0 3 3 #=W7
L 180 1000 10 0 8 0 1 0  GND_W7
A 180 1000 10 0 3 0 PINTYPE=BI
P 109 215 990 185 990 0 3 0
A 190 990 10 0 3 3 #=W8
L 180 990 10 0 8 0 1 0  GND_W8
A 180 990 10 0 3 0 PINTYPE=BI
P 110 215 980 185 980 0 3 0
A 190 980 10 0 3 3 #=W10
L 180 980 10 0 8 0 1 0  GND_W10
A 180 980 10 0 3 0 PINTYPE=BI
P 111 215 970 185 970 0 3 0
A 190 970 10 0 3 3 #=W11
L 180 970 10 0 8 0 1 0  GND_W11
A 180 970 10 0 3 0 PINTYPE=BI
P 112 215 960 185 960 0 3 0
A 190 960 10 0 3 3 #=W12
L 180 960 10 0 8 0 1 0  GND_W12
A 180 960 10 0 3 0 PINTYPE=BI
P 113 215 950 185 950 0 3 0
A 190 950 10 0 3 3 #=W13
L 180 950 10 0 8 0 1 0  GND_W13
A 180 950 10 0 3 0 PINTYPE=BI
P 114 215 940 185 940 0 3 0
A 190 940 10 0 3 3 #=W14
L 180 940 10 0 8 0 1 0  GND_W14
A 180 940 10 0 3 0 PINTYPE=BI
P 115 215 930 185 930 0 3 0
A 190 930 10 0 3 3 #=W15
L 180 930 10 0 8 0 1 0  GND_W15
A 180 930 10 0 3 0 PINTYPE=BI
P 116 215 920 185 920 0 3 0
A 190 920 10 0 3 3 #=W16
L 180 920 10 0 8 0 1 0  GND_W16
A 180 920 10 0 3 0 PINTYPE=BI
P 117 215 910 185 910 0 3 0
A 190 910 10 0 3 3 #=W17
L 180 910 10 0 8 0 1 0  GND_W17
A 180 910 10 0 3 0 PINTYPE=BI
P 118 215 900 185 900 0 3 0
A 190 900 10 0 3 3 #=W19
L 180 900 10 0 8 0 1 0  GND_W19
A 180 900 10 0 3 0 PINTYPE=BI
P 119 215 890 185 890 0 3 0
A 190 890 10 0 3 3 #=W21
L 180 890 10 0 8 0 1 0  GND_W21
A 180 890 10 0 3 0 PINTYPE=BI
P 120 215 880 185 880 0 3 0
A 190 880 10 0 3 3 #=Y1
L 180 880 10 0 8 0 1 0  GND_Y1
A 180 880 10 0 3 0 PINTYPE=BI
P 121 215 870 185 870 0 3 0
A 190 870 10 0 3 3 #=Y2
L 180 870 10 0 8 0 1 0  GND_Y2
A 180 870 10 0 3 0 PINTYPE=BI
P 122 215 860 185 860 0 3 0
A 190 860 10 0 3 3 #=Y3
L 180 860 10 0 8 0 1 0  GND_Y3
A 180 860 10 0 3 0 PINTYPE=BI
P 123 215 850 185 850 0 3 0
A 190 850 10 0 3 3 #=Y4
L 180 850 10 0 8 0 1 0  GND_Y4
A 180 850 10 0 3 0 PINTYPE=BI
P 124 215 840 185 840 0 3 0
A 190 840 10 0 3 3 #=Y5
L 180 840 10 0 8 0 1 0  GND_Y5
A 180 840 10 0 3 0 PINTYPE=BI
P 125 215 830 185 830 0 3 0
A 190 830 10 0 3 3 #=Y6
L 180 830 10 0 8 0 1 0  GND_Y6
A 180 830 10 0 3 0 PINTYPE=BI
P 126 215 820 185 820 0 3 0
A 190 820 10 0 3 3 #=Y7
L 180 820 10 0 8 0 1 0  GND_Y7
A 180 820 10 0 3 0 PINTYPE=BI
P 127 215 810 185 810 0 3 0
A 190 810 10 0 3 3 #=Y8
L 180 810 10 0 8 0 1 0  GND_Y8
A 180 810 10 0 3 0 PINTYPE=BI
P 128 215 800 185 800 0 3 0
A 190 800 10 0 3 3 #=Y9
L 180 800 10 0 8 0 1 0  GND_Y9
A 180 800 10 0 3 0 PINTYPE=BI
P 129 215 790 185 790 0 3 0
A 190 790 10 0 3 3 #=Y10
L 180 790 10 0 8 0 1 0  GND_Y10
A 180 790 10 0 3 0 PINTYPE=BI
P 130 215 780 185 780 0 3 0
A 190 780 10 0 3 3 #=Y11
L 180 780 10 0 8 0 1 0  GND_Y11
A 180 780 10 0 3 0 PINTYPE=BI
P 131 215 770 185 770 0 3 0
A 190 770 10 0 3 3 #=Y12
L 180 770 10 0 8 0 1 0  GND_Y12
A 180 770 10 0 3 0 PINTYPE=BI
P 132 215 760 185 760 0 3 0
A 190 760 10 0 3 3 #=Y13
L 180 760 10 0 8 0 1 0  GND_Y13
A 180 760 10 0 3 0 PINTYPE=BI
P 133 215 750 185 750 0 3 0
A 190 750 10 0 3 3 #=Y14
L 180 750 10 0 8 0 1 0  GND_Y14
A 180 750 10 0 3 0 PINTYPE=BI
P 134 215 740 185 740 0 3 0
A 190 740 10 0 3 3 #=Y15
L 180 740 10 0 8 0 1 0  GND_Y15
A 180 740 10 0 3 0 PINTYPE=BI
P 135 215 730 185 730 0 3 0
A 190 730 10 0 3 3 #=Y16
L 180 730 10 0 8 0 1 0  GND_Y16
A 180 730 10 0 3 0 PINTYPE=BI
P 136 215 720 185 720 0 3 0
A 190 720 10 0 3 3 #=Y18
L 180 720 10 0 8 0 1 0  GND_Y18
A 180 720 10 0 3 0 PINTYPE=BI
P 137 215 710 185 710 0 3 0
A 190 710 10 0 3 3 #=Y20
L 180 710 10 0 8 0 1 0  GND_Y20
A 180 710 10 0 3 0 PINTYPE=BI
P 138 215 700 185 700 0 3 0
A 190 700 10 0 3 3 #=Y22
L 180 700 10 0 8 0 1 0  GND_Y22
A 180 700 10 0 3 0 PINTYPE=BI
P 139 215 690 185 690 0 3 0
A 190 690 10 0 3 3 #=AA2
L 180 690 10 0 8 0 1 0  GND_AA2
A 180 690 10 0 3 0 PINTYPE=BI
P 140 215 680 185 680 0 3 0
A 190 680 10 0 3 3 #=AA3
L 180 680 10 0 8 0 1 0  GND_AA3
A 180 680 10 0 3 0 PINTYPE=BI
P 141 215 670 185 670 0 3 0
A 190 670 10 0 3 3 #=AA4
L 180 670 10 0 8 0 1 0  GND_AA4
A 180 670 10 0 3 0 PINTYPE=BI
P 142 215 660 185 660 0 3 0
A 190 660 10 0 3 3 #=AA5
L 180 660 10 0 8 0 1 0  GND_AA5
A 180 660 10 0 3 0 PINTYPE=BI
P 143 215 650 185 650 0 3 0
A 190 650 10 0 3 3 #=AA6
L 180 650 10 0 8 0 1 0  GND_AA6
A 180 650 10 0 3 0 PINTYPE=BI
P 144 215 640 185 640 0 3 0
A 190 640 10 0 3 3 #=AA7
L 180 640 10 0 8 0 1 0  GND_AA7
A 180 640 10 0 3 0 PINTYPE=BI
P 145 215 630 185 630 0 3 0
A 190 630 10 0 3 3 #=AA8
L 180 630 10 0 8 0 1 0  GND_AA8
A 180 630 10 0 3 0 PINTYPE=BI
P 146 215 620 185 620 0 3 0
A 190 620 10 0 3 3 #=AA9
L 180 620 10 0 8 0 1 0  GND_AA9
A 180 620 10 0 3 0 PINTYPE=BI
P 147 215 610 185 610 0 3 0
A 190 610 10 0 3 3 #=AA10
L 180 610 10 0 8 0 1 0  GND_AA10
A 180 610 10 0 3 0 PINTYPE=BI
P 148 215 600 185 600 0 3 0
A 190 600 10 0 3 3 #=AA11
L 180 600 10 0 8 0 1 0  GND_AA11
A 180 600 10 0 3 0 PINTYPE=BI
P 149 215 590 185 590 0 3 0
A 190 590 10 0 3 3 #=AA12
L 180 590 10 0 8 0 1 0  GND_AA12
A 180 590 10 0 3 0 PINTYPE=BI
P 150 215 580 185 580 0 3 0
A 190 580 10 0 3 3 #=AA13
L 180 580 10 0 8 0 1 0  GND_AA13
A 180 580 10 0 3 0 PINTYPE=BI
P 151 215 570 185 570 0 3 0
A 190 570 10 0 3 3 #=AA14
L 180 570 10 0 8 0 1 0  GND_AA14
A 180 570 10 0 3 0 PINTYPE=BI
P 152 215 560 185 560 0 3 0
A 190 560 10 0 3 3 #=AA15
L 180 560 10 0 8 0 1 0  GND_AA15
A 180 560 10 0 3 0 PINTYPE=BI
P 153 215 550 185 550 0 3 0
A 190 550 10 0 3 3 #=AA16
L 180 550 10 0 8 0 1 0  GND_AA16
A 180 550 10 0 3 0 PINTYPE=BI
P 154 215 540 185 540 0 3 0
A 190 540 10 0 3 3 #=AA17
L 180 540 10 0 8 0 1 0  GND_AA17
A 180 540 10 0 3 0 PINTYPE=BI
P 155 215 530 185 530 0 3 0
A 190 530 10 0 3 3 #=AA19
L 180 530 10 0 8 0 1 0  GND_AA19
A 180 530 10 0 3 0 PINTYPE=BI
P 156 215 520 185 520 0 3 0
A 190 520 10 0 3 3 #=AA21
L 180 520 10 0 8 0 1 0  GND_AA21
A 180 520 10 0 3 0 PINTYPE=BI
P 157 215 510 185 510 0 3 0
A 190 510 10 0 3 3 #=AB2
L 180 510 10 0 8 0 1 0  GND_AB2
A 180 510 10 0 3 0 PINTYPE=BI
P 158 215 500 185 500 0 3 0
A 190 500 10 0 3 3 #=AB3
L 180 500 10 0 8 0 1 0  GND_AB3
A 180 500 10 0 3 0 PINTYPE=BI
P 159 215 490 185 490 0 3 0
A 190 490 10 0 3 3 #=AB4
L 180 490 10 0 8 0 1 0  GND_AB4
A 180 490 10 0 3 0 PINTYPE=BI
P 160 215 480 185 480 0 3 0
A 190 480 10 0 3 3 #=AB5
L 180 480 10 0 8 0 1 0  GND_AB5
A 180 480 10 0 3 0 PINTYPE=BI
P 161 215 470 185 470 0 3 0
A 190 470 10 0 3 3 #=AB6
L 180 470 10 0 8 0 1 0  GND_AB6
A 180 470 10 0 3 0 PINTYPE=BI
P 162 215 460 185 460 0 3 0
A 190 460 10 0 3 3 #=AB7
L 180 460 10 0 8 0 1 0  GND_AB7
A 180 460 10 0 3 0 PINTYPE=BI
P 163 215 450 185 450 0 3 0
A 190 450 10 0 3 3 #=AB8
L 180 450 10 0 8 0 1 0  GND_AB8
A 180 450 10 0 3 0 PINTYPE=BI
P 164 215 440 185 440 0 3 0
A 190 440 10 0 3 3 #=AB9
L 180 440 10 0 8 0 1 0  GND_AB9
A 180 440 10 0 3 0 PINTYPE=BI
P 165 215 430 185 430 0 3 0
A 190 430 10 0 3 3 #=AB10
L 180 430 10 0 8 0 1 0  GND_AB10
A 180 430 10 0 3 0 PINTYPE=BI
P 166 215 420 185 420 0 3 0
A 190 420 10 0 3 3 #=AB11
L 180 420 10 0 8 0 1 0  GND_AB11
A 180 420 10 0 3 0 PINTYPE=BI
P 167 215 410 185 410 0 3 0
A 190 410 10 0 3 3 #=AB12
L 180 410 10 0 8 0 1 0  GND_AB12
A 180 410 10 0 3 0 PINTYPE=BI
P 168 215 400 185 400 0 3 0
A 190 400 10 0 3 3 #=AB13
L 180 400 10 0 8 0 1 0  GND_AB13
A 180 400 10 0 3 0 PINTYPE=BI
P 169 215 390 185 390 0 3 0
A 190 390 10 0 3 3 #=AB14
L 180 390 10 0 8 0 1 0  GND_AB14
A 180 390 10 0 3 0 PINTYPE=BI
P 170 215 380 185 380 0 3 0
A 190 380 10 0 3 3 #=AB15
L 180 380 10 0 8 0 1 0  GND_AB15
A 180 380 10 0 3 0 PINTYPE=BI
P 171 215 370 185 370 0 3 0
A 190 370 10 0 3 3 #=AB16
L 180 370 10 0 8 0 1 0  GND_AB16
A 180 370 10 0 3 0 PINTYPE=BI
P 172 215 360 185 360 0 3 0
A 190 360 10 0 3 3 #=AB18
L 180 360 10 0 8 0 1 0  GND_AB18
A 180 360 10 0 3 0 PINTYPE=BI
P 173 215 350 185 350 0 3 0
A 190 350 10 0 3 3 #=AB20
L 180 350 10 0 8 0 1 0  GND_AB20
A 180 350 10 0 3 0 PINTYPE=BI
P 174 215 340 185 340 0 3 0
A 190 340 10 0 3 3 #=AB22
L 180 340 10 0 8 0 1 0  GND_AB22
A 180 340 10 0 3 0 PINTYPE=BI
T 110 1120 20 0 5 GND_A_2
T 110 1100 20 0 5 GTMFF1924
U 30 1140 10 0 3 3 DEVICE=XXXXXXX
U 30 50 16 0 1 3 REFDES=U?
U 185 35 10 0 9 3 PKG_TYPE=XXXXXXX
U 0 0 10 0 3 0 HETERO=gtmff1924A_POWER_A,gtmff1924A_JTAG_A,gtmff1924A_VCO_A,gtmff1924A_MEM_A,gtmff1924A_SCAN_A,gtmff1924A_GTM_A,gtmff1924A_ESD_A,gtmff1924A_GND_A_1,gtmff1924A_GND_A_2,gtmff1924A_POWER_C,gtmff1924A_JTAG_C,gtmff1924A_VCO_C,gtmff1924A_MEM_C,gtmff1924A_SCAN_C,gtmff1924A_GTM_C,gtmff1924A_ESD_C,gtmff1924A_GND_C_1,gtmff1924A_GND_C_2,gtmff1924A_POWER_B,gtmff1924A_JTAG_B,gtmff1924A_VCO_B,gtmff1924A_MEM_B,gtmff1924A_SCAN_B,gtmff1924A_GTM_B,gtmff1924A_ESD_B,gtmff1924A_GND_B_1,gtmff1924A_GND_B_2,gtmff1924A_POWER_D,gtmff1924A_JTAG_D,gtmff1924A_VCO_D,gtmff1924A_MEM_D,gtmff1924A_SCAN_D,gtmff1924A_GTM_D,gtmff1924A_ESD_D,gtmff1924A_GND_D_1,gtmff1924A_GND_D_2
E