V 51
K 255054977000 hdr_clk_sel
|R 0:58_8-16-13
Y 1
D 0 0 80 100
Z 10
i 17
U 0 -80 10 0 3 0 DIST_P/N=S2011E-36-ND
U 0 -70 10 0 3 0 DIST=DIGIKEY
U 0 -60 10 0 3 0 MFG_P/N=PBC36DAAN
U 0 -50 10 0 3 0 MFG=SULLINS
U 0 -40 10 0 3 0 PARTS=1
U 0 -30 10 0 3 0 PKG_TYPE=HDR_CLK_SEL
U 0 -20 10 0 3 0 DEVICE=HDR_CLK_SEL
U 0 -10 10 0 3 0 LEVEL=STD
l 2 40 10 40 90
T 48 20 10 0 3 2
T 48 35 10 0 3 1
T 47 50 10 0 3 0
T 47 65 10 0 3 C
c 50 70 5
c 50 25 5
c 50 40 5
c 50 55 5
c 30 25 5
c 50 50 0
c 30 40 5
c 30 70 5
T 27 65 10 0 3 C
c 30 55 5
T 27 50 10 0 3 0
T 27 35 10 0 3 1
T 27 20 10 0 3 2
T 28 79 10 0 3 P
T 48 79 10 0 3 N
P 17 80 70 60 70 0 3 0
A 80 70 10 0 9 0 PINTYPE=OUT
A 70 70 10 0 9 3 #=5
L 70 70 10 0 3 0 0 0 COM_N
P 14 0 70 20 70 0 2 0
A 0 70 10 0 3 0 PINTYPE=OUT
A 10 70 10 0 3 3 #=4
L 15 70 10 0 3 0 0 0 COM_P
P 13 0 55 20 55 0 2 0
A 0 55 10 0 3 0 PINTYPE=IN
A 10 55 10 0 3 3 #=1
L 10 55 10 0 3 0 0 0 A0_P
P 16 80 55 60 55 0 3 0
A 80 55 10 0 9 0 PINTYPE=IN
A 70 55 10 0 9 3 #=2
L 70 55 10 0 3 0 0 0 A0_N
P 12 0 40 20 40 0 2 0
A 0 40 10 0 3 0 PINTYPE=IN
A 10 40 10 0 3 3 #=3
L 15 40 10 0 3 0 0 0 A1_P
P 15 80 40 60 40 0 3 0
A 80 40 10 0 9 0 PINTYPE=IN
A 70 40 10 0 9 3 #=6
L 65 40 10 0 3 0 0 0 A1_N
P 1 0 25 20 25 0 2 0
A 0 25 10 0 3 0 PINTYPE=IN
A 10 25 10 0 3 3 #=7
L 15 25 10 0 3 0 0 0 A2_P
P 2 80 25 60 25 0 3 0
A 80 25 10 0 9 0 PINTYPE=IN
A 70 25 10 0 9 3 #=8
L 70 25 10 0 3 0 0 0 A2_N
U 30 95 16 0 3 3 REFDES=J?
b 20 10 60 90
b 20 62 60 63
Q 2 1 0
E
