V 51
K 326462379800 hdr_remote_sense_a
|R 22:27_5-7-10
Y 1
D 0 0 40 40
Z 10
i 157
U 0 -60 10 0 3 0 MANF=MOLEX
U 0 -50 10 0 3 0 PKG_TYPE=HDR_1X2_LOCK_MOLEX
U 0 -40 10 0 3 0 MANF_P/N=22-11-2022
U 0 -30 10 0 3 0 PARTS=1
U 0 -20 10 0 3 0 LEVEL=STD
U 0 -15 16 0 3 3 REFDES=J?
U 0 40 10 0 3 0 DEVICE=22-11-2022
U 0 40 10 0 3 3 VALUE=XXX
P 156 40 10 30 10 0 3 0
L 40 10 10 0 3 0 0 0 P2
A 45 10 10 0 9 0 PINTYPE=BI
A 35 10 10 0 9 3 #=2
P 155 40 30 30 30 0 3 0
A 45 30 10 0 9 0 PINTYPE=BI
A 35 30 10 0 9 3 #=1
L 40 30 10 0 3 0 0 0 P1
l 2 25 10 30 10
l 2 22 10 18 10
b 10 0 30 20
c 20 10 5
l 2 20 28 20 32
b 10 20 30 40
c 20 30 5
l 2 22 30 18 30
b 0 0 10 40
Q 2 13 0
l 2 25 30 30 30
E
