V 51
K 279119500400 hdr_1x10
|R 1:11_4-30-10
Y 1
D 0 0 40 200
Z 10
i 195
U 5 -75 10 0 3 0 LEVEL=STD
U 5 -95 10 0 3 0 PARTS=1
U 5 -85 10 0 3 0 DEVICE=HDR_1X10
U 0 -70 10 0 3 0 PKG_TYPE=HDR_1X10
U 0 -130 10 0 3 0 PRICE=XXXX
U -3 203 10 0 3 3 REFDES=J?
U 10 -20 10 0 3 3 VALUE=XX
P 147 40 190 20 190 0 3 0
L 40 185 10 0 3 0 0 0 P1
A 60 190 10 0 3 0 PINTYPE=BI
A 25 190 10 0 3 3 #=1
P 150 40 170 20 170 0 3 0
A 25 170 10 0 3 3 #=2
L 40 165 10 0 3 0 0 0 P2
A 60 170 10 0 3 0 PINTYPE=BI
P 151 40 150 20 150 0 3 0
A 25 150 10 0 3 3 #=3
L 40 145 10 0 3 0 0 0 P3
A 60 150 10 0 3 0 PINTYPE=BI
P 152 40 130 20 130 0 3 0
A 25 130 10 0 3 3 #=4
L 40 125 10 0 3 0 0 0 P4
A 60 130 10 0 3 0 PINTYPE=BI
P 153 40 110 20 110 0 3 0
A 25 110 10 0 3 3 #=5
L 40 105 10 0 3 0 0 0 P5
A 60 110 10 0 3 0 PINTYPE=BI
P 154 40 90 15 90 0 3 0
A 25 90 10 0 3 3 #=6
L 40 85 10 0 3 0 0 0 P6
A 60 90 10 0 3 0 PINTYPE=BI
P 155 40 70 20 70 0 3 0
A 60 70 10 0 3 0 PINTYPE=BI
L 40 65 10 0 3 0 0 0 P7
A 25 70 10 0 3 3 #=7
P 189 40 50 20 50 0 3 0
A 60 50 10 0 3 0 PINTYPE=BI
L 40 45 10 0 3 0 0 0 P8
A 25 50 10 0 3 3 #=8
P 191 40 30 20 30 0 3 0
A 25 30 10 0 3 3 #=9
L 40 25 10 0 3 0 0 0 P9
A 60 30 10 0 3 0 PINTYPE=BI
P 192 40 10 20 10 0 3 0
A 25 10 10 0 3 3 #=10
L 40 5 10 0 3 0 0 0 P10
A 60 10 10 0 3 0 PINTYPE=BI
c 10 30 5
b 0 20 20 40
b 0 40 20 60
c 10 50 5
b 0 100 20 120
c 10 110 5
c 10 90 5
b 0 80 20 100
c 10 70 5
b 0 60 20 80
b 0 120 20 140
c 10 130 5
b 0 140 20 160
c 10 150 5
c 10 170 5
b 0 180 20 200
c 10 190 5
b 0 160 20 180
b 0 0 20 20
c 10 10 5
E
