V 51
K 298036820400 hdr_1x18
|R 16:49_4-30-10
Y 1
D 0 0 40 360
Z 10
i 242
U 0 -20 10 0 3 0 PKG_TYPE=HDR_XXX
U 5 -75 10 0 3 0 LEVEL=STD
U 5 -95 10 0 3 0 PARTS=1
U 5 -85 10 0 3 0 DEVICE=HDR_XXX
U 7 363 10 0 3 3 REFDES=J?
U 0 -10 10 0 3 3 VALUE=XX
P 147 40 350 20 350 0 3 0
L 40 345 10 0 3 0 0 0 P1
A 60 350 10 0 3 0 PINTYPE=BI
A 25 350 10 0 3 3 #=1
P 150 40 330 20 330 0 3 0
A 25 330 10 0 3 3 #=2
L 40 325 10 0 3 0 0 0 P2
A 60 330 10 0 3 0 PINTYPE=BI
P 151 40 310 20 310 0 3 0
A 25 310 10 0 3 3 #=3
L 40 305 10 0 3 0 0 0 P3
A 60 310 10 0 3 0 PINTYPE=BI
P 152 40 290 20 290 0 3 0
A 25 290 10 0 3 3 #=4
L 40 285 10 0 3 0 0 0 P4
A 60 290 10 0 3 0 PINTYPE=BI
P 153 40 270 20 270 0 3 0
A 25 270 10 0 3 3 #=5
L 40 265 10 0 3 0 0 0 P5
A 60 270 10 0 3 0 PINTYPE=BI
P 154 40 250 15 250 0 3 0
A 25 250 10 0 3 3 #=6
L 40 245 10 0 3 0 0 0 P6
A 60 250 10 0 3 0 PINTYPE=BI
P 155 40 230 20 230 0 3 0
A 60 230 10 0 3 0 PINTYPE=BI
L 40 225 10 0 3 0 0 0 P7
A 25 230 10 0 3 3 #=7
P 189 40 210 20 210 0 3 0
A 60 210 10 0 3 0 PINTYPE=BI
L 40 205 10 0 3 0 0 0 P8
A 25 210 10 0 3 3 #=8
P 191 40 190 20 190 0 3 0
A 25 190 10 0 3 3 #=9
L 40 185 10 0 3 0 0 0 P9
A 60 190 10 0 3 0 PINTYPE=BI
P 209 40 10 20 10 0 3 0
A 60 10 10 0 3 0 PINTYPE=BI
L 40 5 10 0 3 0 0 0 P18
A 25 10 10 0 3 3 #=18
P 205 40 30 20 30 0 3 0
A 25 30 10 0 3 3 #=17
L 40 25 10 0 3 0 0 0 P17
A 60 30 10 0 3 0 PINTYPE=BI
P 204 40 50 15 50 0 3 0
A 60 50 10 0 3 0 PINTYPE=BI
L 40 45 10 0 3 0 0 0 P16
A 25 50 10 0 3 3 #=16
P 198 40 70 20 70 0 3 0
A 25 70 10 0 3 3 #=15
L 40 65 10 0 3 0 0 0 P15
A 60 70 10 0 3 0 PINTYPE=BI
P 193 40 90 20 90 0 3 0
A 60 90 10 0 3 0 PINTYPE=BI
L 40 85 10 0 3 0 0 0 P14
A 25 90 10 0 3 3 #=14
P 194 40 110 20 110 0 3 0
A 25 110 10 0 3 3 #=13
L 40 105 10 0 3 0 0 0 P13
A 60 110 10 0 3 0 PINTYPE=BI
P 195 40 130 20 130 0 3 0
A 25 130 10 0 3 3 #=12
L 40 125 10 0 3 0 0 0 P12
A 60 130 10 0 3 0 PINTYPE=BI
P 196 40 150 15 150 0 3 0
A 60 150 10 0 3 0 PINTYPE=BI
L 40 145 10 0 3 0 0 0 P11
A 25 150 10 0 3 3 #=11
P 197 40 170 20 170 0 3 0
A 60 170 10 0 3 0 PINTYPE=BI
L 40 165 10 0 3 0 0 0 P10
A 25 170 10 0 3 3 #=10
c 10 30 5
b 0 40 20 60
c 10 50 5
c 10 10 5
b 0 0 20 20
b 0 60 20 80
c 10 70 5
b 0 120 20 140
c 10 130 5
b 0 140 20 160
c 10 150 5
c 10 170 5
b 0 160 20 180
c 10 110 5
b 0 100 20 120
c 10 90 5
c 10 190 5
b 0 180 20 200
b 0 200 20 220
c 10 210 5
b 0 260 20 280
c 10 270 5
c 10 250 5
b 0 240 20 260
c 10 230 5
b 0 220 20 240
b 0 280 20 300
c 10 290 5
b 0 300 20 320
c 10 310 5
b 0 320 20 340
c 10 330 5
c 10 350 5
b 0 340 20 360
b 0 80 20 100
b 0 20 20 40
E
