V 53
K 1441933297 ics8543.1
F Case
|R 18:01:37_9-10-15
D -30 150 130 -45
Y 1
Z 10
i 39
U 65 -65 10 0 3 0 PKG_TYPE=TSSOP-20
U -5 -70 16 0 3 3 REFDES=U?
U 0 155 10 0 3 3 DEVICE=ICS8543
U -30 -45 10 0 1 0 FORWARD_PCB=1
b 0 -45 100 150
P 11 130 -10 100 -10 0 3 0
L 95 -10 9 0 8 0 1 0 GND_1
A 105 -10 9 0 3 3 #=1
A 100 -120 9 0 9 0 PINTYPE=POWER
P 12 -30 100 0 100 0 2 0
L 5 100 9 0 2 0 1 0 CLK_EN
A -5 100 9 0 9 3 #=2
A 0 0 9 0 3 0 PINTYPE=IN
P 13 -30 110 0 110 0 2 0
L 5 110 9 0 2 0 1 0 CLK_SEL
A -5 110 9 0 9 3 #=3
A 0 20 9 0 3 0 PINTYPE=IN
P 14 -30 50 0 50 0 2 0
L 5 50 9 0 2 0 1 0 CLK_P
A -5 50 9 0 9 3 #=4
A 0 -30 9 0 3 0 PINTYPE=IN
P 15 130 -20 100 -20 0 3 0
L 95 -20 9 0 8 0 1 0 GND_9
A 105 -20 9 0 3 3 #=9
A 100 -50 9 0 9 0 PINTYPE=POWER
P 16 130 140 100 140 0 3 0
L 95 140 9 0 8 0 1 0 VDDO2
A 105 140 9 0 3 3 #=10
A 100 120 9 0 9 0 PINTYPE=POWER
P 17 -30 40 0 40 0 2 0
L 5 40 9 0 2 0 1 0 CLK_N
A -5 40 9 0 9 3 #=5
A 0 -30 9 0 3 0 PINTYPE=IN
P 18 -30 80 0 80 0 2 0
L 5 80 9 0 2 0 1 0 PCLK_P
A -5 80 9 0 9 3 #=6
A 0 20 9 0 3 0 PINTYPE=IN
P 19 -30 120 0 120 0 2 0
L 5 120 9 0 2 0 1 0 OE
A -5 120 9 0 9 3 #=8
A 0 80 9 0 3 0 PINTYPE=IN
P 20 -30 70 0 70 0 2 0
L 5 70 9 0 2 0 1 0 PCLK_N
A -5 70 9 0 9 3 #=7
A 0 20 9 0 3 0 PINTYPE=IN
Q 0 5 0
|FNTSTL 0 5
P 21 130 20 100 20 0 3 0
L 95 20 9 0 8 0 1 0 Q3_N
A 100 0 9 0 9 0 PINTYPE=OUT
A 105 20 9 0 3 3 #=11
P 22 130 10 100 10 0 3 0
L 95 10 9 0 8 0 1 0 Q3_P
A 105 10 9 0 3 3 #=12
A 100 -10 9 0 9 0 PINTYPE=OUT
P 30 130 110 100 110 0 3 0
L 95 110 9 0 8 0 1 0 Q0_P
A 100 0 9 0 9 0 PINTYPE=OUT
A 105 110 9 0 3 3 #=20
P 31 130 100 100 100 0 3 0
L 95 100 9 0 8 0 1 0 Q0_N
A 105 100 9 0 3 3 #=19
A 100 -10 9 0 9 0 PINTYPE=OUT
P 32 130 130 100 130 0 3 0
L 95 130 9 0 8 0 1 0 VDDO1
A 100 20 9 0 9 0 PINTYPE=POWER
A 105 130 9 0 3 3 #=18
P 33 130 80 100 80 0 3 0
L 95 80 9 0 8 0 1 0 Q1_P
A 105 80 9 0 3 3 #=17
A 100 -30 9 0 9 0 PINTYPE=OUT
P 34 130 70 100 70 0 3 0
L 95 70 9 0 8 0 1 0 Q1_N
A 100 -40 9 0 9 0 PINTYPE=OUT
A 105 70 9 0 3 3 #=16
P 35 130 50 100 50 0 3 0
L 95 50 9 0 8 0 1 0 Q2_P
A 105 50 9 0 3 3 #=15
A 100 -60 9 0 9 0 PINTYPE=OUT
P 36 130 40 100 40 0 3 0
L 95 40 9 0 8 0 1 0 Q2_N
A 100 -70 9 0 9 0 PINTYPE=OUT
A 105 40 9 0 3 3 #=14
P 37 130 -30 100 -30 0 3 0
L 95 -30 9 0 8 0 1 0 GND_13
A 105 -30 9 0 3 3 #=13
A 100 -140 9 0 9 0 PINTYPE=POWER
E 
