V 51
K 37270383690 ics844051-1
|R 17:51_6-1-06
Y 1
D 0 0 170 100
Z 10
i 49
U -190 -40 10 0 3 0 LEVEL=STD
U -190 -50 10 0 3 0 PARTS=1
U -190 -70 10 0 3 0 PART_SPEC=ICS844021I
U 20 0 10 0 3 3 REFDES=U?
U 80 0 10 0 3 3 PKG_TYPE=TSSOP8
U 30 90 10 0 3 3 DEVICE=ICS844021I
P 49 0 80 20 80 0 2 0
A -30 70 10 0 9 0 PINTYPE=BI
A 20 80 10 0 9 3 #=1
L 20 80 10 0 2 1 1 0 VDDA
P 19 170 80 150 80 0 3 0
A 150 80 10 0 3 3 #=8
A 210 75 10 0 3 0 PINTYPE=BI
L 150 80 10 0 8 1 1 0 VDD
P 38 170 60 150 60 0 3 0
A 150 60 10 0 3 3 #=7
A 210 55 10 0 3 0 PINTYPE=BI
L 150 60 10 0 8 0 1 0 Q0
P 18 0 60 20 60 0 2 0
L 20 60 10 0 2 1 1 0 GND
A 20 60 10 0 9 3 #=2
A -30 50 10 0 9 0 PINTYPE=BI
P 20 0 40 20 40 0 2 0
A -30 30 10 0 9 0 PINTYPE=BI
A 20 40 10 0 9 3 #=3
L 20 40 10 0 2 0 1 0 XTAL_OUT
P 40 170 40 150 40 0 3 0
L 150 40 10 0 8 1 1 0 NQ0
A 150 40 10 0 3 3 #=6
A 210 35 10 0 3 0 PINTYPE=BI
P 27 170 20 150 20 0 3 0
A 150 20 10 0 3 3 #=5
A 210 15 10 0 3 0 PINTYPE=BI
L 150 20 10 0 8 0 1 0 OE
P 22 0 20 20 20 0 2 0
L 20 20 10 0 2 1 1 0 XTAL_IN
A 20 20 10 0 9 3 #=4
A -30 10 10 0 9 0 PINTYPE=BI
b 20 10 150 90
E
