V 53
K 1439254858 ics85104.1
F Case
|R 18:00:58_8-10-15
D 0 225 160 0
Y 1
Z 10
i 38
U 95 -15 10 0 3 0 PKG_TYPE=TSSOP-20
U 25 -20 16 0 3 3 REFDES=U?
U 30 230 10 0 3 3 DEVICE=ICS85104
U 0 0 10 0 1 0 FORWARD_PCB=1
b 30 0 130 225
P 11 0 210 30 210 0 2 0
L 35 210 9 0 2 0 1 0 GND
A 25 210 9 0 9 3 #=1
A 30 100 9 0 3 0 PINTYPE=POWER
P 12 0 190 30 190 0 2 0
L 35 190 9 0 2 0 1 0 CLK_EN
A 25 190 9 0 9 3 #=2
A 30 90 9 0 3 0 PINTYPE=IN
P 13 0 170 30 170 0 2 0
L 35 170 9 0 2 0 1 0 CLK_SEL
A 25 170 9 0 9 3 #=3
A 30 80 9 0 3 0 PINTYPE=IN
P 14 0 150 30 150 0 2 0
L 35 150 9 0 2 0 1 0 CLK0
A 25 150 9 0 9 3 #=4
A 30 70 9 0 3 0 PINTYPE=IN
P 15 0 50 30 50 0 2 0
L 35 50 9 0 2 0 1 0 IREF
A 25 50 9 0 9 3 #=9
A 30 20 9 0 3 0 PINTYPE=IN
P 16 0 30 30 30 0 2 0
L 35 30 9 0 2 0 1 0 VDD1
A 25 30 9 0 9 3 #=10
A 30 10 9 0 3 0 PINTYPE=POWER
P 17 0 130 30 130 0 2 0
L 35 130 9 0 2 0 1 0 NCLK0
A 25 130 9 0 9 3 #=5
A 30 60 9 0 3 0 PINTYPE=IN
P 18 0 110 30 110 0 2 0
L 35 110 9 0 2 0 1 0 CLK1
A 25 110 9 0 9 3 #=6
A 30 50 9 0 3 0 PINTYPE=IN
P 19 0 70 30 70 0 2 0
L 35 70 9 0 2 0 1 0 NC2
A 25 70 9 0 9 3 #=8
A 30 30 9 0 3 0 PINTYPE=BI
P 20 0 90 30 90 0 2 0
L 35 90 9 0 2 0 1 0 NC1
A 25 90 9 0 9 3 #=7
A 30 40 9 0 3 0 PINTYPE=BI
Q 0 5 0
|FNTSTL 0 5
P 21 160 30 130 30 0 3 0
L 125 30 9 0 8 0 1 0 NQ3
A 130 10 9 0 9 0 PINTYPE=OUT
A 135 30 9 0 3 3 #=11
P 22 160 50 130 50 0 3 0
L 125 50 9 0 8 0 1 0 Q3
A 135 50 9 0 3 3 #=12
A 130 30 9 0 9 0 PINTYPE=OUT
P 28 160 170 130 170 0 3 0
L 125 170 9 0 8 0 1 0 VDD2
A 130 60 9 0 9 0 PINTYPE=POWER
A 135 170 9 0 3 3 #=18
P 30 160 210 130 210 0 3 0
L 125 210 9 0 8 0 1 0 Q0
A 130 100 9 0 9 0 PINTYPE=OUT
A 135 210 9 0 3 3 #=20
P 31 160 190 130 190 0 3 0
L 125 190 9 0 8 0 1 0 NQ0
A 135 190 9 0 3 3 #=19
A 130 80 9 0 9 0 PINTYPE=OUT
P 33 160 150 130 150 0 3 0
L 125 150 9 0 8 0 1 0 Q1
A 135 150 9 0 3 3 #=17
A 130 40 9 0 9 0 PINTYPE=OUT
P 34 160 130 130 130 0 3 0
L 125 130 9 0 8 0 1 0 NQ1
A 130 20 9 0 9 0 PINTYPE=OUT
A 135 130 9 0 3 3 #=16
P 35 160 110 130 110 0 3 0
L 125 110 9 0 8 0 1 0 Q2
A 135 110 9 0 3 3 #=15
A 130 0 9 0 9 0 PINTYPE=OUT
P 36 160 90 130 90 0 3 0
L 125 90 9 0 8 0 1 0 NQ2
A 130 -20 9 0 9 0 PINTYPE=OUT
A 135 90 9 0 3 3 #=14
P 37 160 70 130 70 0 3 0
L 125 70 9 0 8 0 1 0 VDD3
A 135 70 9 0 3 3 #=13
A 130 -40 9 0 9 0 PINTYPE=POWER
E 
