V 51
K 117675502900 ip4856cx25
|R 21:53_4-15-13
Y 1
D -30 0 130 220
Z 10
i 46
U 0 0 9 0 3 0 PARTS=1
U 0 130 10 0 3 0 VALUE=VALUE
U 70 0 10 0 3 3 PKG_TYPE=PKG_TYPE
U -3 -5 16 0 3 3 REFDES=U?
U -5 210 10 0 3 3 DEVICE=DEVICE
b -10 10 110 210
P 18 -30 20 -10 20 0 2 0
L -5 20 10 0 2 0 1 0 ENABLE
A -15 20 10 0 9 3 #=C2
A -10 -40 9 0 3 0 PINTYPE=BI
P 11 -30 30 -10 30 0 2 0
L -5 30 10 0 2 0 1 0 SEL
A -15 30 10 0 9 3 #=B2
A -10 -80 9 0 3 0 PINTYPE=BI
P 17 -30 50 -10 50 0 2 0
L -5 50 10 0 2 0 1 0 DATA3_H
A -15 50 10 0 9 3 #=B1
A -10 -20 9 0 3 0 PINTYPE=BI
P 14 -30 60 -10 60 0 2 0
L -5 60 10 0 2 0 1 0 DATA2_H
A -15 60 10 0 9 3 #=A1
A -10 -20 9 0 3 0 PINTYPE=BI
P 13 -30 70 -10 70 0 2 0
L -5 70 10 0 2 0 1 0 DATA1_H
A -15 70 10 0 9 3 #=E1
A -10 -20 9 0 3 0 PINTYPE=BI
P 43 -30 80 -10 80 0 2 0
L -5 80 10 0 2 0 1 0 DIR_1_3
A -15 80 10 0 9 3 #=E3
A -10 50 9 0 3 0 PINTYPE=BI
P 41 -30 100 -10 100 0 2 0
A -10 70 9 0 3 0 PINTYPE=BI
A -15 100 10 0 9 3 #=A3
L -5 100 10 0 2 0 1 0 DIR_0
P 39 -30 140 -10 140 0 2 0
A -10 110 9 0 3 0 PINTYPE=BI
A -15 140 10 0 9 3 #=D2
L -5 140 10 0 2 0 1 0 CMD_H
P 40 -30 160 -10 160 0 2 0
L -5 160 10 0 2 0 1 0 CLK_FB
A -15 160 10 0 9 3 #=E2
A -10 130 9 0 3 0 PINTYPE=BI
P 19 -30 170 -10 170 0 2 0
L -5 170 10 0 2 0 1 0 CLK_IN
A -15 170 10 0 9 3 #=C1
A -10 130 9 0 3 0 PINTYPE=BI
P 30 -30 190 -10 190 0 2 0
L -5 190 10 4 8 0 1 0 VCCA
A -15 190 10 4 3 3 #=B3
A 90 80 9 4 3 0 PINTYPE=BI
P 35 -30 200 -10 200 0 2 0
L -5 200 10 4 8 0 1 0 VSUPPLY
A -15 200 10 4 3 3 #=A4
A 90 140 6 4 3 0 PINTYPE=BI
P 37 130 20 110 20 0 3 0
L 105 20 10 0 8 0 1 0 GND
A 115 20 10 0 3 3 #=C3
A 10 0 9 0 3 0 PINTYPE=BI
P 42 130 40 110 40 0 3 0
L 105 40 10 4 2 0 1 0 CD
A 115 40 10 4 9 3 #=D3
A 110 10 9 4 3 0 PINTYPE=BI
P 45 130 50 110 50 0 3 0
L 105 50 10 0 8 0 1 0 WP
A 115 50 10 0 3 3 #=E4
A 10 -60 9 0 3 0 PINTYPE=BI
P 34 130 80 110 80 0 3 0
L 105 80 10 0 8 0 1 0 DATA3_SD
A 115 80 10 0 3 3 #=B5
A 10 10 9 0 3 0 PINTYPE=BI
P 33 130 90 110 90 0 3 0
L 105 90 10 0 8 0 1 0 DATA2_SD
A 115 90 10 0 3 3 #=A5
A 10 10 9 0 3 0 PINTYPE=BI
P 32 130 100 110 100 0 3 0
L 105 100 10 0 8 0 1 0 DATA1_SD
A 115 100 10 0 3 3 #=E5
A 10 10 9 0 3 0 PINTYPE=BI
P 31 130 110 110 110 0 3 0
L 105 110 10 0 8 0 1 0 DATA0_SD
A 115 110 10 0 3 3 #=D5
A 10 10 9 0 3 0 PINTYPE=BI
P 46 130 130 110 130 0 3 0
L 105 130 10 0 8 0 1 0 CLK_SD
A 115 130 10 0 3 3 #=C5
A 10 20 9 0 3 0 PINTYPE=BI
P 44 130 140 110 140 0 3 0
A 10 30 9 0 3 0 PINTYPE=BI
A 115 140 10 0 3 3 #=D4
L 105 140 10 0 8 0 1 0 CMD_SD
P 38 130 160 110 160 0 3 0
L 105 160 10 0 8 0 1 0 V_SD_REF
A 115 160 10 0 3 3 #=C4
A 10 140 9 0 3 0 PINTYPE=BI
P 36 130 170 110 170 0 3 0
L 105 170 10 0 8 0 1 0 VLDO
A 115 170 10 0 3 3 #=B4
A 10 110 6 0 3 0 PINTYPE=BI
P 12 -30 110 -10 110 0 2 0
L -5 110 10 0 2 0 1 0 DATA0_H
A -15 110 10 0 9 3 #=D1
A -10 10 9 0 3 0 PINTYPE=BI
P 15 -30 130 -10 130 0 2 0
L -5 130 10 0 2 0 1 0 DIR_CMD
A -15 130 10 0 9 3 #=A2
A -10 100 9 0 3 0 PINTYPE=BI
E
