V 53
K 1447287614 is25lp128a-jmle.1
F Case
|R 16:20:14_11-11-15
D -30 145 130 0
Y 1
Z 10
i 24
U 0 0 9 0 3 0 PARTS=1
U 5 -10 16 0 3 3 REFDES=U?
U 55 0 9 0 3 3 PKG_TYPE=PKG_TYPE
U 0 135 9 0 3 3 DEVICE=DEVICE
U -5 -5 10 0 1 0 MANF_P/N=MANF_P/N
U -30 0 10 0 1 0 FORWARD_PCB=1
b -10 10 110 135
T 95 95 10 0 2 NC
Q 15 0 0
|FNTSTL 16777215 0
T 95 85 10 0 2 NC
Q 15 0 0
|FNTSTL 16777215 0
T 95 75 10 0 2 NC
Q 15 0 0
|FNTSTL 16777215 0
T 95 65 10 0 2 NC
Q 15 0 0
|FNTSTL 16777215 0
T 95 45 10 0 2 NC
Q 15 0 0
|FNTSTL 16777215 0
T 95 55 10 0 2 NC
Q 15 0 0
|FNTSTL 16777215 0
T 95 35 10 0 2 NC
Q 15 0 0
|FNTSTL 16777215 0
P 1 130 125 110 125 0 3 0
L 105 120 10 0 9 0 1 0 VCC
A 115 125 10 0 3 3 #=2
A 110 95 9 0 9 0 PINTYPE=POWER
P 2 130 20 110 20 0 3 0
L 105 15 10 0 9 0 1 0 GND
A 115 20 10 0 3 3 #=10
A 110 30 9 2 3 0 PINTYPE=GROUND
P 9 -30 110 -10 110 0 2 0
L -5 105 10 0 3 0 1 0 SCK
A -15 110 10 0 9 3 #=16
A -30 110 10 0 9 0 PINTYPE=IN
P 10 -30 95 -10 95 0 2 0
L -5 90 10 0 3 0 1 0 IO0_SI
A -30 95 10 0 9 0 PINTYPE=BI
A -15 95 10 0 9 3 #=15
P 11 -30 20 -10 20 0 2 0
L -5 15 10 0 3 0 1 0 CE_B
A -30 20 10 0 3 0 PINTYPE=IN
A -15 20 10 0 9 3 #=7
P 12 -30 80 -10 80 0 2 0
L -5 75 10 0 3 0 1 0 IO2_WP_B
A -30 80 10 0 9 0 PINTYPE=BI
A -15 80 10 0 9 3 #=9
P 14 -30 65 -10 65 0 2 0
L -5 60 10 0 3 0 1 0 IO3_HOLD_B
A -30 65 10 0 3 0 PINTYPE=BI
A -15 65 10 0 9 3 #=1
P 15 130 110 110 110 0 3 0
L 105 105 10 0 9 0 1 0 IO1_SO
A 130 110 10 0 3 0 PINTYPE=BI
A 115 110 10 0 3 3 #=8
P 16 -30 35 -10 35 0 2 0
L -5 30 10 0 3 0 1 0 RST_B_NC
A -30 35 10 2 9 0 PINTYPE=IN
A -15 35 10 0 9 3 #=3
P 17 130 95 110 95 0 3 0
L 105 90 10 0 9 0 0 0 NC1
A 130 95 10 0 3 0 PINTYPE=IN
A 115 95 10 0 3 3 #=4
P 18 130 85 110 85 0 3 0
L 105 80 10 0 9 0 0 0 NC2
A 130 85 10 0 3 0 PINTYPE=IN
A 115 85 10 0 3 3 #=5
P 19 130 75 110 75 0 3 0
L 105 70 10 0 9 0 0 0 NC3
A 130 75 10 0 3 0 PINTYPE=IN
A 115 75 10 0 3 3 #=6
P 20 130 35 110 35 0 3 0
L 105 30 10 0 9 0 0 0 NC7
A 130 35 10 0 9 0 PINTYPE=IN
A 115 35 10 0 3 3 #=14
P 21 130 45 110 45 0 3 0
L 105 40 10 0 9 0 0 0 NC6
A 130 45 10 0 9 0 PINTYPE=IN
A 115 45 10 0 3 3 #=13
P 22 130 65 110 65 0 3 0
L 105 60 10 0 9 0 0 0 NC4
A 130 65 10 0 9 0 PINTYPE=IN
A 115 65 10 0 3 3 #=11
P 23 130 55 110 55 0 3 0
L 105 50 10 0 9 0 0 0 NC5
A 130 55 10 0 9 0 PINTYPE=IN
A 115 55 10 0 3 3 #=12
E 
