V 51
K 410622832500 is61wv5128bll_tsop44
|R 0:13_4-24-12
Y 1
D 0 0 250 300
Z 10
i 123
P 104 0 80 30 80 0 2 0
L 40 80 10 0 2 0 1 0 A0
A 20 80 10 0 9 3 #=3
A 10 -170 10 0 3 0 PINTYPE=IN
P 54 0 90 30 90 0 2 0
L 40 90 10 0 2 0 1 0 A1
A 20 90 10 0 9 3 #=4
A 10 -150 10 0 3 0 PINTYPE=IN
P 45 0 180 30 180 0 2 0
L 40 180 10 0 2 0 1 0 A10
A 20 180 10 0 9 3 #=26
A 10 30 10 0 3 0 PINTYPE=IN
P 44 0 190 30 190 0 2 0
L 40 190 10 0 2 0 1 0 A11
A 20 190 10 0 9 3 #=27
A 10 50 10 0 3 0 PINTYPE=IN
P 43 0 200 30 200 0 2 0
L 40 200 10 0 2 0 1 0 A12
A 20 200 10 0 9 3 #=28
A -480 80 10 0 3 0 PINTYPE=IN
P 42 0 210 30 210 0 2 0
L 40 210 10 0 2 0 1 0 A13
A 20 210 10 0 9 3 #=29
A -480 100 10 0 3 0 PINTYPE=IN
P 41 0 220 30 220 0 2 0
L 40 220 10 0 2 0 1 0 A14
A 20 220 10 0 9 3 #=30
A -480 120 10 0 3 0 PINTYPE=IN
P 40 0 230 30 230 0 2 0
L 40 230 10 0 2 0 1 0 A15
A 20 230 10 0 9 3 #=38
A -480 140 10 0 3 0 PINTYPE=IN
P 39 0 240 30 240 0 2 0
L 40 240 10 0 2 0 1 0 A16
A 20 240 10 0 9 3 #=39
A -480 160 10 0 3 0 PINTYPE=IN
P 38 0 250 30 250 0 2 0
L 40 250 10 0 2 0 1 0 A17
A 20 250 10 0 9 3 #=40
A 10 170 10 0 3 0 PINTYPE=IN
P 37 0 260 30 260 0 2 0
L 40 260 10 0 2 0 1 0 A18
A 20 260 10 0 9 3 #=41
A 10 190 10 0 3 0 PINTYPE=IN
P 53 0 100 30 100 0 2 0
L 40 100 10 0 2 0 1 0 A2
A 20 100 10 0 9 3 #=5
A 10 -130 10 0 3 0 PINTYPE=IN
P 52 0 110 30 110 0 2 0
L 40 110 10 0 2 0 1 0 A3
A 20 110 10 0 9 3 #=6
A 10 -110 10 0 3 0 PINTYPE=IN
P 51 0 120 30 120 0 2 0
L 40 120 10 0 2 0 1 0 A4
A 20 120 10 0 9 3 #=7
A 10 -90 10 0 3 0 PINTYPE=IN
P 50 0 130 30 130 0 2 0
L 40 130 10 0 2 0 1 0 A5
A 20 130 10 0 9 3 #=16
A 10 -70 10 0 3 0 PINTYPE=IN
P 49 0 140 30 140 0 2 0
L 40 140 10 0 2 0 1 0 A6
A 20 140 10 0 9 3 #=17
A 10 -50 10 0 3 0 PINTYPE=IN
P 48 0 150 30 150 0 2 0
L 40 150 10 0 2 0 1 0 A7
A 20 150 10 0 9 3 #=18
A 10 -30 10 0 3 0 PINTYPE=IN
P 47 0 160 30 160 0 2 0
L 40 160 10 0 2 0 1 0 A8
A 20 160 10 0 9 3 #=19
A 10 -10 10 0 3 0 PINTYPE=IN
P 46 0 170 30 170 0 2 0
L 40 170 10 0 2 0 1 0 A9
A 20 170 10 0 9 3 #=20
A 10 10 10 0 3 0 PINTYPE=IN
P 89 0 40 30 40 0 2 0
L 40 40 10 0 2 0 1 0 CE_B
A 20 40 10 0 9 3 #=8
A 10 40 10 0 3 0 PINTYPE=IN
P 60 120 0 120 20 0 1 0
A 120 20 10 3 1 0 PINTYPE=IN
A 130 15 10 3 1 3 #=12
L 120 10 10 0 3 0 0 0 GND_112
P 61 130 0 130 20 0 1 0
A 130 20 10 3 1 0 PINTYPE=IN
A 140 15 10 3 1 3 #=34
L 130 10 10 0 3 0 0 0 GND_34
P 77 250 190 220 190 0 3 0
L 210 190 10 0 8 0 1 0 IO0
A 230 190 10 0 3 3 #=9
A 240 -180 10 0 9 0 PINTYPE=IN
P 76 250 200 220 200 0 3 0
L 210 200 10 0 8 0 1 0 IO1
A 230 200 10 0 3 3 #=10
A 240 -160 10 0 9 0 PINTYPE=IN
P 75 250 210 220 210 0 3 0
L 210 210 10 0 8 0 1 0 IO2
A 230 210 10 0 3 3 #=13
A 240 -140 10 0 9 0 PINTYPE=IN
P 74 250 220 220 220 0 3 0
L 210 220 10 0 8 0 1 0 IO3
A 230 220 10 0 3 3 #=14
A 240 -120 10 0 9 0 PINTYPE=IN
P 73 250 230 220 230 0 3 0
L 210 230 10 0 8 0 1 0 IO4
A 230 230 10 0 3 3 #=31
A 240 -100 10 0 9 0 PINTYPE=IN
P 72 250 240 220 240 0 3 0
L 210 240 10 0 8 0 1 0 IO5
A 230 240 10 0 3 3 #=32
A 240 -80 10 0 9 0 PINTYPE=IN
P 71 250 250 220 250 0 3 0
L 210 250 10 0 8 0 1 0 IO6
A 230 250 10 0 3 3 #=35
A 240 -60 10 0 9 0 PINTYPE=IN
P 70 250 260 220 260 0 3 0
L 210 260 10 0 8 0 1 0 IO7
A 230 260 10 0 3 3 #=36
A 240 -40 10 0 9 0 PINTYPE=IN
P 95 250 170 220 170 0 3 0
L 215 -210 10 0 8 0 0 0 NC_1
A 230 170 10 0 3 3 #=1
A 240 -210 10 0 9 0 PINTYPE=IN
P 115 250 160 220 160 0 3 0
L 215 -220 10 0 8 0 0 0 NC_2
A 230 160 10 0 3 3 #=2
A 240 -220 10 0 9 0 PINTYPE=IN
P 116 250 150 220 150 0 3 0
L 215 -230 10 0 8 0 0 0 NC_21
A 230 150 10 0 3 3 #=21
A 240 -230 10 0 9 0 PINTYPE=IN
P 117 250 140 220 140 0 3 0
L 215 -240 10 0 8 0 0 0 NC_22
A 230 140 10 0 3 3 #=22
A 240 -240 10 0 9 0 PINTYPE=IN
P 118 250 130 220 130 0 3 0
L 215 -250 10 0 8 0 0 0 NC_23
A 230 130 10 0 3 3 #=23
A 240 -250 10 0 9 0 PINTYPE=IN
P 119 250 120 220 120 0 3 0
L 215 -260 10 0 8 0 0 0 NC_24
A 230 120 10 0 3 3 #=24
A 240 -260 10 0 9 0 PINTYPE=IN
P 120 250 110 220 110 0 3 0
L 215 -270 10 0 8 0 0 0 NC_25
A 230 110 10 0 3 3 #=25
A 240 -270 10 0 9 0 PINTYPE=IN
P 121 250 100 220 100 0 3 0
L 215 -280 10 0 8 0 0 0 NC_42
A 230 100 10 0 3 3 #=42
A 240 -280 10 0 9 0 PINTYPE=IN
P 122 250 90 220 90 0 3 0
L 215 -290 10 0 8 0 0 0 NC_43
A 230 90 10 0 3 3 #=43
A 240 -290 10 0 9 0 PINTYPE=IN
P 123 250 80 220 80 0 3 0
L 215 -300 10 0 8 0 0 0 NC_44
A 230 80 10 0 3 3 #=44
A 240 -300 10 0 9 0 PINTYPE=IN
P 80 0 60 30 60 0 2 0
L 40 60 10 0 2 0 1 0 OE_B
A 20 60 10 0 9 3 #=37
A 10 -210 10 0 3 0 PINTYPE=IN
P 29 120 300 120 280 0 0 0
L 120 285 10 0 3 0 0 0 VDD_11
A 120 285 10 3 9 3 #=11
A 120 300 10 3 3 0 PINTYPE=IN
P 112 130 300 130 280 0 0 0
L 130 290 10 0 3 0 0 0 VDD_33
A 130 285 10 3 9 3 #=33
A 130 300 10 3 3 0 PINTYPE=IN
P 81 0 50 30 50 0 2 0
L 40 50 10 0 2 0 1 0 WE_B
A 20 50 10 0 9 3 #=15
A 10 -230 10 0 3 0 PINTYPE=IN
U 0 -10 10 0 3 0 MFG_P/N=IS61WV5128BLL-10TLI
U 35 0 16 0 3 3 REFDES=U?
U 30 365 10 0 3 0 VALUE=IS61WV5128
U 180 5 10 0 3 3 PKG_TYPE=TSOP_44
U 35 285 10 0 3 3 DEVICE=IS61WV5128
b 30 20 220 280
T 210 80 10 0 8 NC
Q 15 0 0
T 210 90 10 0 8 NC
Q 15 0 0
T 210 100 10 0 8 NC
Q 15 0 0
T 210 110 10 0 8 NC
Q 15 0 0
T 210 120 10 0 8 NC
Q 15 0 0
T 210 130 10 0 8 NC
Q 15 0 0
T 210 150 10 0 8 NC
Q 15 0 0
T 210 160 10 0 8 NC
Q 15 0 0
T 130 30 10 3 8 GND
Q 15 0 0
T 120 30 10 3 8 GND
Q 15 0 0
T 130 270 10 3 2 VDD
Q 15 0 0
T 120 270 10 3 2 VDD
Q 15 0 0
T 130 175 10 0 5 ASYNCHRONOUS
T 130 165 10 0 5 CMOS SRAM
T 130 155 10 0 5 512K X 8
T 210 170 10 0 8 NC
Q 15 0 0
T 210 140 10 0 8 NC
Q 15 0 0
E
