V 51
K 99652885790 isl43240
|R 5:06_10-18-11
Y 1
D 0 0 160 300
Z 10
i 22
U 0 -70 10 0 3 0 MANF_P/N=ISL43240IA
U 0 -60 10 0 3 0 MANF=INTERSIL
U 0 -50 10 0 3 0 DIST_P/N=ISL43240IAZ-ND
U 0 -40 10 0 3 0 DIST=DIGIKEY
U 0 -30 10 0 3 0 LEVEL=STD
U 0 -20 10 0 3 0 PARTS=1
U 25 0 16 0 3 3 REFDES=U?
U 30 285 10 0 3 3 DEVICE=ISL43240
U 100 5 10 0 3 3 PKG_TYPE=SSOP_20
P 18 0 260 20 260 0 2 0
A 0 260 10 0 3 0 PINTYPE=BI
A 10 260 10 0 3 3 #=4
L 30 255 10 0 3 0 1 0 NC1
P 17 0 240 20 240 0 2 0
A 0 240 10 0 3 0 PINTYPE=BI
A 10 240 10 0 3 3 #=2
L 30 235 10 0 3 0 1 0 NO1
P 10 0 220 20 220 0 2 0
A 0 220 10 0 3 0 PINTYPE=BI
A 10 220 10 0 3 3 #=7
L 30 215 10 0 3 0 1 0 NC2
P 11 0 200 20 200 0 2 0
A 0 200 10 0 3 0 PINTYPE=BI
A 10 200 10 0 3 3 #=9
L 30 195 10 0 3 0 1 0 NO2
P 9 0 180 20 180 0 2 0
A 0 180 10 0 3 0 PINTYPE=BI
A 5 180 10 0 3 3 #=14
L 30 175 10 0 3 0 1 0 NC3
P 13 0 160 20 160 0 2 0
A 0 160 10 0 3 0 PINTYPE=BI
A 5 160 10 0 3 3 #=12
L 30 155 10 0 3 0 1 0 NO3
P 14 0 140 20 140 0 2 0
A 0 140 10 0 3 0 PINTYPE=BI
A 5 140 10 0 3 3 #=17
L 30 135 10 0 3 0 1 0 NC4
P 15 0 120 20 120 0 2 0
A 0 120 10 0 3 0 PINTYPE=BI
A 5 120 10 0 3 3 #=19
L 30 115 10 0 3 0 1 0 NO4
P 12 0 100 20 100 0 2 0
A 0 100 10 0 3 0 PINTYPE=IN
A 10 100 10 0 3 3 #=1
L 30 95 10 0 3 0 1 0 SEL1
P 2 0 80 20 80 0 2 0
A 0 80 10 0 3 0 PINTYPE=IN
A 5 80 10 0 3 3 #=10
L 30 75 10 0 3 0 1 0 SEL2
P 21 0 60 20 60 0 2 0
A 0 60 10 0 3 0 PINTYPE=IN
A 5 60 10 0 3 3 #=11
L 30 55 10 0 3 0 1 0 SEL3
P 22 0 40 20 40 0 2 0
A 0 40 10 0 3 0 PINTYPE=IN
A 5 40 10 0 3 3 #=20
L 30 35 10 0 3 0 1 0 SEL4
P 20 160 220 140 220 0 3 0
A 160 220 10 0 9 0 PINTYPE=BI
A 150 220 10 0 9 3 #=3
L 110 215 10 0 3 0 1 0 COM1
P 3 160 200 140 200 0 3 0
A 160 200 10 0 9 0 PINTYPE=BI
A 150 200 10 0 9 3 #=8
L 110 195 10 0 3 0 1 0 COM2
P 4 160 180 140 180 0 3 0
A 160 180 10 0 9 0 PINTYPE=BI
A 155 180 10 0 9 3 #=13
L 110 175 10 0 3 0 1 0 COM3
P 5 160 160 140 160 0 3 0
A 160 160 10 0 9 0 PINTYPE=BI
A 155 160 10 0 9 3 #=18
L 110 155 10 0 3 0 1 0 COM4
P 8 160 80 140 80 0 3 0
A 160 80 10 0 9 0 PINTYPE=BI
A 155 80 10 0 9 3 #=15
L 120 75 10 0 3 0 1 0 NU
P 16 160 60 140 60 0 3 0
A 160 60 10 0 9 0 PINTYPE=IN
A 150 60 10 0 9 3 #=5
L 115 55 10 0 3 0 1 0 VSS
P 1 160 40 140 40 0 3 0
A 160 40 10 0 9 0 PINTYPE=IN
A 150 40 10 0 9 3 #=6
L 115 35 10 0 3 0 1 0 GND
P 19 160 260 140 260 0 3 0
A 160 260 10 0 9 0 PINTYPE=IN
A 155 260 10 0 9 3 #=16
L 115 255 10 0 3 0 1 0 VCC
b 20 20 140 280
E
