V 51
K 188712211700 js28f512p30
|R 23:49_10-8-10
Y 1
D 0 0 120 310
Z 10
i 73
U 0 -25 5 0 3 0 LEVEL=STD
U 0 -20 5 0 3 0 PARTS=1
U 15 -15 16 0 3 3 REFDES=U?
U 75 -55 10 0 9 3 VALUE=XX
U 15 310 10 0 3 3 DEVICE=JS28F512P30
U 50 -10 10 0 3 3 PKG_TYPE=TSOP50P20X14-56
P 53 120 120 105 120 0 3 0
A 105 122 10 0 2 0 PINTYPE=IN
A 105 120 10 0 3 3 #=17
L 105 120 10 0 8 0 1 0 A19
P 35 120 300 105 300 0 3 0
A 105 302 10 0 2 0 PINTYPE=IN
A 105 300 10 0 3 3 #=29
L 105 300 10 0 8 0 1 0 A1
P 18 0 125 15 125 0 2 0
A 15 127 10 0 2 0 PINTYPE=IN
A 15 125 10 0 9 3 #=15
L 15 125 10 0 2 0 1 0 WP_B
P 23 0 95 15 95 0 2 0
A 15 97 10 0 2 0 PINTYPE=IN
A 15 95 10 0 9 3 #=32
L 15 95 10 0 2 0 1 0 OE_B
P 1 0 300 15 300 0 2 0
A 15 302 5 0 2 0 PINTYPE=BI
A 15 300 10 0 9 3 #=34
L 15 300 10 0 2 0 1 0 DQ0
P 2 0 290 15 290 0 2 0
A 15 292 5 0 2 0 PINTYPE=BI
A 15 290 10 0 9 3 #=36
L 15 290 10 0 2 0 1 0 DQ1
P 3 0 280 15 280 0 2 0
A 15 282 5 0 2 0 PINTYPE=BI
A 15 280 10 0 9 3 #=39
L 15 280 10 0 2 0 1 0 DQ2
P 4 0 270 15 270 0 2 0
A 15 272 5 0 2 0 PINTYPE=BI
A 15 270 10 0 9 3 #=41
L 15 270 10 0 2 0 1 0 DQ3
P 5 0 260 15 260 0 2 0
A 15 262 5 0 2 0 PINTYPE=BI
A 15 260 10 0 9 3 #=47
L 15 260 10 0 2 0 1 0 DQ4
P 6 0 250 15 250 0 2 0
A 15 252 5 0 2 0 PINTYPE=BI
A 15 250 10 0 9 3 #=49
L 15 250 10 0 2 0 1 0 DQ5
P 7 0 240 15 240 0 2 0
A 15 242 5 0 2 0 PINTYPE=BI
A 15 240 10 0 9 3 #=51
L 15 240 10 0 2 0 1 0 DQ6
P 8 0 230 15 230 0 2 0
A 15 230 10 0 9 3 #=53
A 15 232 5 0 2 0 PINTYPE=BI
L 15 230 10 0 2 0 1 0 DQ7
P 9 0 220 15 220 0 2 0
A 15 222 5 0 2 0 PINTYPE=BI
A 15 220 10 0 9 3 #=35
L 15 220 10 0 2 0 1 0 DQ8
P 10 0 210 15 210 0 2 0
A 15 212 5 0 2 0 PINTYPE=BI
A 15 210 10 0 9 3 #=37
L 15 210 10 0 2 0 1 0 DQ9
P 11 0 200 15 200 0 2 0
A 15 202 5 0 2 0 PINTYPE=BI
A 15 200 10 0 9 3 #=40
L 15 200 10 0 2 0 1 0 DQ10
P 12 0 190 15 190 0 2 0
A 15 192 5 0 2 0 PINTYPE=BI
A 15 190 10 0 9 3 #=42
L 15 190 10 0 2 0 1 0 DQ11
P 13 0 180 15 180 0 2 0
A 15 182 5 0 2 0 PINTYPE=BI
A 15 180 10 0 9 3 #=48
L 15 180 10 0 2 0 1 0 DQ12
P 14 0 170 15 170 0 2 0
A 15 172 5 0 2 0 PINTYPE=BI
A 15 170 10 0 9 3 #=50
L 15 170 10 0 2 0 1 0 DQ13
P 15 0 160 15 160 0 2 0
A 15 162 10 0 2 0 PINTYPE=BI
A 15 160 10 0 9 3 #=52
L 15 160 10 0 2 0 1 0 DQ14
P 16 0 150 15 150 0 2 0
A 15 152 10 0 2 0 PINTYPE=BI
A 15 150 10 0 9 3 #=54
L 15 150 10 0 2 0 1 0 DQ15
P 17 0 135 15 135 0 2 0
A 15 137 10 0 2 0 PINTYPE=IN
A 15 135 10 0 9 3 #=14
L 15 135 10 0 2 0 1 0 WE_B
P 19 0 115 15 115 0 2 0
A 15 117 10 0 2 0 PINTYPE=IN
A 15 115 10 0 9 3 #=46
L 15 115 10 0 2 0 1 0 ADV_B
P 20 0 105 15 105 0 2 0
A 15 107 10 0 2 0 PINTYPE=IN
A 15 105 10 0 9 3 #=44
L 15 105 10 0 2 0 1 0 RST_B
P 24 0 85 15 85 0 2 0
A 15 87 10 0 2 0 PINTYPE=IN
A 15 85 10 0 9 3 #=30
L 15 85 10 0 2 0 1 0 CE_B
P 22 0 75 15 75 0 2 0
A 15 77 10 0 2 0 PINTYPE=IN
A 15 75 10 0 9 3 #=56
L 15 75 10 0 2 0 1 0 WAIT
P 25 0 65 15 65 0 2 0
A 15 67 10 0 2 0 PINTYPE=IN
A 15 65 10 0 9 3 #=45
L 15 65 10 0 2 0 1 0 CLK
P 21 0 45 15 45 0 2 0
A 15 47 10 0 2 0 PINTYPE=IN
A 15 45 10 0 9 3 #=13
L 15 45 10 0 2 0 1 0 RFU
P 26 0 30 15 30 0 2 0
A 15 32 10 0 2 0 PINTYPE=POWER
A 15 30 10 0 9 3 #=12
L 15 30 10 0 2 0 1 0 VSS0
P 27 0 20 15 20 0 2 0
A 15 22 10 0 2 0 PINTYPE=POWER
A 15 20 10 0 9 3 #=28
L 15 20 10 0 2 0 1 0 VSS1
P 28 0 10 15 10 0 2 0
A 15 12 10 0 2 0 PINTYPE=POWER
A 15 10 10 0 9 3 #=31
L 15 10 10 0 2 0 1 0 VSS2
P 69 120 10 105 10 0 3 0
L 105 5 10 0 9 0 1 0 VCC0
A 110 10 10 0 9 0 PINTYPE=POWER
A 115 10 10 0 9 3 #=33
P 36 120 290 105 290 0 3 0
A 105 292 10 0 2 0 PINTYPE=IN
A 105 290 10 0 3 3 #=25
L 105 290 10 0 8 0 1 0 A2
P 37 120 280 105 280 0 3 0
A 105 282 10 0 2 0 PINTYPE=IN
A 105 280 10 0 3 3 #=24
L 105 280 10 0 8 0 1 0 A3
P 38 120 270 105 270 0 3 0
A 105 272 10 0 2 0 PINTYPE=IN
A 105 270 10 0 3 3 #=23
L 105 270 10 0 8 0 1 0 A4
P 39 120 260 105 260 0 3 0
A 105 262 10 0 2 0 PINTYPE=IN
A 105 260 10 0 3 3 #=22
L 105 260 10 0 8 0 1 0 A5
P 40 120 250 105 250 0 3 0
A 105 252 10 0 2 0 PINTYPE=IN
A 105 250 10 0 3 3 #=21
L 105 250 10 0 8 0 1 0 A6
P 41 120 240 105 240 0 3 0
A 105 242 10 0 2 0 PINTYPE=IN
A 105 240 10 0 3 3 #=20
L 105 240 10 0 8 0 1 0 A7
P 42 120 230 105 230 0 3 0
A 105 232 10 0 2 0 PINTYPE=IN
A 105 230 10 0 3 3 #=19
L 105 230 10 0 8 0 1 0 A8
P 43 120 220 105 220 0 3 0
A 105 222 10 0 2 0 PINTYPE=IN
A 105 220 10 0 3 3 #=8
L 105 220 10 0 8 0 1 0 A9
P 44 120 210 105 210 0 3 0
A 105 212 10 0 2 0 PINTYPE=IN
A 105 210 10 0 3 3 #=7
L 105 210 10 0 8 0 1 0 A10
P 45 120 200 105 200 0 3 0
A 105 202 10 0 2 0 PINTYPE=IN
A 105 200 10 0 3 3 #=6
L 105 200 10 0 8 0 1 0 A11
P 46 120 190 105 190 0 3 0
A 105 192 10 0 2 0 PINTYPE=IN
A 105 190 10 0 3 3 #=5
L 105 190 10 0 8 0 1 0 A12
P 47 120 180 105 180 0 3 0
A 105 182 10 0 2 0 PINTYPE=IN
A 105 180 10 0 3 3 #=4
L 105 180 10 0 8 0 1 0 A13
P 48 120 170 105 170 0 3 0
A 105 172 10 0 2 0 PINTYPE=IN
A 105 170 10 0 3 3 #=3
L 105 170 10 0 8 0 1 0 A14
P 49 120 160 105 160 0 3 0
A 105 162 10 0 2 0 PINTYPE=IN
A 105 160 10 0 3 3 #=2
L 105 160 10 0 8 0 1 0 A15
P 50 120 150 105 150 0 3 0
A 105 152 10 0 2 0 PINTYPE=IN
A 105 150 10 0 3 3 #=1
L 105 150 10 0 8 0 1 0 A16
P 51 120 140 105 140 0 3 0
A 105 142 10 0 2 0 PINTYPE=IN
A 105 140 10 0 3 3 #=55
L 105 140 10 0 8 0 1 0 A17
P 52 120 130 105 130 0 3 0
A 105 132 10 0 2 0 PINTYPE=IN
A 105 130 10 0 3 3 #=18
L 105 130 10 0 8 0 1 0 A18
P 54 120 110 105 110 0 3 0
A 105 112 10 0 2 0 PINTYPE=IN
A 105 110 10 0 3 3 #=16
L 105 110 10 0 8 0 1 0 A20
P 55 120 100 105 100 0 3 0
A 105 102 10 0 2 0 PINTYPE=IN
A 105 100 10 0 3 3 #=11
L 105 100 10 0 8 0 1 0 A21
P 56 120 90 105 90 0 3 0
A 105 92 10 0 2 0 PINTYPE=IN
A 105 90 10 0 3 3 #=10
L 105 90 10 0 8 0 1 0 A22
P 57 120 80 105 80 0 3 0
A 105 82 10 0 2 0 PINTYPE=IN
A 105 80 10 0 3 3 #=9
L 105 80 10 0 8 0 1 0 A23
P 58 120 70 105 70 0 3 0
A 105 72 10 0 2 0 PINTYPE=IN
A 105 70 10 0 3 3 #=26
L 105 70 10 0 8 0 1 0 A24
P 73 120 60 105 60 0 3 0
L 105 60 10 0 8 0 1 0 A25
A 105 60 10 0 3 3 #=27
A 105 62 10 0 2 0 PINTYPE=IN
P 63 120 45 105 45 0 3 0
L 105 40 10 0 9 0 1 0 VCCQ
A 110 45 10 0 9 0 PINTYPE=POWER
A 115 45 10 0 9 3 #=38
P 72 120 35 105 35 0 3 0
L 105 30 10 0 9 0 1 0 VPP
A 120 35 10 0 9 0 PINTYPE=POWER
A 115 35 10 0 9 3 #=43
b 15 0 105 310
E
