V 53
K 1420770667 kpjxht-4s-s.1
F Case
|R 18:31:7_1-8-15
D -40 125 100 0
Y 1
Z 10
i 12
U -20 -60 10 0 3 0 PART_SPEC=USB_B
U -20 -50 10 0 3 0 PKG_TYPE=PKG_TYPE
U 10 100 10 0 3 0 DEVICE=DEVICE
U -30 100 16 0 3 3 REFDES=J?
U 60 15 10 0 1 3 VALUE=VALUE
U -40 0 10 0 1 0 FORWARD_PCB=1
b -30 20 80 100
T 75 90 10 0 8 VCC
Q 15 0 0
|FNTSTL 16777215 0
T 75 70 10 0 8 VCC
Q 15 0 0
|FNTSTL 16777215 0
T 75 50 10 0 8 GND
Q 15 0 0
|FNTSTL 16777215 0
T 75 30 10 0 8 GND
Q 15 0 0
|FNTSTL 16777215 0
T 40 25 10 3 8 SH
Q 15 0 0
|FNTSTL 16777215 0
T 30 25 10 3 8 SH
Q 15 0 0
|FNTSTL 16777215 0
T 20 25 10 3 8 SH
Q 15 0 0
|FNTSTL 16777215 0
T 10 25 10 3 8 SH
Q 15 0 0
|FNTSTL 16777215 0
T 0 25 10 3 8 SH
Q 15 0 0
|FNTSTL 16777215 0
T -10 25 10 3 8 SH
Q 15 0 0
|FNTSTL 16777215 0
T -20 25 10 3 8 SH
Q 15 0 0
|FNTSTL 16777215 0
P 15 100 70 80 70 0 3 0
L 75 65 10 0 9 0 0 0 VCC1
A 140 71 10 0 3 0 PINTYPE=BI
A 85 70 10 0 3 3 #=2
P 16 100 50 80 50 0 3 0
L 75 45 10 0 9 0 0 0 GND1
A 85 50 10 0 3 3 #=3
A 140 51 10 0 3 0 PINTYPE=BI
P 17 100 30 80 30 0 3 0
L 75 25 10 0 9 0 0 0 GND2
A 140 31 10 0 3 0 PINTYPE=BI
A 85 30 10 0 3 3 #=4
P 24 100 90 80 90 0 3 0
L 75 85 10 0 9 0 0 0 VCC2
A 85 90 10 0 3 3 #=1
A 140 91 10 0 3 0 PINTYPE=BI
P 25 40 0 40 20 0 1 0
L 35 35 10 3 6 0 0 0 SH1
A 41 -50 10 3 3 0 PINTYPE=BI
A 40 15 10 3 3 3 #=5
P 56 30 0 30 20 0 1 0
L 25 35 10 3 6 0 0 0 SH2
A 31 -50 10 3 3 0 PINTYPE=BI
A 30 15 10 3 3 3 #=6
P 60 20 0 20 20 0 1 0
L 15 35 10 3 6 0 0 0 SH3
A 21 -50 10 3 3 0 PINTYPE=BI
A 20 15 10 3 3 3 #=7
P 64 10 0 10 20 0 1 0
L 5 35 10 3 6 0 0 0 SH4
A 11 -50 10 3 3 0 PINTYPE=BI
A 10 15 10 3 3 3 #=8
P 65 0 0 0 20 0 1 0
L -5 35 10 3 6 0 0 0 SH5
A 1 -50 10 3 3 0 PINTYPE=BI
A 0 15 10 3 3 3 #=9
P 69 -10 0 -10 20 0 1 0
L -15 35 10 3 6 0 0 0 SH6
A -9 -50 10 3 3 0 PINTYPE=BI
A -10 15 10 3 3 3 #=10
P 76 -20 0 -20 20 0 1 0
L -25 35 10 3 6 0 0 0 SH7
A -19 -50 10 3 3 0 PINTYPE=BI
A -20 15 10 3 3 3 #=11
E 
