V 50
K 153165148200 ku15pe1760
Y 1
D 0 0 400 1120
Z 10
i 946
b 50 50 350 1070
P 1 400 100 350 100 0 3 0
A 355 100 10 0 3 3 #=AL18
L 345 100 10 0 8 0 1 0 GND_AL18
A 405 100 10 0 2 0 PINTYPE=BI
P 2 400 110 350 110 0 3 0
A 355 110 10 0 3 3 #=AL23
L 345 110 10 0 8 0 1 0 GND_AL23
A 405 110 10 0 2 0 PINTYPE=BI
P 3 400 120 350 120 0 3 0
A 355 120 10 0 3 3 #=AL28
L 345 120 10 0 8 0 1 0 GND_AL28
A 405 120 10 0 2 0 PINTYPE=BI
P 4 400 130 350 130 0 3 0
A 355 130 10 0 3 3 #=AL3
L 345 130 10 0 8 0 1 0 GND_AL3
A 405 130 10 0 2 0 PINTYPE=BI
P 5 400 140 350 140 0 3 0
A 355 140 10 0 3 3 #=AL31
L 345 140 10 0 8 0 1 0 GND_AL31
A 405 140 10 0 2 0 PINTYPE=BI
P 6 400 150 350 150 0 3 0
A 355 150 10 0 3 3 #=AL35
L 345 150 10 0 8 0 1 0 GND_AL35
A 405 150 10 0 2 0 PINTYPE=BI
P 7 400 160 350 160 0 3 0
A 355 160 10 0 3 3 #=AL38
L 345 160 10 0 8 0 1 0 GND_AL38
A 405 160 10 0 2 0 PINTYPE=BI
P 8 400 170 350 170 0 3 0
A 355 170 10 0 3 3 #=AL39
L 345 170 10 0 8 0 1 0 GND_AL39
A 405 170 10 0 2 0 PINTYPE=BI
P 9 400 180 350 180 0 3 0
A 355 180 10 0 3 3 #=AL4
L 345 180 10 0 8 0 1 0 GND_AL4
A 405 180 10 0 2 0 PINTYPE=BI
P 10 400 190 350 190 0 3 0
A 355 190 10 0 3 3 #=AL40
L 345 190 10 0 8 0 1 0 GND_AL40
A 405 190 10 0 2 0 PINTYPE=BI
P 11 400 200 350 200 0 3 0
A 355 200 10 0 3 3 #=AL7
L 345 200 10 0 8 0 1 0 GND_AL7
A 405 200 10 0 2 0 PINTYPE=BI
P 12 400 210 350 210 0 3 0
A 355 210 10 0 3 3 #=AM1
L 345 210 10 0 8 0 1 0 GND_AM1
A 405 210 10 0 2 0 PINTYPE=BI
P 13 400 220 350 220 0 3 0
A 355 220 10 0 3 3 #=AM11
L 345 220 10 0 8 0 1 0 GND_AM11
A 405 220 10 0 2 0 PINTYPE=BI
P 14 400 230 350 230 0 3 0
A 355 230 10 0 3 3 #=AM16
L 345 230 10 0 8 0 1 0 GND_AM16
A 405 230 10 0 2 0 PINTYPE=BI
P 15 400 240 350 240 0 3 0
A 355 240 10 0 3 3 #=AM2
L 345 240 10 0 8 0 1 0 GND_AM2
A 405 240 10 0 2 0 PINTYPE=BI
P 16 400 250 350 250 0 3 0
A 355 250 10 0 3 3 #=AM21
L 345 250 10 0 8 0 1 0 GND_AM21
A 405 250 10 0 2 0 PINTYPE=BI
P 17 400 260 350 260 0 3 0
A 355 260 10 0 3 3 #=AM26
L 345 260 10 0 8 0 1 0 GND_AM26
A 405 260 10 0 2 0 PINTYPE=BI
P 18 400 270 350 270 0 3 0
A 355 270 10 0 3 3 #=AM31
L 345 270 10 0 8 0 1 0 GND_AM31
A 405 270 10 0 2 0 PINTYPE=BI
P 19 400 280 350 280 0 3 0
A 355 280 10 0 3 3 #=AM32
L 345 280 10 0 8 0 1 0 GND_AM32
A 405 280 10 0 2 0 PINTYPE=BI
P 20 400 290 350 290 0 3 0
A 355 290 10 0 3 3 #=AM33
L 345 290 10 0 8 0 1 0 GND_AM33
A 405 290 10 0 2 0 PINTYPE=BI
P 21 400 300 350 300 0 3 0
A 355 300 10 0 3 3 #=AM37
L 345 300 10 0 8 0 1 0 GND_AM37
A 405 300 10 0 2 0 PINTYPE=BI
P 22 400 310 350 310 0 3 0
A 355 310 10 0 3 3 #=AM38
L 345 310 10 0 8 0 1 0 GND_AM38
A 405 310 10 0 2 0 PINTYPE=BI
P 23 400 320 350 320 0 3 0
A 355 320 10 0 3 3 #=AM41
L 345 320 10 0 8 0 1 0 GND_AM41
A 405 320 10 0 2 0 PINTYPE=BI
P 24 400 330 350 330 0 3 0
A 355 330 10 0 3 3 #=AM42
L 345 330 10 0 8 0 1 0 GND_AM42
A 405 330 10 0 2 0 PINTYPE=BI
P 25 400 340 350 340 0 3 0
A 355 340 10 0 3 3 #=AM5
L 345 340 10 0 8 0 1 0 GND_AM5
A 405 340 10 0 2 0 PINTYPE=BI
P 26 400 350 350 350 0 3 0
A 355 350 10 0 3 3 #=AN11
L 345 350 10 0 8 0 1 0 GND_AN11
A 405 350 10 0 2 0 PINTYPE=BI
P 27 400 360 350 360 0 3 0
A 355 360 10 0 3 3 #=AN29
L 345 360 10 0 8 0 1 0 GND_AN29
A 405 360 10 0 2 0 PINTYPE=BI
P 28 400 370 350 370 0 3 0
A 355 370 10 0 3 3 #=AN3
L 345 370 10 0 8 0 1 0 GND_AN3
A 405 370 10 0 2 0 PINTYPE=BI
P 29 400 380 350 380 0 3 0
A 355 380 10 0 3 3 #=AN33
L 345 380 10 0 8 0 1 0 GND_AN33
A 405 380 10 0 2 0 PINTYPE=BI
P 30 400 390 350 390 0 3 0
A 355 390 10 0 3 3 #=AN34
L 345 390 10 0 8 0 1 0 GND_AN34
A 405 390 10 0 2 0 PINTYPE=BI
P 31 400 400 350 400 0 3 0
A 355 400 10 0 3 3 #=AN35
L 345 400 10 0 8 0 1 0 GND_AN35
A 405 400 10 0 2 0 PINTYPE=BI
P 32 400 410 350 410 0 3 0
A 355 410 10 0 3 3 #=AN36
L 345 410 10 0 8 0 1 0 GND_AN36
A 405 410 10 0 2 0 PINTYPE=BI
P 33 400 420 350 420 0 3 0
A 355 420 10 0 3 3 #=AN37
L 345 420 10 0 8 0 1 0 GND_AN37
A 405 420 10 0 2 0 PINTYPE=BI
P 34 400 430 350 430 0 3 0
A 355 430 10 0 3 3 #=AN38
L 345 430 10 0 8 0 1 0 GND_AN38
A 405 430 10 0 2 0 PINTYPE=BI
P 35 400 440 350 440 0 3 0
A 355 440 10 0 3 3 #=AN39
L 345 440 10 0 8 0 1 0 GND_AN39
A 405 440 10 0 2 0 PINTYPE=BI
P 36 400 450 350 450 0 3 0
A 355 450 10 0 3 3 #=AN4
L 345 450 10 0 8 0 1 0 GND_AN4
A 405 450 10 0 2 0 PINTYPE=BI
P 37 400 460 350 460 0 3 0
A 355 460 10 0 3 3 #=AN40
L 345 460 10 0 8 0 1 0 GND_AN40
A 405 460 10 0 2 0 PINTYPE=BI
P 38 400 470 350 470 0 3 0
A 355 470 10 0 3 3 #=AN41
L 345 470 10 0 8 0 1 0 GND_AN41
A 405 470 10 0 2 0 PINTYPE=BI
P 39 400 480 350 480 0 3 0
A 355 480 10 0 3 3 #=AN7
L 345 480 10 0 8 0 1 0 GND_AN7
A 405 480 10 0 2 0 PINTYPE=BI
P 40 400 490 350 490 0 3 0
A 355 490 10 0 3 3 #=AP1
L 345 490 10 0 8 0 1 0 GND_AP1
A 405 490 10 0 2 0 PINTYPE=BI
P 41 400 500 350 500 0 3 0
A 355 500 10 0 3 3 #=AP11
L 345 500 10 0 8 0 1 0 GND_AP11
A 405 500 10 0 2 0 PINTYPE=BI
P 42 400 510 350 510 0 3 0
A 355 510 10 0 3 3 #=AP12
L 345 510 10 0 8 0 1 0 GND_AP12
A 405 510 10 0 2 0 PINTYPE=BI
P 43 400 520 350 520 0 3 0
A 355 520 10 0 3 3 #=AP17
L 345 520 10 0 8 0 1 0 GND_AP17
A 405 520 10 0 2 0 PINTYPE=BI
P 44 400 530 350 530 0 3 0
A 355 530 10 0 3 3 #=AP2
L 345 530 10 0 8 0 1 0 GND_AP2
A 405 530 10 0 2 0 PINTYPE=BI
P 45 400 540 350 540 0 3 0
A 355 540 10 0 3 3 #=AP22
L 345 540 10 0 8 0 1 0 GND_AP22
A 405 540 10 0 2 0 PINTYPE=BI
P 46 400 550 350 550 0 3 0
A 355 550 10 0 3 3 #=AP32
L 345 550 10 0 8 0 1 0 GND_AP32
A 405 550 10 0 2 0 PINTYPE=BI
P 47 400 560 350 560 0 3 0
A 355 560 10 0 3 3 #=AP5
L 345 560 10 0 8 0 1 0 GND_AP5
A 405 560 10 0 2 0 PINTYPE=BI
P 48 400 570 350 570 0 3 0
A 355 570 10 0 3 3 #=AP9
L 345 570 10 0 8 0 1 0 GND_AP9
A 405 570 10 0 2 0 PINTYPE=BI
P 49 400 580 350 580 0 3 0
A 355 580 10 0 3 3 #=AR11
L 345 580 10 0 8 0 1 0 GND_AR11
A 405 580 10 0 2 0 PINTYPE=BI
P 50 400 590 350 590 0 3 0
A 355 590 10 0 3 3 #=AR15
L 345 590 10 0 8 0 1 0 GND_AR15
A 405 590 10 0 2 0 PINTYPE=BI
P 51 400 600 350 600 0 3 0
A 355 600 10 0 3 3 #=AR20
L 345 600 10 0 8 0 1 0 GND_AR20
A 405 600 10 0 2 0 PINTYPE=BI
P 52 400 610 350 610 0 3 0
A 355 610 10 0 3 3 #=AR25
L 345 610 10 0 8 0 1 0 GND_AR25
A 405 610 10 0 2 0 PINTYPE=BI
P 53 400 620 350 620 0 3 0
A 355 620 10 0 3 3 #=AR3
L 345 620 10 0 8 0 1 0 GND_AR3
A 405 620 10 0 2 0 PINTYPE=BI
P 54 400 630 350 630 0 3 0
A 355 630 10 0 3 3 #=AR35
L 345 630 10 0 8 0 1 0 GND_AR35
A 405 630 10 0 2 0 PINTYPE=BI
P 55 400 640 350 640 0 3 0
A 355 640 10 0 3 3 #=AR4
L 345 640 10 0 8 0 1 0 GND_AR4
A 405 640 10 0 2 0 PINTYPE=BI
P 56 400 650 350 650 0 3 0
A 355 650 10 0 3 3 #=AR40
L 345 650 10 0 8 0 1 0 GND_AR40
A 405 650 10 0 2 0 PINTYPE=BI
P 57 400 660 350 660 0 3 0
A 355 660 10 0 3 3 #=AR7
L 345 660 10 0 8 0 1 0 GND_AR7
A 405 660 10 0 2 0 PINTYPE=BI
P 58 400 670 350 670 0 3 0
A 355 670 10 0 3 3 #=AT1
L 345 670 10 0 8 0 1 0 GND_AT1
A 405 670 10 0 2 0 PINTYPE=BI
P 59 400 680 350 680 0 3 0
A 355 680 10 0 3 3 #=AT11
L 345 680 10 0 8 0 1 0 GND_AT11
A 405 680 10 0 2 0 PINTYPE=BI
P 60 400 690 350 690 0 3 0
A 355 690 10 0 3 3 #=AT2
L 345 690 10 0 8 0 1 0 GND_AT2
A 405 690 10 0 2 0 PINTYPE=BI
P 61 400 700 350 700 0 3 0
A 355 700 10 0 3 3 #=AT28
L 345 700 10 0 8 0 1 0 GND_AT28
A 405 700 10 0 2 0 PINTYPE=BI
P 62 400 710 350 710 0 3 0
A 355 710 10 0 3 3 #=AT38
L 345 710 10 0 8 0 1 0 GND_AT38
A 405 710 10 0 2 0 PINTYPE=BI
P 63 400 720 350 720 0 3 0
A 355 720 10 0 3 3 #=AT5
L 345 720 10 0 8 0 1 0 GND_AT5
A 405 720 10 0 2 0 PINTYPE=BI
P 64 400 730 350 730 0 3 0
A 355 730 10 0 3 3 #=AT9
L 345 730 10 0 8 0 1 0 GND_AT9
A 405 730 10 0 2 0 PINTYPE=BI
P 65 400 740 350 740 0 3 0
A 355 740 10 0 3 3 #=AU11
L 345 740 10 0 8 0 1 0 GND_AU11
A 405 740 10 0 2 0 PINTYPE=BI
P 66 400 750 350 750 0 3 0
A 355 750 10 0 3 3 #=AU16
L 345 750 10 0 8 0 1 0 GND_AU16
A 405 750 10 0 2 0 PINTYPE=BI
P 67 400 760 350 760 0 3 0
A 355 760 10 0 3 3 #=AU21
L 345 760 10 0 8 0 1 0 GND_AU21
A 405 760 10 0 2 0 PINTYPE=BI
P 68 400 770 350 770 0 3 0
A 355 770 10 0 3 3 #=AU3
L 345 770 10 0 8 0 1 0 GND_AU3
A 405 770 10 0 2 0 PINTYPE=BI
P 69 400 780 350 780 0 3 0
A 355 780 10 0 3 3 #=AU31
L 345 780 10 0 8 0 1 0 GND_AU31
A 405 780 10 0 2 0 PINTYPE=BI
P 70 400 790 350 790 0 3 0
A 355 790 10 0 3 3 #=AU4
L 345 790 10 0 8 0 1 0 GND_AU4
A 405 790 10 0 2 0 PINTYPE=BI
P 71 400 800 350 800 0 3 0
A 355 800 10 0 3 3 #=AU7
L 345 800 10 0 8 0 1 0 GND_AU7
A 405 800 10 0 2 0 PINTYPE=BI
P 72 400 810 350 810 0 3 0
A 355 810 10 0 3 3 #=AV1
L 345 810 10 0 8 0 1 0 GND_AV1
A 405 810 10 0 2 0 PINTYPE=BI
P 73 400 820 350 820 0 3 0
A 355 820 10 0 3 3 #=AV11
L 345 820 10 0 8 0 1 0 GND_AV11
A 405 820 10 0 2 0 PINTYPE=BI
P 74 400 830 350 830 0 3 0
A 355 830 10 0 3 3 #=AV14
L 345 830 10 0 8 0 1 0 GND_AV14
A 405 830 10 0 2 0 PINTYPE=BI
P 75 400 840 350 840 0 3 0
A 355 840 10 0 3 3 #=AV19
L 345 840 10 0 8 0 1 0 GND_AV19
A 405 840 10 0 2 0 PINTYPE=BI
P 76 400 850 350 850 0 3 0
A 355 850 10 0 3 3 #=AV2
L 345 850 10 0 8 0 1 0 GND_AV2
A 405 850 10 0 2 0 PINTYPE=BI
P 77 400 860 350 860 0 3 0
A 355 860 10 0 3 3 #=AV24
L 345 860 10 0 8 0 1 0 GND_AV24
A 405 860 10 0 2 0 PINTYPE=BI
P 78 400 870 350 870 0 3 0
A 355 870 10 0 3 3 #=AV34
L 345 870 10 0 8 0 1 0 GND_AV34
A 405 870 10 0 2 0 PINTYPE=BI
P 79 400 880 350 880 0 3 0
A 355 880 10 0 3 3 #=AV39
L 345 880 10 0 8 0 1 0 GND_AV39
A 405 880 10 0 2 0 PINTYPE=BI
P 80 400 890 350 890 0 3 0
A 355 890 10 0 3 3 #=AV5
L 345 890 10 0 8 0 1 0 GND_AV5
A 405 890 10 0 2 0 PINTYPE=BI
P 81 400 900 350 900 0 3 0
A 355 900 10 0 3 3 #=AV9
L 345 900 10 0 8 0 1 0 GND_AV9
A 405 900 10 0 2 0 PINTYPE=BI
P 82 400 910 350 910 0 3 0
A 355 910 10 0 3 3 #=AW11
L 345 910 10 0 8 0 1 0 GND_AW11
A 405 910 10 0 2 0 PINTYPE=BI
P 83 400 920 350 920 0 3 0
A 355 920 10 0 3 3 #=AW27
L 345 920 10 0 8 0 1 0 GND_AW27
A 405 920 10 0 2 0 PINTYPE=BI
P 84 400 930 350 930 0 3 0
A 355 930 10 0 3 3 #=AW3
L 345 930 10 0 8 0 1 0 GND_AW3
A 405 930 10 0 2 0 PINTYPE=BI
P 85 400 940 350 940 0 3 0
A 355 940 10 0 3 3 #=AW37
L 345 940 10 0 8 0 1 0 GND_AW37
A 405 940 10 0 2 0 PINTYPE=BI
P 86 400 950 350 950 0 3 0
A 355 950 10 0 3 3 #=AW4
L 345 950 10 0 8 0 1 0 GND_AW4
A 405 950 10 0 2 0 PINTYPE=BI
P 87 400 960 350 960 0 3 0
A 355 960 10 0 3 3 #=AW42
L 345 960 10 0 8 0 1 0 GND_AW42
A 405 960 10 0 2 0 PINTYPE=BI
P 88 400 970 350 970 0 3 0
A 355 970 10 0 3 3 #=AW7
L 345 970 10 0 8 0 1 0 GND_AW7
A 405 970 10 0 2 0 PINTYPE=BI
P 89 400 980 350 980 0 3 0
A 355 980 10 0 3 3 #=AY1
L 345 980 10 0 8 0 1 0 GND_AY1
A 405 980 10 0 2 0 PINTYPE=BI
P 90 400 990 350 990 0 3 0
A 355 990 10 0 3 3 #=AY11
L 345 990 10 0 8 0 1 0 GND_AY11
A 405 990 10 0 2 0 PINTYPE=BI
P 91 400 1000 350 1000 0 3 0
A 355 1000 10 0 3 3 #=AY15
L 345 1000 10 0 8 0 1 0 GND_AY15
A 405 1000 10 0 2 0 PINTYPE=BI
P 92 0 110 50 110 0 2 0
A 45 110 10 0 9 3 #=AY2
L 55 110 10 0 2 0 1 0 GND_AY2
A 10 110 10 0 2 0 PINTYPE=BI
P 93 0 120 50 120 0 2 0
A 45 120 10 0 9 3 #=AY20
L 55 120 10 0 2 0 1 0 GND_AY20
A 10 120 10 0 2 0 PINTYPE=BI
P 94 0 130 50 130 0 2 0
A 45 130 10 0 9 3 #=AY25
L 55 130 10 0 2 0 1 0 GND_AY25
A 10 130 10 0 2 0 PINTYPE=BI
P 95 0 140 50 140 0 2 0
A 45 140 10 0 9 3 #=AY30
L 55 140 10 0 2 0 1 0 GND_AY30
A 10 140 10 0 2 0 PINTYPE=BI
P 96 0 150 50 150 0 2 0
A 45 150 10 0 9 3 #=AY35
L 55 150 10 0 2 0 1 0 GND_AY35
A 10 150 10 0 2 0 PINTYPE=BI
P 97 0 160 50 160 0 2 0
A 45 160 10 0 9 3 #=AY40
L 55 160 10 0 2 0 1 0 GND_AY40
A 10 160 10 0 2 0 PINTYPE=BI
P 98 0 170 50 170 0 2 0
A 45 170 10 0 9 3 #=AY5
L 55 170 10 0 2 0 1 0 GND_AY5
A 10 170 10 0 2 0 PINTYPE=BI
P 99 0 180 50 180 0 2 0
A 45 180 10 0 9 3 #=AY9
L 55 180 10 0 2 0 1 0 GND_AY9
A 10 180 10 0 2 0 PINTYPE=BI
P 100 0 190 50 190 0 2 0
A 45 190 10 0 9 3 #=B1
L 55 190 10 0 2 0 1 0 GND_B1
A 10 190 10 0 2 0 PINTYPE=BI
P 101 0 200 50 200 0 2 0
A 45 200 10 0 9 3 #=B10
L 55 200 10 0 2 0 1 0 GND_B10
A 10 200 10 0 2 0 PINTYPE=BI
P 102 0 210 50 210 0 2 0
A 45 210 10 0 9 3 #=B20
L 55 210 10 0 2 0 1 0 GND_B20
A 10 210 10 0 2 0 PINTYPE=BI
P 103 0 220 50 220 0 2 0
A 45 220 10 0 9 3 #=B25
L 55 220 10 0 2 0 1 0 GND_B25
A 10 220 10 0 2 0 PINTYPE=BI
P 104 0 230 50 230 0 2 0
A 45 230 10 0 9 3 #=B30
L 55 230 10 0 2 0 1 0 GND_B30
A 10 230 10 0 2 0 PINTYPE=BI
P 105 0 240 50 240 0 2 0
A 45 240 10 0 9 3 #=B35
L 55 240 10 0 2 0 1 0 GND_B35
A 10 240 10 0 2 0 PINTYPE=BI
P 106 0 250 50 250 0 2 0
A 45 250 10 0 9 3 #=B40
L 55 250 10 0 2 0 1 0 GND_B40
A 10 250 10 0 2 0 PINTYPE=BI
P 107 0 260 50 260 0 2 0
A 45 260 10 0 9 3 #=B42
L 55 260 10 0 2 0 1 0 GND_B42
A 10 260 10 0 2 0 PINTYPE=BI
P 108 0 270 50 270 0 2 0
A 45 270 10 0 9 3 #=B5
L 55 270 10 0 2 0 1 0 GND_B5
A 10 270 10 0 2 0 PINTYPE=BI
P 109 0 280 50 280 0 2 0
A 45 280 10 0 9 3 #=BA11
L 55 280 10 0 2 0 1 0 GND_BA11
A 10 280 10 0 2 0 PINTYPE=BI
P 110 0 290 50 290 0 2 0
A 45 290 10 0 9 3 #=BA13
L 55 290 10 0 2 0 1 0 GND_BA13
A 10 290 10 0 2 0 PINTYPE=BI
P 111 0 300 50 300 0 2 0
A 45 300 10 0 9 3 #=BA18
L 55 300 10 0 2 0 1 0 GND_BA18
A 10 300 10 0 2 0 PINTYPE=BI
P 112 0 310 50 310 0 2 0
A 45 310 10 0 9 3 #=BA23
L 55 310 10 0 2 0 1 0 GND_BA23
A 10 310 10 0 2 0 PINTYPE=BI
P 113 0 320 50 320 0 2 0
A 45 320 10 0 9 3 #=BA28
L 55 320 10 0 2 0 1 0 GND_BA28
A 10 320 10 0 2 0 PINTYPE=BI
P 114 0 330 50 330 0 2 0
A 45 330 10 0 9 3 #=BA3
L 55 330 10 0 2 0 1 0 GND_BA3
A 10 330 10 0 2 0 PINTYPE=BI
P 115 0 340 50 340 0 2 0
A 45 340 10 0 9 3 #=BA33
L 55 340 10 0 2 0 1 0 GND_BA33
A 10 340 10 0 2 0 PINTYPE=BI
P 116 0 350 50 350 0 2 0
A 45 350 10 0 9 3 #=BA4
L 55 350 10 0 2 0 1 0 GND_BA4
A 10 350 10 0 2 0 PINTYPE=BI
P 117 0 360 50 360 0 2 0
A 45 360 10 0 9 3 #=BA42
L 55 360 10 0 2 0 1 0 GND_BA42
A 10 360 10 0 2 0 PINTYPE=BI
P 118 0 370 50 370 0 2 0
A 45 370 10 0 9 3 #=BA7
L 55 370 10 0 2 0 1 0 GND_BA7
A 10 370 10 0 2 0 PINTYPE=BI
P 119 0 380 50 380 0 2 0
A 45 380 10 0 9 3 #=BB11
L 55 380 10 0 2 0 1 0 GND_BB11
A 10 380 10 0 2 0 PINTYPE=BI
P 120 0 390 50 390 0 2 0
A 45 390 10 0 9 3 #=BB16
L 55 390 10 0 2 0 1 0 GND_BB16
A 10 390 10 0 2 0 PINTYPE=BI
P 121 0 400 50 400 0 2 0
A 45 400 10 0 9 3 #=BB2
L 55 400 10 0 2 0 1 0 GND_BB2
A 10 400 10 0 2 0 PINTYPE=BI
P 122 0 410 50 410 0 2 0
A 45 410 10 0 9 3 #=BB21
L 55 410 10 0 2 0 1 0 GND_BB21
A 10 410 10 0 2 0 PINTYPE=BI
P 123 0 420 50 420 0 2 0
A 45 420 10 0 9 3 #=BB26
L 55 420 10 0 2 0 1 0 GND_BB26
A 10 420 10 0 2 0 PINTYPE=BI
P 124 0 430 50 430 0 2 0
A 45 430 10 0 9 3 #=BB31
L 55 430 10 0 2 0 1 0 GND_BB31
A 10 430 10 0 2 0 PINTYPE=BI
P 125 0 440 50 440 0 2 0
A 45 440 10 0 9 3 #=BB36
L 55 440 10 0 2 0 1 0 GND_BB36
A 10 440 10 0 2 0 PINTYPE=BI
P 126 0 450 50 450 0 2 0
A 45 450 10 0 9 3 #=BB41
L 55 450 10 0 2 0 1 0 GND_BB41
A 10 450 10 0 2 0 PINTYPE=BI
P 127 0 460 50 460 0 2 0
A 45 460 10 0 9 3 #=BB5
L 55 460 10 0 2 0 1 0 GND_BB5
A 10 460 10 0 2 0 PINTYPE=BI
P 128 0 470 50 470 0 2 0
A 45 470 10 0 9 3 #=BB9
L 55 470 10 0 2 0 1 0 GND_BB9
A 10 470 10 0 2 0 PINTYPE=BI
P 129 0 480 50 480 0 2 0
A 45 480 10 0 9 3 #=C13
L 55 480 10 0 2 0 1 0 GND_C13
A 10 480 10 0 2 0 PINTYPE=BI
P 130 0 490 50 490 0 2 0
A 45 490 10 0 9 3 #=C33
L 55 490 10 0 2 0 1 0 GND_C33
A 10 490 10 0 2 0 PINTYPE=BI
P 131 0 500 50 500 0 2 0
A 45 500 10 0 9 3 #=C8
L 55 500 10 0 2 0 1 0 GND_C8
A 10 500 10 0 2 0 PINTYPE=BI
P 132 0 510 50 510 0 2 0
A 45 510 10 0 9 3 #=D1
L 55 510 10 0 2 0 1 0 GND_D1
A 10 510 10 0 2 0 PINTYPE=BI
P 133 0 520 50 520 0 2 0
A 45 520 10 0 9 3 #=D11
L 55 520 10 0 2 0 1 0 GND_D11
A 10 520 10 0 2 0 PINTYPE=BI
P 134 0 530 50 530 0 2 0
A 45 530 10 0 9 3 #=D16
L 55 530 10 0 2 0 1 0 GND_D16
A 10 530 10 0 2 0 PINTYPE=BI
P 135 0 540 50 540 0 2 0
A 45 540 10 0 9 3 #=D21
L 55 540 10 0 2 0 1 0 GND_D21
A 10 540 10 0 2 0 PINTYPE=BI
P 136 0 550 50 550 0 2 0
A 45 550 10 0 9 3 #=D26
L 55 550 10 0 2 0 1 0 GND_D26
A 10 550 10 0 2 0 PINTYPE=BI
P 137 0 560 50 560 0 2 0
A 45 560 10 0 9 3 #=D36
L 55 560 10 0 2 0 1 0 GND_D36
A 10 560 10 0 2 0 PINTYPE=BI
P 138 0 570 50 570 0 2 0
A 45 570 10 0 9 3 #=D41
L 55 570 10 0 2 0 1 0 GND_D41
A 10 570 10 0 2 0 PINTYPE=BI
P 139 0 580 50 580 0 2 0
A 45 580 10 0 9 3 #=E14
L 55 580 10 0 2 0 1 0 GND_E14
A 10 580 10 0 2 0 PINTYPE=BI
P 140 0 590 50 590 0 2 0
A 45 590 10 0 9 3 #=E19
L 55 590 10 0 2 0 1 0 GND_E19
A 10 590 10 0 2 0 PINTYPE=BI
P 141 0 600 50 600 0 2 0
A 45 600 10 0 9 3 #=E24
L 55 600 10 0 2 0 1 0 GND_E24
A 10 600 10 0 2 0 PINTYPE=BI
P 142 0 610 50 610 0 2 0
A 45 610 10 0 9 3 #=E29
L 55 610 10 0 2 0 1 0 GND_E29
A 10 610 10 0 2 0 PINTYPE=BI
P 143 0 620 50 620 0 2 0
A 45 620 10 0 9 3 #=E39
L 55 620 10 0 2 0 1 0 GND_E39
A 10 620 10 0 2 0 PINTYPE=BI
P 144 0 630 50 630 0 2 0
A 45 630 10 0 9 3 #=E4
L 55 630 10 0 2 0 1 0 GND_E4
A 10 630 10 0 2 0 PINTYPE=BI
P 145 0 640 50 640 0 2 0
A 45 640 10 0 9 3 #=F17
L 55 640 10 0 2 0 1 0 GND_F17
A 10 640 10 0 2 0 PINTYPE=BI
P 146 0 650 50 650 0 2 0
A 45 650 10 0 9 3 #=F22
L 55 650 10 0 2 0 1 0 GND_F22
A 10 650 10 0 2 0 PINTYPE=BI
P 147 0 660 50 660 0 2 0
A 45 660 10 0 9 3 #=F27
L 55 660 10 0 2 0 1 0 GND_F27
A 10 660 10 0 2 0 PINTYPE=BI
P 148 0 670 50 670 0 2 0
A 45 670 10 0 9 3 #=F32
L 55 670 10 0 2 0 1 0 GND_F32
A 10 670 10 0 2 0 PINTYPE=BI
P 149 0 680 50 680 0 2 0
A 45 680 10 0 9 3 #=F42
L 55 680 10 0 2 0 1 0 GND_F42
A 10 680 10 0 2 0 PINTYPE=BI
P 150 0 690 50 690 0 2 0
A 45 690 10 0 9 3 #=F7
L 55 690 10 0 2 0 1 0 GND_F7
A 10 690 10 0 2 0 PINTYPE=BI
P 151 0 700 50 700 0 2 0
A 45 700 10 0 9 3 #=G10
L 55 700 10 0 2 0 1 0 GND_G10
A 10 700 10 0 2 0 PINTYPE=BI
P 152 0 710 50 710 0 2 0
A 45 710 10 0 9 3 #=G30
L 55 710 10 0 2 0 1 0 GND_G30
A 10 710 10 0 2 0 PINTYPE=BI
P 153 0 720 50 720 0 2 0
A 45 720 10 0 9 3 #=G35
L 55 720 10 0 2 0 1 0 GND_G35
A 10 720 10 0 2 0 PINTYPE=BI
P 154 0 730 50 730 0 2 0
A 45 730 10 0 9 3 #=H13
L 55 730 10 0 2 0 1 0 GND_H13
A 10 730 10 0 2 0 PINTYPE=BI
P 155 0 740 50 740 0 2 0
A 45 740 10 0 9 3 #=H18
L 55 740 10 0 2 0 1 0 GND_H18
A 10 740 10 0 2 0 PINTYPE=BI
P 156 0 750 50 750 0 2 0
A 45 750 10 0 9 3 #=H23
L 55 750 10 0 2 0 1 0 GND_H23
A 10 750 10 0 2 0 PINTYPE=BI
P 157 0 760 50 760 0 2 0
A 45 760 10 0 9 3 #=H3
L 55 760 10 0 2 0 1 0 GND_H3
A 10 760 10 0 2 0 PINTYPE=BI
P 158 0 770 50 770 0 2 0
A 45 770 10 0 9 3 #=H33
L 55 770 10 0 2 0 1 0 GND_H33
A 10 770 10 0 2 0 PINTYPE=BI
P 159 0 780 50 780 0 2 0
A 45 780 10 0 9 3 #=H34
L 55 780 10 0 2 0 1 0 GND_H34
A 10 780 10 0 2 0 PINTYPE=BI
P 160 0 790 50 790 0 2 0
A 45 790 10 0 9 3 #=H35
L 55 790 10 0 2 0 1 0 GND_H35
A 10 790 10 0 2 0 PINTYPE=BI
P 161 0 800 50 800 0 2 0
A 45 800 10 0 9 3 #=H36
L 55 800 10 0 2 0 1 0 GND_H36
A 10 800 10 0 2 0 PINTYPE=BI
P 162 0 810 50 810 0 2 0
A 45 810 10 0 9 3 #=H37
L 55 810 10 0 2 0 1 0 GND_H37
A 10 810 10 0 2 0 PINTYPE=BI
P 163 0 820 50 820 0 2 0
A 45 820 10 0 9 3 #=H38
L 55 820 10 0 2 0 1 0 GND_H38
A 10 820 10 0 2 0 PINTYPE=BI
P 164 0 830 50 830 0 2 0
A 45 830 10 0 9 3 #=H39
L 55 830 10 0 2 0 1 0 GND_H39
A 10 830 10 0 2 0 PINTYPE=BI
P 165 0 840 50 840 0 2 0
A 45 840 10 0 9 3 #=H40
L 55 840 10 0 2 0 1 0 GND_H40
A 10 840 10 0 2 0 PINTYPE=BI
P 166 0 850 50 850 0 2 0
A 45 850 10 0 9 3 #=H41
L 55 850 10 0 2 0 1 0 GND_H41
A 10 850 10 0 2 0 PINTYPE=BI
P 167 0 860 50 860 0 2 0
A 45 860 10 0 9 3 #=H42
L 55 860 10 0 2 0 1 0 GND_H42
A 10 860 10 0 2 0 PINTYPE=BI
P 168 0 870 50 870 0 2 0
A 45 870 10 0 9 3 #=J16
L 55 870 10 0 2 0 1 0 GND_J16
A 10 870 10 0 2 0 PINTYPE=BI
P 169 0 880 50 880 0 2 0
A 45 880 10 0 9 3 #=J21
L 55 880 10 0 2 0 1 0 GND_J21
A 10 880 10 0 2 0 PINTYPE=BI
P 170 0 890 50 890 0 2 0
A 45 890 10 0 9 3 #=J26
L 55 890 10 0 2 0 1 0 GND_J26
A 10 890 10 0 2 0 PINTYPE=BI
P 171 0 900 50 900 0 2 0
A 45 900 10 0 9 3 #=J31
L 55 900 10 0 2 0 1 0 GND_J31
A 10 900 10 0 2 0 PINTYPE=BI
P 172 0 910 50 910 0 2 0
A 45 910 10 0 9 3 #=J33
L 55 910 10 0 2 0 1 0 GND_J33
A 10 910 10 0 2 0 PINTYPE=BI
P 173 0 920 50 920 0 2 0
A 45 920 10 0 9 3 #=J35
L 55 920 10 0 2 0 1 0 GND_J35
A 10 920 10 0 2 0 PINTYPE=BI
P 174 0 930 50 930 0 2 0
A 45 930 10 0 9 3 #=J38
L 55 930 10 0 2 0 1 0 GND_J38
A 10 930 10 0 2 0 PINTYPE=BI
P 175 0 940 50 940 0 2 0
A 45 940 10 0 9 3 #=J39
L 55 940 10 0 2 0 1 0 GND_J39
A 10 940 10 0 2 0 PINTYPE=BI
P 176 0 950 50 950 0 2 0
A 45 950 10 0 9 3 #=J40
L 55 950 10 0 2 0 1 0 GND_J40
A 10 950 10 0 2 0 PINTYPE=BI
P 177 0 960 50 960 0 2 0
A 45 960 10 0 9 3 #=J6
L 55 960 10 0 2 0 1 0 GND_J6
A 10 960 10 0 2 0 PINTYPE=BI
P 178 0 970 50 970 0 2 0
A 45 970 10 0 9 3 #=K1
L 55 970 10 0 2 0 1 0 GND_K1
A 10 970 10 0 2 0 PINTYPE=BI
P 179 0 980 50 980 0 2 0
A 45 980 10 0 9 3 #=K10
L 55 980 10 0 2 0 1 0 GND_K10
A 10 980 10 0 2 0 PINTYPE=BI
P 180 0 990 50 990 0 2 0
A 45 990 10 0 9 3 #=K11
L 55 990 10 0 2 0 1 0 GND_K11
A 10 990 10 0 2 0 PINTYPE=BI
T 220 1020 20 0 5 XCKU15PFFVE1760
T 220 1040 20 0 5 BANK GND2
c 70 1050 10
U 50 1080 10 0 3 3 DEVICE=XXXXXX
U 50 30 16 0 3 3 REFDES=U?
U 250 30 10 0 3 3 PKG_TYPE=XXXXXX
U 0 0 10 0 3 0 HETERO=ku15pe1760a_0,ku15pe1760a_74,ku15pe1760a_73,ku15pe1760a_72,ku15pe1760a_71,ku15pe1760a_70,ku15pe1760a_69,ku15pe1760a_68,ku15pe1760a_67,ku15pe1760a_66,ku15pe1760a_65,ku15pe1760a_64,ku15pe1760a_94,ku15pe1760a_93,ku15pe1760a_91,ku15pe1760a_90,ku15pe1760a_127,ku15pe1760a_128,ku15pe1760a_129,ku15pe1760a_130,ku15pe1760a_131,ku15pe1760a_132,ku15pe1760a_224,ku15pe1760a_225,ku15pe1760a_226,ku15pe1760a_227,ku15pe1760a_228,ku15pe1760a_229,ku15pe1760a_230,ku15pe1760a_231,ku15pe1760a_GND1,ku15pe1760a_GND2,ku15pe1760a_GND3,ku15pe1760a_MGTAVCC_L,ku15pe1760a_MGTAVCC_RN,ku15pe1760a_MGTAVCC_RS,ku15pe1760a_MGTAVTT_L,ku15pe1760a_MGTAVTT_RN,ku15pe1760a_MGTAVTT_RS,ku15pe1760a_MGTVCCAUX_L,ku15pe1760a_MGTVCCAUX_RN,ku15pe1760a_MGTVCCAUX_RS,ku15pe1760a_VCCAUX,ku15pe1760a_VCCAUX_IO,ku15pe1760a_VCCBRAM,ku15pe1760a_VCCINT,ku15pe1760a_VCCINT_IO
U 0 -10 10 0 3 0 PARTS=1
U 0 -20 10 0 3 0 LEVEL=STD
U 0 -30 10 0 3 0 DATE=:
E
