V 51
K 283954208300 lm2901
|R 20:10_10-13-10
Y 1
D 0 0 120 210
Z 10
i 15
U 0 -70 10 0 3 0 DIST_P/N=XXX
U 0 -60 10 0 3 0 DIST=XXX
U 0 -50 10 0 3 0 MANF_P/N=XXX
U 0 -30 10 0 3 0 MANF=XXX
U 0 -20 10 0 3 0 PARTS=1
U 0 -10 10 0 3 0 LEVEL=STD
U 20 0 16 0 3 3 REFDES=U?
U 0 -40 10 0 3 0 VALUE=XXX
U 20 195 10 0 3 3 DEVICE=LM2901
P 7 0 55 20 55 0 2 0
L 25 50 10 0 3 0 1 0 IN4_N
A 0 55 10 0 3 0 PINTYPE=IN
A 5 55 10 0 3 3 #=10
P 6 0 95 20 95 0 2 0
L 25 90 10 0 3 0 1 0 IN3_P
A 0 95 10 0 3 0 PINTYPE=IN
A 10 95 10 0 3 3 #=9
P 4 0 125 20 125 0 2 0
L 25 120 10 0 3 0 1 0 IN2_P
A 0 125 10 0 3 0 PINTYPE=IN
A 10 125 10 0 3 3 #=7
P 1 0 155 20 155 0 2 0
L 25 150 10 0 3 0 1 0 IN1_P
A 0 155 10 0 3 0 PINTYPE=IN
A 10 155 10 0 3 3 #=5
P 14 120 40 100 40 0 3 0
L 80 35 10 0 3 0 1 0 GND
A 120 40 10 0 9 0 PINTYPE=OUT
A 115 40 10 0 9 3 #=12
P 2 0 145 20 145 0 2 0
L 25 140 10 0 3 0 1 0 IN1_N
A 0 145 10 0 3 0 PINTYPE=IN
A 10 145 10 0 3 3 #=4
P 3 0 115 20 115 0 2 0
L 25 110 10 0 3 0 1 0 IN2_N
A 0 115 10 0 3 0 PINTYPE=IN
A 10 115 10 0 3 3 #=6
P 5 0 85 20 85 0 2 0
L 25 80 10 0 3 0 1 0 IN3_N
A 0 85 10 0 3 0 PINTYPE=IN
A 10 85 10 0 3 3 #=8
P 8 0 65 20 65 0 2 0
L 25 60 10 0 3 0 1 0 IN4_P
A 0 65 10 0 3 0 PINTYPE=IN
A 5 65 10 0 3 3 #=11
P 13 120 60 100 60 0 3 0
L 75 55 10 0 3 0 1 0 OUT4
A 120 60 10 0 9 0 PINTYPE=OUT
A 115 60 10 0 9 3 #=13
P 12 120 90 100 90 0 3 0
L 75 85 10 0 3 0 1 0 OUT3
A 120 90 10 0 9 0 PINTYPE=OUT
A 115 90 10 0 9 3 #=14
P 11 120 120 100 120 0 3 0
L 75 115 10 0 3 0 1 0 OUT2
A 120 120 10 0 9 0 PINTYPE=OUT
A 110 120 10 0 9 3 #=1
P 9 120 150 100 150 0 3 0
L 75 145 10 0 3 0 1 0 OUT1
A 120 150 10 0 9 0 PINTYPE=OUT
A 110 150 10 0 9 3 #=2
P 15 120 170 100 170 0 3 0
L 80 165 10 0 3 0 1 0 VCC
A 120 170 10 0 9 0 PINTYPE=OUT
A 110 170 10 0 9 3 #=3
b 20 20 100 190
U 80 0 10 0 3 3 PKG_TYPE=XXX
E
