V 53
K 1413496530 lm334m.1
F Case
|R 14:55:30_10-16-14
D 0 140 120 -10
Y 1
Z 10
i 103
U 0 -20 10 0 3 0 MANF_P/N=XXXX
U 0 -10 10 0 3 0 VALUE=LM334M
U 20 -10 16 0 3 3 REFDES=U?
U 20 125 10 0 3 3 DEVICE=LM334M
U 100 -10 10 0 9 3 PKG_TYPE=XXXX
U 0 -10 10 0 1 0 FORWARD_PCB=1
T 25 45 10 0 2 NC
Q 15 0 0
|FNTSTL 16777215 0
T 25 105 10 0 2 V+
Q 15 0 0
|FNTSTL 16777215 0
T 85 85 10 0 2 V-
Q 15 0 0
|FNTSTL 16777215 0
b 20 15 100 125
|GRPHSTL 3249763 0 0 1
T 25 25 10 0 2 NC
Q 15 0 0
|FNTSTL 16777215 0
T 85 65 10 0 2 V-
Q 15 0 0
|FNTSTL 16777215 0
T 85 45 10 0 2 V-
Q 15 0 0
|FNTSTL 16777215 0
T 85 25 10 0 2 V-
Q 15 0 0
|FNTSTL 16777215 0
P 18 0 45 20 45 0 2 0
L 25 45 10 0 2 0 0 0 NC_1
A 15 45 10 0 9 3 #=5
A -30 35 10 0 9 0 PINTYPE=POWER
P 19 120 65 100 65 0 3 0
L 95 65 10 0 8 0 0 0 VN_2
A 105 65 10 0 3 3 #=3
A 160 60 10 0 3 0 PINTYPE=POWER
P 27 120 25 100 25 0 3 0
L 95 25 10 0 8 0 0 0 VN_4
A 105 25 10 0 3 3 #=7
A 160 20 10 0 3 0 PINTYPE=IN
P 38 120 105 100 105 0 3 0
L 85 105 10 0 2 0 1 0 R
A 105 105 10 0 3 3 #=1
A 160 100 10 0 3 0 PINTYPE=POWER
P 49 0 105 20 105 0 2 0
L 25 105 10 0 2 0 0 0 VP
A -30 95 10 0 9 0 PINTYPE=POWER
A 15 105 10 0 9 3 #=4
P 50 120 45 100 45 0 3 0
L 95 45 10 0 8 0 0 0 VN_3
A 105 45 10 0 3 3 #=6
A 160 40 10 0 3 0 PINTYPE=POWER
P 51 0 25 20 25 0 2 0
L 25 25 10 0 2 0 0 0 NC_2
A 15 25 10 0 9 3 #=8
A -30 15 10 0 9 0 PINTYPE=IN
P 102 120 85 100 85 0 3 0
L 95 85 10 0 8 0 0 0 VN_1
A 105 85 10 0 3 3 #=2
A 160 80 10 0 3 0 PINTYPE=POWER
E 
