V 51
K 171700131600 lmr12020xsd
|R 1:50_11-6-12
Y 1
D 0 0 120 140
Z 10
i 54
U 0 -20 10 0 3 0 MANF_P/N=MANF_P/N
U 0 -10 10 0 3 0 VALUE=VALUE
U 20 0 16 0 3 3 REFDES=U?
P 54 60 0 60 20 0 1 0
L 65 25 10 1 3 0 1 0 DAP
A 60 20 10 3 1 3 #=11
P 51 0 70 20 70 0 2 0
L 25 70 10 0 2 0 1 0 AVIN
A 15 70 10 0 9 3 #=8
A -30 60 10 0 9 0 PINTYPE=IN
P 52 0 30 20 30 0 2 0
L 25 30 10 0 2 0 1 0 FB
A 15 30 10 0 9 3 #=6
A -30 20 10 0 9 0 PINTYPE=IN
P 18 0 90 20 90 0 2 0
L 25 90 10 0 2 0 1 0 PVIN1
A 15 90 10 0 9 3 #=9
A -30 80 10 0 9 0 PINTYPE=POWER
P 49 0 110 20 110 0 2 0
A -30 100 10 0 9 0 PINTYPE=POWER
A 15 110 10 0 9 3 #=10
L 25 110 10 0 2 0 1 0 PVIN2
P 19 120 110 100 110 0 3 0
A 105 110 10 0 3 3 #=1
A 160 105 10 0 3 0 PINTYPE=POWER
L 95 110 10 0 8 0 1 0 SW1
P 50 120 90 100 90 0 3 0
A 105 90 10 0 3 3 #=2
A 160 85 10 0 3 0 PINTYPE=POWER
L 95 90 10 0 8 0 1 0 SW2
P 27 120 70 100 70 0 3 0
A 105 70 10 0 3 3 #=3
A 160 65 10 0 3 0 PINTYPE=IN
L 95 70 10 0 8 0 1 0 BST
P 53 120 30 100 30 0 3 0
L 95 30 10 0 8 0 1 0 SYNC
A 160 25 10 0 3 0 PINTYPE=POWER
A 105 30 10 0 3 3 #=5
P 22 0 50 20 50 0 2 0
A -30 40 10 0 9 0 PINTYPE=IN
A 15 50 10 0 9 3 #=7
L 25 50 10 0 2 1 1 0 GND
U 20 130 10 0 3 3 DEVICE=DEVICE
P 38 120 50 100 50 0 3 0
A 105 50 10 0 3 3 #=4
A 160 45 10 0 3 0 PINTYPE=POWER
L 95 50 10 0 8 0 1 0 EN
b 20 20 100 120
U 110 5 10 0 9 3 PKG_TYPE=PKG_TYPE
E
