V 53
K 1412875211 lmz31503.1
F Case
|R 10:20:11_10-9-14
D 40 360 270 -355
Y 1
Z 10
i 395
U 0 -70 10 0 3 0 VALUE=LMZ31503RUQ
U 0 -20 10 0 3 0 PARTS=1
U 0 -10 10 0 3 0 LEVEL=STD
U 60 -355 16 0 3 3 REFDES=U?
U 60 350 10 0 3 3 DEVICE=LMZ31503_TBD
U 215 -350 10 0 3 3 PKG_TYPE=xxxxxx
U 40 -355 10 0 1 0 FORWARD_PCB=1
b 60 -340 250 350
T 65 140 10 0 2 DNC
Q 15 0 0
|FNTSTL 16777215 0
T 65 120 10 0 2 DNC
Q 15 0 0
|FNTSTL 16777215 0
T 65 100 10 0 2 DNC
Q 15 0 0
|FNTSTL 16777215 0
T 65 80 10 0 2 DNC
Q 15 0 0
|FNTSTL 16777215 0
T 65 60 10 0 2 DNC
Q 15 0 0
|FNTSTL 16777215 0
T 65 40 10 0 2 DNC
Q 15 0 0
|FNTSTL 16777215 0
T 65 20 10 0 2 DNC
Q 15 0 0
|FNTSTL 16777215 0
T 65 0 10 0 2 DNC
Q 15 0 0
|FNTSTL 16777215 0
T 65 -20 10 0 2 DNC
Q 15 0 0
|FNTSTL 16777215 0
T 65 -40 10 0 2 DNC
Q 15 0 0
|FNTSTL 16777215 0
T 65 -60 10 0 2 DNC
Q 15 0 0
|FNTSTL 16777215 0
T 65 -80 10 0 2 DNC
Q 15 0 0
|FNTSTL 16777215 0
T 65 -100 10 0 2 DNC
Q 15 0 0
|FNTSTL 16777215 0
T 65 -240 10 0 2 AGND
Q 15 0 0
|FNTSTL 16777215 0
T 65 -260 10 0 2 AGND
Q 15 0 0
|FNTSTL 16777215 0
T 65 -280 10 0 2 AGND
Q 15 0 0
|FNTSTL 16777215 0
T 240 -250 10 0 8 PGND
Q 15 0 0
|FNTSTL 16777215 0
T 240 -230 10 0 8 PGND
Q 15 0 0
|FNTSTL 16777215 0
T 240 -210 10 0 8 PGND
Q 15 0 0
|FNTSTL 16777215 0
T 240 -30 10 0 8 PH
Q 15 0 0
|FNTSTL 16777215 0
T 240 -50 10 0 8 PH
Q 15 0 0
|FNTSTL 16777215 0
T 240 -70 10 0 8 PH
Q 15 0 0
|FNTSTL 16777215 0
T 240 -90 10 0 8 PH
Q 15 0 0
|FNTSTL 16777215 0
T 240 -110 10 0 8 PH
Q 15 0 0
|FNTSTL 16777215 0
T 240 -130 10 0 8 PH
Q 15 0 0
|FNTSTL 16777215 0
T 240 -150 10 0 8 PH_PAD
Q 15 0 0
|FNTSTL 16777215 0
T 245 220 10 0 8 VO
Q 15 0 0
|FNTSTL 16777215 0
T 245 200 10 0 8 VO
Q 15 0 0
|FNTSTL 16777215 0
T 245 180 10 0 8 VO
Q 15 0 0
|FNTSTL 16777215 0
T 245 160 10 0 8 VO
Q 15 0 0
|FNTSTL 16777215 0
T 245 140 10 0 8 VO
Q 15 0 0
|FNTSTL 16777215 0
T 245 120 10 0 8 VO
Q 15 0 0
|FNTSTL 16777215 0
T 245 100 10 0 8 VO
Q 15 0 0
|FNTSTL 16777215 0
T 245 80 10 0 8 VO_PAD
Q 15 0 0
|FNTSTL 16777215 0
T 65 200 10 0 2 INH/UVLO
Q 15 0 0
|FNTSTL 16777215 0
T 65 180 10 0 2 INH/UVLO
Q 15 0 0
|FNTSTL 16777215 0
T 65 280 10 0 2 PVIN
Q 15 0 0
|FNTSTL 16777215 0
T 65 260 10 0 2 PVIN
Q 15 0 0
|FNTSTL 16777215 0
T 65 240 10 0 2 PVIN
Q 15 0 0
|FNTSTL 16777215 0
T 65 -300 10 0 2 AGND_PAD
Q 15 0 0
|FNTSTL 16777215 0
P 33 40 -240 60 -240 0 2 0
L 60 -245 10 0 3 0 0 0 AGND1
A 60 -240 10 0 1 0 PINTYPE=GROUND
A 50 -230 10 0 1 3 #=1
P 35 40 -260 60 -260 0 2 0
L 60 -265 10 0 3 0 0 0 AGND2
A 60 -260 10 0 1 0 PINTYPE=GROUND
A 50 -250 10 0 1 3 #=2
P 36 40 120 60 120 0 2 0
L 60 115 10 0 3 0 0 0 DNC2
A 60 120 10 0 1 0 PINTYPE=IN
A 50 130 10 0 1 3 #=4
P 37 40 140 60 140 0 2 0
L 60 135 10 0 3 0 0 0 DNC1
A 60 140 10 0 1 0 PINTYPE=IN
A 50 150 10 0 1 3 #=3
P 38 40 200 60 200 0 2 0
L 60 195 10 0 3 0 0 0 INH/UVLO2
A 60 200 10 0 1 0 PINTYPE=IN
A 50 210 10 0 1 3 #=8
P 39 40 -180 60 -180 0 2 0
L 65 -180 10 0 2 0 1 0 STSEL
A 60 -180 10 0 1 0 PINTYPE=IN
A 50 -170 10 0 1 3 #=7
P 40 40 -160 60 -160 0 2 0
L 65 -160 10 0 2 0 1 0 SS/TR
A 60 -160 10 0 1 0 PINTYPE=IN
A 50 -150 10 0 1 3 #=6
P 41 40 100 60 100 0 2 0
L 60 95 10 0 3 0 0 0 DNC3
A 60 100 10 0 1 0 PINTYPE=IN
A 50 110 10 0 1 3 #=5
P 43 270 -50 250 -50 0 3 0
L 250 -55 10 0 9 0 0 0 PH4
A 250 -50 10 0 7 0 PINTYPE=OUT
A 265 -40 10 0 7 3 #=11
P 44 270 -30 250 -30 0 3 0
L 250 -35 10 0 9 0 0 0 PH5
A 250 -30 10 0 7 0 PINTYPE=OUT
A 265 -20 10 0 7 3 #=10
P 45 40 180 60 180 0 2 0
L 60 175 10 0 3 0 0 0 INH/UVLO1
A 60 180 10 0 1 0 PINTYPE=IN
A 50 190 10 0 1 3 #=9
P 46 270 -210 250 -210 0 3 0
L 250 -215 10 0 9 0 0 0 PGND3
A 250 -210 10 0 7 0 PINTYPE=GROUND
A 265 -200 10 0 7 3 #=36
P 102 270 -70 250 -70 0 3 0
L 250 -75 10 0 9 0 0 0 PH3
A 250 -70 10 0 7 0 PINTYPE=OUT
A 265 -60 10 0 7 3 #=12
P 132 270 -90 250 -90 0 3 0
L 250 -95 10 0 9 0 0 0 PH2
A 250 -90 10 0 7 0 PINTYPE=OUT
A 265 -80 10 0 7 3 #=13
P 145 270 -110 250 -110 0 3 0
L 250 -115 10 0 9 0 0 0 PH1
A 250 -110 10 0 7 0 PINTYPE=OUT
A 265 -100 10 0 7 3 #=14
P 152 40 80 60 80 0 2 0
L 60 75 10 0 3 0 0 0 DNC4
A 60 80 10 0 1 0 PINTYPE=IN
A 45 90 10 0 1 3 #=15
P 162 40 60 60 60 0 2 0
L 60 55 10 0 3 0 0 0 DNC5
A 60 60 10 0 1 0 PINTYPE=IN
A 45 70 10 0 1 3 #=16
P 165 40 40 60 40 0 2 0
L 60 35 10 0 3 0 0 0 DNC6
A 60 40 10 0 1 0 PINTYPE=IN
A 45 50 10 0 1 3 #=18
P 169 40 20 60 20 0 2 0
L 60 15 10 0 3 0 0 0 DNC7
A 60 20 10 0 1 0 PINTYPE=IN
A 45 30 10 0 1 3 #=19
P 173 40 0 60 0 0 2 0
L 60 -5 10 0 3 0 0 0 DNC8
A 60 0 10 0 1 0 PINTYPE=IN
A 45 10 10 0 1 3 #=20
P 177 40 -20 60 -20 0 2 0
L 60 -25 10 0 3 0 0 0 DNC9
A 60 -20 10 0 1 0 PINTYPE=IN
A 45 -10 10 0 1 3 #=22
P 181 40 -40 60 -40 0 2 0
L 60 -45 10 0 3 0 0 0 DNC10
A 60 -40 10 0 1 0 PINTYPE=IN
A 45 -30 10 0 1 3 #=23
P 185 40 -80 60 -80 0 2 0
L 60 -85 10 0 3 0 0 0 DNC12
A 60 -80 10 0 1 0 PINTYPE=IN
A 45 -70 10 0 1 3 #=31
P 189 40 -60 60 -60 0 2 0
L 60 -65 10 0 3 0 0 0 DNC11
A 60 -60 10 0 1 0 PINTYPE=IN
A 45 -50 10 0 1 3 #=30
P 201 40 -100 60 -100 0 2 0
L 60 -105 10 0 3 0 0 0 DNC13
A 60 -100 10 0 1 0 PINTYPE=IN
A 45 -90 10 0 1 3 #=32
P 208 40 -280 60 -280 0 2 0
L 60 -285 10 0 3 0 0 0 AGND3
A 60 -280 10 0 1 0 PINTYPE=GROUND
A 45 -270 10 0 1 3 #=34
P 220 270 -230 250 -230 0 3 0
L 250 -235 10 0 9 0 0 0 PGND2
A 250 -230 10 0 7 0 PINTYPE=GROUND
A 265 -220 10 0 7 3 #=37
P 224 270 -250 250 -250 0 3 0
L 250 -255 10 0 9 0 0 0 PGND1
A 250 -250 10 0 7 0 PINTYPE=GROUND
A 265 -240 10 0 7 3 #=38
P 225 270 20 250 20 0 3 0
L 245 20 10 0 8 0 1 0 PWRGD
A 250 20 10 0 7 0 PINTYPE=OCL
A 265 30 10 0 7 3 #=33
P 233 270 220 250 220 0 3 0
L 250 215 10 0 9 0 0 0 VO7
A 250 220 10 0 7 0 PINTYPE=OUT
A 265 230 10 0 7 3 #=21
P 240 270 160 250 160 0 3 0
L 250 155 10 0 9 0 0 0 VO4
A 250 160 10 0 7 0 PINTYPE=OUT
A 265 170 10 0 7 3 #=26
P 244 270 200 250 200 0 3 0
L 250 195 10 0 9 0 0 0 VO6
A 250 200 10 0 7 0 PINTYPE=OUT
A 265 210 10 0 7 3 #=24
P 248 270 180 250 180 0 3 0
L 250 175 10 0 9 0 0 0 VO5
A 250 180 10 0 7 0 PINTYPE=OUT
A 265 190 10 0 7 3 #=25
P 252 270 140 250 140 0 3 0
L 250 135 10 0 9 0 0 0 VO3
A 250 140 10 0 7 0 PINTYPE=OUT
A 265 150 10 0 7 3 #=27
P 256 270 120 250 120 0 3 0
L 250 115 10 0 9 0 0 0 VO2
A 250 120 10 0 7 0 PINTYPE=OUT
A 265 130 10 0 7 3 #=28
P 260 270 100 250 100 0 3 0
L 250 95 10 0 9 0 0 0 VO1
A 250 100 10 0 7 0 PINTYPE=OUT
A 265 110 10 0 7 3 #=29
P 268 40 310 60 310 0 2 0
L 65 310 10 0 2 0 1 0 VIN
A 60 310 10 0 1 0 PINTYPE=IN
A 45 320 10 0 1 3 #=42
P 272 40 280 60 280 0 2 0
L 60 275 10 0 3 0 0 0 PVIN3
A 60 280 10 0 1 0 PINTYPE=IN
A 45 290 10 0 1 3 #=41
P 276 40 260 60 260 0 2 0
L 60 255 10 0 3 0 0 0 PVIN2
A 60 260 10 0 1 0 PINTYPE=IN
A 45 270 10 0 1 3 #=40
P 280 40 240 60 240 0 2 0
L 60 235 10 0 3 0 0 0 PVIN1
A 60 240 10 0 1 0 PINTYPE=IN
A 45 250 10 0 1 3 #=39
P 288 40 -210 60 -210 0 2 0
L 65 -210 10 0 2 0 1 0 VADJ
A 60 -210 10 0 1 0 PINTYPE=IN
A 45 -200 10 0 1 3 #=43
P 292 270 45 250 45 0 3 0
L 245 45 10 0 8 0 1 0 SENSE+
A 250 45 10 0 7 0 PINTYPE=IN
A 265 55 10 0 7 3 #=44
P 356 270 -130 250 -130 0 3 0
L 250 -135 10 0 9 0 0 0 PH6
A 250 -130 10 0 7 0 PINTYPE=OUT
A 265 -120 10 0 7 3 #=17
P 360 270 -150 250 -150 0 3 0
L 250 -155 10 0 9 0 0 0 PH7
A 250 -150 10 0 7 0 PINTYPE=OUT
A 265 -140 10 0 7 3 #=46
P 368 270 80 250 80 0 3 0
L 250 75 10 0 9 0 0 0 VO8
A 250 80 10 0 7 0 PINTYPE=OUT
A 265 90 10 0 7 3 #=47
P 386 40 -300 60 -300 0 2 0
L 60 -305 10 0 3 0 0 0 AGND3_1
A 60 -300 10 0 1 0 PINTYPE=GROUND
A 45 -290 10 0 1 3 #=45
P 394 40 -130 60 -130 0 2 0
L 65 -130 10 0 2 0 1 0 RT/CLK
A 60 -130 10 0 1 0 PINTYPE=IN
A 45 -120 10 0 1 3 #=35
E 
