V 53
K 1458689987 LTC2950.1
F Case
|R 16:39:47_3-22-16
D 0 110 140 0
Y 1
Z 10
i 10
U 80 110 10 0 3 3 DEVICE=DEVICE
U 20 110 10 0 3 3 REFDES=U?
U 0 -30 10 0 3 0 PARTS=1
U 0 -40 10 0 3 0 LEVEL=STD
U 0 -50 10 0 3 0 PKG_TYPE=LTC2950
U 0 0 10 0 1 0 FORWARD_PCB=1
b 20 20 120 110
P 17 50 0 50 20 0 1 0
L 50 22 10 1 2 0 1 0 GND
A 50 0 10 0 1 0 PINTYPE=GROUND
A 40 10 10 1 1 3 #=1
P 20 80 0 80 20 0 1 0
L 80 22 10 1 2 0 1 0 ONT
A 80 0 10 0 1 0 PINTYPE=IN
A 70 10 10 1 1 3 #=2
P 23 100 0 100 20 0 1 0
L 100 22 10 1 2 0 1 0 OFFT
A 100 0 10 0 1 0 PINTYPE=IN
A 90 10 10 1 1 3 #=6
P 26 60 0 60 20 0 1 0
L 60 22 10 1 2 0 1 0 GNDPAD
A 60 0 10 0 1 0 PINTYPE=GROUND
A 50 10 10 1 1 3 #=9
P 29 0 60 20 60 0 2 0
L 22 60 10 0 2 0 1 0 PB_B
A 0 60 10 0 1 0 PINTYPE=IN
A 10 70 10 0 1 3 #=3
P 32 0 100 20 100 0 2 0
L 22 100 10 0 2 0 1 0 VIN
A 0 100 10 0 1 0 PINTYPE=POWER
A 10 110 10 0 1 3 #=4
P 35 140 60 120 60 0 3 0
L 118 60 10 0 8 0 1 0 KILL_B
A 140 60 10 0 1 0 PINTYPE=IN
A 130 70 10 0 7 3 #=5
P 38 140 100 120 100 0 3 0
L 118 100 10 0 8 0 1 0 EN
A 140 100 10 0 1 0 PINTYPE=OUT
A 130 110 10 0 7 3 #=7
P 41 140 80 120 80 0 3 0
L 118 80 10 0 8 0 1 0 INT_B
A 140 80 10 0 1 0 PINTYPE=OUT
A 130 90 10 0 7 3 #=8
E 
