V 53
K 286770442200 ltc2924
F Case
|R 23:23_4-20-11
Y 1
D 0 0 180 160
Z 10
i 16
U 0 -60 10 0 3 0 VALUE=LTC2924
U 0 -50 10 0 3 0 MANF=LINEAR TECH
U 0 -40 10 0 3 0 MANF_P/N=LTC2924CGN#PBF
U 20 5 16 0 3 3 REFDES=U?
U 125 5 10 0 3 3 PKG_TYPE=SSOP_16
U 20 145 10 0 3 3 DEVICE=LTC2924
l 2 20 140 160 140
l 2 160 140 160 20
l 2 160 20 20 20
l 2 20 20 20 140
P 1 0 120 20 120 0 2 0
L 25 120 10 0 2 0 1 0 IN1
A 15 120 10 0 9 3 #=1
A 30 125 10 0 2 0 PINTYPE=IN
P 2 0 110 20 110 0 2 0
L 25 110 10 0 2 0 1 0 IN2
A 15 110 10 0 9 3 #=2
A 30 115 10 0 2 0 PINTYPE=IN
P 3 0 100 20 100 0 2 0
L 25 100 10 0 2 0 1 0 IN3
A 15 100 10 0 9 3 #=3
A 30 105 10 0 2 0 PINTYPE=IN
P 4 0 90 20 90 0 2 0
L 25 90 10 0 2 0 1 0 IN4
A 15 90 10 0 9 3 #=4
A 30 95 10 0 2 0 PINTYPE=IN
P 5 0 70 20 70 0 2 0
L 25 70 10 0 2 0 1 0 ON
A 15 70 10 0 9 3 #=16
A 20 75 10 0 2 0 PINTYPE=IN
P 6 0 50 20 50 0 2 0
L 25 50 10 0 2 0 1 0 TMR
A 15 50 10 0 9 3 #=14
A 20 55 10 0 2 0 PINTYPE=IN
P 7 0 40 20 40 0 2 0
L 25 40 10 0 2 0 1 0 PGT
A 15 40 10 0 9 3 #=12
A 20 45 10 0 2 0 PINTYPE=IN
P 8 90 160 90 140 0 0 0
L 90 135 10 4 4 0 1 0 VCC
A 80 150 10 6 5 3 #=11
A 95 160 10 5 2 0 PINTYPE=IN
P 16 90 0 90 20 0 1 0
L 90 25 10 0 6 1 1 0 GND
A 80 10 10 0 5 3 #=13
A 95 20 10 1 2 0 PINTYPE=IN
P 9 180 120 160 120 0 3 0
L 155 120 10 0 8 0 1 0 OUT1
A 165 120 10 0 3 3 #=5
A 160 125 10 0 2 0 PINTYPE=IN
P 10 180 110 160 110 0 3 0
L 155 110 10 0 8 0 1 0 OUT2
A 165 110 10 0 3 3 #=6
A 160 115 10 0 2 0 PINTYPE=IN
P 11 180 100 160 100 0 3 0
L 155 100 10 0 8 0 1 0 OUT3
A 165 100 10 0 3 3 #=7
A 160 105 10 0 2 0 PINTYPE=IN
P 12 180 90 160 90 0 3 0
L 155 90 10 0 8 0 1 0 OUT4
A 165 90 10 0 3 3 #=8
A 160 95 10 0 2 0 PINTYPE=IN
P 13 180 70 160 70 0 3 0
L 155 70 10 0 8 0 1 0 DONE_B
A 165 70 10 0 3 3 #=10
A 160 75 10 0 2 0 PINTYPE=OUT
P 14 180 60 160 60 0 3 0
L 155 60 10 0 8 0 1 0 FAULT_B
A 165 60 10 0 3 3 #=9
A 160 65 10 0 2 0 PINTYPE=OUT
P 15 180 40 160 40 0 3 0
L 155 40 10 0 8 0 1 0 HYS/CFG
A 165 40 10 0 3 3 #=15
A 160 45 10 0 2 0 PINTYPE=IN
E
