V 53
K 1412299222 ltc3418.1
F Case
|R 18:20:22_10-2-14
D 0 320 300 0
Y 1
Z 10
i 47
U 0 -170 10 0 3 0 VOLTAGE=ADJUSTABLE
U 0 -160 10 0 3 0 VALUE=LTC3418EUHF
U 0 -150 10 0 3 0 ROHS=YES
U 0 -140 10 0 3 0 PRICE=XX
U 0 -120 10 0 3 0 PARTS=1
U 0 -110 10 0 3 0 PART_TYPE=REGULATOR
U 0 -90 10 0 3 0 MANF=LINEAR
U 0 -80 10 0 3 0 LEVEL=STD
U 0 -70 10 0 3 0 DXDB_LIBNAME=IC
U 0 -60 10 0 3 0 DIST_P/N=LTC3418EUHF
U 0 -50 10 0 3 0 DIST=DIGIKEY
U 0 -30 10 0 3 0 DATASHEET=NEED
U 100 155 10 0 3 3 MANF_P/N=LTC3418EUHF
U 5 305 10 0 3 3 DEVICE=LTC3418_QFN38
U 245 5 10 0 3 3 PKG_TYPE=QFN38
U 20 0 16 0 3 3 REFDES=U?
U 0 0 10 0 1 0 FORWARD_PCB=1
b 20 20 280 300
T 275 50 10 0 8 PGND
Q 15 0 0
|FNTSTL 16777215 0
T 275 70 10 0 8 PGND
Q 15 0 0
|FNTSTL 16777215 0
T 275 90 10 0 8 PGND
Q 15 0 0
|FNTSTL 16777215 0
T 275 110 10 0 8 PGND
Q 15 0 0
|FNTSTL 16777215 0
T 275 130 10 0 8 PGND
Q 15 0 0
|FNTSTL 16777215 0
T 275 190 10 0 8 SW
Q 15 0 0
|FNTSTL 16777215 0
T 275 210 10 0 8 SW
Q 15 0 0
|FNTSTL 16777215 0
T 275 230 10 0 8 SW
Q 15 0 0
|FNTSTL 16777215 0
T 275 250 10 0 8 SW
Q 15 0 0
|FNTSTL 16777215 0
T 275 270 10 0 8 SW
Q 15 0 0
|FNTSTL 16777215 0
T 25 125 10 0 3 PVIN
Q 15 0 0
|FNTSTL 16777215 0
T 25 145 10 0 3 PVIN
Q 15 0 0
|FNTSTL 16777215 0
T 25 165 10 0 3 PVIN
Q 15 0 0
|FNTSTL 16777215 0
T 25 185 10 0 3 PVIN
Q 15 0 0
|FNTSTL 16777215 0
T 25 205 10 0 3 PVIN
Q 15 0 0
|FNTSTL 16777215 0
T 25 225 10 0 3 PVIN
Q 15 0 0
|FNTSTL 16777215 0
T 25 245 10 0 3 PVIN
Q 15 0 0
|FNTSTL 16777215 0
T 25 265 10 0 3 PVIN
Q 15 0 0
|FNTSTL 16777215 0
T 275 150 10 0 8 PGND
Q 15 0 0
|FNTSTL 16777215 0
T 170 285 10 3 8 SW
Q 15 0 0
|FNTSTL 16777215 0
T 190 285 10 3 8 SW
Q 15 0 0
|FNTSTL 16777215 0
T 210 285 10 3 8 SW
Q 15 0 0
|FNTSTL 16777215 0
T 100 25 10 3 8 PGND
Q 15 0 0
|FNTSTL 16777215 0
T 120 25 10 3 8 PGND
Q 15 0 0
|FNTSTL 16777215 0
T 140 25 10 3 8 PGND
Q 15 0 0
|FNTSTL 16777215 0
T 160 25 10 3 8 PGND
Q 15 0 0
|FNTSTL 16777215 0
T 180 25 10 3 8 PGND
Q 15 0 0
|FNTSTL 16777215 0
T 200 25 10 3 8 PGND
Q 15 0 0
|FNTSTL 16777215 0
P 1 0 110 20 110 0 2 0
L 25 110 10 0 2 0 1 0 TRACK
A 20 110 10 0 9 3 #=35
A 30 115 10 0 2 0 PINTYPE=BI
P 4 0 70 20 70 0 2 0
L 25 70 10 0 2 0 1 0 RUN_SS
A 20 70 10 0 9 3 #=7
A 30 75 10 0 2 0 PINTYPE=BI
P 5 110 320 110 300 0 0 0
L 110 295 10 3 2 0 1 0 ITH
A 110 300 10 3 9 3 #=26
A 115 290 10 3 2 0 PINTYPE=BI
P 6 130 320 130 300 0 0 0
L 130 295 10 3 2 0 1 0 RT
A 130 300 10 3 9 3 #=6
A 135 290 6 3 2 0 PINTYPE=BI
P 7 90 320 90 300 0 0 0
L 90 295 10 3 2 0 1 0 SVIN
A 90 300 10 3 9 3 #=24
A 95 290 6 3 2 0 PINTYPE=BI
P 8 0 270 20 270 0 2 0
L 25 270 10 0 2 0 0 0 PVIN1
A 20 270 10 0 9 3 #=3
A 30 275 6 0 2 0 PINTYPE=BI
P 9 0 250 20 250 0 2 0
L 25 250 10 0 2 0 0 0 PVIN2
A 20 250 10 0 9 3 #=4
A 30 255 6 0 2 0 PINTYPE=BI
P 10 0 210 20 210 0 2 0
L 25 210 10 0 2 0 0 0 PVIN4
A 20 210 10 0 9 3 #=10
A 30 215 6 0 2 0 PINTYPE=BI
P 11 0 230 20 230 0 2 0
L 25 230 10 0 2 0 0 0 PVIN3
A 20 230 10 0 9 3 #=9
A 30 235 6 0 2 0 PINTYPE=BI
P 12 0 130 20 130 0 2 0
L 25 130 10 0 2 0 0 0 PVIN8
A 20 130 10 0 9 3 #=29
A 30 135 6 0 2 0 PINTYPE=BI
P 13 0 150 20 150 0 2 0
L 25 150 10 0 2 0 0 0 PVIN7
A 20 150 10 0 9 3 #=28
A 30 155 6 0 2 0 PINTYPE=BI
P 14 0 170 20 170 0 2 0
L 25 170 10 0 2 0 0 0 PVIN6
A 20 170 10 0 9 3 #=23
A 30 175 6 0 2 0 PINTYPE=BI
P 15 0 190 20 190 0 2 0
L 25 190 10 0 2 0 0 0 PVIN5
A 20 190 10 0 9 3 #=22
A 30 195 6 0 2 0 PINTYPE=BI
P 17 170 320 170 300 0 0 0
L 170 300 10 1 8 0 0 0 SW1
A 170 320 10 1 9 0 PINTYPE=BI
A 170 305 10 3 3 3 #=1
P 18 190 320 190 300 0 0 0
L 190 300 10 1 8 0 0 0 SW2
A 190 320 10 1 9 0 PINTYPE=BI
A 190 305 10 3 3 3 #=2
P 19 210 320 210 300 0 0 0
L 210 300 10 1 8 0 0 0 SW3
A 210 320 10 1 9 0 PINTYPE=BI
A 210 310 10 3 3 3 #=11
P 20 300 270 280 270 0 3 0
L 280 270 10 0 8 0 0 0 SW4
A 300 270 10 0 9 0 PINTYPE=BI
A 280 270 10 0 3 3 #=12
P 21 300 210 280 210 0 3 0
L 280 210 10 0 8 0 0 0 SW7
A 300 210 10 0 9 0 PINTYPE=BI
A 280 210 10 0 3 3 #=30
P 22 300 190 280 190 0 3 0
L 280 190 10 0 8 0 0 0 SW8
A 300 190 10 0 9 0 PINTYPE=BI
A 280 190 10 0 3 3 #=31
P 23 300 250 280 250 0 3 0
L 280 250 10 0 8 0 0 0 SW5
A 300 250 10 0 9 0 PINTYPE=BI
A 280 250 10 0 3 3 #=20
P 24 300 230 280 230 0 3 0
L 280 230 10 0 8 0 0 0 SW6
A 300 230 10 0 9 0 PINTYPE=BI
A 280 230 10 0 3 3 #=21
P 25 150 320 150 300 0 0 0
L 150 295 10 3 2 0 1 0 PGOOD
A 150 300 10 3 9 3 #=5
A 155 290 6 3 2 0 PINTYPE=BI
P 26 0 90 20 90 0 2 0
L 25 90 10 0 2 0 1 0 MODE
A 20 90 10 0 9 3 #=27
A 30 95 10 0 2 0 PINTYPE=BI
P 27 300 170 280 170 0 3 0
L 275 170 10 0 8 0 1 0 VFB
A 300 170 10 0 9 0 PINTYPE=BI
A 280 170 10 0 3 3 #=25
P 29 0 50 20 50 0 2 0
L 25 50 10 0 2 0 1 0 VREF
A 20 50 10 0 9 3 #=16
A 30 55 10 0 2 0 PINTYPE=BI
P 30 300 150 280 150 0 3 0
L 275 150 10 0 8 0 0 0 PGND1
A 300 150 10 0 9 0 PINTYPE=BI
A 280 150 10 0 3 3 #=13
P 31 300 130 280 130 0 3 0
L 275 130 10 0 8 0 0 0 PGND2
A 300 130 10 0 9 0 PINTYPE=BI
A 280 130 10 0 3 3 #=14
P 32 300 110 280 110 0 3 0
L 275 110 10 0 8 0 0 0 PGND3
A 300 110 10 0 9 0 PINTYPE=BI
A 280 110 10 0 3 3 #=15
P 33 300 90 280 90 0 3 0
L 275 90 10 0 8 0 0 0 PGND4
A 300 90 10 0 9 0 PINTYPE=BI
A 280 90 10 0 3 3 #=17
P 34 300 70 280 70 0 3 0
L 275 70 10 0 8 0 0 0 PGND5
A 300 70 10 0 9 0 PINTYPE=BI
A 280 70 10 0 3 3 #=18
P 35 300 50 280 50 0 3 0
L 275 50 10 0 8 0 0 0 PGND6
A 300 50 10 0 9 0 PINTYPE=BI
A 280 50 10 0 3 3 #=19
P 38 100 0 100 20 0 1 0
L 100 65 10 3 2 0 0 0 PGND12
A 100 20 10 3 1 0 PINTYPE=BI
A 110 20 10 3 1 3 #=32
P 39 120 0 120 20 0 1 0
L 120 65 10 3 2 0 0 0 PGND11
A 120 20 10 3 1 0 PINTYPE=BI
A 130 20 10 3 1 3 #=33
P 40 140 0 140 20 0 1 0
L 140 65 10 3 2 0 0 0 PGND10
A 140 20 10 3 1 0 PINTYPE=BI
A 150 20 10 3 1 3 #=34
P 41 160 0 160 20 0 1 0
L 160 65 10 3 2 0 0 0 PGND9
A 160 20 10 3 1 0 PINTYPE=BI
A 170 20 10 3 1 3 #=36
P 42 180 0 180 20 0 1 0
L 180 65 10 3 2 0 0 0 PGND8
A 180 20 10 3 1 0 PINTYPE=BI
A 190 20 10 3 1 3 #=37
P 43 200 0 200 20 0 1 0
L 200 65 10 3 2 0 0 0 PGND7
A 200 20 10 3 1 0 PINTYPE=BI
A 210 20 10 3 1 3 #=38
P 44 80 0 80 20 0 1 0
L 80 47 10 3 2 0 1 0 SGND
A 80 20 10 3 1 0 PINTYPE=BI
A 90 20 10 3 1 3 #=8
P 45 220 0 220 20 0 1 0
L 215 40 10 3 3 0 1 0 PAD
A 220 20 10 3 1 0 PINTYPE=BI
A 230 20 10 3 1 3 #=39
E 
