V 53
K 1474311550 LTM4644.1
F Case
|R 11:59:10_9-19-16
D 0 630 170 0
Y 1
Z 10
i 241
U 20 610 10 0 3 3 DEVICE=LTM4644
U 150 20 10 0 7 3 PKG_TYPE=LTM4644_TBD
U 20 0 16 0 3 3 REFDES=U?
U 0 -25 10 0 1 0 VALUE=LTM4644
U 0 0 10 0 1 0 FORWARD_PCB=1
b 20 20 150 610
T 25 600 10 0 2 VIN1
Q 15 0 0
|FNTSTL 16777215 0
T 25 490 10 0 2 VIN2
Q 15 0 0
|FNTSTL 16777215 0
T 145 600 10 0 8 VOUT1
Q 15 0 0
|FNTSTL 16777215 0
T 145 490 10 0 8 VOUT2
Q 15 0 0
|FNTSTL 16777215 0
T 25 380 10 0 2 VIN3
Q 15 0 0
|FNTSTL 16777215 0
T 145 380 10 0 8 VOUT3
Q 15 0 0
|FNTSTL 16777215 0
T 25 270 10 0 2 VIN4
Q 15 0 0
|FNTSTL 16777215 0
T 145 270 10 0 8 VOUT4
Q 15 0 0
|FNTSTL 16777215 0
T 25 590 10 0 2 VIN1
Q 15 0 0
|FNTSTL 16777215 0
T 145 590 10 0 8 VOUT1
Q 15 0 0
|FNTSTL 16777215 0
T 145 580 10 0 8 VOUT1
Q 15 0 0
|FNTSTL 16777215 0
T 25 480 10 0 2 VIN2
Q 15 0 0
|FNTSTL 16777215 0
T 145 480 10 0 8 VOUT2
Q 15 0 0
|FNTSTL 16777215 0
T 145 470 10 0 8 VOUT2
Q 15 0 0
|FNTSTL 16777215 0
T 25 370 10 0 2 VIN3
Q 15 0 0
|FNTSTL 16777215 0
T 145 370 10 0 8 VOUT3
Q 15 0 0
|FNTSTL 16777215 0
T 145 360 10 0 8 VOUT3
Q 15 0 0
|FNTSTL 16777215 0
T 25 260 10 0 2 VIN4
Q 15 0 0
|FNTSTL 16777215 0
T 145 260 10 0 8 VOUT4
Q 15 0 0
|FNTSTL 16777215 0
T 145 250 10 0 8 VOUT4
Q 15 0 0
|FNTSTL 16777215 0
P 12 170 600 150 600 0 3 0
L 145 600 10 0 8 0 0 0 VOUT1_1
A 170 600 10 0 1 0 PINTYPE=OUT
A 160 600 10 0 6 3 #=A1
P 15 170 590 150 590 0 3 0
L 145 590 10 0 8 0 0 0 VOUT1_2
A 170 590 10 0 1 0 PINTYPE=OUT
A 160 590 10 0 6 3 #=A2
P 18 170 580 150 580 0 3 0
L 145 580 10 0 8 0 0 0 VOUT1_3
A 170 580 10 0 1 0 PINTYPE=OUT
A 160 580 10 0 6 3 #=A3
P 21 0 120 20 120 0 2 0
L 25 120 10 0 2 0 1 0 GND1
A 0 120 10 0 1 0 PINTYPE=GROUND
A 10 120 10 0 6 3 #=A4
P 24 0 110 20 110 0 2 0
L 25 110 10 0 2 0 1 0 GND2
A 0 110 10 0 1 0 PINTYPE=GROUND
A 10 110 10 0 6 3 #=A5
P 27 170 540 150 540 0 3 0
L 145 540 10 0 8 0 1 0 TRACK_SS1
A 170 540 10 0 7 0 PINTYPE=BI
A 160 540 10 0 6 3 #=A6
P 30 170 560 150 560 0 3 0
L 145 560 10 0 8 0 1 0 FB1
A 170 560 10 0 1 0 PINTYPE=IN
A 160 560 10 0 6 3 #=A7
P 33 0 100 20 100 0 2 0
L 25 100 10 0 2 0 1 0 GND3
A 0 100 10 0 1 0 PINTYPE=GROUND
A 10 100 10 0 6 3 #=B1
P 36 0 90 20 90 0 2 0
L 25 90 10 0 2 0 1 0 GND4
A 0 90 10 0 1 0 PINTYPE=GROUND
A 10 90 10 0 6 3 #=B2
P 39 0 600 20 600 0 2 0
L 25 600 10 0 2 0 0 0 VIN1_1
A 0 600 10 0 1 0 PINTYPE=POWER
A 10 600 10 0 6 3 #=B3
P 42 0 590 20 590 0 2 0
L 25 590 10 0 2 0 0 0 VIN1_2
A 0 590 10 0 1 0 PINTYPE=POWER
A 10 590 10 0 6 3 #=B4
P 45 0 580 20 580 0 2 0
L 25 580 10 0 2 0 1 0 SVIN1
A 0 580 10 0 1 0 PINTYPE=POWER
A 10 580 10 0 6 3 #=B5
P 48 0 550 20 550 0 2 0
L 25 550 10 0 2 0 1 0 MODE1
A 0 550 10 0 1 0 PINTYPE=IN
A 10 550 10 0 6 3 #=B6
P 51 170 530 150 530 0 3 0
L 145 530 10 0 8 0 1 0 COMP1
A 170 530 10 0 7 0 PINTYPE=BI
A 160 530 10 0 6 3 #=B7
P 54 170 490 150 490 0 3 0
L 145 490 10 0 8 0 0 0 VOUT2_1
A 170 490 10 0 1 0 PINTYPE=OUT
A 160 490 10 0 6 3 #=C1
P 57 170 440 150 440 0 3 0
L 145 440 10 0 8 0 1 0 PGOOD2
A 170 440 10 0 1 0 PINTYPE=OUT
A 160 440 10 0 6 3 #=C2
P 60 170 550 150 550 0 3 0
L 145 550 10 0 8 0 1 0 PGOOD1
A 170 550 10 0 1 0 PINTYPE=OUT
A 160 550 10 0 6 3 #=C3
P 63 0 540 20 540 0 2 0
L 25 540 10 0 2 0 1 0 INTVCC1
A 0 540 10 0 1 0 PINTYPE=OUT
A 10 540 10 0 6 3 #=C4
P 66 0 80 20 80 0 2 0
L 25 80 10 0 2 0 1 0 GND5
A 0 80 10 0 1 0 PINTYPE=GROUND
A 10 80 10 0 6 3 #=C5
P 69 0 570 20 570 0 2 0
L 25 570 10 0 2 0 1 0 RUN1
A 0 570 10 0 1 0 PINTYPE=IN
A 10 570 10 0 6 3 #=C6
P 72 0 160 20 160 0 2 0
L 25 160 10 0 2 0 1 0 CLKIN
A 0 160 10 0 1 0 PINTYPE=IN
A 10 160 10 0 6 3 #=C7
P 75 170 480 150 480 0 3 0
L 145 480 10 0 8 0 0 0 VOUT2_2
A 170 480 10 0 1 0 PINTYPE=OUT
A 160 480 10 0 6 3 #=D1
P 78 170 470 150 470 0 3 0
L 145 470 10 0 8 0 0 0 VOUT2_3
A 170 470 10 0 1 0 PINTYPE=OUT
A 160 470 10 0 6 3 #=D2
P 81 0 70 20 70 0 2 0
L 25 70 10 0 2 0 1 0 GND6
A 0 70 10 0 1 0 PINTYPE=GROUND
A 10 70 10 0 6 3 #=D3
P 84 0 60 20 60 0 2 0
L 25 60 10 0 2 0 1 0 GND7
A 0 60 10 0 1 0 PINTYPE=GROUND
A 10 60 10 0 6 3 #=D4
P 87 0 50 20 50 0 2 0
L 25 50 10 0 2 0 1 0 GND8
A 0 50 10 0 1 0 PINTYPE=GROUND
A 10 50 10 0 6 3 #=D5
P 90 170 430 150 430 0 3 0
L 145 430 10 0 8 0 1 0 TRACK_SS2
A 170 430 10 0 7 0 PINTYPE=BI
A 160 430 10 0 6 3 #=D6
P 93 170 450 150 450 0 3 0
L 145 450 10 0 8 0 1 0 FB2
A 170 450 10 0 1 0 PINTYPE=IN
A 160 450 10 0 6 3 #=D7
P 96 0 40 20 40 0 2 0
L 25 40 10 0 2 0 1 0 GND9
A 0 40 10 0 1 0 PINTYPE=GROUND
A 10 40 10 0 6 3 #=E1
P 99 0 30 20 30 0 2 0
L 25 30 10 0 2 0 1 0 GND10
A 0 30 10 0 1 0 PINTYPE=GROUND
A 10 30 10 0 6 3 #=E2
P 102 0 490 20 490 0 2 0
L 25 490 10 0 2 0 0 0 VIN2_1
A 0 490 10 0 1 0 PINTYPE=POWER
A 10 490 10 0 6 3 #=E3
P 105 0 480 20 480 0 2 0
L 25 480 10 0 2 0 0 0 VIN2_2
A 0 480 10 0 1 0 PINTYPE=POWER
A 10 480 10 0 6 3 #=E4
P 108 0 470 20 470 0 2 0
L 25 470 10 0 2 0 1 0 SVIN2
A 0 470 10 0 1 0 PINTYPE=POWER
A 10 470 10 0 6 3 #=E5
P 111 0 440 20 440 0 2 0
L 25 440 10 0 2 0 1 0 MODE2
A 0 440 10 0 1 0 PINTYPE=IN
A 10 440 10 0 6 3 #=E6
P 114 170 420 150 420 0 3 0
L 145 420 10 0 8 0 1 0 COMP2
A 170 420 10 0 7 0 PINTYPE=BI
A 160 420 10 0 6 3 #=E7
P 117 170 380 150 380 0 3 0
L 145 380 10 0 8 0 0 0 VOUT3_1
A 170 380 10 0 1 0 PINTYPE=OUT
A 160 380 10 0 6 3 #=F1
P 120 170 330 150 330 0 3 0
L 145 330 10 0 8 0 1 0 PGOOD3
A 170 330 10 0 1 0 PINTYPE=OUT
A 160 330 10 0 6 3 #=F2
P 123 0 180 20 180 0 2 0
L 25 180 10 0 2 0 1 0 TEMP
A 0 180 10 0 7 0 PINTYPE=OUT
A 10 180 10 0 6 3 #=F3
P 126 0 430 20 430 0 2 0
L 25 430 10 0 2 0 1 0 INTVCC2
A 0 430 10 0 1 0 PINTYPE=OUT
A 10 430 10 0 6 3 #=F4
P 129 170 130 150 130 0 3 0
L 145 130 10 0 8 0 1 0 GND11
A 170 130 10 0 1 0 PINTYPE=GROUND
A 160 130 10 0 6 3 #=F5
P 132 0 460 20 460 0 2 0
L 25 460 10 0 2 0 1 0 RUN2
A 0 460 10 0 1 0 PINTYPE=IN
A 10 460 10 0 6 3 #=F6
P 135 0 130 20 130 0 2 0
L 25 130 10 0 2 0 1 0 SGND
A 0 130 10 0 1 0 PINTYPE=GROUND
A 10 130 10 0 6 3 #=F7
P 138 170 370 150 370 0 3 0
L 145 370 10 0 8 0 0 0 VOUT3_2
A 170 370 10 0 1 0 PINTYPE=OUT
A 160 370 10 0 6 3 #=G1
P 141 170 360 150 360 0 3 0
L 145 360 10 0 8 0 0 0 VOUT3_3
A 170 360 10 0 1 0 PINTYPE=OUT
A 160 360 10 0 6 3 #=G2
P 144 170 120 150 120 0 3 0
L 145 120 10 0 8 0 1 0 GND12
A 170 120 10 0 1 0 PINTYPE=GROUND
A 160 120 10 0 6 3 #=G3
P 147 170 110 150 110 0 3 0
L 145 110 10 0 8 0 1 0 GND13
A 170 110 10 0 1 0 PINTYPE=GROUND
A 160 110 10 0 6 3 #=G4
P 150 170 100 150 100 0 3 0
L 145 100 10 0 8 0 1 0 GND14
A 170 100 10 0 1 0 PINTYPE=GROUND
A 160 100 10 0 6 3 #=G5
P 153 170 320 150 320 0 3 0
L 145 320 10 0 8 0 1 0 TRACK_SS3
A 170 320 10 0 7 0 PINTYPE=BI
A 160 320 10 0 6 3 #=G6
P 156 170 340 150 340 0 3 0
L 145 340 10 0 8 0 1 0 FB3
A 170 340 10 0 1 0 PINTYPE=IN
A 160 340 10 0 6 3 #=G7
P 159 170 90 150 90 0 3 0
L 145 90 10 0 8 0 1 0 GND15
A 170 90 10 0 1 0 PINTYPE=GROUND
A 160 90 10 0 6 3 #=H1
P 162 170 80 150 80 0 3 0
L 145 80 10 0 8 0 1 0 GND16
A 170 80 10 0 1 0 PINTYPE=GROUND
A 160 80 10 0 6 3 #=H2
P 165 0 380 20 380 0 2 0
L 25 380 10 0 2 0 0 0 VIN3_1
A 0 380 10 0 1 0 PINTYPE=POWER
A 10 380 10 0 6 3 #=H3
P 168 0 370 20 370 0 2 0
L 25 370 10 0 2 0 0 0 VIN3_2
A 0 370 10 0 1 0 PINTYPE=POWER
A 10 370 10 0 6 3 #=H4
P 171 0 360 20 360 0 2 0
L 25 360 10 0 2 0 1 0 SVIN3
A 0 360 10 0 1 0 PINTYPE=POWER
A 10 360 10 0 6 3 #=H5
P 174 0 330 20 330 0 2 0
L 25 330 10 0 2 0 1 0 MODE3
A 0 330 10 0 1 0 PINTYPE=IN
A 10 330 10 0 6 3 #=H6
P 177 170 310 150 310 0 3 0
L 145 310 10 0 8 0 1 0 COMP3
A 170 310 10 0 7 0 PINTYPE=BI
A 160 310 10 0 6 3 #=H7
P 180 170 270 150 270 0 3 0
L 145 270 10 0 8 0 0 0 VOUT4_1
A 170 270 10 0 1 0 PINTYPE=OUT
A 160 270 10 0 6 3 #=J1
P 183 170 220 150 220 0 3 0
L 145 220 10 0 8 0 1 0 PGOOD4
A 170 220 10 0 1 0 PINTYPE=OUT
A 160 220 10 0 6 3 #=J2
P 186 170 160 150 160 0 3 0
L 145 160 10 0 8 0 1 0 CLKOUT
A 170 160 10 0 1 0 PINTYPE=OUT
A 160 160 10 0 6 3 #=J3
P 189 0 320 20 320 0 2 0
L 25 320 10 0 2 0 1 0 INTVCC3
A 0 320 10 0 1 0 PINTYPE=OUT
A 10 320 10 0 6 3 #=J4
P 192 170 70 150 70 0 3 0
L 145 70 10 0 8 0 1 0 GND17
A 170 70 10 0 1 0 PINTYPE=GROUND
A 160 70 10 0 6 3 #=J5
P 195 0 350 20 350 0 2 0
L 25 350 10 0 2 0 1 0 RUN3
A 0 350 10 0 1 0 PINTYPE=IN
A 10 350 10 0 6 3 #=J6
P 198 170 230 150 230 0 3 0
L 145 230 10 0 8 0 1 0 FB4
A 170 230 10 0 1 0 PINTYPE=IN
A 160 230 10 0 6 3 #=J7
P 201 170 260 150 260 0 3 0
L 145 260 10 0 8 0 0 0 VOUT4_2
A 170 260 10 0 1 0 PINTYPE=OUT
A 160 260 10 0 6 3 #=K1
P 204 170 250 150 250 0 3 0
L 145 250 10 0 8 0 0 0 VOUT4_3
A 170 250 10 0 1 0 PINTYPE=OUT
A 160 250 10 0 6 3 #=K2
P 207 170 60 150 60 0 3 0
L 145 60 10 0 8 0 1 0 GND18
A 170 60 10 0 1 0 PINTYPE=GROUND
A 160 60 10 0 6 3 #=K3
P 210 170 50 150 50 0 3 0
L 145 50 10 0 8 0 1 0 GND19
A 170 50 10 0 1 0 PINTYPE=GROUND
A 160 50 10 0 6 3 #=K4
P 213 0 210 20 210 0 2 0
L 25 210 10 0 2 0 1 0 INTVCC4
A 0 210 10 0 1 0 PINTYPE=OUT
A 10 210 10 0 6 3 #=K5
P 216 170 210 150 210 0 3 0
L 145 210 10 0 8 0 1 0 TRACK_SS4
A 170 210 10 0 7 0 PINTYPE=BI
A 160 210 10 0 6 3 #=K6
P 219 0 240 20 240 0 2 0
L 25 240 10 0 2 0 1 0 RUN4
A 0 240 10 0 1 0 PINTYPE=IN
A 10 240 10 0 6 3 #=K7
P 222 170 40 150 40 0 3 0
L 145 40 10 0 8 0 1 0 GND20
A 170 40 10 0 1 0 PINTYPE=GROUND
A 160 40 10 0 6 3 #=L1
P 225 170 30 150 30 0 3 0
L 145 30 10 0 8 0 1 0 GND21
A 170 30 10 0 1 0 PINTYPE=GROUND
A 160 30 10 0 6 3 #=L2
P 228 0 270 20 270 0 2 0
L 25 270 10 0 2 0 0 0 VIN4_1
A 0 270 10 0 1 0 PINTYPE=POWER
A 10 270 10 0 6 3 #=L3
P 231 0 260 20 260 0 2 0
L 25 260 10 0 2 0 0 0 VIN4_2
A 0 260 10 0 1 0 PINTYPE=POWER
A 10 260 10 0 6 3 #=L4
P 234 0 250 20 250 0 2 0
L 25 250 10 0 2 0 1 0 SVIN4
A 0 250 10 0 1 0 PINTYPE=POWER
A 10 250 10 0 6 3 #=L5
P 237 0 220 20 220 0 2 0
L 25 220 10 0 2 0 1 0 MODE4
A 0 220 10 0 1 0 PINTYPE=IN
A 10 220 10 0 6 3 #=L6
P 240 170 200 150 200 0 3 0
L 145 200 10 0 8 0 1 0 COMP4
A 170 200 10 0 7 0 PINTYPE=BI
A 160 200 10 0 6 3 #=L7
E 
