V 53
K 1473889979 M23145G.1
F Case
|R 14:52:59_9-14-16
D 0 220 140 0
Y 1
Z 10
i 26
U 0 -70 10 0 3 0 VALUE=VALUE
U 0 -30 10 0 3 0 MANF=TI
U 0 -20 10 0 3 0 PARTS=1
U 0 -10 10 0 3 0 LEVEL=STD
U 60 10 10 0 3 3 PKG_TYPE=PKG_TYPE
U 20 0 16 0 3 3 REFDES=U?
U 20 210 10 0 3 3 DEVICE=DEVICE
U 0 0 10 0 1 0 FORWARD_PCB=1
b 20 20 120 210
P 1 0 150 20 150 0 2 0
L 25 145 10 0 3 0 1 0 SDI_P
A 0 150 10 0 3 0 PINTYPE=IN
A 10 150 10 0 3 3 #=3
P 10 0 140 20 140 0 2 0
L 25 135 10 0 3 0 1 0 SDI_N
A 0 140 10 0 3 0 PINTYPE=IN
A 10 140 10 0 3 3 #=4
P 12 0 120 20 120 0 2 0
L 25 115 10 0 3 0 1 0 MF0
A 0 120 10 0 3 0 PINTYPE=BI
A 10 120 10 0 3 3 #=10
P 13 0 110 20 110 0 2 0
L 25 105 10 0 3 0 1 0 MF1
A 0 110 10 0 3 0 PINTYPE=BI
A 10 110 10 0 3 3 #=19
P 14 0 100 20 100 0 2 0
L 25 95 10 0 3 0 1 0 MF2
A 0 100 10 0 3 0 PINTYPE=IN
A 10 100 10 0 3 3 #=21
P 15 0 90 20 90 0 2 0
L 25 85 10 0 3 0 1 0 MF3
A 0 90 10 0 3 0 PINTYPE=BI
A 10 90 10 0 3 3 #=22
P 16 0 80 20 80 0 2 0
L 25 75 10 0 3 0 1 0 MF4
A 0 80 10 0 3 0 PINTYPE=BI
A 5 80 10 0 3 3 #=8
P 17 140 130 120 130 0 3 0
L 80 125 10 0 3 0 1 0 SDO1_P
A 140 130 10 0 9 0 PINTYPE=OUT
A 135 130 10 0 9 3 #=18
P 19 140 120 120 120 0 3 0
L 80 115 10 0 3 0 1 0 SDO1_N
A 140 120 10 0 9 0 PINTYPE=OUT
A 135 120 10 0 9 3 #=17
P 21 140 100 120 100 0 3 0
L 80 95 10 0 3 0 1 0 SDXHD
A 140 100 10 0 9 0 PINTYPE=OUT
A 135 100 10 0 9 3 #=9
P 23 140 80 120 80 0 3 0
L 80 75 10 0 3 0 1 0 AVSS1
A 140 80 10 0 9 0 PINTYPE=GROUND
A 135 80 10 0 9 3 #=1
P 26 140 160 120 160 0 3 0
L 80 155 10 0 3 0 1 0 SDO0_P
A 140 160 10 0 9 0 PINTYPE=OUT
A 135 160 10 0 9 3 #=15
P 29 140 40 120 40 0 3 0
L 80 35 10 0 3 0 1 0 AVSS5
A 140 40 10 0 9 0 PINTYPE=GROUND
A 135 40 10 0 9 3 #=23
P 30 140 50 120 50 0 3 0
L 80 45 10 0 3 0 1 0 AVSS4
A 140 50 10 0 9 0 PINTYPE=GROUND
A 135 50 10 0 9 3 #=16
P 31 0 30 20 30 0 2 0
L 25 25 10 0 3 0 1 0 NC
A 5 30 10 0 3 3 #=11
A 0 30 10 0 3 0 PINTYPE=BI
P 32 0 170 20 170 0 2 0
L 25 165 10 0 3 0 1 0 AVDDI
A 0 170 10 0 3 0 PINTYPE=POWER
A 5 170 10 0 3 3 #=2
P 33 0 60 20 60 0 2 0
L 25 55 10 0 3 0 1 0 MODE_SEL
A 0 60 10 0 3 0 PINTYPE=IN
A 5 60 10 0 3 3 #=6
P 34 0 50 20 50 0 2 0
L 25 45 10 0 3 0 1 0 SDO1_DIS
A 0 50 10 0 3 0 PINTYPE=IN
A 5 50 10 0 3 3 #=7
P 35 0 40 20 40 0 2 0
L 25 35 10 0 3 0 1 0 XCS
A 0 40 10 0 3 0 PINTYPE=IN
A 5 40 10 0 3 3 #=13
P 41 0 190 20 190 0 2 0
L 25 185 10 0 3 0 1 0 AVDD2
A 10 190 10 0 3 3 #=20
A 0 190 10 0 3 0 PINTYPE=POWER
P 43 0 200 20 200 0 2 0
L 25 195 10 0 3 0 1 0 AVDD1
A 10 200 10 0 3 3 #=24
A 0 200 10 0 3 0 PINTYPE=POWER
P 45 140 150 120 150 0 3 0
L 80 145 10 0 3 0 1 0 SDO0_N
A 140 150 10 0 9 0 PINTYPE=OUT
A 135 150 10 0 9 3 #=14
P 49 140 70 120 70 0 3 0
L 80 65 10 0 3 0 1 0 AVSS2
A 140 70 10 0 9 0 PINTYPE=GROUND
A 135 70 10 0 9 3 #=5
P 50 140 60 120 60 0 3 0
L 80 55 10 0 3 0 1 0 AVSS3
A 140 60 10 0 9 0 PINTYPE=GROUND
A 135 60 10 0 9 3 #=12
P 52 140 30 120 30 0 3 0
L 80 25 10 0 3 0 1 0 GNDPAD
A 140 30 10 0 9 0 PINTYPE=GROUND
A 135 30 10 0 9 3 #=25
E 
