V 53
K 1473888912 M23428G.1
F Case
|R 14:35:12_9-14-16
D 0 179 140 0
Y 1
Z 10
i 53
U 0 -70 10 0 3 0 VALUE=VALUE
U 0 -40 10 0 3 0 MANF_P/N=MANF_P/N
U 0 -30 10 0 3 0 MANF=TI
U 0 -20 10 0 3 0 PARTS=1
U 0 -10 10 0 3 0 LEVEL=STD
U 60 10 10 0 3 3 PKG_TYPE=PKG_TYPE
U 20 0 16 0 3 3 REFDES=U?
U 20 165 10 0 3 3 DEVICE=DEVICE
U 0 0 10 0 1 0 FORWARD_PCB=1
b 20 20 120 165
P 1 0 110 20 110 0 2 0
L 25 105 10 0 3 0 1 0 SDI_N
A 0 110 10 0 3 0 PINTYPE=IN
A 10 110 10 0 3 3 #=1
P 10 0 90 20 90 0 2 0
L 25 85 10 0 3 0 1 0 MF0
A 0 90 10 0 3 0 PINTYPE=IN
A 10 90 10 0 3 3 #=4
P 11 0 80 20 80 0 2 0
L 25 75 10 0 3 0 1 0 MF1
A 0 80 10 0 3 0 PINTYPE=IN
A 10 80 10 0 3 3 #=6
P 12 0 70 20 70 0 2 0
L 25 65 10 0 3 0 1 0 MF2
A 0 70 10 0 3 0 PINTYPE=OUT
A 10 70 10 0 3 3 #=8
P 13 0 60 20 60 0 2 0
L 25 55 10 0 3 0 1 0 MF3
A 0 60 10 0 3 0 PINTYPE=IN
A 5 60 10 0 3 3 #=14
P 15 0 40 20 40 0 2 0
L 25 35 10 0 3 0 1 0 MODE_SEL
A 0 40 10 0 3 0 PINTYPE=IN
A 5 40 10 0 3 3 #=15
P 16 0 30 20 30 0 2 0
L 25 25 10 0 3 0 1 0 RSET
A 0 30 10 0 3 0 PINTYPE=IN
A 10 30 10 0 3 3 #=5
P 19 140 150 120 150 0 3 0
L 80 145 10 0 3 0 1 0 SDO1_P
A 140 150 10 0 9 0 PINTYPE=OUT
A 135 160 10 0 7 3 #=13
P 20 140 140 120 140 0 3 0
L 80 135 10 0 3 0 1 0 SDO1_N
A 140 140 10 0 9 0 PINTYPE=OUT
A 135 140 10 0 9 3 #=12
P 22 140 120 120 120 0 3 0
L 80 115 10 0 3 0 1 0 SDO2_P
A 140 120 10 0 9 0 PINTYPE=OUT
A 135 120 10 0 9 3 #=11
P 23 140 110 120 110 0 3 0
L 80 105 10 0 3 0 1 0 SDO2_N
A 140 110 10 0 9 0 PINTYPE=OUT
A 135 110 10 0 9 3 #=10
P 29 140 70 120 70 0 3 0
L 90 65 10 0 3 0 1 0 AVSS
A 140 70 10 0 9 0 PINTYPE=IN
A 135 70 10 0 9 3 #=3
P 32 0 120 20 120 0 2 0
L 25 115 10 0 3 0 1 0 SDI_P
A 0 120 10 0 3 0 PINTYPE=IN
A 5 120 10 0 3 3 #=16
P 41 0 140 20 140 0 2 0
L 25 135 10 0 3 0 1 0 AVDD2
A 10 140 10 0 3 3 #=7
A 0 140 10 0 3 0 PINTYPE=IN
P 43 0 150 20 150 0 2 0
L 25 145 10 0 3 0 1 0 AVDD1
A 10 150 10 0 3 3 #=2
A 0 150 10 0 3 0 PINTYPE=IN
P 50 140 90 120 90 0 3 0
L 80 85 10 0 3 0 1 0 SD_XHD
A 140 90 10 0 9 0 PINTYPE=IN
A 135 90 10 0 9 3 #=9
P 52 140 60 120 60 0 3 0
L 80 55 10 0 3 0 1 0 GNDPAD
A 140 60 10 0 9 0 PINTYPE=IN
A 135 60 10 0 9 3 #=17
E 
