V 53
K 1473892902 M23554G.1
F Case
|R 15:41:42_9-14-16
D 0 319 140 0
Y 1
Z 10
i 34
U 0 -70 10 0 3 0 VALUE=VALUE
U 0 -30 10 0 3 0 MANF=TI
U 0 -20 10 0 3 0 PARTS=1
U 0 -10 10 0 3 0 LEVEL=STD
U 60 10 10 0 3 3 PKG_TYPE=PKG_TYPE
U 20 0 16 0 3 3 REFDES=U?
U 20 305 10 0 3 3 DEVICE=DEVICE
U 0 0 10 0 1 0 FORWARD_PCB=1
b 20 20 120 305
P 9 140 220 120 220 0 3 0
L 85 215 10 0 3 0 1 0 SDI_N
A 140 220 10 0 9 0 PINTYPE=IN
A 135 220 10 0 9 3 #=4
P 16 0 80 20 80 0 2 0
L 25 75 10 0 3 0 1 0 NC10
A 0 80 10 0 3 0 PINTYPE=BI
A 5 80 10 0 3 3 #=31
P 17 140 200 120 200 0 3 0
L 95 195 10 0 3 0 1 0 MF0
A 140 200 10 0 9 0 PINTYPE=OUT
A 135 200 10 0 9 3 #=11
P 19 140 190 120 190 0 3 0
L 95 185 10 0 3 0 1 0 MF1
A 140 190 10 0 9 0 PINTYPE=OUT
A 135 190 10 0 9 3 #=24
P 20 140 180 120 180 0 3 0
L 95 175 10 0 3 0 1 0 MF2
A 140 180 10 0 9 0 PINTYPE=IN
A 135 180 10 0 9 3 #=28
P 21 140 170 120 170 0 3 0
L 95 165 10 0 3 0 1 0 MF3
A 140 170 10 0 9 0 PINTYPE=OUT
A 135 170 10 0 9 3 #=29
P 22 140 160 120 160 0 3 0
L 95 155 10 0 3 0 1 0 MF4
A 140 160 10 0 9 0 PINTYPE=OUT
A 135 160 10 0 9 3 #=9
P 23 140 140 120 140 0 3 0
L 85 135 10 0 3 0 1 0 XCS_N
A 140 140 10 0 9 0 PINTYPE=IN
A 135 140 10 0 9 3 #=18
P 25 140 270 120 270 0 3 0
L 90 265 10 0 3 0 1 0 AVDD3
A 140 270 10 0 9 0 PINTYPE=POWER
A 135 270 10 0 9 3 #=30
P 26 140 250 120 250 0 3 0
L 90 245 10 0 3 0 1 0 VICM
A 140 250 10 0 9 0 PINTYPE=IN
A 135 250 10 0 9 3 #=2
P 27 0 220 20 220 0 2 0
L 25 215 10 0 3 0 1 0 SDO0_N
A 0 220 10 0 3 0 PINTYPE=OUT
A 5 220 10 0 3 3 #=19
P 31 0 30 20 30 0 2 0
L 25 25 10 0 3 0 1 0 GNDPAD
A 5 30 10 0 3 3 #=33
A 0 30 10 0 3 0 PINTYPE=GROUND
P 32 0 170 20 170 0 2 0
L 25 165 10 0 3 0 1 0 NC1
A 0 170 10 0 3 0 PINTYPE=BI
A 10 170 10 0 3 3 #=5
P 33 0 70 20 70 0 2 0
L 25 65 10 0 3 0 1 0 NC11
A 0 70 10 0 3 0 PINTYPE=BI
A 5 70 10 0 3 3 #=32
P 34 0 50 20 50 0 2 0
L 25 45 10 0 3 0 1 0 AVSS1
A 0 50 10 0 3 0 PINTYPE=GROUND
A 10 50 10 0 3 3 #=1
P 35 0 40 20 40 0 2 0
L 25 35 10 0 3 0 1 0 AVSS2
A 0 40 10 0 3 0 PINTYPE=GROUND
A 10 40 10 0 3 3 #=7
P 41 0 190 20 190 0 2 0
L 25 185 10 0 3 0 1 0 SDO1_N
A 5 190 10 0 3 3 #=22
A 0 190 10 0 3 0 PINTYPE=IN
P 42 140 280 120 280 0 3 0
L 90 275 10 0 3 0 1 0 AVDD2
A 140 280 10 0 9 0 PINTYPE=POWER
A 135 280 10 0 9 3 #=27
P 43 0 200 20 200 0 2 0
L 25 195 10 0 3 0 1 0 SDO1_P
A 5 200 10 0 3 3 #=23
A 0 200 10 0 3 0 PINTYPE=IN
P 44 140 290 120 290 0 3 0
L 90 285 10 0 3 0 1 0 AVDD1
A 140 290 10 0 9 0 PINTYPE=POWER
A 135 290 10 0 9 3 #=26
P 45 140 230 120 230 0 3 0
L 85 225 10 0 3 0 1 0 SDI_P
A 140 230 10 0 9 0 PINTYPE=IN
A 135 230 10 0 9 3 #=3
P 49 140 130 120 130 0 3 0
L 75 125 10 0 3 0 1 0 MUTEREF
A 140 130 10 0 9 0 PINTYPE=IN
A 135 130 10 0 9 3 #=14
P 50 140 120 120 120 0 3 0
L 70 115 10 0 3 0 1 0 MODE_SEL
A 140 120 10 0 9 0 PINTYPE=IN
A 135 120 10 0 9 3 #=8
P 184 0 90 20 90 0 2 0
L 25 85 10 0 3 0 1 0 NC9
A 0 90 10 0 3 0 PINTYPE=BI
A 5 90 10 0 3 3 #=25
P 188 0 100 20 100 0 2 0
L 25 95 10 0 3 0 1 0 NC8
A 0 100 10 0 3 0 PINTYPE=BI
A 5 100 10 0 3 3 #=21
P 192 0 110 20 110 0 2 0
L 25 105 10 0 3 0 1 0 NC7
A 0 110 10 0 3 0 PINTYPE=BI
A 5 110 10 0 3 3 #=17
P 196 0 120 20 120 0 2 0
L 25 115 10 0 3 0 1 0 NC6
A 0 120 10 0 3 0 PINTYPE=BI
A 5 120 10 0 3 3 #=16
P 200 0 130 20 130 0 2 0
L 25 125 10 0 3 0 1 0 NC5
A 0 130 10 0 3 0 PINTYPE=BI
A 5 130 10 0 3 3 #=15
P 204 0 140 20 140 0 2 0
L 25 135 10 0 3 0 1 0 NC4
A 0 140 10 0 3 0 PINTYPE=BI
A 5 140 10 0 3 3 #=13
P 208 0 150 20 150 0 2 0
L 25 145 10 0 3 0 1 0 NC3
A 0 150 10 0 3 0 PINTYPE=BI
A 5 150 10 0 3 3 #=12
P 212 0 160 20 160 0 2 0
L 25 155 10 0 3 0 1 0 NC2
A 0 160 10 0 3 0 PINTYPE=BI
A 10 160 10 0 3 3 #=6
P 216 0 230 20 230 0 2 0
L 25 225 10 0 3 0 1 0 SDO0_P
A 5 230 10 0 3 3 #=20
A 0 230 10 0 3 0 PINTYPE=OUT
P 220 0 250 20 250 0 2 0
L 25 245 10 0 3 0 1 0 SD_XHD
A 5 250 10 0 3 3 #=10
A 0 250 10 0 3 0 PINTYPE=OUT
E 
