V 51
K 157052706500 m24c01
|R 21:17_10-16-11
Y 1
D -30 0 70 95
Z 10
i 14
U 0 -10 10 0 3 0 MANF_P/N=M24C02-RMN6TP
U 0 1 9 0 3 0 VALUE=M24C02-R
U -10 85 10 0 3 3 DEVICE=M24C02-R
P 12 70 65 50 65 0 3 0
L 45 65 9 0 8 0 1 0 WC_B
A 55 65 10 0 3 3 #=7
A -10 15 9 0 3 0 PINTYPE=OUT
P 13 70 35 50 35 0 3 0
L 45 35 9 0 8 0 1 0 VCC
A 55 35 10 0 3 3 #=8
A -10 15 9 0 3 0 PINTYPE=POWER
P 14 70 25 50 25 0 3 0
L 45 25 9 0 8 0 1 0 GND
A 55 25 10 0 3 3 #=4
A -10 15 9 0 3 0 PINTYPE=POWER
P 1 -30 75 -10 75 0 2 0
L -5 75 9 0 2 0 1 0 SCL
A -15 75 10 0 9 3 #=6
A -10 15 9 0 3 0 PINTYPE=OUT
P 2 -30 65 -10 65 0 2 0
L -5 65 9 0 2 0 1 0 SDA
A -15 65 10 0 9 3 #=5
A -10 15 9 0 3 0 PINTYPE=BI
P 3 -30 45 -10 45 0 2 0
L -5 45 9 0 2 0 1 0 E0
A -15 45 10 0 9 3 #=1
A -10 15 9 0 3 0 PINTYPE=OUT
P 4 -30 35 -10 35 0 2 0
L -5 35 9 0 2 0 1 0 E1
A -15 35 10 0 9 3 #=2
A -10 15 9 0 3 0 PINTYPE=OUT
P 5 -30 25 -10 25 0 2 0
L -5 25 9 0 2 0 1 0 E2
A -15 25 10 0 9 3 #=3
A -10 15 9 0 3 0 PINTYPE=OUT
b -10 15 50 85
U -10 -4 16 0 3 3 REFDES=U?
U 35 0 10 0 3 3 PKG_TYPE=TBD
E
