V 51
K 23360452690 m29ew_bga64a
|R 0:38_4-20-12
Y 1
D 0 0 250 380
Z 10
i 114
U 0 -10 10 0 3 0 HETERO=M29EW_BGA64,(M29EW_BGA64_512)
U 35 0 16 0 3 3 REFDES=U?
U 160 5 10 0 3 3 PKG_TYPE=BGA64_11X13
U 30 365 10 0 3 0 VALUE=M29EW_BGA64
U 30 365 10 0 3 3 DEVICE=M29EW
P 108 0 340 30 340 0 2 0
L 35 340 10 0 2 0 1 0 RFU
A 20 340 10 0 9 3 #=G8
A 10 340 10 0 3 0 PINTYPE=IN
P 104 0 90 30 90 0 2 0
L 35 90 10 0 2 0 1 0 A0
A 20 90 10 0 9 3 #=E2
A 10 -160 10 0 3 0 PINTYPE=IN
P 76 250 200 220 200 0 3 0
L 215 200 10 0 8 0 1 0 DQ1
A 230 200 10 0 3 3 #=H3
A 240 -160 10 0 9 0 PINTYPE=IN
P 75 250 210 220 210 0 3 0
L 215 210 10 0 8 0 1 0 DQ2
A 230 210 10 0 3 3 #=E4
A 240 -140 10 0 9 0 PINTYPE=IN
P 74 250 220 220 220 0 3 0
L 215 220 10 0 8 0 1 0 DQ3
A 230 220 10 0 3 3 #=H4
A 240 -120 10 0 9 0 PINTYPE=IN
P 73 250 230 220 230 0 3 0
L 215 230 10 0 8 0 1 0 DQ4
A 230 230 10 0 3 3 #=H5
A 240 -100 10 0 9 0 PINTYPE=IN
P 72 250 240 220 240 0 3 0
L 215 240 10 0 8 0 1 0 DQ5
A 230 240 10 0 3 3 #=E5
A 240 -80 10 0 9 0 PINTYPE=IN
P 71 250 250 220 250 0 3 0
L 215 250 10 0 8 0 1 0 DQ6
A 230 250 10 0 3 3 #=H6
A 240 -60 10 0 9 0 PINTYPE=IN
P 70 250 260 220 260 0 3 0
L 215 260 10 0 8 0 1 0 DQ7
A 230 260 10 0 3 3 #=E6
A 240 -40 10 0 9 0 PINTYPE=IN
P 69 250 270 220 270 0 3 0
L 215 270 10 0 8 0 1 0 DQ8
A 230 270 10 0 3 3 #=F3
A 240 -20 10 0 9 0 PINTYPE=IN
P 68 250 280 220 280 0 3 0
L 215 280 10 0 8 0 1 0 DQ9
A 230 280 10 0 3 3 #=G3
A 240 0 10 0 9 0 PINTYPE=IN
P 66 250 300 220 300 0 3 0
L 215 300 10 0 8 0 1 0 DQ11
A 230 300 10 0 3 3 #=G4
A 240 40 10 0 9 0 PINTYPE=IN
P 64 250 320 220 320 0 3 0
L 215 320 10 0 8 0 1 0 DQ13
A 230 320 10 0 3 3 #=G6
A 240 80 10 0 9 0 PINTYPE=IN
P 53 0 110 30 110 0 2 0
L 35 110 10 0 2 0 1 0 A2
A 20 110 10 0 9 3 #=C2
A 10 -120 10 0 3 0 PINTYPE=IN
P 52 0 120 30 120 0 2 0
L 35 120 10 0 2 0 1 0 A3
A 20 120 10 0 9 3 #=A2
A 10 -100 10 0 3 0 PINTYPE=IN
P 51 0 130 30 130 0 2 0
L 35 130 10 0 2 0 1 0 A4
A 20 130 10 0 9 3 #=B2
A 10 -80 10 0 3 0 PINTYPE=IN
P 50 0 140 30 140 0 2 0
L 35 140 10 0 2 0 1 0 A5
A 20 140 10 0 9 3 #=D3
A 10 -60 10 0 3 0 PINTYPE=IN
P 49 0 150 30 150 0 2 0
L 35 150 10 0 2 0 1 0 A6
A 20 150 10 0 9 3 #=C3
A 10 -40 10 0 3 0 PINTYPE=IN
P 48 0 160 30 160 0 2 0
L 35 160 10 0 2 0 1 0 A7
A 20 160 10 0 9 3 #=A3
A 10 -20 10 0 3 0 PINTYPE=IN
P 47 0 170 30 170 0 2 0
L 35 170 10 0 2 0 1 0 A8
A 20 170 10 0 9 3 #=B6
A 10 0 10 0 3 0 PINTYPE=IN
P 46 0 180 30 180 0 2 0
L 35 180 10 0 2 0 1 0 A9
A 20 180 10 0 9 3 #=A6
A 10 20 10 0 3 0 PINTYPE=IN
P 45 0 190 30 190 0 2 0
L 35 190 10 0 2 0 1 0 A10
A 20 190 10 0 9 3 #=C6
A 10 40 10 0 3 0 PINTYPE=IN
P 44 0 200 30 200 0 2 0
L 35 200 10 0 2 0 1 0 A11
A 20 200 10 0 9 3 #=D6
A 10 60 10 0 3 0 PINTYPE=IN
P 43 0 210 30 210 0 2 0
L 35 210 10 0 2 0 1 0 A12
A 20 210 10 0 9 3 #=B7
A -480 90 10 0 3 0 PINTYPE=IN
P 41 0 230 30 230 0 2 0
L 35 230 10 0 2 0 1 0 A14
A 20 230 10 0 9 3 #=C7
A -480 130 10 0 3 0 PINTYPE=IN
P 38 0 260 30 260 0 2 0
L 35 260 10 0 2 0 1 0 A17
A 20 260 10 0 9 3 #=B3
A 10 180 10 0 3 0 PINTYPE=IN
P 37 0 270 30 270 0 2 0
L 35 270 10 0 2 0 1 0 A18
A 20 270 10 0 9 3 #=C4
A 10 200 10 0 3 0 PINTYPE=IN
P 36 0 280 30 280 0 2 0
L 35 280 10 0 2 0 1 0 A19
A 20 280 10 0 9 3 #=D5
A 10 220 10 0 3 0 PINTYPE=IN
P 34 0 300 30 300 0 2 0
L 35 300 10 0 2 0 1 0 A21
A 20 300 10 0 9 3 #=C5
A 10 260 10 0 3 0 PINTYPE=IN
P 32 0 320 30 320 0 2 0
L 35 320 10 0 2 0 1 0 A23
A 20 320 10 0 9 3 #=C8
A 10 300 10 0 3 0 PINTYPE=IN
P 31 0 330 30 330 0 2 0
L 35 330 10 0 2 0 1 0 A24
A 20 330 10 0 9 3 #=F8
A 10 320 10 0 3 0 PINTYPE=IN
P 33 0 310 30 310 0 2 0
L 35 310 10 0 2 0 1 0 A22
A 20 310 10 0 9 3 #=B8
A 10 280 10 0 3 0 PINTYPE=IN
P 35 0 290 30 290 0 2 0
L 35 290 10 0 2 0 1 0 A20
A 20 290 10 0 9 3 #=D4
A 10 240 10 0 3 0 PINTYPE=IN
P 39 0 250 30 250 0 2 0
L 35 250 10 0 2 0 1 0 A16
A 20 250 10 0 9 3 #=E7
A -480 170 10 0 3 0 PINTYPE=IN
P 40 0 240 30 240 0 2 0
L 35 240 10 0 2 0 1 0 A15
A 20 240 10 0 9 3 #=D7
A -480 150 10 0 3 0 PINTYPE=IN
P 42 0 220 30 220 0 2 0
L 35 220 10 0 2 0 1 0 A13
A 20 220 10 0 9 3 #=A7
A -480 110 10 0 3 0 PINTYPE=IN
P 63 250 330 220 330 0 3 0
L 215 330 10 0 8 0 1 0 DQ14
A 230 330 10 0 3 3 #=F6
A 240 100 10 0 9 0 PINTYPE=IN
P 65 250 310 220 310 0 3 0
L 215 310 10 0 8 0 1 0 DQ12
A 230 310 10 0 3 3 #=F5
A 240 60 10 0 9 0 PINTYPE=IN
P 67 250 290 220 290 0 3 0
L 215 290 10 0 8 0 1 0 DQ10
A 230 290 10 0 3 3 #=F4
A 240 20 10 0 9 0 PINTYPE=IN
P 77 250 190 220 190 0 3 0
L 215 190 10 0 8 0 1 0 DQ0
A 230 190 10 0 3 3 #=E3
A 240 -180 10 0 9 0 PINTYPE=IN
P 95 250 170 220 170 0 3 0
L 215 -210 10 0 8 0 0 0 RFU0
A 230 170 10 0 3 3 #=A8
A 240 -210 10 0 9 0 PINTYPE=IN
P 96 250 150 220 150 0 3 0
L 215 -250 10 0 8 0 0 0 RFU2
A 230 150 10 0 3 3 #=A1
A 240 -250 10 0 9 0 PINTYPE=IN
P 97 250 140 220 140 0 3 0
L 215 -270 10 0 8 0 0 0 RFU3
A 230 140 10 0 3 3 #=B1
A 240 -270 10 0 9 0 PINTYPE=IN
P 98 250 130 220 130 0 3 0
L 215 -290 10 0 8 0 0 0 RFU4
A 230 130 10 0 3 3 #=C1
A 240 -290 10 0 9 0 PINTYPE=IN
P 100 250 120 220 120 0 3 0
L 215 -310 10 0 8 0 0 0 RFU5
A 230 120 10 0 3 3 #=D1
A 240 -310 10 0 9 0 PINTYPE=IN
P 54 0 100 30 100 0 2 0
L 35 100 10 0 2 0 1 0 A1
A 20 100 10 0 9 3 #=D2
A 10 -140 10 0 3 0 PINTYPE=IN
P 107 0 70 30 70 0 2 0
L 35 70 10 0 2 0 1 0 RY_BY_B
A 20 70 10 0 9 3 #=A4
A 10 -190 10 0 3 0 PINTYPE=IN
P 80 0 60 30 60 0 2 0
L 35 60 10 0 2 0 1 0 OE_B
A 20 60 10 0 9 3 #=G2
A 10 -210 10 0 3 0 PINTYPE=IN
P 81 0 50 30 50 0 2 0
L 35 50 10 0 2 0 1 0 WE_B
A 20 50 10 0 9 3 #=A5
A 10 -230 10 0 3 0 PINTYPE=IN
P 89 0 40 30 40 0 2 0
L 35 40 10 0 2 0 1 0 CE_B
A 20 40 10 0 9 3 #=F2
A 10 40 10 0 3 0 PINTYPE=IN
P 62 250 340 220 340 0 3 0
L 215 340 10 0 8 0 1 0 DQ15_A_1
A 230 340 10 0 3 3 #=G7
A 240 120 10 0 9 0 PINTYPE=IN
P 90 250 160 220 160 0 3 0
L 215 -230 10 0 8 0 0 0 RFU1
A 230 160 10 0 3 3 #=H8
A 240 -230 10 0 9 0 PINTYPE=IN
P 109 250 100 220 100 0 3 0
L 215 -130 10 0 8 0 0 0 RFU7
A 230 100 10 0 3 3 #=G1
A 240 -130 10 0 9 0 PINTYPE=IN
P 110 250 90 220 90 0 3 0
L 215 -150 10 0 8 0 0 0 RFU8
A 230 90 10 0 3 3 #=H1
A 240 -150 10 0 9 0 PINTYPE=IN
P 57 150 380 150 360 0 0 0
L 150 370 10 0 3 0 0 0 VIO2
A 150 360 10 3 9 3 #=F1
A 150 380 10 3 3 0 PINTYPE=IN
P 112 140 380 140 360 0 0 0
L 140 370 10 0 3 0 0 0 VIO1
A 140 360 10 3 9 3 #=D8
A 140 380 10 3 3 0 PINTYPE=IN
P 29 110 380 110 360 0 0 0
L 110 365 10 0 3 0 0 0 VCC1
A 110 360 10 3 9 3 #=G5
A 110 380 10 3 3 0 PINTYPE=IN
P 60 110 0 110 20 0 1 0
A 110 20 10 3 1 0 PINTYPE=IN
A 120 20 10 3 1 3 #=E8
L 110 10 10 0 3 0 0 0 VSS1
P 61 120 0 120 20 0 1 0
A 120 20 10 3 1 0 PINTYPE=IN
A 130 20 10 3 1 3 #=H7
L 120 10 10 0 3 0 0 0 VSS2
P 78 130 0 130 20 0 1 0
A 130 20 10 3 1 0 PINTYPE=IN
A 140 20 10 3 1 3 #=H2
L 130 10 10 0 3 0 0 0 VSS3
P 101 250 110 220 110 0 3 0
L 215 -110 10 0 8 0 0 0 RFU6
A 230 110 10 0 3 3 #=E1
A 240 -110 10 0 9 0 PINTYPE=IN
P 114 250 40 220 40 0 3 0
L 215 40 10 0 8 0 1 0 BYTE_B
A 250 40 10 0 9 0 PINTYPE=IN
A 230 40 10 0 3 3 #=F7
P 106 250 50 220 50 0 3 0
L 215 50 10 0 8 0 1 0 RESET_B
A 230 50 10 0 3 3 #=B5
A 240 -220 10 0 9 0 PINTYPE=IN
P 113 250 60 220 60 0 3 0
L 215 60 10 0 8 0 1 0 VPP_WP_B
A 250 60 10 0 9 0 PINTYPE=IN
A 240 60 10 0 9 3 #=B4
T 215 100 10 0 8 RFU
Q 15 0 0
T 215 90 10 0 8 RFU
Q 15 0 0
T 215 170 10 0 8 RFU
Q 15 0 0
T 215 160 10 0 8 RFU
Q 15 0 0
T 215 150 10 0 8 RFU
Q 15 0 0
T 215 140 10 0 8 RFU
Q 15 0 0
T 215 130 10 0 8 RFU
Q 15 0 0
T 215 120 10 0 8 RFU
Q 15 0 0
T 215 110 10 0 8 RFU
Q 15 0 0
T 120 265 10 0 5 BPI FLASH MEMORY
T 120 255 10 0 5 BGA64
T 150 355 10 3 2 VIO
Q 15 0 0
T 140 355 10 3 2 VIO
Q 15 0 0
T 110 355 10 3 2 VCC
Q 15 0 0
T 130 25 10 3 8 GND
Q 15 0 0
T 120 25 10 3 8 GND
Q 15 0 0
T 110 25 10 3 8 GND
Q 15 0 0
b 30 20 220 360
E
