V 53
K 266717374600 socket_bpi_bga64_easy
F Case
|R 1:32_1-27-12
Y 1
D 0 0 200 310
Z 10
i 114
U 0 -40 10 0 3 0 MANF=MICRON
U 0 -50 10 0 3 0 MANF_P/N=PZ28F064M29EWB
U 0 -60 10 0 3 0 VALUE=M29EW_BGA48
U 20 0 16 0 3 3 REFDES=U?
U 20 295 10 0 3 3 DEVICE=M29EW_BGA48
U 125 5 10 0 3 3 PKG_TYPE=XX
P 22 0 50 20 50 0 2 0
L 25 50 10 0 2 0 1 0 A0
A 20 50 10 0 9 3 #=E1
A 20 55 10 0 2 0 PINTYPE=IN
P 38 200 130 180 130 0 3 0
L 175 130 10 0 8 0 1 0 DQ1
A 180 130 10 0 3 3 #=H2
A 180 135 10 0 2 0 PINTYPE=IN
P 37 200 140 180 140 0 3 0
L 175 140 10 0 8 0 1 0 DQ2
A 180 140 10 0 3 3 #=E3
A 180 145 10 0 2 0 PINTYPE=IN
P 36 200 150 180 150 0 3 0
L 175 150 10 0 8 0 1 0 DQ3
A 180 150 10 0 3 3 #=H3
A 180 155 10 0 2 0 PINTYPE=IN
P 35 200 160 180 160 0 3 0
L 175 160 10 0 8 0 1 0 DQ4
A 180 160 10 0 3 3 #=H4
A 180 165 10 0 2 0 PINTYPE=IN
P 34 200 170 180 170 0 3 0
L 175 170 10 0 8 0 1 0 DQ5
A 180 170 10 0 3 3 #=E4
A 180 175 10 0 2 0 PINTYPE=IN
P 33 200 180 180 180 0 3 0
L 175 180 10 0 8 0 1 0 DQ6
A 180 180 10 0 3 3 #=H5
A 180 185 10 0 2 0 PINTYPE=IN
P 32 200 190 180 190 0 3 0
L 175 190 10 0 8 0 1 0 DQ7
A 180 190 10 0 3 3 #=E5
A 180 195 10 0 2 0 PINTYPE=IN
P 31 200 200 180 200 0 3 0
L 175 200 10 0 8 0 1 0 DQ8
A 180 200 10 0 3 3 #=F2
A 180 205 10 0 2 0 PINTYPE=IN
P 30 200 210 180 210 0 3 0
L 175 210 10 0 8 0 1 0 DQ9
A 180 210 10 0 3 3 #=G2
A 180 215 10 0 2 0 PINTYPE=IN
P 28 200 230 180 230 0 3 0
L 175 230 10 0 8 0 1 0 DQ11
A 180 230 10 0 3 3 #=G3
A 180 235 10 0 2 0 PINTYPE=IN
P 26 200 250 180 250 0 3 0
L 175 250 10 0 8 0 1 0 DQ13
A 180 250 10 0 3 3 #=G5
A 180 255 10 0 2 0 PINTYPE=IN
P 20 0 70 20 70 0 2 0
L 25 70 10 0 2 0 1 0 A2
A 20 70 10 0 9 3 #=C1
A 20 75 10 0 2 0 PINTYPE=IN
P 19 0 80 20 80 0 2 0
L 25 80 10 0 2 0 1 0 A3
A 20 80 10 0 9 3 #=A1
A 20 85 10 0 2 0 PINTYPE=IN
P 18 0 90 20 90 0 2 0
L 25 90 10 0 2 0 1 0 A4
A 20 90 10 0 9 3 #=B1
A 20 95 10 0 2 0 PINTYPE=IN
P 17 0 100 20 100 0 2 0
L 25 100 10 0 2 0 1 0 A5
A 20 100 10 0 9 3 #=D2
A 20 105 10 0 2 0 PINTYPE=IN
P 16 0 110 20 110 0 2 0
L 25 110 10 0 2 0 1 0 A6
A 20 110 10 0 9 3 #=C2
A 20 115 10 0 2 0 PINTYPE=IN
P 15 0 120 20 120 0 2 0
L 25 120 10 0 2 0 1 0 A7
A 20 120 10 0 9 3 #=A2
A 20 125 10 0 2 0 PINTYPE=IN
P 14 0 130 20 130 0 2 0
L 25 130 10 0 2 0 1 0 A8
A 20 130 10 0 9 3 #=B5
A 20 135 10 0 2 0 PINTYPE=IN
P 13 0 140 20 140 0 2 0
L 25 140 10 0 2 0 1 0 A9
A 20 140 10 0 9 3 #=A5
A 20 145 10 0 2 0 PINTYPE=IN
P 12 0 150 20 150 0 2 0
L 25 150 10 0 2 0 1 0 A10
A 20 150 10 0 9 3 #=C5
A 20 155 10 0 2 0 PINTYPE=IN
P 11 0 160 20 160 0 2 0
L 25 160 10 0 2 0 1 0 A11
A 20 160 10 0 9 3 #=D5
A 20 165 10 0 2 0 PINTYPE=IN
P 10 0 170 20 170 0 2 0
L 25 170 10 0 2 0 1 0 A12
A 20 170 10 0 9 3 #=B6
A 20 175 10 0 2 0 PINTYPE=IN
P 8 0 190 20 190 0 2 0
L 25 190 10 0 2 0 1 0 A14
A 20 190 10 0 9 3 #=C6
A 20 195 10 0 2 0 PINTYPE=IN
P 5 0 220 20 220 0 2 0
L 25 220 10 0 2 0 1 0 A17
A 20 220 10 0 9 3 #=B2
A 20 225 10 0 2 0 PINTYPE=IN
P 4 0 230 20 230 0 2 0
L 25 230 10 0 2 0 1 0 A18
A 20 230 10 0 9 3 #=C3
A 20 235 10 0 2 0 PINTYPE=IN
P 3 0 240 20 240 0 2 0
L 25 240 10 0 2 0 1 0 A19
A 20 240 10 0 9 3 #=D4
A 20 245 10 0 2 0 PINTYPE=IN
P 2 0 250 20 250 0 2 0
L 25 250 10 0 2 0 1 0 A20
A 20 250 10 0 9 3 #=D3
A 20 255 10 0 2 0 PINTYPE=IN
P 6 0 210 20 210 0 2 0
L 25 210 10 0 2 0 1 0 A16
A 20 210 10 0 9 3 #=E6
A 20 215 10 0 2 0 PINTYPE=IN
P 7 0 200 20 200 0 2 0
L 25 200 10 0 2 0 1 0 A15
A 20 200 10 0 9 3 #=D6
A 20 205 10 0 2 0 PINTYPE=IN
P 9 0 180 20 180 0 2 0
L 25 180 10 0 2 0 1 0 A13
A 20 180 10 0 9 3 #=A6
A 20 185 10 0 2 0 PINTYPE=IN
P 25 200 260 180 260 0 3 0
L 175 260 10 0 8 0 1 0 DQ14
A 180 260 10 0 3 3 #=F5
A 180 265 10 0 2 0 PINTYPE=IN
P 27 200 240 180 240 0 3 0
L 175 240 10 0 8 0 1 0 DQ12
A 180 240 10 0 3 3 #=F4
A 180 245 10 0 2 0 PINTYPE=IN
P 29 200 220 180 220 0 3 0
L 175 220 10 0 8 0 1 0 DQ10
A 180 220 10 0 3 3 #=F3
A 180 225 10 0 2 0 PINTYPE=IN
P 39 200 120 180 120 0 3 0
L 175 120 10 0 8 0 1 0 DQ0
A 180 120 10 0 3 3 #=E2
A 180 125 10 0 2 0 PINTYPE=IN
P 21 0 60 20 60 0 2 0
L 25 60 10 0 2 0 1 0 A1
A 20 60 10 0 9 3 #=D1
A 20 65 10 0 2 0 PINTYPE=IN
P 24 200 270 180 270 0 3 0
L 175 270 10 0 8 0 1 0 DQ15_A_1
A 180 270 10 0 3 3 #=G6
A 180 275 10 0 2 0 PINTYPE=IN
P 40 200 100 180 100 0 3 0
L 175 100 10 0 8 0 1 0 RY_BY_B
A 180 100 10 0 3 3 #=A3
A 180 105 10 0 2 0 PINTYPE=IN
P 47 100 0 100 20 0 1 0
A 105 20 10 1 2 0 PINTYPE=IN
A 90 20 10 3 3 3 #=H1
L 100 20 10 1 2 0 0 0 VSS1
P 23 105 310 105 290 0 0 0
L 105 290 10 5 2 0 0 0 VCC1
A 95 290 10 7 3 3 #=G4
A 110 310 10 5 2 0 PINTYPE=IN
P 48 80 0 80 20 0 1 0
A 85 20 10 1 2 0 PINTYPE=IN
A 70 20 10 3 3 3 #=H6
L 80 20 10 1 2 0 0 0 VSS2
P 1 0 260 20 260 0 2 0
L 25 260 10 0 2 0 1 0 A21
A 20 260 10 0 9 3 #=C4
A 20 265 10 0 2 0 PINTYPE=IN
T 100 185 10 0 5 BPI FLASH MEMORY
b 20 20 180 290
T 105 285 10 3 2 VCC
Q 15 0 0
T 100 25 10 3 8 GND
Q 15 0 0
T 80 25 10 3 8 GND
Q 15 0 0
T 100 175 10 0 5 BGA48
P 42 200 60 180 60 0 3 0
A 180 65 10 0 2 0 PINTYPE=IN
L 175 60 10 0 8 0 1 0 VPP_WP_B
A 180 60 10 0 3 3 #=B3
P 43 200 90 180 90 0 3 0
L 175 90 10 0 8 0 1 0 OE_B
A 180 90 10 0 3 3 #=G1
A 180 95 10 0 2 0 PINTYPE=IN
P 41 200 70 180 70 0 3 0
L 175 70 10 0 8 0 1 0 CE_B
A 180 70 10 0 3 3 #=F1
A 180 75 10 0 2 0 PINTYPE=IN
P 44 200 80 180 80 0 3 0
L 175 80 10 0 8 0 1 0 WE_B
A 180 80 10 0 3 3 #=A4
A 180 85 10 0 2 0 PINTYPE=IN
P 45 200 50 180 50 0 3 0
L 175 50 10 0 8 0 1 0 RESET_B
A 180 50 10 0 3 3 #=B4
A 180 55 10 0 2 0 PINTYPE=IN
P 46 200 40 180 40 0 3 0
L 175 40 10 0 8 0 1 0 BYTE_B
A 180 40 10 0 3 3 #=F6
A 180 45 10 0 2 0 PINTYPE=IN
E
