V 53
K 1376676343 max16050.1
F Case
|R 11:05:43_8-16-13
D -20 395 140 -125
Y 1
Z 10
i 137
U 0 -40 10 0 3 0 MANF_P/N=MAX16050ETI+
U 0 -30 10 0 3 0 MANF=MAXIM
U 5 -125 16 0 3 3 REFDES=U?
U 100 -120 10 0 3 3 PKG_TYPE=TBD
U 5 370 10 0 3 3 DEVICE=MAX16050
U -20 -125 10 0 1 0 FORWARD_PCB=1
b 0 -105 120 370
|GRPHSTL 32000 0 0 1
P 2 140 340 120 340 0 3 0
L 115 340 10 0 8 0 1 0 VCC
Q 15 0 0
|FNTSTL 16777215 0
A 140 340 10 0 9 0 PINTYPE=POWER
A 130 340 10 0 9 3 #=1
P 4 -20 -90 0 -90 0 2 0
L 5 -90 10 0 2 0 1 0 GND
Q 15 0 0
|FNTSTL 16777215 0
A -20 -90 10 0 3 0 PINTYPE=GROUND
A -10 -90 10 0 3 3 #=2
P 5 140 160 120 160 0 3 0
L 115 160 10 0 8 0 1 0 OUT1
Q 15 0 0
|FNTSTL 16777215 0
A 140 160 10 0 9 0 PINTYPE=OUT
A 135 160 10 0 9 3 #=17
P 6 -20 160 0 160 0 2 0
L 5 155 10 0 3 0 1 0 SET1
Q 15 0 0
|FNTSTL 16777215 0
A -20 160 10 0 3 0 PINTYPE=IN
A -15 160 10 0 3 3 #=18
P 7 -20 140 0 140 0 2 0
L 5 135 10 0 3 0 1 0 SET2
Q 15 0 0
|FNTSTL 16777215 0
A -20 140 10 0 3 0 PINTYPE=IN
A -15 140 10 0 3 3 #=11
P 8 140 -90 120 -90 0 3 0
L 115 -90 10 0 8 0 1 0 DELAY
Q 15 0 0
|FNTSTL 16777215 0
A 140 -90 10 0 9 0 PINTYPE=IN
A 135 -90 10 0 9 3 #=23
P 10 140 140 120 140 0 3 0
L 115 140 10 0 8 0 1 0 OUT2
Q 15 0 0
|FNTSTL 16777215 0
A 140 140 10 0 9 0 PINTYPE=OUT
A 135 140 10 0 9 3 #=12
P 11 140 70 120 70 0 3 0
L 115 70 10 0 8 0 1 0 CP_OUT
Q 15 0 0
|FNTSTL 16777215 0
A 140 70 10 0 9 0 PINTYPE=OUT
A 135 70 10 0 9 3 #=28
P 13 140 -70 120 -70 0 3 0
L 115 -70 10 0 8 0 1 0 TIMEOUT
Q 15 0 0
|FNTSTL 16777215 0
A 140 -70 10 0 9 0 PINTYPE=IN
A 135 -70 10 0 9 3 #=24
P 16 -20 -20 0 -20 0 2 0
L 5 -25 10 0 3 0 1 0 EN_HOLD_B
Q 15 0 0
|FNTSTL 16777215 0
A -20 -20 10 0 3 0 PINTYPE=IN
A -15 -20 10 0 3 3 #=14
P 17 -20 -40 0 -40 0 2 0
L 5 -45 10 0 3 0 1 0 ABP
Q 15 0 0
|FNTSTL 16777215 0
A -20 -40 10 0 3 0 PINTYPE=IN
A -10 -40 10 0 3 3 #=3
P 18 -20 -70 0 -70 0 2 0
L 5 -70 10 0 2 0 1 0 EPAD
Q 15 0 0
|FNTSTL 16777215 0
A -20 -70 10 0 3 0 PINTYPE=GROUND
A -15 -70 10 0 3 3 #=29
P 79 -20 340 0 340 0 2 0
L 5 340 10 0 2 0 1 0 DISC1
Q 15 0 0
|FNTSTL 16777215 0
A -20 340 10 0 3 0 PINTYPE=BI
A -15 340 10 0 3 3 #=16
P 80 -20 320 0 320 0 2 0
L 5 320 10 0 2 0 1 0 DISC2
Q 15 0 0
|FNTSTL 16777215 0
A -20 320 10 0 3 0 PINTYPE=BI
A -15 320 10 0 3 3 #=13
P 85 140 120 120 120 0 3 0
L 115 120 10 0 8 0 1 0 OUT3
Q 15 0 0
|FNTSTL 16777215 0
A 140 120 10 0 9 0 PINTYPE=OUT
A 130 130 10 0 7 3 #=9
P 87 -20 300 0 300 0 2 0
L 5 300 10 0 2 0 1 0 DISC3
Q 15 0 0
|FNTSTL 16777215 0
A -20 300 10 0 3 0 PINTYPE=BI
A -15 310 10 0 1 3 #=10
P 92 140 100 120 100 0 3 0
L 115 100 10 0 8 0 1 0 OUT4
Q 15 0 0
|FNTSTL 16777215 0
A 140 100 10 0 9 0 PINTYPE=OUT
A 130 110 10 0 7 3 #=6
P 99 -20 280 0 280 0 2 0
L 5 280 10 0 2 0 1 0 DISC4
Q 15 0 0
|FNTSTL 16777215 0
A -20 280 10 0 3 0 PINTYPE=BI
A -10 290 10 0 1 3 #=7
P 102 -20 120 0 120 0 2 0
L 5 120 10 0 2 0 1 0 SET3
Q 15 0 0
|FNTSTL 16777215 0
A -20 120 10 0 1 0 PINTYPE=IN
A -10 130 10 0 1 3 #=8
P 105 -20 100 0 100 0 2 0
L 5 100 10 0 2 0 1 0 SET4
Q 15 0 0
|FNTSTL 16777215 0
A -20 100 10 0 1 0 PINTYPE=IN
A -10 110 10 0 1 3 #=5
P 111 -20 180 0 180 0 2 0
L 5 175 10 0 3 0 1 0 EN
Q 15 0 0
|FNTSTL 16777215 0
A -20 180 10 0 3 0 PINTYPE=IN
A -10 180 10 0 3 3 #=4
P 115 140 -35 120 -35 0 3 0
L 115 -35 10 0 8 0 1 0 RESET_B
Q 15 0 0
|FNTSTL 16777215 0
A 140 -35 10 0 9 0 PINTYPE=OUT
A 135 -35 10 0 9 3 #=20
P 118 -20 70 0 70 0 2 0
L 5 70 10 0 2 0 1 0 SEQ3
Q 15 0 0
|FNTSTL 16777215 0
A -20 70 10 0 1 0 PINTYPE=IN
A -15 80 10 0 1 3 #=27
P 119 -20 50 0 50 0 2 0
L 5 50 10 0 2 0 1 0 SEQ2
Q 15 0 0
|FNTSTL 16777215 0
A -20 50 10 0 1 0 PINTYPE=IN
A -15 60 10 0 1 3 #=26
P 122 -20 30 0 30 0 2 0
L 5 30 10 0 2 0 1 0 SEQ1
Q 15 0 0
|FNTSTL 16777215 0
A -20 30 10 0 1 0 PINTYPE=IN
A -15 40 10 0 1 3 #=25
P 127 -20 0 0 0 0 2 0
L 5 0 10 0 2 0 1 0 SHDN_B
Q 15 0 0
|FNTSTL 16777215 0
A -20 0 10 0 1 0 PINTYPE=IN
A -15 10 10 0 1 3 #=22
P 131 140 -15 120 -15 0 3 0
L 115 -15 10 0 8 0 1 0 FAULT_B
Q 15 0 0
|FNTSTL 16777215 0
A 140 -15 10 0 9 0 PINTYPE=IN
A 135 -15 10 0 9 3 #=21
P 135 140 25 120 25 0 3 0
L 115 25 10 0 8 0 1 0 REM
Q 15 0 0
|FNTSTL 16777215 0
A 140 25 10 0 9 0 PINTYPE=OUT
A 135 25 10 0 9 3 #=15
P 136 140 5 120 5 0 3 0
L 115 5 10 0 8 0 1 0 OV_OUT_B
Q 15 0 0
|FNTSTL 16777215 0
A 140 5 10 0 9 0 PINTYPE=OUT
A 135 5 10 0 9 3 #=19
E 
