V 53
K 1471031181 MAX20766.1
F Case
|R 12:46:21_8-12-16
D 0 185 140 0
Y 1
Z 10
i 524
U 0 -10 10 0 3 0 LEVEL=STD
U 20 0 16 0 3 3 REFDES=U?
U 120 5 10 0 9 3 PKG_TYPE=TBD
U 20 165 10 0 3 3 DEVICE=MAX20766
U 30 0 10 0 1 0 VALUE=MAX20766
U 30 -14 10 0 1 0 MANF_P/N=MAX20766
U 0 0 10 0 1 0 FORWARD_PCB=1
b 20 20 120 165
T 115 55 10 0 8 VSS
Q 15 0 0
|FNTSTL 16777215 0
T 115 45 10 0 8 VSS
Q 15 0 0
|FNTSTL 16777215 0
T 115 35 10 0 8 VSS
Q 15 0 0
|FNTSTL 16777215 0
T 115 140 10 0 8 VX
Q 15 0 0
|FNTSTL 16777215 0
T 115 130 10 0 8 VX
Q 15 0 0
|FNTSTL 16777215 0
T 115 120 10 0 8 VX
Q 15 0 0
|FNTSTL 16777215 0
P 183 0 90 20 90 0 2 0
L 25 90 10 0 2 0 1 0 AGND
A 0 90 10 0 3 0 PINTYPE=GROUND
A 10 90 10 0 6 3 #=14
P 191 0 140 20 140 0 2 0
L 25 140 10 0 2 0 1 0 VDD
A 0 140 10 0 3 0 PINTYPE=IN
A 10 140 10 0 6 3 #=12
P 235 0 40 20 40 0 2 0
L 25 40 10 0 2 0 1 0 TS_FAULTB
A 0 40 10 0 3 0 PINTYPE=OUT
A 10 40 10 0 6 3 #=16
P 443 0 150 20 150 0 2 0
L 25 150 10 0 2 0 1 0 VDDH
A 0 150 10 0 3 0 PINTYPE=IN
A 10 150 10 0 6 3 #=1
P 444 140 65 120 65 0 3 0
L 115 65 10 0 8 0 1 0 VSS
A 140 65 10 0 9 0 PINTYPE=GROUND
A 130 65 10 0 6 3 #=2
P 463 140 55 120 55 0 3 0
L 115 50 10 0 9 0 0 0 VSS_1
A 140 55 10 0 9 0 PINTYPE=GROUND
A 130 55 10 0 6 3 #=3
P 467 140 45 120 45 0 3 0
L 115 40 10 0 9 0 0 0 VSS_2
A 140 45 10 0 9 0 PINTYPE=GROUND
A 130 45 10 0 6 3 #=4
P 471 140 35 120 35 0 3 0
L 115 30 10 0 9 0 0 0 VSS_3
A 140 35 10 0 9 0 PINTYPE=GROUND
A 130 35 10 0 6 3 #=5
P 472 140 150 120 150 0 3 0
L 115 150 10 0 8 0 1 0 VX
A 140 150 10 0 9 0 PINTYPE=POWER
A 130 150 10 0 6 3 #=6
P 479 140 140 120 140 0 3 0
L 115 135 10 0 9 0 0 0 VX_1
A 140 140 10 0 9 0 PINTYPE=POWER
A 130 140 10 0 6 3 #=7
P 483 140 130 120 130 0 3 0
L 115 125 10 0 9 0 0 0 VX_2
A 140 130 10 0 9 0 PINTYPE=POWER
A 130 130 10 0 6 3 #=8
P 487 140 120 120 120 0 3 0
L 115 115 10 0 9 0 0 0 VX_3
A 140 120 10 0 9 0 PINTYPE=POWER
A 130 120 10 0 6 3 #=9
P 491 140 80 120 80 0 3 0
L 115 80 10 0 8 0 1 0 BST
A 140 80 10 0 9 0 PINTYPE=IN
A 130 80 10 0 6 3 #=10
P 492 0 130 20 130 0 2 0
L 25 130 10 0 2 0 1 0 VCC
A 0 130 10 0 3 0 PINTYPE=IN
A 10 130 10 0 6 3 #=11
P 500 0 50 20 50 0 2 0
L 25 50 10 0 2 0 1 0 PWM
A 0 50 10 0 3 0 PINTYPE=IN
A 10 50 10 0 6 3 #=13
P 523 0 30 20 30 0 2 0
L 25 30 10 0 2 0 1 0 ISENSE
A 0 30 10 0 3 0 PINTYPE=OUT
A 10 30 10 0 6 3 #=15
E 
