V 53
K 1458775178 MAX3107ETG.1
F Case
|R 16:19:38_3-23-16
D 0 260 220 0
Y 1
Z 10
i 138
U 0 -70 10 0 3 0 VALUE=VALUE
U 0 -60 10 0 3 0 DIST_P/N=XXX
U 0 -50 10 0 3 0 DIST=XXX
U 0 -20 10 0 3 0 PARTS=1
U 0 -10 10 0 3 0 LEVEL=STD
U 20 0 16 0 3 3 REFDES=U?
U 160 10 10 0 3 3 PKG_TYPE=PKG_TYPE
U 10 240 10 0 3 3 DEVICE=DEVICE
U 0 0 10 0 1 0 FORWARD_PCB=1
b 20 20 200 240
P 1 0 170 20 170 0 2 0
L 25 165 10 0 3 0 1 0 DOUT_SDA
A 0 170 10 0 3 0 PINTYPE=BI
A 10 170 10 0 3 3 #=4
P 9 220 190 200 190 0 3 0
L 170 185 10 0 3 0 1 0 GPIO1
A 220 190 10 0 9 0 PINTYPE=BI
A 215 190 10 0 9 3 #=13
P 10 0 150 20 150 0 2 0
L 25 145 10 0 3 0 1 0 SCLK_SCL
A 0 150 10 0 3 0 PINTYPE=BI
A 10 150 10 0 3 3 #=5
P 11 0 130 20 130 0 2 0
L 25 125 10 0 3 0 1 0 CS_B_A0
A 0 130 10 0 3 0 PINTYPE=BI
A 10 130 10 0 3 3 #=6
P 12 0 110 20 110 0 2 0
L 25 105 10 0 3 0 1 0 DIN_A1
A 0 110 10 0 3 0 PINTYPE=BI
A 10 110 10 0 3 3 #=7
P 13 0 90 20 90 0 2 0
L 25 85 10 0 3 0 1 0 IRQ_B
A 0 90 10 0 3 0 PINTYPE=BI
A 10 90 10 0 3 3 #=8
P 14 0 70 20 70 0 2 0
L 25 65 10 0 3 0 1 0 LDOEN
A 0 70 10 0 3 0 PINTYPE=BI
A 10 70 10 0 3 3 #=3
P 15 80 0 80 20 0 1 0
L 85 25 10 1 3 0 1 0 AGND
A 80 0 10 1 3 0 PINTYPE=BI
A 80 5 10 1 3 3 #=23
P 17 220 170 200 170 0 3 0
L 170 165 10 0 3 0 1 0 GPIO2
A 220 170 10 0 9 0 PINTYPE=BI
A 215 170 10 0 9 3 #=14
P 19 220 150 200 150 0 3 0
L 170 145 10 0 3 0 1 0 GPIO3
A 220 150 10 0 9 0 PINTYPE=BI
A 215 150 10 0 9 3 #=15
P 20 220 130 200 130 0 3 0
L 185 120 10 0 3 0 1 0 TX
A 220 130 10 0 9 0 PINTYPE=BI
A 215 130 10 0 9 3 #=19
P 21 220 110 200 110 0 3 0
L 185 105 10 0 3 0 1 0 RX
A 220 110 10 0 9 0 PINTYPE=BI
A 215 110 10 0 9 3 #=18
P 22 220 90 200 90 0 3 0
L 125 85 10 0 3 0 1 0 RTS_B_CLKOUT
A 220 90 10 0 9 0 PINTYPE=BI
A 215 90 10 0 9 3 #=17
P 23 220 70 200 70 0 3 0
L 165 65 10 0 3 0 1 0 CTS_B
A 220 70 10 0 9 0 PINTYPE=BI
A 215 70 10 0 9 3 #=16
P 24 220 50 200 50 0 3 0
L 180 45 10 0 3 0 1 0 XIN
A 220 50 10 0 9 0 PINTYPE=BI
A 215 50 10 0 9 3 #=22
P 25 150 260 150 240 0 0 0
L 155 220 10 1 3 0 1 0 V18
A 150 260 10 1 9 0 PINTYPE=IN
A 150 255 10 1 9 3 #=1
P 26 220 210 200 210 0 3 0
L 170 205 10 0 3 0 1 0 GPIO0
A 220 210 10 0 9 0 PINTYPE=IN
A 215 210 10 0 9 3 #=12
P 27 0 210 20 210 0 2 0
L 25 205 10 0 3 0 1 0 I2C_B_SPI
A 0 210 10 0 3 0 PINTYPE=IN
A 10 210 10 0 3 3 #=2
P 30 220 30 200 30 0 3 0
L 175 25 10 0 3 0 1 0 XOUT
A 220 30 10 0 9 0 PINTYPE=IN
A 215 30 10 0 9 3 #=21
P 32 0 190 20 190 0 2 0
L 25 185 10 0 3 0 1 0 RST_B
A 0 190 10 0 3 0 PINTYPE=IN
A 10 190 10 0 3 3 #=9
P 117 110 0 110 20 0 1 0
L 115 25 10 1 3 0 1 0 DGND
A 110 0 10 1 3 0 PINTYPE=BI
A 110 5 10 1 3 3 #=11
P 121 130 260 130 240 0 0 0
L 135 215 10 1 3 0 1 0 VEXT
A 130 260 10 1 9 0 PINTYPE=IN
A 130 255 10 1 9 3 #=20
P 125 110 260 110 240 0 0 0
L 115 220 10 1 3 0 1 0 VA
A 110 260 10 1 9 0 PINTYPE=IN
A 110 255 10 1 9 3 #=24
P 129 90 260 90 240 0 0 0
L 95 220 10 1 3 0 1 0 VL
A 90 260 10 1 9 0 PINTYPE=IN
A 90 255 10 1 9 3 #=10
P 136 140 0 140 20 0 1 0
L 145 25 10 1 3 0 1 0 GNDPAD
A 140 0 10 1 3 0 PINTYPE=BI
A 140 5 10 1 3 3 #=25
E 
