V 51
K 276592138300 max3245
|R 16:43_4-24-12
Y 1
D 0 0 160 580
Z 10
i 84
U 0 -20 10 0 3 0 MANF_P/N=MAX3245EAI+
U 20 225 10 0 3 0 VALUE=MAX3245
U 100 5 10 0 3 3 PKG_TYPE=SSOP_28
U 25 0 16 0 3 3 REFDES=U?
U 25 565 10 0 3 3 DEVICE=MAX3245
P 81 0 65 61 65 0 2 0
L 25 65 10 0 3 0 1 0 R5OUT
A 41 65 10 0 3 0 PINTYPE=OUT
A 16 65 10 0 9 3 #=15
P 82 160 65 95 65 0 3 0
L 135 65 10 0 9 0 1 0 R5IN
A 125 65 10 0 9 0 PINTYPE=IN
A 145 65 10 0 3 3 #=8
P 79 0 100 61 100 0 2 0
L 25 100 10 0 3 0 1 0 R4OUT
A 41 100 10 0 3 0 PINTYPE=OUT
A 16 100 10 0 9 3 #=16
P 80 160 100 95 100 0 3 0
L 135 100 10 0 9 0 1 0 R4IN
A 125 100 10 0 9 0 PINTYPE=IN
A 145 100 10 0 3 3 #=7
P 76 0 135 61 135 0 2 0
L 25 135 10 0 3 0 1 0 R3OUT
A 41 135 10 0 3 0 PINTYPE=OUT
A 16 135 10 0 9 3 #=17
P 77 160 135 95 135 0 3 0
L 135 135 10 0 9 0 1 0 R3IN
A 125 135 10 0 9 0 PINTYPE=IN
A 145 135 10 0 3 3 #=6
P 75 160 170 95 170 0 3 0
L 135 170 10 0 9 0 1 0 R2IN
A 125 170 10 0 9 0 PINTYPE=IN
A 145 170 10 0 3 3 #=5
P 72 0 275 65 275 0 2 0
L 25 275 10 0 3 0 1 0 T3IN
A 45 275 10 0 3 0 PINTYPE=IN
A 15 275 10 0 9 3 #=12
P 73 160 275 100 275 0 3 0
L 135 275 10 0 9 0 1 0 T3OUT
A 130 275 10 0 9 0 PINTYPE=OUT
A 145 275 10 0 3 3 #=11
P 70 0 310 65 310 0 2 0
L 25 310 10 0 3 0 1 0 T2IN
A 45 310 10 0 3 0 PINTYPE=IN
A 15 310 10 0 9 3 #=13
P 56 160 450 140 450 0 3 0
A 145 450 10 0 3 3 #=2
A 160 450 10 0 9 0 PINTYPE=POWER
L 135 445 10 0 9 0 1 0 C2_N
P 60 160 540 140 540 0 3 0
A 145 540 10 0 3 3 #=22
A 160 540 10 0 9 0 PINTYPE=IN
L 135 535 10 0 9 0 1 0 FORCEOFF_B
P 52 0 500 20 500 0 2 0
L 25 495 10 0 3 0 1 0 C1_P
A -20 500 10 0 3 0 PINTYPE=POWER
A 15 500 10 0 9 3 #=28
P 40 0 540 20 540 0 2 0
A -40 540 10 0 3 0 PINTYPE=POWER
A 15 540 10 0 9 3 #=26
L 25 535 10 0 3 1 1 0 VCC
P 50 160 40 140 40 0 3 0
L 135 35 10 0 9 0 1 0 GND
A 170 40 10 0 9 0 PINTYPE=POWER
A 145 40 10 0 3 3 #=25
P 67 0 345 65 345 0 2 0
L 25 345 10 0 3 0 1 0 T1IN
A 45 345 10 0 3 0 PINTYPE=IN
A 15 345 10 0 9 3 #=14
P 78 0 240 70 240 0 2 0
A 5 240 10 0 3 3 #=20
L 25 240 10 0 3 0 1 0 R2OUT_B
P 41 160 500 140 500 0 3 0
A 145 500 10 0 3 3 #=1
A 160 500 10 0 9 0 PINTYPE=POWER
L 135 495 10 0 9 1 1 0 C2_P
P 54 0 450 20 450 0 2 0
L 25 445 10 0 3 0 1 0 C1_N
A -20 450 10 0 3 0 PINTYPE=POWER
A 15 450 10 0 9 3 #=24
P 84 0 430 20 430 0 2 0
L 25 425 10 0 3 0 1 0 V_P
A -20 430 10 0 3 0 PINTYPE=POWER
A 15 430 10 0 9 3 #=27
P 83 160 430 140 430 0 3 0
A 145 430 10 0 3 3 #=3
A 160 430 10 0 9 0 PINTYPE=POWER
L 135 425 10 0 9 0 1 0 V_N
P 68 160 345 100 345 0 3 0
L 135 345 10 0 9 0 1 0 T1OUT
A 130 345 10 0 9 0 PINTYPE=OUT
A 145 345 10 0 3 3 #=9
P 71 160 310 100 310 0 3 0
L 135 310 10 0 9 0 1 0 T2OUT
A 130 310 10 0 9 0 PINTYPE=OUT
A 145 310 10 0 3 3 #=10
P 65 160 205 95 205 0 3 0
L 135 205 10 0 9 0 1 0 R1IN
A 125 205 10 0 9 0 PINTYPE=IN
A 145 205 10 0 3 3 #=4
P 66 0 205 61 205 0 2 0
L 25 205 10 0 3 0 1 0 R1OUT
A 41 205 10 0 3 0 PINTYPE=OUT
A 16 205 10 0 9 3 #=19
P 74 0 170 61 170 0 2 0
L 25 170 10 0 3 0 1 0 R2OUT
A 41 170 10 0 3 0 PINTYPE=OUT
A 16 170 10 0 9 3 #=18
P 59 160 530 140 530 0 3 0
A 145 530 10 0 3 3 #=21
A 160 530 10 0 9 0 PINTYPE=OUT
L 135 525 10 0 9 0 1 0 INVALID_B
P 61 160 520 140 520 0 3 0
A 145 520 10 0 3 3 #=23
A 160 520 10 0 9 0 PINTYPE=IN
L 135 515 10 0 9 0 1 0 FORCEON
c 65 65 5
l 2 95 50 95 80
l 2 70 65 95 80
l 2 95 50 70 65
c 65 100 5
l 2 95 85 95 115
l 2 70 100 95 115
l 2 95 85 70 100
c 65 135 5
l 2 95 120 95 150
l 2 70 135 95 150
l 2 95 120 70 135
c 65 170 5
l 2 95 155 95 185
l 2 70 170 95 185
l 2 95 155 70 170
c 65 205 5
l 2 99 275 100 275
Q 3 0 0
l 2 90 275 65 290
l 2 99 310 100 310
Q 3 0 0
c 95 310 5
l 2 90 310 65 325
l 2 65 295 90 310
l 2 65 295 65 325
l 2 99 345 100 345
Q 3 0 0
T 75 345 10 0 5 T1
c 95 345 5
l 2 90 345 65 360
l 2 65 330 90 345
l 2 65 330 65 360
l 2 65 260 65 290
l 2 65 260 90 275
c 95 275 5
T 75 310 10 0 5 T2
T 75 275 10 0 5 T3
l 2 95 190 95 220
l 2 70 205 95 220
l 2 95 190 70 205
l 2 95 225 95 255
l 2 70 240 95 255
l 2 95 225 70 240
b 20 20 140 560
E
