V 53
K 1406851169 MAX8869EUE18.1
F Case
|R 16:59:29_7-31-14
D 0 240 200 0
Y 1
Z 10
i 23
U 0 -10 10 0 3 0 VALUE=VALUE
U 20 230 10 0 3 3 DEVICE=DEVICE
U 130 0 10 0 3 3 PKG_TYPE=PKG_TYPE
U 25 -5 16 0 3 3 REFDES=U?
U 0 0 10 0 1 0 FORWARD_PCB=1
b 20 10 180 230
P 1 200 80 180 80 0 3 0
L 175 80 10 0 8 0 1 0 NC1
A 170 85 10 0 8 0 PINTYPE=BI
A 180 80 10 0 3 3 #=1
P 2 0 210 20 210 0 2 0
L 25 210 10 0 2 0 1 0 IN1
A 30 215 10 0 2 0 PINTYPE=BI
A 20 210 10 0 9 3 #=2
P 3 0 190 20 190 0 2 0
L 25 190 10 0 2 0 1 0 IN2
A 30 195 10 0 2 0 PINTYPE=BI
A 20 190 10 0 9 3 #=3
P 4 0 170 20 170 0 2 0
L 25 170 10 0 2 0 1 0 IN3
A 30 175 10 0 2 0 PINTYPE=BI
A 20 170 10 0 9 3 #=4
P 5 0 150 20 150 0 2 0
L 25 150 10 0 2 0 1 0 IN4
A 30 155 10 0 2 0 PINTYPE=BI
A 20 150 10 0 9 3 #=5
P 6 200 120 180 120 0 3 0
L 175 120 10 0 8 0 1 0 RST_B
A 170 125 10 0 8 0 PINTYPE=BI
A 180 120 10 0 3 3 #=6
P 7 0 90 20 90 0 2 0
L 25 90 10 0 2 0 1 0 SHDN_B
A 30 95 10 0 2 0 PINTYPE=BI
A 20 90 10 0 9 3 #=7
P 8 0 70 20 70 0 2 0
L 25 70 10 0 2 0 1 0 SS
A 30 75 10 0 2 0 PINTYPE=BI
A 20 70 10 0 9 3 #=8
P 13 200 60 180 60 0 3 0
L 175 60 10 0 8 0 1 0 NC3
A 180 70 10 0 2 0 PINTYPE=BI
A 180 60 10 0 3 3 #=16
P 14 200 210 180 210 0 3 0
L 175 210 10 0 8 0 1 0 OUT4
A 180 220 10 0 2 0 PINTYPE=BI
A 180 210 10 0 3 3 #=15
P 15 200 190 180 190 0 3 0
L 175 190 10 0 8 0 1 0 OUT3
A 180 200 10 0 2 0 PINTYPE=BI
A 180 190 10 0 3 3 #=14
P 16 200 170 180 170 0 3 0
L 175 170 10 0 8 0 1 0 OUT2
A 180 180 10 0 2 0 PINTYPE=BI
A 180 170 10 0 3 3 #=13
P 18 200 150 180 150 0 3 0
L 155 145 10 0 3 0 1 0 OUT1
A 220 150 10 0 9 0 PINTYPE=BI
A 195 150 10 0 9 3 #=12
P 19 200 30 180 30 0 3 0
L 160 30 10 0 3 0 1 0 SET
A 220 30 10 0 9 0 PINTYPE=BI
A 195 30 10 0 9 3 #=11
P 20 200 70 180 70 0 3 0
L 175 65 10 0 9 0 1 0 NC2
A 225 70 10 0 9 0 PINTYPE=BI
A 185 70 10 0 9 3 #=9
P 21 0 30 20 30 0 2 0
L 25 25 10 0 3 0 1 0 GND
A -25 30 10 0 3 0 PINTYPE=BI
A 10 30 10 0 3 3 #=10
P 78 0 20 20 20 0 2 0
L 25 15 10 0 3 0 1 0 PAD
A -25 20 10 0 3 0 PINTYPE=BI
A 10 20 10 0 3 3 #=17
E 
