V 53
K 1422465947 max8902b.1
F Case
|R 9:25:47_1-28-15
D 20 190 150 0
Y 1
Z 10
i 83
U 85 5 10 0 3 3 PKG_TYPE=PKG_TYPE
U 40 175 10 0 3 3 DEVICE=DEVICE
U 105 110 10 0 3 0 VALUE=VALUE
U 45 0 16 0 3 3 REFDES=U?
U 32 3 10 0 1 0 MANF_P/N=MANF_P/N
U 20 0 10 0 1 0 FORWARD_PCB=1
b 40 20 130 175
|GRPHSTL 3249763 0 0 1
P 16 20 30 40 30 0 2 0
L 45 30 10 0 2 0 1 0 EN
Q 15 0 0
|FNTSTL 16777215 0
A 35 30 10 0 9 3 #=3
A -20 31 10 0 9 0 PINTYPE=BI
P 17 20 50 40 50 0 2 0
L 45 50 10 0 2 0 1 0 POK_B
Q 15 0 0
|FNTSTL 16777215 0
A 35 50 10 0 9 3 #=5
A -20 51 10 0 9 0 PINTYPE=BI
P 24 20 160 40 160 0 2 0
L 45 160 10 0 2 0 1 0 IN
Q 15 0 0
|FNTSTL 16777215 0
A 35 160 10 0 9 3 #=1
A -20 161 10 0 9 0 PINTYPE=BI
P 28 150 30 130 30 0 3 0
L 125 30 10 0 8 0 1 0 GND
Q 15 0 0
|FNTSTL 16777215 0
A 135 30 10 0 3 3 #=2
A 150 30 10 0 9 0 PINTYPE=BI
P 31 150 70 130 70 0 3 0
L 125 70 10 0 8 0 1 0 FB
Q 15 0 0
|FNTSTL 16777215 0
A 135 70 10 0 3 3 #=6
A 150 70 10 0 9 0 PINTYPE=BI
P 32 150 90 130 90 0 3 0
L 125 90 10 0 8 0 1 0 BYP
Q 15 0 0
|FNTSTL 16777215 0
A 150 76 10 0 7 0 PINTYPE=BI
A 135 90 10 0 3 3 #=7
P 33 150 160 130 160 0 3 0
L 125 160 10 0 8 0 1 0 OUT
Q 15 0 0
|FNTSTL 16777215 0
A 135 160 10 0 3 3 #=8
A 150 160 10 0 9 0 PINTYPE=BI
P 81 150 40 130 40 0 3 0
L 125 40 10 0 8 0 1 0 EP
Q 15 0 0
|FNTSTL 16777215 0
A 135 40 10 0 3 3 #=9
A 150 40 10 0 9 0 PINTYPE=BI
P 123 150 50 130 50 0 3 0
L 125 50 10 0 8 0 1 0 GS
Q 15 0 0
|FNTSTL 16777215 0
A 135 50 10 0 3 3 #=4
A 150 50 10 0 9 0 PINTYPE=BI
E 
