V 53
K 1441833141 mech_sodimm_cage.1
F Case
|R 14:12:21_9-9-15
D 0 114 240 -15
Y 1
Z 10
i 77
U 0 -10 10 0 3 0 DEVICE=DEVICE
U 0 -30 10 0 3 0 PARTS=1
U 0 -20 10 0 3 0 LEVEL=STD
U 0 -10 10 0 3 3 VALUE=VALUE
U 5 100 10 0 3 3 REFDES=DIMMCAGE?
Q 15 0 0
|FNTSTL 16777215 0
U 0 -15 10 0 1 0 FORWARD_PCB=1
c 33 3 2
c 3 51 2
c 3 30 2
c 237 37 2
c 237 73 2
c 3 71 2
c 29 97 2
c 66 97 2
c 121 97 2
c 159 97 2
c 203 97 2
c 237 97 2
c 3 3 2
c 3 97 2
l 2 240 0 240 65 
l 2 240 70 240 90 
l 2 0 90 0 70 
l 2 0 65 0 0 
l 2 40 0 240 0 
b 0 0 240 100
P 42 60 -15 60 0 0 1 0
L 60 5 10 1 2 0 1 0 GND1
A 60 -15 10 0 1 0 PINTYPE=GROUND
A 50 -15 10 1 1 3 #=1
P 44 70 -15 70 0 0 1 0
L 70 5 10 1 2 0 1 0 GND2
A 70 -15 10 0 1 0 PINTYPE=GROUND
A 60 -15 10 1 1 3 #=2
P 46 80 -15 80 0 0 1 0
L 80 5 10 1 2 0 1 0 GND3
A 80 -15 10 0 1 0 PINTYPE=GROUND
A 70 -15 10 1 1 3 #=3
P 48 90 -15 90 0 0 1 0
L 90 5 10 1 2 0 1 0 GND4
A 90 -15 10 0 1 0 PINTYPE=GROUND
A 80 -15 10 1 1 3 #=4
P 50 100 -15 100 0 0 1 0
L 100 5 10 1 2 0 1 0 GND5
A 100 -15 10 0 1 0 PINTYPE=GROUND
A 90 -15 10 1 1 3 #=5
P 52 110 -15 110 0 0 1 0
L 110 5 10 1 2 0 1 0 GND6
A 110 -15 10 0 1 0 PINTYPE=GROUND
A 100 -15 10 1 1 3 #=6
P 54 120 -15 120 0 0 1 0
L 120 5 10 1 2 0 1 0 GND7
A 120 -15 10 0 1 0 PINTYPE=GROUND
A 110 -15 10 1 1 3 #=7
P 56 130 -15 130 0 0 1 0
L 130 5 10 1 2 0 1 0 GND8
A 130 -15 10 0 1 0 PINTYPE=GROUND
A 120 -15 10 1 1 3 #=8
P 58 140 -15 140 0 0 1 0
L 140 5 10 1 2 0 1 0 GND9
A 140 -15 10 0 1 0 PINTYPE=GROUND
A 130 -15 10 1 1 3 #=9
P 60 150 -15 150 0 0 1 0
L 150 5 10 1 2 0 1 0 GND10
A 150 -15 10 0 1 0 PINTYPE=GROUND
A 140 -15 10 1 1 3 #=10
P 62 160 -15 160 0 0 1 0
L 160 5 10 1 2 0 1 0 GND11
A 160 -15 10 0 1 0 PINTYPE=GROUND
A 150 -15 10 1 1 3 #=11
P 64 170 -15 170 0 0 1 0
L 170 5 10 1 2 0 1 0 GND12
A 170 -15 10 0 1 0 PINTYPE=GROUND
A 160 -15 10 1 1 3 #=12
P 66 180 -15 180 0 0 1 0
L 180 5 10 1 2 0 1 0 GND13
A 180 -15 10 0 1 0 PINTYPE=GROUND
A 170 -15 10 1 1 3 #=13
P 68 190 -15 190 0 0 1 0
L 190 5 10 1 2 0 1 0 GND14
A 190 -15 10 0 1 0 PINTYPE=GROUND
A 180 -15 10 1 1 3 #=14
P 70 200 -15 200 0 0 1 0
L 200 5 10 1 2 0 1 0 GND15
A 200 -15 10 0 1 0 PINTYPE=GROUND
A 190 -15 10 1 1 3 #=15
P 72 210 -15 210 0 0 1 0
L 210 5 10 1 2 0 1 0 GND16
A 210 -15 10 0 1 0 PINTYPE=GROUND
A 200 -15 10 1 1 3 #=16
P 74 220 -15 220 0 0 1 0
L 220 5 10 1 2 0 1 0 GND17
A 220 -15 10 0 1 0 PINTYPE=GROUND
A 210 -15 10 1 1 3 #=17
P 76 230 -15 230 0 0 1 0
L 230 5 10 1 2 0 1 0 GND18
A 230 -15 10 0 1 0 PINTYPE=GROUND
A 220 -15 10 1 1 3 #=18
E 
