V 53
K 1438360223 MECH_EMI_175x225_CAGE.1
F Case
|R 9:30:23_7-31-15
D -10 110 178 -10
Y 1
Z 10
i 66
U 0 -10 10 0 3 0 DEVICE=DEVICE
U 0 -30 10 0 3 0 PARTS=1
U 0 -20 10 0 3 0 LEVEL=STD
U 0 -10 10 0 3 0 VALUE=VALUE
U -8 100 10 0 3 3 REFDES=EMICAGE?
Q 15 0 0
|FNTSTL 16777215 0
U 0 0 10 0 1 0 PKG_TYPE=EMI_CAGE
U -10 -10 10 0 1 0 FORWARD_PCB=1
c 165 2 2
c 125 2 2
c 85 2 2
c 45 2 2
c 2 50 2
c 2 27 2
c 165 29 2
c 165 75 2
c 2 72 2
c 45 97 2
c 85 97 2
c 125 97 2
c 165 97 2
c 3 3 2
c 3 97 2
b 0 0 168 100
c 165 52 2
P 36 110 110 110 100 0 0 0
L 110 98 10 1 8 0 0 0 GND15
A 110 110 10 0 1 0 PINTYPE=GROUND
A 110 110 10 1 7 0 #=15
P 38 50 110 50 100 0 0 0
L 50 98 10 1 8 0 0 0 GND14
A 50 110 10 0 1 0 PINTYPE=GROUND
A 50 110 10 1 7 0 #=14
P 40 -10 90 0 90 0 2 0
L 4 90 10 0 2 0 0 0 GND13
A -10 90 10 0 1 0 PINTYPE=GROUND
A -10 90 10 0 1 0 #=13
P 42 -10 70 0 70 0 2 0
L 4 70 10 0 2 0 0 0 GND12
A -10 70 10 0 1 0 PINTYPE=GROUND
A -10 70 10 0 1 0 #=12
P 44 -10 50 0 50 0 2 0
L 4 50 10 0 2 0 0 0 GND11
A -10 50 10 0 1 0 PINTYPE=GROUND
A -10 50 10 0 1 0 #=11
P 46 -10 30 0 30 0 2 0
L 4 30 10 0 2 0 0 0 GND10
A -10 30 10 0 1 0 PINTYPE=GROUND
A -10 30 10 0 1 0 #=10
P 48 -10 10 0 10 0 2 0
L 4 10 10 0 2 0 0 0 GND9
A -10 10 10 0 1 0 PINTYPE=GROUND
A -10 10 10 0 1 0 #=9
P 50 30 -10 30 0 0 1 0
L 30 0 10 1 2 0 0 0 GND8
A 30 -10 10 0 1 0 PINTYPE=GROUND
A 30 -10 10 1 1 0 #=8
P 52 80 -10 80 0 0 1 0
L 80 0 10 1 2 0 0 0 GND7
A 80 -10 10 0 1 0 PINTYPE=GROUND
A 80 -10 10 1 1 0 #=7
P 54 130 -10 130 0 0 1 0
L 130 0 10 1 2 0 0 0 GND6
A 130 -10 10 0 1 0 PINTYPE=GROUND
A 130 -10 10 1 1 0 #=6
P 56 178 10 168 10 0 3 0
L 164 10 10 0 8 0 0 0 GND5
A 178 10 10 0 1 0 PINTYPE=GROUND
A 178 10 10 0 7 0 #=5
P 58 178 30 168 30 0 3 0
L 164 30 10 0 8 0 0 0 GND4
A 178 30 10 0 1 0 PINTYPE=GROUND
A 178 30 10 0 7 0 #=4
P 60 178 50 168 50 0 3 0
L 164 50 10 0 8 0 0 0 GND3
A 178 50 10 0 1 0 PINTYPE=GROUND
A 178 50 10 0 7 0 #=3
P 62 178 70 168 70 0 3 0
L 164 70 10 0 8 0 0 0 GND2
A 178 70 10 0 1 0 PINTYPE=GROUND
A 178 70 10 0 7 0 #=2
P 64 178 90 168 90 0 3 0
L 164 90 10 0 8 0 0 0 GND1
A 178 90 10 0 1 0 PINTYPE=GROUND
A 178 90 10 0 7 0 #=1
P 136 130 110 130 100 0 0 0
L 130 98 10 1 8 0 0 0 GND16
A 130 110 10 0 1 0 PINTYPE=GROUND
A 130 110 10 1 7 0 #=16
E 
