V 53
K 1426117514 mech_crimp_pin.1
F Case
|R 16:45:14_3-11-15
D 0 70 100 10
Y 1
Z 10
i 1
U 0 -30 10 0 3 0 MANF_P/N=ANY
U 0 -20 10 0 3 0 MANF=ANY
U -45 135 10 0 3 0 PARTS=1
U -45 125 10 0 3 0 LEVEL=STD
U -45 115 10 0 3 0 CLASS=MECHANICAL
U -45 145 10 0 3 0 DEVICE=XXXXXXX
U 50 10 10 0 6 3 VALUE=XXXXXXXXXX
U 50 50 16 0 6 3 REFDES=CP?
U 0 10 10 0 1 0 FORWARD_PCB=1
a 26 26 23 28 21 31
a 21 31 22 33 23 35
l 2 23 35 41 46 
l 2 24 34 42 45 
a 24 34 23 31 23 31
a 27 27 24 29 23 31
l 2 27 27 63 27 
a 41 46 44 47 47 46
a 47 46 47 44 47 42
l 2 47 42 31 32 
a 41 45 44 45 46 45
a 46 45 46 43 46 42
l 3 46 42 31 33 31 32 
l 2 26 26 84 26 
l 2 63 27 63 34 
l 2 63 34 84 34 
l 2 84 34 84 26 
l 2 42 26 50 22 
l 2 50 22 51 23 
l 2 51 23 44 26 
E 
