V 53
K 1478036804 mic47100.1
F Case
|R 14:46:44_11-1-16
D 0 120 120 0
Y 1
Z 10
i 87
U 0 -20 10 0 3 0 MANF_P/N=XXXX
U 0 -10 10 0 3 0 VALUE=MIC47100
U 20 0 16 0 3 3 REFDES=U?
U 20 100 10 0 3 3 DEVICE=MIC47100
U 100 5 10 0 9 3 PKG_TYPE=XXXX
U 0 0 10 0 1 0 FORWARD_PCB=1
T 95 70 10 0 8 OUT
Q 15 0 0
|FNTSTL 16777215 0
T 25 70 10 0 2 IN
Q 15 0 0
|FNTSTL 16777215 0
T 25 85 10 0 2 IN
Q 15 0 0
|FNTSTL 16777215 0
T 95 85 10 0 8 OUT
Q 15 0 0
|FNTSTL 16777215 0
b 20 15 100 100
P 18 0 70 20 70 0 2 0
L 25 70 10 0 2 0 0 0 IN_2
A 15 70 10 0 9 3 #=2
A -30 60 10 0 9 0 PINTYPE=POWER
P 19 120 85 100 85 0 3 0
L 95 85 10 0 8 0 0 0 OUT_8
A 105 85 10 0 3 3 #=8
A 160 80 10 0 3 0 PINTYPE=OUT
P 22 0 25 20 25 0 2 0
L 25 25 10 0 2 0 1 0 EN
A -30 15 10 0 9 0 PINTYPE=IN
A 15 25 10 0 9 3 #=5
P 27 120 55 100 55 0 3 0
L 95 55 10 0 8 0 1 0 FB
A 105 55 10 0 3 3 #=6
A 160 50 10 0 3 0 PINTYPE=IN
P 38 120 25 100 25 0 3 0
L 95 25 10 0 8 0 1 0 GND
A 105 25 10 0 3 3 #=3
A 160 20 10 0 3 0 PINTYPE=GROUND
P 49 0 85 20 85 0 2 0
L 25 85 10 0 2 0 0 0 IN_1
A -30 75 10 0 9 0 PINTYPE=POWER
A 15 85 10 0 9 3 #=1
P 50 120 70 100 70 0 3 0
L 95 70 10 0 8 0 0 0 OUT_7
A 105 70 10 0 3 3 #=7
A 160 65 10 0 3 0 PINTYPE=OUT
P 51 0 45 20 45 0 2 0
L 25 45 10 0 2 0 1 0 BIAS
A 15 45 10 0 9 3 #=4
A -30 35 10 0 9 0 PINTYPE=IN
P 86 120 35 100 35 0 3 0
L 95 35 10 0 8 0 1 0 EP
A 120 35 10 0 1 0 PINTYPE=GROUND
A 105 35 10 0 3 3 #=9
E 
