V 51
K 304524444500 mjd200
|R 17:08_5-4-10
Y 1
D -10 -10 20 30
Z 10
i 3
U 0 0 9 0 3 0 DEVICE=XXX
U 0 0 9 0 3 0 PARTS=1
P 2 20 -10 20 0 0 1 0
L 16 -5 9 1 2 0 1 0 E
A 20 -5 9 1 9 3 #=3
A 0 0 9 0 3 0 PINTYPE=OUT
P 3 20 30 20 20 0 0 0
L 16 35 9 1 8 0 1 0 C
A 20 25 9 1 3 3 #=4
A 0 0 9 0 3 0 PINTYPE=OUT
P 1 -10 10 0 10 0 2 0
L -5 14 9 0 2 0 1 0 B
A -5 10 9 0 9 3 #=1
A 0 0 9 0 3 0 PINTYPE=OUT
l 5 17 3 20 6 20 0 14 0 17 3
Q 7 1 0
l 2 20 20 10 10
Q 9 0 0
l 2 10 10 17 3
Q 9 0 0
l 2 10 20 10 0
Q 9 0 0
l 2 10 10 0 10
Q 9 0 0
U 24 2 10 0 3 3 VALUE=XXX
U 25 -5 10 0 3 3 POWER=XXX
U 24 16 16 0 3 3 REFDES=Q?
E
