V 51
K 166355615000 msp4305342
|R 0:47_7-1-13
Y 1
D 0 0 280 460
Z 10
i 75
U 0 -70 10 0 3 0 DIST_P/N=296-29582-1-ND
U 0 -50 10 0 3 0 MFG_P/N=MSP430F5342IRGZ
U 0 -40 10 0 3 0 MFG=TEXAS INSTRUMENTS
U 0 -30 10 0 3 0 PARTS=1
U 0 -20 10 0 3 0 LEVEL=STD
U 0 -60 10 0 3 0 DIST=DIGIKEY
U 30 440 10 0 3 3 DEVICE=MSP430F5342
U 25 0 16 0 3 3 REFDES=U?
U 190 10 10 0 3 3 PKG_TYPE=VQFN_48
P 71 280 210 260 210 0 3 0
L 235 205 10 0 3 0 1 0 P5_2
A 280 210 10 0 9 0 PINTYPE=OUT
A 275 210 10 0 9 3 #=39
P 70 280 220 260 220 0 3 0
L 235 215 10 0 3 0 1 0 P5_1
A 280 220 10 0 9 0 PINTYPE=OUT
A 270 220 10 0 9 3 #=5
P 63 0 40 20 40 0 2 0
L 30 35 10 0 3 0 1 0 PJ_0
A 0 40 37 0 3 0 PINTYPE=IN
A 5 40 10 0 3 3 #=42
P 62 0 50 20 50 0 2 0
L 30 45 10 0 3 0 1 0 PJ_1
A 0 50 37 0 3 0 PINTYPE=IN
A 5 50 10 0 3 3 #=43
P 60 0 70 20 70 0 2 0
L 30 65 10 0 3 0 1 0 PJ_3
A 0 70 37 0 3 0 PINTYPE=IN
A 5 70 10 0 3 3 #=45
P 43 280 50 260 50 0 3 0
L 210 45 10 0 3 0 0 0 DVSS3_38
A 280 50 10 0 9 0 PINTYPE=POWER
A 275 50 10 0 9 3 #=38
P 42 280 390 260 390 0 3 0
L 225 385 10 0 3 0 1 0 VCORE
A 280 390 10 0 9 0 PINTYPE=POWER
A 275 390 10 0 9 3 #=12
P 36 280 310 260 310 0 3 0
L 235 305 10 0 3 0 1 0 P4_5
A 280 310 10 0 9 0 PINTYPE=OUT
A 275 310 10 0 9 3 #=34
P 39 280 340 260 340 0 3 0
L 235 335 10 0 3 0 1 0 P4_2
A 280 340 10 0 9 0 PINTYPE=OUT
A 275 340 10 0 9 3 #=29
P 17 0 290 20 290 0 2 0
L 30 285 10 0 3 0 1 0 P1_7
A 0 290 37 0 3 0 PINTYPE=IN
A 5 290 10 0 3 3 #=20
P 18 0 300 20 300 0 2 0
L 30 295 10 0 3 0 1 0 P1_6
A 0 300 37 0 3 0 PINTYPE=IN
A 5 300 10 0 3 3 #=19
P 15 0 310 20 310 0 2 0
L 30 305 10 0 3 0 1 0 P1_5
A 0 310 37 0 3 0 PINTYPE=IN
A 5 310 10 0 3 3 #=18
P 16 0 320 20 320 0 2 0
L 30 315 10 0 3 0 1 0 P1_4
A 0 320 37 0 3 0 PINTYPE=IN
A 5 320 10 0 3 3 #=17
P 13 0 330 20 330 0 2 0
L 30 325 10 0 3 0 1 0 P1_3
A 0 330 37 0 3 0 PINTYPE=IN
A 5 330 10 0 3 3 #=16
P 14 0 340 20 340 0 2 0
L 30 335 10 0 3 0 1 0 P1_2
A 0 340 37 0 3 0 PINTYPE=IN
A 5 340 10 0 3 3 #=15
P 12 0 350 20 350 0 2 0
L 30 345 10 0 3 0 1 0 P1_1
A 0 350 37 0 3 0 PINTYPE=IN
A 5 350 10 0 3 3 #=14
P 11 0 360 20 360 0 2 0
L 30 355 10 0 3 0 1 0 P1_0
A 0 360 37 0 3 0 PINTYPE=IN
A 5 360 10 0 3 3 #=13
P 4 280 410 260 410 0 3 0
L 210 405 10 0 3 0 0 0 DVCC2_32
A 280 410 10 0 9 0 PINTYPE=POWER
A 275 410 10 0 9 3 #=32
P 3 280 420 260 420 0 3 0
L 210 415 10 0 3 0 0 0 DVCC1_10
A 280 420 10 0 9 0 PINTYPE=POWER
A 275 420 10 0 9 3 #=10
P 1 0 420 20 420 0 2 0
L 30 415 10 0 3 0 1 0 TEST
A 0 420 37 0 3 0 PINTYPE=IN
A 5 420 10 0 3 3 #=41
P 41 280 360 260 360 0 3 0
L 235 355 10 0 3 0 1 0 P4_0
A 280 360 10 0 9 0 PINTYPE=OUT
A 275 360 10 0 9 3 #=27
P 40 280 350 260 350 0 3 0
L 235 345 10 0 3 0 1 0 P4_1
A 280 350 10 0 9 0 PINTYPE=OUT
A 275 350 10 0 9 3 #=28
P 38 280 330 260 330 0 3 0
L 235 325 10 0 3 0 1 0 P4_3
A 280 330 10 0 9 0 PINTYPE=OUT
A 275 330 10 0 9 3 #=30
P 37 280 320 260 320 0 3 0
L 235 315 10 0 3 0 1 0 P4_4
A 280 320 10 0 9 0 PINTYPE=OUT
A 275 320 10 0 9 3 #=33
P 35 280 300 260 300 0 3 0
L 235 295 10 0 3 0 1 0 P4_6
A 280 300 10 0 9 0 PINTYPE=OUT
A 275 300 10 0 9 3 #=35
P 9 280 40 260 40 0 3 0
L 210 35 10 0 3 0 1 0 QFN_EPAD
A 280 40 10 0 9 0 PINTYPE=POWER
A 275 40 10 0 9 3 #=49
P 8 280 80 260 80 0 3 0
L 215 75 10 0 3 0 0 0 AVSS1_9
A 280 80 10 0 9 0 PINTYPE=POWER
A 270 80 10 0 9 3 #=9
P 6 280 70 260 70 0 3 0
L 210 65 10 0 3 0 0 0 DVSS1_11
A 280 70 10 0 9 0 PINTYPE=POWER
A 275 70 10 0 9 3 #=11
P 5 280 400 260 400 0 3 0
L 215 395 10 0 3 0 0 0 AVCC1_6
A 280 400 10 0 9 0 PINTYPE=POWER
A 270 400 10 0 9 3 #=6
P 7 280 60 260 60 0 3 0
L 210 55 10 0 3 0 0 0 DVSS2_31
A 280 60 10 0 9 0 PINTYPE=POWER
A 275 60 10 0 9 3 #=31
P 59 0 150 20 150 0 2 0
L 30 145 10 0 3 0 1 0 P6_1
A 0 150 37 0 3 0 PINTYPE=IN
A 5 150 10 0 3 3 #=47
P 58 0 140 20 140 0 2 0
L 30 135 10 0 3 0 1 0 P6_2
A 0 140 37 0 3 0 PINTYPE=IN
A 5 140 10 0 3 3 #=48
P 55 0 110 20 110 0 2 0
L 30 105 10 0 3 0 1 0 P6_5
A 0 110 37 0 3 0 PINTYPE=IN
A 10 110 10 0 3 3 #=3
P 56 0 120 20 120 0 2 0
L 30 115 10 0 3 0 1 0 P6_4
A 0 120 37 0 3 0 PINTYPE=IN
A 10 120 10 0 3 3 #=2
P 10 0 410 20 410 0 2 0
L 30 405 10 0 3 0 1 0 RST_NMI
A 0 410 37 0 3 0 PINTYPE=IN
A 5 410 10 0 3 3 #=46
P 61 0 60 20 60 0 2 0
L 30 55 10 0 3 0 1 0 PJ_2
A 0 60 37 0 3 0 PINTYPE=IN
A 5 60 10 0 3 3 #=44
P 64 0 230 20 230 0 2 0
L 30 225 10 0 3 0 1 0 P3_0
A 0 230 37 0 3 0 PINTYPE=BI
A 5 230 10 0 3 3 #=22
P 65 0 220 20 220 0 2 0
L 30 215 10 0 3 0 1 0 P3_1
A 0 220 37 0 3 0 PINTYPE=OUT
A 5 220 10 0 3 3 #=23
P 66 0 210 20 210 0 2 0
L 30 205 10 0 3 0 1 0 P3_2
A 0 210 37 0 3 0 PINTYPE=BI
A 5 210 10 0 3 3 #=24
P 67 0 200 20 200 0 2 0
L 30 195 10 0 3 0 1 0 P3_3
A 0 200 37 0 3 0 PINTYPE=OUT
A 5 200 10 0 3 3 #=25
P 68 0 190 20 190 0 2 0
L 30 185 10 0 3 0 1 0 P3_4
A 0 190 37 0 3 0 PINTYPE=IN
A 5 190 10 0 3 3 #=26
P 26 0 260 20 260 0 2 0
L 30 255 10 0 3 0 1 0 P2_7
A 0 260 37 0 3 0 PINTYPE=BI
A 5 260 10 0 3 3 #=21
P 34 280 290 260 290 0 3 0
L 235 285 10 0 3 0 1 0 P4_7
A 280 290 10 0 9 0 PINTYPE=OUT
A 275 290 10 0 9 3 #=36
P 72 280 200 260 200 0 3 0
L 235 195 10 0 3 0 1 0 P5_3
A 280 200 10 0 9 0 PINTYPE=OUT
A 275 200 10 0 9 3 #=40
P 69 280 230 260 230 0 3 0
L 235 225 10 0 3 0 1 0 P5_0
A 280 230 10 0 9 0 PINTYPE=OUT
A 270 230 10 0 9 3 #=4
P 57 0 130 20 130 0 2 0
L 30 125 10 0 3 0 1 0 P6_3
A 0 130 37 0 3 0 PINTYPE=IN
A 10 130 10 0 3 3 #=1
P 73 280 150 260 150 0 3 0
L 235 145 10 0 3 0 1 0 P5_4
A 280 150 10 0 9 0 PINTYPE=OUT
A 270 150 10 0 9 3 #=7
P 75 280 190 260 190 0 3 0
L 235 185 10 0 3 0 1 0 P5_7
A 280 190 10 0 9 0 PINTYPE=OUT
A 275 190 10 0 9 3 #=37
T 60 65 10 0 3 TCK
T 60 55 10 0 3 TMS
T 60 45 10 0 3 TDI
T 60 35 10 0 3 TDO
T 205 355 10 0 3 GPIO
T 205 325 10 0 3 GPIO
T 205 295 10 0 3 GPIO
T 205 285 10 0 3 GPIO
T 230 45 10 0 3 DVSS
Q 15 0 0
T 230 55 10 0 3 DVSS
Q 15 0 0
T 230 415 10 0 3 DVCC
Q 15 0 0
T 230 405 10 0 3 DVCC
Q 15 0 0
T 230 395 10 0 3 AVCC
Q 15 0 0
T 230 65 10 0 3 DVSS
Q 15 0 0
T 230 75 10 0 3 AVSS
Q 15 0 0
T 60 255 10 0 3 GPIO
T 60 225 10 0 3 UCB0_SDA
T 60 215 10 0 3 UCB0_SCL
T 60 205 10 0 3 GPIO
T 60 195 10 0 3 UCA0_TXD
T 60 185 10 0 3 UCA0_RXD
T 190 225 10 0 3 GPIO_A8
T 190 215 10 0 3 GPIO_A9
T 155 345 10 0 3 GPIO_UCB1_SDA
T 155 335 10 0 3 GPIO_UCB1_SCL
T 155 315 10 0 3 GPIO_UCA1_TXD
T 155 305 10 0 3 GPIO_UCA1_RXD
T 60 145 10 0 3 GPIO_A1
T 60 135 10 0 3 GPIO_A2
T 60 125 10 0 3 GPIO_A3
T 60 115 10 0 3 GPIO_A4
T 60 105 10 0 3 GPIO_A5
T 60 355 10 0 3 GPIO_TA0_CLKIN
T 60 345 10 0 3 GPIO_TA0_OUT0
T 60 335 10 0 3 GPIO_TA0_OUT1
T 60 325 10 0 3 GPIO_TA0_OUT2
T 60 315 10 0 3 GPIO_TA0_OUT3
T 60 305 10 0 3 GPIO_TA0_OUT4
T 60 295 10 0 3 GPIO_TA1_CLKIN
T 60 285 10 0 3 GPIO_TA1_OUT0
T 160 185 10 0 3 GPIO_TB0_OUT1
T 170 195 10 0 3 GPIO_XT2OUT
T 175 205 10 0 3 GPIO_XT2IN
P 74 280 140 260 140 0 3 0
L 235 135 10 0 3 0 1 0 P5_5
A 280 140 10 0 9 0 PINTYPE=OUT
A 270 140 10 0 9 3 #=8
b 20 20 260 440
T 210 145 10 0 3 XIN
T 205 135 10 0 3 XOUT
E
