V 53
K 1438807530 mt25qu512abb8esf_0sit.1
F Case
|R 14:45:30_8-5-15
D -30 90 110 0
Y 1
Z 10
i 24
U 0 0 9 0 3 0 PARTS=1
U -8 -10 16 0 3 3 REFDES=U?
U -10 90 9 0 3 3 DEVICE=MT25QU512ABB8ESF
U 50 -5 9 0 3 3 PKG_TYPE=SO16_50P300X413
U -8 -10 10 0 1 0 MANF=MICRON
U -8 -10 10 0 1 0 MANF_P/N=MT25QU512ABB8ESF-0SIT
U -8 -10 10 0 1 0 VALUE=MT25QU512ABB8ESF
U -30 0 10 0 1 0 FORWARD_PCB=1
b -10 5 90 90
P 1 -30 70 -10 70 0 2 0
L -10 65 10 0 3 0 1 0 VCC
A -10 70 10 0 9 3 #=2
A -10 40 9 0 3 0 PINTYPE=IN
P 2 110 20 90 20 0 3 0
L 90 15 10 0 9 0 1 0 VSS
A 90 20 10 0 3 3 #=10
A 90 30 9 2 3 0 PINTYPE=IN
P 9 110 80 90 80 0 3 0
L 90 75 10 0 9 0 1 0 C
A 90 80 10 0 3 3 #=16
A 110 80 10 2 3 0 PINTYPE=IN
P 10 110 70 90 70 0 3 0
L 90 65 10 0 9 0 1 0 DQ0
A 110 70 10 2 3 0 PINTYPE=IN
A 90 70 10 0 3 3 #=15
P 11 -30 20 -10 20 0 2 0
L -10 15 10 0 3 0 1 0 S_B
A -30 20 10 0 3 0 PINTYPE=IN
A -10 20 10 0 9 3 #=7
P 12 110 10 90 10 0 3 0
L 90 5 10 0 9 0 1 0 DQ2_WP_B
A 110 10 10 2 3 0 PINTYPE=IN
A 90 10 10 0 3 3 #=9
P 14 -30 80 -10 80 0 2 0
L -10 75 10 0 3 0 1 0 DQ3_RST_HOLD_B
A -30 80 10 0 3 0 PINTYPE=IN
A -10 80 10 0 9 3 #=1
P 15 -30 10 -10 10 0 2 0
L -10 5 10 0 3 0 1 0 DQ1
A -30 10 10 2 9 0 PINTYPE=OUT
A -10 10 10 0 9 3 #=8
P 16 -30 60 -10 60 0 2 0
L -10 55 10 0 3 0 1 0 DNU0
A -30 60 10 2 9 0 PINTYPE=IN
A -10 60 10 0 9 3 #=3
P 17 -30 50 -10 50 0 2 0
L -10 45 10 0 3 0 1 0 DNU1
A -30 50 10 2 9 0 PINTYPE=IN
A -10 50 10 0 9 3 #=4
P 18 -30 40 -10 40 0 2 0
L -10 35 10 0 3 0 1 0 DNU2
A -30 40 10 2 9 0 PINTYPE=IN
A -10 40 10 0 9 3 #=5
P 19 -30 30 -10 30 0 2 0
L -10 25 10 0 3 0 1 0 DNU3
A -30 30 10 2 9 0 PINTYPE=IN
A -10 30 10 0 9 3 #=6
P 20 110 60 90 60 0 3 0
L 90 55 10 0 9 0 1 0 DNU7
A 110 60 10 0 9 0 PINTYPE=IN
A 90 60 10 0 3 3 #=14
P 21 110 50 90 50 0 3 0
L 90 45 10 0 9 0 1 0 DNU6
A 110 50 10 0 9 0 PINTYPE=IN
A 90 50 10 0 3 3 #=13
P 22 110 30 90 30 0 3 0
L 90 25 10 0 9 0 1 0 DNU4
A 110 30 10 0 9 0 PINTYPE=IN
A 90 30 10 0 3 3 #=11
P 23 110 40 90 40 0 3 0
L 90 35 10 0 9 0 1 0 DNU5
A 110 40 10 0 9 0 PINTYPE=IN
A 90 40 10 0 3 3 #=12
E 
