V 53
K 1398150248 MT25QU512ABA8E12-0SIT.1
F Case
|R 0:04:8_4-22-14
D -30 204 110 -5
Y 1
Z 10
i 34
U 0 0 9 0 3 0 PARTS=1
U -5 -5 16 0 3 3 REFDES=U?
U 50 0 9 0 3 3 PKG_TYPE=PKG_TYPE
U -10 190 9 0 3 3 DEVICE=DEVICE
U -30 -5 10 0 1 0 FORWARD_PCB=1
b -10 10 90 190
P 1 -30 165 -10 165 0 2 0
L -5 160 10 0 3 0 1 0 VCC
A -15 165 10 0 9 3 #=B4
A -10 135 9 0 3 0 PINTYPE=IN
P 2 110 115 90 115 0 3 0
L 85 110 10 0 9 0 1 0 VSS
A 95 115 10 0 3 3 #=B3
A 90 125 9 2 3 0 PINTYPE=GROUND
P 9 110 175 90 175 0 3 0
L 85 170 10 0 9 0 1 0 C
A 95 175 10 0 3 3 #=B2
A 110 175 10 2 3 0 PINTYPE=IN
P 10 110 165 90 165 0 3 0
L 85 160 10 0 9 0 1 0 DQ0
A 110 165 10 2 3 0 PINTYPE=BI
A 95 165 10 0 3 3 #=D3
P 11 -30 115 -10 115 0 2 0
L -5 110 10 0 3 0 1 0 S_B
A -30 115 10 0 3 0 PINTYPE=IN
A -15 115 10 0 9 3 #=C2
P 12 110 105 90 105 0 3 0
L 85 100 10 0 9 0 1 0 DQ2_W_B
A 110 105 10 2 3 0 PINTYPE=BI
A 95 105 10 0 3 3 #=C4
P 14 -30 175 -10 175 0 2 0
L -5 170 10 0 3 0 1 0 DQ3_HOLD_B
A -30 175 10 0 3 0 PINTYPE=BI
A -15 175 10 0 9 3 #=D4
P 15 -30 105 -10 105 0 2 0
L -5 100 10 0 3 0 1 0 DQ1
A -30 105 10 2 9 0 PINTYPE=BI
A -15 105 10 0 9 3 #=D2
P 16 -30 155 -10 155 0 2 0
L -5 150 10 0 3 0 1 0 RST_B_NC0
A -30 155 10 2 9 0 PINTYPE=IN
A -15 155 10 0 9 3 #=A4
P 17 -30 145 -10 145 0 2 0
L -5 140 10 0 3 0 1 0 NC1
A -30 145 10 2 9 0 PINTYPE=IN
A -15 145 10 0 9 3 #=A2
P 18 -30 135 -10 135 0 2 0
L -5 130 10 0 3 0 1 0 NC2
A -30 135 10 2 9 0 PINTYPE=IN
A -15 135 10 0 9 3 #=A3
P 19 -30 125 -10 125 0 2 0
L -5 120 10 0 3 0 1 0 NC3
A -30 125 10 2 9 0 PINTYPE=IN
A -15 125 10 0 9 3 #=A5
P 20 110 155 90 155 0 3 0
L 85 150 10 0 9 0 1 0 NC7
A 110 155 10 0 9 0 PINTYPE=IN
A 95 155 10 0 3 3 #=C3
P 21 110 145 90 145 0 3 0
L 85 140 10 0 9 0 1 0 NC6
A 110 145 10 0 9 0 PINTYPE=IN
A 95 145 10 0 3 3 #=C1
P 22 110 125 90 125 0 3 0
L 85 120 10 0 9 0 1 0 NC4
A 110 125 10 0 9 0 PINTYPE=IN
A 95 125 10 0 3 3 #=B1
P 23 110 135 90 135 0 3 0
L 85 130 10 0 9 0 1 0 NC5
A 110 135 10 0 9 0 PINTYPE=IN
A 95 135 10 0 3 3 #=B5
P 81 110 40 90 40 0 3 0
L 85 35 10 0 9 0 1 0 NC13
A 95 40 10 0 3 3 #=E3
A 90 50 9 2 3 0 PINTYPE=IN
P 85 110 90 90 90 0 3 0
L 85 85 10 0 9 0 1 0 NC8
A 110 90 10 2 3 0 PINTYPE=IN
A 95 90 10 0 3 3 #=C5
P 89 110 30 90 30 0 3 0
L 85 25 10 0 9 0 1 0 NC14
A 110 30 10 2 3 0 PINTYPE=IN
A 95 30 10 0 3 3 #=E4
P 93 110 80 90 80 0 3 0
L 85 75 10 0 9 0 1 0 NC9
A 110 80 10 0 9 0 PINTYPE=IN
A 95 80 10 0 3 3 #=D1
P 97 110 70 90 70 0 3 0
L 85 65 10 0 9 0 1 0 NC10
A 110 70 10 0 9 0 PINTYPE=IN
A 95 70 10 0 3 3 #=D5
P 101 110 50 90 50 0 3 0
L 85 45 10 0 9 0 1 0 NC12
A 110 50 10 0 9 0 PINTYPE=IN
A 95 50 10 0 3 3 #=E2
P 105 110 60 90 60 0 3 0
L 85 55 10 0 9 0 1 0 NC11
A 110 60 10 0 9 0 PINTYPE=IN
A 95 60 10 0 3 3 #=E1
P 110 110 20 90 20 0 3 0
L 85 15 10 0 9 0 1 0 NC15
A 110 20 10 2 3 0 PINTYPE=IN
A 95 20 10 0 3 3 #=E5
E 
