V 53
K 1401485522 MT28GU01GAAA1EGC-0SIT.1
F Case
|R 14:32:2_5-30-14
D 0 380 120 0
Y 1
Z 10
i 83
U 0 -25 5 0 3 0 LEVEL=STD
U 0 -20 5 0 3 0 PARTS=1
U 15 -15 16 0 3 3 REFDES=U?
U 50 -10 10 0 3 3 PKG_TYPE=TSOP50P20X14-56
U 15 315 10 0 9 0 VALUE=XX
U 15 370 10 0 3 3 DEVICE=PC28F00AP30TF
U 0 0 10 0 1 0 FORWARD_PCB=1
b 15 0 105 370
P 1 0 360 15 360 0 2 0
L 15 360 10 0 2 0 1 0 DQ0
A 15 362 5 0 2 0 PINTYPE=BI
A 15 360 10 0 9 3 #=F2
P 2 0 350 15 350 0 2 0
L 15 350 10 0 2 0 1 0 DQ1
A 15 352 5 0 2 0 PINTYPE=BI
A 15 350 10 0 9 3 #=E2
P 3 0 340 15 340 0 2 0
L 15 340 10 0 2 0 1 0 DQ2
A 15 342 5 0 2 0 PINTYPE=BI
A 15 340 10 0 9 3 #=G3
P 4 0 330 15 330 0 2 0
L 15 330 10 0 2 0 1 0 DQ3
A 15 332 5 0 2 0 PINTYPE=BI
A 15 330 10 0 9 3 #=E4
P 5 0 320 15 320 0 2 0
L 15 320 10 0 2 0 1 0 DQ4
A 15 322 5 0 2 0 PINTYPE=BI
A 15 320 10 0 9 3 #=E5
P 6 0 310 15 310 0 2 0
L 15 310 10 0 2 0 1 0 DQ5
A 15 312 5 0 2 0 PINTYPE=BI
A 15 310 10 0 9 3 #=G5
P 7 0 300 15 300 0 2 0
L 15 300 10 0 2 0 1 0 DQ6
A 15 302 5 0 2 0 PINTYPE=BI
A 15 300 10 0 9 3 #=G6
P 8 0 290 15 290 0 2 0
L 15 290 10 0 2 0 1 0 DQ7
A 15 290 10 0 9 3 #=H7
A 15 292 5 0 2 0 PINTYPE=BI
P 9 0 280 15 280 0 2 0
L 15 280 10 0 2 0 1 0 DQ8
A 15 282 5 0 2 0 PINTYPE=BI
A 15 280 10 0 9 3 #=E1
P 10 0 270 15 270 0 2 0
L 15 270 10 0 2 0 1 0 DQ9
A 15 272 5 0 2 0 PINTYPE=BI
A 15 270 10 0 9 3 #=E3
P 11 0 260 15 260 0 2 0
L 15 260 10 0 2 0 1 0 DQ10
A 15 262 5 0 2 0 PINTYPE=BI
A 15 260 10 0 9 3 #=F3
P 12 0 250 15 250 0 2 0
L 15 250 10 0 2 0 1 0 DQ11
A 15 252 5 0 2 0 PINTYPE=BI
A 15 250 10 0 9 3 #=F4
P 13 0 240 15 240 0 2 0
L 15 240 10 0 2 0 1 0 DQ12
A 15 242 5 0 2 0 PINTYPE=BI
A 15 240 10 0 9 3 #=F5
P 14 0 230 15 230 0 2 0
L 15 230 10 0 2 0 1 0 DQ13
A 15 232 5 0 2 0 PINTYPE=BI
A 15 230 10 0 9 3 #=H5
P 15 0 220 15 220 0 2 0
L 15 220 10 0 2 0 1 0 DQ14
A 15 222 10 0 2 0 PINTYPE=BI
A 15 220 10 0 9 3 #=G7
P 16 0 210 15 210 0 2 0
L 15 210 10 0 2 0 1 0 DQ15
A 15 212 10 0 2 0 PINTYPE=BI
A 15 210 10 0 9 3 #=E7
P 17 0 180 15 180 0 2 0
L 15 180 10 0 2 0 1 0 WE_B
A 15 182 10 0 2 0 PINTYPE=IN
A 15 180 10 0 9 3 #=G8
P 18 0 170 15 170 0 2 0
L 15 170 10 0 2 0 1 0 WP_B
A 15 172 10 0 2 0 PINTYPE=IN
A 15 170 10 0 9 3 #=C6
P 19 0 160 15 160 0 2 0
L 15 160 10 0 2 0 1 0 ADV_B
A 15 162 10 0 2 0 PINTYPE=IN
A 15 160 10 0 9 3 #=F6
P 20 0 150 15 150 0 2 0
L 15 150 10 0 2 0 1 0 RST_B
A 15 152 10 0 2 0 PINTYPE=IN
A 15 150 10 0 9 3 #=D4
P 21 0 80 15 80 0 2 0
L 15 80 10 0 2 0 1 0 RFU1
A 15 82 10 0 2 0 PINTYPE=IN
A 15 80 10 0 9 3 #=E8
P 22 0 120 15 120 0 2 0
L 15 120 10 0 2 0 1 0 WAIT
A 15 122 10 0 2 0 PINTYPE=IN
A 15 120 10 0 9 3 #=F7
P 23 0 140 15 140 0 2 0
L 15 140 10 0 2 0 1 0 OE_B
A 15 142 10 0 2 0 PINTYPE=IN
A 15 140 10 0 9 3 #=F8
P 24 0 130 15 130 0 2 0
L 15 130 10 0 2 0 1 0 CE_B
A 15 132 10 0 2 0 PINTYPE=IN
A 15 130 10 0 9 3 #=B4
P 25 0 110 15 110 0 2 0
L 15 110 10 0 2 0 1 0 CLK
A 15 112 10 0 2 0 PINTYPE=IN
A 15 110 10 0 9 3 #=E6
P 26 0 30 15 30 0 2 0
L 15 30 10 0 2 0 1 0 VSS1
A 15 32 10 0 2 0 PINTYPE=POWER
A 15 30 10 0 9 3 #=H2
P 27 0 20 15 20 0 2 0
L 15 20 10 0 2 0 1 0 VSS2
A 15 22 10 0 2 0 PINTYPE=POWER
A 15 20 10 0 9 3 #=H4
P 28 0 10 15 10 0 2 0
L 15 10 10 0 2 0 1 0 VSS3
A 15 12 10 0 2 0 PINTYPE=POWER
A 15 10 10 0 9 3 #=H6
P 35 120 360 105 360 0 3 0
L 105 360 10 0 8 0 1 0 A0
A 105 362 10 0 2 0 PINTYPE=IN
A 105 360 10 0 3 3 #=A1
P 36 120 350 105 350 0 3 0
L 105 350 10 0 8 0 1 0 A1
A 105 352 10 0 2 0 PINTYPE=IN
A 105 350 10 0 3 3 #=B1
P 37 120 340 105 340 0 3 0
L 105 340 10 0 8 0 1 0 A2
A 105 342 10 0 2 0 PINTYPE=IN
A 105 340 10 0 3 3 #=C1
P 38 120 330 105 330 0 3 0
L 105 330 10 0 8 0 1 0 A3
A 105 332 10 0 2 0 PINTYPE=IN
A 105 330 10 0 3 3 #=D1
P 39 120 320 105 320 0 3 0
L 105 320 10 0 8 0 1 0 A4
A 105 322 10 0 2 0 PINTYPE=IN
A 105 320 10 0 3 3 #=D2
P 40 120 310 105 310 0 3 0
L 105 310 10 0 8 0 1 0 A5
A 105 312 10 0 2 0 PINTYPE=IN
A 105 310 10 0 3 3 #=A2
P 41 120 300 105 300 0 3 0
L 105 300 10 0 8 0 1 0 A6
A 105 302 10 0 2 0 PINTYPE=IN
A 105 300 10 0 3 3 #=C2
P 42 120 290 105 290 0 3 0
L 105 290 10 0 8 0 1 0 A7
A 105 292 10 0 2 0 PINTYPE=IN
A 105 290 10 0 3 3 #=A3
P 43 120 280 105 280 0 3 0
L 105 280 10 0 8 0 1 0 A8
A 105 282 10 0 2 0 PINTYPE=IN
A 105 280 10 0 3 3 #=B3
P 44 120 270 105 270 0 3 0
L 105 270 10 0 8 0 1 0 A9
A 105 272 10 0 2 0 PINTYPE=IN
A 105 270 10 0 3 3 #=C3
P 45 120 260 105 260 0 3 0
L 105 260 10 0 8 0 1 0 A10
A 105 262 10 0 2 0 PINTYPE=IN
A 105 260 10 0 3 3 #=D3
P 46 120 250 105 250 0 3 0
L 105 250 10 0 8 0 1 0 A11
A 105 252 10 0 2 0 PINTYPE=IN
A 105 250 10 0 3 3 #=C4
P 47 120 240 105 240 0 3 0
L 105 240 10 0 8 0 1 0 A12
A 105 242 10 0 2 0 PINTYPE=IN
A 105 240 10 0 3 3 #=A5
P 48 120 230 105 230 0 3 0
L 105 230 10 0 8 0 1 0 A13
A 105 232 10 0 2 0 PINTYPE=IN
A 105 230 10 0 3 3 #=B5
P 49 120 220 105 220 0 3 0
L 105 220 10 0 8 0 1 0 A14
A 105 222 10 0 2 0 PINTYPE=IN
A 105 220 10 0 3 3 #=C5
P 50 120 210 105 210 0 3 0
L 105 210 10 0 8 0 1 0 A15
A 105 212 10 0 2 0 PINTYPE=IN
A 105 210 10 0 3 3 #=D7
P 51 120 200 105 200 0 3 0
L 105 200 10 0 8 0 1 0 A16
A 105 202 10 0 2 0 PINTYPE=IN
A 105 200 10 0 3 3 #=D8
P 52 120 190 105 190 0 3 0
L 105 190 10 0 8 0 1 0 A17
A 105 192 10 0 2 0 PINTYPE=IN
A 105 190 10 0 3 3 #=A7
P 53 120 180 105 180 0 3 0
L 105 180 10 0 8 0 1 0 A18
A 105 182 10 0 2 0 PINTYPE=IN
A 105 180 10 0 3 3 #=B7
P 54 120 170 105 170 0 3 0
L 105 170 10 0 8 0 1 0 A19
A 105 172 10 0 2 0 PINTYPE=IN
A 105 170 10 0 3 3 #=C7
P 55 120 160 105 160 0 3 0
L 105 160 10 0 8 0 1 0 A20
A 105 162 10 0 2 0 PINTYPE=IN
A 105 160 10 0 3 3 #=C8
P 56 120 150 105 150 0 3 0
L 105 150 10 0 8 0 1 0 A21
A 105 152 10 0 2 0 PINTYPE=IN
A 105 150 10 0 3 3 #=A8
P 57 120 140 105 140 0 3 0
L 105 140 10 0 8 0 1 0 A22
A 105 142 10 0 2 0 PINTYPE=IN
A 105 140 10 0 3 3 #=G1
P 58 120 130 105 130 0 3 0
L 105 130 10 0 8 0 1 0 A23
A 105 132 10 0 2 0 PINTYPE=IN
A 105 130 10 0 3 3 #=H8
P 63 120 80 105 80 0 3 0
L 105 75 10 0 9 0 1 0 VCCQ1
A 110 80 10 0 9 0 PINTYPE=POWER
A 115 80 10 0 9 3 #=D5
P 69 120 20 105 20 0 3 0
L 105 15 10 0 9 0 1 0 VCC1
A 110 20 10 0 9 0 PINTYPE=POWER
A 115 20 10 0 9 3 #=A6
P 72 120 40 105 40 0 3 0
L 105 35 10 0 9 0 1 0 VPP
A 120 40 10 0 9 0 PINTYPE=POWER
A 115 40 10 0 9 3 #=A4
P 73 120 120 105 120 0 3 0
L 105 120 10 0 8 0 1 0 A24
A 105 120 10 0 3 3 #=B6
A 105 122 10 0 2 0 PINTYPE=IN
P 74 120 10 105 10 0 3 0
L 105 5 10 0 9 0 1 0 VCC2
A 115 10 10 0 9 3 #=H3
A 110 10 10 0 9 0 PINTYPE=POWER
P 75 120 70 105 70 0 3 0
L 105 65 10 0 9 0 1 0 VCCQ2
A 115 70 10 0 9 3 #=D6
A 110 70 10 0 9 0 PINTYPE=POWER
P 76 120 60 105 60 0 3 0
L 105 55 10 0 9 0 1 0 VCCQ3
A 110 60 10 0 9 0 PINTYPE=POWER
A 115 60 10 0 9 3 #=G4
P 77 120 100 105 100 0 3 0
L 105 100 10 0 8 0 1 0 A26
A 105 102 10 0 2 0 PINTYPE=IN
A 105 100 10 0 3 3 #=H1
P 78 120 110 105 110 0 3 0
L 105 110 10 0 8 0 1 0 A25
A 105 110 10 0 3 3 #=B8
A 105 112 10 0 2 0 PINTYPE=IN
P 79 0 40 15 40 0 2 0
L 15 40 10 0 2 0 1 0 VSS0
A 15 40 10 0 9 3 #=B2
A 15 42 10 0 2 0 PINTYPE=POWER
P 80 0 70 15 70 0 2 0
L 15 70 10 0 2 0 1 0 RFU2
A 15 70 10 0 9 3 #=F1
A 15 72 10 0 2 0 PINTYPE=IN
P 81 0 60 15 60 0 2 0
L 15 60 10 0 2 0 1 0 RFU3
A 15 62 10 0 2 0 PINTYPE=IN
A 15 60 10 0 9 3 #=G2
E 
