V 53
K 1447780169 mt29f1g01aaaddh4.1
F Case
|R 10:09:29_11-17-15
D 0 400 140 0
Y 1
Z 10
i 1492
U 30 20 16 0 2 3 REFDES=U?
U 75 -475 10 0 9 0 VALUE=VALUE
U 25 395 10 0 2 3 DEVICE=DEVICE
U 70 10 10 0 2 3 PKG_TYPE=PKG_TYPE
U 0 0 10 0 1 0 FORWARD_PCB=1
b 25 15 115 390
P 1 0 370 25 370 0 2 0
L 30 370 10 0 2 0 1 0 SI
A 25 372 5 0 2 0 PINTYPE=BI
A 5 375 10 0 2 3 #=J7
P 2 0 360 25 360 0 2 0
L 30 360 10 0 2 0 1 0 WP_B
A 25 362 5 0 2 0 PINTYPE=BI
A 5 365 10 0 2 3 #=J8
P 3 0 350 25 350 0 2 0
L 30 350 10 0 2 0 1 0 HOLD_B
A 25 352 5 0 2 0 PINTYPE=BI
A 5 355 10 0 2 3 #=G5
P 4 0 340 25 340 0 2 0
L 30 340 10 0 2 0 1 0 SCK
A 25 342 5 0 2 0 PINTYPE=IN
A 5 345 10 0 2 3 #=K6
P 5 0 330 25 330 0 2 0
L 30 330 10 0 2 0 1 0 CS_B
A 25 332 5 0 2 0 PINTYPE=IN
A 5 335 10 0 2 3 #=K7
P 6 140 340 115 340 0 3 0
L 110 340 10 0 8 0 1 0 SO
A 115 342 5 0 8 0 PINTYPE=OUT
A 120 345 10 0 2 3 #=G7
P 46 140 230 115 230 0 3 0
L 110 230 10 0 8 0 1 0 DNU33
A 115 232 10 0 2 0 PINTYPE=IN
A 120 235 10 0 2 3 #=G8
P 47 140 220 115 220 0 3 0
L 110 220 10 0 8 0 1 0 DNU34
A 115 222 10 0 2 0 PINTYPE=IN
A 120 225 10 0 2 3 #=H3
P 48 140 210 115 210 0 3 0
L 110 210 10 0 8 0 1 0 DNU35
A 115 212 10 0 2 0 PINTYPE=IN
A 120 215 10 0 2 3 #=H4
P 49 140 200 115 200 0 3 0
L 110 200 10 0 8 0 1 0 DNU36
A 115 202 10 0 2 0 PINTYPE=IN
A 120 205 10 0 2 3 #=H5
P 50 140 190 115 190 0 3 0
L 110 190 10 0 8 0 1 0 DNU37
A 115 192 10 0 2 0 PINTYPE=IN
A 120 195 10 0 2 3 #=H6
P 125 140 310 115 310 0 3 0
L 110 305 10 0 9 0 1 0 VSS2
A 120 310 10 0 9 0 PINTYPE=POWER
A 120 315 10 0 2 3 #=K8
P 126 140 320 115 320 0 3 0
L 110 315 10 0 9 0 1 0 VSS1
A 120 320 10 0 9 0 PINTYPE=POWER
A 120 325 10 0 2 3 #=K3
P 142 140 360 115 360 0 3 0
L 110 360 10 0 8 0 1 0 VCC2
A 120 365 10 0 2 3 #=G6
A 115 362 10 0 2 0 PINTYPE=POWER
P 143 140 370 115 370 0 3 0
L 110 370 10 0 8 0 1 0 VCC1
A 120 375 10 0 2 3 #=D3
A 115 372 10 0 2 0 PINTYPE=POWER
P 145 0 260 25 260 0 2 0
L 30 260 10 0 2 0 1 0 DNU4
A 25 262 10 0 8 0 PINTYPE=IN
A 6 265 10 0 2 3 #=A10
P 146 0 250 25 250 0 2 0
L 30 250 10 0 2 0 1 0 DNU5
A 25 252 10 0 8 0 PINTYPE=IN
A 5 255 10 0 2 3 #=B1
P 147 0 210 25 210 0 2 0
L 30 210 10 0 2 0 1 0 DNU9
A 25 212 10 0 8 0 PINTYPE=IN
A 5 215 10 0 2 3 #=C4
P 148 0 200 25 200 0 2 0
L 30 200 10 0 2 0 1 0 DNU10
A 25 202 10 0 8 0 PINTYPE=IN
A 5 205 10 0 2 3 #=C5
P 149 0 170 25 170 0 2 0
L 30 170 10 0 2 0 1 0 DNU13
A 25 172 10 0 8 0 PINTYPE=IN
A 5 175 10 0 2 3 #=C8
P 150 0 160 25 160 0 2 0
L 30 160 10 0 2 0 1 0 DNU14
A 25 162 10 0 8 0 PINTYPE=IN
A 5 166 10 0 2 3 #=D4
P 151 0 180 25 180 0 2 0
L 30 180 10 0 2 0 1 0 DNU12
A 25 182 10 0 8 0 PINTYPE=IN
A 5 185 10 0 2 3 #=C7
P 152 0 240 25 240 0 2 0
L 30 240 10 0 2 0 1 0 DNU6
A 25 242 10 0 8 0 PINTYPE=IN
A 5 245 10 0 2 3 #=B9
P 153 0 230 25 230 0 2 0
L 30 230 10 0 2 0 1 0 DNU7
A 25 232 10 0 8 0 PINTYPE=IN
A 5 235 10 0 2 3 #=B10
P 154 0 90 25 90 0 2 0
L 30 90 10 0 2 0 1 0 DNU21
A 25 92 10 0 8 0 PINTYPE=IN
A 5 96 10 0 2 3 #=E5
P 155 0 100 25 100 0 2 0
L 30 100 10 0 2 0 1 0 DNU20
A 25 102 10 0 8 0 PINTYPE=IN
A 5 106 10 0 2 3 #=E4
P 156 0 110 25 110 0 2 0
L 30 110 10 0 2 0 1 0 DNU19
A 25 112 10 0 8 0 PINTYPE=IN
A 5 116 10 0 2 3 #=E3
P 157 0 120 25 120 0 2 0
L 30 120 10 0 2 0 1 0 DNU18
A 25 122 10 0 8 0 PINTYPE=IN
A 5 126 10 0 2 3 #=D8
P 158 0 130 25 130 0 2 0
L 30 130 10 0 2 0 1 0 DNU17
A 25 132 10 0 8 0 PINTYPE=IN
A 5 136 10 0 2 3 #=D7
P 159 0 290 25 290 0 2 0
L 30 290 10 0 2 0 1 0 DNU1
A 25 292 10 0 8 0 PINTYPE=IN
A 6 295 10 0 2 3 #=A1
P 160 0 140 25 140 0 2 0
L 30 140 10 0 2 0 1 0 DNU16
A 25 142 10 0 8 0 PINTYPE=IN
A 5 146 10 0 2 3 #=D6
P 161 0 150 25 150 0 2 0
L 30 150 10 0 2 0 1 0 DNU15
A 25 152 10 0 8 0 PINTYPE=IN
A 5 156 10 0 2 3 #=D5
P 162 0 80 25 80 0 2 0
L 30 80 10 0 2 0 1 0 DNU22
A 25 82 10 0 8 0 PINTYPE=IN
A 5 86 10 0 2 3 #=E6
P 163 0 70 25 70 0 2 0
L 30 70 10 0 2 0 1 0 DNU23
A 25 72 10 0 8 0 PINTYPE=IN
A 5 76 10 0 2 3 #=E7
P 164 0 60 25 60 0 2 0
L 30 60 10 0 2 0 1 0 DNU24
A 25 62 10 0 8 0 PINTYPE=IN
A 5 66 10 0 2 3 #=E8
P 165 0 50 25 50 0 2 0
L 30 50 10 0 2 0 1 0 DNU25
A 25 52 10 0 8 0 PINTYPE=IN
A 5 56 10 0 2 3 #=F3
P 166 0 40 25 40 0 2 0
L 30 40 10 0 2 0 1 0 DNU26
A 25 42 10 0 8 0 PINTYPE=IN
A 5 46 10 0 2 3 #=F4
P 167 140 290 115 290 0 3 0
L 110 290 10 0 8 0 1 0 DNU27
A 115 292 10 0 2 0 PINTYPE=IN
A 120 295 10 0 2 3 #=F5
P 168 140 280 115 280 0 3 0
L 110 280 10 0 8 0 1 0 DNU28
A 115 282 10 0 2 0 PINTYPE=IN
A 120 285 10 0 2 3 #=F6
P 169 140 270 115 270 0 3 0
L 110 270 10 0 8 0 1 0 DNU29
A 115 272 10 0 2 0 PINTYPE=IN
A 120 275 10 0 2 3 #=F7
P 170 140 260 115 260 0 3 0
L 110 260 10 0 8 0 1 0 DNU30
A 115 262 10 0 2 0 PINTYPE=IN
A 120 265 10 0 2 3 #=F8
P 171 140 250 115 250 0 3 0
L 110 250 10 0 8 0 1 0 DNU31
A 115 252 10 0 2 0 PINTYPE=IN
A 120 255 10 0 2 3 #=G3
P 172 140 240 115 240 0 3 0
L 110 240 10 0 8 0 1 0 DNU32
A 115 242 10 0 2 0 PINTYPE=IN
A 120 245 10 0 2 3 #=G4
P 173 0 220 25 220 0 2 0
L 30 220 10 0 2 0 1 0 DNU8
A 25 222 10 0 8 0 PINTYPE=IN
A 5 225 10 0 2 3 #=C3
P 175 0 270 25 270 0 2 0
L 30 270 10 0 2 0 1 0 DNU3
A 25 272 10 0 8 0 PINTYPE=IN
A 6 275 10 0 2 3 #=A9
P 177 0 190 25 190 0 2 0
L 30 190 10 0 2 0 1 0 DNU11
A 25 192 10 0 8 0 PINTYPE=IN
A 5 195 10 0 2 3 #=C6
P 1228 0 280 25 280 0 2 0
L 30 280 10 0 2 0 1 0 DNU2
A 25 282 10 0 8 0 PINTYPE=IN
A 6 285 10 0 2 3 #=A2
P 1426 140 180 115 180 0 3 0
L 110 180 10 0 8 0 1 0 DNU38
A 115 182 10 0 2 0 PINTYPE=IN
A 120 185 10 0 2 3 #=H7
P 1430 140 170 115 170 0 3 0
L 110 170 10 0 8 0 1 0 DNU39
A 115 172 10 0 2 0 PINTYPE=IN
A 120 175 10 0 2 3 #=H8
P 1452 140 130 115 130 0 3 0
L 110 130 10 0 8 0 1 0 DNU43
A 115 132 10 0 2 0 PINTYPE=IN
A 120 135 10 0 2 3 #=J6
P 1454 140 120 115 120 0 3 0
L 110 120 10 0 8 0 1 0 DNU44
A 115 122 10 0 2 0 PINTYPE=IN
A 121 125 10 0 2 3 #=K4
P 1456 140 110 115 110 0 3 0
L 110 110 10 0 8 0 1 0 DNU45
A 115 112 10 0 2 0 PINTYPE=IN
A 121 115 10 0 2 3 #=K5
P 1458 140 100 115 100 0 3 0
L 110 100 10 0 8 0 1 0 DNU46
A 115 102 10 0 2 0 PINTYPE=IN
A 121 105 10 0 2 3 #=L1
P 1460 140 90 115 90 0 3 0
L 110 90 10 0 8 0 1 0 DNU47
A 115 92 10 0 2 0 PINTYPE=IN
A 121 95 10 0 2 3 #=L2
P 1462 140 160 115 160 0 3 0
L 110 160 10 0 8 0 1 0 DNU40
A 115 162 10 0 2 0 PINTYPE=IN
A 120 165 10 0 2 3 #=J3
P 1464 140 150 115 150 0 3 0
L 110 150 10 0 8 0 1 0 DNU41
A 115 152 10 0 2 0 PINTYPE=IN
A 120 155 10 0 2 3 #=J4
P 1466 140 140 115 140 0 3 0
L 110 140 10 0 8 0 1 0 DNU42
A 115 142 10 0 2 0 PINTYPE=IN
A 120 145 10 0 2 3 #=J5
P 1468 140 80 115 80 0 3 0
L 110 80 10 0 8 0 1 0 DNU48
A 115 82 10 0 2 0 PINTYPE=IN
A 121 85 10 0 2 3 #=L9
P 1470 140 70 115 70 0 3 0
L 110 70 10 0 8 0 1 0 DNU49
A 115 72 10 0 2 0 PINTYPE=IN
A 121 75 10 0 2 3 #=L10
P 1482 140 30 115 30 0 3 0
L 110 30 10 0 8 0 1 0 DNU53
A 115 32 10 0 2 0 PINTYPE=IN
A 121 35 10 0 2 3 #=M9
P 1485 140 60 115 60 0 3 0
L 110 60 10 0 8 0 1 0 DNU50
A 115 62 10 0 2 0 PINTYPE=IN
A 121 65 10 0 2 3 #=M1
P 1488 140 50 115 50 0 3 0
L 110 50 10 0 8 0 1 0 DNU51
A 115 52 10 0 2 0 PINTYPE=IN
A 121 55 10 0 2 3 #=M2
P 1491 140 40 115 40 0 3 0
L 110 40 10 0 8 0 1 0 DNU52
A 115 42 10 0 2 0 PINTYPE=IN
A 121 45 10 0 2 3 #=M8
E 
