V 53
K 1436921285 mt29f32g08abcdb.1
F Case
|R 17:48:5_7-14-15
D 0 860 140 95
Y 1
Z 10
i 215
U 25 100 16 0 3 3 REFDES=U?
U 75 -55 10 0 9 0 VALUE=VALUE
U 40 850 10 0 6 3 DEVICE=DEVICE
U 80 105 10 0 3 3 PKG_TYPE=PKG_TYPE
U 0 95 10 0 1 0 FORWARD_PCB=1
b 25 120 115 850
P 1 0 840 25 840 0 2 0
L 30 840 10 0 2 0 1 0 DQ0_0
A 25 842 5 0 2 0 PINTYPE=BI
A 20 840 10 0 9 3 #=M10
P 2 0 830 25 830 0 2 0
L 30 830 10 0 2 0 1 0 DQ1_0
A 25 832 5 0 2 0 PINTYPE=BI
A 20 830 10 0 9 3 #=M9
P 3 0 820 25 820 0 2 0
L 30 820 10 0 2 0 1 0 DQ2_0
A 25 822 5 0 2 0 PINTYPE=BI
A 20 820 10 0 9 3 #=N9
P 4 0 810 25 810 0 2 0
L 30 810 10 0 2 0 1 0 DQ3_0
A 25 812 5 0 2 0 PINTYPE=BI
A 20 810 10 0 9 3 #=P8
P 5 0 800 25 800 0 2 0
L 30 800 10 0 2 0 1 0 DQ4_0
A 25 802 5 0 2 0 PINTYPE=BI
A 20 800 10 0 9 3 #=P4
P 6 0 790 25 790 0 2 0
L 30 790 10 0 2 0 1 0 DQ5_0
A 25 792 5 0 2 0 PINTYPE=BI
A 20 790 10 0 9 3 #=N3
P 7 0 780 25 780 0 2 0
L 30 780 10 0 2 0 1 0 DQ6_0
A 25 782 5 0 2 0 PINTYPE=BI
A 20 780 10 0 9 3 #=M3
P 8 0 770 25 770 0 2 0
L 30 770 10 0 2 0 1 0 DQ7_0
A 20 770 10 0 9 3 #=M2
A 25 772 5 0 2 0 PINTYPE=BI
P 20 0 650 25 650 0 2 0
L 30 650 10 0 2 0 1 0 CE0_0_B
A 25 652 10 0 2 0 PINTYPE=IN
A 20 650 10 0 9 3 #=K4
P 23 0 690 25 690 0 2 0
L 30 690 10 0 2 0 1 0 CLE_0
A 25 692 10 0 2 0 PINTYPE=IN
A 20 690 10 0 9 3 #=L7
P 24 0 680 25 680 0 2 0
L 30 680 10 0 2 0 1 0 ALE_0
A 25 682 10 0 2 0 PINTYPE=IN
A 20 680 10 0 9 3 #=L8
P 35 140 770 115 770 0 3 0
L 110 770 10 0 8 0 1 0 VCCQ1
A 115 772 10 0 2 0 PINTYPE=POWER
A 120 770 10 0 3 3 #=D2
P 36 140 760 115 760 0 3 0
L 110 760 10 0 8 0 1 0 VCCQ2
A 115 762 10 0 2 0 PINTYPE=POWER
A 120 760 10 0 3 3 #=D3
P 37 140 750 115 750 0 3 0
L 110 750 10 0 8 0 1 0 VCCQ3
A 115 752 10 0 2 0 PINTYPE=POWER
A 120 750 10 0 3 3 #=D9
P 38 140 740 115 740 0 3 0
L 110 740 10 0 8 0 1 0 VCCQ4
A 115 742 10 0 2 0 PINTYPE=POWER
A 120 740 10 0 3 3 #=D10
P 44 0 630 25 630 0 2 0
L 63 625 10 0 9 0 1 0 WP_0_B
A 20 630 10 0 9 3 #=K8
A 25 632 10 0 8 0 PINTYPE=IN
P 46 0 260 25 260 0 2 0
L 30 260 10 0 2 0 1 0 NC33
A 25 262 10 0 8 0 PINTYPE=IN
A 20 260 10 0 9 3 #=E11
P 47 0 250 25 250 0 2 0
L 30 250 10 0 2 0 1 0 NC34
A 20 250 10 0 9 3 #=G7
A 25 252 10 0 8 0 PINTYPE=IN
P 48 0 240 25 240 0 2 0
L 30 240 10 0 2 0 1 0 NC35
A 25 242 10 0 8 0 PINTYPE=IN
A 20 240 10 0 9 3 #=G8
P 49 0 230 25 230 0 2 0
L 30 230 10 0 2 0 1 0 NC36
A 25 232 10 0 8 0 PINTYPE=IN
A 20 230 10 0 9 3 #=H5
P 50 0 220 25 220 0 2 0
L 30 220 10 0 2 0 1 0 NC37
A 25 222 10 0 8 0 PINTYPE=IN
A 20 220 10 0 9 3 #=H9
P 51 0 210 25 210 0 2 0
L 30 210 10 0 2 0 1 0 NC38
A 20 210 10 0 9 3 #=H10
A 25 212 10 0 8 0 PINTYPE=IN
P 52 0 200 25 200 0 2 0
L 30 200 10 0 2 0 1 0 NC39
A 25 202 10 0 8 0 PINTYPE=IN
A 20 200 10 0 9 3 #=K2
P 53 0 190 25 190 0 2 0
L 30 190 10 0 2 0 1 0 NC40
A 25 192 10 0 8 0 PINTYPE=IN
A 20 190 10 0 9 3 #=K3
P 54 0 160 25 160 0 2 0
L 30 160 10 0 2 0 1 0 NC43
A 20 160 10 0 9 3 #=L4
A 25 162 10 0 8 0 PINTYPE=IN
P 55 0 150 25 150 0 2 0
L 30 150 10 0 2 0 1 0 NC44
A 25 152 10 0 8 0 PINTYPE=IN
A 20 150 10 0 9 3 #=L5
P 56 0 140 25 140 0 2 0
L 30 140 10 0 2 0 1 0 NC45
A 25 142 10 0 8 0 PINTYPE=IN
A 20 140 10 0 9 3 #=N1
P 57 0 130 25 130 0 2 0
L 30 130 10 0 2 0 1 0 NC46
A 25 132 10 0 8 0 PINTYPE=IN
A 20 130 10 0 9 3 #=N11
P 58 140 430 115 430 0 3 0
L 110 430 10 0 8 0 1 0 NC47
A 115 432 10 0 2 0 PINTYPE=IN
A 120 430 10 0 3 3 #=P1
P 69 140 540 115 540 0 3 0
L 110 535 10 0 9 0 1 0 VSSQ4
A 120 540 10 0 9 0 PINTYPE=POWER
A 135 540 10 0 9 3 #=E10
P 73 140 420 115 420 0 3 0
L 110 420 10 0 8 0 1 0 NC48
A 120 420 10 0 3 3 #=P11
A 115 422 10 0 2 0 PINTYPE=IN
P 82 140 550 115 550 0 3 0
L 110 545 10 0 9 0 1 0 VSSQ3
A 120 550 10 0 9 0 PINTYPE=POWER
A 130 550 10 0 9 3 #=E8
P 83 140 560 115 560 0 3 0
L 110 555 10 0 9 0 1 0 VSSQ2
A 120 560 10 0 9 0 PINTYPE=POWER
A 130 560 10 0 9 3 #=E4
P 84 140 570 115 570 0 3 0
L 110 565 10 0 9 0 1 0 VSSQ1
A 120 570 10 0 9 0 PINTYPE=POWER
A 130 570 10 0 9 3 #=E2
P 87 0 180 25 180 0 2 0
L 30 180 10 0 2 0 1 0 NC41
A 20 180 10 0 9 3 #=K9
A 25 182 10 0 8 0 PINTYPE=IN
P 88 0 170 25 170 0 2 0
L 30 170 10 0 2 0 1 0 NC42
A 25 172 10 0 8 0 PINTYPE=IN
A 20 170 10 0 9 3 #=K10
P 89 140 410 115 410 0 3 0
L 110 410 10 0 8 0 1 0 NC49
A 120 410 10 0 3 3 #=R1
A 115 412 10 0 2 0 PINTYPE=IN
P 90 140 400 115 400 0 3 0
L 110 400 10 0 8 0 1 0 NC50
A 120 400 10 0 3 3 #=R2
A 115 402 10 0 2 0 PINTYPE=IN
P 91 140 390 115 390 0 3 0
L 110 390 10 0 8 0 1 0 NC51
A 115 392 10 0 2 0 PINTYPE=IN
A 120 390 10 0 3 3 #=R3
P 92 140 380 115 380 0 3 0
L 110 380 10 0 8 0 1 0 NC52
A 120 380 10 0 3 3 #=R9
A 115 382 10 0 2 0 PINTYPE=IN
P 99 140 370 115 370 0 3 0
L 110 370 10 0 8 0 1 0 NC53
A 120 370 10 0 3 3 #=R10
A 115 372 10 0 2 0 PINTYPE=IN
P 100 140 360 115 360 0 3 0
L 110 360 10 0 8 0 1 0 NC54
A 115 362 10 0 2 0 PINTYPE=IN
A 120 360 10 0 3 3 #=R11
P 101 140 350 115 350 0 3 0
L 110 350 10 0 8 0 1 0 NC55
A 140 350 10 0 1 0 PINTYPE=IN
A 120 350 10 0 3 3 #=D4
P 110 140 260 115 260 0 3 0
L 110 260 10 0 8 0 1 0 NC64
A 140 260 10 0 1 0 PINTYPE=IN
A 120 260 10 0 3 3 #=F5
P 111 140 270 115 270 0 3 0
L 110 270 10 0 8 0 1 0 NC63
A 140 270 10 0 1 0 PINTYPE=IN
A 120 270 10 0 3 3 #=F4
P 112 140 280 115 280 0 3 0
L 110 280 10 0 8 0 1 0 NC62
A 140 280 10 0 1 0 PINTYPE=IN
A 120 280 10 0 3 3 #=F3
P 113 140 290 115 290 0 3 0
L 110 290 10 0 8 0 1 0 NC61
A 140 290 10 0 1 0 PINTYPE=IN
A 120 290 10 0 3 3 #=F2
P 114 140 300 115 300 0 3 0
L 110 300 10 0 8 0 1 0 NC60
A 140 300 10 0 1 0 PINTYPE=IN
A 120 300 10 0 3 3 #=E9
P 115 140 310 115 310 0 3 0
L 110 310 10 0 8 0 1 0 NC59
A 140 310 10 0 1 0 PINTYPE=IN
A 120 310 10 0 3 3 #=E7
P 116 140 320 115 320 0 3 0
L 110 320 10 0 8 0 1 0 NC58
A 140 320 10 0 1 0 PINTYPE=IN
A 120 320 10 0 3 3 #=E5
P 117 140 330 115 330 0 3 0
L 110 330 10 0 8 0 1 0 NC57
A 140 330 10 0 1 0 PINTYPE=IN
A 120 330 10 0 3 3 #=E3
P 118 140 340 115 340 0 3 0
L 110 340 10 0 8 0 1 0 NC56
A 140 340 10 0 1 0 PINTYPE=IN
A 120 340 10 0 3 3 #=D8
P 119 140 500 115 500 0 3 0
L 110 495 10 0 9 0 1 0 VSSQ8
A 135 500 10 0 9 3 #=L10
A 120 500 10 0 9 0 PINTYPE=POWER
P 120 140 510 115 510 0 3 0
L 110 505 10 0 9 0 1 0 VSSQ7
A 130 510 10 0 9 3 #=L2
A 120 510 10 0 9 0 PINTYPE=POWER
P 121 140 520 115 520 0 3 0
L 110 515 10 0 9 0 1 0 VSSQ6
A 135 520 10 0 9 3 #=G10
A 120 520 10 0 9 0 PINTYPE=POWER
P 122 140 530 115 530 0 3 0
L 110 525 10 0 9 0 1 0 VSSQ5
A 130 530 10 0 9 3 #=G2
A 120 530 10 0 9 0 PINTYPE=POWER
P 123 140 590 115 590 0 3 0
L 110 585 10 0 9 0 1 0 VSS4
A 120 590 10 0 9 0 PINTYPE=POWER
A 130 590 10 0 9 3 #=P7
P 124 140 600 115 600 0 3 0
L 110 595 10 0 9 0 1 0 VSS3
A 120 600 10 0 9 0 PINTYPE=POWER
A 135 600 10 0 9 3 #=J10
P 125 140 610 115 610 0 3 0
L 110 605 10 0 9 0 1 0 VSS2
A 120 610 10 0 9 0 PINTYPE=POWER
A 130 610 10 0 9 3 #=J2
P 126 140 620 115 620 0 3 0
L 110 615 10 0 9 0 1 0 VSS1
A 120 620 10 0 9 0 PINTYPE=POWER
A 130 620 10 0 9 3 #=D5
P 127 140 460 115 460 0 3 0
L 110 455 10 0 9 0 1 0 VSSQ12
A 135 460 10 0 9 3 #=N10
A 120 460 10 0 9 0 PINTYPE=POWER
P 128 140 470 115 470 0 3 0
L 110 465 10 0 9 0 1 0 VSSQ11
A 130 470 10 0 9 3 #=N8
A 120 470 10 0 9 0 PINTYPE=POWER
P 129 140 480 115 480 0 3 0
L 110 475 10 0 9 0 1 0 VSSQ10
A 130 480 10 0 9 3 #=N4
A 120 480 10 0 9 0 PINTYPE=POWER
P 130 140 490 115 490 0 3 0
L 110 485 10 0 9 0 1 0 VSSQ9
A 130 490 10 0 9 3 #=N2
A 120 490 10 0 9 0 PINTYPE=POWER
P 131 140 250 115 250 0 3 0
L 110 250 10 0 8 0 1 0 NC65
A 140 250 10 0 1 0 PINTYPE=IN
A 120 250 10 0 3 3 #=F7
P 132 140 700 115 700 0 3 0
L 110 700 10 0 8 0 1 0 VCCQ8
A 120 700 10 0 3 3 #=L9
A 115 702 10 0 2 0 PINTYPE=POWER
P 133 140 710 115 710 0 3 0
L 110 710 10 0 8 0 1 0 VCCQ7
A 120 710 10 0 3 3 #=L3
A 115 712 10 0 2 0 PINTYPE=POWER
P 134 140 720 115 720 0 3 0
L 110 720 10 0 8 0 1 0 VCCQ6
A 120 720 10 0 3 3 #=G9
A 115 722 10 0 2 0 PINTYPE=POWER
P 135 140 730 115 730 0 3 0
L 110 730 10 0 8 0 1 0 VCCQ5
A 120 730 10 0 3 3 #=G3
A 115 732 10 0 2 0 PINTYPE=POWER
P 136 140 660 115 660 0 3 0
L 110 660 10 0 8 0 1 0 VCCQ12
A 115 662 10 0 2 0 PINTYPE=POWER
A 120 660 10 0 3 3 #=P10
P 137 140 690 115 690 0 3 0
L 110 690 10 0 8 0 1 0 VCCQ9
A 115 692 10 0 2 0 PINTYPE=POWER
A 120 690 10 0 3 3 #=P2
P 138 140 680 115 680 0 3 0
L 110 680 10 0 8 0 1 0 VCCQ10
A 115 682 10 0 2 0 PINTYPE=POWER
A 120 680 10 0 3 3 #=P3
P 139 140 670 115 670 0 3 0
L 110 670 10 0 8 0 1 0 VCCQ11
A 115 672 10 0 2 0 PINTYPE=POWER
A 120 670 10 0 3 3 #=P9
P 140 140 790 115 790 0 3 0
L 110 790 10 0 8 0 1 0 VCC4
A 120 790 10 0 3 3 #=P5
A 115 792 10 0 2 0 PINTYPE=POWER
P 141 140 800 115 800 0 3 0
L 110 800 10 0 8 0 1 0 VCC3
A 120 800 10 0 3 3 #=J9
A 115 802 10 0 2 0 PINTYPE=POWER
P 142 140 810 115 810 0 3 0
L 110 810 10 0 8 0 1 0 VCC2
A 120 810 10 0 3 3 #=J3
A 115 812 10 0 2 0 PINTYPE=POWER
P 143 140 820 115 820 0 3 0
L 110 820 10 0 8 0 1 0 VCC1
A 120 820 10 0 3 3 #=D7
A 115 822 10 0 2 0 PINTYPE=POWER
P 145 0 550 25 550 0 2 0
L 30 550 10 0 2 0 1 0 NC4
A 25 552 10 0 8 0 PINTYPE=IN
A 20 550 10 0 9 3 #=A9
P 146 0 540 25 540 0 2 0
L 30 540 10 0 2 0 1 0 NC5
A 25 542 10 0 8 0 PINTYPE=IN
A 20 540 10 0 9 3 #=A10
P 147 0 500 25 500 0 2 0
L 30 500 10 0 2 0 1 0 NC9
A 25 502 10 0 8 0 PINTYPE=IN
A 20 500 10 0 9 3 #=B3
P 148 0 490 25 490 0 2 0
L 30 490 10 0 2 0 1 0 NC10
A 25 492 10 0 8 0 PINTYPE=IN
A 20 490 10 0 9 3 #=B9
P 149 0 460 25 460 0 2 0
L 30 460 10 0 2 0 1 0 NC13
A 25 462 10 0 8 0 PINTYPE=IN
A 20 460 10 0 9 3 #=T1
P 150 0 450 25 450 0 2 0
L 30 450 10 0 2 0 1 0 NC14
A 25 452 10 0 8 0 PINTYPE=IN
A 20 450 10 0 9 3 #=T2
P 151 0 470 25 470 0 2 0
L 30 470 10 0 2 0 1 0 NC12
A 25 472 10 0 8 0 PINTYPE=IN
A 20 470 10 0 9 3 #=B11
P 152 0 530 25 530 0 2 0
L 30 530 10 0 2 0 1 0 NC6
A 25 532 10 0 8 0 PINTYPE=IN
A 20 530 10 0 9 3 #=A11
P 153 0 520 25 520 0 2 0
L 30 520 10 0 2 0 1 0 NC7
A 25 522 10 0 8 0 PINTYPE=IN
A 20 520 10 0 9 3 #=B1
P 154 0 380 25 380 0 2 0
L 30 380 10 0 2 0 1 0 NC21
A 25 382 10 0 8 0 PINTYPE=IN
A 20 380 10 0 9 3 #=U3
P 155 0 390 25 390 0 2 0
L 30 390 10 0 2 0 1 0 NC20
A 25 392 10 0 8 0 PINTYPE=IN
A 20 390 10 0 9 3 #=U2
P 156 0 400 25 400 0 2 0
L 30 400 10 0 2 0 1 0 NC19
A 25 402 10 0 8 0 PINTYPE=IN
A 20 400 10 0 9 3 #=U1
P 157 0 410 25 410 0 2 0
L 30 410 10 0 2 0 1 0 NC18
A 20 410 10 0 9 3 #=T11
A 25 412 10 0 8 0 PINTYPE=IN
P 158 0 420 25 420 0 2 0
L 30 420 10 0 2 0 1 0 NC17
A 25 422 10 0 8 0 PINTYPE=IN
A 20 420 10 0 9 3 #=T10
P 159 0 600 25 600 0 2 0
L 30 600 10 0 2 0 1 0 DNU
A 25 602 10 0 8 0 PINTYPE=IN
A 20 600 10 0 9 3 #=C11
P 160 0 430 25 430 0 2 0
L 30 430 10 0 2 0 1 0 NC16
A 25 432 10 0 8 0 PINTYPE=IN
A 20 430 10 0 9 3 #=T9
P 161 0 440 25 440 0 2 0
L 30 440 10 0 2 0 1 0 NC15
A 20 440 10 0 9 3 #=T3
A 25 442 10 0 8 0 PINTYPE=IN
P 162 0 370 25 370 0 2 0
L 30 370 10 0 2 0 1 0 NC22
A 20 370 10 0 9 3 #=U9
A 25 372 10 0 8 0 PINTYPE=IN
P 163 0 360 25 360 0 2 0
L 30 360 10 0 2 0 1 0 NC23
A 25 362 10 0 8 0 PINTYPE=IN
A 20 360 10 0 9 3 #=U10
P 164 0 350 25 350 0 2 0
L 30 350 10 0 2 0 1 0 NC24
A 25 352 10 0 8 0 PINTYPE=IN
A 20 350 10 0 9 3 #=U11
P 165 0 340 25 340 0 2 0
L 30 340 10 0 2 0 1 0 NC25
A 25 342 10 0 8 0 PINTYPE=IN
A 20 340 10 0 9 3 #=C1
P 166 0 330 25 330 0 2 0
L 30 330 10 0 2 0 1 0 NC26
A 25 332 10 0 8 0 PINTYPE=IN
A 20 330 10 0 9 3 #=C2
P 167 0 320 25 320 0 2 0
L 30 320 10 0 2 0 1 0 NC27
A 25 322 10 0 8 0 PINTYPE=IN
A 20 320 10 0 9 3 #=C3
P 168 0 310 25 310 0 2 0
L 30 310 10 0 2 0 1 0 NC28
A 25 312 10 0 8 0 PINTYPE=IN
A 20 310 10 0 9 3 #=C9
P 169 0 300 25 300 0 2 0
L 30 300 10 0 2 0 1 0 NC29
A 25 302 10 0 8 0 PINTYPE=IN
A 20 300 10 0 9 3 #=C10
P 170 0 290 25 290 0 2 0
L 30 290 10 0 2 0 1 0 NC30
A 25 292 10 0 8 0 PINTYPE=IN
A 20 290 10 0 9 3 #=D1
P 171 0 280 25 280 0 2 0
L 30 280 10 0 2 0 1 0 NC31
A 25 282 10 0 8 0 PINTYPE=IN
A 20 280 10 0 9 3 #=D11
P 172 0 270 25 270 0 2 0
L 30 270 10 0 2 0 1 0 NC32
A 25 272 10 0 8 0 PINTYPE=IN
A 20 270 10 0 9 3 #=E1
P 173 0 510 25 510 0 2 0
L 30 510 10 0 2 0 1 0 NC8
A 25 512 10 0 8 0 PINTYPE=IN
A 20 510 10 0 9 3 #=B2
P 174 0 580 25 580 0 2 0
L 30 580 10 0 2 0 1 0 NC1
A 25 582 10 0 8 0 PINTYPE=IN
A 20 580 10 0 9 3 #=A1
P 175 0 560 25 560 0 2 0
L 30 560 10 0 2 0 1 0 NC3
A 25 562 10 0 8 0 PINTYPE=IN
A 20 560 10 0 9 3 #=A3
P 176 0 570 25 570 0 2 0
L 30 570 10 0 2 0 1 0 NC2
A 25 572 10 0 8 0 PINTYPE=IN
A 20 570 10 0 9 3 #=A2
P 177 0 480 25 480 0 2 0
L 30 480 10 0 2 0 1 0 NC11
A 25 482 10 0 8 0 PINTYPE=IN
A 20 480 10 0 9 3 #=B10
P 178 140 180 115 180 0 3 0
L 110 180 10 0 8 0 1 0 NC72
A 140 180 10 0 1 0 PINTYPE=IN
A 120 180 10 0 3 3 #=H7
P 179 140 170 115 170 0 3 0
L 110 170 10 0 8 0 1 0 NC73
A 140 170 10 0 1 0 PINTYPE=IN
A 120 170 10 0 3 3 #=H8
P 180 140 190 115 190 0 3 0
L 110 190 10 0 8 0 1 0 NC71
A 140 190 10 0 1 0 PINTYPE=IN
A 120 190 10 0 3 3 #=H4
P 181 140 200 115 200 0 3 0
L 110 200 10 0 8 0 1 0 NC70
A 140 200 10 0 1 0 PINTYPE=IN
A 120 200 10 0 3 3 #=G5
P 182 140 210 115 210 0 3 0
L 110 210 10 0 8 0 1 0 NC69
A 140 210 10 0 1 0 PINTYPE=IN
A 120 210 10 0 3 3 #=G4
P 183 140 220 115 220 0 3 0
L 110 220 10 0 8 0 1 0 NC68
A 140 220 10 0 1 0 PINTYPE=IN
A 120 220 10 0 3 3 #=F10
P 184 140 230 115 230 0 3 0
L 110 230 10 0 8 0 1 0 NC67
A 140 230 10 0 1 0 PINTYPE=IN
A 120 230 10 0 3 3 #=F9
P 185 140 240 115 240 0 3 0
L 110 240 10 0 8 0 1 0 NC66
A 140 240 10 0 1 0 PINTYPE=IN
A 120 240 10 0 3 3 #=F8
P 186 140 160 115 160 0 3 0
L 110 160 10 0 8 0 1 0 NC74
A 140 160 10 0 1 0 PINTYPE=IN
A 120 160 10 0 3 3 #=J5
P 190 0 750 25 750 0 2 0
L 30 750 10 0 2 0 1 0 DQS_0
A 20 750 10 0 9 3 #=N7
A 25 752 10 0 2 0 PINTYPE=IN
P 191 0 720 25 720 0 2 0
L 30 720 10 0 2 0 1 0 W_R0_B
A 20 720 10 0 9 3 #=N5
A 25 722 10 0 2 0 PINTYPE=IN
P 194 0 710 25 710 0 2 0
L 30 710 10 0 2 0 1 0 RE_0_C
A 25 712 10 0 2 0 PINTYPE=IN
A 20 710 10 0 9 3 #=M7
P 195 0 740 25 740 0 2 0
L 30 740 10 0 2 0 1 0 DQS_0_C
A 20 740 10 0 9 3 #=M8
A 25 742 10 0 2 0 PINTYPE=IN
P 197 0 700 25 700 0 2 0
L 30 700 10 0 2 0 1 0 WE_0_B
A 20 700 10 0 9 3 #=M5
A 25 702 10 0 2 0 PINTYPE=IN
P 198 140 840 115 840 0 3 0
L 110 840 10 0 8 0 1 0 VREFQ_0
A 115 842 10 0 2 0 PINTYPE=POWER
A 120 840 10 0 3 3 #=M4
P 202 0 670 25 670 0 2 0
L 30 670 10 0 2 0 1 0 ENO
A 20 670 10 0 9 3 #=H2
A 25 672 10 0 2 0 PINTYPE=IN
P 203 0 660 25 660 0 2 0
L 30 660 10 0 2 0 1 0 ENI
A 25 662 10 0 2 0 PINTYPE=IN
A 20 660 10 0 9 3 #=H3
P 207 0 640 25 640 0 2 0
L 30 640 10 0 2 0 1 0 R_B0_0_B
A 20 640 10 0 9 3 #=J4
A 25 642 10 0 2 0 PINTYPE=IN
P 211 140 640 115 640 0 3 0
L 110 640 10 0 8 0 1 0 VPP
A 120 640 10 0 3 3 #=K7
A 115 642 10 0 2 0 PINTYPE=POWER
P 717 140 150 115 150 0 3 0
L 110 150 10 0 8 0 1 0 NC75
A 140 150 10 0 1 0 PINTYPE=IN
A 120 150 10 0 3 3 #=J7
P 720 140 140 115 140 0 3 0
L 110 140 10 0 8 0 1 0 NC76
A 140 140 10 0 1 0 PINTYPE=IN
A 120 140 10 0 3 3 #=J8
P 723 140 130 115 130 0 3 0
L 110 130 10 0 8 0 1 0 NC77
A 140 130 10 0 1 0 PINTYPE=IN
A 120 130 10 0 3 3 #=K5
E 
