V 53
K 1444027153 mt29f8g08abbCA.1
F Case
|R 23:39:13_10-4-15
D 0 440 140 0
Y 1
Z 10
i 1230
U 20 -20 16 0 3 3 REFDES=U?
U 75 -475 10 0 9 0 VALUE=VALUE
U 40 430 10 0 6 0 DEVICE=DEVICE
U 75 -15 10 0 3 3 PKG_TYPE=PKG_TYPE
U 0 0 10 0 1 0 FORWARD_PCB=1
U 22 443 10 0 3 2 NAME_PLACEHOLDER=
b 25 10 115 430
P 1 0 420 25 420 0 2 0
L 30 420 10 0 2 0 1 0 DQ0_0
A 25 422 5 0 2 0 PINTYPE=BI
A 20 420 10 0 9 3 #=H4
P 2 0 410 25 410 0 2 0
L 30 410 10 0 2 0 1 0 DQ1_0
A 25 412 5 0 2 0 PINTYPE=BI
A 20 410 10 0 9 3 #=J4
P 3 0 400 25 400 0 2 0
L 30 400 10 0 2 0 1 0 DQ2_0
A 25 402 5 0 2 0 PINTYPE=BI
A 20 400 10 0 9 3 #=K4
P 4 0 390 25 390 0 2 0
L 30 390 10 0 2 0 1 0 DQ3_0
A 25 392 5 0 2 0 PINTYPE=BI
A 20 390 10 0 9 3 #=K5
P 5 0 380 25 380 0 2 0
L 30 380 10 0 2 0 1 0 DQ4_0
A 25 382 5 0 2 0 PINTYPE=BI
A 20 380 10 0 9 3 #=K6
P 6 0 370 25 370 0 2 0
L 30 370 10 0 2 0 1 0 DQ5_0
A 25 372 5 0 2 0 PINTYPE=BI
A 20 370 10 0 9 3 #=J7
P 7 0 360 25 360 0 2 0
L 30 360 10 0 2 0 1 0 DQ6_0
A 25 362 5 0 2 0 PINTYPE=BI
A 20 360 10 0 9 3 #=K7
P 8 0 350 25 350 0 2 0
L 30 350 10 0 2 0 1 0 DQ7_0
A 20 350 10 0 9 3 #=J8
A 25 352 5 0 2 0 PINTYPE=BI
P 20 0 230 25 230 0 2 0
L 30 230 10 0 2 0 1 0 CE_B
A 25 232 10 0 2 0 PINTYPE=IN
A 20 230 10 0 9 3 #=C6
P 23 0 270 25 270 0 2 0
L 30 270 10 0 2 0 1 0 CLE
A 25 272 10 0 2 0 PINTYPE=IN
A 20 270 10 0 9 3 #=D5
P 24 0 260 25 260 0 2 0
L 30 260 10 0 2 0 1 0 ALE
A 25 262 10 0 2 0 PINTYPE=IN
A 20 260 10 0 9 3 #=C4
P 44 0 210 25 210 0 2 0
L 55 205 10 0 9 0 1 0 WP_B
A 20 210 10 0 9 3 #=C3
A 25 212 10 0 8 0 PINTYPE=IN
P 46 140 100 115 100 0 3 0
L 115 100 10 0 8 0 1 0 NC33
A 115 102 10 0 2 0 PINTYPE=IN
A 135 110 10 0 7 3 #=M1
P 47 140 90 115 90 0 3 0
L 115 90 10 0 8 0 1 0 NC34
A 115 92 10 0 2 0 PINTYPE=IN
A 135 100 10 0 7 3 #=M2
P 48 140 80 115 80 0 3 0
L 115 80 10 0 8 0 1 0 NC35
A 115 82 10 0 2 0 PINTYPE=IN
A 135 90 10 0 7 3 #=M9
P 49 140 70 115 70 0 3 0
L 115 70 10 0 8 0 1 0 NC36
A 115 72 10 0 2 0 PINTYPE=IN
A 135 80 10 0 7 3 #=M10
P 50 140 60 115 60 0 3 0
L 115 60 10 0 8 0 1 0 NC37
A 115 62 10 0 2 0 PINTYPE=IN
A 135 70 10 0 7 3 #=F8
P 123 140 310 115 310 0 3 0
L 110 305 10 0 9 0 1 0 VSS4
A 120 310 10 0 9 0 PINTYPE=POWER
A 130 310 10 0 9 3 #=K8
P 124 140 320 115 320 0 3 0
L 110 315 10 0 9 0 1 0 VSS3
A 120 320 10 0 9 0 PINTYPE=POWER
A 135 320 10 0 9 3 #=K3
P 125 140 330 115 330 0 3 0
L 110 325 10 0 9 0 1 0 VSS2
A 120 330 10 0 9 0 PINTYPE=POWER
A 130 330 10 0 9 3 #=F7
P 126 140 340 115 340 0 3 0
L 110 335 10 0 9 0 1 0 VSS1
A 120 340 10 0 9 0 PINTYPE=POWER
A 130 340 10 0 9 3 #=C5
P 140 140 370 115 370 0 3 0
L 110 370 10 0 8 0 1 0 VCC4
A 120 370 10 0 3 3 #=J6
A 115 372 10 0 2 0 PINTYPE=POWER
P 141 140 380 115 380 0 3 0
L 110 380 10 0 8 0 1 0 VCC3
A 120 380 10 0 3 3 #=H8
A 115 382 10 0 2 0 PINTYPE=POWER
P 142 140 390 115 390 0 3 0
L 110 390 10 0 8 0 1 0 VCC2
A 120 390 10 0 3 3 #=G4
A 115 392 10 0 2 0 PINTYPE=POWER
P 143 140 400 115 400 0 3 0
L 110 400 10 0 8 0 1 0 VCC1
A 120 400 10 0 3 3 #=D3
A 115 402 10 0 2 0 PINTYPE=POWER
P 145 0 130 25 130 0 2 0
L 30 130 10 0 2 0 1 0 NC4
A 25 132 10 0 8 0 PINTYPE=IN
A 20 130 10 0 9 3 #=A10
P 146 0 120 25 120 0 2 0
L 30 120 10 0 2 0 1 0 NC5
A 25 122 10 0 8 0 PINTYPE=IN
A 20 120 10 0 9 3 #=B1
P 147 0 80 25 80 0 2 0
L 30 80 10 0 2 0 1 0 NC9
A 25 82 10 0 8 0 PINTYPE=IN
A 20 80 10 0 9 3 #=D7
P 148 0 70 25 70 0 2 0
L 30 70 10 0 2 0 1 0 NC10
A 25 72 10 0 8 0 PINTYPE=IN
A 20 70 10 0 9 3 #=D8
P 149 0 40 25 40 0 2 0
L 30 40 10 0 2 0 1 0 NC13
A 25 42 10 0 8 0 PINTYPE=IN
A 20 40 10 0 9 3 #=E5
P 150 0 30 25 30 0 2 0
L 30 30 10 0 2 0 1 0 NC14
A 25 32 10 0 8 0 PINTYPE=IN
A 5 40 10 0 1 3 #=E6
P 151 0 50 25 50 0 2 0
L 30 50 10 0 2 0 1 0 NC12
A 25 52 10 0 8 0 PINTYPE=IN
A 20 50 10 0 9 3 #=E4
P 152 0 110 25 110 0 2 0
L 30 110 10 0 2 0 1 0 NC6
A 25 112 10 0 8 0 PINTYPE=IN
A 20 110 10 0 9 3 #=B9
P 153 0 100 25 100 0 2 0
L 30 100 10 0 2 0 1 0 NC7
A 25 102 10 0 8 0 PINTYPE=IN
A 20 100 10 0 9 3 #=B10
P 154 140 220 115 220 0 3 0
L 115 220 10 0 8 0 1 0 NC21
A 115 222 10 0 2 0 PINTYPE=IN
A 135 230 10 0 7 3 #=G6
P 155 140 230 115 230 0 3 0
L 115 230 10 0 8 0 1 0 NC20
A 115 232 10 0 2 0 PINTYPE=IN
A 135 240 10 0 7 3 #=F6
P 156 140 240 115 240 0 3 0
L 115 240 10 0 8 0 1 0 NC19
A 115 242 10 0 2 0 PINTYPE=IN
A 135 250 10 0 7 3 #=F5
P 157 140 250 115 250 0 3 0
L 115 250 10 0 8 0 1 0 NC18
A 115 252 10 0 2 0 PINTYPE=IN
A 135 260 10 0 7 3 #=F4
P 158 140 260 115 260 0 3 0
L 115 260 10 0 8 0 1 0 NC17
A 115 262 10 0 2 0 PINTYPE=IN
A 135 270 10 0 7 3 #=F3
P 159 0 190 25 190 0 2 0
L 30 190 10 0 2 0 1 0 DNU1
A 25 192 10 0 8 0 PINTYPE=IN
A 20 190 10 0 9 3 #=G3
P 160 140 270 115 270 0 3 0
L 115 270 10 0 8 0 1 0 NC16
A 115 272 10 0 2 0 PINTYPE=IN
A 135 280 10 0 7 3 #=E8
P 161 140 280 115 280 0 3 0
L 115 280 10 0 8 0 1 0 NC15
A 115 282 10 0 2 0 PINTYPE=IN
A 135 290 10 0 7 3 #=E7
P 162 140 210 115 210 0 3 0
L 115 210 10 0 8 0 1 0 NC22
A 115 212 10 0 2 0 PINTYPE=IN
A 135 220 10 0 7 3 #=G7
P 163 140 200 115 200 0 3 0
L 115 200 10 0 8 0 1 0 NC23
A 115 202 10 0 2 0 PINTYPE=IN
A 135 210 10 0 7 3 #=H3
P 164 140 190 115 190 0 3 0
L 115 190 10 0 8 0 1 0 NC24
A 115 192 10 0 2 0 PINTYPE=IN
A 135 200 10 0 7 3 #=H5
P 165 140 180 115 180 0 3 0
L 115 180 10 0 8 0 1 0 NC25
A 115 182 10 0 2 0 PINTYPE=IN
A 135 190 10 0 7 3 #=H6
P 166 140 170 115 170 0 3 0
L 115 170 10 0 8 0 1 0 NC26
A 115 172 10 0 2 0 PINTYPE=IN
A 135 180 10 0 7 3 #=H7
P 167 140 160 115 160 0 3 0
L 115 160 10 0 8 0 1 0 NC27
A 115 162 10 0 2 0 PINTYPE=IN
A 135 170 10 0 7 3 #=J3
P 168 140 150 115 150 0 3 0
L 115 150 10 0 8 0 1 0 NC28
A 115 152 10 0 2 0 PINTYPE=IN
A 135 160 10 0 7 3 #=J5
P 169 140 140 115 140 0 3 0
L 115 140 10 0 8 0 1 0 NC29
A 115 142 10 0 2 0 PINTYPE=IN
A 135 150 10 0 7 3 #=L1
P 170 140 130 115 130 0 3 0
L 115 130 10 0 8 0 1 0 NC30
A 115 132 10 0 2 0 PINTYPE=IN
A 135 140 10 0 7 3 #=L2
P 171 140 120 115 120 0 3 0
L 115 120 10 0 8 0 1 0 NC31
A 115 122 10 0 2 0 PINTYPE=IN
A 135 130 10 0 7 3 #=L9
P 172 140 110 115 110 0 3 0
L 115 110 10 0 8 0 1 0 NC32
A 115 112 10 0 2 0 PINTYPE=IN
A 135 120 10 0 7 3 #=L10
P 173 0 90 25 90 0 2 0
L 30 90 10 0 2 0 1 0 NC8
A 25 92 10 0 8 0 PINTYPE=IN
A 20 90 10 0 9 3 #=D6
P 174 0 160 25 160 0 2 0
L 30 160 10 0 2 0 1 0 NC1
A 25 162 10 0 8 0 PINTYPE=IN
A 20 160 10 0 9 3 #=A1
P 175 0 140 25 140 0 2 0
L 30 140 10 0 2 0 1 0 NC3
A 25 142 10 0 8 0 PINTYPE=IN
A 20 140 10 0 9 3 #=A9
P 176 0 150 25 150 0 2 0
L 30 150 10 0 2 0 1 0 NC2
A 25 152 10 0 8 0 PINTYPE=IN
A 20 150 10 0 9 3 #=A2
P 177 0 60 25 60 0 2 0
L 30 60 10 0 2 0 1 0 NC11
A 25 62 10 0 8 0 PINTYPE=IN
A 20 60 10 0 9 3 #=E3
P 191 0 315 25 315 0 2 0
L 30 315 10 0 2 0 1 0 LOCK
A 20 315 10 0 9 3 #=G5
A 25 317 10 0 2 0 PINTYPE=IN
P 194 0 290 25 290 0 2 0
L 30 290 10 0 2 0 1 0 RE_B
A 25 292 10 0 2 0 PINTYPE=IN
A 20 290 10 0 9 3 #=D4
P 197 0 280 25 280 0 2 0
L 30 280 10 0 2 0 1 0 WE_B
A 20 280 10 0 9 3 #=C7
A 25 282 10 0 2 0 PINTYPE=IN
P 207 0 220 25 220 0 2 0
L 30 220 10 0 2 0 1 0 R_B_B
A 20 220 10 0 9 3 #=C8
A 25 222 10 0 2 0 PINTYPE=IN
P 1228 0 180 25 180 0 2 0
L 30 180 10 0 2 0 1 0 DNU2
A 25 182 10 0 8 0 PINTYPE=IN
A 20 180 10 0 9 3 #=G8
E 
