V 53
K 1445268949 mt40a1g16hba_083e_a.1
F Case
|R 9:35:49_10-19-15
D 0 430 400 0
Y 1
Z 10
i 171
U 0 -30 10 0 3 0 OWNER=OWNER
U 0 -60 10 0 3 0 MANF=MANF
U 0 -20 10 0 3 0 BUILD=ALL
U 0 -10 10 0 3 0 DESC=DESC
U 0 -40 10 0 3 0 LEVEL=STD
U 0 -50 10 0 3 0 PARTS=1
U 125 250 10 0 3 0 DEVICE=DEVICE
U 10 410 16 0 3 3 REFDES=U?
U 145 325 10 0 3 3 MANF_P/N=MANF_P/N
U 150 300 10 0 3 3 PKG_TYPE=PKG_TYPE
U 0 0 10 0 1 0 FORWARD_PCB=1
b 20 20 380 410
P 1 0 390 20 390 0 2 0
Q 2 0 0
|GRPHSTL 33280 0 0 1
L 22 390 10 0 2 0 1 0 A0
A 20 400 10 0 2 0 PINTYPE=IN
A 20 390 10 0 9 3 #=P3
P 2 0 380 20 380 0 2 0
Q 2 0 0
|GRPHSTL 33280 0 0 1
L 22 380 10 0 2 0 1 0 A1
A 20 390 10 0 2 0 PINTYPE=IN
A 20 380 10 0 9 3 #=P7
P 3 0 370 20 370 0 2 0
Q 2 0 0
|GRPHSTL 33280 0 0 1
L 22 370 10 0 2 0 1 0 A2
A 20 380 10 0 2 0 PINTYPE=IN
A 20 370 10 0 9 3 #=R3
P 4 0 360 20 360 0 2 0
Q 2 0 0
|GRPHSTL 33280 0 0 1
L 22 360 10 0 2 0 1 0 A3
A 20 365 10 0 2 0 PINTYPE=IN
A 20 360 10 0 9 3 #=N7
P 5 0 350 20 350 0 2 0
Q 2 0 0
|GRPHSTL 33280 0 0 1
L 22 350 10 0 2 0 1 0 A4
A 20 355 10 0 2 0 PINTYPE=IN
A 20 350 10 0 9 3 #=N3
P 6 0 340 20 340 0 2 0
Q 2 0 0
|GRPHSTL 33280 0 0 1
L 22 340 10 0 2 0 1 0 A5
A 20 345 10 0 2 0 PINTYPE=IN
A 20 340 10 0 9 3 #=P8
P 7 0 330 20 330 0 2 0
Q 2 0 0
|GRPHSTL 33280 0 0 1
L 22 330 10 0 2 0 1 0 A6
A 20 335 10 0 2 0 PINTYPE=IN
A 20 330 10 0 9 3 #=P2
P 8 0 320 20 320 0 2 0
Q 2 0 0
|GRPHSTL 33280 0 0 1
L 22 320 10 0 2 0 1 0 A7
A 20 325 10 0 2 0 PINTYPE=IN
A 20 320 10 0 9 3 #=R8
P 9 0 310 20 310 0 2 0
Q 2 0 0
|GRPHSTL 33280 0 0 1
L 22 310 10 0 2 0 1 0 A8
A 20 315 10 0 2 0 PINTYPE=IN
A 20 310 10 0 9 3 #=R2
P 10 0 300 20 300 0 2 0
Q 2 0 0
|GRPHSTL 33280 0 0 1
L 22 300 10 0 2 0 1 0 A9
A 20 305 10 0 2 0 PINTYPE=IN
A 20 300 10 0 9 3 #=R7
P 11 0 290 20 290 0 2 0
Q 2 0 0
|GRPHSTL 33280 0 0 1
L 22 290 10 0 2 0 1 0 A10/AP
A 20 295 10 0 2 0 PINTYPE=IN
A 20 290 10 0 9 3 #=M3
P 12 0 280 20 280 0 2 0
Q 2 0 0
|GRPHSTL 33280 0 0 1
L 22 280 10 0 2 0 1 0 A11
A 20 285 10 0 2 0 PINTYPE=IN
A 20 280 10 0 9 3 #=T2
P 13 0 270 20 270 0 2 0
Q 2 0 0
|GRPHSTL 33280 0 0 1
L 22 270 10 0 2 0 1 0 A12/BC_B
A 20 275 10 0 2 0 PINTYPE=IN
A 20 270 10 0 9 3 #=M7
P 14 0 240 20 240 0 2 0
Q 2 0 0
|GRPHSTL 33280 0 0 1
L 22 240 10 0 2 0 1 0 BA0
A 20 245 10 0 2 0 PINTYPE=IN
A 20 240 10 0 9 3 #=N2
P 15 0 230 20 230 0 2 0
Q 2 0 0
|GRPHSTL 33280 0 0 1
L 22 230 10 0 2 0 1 0 BA1
A 20 235 10 0 2 0 PINTYPE=IN
A 20 230 10 0 9 3 #=N8
P 18 0 190 20 190 0 2 0
Q 2 0 0
|GRPHSTL 33280 0 0 1
L 22 190 10 0 2 0 1 0 WE_B/A14
A 20 195 10 0 2 0 PINTYPE=IN
A 20 190 10 0 9 3 #=L2
P 19 0 180 20 180 0 2 0
Q 2 0 0
|GRPHSTL 33280 0 0 1
L 22 180 10 0 2 0 1 0 RAS_B/A16
A 20 185 10 0 2 0 PINTYPE=IN
A 20 180 10 0 9 3 #=L8
P 20 0 170 20 170 0 2 0
Q 2 0 0
|GRPHSTL 33280 0 0 1
L 22 170 10 0 2 0 1 0 CAS_B/A15
A 20 175 10 0 2 0 PINTYPE=IN
A 20 170 10 0 9 3 #=M8
P 21 0 150 20 150 0 2 0
Q 2 0 0
|GRPHSTL 33280 0 0 1
L 22 150 10 0 2 0 1 0 CK_T
A 20 155 10 0 2 0 PINTYPE=IN
A 20 150 10 0 9 3 #=K7
P 22 0 140 20 140 0 2 0
Q 2 0 0
|GRPHSTL 33280 0 0 1
L 22 140 10 0 2 0 1 0 CK_C
A 20 145 10 0 2 0 PINTYPE=IN
A 20 140 10 0 9 3 #=K8
P 23 0 130 20 130 0 2 0
Q 2 0 0
|GRPHSTL 33280 0 0 1
L 22 130 10 0 2 0 1 0 CKE
A 20 135 10 0 2 0 PINTYPE=IN
A 20 130 10 0 9 3 #=K2
P 24 0 40 20 40 0 2 0
Q 2 0 0
|GRPHSTL 33280 0 0 1
L 22 40 10 0 2 0 1 0 CS_B
A 20 45 10 0 2 0 PINTYPE=IN
A 20 40 10 0 9 3 #=L7
P 34 400 290 380 290 0 3 0
Q 2 0 0
|GRPHSTL 33280 0 0 1
L 378 290 10 0 8 0 1 0 DQU0
A 378 300 10 0 2 0 PINTYPE=BI
A 380 290 10 0 3 3 #=A3
P 35 400 280 380 280 0 3 0
Q 2 0 0
|GRPHSTL 33280 0 0 1
L 378 280 10 0 8 0 1 0 DQU1
A 378 290 10 0 2 0 PINTYPE=BI
A 380 280 10 0 3 3 #=B8
P 36 400 270 380 270 0 3 0
Q 2 0 0
|GRPHSTL 33280 0 0 1
L 378 270 10 0 8 0 1 0 DQU2
A 378 280 10 0 2 0 PINTYPE=BI
A 380 270 10 0 3 3 #=C3
P 37 400 260 380 260 0 3 0
Q 2 0 0
|GRPHSTL 33280 0 0 1
L 378 260 10 0 8 0 1 0 DQU3
A 378 270 10 0 2 0 PINTYPE=BI
A 380 260 10 0 3 3 #=C7
P 38 400 250 380 250 0 3 0
Q 2 0 0
|GRPHSTL 33280 0 0 1
L 378 250 10 0 8 0 1 0 DQU4
A 378 260 10 0 2 0 PINTYPE=BI
A 380 250 10 0 3 3 #=C2
P 39 400 240 380 240 0 3 0
Q 2 0 0
|GRPHSTL 33280 0 0 1
L 378 240 10 0 8 0 1 0 DQU5
A 378 250 10 0 2 0 PINTYPE=BI
A 380 240 10 0 3 3 #=C8
P 40 400 230 380 230 0 3 0
Q 2 0 0
|GRPHSTL 33280 0 0 1
L 378 230 10 0 8 0 1 0 DQU6
A 378 240 10 0 2 0 PINTYPE=BI
A 380 230 10 0 3 3 #=D3
P 41 400 220 380 220 0 3 0
Q 2 0 0
|GRPHSTL 33280 0 0 1
L 378 220 10 0 8 0 1 0 DQU7
A 378 230 10 0 2 0 PINTYPE=BI
A 380 220 10 0 3 3 #=D7
P 42 400 370 380 370 0 3 0
Q 2 0 0
|GRPHSTL 33280 0 0 1
L 378 370 10 0 8 0 1 0 DQL0
A 378 380 10 0 2 0 PINTYPE=BI
A 380 370 10 0 3 3 #=G2
P 43 400 360 380 360 0 3 0
Q 2 0 0
|GRPHSTL 33280 0 0 1
L 378 360 10 0 8 0 1 0 DQL1
A 378 370 10 0 2 0 PINTYPE=BI
A 380 360 10 0 3 3 #=F7
P 44 400 350 380 350 0 3 0
Q 2 0 0
|GRPHSTL 33280 0 0 1
L 378 350 10 0 8 0 1 0 DQL2
A 378 360 10 0 2 0 PINTYPE=BI
A 380 350 10 0 3 3 #=H3
P 45 400 340 380 340 0 3 0
Q 2 0 0
|GRPHSTL 33280 0 0 1
L 378 340 10 0 8 0 1 0 DQL3
A 378 350 10 0 2 0 PINTYPE=BI
A 380 340 10 0 3 3 #=H7
P 46 400 330 380 330 0 3 0
Q 2 0 0
|GRPHSTL 33280 0 0 1
L 378 330 10 0 8 0 1 0 DQL4
A 378 340 10 0 2 0 PINTYPE=BI
A 380 330 10 0 3 3 #=H2
P 47 400 320 380 320 0 3 0
Q 2 0 0
|GRPHSTL 33280 0 0 1
L 378 320 10 0 8 0 1 0 DQL5
A 378 330 10 0 2 0 PINTYPE=BI
A 380 320 10 0 3 3 #=H8
P 48 400 310 380 310 0 3 0
Q 2 0 0
|GRPHSTL 33280 0 0 1
L 378 310 10 0 8 0 1 0 DQL6
A 378 320 10 0 2 0 PINTYPE=BI
A 380 310 10 0 3 3 #=J3
P 49 400 300 380 300 0 3 0
Q 2 0 0
|GRPHSTL 33280 0 0 1
L 378 300 10 0 8 0 1 0 DQL7
A 378 310 10 0 2 0 PINTYPE=BI
A 380 300 10 0 3 3 #=J7
P 50 400 200 380 200 0 3 0
Q 2 0 0
|GRPHSTL 33280 0 0 1
L 378 200 10 0 8 0 1 0 DQSL_T
A 380 200 10 0 3 3 #=G3
A 378 210 10 0 2 0 PINTYPE=BI
P 51 400 190 380 190 0 3 0
Q 2 0 0
|GRPHSTL 33280 0 0 1
L 378 190 10 0 8 0 1 0 DQSL_C
A 380 190 10 0 3 3 #=F3
A 378 200 10 0 2 0 PINTYPE=BI
P 62 100 0 100 20 0 1 0
Q 2 0 0
|GRPHSTL 33280 0 0 1
L 100 22 10 1 2 0 1 0 VSSQ1
A 105 20 10 1 2 0 PINTYPE=IN
A 100 20 10 1 9 3 #=A2
P 63 110 0 110 20 0 1 0
Q 2 0 0
|GRPHSTL 33280 0 0 1
L 110 22 10 1 2 0 1 0 VSSQ2
A 115 20 10 1 2 0 PINTYPE=IN
A 110 20 10 1 9 3 #=A8
P 64 120 0 120 20 0 1 0
Q 2 0 0
|GRPHSTL 33280 0 0 1
L 120 22 10 1 2 0 1 0 VSSQ3
A 125 20 10 1 2 0 PINTYPE=IN
A 120 20 10 1 9 3 #=C9
P 65 130 0 130 20 0 1 0
Q 2 0 0
|GRPHSTL 33280 0 0 1
L 130 22 10 1 2 0 1 0 VSSQ4
A 135 20 10 1 2 0 PINTYPE=IN
A 130 20 10 1 9 3 #=D2
P 66 140 0 140 20 0 1 0
Q 2 0 0
|GRPHSTL 33280 0 0 1
L 140 22 10 1 2 0 1 0 VSSQ5
A 145 20 10 1 2 0 PINTYPE=IN
A 140 20 10 1 9 3 #=D8
P 98 80 430 80 410 0 0 0
L 80 370 10 1 2 0 1 0 VREFCA
A 80 410 10 1 1 0 PINTYPE=IN
A 70 410 10 1 1 3 #=M1
P 100 160 430 160 410 0 0 0
L 160 370 10 1 2 0 1 0 VDDQ4
A 160 410 10 1 1 0 PINTYPE=IN
A 150 410 10 1 1 3 #=D9
P 101 150 430 150 410 0 0 0
L 150 370 10 1 2 0 1 0 VDDQ3
A 150 410 10 1 1 0 PINTYPE=IN
A 140 410 10 1 1 3 #=C1
P 102 140 430 140 410 0 0 0
L 140 370 10 1 2 0 1 0 VDDQ2
A 140 410 10 1 1 0 PINTYPE=IN
A 130 410 10 1 1 3 #=A9
P 103 130 430 130 410 0 0 0
L 130 370 10 1 2 0 1 0 VDDQ1
A 130 410 10 1 1 0 PINTYPE=IN
A 120 410 10 1 1 3 #=A1
P 107 170 430 170 410 0 0 0
L 170 370 10 1 2 0 1 0 VDDQ5
A 170 410 10 1 1 0 PINTYPE=IN
A 160 410 10 1 1 3 #=F2
P 108 90 430 90 410 0 0 0
L 90 370 10 1 2 0 1 0 VPP1
A 90 410 10 1 1 0 PINTYPE=IN
A 80 410 10 1 1 3 #=B1
P 109 210 430 210 410 0 0 0
L 210 370 10 1 2 0 1 0 VDDQ9
A 210 410 10 1 1 0 PINTYPE=IN
A 200 410 10 1 1 3 #=J2
P 110 200 430 200 410 0 0 0
L 200 370 10 1 2 0 1 0 VDDQ8
A 200 410 10 1 1 0 PINTYPE=IN
A 190 410 10 1 1 3 #=G9
P 111 190 430 190 410 0 0 0
L 190 370 10 1 2 0 1 0 VDDQ7
A 190 410 10 1 1 0 PINTYPE=IN
A 180 410 10 1 1 3 #=G1
P 112 180 430 180 410 0 0 0
L 180 370 10 1 2 0 1 0 VDDQ6
A 180 410 10 1 1 0 PINTYPE=IN
A 170 410 10 1 1 3 #=F8
P 113 250 430 250 410 0 0 0
L 250 370 10 1 2 0 1 0 VDD1
A 250 410 10 1 1 0 PINTYPE=IN
A 240 410 10 1 1 3 #=B3
P 114 260 430 260 410 0 0 0
L 260 370 10 1 2 0 1 0 VDD2
A 260 410 10 1 1 0 PINTYPE=IN
A 250 410 10 1 1 3 #=B9
P 115 270 430 270 410 0 0 0
L 270 370 10 1 2 0 1 0 VDD3
A 270 410 10 1 1 0 PINTYPE=IN
A 260 410 10 1 1 3 #=D1
P 116 280 430 280 410 0 0 0
L 280 370 10 1 2 0 1 0 VDD4
A 280 410 10 1 1 0 PINTYPE=IN
A 270 410 10 1 1 3 #=G7
P 117 290 430 290 410 0 0 0
L 290 370 10 1 2 0 1 0 VDD5
A 290 410 10 1 1 0 PINTYPE=IN
A 280 410 10 1 1 3 #=J1
P 118 300 430 300 410 0 0 0
L 300 370 10 1 2 0 1 0 VDD6
A 300 410 10 1 1 0 PINTYPE=IN
A 290 410 10 1 1 3 #=J9
P 119 310 430 310 410 0 0 0
L 310 370 10 1 2 0 1 0 VDD7
A 310 410 10 1 1 0 PINTYPE=IN
A 300 410 10 1 1 3 #=L1
P 120 320 430 320 410 0 0 0
L 320 370 10 1 2 0 1 0 VDD8
A 320 410 10 1 1 0 PINTYPE=IN
A 310 410 10 1 1 3 #=L9
P 122 180 0 180 20 0 1 0
Q 2 0 0
|GRPHSTL 33280 0 0 1
L 180 22 10 1 2 0 1 0 VSSQ9
A 185 20 10 1 2 0 PINTYPE=IN
A 180 20 10 1 9 3 #=H1
P 123 170 0 170 20 0 1 0
Q 2 0 0
|GRPHSTL 33280 0 0 1
L 170 22 10 1 2 0 1 0 VSSQ8
A 175 20 10 1 2 0 PINTYPE=IN
A 170 20 10 1 9 3 #=F1
P 124 160 0 160 20 0 1 0
Q 2 0 0
|GRPHSTL 33280 0 0 1
L 160 22 10 1 2 0 1 0 VSSQ7
A 165 20 10 1 2 0 PINTYPE=IN
A 160 20 10 1 9 3 #=E8
P 125 150 0 150 20 0 1 0
Q 2 0 0
|GRPHSTL 33280 0 0 1
L 150 22 10 1 2 0 1 0 VSSQ6
A 155 20 10 1 2 0 PINTYPE=IN
A 150 20 10 1 9 3 #=E3
P 126 230 0 230 20 0 1 0
Q 2 0 0
|GRPHSTL 33280 0 0 1
L 230 22 10 1 2 0 1 0 VSS1
A 235 20 10 1 2 0 PINTYPE=IN
A 230 20 10 1 9 3 #=B2
P 127 240 0 240 20 0 1 0
Q 2 0 0
|GRPHSTL 33280 0 0 1
L 240 22 10 1 2 0 1 0 VSS2
A 245 20 10 1 2 0 PINTYPE=IN
A 240 20 10 1 9 3 #=E1
P 128 250 0 250 20 0 1 0
Q 2 0 0
|GRPHSTL 33280 0 0 1
L 250 22 10 1 2 0 1 0 VSS3
A 255 20 10 1 2 0 PINTYPE=IN
A 250 20 10 1 9 3 #=G8
P 129 260 0 260 20 0 1 0
Q 2 0 0
|GRPHSTL 33280 0 0 1
L 260 22 10 1 2 0 1 0 VSS4
A 265 20 10 1 2 0 PINTYPE=IN
A 260 20 10 1 9 3 #=K1
P 130 270 0 270 20 0 1 0
Q 2 0 0
|GRPHSTL 33280 0 0 1
L 270 22 10 1 2 0 1 0 VSS5
A 275 20 10 1 2 0 PINTYPE=IN
A 270 20 10 1 9 3 #=K9
P 131 280 0 280 20 0 1 0
Q 2 0 0
|GRPHSTL 33280 0 0 1
L 280 22 10 1 2 0 1 0 VSS6
A 285 20 10 1 2 0 PINTYPE=IN
A 280 20 10 1 9 3 #=N1
P 132 300 0 300 20 0 1 0
Q 2 0 0
|GRPHSTL 33280 0 0 1
L 300 22 10 1 2 0 1 0 VSS8
A 305 20 10 1 2 0 PINTYPE=IN
A 300 20 10 1 9 3 #=T7
P 134 290 0 290 20 0 1 0
Q 2 0 0
|GRPHSTL 33280 0 0 1
L 290 22 10 1 2 0 1 0 VSS7
A 295 20 10 1 2 0 PINTYPE=IN
A 290 20 10 1 9 3 #=T1
P 138 50 430 50 410 0 0 0
L 50 390 10 1 2 0 1 0 LZQ
A 50 410 10 1 1 0 PINTYPE=IN
A 40 410 10 1 1 3 #=F9
P 150 400 160 380 160 0 3 0
Q 2 0 0
|GRPHSTL 33280 0 0 1
L 378 160 10 0 8 0 1 0 DQSU_C
A 380 160 10 0 3 3 #=A7
A 378 170 10 0 2 0 PINTYPE=BI
P 151 400 170 380 170 0 3 0
Q 2 0 0
|GRPHSTL 33280 0 0 1
L 378 170 10 0 8 0 1 0 DQSU_T
A 380 170 10 0 3 3 #=B7
A 378 180 10 0 2 0 PINTYPE=BI
P 152 0 220 20 220 0 2 0
Q 2 0 0
|GRPHSTL 33280 0 0 1
L 22 220 10 0 2 0 1 0 BG0
A 20 225 10 0 2 0 PINTYPE=IN
A 20 220 10 0 9 3 #=M2
P 153 0 50 20 50 0 2 0
Q 2 0 0
|GRPHSTL 33280 0 0 1
L 22 50 10 0 2 0 1 0 ODT
A 20 55 10 0 2 0 PINTYPE=IN
A 20 50 10 0 9 3 #=K3
P 154 0 60 20 60 0 2 0
Q 2 0 0
|GRPHSTL 33280 0 0 1
L 22 60 10 0 2 0 1 0 RESET_B
A 20 65 10 0 2 0 PINTYPE=IN
A 20 60 10 0 9 3 #=P1
P 155 400 140 380 140 0 3 0
L 378 140 10 0 8 0 1 0 DML_B/DBIL_B
A 391 140 10 0 9 3 #=E7
A 398 140 10 0 9 0 PINTYPE=IN
P 156 400 130 380 130 0 3 0
L 378 130 10 0 8 0 1 0 DMU_B/DBIU_B
A 391 130 10 0 9 3 #=E2
A 398 130 10 0 9 0 PINTYPE=IN
P 157 0 260 20 260 0 2 0
Q 2 0 0
|GRPHSTL 33280 0 0 1
L 22 260 10 0 2 0 1 0 A13
A 20 265 10 0 2 0 PINTYPE=IN
A 20 260 10 0 9 3 #=T8
P 159 100 430 100 410 0 0 0
L 100 370 10 1 2 0 1 0 VPP2
A 100 410 10 1 1 0 PINTYPE=IN
A 90 410 10 1 1 3 #=R9
P 160 190 0 190 20 0 1 0
Q 2 0 0
|GRPHSTL 33280 0 0 1
L 190 22 10 1 2 0 1 0 VSSQ10
A 195 20 10 1 2 0 PINTYPE=IN
A 190 20 10 1 9 3 #=H9
P 161 220 430 220 410 0 0 0
L 220 370 10 1 2 0 1 0 VDDQ10
A 220 410 10 1 1 0 PINTYPE=IN
A 210 410 10 1 1 3 #=J8
P 162 340 430 340 410 0 0 0
L 340 370 10 1 2 0 1 0 VDD10
A 340 410 10 1 1 0 PINTYPE=IN
A 330 410 10 1 1 3 #=T9
P 163 330 430 330 410 0 0 0
L 330 370 10 1 2 0 1 0 VDD9
A 330 410 10 1 1 0 PINTYPE=IN
A 320 410 10 1 1 3 #=R1
P 164 0 90 20 90 0 2 0
Q 2 0 0
|GRPHSTL 33280 0 0 1
L 22 90 10 0 2 0 1 0 ALERT_B
A 20 95 10 0 2 0 PINTYPE=IN
A 20 90 10 0 9 3 #=P9
P 165 0 100 20 100 0 2 0
Q 2 0 0
|GRPHSTL 33280 0 0 1
L 22 100 10 0 2 0 1 0 TEN
A 20 105 10 0 2 0 PINTYPE=IN
A 20 100 10 0 9 3 #=N9
P 166 0 110 20 110 0 2 0
Q 2 0 0
|GRPHSTL 33280 0 0 1
L 22 110 10 0 2 0 1 0 ACT_B
A 20 115 10 0 2 0 PINTYPE=IN
A 20 110 10 0 9 3 #=L3
P 167 0 80 20 80 0 2 0
Q 2 0 0
|GRPHSTL 33280 0 0 1
L 22 80 10 0 2 0 1 0 PAR
A 20 85 10 0 2 0 PINTYPE=IN
A 20 80 10 0 9 3 #=T3
P 470 60 430 60 410 0 0 0
L 60 390 10 1 2 0 1 0 UZQ
A 60 410 10 1 1 0 PINTYPE=IN
A 50 410 10 1 1 3 #=E9
P 474 0 210 20 210 0 2 0
Q 2 0 0
|GRPHSTL 33280 0 0 1
L 22 210 10 0 2 0 1 0 BG1
A 20 215 10 0 2 0 PINTYPE=IN
A 20 210 10 0 9 3 #=M9
E 
