V 53
K 1397459842 MT43A4G80100NFH-S15_NC.1
F Case
|R 0:17:22_4-14-14
D 0 370 210 0
Y 1
Z 10
i 2840
U 0 -25 5 0 3 0 LEVEL=STD
U 0 -20 5 0 3 0 PARTS=1
U 0 -20 16 0 3 3 REFDES=U?
U 140 -10 10 0 3 3 PKG_TYPE=PKG_TYPE
U 15 315 10 0 9 0 VALUE=VALUE
U 0 350 10 0 3 3 DEVICE=DEVICE
U 15 -15 10 0 1 0 HETERO=(MT43A4G80100NFH-S15_L0),(MT43A4G80100NFH-S15_L1),(MT43A4G80100NFH-S15_L2),(MT43A4G80100NFH-S15_L3),(MT43A4G80100NFH-S15_CNTL),(MT43A4G80100NFH-S15_GND1),(MT43A4G80100NFH-S15_GND2),(MT43A4G80100NFH-S15_PWR),(MT43A4G80100NFH-S15_NC)
U 0 0 10 0 1 0 FORWARD_PCB=1
b 0 0 180 350
P 2740 210 340 180 340 0 3 0
L 175 340 10 0 8 0 1 0 DNU0
A 210 340 10 0 1 0 PINTYPE=IN
A 210 350 10 0 7 3 #=E1
P 2743 210 330 180 330 0 3 0
L 175 330 10 0 8 0 1 0 DNU1
A 210 330 10 0 1 0 PINTYPE=IN
A 210 340 10 0 7 3 #=P1
P 2746 210 320 180 320 0 3 0
L 175 320 10 0 8 0 1 0 DNU2
A 210 320 10 0 1 0 PINTYPE=IN
A 210 330 10 0 7 3 #=R1
P 2749 210 310 180 310 0 3 0
L 175 310 10 0 8 0 1 0 DNU3
A 210 310 10 0 1 0 PINTYPE=IN
A 210 320 10 0 7 3 #=U1
P 2752 210 300 180 300 0 3 0
L 175 300 10 0 8 0 1 0 DNU4
A 210 300 10 0 1 0 PINTYPE=IN
A 210 310 10 0 7 3 #=AF1
P 2755 210 290 180 290 0 3 0
L 175 290 10 0 8 0 1 0 DNU5
A 210 290 10 0 1 0 PINTYPE=IN
A 210 300 10 0 7 3 #=R3
P 2758 210 280 180 280 0 3 0
L 175 280 10 0 8 0 1 0 DNU6
A 210 280 10 0 1 0 PINTYPE=IN
A 210 290 10 0 7 3 #=U3
P 2761 210 270 180 270 0 3 0
L 175 270 10 0 8 0 1 0 DNU7
A 210 270 10 0 1 0 PINTYPE=IN
A 210 280 10 0 7 3 #=P4
P 2764 210 260 180 260 0 3 0
L 175 260 10 0 8 0 1 0 DNU8
A 210 260 10 0 1 0 PINTYPE=IN
A 210 270 10 0 7 3 #=U4
P 2767 210 250 180 250 0 3 0
L 175 250 10 0 8 0 1 0 DNU9
A 210 250 10 0 1 0 PINTYPE=IN
A 210 260 10 0 7 3 #=P5
P 2770 210 240 180 240 0 3 0
L 175 240 10 0 8 0 1 0 DNU10
A 210 240 10 0 1 0 PINTYPE=IN
A 210 250 10 0 7 3 #=M7
P 2773 210 230 180 230 0 3 0
L 175 230 10 0 8 0 1 0 DNU11
A 210 230 10 0 1 0 PINTYPE=IN
A 210 240 10 0 7 3 #=N7
P 2776 210 220 180 220 0 3 0
L 175 220 10 0 8 0 1 0 DNU12
A 210 220 10 0 1 0 PINTYPE=IN
A 210 230 10 0 7 3 #=T7
P 2779 210 210 180 210 0 3 0
L 175 210 10 0 8 0 1 0 DNU13
A 210 210 10 0 1 0 PINTYPE=IN
A 210 220 10 0 7 3 #=U7
P 2782 210 200 180 200 0 3 0
L 175 200 10 0 8 0 1 0 DNU14
A 210 200 10 0 1 0 PINTYPE=IN
A 210 210 10 0 7 3 #=V7
P 2785 210 190 180 190 0 3 0
L 175 190 10 0 8 0 1 0 DNU15
A 210 190 10 0 1 0 PINTYPE=IN
A 210 200 10 0 7 3 #=N8
P 2788 210 180 180 180 0 3 0
L 175 180 10 0 8 0 1 0 DNU16
A 210 180 10 0 1 0 PINTYPE=IN
A 210 190 10 0 7 3 #=R8
P 2791 210 170 180 170 0 3 0
L 175 170 10 0 8 0 1 0 DNU17
A 210 170 10 0 1 0 PINTYPE=IN
A 210 180 10 0 7 3 #=P9
P 2794 210 160 180 160 0 3 0
L 175 160 10 0 8 0 1 0 DNU18
A 210 160 10 0 1 0 PINTYPE=IN
A 210 170 10 0 7 3 #=P10
P 2797 210 150 180 150 0 3 0
L 175 150 10 0 8 0 1 0 DNU19
A 210 150 10 0 1 0 PINTYPE=IN
A 210 160 10 0 7 3 #=C12
P 2800 210 140 180 140 0 3 0
L 175 140 10 0 8 0 1 0 DNU20
A 210 140 10 0 1 0 PINTYPE=IN
A 210 150 10 0 7 3 #=AH12
P 2803 210 130 180 130 0 3 0
L 175 130 10 0 8 0 1 0 DNU21
A 210 130 10 0 1 0 PINTYPE=IN
A 210 140 10 0 7 3 #=V23
P 2806 210 120 180 120 0 3 0
L 175 120 10 0 8 0 1 0 DNU22
A 210 120 10 0 1 0 PINTYPE=IN
A 210 130 10 0 7 3 #=C24
P 2809 210 110 180 110 0 3 0
L 175 110 10 0 8 0 1 0 DNU23
A 210 110 10 0 1 0 PINTYPE=IN
A 210 120 10 0 7 3 #=AH24
P 2812 210 100 180 100 0 3 0
L 175 100 10 0 8 0 1 0 DNU24
A 210 100 10 0 1 0 PINTYPE=IN
A 210 110 10 0 7 3 #=N25
P 2815 210 90 180 90 0 3 0
L 175 90 10 0 8 0 1 0 DNU25
A 210 90 10 0 1 0 PINTYPE=IN
A 210 100 10 0 7 3 #=P25
P 2818 210 80 180 80 0 3 0
L 175 80 10 0 8 0 1 0 DNU26
A 210 80 10 0 1 0 PINTYPE=IN
A 210 90 10 0 7 3 #=P26
P 2821 210 70 180 70 0 3 0
L 175 70 10 0 8 0 1 0 DNU27
A 210 70 10 0 1 0 PINTYPE=IN
A 210 80 10 0 7 3 #=U26
P 2824 210 60 180 60 0 3 0
L 175 60 10 0 8 0 1 0 DNU28
A 210 60 10 0 1 0 PINTYPE=IN
A 210 70 10 0 7 3 #=P27
P 2827 210 50 180 50 0 3 0
L 175 50 10 0 8 0 1 0 DNU29
A 210 50 10 0 1 0 PINTYPE=IN
A 210 60 10 0 7 3 #=U27
P 2830 210 40 180 40 0 3 0
L 175 40 10 0 8 0 1 0 DNU30
A 210 40 10 0 1 0 PINTYPE=IN
A 210 50 10 0 7 3 #=P28
P 2833 210 30 180 30 0 3 0
L 175 30 10 0 8 0 1 0 DNU31
A 210 30 10 0 1 0 PINTYPE=IN
A 210 40 10 0 7 3 #=T28
P 2836 210 20 180 20 0 3 0
L 175 20 10 0 8 0 1 0 DNU32
A 210 20 10 0 1 0 PINTYPE=IN
A 210 30 10 0 7 3 #=J30
P 2839 210 10 180 10 0 3 0
L 175 10 10 0 8 0 1 0 DNU33
A 210 10 10 0 1 0 PINTYPE=IN
A 210 20 10 0 7 3 #=AB30
E 
