V 53
K 1397459792 MT43A4G80100NFH-S15_L2.1
F Case
|R 0:16:32_4-14-14
D 0 710 210 0
Y 1
Z 10
i 3501
U 0 -25 5 0 3 0 LEVEL=STD
U 0 -20 5 0 3 0 PARTS=1
U 0 -20 16 0 3 3 REFDES=U?
U 140 -10 10 0 3 3 PKG_TYPE=PKG_TYPE
U 15 315 10 0 9 0 VALUE=VALUE
U 0 690 10 0 3 3 DEVICE=DEVICE
U 15 -15 10 0 1 0 HETERO=(MT43A4G80100NFH-S15_L0),(MT43A4G80100NFH-S15_L1),(MT43A4G80100NFH-S15_L2),(MT43A4G80100NFH-S15_L3),(MT43A4G80100NFH-S15_CNTL),(MT43A4G80100NFH-S15_GND1),(MT43A4G80100NFH-S15_GND2),(MT43A4G80100NFH-S15_PWR),(MT43A4G80100NFH-S15_NC)
U 0 0 10 0 1 0 FORWARD_PCB=1
b 0 0 180 690
P 3305 210 680 180 680 0 3 0
L 175 680 10 0 8 0 1 0 L2RXP_0
A 210 680 10 0 1 0 PINTYPE=IN
A 210 690 10 0 7 3 #=D2
P 3308 210 670 180 670 0 3 0
L 175 670 10 0 8 0 1 0 L2RXN_0
A 210 670 10 0 1 0 PINTYPE=IN
A 210 680 10 0 7 3 #=D3
P 3311 210 660 180 660 0 3 0
L 175 660 10 0 8 0 1 0 L2RXP_1
A 210 660 10 0 1 0 PINTYPE=IN
A 210 670 10 0 7 3 #=C1
P 3314 210 650 180 650 0 3 0
L 175 650 10 0 8 0 1 0 L2RXN_1
A 210 650 10 0 1 0 PINTYPE=IN
A 210 660 10 0 7 3 #=C2
P 3317 210 640 180 640 0 3 0
L 175 640 10 0 8 0 1 0 L2RXP_2
A 210 640 10 0 1 0 PINTYPE=IN
A 210 650 10 0 7 3 #=M3
P 3320 210 630 180 630 0 3 0
L 175 630 10 0 8 0 1 0 L2RXN_2
A 210 630 10 0 1 0 PINTYPE=IN
A 210 640 10 0 7 3 #=M4
P 3323 210 620 180 620 0 3 0
L 175 620 10 0 8 0 1 0 L2RXP_3
A 210 620 10 0 1 0 PINTYPE=IN
A 210 630 10 0 7 3 #=L1
P 3326 210 610 180 610 0 3 0
L 175 610 10 0 8 0 1 0 L2RXN_3
A 210 610 10 0 1 0 PINTYPE=IN
A 210 620 10 0 7 3 #=L2
P 3329 210 600 180 600 0 3 0
L 175 600 10 0 8 0 1 0 L2RXP_4
A 210 600 10 0 1 0 PINTYPE=IN
A 210 610 10 0 7 3 #=E3
P 3332 210 590 180 590 0 3 0
L 175 590 10 0 8 0 1 0 L2RXN_4
A 210 590 10 0 1 0 PINTYPE=IN
A 210 600 10 0 7 3 #=E4
P 3335 210 580 180 580 0 3 0
L 175 580 10 0 8 0 1 0 L2RXP_5
A 210 580 10 0 1 0 PINTYPE=IN
A 210 590 10 0 7 3 #=F4
P 3338 210 570 180 570 0 3 0
L 175 570 10 0 8 0 1 0 L2RXN_5
A 210 570 10 0 1 0 PINTYPE=IN
A 210 580 10 0 7 3 #=F5
P 3341 210 560 180 560 0 3 0
L 175 560 10 0 8 0 1 0 L2RXP_6
A 210 560 10 0 1 0 PINTYPE=IN
A 210 570 10 0 7 3 #=G5
P 3344 210 550 180 550 0 3 0
L 175 550 10 0 8 0 1 0 L2RXN_6
A 210 550 10 0 1 0 PINTYPE=IN
A 210 560 10 0 7 3 #=G6
P 3347 210 540 180 540 0 3 0
L 175 540 10 0 8 0 1 0 L2RXP_7
A 210 540 10 0 1 0 PINTYPE=IN
A 210 550 10 0 7 3 #=H6
P 3350 210 530 180 530 0 3 0
L 175 530 10 0 8 0 1 0 L2RXN_7
A 210 530 10 0 1 0 PINTYPE=IN
A 210 540 10 0 7 3 #=H7
P 3353 210 520 180 520 0 3 0
L 175 520 10 0 8 0 1 0 L2RXP_8
A 210 520 10 0 1 0 PINTYPE=IN
A 210 530 10 0 7 3 #=A7
P 3356 210 510 180 510 0 3 0
L 175 510 10 0 8 0 1 0 L2RXN_8
A 210 510 10 0 1 0 PINTYPE=IN
A 210 520 10 0 7 3 #=A8
P 3359 210 500 180 500 0 3 0
L 175 500 10 0 8 0 1 0 L2RXP_9
A 210 500 10 0 1 0 PINTYPE=IN
A 210 510 10 0 7 3 #=F15
P 3362 210 490 180 490 0 3 0
L 175 490 10 0 8 0 1 0 L2RXN_9
A 210 490 10 0 1 0 PINTYPE=IN
A 210 500 10 0 7 3 #=F16
P 3365 210 480 180 480 0 3 0
L 175 480 10 0 8 0 1 0 L2RXP_10
A 210 480 10 0 1 0 PINTYPE=IN
A 210 490 10 0 7 3 #=F12
P 3368 210 470 180 470 0 3 0
L 175 470 10 0 8 0 1 0 L2RXN_10
A 210 470 10 0 1 0 PINTYPE=IN
A 210 480 10 0 7 3 #=F13
P 3371 210 460 180 460 0 3 0
L 175 460 10 0 8 0 1 0 L2RXP_11
A 210 460 10 0 1 0 PINTYPE=IN
A 210 470 10 0 7 3 #=G13
P 3374 210 450 180 450 0 3 0
L 175 450 10 0 8 0 1 0 L2RXN_11
A 210 450 10 0 1 0 PINTYPE=IN
A 210 460 10 0 7 3 #=G14
P 3377 210 440 180 440 0 3 0
L 175 440 10 0 8 0 1 0 L2RXP_12
A 210 440 10 0 1 0 PINTYPE=IN
A 210 450 10 0 7 3 #=B8
P 3380 210 430 180 430 0 3 0
L 175 430 10 0 8 0 1 0 L2RXN_12
A 210 430 10 0 1 0 PINTYPE=IN
A 210 440 10 0 7 3 #=B9
P 3383 210 420 180 420 0 3 0
L 175 420 10 0 8 0 1 0 L2RXP_13
A 210 420 10 0 1 0 PINTYPE=IN
A 210 430 10 0 7 3 #=C9
P 3386 210 410 180 410 0 3 0
L 175 410 10 0 8 0 1 0 L2RXN_13
A 210 410 10 0 1 0 PINTYPE=IN
A 210 420 10 0 7 3 #=C10
P 3389 210 400 180 400 0 3 0
L 175 400 10 0 8 0 1 0 L2RXP_14
A 210 400 10 0 1 0 PINTYPE=IN
A 210 410 10 0 7 3 #=D10
P 3392 210 390 180 390 0 3 0
L 175 390 10 0 8 0 1 0 L2RXN_14
A 210 390 10 0 1 0 PINTYPE=IN
A 210 400 10 0 7 3 #=D11
P 3395 210 380 180 380 0 3 0
L 175 380 10 0 8 0 1 0 L2RXP_15
A 210 380 10 0 1 0 PINTYPE=IN
A 210 390 10 0 7 3 #=E11
P 3398 210 370 180 370 0 3 0
L 175 370 10 0 8 0 1 0 L2RXN_15
A 210 370 10 0 1 0 PINTYPE=IN
A 210 380 10 0 7 3 #=E12
P 3401 210 350 180 350 0 3 0
L 175 350 10 0 8 0 1 0 L2TXP_0
A 210 350 10 0 1 0 PINTYPE=OUT
A 210 360 10 0 7 3 #=C5
P 3404 210 340 180 340 0 3 0
L 175 340 10 0 8 0 1 0 L2TXN_0
A 210 340 10 0 1 0 PINTYPE=OUT
A 210 350 10 0 7 3 #=C6
P 3407 210 330 180 330 0 3 0
L 175 330 10 0 8 0 1 0 L2TXP_1
A 210 330 10 0 1 0 PINTYPE=OUT
A 210 340 10 0 7 3 #=G9
P 3410 210 320 180 320 0 3 0
L 175 320 10 0 8 0 1 0 L2TXN_1
A 210 320 10 0 1 0 PINTYPE=OUT
A 210 330 10 0 7 3 #=G10
P 3413 210 310 180 310 0 3 0
L 175 310 10 0 8 0 1 0 L2TXP_2
A 210 310 10 0 1 0 PINTYPE=OUT
A 210 320 10 0 7 3 #=L5
P 3416 210 300 180 300 0 3 0
L 175 300 10 0 8 0 1 0 L2TXN_2
A 210 300 10 0 1 0 PINTYPE=OUT
A 210 310 10 0 7 3 #=L6
P 3419 210 290 180 290 0 3 0
L 175 290 10 0 8 0 1 0 L2TXP_3
A 210 290 10 0 1 0 PINTYPE=OUT
A 210 300 10 0 7 3 #=K4
P 3422 210 280 180 280 0 3 0
L 175 280 10 0 8 0 1 0 L2TXN_3
A 210 280 10 0 1 0 PINTYPE=OUT
A 210 290 10 0 7 3 #=K5
P 3425 210 270 180 270 0 3 0
L 175 270 10 0 8 0 1 0 L2TXP_4
A 210 270 10 0 1 0 PINTYPE=OUT
A 210 280 10 0 7 3 #=A3
P 3428 210 260 180 260 0 3 0
L 175 260 10 0 8 0 1 0 L2TXN_4
A 210 260 10 0 1 0 PINTYPE=OUT
A 210 270 10 0 7 3 #=A4
P 3431 210 250 180 250 0 3 0
L 175 250 10 0 8 0 1 0 L2TXP_5
A 210 250 10 0 1 0 PINTYPE=OUT
A 210 260 10 0 7 3 #=G1
P 3434 210 240 180 240 0 3 0
L 175 240 10 0 8 0 1 0 L2TXN_5
A 210 240 10 0 1 0 PINTYPE=OUT
A 210 250 10 0 7 3 #=G2
P 3437 210 230 180 230 0 3 0
L 175 230 10 0 8 0 1 0 L2TXP_6
A 210 230 10 0 1 0 PINTYPE=OUT
A 210 240 10 0 7 3 #=H2
P 3440 210 220 180 220 0 3 0
L 175 220 10 0 8 0 1 0 L2TXN_6
A 210 220 10 0 1 0 PINTYPE=OUT
A 210 230 10 0 7 3 #=H3
P 3443 210 210 180 210 0 3 0
L 175 210 10 0 8 0 1 0 L2TXP_7
A 210 210 10 0 1 0 PINTYPE=OUT
A 210 220 10 0 7 3 #=J3
P 3446 210 200 180 200 0 3 0
L 175 200 10 0 8 0 1 0 L2TXN_7
A 210 200 10 0 1 0 PINTYPE=OUT
A 210 210 10 0 7 3 #=J4
P 3449 210 190 180 190 0 3 0
L 175 190 10 0 8 0 1 0 L2TXP_8
A 210 190 10 0 1 0 PINTYPE=OUT
A 210 200 10 0 7 3 #=C13
P 3452 210 180 180 180 0 3 0
L 175 180 10 0 8 0 1 0 L2TXN_8
A 210 180 10 0 1 0 PINTYPE=OUT
A 210 190 10 0 7 3 #=C14
P 3455 210 170 180 170 0 3 0
L 175 170 10 0 8 0 1 0 L2TXP_9
A 210 170 10 0 1 0 PINTYPE=OUT
A 210 180 10 0 7 3 #=D14
P 3458 210 160 180 160 0 3 0
L 175 160 10 0 8 0 1 0 L2TXN_9
A 210 160 10 0 1 0 PINTYPE=OUT
A 210 170 10 0 7 3 #=D15
P 3461 210 150 180 150 0 3 0
L 175 150 10 0 8 0 1 0 L2TXP_10
A 210 150 10 0 1 0 PINTYPE=OUT
A 210 160 10 0 7 3 #=F8
P 3464 210 140 180 140 0 3 0
L 175 140 10 0 8 0 1 0 L2TXN_10
A 210 140 10 0 1 0 PINTYPE=OUT
A 210 150 10 0 7 3 #=F9
P 3467 210 130 180 130 0 3 0
L 175 130 10 0 8 0 1 0 L2TXP_11
A 210 130 10 0 1 0 PINTYPE=OUT
A 210 140 10 0 7 3 #=E7
P 3470 210 120 180 120 0 3 0
L 175 120 10 0 8 0 1 0 L2TXN_11
A 210 120 10 0 1 0 PINTYPE=OUT
A 210 130 10 0 7 3 #=E8
P 3473 210 110 180 110 0 3 0
L 175 110 10 0 8 0 1 0 L2TXP_12
A 210 110 10 0 1 0 PINTYPE=OUT
A 210 120 10 0 7 3 #=B12
P 3476 210 100 180 100 0 3 0
L 175 100 10 0 8 0 1 0 L2TXN_12
A 210 100 10 0 1 0 PINTYPE=OUT
A 210 110 10 0 7 3 #=B13
P 3479 210 90 180 90 0 3 0
L 175 90 10 0 8 0 1 0 L2TXP_13
A 210 90 10 0 1 0 PINTYPE=OUT
A 210 100 10 0 7 3 #=A11
P 3482 210 80 180 80 0 3 0
L 175 80 10 0 8 0 1 0 L2TXN_13
A 210 80 10 0 1 0 PINTYPE=OUT
A 210 90 10 0 7 3 #=A12
P 3485 210 70 180 70 0 3 0
L 175 70 10 0 8 0 1 0 L2TXP_14
A 210 70 10 0 1 0 PINTYPE=OUT
A 210 80 10 0 7 3 #=B4
P 3488 210 60 180 60 0 3 0
L 175 60 10 0 8 0 1 0 L2TXN_14
A 210 60 10 0 1 0 PINTYPE=OUT
A 210 70 10 0 7 3 #=B5
P 3491 210 50 180 50 0 3 0
L 175 50 10 0 8 0 1 0 L2TXP_15
A 210 50 10 0 1 0 PINTYPE=OUT
A 210 60 10 0 7 3 #=D6
P 3494 210 40 180 40 0 3 0
L 175 40 10 0 8 0 1 0 L2TXN_15
A 210 40 10 0 1 0 PINTYPE=OUT
A 210 50 10 0 7 3 #=D7
P 3497 210 20 180 20 0 3 0
L 177 20 10 0 8 0 1 0 L2RXPS
A 210 20 10 0 1 0 PINTYPE=IN
A 210 30 10 0 7 3 #=N6
P 3500 210 10 180 10 0 3 0
L 175 10 10 0 8 0 1 0 L2TXPS
A 210 10 10 0 1 0 PINTYPE=IN
A 210 20 10 0 7 3 #=U2
E 
