V 53
K 1397459564 MT43A4G80100NFH-S15_CNTL.1
F Case
|R 0:12:44_4-14-14
D 0 310 210 0
Y 1
Z 10
i 2904
U 0 -25 5 0 3 0 LEVEL=STD
U 0 -20 5 0 3 0 PARTS=1
U 0 -20 16 0 3 3 REFDES=U?
U 140 -10 10 0 3 3 PKG_TYPE=PKG_TYPE
U 15 315 10 0 9 0 VALUE=VALUE
U 0 290 10 0 3 3 DEVICE=DEVICE
U 15 -15 10 0 1 0 HETERO=(MT43A4G80100NFH-S15_L0),(MT43A4G80100NFH-S15_L1),(MT43A4G80100NFH-S15_L2),(MT43A4G80100NFH-S15_L3),(MT43A4G80100NFH-S15_CNTL),(MT43A4G80100NFH-S15_GND1),(MT43A4G80100NFH-S15_GND2),(MT43A4G80100NFH-S15_PWR),(MT43A4G80100NFH-S15_NC)
U 0 0 10 0 1 0 FORWARD_PCB=1
b 0 0 180 290
P 2843 210 280 180 280 0 3 0
L 175 280 10 0 8 0 1 0 P_RST_N
A 210 280 10 0 1 0 PINTYPE=IN
A 210 290 10 0 7 3 #=U30
P 2846 210 260 180 260 0 3 0
L 175 260 10 0 8 0 1 0 REFCLK_BOOT_0
A 210 260 10 0 1 0 PINTYPE=IN
A 210 270 10 0 7 3 #=N1
P 2849 210 250 180 250 0 3 0
L 175 250 10 0 8 0 1 0 REFCLK_BOOT_1
A 210 250 10 0 1 0 PINTYPE=IN
A 210 260 10 0 7 3 #=U29
P 2852 210 230 180 230 0 3 0
L 175 230 10 0 8 0 1 0 REFCLKN
A 210 230 10 0 1 0 PINTYPE=IN
A 210 240 10 0 7 3 #=R30
P 2855 210 220 180 220 0 3 0
L 175 220 10 0 8 0 1 0 REFCLKP
A 210 220 10 0 1 0 PINTYPE=IN
A 210 230 10 0 7 3 #=T30
P 2858 210 210 180 210 0 3 0
L 175 210 10 0 8 0 1 0 REFCLKSEL
A 210 210 10 0 1 0 PINTYPE=IN
A 210 220 10 0 7 3 #=V6
P 2861 210 190 180 190 0 3 0
L 175 190 10 0 8 0 1 0 SCL
A 210 190 10 0 1 0 PINTYPE=IN
A 210 200 10 0 7 3 #=R28
P 2864 210 180 180 180 0 3 0
L 175 180 10 0 8 0 1 0 SDA
A 210 180 10 0 1 0 PINTYPE=BI
A 210 190 10 0 7 3 #=T24
P 2867 210 160 180 160 0 3 0
L 175 160 10 0 8 0 1 0 TCK
A 210 160 10 0 1 0 PINTYPE=IN
A 210 170 10 0 7 3 #=T5
P 2870 210 150 180 150 0 3 0
L 175 150 10 0 8 0 1 0 TDI
A 210 150 10 0 1 0 PINTYPE=IN
A 210 160 10 0 7 3 #=P7
P 2873 210 140 180 140 0 3 0
L 175 140 10 0 8 0 1 0 TDO
A 210 140 10 0 1 0 PINTYPE=OUT
A 210 150 10 0 7 3 #=T1
P 2876 210 130 180 130 0 3 0
L 175 130 10 0 8 0 1 0 TMS
A 210 130 10 0 1 0 PINTYPE=IN
A 210 140 10 0 7 3 #=R5
P 2879 210 120 180 120 0 3 0
L 175 120 10 0 8 0 1 0 TRST_N
A 210 120 10 0 1 0 PINTYPE=IN
A 210 130 10 0 7 3 #=R7
P 2882 210 100 180 100 0 3 0
L 175 100 10 0 8 0 1 0 CUB_0
A 210 100 10 0 1 0 PINTYPE=IN
A 210 110 10 0 7 3 #=V25
P 2885 210 90 180 90 0 3 0
L 175 90 10 0 8 0 1 0 CUB_1
A 210 90 10 0 1 0 PINTYPE=IN
A 210 100 10 0 7 3 #=P24
P 2888 210 80 180 80 0 3 0
L 175 80 10 0 8 0 1 0 CUB_2
A 210 80 10 0 1 0 PINTYPE=IN
A 210 90 10 0 7 3 #=W7
P 2891 210 60 180 60 0 3 0
L 175 60 10 0 8 0 1 0 EXTRESBN
A 210 60 10 0 1 0 PINTYPE=IN
A 210 70 10 0 7 3 #=AA2
P 2894 210 50 180 50 0 3 0
L 175 50 10 0 8 0 1 0 EXTRESBP
A 210 50 10 0 1 0 PINTYPE=IN
A 210 60 10 0 7 3 #=AB1
P 2897 210 40 180 40 0 3 0
L 175 40 10 0 8 0 1 0 EXTRESTN
A 210 40 10 0 1 0 PINTYPE=IN
A 210 50 10 0 7 3 #=K2
P 2900 210 30 180 30 0 3 0
L 175 30 10 0 8 0 1 0 EXTRESTP
A 210 30 10 0 1 0 PINTYPE=IN
A 210 40 10 0 7 3 #=J1
P 2903 210 10 180 10 0 3 0
L 175 10 10 0 8 0 1 0 FERR_N
A 210 10 10 0 1 0 PINTYPE=OUT
A 210 20 10 0 7 3 #=U5
E 
