V 53
K 1397459805 MT43A4G80100NFH-S15_L1.1
F Case
|R 0:16:45_4-14-14
D 0 710 210 0
Y 1
Z 10
i 3303
U 0 -25 5 0 3 0 LEVEL=STD
U 0 -20 5 0 3 0 PARTS=1
U 0 -20 16 0 3 3 REFDES=U?
U 140 -10 10 0 3 3 PKG_TYPE=PKG_TYPE
U 15 315 10 0 9 0 VALUE=VALUE
U 0 700 10 0 3 3 DEVICE=DEVICE
U 15 -15 10 0 1 0 HETERO=(MT43A4G80100NFH-S15_L0),(MT43A4G80100NFH-S15_L1),(MT43A4G80100NFH-S15_L2),(MT43A4G80100NFH-S15_L3),(MT43A4G80100NFH-S15_CNTL),(MT43A4G80100NFH-S15_GND1),(MT43A4G80100NFH-S15_GND2),(MT43A4G80100NFH-S15_PWR),(MT43A4G80100NFH-S15_NC)
U 0 0 10 0 1 0 FORWARD_PCB=1
b 0 0 180 695
P 3107 210 685 180 685 0 3 0
L 175 685 10 0 8 0 1 0 L1RXP_0
A 210 685 10 0 1 0 PINTYPE=IN
A 210 695 10 0 7 3 #=AD18
P 3110 210 675 180 675 0 3 0
L 175 675 10 0 8 0 1 0 L1RXN_0
A 210 675 10 0 1 0 PINTYPE=IN
A 210 685 10 0 7 3 #=AD17
P 3113 210 665 180 665 0 3 0
L 175 665 10 0 8 0 1 0 L1RXP_1
A 210 665 10 0 1 0 PINTYPE=IN
A 210 675 10 0 7 3 #=AE19
P 3116 210 655 180 655 0 3 0
L 175 655 10 0 8 0 1 0 L1RXN_1
A 210 655 10 0 1 0 PINTYPE=IN
A 210 665 10 0 7 3 #=AE18
P 3119 210 645 180 645 0 3 0
L 175 645 10 0 8 0 1 0 L1RXP_2
A 210 645 10 0 1 0 PINTYPE=IN
A 210 655 10 0 7 3 #=AK16
P 3122 210 635 180 635 0 3 0
L 175 635 10 0 8 0 1 0 L1RXN_2
A 210 635 10 0 1 0 PINTYPE=IN
A 210 645 10 0 7 3 #=AK15
P 3125 210 625 180 625 0 3 0
L 175 625 10 0 8 0 1 0 L1RXP_3
A 210 625 10 0 1 0 PINTYPE=IN
A 210 635 10 0 7 3 #=AK24
P 3128 210 615 180 615 0 3 0
L 175 615 10 0 8 0 1 0 L1RXN_3
A 210 615 10 0 1 0 PINTYPE=IN
A 210 625 10 0 7 3 #=AK23
P 3131 210 605 180 605 0 3 0
L 175 605 10 0 8 0 1 0 L1RXP_4
A 210 605 10 0 1 0 PINTYPE=IN
A 210 615 10 0 7 3 #=AF20
P 3134 210 595 180 595 0 3 0
L 175 595 10 0 8 0 1 0 L1RXN_4
A 210 595 10 0 1 0 PINTYPE=IN
A 210 605 10 0 7 3 #=AF19
P 3137 210 585 180 585 0 3 0
L 175 585 10 0 8 0 1 0 L1RXP_5
A 210 585 10 0 1 0 PINTYPE=IN
A 210 595 10 0 7 3 #=AG21
P 3140 210 575 180 575 0 3 0
L 175 575 10 0 8 0 1 0 L1RXN_5
A 210 575 10 0 1 0 PINTYPE=IN
A 210 585 10 0 7 3 #=AG20
P 3143 210 565 180 565 0 3 0
L 175 565 10 0 8 0 1 0 L1RXP_6
A 210 565 10 0 1 0 PINTYPE=IN
A 210 575 10 0 7 3 #=AH22
P 3146 210 555 180 555 0 3 0
L 175 555 10 0 8 0 1 0 L1RXN_6
A 210 555 10 0 1 0 PINTYPE=IN
A 210 565 10 0 7 3 #=AH21
P 3149 210 545 180 545 0 3 0
L 175 545 10 0 8 0 1 0 L1RXP_7
A 210 545 10 0 1 0 PINTYPE=IN
A 210 555 10 0 7 3 #=AJ23
P 3152 210 535 180 535 0 3 0
L 175 535 10 0 8 0 1 0 L1RXN_7
A 210 535 10 0 1 0 PINTYPE=IN
A 210 545 10 0 7 3 #=AJ22
P 3155 210 525 180 525 0 3 0
L 175 525 10 0 8 0 1 0 L1RXP_8
A 210 525 10 0 1 0 PINTYPE=IN
A 210 535 10 0 7 3 #=Y30
P 3158 210 515 180 515 0 3 0
L 175 515 10 0 8 0 1 0 L1RXN_8
A 210 515 10 0 1 0 PINTYPE=IN
A 210 525 10 0 7 3 #=Y29
P 3161 210 505 180 505 0 3 0
L 175 505 10 0 8 0 1 0 L1RXP_9
A 210 505 10 0 1 0 PINTYPE=IN
A 210 515 10 0 7 3 #=W28
P 3164 210 495 180 495 0 3 0
L 175 495 10 0 8 0 1 0 L1RXN_9
A 210 495 10 0 1 0 PINTYPE=IN
A 210 505 10 0 7 3 #=W27
P 3167 210 485 180 485 0 3 0
L 175 485 10 0 8 0 1 0 L1RXP_10
A 210 485 10 0 1 0 PINTYPE=IN
A 210 495 10 0 7 3 #=AH30
P 3170 210 475 180 475 0 3 0
L 175 475 10 0 8 0 1 0 L1RXN_10
A 210 475 10 0 1 0 PINTYPE=IN
A 210 485 10 0 7 3 #=AH29
P 3173 210 465 180 465 0 3 0
L 175 465 10 0 8 0 1 0 L1RXP_11
A 210 465 10 0 1 0 PINTYPE=IN
A 210 475 10 0 7 3 #=AG29
P 3176 210 455 180 455 0 3 0
L 175 455 10 0 8 0 1 0 L1RXN_11
A 210 455 10 0 1 0 PINTYPE=IN
A 210 465 10 0 7 3 #=AG28
P 3179 210 445 180 445 0 3 0
L 175 445 10 0 8 0 1 0 L1RXP_12
A 210 445 10 0 1 0 PINTYPE=IN
A 210 455 10 0 7 3 #=AC25
P 3182 210 435 180 435 0 3 0
L 175 435 10 0 8 0 1 0 L1RXN_12
A 210 435 10 0 1 0 PINTYPE=IN
A 210 445 10 0 7 3 #=AC24
P 3185 210 425 180 425 0 3 0
L 175 425 10 0 8 0 1 0 L1RXP_13
A 210 425 10 0 1 0 PINTYPE=IN
A 210 435 10 0 7 3 #=AD26
P 3188 210 415 180 415 0 3 0
L 175 415 10 0 8 0 1 0 L1RXN_13
A 210 415 10 0 1 0 PINTYPE=IN
A 210 425 10 0 7 3 #=AD25
P 3191 210 405 180 405 0 3 0
L 175 405 10 0 8 0 1 0 L1RXP_14
A 210 405 10 0 1 0 PINTYPE=IN
A 210 415 10 0 7 3 #=AE27
P 3194 210 395 180 395 0 3 0
L 175 395 10 0 8 0 1 0 L1RXN_14
A 210 395 10 0 1 0 PINTYPE=IN
A 210 405 10 0 7 3 #=AE26
P 3197 210 385 180 385 0 3 0
L 175 385 10 0 8 0 1 0 L1RXP_15
A 210 385 10 0 1 0 PINTYPE=IN
A 210 395 10 0 7 3 #=AF28
P 3200 210 375 180 375 0 3 0
L 175 375 10 0 8 0 1 0 L1RXN_15
A 210 375 10 0 1 0 PINTYPE=IN
A 210 385 10 0 7 3 #=AF27
P 3203 210 355 180 355 0 3 0
L 175 355 10 0 8 0 1 0 L1TXP_0
A 210 355 10 0 1 0 PINTYPE=IN
A 210 365 10 0 7 3 #=AF24
P 3206 210 345 180 345 0 3 0
L 175 345 10 0 8 0 1 0 L1TXN_0
A 210 345 10 0 1 0 PINTYPE=IN
A 210 355 10 0 7 3 #=AF23
P 3209 210 335 180 335 0 3 0
L 175 335 10 0 8 0 1 0 L1TXP_1
A 210 335 10 0 1 0 PINTYPE=IN
A 210 345 10 0 7 3 #=AE23
P 3212 210 325 180 325 0 3 0
L 175 325 10 0 8 0 1 0 L1TXN_1
A 210 325 10 0 1 0 PINTYPE=IN
A 210 335 10 0 7 3 #=AE22
P 3215 210 315 180 315 0 3 0
L 175 315 10 0 8 0 1 0 L1TXP_2
A 210 315 10 0 1 0 PINTYPE=IN
A 210 325 10 0 7 3 #=AG17
P 3218 210 305 180 305 0 3 0
L 175 305 10 0 8 0 1 0 L1TXN_2
A 210 305 10 0 1 0 PINTYPE=IN
A 210 315 10 0 7 3 #=AG16
P 3221 210 295 180 295 0 3 0
L 175 295 10 0 8 0 1 0 L1TXP_3
A 210 295 10 0 1 0 PINTYPE=IN
A 210 305 10 0 7 3 #=AH18
P 3224 210 285 180 285 0 3 0
L 175 285 10 0 8 0 1 0 L1TXN_3
A 210 285 10 0 1 0 PINTYPE=IN
A 210 295 10 0 7 3 #=AH17
P 3227 210 275 180 275 0 3 0
L 175 275 10 0 8 0 1 0 L1TXP_4
A 210 275 10 0 1 0 PINTYPE=IN
A 210 285 10 0 7 3 #=AG25
P 3230 210 265 180 265 0 3 0
L 175 265 10 0 8 0 1 0 L1TXN_4
A 210 265 10 0 1 0 PINTYPE=IN
A 210 275 10 0 7 3 #=AG24
P 3233 210 255 180 255 0 3 0
L 175 255 10 0 8 0 1 0 L1TXP_5
A 210 255 10 0 1 0 PINTYPE=IN
A 210 265 10 0 7 3 #=AJ27
P 3236 210 245 180 245 0 3 0
L 175 245 10 0 8 0 1 0 L1TXN_5
A 210 245 10 0 1 0 PINTYPE=IN
A 210 255 10 0 7 3 #=AJ26
P 3239 210 235 180 235 0 3 0
L 175 235 10 0 8 0 1 0 L1TXP_6
A 210 235 10 0 1 0 PINTYPE=IN
A 210 245 10 0 7 3 #=AK20
P 3242 210 225 180 225 0 3 0
L 175 225 10 0 8 0 1 0 L1TXN_6
A 210 225 10 0 1 0 PINTYPE=IN
A 210 235 10 0 7 3 #=AK19
P 3245 210 215 180 215 0 3 0
L 175 215 10 0 8 0 1 0 L1TXP_7
A 210 215 10 0 1 0 PINTYPE=IN
A 210 225 10 0 7 3 #=AJ19
P 3248 210 205 180 205 0 3 0
L 175 205 10 0 8 0 1 0 L1TXN_7
A 210 205 10 0 1 0 PINTYPE=IN
A 210 215 10 0 7 3 #=AJ18
P 3251 210 195 180 195 0 3 0
L 175 195 10 0 8 0 1 0 L1TXP_8
A 210 195 10 0 1 0 PINTYPE=IN
A 210 205 10 0 7 3 #=AA27
P 3254 210 185 180 185 0 3 0
L 175 185 10 0 8 0 1 0 L1TXN_8
A 210 185 10 0 1 0 PINTYPE=IN
A 210 195 10 0 7 3 #=AA26
P 3257 210 175 180 175 0 3 0
L 175 175 10 0 8 0 1 0 L1TXP_9
A 210 175 10 0 1 0 PINTYPE=IN
A 210 185 10 0 7 3 #=Y26
P 3260 210 165 180 165 0 3 0
L 175 165 10 0 8 0 1 0 L1TXN_9
A 210 165 10 0 1 0 PINTYPE=IN
A 210 175 10 0 7 3 #=Y25
P 3263 210 155 180 155 0 3 0
L 175 155 10 0 8 0 1 0 L1TXP_10
A 210 155 10 0 1 0 PINTYPE=IN
A 210 165 10 0 7 3 #=AD22
P 3266 210 145 180 145 0 3 0
L 175 145 10 0 8 0 1 0 L1TXN_10
A 210 145 10 0 1 0 PINTYPE=IN
A 210 155 10 0 7 3 #=AD21
P 3269 210 135 180 135 0 3 0
L 175 135 10 0 8 0 1 0 L1TXP_11
A 210 135 10 0 1 0 PINTYPE=IN
A 210 145 10 0 7 3 #=AH26
P 3272 210 125 180 125 0 3 0
L 175 125 10 0 8 0 1 0 L1TXN_11
A 210 125 10 0 1 0 PINTYPE=IN
A 210 135 10 0 7 3 #=AH25
P 3275 210 115 180 115 0 3 0
L 175 115 10 0 8 0 1 0 L1TXP_12
A 210 115 10 0 1 0 PINTYPE=IN
A 210 125 10 0 7 3 #=AB28
P 3278 210 105 180 105 0 3 0
L 175 105 10 0 8 0 1 0 L1TXN_12
A 210 105 10 0 1 0 PINTYPE=IN
A 210 115 10 0 7 3 #=AB27
P 3281 210 95 180 95 0 3 0
L 175 95 10 0 8 0 1 0 L1TXP_13
A 210 95 10 0 1 0 PINTYPE=IN
A 210 105 10 0 7 3 #=AC29
P 3284 210 85 180 85 0 3 0
L 175 85 10 0 8 0 1 0 L1TXN_13
A 210 85 10 0 1 0 PINTYPE=IN
A 210 95 10 0 7 3 #=AC28
P 3287 210 75 180 75 0 3 0
L 175 75 10 0 8 0 1 0 L1TXP_14
A 210 75 10 0 1 0 PINTYPE=IN
A 210 85 10 0 7 3 #=AD30
P 3290 210 65 180 65 0 3 0
L 175 65 10 0 8 0 1 0 L1TXN_14
A 210 65 10 0 1 0 PINTYPE=IN
A 210 75 10 0 7 3 #=AD29
P 3293 210 55 180 55 0 3 0
L 175 55 10 0 8 0 1 0 L1TXP_15
A 210 55 10 0 1 0 PINTYPE=IN
A 210 65 10 0 7 3 #=AK28
P 3296 210 45 180 45 0 3 0
L 177 45 10 0 8 0 1 0 L1TXN_15
A 210 45 10 0 1 0 PINTYPE=IN
A 210 55 10 0 7 3 #=AK27
P 3299 210 25 180 25 0 3 0
L 175 25 10 0 8 0 1 0 L1RXPS
A 210 25 10 0 1 0 PINTYPE=IN
A 210 35 10 0 7 3 #=P29
P 3302 210 15 180 15 0 3 0
L 175 15 10 0 8 0 1 0 L1TXPS
A 210 15 10 0 1 0 PINTYPE=IN
A 210 25 10 0 7 3 #=V24
E 
