V 51
K 412755402200 mt44k16m36rb_093e
|R 13:50_4-11-14
Y 1
D 0 0 540 900
Z 10
i 342
U 0 -110 10 0 3 0 PKG_SIZE=13.5MMX13.5MM
U 0 -100 10 0 3 0 OPER_TEMP=0C_TO_95C
U 0 -90 10 0 3 0 OWNER=3670
U 0 -80 10 0 3 0 DATE=2013-08-06
U 0 -70 10 0 3 0 DATA_RATE=RL3_1600
U 0 -30 10 0 3 0 MANF_P/N=MT44K16M36RB_093E_A
U 0 -10 10 0 3 0 BUILD=ALL
U 0 -60 10 0 3 0 MANF=MICRON
U 0 -20 10 0 3 0 DESC=RLD3_16MX36_CIO_FBGA168
U 0 -40 10 0 3 0 LEVEL=STD
U 0 -50 10 0 3 0 PARTS=1
U 195 430 16 0 3 3 DEVICE=MT44K16M36RB_093E
U 185 400 16 0 3 3 PKG_TYPE=FBGA168_13_5X13_5MM
P 1 0 420 20 420 0 2 0
A 20 425 10 0 2 0 PINTYPE=IN
A 20 420 10 0 9 3 #=E2
L 20 420 10 0 2 0 1 0 A0
P 2 0 410 20 410 0 2 0
A 20 415 10 0 2 0 PINTYPE=IN
A 20 410 10 0 9 3 #=F5
L 20 410 10 0 2 0 1 0 A1
P 10 0 320 20 320 0 2 0
A 20 325 10 0 2 0 PINTYPE=IN
A 20 320 10 0 9 3 #=H13
L 20 320 10 0 2 0 1 0 A10
P 11 0 310 20 310 0 2 0
A 20 315 10 0 2 0 PINTYPE=IN
A 20 310 10 0 9 3 #=D1
L 20 310 10 0 2 0 1 0 A11
P 12 0 300 20 300 0 2 0
A 20 305 10 0 2 0 PINTYPE=IN
A 20 300 10 0 9 3 #=H11
L 20 300 10 0 2 0 1 0 A12
P 13 0 290 20 290 0 2 0
A 20 295 10 0 2 0 PINTYPE=IN
A 20 290 10 0 9 3 #=D13
L 20 290 10 0 2 0 1 0 A13
P 136 0 280 20 280 0 2 0
A 20 285 10 0 2 0 PINTYPE=IN
A 20 280 10 0 9 3 #=H3
L 20 280 10 0 2 0 1 0 A14
P 135 0 270 20 270 0 2 0
A 20 275 10 0 2 0 PINTYPE=IN
A 20 270 10 0 9 3 #=G2
L 20 270 10 0 2 0 1 0 A15
P 147 0 260 20 260 0 2 0
A 20 265 10 0 2 0 PINTYPE=IN
A 20 260 10 0 9 3 #=H4
L 20 260 10 0 2 0 1 0 A16
P 146 0 250 20 250 0 2 0
A 20 255 10 0 2 0 PINTYPE=IN
A 20 250 10 0 9 3 #=H10
L 20 250 10 0 2 0 1 0 A17
P 145 0 240 20 240 0 2 0
A 20 245 10 0 2 0 PINTYPE=IN
A 20 240 10 0 9 3 #=G12
L 20 240 10 0 2 0 1 0 A18
P 22 0 400 20 400 0 2 0
A 20 405 10 0 2 0 PINTYPE=IN
A 20 400 10 0 9 3 #=F4
L 20 400 10 0 2 0 1 0 A2
P 3 0 390 20 390 0 2 0
A 20 395 10 0 2 0 PINTYPE=IN
A 20 390 10 0 9 3 #=F9
L 20 390 10 0 2 0 1 0 A3
P 4 0 380 20 380 0 2 0
A 20 385 10 0 2 0 PINTYPE=IN
A 20 380 10 0 9 3 #=F10
L 20 380 10 0 2 0 1 0 A4
P 5 0 370 20 370 0 2 0
A 20 375 10 0 2 0 PINTYPE=IN
A 20 370 10 0 9 3 #=F12
L 20 370 10 0 2 0 1 0 A5
P 6 0 360 20 360 0 2 0
A 20 365 10 0 2 0 PINTYPE=IN
A 20 360 10 0 9 3 #=G3
L 20 360 10 0 2 0 1 0 A6
P 7 0 350 20 350 0 2 0
A 20 355 10 0 2 0 PINTYPE=IN
A 20 350 10 0 9 3 #=F1
L 20 350 10 0 2 0 1 0 A7
P 8 0 340 20 340 0 2 0
A 20 345 10 0 2 0 PINTYPE=IN
A 20 340 10 0 9 3 #=G11
L 20 340 10 0 2 0 1 0 A8
P 9 0 330 20 330 0 2 0
A 20 335 10 0 2 0 PINTYPE=IN
A 20 330 10 0 9 3 #=F13
L 20 330 10 0 2 0 1 0 A9
P 14 0 210 20 210 0 2 0
A 20 215 10 0 2 0 PINTYPE=IN
A 20 210 10 0 9 3 #=G9
L 20 210 10 0 2 0 1 0 BA0
P 166 0 200 20 200 0 2 0
A 20 205 10 0 2 0 PINTYPE=IN
A 20 200 10 0 9 3 #=G5
L 20 200 10 0 2 0 1 0 BA1
P 303 0 190 20 190 0 2 0
A 20 195 10 0 2 0 PINTYPE=IN
A 20 190 10 0 9 3 #=H8
L 20 190 10 0 2 0 1 0 BA2
P 304 0 180 20 180 0 2 0
A 20 185 10 0 2 0 PINTYPE=IN
A 20 180 10 0 9 3 #=H6
L 20 180 10 0 2 0 1 0 BA3
P 270 0 120 20 120 0 2 0
A 20 125 10 0 2 0 PINTYPE=IN
A 20 120 10 0 9 3 #=H7
L 20 120 10 0 2 0 1 0 CK
P 271 0 110 20 110 0 2 0
A 20 115 10 0 2 0 PINTYPE=IN
A 20 110 10 0 9 3 #=G7
L 20 110 10 0 2 0 1 0 CK_B
P 314 0 80 20 80 0 2 0
A 20 85 10 0 2 0 PINTYPE=IN
A 20 80 10 0 9 3 #=E12
L 20 80 10 0 2 0 1 0 CS_B
P 153 540 815 520 815 0 3 0
A 520 860 10 0 2 0 PINTYPE=IN
A 520 815 10 0 3 3 #=D7
L 520 815 10 0 8 0 1 0 DK0
P 152 540 805 520 805 0 3 0
A 520 850 10 0 2 0 PINTYPE=IN
A 520 805 10 0 3 3 #=C7
L 520 805 10 0 8 0 1 0 DK0_B
P 310 540 785 520 785 0 3 0
A 520 795 10 0 2 0 PINTYPE=IN
A 520 785 10 0 3 3 #=K7
L 520 785 10 0 8 0 1 0 DK1
P 309 540 775 520 775 0 3 0
A 520 785 10 0 2 0 PINTYPE=IN
A 520 775 10 0 3 3 #=L7
L 520 775 10 0 8 0 1 0 DK1_B
P 316 0 450 20 450 0 2 0
A 20 460 10 4 2 0 PINTYPE=IN
A 20 450 10 4 3 3 #=B7
L 20 450 10 4 8 0 1 0 DM0
P 317 0 440 20 440 0 2 0
A 20 450 10 4 2 0 PINTYPE=IN
A 20 440 10 4 3 3 #=M7
L 20 440 10 4 8 0 1 0 DM1
P 228 0 820 20 820 0 2 0
L 20 815 10 0 3 0 1 0 DQ0
A 0 840 10 0 3 0 PINTYPE=BI
A 20 820 10 0 9 3 #=D11
P 229 0 810 20 810 0 2 0
L 20 805 10 0 3 0 1 0 DQ1
A 0 830 10 0 3 0 PINTYPE=BI
A 20 810 10 0 9 3 #=E10
P 114 0 720 20 720 0 2 0
L 20 715 10 0 3 0 1 0 DQ10
A 0 720 10 0 3 0 PINTYPE=BI
A 20 720 10 0 9 3 #=K11
P 115 0 710 20 710 0 2 0
L 20 705 10 0 3 0 1 0 DQ11
A 0 710 10 0 3 0 PINTYPE=BI
A 20 710 10 0 9 3 #=K13
P 117 0 700 20 700 0 2 0
L 20 695 10 0 3 0 1 0 DQ12
A 0 700 10 0 3 0 PINTYPE=BI
A 20 700 10 0 9 3 #=L8
P 116 0 690 20 690 0 2 0
L 20 685 10 0 3 0 1 0 DQ13
A 0 690 10 0 3 0 PINTYPE=BI
A 20 690 10 0 9 3 #=L10
P 121 0 680 20 680 0 2 0
L 20 675 10 0 3 0 1 0 DQ14
A 0 680 10 0 3 0 PINTYPE=BI
A 20 680 10 0 9 3 #=L12
P 120 0 670 20 670 0 2 0
L 20 665 10 0 3 0 1 0 DQ15
A 0 670 10 0 3 0 PINTYPE=BI
A 20 670 10 0 9 3 #=M9
P 119 0 660 20 660 0 2 0
L 20 655 10 0 3 0 1 0 DQ16
A 0 660 10 0 3 0 PINTYPE=BI
A 20 660 10 0 9 3 #=M11
P 118 0 650 20 650 0 2 0
L 20 645 10 0 3 0 1 0 DQ17
A 0 650 10 0 3 0 PINTYPE=BI
A 20 650 10 0 9 3 #=N8
P 320 0 640 20 640 0 2 0
L 20 635 10 0 3 0 1 0 DQ18
A 0 640 10 0 3 0 PINTYPE=BI
A 20 640 10 0 9 3 #=D3
P 321 0 630 20 630 0 2 0
L 20 625 10 0 3 0 1 0 DQ19
A 0 630 10 0 3 0 PINTYPE=BI
A 20 630 10 0 9 3 #=E4
P 238 0 800 20 800 0 2 0
L 20 795 10 0 3 0 1 0 DQ2
A 0 800 10 0 3 0 PINTYPE=BI
A 20 800 10 0 9 3 #=C8
P 322 0 620 20 620 0 2 0
L 20 615 10 0 3 0 1 0 DQ20
A 0 620 10 0 3 0 PINTYPE=BI
A 20 620 10 0 9 3 #=C6
P 323 0 610 20 610 0 2 0
L 20 605 10 0 3 0 1 0 DQ21
A 0 610 10 0 3 0 PINTYPE=BI
A 20 610 10 0 9 3 #=C4
P 324 0 600 20 600 0 2 0
L 20 595 10 0 3 0 1 0 DQ22
A 0 600 10 0 3 0 PINTYPE=BI
A 20 600 10 0 9 3 #=C2
P 325 0 590 20 590 0 2 0
L 20 585 10 0 3 0 1 0 DQ23
A 0 590 10 0 3 0 PINTYPE=BI
A 20 590 10 0 9 3 #=B5
P 326 0 580 20 580 0 2 0
L 20 575 10 0 3 0 1 0 DQ24
A 0 580 10 0 3 0 PINTYPE=BI
A 20 580 10 0 9 3 #=B3
P 327 0 570 20 570 0 2 0
L 20 565 10 0 3 0 1 0 DQ25
A 0 570 10 0 3 0 PINTYPE=BI
A 20 570 10 0 9 3 #=A6
P 328 0 560 20 560 0 2 0
L 20 555 10 0 3 0 1 0 DQ26
A 0 560 10 0 3 0 PINTYPE=BI
A 20 560 10 0 9 3 #=A4
P 329 0 550 20 550 0 2 0
L 20 545 10 0 3 0 1 0 DQ27
A 0 550 10 0 3 0 PINTYPE=BI
A 20 550 10 0 9 3 #=J4
P 330 0 540 20 540 0 2 0
L 20 535 10 0 3 0 1 0 DQ28
A 0 540 10 0 3 0 PINTYPE=BI
A 20 540 10 0 9 3 #=K3
P 331 0 530 20 530 0 2 0
L 20 525 10 0 3 0 1 0 DQ29
A 0 530 10 0 3 0 PINTYPE=BI
A 20 530 10 0 9 3 #=K1
P 239 0 790 20 790 0 2 0
L 20 785 10 0 3 0 1 0 DQ3
A 0 790 10 0 3 0 PINTYPE=BI
A 20 790 10 0 9 3 #=C10
P 332 0 520 20 520 0 2 0
L 20 515 10 0 3 0 1 0 DQ30
A 0 520 10 0 3 0 PINTYPE=BI
A 20 520 10 0 9 3 #=L6
P 333 0 510 20 510 0 2 0
L 20 505 10 0 3 0 1 0 DQ31
A 0 510 10 0 3 0 PINTYPE=BI
A 20 510 10 0 9 3 #=L4
P 334 0 500 20 500 0 2 0
L 20 495 10 0 3 0 1 0 DQ32
A 0 500 10 0 3 0 PINTYPE=BI
A 20 500 10 0 9 3 #=L2
P 335 0 490 20 490 0 2 0
L 20 485 10 0 3 0 1 0 DQ33
A 0 490 10 0 3 0 PINTYPE=BI
A 20 490 10 0 9 3 #=M5
P 336 0 480 20 480 0 2 0
L 20 475 10 0 3 0 1 0 DQ34
A 0 480 10 0 3 0 PINTYPE=BI
A 20 480 10 0 9 3 #=M3
P 337 0 470 20 470 0 2 0
L 20 465 10 0 3 0 1 0 DQ35
A 0 470 10 0 3 0 PINTYPE=BI
A 20 470 10 0 9 3 #=N6
P 240 0 780 20 780 0 2 0
L 20 775 10 0 3 0 1 0 DQ4
A 0 780 10 0 3 0 PINTYPE=BI
A 20 780 10 0 9 3 #=C12
P 241 0 770 20 770 0 2 0
L 20 765 10 0 3 0 1 0 DQ5
A 0 770 10 0 3 0 PINTYPE=BI
A 20 770 10 0 9 3 #=B9
P 242 0 760 20 760 0 2 0
L 20 755 10 0 3 0 1 0 DQ6
A 0 760 10 0 3 0 PINTYPE=BI
A 20 760 10 0 9 3 #=B11
P 243 0 750 20 750 0 2 0
L 20 745 10 0 3 0 1 0 DQ7
A 0 750 10 0 3 0 PINTYPE=BI
A 20 750 10 0 9 3 #=A8
P 244 0 740 20 740 0 2 0
L 20 735 10 0 3 0 1 0 DQ8
A 0 740 10 0 3 0 PINTYPE=BI
A 20 740 10 0 9 3 #=A10
P 131 0 730 20 730 0 2 0
L 20 725 10 0 3 0 1 0 DQ9
A 0 730 10 0 3 0 PINTYPE=BI
A 20 730 10 0 9 3 #=J10
P 312 0 70 20 70 0 2 0
A 20 75 10 0 2 0 PINTYPE=IN
A 20 70 10 0 9 3 #=E7
L 20 70 10 0 2 0 1 0 MF
P 144 0 230 20 230 0 2 0
A 20 235 10 0 2 0 PINTYPE=IN
A 20 230 10 0 9 3 #=H1
L 20 230 10 0 2 0 1 0 NF_A19
P 319 0 220 20 220 0 2 0
A 20 225 10 0 2 0 PINTYPE=IN
A 20 220 10 0 9 3 #=F2
L 20 220 10 0 2 0 1 0 NF_A20
P 306 540 755 520 755 0 3 0
A 520 765 10 0 2 0 PINTYPE=OUT
A 520 755 10 0 3 3 #=D9
L 520 755 10 0 8 0 1 0 QK0
P 308 540 745 520 745 0 3 0
A 520 755 10 0 2 0 PINTYPE=OUT
A 520 745 10 0 3 3 #=E8
L 520 745 10 0 8 0 1 0 QK0_B
P 307 540 725 520 725 0 3 0
A 520 735 10 0 2 0 PINTYPE=OUT
A 520 725 10 0 3 3 #=K9
L 520 725 10 0 8 0 1 0 QK1
P 305 540 715 520 715 0 3 0
A 520 725 10 0 2 0 PINTYPE=OUT
A 520 715 10 0 3 3 #=J8
L 520 715 10 0 8 0 1 0 QK1_B
P 339 540 695 520 695 0 3 0
A 520 705 10 0 2 0 PINTYPE=OUT
A 520 695 10 0 3 3 #=D5
L 520 695 10 0 8 0 1 0 QK2
P 341 540 685 520 685 0 3 0
A 520 695 10 0 2 0 PINTYPE=OUT
A 520 685 10 0 3 3 #=E6
L 520 685 10 0 8 0 1 0 QK2_B
P 340 540 665 520 665 0 3 0
A 520 675 10 0 2 0 PINTYPE=OUT
A 520 665 10 0 3 3 #=K5
L 520 665 10 0 8 0 1 0 QK3
P 342 540 655 520 655 0 3 0
A 520 665 10 0 2 0 PINTYPE=OUT
A 520 655 10 0 3 3 #=J6
L 520 655 10 0 8 0 1 0 QK3_B
P 24 540 615 520 615 0 3 0
A 520 620 10 4 2 0 PINTYPE=OUT
A 520 615 10 4 9 3 #=J12
L 520 615 10 4 2 0 1 0 QVLD0
P 338 540 605 520 605 0 3 0
A 520 610 10 4 2 0 PINTYPE=OUT
A 520 605 10 4 9 3 #=J2
L 520 605 10 4 2 0 1 0 QVLD1
P 318 0 130 20 130 0 2 0
A 20 135 10 0 2 0 PINTYPE=IN
A 20 130 10 0 9 3 #=F8
L 20 130 10 0 2 0 1 0 REF_B
P 313 0 90 20 90 0 2 0
A 20 95 10 0 2 0 PINTYPE=IN
A 20 90 10 0 9 3 #=A13
L 20 90 10 0 2 0 1 0 RESET_B
P 113 540 390 520 390 0 3 0
A 520 400 10 0 2 0 PINTYPE=IN
A 520 390 10 0 3 3 #=N2
L 520 390 10 0 8 0 1 0 TCK
P 205 540 410 520 410 0 3 0
A 520 420 10 0 2 0 PINTYPE=IN
A 520 410 10 0 3 3 #=N10
L 520 410 10 0 8 0 1 0 TDI
P 204 540 420 520 420 0 3 0
A 520 430 10 0 2 0 PINTYPE=OUT
A 520 420 10 0 3 3 #=N4
L 520 420 10 0 8 0 1 0 TDO
P 112 540 400 520 400 0 3 0
A 520 410 10 0 2 0 PINTYPE=IN
A 520 400 10 0 3 3 #=N12
L 520 400 10 0 8 0 1 0 TMS
P 106 370 900 370 880 0 0 0
A 370 880 10 1 1 0 PINTYPE=IN
A 360 880 10 1 1 3 #=A3
L 370 875 10 1 8 0 1 0 VDD1
P 178 460 900 460 880 0 0 0
A 460 880 10 1 1 0 PINTYPE=IN
A 450 880 10 1 1 3 #=H12
L 460 875 10 1 8 0 1 0 VDD10
P 287 470 900 470 880 0 0 0
A 470 880 10 1 1 0 PINTYPE=IN
A 460 880 10 1 1 3 #=L1
L 470 875 10 1 8 0 1 0 VDD11
P 288 480 900 480 880 0 0 0
A 480 880 10 1 1 0 PINTYPE=IN
A 470 880 10 1 1 3 #=L13
L 480 875 10 1 8 0 1 0 VDD12
P 289 490 900 490 880 0 0 0
A 490 880 10 1 1 0 PINTYPE=IN
A 480 880 10 1 1 3 #=N3
L 490 875 10 1 8 0 1 0 VDD13
P 290 500 900 500 880 0 0 0
A 500 880 10 1 1 0 PINTYPE=IN
A 490 880 10 1 1 3 #=N11
L 500 875 10 1 8 0 1 0 VDD14
P 105 380 900 380 880 0 0 0
A 380 880 10 1 1 0 PINTYPE=IN
A 370 880 10 1 1 3 #=A11
L 380 875 10 1 8 0 1 0 VDD2
P 104 390 900 390 880 0 0 0
A 390 880 10 1 1 0 PINTYPE=IN
A 380 880 10 1 1 3 #=C1
L 390 875 10 1 8 0 1 0 VDD3
P 165 400 900 400 880 0 0 0
A 400 880 10 1 1 0 PINTYPE=IN
A 390 880 10 1 1 3 #=C13
L 400 875 10 1 8 0 1 0 VDD4
P 175 410 900 410 880 0 0 0
A 410 880 10 1 1 0 PINTYPE=IN
A 400 880 10 1 1 3 #=F3
L 410 875 10 1 8 0 1 0 VDD5
P 174 420 900 420 880 0 0 0
A 420 880 10 1 1 0 PINTYPE=IN
A 410 880 10 1 1 3 #=F11
L 420 875 10 1 8 0 1 0 VDD6
P 176 430 900 430 880 0 0 0
A 430 880 10 1 1 0 PINTYPE=IN
A 420 880 10 1 1 3 #=H2
L 430 875 10 1 8 0 1 0 VDD7
P 173 440 900 440 880 0 0 0
A 440 880 10 1 1 0 PINTYPE=IN
A 430 880 10 1 1 3 #=H5
L 440 875 10 1 8 0 1 0 VDD8
P 179 450 900 450 880 0 0 0
A 450 880 10 1 1 0 PINTYPE=IN
A 440 880 10 1 1 3 #=H9
L 450 875 10 1 8 0 1 0 VDD9
P 103 140 900 140 880 0 0 0
A 140 880 10 1 1 0 PINTYPE=IN
A 130 880 10 1 1 3 #=A5
L 140 875 10 1 8 0 1 0 VDDQ1
P 247 230 900 230 880 0 0 0
A 230 880 10 1 1 0 PINTYPE=IN
A 220 880 10 1 1 3 #=E9
L 230 875 10 1 8 0 1 0 VDDQ10
P 248 240 900 240 880 0 0 0
A 240 880 10 1 1 0 PINTYPE=IN
A 230 880 10 1 1 3 #=J1
L 240 875 10 1 8 0 1 0 VDDQ11
P 249 250 900 250 880 0 0 0
A 250 880 10 1 1 0 PINTYPE=IN
A 240 880 10 1 1 3 #=J5
L 250 875 10 1 8 0 1 0 VDDQ12
P 250 260 900 260 880 0 0 0
A 260 880 10 1 1 0 PINTYPE=IN
A 250 880 10 1 1 3 #=J9
L 260 875 10 1 8 0 1 0 VDDQ13
P 251 270 900 270 880 0 0 0
A 270 880 10 1 1 0 PINTYPE=IN
A 260 880 10 1 1 3 #=J13
L 270 875 10 1 8 0 1 0 VDDQ14
P 294 280 900 280 880 0 0 0
A 280 880 10 1 1 0 PINTYPE=IN
A 270 880 10 1 1 3 #=K4
L 280 875 10 1 8 0 1 0 VDDQ15
P 295 290 900 290 880 0 0 0
A 290 880 10 1 1 0 PINTYPE=IN
A 280 880 10 1 1 3 #=K10
L 290 875 10 1 8 0 1 0 VDDQ16
P 296 300 900 300 880 0 0 0
A 300 880 10 1 1 0 PINTYPE=IN
A 290 880 10 1 1 3 #=L3
L 300 875 10 1 8 0 1 0 VDDQ17
P 297 310 900 310 880 0 0 0
A 310 880 10 1 1 0 PINTYPE=IN
A 300 880 10 1 1 3 #=L11
L 310 875 10 1 8 0 1 0 VDDQ18
P 298 320 900 320 880 0 0 0
A 320 880 10 1 1 0 PINTYPE=IN
A 310 880 10 1 1 3 #=M6
L 320 875 10 1 8 0 1 0 VDDQ19
P 102 150 900 150 880 0 0 0
A 150 880 10 1 1 0 PINTYPE=IN
A 140 880 10 1 1 3 #=A9
L 150 875 10 1 8 0 1 0 VDDQ2
P 291 330 900 330 880 0 0 0
A 330 880 10 1 1 0 PINTYPE=IN
A 320 880 10 1 1 3 #=M8
L 330 875 10 1 8 0 1 0 VDDQ20
P 292 340 900 340 880 0 0 0
A 340 880 10 1 1 0 PINTYPE=IN
A 330 880 10 1 1 3 #=N5
L 340 875 10 1 8 0 1 0 VDDQ21
P 293 350 900 350 880 0 0 0
A 350 880 10 1 1 0 PINTYPE=IN
A 340 880 10 1 1 3 #=N9
L 350 875 10 1 8 0 1 0 VDDQ22
P 101 160 900 160 880 0 0 0
A 160 880 10 1 1 0 PINTYPE=IN
A 150 880 10 1 1 3 #=B6
L 160 875 10 1 8 0 1 0 VDDQ3
P 100 170 900 170 880 0 0 0
A 170 880 10 1 1 0 PINTYPE=IN
A 160 880 10 1 1 3 #=B8
L 170 875 10 1 8 0 1 0 VDDQ4
P 107 180 900 180 880 0 0 0
A 180 880 10 1 1 0 PINTYPE=IN
A 170 880 10 1 1 3 #=C3
L 180 875 10 1 8 0 1 0 VDDQ5
P 194 190 900 190 880 0 0 0
A 190 880 10 1 1 0 PINTYPE=IN
A 180 880 10 1 1 3 #=C11
L 190 875 10 1 8 0 1 0 VDDQ6
P 193 200 900 200 880 0 0 0
A 200 880 10 1 1 0 PINTYPE=IN
A 190 880 10 1 1 3 #=D4
L 200 875 10 1 8 0 1 0 VDDQ7
P 192 210 900 210 880 0 0 0
A 210 880 10 1 1 0 PINTYPE=IN
A 200 880 10 1 1 3 #=D10
L 210 875 10 1 8 0 1 0 VDDQ8
P 246 220 900 220 880 0 0 0
A 220 880 10 1 1 0 PINTYPE=IN
A 210 880 10 1 1 3 #=E5
L 220 875 10 1 8 0 1 0 VDDQ9
P 98 90 900 90 880 0 0 0
L 90 875 10 1 8 0 1 0 VEXT1
A 90 880 10 1 1 0 PINTYPE=IN
A 80 880 10 1 1 3 #=B1
P 195 100 900 100 880 0 0 0
L 100 875 10 1 8 0 1 0 VEXT2
A 100 880 10 1 1 0 PINTYPE=IN
A 90 880 10 1 1 3 #=B13
P 301 110 900 110 880 0 0 0
L 110 875 10 1 8 0 1 0 VEXT3
A 110 880 10 1 1 0 PINTYPE=IN
A 100 880 10 1 1 3 #=M1
P 302 120 900 120 880 0 0 0
L 120 875 10 1 8 0 1 0 VEXT4
A 120 880 10 1 1 0 PINTYPE=IN
A 110 880 10 1 1 3 #=M13
P 299 60 900 60 880 0 0 0
L 60 875 10 1 8 0 1 0 VREF1
A 60 880 10 1 1 0 PINTYPE=IN
A 50 880 10 1 1 3 #=A7
P 300 70 900 70 880 0 0 0
L 70 875 10 1 8 0 1 0 VREF2
A 70 880 10 1 1 0 PINTYPE=IN
A 60 880 10 1 1 3 #=N7
P 59 90 0 90 20 0 1 0
A 95 20 10 1 2 0 PINTYPE=IN
A 90 20 10 1 9 3 #=A2
L 90 20 10 1 2 0 1 0 VSS1
P 182 180 0 180 20 0 1 0
A 185 20 10 1 2 0 PINTYPE=IN
A 180 20 10 1 9 3 #=G8
L 180 20 10 1 2 0 1 0 VSS10
P 181 190 0 190 20 0 1 0
A 195 20 10 1 2 0 PINTYPE=IN
A 190 20 10 1 9 3 #=G10
L 190 20 10 1 2 0 1 0 VSS11
P 199 200 0 200 20 0 1 0
A 205 20 10 1 2 0 PINTYPE=IN
A 200 20 10 1 9 3 #=G13
L 200 20 10 1 2 0 1 0 VSS12
P 198 210 0 210 20 0 1 0
A 215 20 10 1 2 0 PINTYPE=IN
A 210 20 10 1 9 3 #=J7
L 210 20 10 1 2 0 1 0 VSS13
P 201 220 0 220 20 0 1 0
A 225 20 10 1 2 0 PINTYPE=IN
A 220 20 10 1 9 3 #=M2
L 220 20 10 1 2 0 1 0 VSS14
P 200 230 0 230 20 0 1 0
A 235 20 10 1 2 0 PINTYPE=IN
A 230 20 10 1 9 3 #=M12
L 230 20 10 1 2 0 1 0 VSS15
P 254 240 0 240 20 0 1 0
A 245 20 10 1 2 0 PINTYPE=IN
A 240 20 10 1 9 3 #=N1
L 240 20 10 1 2 0 1 0 VSS16
P 255 250 0 250 20 0 1 0
A 255 20 10 1 2 0 PINTYPE=IN
A 250 20 10 1 9 3 #=N13
L 250 20 10 1 2 0 1 0 VSS17
P 60 100 0 100 20 0 1 0
A 105 20 10 1 2 0 PINTYPE=IN
A 100 20 10 1 9 3 #=A12
L 100 20 10 1 2 0 1 0 VSS2
P 61 110 0 110 20 0 1 0
A 115 20 10 1 2 0 PINTYPE=IN
A 110 20 10 1 9 3 #=B2
L 110 20 10 1 2 0 1 0 VSS3
P 167 120 0 120 20 0 1 0
A 125 20 10 1 2 0 PINTYPE=IN
A 120 20 10 1 9 3 #=B12
L 120 20 10 1 2 0 1 0 VSS4
P 168 130 0 130 20 0 1 0
A 135 20 10 1 2 0 PINTYPE=IN
A 130 20 10 1 9 3 #=E1
L 130 20 10 1 2 0 1 0 VSS5
P 170 140 0 140 20 0 1 0
A 145 20 10 1 2 0 PINTYPE=IN
A 140 20 10 1 9 3 #=E13
L 140 20 10 1 2 0 1 0 VSS6
P 169 150 0 150 20 0 1 0
A 155 20 10 1 2 0 PINTYPE=IN
A 150 20 10 1 9 3 #=G1
L 150 20 10 1 2 0 1 0 VSS7
P 184 160 0 160 20 0 1 0
A 165 20 10 1 2 0 PINTYPE=IN
A 160 20 10 1 9 3 #=G4
L 160 20 10 1 2 0 1 0 VSS8
P 183 170 0 170 20 0 1 0
A 175 20 10 1 2 0 PINTYPE=IN
A 170 20 10 1 9 3 #=G6
L 170 20 10 1 2 0 1 0 VSS9
P 256 270 0 270 20 0 1 0
A 275 20 10 1 2 0 PINTYPE=IN
A 270 20 10 1 9 3 #=B4
L 270 20 10 1 2 0 1 0 VSSQ1
P 280 360 0 360 20 0 1 0
A 365 20 10 1 2 0 PINTYPE=IN
A 360 20 10 1 9 3 #=E11
L 360 20 10 1 2 0 1 0 VSSQ10
P 279 370 0 370 20 0 1 0
A 375 20 10 1 2 0 PINTYPE=IN
A 370 20 10 1 9 3 #=J3
L 370 20 10 1 2 0 1 0 VSSQ11
P 278 380 0 380 20 0 1 0
A 385 20 10 1 2 0 PINTYPE=IN
A 380 20 10 1 9 3 #=J11
L 380 20 10 1 2 0 1 0 VSSQ12
P 277 390 0 390 20 0 1 0
A 395 20 10 1 2 0 PINTYPE=IN
A 390 20 10 1 9 3 #=K2
L 390 20 10 1 2 0 1 0 VSSQ13
P 276 400 0 400 20 0 1 0
A 405 20 10 1 2 0 PINTYPE=IN
A 400 20 10 1 9 3 #=K6
L 400 20 10 1 2 0 1 0 VSSQ14
P 275 410 0 410 20 0 1 0
A 415 20 10 1 2 0 PINTYPE=IN
A 410 20 10 1 9 3 #=K8
L 410 20 10 1 2 0 1 0 VSSQ15
P 274 420 0 420 20 0 1 0
A 425 20 10 1 2 0 PINTYPE=IN
A 420 20 10 1 9 3 #=K12
L 420 20 10 1 2 0 1 0 VSSQ16
P 286 430 0 430 20 0 1 0
A 435 20 10 1 2 0 PINTYPE=IN
A 430 20 10 1 9 3 #=L5
L 430 20 10 1 2 0 1 0 VSSQ17
P 285 440 0 440 20 0 1 0
A 445 20 10 1 2 0 PINTYPE=IN
A 440 20 10 1 9 3 #=L9
L 440 20 10 1 2 0 1 0 VSSQ18
P 284 450 0 450 20 0 1 0
A 455 20 10 1 2 0 PINTYPE=IN
A 450 20 10 1 9 3 #=M4
L 450 20 10 1 2 0 1 0 VSSQ19
P 257 280 0 280 20 0 1 0
A 285 20 10 1 2 0 PINTYPE=IN
A 280 20 10 1 9 3 #=B10
L 280 20 10 1 2 0 1 0 VSSQ2
P 283 460 0 460 20 0 1 0
A 465 20 10 1 2 0 PINTYPE=IN
A 460 20 10 1 9 3 #=M10
L 460 20 10 1 2 0 1 0 VSSQ20
P 258 290 0 290 20 0 1 0
A 295 20 10 1 2 0 PINTYPE=IN
A 290 20 10 1 9 3 #=C5
L 290 20 10 1 2 0 1 0 VSSQ3
P 259 300 0 300 20 0 1 0
A 305 20 10 1 2 0 PINTYPE=IN
A 300 20 10 1 9 3 #=C9
L 300 20 10 1 2 0 1 0 VSSQ4
P 260 310 0 310 20 0 1 0
A 315 20 10 1 2 0 PINTYPE=IN
A 310 20 10 1 9 3 #=D2
L 310 20 10 1 2 0 1 0 VSSQ5
P 261 320 0 320 20 0 1 0
A 325 20 10 1 2 0 PINTYPE=IN
A 320 20 10 1 9 3 #=D6
L 320 20 10 1 2 0 1 0 VSSQ6
P 262 330 0 330 20 0 1 0
A 335 20 10 1 2 0 PINTYPE=IN
A 330 20 10 1 9 3 #=D8
L 330 20 10 1 2 0 1 0 VSSQ7
P 263 340 0 340 20 0 1 0
A 345 20 10 1 2 0 PINTYPE=IN
A 340 20 10 1 9 3 #=D12
L 340 20 10 1 2 0 1 0 VSSQ8
P 281 350 0 350 20 0 1 0
A 355 20 10 1 2 0 PINTYPE=IN
A 350 20 10 1 9 3 #=E3
L 350 20 10 1 2 0 1 0 VSSQ9
P 315 0 140 20 140 0 2 0
A 20 145 10 0 2 0 PINTYPE=IN
A 20 140 10 0 9 3 #=F6
L 20 140 10 0 2 0 1 0 WE_B
P 209 540 180 520 180 0 3 0
A 520 190 10 0 2 0 PINTYPE=IN
A 520 180 10 0 3 3 #=F7
L 520 180 10 0 8 0 1 0 ZQ
U -15 880 18 0 3 3 REFDES=U?
b 20 20 520 880
U 220 370 16 0 3 3 VALUE=RLDRAM_3
E
