V 53
K 1424541433 mt44k32m36a_CLK_DATA_ADDRESS.1
F Case
|R 9:57:13_2-21-15
D 0 830 245 0
Y 1
Z 10
i 91
U 30 780 10 0 3 3 DEVICE=XXXXXXX
U 30 50 16 0 1 3 REFDES=U?
U 185 35 10 0 9 3 PKG_TYPE=XXXXXXX
U 0 0 10 0 3 0 HETERO=mt44k32m36a_CLK_DATA_ADDRESS,mt44k32m36a_POWER_REF_VOLT
U 0 0 10 0 1 0 FORWARD_PCB=1
b 30 50 215 780
T 125 740 20 0 5 DATA / ADDRESS
T 125 760 20 0 5 MT44K32M36
P 1 0 710 30 710 0 2 0
L 35 710 10 0 2 0 1 0 DQ35
A 25 710 10 0 9 3 #=N6
A 25 710 10 0 9 0 PINTYPE=BI
P 2 0 700 30 700 0 2 0
L 35 700 10 0 2 0 1 0 DQ34
A 25 700 10 0 9 3 #=M3
A 25 700 10 0 9 0 PINTYPE=BI
P 3 0 690 30 690 0 2 0
L 35 690 10 0 2 0 1 0 DQ33
A 25 690 10 0 9 3 #=M5
A 25 690 10 0 9 0 PINTYPE=BI
P 4 0 680 30 680 0 2 0
L 35 680 10 0 2 0 1 0 DQ32
A 25 680 10 0 9 3 #=L2
A 25 680 10 0 9 0 PINTYPE=BI
P 5 0 670 30 670 0 2 0
L 35 670 10 0 2 0 1 0 DQ31
A 25 670 10 0 9 3 #=L4
A 25 670 10 0 9 0 PINTYPE=BI
P 6 0 660 30 660 0 2 0
L 35 660 10 0 2 0 1 0 DQ30
A 25 660 10 0 9 3 #=L6
A 25 660 10 0 9 0 PINTYPE=BI
P 7 0 650 30 650 0 2 0
L 35 650 10 0 2 0 1 0 DQ29
A 25 650 10 0 9 3 #=K1
A 25 650 10 0 9 0 PINTYPE=BI
P 8 0 640 30 640 0 2 0
L 35 640 10 0 2 0 1 0 DQ28
A 25 640 10 0 9 3 #=K3
A 25 640 10 0 9 0 PINTYPE=BI
P 9 0 630 30 630 0 2 0
L 35 630 10 0 2 0 1 0 DQ27
A 25 630 10 0 9 3 #=J4
A 25 630 10 0 9 0 PINTYPE=BI
P 10 0 620 30 620 0 2 0
L 35 620 10 0 2 0 1 0 DQ26
A 25 620 10 0 9 3 #=A4
A 25 620 10 0 9 0 PINTYPE=BI
P 11 0 610 30 610 0 2 0
L 35 610 10 0 2 0 1 0 DQ25
A 25 610 10 0 9 3 #=A6
A 25 610 10 0 9 0 PINTYPE=BI
P 12 0 600 30 600 0 2 0
L 35 600 10 0 2 0 1 0 DQ24
A 25 600 10 0 9 3 #=B3
A 25 600 10 0 9 0 PINTYPE=BI
P 13 0 590 30 590 0 2 0
L 35 590 10 0 2 0 1 0 DQ23
A 25 590 10 0 9 3 #=B5
A 25 590 10 0 9 0 PINTYPE=BI
P 14 0 580 30 580 0 2 0
L 35 580 10 0 2 0 1 0 DQ22
A 25 580 10 0 9 3 #=C2
A 25 580 10 0 9 0 PINTYPE=BI
P 15 0 570 30 570 0 2 0
L 35 570 10 0 2 0 1 0 DQ21
A 25 570 10 0 9 3 #=C4
A 25 570 10 0 9 0 PINTYPE=BI
P 16 0 560 30 560 0 2 0
L 35 560 10 0 2 0 1 0 DQ20
A 25 560 10 0 9 3 #=C6
A 25 560 10 0 9 0 PINTYPE=BI
P 17 0 550 30 550 0 2 0
L 35 550 10 0 2 0 1 0 DQ19
A 25 550 10 0 9 3 #=E4
A 25 550 10 0 9 0 PINTYPE=BI
P 18 0 540 30 540 0 2 0
L 35 540 10 0 2 0 1 0 DQ18
A 25 540 10 0 9 3 #=D3
A 25 540 10 0 9 0 PINTYPE=BI
P 19 0 530 30 530 0 2 0
L 35 530 10 0 2 0 1 0 DQ17
A 25 530 10 0 9 3 #=N8
A 25 530 10 0 9 0 PINTYPE=BI
P 20 0 520 30 520 0 2 0
L 35 520 10 0 2 0 1 0 DQ16
A 25 520 10 0 9 3 #=M11
A 25 520 10 0 9 0 PINTYPE=BI
P 21 0 510 30 510 0 2 0
L 35 510 10 0 2 0 1 0 DQ15
A 25 510 10 0 9 3 #=M9
A 25 510 10 0 9 0 PINTYPE=BI
P 22 0 500 30 500 0 2 0
L 35 500 10 0 2 0 1 0 DQ14
A 25 500 10 0 9 3 #=L12
A 25 500 10 0 9 0 PINTYPE=BI
P 23 0 490 30 490 0 2 0
L 35 490 10 0 2 0 1 0 DQ13
A 25 490 10 0 9 3 #=L10
A 25 490 10 0 9 0 PINTYPE=BI
P 24 0 480 30 480 0 2 0
L 35 480 10 0 2 0 1 0 DQ12
A 25 480 10 0 9 3 #=L8
A 25 480 10 0 9 0 PINTYPE=BI
P 25 0 470 30 470 0 2 0
L 35 470 10 0 2 0 1 0 DQ11
A 25 470 10 0 9 3 #=K13
A 25 470 10 0 9 0 PINTYPE=BI
P 26 0 460 30 460 0 2 0
L 35 460 10 0 2 0 1 0 DQ10
A 25 460 10 0 9 3 #=K11
A 25 460 10 0 9 0 PINTYPE=BI
P 27 0 450 30 450 0 2 0
L 35 450 10 0 2 0 1 0 DQ9
A 25 450 10 0 9 3 #=J10
A 25 450 10 0 9 0 PINTYPE=BI
P 28 0 440 30 440 0 2 0
L 35 440 10 0 2 0 1 0 DQ8
A 25 440 10 0 9 3 #=A10
A 25 440 10 0 9 0 PINTYPE=BI
P 29 0 430 30 430 0 2 0
L 35 430 10 0 2 0 1 0 DQ7
A 25 430 10 0 9 3 #=A8
A 25 430 10 0 9 0 PINTYPE=BI
P 30 0 420 30 420 0 2 0
L 35 420 10 0 2 0 1 0 DQ6
A 25 420 10 0 9 3 #=B11
A 25 420 10 0 9 0 PINTYPE=BI
P 31 0 410 30 410 0 2 0
L 35 410 10 0 2 0 1 0 DQ5
A 25 410 10 0 9 3 #=B9
A 25 410 10 0 9 0 PINTYPE=BI
P 32 0 400 30 400 0 2 0
L 35 400 10 0 2 0 1 0 DQ4
A 25 400 10 0 9 3 #=C12
A 25 400 10 0 9 0 PINTYPE=BI
P 33 0 390 30 390 0 2 0
L 35 390 10 0 2 0 1 0 DQ3
A 25 390 10 0 9 3 #=C10
A 25 390 10 0 9 0 PINTYPE=BI
P 34 0 380 30 380 0 2 0
L 35 380 10 0 2 0 1 0 DQ2
A 25 380 10 0 9 3 #=C8
A 25 380 10 0 9 0 PINTYPE=BI
P 35 0 370 30 370 0 2 0
L 35 370 10 0 2 0 1 0 DQ1
A 25 370 10 0 9 3 #=E10
A 25 370 10 0 9 0 PINTYPE=BI
P 36 0 360 30 360 0 2 0
L 35 360 10 0 2 0 1 0 DQ0
A 25 360 10 0 9 3 #=D11
A 25 360 10 0 9 0 PINTYPE=BI
P 37 0 340 30 340 0 2 0
L 35 340 10 0 2 0 1 0 BA3
A 25 340 10 0 9 3 #=H6
A 25 340 10 0 9 0 PINTYPE=BI
P 38 0 330 30 330 0 2 0
L 35 330 10 0 2 0 1 0 BA2
A 25 330 10 0 9 3 #=H8
A 25 330 10 0 9 0 PINTYPE=BI
P 39 0 320 30 320 0 2 0
L 35 320 10 0 2 0 1 0 BA1
A 25 320 10 0 9 3 #=G5
A 25 320 10 0 9 0 PINTYPE=BI
P 40 0 310 30 310 0 2 0
L 35 310 10 0 2 0 1 0 BA0
A 25 310 10 0 9 3 #=G9
A 25 310 10 0 9 0 PINTYPE=BI
P 41 0 290 30 290 0 2 0
L 35 290 10 0 2 0 1 0 DM1
A 25 290 10 0 9 3 #=M7
A 25 290 10 0 9 0 PINTYPE=BI
P 42 0 280 30 280 0 2 0
L 35 280 10 0 2 0 1 0 DM0
A 25 280 10 0 9 3 #=B7
A 25 280 10 0 9 0 PINTYPE=BI
P 43 0 260 30 260 0 2 0
L 35 260 10 0 2 0 1 0 QVLD1
A 25 260 10 0 9 3 #=J2
A 25 260 10 0 9 0 PINTYPE=BI
P 44 0 250 30 250 0 2 0
L 35 250 10 0 2 0 1 0 QVLD0
A 25 250 10 0 9 3 #=J12
A 25 250 10 0 9 0 PINTYPE=BI
P 45 0 230 30 230 0 2 0
L 35 230 10 0 2 0 1 0 REF_B
A 25 230 10 0 9 3 #=F8
A 25 230 10 0 9 0 PINTYPE=BI
P 46 0 220 30 220 0 2 0
L 35 220 10 0 2 0 1 0 WE_B
A 25 220 10 0 9 3 #=F6
A 25 220 10 0 9 0 PINTYPE=BI
P 47 0 200 30 200 0 2 0
L 35 200 10 0 2 0 1 0 DK1_P
A 25 200 10 0 9 3 #=K7
A 25 200 10 0 9 0 PINTYPE=BI
P 48 0 190 30 190 0 2 0
L 35 190 10 0 2 0 1 0 DK1_N
A 25 190 10 0 9 3 #=L7
A 25 190 10 0 9 0 PINTYPE=BI
P 49 0 170 30 170 0 2 0
L 35 170 10 0 2 0 1 0 DK0_P
A 25 170 10 0 9 3 #=D7
A 25 170 10 0 9 0 PINTYPE=BI
P 50 0 160 30 160 0 2 0
L 35 160 10 0 2 0 1 0 DK0_N
A 25 160 10 0 9 3 #=C7
A 25 160 10 0 9 0 PINTYPE=BI
P 51 0 140 30 140 0 2 0
L 35 140 10 0 2 0 1 0 CK_P
A 25 140 10 0 9 3 #=H7
A 25 140 10 0 9 0 PINTYPE=BI
P 52 0 130 30 130 0 2 0
L 35 130 10 0 2 0 1 0 CK_N
A 25 130 10 0 9 3 #=G7
A 25 130 10 0 9 0 PINTYPE=BI
P 53 0 110 30 110 0 2 0
L 35 110 10 0 2 0 1 0 CS0_B
A 25 110 10 0 9 3 #=E12
A 25 110 10 0 9 0 PINTYPE=BI
P 54 0 100 30 100 0 2 0
L 35 100 10 0 2 0 1 0 NF_CS1
A 25 100 10 0 9 3 #=F2
A 25 100 10 0 9 0 PINTYPE=BI
P 55 0 80 30 80 0 2 0
L 35 80 10 0 2 0 1 0 RESET_B
A 25 80 10 0 9 3 #=A13
A 25 80 10 0 9 0 PINTYPE=BI
P 56 245 710 215 710 0 3 0
L 210 710 10 0 8 0 1 0 A19
A 220 710 10 0 3 3 #=H1
A 210 710 10 0 3 0 PINTYPE=BI
P 57 245 700 215 700 0 3 0
L 210 700 10 0 8 0 1 0 A18
A 220 700 10 0 3 3 #=G12
A 210 700 10 0 3 0 PINTYPE=BI
P 58 245 690 215 690 0 3 0
L 210 690 10 0 8 0 1 0 A17
A 220 690 10 0 3 3 #=H10
A 210 690 10 0 3 0 PINTYPE=BI
P 59 245 680 215 680 0 3 0
L 210 680 10 0 8 0 1 0 A16
A 220 680 10 0 3 3 #=H4
A 210 680 10 0 3 0 PINTYPE=BI
P 60 245 670 215 670 0 3 0
L 210 670 10 0 8 0 1 0 A15
A 220 670 10 0 3 3 #=G2
A 210 670 10 0 3 0 PINTYPE=BI
P 61 245 660 215 660 0 3 0
L 210 660 10 0 8 0 1 0 A14
A 220 660 10 0 3 3 #=H3
A 210 660 10 0 3 0 PINTYPE=BI
P 62 245 650 215 650 0 3 0
L 210 650 10 0 8 0 1 0 A13
A 220 650 10 0 3 3 #=D13
A 210 650 10 0 3 0 PINTYPE=BI
P 63 245 640 215 640 0 3 0
L 210 640 10 0 8 0 1 0 A12
A 220 640 10 0 3 3 #=H11
A 210 640 10 0 3 0 PINTYPE=BI
P 64 245 630 215 630 0 3 0
L 210 630 10 0 8 0 1 0 A11
A 220 630 10 0 3 3 #=D1
A 210 630 10 0 3 0 PINTYPE=BI
P 65 245 620 215 620 0 3 0
L 210 620 10 0 8 0 1 0 A10
A 220 620 10 0 3 3 #=H13
A 210 620 10 0 3 0 PINTYPE=BI
P 66 245 610 215 610 0 3 0
L 210 610 10 0 8 0 1 0 A9
A 220 610 10 0 3 3 #=F13
A 210 610 10 0 3 0 PINTYPE=BI
P 67 245 600 215 600 0 3 0
L 210 600 10 0 8 0 1 0 A8
A 220 600 10 0 3 3 #=G11
A 210 600 10 0 3 0 PINTYPE=BI
P 68 245 590 215 590 0 3 0
L 210 590 10 0 8 0 1 0 A7
A 220 590 10 0 3 3 #=F1
A 210 590 10 0 3 0 PINTYPE=BI
P 69 245 580 215 580 0 3 0
L 210 580 10 0 8 0 1 0 A6
A 220 580 10 0 3 3 #=G3
A 210 580 10 0 3 0 PINTYPE=BI
P 70 245 570 215 570 0 3 0
L 210 570 10 0 8 0 1 0 A5
A 220 570 10 0 3 3 #=F12
A 210 570 10 0 3 0 PINTYPE=BI
P 71 245 560 215 560 0 3 0
L 210 560 10 0 8 0 1 0 A4
A 220 560 10 0 3 3 #=F10
A 210 560 10 0 3 0 PINTYPE=BI
P 72 245 550 215 550 0 3 0
L 210 550 10 0 8 0 1 0 A3
A 220 550 10 0 3 3 #=F9
A 210 550 10 0 3 0 PINTYPE=BI
P 73 245 540 215 540 0 3 0
L 210 540 10 0 8 0 1 0 A2
A 220 540 10 0 3 3 #=F4
A 210 540 10 0 3 0 PINTYPE=BI
P 74 245 530 215 530 0 3 0
L 210 530 10 0 8 0 1 0 A1
A 220 530 10 0 3 3 #=F5
A 210 530 10 0 3 0 PINTYPE=BI
P 75 245 520 215 520 0 3 0
L 210 520 10 0 8 0 1 0 A0
A 220 520 10 0 3 3 #=E2
A 210 520 10 0 3 0 PINTYPE=BI
P 76 245 500 215 500 0 3 0
L 210 500 10 0 8 0 1 0 MF
A 220 500 10 0 3 3 #=E7
A 210 500 10 0 3 0 PINTYPE=BI
P 78 245 460 215 460 0 3 0
L 210 460 10 0 8 0 1 0 QK0
A 220 460 10 0 3 3 #=D9
A 210 460 10 0 3 0 PINTYPE=BI
P 79 245 450 215 450 0 3 0
L 210 450 10 0 8 0 1 0 QK0_B
A 220 450 10 0 3 3 #=E8
A 210 450 10 0 3 0 PINTYPE=BI
P 80 245 440 215 440 0 3 0
L 210 440 10 0 8 0 1 0 QK1
A 220 440 10 0 3 3 #=K9
A 210 440 10 0 3 0 PINTYPE=BI
P 81 245 430 215 430 0 3 0
L 210 430 10 0 8 0 1 0 QK1_B
A 220 430 10 0 3 3 #=J8
A 210 430 10 0 3 0 PINTYPE=BI
P 82 245 420 215 420 0 3 0
L 210 420 10 0 8 0 1 0 QK2
A 220 420 10 0 3 3 #=D5
A 210 420 10 0 3 0 PINTYPE=BI
P 83 245 410 215 410 0 3 0
L 210 410 10 0 8 0 1 0 QK2_B
A 220 410 10 0 3 3 #=E6
A 210 410 10 0 3 0 PINTYPE=BI
P 84 245 400 215 400 0 3 0
L 210 400 10 0 8 0 1 0 QK3
A 220 400 10 0 3 3 #=K5
A 210 400 10 0 3 0 PINTYPE=BI
P 85 245 390 215 390 0 3 0
L 210 390 10 0 8 0 1 0 QK3_B
A 220 390 10 0 3 3 #=J6
A 210 390 10 0 3 0 PINTYPE=BI
P 86 245 370 215 370 0 3 0
L 210 370 10 0 8 0 1 0 TCK
A 220 370 10 0 3 3 #=N2
A 210 370 10 0 3 0 PINTYPE=BI
P 87 245 360 215 360 0 3 0
L 210 360 10 0 8 0 1 0 TMS
A 220 360 10 0 3 3 #=N12
A 210 360 10 0 3 0 PINTYPE=BI
P 88 245 350 215 350 0 3 0
L 210 350 10 0 8 0 1 0 TDI
A 220 350 10 0 3 3 #=N10
A 210 350 10 0 3 0 PINTYPE=BI
P 89 245 340 215 340 0 3 0
L 210 340 10 0 8 0 1 0 TDO
A 220 340 10 0 3 3 #=N4
A 210 340 10 0 3 0 PINTYPE=BI
P 90 245 320 215 320 0 3 0
L 210 320 10 0 8 0 1 0 ZQ
A 220 320 10 0 3 3 #=F7
A 210 320 10 0 3 0 PINTYPE=BI
E 
