V 53
K 1477615357 MTFC4GMVEA.1
F Case
|R 17:42:37_10-27-16
D 0 920 170 0
Y 1
Z 10
i 477
U 20 900 10 0 3 3 DEVICE=MTFC4GACAJCN
U 20 0 16 0 3 3 REFDES=U?
U 0 -30 10 0 3 0 PARTS=1
U 0 -40 10 0 3 0 LEVEL=STD
U 150 0 10 0 9 3 PKG_TYPE=MTFC4GACAJCN_TBD
U 0 0 10 0 1 0 FORWARD_PCB=1
b 20 20 150 900
P 17 0 880 20 880 0 2 0
L 25 880 10 0 2 0 1 0 NC1
A 0 880 10 0 1 0 PINTYPE=BI
A 10 880 10 0 6 3 #=A1
P 20 0 870 20 870 0 2 0
L 25 870 10 0 2 0 1 0 NC2
A 0 870 10 0 1 0 PINTYPE=BI
A 10 870 10 0 6 3 #=A2
P 23 0 860 20 860 0 2 0
L 25 860 10 0 2 0 1 0 NC3
A 0 860 10 0 1 0 PINTYPE=BI
A 10 860 10 0 6 3 #=A8
P 26 0 850 20 850 0 2 0
L 25 850 10 0 2 0 1 0 NC4
A 0 850 10 0 1 0 PINTYPE=BI
A 10 850 10 0 6 3 #=A9
P 29 0 840 20 840 0 2 0
L 25 840 10 0 2 0 1 0 NC5
A 0 840 10 0 1 0 PINTYPE=BI
A 10 840 10 0 6 3 #=A10
P 32 0 830 20 830 0 2 0
L 25 830 10 0 2 0 1 0 NC6
A 0 830 10 0 1 0 PINTYPE=BI
A 10 830 10 0 6 3 #=A11
P 35 0 820 20 820 0 2 0
L 25 820 10 0 2 0 1 0 NC7
A 0 820 10 0 1 0 PINTYPE=BI
A 10 820 10 0 6 3 #=A12
P 38 0 810 20 810 0 2 0
L 25 810 10 0 2 0 1 0 NC8
A 0 810 10 0 1 0 PINTYPE=BI
A 10 810 10 0 6 3 #=A13
P 41 0 800 20 800 0 2 0
L 25 800 10 0 2 0 1 0 NC9
A 0 800 10 0 1 0 PINTYPE=BI
A 10 800 10 0 6 3 #=A14
P 44 0 790 20 790 0 2 0
L 25 790 10 0 2 0 1 0 NC10
A 0 790 10 0 1 0 PINTYPE=BI
A 10 790 10 0 6 3 #=B1
P 47 0 780 20 780 0 2 0
L 25 780 10 0 2 0 1 0 NC11
A 0 780 10 0 1 0 PINTYPE=BI
A 10 780 10 0 6 3 #=B7
P 50 0 770 20 770 0 2 0
L 25 770 10 0 2 0 1 0 NC12
A 0 770 10 0 1 0 PINTYPE=BI
A 10 770 10 0 6 3 #=B8
P 53 0 760 20 760 0 2 0
L 25 760 10 0 2 0 1 0 NC13
A 0 760 10 0 1 0 PINTYPE=BI
A 10 760 10 0 6 3 #=B9
P 56 0 750 20 750 0 2 0
L 25 750 10 0 2 0 1 0 NC14
A 0 750 10 0 1 0 PINTYPE=BI
A 10 750 10 0 6 3 #=B10
P 59 0 740 20 740 0 2 0
L 25 740 10 0 2 0 1 0 NC15
A 0 740 10 0 1 0 PINTYPE=BI
A 10 740 10 0 6 3 #=B11
P 62 0 730 20 730 0 2 0
L 25 730 10 0 2 0 1 0 NC16
A 0 730 10 0 1 0 PINTYPE=BI
A 10 730 10 0 6 3 #=B12
P 65 0 720 20 720 0 2 0
L 25 720 10 0 2 0 1 0 NC17
A 0 720 10 0 1 0 PINTYPE=BI
A 10 720 10 0 6 3 #=B13
P 68 0 710 20 710 0 2 0
L 25 710 10 0 2 0 1 0 NC18
A 0 710 10 0 1 0 PINTYPE=BI
A 10 710 10 0 6 3 #=B14
P 71 0 700 20 700 0 2 0
L 25 700 10 0 2 0 1 0 NC19
A 0 700 10 0 1 0 PINTYPE=BI
A 10 700 10 0 6 3 #=C1
P 74 0 690 20 690 0 2 0
L 25 690 10 0 2 0 1 0 NC20
A 0 690 10 0 1 0 PINTYPE=BI
A 10 690 10 0 6 3 #=C3
P 77 0 680 20 680 0 2 0
L 25 680 10 0 2 0 1 0 NC21
A 0 680 10 0 1 0 PINTYPE=BI
A 10 680 10 0 6 3 #=C7
P 80 0 670 20 670 0 2 0
L 25 670 10 0 2 0 1 0 NC22
A 0 670 10 0 1 0 PINTYPE=BI
A 10 670 10 0 6 3 #=C8
P 83 0 660 20 660 0 2 0
L 25 660 10 0 2 0 1 0 NC23
A 0 660 10 0 1 0 PINTYPE=BI
A 10 660 10 0 6 3 #=C9
P 86 0 650 20 650 0 2 0
L 25 650 10 0 2 0 1 0 NC24
A 0 650 10 0 1 0 PINTYPE=BI
A 10 650 10 0 6 3 #=C10
P 89 0 640 20 640 0 2 0
L 25 640 10 0 2 0 1 0 NC25
A 0 640 10 0 1 0 PINTYPE=BI
A 10 640 10 0 6 3 #=C11
P 92 0 630 20 630 0 2 0
L 25 630 10 0 2 0 1 0 NC26
A 0 630 10 0 1 0 PINTYPE=BI
A 10 630 10 0 6 3 #=C12
P 95 0 620 20 620 0 2 0
L 25 620 10 0 2 0 1 0 NC27
A 0 620 10 0 1 0 PINTYPE=BI
A 10 620 10 0 6 3 #=C13
P 98 0 610 20 610 0 2 0
L 25 610 10 0 2 0 1 0 NC28
A 0 610 10 0 1 0 PINTYPE=BI
A 10 610 10 0 6 3 #=C14
P 101 0 600 20 600 0 2 0
L 25 600 10 0 2 0 1 0 NC29
A 0 600 10 0 1 0 PINTYPE=BI
A 10 600 10 0 6 3 #=D1
P 104 0 590 20 590 0 2 0
L 25 590 10 0 2 0 1 0 NC30
A 0 590 10 0 1 0 PINTYPE=BI
A 10 590 10 0 6 3 #=D2
P 107 0 580 20 580 0 2 0
L 25 580 10 0 2 0 1 0 NC31
A 0 580 10 0 1 0 PINTYPE=BI
A 10 580 10 0 6 3 #=D3
P 110 0 570 20 570 0 2 0
L 25 570 10 0 2 0 1 0 NC32
A 0 570 10 0 1 0 PINTYPE=BI
A 10 570 10 0 6 3 #=D4
P 113 0 560 20 560 0 2 0
L 25 560 10 0 2 0 1 0 NC33
A 0 560 10 0 1 0 PINTYPE=BI
A 10 560 10 0 6 3 #=D12
P 116 0 550 20 550 0 2 0
L 25 550 10 0 2 0 1 0 NC34
A 0 550 10 0 1 0 PINTYPE=BI
A 10 550 10 0 6 3 #=D13
P 119 0 540 20 540 0 2 0
L 25 540 10 0 2 0 1 0 NC35
A 0 540 10 0 1 0 PINTYPE=BI
A 10 540 10 0 6 3 #=D14
P 122 0 530 20 530 0 2 0
L 25 530 10 0 2 0 1 0 NC36
A 0 530 10 0 1 0 PINTYPE=BI
A 10 530 10 0 6 3 #=E1
P 125 0 520 20 520 0 2 0
L 25 520 10 0 2 0 1 0 NC37
A 0 520 10 0 1 0 PINTYPE=BI
A 10 520 10 0 6 3 #=E2
P 128 0 510 20 510 0 2 0
L 25 510 10 0 2 0 1 0 NC38
A 0 510 10 0 1 0 PINTYPE=BI
A 10 510 10 0 6 3 #=E3
P 131 0 500 20 500 0 2 0
L 25 500 10 0 2 0 1 0 NC39
A 0 500 10 0 1 0 PINTYPE=BI
A 10 500 10 0 6 3 #=E12
P 134 0 490 20 490 0 2 0
L 25 490 10 0 2 0 1 0 NC40
A 0 490 10 0 1 0 PINTYPE=BI
A 10 490 10 0 6 3 #=E13
P 137 0 480 20 480 0 2 0
L 25 480 10 0 2 0 1 0 NC41
A 0 480 10 0 1 0 PINTYPE=BI
A 10 480 10 0 6 3 #=E14
P 140 0 470 20 470 0 2 0
L 25 470 10 0 2 0 1 0 NC42
A 0 470 10 0 1 0 PINTYPE=BI
A 10 470 10 0 6 3 #=F1
P 143 0 460 20 460 0 2 0
L 25 460 10 0 2 0 1 0 NC43
A 0 460 10 0 1 0 PINTYPE=BI
A 10 460 10 0 6 3 #=F2
P 146 0 450 20 450 0 2 0
L 25 450 10 0 2 0 1 0 NC44
A 0 450 10 0 1 0 PINTYPE=BI
A 10 450 10 0 6 3 #=F3
P 149 0 440 20 440 0 2 0
L 25 440 10 0 2 0 1 0 NC45
A 0 440 10 0 1 0 PINTYPE=BI
A 10 440 10 0 6 3 #=F12
P 152 0 430 20 430 0 2 0
L 25 430 10 0 2 0 1 0 NC46
A 0 430 10 0 1 0 PINTYPE=BI
A 10 430 10 0 6 3 #=F13
P 155 0 420 20 420 0 2 0
L 25 420 10 0 2 0 1 0 NC47
A 0 420 10 0 1 0 PINTYPE=BI
A 10 420 10 0 6 3 #=F14
P 158 0 410 20 410 0 2 0
L 25 410 10 0 2 0 1 0 NC48
A 0 410 10 0 1 0 PINTYPE=BI
A 10 410 10 0 6 3 #=G1
P 161 0 400 20 400 0 2 0
L 25 400 10 0 2 0 1 0 NC49
A 0 400 10 0 1 0 PINTYPE=BI
A 10 400 10 0 6 3 #=G2
P 164 0 390 20 390 0 2 0
L 25 390 10 0 2 0 1 0 NC50
A 0 390 10 0 1 0 PINTYPE=BI
A 10 390 10 0 6 3 #=G12
P 167 0 380 20 380 0 2 0
L 25 380 10 0 2 0 1 0 NC51
A 0 380 10 0 1 0 PINTYPE=BI
A 10 380 10 0 6 3 #=G13
P 170 0 370 20 370 0 2 0
L 25 370 10 0 2 0 1 0 NC52
A 0 370 10 0 1 0 PINTYPE=BI
A 10 370 10 0 6 3 #=G14
P 173 0 360 20 360 0 2 0
L 25 360 10 0 2 0 1 0 NC53
A 0 360 10 0 1 0 PINTYPE=BI
A 10 360 10 0 6 3 #=H1
P 176 0 350 20 350 0 2 0
L 25 350 10 0 2 0 1 0 NC54
A 0 350 10 0 1 0 PINTYPE=BI
A 10 350 10 0 6 3 #=H2
P 179 0 340 20 340 0 2 0
L 25 340 10 0 2 0 1 0 NC55
A 0 340 10 0 1 0 PINTYPE=BI
A 10 340 10 0 6 3 #=H3
P 182 0 330 20 330 0 2 0
L 25 330 10 0 2 0 1 0 NC56
A 0 330 10 0 1 0 PINTYPE=BI
A 10 330 10 0 6 3 #=H12
P 185 0 320 20 320 0 2 0
L 25 320 10 0 2 0 1 0 NC57
A 0 320 10 0 1 0 PINTYPE=BI
A 10 320 10 0 6 3 #=H13
P 188 0 310 20 310 0 2 0
L 25 310 10 0 2 0 1 0 NC58
A 0 310 10 0 1 0 PINTYPE=BI
A 10 310 10 0 6 3 #=H14
P 191 0 300 20 300 0 2 0
L 25 300 10 0 2 0 1 0 NC59
A 0 300 10 0 1 0 PINTYPE=BI
A 10 300 10 0 6 3 #=J1
P 194 0 290 20 290 0 2 0
L 25 290 10 0 2 0 1 0 NC60
A 0 290 10 0 1 0 PINTYPE=BI
A 10 290 10 0 6 3 #=J2
P 197 0 280 20 280 0 2 0
L 25 280 10 0 2 0 1 0 NC61
A 0 280 10 0 1 0 PINTYPE=BI
A 10 280 10 0 6 3 #=J3
P 200 0 270 20 270 0 2 0
L 25 270 10 0 2 0 1 0 NC62
A 0 270 10 0 1 0 PINTYPE=BI
A 10 270 10 0 6 3 #=J12
P 203 0 260 20 260 0 2 0
L 25 260 10 0 2 0 1 0 NC63
A 0 260 10 0 1 0 PINTYPE=BI
A 10 260 10 0 6 3 #=J13
P 206 0 250 20 250 0 2 0
L 25 250 10 0 2 0 1 0 NC64
A 0 250 10 0 1 0 PINTYPE=BI
A 10 250 10 0 6 3 #=J14
P 209 0 240 20 240 0 2 0
L 25 240 10 0 2 0 1 0 NC65
A 0 240 10 0 1 0 PINTYPE=BI
A 10 240 10 0 6 3 #=K1
P 212 0 230 20 230 0 2 0
L 25 230 10 0 2 0 1 0 NC66
A 0 230 10 0 1 0 PINTYPE=BI
A 10 230 10 0 6 3 #=K2
P 215 0 220 20 220 0 2 0
L 25 220 10 0 2 0 1 0 NC67
A 0 220 10 0 1 0 PINTYPE=BI
A 10 220 10 0 6 3 #=K3
P 218 0 210 20 210 0 2 0
L 25 210 10 0 2 0 1 0 NC68
A 0 210 10 0 1 0 PINTYPE=BI
A 10 210 10 0 6 3 #=K12
P 221 0 200 20 200 0 2 0
L 25 200 10 0 2 0 1 0 NC69
A 0 200 10 0 1 0 PINTYPE=BI
A 10 200 10 0 6 3 #=K13
P 224 0 190 20 190 0 2 0
L 25 190 10 0 2 0 1 0 NC70
A 0 190 10 0 1 0 PINTYPE=BI
A 10 190 10 0 6 3 #=K14
P 227 0 180 20 180 0 2 0
L 25 180 10 0 2 0 1 0 NC71
A 0 180 10 0 1 0 PINTYPE=BI
A 10 180 10 0 6 3 #=L1
P 230 0 170 20 170 0 2 0
L 25 170 10 0 2 0 1 0 NC72
A 0 170 10 0 1 0 PINTYPE=BI
A 10 170 10 0 6 3 #=L2
P 233 0 160 20 160 0 2 0
L 25 160 10 0 2 0 1 0 NC73
A 0 160 10 0 1 0 PINTYPE=BI
A 10 160 10 0 6 3 #=L3
P 236 0 150 20 150 0 2 0
L 25 150 10 0 2 0 1 0 NC74
A 0 150 10 0 1 0 PINTYPE=BI
A 10 150 10 0 6 3 #=L12
P 239 0 140 20 140 0 2 0
L 25 140 10 0 2 0 1 0 NC75
A 0 140 10 0 1 0 PINTYPE=BI
A 10 140 10 0 6 3 #=L13
P 242 0 130 20 130 0 2 0
L 25 130 10 0 2 0 1 0 NC76
A 0 130 10 0 1 0 PINTYPE=BI
A 10 130 10 0 6 3 #=L14
P 245 0 120 20 120 0 2 0
L 25 120 10 0 2 0 1 0 NC77
A 0 120 10 0 1 0 PINTYPE=BI
A 10 120 10 0 6 3 #=M1
P 248 0 110 20 110 0 2 0
L 25 110 10 0 2 0 1 0 NC78
A 0 110 10 0 1 0 PINTYPE=BI
A 10 110 10 0 6 3 #=M2
P 251 0 100 20 100 0 2 0
L 25 100 10 0 2 0 1 0 NC79
A 0 100 10 0 1 0 PINTYPE=BI
A 10 100 10 0 6 3 #=M3
P 254 0 90 20 90 0 2 0
L 25 90 10 0 2 0 1 0 NC80
A 0 90 10 0 1 0 PINTYPE=BI
A 10 90 10 0 6 3 #=M7
P 257 0 80 20 80 0 2 0
L 25 80 10 0 2 0 1 0 NC81
A 0 80 10 0 1 0 PINTYPE=BI
A 10 80 10 0 6 3 #=M8
P 260 0 70 20 70 0 2 0
L 25 70 10 0 2 0 1 0 NC82
A 0 70 10 0 1 0 PINTYPE=BI
A 10 70 10 0 6 3 #=M9
P 263 0 60 20 60 0 2 0
L 25 60 10 0 2 0 1 0 NC83
A 0 60 10 0 1 0 PINTYPE=BI
A 10 60 10 0 6 3 #=M10
P 266 0 50 20 50 0 2 0
L 25 50 10 0 2 0 1 0 NC84
A 0 50 10 0 1 0 PINTYPE=BI
A 10 50 10 0 6 3 #=M11
P 269 0 40 20 40 0 2 0
L 25 40 10 0 2 0 1 0 NC85
A 0 40 10 0 1 0 PINTYPE=BI
A 10 40 10 0 6 3 #=M12
P 272 170 250 150 250 0 3 0
L 145 250 10 0 8 0 1 0 NC86
A 170 250 10 0 7 0 PINTYPE=BI
A 160 250 10 0 6 3 #=M13
P 275 170 240 150 240 0 3 0
L 145 240 10 0 8 0 1 0 NC87
A 170 240 10 0 7 0 PINTYPE=BI
A 160 240 10 0 6 3 #=M14
P 278 170 230 150 230 0 3 0
L 145 230 10 0 8 0 1 0 NC88
A 170 230 10 0 7 0 PINTYPE=BI
A 160 230 10 0 6 3 #=N1
P 281 170 220 150 220 0 3 0
L 145 220 10 0 8 0 1 0 NC89
A 170 220 10 0 7 0 PINTYPE=BI
A 160 220 10 0 6 3 #=N3
P 284 170 210 150 210 0 3 0
L 145 210 10 0 8 0 1 0 NC90
A 170 210 10 0 7 0 PINTYPE=BI
A 160 210 10 0 6 3 #=N6
P 287 170 200 150 200 0 3 0
L 145 200 10 0 8 0 1 0 NC91
A 170 200 10 0 1 0 PINTYPE=BI
A 160 200 10 0 6 3 #=N7
P 290 170 190 150 190 0 3 0
L 145 190 10 0 8 0 1 0 NC92
A 170 190 10 0 1 0 PINTYPE=BI
A 160 190 10 0 6 3 #=N8
P 293 170 180 150 180 0 3 0
L 145 180 10 0 8 0 1 0 NC93
A 170 180 10 0 1 0 PINTYPE=BI
A 160 180 10 0 6 3 #=N9
P 296 170 170 150 170 0 3 0
L 145 170 10 0 8 0 1 0 NC94
A 170 170 10 0 1 0 PINTYPE=BI
A 160 170 10 0 6 3 #=N10
P 299 170 160 150 160 0 3 0
L 145 160 10 0 8 0 1 0 NC95
A 170 160 10 0 1 0 PINTYPE=BI
A 160 160 10 0 6 3 #=N11
P 302 170 150 150 150 0 3 0
L 145 150 10 0 8 0 1 0 NC96
A 170 150 10 0 1 0 PINTYPE=BI
A 160 150 10 0 6 3 #=N12
P 305 170 140 150 140 0 3 0
L 145 140 10 0 8 0 1 0 NC97
A 170 140 10 0 1 0 PINTYPE=BI
A 160 140 10 0 6 3 #=N13
P 308 170 130 150 130 0 3 0
L 145 130 10 0 8 0 1 0 NC98
A 170 130 10 0 1 0 PINTYPE=BI
A 160 130 10 0 6 3 #=N14
P 311 170 120 150 120 0 3 0
L 145 120 10 0 8 0 1 0 NC99
A 170 120 10 0 1 0 PINTYPE=BI
A 160 120 10 0 6 3 #=P1
P 314 170 110 150 110 0 3 0
L 145 110 10 0 8 0 1 0 NC100
A 170 110 10 0 1 0 PINTYPE=BI
A 160 110 10 0 6 3 #=P2
P 317 170 100 150 100 0 3 0
L 145 100 10 0 8 0 1 0 NC101
A 170 100 10 0 1 0 PINTYPE=BI
A 160 100 10 0 6 3 #=P8
P 320 170 90 150 90 0 3 0
L 145 90 10 0 8 0 1 0 NC102
A 170 90 10 0 1 0 PINTYPE=BI
A 160 90 10 0 6 3 #=P9
P 323 170 80 150 80 0 3 0
L 145 80 10 0 8 0 1 0 NC103
A 170 80 10 0 1 0 PINTYPE=BI
A 160 80 10 0 6 3 #=P11
P 326 170 70 150 70 0 3 0
L 145 70 10 0 8 0 1 0 NC104
A 170 70 10 0 1 0 PINTYPE=BI
A 160 70 10 0 6 3 #=P12
P 329 170 60 150 60 0 3 0
L 145 60 10 0 8 0 1 0 NC105
A 170 60 10 0 1 0 PINTYPE=BI
A 160 60 10 0 6 3 #=P13
P 332 170 50 150 50 0 3 0
L 145 50 10 0 8 0 1 0 NC106
A 170 50 10 0 1 0 PINTYPE=BI
A 160 50 10 0 6 3 #=P14
P 335 170 490 150 490 0 3 0
L 145 490 10 0 8 0 1 0 VSS5
A 170 490 10 0 1 0 PINTYPE=BI
A 160 490 10 0 6 3 #=A6
P 338 170 390 150 390 0 3 0
L 145 390 10 0 8 0 1 0 RFU1
A 170 390 10 0 1 0 PINTYPE=BI
A 160 390 10 0 6 3 #=A7
P 341 170 40 150 40 0 3 0
L 145 40 10 0 8 0 1 0 NC107
A 170 40 10 0 1 0 PINTYPE=BI
A 160 40 10 0 6 3 #=C5
P 344 170 380 150 380 0 3 0
L 145 380 10 0 8 0 1 0 RFU2
A 170 380 10 0 1 0 PINTYPE=BI
A 160 380 10 0 6 3 #=E5
P 347 170 370 150 370 0 3 0
L 145 370 10 0 8 0 1 0 RFU3
A 170 370 10 0 1 0 PINTYPE=BI
A 160 370 10 0 6 3 #=E8
P 350 170 360 150 360 0 3 0
L 145 360 10 0 8 0 1 0 RFU4
A 170 360 10 0 1 0 PINTYPE=BI
A 160 360 10 0 6 3 #=E9
P 353 170 350 150 350 0 3 0
L 145 350 10 0 8 0 1 0 RFU5
A 170 350 10 0 1 0 PINTYPE=BI
A 160 350 10 0 6 3 #=E10
P 356 170 340 150 340 0 3 0
L 145 340 10 0 8 0 1 0 RFU6
A 170 340 10 0 1 0 PINTYPE=BI
A 160 340 10 0 6 3 #=F10
P 359 170 330 150 330 0 3 0
L 145 330 10 0 8 0 1 0 RFU7
A 170 330 10 0 1 0 PINTYPE=BI
A 160 330 10 0 6 3 #=G3
P 362 170 320 150 320 0 3 0
L 145 320 10 0 8 0 1 0 RFU8
A 170 320 10 0 1 0 PINTYPE=BI
A 160 320 10 0 6 3 #=G10
P 365 170 590 150 590 0 3 0
L 145 590 10 0 8 0 1 0 DS
A 170 590 10 0 1 0 PINTYPE=BI
A 160 590 10 0 6 3 #=H5
P 368 170 480 150 480 0 3 0
L 145 480 10 0 8 0 1 0 VSS6
A 170 480 10 0 1 0 PINTYPE=BI
A 160 480 10 0 6 3 #=J5
P 371 170 310 150 310 0 3 0
L 145 310 10 0 8 0 1 0 RFU9
A 170 310 10 0 1 0 PINTYPE=BI
A 160 310 10 0 6 3 #=K6
P 374 170 300 150 300 0 3 0
L 145 300 10 0 8 0 1 0 RFU10
A 170 300 10 0 1 0 PINTYPE=BI
A 160 300 10 0 6 3 #=K7
P 377 170 290 150 290 0 3 0
L 145 290 10 0 8 0 1 0 RFU11
A 170 290 10 0 1 0 PINTYPE=BI
A 160 290 10 0 6 3 #=K10
P 380 170 280 150 280 0 3 0
L 145 280 10 0 8 0 1 0 RFU12
A 170 280 10 0 1 0 PINTYPE=BI
A 160 280 10 0 6 3 #=P7
P 383 170 270 150 270 0 3 0
L 145 270 10 0 8 0 1 0 RFU13
A 170 270 10 0 1 0 PINTYPE=BI
A 160 270 10 0 6 3 #=P10
P 386 170 740 150 740 0 3 0
L 145 740 10 0 8 0 1 0 DAT0
A 170 740 10 0 1 0 PINTYPE=BI
A 160 740 10 0 6 3 #=A3
P 389 170 730 150 730 0 3 0
L 145 730 10 0 8 0 1 0 DAT1
A 170 730 10 0 1 0 PINTYPE=BI
A 160 730 10 0 6 3 #=A4
P 392 170 720 150 720 0 3 0
L 145 720 10 0 8 0 1 0 DAT2
A 170 720 10 0 1 0 PINTYPE=BI
A 160 720 10 0 6 3 #=A5
P 395 170 710 150 710 0 3 0
L 145 710 10 0 8 0 1 0 DAT3
A 170 710 10 0 1 0 PINTYPE=BI
A 160 710 10 0 6 3 #=B2
P 398 170 700 150 700 0 3 0
L 145 700 10 0 8 0 1 0 DAT4
A 170 700 10 0 1 0 PINTYPE=BI
A 160 700 10 0 6 3 #=B3
P 401 170 690 150 690 0 3 0
L 145 690 10 0 8 0 1 0 DAT5
A 170 690 10 0 1 0 PINTYPE=BI
A 160 690 10 0 6 3 #=B4
P 404 170 680 150 680 0 3 0
L 145 680 10 0 8 0 1 0 DAT6
A 170 680 10 0 1 0 PINTYPE=BI
A 160 680 10 0 6 3 #=B5
P 407 170 670 150 670 0 3 0
L 145 670 10 0 8 0 1 0 DAT7
A 170 670 10 0 1 0 PINTYPE=BI
A 160 670 10 0 6 3 #=B6
P 410 170 560 150 560 0 3 0
L 145 560 10 0 8 0 1 0 VDDIM
A 170 560 10 0 1 0 PINTYPE=POWER
A 160 560 10 0 6 3 #=C2
P 413 170 460 150 460 0 3 0
L 145 460 10 0 8 0 1 0 VSSQ1
A 170 460 10 0 1 0 PINTYPE=GROUND
A 160 460 10 0 6 3 #=C4
P 416 170 830 150 830 0 3 0
L 145 830 10 0 8 0 1 0 VCCQ1
A 170 830 10 0 1 0 PINTYPE=POWER
A 160 830 10 0 6 3 #=C6
P 419 170 880 150 880 0 3 0
L 145 880 10 0 8 0 1 0 VCC1
A 170 880 10 0 1 0 PINTYPE=POWER
A 160 880 10 0 6 3 #=E6
P 422 170 530 150 530 0 3 0
L 145 530 10 0 8 0 1 0 VSS1
A 170 530 10 0 1 0 PINTYPE=POWER
A 160 530 10 0 6 3 #=E7
P 425 170 870 150 870 0 3 0
L 145 870 10 0 8 0 1 0 VCC2
A 170 870 10 0 1 0 PINTYPE=POWER
A 160 870 10 0 6 3 #=F5
P 428 170 520 150 520 0 3 0
L 145 520 10 0 8 0 1 0 VSS2
A 170 520 10 0 1 0 PINTYPE=POWER
A 160 520 10 0 6 3 #=G5
P 431 170 510 150 510 0 3 0
L 145 510 10 0 8 0 1 0 VSS3
A 170 510 10 0 1 0 PINTYPE=POWER
A 160 510 10 0 6 3 #=H10
P 434 170 860 150 860 0 3 0
L 145 860 10 0 8 0 1 0 VCC3
A 170 860 10 0 1 0 PINTYPE=POWER
A 160 860 10 0 6 3 #=J10
P 437 170 600 150 600 0 3 0
L 145 600 10 0 8 0 1 0 RST_B
A 170 600 10 0 1 0 PINTYPE=IN
A 160 600 10 0 6 3 #=K5
P 440 170 500 150 500 0 3 0
L 145 500 10 0 8 0 1 0 VSS4
A 170 500 10 0 1 0 PINTYPE=POWER
A 160 500 10 0 6 3 #=K8
P 443 170 850 150 850 0 3 0
L 145 850 10 0 8 0 1 0 VCC4
A 170 850 10 0 1 0 PINTYPE=POWER
A 160 850 10 0 6 3 #=K9
P 446 170 820 150 820 0 3 0
L 145 820 10 0 8 0 1 0 VCCQ2
A 170 820 10 0 1 0 PINTYPE=POWER
A 160 820 10 0 6 3 #=M4
P 449 170 620 150 620 0 3 0
L 145 620 10 0 8 0 1 0 CMD
A 170 620 10 0 1 0 PINTYPE=BI
A 160 620 10 0 6 3 #=M5
P 452 170 610 150 610 0 3 0
L 145 610 10 0 8 0 1 0 CLK
A 170 610 10 0 1 0 PINTYPE=IN
A 160 610 10 0 6 3 #=M6
P 455 170 450 150 450 0 3 0
L 145 450 10 0 8 0 1 0 VSSQ2
A 170 450 10 0 1 0 PINTYPE=GROUND
A 160 450 10 0 6 3 #=N2
P 458 170 810 150 810 0 3 0
L 145 810 10 0 8 0 1 0 VCCQ3
A 170 810 10 0 1 0 PINTYPE=POWER
A 160 810 10 0 6 3 #=N4
P 461 170 440 150 440 0 3 0
L 145 440 10 0 8 0 1 0 VSSQ3
A 170 440 10 0 1 0 PINTYPE=GROUND
A 160 440 10 0 6 3 #=N5
P 464 170 800 150 800 0 3 0
L 145 800 10 0 8 0 1 0 VCCQ4
A 170 800 10 0 1 0 PINTYPE=POWER
A 160 800 10 0 6 3 #=P3
P 467 170 430 150 430 0 3 0
L 145 430 10 0 8 0 1 0 VSSQ4
A 170 430 10 0 1 0 PINTYPE=GROUND
A 160 430 10 0 6 3 #=P4
P 470 170 790 150 790 0 3 0
L 145 790 10 0 8 0 1 0 VCCQ5
A 170 790 10 0 1 0 PINTYPE=POWER
A 160 790 10 0 6 3 #=P5
P 473 170 420 150 420 0 3 0
L 145 420 10 0 8 0 1 0 VSSQ5
A 170 420 10 0 1 0 PINTYPE=GROUND
A 160 420 10 0 6 3 #=P6
E 
