V 51
K 102839985100 n25q128_mlp8
|R 18:57_1-16-13
Y 1
D 0 0 180 120
Z 10
i 11
U 0 -80 10 0 3 0 VOLTAGE=3.30V
U 0 -70 10 0 3 0 VALUE=N25Q128
U 0 -60 10 0 3 0 DIST=MICRON
U 0 -50 10 0 3 0 MFG=MICRON
U 0 -40 10 0 3 0 DIST_P/N=N25Q128A13EF740F
U 0 -30 10 0 3 0 MFG_P/N=N25Q128A13EF740F
U 0 -20 10 0 3 0 LEVEL=STD
U 0 -10 10 0 3 0 PARTS=1
U 110 10 10 0 3 3 PKG_TYPE=MLP_8
U 20 0 18 0 3 3 REFDES=U?
P 11 180 50 160 50 0 3 0
A 180 50 10 0 9 0 PINTYPE=IN
A 170 50 10 0 9 3 #=9
L 135 45 10 0 3 0 1 0 PAD
P 7 0 40 20 40 0 2 0
A 0 40 10 0 3 0 PINTYPE=IN
A 10 40 10 0 3 3 #=6
L 30 35 10 0 3 0 1 0 C
P 1 0 80 20 80 0 2 0
A 0 80 10 0 3 0 PINTYPE=IN
A 10 80 10 0 3 3 #=1
L 30 75 10 0 3 0 1 0 S_B
U 30 100 10 0 3 3 DEVICE=N25Q128
P 4 180 80 160 80 0 3 0
A 170 80 10 0 9 3 #=8
L 135 75 10 0 3 0 1 0 VCC
b 20 20 160 100
P 5 0 70 20 70 0 2 0
A 0 70 10 0 3 0 PINTYPE=BI
A 10 70 10 0 3 3 #=2
L 30 65 10 0 3 0 1 0 DQ1
P 6 0 60 20 60 0 2 0
A 0 60 10 0 3 0 PINTYPE=BI
A 10 60 10 0 3 3 #=3
L 30 55 10 0 3 0 1 0 DQ2_WP_B
P 8 180 60 160 60 0 3 0
A 180 60 10 0 9 0 PINTYPE=BI
A 170 60 10 0 9 3 #=5
L 135 55 10 0 3 0 1 0 DQ0
P 9 180 70 160 70 0 3 0
A 180 70 10 0 9 0 PINTYPE=BI
A 170 70 10 0 9 3 #=7
L 103 65 10 0 3 0 1 0 DQ3_HLD_B
P 10 180 40 160 40 0 3 0
A 180 40 10 0 9 0 PINTYPE=IN
A 170 40 10 0 9 3 #=4
L 135 35 10 0 3 0 1 0 GND
E
