V 51
K 202011156900 nc7wz04
|R 19:18_11-21-12
Y 1
D 0 0 120 130
Z 10
i 30
U 0 -50 10 0 3 0 DIST_P/N=NC7WZ04P6CT-ND
U 0 -10 10 0 3 0 DIST=DIGI-KEY
U 0 -40 10 0 3 0 MANF_P/N=NC7WZ04P6
U 0 -30 10 0 3 0 PARTS=1
U 0 -60 10 0 3 0 MANF=FAIRCHILD
U 25 0 16 0 3 3 REFDES=U?
P 25 60 0 60 20 0 1 0
A 60 20 10 3 1 0 PINTYPE=IN
A 65 15 10 0 1 3 #=2
L 51 23 10 0 3 1 1 0 GND
P 24 60 130 60 110 0 0 0
A 60 110 10 1 1 0 PINTYPE=IN
A 70 115 10 2 1 3 #=5
L 51 97 10 0 3 0 1 0 VCC
P 29 120 80 76 80 0 3 0
A 116 80 10 0 9 0 PINTYPE=OUT
A 114 80 10 0 9 3 #=6
L 83 80 10 0 3 0 1 0 Y1
P 30 0 80 53 80 0 2 0
A 3 80 10 0 3 0 PINTYPE=IN
A 7 80 10 0 3 3 #=1
L 27 80 10 0 3 0 1 0 A1
P 28 120 50 76 50 0 3 0
A 116 50 10 0 9 0 PINTYPE=OUT
A 114 50 10 0 9 3 #=4
L 84 49 10 0 3 0 1 0 Y2
P 27 0 50 53 50 0 2 0
A 7 50 10 0 3 3 #=3
A 3 50 10 0 3 0 PINTYPE=IN
L 27 50 10 0 3 0 1 0 A2
c 73 50 3
l 2 53 70 53 90
c 73 80 3
l 2 70 80 53 70
l 2 70 80 53 90
l 2 70 50 53 40
l 2 53 40 53 60
b 20 20 100 110
l 2 70 50 53 60
U 15 112 10 0 3 3 DEVICE=NC7WZ04
U 81 7 10 0 3 3 PKG_TYPE=SC70_6
E
