V 51
K 304887779100 ncp45521
|R 1:17_3-21-13
Y 1
D 0 0 180 160
Z 10
i 20
P 17 180 60 160 60 0 3 0
L 125 55 10 0 3 0 1 0 BLEED
A 190 60 10 0 9 0 PINTYPE=IN
A 165 60 10 0 3 3 #=5
P 18 0 60 20 60 0 2 0
L 25 55 10 0 3 0 1 0 EN_B
A -20 60 10 0 3 0 PINTYPE=IN
A 15 60 10 0 9 3 #=2
P 9 0 40 20 40 0 2 0
A -40 40 10 0 3 0 PINTYPE=IN
A 15 40 10 0 9 3 #=4
L 25 35 10 0 3 0 1 0 GND
P 13 180 40 160 40 0 3 0
L 135 35 10 0 3 0 1 0 SR
A 180 40 10 0 9 0 PINTYPE=IN
A 165 40 10 0 3 3 #=6
P 2 0 80 20 80 0 2 0
L 25 75 10 0 3 0 1 0 VCC
A -20 80 10 0 3 0 PINTYPE=IN
A 15 80 10 0 9 3 #=3
P 16 0 120 20 120 0 2 0
A -40 120 10 0 3 0 PINTYPE=IN
A 15 120 10 0 9 3 #=1
L 25 115 10 0 3 0 1 0 VIN
P 20 0 100 20 100 0 2 0
A -40 100 10 0 3 0 PINTYPE=IN
A 15 100 10 0 9 3 #=9
L 25 95 10 0 3 0 1 0 VIN_EPAD
P 11 180 120 160 120 0 3 0
A 180 120 10 0 9 0 PINTYPE=OUT
A 165 120 10 0 3 3 #=8
L 125 115 10 0 3 0 1 0 VOUT1
P 3 180 100 160 100 0 3 0
L 125 95 10 0 3 0 1 0 VOUT2
A 190 100 10 0 9 0 PINTYPE=OUT
A 165 100 10 0 3 3 #=7
U 0 -80 10 0 3 0 DIST_P/N=?
U 0 -70 10 0 3 0 DIST=?
U 0 -40 10 0 3 0 LEVEL=STD
U 0 -30 10 0 3 0 PARTS=1
U 25 0 18 0 3 3 REFDES=U?
U 0 -60 10 0 3 0 MFG=ON SEMI
U 135 10 10 0 3 3 PACKAGE=DFN8
U 25 145 10 0 3 0 MFG_P/N=NCP45521IMNTWG-L
U 30 140 10 0 3 3 DEVICE=NCP45521
b 20 20 160 140
E
