V 51
K 39439258290 fet-3pin-pnp
|R 17:38_3-25-10
Y 1
D -10 -10 40 50
Z 10
i 3
U 0 -20 10 0 3 0 PKG_TYPE=SOT-23
U 0 -10 10 0 3 0 MANF=FAIRCHILD
U 0 0 9 0 3 0 DEVICE=FET-3PIN
U 0 0 9 0 3 0 PARTS=1
U 40 0 10 0 3 3 MANF_P/N=NDS336P
P 1 -10 10 0 10 0 2 0
L 5 10 9 0 2 0 0 0 GATE
A -5 10 9 0 9 3 #=1
A 0 0 9 0 3 0 PINTYPE=OUT
P 2 20 50 20 40 0 0 0
L 20 35 9 1 8 0 0 0 DRAIN
A 20 45 9 1 3 3 #=2
A 0 0 9 0 3 0 PINTYPE=OUT
P 3 20 -10 20 0 0 1 0
L 20 5 9 1 2 0 0 0 SOURCE
A 20 -5 9 1 9 3 #=3
A 0 0 9 0 3 0 PINTYPE=OUT
l 2 30 10 30 18
Q 9 0 0
l 2 25 23 35 23
Q 9 0 0
l 4 35 18 25 18 30 23 35 18
Q 7 1 0
l 2 30 30 30 23
Q 9 0 0
l 2 30 30 20 30
Q 9 0 0
l 2 5 10 0 10
Q 9 0 0
l 2 20 28 10 28
Q 9 0 0
l 2 20 28 9 28
Q 9 0 0
l 2 16 20 20 20
Q 9 0 0
l 2 20 40 20 28
Q 9 0 0
c 20 30 1
Q 9 0 0
c 20 10 1
Q 9 0 0
l 2 9 20 15 20
Q 9 0 0
l 2 8 30 8 10
Q 9 0 0
l 2 9 30 9 10
Q 9 0 0
l 2 9 30 9 10
Q 9 0 0
l 2 5 10 5 30
Q 9 0 0
l 5 20 20 20 20 15 22 15 18 20 20
Q 7 1 0
l 2 20 12 9 12
Q 9 0 0
c 20 20 20
Q 9 0 0
l 2 30 10 20 10
Q 9 0 0
l 2 20 0 20 12
Q 9 0 0
l 2 20 28 20 20
Q 9 0 0
U 40 31 9 0 3 3 REFDES=Q?
E
