V 51
K 113122804100 pca9306dcur
|R 19:33_12-13-12
Y 1
D 0 0 140 120
Z 10
i 8
U 0 -60 10 0 3 0 MANF=NXP
U 0 -50 10 0 3 0 MANF_P/N=NVT2002DP,118
b 20 20 120 100
U 20 100 10 0 3 0 VALUE=NVT2002DP
U 20 105 10 0 3 3 DEVICE=NVT2002DP
P 2 0 80 20 80 0 2 0
L 25 80 10 0 2 0 1 0 VREFA
A 20 80 10 0 9 0 #=2
A 30 85 10 0 2 0 PINTYPE=IN
P 1 0 70 20 70 0 2 0
L 25 70 10 0 2 0 1 0 GND
A 20 70 10 0 9 0 #=1
A 30 75 10 0 2 0 PINTYPE=IN
P 3 0 50 20 50 0 2 0
L 25 50 10 0 2 0 1 0 A1
A 20 50 10 0 9 0 #=3
A 30 55 10 0 2 0 PINTYPE=BI
P 4 0 40 20 40 0 2 0
L 25 40 10 0 2 0 1 0 A2
A 20 40 10 0 9 0 #=4
A 30 45 10 0 2 0 PINTYPE=BI
P 8 140 40 120 40 0 3 0
L 115 40 10 0 8 0 1 0 B2
A 120 40 10 0 3 0 #=5
A 120 45 10 0 2 0 PINTYPE=BI
P 7 140 50 120 50 0 3 0
L 115 50 10 0 8 0 1 0 B1
A 120 50 10 0 3 0 #=6
A 120 55 10 0 2 0 PINTYPE=BI
P 5 140 70 120 70 0 3 0
L 115 70 10 0 8 0 1 0 EN
A 120 70 10 0 3 0 #=8
A 120 75 10 0 2 0 PINTYPE=IN
P 6 140 80 120 80 0 3 0
L 115 80 10 0 8 0 1 0 VREFB
A 120 80 10 0 3 0 #=7
A 120 85 10 0 2 0 PINTYPE=IN
U 120 5 10 0 9 3 PKG_TYPE=XXX
U 20 0 16 0 3 3 REFDES=U?
E
