V 51
K 236034439300 pca9547
|R 6:20_11-14-10
Y 1
D -30 0 100 150
Z 10
i 59
U 0 -20 10 0 3 0 MANF_P/N=XXXXX
U 0 -10 10 0 3 0 MANF=XXXX
U 0 0 9 0 3 0 PARTS=1
U 0 0 9 0 3 0 PKG_TYPE=TSSOP_24
U -10 0 10 0 3 3 DEVICE=PCA9547
U -8 140 16 0 3 3 REFDES=U?
P 21 -30 130 -10 130 0 2 0
L -5 125 10 0 3 0 1 0 A0
A -30 130 10 0 3 0 PINTYPE=IN
A -15 130 10 0 9 3 #=1
P 22 -30 120 -10 120 0 2 0
L -5 115 10 0 3 0 1 0 A1
A -30 120 10 0 3 0 PINTYPE=IN
A -15 120 10 0 9 3 #=2
P 57 100 100 80 100 0 3 0
L 55 95 10 0 3 0 1 0 A2
A 100 100 10 0 9 0 PINTYPE=IN
A 85 100 10 0 3 3 #=21
P 24 -30 110 -10 110 0 2 0
L -5 105 10 0 3 0 1 0 RESET_B
A -30 110 10 0 3 0 PINTYPE=IN
A -15 110 10 0 9 3 #=3
P 28 -30 90 -10 90 0 2 0
L -5 85 10 0 3 0 1 0 SC0
A -30 90 10 0 3 0 PINTYPE=BI
A -15 90 10 0 9 3 #=5
P 46 -30 70 -10 70 0 2 0
L -5 65 10 0 3 0 1 0 SC1
A -30 70 10 0 3 0 PINTYPE=BI
A -15 70 10 0 9 3 #=7
P 50 -30 50 -10 50 0 2 0
L -5 45 10 0 3 0 1 0 SC2
A -30 50 10 0 3 0 PINTYPE=BI
A -15 50 10 0 9 3 #=9
P 48 -30 30 -10 30 0 2 0
L -5 25 10 0 3 0 1 0 SC3
A -30 30 10 0 3 0 PINTYPE=BI
A -15 30 10 0 9 3 #=11
P 42 100 30 80 30 0 3 0
L 55 25 10 0 3 0 1 0 SC4
A 100 30 10 0 9 0 PINTYPE=BI
A 85 30 10 0 3 3 #=14
P 52 100 50 80 50 0 3 0
L 55 45 10 0 3 0 1 0 SC5
A 100 50 10 0 9 0 PINTYPE=BI
A 85 50 10 0 3 3 #=16
P 54 100 70 80 70 0 3 0
L 55 65 10 0 3 0 1 0 SC6
A 100 70 10 0 9 0 PINTYPE=BI
A 85 70 10 0 3 3 #=18
P 56 100 90 80 90 0 3 0
L 55 85 10 0 3 0 1 0 SC7
A 100 90 10 0 9 0 PINTYPE=BI
A 85 90 10 0 3 3 #=20
P 58 100 110 80 110 0 3 0
L 55 105 10 0 3 0 1 0 SCL
A 100 110 10 0 9 0 PINTYPE=BI
A 85 110 10 0 3 3 #=22
P 23 -30 100 -10 100 0 2 0
L -5 95 10 0 3 0 1 0 SD0
A -30 100 10 0 3 0 PINTYPE=BI
A -15 100 10 0 9 3 #=4
P 45 -30 80 -10 80 0 2 0
L -5 75 10 0 3 0 1 0 SD1
A -30 80 10 0 3 0 PINTYPE=BI
A -15 80 10 0 9 3 #=6
P 49 -30 60 -10 60 0 2 0
L -5 55 10 0 3 0 1 0 SD2
A -30 60 10 0 3 0 PINTYPE=BI
A -15 60 10 0 9 3 #=8
P 47 -30 40 -10 40 0 2 0
L -5 35 10 0 3 0 1 0 SD3
A -30 40 10 0 3 0 PINTYPE=BI
A -15 40 10 0 9 3 #=10
P 41 100 20 80 20 0 3 0
L 55 15 10 0 3 0 1 0 SD4
A 100 20 10 0 9 0 PINTYPE=BI
A 85 20 10 0 3 3 #=13
P 51 100 40 80 40 0 3 0
L 55 35 10 0 3 0 1 0 SD5
A 100 40 10 0 9 0 PINTYPE=BI
A 85 40 10 0 3 3 #=15
P 53 100 60 80 60 0 3 0
L 55 55 10 0 3 0 1 0 SD6
A 100 60 10 0 9 0 PINTYPE=BI
A 85 60 10 0 3 3 #=17
P 55 100 80 80 80 0 3 0
L 55 75 10 0 3 0 1 0 SD7
A 100 80 10 0 9 0 PINTYPE=BI
A 85 80 10 0 3 3 #=19
P 59 100 120 80 120 0 3 0
L 55 115 10 0 3 0 1 0 SDA
A 100 120 10 0 9 0 PINTYPE=BI
A 85 120 10 0 3 3 #=23
P 33 100 130 80 130 0 3 0
L 55 125 10 0 3 0 1 0 VDD
A 100 130 10 0 9 0 PINTYPE=IN
A 85 130 10 0 3 3 #=24
P 29 -30 20 -10 20 0 2 0
L -5 15 10 0 3 0 1 0 VSS
A -30 20 10 0 3 0 PINTYPE=IN
A -15 20 10 0 9 3 #=12
b -10 10 80 140
U 60 0 10 0 3 0 VALUE=8BIT
E
