V 53
K 1475867117 pca9543apw.1
F Case
|R 12:05:17_10-7-16
D 0 150 180 0
Y 1
Z 10
i 15
U 0 -60 10 0 3 0 DIST_P/N=568-1858-1-ND
U 0 -50 10 0 3 0 DIST=DIGIKEY
U 0 -40 10 0 3 0 ROHS=YES
U 0 -30 10 0 3 0 VOLTAGE=2.3V-5.5V
U 0 -20 10 0 3 0 MANF_P/N=PCA9543APW
U 0 -10 10 0 3 0 MANF=NXP
U 160 10 9 0 9 3 PKG_TYPE=TSSOP065P440W500L-14
U 0 -36 9 0 3 0 LEVEL=STD
U 0 -27 9 0 3 0 PARTS=1
U 20 0 16 0 3 3 REFDES=U?
U 20 130 9 0 3 3 DEVICE=PCA9543A_TSSOP14
U 0 0 10 0 1 0 FORWARD_PCB=1
b 20 20 160 130
P 1 0 115 20 115 0 2 0
L 20 115 9 0 2 0 1 0 A0
A 20 115 9 0 9 3 #=1
A 29 119 9 0 2 0 PINTYPE=IN
P 2 0 105 20 105 0 2 0
L 20 105 9 0 2 0 1 0 A1
A 20 105 9 0 9 3 #=2
A 29 109 9 0 2 0 PINTYPE=IN
P 3 0 95 20 95 0 2 0
L 20 95 9 0 2 0 1 0 RESET_B
A 20 95 9 0 9 3 #=3
A 29 99 9 0 2 0 PINTYPE=IN
P 4 0 75 20 75 0 2 0
L 20 75 9 0 2 0 1 0 SDA
A 20 75 9 0 9 3 #=13
A 20 79 9 0 2 0 PINTYPE=BI
P 5 0 65 20 65 0 2 0
L 20 65 9 0 2 0 1 0 SCL
A 20 65 9 0 9 3 #=12
A 20 69 9 0 2 0 PINTYPE=IN
P 6 0 55 20 55 0 2 0
L 20 55 9 0 2 0 1 0 INT_B
A 20 55 9 0 9 3 #=11
A 20 59 9 0 2 0 PINTYPE=OUT
P 7 0 35 20 35 0 2 0
L 20 35 9 0 2 0 1 0 GND
A 20 35 9 0 9 3 #=7
A 29 39 9 0 2 0 PINTYPE=IN
P 8 180 115 160 115 0 3 0
L 160 115 9 0 8 0 1 0 VCC
A 160 115 9 0 3 3 #=14
A 160 120 9 0 2 0 PINTYPE=IN
P 9 180 95 160 95 0 3 0
L 160 95 9 0 8 0 1 0 SD0
A 160 95 9 0 3 3 #=5
A 160 100 9 0 2 0 PINTYPE=BI
P 10 180 85 160 85 0 3 0
L 160 85 9 0 8 0 1 0 SC0
A 160 85 9 0 3 3 #=6
A 160 90 9 0 2 0 PINTYPE=OUT
P 11 180 75 160 75 0 3 0
L 160 75 9 0 8 0 1 0 INT0_B
A 160 75 9 0 3 3 #=4
A 160 80 9 0 2 0 PINTYPE=IN
P 12 180 55 160 55 0 3 0
L 160 55 9 0 8 0 1 0 SD1
A 160 55 9 0 3 3 #=9
A 160 60 9 0 2 0 PINTYPE=BI
P 13 180 45 160 45 0 3 0
L 160 45 9 0 8 0 1 0 SC1
A 160 45 9 0 3 3 #=10
A 160 50 9 0 2 0 PINTYPE=OUT
P 14 180 35 160 35 0 3 0
L 160 35 9 0 8 0 1 0 INT1_B
A 160 35 9 0 3 3 #=8
A 160 40 9 0 2 0 PINTYPE=IN
E 
