V 51
K 317927255900 pca9548a
|R 21:22_5-29-12
Y 1
D -30 0 110 150
Z 10
i 55
U 0 -100 10 0 3 0 DIST_P/N=296-20960-2-ND
U 0 -80 10 0 3 0 DIST=DIGIKEY
U 0 -40 10 0 3 0 MANF_P/N=PCA9544ARGYR
U 0 -20 10 0 3 0 MANF=TI
U 0 -60 10 0 3 0 VALUE=PCA9544A
P 47 110 20 90 20 0 3 0
A -10 0 9 0 3 0 PINTYPE=IN
A 95 20 9 0 3 3 #=21
L 85 20 9 0 8 0 1 0 THERMPAD
P 48 110 30 90 30 0 3 0
L 85 30 9 0 8 0 1 0 GND
A 95 30 9 0 3 3 #=10
A -10 10 9 0 3 0 PINTYPE=IN
P 49 110 50 90 50 0 3 0
L 85 50 9 0 8 0 1 0 INT_B
A 95 50 9 0 3 3 #=17
A 120 50 9 0 9 0 PINTYPE=OUT
P 50 110 70 90 70 0 3 0
A -10 40 9 0 3 0 PINTYPE=IN
A 95 70 9 0 3 3 #=3
L 85 70 9 0 8 0 1 0 A2
P 51 110 80 90 80 0 3 0
A -10 0 9 0 3 0 PINTYPE=IN
A 95 80 9 0 3 3 #=2
L 85 80 9 0 8 0 1 0 A1
P 52 110 90 90 90 0 3 0
A -10 20 9 0 3 0 PINTYPE=IN
A 95 90 9 0 3 3 #=1
L 85 90 9 0 8 0 1 0 A0
P 53 110 105 90 105 0 3 0
L 85 105 9 0 8 0 1 0 SCL
A 95 105 9 0 3 3 #=18
A -10 65 9 0 3 0 PINTYPE=IN
P 54 110 115 90 115 0 3 0
L 85 115 9 0 8 0 1 0 SDA
A 95 115 9 0 3 3 #=19
A -10 65 9 0 3 0 PINTYPE=IN
P 55 110 130 90 130 0 3 0
L 85 130 9 0 8 0 1 0 VCC
A 95 130 9 0 3 3 #=20
A -10 70 6 0 3 0 PINTYPE=IN
P 29 -30 120 -10 120 0 2 0
A -10 10 9 0 3 0 PINTYPE=BI
A -15 120 9 0 9 3 #=5
L -5 120 9 0 2 0 1 0 SD0
P 30 -30 110 -10 110 0 2 0
A -10 10 9 0 3 0 PINTYPE=OUT
A -15 110 9 0 9 3 #=6
L -5 110 9 0 2 0 1 0 SC0
P 11 -30 100 -10 100 0 2 0
L -5 100 9 0 2 0 1 0 INT1_B
A -15 100 9 0 9 3 #=7
A -10 -10 9 0 3 0 PINTYPE=BI
P 12 -30 90 -10 90 0 2 0
L -5 90 9 0 2 0 1 0 SD1
A -15 90 9 0 9 3 #=8
A -10 -10 9 0 3 0 PINTYPE=OUT
P 21 -30 80 -10 80 0 2 0
A -10 -30 9 0 3 0 PINTYPE=BI
A -15 80 9 0 9 3 #=9
L -5 80 9 0 2 0 1 0 SC1
P 22 -30 70 -10 70 0 2 0
A -10 -30 9 0 3 0 PINTYPE=OUT
A -15 70 9 0 9 3 #=11
L -5 70 9 0 2 0 1 0 INT2_B
P 23 -30 60 -10 60 0 2 0
L -5 60 9 0 2 0 1 0 SD2
A -15 60 9 0 9 3 #=12
A -10 -50 9 0 3 0 PINTYPE=BI
P 24 -30 50 -10 50 0 2 0
L -5 50 9 0 2 0 1 0 SC2
A -15 50 9 0 9 3 #=13
A -10 -50 9 0 3 0 PINTYPE=OUT
P 25 -30 40 -10 40 0 2 0
A -10 -70 9 0 3 0 PINTYPE=BI
A -15 40 9 0 9 3 #=14
L -5 40 9 0 2 0 1 0 INT3_B
P 26 -30 30 -10 30 0 2 0
A -10 -70 9 0 3 0 PINTYPE=OUT
A -15 30 9 0 9 3 #=15
L -5 30 9 0 2 0 1 0 SD3
P 27 -30 20 -10 20 0 2 0
L -5 20 9 0 2 0 1 0 SC3
A -15 20 9 0 9 3 #=16
A -10 -90 9 0 3 0 PINTYPE=BI
P 32 -30 130 -10 130 0 2 0
L -5 130 9 0 2 0 1 0 INT0_B
A -15 130 9 0 9 3 #=4
A -10 30 9 0 3 0 PINTYPE=OUT
b -10 10 90 140
U -8 -5 16 0 3 3 REFDES=U?
U 60 0 9 0 3 3 PKG_TYPE=XXX
U -10 140 9 0 3 3 DEVICE=PCA9544A
E
