V 53
K 1424735881 PCIE_CABLE_X4_SMT.1
F Case
|R 15:58:1_2-23-15
D 0 374 190 -10
Y 1
Z 10
i 223
U 0 -140 10 0 3 0 PARTS=1
U 0 -130 10 0 3 0 LEVEL=STD
U 0 -150 10 0 3 0 PKG_TYPE=PKG_TYPE
U 40 -10 10 0 3 0 DEVICE=DEVICE
U 40 360 10 0 3 3 REFDES=J?
U 40 0 10 0 1 3 VALUE=VALUE
U 0 -10 10 0 1 0 FORWARD_PCB=1
b 40 0 150 360
P 1 0 340 40 340 0 2 0
L 50 340 10 0 2 0 1 0 PETP0
A -140 340 10 0 2 0 PINTYPE=IN
A 30 340 10 0 9 3 #=A2
P 2 0 330 40 330 0 2 0
L 50 330 10 0 2 0 1 0 PETN0
A -140 330 10 0 2 0 PINTYPE=IN
A 30 330 10 0 9 3 #=A3
P 4 0 280 40 280 0 2 0
L 50 280 10 0 2 0 1 0 PETP2
A -140 280 10 0 2 0 PINTYPE=IN
A 30 280 10 0 9 3 #=A8
P 5 0 270 40 270 0 2 0
L 50 270 10 0 2 0 1 0 PETN2
A -140 270 10 0 2 0 PINTYPE=IN
A 30 270 10 0 9 3 #=A9
P 6 0 220 40 220 0 2 0
L 50 220 10 0 2 0 1 0 CREFCLKP
A -140 220 10 0 2 0 PINTYPE=IN
A 30 220 10 0 9 3 #=A14
P 7 0 210 40 210 0 2 0
L 50 210 10 0 2 0 1 0 CREFCLKN
A -140 210 10 0 2 0 PINTYPE=IN
A 30 210 10 0 9 3 #=A15
P 8 0 160 40 160 0 2 0
L 50 160 10 0 2 0 1 0 PERP1
A -140 160 10 0 2 0 PINTYPE=BI
A 30 160 10 0 9 3 #=B5
P 9 0 150 40 150 0 2 0
L 50 150 10 0 2 0 1 0 PERN1
A -140 150 10 0 2 0 PINTYPE=BI
A 30 150 10 0 9 3 #=B6
P 10 0 100 40 100 0 2 0
L 50 100 10 0 2 0 1 0 PERP3
A -140 100 10 0 2 0 PINTYPE=IN
A 30 100 10 0 9 3 #=B11
P 11 0 90 40 90 0 2 0
L 50 90 10 0 2 0 1 0 PERN3
A -140 90 10 0 2 0 PINTYPE=BI
A 30 90 10 0 9 3 #=B12
P 12 0 50 40 50 0 2 0
L 50 50 10 0 2 0 1 0 SB_RTN
A -140 50 10 0 2 0 PINTYPE=BI
A 30 50 10 0 9 3 #=A17
P 13 0 40 40 40 0 2 0
L 50 40 10 0 2 0 1 0 CPRSNT_B
A -140 40 10 0 2 0 PINTYPE=BI
A 30 40 10 0 9 3 #=A18
P 72 0 310 40 310 0 2 0
L 50 310 10 0 2 0 1 0 PETP1
A -140 310 10 0 2 0 PINTYPE=IN
A 30 310 10 0 9 3 #=A5
P 74 0 30 40 30 0 2 0
L 50 30 10 0 2 0 1 0 CPWRON
A -140 30 10 0 2 0 PINTYPE=BI
A 30 30 10 0 9 3 #=A19
P 83 0 300 40 300 0 2 0
L 50 300 10 0 2 0 1 0 PETN1
A -140 300 10 0 2 0 PINTYPE=IN
A 30 300 10 0 9 3 #=A6
P 85 0 250 40 250 0 2 0
L 50 250 10 0 2 0 1 0 PETP3
A -140 250 10 0 2 0 PINTYPE=IN
A 30 250 10 0 9 3 #=A11
P 86 0 240 40 240 0 2 0
L 50 240 10 0 2 0 1 0 PETN3
A -140 240 10 0 2 0 PINTYPE=IN
A 30 240 10 0 9 3 #=A12
P 87 0 190 40 190 0 2 0
L 50 190 10 0 2 0 1 0 PERP0
A -140 190 10 0 2 0 PINTYPE=IN
A 30 190 10 0 9 3 #=B2
P 88 0 180 40 180 0 2 0
L 50 180 10 0 2 0 1 0 PERN0
A 30 180 10 0 9 3 #=B3
A -140 180 10 0 2 0 PINTYPE=IN
P 89 0 130 40 130 0 2 0
L 50 130 10 0 2 0 1 0 PERP2
A -140 130 10 0 2 0 PINTYPE=BI
A 30 130 10 0 9 3 #=B8
P 90 0 120 40 120 0 2 0
L 50 120 10 0 2 0 1 0 PERN2
A -140 120 10 0 2 0 PINTYPE=BI
A 30 120 10 0 9 3 #=B9
P 173 190 340 150 340 0 3 0
L 150 340 10 0 8 0 1 0 GND1
A 190 340 10 0 1 0 PINTYPE=GROUND
A 180 350 10 0 7 3 #=A1
P 176 190 330 150 330 0 3 0
L 150 330 10 0 8 0 1 0 GND2
A 190 330 10 0 1 0 PINTYPE=GROUND
A 180 340 10 0 7 3 #=A4
P 179 190 320 150 320 0 3 0
L 150 320 10 0 8 0 1 0 GND3
A 190 320 10 0 1 0 PINTYPE=GROUND
A 180 330 10 0 7 3 #=A7
P 182 190 310 150 310 0 3 0
L 150 310 10 0 8 0 1 0 GND4
A 190 310 10 0 1 0 PINTYPE=GROUND
A 180 320 10 0 7 3 #=A10
P 185 190 300 150 300 0 3 0
L 150 300 10 0 8 0 1 0 GND5
A 190 300 10 0 1 0 PINTYPE=GROUND
A 180 310 10 0 7 3 #=A13
P 188 190 290 150 290 0 3 0
L 150 290 10 0 8 0 1 0 GND6
A 190 290 10 0 1 0 PINTYPE=GROUND
A 180 300 10 0 7 3 #=A16
P 191 190 280 150 280 0 3 0
L 150 280 10 0 8 0 1 0 GND7
A 190 280 10 0 1 0 PINTYPE=GROUND
A 180 290 10 0 7 3 #=B1
P 194 190 270 150 270 0 3 0
L 150 270 10 0 8 0 1 0 GND8
A 190 270 10 0 1 0 PINTYPE=GROUND
A 180 280 10 0 7 3 #=B4
P 197 190 260 150 260 0 3 0
L 150 260 10 0 8 0 1 0 GND9
A 190 260 10 0 1 0 PINTYPE=GROUND
A 180 270 10 0 7 3 #=B7
P 200 190 250 150 250 0 3 0
L 150 250 10 0 8 0 1 0 GND10
A 190 250 10 0 1 0 PINTYPE=GROUND
A 180 260 10 0 7 3 #=B10
P 203 190 240 150 240 0 3 0
L 150 240 10 0 8 0 1 0 GND11
A 190 240 10 0 1 0 PINTYPE=GROUND
A 180 250 10 0 7 3 #=B13
P 209 0 10 40 10 0 2 0
L 50 10 10 0 2 0 1 0 CPERST_B
A -140 10 10 0 2 0 PINTYPE=BI
A 30 10 10 0 9 3 #=B19
P 212 190 190 150 190 0 3 0
L 150 190 10 0 8 0 1 0 PWR1
A 190 190 10 0 1 0 PINTYPE=GROUND
A 180 200 10 0 7 3 #=B14
P 215 190 180 150 180 0 3 0
L 150 180 10 0 8 0 1 0 PWR2
A 190 180 10 0 1 0 PINTYPE=GROUND
A 180 190 10 0 7 3 #=B15
P 218 190 150 150 150 0 3 0
L 150 150 10 0 8 0 1 0 PWR_RTN1
A 190 150 10 0 1 0 PINTYPE=GROUND
A 180 160 10 0 7 3 #=B16
P 221 190 140 150 140 0 3 0
L 150 140 10 0 8 0 1 0 PWR_RTN2
A 190 140 10 0 1 0 PINTYPE=GROUND
A 180 150 10 0 7 3 #=B17
P 340 0 20 40 20 0 2 0
L 50 20 10 0 2 0 1 0 CWAKE_B
A 0 20 10 0 1 0 PINTYPE=IN
A 12 30 10 0 1 3 #=B18
E 
