V 53
K 1399485486 pic24fj128ga006.1
F Case
|R 10:58:6_5-7-14
D 0 1020 375 -35
Y 1
Z 10
i 607
U 0 -10 10 0 3 0 LEVEL=STD
U 25 -35 16 0 3 3 REFDES=U?
U 305 -25 10 0 3 3 PKG_TYPE=QFN_36_C
U 20 995 10 0 3 3 DEVICE=PIC24FJ128GA006
U 30 0 10 0 1 0 VALUE=VT7701M
U 30 -14 10 0 1 0 MANF_P/N=VT7701MF
U 0 -35 10 0 1 0 FORWARD_PCB=1
T 190 955 16 0 5 MICROCONTROLLER
Q 7 0 0
|FNTSTL 13026246 0
b 20 -10 355 990
|GRPHSTL 32000 0 0 1
T 190 975 16 0 5 PIC24FJ128GA006
Q 7 0 0
|FNTSTL 13026246 0
T 350 910 10 0 8 VDD
Q 15 0 0
|FNTSTL 16777215 0
T 350 890 10 0 8 VDD
Q 15 0 0
|FNTSTL 16777215 0
T 350 870 10 0 8 VDD
Q 15 0 0
|FNTSTL 16777215 0
T 350 55 10 0 8 VSS
Q 15 0 0
|FNTSTL 16777215 0
T 350 35 10 0 8 VSS
Q 15 0 0
|FNTSTL 16777215 0
T 350 15 10 0 8 VSS
Q 15 0 0
|FNTSTL 16777215 0
P 155 0 530 20 530 0 2 0
L 25 525 10 0 3 0 1 0 IC2_U1CTS_B_INT2_RD9
A 0 530 10 0 3 0 PINTYPE=IN
A 15 530 10 0 9 3 #=43
P 159 0 415 20 415 0 2 0
L 25 410 10 0 3 0 1 0 PGD1_EMUD1_PMA6_VREF_P_AN0_CN2_RB0
A 0 415 10 0 3 0 PINTYPE=IN
A 15 415 10 0 9 3 #=16
P 163 0 395 20 395 0 2 0
L 25 390 10 0 3 0 1 0 U2CTS_B_C1OUT_AN8_RB8
A 0 395 10 0 3 0 PINTYPE=IN
A 15 395 10 0 9 3 #=21
P 167 0 375 20 375 0 2 0
L 25 370 10 0 3 0 1 0 TCK_PMA11_AN12_RB12
A 0 375 10 0 3 0 PINTYPE=IN
A 15 375 10 0 9 3 #=27
P 171 0 355 20 355 0 2 0
L 25 350 10 0 3 0 1 0 PMA7_C2OUT_AN9_RB9
A 0 355 10 0 3 0 PINTYPE=IN
A 15 355 10 0 9 3 #=22
P 172 0 335 20 335 0 2 0
L 25 330 10 0 3 0 1 0 TDI_PMA10_AN13_RB13
A 0 335 10 0 3 0 PINTYPE=IN
A 15 335 10 0 9 3 #=28
P 183 0 295 20 295 0 2 0
L 25 290 10 0 3 0 1 0 PMA1_U2RTS_B_BLCK2_AN14_RB14
A 0 295 10 0 3 0 PINTYPE=IN
A 15 295 10 0 9 3 #=29
P 191 0 890 20 890 0 2 0
L 25 885 10 0 3 0 1 0 IC3_PMCS2_INT3_RD10
A 0 890 10 0 3 0 PINTYPE=IN
A 15 890 10 0 9 3 #=44
P 195 0 550 20 550 0 2 0
L 25 545 10 0 3 0 1 0 OC2_RD1
A 0 550 10 0 3 0 PINTYPE=IN
A 15 550 10 0 9 3 #=49
P 199 0 315 20 315 0 2 0
L 25 310 10 0 3 0 1 0 TMS_PMA13_CVREF_AN10_RB10
A 0 315 10 0 3 0 PINTYPE=IN
A 15 315 10 0 9 3 #=23
P 203 0 590 20 590 0 2 0
L 25 585 10 0 3 0 1 0 CN15_RD6
A 0 590 10 0 3 0 PINTYPE=IN
A 15 590 10 0 9 3 #=54
P 207 0 670 20 670 0 2 0
L 25 665 10 0 3 0 1 0 PMRD_CN14_RD5
A 0 670 10 0 3 0 PINTYPE=IN
A 15 670 10 0 9 3 #=53
P 211 0 690 20 690 0 2 0
L 25 685 10 0 3 0 1 0 PMWR_OC5_IC5_CN13_RD4
A 0 690 10 0 3 0 PINTYPE=OUT
A 15 690 10 0 9 3 #=52
P 215 0 730 20 730 0 2 0
L 25 725 10 0 3 0 1 0 OC3_RD2
A 0 730 10 0 3 0 PINTYPE=IN
A 15 730 10 0 9 3 #=50
P 255 0 570 20 570 0 2 0
L 25 565 10 0 3 0 1 0 CN16_RD7
A 0 570 10 0 3 0 PINTYPE=OUT
A 15 570 10 0 9 3 #=55
P 266 0 850 20 850 0 2 0
L 25 845 10 0 3 0 1 0 IC1_RTCC_INT1_RD8
A 0 850 10 0 3 0 PINTYPE=IN
A 15 850 10 0 9 3 #=42
P 270 0 710 20 710 0 2 0
L 25 705 10 0 3 0 1 0 PMBE_OC4_RD3
A 0 710 10 0 3 0 PINTYPE=IN
A 15 710 10 0 9 3 #=51
P 306 375 790 355 790 0 3 0
L 350 790 10 0 8 0 1 0 PGD2_EMUD2_AN7_RB7
A 375 790 10 0 9 0 PINTYPE=IN
A 370 790 10 0 9 3 #=18
P 310 375 810 355 810 0 3 0
L 350 810 10 0 8 0 1 0 MLCR_B
A 375 810 10 0 9 0 PINTYPE=OUT
A 370 810 10 0 9 3 #=7
P 440 0 275 20 275 0 2 0
L 25 275 10 0 2 0 1 0 TDO_PMA12_AN11_RB11
A 0 275 10 0 3 0 PINTYPE=IN
A 15 275 10 0 9 3 #=24
P 442 0 255 20 255 0 2 0
L 25 255 10 0 2 0 1 0 PMA0_AN15_OCFB_CN12_RB15
A 0 255 10 0 3 0 PINTYPE=IN
A 15 255 10 0 9 3 #=30
P 444 0 215 20 215 0 2 0
L 25 215 10 0 2 0 1 0 IC4_PMCS1_INT4_RD11
A 0 215 10 0 3 0 PINTYPE=IN
A 15 215 10 0 9 3 #=45
P 446 0 195 20 195 0 2 0
L 25 195 10 0 2 0 1 0 OC1_RD0
A 0 195 10 0 3 0 PINTYPE=IN
A 15 195 10 0 9 3 #=46
P 448 0 155 20 155 0 2 0
L 25 155 10 0 2 0 1 0 PGC1_EMUC1_VREF_N_AN1_CN3_RB1
A 0 155 10 0 3 0 PINTYPE=IN
A 15 155 10 0 9 3 #=15
P 450 0 135 20 135 0 2 0
L 25 135 10 0 2 0 1 0 C2IN_N_AN2_SS1_B_CN4_RB2
A 0 135 10 0 3 0 PINTYPE=IN
A 15 135 10 0 9 3 #=14
P 452 0 95 20 95 0 2 0
L 25 95 10 0 2 0 1 0 C2IN_P_AN3_CN5_RB3
A 0 95 10 0 3 0 PINTYPE=IN
A 15 95 10 0 9 3 #=13
P 454 0 115 20 115 0 2 0
L 25 115 10 0 2 0 1 0 C1IN_N_AN4_CN6_RB4
A 0 115 10 0 3 0 PINTYPE=IN
A 15 115 10 0 9 3 #=12
P 471 0 75 20 75 0 2 0
L 25 75 10 0 2 0 1 0 C1IN_P_AN5_CN7_RB5
A 0 75 10 0 3 0 PINTYPE=IN
A 15 75 10 0 9 3 #=11
P 478 375 770 355 770 0 3 0
L 350 770 10 0 8 0 1 0 PGC2_EMUC2_AN6_OCFA_RB6
A 375 770 10 0 9 0 PINTYPE=IN
A 360 770 10 0 3 3 #=17
P 487 375 930 355 930 0 3 0
L 350 930 10 0 8 0 1 0 AVDD
A 375 930 10 0 9 0 PINTYPE=IN
A 360 930 10 0 3 3 #=19
P 507 375 910 355 910 0 3 0
L 350 910 10 0 8 0 0 0 VDD_1
A 375 910 10 0 9 0 PINTYPE=IN
A 360 910 10 0 3 3 #=10
P 510 375 890 355 890 0 3 0
L 350 890 10 0 8 0 0 0 VDD_2
A 375 890 10 0 9 0 PINTYPE=IN
A 360 890 10 0 3 3 #=26
P 514 375 870 355 870 0 3 0
L 350 870 10 0 8 0 0 0 VDD_3
A 375 870 10 0 9 0 PINTYPE=IN
A 360 870 10 0 3 3 #=38
P 515 375 850 355 850 0 3 0
L 350 850 10 0 8 0 1 0 ENVREG
A 375 850 10 0 9 0 PINTYPE=IN
A 360 850 10 0 3 3 #=57
P 523 375 135 355 135 0 3 0
L 350 135 10 0 8 0 1 0 VCAP_VDDCORE
A 375 135 10 0 9 0 PINTYPE=IN
A 360 135 10 0 3 3 #=56
P 526 375 55 355 55 0 3 0
L 350 55 10 0 8 0 0 0 VSS_1
A 375 55 10 0 9 0 PINTYPE=IN
A 360 55 10 0 3 3 #=9
P 528 375 35 355 35 0 3 0
L 350 35 10 0 8 0 0 0 VSS_2
A 375 35 10 0 9 0 PINTYPE=IN
A 360 35 10 0 3 3 #=25
P 529 375 15 355 15 0 3 0
L 350 15 10 0 8 0 0 0 VSS_3
A 375 15 10 0 9 0 PINTYPE=IN
A 360 15 10 0 3 3 #=41
P 531 375 95 355 95 0 3 0
L 350 95 10 0 8 0 1 0 AVSS
Q 15 0 0
|FNTSTL 16777215 0
A 375 95 10 0 9 0 PINTYPE=IN
A 360 95 10 0 3 3 #=20
P 534 375 730 355 730 0 3 0
L 350 730 10 0 8 0 1 0 U1RTSB_BCLK1_SCK1_INT0_RF6
A 375 730 10 0 9 0 PINTYPE=IN
A 360 730 10 0 3 3 #=35
P 547 375 710 355 710 0 3 0
L 350 710 10 0 8 0 1 0 U1RX_SDI1_RF2
A 375 710 10 0 9 0 PINTYPE=IN
A 360 710 10 0 3 3 #=34
P 550 375 690 355 690 0 3 0
L 350 690 10 0 8 0 1 0 SDA1_RG3
A 375 690 10 0 9 0 PINTYPE=IN
A 360 690 10 0 3 3 #=36
P 552 375 670 355 670 0 3 0
L 350 670 10 0 8 0 1 0 SCL1_RG2
A 375 670 10 0 9 0 PINTYPE=IN
A 360 670 10 0 3 3 #=37
P 553 375 650 355 650 0 3 0
L 350 650 10 0 8 0 1 0 PMA9_U2RX_SDA2_CN17_RF4
A 375 650 10 0 9 0 PINTYPE=IN
A 360 650 10 0 3 3 #=31
P 555 375 630 355 630 0 3 0
L 350 630 10 0 8 0 1 0 PMA8_U2TX_SCL2_CN18_RF5
A 375 630 10 0 9 0 PINTYPE=IN
A 360 630 10 0 3 3 #=32
P 558 375 590 355 590 0 3 0
L 350 590 10 0 8 0 1 0 PMD0_RE0
A 375 590 10 0 9 0 PINTYPE=IN
A 360 590 10 0 3 3 #=60
P 560 375 570 355 570 0 3 0
L 350 570 10 0 8 0 1 0 PMD1_RE1
A 375 570 10 0 9 0 PINTYPE=IN
A 360 570 10 0 3 3 #=61
P 561 375 550 355 550 0 3 0
L 350 550 10 0 8 0 1 0 PMD2_RE2
A 375 550 10 0 9 0 PINTYPE=IN
A 360 550 10 0 3 3 #=62
P 563 375 530 355 530 0 3 0
L 350 530 10 0 8 0 1 0 PMD3_RE3
A 375 530 10 0 9 0 PINTYPE=IN
A 360 530 10 0 3 3 #=63
P 566 375 510 355 510 0 3 0
L 350 510 10 0 8 0 1 0 PMD4_RE4
A 375 510 10 0 9 0 PINTYPE=IN
A 360 510 10 0 3 3 #=64
P 568 375 490 355 490 0 3 0
L 350 490 10 0 8 0 1 0 PMD5_RE5
A 375 490 10 0 9 0 PINTYPE=IN
A 360 490 10 0 3 3 #=1
P 569 375 470 355 470 0 3 0
L 350 470 10 0 8 0 1 0 PMD6_RE6
A 375 470 10 0 9 0 PINTYPE=IN
A 360 470 10 0 3 3 #=2
P 584 375 450 355 450 0 3 0
L 350 450 10 0 8 0 1 0 PMD7_RE7
A 375 450 10 0 9 0 PINTYPE=IN
A 360 450 10 0 3 3 #=3
P 585 375 415 355 415 0 3 0
L 350 415 10 0 8 0 1 0 OSC1_CLK1_RC12
A 375 415 10 0 9 0 PINTYPE=IN
A 360 415 10 0 3 3 #=39
P 587 375 395 355 395 0 3 0
L 350 395 10 0 8 0 1 0 SOSCI_CN1_RC13
A 375 395 10 0 9 0 PINTYPE=IN
A 360 395 10 0 3 3 #=47
P 590 375 375 355 375 0 3 0
L 350 375 10 0 8 0 1 0 SOSCO_T1CK_CN0_RC14
A 375 375 10 0 9 0 PINTYPE=IN
A 360 375 10 0 3 3 #=48
P 592 375 355 355 355 0 3 0
L 350 355 10 0 8 0 1 0 OSC2_CLKO_RC15
A 375 355 10 0 9 0 PINTYPE=IN
A 360 355 10 0 3 3 #=40
P 593 375 315 355 315 0 3 0
L 350 315 10 0 8 0 1 0 RF0
A 375 315 10 0 9 0 PINTYPE=IN
A 360 315 10 0 3 3 #=58
P 595 375 295 355 295 0 3 0
L 350 295 10 0 8 0 1 0 RF1
A 375 295 10 0 9 0 PINTYPE=IN
A 360 295 10 0 3 3 #=59
P 598 375 275 355 275 0 3 0
L 350 275 10 0 8 0 1 0 U1TX_SDO1_RF3
A 375 275 10 0 9 0 PINTYPE=IN
A 360 275 10 0 3 3 #=33
P 600 375 175 355 175 0 3 0
L 350 175 10 0 8 0 1 0 PMA4_SDI2_CN9_RG7
A 375 175 10 0 9 0 PINTYPE=IN
A 360 175 10 0 3 3 #=5
P 601 375 235 355 235 0 3 0
L 350 235 10 0 8 0 1 0 PMA5_SCK2_CN8_RG6
A 375 235 10 0 9 0 PINTYPE=IN
A 360 235 10 0 3 3 #=4
P 603 375 215 355 215 0 3 0
L 350 215 10 0 8 0 1 0 PMA3_SDO2_CN10_RG8
A 375 215 10 0 9 0 PINTYPE=IN
A 360 215 10 0 3 3 #=6
P 606 375 195 355 195 0 3 0
L 350 195 10 0 8 0 1 0 PMA2_SS2_B_CN11_RG9
A 375 195 10 0 9 0 PINTYPE=IN
A 360 195 10 0 3 3 #=8
E 
