V 53
K 1394147786 cl0904_3_50tr_r.1
F Case
|R 15:16:26_3-6-14
D 0 55 175 0
Y 1
Z 10
i 150
U -190 -50 10 0 3 0 PARTS=1
U 100 60 10 0 3 3 DEVICE=CL0904_3
U 20 60 16 0 3 3 REFDES=L?
U 60 -20 10 0 3 0 PKG_TYPE=IND_COIL_CL0904_3
U 80 0 10 0 3 0 VALUE=CL0904_3
U 0 0 10 0 1 0 FORWARD_PCB=1
c 36 32 1
|GRPHSTL -1 1 0 1
a 130 30 130 31 135 30
a 125 30 125 31 130 30
a 120 30 120 31 125 30
l 3 140 20 140 30 135 30 
l 3 115 20 115 30 120 30 
l 3 75 20 75 30 80 30 
a 90 30 90 31 95 30
a 85 30 85 31 90 30
l 3 60 20 60 30 55 30 
a 40 30 40 31 45 30
a 45 30 45 31 50 30
a 50 30 50 31 55 30
a 80 30 80 31 85 30
l 3 100 20 100 30 95 30 
l 3 35 20 35 30 40 30 
b 15 15 160 45
l 2 35 35 60 35 
l 2 35 36 60 36 
l 2 115 35 140 35 
l 2 115 36 140 36 
l 2 75 35 100 35 
l 2 75 36 100 36 
c 76 32 1
|GRPHSTL -1 1 0 1
c 116 32 1
|GRPHSTL -1 1 0 1
P 49 35 5 35 25 0 1 0
L 35 25 10 1 2 0 0 0 1
A 45 -25 10 1 9 0 PINTYPE=BI
A 35 25 10 1 9 3 #=1
P 128 60 5 60 25 0 1 0
L 60 25 10 1 2 0 0 0 2
A 70 -25 10 1 9 0 PINTYPE=BI
A 60 25 10 1 9 3 #=2
P 140 75 5 75 25 0 1 0
L 75 25 10 1 2 0 0 0 3
A 85 -25 10 1 9 0 PINTYPE=BI
A 75 25 10 1 9 3 #=3
P 141 100 5 100 25 0 1 0
L 100 25 10 1 2 0 0 0 4
A 110 -25 10 1 9 0 PINTYPE=BI
A 100 25 10 1 9 3 #=4
P 148 115 5 115 25 0 1 0
L 115 25 10 1 2 0 0 0 5
A 125 -25 10 1 9 0 PINTYPE=BI
A 115 25 10 1 9 3 #=5
P 149 140 5 140 25 0 1 0
L 140 25 10 1 2 0 0 0 6
A 150 -25 10 1 9 0 PINTYPE=BI
A 140 25 10 1 9 3 #=6
E 
