V 51
K 88228265090 proto_hole
|R 21:54_12-22-10
Y 1
D 0 0 30 20
Z 10
i 2
U 0 -10 10 0 3 0 PKG_TYPE=TH_PAD
U 10 10 9 0 2 0 DEVICE=PROTO_HOLE
U 40 10 10 0 2 3 REFDES=TP?
P 1 0 10 5 10 0 2 0
A 15 15 10 0 2 0 PINTYPE=IN
A 5 10 10 0 9 0 #=1
L 5 10 10 0 2 0 0 0 TP
l 2 5 10 5 10
l 2 20 5 25 10
Q 12 0 0
l 2 24 11 18 5
Q 12 0 0
l 2 18 9 22 13
Q 12 0 0
l 2 23 12 16 5
Q 12 0 0
l 2 10 5 5 10
Q 12 0 0
l 2 25 10 20 15
Q 12 0 0
l 2 21 14 18 11
Q 12 0 0
l 2 14 5 15 6
Q 12 0 0
l 2 10 15 5 10
Q 12 0 0
l 2 12 15 6 9
Q 12 0 0
l 2 13 6 12 5
Q 12 0 0
l 2 14 15 7 8
Q 12 0 0
l 2 8 7 12 11
Q 12 0 0
l 2 10 5 12 7
Q 12 0 0
l 2 20 5 10 5
Q 12 0 0
l 2 9 6 12 9
Q 12 0 0
l 2 20 15 10 15
Q 12 0 0
l 2 16 15 15 14
Q 12 0 0
l 2 18 13 20 15
Q 12 0 0
T 12 5 10 0 3 P
Q 12 0 0
l 2 18 15 16 13
Q 12 0 0
E
