V 53
K 177662653200 ptd08a006w
F Case
|R 1:30_1-8-10
Y 1
D 0 0 170 120
Z 10
i 57
U -190 -40 10 0 3 0 LEVEL=STD
U -190 -50 10 0 3 0 PARTS=1
U 10 10 10 0 3 3 REFDES=U?
U 140 10 10 0 3 0 PKG_TYPE=EGS_R-PDSS-T12
U 50 50 10 0 3 0 DEVICE=PTD08A006W
P 57 130 120 130 100 0 0 0
A 130 100 10 1 3 3 #=8
A 135 160 10 1 3 0 PINTYPE=BI
L 130 100 10 1 8 0 1 0 INH
P 56 110 120 110 100 0 0 0
L 110 100 10 1 8 0 1 0 FAULT
A 115 160 10 1 3 0 PINTYPE=BI
A 110 100 10 1 3 3 #=9
P 55 90 120 90 100 0 0 0
A 90 100 10 1 3 3 #=10
A 95 160 10 1 3 0 PINTYPE=BI
L 90 100 10 1 8 0 1 0 SRE
P 54 70 120 70 100 0 0 0
L 70 100 10 1 8 0 1 0 PWM
A 75 160 10 1 3 0 PINTYPE=BI
A 70 100 10 1 3 3 #=11
P 53 130 0 130 20 0 1 0
L 130 20 10 1 2 0 1 0 GND_1
A 130 20 10 1 9 3 #=3
A 140 -30 10 1 9 0 PINTYPE=BI
P 22 50 0 50 20 0 1 0
L 50 20 10 1 2 1 1 0 GND_0
A 50 20 10 1 9 3 #=2
A 60 -30 10 1 9 0 PINTYPE=BI
P 50 70 0 70 20 0 1 0
A 80 -30 10 1 9 0 PINTYPE=BI
A 70 20 10 1 9 3 #=5
L 70 20 10 1 2 0 1 0 TEMP
P 51 90 0 90 20 0 1 0
L 90 20 10 1 2 0 1 0 IOUT
A 90 20 10 1 9 3 #=6
A 100 -30 10 1 9 0 PINTYPE=BI
P 52 110 0 110 20 0 1 0
A 120 -30 10 1 9 0 PINTYPE=BI
A 110 20 10 1 9 3 #=7
L 110 20 10 1 2 0 1 0 AGND
P 38 170 60 150 60 0 3 0
A 150 60 10 0 3 3 #=4
A 210 55 10 0 3 0 PINTYPE=BI
L 150 60 10 0 8 0 1 0 VO
P 49 0 60 20 60 0 2 0
A -30 50 10 0 9 0 PINTYPE=BI
A 20 60 10 0 9 3 #=1
L 20 60 10 0 2 1 1 0 VI
P 19 50 120 50 100 0 0 0
A 50 100 10 1 3 3 #=12
A 55 160 10 1 3 0 PINTYPE=BI
L 50 100 10 1 8 0 1 0 VBIAS
b 20 20 150 100
U 50 60 10 0 3 0 VALUE=PTD08A006W
U 50 50 10 0 3 3 MANF_P/N=PTD08A006WAD
E
