V 51
K 188627142700 pth08t261w
|R 2:10_10-18-10
Y 1
D 0 0 170 120
Z 10
i 61
U -190 -40 10 0 3 0 LEVEL=STD
U -190 -50 10 0 3 0 PARTS=1
U 50 50 10 0 3 0 MANF_P/N=PTH08T261WAZ
U 5 0 16 0 3 3 REFDES=U?
U 145 5 10 0 3 3 PKG_TYPE=XXX
U 145 0 10 0 3 0 VALUE=XXXX
U -20 105 10 0 3 3 DEVICE=XXX
P 49 0 80 20 80 0 2 0
A -30 70 10 0 9 0 PINTYPE=IN
A 15 80 10 0 9 3 #=2
L 25 80 10 0 2 1 1 0 VI
P 58 0 40 20 40 0 2 0
A -30 30 10 0 9 0 PINTYPE=IN
A 15 40 10 0 9 3 #=10
L 25 40 10 0 2 0 1 0 INH_B
P 57 100 120 100 100 0 0 0
A 107 115 10 2 3 3 #=8
A 105 160 10 1 3 0 PINTYPE=IN
L 100 95 10 1 8 0 1 0 TT
P 59 170 80 150 80 0 3 0
A 155 80 10 0 3 3 #=5
A 210 75 10 0 3 0 PINTYPE=IN
L 145 80 10 0 8 0 1 0 SNS_P
P 38 170 60 150 60 0 3 0
A 155 60 10 0 3 3 #=4
A 210 55 10 0 3 0 PINTYPE=OUT
L 145 60 10 0 8 0 1 0 VO
P 50 80 0 80 20 0 1 0
A 90 -30 10 1 9 0 PINTYPE=IN
A 81 15 10 2 9 3 #=3
L 80 25 10 1 2 0 1 0 GND
P 61 60 0 60 20 0 1 0
A 70 -30 10 1 9 0 PINTYPE=IN
A 61 15 10 2 9 3 #=1
L 60 25 10 1 2 0 1 0 SYNC
P 52 100 0 100 20 0 1 0
A 110 -30 10 1 9 0 PINTYPE=IN
A 101 15 10 2 9 3 #=7
L 100 25 10 1 2 0 1 0 VO_ADJ
P 60 170 40 150 40 0 3 0
A 155 40 10 0 3 3 #=6
A 210 35 10 0 3 0 PINTYPE=IN
L 145 40 10 0 8 0 1 0 SNS_N
P 19 60 120 60 100 0 0 0
A 67 115 10 2 3 3 #=9
A 65 160 10 1 3 0 PINTYPE=IN
L 60 95 10 1 8 0 1 0 TRACK
b 20 20 150 100
E
