V 51
K 367860772900 ptv12010w
|R 22:38_11-2-10
Y 1
D 0 0 300 180
Z 10
i 9
U 0 -30 10 0 3 0 PARTS=1
U 0 -20 10 0 3 0 LEVEL=STD
U 20 160 10 0 3 3 DEVICE=XXXXXXXX
P 7 240 0 240 20 0 1 0
A 240 20 10 3 1 0 PINTYPE=IN
A 245 15 10 0 1 3 #=4
L 230 25 10 0 3 0 1 0 VADJ
P 1 0 100 20 100 0 2 0
A 0 100 10 0 3 0 PINTYPE=IN
A 5 100 10 0 3 3 #=8
L 25 95 10 0 3 0 1 0 VI
T 120 95 10 0 3 PTV12010W
P 9 150 180 150 160 0 0 0
A 150 160 10 1 1 0 PINTYPE=IN
A 165 165 10 2 1 3 #=5
L 135 140 10 0 3 0 1 0 TRACK
P 4 60 0 60 20 0 1 0
A 60 20 10 3 1 0 PINTYPE=IN
A 70 15 10 0 1 3 #=7
L 55 25 10 0 3 0 1 0 INH
P 3 300 90 280 90 0 3 0
A 300 90 10 0 9 0 PINTYPE=OUT
A 295 90 10 0 9 3 #=3
L 255 90 10 0 3 0 1 0 VO_B
P 2 300 110 280 110 0 3 0
A 300 110 10 0 9 0 PINTYPE=OUT
A 295 110 10 0 9 3 #=2
L 255 105 10 0 3 0 1 0 VO_A
P 8 120 0 120 20 0 1 0
A 120 20 10 3 1 0 PINTYPE=IN
A 125 15 10 0 1 3 #=6
L 105 25 10 0 3 0 1 0 GND_A
P 6 160 0 160 20 0 1 0
A 160 20 10 3 1 0 PINTYPE=IN
A 165 15 10 0 1 3 #=1
L 150 25 10 0 3 0 1 0 GND_B
b 20 20 280 160
U 255 10 10 0 3 3 PKG_TYPE=XXXXXXXX
U 0 0 16 0 3 3 REFDES=U?
E
