V 53
K 1376513668 S25FS256S.1
F Case
|R 13:54:28_8-14-13
D 0 160 160 0
Y 1
Z 10
i 30
U 0 -80 10 0 3 0 DIST_P/N=
U 0 -70 10 0 3 0 DIST=MOUSER
U 0 -60 10 0 3 0 MFG_P/N=S25FL512SDPMFIQ11
U 0 -50 10 0 3 0 MFG=SPANSION
U 0 -40 10 0 3 0 LEVEL=STD
U 0 -30 10 0 3 0 PARTS=1
U 25 145 10 0 3 3 DEVICE=S25FL512S
U 25 0 18 0 3 3 REFDES=U?
U 100 5 10 0 3 3 PKG_TYPE=SOIC_16
U 0 0 10 0 1 0 FORWARD_PCB=1
b 20 20 140 140
P 3 160 100 140 100 0 3 0
L 110 95 10 0 3 0 1 0 DNU1
A 160 100 10 0 9 0 PINTYPE=IN
A 155 100 10 0 9 3 #=11
P 5 160 80 140 80 0 3 0
L 110 75 10 0 3 0 1 0 RFU2
A 160 80 10 0 9 0 PINTYPE=IN
A 150 80 10 0 9 3 #=6
P 7 160 60 140 60 0 3 0
L 100 55 10 0 3 0 1 0 SO_IO1
A 160 60 10 0 9 0 PINTYPE=IN
A 150 60 10 0 9 3 #=8
P 9 160 30 140 30 0 3 0
L 110 25 10 0 3 0 1 0 RFU1
A 160 30 10 0 9 0 PINTYPE=IN
A 150 30 10 0 9 3 #=3
P 10 160 110 140 110 0 3 0
L 115 105 10 0 3 0 1 0 NC2
A 160 110 10 0 9 0 PINTYPE=IN
A 150 110 10 0 9 3 #=5
P 11 160 90 140 90 0 3 0
L 110 85 10 0 3 0 1 0 DNU2
A 160 90 10 0 9 0 PINTYPE=IN
A 155 90 10 0 9 3 #=12
P 12 160 70 140 70 0 3 0
L 110 65 10 0 3 0 1 0 DNU3
A 160 70 10 0 9 0 PINTYPE=IN
A 155 70 10 0 9 3 #=13
P 13 160 50 140 50 0 3 0
L 115 45 10 0 3 0 1 0 SCK
A 160 50 10 0 9 0 PINTYPE=IN
A 155 50 10 0 9 3 #=16
P 14 160 120 140 120 0 3 0
L 115 115 10 0 3 0 1 0 NC1
A 160 120 10 0 9 0 PINTYPE=IN
A 150 120 10 0 9 3 #=4
P 15 0 130 20 130 0 2 0
L 30 125 10 0 3 0 1 0 VDD
A 0 130 10 0 3 0 PINTYPE=IN
A 10 130 10 0 3 3 #=2
P 16 0 120 20 120 0 2 0
L 30 115 10 0 3 0 1 0 RFU3
A 0 120 10 0 3 0 PINTYPE=IN
A 5 120 10 0 3 3 #=14
P 17 0 90 20 90 0 2 0
L 30 85 10 0 3 0 1 0 IO3_RESET_B
A 0 90 10 0 3 0 PINTYPE=IN
A 10 90 10 0 3 3 #=1
P 18 0 80 20 80 0 2 0
L 30 75 10 0 3 0 1 0 WP_B_IO2
A 0 80 10 0 3 0 PINTYPE=IN
A 10 80 10 0 3 3 #=9
P 19 0 70 20 70 0 2 0
L 30 65 10 0 3 0 1 0 SI_IO0
A 0 70 10 0 3 0 PINTYPE=IN
A 5 70 10 0 3 3 #=15
P 20 0 60 20 60 0 2 0
L 30 55 10 0 3 0 1 0 CS_B
A 0 60 10 0 3 0 PINTYPE=IN
A 10 60 10 0 3 3 #=7
P 21 0 30 20 30 0 2 0
L 30 25 10 0 3 0 1 0 VSS
A 0 30 10 0 3 0 PINTYPE=IN
A 5 30 10 0 3 3 #=10
E 
