V 53
K 1448033631 s34ml08g10xtf.1
F Case
|R 8:33:51_11-20-15
D 0 350 140 0
Y 1
Z 10
i 1465
U 25 5 16 0 2 3 REFDES=U?
U 75 -475 10 0 9 0 VALUE=VALUE
U 25 340 10 0 2 3 DEVICE=DEVICE
U 70 10 10 0 2 3 PKG_TYPE=PKG_TYPE
U 0 0 10 0 1 0 FORWARD_PCB=1
b 25 15 115 335
P 1 0 260 25 260 0 2 0
L 30 260 10 0 2 0 1 0 IO5
A 25 262 5 0 2 0 PINTYPE=BI
A 5 265 10 0 2 3 #=42
P 2 0 240 25 240 0 2 0
L 30 240 10 0 2 0 1 0 IO7
A 25 242 5 0 2 0 PINTYPE=BI
A 5 245 10 0 2 3 #=44
P 3 140 60 115 60 0 3 0
L 110 60 10 0 8 0 1 0 NC23
A 115 62 5 0 8 0 PINTYPE=IN
A 120 65 10 0 2 3 #=45
P 4 0 270 25 270 0 2 0
L 30 270 10 0 2 0 1 0 IO4
A 25 272 5 0 2 0 PINTYPE=BI
A 5 275 10 0 2 3 #=41
P 5 0 250 25 250 0 2 0
L 30 250 10 0 2 0 1 0 IO6
A 25 252 5 0 2 0 PINTYPE=BI
A 5 255 10 0 2 3 #=43
P 6 140 40 115 40 0 3 0
L 110 40 10 0 8 0 1 0 NC25
A 115 42 5 0 8 0 PINTYPE=IN
A 120 45 10 0 2 3 #=47
P 48 0 310 25 310 0 2 0
L 30 310 10 0 2 0 1 0 IO0
A 25 312 10 0 8 0 PINTYPE=BI
A 5 315 10 0 2 3 #=29
P 125 140 230 115 230 0 3 0
L 110 230 10 0 8 0 1 0 VSS4
A 120 230 10 0 9 0 PINTYPE=POWER
A 120 235 10 0 2 3 #=48
P 126 140 240 115 240 0 3 0
L 110 240 10 0 8 0 1 0 VSS3
A 120 240 10 0 9 0 PINTYPE=POWER
A 120 245 10 0 2 3 #=36
P 142 140 50 115 50 0 3 0
L 110 50 10 0 8 0 1 0 NC24
A 120 55 10 0 2 3 #=46
A 115 52 10 0 2 0 PINTYPE=IN
P 143 140 310 115 310 0 3 0
L 110 310 10 0 8 0 1 0 VCC1
A 120 315 10 0 2 3 #=12
A 115 312 10 0 2 0 PINTYPE=POWER
P 145 0 90 25 90 0 2 0
L 30 90 10 0 2 0 1 0 NC4
A 25 92 10 0 8 0 PINTYPE=IN
A 11 95 10 0 2 3 #=4
P 146 0 80 25 80 0 2 0
L 30 80 10 0 2 0 1 0 NC5
A 25 82 10 0 8 0 PINTYPE=IN
A 10 85 10 0 2 3 #=5
P 147 0 180 25 180 0 2 0
L 30 180 10 0 2 0 1 0 ALE
A 25 182 10 0 8 0 PINTYPE=IN
A 5 185 10 0 2 3 #=17
P 148 140 260 115 260 0 3 0
L 110 260 10 0 8 0 1 0 VSS1
A 115 262 10 0 2 0 PINTYPE=POWER
A 120 265 10 0 2 3 #=13
P 149 0 200 25 200 0 2 0
L 30 200 10 0 2 0 1 0 RB_B
A 25 202 10 0 8 0 PINTYPE=IN
A 10 205 10 0 2 3 #=7
P 150 0 210 25 210 0 2 0
L 30 210 10 0 2 0 1 0 RE_B
A 25 212 10 0 8 0 PINTYPE=IN
A 10 215 10 0 2 3 #=8
P 151 0 220 25 220 0 2 0
L 30 220 10 0 2 0 1 0 WE_B
A 25 222 10 0 8 0 PINTYPE=IN
A 5 225 10 0 2 3 #=18
P 152 0 70 25 70 0 2 0
L 30 70 10 0 2 0 1 0 NC6
A 25 72 10 0 8 0 PINTYPE=IN
A 10 75 10 0 2 3 #=6
P 153 0 60 25 60 0 2 0
L 30 60 10 0 2 0 1 0 NC7
A 25 62 10 0 8 0 PINTYPE=IN
A 5 65 10 0 2 3 #=10
P 154 140 160 115 160 0 3 0
L 110 160 10 0 8 0 1 0 NC13
A 115 162 10 0 2 0 PINTYPE=IN
A 120 165 10 0 2 3 #=22
P 155 140 170 115 170 0 3 0
L 110 170 10 0 8 0 1 0 NC12
A 115 172 10 0 2 0 PINTYPE=IN
A 120 175 10 0 2 3 #=21
P 156 140 180 115 180 0 3 0
L 110 180 10 0 8 0 1 0 NC11
A 115 182 10 0 2 0 PINTYPE=IN
A 120 185 10 0 2 3 #=20
P 157 140 190 115 190 0 3 0
L 110 190 10 0 8 0 1 0 NC10
A 115 192 10 0 2 0 PINTYPE=IN
A 120 195 10 0 2 3 #=15
P 158 0 40 25 40 0 2 0
L 30 40 10 0 2 0 1 0 NC9
A 25 42 10 0 8 0 PINTYPE=IN
A 5 46 10 0 2 3 #=14
P 159 0 120 25 120 0 2 0
L 30 120 10 0 2 0 1 0 NC1
A 25 122 10 0 8 0 PINTYPE=IN
A 11 125 10 0 2 3 #=1
P 160 0 50 25 50 0 2 0
L 30 50 10 0 2 0 1 0 NC8
A 25 52 10 0 8 0 PINTYPE=IN
A 5 56 10 0 2 3 #=11
P 161 0 170 25 170 0 2 0
L 30 170 10 0 2 0 1 0 CLE
A 25 172 10 0 8 0 PINTYPE=IN
A 5 176 10 0 2 3 #=16
P 162 140 150 115 150 0 3 0
L 110 150 10 0 8 0 1 0 NC14
A 115 152 10 0 2 0 PINTYPE=IN
A 120 155 10 0 2 3 #=23
P 163 140 140 115 140 0 3 0
L 110 140 10 0 8 0 1 0 NC15
A 115 142 10 0 2 0 PINTYPE=IN
A 120 145 10 0 2 3 #=24
P 164 140 130 115 130 0 3 0
L 110 130 10 0 8 0 1 0 NC16
A 115 132 10 0 2 0 PINTYPE=IN
A 120 135 10 0 2 3 #=26
P 165 140 120 115 120 0 3 0
L 110 120 10 0 8 0 1 0 NC17
A 115 122 10 0 2 0 PINTYPE=IN
A 120 125 10 0 2 3 #=27
P 166 140 110 115 110 0 3 0
L 110 110 10 0 8 0 1 0 NC18
A 115 112 10 0 2 0 PINTYPE=IN
A 120 115 10 0 2 3 #=28
P 167 140 100 115 100 0 3 0
L 110 100 10 0 8 0 1 0 NC19
A 115 102 10 0 2 0 PINTYPE=IN
A 120 105 10 0 2 3 #=33
P 168 140 90 115 90 0 3 0
L 110 90 10 0 8 0 1 0 NC20
A 115 92 10 0 2 0 PINTYPE=IN
A 120 95 10 0 2 3 #=35
P 169 140 250 115 250 0 3 0
L 110 250 10 0 8 0 1 0 VSS2
A 115 252 10 0 2 0 PINTYPE=POWER
A 120 255 10 0 2 3 #=25
P 170 140 80 115 80 0 3 0
L 110 80 10 0 8 0 1 0 NC21
A 115 82 10 0 2 0 PINTYPE=IN
A 120 85 10 0 2 3 #=38
P 171 140 70 115 70 0 3 0
L 110 70 10 0 8 0 1 0 NC22
A 115 72 10 0 2 0 PINTYPE=IN
A 120 75 10 0 2 3 #=40
P 172 140 300 115 300 0 3 0
L 110 300 10 0 8 0 1 0 VCC2
A 115 302 10 0 2 0 PINTYPE=POWER
A 120 305 10 0 2 3 #=34
P 173 0 150 25 150 0 2 0
L 30 150 10 0 2 0 1 0 WP_B
A 25 152 10 0 8 0 PINTYPE=IN
A 5 155 10 0 2 3 #=19
P 175 0 100 25 100 0 2 0
L 30 100 10 0 2 0 1 0 NC3
A 25 102 10 0 8 0 PINTYPE=IN
A 11 105 10 0 2 3 #=3
P 177 0 140 25 140 0 2 0
L 30 140 10 0 2 0 1 0 CE_B
A 25 142 10 0 8 0 PINTYPE=IN
A 10 145 10 0 2 3 #=9
P 1228 0 110 25 110 0 2 0
L 30 110 10 0 2 0 1 0 NC2
A 25 112 10 0 8 0 PINTYPE=IN
A 11 115 10 0 2 3 #=2
P 1430 140 290 115 290 0 3 0
L 110 290 10 0 8 0 1 0 VCC3
A 115 292 10 0 2 0 PINTYPE=POWER
A 120 295 10 0 2 3 #=37
P 1452 140 280 115 280 0 3 0
L 110 280 10 0 8 0 1 0 VCC4
A 115 282 10 0 2 0 PINTYPE=POWER
A 120 285 10 0 2 3 #=39
P 1454 0 290 25 290 0 2 0
L 30 290 10 0 2 0 1 0 IO2
A 25 292 10 0 8 0 PINTYPE=BI
A 5 295 10 0 2 3 #=31
P 1456 0 280 25 280 0 2 0
L 30 280 10 0 2 0 1 0 IO3
A 25 282 10 0 8 0 PINTYPE=BI
A 5 285 10 0 2 3 #=32
P 1464 0 300 25 300 0 2 0
L 30 300 10 0 2 0 1 0 IO1
A 25 302 10 0 8 0 PINTYPE=BI
A 5 305 10 0 2 3 #=30
E 
