V 51
K 102985145100 sc18is600ipw
|R 23:15_11-11-11
Y 1
D 0 0 160 150
Z 10
i 34
P 12 0 60 20 60 0 2 0
L 25 55 10 0 3 0 1 0 CS_B
A 0 60 10 0 3 0 PINTYPE=IN
A 15 60 10 0 9 3 #=2
P 28 160 30 140 30 0 3 0
L 135 30 10 0 8 0 1 0 GND
A 160 30 10 0 9 0 PINTYPE=POWER
A 145 30 10 0 3 3 #=4
P 34 160 50 140 50 0 3 0
L 135 50 10 0 8 0 1 0 GPIO0
A 160 50 10 0 9 0 PINTYPE=BI
A 145 50 10 0 3 3 #=1
P 20 160 60 140 60 0 3 0
L 135 60 10 0 8 0 1 0 GPIO1
A 160 60 10 0 9 0 PINTYPE=BI
A 145 60 10 0 3 3 #=9
P 19 160 70 140 70 0 3 0
L 135 70 10 0 8 0 1 0 GPIO2
A 160 70 10 0 9 0 PINTYPE=BI
A 145 70 10 0 3 3 #=10
P 17 160 80 140 80 0 3 0
L 135 80 10 0 8 0 1 0 GPIO3
A 160 80 10 0 9 0 PINTYPE=BI
A 145 80 10 0 3 3 #=13
P 14 0 30 20 30 0 2 0
L 25 25 10 0 3 0 1 0 INT_B
A 0 30 10 0 3 0 PINTYPE=OUT
A 15 30 10 0 9 3 #=14
P 9 160 100 140 100 0 3 0
L 135 100 10 0 8 0 1 0 IO5
A 160 100 10 0 9 0 PINTYPE=BI
A 145 100 10 0 3 3 #=16
P 1 0 90 20 90 0 2 0
L 25 85 10 0 3 0 1 0 MISO
A 0 90 10 0 3 0 PINTYPE=OUT
A 15 90 10 0 9 3 #=5
P 10 0 80 20 80 0 2 0
L 25 75 10 0 3 0 1 0 MOSI
A 0 80 10 0 3 0 PINTYPE=IN
A 15 80 10 0 9 3 #=6
P 13 0 40 20 40 0 2 0
L 25 35 10 0 3 0 1 0 RESET_B
A 0 40 10 0 3 0 PINTYPE=IN
A 15 40 10 0 9 3 #=3
P 31 0 120 20 120 0 2 0
L 25 115 10 0 3 0 1 0 SCL
A 0 120 10 0 3 0 PINTYPE=IN
A 15 120 10 0 9 3 #=8
P 11 0 70 20 70 0 2 0
L 25 65 10 0 3 0 1 0 SCLK
A 0 70 10 0 3 0 PINTYPE=IN
A 15 70 10 0 9 3 #=11
P 32 0 110 20 110 0 2 0
L 25 105 10 0 3 0 1 0 SDA
A 0 110 10 0 3 0 PINTYPE=BI
A 15 110 10 0 9 3 #=7
P 25 160 120 140 120 0 3 0
L 135 120 10 0 8 0 1 0 VDD
A 160 120 10 0 9 0 PINTYPE=POWER
A 145 120 10 0 3 3 #=12
P 33 160 90 140 90 0 3 0
L 135 90 10 0 8 0 1 0 WAKEUP_B/IO4
A 160 90 10 0 9 0 PINTYPE=BI
A 145 90 10 0 3 3 #=15
U 0 -10 10 0 3 0 VALUE=SC18IS600IPW
U 0 -40 10 0 3 0 MANF_P/N=SC18IS600IPW
U 20 0 16 0 3 3 REFDES=U?
U 105 5 10 0 3 3 PKG_TYPE=XXXX
U 25 135 10 0 3 3 DEVICE=SC18IS600IPW
b 20 20 140 130
E
