V 53
K 1474053481 SC937_02LF.1
F Case
|R 12:18:1_9-16-16
D 0 65 70 0
Y 1
Z 10
i 201
U -5 20 10 0 9 3 DEVICE=DEVICE
U -40 30 16 0 3 3 REFDES=T?
U 35 -10 10 0 3 0 PKG_TYPE=PKG_TYPE
U 55 10 10 0 3 0 VALUE=VALUE
U 0 0 10 0 1 0 FORWARD_PCB=1
a 25 30 24 30 25 25
a 25 35 24 35 25 30
a 25 40 24 40 25 35
l 2 19 45 19 20 
l 2 16 45 16 20 
c 21 44 1
|GRPHSTL -1 1 0 1
l 2 25 25 25 20 
l 2 25 40 25 45 
a 10 35 11 35 10 40
a 10 30 11 30 10 35
a 10 25 11 25 10 30
c 14 21 1
|GRPHSTL -1 1 0 1
l 2 10 40 10 45 
l 2 10 25 10 20 
a 40 30 39 30 40 25
a 40 35 39 35 40 30
a 40 40 39 40 40 35
c 38 42 1
|GRPHSTL -1 1 0 1
l 2 40 25 40 20 
l 2 40 40 40 45 
b 0 15 70 50
P 49 10 0 10 20 0 1 0
L 10 20 10 1 2 0 0 0 5
A 20 -30 10 1 9 0 PINTYPE=BI
A 10 5 10 1 9 3 #=5
P 128 25 0 25 20 0 1 0
L 25 20 10 1 2 0 0 0 6
A 35 -30 10 1 9 0 PINTYPE=BI
A 25 5 10 1 9 3 #=6
P 140 40 0 40 20 0 1 0
L 40 20 10 1 2 0 0 0 4
A 50 -30 10 1 9 0 PINTYPE=BI
A 40 5 10 1 9 3 #=4
P 141 10 65 10 45 0 0 0
L 10 45 10 1 8 0 0 0 8
A 20 95 10 1 3 0 PINTYPE=BI
A 10 60 10 1 3 3 #=8
P 188 25 65 25 45 0 0 0
L 25 45 10 1 8 0 0 0 2
A 35 95 10 1 3 0 PINTYPE=BI
A 25 60 10 1 3 3 #=2
P 198 40 65 40 45 0 0 0
L 40 45 10 1 8 0 0 0 1
A 50 95 10 1 3 0 PINTYPE=BI
A 40 60 10 1 3 3 #=1
P 244 50 0 50 15 0 1 0
L 50 18 8 1 2 0 1 0 NC1
A 60 -30 10 1 9 0 PINTYPE=BI
A 50 5 10 1 9 3 #=3
P 248 60 0 60 15 0 1 0
L 60 18 8 1 2 0 1 0 NC2
A 70 -30 10 1 9 0 PINTYPE=BI
A 60 5 10 1 9 3 #=7
E 
