V 51
K 308161230600 seaf_100_cfg_ctrl
|R 4:54_7-1-13
Y 1
D 0 0 200 590
Z 10
i 387
U 0 -110 10 0 3 0 DIST_P/N=SEAF-20-05.0-S-05-2-A
U 0 -100 10 0 3 0 MANF_P/N=SEAF-20-05.0-S-05-2-A
U 0 -90 10 0 3 0 DIST=SAMTEC
U 0 -80 10 0 3 0 MANF=SAMTEC
U 0 -40 10 0 3 0 DESCRIPTION=100-PIN SEARAY CONNECTOR, FEMALE
U 0 -30 10 0 3 0 PARTS=1
U 0 -20 10 0 3 0 LEVEL=STD
U 15 0 16 0 3 3 REFDES=J?
U 20 705 10 0 3 0 DEVICE=SAMTEC_SEAF_05X20
U 80 5 10 0 3 3 PKG_TYPE=SAMTEC_SEAF_20X5
P 387 200 250 180 250 0 3 0
L 126 245 10 0 3 0 1 0 REM_DUTP2
A 220 250 10 0 9 0 PINTYPE=BI
A 200 250 10 0 9 3 #=E20
P 386 200 260 180 260 0 3 0
L 126 255 10 0 3 0 1 0 REM_DUTP1
A 220 260 10 0 9 0 PINTYPE=BI
A 200 260 10 0 9 3 #=E19
P 385 200 270 180 270 0 3 0
L 136 265 10 0 3 0 1 0 REM_TDO
A 220 270 10 0 9 0 PINTYPE=BI
A 200 270 10 0 9 3 #=E18
P 384 200 280 180 280 0 3 0
L 136 275 10 0 3 0 1 0 REM_TDI
A 220 280 10 0 9 0 PINTYPE=BI
A 200 280 10 0 9 3 #=E17
P 383 200 290 180 290 0 3 0
L 136 285 10 0 3 0 1 0 REM_TMS
A 220 290 10 0 9 0 PINTYPE=BI
A 200 290 10 0 9 3 #=E16
P 382 200 300 180 300 0 3 0
L 136 295 10 0 3 0 1 0 REM_TCK
A 220 300 10 0 9 0 PINTYPE=BI
A 200 300 10 0 9 3 #=E15
P 381 200 310 180 310 0 3 0
L 116 305 10 0 3 0 1 0 SERVICE_TDO
A 220 310 10 0 9 0 PINTYPE=BI
A 200 310 10 0 9 3 #=E14
P 380 200 320 180 320 0 3 0
L 116 315 10 0 3 0 1 0 SERVICE_TDI
A 220 320 10 0 9 0 PINTYPE=BI
A 200 320 10 0 9 3 #=E13
P 379 200 330 180 330 0 3 0
L 116 325 10 0 3 0 1 0 SERVICE_TMS
A 220 330 10 0 9 0 PINTYPE=BI
A 200 330 10 0 9 3 #=E12
P 377 0 250 20 250 0 2 0
L 25 245 10 0 3 0 1 0 SPARE_E10
A -20 250 10 0 3 0 PINTYPE=OUT
A 5 250 10 0 3 3 #=E10
P 375 0 270 20 270 0 2 0
L 25 265 10 0 3 0 1 0 SPARE_E8
A -20 270 10 0 3 0 PINTYPE=OUT
A 5 270 10 0 3 3 #=E8
P 374 0 280 20 280 0 2 0
L 25 275 10 0 3 0 1 0 SPARE_E7
A -20 280 10 0 3 0 PINTYPE=OUT
A 5 280 10 0 3 3 #=E7
P 373 0 290 20 290 0 2 0
L 25 285 10 0 3 0 1 0 SPARE_E6
A -20 290 10 0 3 0 PINTYPE=OUT
A 5 290 10 0 3 3 #=E6
P 372 0 300 20 300 0 2 0
L 25 295 10 0 3 0 1 0 SPARE_E5
A -20 300 10 0 3 0 PINTYPE=OUT
A 5 300 10 0 3 3 #=E5
P 371 0 310 20 310 0 2 0
L 25 305 10 0 3 0 1 0 SPARE_E4
A -20 310 10 0 3 0 PINTYPE=OUT
A 5 310 10 0 3 3 #=E4
P 370 0 320 20 320 0 2 0
L 25 315 10 0 3 0 1 0 SPARE_E3
A -20 320 10 0 3 0 PINTYPE=OUT
A 5 320 10 0 3 3 #=E3
P 369 0 330 20 330 0 2 0
L 25 325 10 0 3 0 1 0 SPARE_E2
A -20 330 10 0 3 0 PINTYPE=OUT
A 5 330 10 0 3 3 #=E2
P 368 0 340 20 340 0 2 0
L 25 335 10 0 3 0 1 0 SPARE_E1
A -20 340 10 0 3 0 PINTYPE=OUT
A 5 340 10 0 3 3 #=E1
P 348 200 230 180 230 0 3 0
L 126 225 10 0 3 0 1 0 REM_MSEL0
A 220 230 10 0 9 0 PINTYPE=BI
A 195 230 10 0 9 3 #=D1
P 349 200 140 180 140 0 3 0
L 126 135 10 0 3 0 1 0 REM_MDFY2
A 220 140 10 0 9 0 PINTYPE=BI
A 200 140 10 0 9 3 #=D10
P 350 200 130 180 130 0 3 0
L 126 125 10 0 3 0 1 0 REM_MDFY3
A 220 130 10 0 9 0 PINTYPE=BI
A 200 130 10 0 9 3 #=D11
P 351 200 120 180 120 0 3 0
L 126 115 10 0 3 0 1 0 SPARE_D12
A 220 120 10 0 9 0 PINTYPE=BI
A 200 120 10 0 9 3 #=D12
P 352 200 110 180 110 0 3 0
L 126 105 10 0 3 0 1 0 SPARE_D13
A 220 110 10 0 9 0 PINTYPE=BI
A 200 110 10 0 9 3 #=D13
P 353 200 100 180 100 0 3 0
L 126 95 10 0 3 0 1 0 FALLBACK0
A 220 100 10 0 9 0 PINTYPE=BI
A 200 100 10 0 9 3 #=D14
P 354 200 90 180 90 0 3 0
L 126 85 10 0 3 0 1 0 FALLBACK1
A 220 90 10 0 9 0 PINTYPE=BI
A 200 90 10 0 9 3 #=D15
P 355 200 80 180 80 0 3 0
L 121 75 10 0 3 0 1 0 REM_PROG_B
A 220 80 10 0 9 0 PINTYPE=BI
A 200 80 10 0 9 3 #=D16
P 356 200 70 180 70 0 3 0
L 111 65 10 0 3 0 1 0 REM_DETECT_B
A 220 70 10 0 9 0 PINTYPE=BI
A 200 70 10 0 9 3 #=D17
P 359 200 220 180 220 0 3 0
L 126 215 10 0 3 0 1 0 REM_MSEL1
A 220 220 10 0 9 0 PINTYPE=BI
A 195 220 10 0 9 3 #=D2
P 360 200 40 180 40 0 3 0
L 136 35 10 0 3 0 0 0 GND_D20
A 220 40 10 0 9 0 PINTYPE=BI
A 200 40 10 0 9 3 #=D20
P 361 200 210 180 210 0 3 0
L 126 205 10 0 3 0 1 0 REM_DSEL0
A 220 210 10 0 9 0 PINTYPE=BI
A 195 210 10 0 9 3 #=D3
P 362 200 200 180 200 0 3 0
L 126 195 10 0 3 0 1 0 REM_DSEL1
A 220 200 10 0 9 0 PINTYPE=BI
A 195 200 10 0 9 3 #=D4
P 363 200 190 180 190 0 3 0
L 126 185 10 0 3 0 1 0 REM_RSEL0
A 220 190 10 0 9 0 PINTYPE=BI
A 195 190 10 0 9 3 #=D5
P 364 200 180 180 180 0 3 0
L 126 175 10 0 3 0 1 0 REM_RSEL1
A 220 180 10 0 9 0 PINTYPE=BI
A 195 180 10 0 9 3 #=D6
P 365 200 170 180 170 0 3 0
L 127 165 10 0 3 0 1 0 REM_RSEL2
A 220 170 10 0 9 0 PINTYPE=BI
A 195 170 10 0 9 3 #=D7
P 366 200 160 180 160 0 3 0
L 127 155 10 0 3 0 1 0 REM_MDFY0
A 220 160 10 0 9 0 PINTYPE=BI
A 195 160 10 0 9 3 #=D8
P 367 200 150 180 150 0 3 0
L 127 145 10 0 3 0 1 0 REM_MDFY1
A 220 150 10 0 9 0 PINTYPE=BI
A 195 150 10 0 9 3 #=D9
P 328 0 40 20 40 0 2 0
L -26 25 10 0 3 0 0 0 GND_B20
A -20 40 10 0 3 0 PINTYPE=BI
A 0 40 10 0 3 3 #=B20
P 329 0 50 20 50 0 2 0
L -26 35 10 0 3 0 0 0 GND_B19
A -20 50 10 0 3 0 PINTYPE=BI
A 0 50 10 0 3 3 #=B19
P 330 0 60 20 60 0 2 0
L -26 45 10 0 3 0 0 0 GND_B18
A -20 60 10 0 3 0 PINTYPE=BI
A 0 60 10 0 3 3 #=B18
P 331 0 70 20 70 0 2 0
L 24 65 10 0 3 0 1 0 SPARE_B17
A -20 70 10 0 3 0 PINTYPE=BI
A 0 70 10 0 3 3 #=B17
P 332 0 80 20 80 0 2 0
L 24 75 10 0 3 0 1 0 SPARE_B16
A -20 80 10 0 3 0 PINTYPE=BI
A 0 80 10 0 3 3 #=B16
P 333 0 220 20 220 0 2 0
L 25 215 10 0 3 0 1 0 SLAVE_LED
A -20 220 10 0 3 0 PINTYPE=OUT
A 5 220 10 0 3 3 #=B2
P 334 0 150 20 150 0 2 0
L 25 145 10 0 3 0 1 0 MODULE2_LED
A -20 150 10 0 3 0 PINTYPE=OUT
A 5 150 10 0 3 3 #=B9
P 335 0 120 20 120 0 2 0
L 25 115 10 0 3 0 1 0 ILLEGAL_MODE_LED
A -20 120 10 0 3 0 PINTYPE=IN
A 0 120 10 0 3 3 #=B12
P 336 0 100 20 100 0 2 0
L 25 95 10 0 3 0 1 0 SPARE_B14
A -20 100 10 0 3 0 PINTYPE=BI
A 0 100 10 0 3 3 #=B14
P 337 0 90 20 90 0 2 0
L 24 85 10 0 3 0 1 0 SPARE_B15
A -20 90 10 0 3 0 PINTYPE=BI
A 0 90 10 0 3 3 #=B15
P 338 0 110 20 110 0 2 0
L 25 105 10 0 3 0 1 0 SPARE_B13
A -20 110 10 0 3 0 PINTYPE=BI
A 0 110 10 0 3 3 #=B13
P 339 0 130 20 130 0 2 0
L 25 125 10 0 3 0 1 0 MODULE4_LED
A -20 130 10 0 3 0 PINTYPE=BI
A 0 130 10 0 3 3 #=B11
P 340 0 140 20 140 0 2 0
L 25 135 10 0 3 0 1 0 MODULE3_LED
A -20 140 10 0 3 0 PINTYPE=OUT
A 0 140 10 0 3 3 #=B10
P 342 0 190 20 190 0 2 0
L 25 185 10 0 3 0 1 0 SPI_MODE_LED
A -20 190 10 0 3 0 PINTYPE=IN
A 5 190 10 0 3 3 #=B5
P 343 0 170 20 170 0 2 0
L 25 165 10 0 3 0 1 0 SMAP_MODE_LED
A -20 170 10 0 3 0 PINTYPE=BI
A 5 170 10 0 3 3 #=B7
P 344 0 160 20 160 0 2 0
L 24 155 10 0 3 0 1 0 MODULE1_LED
A -20 160 10 0 3 0 PINTYPE=BI
A 5 160 10 0 3 3 #=B8
P 345 0 180 20 180 0 2 0
L 25 175 10 0 3 0 1 0 BPI_MODE_LED
A -20 180 10 0 3 0 PINTYPE=BI
A 5 180 10 0 3 3 #=B6
P 346 0 200 20 200 0 2 0
L 25 195 10 0 3 0 1 0 SERIAL_MODE_LED
A -20 200 10 0 3 0 PINTYPE=BI
A 5 200 10 0 3 3 #=B4
P 347 0 210 20 210 0 2 0
L 25 205 10 0 3 0 1 0 JTAG_MODE_LED
A -20 210 10 0 3 0 PINTYPE=OUT
A 5 210 10 0 3 3 #=B3
P 327 0 360 20 360 0 2 0
L 24 355 10 0 3 0 1 0 MEMORY_LED
A -20 360 10 0 3 0 PINTYPE=BI
A 0 360 10 0 3 3 #=A20
P 326 0 370 20 370 0 2 0
L 24 365 10 0 3 0 1 0 CABLE_LED
A -20 370 10 0 3 0 PINTYPE=BI
A 0 370 10 0 3 3 #=A19
P 325 0 380 20 380 0 2 0
L 24 375 10 0 3 0 1 0 REMOTE_ACTIVE_LED
A -20 380 10 0 3 0 PINTYPE=BI
A 0 380 10 0 3 3 #=A18
P 324 0 390 20 390 0 2 0
L 24 385 10 0 3 0 1 0 STACK_FAULT_;LED
A -20 390 10 0 3 0 PINTYPE=BI
A 0 390 10 0 3 3 #=A17
P 323 0 400 20 400 0 2 0
L 24 395 10 0 3 0 1 0 BPI_S29GL_LED
A -20 400 10 0 3 0 PINTYPE=BI
A 0 400 10 0 3 3 #=A16
P 322 0 540 20 540 0 2 0
L 25 535 10 0 3 0 0 0 5V0_A2
A -20 540 10 0 3 0 PINTYPE=OUT
A 5 540 10 0 3 3 #=A2
P 315 0 470 20 470 0 2 0
L 25 465 10 0 3 0 1 0 BUS32_LED
A -20 470 10 0 3 0 PINTYPE=OUT
A 5 470 10 0 3 3 #=A9
P 316 0 440 20 440 0 2 0
L 25 435 10 0 3 0 1 0 SPI_SOIC8_150_LED
A -20 440 10 0 3 0 PINTYPE=IN
A 0 440 10 0 3 3 #=A12
P 317 0 420 20 420 0 2 0
L 25 415 10 0 3 0 1 0 BPI_P30_LED
A -20 420 10 0 3 0 PINTYPE=BI
A 0 420 10 0 3 3 #=A14
P 318 0 410 20 410 0 2 0
L 24 405 10 0 3 0 1 0 BPI_P33_LED
A -20 410 10 0 3 0 PINTYPE=BI
A 0 410 10 0 3 3 #=A15
P 319 0 430 20 430 0 2 0
L 25 425 10 0 3 0 1 0 SPI_SOIC8_208_LED
A -20 430 10 0 3 0 PINTYPE=BI
A 0 430 10 0 3 3 #=A13
P 320 0 450 20 450 0 2 0
L 25 445 10 0 3 0 1 0 SPI_SOIC16_LED
A -20 450 10 0 3 0 PINTYPE=BI
A 0 450 10 0 3 3 #=A11
P 321 0 460 20 460 0 2 0
L 25 455 10 0 3 0 1 0 XCF32_LED
A -20 460 10 0 3 0 PINTYPE=OUT
A 0 460 10 0 3 3 #=A10
P 242 0 550 20 550 0 2 0
L 25 545 10 0 3 0 0 0 5V0_A1
A -20 550 10 0 3 0 PINTYPE=OUT
A 5 550 10 0 3 3 #=A1
P 236 0 510 20 510 0 2 0
L 25 505 10 0 3 0 1 0 SEQ_LED
A -20 510 10 0 3 0 PINTYPE=IN
A 5 510 10 0 3 3 #=A5
P 238 0 490 20 490 0 2 0
L 25 485 10 0 3 0 1 0 BUS08_LED
A -20 490 10 0 3 0 PINTYPE=BI
A 5 490 10 0 3 3 #=A7
P 239 0 480 20 480 0 2 0
L 24 475 10 0 3 0 1 0 BUS16_LED
A -20 480 10 0 3 0 PINTYPE=BI
A 5 480 10 0 3 3 #=A8
P 235 0 500 20 500 0 2 0
L 25 495 10 0 3 0 1 0 CON_LED
A -20 500 10 0 3 0 PINTYPE=BI
A 5 500 10 0 3 3 #=A6
P 240 0 520 20 520 0 2 0
L 25 515 10 0 3 0 1 0 LED_TEST
A -20 520 10 0 3 0 PINTYPE=BI
A 5 520 10 0 3 3 #=A4
P 307 200 550 180 550 0 3 0
L 136 545 10 0 3 0 0 0 3V3_C1
A 220 550 10 0 9 0 PINTYPE=BI
A 195 550 10 0 9 3 #=C1
P 298 200 460 180 460 0 3 0
L 126 455 10 0 3 0 1 0 LOC_DSEL1
A 220 460 10 0 9 0 PINTYPE=BI
A 200 460 10 0 9 3 #=C10
P 297 200 450 180 450 0 3 0
L 126 445 10 0 3 0 1 0 LOC_RSEL0
A 220 450 10 0 9 0 PINTYPE=BI
A 200 450 10 0 9 3 #=C11
P 296 200 440 180 440 0 3 0
L 126 435 10 0 3 0 1 0 LOC_RSEL1
A 220 440 10 0 9 0 PINTYPE=BI
A 200 440 10 0 9 3 #=C12
P 295 200 430 180 430 0 3 0
L 126 425 10 0 3 0 1 0 LOC_RSEL2
A 220 430 10 0 9 0 PINTYPE=BI
A 200 430 10 0 9 3 #=C13
P 294 200 420 180 420 0 3 0
L 126 415 10 0 3 0 1 0 LOC_MDFY0
A 220 420 10 0 9 0 PINTYPE=BI
A 200 420 10 0 9 3 #=C14
P 293 200 410 180 410 0 3 0
L 126 405 10 0 3 0 1 0 LOC_MDFY1
A 220 410 10 0 9 0 PINTYPE=BI
A 200 410 10 0 9 3 #=C15
P 292 200 400 180 400 0 3 0
L 126 395 10 0 3 0 1 0 LOC_MDFY2
A 220 400 10 0 9 0 PINTYPE=BI
A 200 400 10 0 9 3 #=C16
P 291 200 390 180 390 0 3 0
L 126 385 10 0 3 0 1 0 LOC_MDFY3
A 220 390 10 0 9 0 PINTYPE=BI
A 200 390 10 0 9 3 #=C17
P 290 200 380 180 380 0 3 0
L 126 375 10 0 3 0 1 0 SPARE_C18
A 220 380 10 0 9 0 PINTYPE=BI
A 200 380 10 0 9 3 #=C18
P 289 200 370 180 370 0 3 0
L 126 365 10 0 3 0 1 0 SPARE_C19
A 220 370 10 0 9 0 PINTYPE=BI
A 200 370 10 0 9 3 #=C19
P 306 200 540 180 540 0 3 0
L 136 535 10 0 3 0 0 0 3V3_C2
A 220 540 10 0 9 0 PINTYPE=BI
A 195 540 10 0 9 3 #=C2
P 305 200 530 180 530 0 3 0
L 136 525 10 0 3 0 0 0 3V3_C3
A 220 530 10 0 9 0 PINTYPE=BI
A 195 530 10 0 9 3 #=C3
P 304 200 520 180 520 0 3 0
L 136 515 10 0 3 0 1 0 FAMILY0
A 220 520 10 0 9 0 PINTYPE=BI
A 195 520 10 0 9 3 #=C4
P 303 200 510 180 510 0 3 0
L 136 505 10 0 3 0 1 0 FAMILY1
A 220 510 10 0 9 0 PINTYPE=BI
A 195 510 10 0 9 3 #=C5
P 302 200 500 180 500 0 3 0
L 136 495 10 0 3 0 1 0 FAMILY2
A 220 500 10 0 9 0 PINTYPE=BI
A 195 500 10 0 9 3 #=C6
P 301 200 490 180 490 0 3 0
L 127 485 10 0 3 0 1 0 LOC_MSEL0
A 220 490 10 0 9 0 PINTYPE=BI
A 195 490 10 0 9 3 #=C7
P 300 200 480 180 480 0 3 0
L 127 475 10 0 3 0 1 0 LOC_MSEL1
A 220 480 10 0 9 0 PINTYPE=BI
A 195 480 10 0 9 3 #=C8
P 299 200 470 180 470 0 3 0
L 127 465 10 0 3 0 1 0 LOC_DSEL0
A 220 470 10 0 9 0 PINTYPE=BI
A 195 470 10 0 9 3 #=C9
P 241 0 530 20 530 0 2 0
L 25 525 10 0 3 0 0 0 5V0_A3
A -20 530 10 0 3 0 PINTYPE=OUT
A 5 530 10 0 3 3 #=A3
P 357 200 60 180 60 0 3 0
L 136 55 10 0 3 0 0 0 GND_D18
A 220 60 10 0 9 0 PINTYPE=BI
A 200 60 10 0 9 3 #=D18
P 358 200 50 180 50 0 3 0
L 136 45 10 0 3 0 0 0 GND_D19
A 220 50 10 0 9 0 PINTYPE=BI
A 200 50 10 0 9 3 #=D19
P 341 0 230 20 230 0 2 0
L 25 225 10 0 3 0 1 0 MASTER_LED
A -20 230 10 0 3 0 PINTYPE=OUT
A 5 230 10 0 3 3 #=B1
P 376 0 260 20 260 0 2 0
L 25 255 10 0 3 0 1 0 SPARE_E9
A -20 260 10 0 3 0 PINTYPE=OUT
A 5 260 10 0 3 3 #=E9
P 288 200 360 180 360 0 3 0
L 126 355 10 0 3 0 1 0 SPARE_C20
A 220 360 10 0 9 0 PINTYPE=BI
A 200 360 10 0 9 3 #=C20
P 378 200 340 180 340 0 3 0
L 116 335 10 0 3 0 1 0 SERVICE_TCK
A 220 340 10 0 9 0 PINTYPE=BI
A 200 340 10 0 9 3 #=E11
T 155 35 10 0 3 GND
Q 15 0 0
T 155 45 10 0 3 GND
Q 15 0 0
T 155 55 10 0 3 GND
Q 15 0 0
T 25 45 10 0 3 GND
Q 15 0 0
T 25 525 10 0 3 5V0
Q 15 0 0
T 25 535 10 0 3 5V0
Q 15 0 0
T 155 525 10 0 3 3V3
Q 15 0 0
T 155 535 10 0 3 3V3
Q 15 0 0
T 155 545 10 0 3 3V3
Q 15 0 0
T 25 545 10 0 3 5V0
Q 15 0 0
T 25 55 10 0 3 GND
Q 15 0 0
T 25 35 10 0 3 GND
Q 15 0 0
b 20 20 180 570
E
