V 51
K 333004902400 seaf_240_efgh_zynq
|R 22:14_10-31-11
Y 1
D 0 0 240 700
Z 10
i 304
U 0 -110 10 0 3 0 DESCRIPTION=CONN SNGL-END ARRAY FMALE 240POS
U 0 -100 10 0 3 0 MANF=SAMTEC
U 0 -80 10 0 3 0 DIST_P/N=SAM8004-ND
U 0 -40 10 0 3 0 DIST=DIGIKEY
U 0 -70 10 0 3 0 HETERO=(SEAF_240_ABCD_ZYNQ),(SEAF_240_EFGH_ZYNQ)
U 0 -30 10 0 3 0 PARTS=1
U 0 -20 10 0 3 0 LEVEL=STD
U 35 845 10 0 3 0 MANF_P/N=SEAF-30-05.0-S-08-2-A
U 20 0 16 0 3 3 REFDES=J?
U 25 685 10 0 3 3 DEVICE=SAMTEC_SEAF_08X30
U 145 10 10 0 3 3 PKG_TYPE=SAMTEC_SEAF_30X8
P 271 240 330 220 330 0 3 0
L 215 325 10 0 9 0 1 0 DDR_A4
A 260 330 10 0 9 0 PINTYPE=OUT
A 235 330 10 0 9 3 #=H1
P 272 240 320 220 320 0 3 0
L 215 315 10 0 9 0 1 0 DDR_A5
A 260 320 10 0 9 0 PINTYPE=OUT
A 235 320 10 0 9 3 #=H2
P 278 240 230 220 230 0 3 0
L 215 225 10 0 9 0 1 0 DDR_A9
A 260 230 10 0 9 0 PINTYPE=OUT
A 240 230 10 0 9 3 #=H11
P 159 240 220 220 220 0 3 0
L 215 215 10 0 9 0 1 0 DDR_A11
A 260 220 10 0 9 0 PINTYPE=IN
A 240 220 10 0 9 3 #=H12
P 157 240 210 220 210 0 3 0
L 215 205 10 0 9 0 1 0 DDR_A6
A 260 210 10 0 9 0 PINTYPE=BI
A 240 210 10 0 9 3 #=H13
P 270 240 310 220 310 0 3 0
L 215 305 10 0 9 0 1 0 DDR_A1
A 260 310 10 0 9 0 PINTYPE=OUT
A 235 310 10 0 9 3 #=H3
P 274 240 300 220 300 0 3 0
L 215 295 10 0 9 0 1 0 DDR_A0
A 260 300 10 0 9 0 PINTYPE=OUT
A 235 300 10 0 9 3 #=H4
P 275 240 290 220 290 0 3 0
L 215 285 10 0 9 0 1 0 DDR_A3
A 260 290 10 0 9 0 PINTYPE=OUT
A 235 290 10 0 9 3 #=H5
P 276 240 280 220 280 0 3 0
L 215 275 10 0 9 0 1 0 DDR_A2
A 260 280 10 0 9 0 PINTYPE=OUT
A 235 280 10 0 9 3 #=H6
P 297 240 270 220 270 0 3 0
L 215 265 10 0 9 0 1 0 DDR_A8
A 260 270 10 0 9 0 PINTYPE=OUT
A 235 270 10 0 9 3 #=H7
P 296 240 260 220 260 0 3 0
L 215 255 10 0 9 0 1 0 DDR_A10
A 260 260 10 0 9 0 PINTYPE=OUT
A 235 260 10 0 9 3 #=H8
P 295 240 250 220 250 0 3 0
L 215 245 10 0 9 0 1 0 DDR_A7
A 260 250 10 0 9 0 PINTYPE=OUT
A 235 250 10 0 9 3 #=H9
P 277 240 240 220 240 0 3 0
L 215 235 10 0 9 0 1 0 DDR_A12
A 260 240 10 0 9 0 PINTYPE=OUT
A 240 240 10 0 9 3 #=H10
P 158 240 180 220 180 0 3 0
L 215 175 10 0 9 0 1 0 DDR_BA0
A 260 180 10 0 9 0 PINTYPE=IN
A 240 180 10 0 9 3 #=H16
P 156 240 190 220 190 0 3 0
L 215 185 10 0 9 0 1 0 DDR_BA1
A 260 190 10 0 9 0 PINTYPE=BI
A 240 190 10 0 9 3 #=H15
P 149 240 200 220 200 0 3 0
L 215 195 10 0 9 0 1 0 DDR_BA2
A 260 200 10 0 9 0 PINTYPE=BI
A 240 200 10 0 9 3 #=H14
P 160 240 150 220 150 0 3 0
L 215 145 10 0 9 0 1 0 DDR_CAS_B
A 260 150 10 0 9 0 PINTYPE=IN
A 240 150 10 0 9 3 #=H19
P 209 240 60 220 60 0 3 0
L 172 55 10 0 3 0 1 0 PS_POR_B
A 260 60 10 0 9 0 PINTYPE=IN
A 240 60 10 0 9 3 #=H28
P 207 240 40 220 40 0 3 0
L 177 35 10 0 3 0 1 0 DDR_CKN
A 260 40 10 0 9 0 PINTYPE=IN
A 240 40 10 0 9 3 #=H30
P 208 240 50 220 50 0 3 0
L 177 45 10 0 3 0 1 0 DDR_CKP
A 260 50 10 0 9 0 PINTYPE=IN
A 240 50 10 0 9 3 #=H29
P 190 240 130 220 130 0 3 0
L 215 125 10 0 9 0 1 0 DDR_CS_B
A 260 130 10 0 9 0 PINTYPE=IN
A 240 130 10 0 9 3 #=H21
P 187 240 100 220 100 0 3 0
L 215 95 10 0 9 0 1 0 DDR_DM0
A 260 100 10 0 9 0 PINTYPE=IN
A 240 100 10 0 9 3 #=H24
P 210 240 70 220 70 0 3 0
L 177 65 10 0 3 0 1 0 DDR_DM1
A 260 70 10 0 9 0 PINTYPE=IN
A 240 70 10 0 9 3 #=H27
P 174 240 650 220 650 0 3 0
L 215 645 10 0 9 0 1 0 DDR_VREF
A 260 650 10 0 9 0 PINTYPE=IN
A 235 650 10 0 9 3 #=G2
P 173 240 560 220 560 0 3 0
L 215 555 10 0 9 0 1 0 DDR_DQ7
A 260 560 10 0 9 0 PINTYPE=BI
A 240 560 10 0 9 3 #=G11
P 171 240 550 220 550 0 3 0
L 215 545 10 0 9 0 1 0 DDR_DQ6
A 260 550 10 0 9 0 PINTYPE=BI
A 240 550 10 0 9 3 #=G12
P 169 240 540 220 540 0 3 0
L 215 535 10 0 9 0 1 0 DDR_DQ5
A 260 540 10 0 9 0 PINTYPE=BI
A 240 540 10 0 9 3 #=G13
P 254 240 530 220 530 0 3 0
L 215 525 10 0 9 0 1 0 DDR_DQ4
A 260 530 10 0 9 0 PINTYPE=IN
A 240 530 10 0 9 3 #=G14
P 255 240 520 220 520 0 3 0
L 215 515 10 0 9 0 1 0 DDR_DQ0
A 260 520 10 0 9 0 PINTYPE=IN
A 240 520 10 0 9 3 #=G15
P 256 240 510 220 510 0 3 0
L 215 505 10 0 9 0 1 0 DDR_DQ3
A 260 510 10 0 9 0 PINTYPE=IN
A 240 510 10 0 9 3 #=G16
P 166 240 640 220 640 0 3 0
L 215 635 10 0 9 0 1 0 DDR_DQ11
A 260 640 10 0 9 0 PINTYPE=IN
A 235 640 10 0 9 3 #=G3
P 164 240 630 220 630 0 3 0
L 215 625 10 0 9 0 1 0 DDR_DQ10
A 260 630 10 0 9 0 PINTYPE=IN
A 235 630 10 0 9 3 #=G4
P 162 240 620 220 620 0 3 0
L 215 615 10 0 9 0 1 0 DDR_DQ12
A 260 620 10 0 9 0 PINTYPE=IN
A 235 620 10 0 9 3 #=G5
P 184 240 610 220 610 0 3 0
L 215 605 10 0 9 0 1 0 DDR_DQ13
A 260 610 10 0 9 0 PINTYPE=IN
A 235 610 10 0 9 3 #=G6
P 182 240 600 220 600 0 3 0
L 215 595 10 0 9 0 1 0 DDR_DQ15
A 260 600 10 0 9 0 PINTYPE=IN
A 235 600 10 0 9 3 #=G7
P 180 240 590 220 590 0 3 0
L 215 585 10 0 9 0 1 0 DDR_DQ14
A 260 590 10 0 9 0 PINTYPE=IN
A 235 590 10 0 9 3 #=G8
P 178 240 580 220 580 0 3 0
L 215 575 10 0 9 0 1 0 DDR_DQ9
A 260 580 10 0 9 0 PINTYPE=BI
A 235 580 10 0 9 3 #=G9
P 176 240 570 220 570 0 3 0
L 215 565 10 0 9 0 1 0 DDR_DQ8
A 260 570 10 0 9 0 PINTYPE=BI
A 240 570 10 0 9 3 #=G10
P 198 240 80 220 80 0 3 0
L 162 75 10 0 3 0 1 0 DDR_DQS_N0
A 260 80 10 0 9 0 PINTYPE=IN
A 240 80 10 0 9 3 #=H26
P 188 240 110 220 110 0 3 0
L 215 105 10 0 9 0 1 0 DDR_DQS_N1
A 260 110 10 0 9 0 PINTYPE=IN
A 240 110 10 0 9 3 #=H23
P 199 240 90 220 90 0 3 0
L 162 85 10 0 3 0 1 0 DDR_DQS_P0
A 260 90 10 0 9 0 PINTYPE=IN
A 240 90 10 0 9 3 #=H25
P 189 240 120 220 120 0 3 0
L 215 115 10 0 9 0 1 0 DDR_DQS_P1
A 260 120 10 0 9 0 PINTYPE=IN
A 240 120 10 0 9 3 #=H22
P 150 240 170 220 170 0 3 0
L 215 165 10 0 9 0 1 0 DDR_ODT
A 260 170 10 0 9 0 PINTYPE=IN
A 240 170 10 0 9 3 #=H17
P 151 240 140 220 140 0 3 0
L 215 135 10 0 9 0 1 0 DDR_RAS_B
A 260 140 10 0 9 0 PINTYPE=IN
A 240 140 10 0 9 3 #=H20
P 148 240 160 220 160 0 3 0
L 215 155 10 0 9 0 1 0 DDR_WE_B
A 260 160 10 0 9 0 PINTYPE=IN
A 240 160 10 0 9 3 #=H18
P 214 0 660 20 660 0 2 0
L 25 655 10 0 3 0 1 0 PS_CLK
A -20 660 10 0 3 0 PINTYPE=IN
A 5 660 10 0 3 3 #=E1
P 303 0 60 20 60 0 2 0
L 25 55 10 0 3 0 1 0 PS_MIO0
A -20 60 10 0 3 0 PINTYPE=BI
A 0 60 10 0 3 3 #=F28
P 299 0 70 20 70 0 2 0
L 25 65 10 0 3 0 1 0 PS_MIO1
A -20 70 10 0 3 0 PINTYPE=IN
A 0 70 10 0 3 3 #=F27
P 288 0 160 20 160 0 2 0
L 25 155 10 0 3 0 1 0 PS_MIO10
A -20 160 10 0 3 0 PINTYPE=IN
A 0 160 10 0 3 3 #=F18
P 143 0 170 20 170 0 2 0
L 25 165 10 0 3 0 1 0 PS_MIO11
A -20 170 10 0 3 0 PINTYPE=BI
A 0 170 10 0 3 3 #=F17
P 142 0 180 20 180 0 2 0
L 25 175 10 0 3 0 1 0 PS_MIO12
A -20 180 10 0 3 0 PINTYPE=BI
A 0 180 10 0 3 3 #=F16
P 248 0 190 20 190 0 2 0
L 25 185 10 0 3 0 1 0 PS_MIO13
A -20 190 10 0 3 0 PINTYPE=IN
A 0 190 10 0 3 3 #=F15
P 251 0 200 20 200 0 2 0
L 25 195 10 0 3 0 1 0 PS_MIO14
A -20 200 10 0 3 0 PINTYPE=IN
A 0 200 10 0 3 3 #=F14
P 249 0 210 20 210 0 2 0
L 25 205 10 0 3 0 1 0 PS_MIO15
A -20 210 10 0 3 0 PINTYPE=IN
A 0 210 10 0 3 3 #=F13
P 250 0 220 20 220 0 2 0
L 25 215 10 0 3 0 1 0 PS_MIO16
A -20 220 10 0 3 0 PINTYPE=BI
A 0 220 10 0 3 3 #=F12
P 252 0 230 20 230 0 2 0
L 25 225 10 0 3 0 1 0 PS_MIO17
A 0 230 10 0 3 0 PINTYPE=BI
A 0 230 10 0 3 3 #=F11
P 140 0 240 20 240 0 2 0
L 25 235 10 0 3 0 1 0 PS_MIO18
A -20 240 10 0 3 0 PINTYPE=BI
A 0 240 10 0 3 3 #=F10
P 141 0 250 20 250 0 2 0
L 25 245 10 0 3 0 1 0 PS_MIO19
A -20 250 10 0 3 0 PINTYPE=IN
A 5 250 10 0 3 3 #=F9
P 300 0 80 20 80 0 2 0
L 25 75 10 0 3 0 1 0 PS_MIO2
A -20 80 10 0 3 0 PINTYPE=IN
A 0 80 10 0 3 3 #=F26
P 246 0 260 20 260 0 2 0
L 25 255 10 0 3 0 1 0 PS_MIO20
A -20 260 10 0 3 0 PINTYPE=BI
A 5 260 10 0 3 3 #=F8
P 245 0 270 20 270 0 2 0
L 25 265 10 0 3 0 1 0 PS_MIO21
A -20 270 10 0 3 0 PINTYPE=BI
A 5 270 10 0 3 3 #=F7
P 238 0 280 20 280 0 2 0
L 25 275 10 0 3 0 1 0 PS_MIO22
A -20 280 10 0 3 0 PINTYPE=BI
A 5 280 10 0 3 3 #=F6
P 236 0 290 20 290 0 2 0
L 25 285 10 0 3 0 1 0 PS_MIO23
A -20 290 10 0 3 0 PINTYPE=BI
A 5 290 10 0 3 3 #=F5
P 239 0 300 20 300 0 2 0
L 25 295 10 0 3 0 1 0 PS_MIO24
A -20 300 10 0 3 0 PINTYPE=BI
A 5 300 10 0 3 3 #=F4
P 237 0 310 20 310 0 2 0
L 25 305 10 0 3 0 1 0 PS_MIO25
A -20 310 10 0 3 0 PINTYPE=BI
A 5 310 10 0 3 3 #=F3
P 242 0 320 20 320 0 2 0
L 25 315 10 0 3 0 1 0 PS_MIO26
A -20 320 10 0 3 0 PINTYPE=BI
A 5 320 10 0 3 3 #=F2
P 240 0 330 20 330 0 2 0
L 25 325 10 0 3 0 1 0 PS_MIO27
A -20 330 10 0 3 0 PINTYPE=BI
A 5 330 10 0 3 3 #=F1
P 241 0 370 20 370 0 2 0
L 25 365 10 0 3 0 1 0 PS_MIO28
A -20 370 10 0 3 0 PINTYPE=BI
A 0 370 10 0 3 3 #=E30
P 244 0 380 20 380 0 2 0
L 25 375 10 0 3 0 1 0 PS_MIO29
A -20 380 10 0 3 0 PINTYPE=BI
A 0 380 10 0 3 3 #=E29
P 302 0 90 20 90 0 2 0
L 25 85 10 0 3 0 1 0 PS_MIO3
A -20 90 10 0 3 0 PINTYPE=IN
A 0 90 10 0 3 3 #=F25
P 243 0 390 20 390 0 2 0
L 25 385 10 0 3 0 1 0 PS_MIO30
A -20 390 10 0 3 0 PINTYPE=BI
A 0 390 10 0 3 3 #=E28
P 235 0 400 20 400 0 2 0
L 25 395 10 0 3 0 1 0 PS_MIO31
A -20 400 10 0 3 0 PINTYPE=OUT
A 0 400 10 0 3 3 #=E27
P 234 0 410 20 410 0 2 0
L 25 405 10 0 3 0 1 0 PS_MIO32
A -20 410 10 0 3 0 PINTYPE=OUT
A 0 410 10 0 3 3 #=E26
P 233 0 420 20 420 0 2 0
L 25 415 10 0 3 0 1 0 PS_MIO33
A -20 420 10 0 3 0 PINTYPE=BI
A 0 420 10 0 3 3 #=E25
P 232 0 430 20 430 0 2 0
L 25 425 10 0 3 0 1 0 PS_MIO34
A -20 430 10 0 3 0 PINTYPE=BI
A 0 430 10 0 3 3 #=E24
P 225 0 440 20 440 0 2 0
L 25 435 10 0 3 0 1 0 PS_MIO35
A -20 440 10 0 3 0 PINTYPE=BI
A 0 440 10 0 3 3 #=E23
P 224 0 450 20 450 0 2 0
L 25 445 10 0 3 0 1 0 PS_MIO36
A -20 450 10 0 3 0 PINTYPE=BI
A 0 450 10 0 3 3 #=E22
P 231 0 460 20 460 0 2 0
L 25 455 10 0 3 0 1 0 PS_MIO37
A -20 460 10 0 3 0 PINTYPE=BI
A 0 460 10 0 3 3 #=E21
P 230 0 470 20 470 0 2 0
L 25 465 10 0 3 0 1 0 PS_MIO38
A -20 470 10 0 3 0 PINTYPE=BI
A 0 470 10 0 3 3 #=E20
P 229 0 480 20 480 0 2 0
L 25 475 10 0 3 0 1 0 PS_MIO39
A -20 480 10 0 3 0 PINTYPE=BI
A 0 480 10 0 3 3 #=E19
P 301 0 100 20 100 0 2 0
L 25 95 10 0 3 0 1 0 PS_MIO4
A -20 100 10 0 3 0 PINTYPE=BI
A 0 100 10 0 3 3 #=F24
P 228 0 490 20 490 0 2 0
L 25 485 10 0 3 0 1 0 SPARE_E18
A -20 490 10 0 3 0 PINTYPE=BI
A 0 490 10 0 3 3 #=E18
P 227 0 500 20 500 0 2 0
L 25 495 10 0 3 0 1 0 SPARE_E17
A -20 500 10 0 3 0 PINTYPE=BI
A 0 500 10 0 3 3 #=E17
P 226 0 510 20 510 0 2 0
L 25 505 10 0 3 0 1 0 SPARE_E16
A -20 510 10 0 3 0 PINTYPE=BI
A 0 510 10 0 3 3 #=E16
P 211 0 520 20 520 0 2 0
L 25 515 10 0 3 0 1 0 SPARE_E15
A -20 520 10 0 3 0 PINTYPE=IN
A 0 520 10 0 3 3 #=E15
P 212 0 530 20 530 0 2 0
L 25 525 10 0 3 0 1 0 SPARE_E14
A -20 530 10 0 3 0 PINTYPE=IN
A 0 530 10 0 3 3 #=E14
P 213 0 540 20 540 0 2 0
L 25 535 10 0 3 0 1 0 SPARE_E13
A -20 540 10 0 3 0 PINTYPE=IN
A 0 540 10 0 3 3 #=E13
P 216 0 550 20 550 0 2 0
L 25 545 10 0 3 0 1 0 SPARE_E12
A -20 550 10 0 3 0 PINTYPE=IN
A 0 550 10 0 3 3 #=E12
P 215 0 560 20 560 0 2 0
L 25 555 10 0 3 0 1 0 SPARE_E11
A -20 560 10 0 3 0 PINTYPE=IN
A 0 560 10 0 3 3 #=E11
P 217 0 570 20 570 0 2 0
L 25 565 10 0 3 0 1 0 SPARE_E10
A -20 570 10 0 3 0 PINTYPE=IN
A 0 570 10 0 3 3 #=E10
P 145 0 580 20 580 0 2 0
L 25 575 10 0 3 0 1 0 SPARE_E9
A -20 580 10 0 3 0 PINTYPE=OUT
A 5 580 10 0 3 3 #=E9
P 253 0 110 20 110 0 2 0
L 25 105 10 0 3 0 1 0 PS_MIO5
A -20 110 10 0 3 0 PINTYPE=IN
A 0 110 10 0 3 3 #=F23
P 146 0 590 20 590 0 2 0
L 25 585 10 0 3 0 1 0 SPARE_E8
A -20 590 10 0 3 0 PINTYPE=IN
A 5 590 10 0 3 3 #=E8
P 144 0 600 20 600 0 2 0
L 25 595 10 0 3 0 1 0 SPARE_E7
A -20 600 10 0 3 0 PINTYPE=IN
A 5 600 10 0 3 3 #=E7
P 147 0 610 20 610 0 2 0
L 25 605 10 0 3 0 1 0 SPARE_E6
A -20 610 10 0 3 0 PINTYPE=IN
A 5 610 10 0 3 3 #=E6
P 247 0 120 20 120 0 2 0
L 25 115 10 0 3 0 1 0 PS_MIO6
A -20 120 10 0 3 0 PINTYPE=IN
A 0 120 10 0 3 3 #=F22
P 139 0 130 20 130 0 2 0
L 25 125 10 0 3 0 1 0 PS_MIO7
A -20 130 10 0 3 0 PINTYPE=BI
A 0 130 10 0 3 3 #=F21
P 285 0 140 20 140 0 2 0
L 25 135 10 0 3 0 1 0 PS_MIO8
A -20 140 10 0 3 0 PINTYPE=IN
A 0 140 10 0 3 3 #=F20
P 284 0 150 20 150 0 2 0
L 25 145 10 0 3 0 1 0 PS_MIO9
A -20 150 10 0 3 0 PINTYPE=IN
A 0 150 10 0 3 3 #=F19
P 135 0 640 20 640 0 2 0
L 25 635 10 0 3 0 1 0 DDR_CKE
A -20 640 10 0 3 0 PINTYPE=IN
A 5 640 10 0 3 3 #=E3
P 298 0 50 20 50 0 2 0
L 25 45 10 0 3 0 1 0 SPARE_F29
A -20 50 10 0 3 0 PINTYPE=IN
A 0 50 10 0 3 3 #=F29
P 257 240 500 220 500 0 3 0
L 215 495 10 0 9 0 1 0 DDR_DQ1
A 260 500 10 0 9 0 PINTYPE=IN
A 240 500 10 0 9 3 #=G17
P 258 240 490 220 490 0 3 0
L 215 485 10 0 9 0 1 0 DDR_DQ2
A 260 490 10 0 9 0 PINTYPE=IN
A 240 490 10 0 9 3 #=G18
P 259 240 480 220 480 0 3 0
L 215 475 10 0 9 0 1 0 SPARE_G19
A 260 480 10 0 9 0 PINTYPE=IN
A 240 480 10 0 9 3 #=G19
P 260 240 470 220 470 0 3 0
L 215 465 10 0 9 0 1 0 SPARE_G20
A 260 470 10 0 9 0 PINTYPE=IN
A 240 470 10 0 9 3 #=G20
P 261 240 460 220 460 0 3 0
L 215 455 10 0 9 0 1 0 SPARE_G21
A 260 460 10 0 9 0 PINTYPE=IN
A 240 460 10 0 9 3 #=G21
P 265 240 450 220 450 0 3 0
L 215 445 10 0 9 0 1 0 SPARE_G22
A 260 450 10 0 9 0 PINTYPE=OUT
A 240 450 10 0 9 3 #=G22
P 262 240 440 220 440 0 3 0
L 215 435 10 0 9 0 1 0 SPARE_G23
A 260 440 10 0 9 0 PINTYPE=OUT
A 240 440 10 0 9 3 #=G23
P 263 240 430 220 430 0 3 0
L 215 425 10 0 9 0 1 0 SPARE_G24
A 260 430 10 0 9 0 PINTYPE=OUT
A 240 430 10 0 9 3 #=G24
P 264 240 420 220 420 0 3 0
L 215 415 10 0 9 0 1 0 SPARE_G25
A 260 420 10 0 9 0 PINTYPE=OUT
A 240 420 10 0 9 3 #=G25
P 268 240 410 220 410 0 3 0
L 215 405 10 0 9 0 1 0 SPARE_G26
A 260 410 10 0 9 0 PINTYPE=IN
A 240 410 10 0 9 3 #=G26
P 266 240 400 220 400 0 3 0
L 215 395 10 0 9 0 1 0 SPARE_G27
A 260 400 10 0 9 0 PINTYPE=OUT
A 240 400 10 0 9 3 #=G27
P 267 240 390 220 390 0 3 0
L 215 385 10 0 9 0 1 0 SPARE_G28
A 260 390 10 0 9 0 PINTYPE=OUT
A 240 390 10 0 9 3 #=G28
P 269 240 380 220 380 0 3 0
L 215 375 10 0 9 0 1 0 SPARE_G29
A 260 380 10 0 9 0 PINTYPE=OUT
A 240 380 10 0 9 3 #=G29
P 273 240 370 220 370 0 3 0
L 215 365 10 0 9 0 1 0 SPARE_G30
A 260 370 10 0 9 0 PINTYPE=OUT
A 240 370 10 0 9 3 #=G30
P 304 0 40 20 40 0 2 0
L 25 35 10 0 3 0 1 0 VCCO_REF
A -20 40 10 0 3 0 PINTYPE=IN
A 0 40 10 0 3 3 #=F30
b 20 20 220 680
P 136 0 650 20 650 0 2 0
L 25 645 10 0 3 0 1 0 DDR_VTT_E2
A -20 650 10 0 3 0 PINTYPE=OUT
A 5 650 10 0 3 3 #=E2
P 186 240 660 220 660 0 3 0
L 215 655 10 0 9 0 1 0 DDR_VTT_G1
A 260 660 10 0 9 0 PINTYPE=IN
A 235 660 10 0 9 3 #=G1
P 134 0 630 20 630 0 2 0
L 25 625 10 0 3 0 1 0 PS_SRST_B
A -20 630 10 0 3 0 PINTYPE=BI
A 5 630 10 0 3 3 #=E4
P 137 0 620 20 620 0 2 0
L 25 615 10 0 3 0 1 0 DDR_VTT_E5
A -20 620 10 0 3 0 PINTYPE=IN
A 5 620 10 0 3 3 #=E5
E
