V 53
K 1466725990 seaf_20x5_sideband_conn_afx3_d.1
F Case
|R 16:53:10_6-23-16
D 0 475 275 0
Y 1
Z 10
i 21
U 0 10 10 0 3 0 HETERO=(SEAF_20X5_SIDEBAND_CONN_AFX3_E),(SEAF_20X5_SIDEBAND_CONN_AFX3_D),(SEAF_20X5_SIDEBAND_CONN_AFX3_B),(SEAF_20X5_SIDEBAND_CONN_AFX3_C),(SEAF_20X5_SIDEBAND_CONN_AFX3_A)
U 0 -50 10 0 3 0 MANF_P/N=MANF_P/N
U 0 -60 10 0 3 0 PKG_TYPE=PKG_TYPE
U 0 -70 10 0 3 0 LEVEL=STD
U 0 -80 10 0 3 0 PARTS=1
U 20 0 16 0 3 3 REFDES=JA?
U 160 10 10 0 3 3 VALUE=VALUE
U 160 0 10 0 3 3 DEVICE=DEVICE
U 0 0 10 0 1 0 FORWARD_PCB=1
T 255 50 10 0 8 GND
Q 15 0 0
|FNTSTL 16777215 0
T 255 70 10 0 8 GND
Q 15 0 0
|FNTSTL 16777215 0
T 255 130 10 0 8 GND
Q 15 0 0
|FNTSTL 16777215 0
T 255 150 10 0 8 GND
Q 15 0 0
|FNTSTL 16777215 0
T 255 170 10 0 8 GND
Q 15 0 0
|FNTSTL 16777215 0
T 255 190 10 0 8 GND
Q 15 0 0
|FNTSTL 16777215 0
T 255 210 10 0 8 GND
Q 15 0 0
|FNTSTL 16777215 0
T 255 230 10 0 8 GND
Q 15 0 0
|FNTSTL 16777215 0
T 255 250 10 0 8 GND
Q 15 0 0
|FNTSTL 16777215 0
T 255 270 10 0 8 GND
Q 15 0 0
|FNTSTL 16777215 0
T 255 290 10 0 8 GND
Q 15 0 0
|FNTSTL 16777215 0
T 255 310 10 0 8 GND
Q 15 0 0
|FNTSTL 16777215 0
T 255 330 10 0 8 GND
Q 15 0 0
|FNTSTL 16777215 0
T 255 350 10 0 8 GND
Q 15 0 0
|FNTSTL 16777215 0
T 255 370 10 0 8 GND
Q 15 0 0
|FNTSTL 16777215 0
b 20 20 255 455
T 255 90 10 0 8 GND
Q 15 0 0
|FNTSTL 16777215 0
T 255 110 10 0 8 GND
Q 15 0 0
|FNTSTL 16777215 0
T 255 390 10 0 8 GND
Q 15 0 0
|FNTSTL 16777215 0
T 255 430 10 0 8 NC
Q 15 0 0
|FNTSTL 16777215 0
T 255 410 10 0 8 NC
Q 15 0 0
|FNTSTL 16777215 0
P 1 275 430 255 430 0 3 0
L 255 430 10 0 8 0 0 0 NC9
A 255 440 10 0 2 0 PINTYPE=IN
A 255 430 10 0 3 3 #=D1
P 2 275 410 255 410 0 3 0
L 255 410 10 0 8 0 0 0 NC10
A 255 410 10 0 3 3 #=D2
A 255 420 10 0 2 0 PINTYPE=IN
P 3 275 390 255 390 0 3 0
L 680 445 10 0 8 0 0 0 GND23
A 255 390 10 0 3 3 #=D3
A 255 400 10 0 2 0 PINTYPE=IN
P 4 275 370 255 370 0 3 0
L 680 425 10 0 8 0 0 0 GND24
A 255 370 10 0 3 3 #=D4
A 255 380 10 0 2 0 PINTYPE=IN
P 5 275 350 255 350 0 3 0
L 680 405 10 0 8 0 0 0 GND25
A 255 350 10 0 3 3 #=D5
A 255 360 10 0 2 0 PINTYPE=BI
P 6 275 330 255 330 0 3 0
L 680 385 10 0 8 0 0 0 GND26
A 255 330 10 0 3 3 #=D6
A 255 340 10 0 2 0 PINTYPE=BI
P 7 275 310 255 310 0 3 0
L 680 365 10 0 8 0 0 0 GND27
A 255 310 10 0 3 3 #=D7
A 255 320 10 0 2 0 PINTYPE=BI
P 8 275 290 255 290 0 3 0
L 680 345 10 0 8 0 0 0 GND28
A 255 290 10 0 3 3 #=D8
A 255 300 10 0 2 0 PINTYPE=BI
P 9 275 270 255 270 0 3 0
L 680 325 10 0 8 0 0 0 GND29
A 255 270 10 0 3 3 #=D9
A 255 280 10 0 2 0 PINTYPE=BI
P 10 275 250 255 250 0 3 0
L 680 305 10 0 8 0 0 0 GND30
A 255 250 10 0 3 3 #=D10
A 255 260 10 0 2 0 PINTYPE=BI
P 11 275 230 255 230 0 3 0
L 680 285 10 0 8 0 0 0 GND31
A 255 230 10 0 3 3 #=D11
A 255 240 10 0 2 0 PINTYPE=BI
P 12 275 210 255 210 0 3 0
L 680 265 10 0 8 0 0 0 GND32
A 255 210 10 0 3 3 #=D12
A 255 220 10 0 2 0 PINTYPE=BI
P 13 275 190 255 190 0 3 0
L 680 245 10 0 8 0 0 0 GND33
A 255 190 10 0 3 3 #=D13
A 255 200 10 0 2 0 PINTYPE=BI
P 14 275 170 255 170 0 3 0
L 680 225 10 0 8 0 0 0 GND34
A 255 170 10 0 3 3 #=D14
A 255 180 10 0 2 0 PINTYPE=BI
P 15 275 150 255 150 0 3 0
L 680 205 10 0 8 0 0 0 GND35
A 255 150 10 0 3 3 #=D15
A 255 160 10 0 2 0 PINTYPE=BI
P 16 275 130 255 130 0 3 0
L 680 185 10 0 8 0 0 0 GND36
A 255 130 10 0 3 3 #=D16
A 255 140 10 0 2 0 PINTYPE=BI
P 17 275 110 255 110 0 3 0
L 680 165 10 0 8 0 0 0 GND37
A 255 110 10 0 3 3 #=D17
A 255 120 10 0 2 0 PINTYPE=BI
P 18 275 90 255 90 0 3 0
L 680 145 10 0 8 0 0 0 GND38
A 255 90 10 0 3 3 #=D18
A 255 100 10 0 2 0 PINTYPE=BI
P 19 275 70 255 70 0 3 0
L 680 125 10 0 8 0 0 0 GND39
A 255 70 10 0 3 3 #=D19
A 255 80 10 0 2 0 PINTYPE=BI
P 20 275 50 255 50 0 3 0
L 680 105 10 0 8 0 0 0 GND40
A 255 60 10 0 2 0 PINTYPE=BI
A 255 50 10 0 3 3 #=D20
E 
