V 53
K 1454353286 seam_40x6_alto_ddr4_a.1
F Case
|R 11:01:26_2-1-16
D 0 700 260 70
Y 1
Z 10
i 2020
U 0 -110 10 0 3 0 DESCRIPTION=CONN SNGL-END ARRAY MALE 240POS
U 0 -90 10 0 3 0 MANF=SAMTEC
U 0 -80 10 0 3 0 DIST_P/N=TBD
U 0 -40 10 0 3 0 DIST=DIGIKEY
U 0 -70 10 0 3 0 HETERO=(SEAM_40X6_ALTO_DDR4_A),(SEAM_40X6_ALTO_DDR4_B)
U 0 -30 10 0 3 0 PARTS=1
U 0 -20 10 0 3 0 LEVEL=STD
U 25 825 10 0 3 0 MANF_P/N=SEAM-40-02.0-S-06-2-A
U 20 820 10 0 3 0 DEVICE=SAMTEC_SEAM_06X40
U 25 685 10 0 3 3 PKG_TYPE=SAMTEC_SEAM_40X6
U 20 75 16 0 3 3 REFDES=J?
U 0 70 10 0 1 0 FORWARD_PCB=1
b 20 100 240 680
P 33 0 470 20 470 0 2 0
L 25 465 10 0 3 0 1 0 DDR_DQ18
A -20 470 10 0 3 0 PINTYPE=BI
A 0 470 10 0 3 3 #=E27
P 34 0 480 20 480 0 2 0
L 25 475 10 0 3 0 1 0 DDR_DQ17
A -20 480 10 0 3 0 PINTYPE=BI
A 0 480 10 0 3 3 #=F33
P 35 0 510 20 510 0 2 0
L 25 505 10 0 3 0 1 0 DDR_DQ14
A -20 510 10 0 3 0 PINTYPE=BI
A 0 510 10 0 3 3 #=E11
P 36 0 520 20 520 0 2 0
L 25 515 10 0 3 0 1 0 DDR_DQ13
A -20 520 10 0 3 0 PINTYPE=BI
A 0 520 10 0 3 3 #=A14
P 37 0 490 20 490 0 2 0
L 25 485 10 0 3 0 1 0 DDR_DQ16
A -20 490 10 0 3 0 PINTYPE=BI
A 0 490 10 0 3 3 #=E34
P 38 0 500 20 500 0 2 0
L 25 495 10 0 3 0 1 0 DDR_DQ15
A -20 500 10 0 3 0 PINTYPE=BI
A 0 500 10 0 3 3 #=A13
P 39 260 485 240 485 0 3 0
L 235 480 10 0 9 0 1 0 DDR_A15
A 280 485 10 0 9 0 PINTYPE=BI
A 260 485 10 0 9 3 #=B15
P 40 260 445 240 445 0 3 0
L 235 440 10 0 9 0 1 0 DDR_CK0
A 280 445 10 0 9 0 PINTYPE=BI
A 260 445 10 0 9 3 #=E20
P 41 260 435 240 435 0 3 0
L 235 430 10 0 9 0 1 0 DDR_CK_N0
A 280 435 10 0 9 0 PINTYPE=BI
A 260 435 10 0 9 3 #=E21
P 42 260 565 240 565 0 3 0
L 235 560 10 0 9 0 1 0 DDR_A7
A 280 565 10 0 9 0 PINTYPE=BI
A 260 565 10 0 9 3 #=B23
P 43 260 555 240 555 0 3 0
L 235 550 10 0 9 0 1 0 DDR_A8
A 280 555 10 0 9 0 PINTYPE=BI
A 260 555 10 0 9 3 #=A20
P 44 260 475 240 475 0 3 0
L 235 470 10 0 9 0 1 0 DDR_A16
A 280 475 10 0 9 0 PINTYPE=BI
A 260 475 10 0 9 3 #=E17
P 45 260 465 240 465 0 3 0
L 235 460 10 0 9 0 1 0 DDR_A17
A 280 465 10 0 9 0 PINTYPE=BI
A 260 465 10 0 9 3 #=D7
P 46 260 150 240 150 0 3 0
L 235 145 10 0 9 0 1 0 SPARE_F13
A 280 150 10 0 9 0 PINTYPE=BI
A 260 150 10 0 9 3 #=F13
P 47 260 140 240 140 0 3 0
L 235 135 10 0 9 0 1 0 SPARE_F14
A 280 140 10 0 9 0 PINTYPE=BI
A 260 140 10 0 9 3 #=F14
P 48 260 405 240 405 0 3 0
L 235 400 10 0 9 0 1 0 DDR_CKE0
A 280 405 10 0 9 0 PINTYPE=BI
A 260 405 10 0 9 3 #=D21
P 49 260 130 240 130 0 3 0
L 235 125 10 0 9 0 1 0 SPARE_F20
A 280 130 10 0 9 0 PINTYPE=BI
A 260 130 10 0 9 3 #=F20
P 50 260 595 240 595 0 3 0
L 235 590 10 0 9 0 1 0 DDR_A4
A 280 595 10 0 9 0 PINTYPE=BI
A 260 595 10 0 9 3 #=B19
P 51 0 230 20 230 0 2 0
L 25 225 10 0 3 0 1 0 DDR_DM0
A -20 230 10 0 3 0 PINTYPE=BI
A 0 230 10 0 3 3 #=A5
P 104 0 560 20 560 0 2 0
L 25 555 10 0 3 0 1 0 DDR_DQ9
A -20 560 10 0 3 0 PINTYPE=BI
A 0 560 10 0 3 3 #=A9
P 105 0 550 20 550 0 2 0
L 25 545 10 0 3 0 1 0 DDR_DQ10
A -20 550 10 0 3 0 PINTYPE=BI
A 0 550 10 0 3 3 #=A11
P 106 0 580 20 580 0 2 0
L 25 575 10 0 3 0 1 0 DDR_DQ7
A -20 580 10 0 3 0 PINTYPE=BI
A 0 580 10 0 3 3 #=E3
P 107 0 570 20 570 0 2 0
L 25 565 10 0 3 0 1 0 DDR_DQ8
A -20 570 10 0 3 0 PINTYPE=BI
A 0 570 10 0 3 3 #=B9
P 108 0 620 20 620 0 2 0
L 25 615 10 0 3 0 1 0 DDR_DQ3
A -20 620 10 0 3 0 PINTYPE=BI
A 0 620 10 0 3 3 #=B5
P 109 0 610 20 610 0 2 0
L 25 605 10 0 3 0 1 0 DDR_DQ4
A -20 610 10 0 3 0 PINTYPE=BI
A 0 610 10 0 3 3 #=F3
P 110 0 600 20 600 0 2 0
L 25 595 10 0 3 0 1 0 DDR_DQ5
A -20 600 10 0 3 0 PINTYPE=BI
A 0 600 10 0 3 3 #=B7
P 111 0 590 20 590 0 2 0
L 25 585 10 0 3 0 1 0 DDR_DQ6
A -20 590 10 0 3 0 PINTYPE=BI
A 0 590 10 0 3 3 #=B3
P 112 0 650 20 650 0 2 0
L 25 645 10 0 3 0 1 0 DDR_DQ0
A -20 650 10 0 3 0 PINTYPE=BI
A 0 650 10 0 3 3 #=E7
P 113 0 640 20 640 0 2 0
L 25 635 10 0 3 0 1 0 DDR_DQ1
A -20 640 10 0 3 0 PINTYPE=BI
A 0 640 10 0 3 3 #=F7
P 114 0 630 20 630 0 2 0
L 25 625 10 0 3 0 1 0 DDR_DQ2
A -20 630 10 0 3 0 PINTYPE=BI
A 0 630 10 0 3 3 #=A7
P 115 0 530 20 530 0 2 0
L 25 525 10 0 3 0 1 0 DDR_DQ12
A -20 530 10 0 3 0 PINTYPE=BI
A 0 530 10 0 3 3 #=F11
P 116 0 540 20 540 0 2 0
L 25 535 10 0 3 0 1 0 DDR_DQ11
A -20 540 10 0 3 0 PINTYPE=BI
A 0 540 10 0 3 3 #=B11
P 117 0 450 20 450 0 2 0
L 25 445 10 0 3 0 1 0 DDR_DQ20
A -20 450 10 0 3 0 PINTYPE=BI
A 0 450 10 0 3 3 #=F27
P 118 0 290 20 290 0 2 0
L 25 285 10 0 3 0 1 0 DDR_DQS_N1
A -20 290 10 0 3 0 PINTYPE=BI
A 0 290 10 0 3 3 #=F9
P 136 260 505 240 505 0 3 0
L 235 500 10 0 9 0 1 0 DDR_A13
A 280 505 10 0 9 0 PINTYPE=BI
A 260 505 10 0 9 3 #=B17
P 137 260 515 240 515 0 3 0
L 235 510 10 0 9 0 1 0 DDR_A12
A 280 515 10 0 9 0 PINTYPE=BI
A 260 515 10 0 9 3 #=D12
P 138 260 495 240 495 0 3 0
L 235 490 10 0 9 0 1 0 DDR_A14
A 280 495 10 0 9 0 PINTYPE=BI
A 260 495 10 0 9 3 #=A16
P 139 260 525 240 525 0 3 0
L 235 520 10 0 9 0 1 0 DDR_A11
A 280 525 10 0 9 0 PINTYPE=BI
A 260 525 10 0 9 3 #=B26
P 140 260 635 240 635 0 3 0
L 235 630 10 0 9 0 1 0 DDR_A0
A 280 635 10 0 9 0 PINTYPE=BI
A 260 635 10 0 9 3 #=B21
P 141 0 460 20 460 0 2 0
L 25 455 10 0 3 0 1 0 DDR_DQ19
A -20 460 10 0 3 0 PINTYPE=BI
A 0 460 10 0 3 3 #=F31
P 142 260 615 240 615 0 3 0
L 235 610 10 0 9 0 1 0 DDR_A2
A 280 615 10 0 9 0 PINTYPE=BI
A 260 615 10 0 9 3 #=E18
P 143 260 605 240 605 0 3 0
L 235 600 10 0 9 0 1 0 DDR_A3
A 280 605 10 0 9 0 PINTYPE=BI
A 260 605 10 0 9 3 #=D19
P 144 260 625 240 625 0 3 0
L 235 620 10 0 9 0 1 0 DDR_A1
A 280 625 10 0 9 0 PINTYPE=BI
A 260 625 10 0 9 3 #=A22
P 145 260 575 240 575 0 3 0
L 235 570 10 0 9 0 1 0 DDR_A6
A 280 575 10 0 9 0 PINTYPE=BI
A 260 575 10 0 9 3 #=A24
P 146 260 585 240 585 0 3 0
L 235 580 10 0 9 0 1 0 DDR_A5
A 280 585 10 0 9 0 PINTYPE=BI
A 260 585 10 0 9 3 #=A18
P 150 0 250 20 250 0 2 0
L 25 245 10 0 3 0 1 0 DDR_DQS_N3
A -20 250 10 0 3 0 PINTYPE=BI
A 0 250 10 0 3 3 #=F39
P 151 0 260 20 260 0 2 0
L 25 255 10 0 3 0 1 0 DDR_DQS_P3
A -20 260 10 0 3 0 PINTYPE=BI
A 0 260 10 0 3 3 #=F40
P 152 260 170 240 170 0 3 0
L 235 165 10 0 9 0 1 0 SPARE_E13
A 280 170 10 0 9 0 PINTYPE=BI
A 260 170 10 0 9 3 #=E13
P 153 260 160 240 160 0 3 0
L 235 155 10 0 9 0 1 0 SPARE_E32
A 280 160 10 0 9 0 PINTYPE=BI
A 260 160 10 0 9 3 #=E32
P 167 260 545 240 545 0 3 0
L 235 540 10 0 9 0 1 0 DDR_A9
A 280 545 10 0 9 0 PINTYPE=BI
A 260 545 10 0 9 3 #=D18
P 168 260 535 240 535 0 3 0
L 235 530 10 0 9 0 1 0 DDR_A10
A 280 535 10 0 9 0 PINTYPE=BI
A 260 535 10 0 9 3 #=B25
P 172 0 300 20 300 0 2 0
L 25 295 10 0 3 0 1 0 DDR_DQS_P1
A -20 300 10 0 3 0 PINTYPE=BI
A 0 300 10 0 3 3 #=E9
P 173 0 270 20 270 0 2 0
L 25 265 10 0 3 0 1 0 DDR_DQS_N2
A -20 270 10 0 3 0 PINTYPE=BI
A 0 270 10 0 3 3 #=E30
P 174 0 280 20 280 0 2 0
L 25 275 10 0 3 0 1 0 DDR_DQS_P2
A -20 280 10 0 3 0 PINTYPE=BI
A 0 280 10 0 3 3 #=F29
P 175 260 335 240 335 0 3 0
L 235 330 10 0 9 0 1 0 DDR_CS_N1
A 280 335 10 0 9 0 PINTYPE=BI
A 260 335 10 0 9 3 #=E23
P 176 260 345 240 345 0 3 0
L 235 340 10 0 9 0 1 0 DDR_CS_N0
A 280 345 10 0 9 0 PINTYPE=BI
A 260 345 10 0 9 3 #=F18
P 177 260 355 240 355 0 3 0
L 235 350 10 0 9 0 1 0 DDR_BA1
A 280 355 10 0 9 0 PINTYPE=BI
A 260 355 10 0 9 3 #=D9
P 178 260 365 240 365 0 3 0
L 235 360 10 0 9 0 1 0 DDR_BA0
A 280 365 10 0 9 0 PINTYPE=BI
A 260 365 10 0 9 3 #=D10
P 179 260 375 240 375 0 3 0
L 235 370 10 0 9 0 1 0 DDR_BG1
A 280 375 10 0 9 0 PINTYPE=BI
A 260 375 10 0 9 3 #=A27
P 180 260 385 240 385 0 3 0
L 235 380 10 0 9 0 1 0 DDR_BG0
A 280 385 10 0 9 0 PINTYPE=BI
A 260 385 10 0 9 3 #=A26
P 486 0 220 20 220 0 2 0
L 25 215 10 0 3 0 1 0 DDR_DM1
A -20 220 10 0 3 0 PINTYPE=BI
A 0 220 10 0 3 3 #=B13
P 490 0 210 20 210 0 2 0
L 25 205 10 0 3 0 1 0 DDR_DM2
A -20 210 10 0 3 0 PINTYPE=BI
A 0 210 10 0 3 3 #=A31
P 494 0 200 20 200 0 2 0
L 25 195 10 0 3 0 1 0 DDR_DM3
A -20 200 10 0 3 0 PINTYPE=BI
A 0 200 10 0 3 3 #=B36
P 498 260 120 240 120 0 3 0
L 235 115 10 0 9 0 1 0 SPARE_F21
A 280 120 10 0 9 0 PINTYPE=BI
A 260 120 10 0 9 3 #=F21
P 526 260 325 240 325 0 3 0
L 235 320 10 0 9 0 1 0 DDR_ODT0
A 280 325 10 0 9 0 PINTYPE=BI
A 260 325 10 0 9 3 #=D15
P 530 260 315 240 315 0 3 0
L 235 310 10 0 9 0 1 0 DDR_ODT1
A 280 315 10 0 9 0 PINTYPE=BI
A 260 315 10 0 9 3 #=D16
P 534 260 305 240 305 0 3 0
L 235 300 10 0 9 0 1 0 DDR_ACT_N
A 280 305 10 0 9 0 PINTYPE=BI
A 260 305 10 0 9 3 #=D26
P 769 260 295 240 295 0 3 0
L 235 290 10 0 9 0 1 0 DDR_ALERT_N
A 280 295 10 0 9 0 PINTYPE=BI
A 260 295 10 0 9 3 #=D27
P 773 260 285 240 285 0 3 0
L 235 280 10 0 9 0 1 0 DDR_PARITY
A 280 285 10 0 9 0 PINTYPE=BI
A 260 285 10 0 9 3 #=D6
P 777 260 275 240 275 0 3 0
L 235 270 10 0 9 0 1 0 DDR_RAM_RST_N
A 280 275 10 0 9 0 PINTYPE=BI
A 260 275 10 0 9 3 #=D22
P 781 260 200 240 200 0 3 0
L 235 195 10 0 9 0 1 0 SPARE_D24
A 280 200 10 0 9 0 PINTYPE=BI
A 260 200 10 0 9 3 #=D24
P 785 260 190 240 190 0 3 0
L 235 185 10 0 9 0 1 0 SPARE_D29
A 280 190 10 0 9 0 PINTYPE=BI
A 260 190 10 0 9 3 #=D29
P 789 260 180 240 180 0 3 0
L 235 175 10 0 9 0 1 0 SPARE_D30
A 280 180 10 0 9 0 PINTYPE=BI
A 260 180 10 0 9 3 #=D30
P 1330 260 210 240 210 0 3 0
L 235 205 10 0 9 0 1 0 SPARE_D13
A 280 210 10 0 9 0 PINTYPE=BI
A 260 210 10 0 9 3 #=D13
P 1338 260 230 240 230 0 3 0
L 235 225 10 0 9 0 1 0 SPARE_B32
A 280 230 10 0 9 0 PINTYPE=BI
A 260 230 10 0 9 3 #=B32
P 1342 260 240 240 240 0 3 0
L 235 235 10 0 9 0 1 0 SPARE_B30
A 280 240 10 0 9 0 PINTYPE=BI
A 260 240 10 0 9 3 #=B30
P 1350 260 220 240 220 0 3 0
L 235 215 10 0 9 0 1 0 SPARE_B34
A 280 220 10 0 9 0 PINTYPE=BI
A 260 220 10 0 9 3 #=B34
P 1354 0 350 20 350 0 2 0
L 25 345 10 0 3 0 1 0 DDR_DQ30
A -20 350 10 0 3 0 PINTYPE=BI
A 0 350 10 0 3 3 #=E36
P 1358 0 340 20 340 0 2 0
L 25 335 10 0 3 0 1 0 DDR_DQ31
A -20 340 10 0 3 0 PINTYPE=BI
A 0 340 10 0 3 3 #=A35
P 1362 0 370 20 370 0 2 0
L 25 365 10 0 3 0 1 0 DDR_DQ28
A -20 370 10 0 3 0 PINTYPE=BI
A 0 370 10 0 3 3 #=F35
P 1366 0 360 20 360 0 2 0
L 25 355 10 0 3 0 1 0 DDR_DQ29
A -20 360 10 0 3 0 PINTYPE=BI
A 0 360 10 0 3 3 #=A33
P 1370 0 410 20 410 0 2 0
L 25 405 10 0 3 0 1 0 DDR_DQ24
A -20 410 10 0 3 0 PINTYPE=BI
A 0 410 10 0 3 3 #=E40
P 1374 0 400 20 400 0 2 0
L 25 395 10 0 3 0 1 0 DDR_DQ25
A -20 400 10 0 3 0 PINTYPE=BI
A 0 400 10 0 3 3 #=F37
P 1378 0 390 20 390 0 2 0
L 25 385 10 0 3 0 1 0 DDR_DQ26
A -20 390 10 0 3 0 PINTYPE=BI
A 0 390 10 0 3 3 #=E38
P 1382 0 380 20 380 0 2 0
L 25 375 10 0 3 0 1 0 DDR_DQ27
A -20 380 10 0 3 0 PINTYPE=BI
A 0 380 10 0 3 3 #=A37
P 1386 0 440 20 440 0 2 0
L 25 435 10 0 3 0 1 0 DDR_DQ21
A -20 440 10 0 3 0 PINTYPE=BI
A 0 440 10 0 3 3 #=A29
P 1390 0 430 20 430 0 2 0
L 25 425 10 0 3 0 1 0 DDR_DQ22
A -20 430 10 0 3 0 PINTYPE=BI
A 0 430 10 0 3 3 #=B28
P 1394 0 420 20 420 0 2 0
L 25 415 10 0 3 0 1 0 DDR_DQ23
A -20 420 10 0 3 0 PINTYPE=BI
A 0 420 10 0 3 3 #=E28
P 1398 260 395 240 395 0 3 0
L 235 390 10 0 9 0 1 0 DDR_CKE1
A 280 395 10 0 9 0 PINTYPE=BI
A 260 395 10 0 9 3 #=A39
P 1402 260 250 240 250 0 3 0
L 235 245 10 0 9 0 1 0 SPARE_A3
A 280 250 10 0 9 0 PINTYPE=BI
A 260 250 10 0 9 3 #=A3
P 1406 0 320 20 320 0 2 0
L 25 315 10 0 3 0 1 0 DDR_DQS_P0
A -20 320 10 0 3 0 PINTYPE=BI
A 0 320 10 0 3 3 #=E5
P 1410 0 310 20 310 0 2 0
L 25 305 10 0 3 0 1 0 DDR_DQS_N0
A -20 310 10 0 3 0 PINTYPE=BI
A 0 310 10 0 3 3 #=F5
P 1708 0 165 20 165 0 2 0
L 25 160 10 0 3 0 1 0 DDR_INSTALLED
A -20 165 10 0 3 0 PINTYPE=BI
A 0 165 10 0 3 3 #=C28
P 1712 0 155 20 155 0 2 0
L 25 150 10 0 3 0 1 0 LED_TEST
A -20 155 10 0 3 0 PINTYPE=BI
A 0 155 10 0 3 3 #=C29
P 2016 0 145 20 145 0 2 0
L 25 140 10 0 3 0 1 0 DDR_TYPE
A -20 145 10 0 3 0 PINTYPE=BI
A 0 145 10 0 3 3 #=D33
P 2316 260 425 240 425 0 3 0
L 235 420 10 0 9 0 1 0 DDR_CK1
A 280 425 10 0 9 0 PINTYPE=BI
A 260 425 10 0 9 3 #=C32
P 2319 260 415 240 415 0 3 0
L 235 410 10 0 9 0 1 0 DDR_CK_N1
A 280 415 10 0 9 0 PINTYPE=BI
A 260 415 10 0 9 3 #=C31
E 
