V 53
K 1439254712 SI5341B.1
F Case
|R 17:58:32_8-10-15
D 0 514 230 0
Y 1
Z 10
i 1037
U 0 -70 10 0 3 0 VALUE=VALUE
U 300 50 10 0 3 0 PARTS=1
U 300 40 10 0 3 0 LEVEL=STD
U 150 0 10 0 3 3 PKG_TYPE=PKG_TYPE
U 20 0 10 0 3 3 DEVICE=DEVICE
U 30 495 16 0 3 3 REFDES=U?
U 0 0 10 0 1 0 FORWARD_PCB=1
b 30 15 200 495
P 12 0 365 30 365 0 2 0
L 35 365 10 0 2 0 1 0 IN0_N
A 25 365 10 0 9 3 #=64
A -25 365 10 0 8 0 PINTYPE=IN
P 25 0 165 30 165 0 2 0
L 35 165 10 0 2 0 1 0 A1_SDO
A 25 165 10 0 9 3 #=17
A -25 165 10 0 8 0 PINTYPE=IN
P 43 230 355 200 355 0 3 0
L 195 355 10 0 8 0 1 0 VDDO3
A 205 355 10 0 3 3 #=33
A 255 355 10 0 2 0 PINTYPE=POWER
P 948 0 345 30 345 0 2 0
L 35 345 10 0 2 0 1 0 IN1_P
A -25 345 10 0 8 0 PINTYPE=IN
A 25 345 10 0 9 3 #=1
P 975 0 335 30 335 0 2 0
L 35 335 10 0 2 0 1 0 IN1_N
A -25 335 10 0 8 0 PINTYPE=IN
A 25 335 10 0 9 3 #=2
P 976 0 405 30 405 0 2 0
L 35 405 10 0 2 0 1 0 IN_SEL1
A -25 405 10 0 8 0 PINTYPE=IN
A 25 405 10 0 9 3 #=4
P 977 0 415 30 415 0 2 0
L 35 415 10 0 2 0 1 0 IN_SEL0
A -25 415 10 0 8 0 PINTYPE=IN
A 25 415 10 0 9 3 #=3
P 978 0 125 30 125 0 2 0
L 35 125 10 0 2 0 1 0 RST_B
A -25 125 10 0 8 0 PINTYPE=IN
A 25 125 10 0 9 3 #=6
P 979 0 45 30 45 0 2 0
L 35 45 10 0 2 0 1 0 SYNC_B
A -25 45 10 0 8 0 PINTYPE=IN
A 25 45 10 0 9 3 #=5
P 980 0 245 30 245 0 2 0
L 35 245 10 0 2 0 1 0 X1
A -25 245 10 0 8 0 PINTYPE=IN
A 25 245 10 0 9 3 #=7
P 981 0 265 30 265 0 2 0
L 35 265 10 0 2 0 1 0 XA
A -25 265 10 0 8 0 PINTYPE=IN
A 25 265 10 0 9 3 #=8
P 982 0 275 30 275 0 2 0
L 35 275 10 0 2 0 1 0 XB
A -25 275 10 0 8 0 PINTYPE=IN
A 25 275 10 0 9 3 #=9
P 983 0 235 30 235 0 2 0
L 35 235 10 0 2 0 1 0 X2
A -25 235 10 0 8 0 PINTYPE=IN
A 25 235 10 0 9 3 #=10
P 984 0 35 30 35 0 2 0
L 35 35 10 0 2 0 1 0 OE_B
A -25 35 10 0 8 0 PINTYPE=IN
A 25 35 10 0 9 3 #=11
P 985 0 95 30 95 0 2 0
L 35 95 10 0 2 0 1 0 INTR_B
A -25 95 10 0 8 0 PINTYPE=OUT
A 25 95 10 0 9 3 #=12
P 986 0 315 30 315 0 2 0
L 35 315 10 0 2 0 1 0 IN2_P
A -25 315 10 0 8 0 PINTYPE=IN
A 25 315 10 0 9 3 #=14
P 987 0 435 30 435 0 2 0
L 35 435 10 0 2 0 1 0 VDDA
A -25 435 10 0 8 0 PINTYPE=POWER
A 25 435 10 0 9 3 #=13
P 988 0 155 30 155 0 2 0
L 35 155 10 0 2 0 1 0 SCLK
A -25 155 10 0 8 0 PINTYPE=IN
A 25 155 10 0 9 3 #=16
P 989 0 305 30 305 0 2 0
L 35 305 10 0 2 0 1 0 IN2_N
A -25 305 10 0 8 0 PINTYPE=IN
A 25 305 10 0 9 3 #=15
P 990 230 335 200 335 0 3 0
L 195 335 10 0 8 0 1 0 OUT3_N
A 205 335 10 0 3 3 #=34
A 255 335 10 0 2 0 PINTYPE=OUT
P 991 230 315 200 315 0 3 0
L 195 315 10 0 8 0 1 0 VDDO4
A 205 315 10 0 3 3 #=36
A 255 315 10 0 2 0 PINTYPE=POWER
P 992 230 345 200 345 0 3 0
L 195 345 10 0 8 0 1 0 OUT3_P
A 205 345 10 0 3 3 #=35
A 255 345 10 0 2 0 PINTYPE=OUT
P 993 230 295 200 295 0 3 0
L 195 295 10 0 8 0 1 0 OUT4_N
A 205 295 10 0 3 3 #=37
A 255 295 10 0 2 0 PINTYPE=OUT
P 994 0 185 30 185 0 2 0
L 35 185 10 0 2 0 1 0 I2C_SEL
A 25 185 10 0 9 3 #=39
A -25 185 10 0 8 0 PINTYPE=IN
P 995 230 305 200 305 0 3 0
L 195 305 10 0 8 0 1 0 OUT4_P
A 205 305 10 0 3 3 #=38
A 255 305 10 0 2 0 PINTYPE=OUT
P 996 230 275 200 275 0 3 0
L 195 275 10 0 8 0 1 0 VDDO5
A 205 275 10 0 3 3 #=40
A 255 275 10 0 2 0 PINTYPE=POWER
P 997 230 255 200 255 0 3 0
L 195 255 10 0 8 0 1 0 OUT5_N
A 205 255 10 0 3 3 #=41
A 255 255 10 0 2 0 PINTYPE=OUT
P 998 230 265 200 265 0 3 0
L 195 265 10 0 8 0 1 0 OUT5_P
A 205 265 10 0 3 3 #=42
A 255 265 10 0 2 0 PINTYPE=OUT
P 999 230 235 200 235 0 3 0
L 195 235 10 0 8 0 1 0 VDDO6
A 205 235 10 0 3 3 #=43
A 255 235 10 0 2 0 PINTYPE=POWER
P 1000 230 215 200 215 0 3 0
L 195 215 10 0 8 0 1 0 OUT6_N
A 205 215 10 0 3 3 #=44
A 255 215 10 0 2 0 PINTYPE=OUT
P 1001 230 225 200 225 0 3 0
L 195 225 10 0 8 0 1 0 OUT6_P
A 205 225 10 0 3 3 #=45
A 255 225 10 0 2 0 PINTYPE=OUT
P 1002 0 465 30 465 0 2 0
L 35 465 10 0 2 0 1 0 VDD2
A 25 465 10 0 9 3 #=46
A -25 465 10 0 8 0 PINTYPE=POWER
P 1003 0 75 30 75 0 2 0
L 35 75 10 0 2 0 1 0 FINC
A 25 75 10 0 9 3 #=48
A -25 75 10 0 8 0 PINTYPE=IN
P 1004 0 105 30 105 0 2 0
L 35 105 10 0 2 0 1 0 LOL_B
A 25 105 10 0 9 3 #=47
A -25 105 10 0 8 0 PINTYPE=OUT
P 1005 0 175 30 175 0 2 0
L 35 175 10 0 2 0 1 0 SDA_SDIO
A 25 175 10 0 9 3 #=18
A -25 175 10 0 8 0 PINTYPE=BI
P 1006 230 75 200 75 0 3 0
L 195 75 10 0 8 0 1 0 RSVD1
A 205 75 10 0 3 3 #=20
A 255 75 10 0 2 0 PINTYPE=IN
P 1007 0 145 30 145 0 2 0
L 35 145 10 0 2 0 1 0 A0_CS_B
A 25 145 10 0 9 3 #=19
A -25 145 10 0 8 0 PINTYPE=IN
P 1008 230 465 200 465 0 3 0
L 195 465 10 0 8 0 1 0 OUT0_P
A 205 465 10 0 3 3 #=24
A 255 465 10 0 2 0 PINTYPE=OUT
P 1009 230 455 200 455 0 3 0
L 195 455 10 0 8 0 1 0 OUT0_N
A 205 455 10 0 3 3 #=23
A 255 455 10 0 2 0 PINTYPE=OUT
P 1010 230 475 200 475 0 3 0
L 195 475 10 0 8 0 1 0 VDDO0
A 205 475 10 0 3 3 #=22
A 255 475 10 0 2 0 PINTYPE=POWER
P 1011 230 65 200 65 0 3 0
L 195 65 10 0 8 0 1 0 RSVD2
A 205 65 10 0 3 3 #=21
A 255 65 10 0 2 0 PINTYPE=IN
P 1012 0 65 30 65 0 2 0
L 35 65 10 0 2 0 1 0 FDEC
A 25 65 10 0 9 3 #=25
A -25 65 10 0 8 0 PINTYPE=IN
P 1013 230 395 200 395 0 3 0
L 195 395 10 0 8 0 1 0 VDDO2
A 205 395 10 0 3 3 #=29
A 255 395 10 0 2 0 PINTYPE=POWER
P 1014 230 375 200 375 0 3 0
L 195 375 10 0 8 0 1 0 OUT2_N
A 205 375 10 0 3 3 #=30
A 255 375 10 0 2 0 PINTYPE=OUT
P 1015 230 435 200 435 0 3 0
L 195 435 10 0 8 0 1 0 VDDO1
A 205 435 10 0 3 3 #=26
A 255 435 10 0 2 0 PINTYPE=POWER
P 1016 230 415 200 415 0 3 0
L 195 415 10 0 8 0 1 0 OUT1_N
A 205 415 10 0 3 3 #=27
A 255 415 10 0 2 0 PINTYPE=OUT
P 1017 230 425 200 425 0 3 0
L 195 425 10 0 8 0 1 0 OUT1_P
A 205 425 10 0 3 3 #=28
A 255 425 10 0 2 0 PINTYPE=OUT
P 1018 230 385 200 385 0 3 0
L 195 385 10 0 8 0 1 0 OUT2_P
A 205 385 10 0 3 3 #=31
A 255 385 10 0 2 0 PINTYPE=OUT
P 1019 0 475 30 475 0 2 0
L 35 475 10 0 2 0 1 0 VDD1
A 25 475 10 0 9 3 #=32
A -25 475 10 0 8 0 PINTYPE=POWER
P 1020 0 375 30 375 0 2 0
L 35 375 10 0 2 0 1 0 IN0_P
A 25 375 10 0 9 3 #=63
A -25 375 10 0 8 0 PINTYPE=IN
P 1021 0 205 30 205 0 2 0
L 35 205 10 0 2 0 1 0 FB_IN_N
A 25 205 10 0 9 3 #=62
A -25 205 10 0 8 0 PINTYPE=IN
P 1022 230 105 200 105 0 3 0
L 195 105 10 0 8 0 1 0 OUT9_P
A 205 105 10 0 3 3 #=59
A 255 105 10 0 2 0 PINTYPE=OUT
P 1023 230 45 200 45 0 3 0
L 195 45 10 0 8 0 1 0 RSVD4
A 205 45 10 0 3 3 #=56
A 255 45 10 0 2 0 PINTYPE=IN
P 1024 230 145 200 145 0 3 0
L 195 145 10 0 8 0 1 0 OUT8_P
A 205 145 10 0 3 3 #=54
A 255 145 10 0 2 0 PINTYPE=OUT
P 1025 230 155 200 155 0 3 0
L 195 155 10 0 8 0 1 0 VDDO8
A 205 155 10 0 3 3 #=52
A 255 155 10 0 2 0 PINTYPE=POWER
P 1026 230 175 200 175 0 3 0
L 195 175 10 0 8 0 1 0 OUT7_N
A 205 175 10 0 3 3 #=50
A 255 175 10 0 2 0 PINTYPE=OUT
P 1027 0 215 30 215 0 2 0
L 35 215 10 0 2 0 1 0 FB_IN_P
A 25 215 10 0 9 3 #=61
A -25 215 10 0 8 0 PINTYPE=IN
P 1028 0 455 30 455 0 2 0
L 35 455 10 0 2 0 1 0 VDD3
A 25 455 10 0 9 3 #=60
A -25 455 10 0 8 0 PINTYPE=POWER
P 1029 230 95 200 95 0 3 0
L 195 95 10 0 8 0 1 0 OUT9_N
A 205 95 10 0 3 3 #=58
A 255 95 10 0 2 0 PINTYPE=OUT
P 1031 230 115 200 115 0 3 0
L 195 115 10 0 8 0 1 0 VDDO9
A 205 115 10 0 3 3 #=57
A 255 115 10 0 2 0 PINTYPE=POWER
P 1032 230 55 200 55 0 3 0
L 195 55 10 0 8 0 1 0 RSVD3
A 205 55 10 0 3 3 #=55
A 255 55 10 0 2 0 PINTYPE=IN
P 1033 230 135 200 135 0 3 0
L 195 135 10 0 8 0 1 0 OUT8_N
A 205 135 10 0 3 3 #=53
A 255 135 10 0 2 0 PINTYPE=OUT
P 1034 230 185 200 185 0 3 0
L 195 185 10 0 8 0 1 0 OUT7_P
A 205 185 10 0 3 3 #=51
A 255 185 10 0 2 0 PINTYPE=OUT
P 1035 230 195 200 195 0 3 0
L 195 195 10 0 8 0 1 0 VDDO7
A 205 195 10 0 3 3 #=49
A 255 195 10 0 2 0 PINTYPE=POWER
P 1036 230 25 200 25 0 3 0
L 195 25 10 0 8 0 1 0 GND_PAD
A 205 25 10 0 3 3 #=65
A 255 25 10 0 2 0 PINTYPE=GROUND
E 
