V 53
K 1450475830 si5317c_MOD.1
F Case
|R 14:57:10_12-18-15
D 0 300 170 0
Y 0
Z 10
i 42
U 0 -40 10 0 3 0 LEVEL=STD
U 0 -30 10 0 3 0 PARTS=1
U 20 -5 16 0 3 3 REFDES=U?
U 110 0 10 0 3 3 PKG_TYPE=PKG_TYPE
U 20 290 10 0 3 3 VALUE=VALUE
U 20 250 10 0 3 0 DEVICE=DEVICE
U 0 0 10 0 1 0 FORWARD_PCB=0
b 20 10 150 290
P 1 0 240 20 240 0 2 0
L 25 240 10 0 2 0 1 0 XA
A 20 245 10 0 8 0 PINTYPE=ANALOG
A 15 240 10 0 9 3 #=6
P 2 170 200 150 200 0 3 0
L 145 200 10 0 8 0 1 0 CKOUT1_N
A 150 205 10 0 2 0 PINTYPE=IN
A 155 200 10 0 3 3 #=29
P 3 170 210 150 210 0 3 0
L 145 210 10 0 8 0 1 0 CKOUT1_P
A 150 215 10 0 2 0 PINTYPE=OUT
A 155 210 10 0 3 3 #=28
P 4 0 100 20 100 0 2 0
L 25 100 10 0 2 0 1 0 FRQSEL3_3L
A 20 105 10 0 8 0 PINTYPE=IN
A 15 100 10 0 9 3 #=27
P 5 0 110 20 110 0 2 0
L 25 110 10 0 2 0 1 0 FRQSEL2_3L
A 20 115 10 0 8 0 PINTYPE=IN
A 15 110 10 0 9 3 #=26
P 6 0 120 20 120 0 2 0
L 25 120 10 0 2 0 1 0 FRQSEL1_3L
A 20 125 10 0 8 0 PINTYPE=IN
A 15 120 10 0 9 3 #=25
P 7 0 130 20 130 0 2 0
L 25 130 10 0 2 0 1 0 FRQSEL0_3L
A 20 135 10 0 8 0 PINTYPE=IN
A 15 130 10 0 9 3 #=24
P 8 0 80 20 80 0 2 0
L 25 80 10 0 2 0 1 0 BWSEL0_3L
A 20 85 10 0 8 0 PINTYPE=IN
A 15 80 10 0 9 3 #=22
P 9 0 70 20 70 0 2 0
L 25 70 10 0 2 0 1 0 BWSEL1_3L
A 20 75 10 0 8 0 PINTYPE=IN
A 15 70 10 0 9 3 #=23
P 10 170 120 150 120 0 3 0
L 145 120 10 0 8 0 1 0 LOS
A 150 125 10 0 2 0 PINTYPE=OUT
A 155 120 10 0 3 3 #=3
P 11 170 280 150 280 0 3 0
L 145 280 10 0 8 0 1 0 NC1
A 150 285 10 0 2 0 PINTYPE=IN
A 155 280 10 0 3 3 #=4
P 13 170 230 150 230 0 3 0
L 145 230 10 0 8 0 1 0 NC6
A 150 235 10 0 2 0 PINTYPE=IN
A 155 230 10 0 3 3 #=36
P 14 0 280 20 280 0 2 0
L 25 280 10 0 2 0 1 0 VDD1
A 20 285 10 0 8 0 PINTYPE=POWER
A 15 280 10 0 9 3 #=5
P 15 0 20 20 20 0 2 0
L 20 20 10 0 2 0 1 0 RST_B
A 20 25 10 0 8 0 PINTYPE=IN
A 15 20 10 0 9 3 #=1
P 16 0 150 20 150 0 2 0
L 25 150 10 0 2 0 1 0 FRQTBL_3L
A 20 155 10 0 8 0 PINTYPE=IN
A 15 150 10 0 9 3 #=2
P 17 0 230 20 230 0 2 0
L 25 230 10 0 2 0 1 0 XB
A 20 235 10 0 8 0 PINTYPE=ANALOG
A 15 230 10 0 9 3 #=7
P 18 170 20 150 20 0 3 0
L 145 20 10 0 8 0 1 0 GND2
A 150 25 10 0 2 0 PINTYPE=POWER
A 155 20 10 0 3 3 #=31
P 19 170 140 150 140 0 3 0
L 145 140 10 0 8 0 1 0 SFOUT1_3L
A 150 145 10 0 2 0 PINTYPE=IN
A 155 140 10 0 3 3 #=30
P 20 170 30 150 30 0 3 0
L 145 30 10 0 8 0 1 0 GND1
A 150 35 10 0 2 0 PINTYPE=POWER
A 155 30 10 0 3 3 #=8
P 21 170 90 150 90 0 3 0
L 145 90 10 0 8 0 1 0 INC
A 155 90 10 0 3 3 #=20
A 150 95 10 0 2 0 PINTYPE=IN
P 22 170 80 150 80 0 3 0
L 145 80 10 0 8 0 1 0 DEC
A 150 85 10 0 2 0 PINTYPE=IN
A 155 80 10 0 3 3 #=19
P 23 170 110 150 110 0 3 0
L 145 110 10 0 8 0 1 0 LOL
A 155 110 10 0 3 3 #=18
A 150 115 10 0 2 0 PINTYPE=OUT
P 24 0 200 20 200 0 2 0
L 25 200 10 0 2 0 1 0 CKIN_N
A 20 205 10 0 8 0 PINTYPE=IN
A 15 200 10 0 9 3 #=17
P 25 0 210 20 210 0 2 0
L 25 210 10 0 2 0 1 0 CKIN_P
A 15 210 10 0 9 3 #=16
A 20 215 10 0 8 0 PINTYPE=IN
P 26 0 170 20 170 0 2 0
L 25 170 10 0 2 0 1 0 RATE1_3L
A 20 175 10 0 8 0 PINTYPE=IN
A 15 170 10 0 9 3 #=15
P 27 0 30 20 30 0 2 0
L 20 30 10 0 2 0 1 0 DBL2_BY_3L
A 15 30 10 0 9 3 #=14
A 20 35 10 0 8 0 PINTYPE=IN
P 28 170 250 150 250 0 3 0
L 145 250 10 0 8 0 1 0 NC4
A 150 255 10 0 2 0 PINTYPE=IN
A 155 250 10 0 3 3 #=13
P 29 170 260 150 260 0 3 0
L 145 260 10 0 8 0 1 0 NC3
A 155 260 10 0 3 3 #=12
A 150 265 10 0 2 0 PINTYPE=IN
P 30 0 180 20 180 0 2 0
L 25 180 10 0 2 0 1 0 RATE0_3L
A 20 185 10 0 8 0 PINTYPE=IN
A 15 180 10 0 9 3 #=11
P 31 170 270 150 270 0 3 0
L 145 270 10 0 8 0 1 0 NC2
A 155 270 10 0 3 3 #=9
A 150 275 10 0 2 0 PINTYPE=BI
P 35 170 240 150 240 0 3 0
L 145 240 10 0 8 0 1 0 NC5
A 150 245 10 0 2 0 PINTYPE=IN
A 155 240 10 0 3 3 #=21
P 36 0 270 20 270 0 2 0
L 25 270 10 0 2 0 1 0 VDD2
A 15 270 10 0 9 3 #=10
A 20 275 10 0 8 0 PINTYPE=POWER
P 37 0 260 20 260 0 2 0
L 25 260 10 0 2 0 1 0 VDD3
A 15 260 10 0 9 3 #=32
A 20 265 10 0 8 0 PINTYPE=POWER
P 38 170 150 150 150 0 3 0
L 145 150 10 0 8 0 1 0 SFOUT0_3L
A 150 155 10 0 2 0 PINTYPE=IN
A 155 150 10 0 3 3 #=33
P 39 170 170 150 170 0 3 0
L 145 170 10 0 8 0 1 0 CKOUT2_N
A 155 170 10 0 3 3 #=34
A 150 175 10 0 2 0 PINTYPE=OUT
P 40 170 180 150 180 0 3 0
L 145 180 10 0 8 0 1 0 CKOUT2_P
A 150 185 10 0 2 0 PINTYPE=OUT
A 155 180 10 0 3 3 #=35
P 41 85 0 85 10 0 1 0
L 85 15 10 3 8 0 1 0 GNDPAD
A 85 10 10 3 3 3 #=37
A 90 9 10 3 2 0 PINTYPE=POWER
E 
