V 51
K 252749899400 si5368
|R 0:44_11-12-10
Y 1
D 0 0 300 800
Z 10
i 128
U 0 -40 10 0 3 0 LEVEL=STD
U 0 -30 10 0 3 0 PARTS=1
P 94 0 550 20 550 0 2 0
A 5 550 10 0 3 3 #=68
A 0 550 10 0 3 0 PINTYPE=IN
L 30 545 10 0 3 0 1 0 A0
P 97 0 560 20 560 0 2 0
A 5 560 10 0 3 3 #=69
A 0 560 10 0 3 0 PINTYPE=IN
L 30 555 10 0 3 0 1 0 A1
P 98 0 570 20 570 0 2 0
A 5 570 10 0 3 3 #=70
A 0 570 10 0 3 0 PINTYPE=IN
L 30 565 10 0 3 0 1 0 A2_SS
P 115 300 300 280 300 0 3 0
L 230 295 10 0 3 0 1 0 C1B
A 290 300 10 0 9 3 #=9
A 300 300 10 0 9 0 PINTYPE=OUT
P 117 300 290 280 290 0 3 0
L 230 285 10 0 3 0 1 0 C2B
A 290 290 10 0 9 3 #=10
A 300 290 10 0 9 0 PINTYPE=OUT
P 118 300 280 280 280 0 3 0
L 230 275 10 0 3 0 1 0 C3B
A 290 280 10 0 9 3 #=11
A 300 280 12 0 9 0 PINTYPE=OUT
P 4 0 510 20 510 0 2 0
A 5 510 10 0 3 3 #=44
A 0 510 10 0 3 0 PINTYPE=IN
L 30 505 10 0 3 0 1 0 CKIN1+
P 6 0 500 20 500 0 2 0
A 5 500 10 0 3 3 #=45
A 0 500 10 0 3 0 PINTYPE=IN
L 30 495 10 0 3 0 1 0 CKIN1-
P 5 0 460 20 460 0 2 0
A 5 460 10 0 3 3 #=34
A 0 460 10 0 3 0 PINTYPE=IN
L 30 455 10 0 3 0 1 0 CKIN2+
P 8 0 450 20 450 0 2 0
A 5 450 10 0 3 3 #=35
A 0 450 10 0 3 0 PINTYPE=IN
L 30 445 10 0 3 0 1 0 CKIN2-
P 7 0 410 20 410 0 2 0
A 5 410 10 0 3 3 #=39
A 0 410 10 0 3 0 PINTYPE=IN
L 30 405 10 0 3 0 1 0 CKIN3+
P 9 0 400 20 400 0 2 0
A 5 400 10 0 3 3 #=40
A 0 400 10 0 3 0 PINTYPE=IN
L 30 395 10 0 3 0 1 0 CKIN3-
P 10 0 360 20 360 0 2 0
A 5 360 10 0 3 3 #=29
A 0 360 10 0 3 0 PINTYPE=IN
L 30 355 10 0 3 0 1 0 CKIN4+
P 12 0 350 20 350 0 2 0
A 5 350 10 0 3 3 #=30
A 0 350 10 0 3 0 PINTYPE=IN
L 30 345 10 0 3 0 1 0 CKIN4-
P 56 300 510 280 510 0 3 0
L 230 505 10 0 3 0 1 0 CKOUT1+
A 290 510 10 0 9 3 #=83
A 300 510 12 0 9 0 PINTYPE=IN
P 57 300 500 280 500 0 3 0
L 230 495 10 0 3 0 1 0 CKOUT1-
A 290 500 10 0 9 3 #=82
A 300 500 10 0 9 0 PINTYPE=IN
P 58 300 460 280 460 0 3 0
L 230 455 10 0 3 0 1 0 CKOUT2+
A 290 460 10 0 9 3 #=92
A 300 460 10 0 9 0 PINTYPE=IN
P 59 300 450 280 450 0 3 0
L 230 445 10 0 3 0 1 0 CKOUT2-
A 290 450 10 0 9 3 #=93
A 300 450 10 0 9 0 PINTYPE=IN
P 60 300 410 280 410 0 3 0
L 230 405 10 0 3 0 1 0 CKOUT3+
A 290 410 10 0 9 3 #=77
A 300 410 10 0 9 0 PINTYPE=IN
P 107 300 400 280 400 0 3 0
L 230 395 10 0 3 0 1 0 CKOUT3-
A 290 400 10 0 9 3 #=78
A 300 400 10 0 9 0 PINTYPE=IN
P 112 300 360 280 360 0 3 0
L 230 355 10 0 3 0 1 0 CKOUT4+
A 290 360 10 0 9 3 #=98
A 300 360 10 0 9 0 PINTYPE=IN
P 108 300 350 280 350 0 3 0
L 230 345 10 0 3 0 1 0 CKOUT4-
A 290 350 10 0 9 3 #=97
A 300 350 10 0 9 0 PINTYPE=IN
P 14 0 680 20 680 0 2 0
A 5 680 10 0 3 3 #=54
A 0 680 10 0 3 0 PINTYPE=IN
L 30 675 10 0 3 0 1 0 DEC
P 3 0 660 20 660 0 2 0
A 5 660 10 0 3 3 #=21
A 0 660 10 0 3 0 PINTYPE=IN
L 30 655 10 0 3 0 1 0 FS_ALIGN
P 109 300 550 280 550 0 3 0
L 230 545 10 0 3 0 1 0 FS_OUT+
A 290 550 10 0 9 3 #=88
A 300 550 10 0 9 0 PINTYPE=IN
P 75 300 540 280 540 0 3 0
L 230 535 10 0 3 0 1 0 FS_OUT-
A 290 540 10 0 9 3 #=87
A 300 540 10 0 9 0 PINTYPE=IN
P 119 300 210 280 210 0 3 0
L 190 205 10 0 3 0 0 0 GND1
A 290 210 10 0 9 3 #=7
A 300 210 10 0 9 0 PINTYPE=IN
P 70 300 120 280 120 0 3 0
L 190 115 10 0 3 0 0 0 GND10
A 290 120 10 0 9 3 #=36
A 300 120 10 0 9 0 PINTYPE=IN
P 63 300 110 280 110 0 3 0
L 190 105 10 0 3 0 0 0 GND11
A 290 110 10 0 9 3 #=38
A 300 110 10 0 9 0 PINTYPE=IN
P 64 300 100 280 100 0 3 0
L 190 95 10 0 3 0 0 0 GND12
A 290 100 10 0 9 3 #=41
A 300 100 12 0 9 0 PINTYPE=IN
P 65 300 90 280 90 0 3 0
L 190 85 10 0 3 0 0 0 GND13
A 290 90 10 0 9 3 #=43
A 300 90 10 0 9 0 PINTYPE=IN
P 66 300 80 280 80 0 3 0
L 190 75 10 0 3 0 0 0 GND14
A 290 80 10 0 9 3 #=46
A 300 80 10 0 9 0 PINTYPE=IN
P 61 300 70 280 70 0 3 0
L 190 65 10 0 3 0 0 0 GND15
A 290 70 10 0 9 3 #=64
A 300 70 10 0 9 0 PINTYPE=IN
P 62 300 60 280 60 0 3 0
L 190 55 10 0 3 0 0 0 GND16
A 290 60 10 0 9 3 #=65
A 300 60 10 0 9 0 PINTYPE=IN
P 120 300 200 280 200 0 3 0
L 190 195 10 0 3 0 0 0 GND2
A 290 200 10 0 9 3 #=8
A 300 200 10 0 9 0 PINTYPE=IN
P 74 300 190 280 190 0 3 0
L 190 185 10 0 3 0 0 0 GND3
A 290 190 10 0 9 3 #=14
A 300 190 10 0 9 0 PINTYPE=IN
P 71 300 180 280 180 0 3 0
L 190 175 10 0 3 0 0 0 GND4
A 290 180 10 0 9 3 #=18
A 300 180 10 0 9 0 PINTYPE=IN
P 72 300 170 280 170 0 3 0
L 190 165 10 0 3 0 0 0 GND5
A 290 170 10 0 9 3 #=19
A 300 170 10 0 9 0 PINTYPE=IN
P 73 300 160 280 160 0 3 0
L 190 155 10 0 3 0 0 0 GND6
A 290 160 10 0 9 3 #=26
A 300 160 10 0 9 0 PINTYPE=IN
P 67 300 150 280 150 0 3 0
L 190 145 10 0 3 0 0 0 GND7
A 290 150 10 0 9 3 #=28
A 300 150 10 0 9 0 PINTYPE=IN
P 68 300 140 280 140 0 3 0
L 190 135 10 0 3 0 0 0 GND8
A 290 140 10 0 9 3 #=31
A 300 140 12 0 9 0 PINTYPE=IN
P 69 300 130 280 130 0 3 0
L 190 125 10 0 3 0 0 0 GND9
A 290 130 10 0 9 3 #=33
A 300 130 10 0 9 0 PINTYPE=IN
P 55 300 50 280 50 0 3 0
L 230 45 10 0 3 0 1 0 GND_PAD
A 300 50 10 0 9 3 #=101
A 300 50 10 0 9 0 PINTYPE=IN
P 16 0 670 20 670 0 2 0
A 5 670 10 0 3 3 #=55
A 0 670 10 0 3 0 PINTYPE=IN
L 30 665 10 0 3 0 1 0 INC
P 114 300 320 280 320 0 3 0
L 230 315 10 0 3 0 1 0 INT_ALM
A 290 320 10 0 9 3 #=12
A 300 320 10 0 9 0 PINTYPE=OUT
P 111 300 330 280 330 0 3 0
L 230 325 10 0 3 0 1 0 LOL
A 290 330 10 0 9 3 #=49
A 300 330 12 0 9 0 PINTYPE=IN
P 93 0 330 20 330 0 2 0
A 5 330 10 0 3 3 #=1
A 0 330 10 0 3 0 PINTYPE=IN
L 30 325 10 0 3 0 1 0 NC_01
P 96 0 320 20 320 0 2 0
A 5 320 10 0 3 3 #=2
A 0 320 10 0 3 0 PINTYPE=IN
L 30 315 10 0 3 0 1 0 NC_02
P 99 0 310 20 310 0 2 0
A 5 310 10 0 3 3 #=4
A 0 310 10 0 3 0 PINTYPE=IN
L 30 305 10 0 3 0 1 0 NC_03
P 100 0 300 20 300 0 2 0
A 5 300 10 0 3 3 #=20
A 0 300 10 0 3 0 PINTYPE=IN
L 30 295 10 0 3 0 1 0 NC_04
P 91 0 290 20 290 0 2 0
A 5 290 10 0 3 3 #=22
A 0 290 10 0 3 0 PINTYPE=IN
L 30 285 10 0 3 0 1 0 NC_05
P 92 0 280 20 280 0 2 0
A 5 280 10 0 3 3 #=23
A 0 280 10 0 3 0 PINTYPE=IN
L 30 275 10 0 3 0 1 0 NC_06
P 101 0 270 20 270 0 2 0
A 5 270 10 0 3 3 #=24
A 0 270 10 0 3 0 PINTYPE=IN
L 30 265 10 0 3 0 1 0 NC_07
P 102 0 260 20 260 0 2 0
A 5 260 10 0 3 3 #=25
A 0 260 10 0 3 0 PINTYPE=IN
L 30 255 10 0 3 0 1 0 NC_08
P 89 0 250 20 250 0 2 0
A 5 250 10 0 3 3 #=37
A 0 250 10 0 3 0 PINTYPE=IN
L 30 245 10 0 3 0 1 0 NC_09
P 90 0 240 20 240 0 2 0
A 5 240 10 0 3 3 #=47
A 0 240 10 0 3 0 PINTYPE=IN
L 30 235 10 0 3 0 1 0 NC_10
P 103 0 230 20 230 0 2 0
A 5 230 10 0 3 3 #=48
A 0 230 10 0 3 0 PINTYPE=IN
L 30 225 10 0 3 0 1 0 NC_11
P 104 0 220 20 220 0 2 0
A 5 220 10 0 3 3 #=50
A 0 220 10 0 3 0 PINTYPE=IN
L 30 215 10 0 3 0 1 0 NC_12
P 105 0 210 20 210 0 2 0
A 5 210 10 0 3 3 #=51
A 0 210 10 0 3 0 PINTYPE=IN
L 30 205 10 0 3 0 1 0 NC_13
P 106 0 200 20 200 0 2 0
A 5 200 10 0 3 3 #=52
A 0 200 10 0 3 0 PINTYPE=IN
L 30 195 10 0 3 0 1 0 NC_14
P 87 0 190 20 190 0 2 0
A 5 190 10 0 3 3 #=53
A 0 190 10 0 3 0 PINTYPE=IN
L 30 185 10 0 3 0 1 0 NC_15
P 88 0 180 20 180 0 2 0
A 5 180 10 0 3 3 #=56
A 0 180 10 0 3 0 PINTYPE=IN
L 30 175 10 0 3 0 1 0 NC_16
P 85 0 170 20 170 0 2 0
A 5 170 10 0 3 3 #=66
A 0 170 10 0 3 0 PINTYPE=IN
L 30 165 10 0 3 0 1 0 NC_17
P 86 0 160 20 160 0 2 0
A 5 160 10 0 3 3 #=67
A 0 160 10 0 3 0 PINTYPE=IN
L 30 155 10 0 3 0 1 0 NC_18
P 83 0 150 20 150 0 2 0
A 5 150 10 0 3 3 #=72
A 0 150 10 0 3 0 PINTYPE=IN
L 30 145 10 0 3 0 1 0 NC_19
P 84 0 140 20 140 0 2 0
A 5 140 10 0 3 3 #=73
A 0 140 10 0 3 0 PINTYPE=IN
L 30 135 10 0 3 0 1 0 NC_20
P 81 0 130 20 130 0 2 0
A 5 130 10 0 3 3 #=74
A 0 130 10 0 3 0 PINTYPE=IN
L 30 125 10 0 3 0 1 0 NC_21
P 82 0 120 20 120 0 2 0
A 5 120 10 0 3 3 #=75
A 0 120 10 0 3 0 PINTYPE=IN
L 30 115 10 0 3 0 1 0 NC_22
P 79 0 110 20 110 0 2 0
A 5 110 10 0 3 3 #=80
A 0 110 10 0 3 0 PINTYPE=IN
L 30 105 10 0 3 0 1 0 NC_23
P 80 0 100 20 100 0 2 0
A 5 100 10 0 3 3 #=85
A 0 100 10 0 3 0 PINTYPE=IN
L 30 95 10 0 3 0 1 0 NC_24
P 77 0 90 20 90 0 2 0
A 5 90 10 0 3 3 #=95
A 0 90 10 0 3 0 PINTYPE=IN
L 30 85 10 0 3 0 1 0 NC_25
P 11 0 650 20 650 0 2 0
A 5 650 10 0 3 3 #=32
A 0 650 10 0 3 0 PINTYPE=IN
L 30 645 10 0 3 0 1 0 RATE0
P 13 0 640 20 640 0 2 0
A 5 640 10 0 3 3 #=42
A 0 640 10 0 3 0 PINTYPE=IN
L 30 635 10 0 3 0 1 0 RATE1
P 30 0 600 20 600 0 2 0
A 5 600 10 0 3 3 #=60
A 0 600 10 0 3 0 PINTYPE=IN
L 30 595 10 0 3 0 1 0 SCL
P 95 0 590 20 590 0 2 0
A 5 590 10 0 3 3 #=61
A 0 590 10 0 3 0 PINTYPE=IN
L 30 585 10 0 3 0 1 0 SDA_SDO
P 29 0 610 20 610 0 2 0
A 5 610 10 0 3 3 #=71
A 0 610 10 0 3 0 PINTYPE=IN
L 30 605 10 0 3 0 1 0 SDI
P 76 300 260 280 260 0 3 0
L 295 260 10 0 3 0 0 0 VCC33C
A 290 260 10 0 9 3 #=58
A 300 260 10 0 9 0 PINTYPE=IN
P 110 300 250 280 250 0 3 0
L 295 250 10 0 3 0 0 0 VCC33D
A 290 250 10 0 9 3 #=59
A 300 250 10 0 9 0 PINTYPE=IN
P 31 300 750 280 750 0 3 0
L 295 750 10 0 3 0 0 0 VDD1
A 290 750 10 0 9 3 #=5
A 300 750 10 0 9 0 PINTYPE=IN
P 40 300 660 280 660 0 3 0
L 295 660 10 0 3 0 0 0 VDD10
A 290 660 10 0 9 3 #=84
A 300 660 10 0 9 0 PINTYPE=IN
P 41 300 650 280 650 0 3 0
L 295 650 10 0 3 0 0 0 VDD11
A 290 650 10 0 9 3 #=86
A 300 650 10 0 9 0 PINTYPE=IN
P 42 300 640 280 640 0 3 0
L 295 640 10 0 3 0 0 0 VDD12
A 290 640 10 0 9 3 #=89
A 300 640 10 0 9 0 PINTYPE=IN
P 43 300 630 280 630 0 3 0
L 190 625 10 0 3 0 0 0 VDD13
A 290 630 10 0 9 3 #=91
A 300 630 10 0 9 0 PINTYPE=IN
P 46 300 620 280 620 0 3 0
L 190 615 10 0 3 0 0 0 VDD14
A 290 620 10 0 9 3 #=94
A 300 620 12 0 9 0 PINTYPE=IN
P 44 300 610 280 610 0 3 0
L 190 605 10 0 3 0 0 0 VDD15
A 290 610 10 0 9 3 #=96
A 300 610 10 0 9 0 PINTYPE=IN
P 45 300 600 280 600 0 3 0
L 190 595 10 0 3 0 0 0 VDD16
A 290 600 10 0 9 3 #=99
A 300 600 10 0 9 0 PINTYPE=IN
P 50 300 590 280 590 0 3 0
L 295 590 10 0 3 0 0 0 VDD17
A 300 590 10 0 9 3 #=100
A 300 590 10 0 9 0 PINTYPE=IN
P 32 300 740 280 740 0 3 0
L 295 740 10 0 3 0 0 0 VDD2
A 290 740 10 0 9 3 #=6
A 300 740 10 0 9 0 PINTYPE=IN
P 33 300 730 280 730 0 3 0
L 295 730 10 0 3 0 0 0 VDD3
A 290 730 10 0 9 3 #=15
A 300 730 10 0 9 0 PINTYPE=IN
P 34 300 720 280 720 0 3 0
L 295 720 10 0 3 0 0 0 VDD4
A 290 720 10 0 9 3 #=27
A 300 720 10 0 9 0 PINTYPE=IN
P 35 300 710 280 710 0 3 0
L 295 710 10 0 3 0 0 0 VDD5
A 290 710 10 0 9 3 #=62
A 300 710 10 0 9 0 PINTYPE=IN
P 36 300 700 280 700 0 3 0
L 295 700 10 0 3 0 0 0 VDD6
A 290 700 10 0 9 3 #=63
A 300 700 12 0 9 0 PINTYPE=IN
P 37 300 690 280 690 0 3 0
L 295 690 10 0 3 0 0 0 VDD7
A 290 690 10 0 9 3 #=76
A 300 690 10 0 9 0 PINTYPE=IN
P 38 300 680 280 680 0 3 0
L 295 680 10 0 3 0 0 0 VDD8
A 290 680 10 0 9 3 #=79
A 300 680 10 0 9 0 PINTYPE=IN
P 39 300 670 280 670 0 3 0
L 295 670 10 0 3 0 0 0 VDD9
A 290 670 10 0 9 3 #=81
A 300 670 10 0 9 0 PINTYPE=IN
P 1 0 750 20 750 0 2 0
A 5 750 10 0 3 3 #=16
A 0 750 10 0 3 0 PINTYPE=IN
L 30 745 10 0 3 0 1 0 XA
P 2 0 740 20 740 0 2 0
A 5 740 10 0 3 3 #=17
A 0 740 10 0 3 0 PINTYPE=IN
L 30 735 10 0 3 0 1 0 XB
T 230 255 10 0 3 C1A
Q 15 0 0
T 230 245 10 0 3 C2A
Q 15 0 0
U 250 10 10 0 3 3 PKG_TYPE=TQFP-100
U 0 -50 10 0 3 0 VALUE=VALUE
U 20 780 10 0 3 3 DEVICE=SI5368
U 25 0 16 0 3 3 REFDES=U?
T 230 735 10 0 3 VDD2
Q 15 0 0
T 230 725 10 0 3 VDD3
Q 15 0 0
T 230 715 10 0 3 VDD4
Q 15 0 0
T 230 705 10 0 3 VDD5
Q 15 0 0
T 230 695 10 0 3 VDD6
Q 15 0 0
T 230 685 10 0 3 VDD7
Q 15 0 0
T 230 675 10 0 3 VDD8
Q 15 0 0
T 230 665 10 0 3 VDD9
Q 15 0 0
T 230 655 10 0 3 VDD10
Q 15 0 0
T 230 645 10 0 3 VDD11
Q 15 0 0
T 230 635 10 0 3 VDD12
Q 15 0 0
T 230 615 10 0 3 VDD14
Q 15 0 0
T 230 625 10 0 3 VDD13
Q 15 0 0
T 230 605 10 0 3 VDD15
Q 15 0 0
T 230 595 10 0 3 VDD16
Q 15 0 0
T 230 585 10 0 3 VDD17
Q 15 0 0
P 15 0 50 20 50 0 2 0
A 5 50 10 0 3 3 #=90
A 0 50 10 0 3 0 PINTYPE=IN
L 30 45 10 0 3 0 1 0 CMODE
P 78 0 70 20 70 0 2 0
A 10 70 10 0 3 3 #=3
A 0 70 10 0 3 0 PINTYPE=IN
L 30 65 10 0 3 0 1 0 RST_N
T 230 745 10 0 3 VDD1
Q 15 0 0
P 113 300 230 280 230 0 3 0
L 230 225 10 0 3 0 1 0 CS1_C4A
A 290 230 10 0 9 3 #=57
A 300 230 10 0 9 0 PINTYPE=IN
P 116 300 240 280 240 0 3 0
L 230 235 10 0 3 0 1 0 CS0_C3A
A 290 240 10 0 9 3 #=13
A 300 240 10 0 9 0 PINTYPE=IN
T 230 205 10 0 3 GND1
Q 15 0 0
T 230 195 10 0 3 GND2
Q 15 0 0
b 20 20 280 780
T 230 185 10 0 3 GND3
Q 15 0 0
T 230 175 10 0 3 GND4
Q 15 0 0
T 230 165 10 0 3 GND5
Q 15 0 0
T 230 155 10 0 3 GND6
Q 15 0 0
T 230 145 10 0 3 GND7
Q 15 0 0
T 230 135 10 0 3 GND8
Q 15 0 0
T 230 125 10 0 3 GND9
Q 15 0 0
T 230 115 10 0 3 GND10
Q 15 0 0
T 230 105 10 0 3 GND11
Q 15 0 0
T 230 95 10 0 3 GND12
Q 15 0 0
T 230 85 10 0 3 GND13
Q 15 0 0
T 230 75 10 0 3 GND14
Q 15 0 0
T 230 65 10 0 3 GND15
Q 15 0 0
T 230 55 10 0 3 GND16
Q 15 0 0
E
