V 51
K 172299120900 si53301
|R 22:41_1-31-13
Y 1
D 0 0 170 260
Z 10
i 81
U 0 -40 10 0 3 0 LEVEL=STD
U 0 -30 10 0 3 0 PARTS=1
U 20 -5 16 0 3 3 REFDES=U?
U 110 0 10 0 3 3 PKG_TYPE=PKG_TYPE
U 20 250 10 0 3 0 DEVICE=DEVICE
U 0 250 10 0 3 3 VALUE=VALUE
P 69 170 90 150 90 0 3 0
A 150 95 10 0 2 0 PINTYPE=BI
A 150 90 10 0 3 3 #=25
L 150 90 10 0 8 0 1 0 Q4_N
P 70 170 60 150 60 0 3 0
L 150 60 10 0 8 0 1 0 Q5_N
A 150 60 10 0 3 3 #=20
A 150 65 10 0 2 0 PINTYPE=BI
P 71 170 70 150 70 0 3 0
L 150 70 10 0 8 0 1 0 Q5_P
A 150 70 10 0 3 3 #=21
A 150 75 10 0 2 0 PINTYPE=BI
P 46 60 260 60 250 0 0 0
A 50 250 10 1 1 3 #=7
L 65 225 10 1 3 0 1 0 VDD
A 60 250 10 1 1 0 PINTYPE=BI
P 35 170 210 150 210 0 3 0
A 150 215 10 0 2 0 PINTYPE=BI
A 150 210 10 0 3 3 #=4
L 150 210 10 0 8 0 1 0 Q0_N
P 26 170 220 150 220 0 3 0
A 150 225 10 0 2 0 PINTYPE=BI
A 150 220 10 0 3 3 #=5
L 150 220 10 0 8 0 1 0 Q0_P
P 68 170 100 150 100 0 3 0
A 150 105 10 0 2 0 PINTYPE=BI
A 150 100 10 0 3 3 #=26
L 150 100 10 0 8 0 1 0 Q4_P
P 66 170 120 150 120 0 3 0
A 150 125 10 0 2 0 PINTYPE=BI
A 150 120 10 0 3 3 #=27
L 150 120 10 0 8 0 1 0 Q3_N
P 67 170 130 150 130 0 3 0
A 150 135 10 0 2 0 PINTYPE=BI
A 150 130 10 0 3 3 #=28
L 150 130 10 0 8 0 1 0 Q3_P
P 65 170 150 150 150 0 3 0
L 150 150 10 0 8 0 1 0 Q2_N
A 150 150 10 0 3 3 #=29
A 150 155 10 0 2 0 PINTYPE=BI
P 64 170 160 150 160 0 3 0
L 150 160 10 0 8 0 1 0 Q2_P
A 150 160 10 0 3 3 #=30
A 150 165 10 0 2 0 PINTYPE=BI
P 63 170 180 150 180 0 3 0
L 150 180 10 0 8 0 1 0 Q1_N
A 150 180 10 0 3 3 #=31
A 150 185 10 0 2 0 PINTYPE=BI
P 62 170 190 150 190 0 3 0
L 150 190 10 0 8 0 1 0 Q1_P
A 150 190 10 0 3 3 #=32
A 150 195 10 0 2 0 PINTYPE=BI
P 41 80 0 80 10 0 1 0
L 80 35 10 1 8 0 1 0 EPAD
A 80 0 10 1 3 3 #=33
A 85 10 10 3 2 0 PINTYPE=BI
P 42 90 0 90 10 0 1 0
A 95 10 10 3 2 0 PINTYPE=BI
A 90 0 10 1 3 3 #=6
L 90 30 10 1 8 0 1 0 GND
b 20 10 150 250
P 75 170 20 150 20 0 3 0
A 150 20 10 6 1 0 PINTYPE=BI
A 150 20 10 6 1 3 #=17
L 125 25 10 6 3 0 1 0 VREF
P 48 110 260 110 250 0 0 0
L 115 220 10 1 3 0 1 0 VDDOB
A 100 250 10 1 1 3 #=19
A 110 250 10 1 1 0 PINTYPE=BI
P 47 90 260 90 250 0 0 0
A 90 250 10 1 1 0 PINTYPE=BI
A 80 250 10 1 1 3 #=18
L 95 220 10 1 3 0 1 0 VDDOA
P 79 0 180 20 180 0 2 0
L 20 180 10 4 8 0 1 0 CLK1_N
A 20 180 10 4 3 3 #=15
A 20 185 10 4 2 0 PINTYPE=BI
P 78 0 190 20 190 0 2 0
L 20 190 10 4 8 0 1 0 CLK1_P
A 20 190 10 4 3 3 #=14
A 20 195 10 4 2 0 PINTYPE=BI
P 76 0 210 20 210 0 2 0
A 20 215 10 4 2 0 PINTYPE=BI
A 20 210 10 4 3 3 #=11
L 20 210 10 4 8 0 1 0 CLK0_N
P 77 0 220 20 220 0 2 0
A 20 225 10 4 2 0 PINTYPE=BI
A 20 220 10 4 3 3 #=10
L 20 220 10 4 8 0 1 0 CLK0_P
P 21 0 150 20 150 0 2 0
L 20 150 10 4 8 0 1 0 NC1
A 20 150 10 4 3 3 #=9
A 20 155 10 4 2 0 PINTYPE=BI
P 10 0 160 20 160 0 2 0
A 20 165 10 4 2 0 PINTYPE=BI
A 20 160 10 4 3 3 #=1
L 20 160 10 4 8 0 1 0 DIVA
P 80 0 140 20 140 0 2 0
L 20 140 10 4 8 0 1 0 OEA
A 20 140 10 4 3 3 #=12
A 20 145 10 4 2 0 PINTYPE=BI
P 81 0 130 20 130 0 2 0
A 20 135 10 4 2 0 PINTYPE=BI
A 20 130 10 4 3 3 #=13
L 20 130 10 4 8 0 1 0 OEB
P 15 0 120 20 120 0 2 0
A 20 125 10 4 2 0 PINTYPE=BI
A 20 120 10 4 3 3 #=16
L 20 120 10 4 8 0 1 0 NC2
P 74 0 110 20 110 0 2 0
L 20 110 10 4 8 0 1 0 DIVB
A 20 110 10 4 3 3 #=24
A 20 115 10 4 2 0 PINTYPE=BI
P 72 0 60 20 60 0 2 0
L 20 60 10 4 8 0 1 0 SFOUTB_0
A 20 60 10 4 3 3 #=22
A 20 65 10 4 2 0 PINTYPE=BI
P 73 0 50 20 50 0 2 0
L 20 50 10 4 8 0 1 0 SFOUTB_1
A 20 50 10 4 3 3 #=23
A 20 55 10 4 2 0 PINTYPE=BI
P 22 0 20 20 20 0 2 0
A 20 25 10 4 2 0 PINTYPE=BI
A 20 20 10 4 3 3 #=8
L 20 20 10 4 8 0 1 0 CLK_SEL
P 30 0 90 20 90 0 2 0
A 20 95 10 4 2 0 PINTYPE=BI
A 20 90 10 4 3 3 #=3
L 20 90 10 4 8 0 1 0 SFOUTA_0
P 11 0 80 20 80 0 2 0
A 20 85 10 4 2 0 PINTYPE=BI
A 20 80 10 4 3 3 #=2
L 20 80 10 4 8 0 1 0 SFOUTA_1
E
