V 53
K 1375747994 si53340.1
F Case
|R 17:13:14_8-5-13
D 0 164 170 -5
Y 1
Z 10
i 165
U 0 -40 10 0 3 0 LEVEL=STD
U 0 -30 10 0 3 0 PARTS=1
U 20 -5 16 0 3 3 REFDES=U?
U 110 0 10 0 3 3 PKG_TYPE=PKG_TYPE
U 0 150 10 0 3 3 DEVICE=DEVICE
U 0 150 10 0 3 0 VALUE=VALUE
U 0 -5 10 0 1 0 FORWARD_PCB=1
b 20 10 150 150
P 2 170 120 150 120 0 3 0
L 150 120 10 0 8 0 1 0 Q0_P
A 150 125 10 0 2 0 PINTYPE=BI
A 150 120 10 0 3 3 #=9
P 3 170 110 150 110 0 3 0
L 150 110 10 0 8 0 1 0 Q0_N
A 150 115 10 0 2 0 PINTYPE=BI
A 150 110 10 0 3 3 #=10
P 10 0 120 20 120 0 2 0
L 20 120 10 0 2 0 1 0 CLK0_P
A 20 125 10 0 8 0 PINTYPE=BI
A 20 120 10 0 9 3 #=6
P 11 0 110 20 110 0 2 0
L 20 110 10 0 2 0 1 0 CLK0_N
A 20 115 10 0 8 0 PINTYPE=BI
A 20 110 10 0 9 3 #=7
P 21 0 50 20 50 0 2 0
L 20 50 10 0 2 0 1 0 CLK_SEL
A 20 50 10 0 9 3 #=2
A 20 55 10 0 8 0 PINTYPE=BI
P 41 90 0 90 10 0 1 0
L 90 45 10 1 8 0 1 0 GNDPAD
A 90 0 10 1 3 3 #=17
A 95 10 10 3 2 0 PINTYPE=BI
P 42 80 0 80 10 0 1 0
L 80 30 10 1 8 0 1 0 GND
A 85 10 10 3 2 0 PINTYPE=BI
A 80 0 10 1 3 3 #=1
P 44 60 160 60 150 0 0 0
L 60 130 10 1 3 0 1 0 VDD
A 60 150 10 1 1 0 PINTYPE=BI
A 50 150 10 1 1 3 #=5
P 47 120 160 120 150 0 0 0
L 120 125 10 1 3 0 1 0 VREF
A 120 150 10 1 1 0 PINTYPE=BI
A 110 150 10 1 1 3 #=8
P 136 0 90 20 90 0 2 0
L 20 90 10 0 2 0 1 0 CLK1_P
A 20 95 10 0 8 0 PINTYPE=BI
A 20 90 10 0 9 3 #=3
P 140 0 80 20 80 0 2 0
L 20 80 10 0 2 0 1 0 CLK1_N
A 20 85 10 0 8 0 PINTYPE=BI
A 20 80 10 0 9 3 #=4
P 144 170 90 150 90 0 3 0
L 150 90 10 0 8 0 1 0 Q1_P
A 150 95 10 0 2 0 PINTYPE=BI
A 150 90 10 0 3 3 #=11
P 148 170 80 150 80 0 3 0
L 150 80 10 0 8 0 1 0 Q1_N
A 150 85 10 0 2 0 PINTYPE=BI
A 150 80 10 0 3 3 #=12
P 152 170 60 150 60 0 3 0
L 150 60 10 0 8 0 1 0 Q2_P
A 150 65 10 0 2 0 PINTYPE=BI
A 150 60 10 0 3 3 #=13
P 156 170 50 150 50 0 3 0
L 150 50 10 0 8 0 1 0 Q2_N
A 150 55 10 0 2 0 PINTYPE=BI
A 150 50 10 0 3 3 #=14
P 160 170 30 150 30 0 3 0
L 150 30 10 0 8 0 1 0 Q3_P
A 150 35 10 0 2 0 PINTYPE=BI
A 150 30 10 0 3 3 #=15
P 164 170 20 150 20 0 3 0
L 150 20 10 0 8 0 1 0 Q3_N
A 150 25 10 0 2 0 PINTYPE=BI
A 150 20 10 0 3 3 #=16
E 
