V 53
K 1456533838 sn65lvds4.1
F Case
|R 16:43:58_2-26-16
D 0 150 120 0
Y 1
Z 10
i 100
U 0 -40 10 0 3 0 DIST=DIGIKEY
U 0 -20 10 0 3 0 MANF=TI
U 0 -30 10 0 3 0 PARTS=1
U 0 -10 10 0 3 0 LEVEL=STD
U 20 130 10 0 3 3 DEVICE=SN65LVDS4
U 20 0 16 0 3 3 REFDES=U?
U 70 5 10 0 3 3 PKG_TYPE=UQFN_10
U 0 0 10 0 1 0 FORWARD_PCB=1
b 20 20 100 130
c 41 70 4
l 2 45 60 45 100 
l 2 45 100 75 80 
l 2 45 60 75 80 
T 78 95 10 0 3 VCC
Q 15 0 0
|FNTSTL 16777215 0
T 78 105 10 0 3 VDD
Q 15 0 0
|FNTSTL 16777215 0
P 4 0 90 45 90 0 2 0
L 25 95 10 0 2 0 1 0 A
A 55 95 10 0 2 0 PINTYPE=IN
A 14 90 10 0 9 3 #=2
P 7 0 70 37 70 0 2 0
L 25 75 10 0 2 0 1 0 B
A 47 75 10 0 2 0 PINTYPE=IN
A 15 70 10 0 9 3 #=3
P 15 120 80 75 80 0 3 0
L 95 85 10 0 8 0 1 0 R
A 75 90 10 0 2 0 PINTYPE=OUT
A 106 80 10 0 3 3 #=8
P 30 120 100 100 100 0 3 0
L 115 100 10 0 3 0 0 0 VCC2
A 120 100 10 0 9 0 PINTYPE=IN
A 112 100 10 0 9 3 #=5
P 32 0 50 20 50 0 2 0
L 45 45 10 0 9 0 1 0 NC1
A 0 50 10 0 3 0 PINTYPE=IN
A 8 50 10 0 3 3 #=4
P 35 120 110 100 110 0 3 0
L 115 110 10 0 3 0 0 0 VCC1
A 120 110 10 0 9 0 PINTYPE=IN
A 112 110 10 0 9 3 #=10
P 36 0 40 20 40 0 2 0
L 45 35 10 0 9 0 1 0 NC2
A 0 40 10 0 3 0 PINTYPE=IN
A 8 40 10 0 3 3 #=6
P 38 0 30 20 30 0 2 0
L 25 30 10 0 2 0 1 0 NC3
A -25 5 10 0 3 0 SIGNAL=GND;5
Q 15 0 0
|FNTSTL 16777215 0
A 0 30 10 0 3 0 PINTYPE=IN
A 8 30 10 0 3 3 #=9
P 95 120 50 100 50 0 3 0
L 75 50 10 0 3 0 1 0 GND1
A 120 50 10 0 9 0 PINTYPE=GROUND
A 112 50 10 0 9 3 #=1
P 99 120 40 100 40 0 3 0
L 75 40 10 0 3 0 1 0 GND2
A 120 40 10 0 9 0 PINTYPE=GROUND
A 112 40 10 0 9 3 #=7
E 
