V 51
K 231495943700 sn65mlvd047
|R 5:41_6-8-11
Y 1
D 0 0 140 260
Z 10
i 32
P 31 0 170 20 170 0 2 0
A 10 170 10 0 3 3 #=2
A 0 170 10 0 3 0 PINTYPE=IN
L 30 165 10 0 3 0 1 0 1A
P 30 0 150 20 150 0 2 0
A 10 150 10 0 3 3 #=3
A 0 150 10 0 3 0 PINTYPE=IN
L 30 145 10 0 3 0 1 0 2A
P 29 0 130 20 130 0 2 0
A 10 130 10 0 3 3 #=6
A 0 130 10 0 3 0 PINTYPE=IN
L 30 125 10 0 3 0 1 0 3A
P 28 0 110 20 110 0 2 0
A 10 110 10 0 3 3 #=7
A 0 110 10 0 3 0 PINTYPE=IN
L 30 105 10 0 3 0 1 0 4A
P 27 0 60 20 60 0 2 0
A 10 60 10 0 3 3 #=8
A 0 60 10 0 3 0 PINTYPE=IN
L 30 55 10 0 3 0 1 0 EN_B
P 26 0 40 20 40 0 2 0
A 10 40 10 0 3 3 #=5
A 0 40 10 0 3 0 PINTYPE=IN
L 30 35 10 0 3 0 1 0 GND
P 9 140 210 120 210 0 3 0
A 135 210 10 0 9 3 #=15
A 140 210 10 0 9 0 PINTYPE=OUT
L 100 205 10 0 3 0 1 0 Q1
P 14 140 190 120 190 0 3 0
A 135 190 10 0 9 3 #=16
A 140 190 10 0 9 0 PINTYPE=OUT
L 90 185 10 0 3 0 1 0 Q1_B
P 15 140 170 120 170 0 3 0
A 135 170 10 0 9 3 #=14
A 140 170 10 0 9 0 PINTYPE=OUT
L 100 165 10 0 3 0 1 0 Q2
P 16 140 150 120 150 0 3 0
A 135 150 10 0 9 3 #=13
A 140 150 10 0 9 0 PINTYPE=OUT
L 90 145 10 0 3 0 1 0 Q2_B
P 17 140 130 120 130 0 3 0
A 135 130 10 0 9 3 #=11
A 140 130 10 0 9 0 PINTYPE=OUT
L 100 125 10 0 3 0 1 0 Q3
P 18 140 110 120 110 0 3 0
A 135 110 10 0 9 3 #=12
A 140 110 10 0 9 0 PINTYPE=OUT
L 90 105 10 0 3 0 1 0 Q3_B
P 19 140 90 120 90 0 3 0
A 135 90 10 0 9 3 #=10
A 140 90 10 0 9 0 PINTYPE=OUT
L 100 85 10 0 3 0 1 0 Q4
P 20 140 70 120 70 0 3 0
A 130 70 10 0 9 3 #=9
A 140 70 10 0 9 0 PINTYPE=OUT
L 90 65 10 0 3 0 1 0 Q4_B
P 12 0 220 20 220 0 2 0
A 10 220 10 0 3 3 #=4
A 0 220 10 0 3 0 PINTYPE=IN
L 30 215 10 0 3 0 1 0 VCC
U 0 -70 10 0 3 0 MANF=TEXAS INSTRUMENTS
U 0 -60 10 0 3 0 DIST_P/N=296-20683-5-ND
U 0 -30 10 0 3 0 DIST=DIGIKEY
U 0 -40 10 0 3 0 PKG_TYPE=TSSOP_16
U 0 -20 10 0 3 0 PARTS=1
U 0 -10 10 0 3 0 LEVEL=STD
U 20 245 10 0 3 0 MANF_P/N=SN65MLVD047APW
U 20 0 16 0 3 3 REFDES=U?
U 25 245 10 0 3 3 DEVICE=65MLVD047
b 20 20 120 240
P 32 0 205 20 205 0 2 0
A 10 205 10 0 3 3 #=1
A 0 205 10 0 3 0 PINTYPE=IN
L 30 200 10 0 3 0 1 0 EN
E
