V 53
K 1441225973 SN65DP159RSB.1
F Case
|R 13:32:53_9-2-15
D 0 394 240 0
Y 1
Z 10
i 1039
U 300 50 10 0 3 0 PARTS=1
U 300 40 10 0 3 0 LEVEL=STD
U 40 0 16 0 3 3 REFDES=U?
U 40 380 10 0 3 3 DEVICE=DEVICE
U 155 5 10 0 3 3 PKG_TYPE=PKG_TYPE
U 0 0 10 0 1 0 FORWARD_PCB=1
b 40 20 200 380
P 15 240 50 200 50 0 3 0
L 195 50 10 0 8 0 1 0 GND1
A 205 50 10 0 3 3 #=15
A 255 50 10 0 2 0 PINTYPE=GROUND
P 16 240 40 200 40 0 3 0
L 195 40 10 0 8 0 1 0 GND2
A 205 40 10 0 3 3 #=35
A 255 40 10 0 2 0 PINTYPE=GROUND
P 995 0 50 40 50 0 2 0
L 45 50 10 0 2 0 1 0 HDMI_SEL_B_A1
A -15 50 10 0 2 0 PINTYPE=IN
A 24 50 10 0 3 3 #=23
P 996 240 210 200 210 0 3 0
L 194 210 10 0 8 0 1 0 OUT_CLKP
A 255 210 10 0 8 0 PINTYPE=OUT
A 217 210 10 0 9 3 #=22
P 997 0 180 40 180 0 2 0
L 45 180 10 0 2 0 1 0 HPD_SRC
A -15 180 10 0 8 0 PINTYPE=OUT
A 35 180 10 0 9 3 #=3
P 998 0 240 40 240 0 2 0
L 45 240 10 0 2 0 1 0 IN_D2P
A -15 240 10 0 2 0 PINTYPE=IN
A 29 240 10 0 3 3 #=1
P 999 0 260 40 260 0 2 0
L 45 260 10 0 2 0 1 0 IN_D1P
A -15 260 10 0 8 0 PINTYPE=IN
A 35 260 10 0 9 3 #=4
P 1000 0 250 40 250 0 2 0
L 45 250 10 0 2 0 1 0 IN_D1N
A -15 250 10 0 8 0 PINTYPE=IN
A 35 250 10 0 9 3 #=5
P 1001 0 280 40 280 0 2 0
L 45 280 10 0 2 0 1 0 IN_D0P
A -15 280 10 0 8 0 PINTYPE=IN
A 35 280 10 0 9 3 #=6
P 1002 0 270 40 270 0 2 0
L 45 270 10 0 2 0 1 0 IN_D0N
A -15 270 10 0 8 0 PINTYPE=IN
A 35 270 10 0 9 3 #=7
P 1003 0 80 40 80 0 2 0
L 45 80 10 0 2 0 1 0 I2C_EN_PIN
A -15 80 10 0 8 0 PINTYPE=IN
A 35 80 10 0 9 3 #=8
P 1004 0 210 40 210 0 2 0
L 45 210 10 0 2 0 1 0 IN_CLKP
A -15 210 10 0 8 0 PINTYPE=IN
A 35 210 10 0 9 3 #=9
P 1005 0 200 40 200 0 2 0
L 45 200 10 0 2 0 1 0 IN_CLKN
A -15 200 10 0 8 0 PINTYPE=IN
A 35 200 10 0 9 3 #=10
P 1006 0 370 40 370 0 2 0
L 45 370 10 0 2 0 1 0 VCC1
A -15 370 10 0 8 0 PINTYPE=POWER
A 35 370 10 0 9 3 #=11
P 1007 0 340 40 340 0 2 0
L 45 340 10 0 2 0 1 0 VDD1
A -15 340 10 0 8 0 PINTYPE=POWER
A 35 340 10 0 9 3 #=12
P 1008 0 230 40 230 0 2 0
L 45 230 10 0 2 0 1 0 IN_D2N
A -15 230 10 0 8 0 PINTYPE=BI
A 35 230 10 0 9 3 #=2
P 1009 0 120 40 120 0 2 0
L 45 120 10 0 2 0 1 0 SDA_CTL
A 35 120 10 0 9 3 #=14
A -15 120 10 0 8 0 PINTYPE=BI
P 1010 0 130 40 130 0 2 0
L 45 130 10 0 2 0 1 0 SCL_CTL
A 35 130 10 0 9 3 #=13
A -15 130 10 0 8 0 PINTYPE=IN
P 1011 240 200 200 200 0 3 0
L 194 200 10 0 8 0 1 0 OUT_CLKN
A 255 200 10 0 8 0 PINTYPE=OUT
A 217 211 10 0 7 3 #=21
P 1012 0 320 40 320 0 2 0
L 45 320 10 0 2 0 1 0 VDD3
A 25 320 10 0 3 3 #=20
A -15 320 10 0 2 0 PINTYPE=POWER
P 1013 0 330 40 330 0 2 0
L 45 330 10 0 2 0 1 0 VDD2
A 25 330 10 0 3 3 #=19
A -15 330 10 0 2 0 PINTYPE=POWER
P 1014 0 100 40 100 0 2 0
L 45 100 10 0 2 0 1 0 VSADJ
A 23 100 10 0 3 3 #=18
A -15 100 10 0 2 0 PINTYPE=IN
P 1015 0 60 40 60 0 2 0
L 45 60 10 0 2 0 1 0 EQ_SEL_A0
A 35 60 10 0 9 3 #=17
A -15 60 10 0 8 0 PINTYPE=BI
P 1016 0 70 40 70 0 2 0
L 45 70 10 0 2 0 1 0 PRE_SEL
A 35 70 10 0 9 3 #=16
A -15 70 10 0 8 0 PINTYPE=IN
P 1018 240 280 200 280 0 3 0
L 194 280 10 0 8 0 1 0 OUT_D0P
A 217 291 10 0 7 3 #=25
A 255 280 10 0 8 0 PINTYPE=OUT
P 1019 240 270 200 270 0 3 0
L 194 270 10 0 8 0 1 0 OUT_D0N
A 217 281 10 0 7 3 #=24
A 255 270 10 0 8 0 PINTYPE=OUT
P 1020 240 250 200 250 0 3 0
L 194 250 10 0 8 0 1 0 OUT_D1N
A 255 250 10 0 2 0 PINTYPE=OUT
A 205 250 10 0 3 3 #=26
P 1021 240 260 200 260 0 3 0
L 194 260 10 0 8 0 1 0 OUT_D1P
A 255 260 10 0 2 0 PINTYPE=OUT
A 205 260 10 0 3 3 #=27
P 1022 240 180 200 180 0 3 0
L 194 180 10 0 8 0 1 0 HPD_SNK
A 255 180 10 0 8 0 PINTYPE=IN
A 217 180 10 0 9 3 #=28
P 1023 240 230 200 230 0 3 0
L 194 230 10 0 8 0 1 0 OUT_D2N
A 255 230 10 0 2 0 PINTYPE=OUT
A 205 230 10 0 3 3 #=29
P 1027 0 360 40 360 0 2 0
L 45 360 10 0 2 0 1 0 VCC2
A 35 360 10 0 9 3 #=37
A -15 360 10 0 8 0 PINTYPE=POWER
P 1028 0 160 40 160 0 2 0
L 45 160 10 0 2 0 1 0 SCL_SRC
A 35 160 10 0 9 3 #=38
A -15 160 10 0 8 0 PINTYPE=IN
P 1029 0 150 40 150 0 2 0
L 45 150 10 0 2 0 1 0 SDA_SRC
A 35 150 10 0 9 3 #=39
A -15 150 10 0 8 0 PINTYPE=BI
P 1030 0 300 40 300 0 2 0
L 45 300 10 0 2 0 1 0 VDD5
A 35 300 10 0 9 3 #=40
A -15 300 10 0 8 0 PINTYPE=POWER
P 1031 240 30 200 30 0 3 0
L 195 30 10 0 8 0 1 0 GND_TAB
A 205 30 10 0 3 3 #=41
A 255 30 10 0 2 0 PINTYPE=GROUND
P 1032 240 160 200 160 0 3 0
L 194 160 10 0 8 0 1 0 SCL_SNK
A 206 160 10 0 3 3 #=32
A 255 160 10 0 2 0 PINTYPE=IN
P 1033 240 150 200 150 0 3 0
L 194 150 10 0 8 0 1 0 SDA_SNK
A 206 150 10 0 3 3 #=33
A 255 150 10 0 2 0 PINTYPE=BI
P 1034 240 240 200 240 0 3 0
L 194 240 10 0 8 0 1 0 OUT_D2P
A 217 240 10 0 9 3 #=30
A 255 240 10 0 8 0 PINTYPE=OUT
P 1035 0 30 40 30 0 2 0
L 45 30 10 0 2 0 1 0 OE
A 35 30 10 0 9 3 #=36
A -15 30 10 0 8 0 PINTYPE=IN
P 1037 0 40 40 40 0 2 0
L 45 40 10 0 2 0 1 0 SLEW_CTL
A 35 40 10 0 9 3 #=34
A -15 40 10 0 8 0 PINTYPE=IN
P 1038 0 310 40 310 0 2 0
L 45 310 10 0 2 0 1 0 VDD4
A 35 310 10 0 9 3 #=31
A -15 310 10 0 8 0 PINTYPE=POWER
E 
