V 51
K 99692372590 sn65mlvd2a
|R 18:16_12-2-10
Y 1
D 0 0 120 150
Z 10
i 38
U 0 -50 10 0 3 0 DIST_P/N=296-21313-2-ND
U 0 -40 10 0 3 0 DIST=DIGIKEY
U 0 -20 10 0 3 0 MANF=TI
U 0 -30 10 0 3 0 PARTS=1
U 0 -10 10 0 3 0 LEVEL=STD
U 35 170 10 0 3 0 DEVICE=SN65MLVD2
P 36 120 40 100 40 0 3 0
A 120 40 10 0 9 0 PINTYPE=IN
A 112 40 10 0 9 3 #=5
L 65 35 10 0 3 0 0 0 GND2
U 20 0 16 0 3 3 REFDES=U?
P 32 120 50 100 50 0 3 0
A 120 50 10 0 9 0 PINTYPE=IN
A 112 50 10 0 9 3 #=4
L 65 45 10 0 3 0 0 0 GND1
b 20 20 100 130
l 2 60 61 60 40
c 41 70 4
P 38 120 60 100 60 0 3 0
A 145 35 10 0 9 0 SIGNAL=GND;5
Q 15 0 0
A 120 60 10 0 9 0 PINTYPE=IN
A 112 60 10 0 9 3 #=9
L 78 55 10 0 3 0 1 0 PAD
P 29 0 40 60 40 0 2 0
A 40 40 10 0 3 0 PINTYPE=IN
A 9 40 10 0 3 3 #=2
L 25 40 10 0 3 0 1 0 RE_B
P 30 120 100 100 100 0 3 0
A 120 100 10 0 9 0 PINTYPE=IN
A 112 100 10 0 9 3 #=8
L 115 100 10 0 3 0 0 0 VCC2
P 35 120 110 100 110 0 3 0
A 120 110 10 0 9 0 PINTYPE=IN
A 112 110 10 0 9 3 #=1
L 115 110 10 0 3 0 0 0 VCC1
c 60 65 4
P 7 0 70 37 70 0 2 0
A 47 75 10 0 2 0 PINTYPE=IN
A 15 70 10 0 9 3 #=7
L 25 75 10 0 2 0 1 0 B
P 4 0 90 45 90 0 2 0
A 55 95 10 0 2 0 PINTYPE=IN
A 14 90 10 0 9 3 #=6
L 25 95 10 0 2 0 1 0 A
l 2 45 60 45 100
l 2 45 100 75 80
l 2 45 60 75 80
P 15 120 80 75 80 0 3 0
A 75 90 10 0 2 0 PINTYPE=OUT
A 106 80 10 0 3 3 #=3
L 95 85 10 0 8 0 1 0 R
T 78 45 10 0 3 GND
Q 15 0 0
T 78 35 10 0 3 GND
Q 15 0 0
T 78 95 10 0 3 VCC
Q 15 0 0
T 78 105 10 0 3 VCC
Q 15 0 0
U 70 5 10 0 3 3 PKG_TYPE=SON_8
U 20 130 10 0 3 3 MANF_P/N=SN65MLVD2DRB
E
