V 51
K 109952201000 sn74tvc16222a
|R 23:41_2-25-11
Y 1
D 0 0 180 640
Z 10
i 94
U 0 -90 10 0 3 0 PART_TYPE=IC
U 20 360 10 0 3 0 VALUE=XXXXX
U 20 625 10 0 3 3 DEVICE=XXXXX
P 93 0 25 65 25 0 2 0
A 20 25 10 0 9 3 #=24
A 25 25 10 0 3 0 PINTYPE=BI
L 25 25 10 0 3 0 1 0 A23
P 94 180 25 115 25 0 3 0
A 160 25 10 0 3 3 #=25
A 145 25 10 0 9 0 PINTYPE=BI
L 135 25 10 0 3 0 1 0 B23
P 92 180 50 115 50 0 3 0
A 160 50 10 0 3 3 #=26
A 145 50 10 0 9 0 PINTYPE=BI
L 135 50 10 0 3 0 1 0 B22
P 89 0 75 65 75 0 2 0
A 20 75 10 0 9 3 #=22
A 25 75 10 0 3 0 PINTYPE=BI
L 25 75 10 0 3 0 1 0 A21
P 87 0 100 65 100 0 2 0
A 20 100 10 0 9 3 #=21
A 25 100 10 0 3 0 PINTYPE=BI
L 25 100 10 0 3 0 1 0 A20
P 88 180 100 115 100 0 3 0
A 160 100 10 0 3 3 #=28
A 145 100 10 0 9 0 PINTYPE=BI
L 135 100 10 0 3 0 1 0 B20
P 85 0 125 65 125 0 2 0
A 20 125 10 0 9 3 #=20
A 25 125 10 0 3 0 PINTYPE=BI
L 25 125 10 0 3 0 1 0 A19
P 86 180 125 115 125 0 3 0
A 160 125 10 0 3 3 #=29
A 145 125 10 0 9 0 PINTYPE=BI
L 135 125 10 0 3 0 1 0 B19
P 83 0 150 65 150 0 2 0
A 20 150 10 0 9 3 #=19
A 25 150 10 0 3 0 PINTYPE=BI
L 25 150 10 0 3 0 1 0 A18
P 84 180 150 115 150 0 3 0
A 160 150 10 0 3 3 #=30
A 145 150 10 0 9 0 PINTYPE=BI
L 135 150 10 0 3 0 1 0 B18
P 81 0 175 65 175 0 2 0
A 20 175 10 0 9 3 #=18
A 25 175 10 0 3 0 PINTYPE=BI
L 25 175 10 0 3 0 1 0 A17
P 82 180 175 115 175 0 3 0
A 160 175 10 0 3 3 #=31
A 145 175 10 0 9 0 PINTYPE=BI
L 135 175 10 0 3 0 1 0 B17
P 79 0 200 65 200 0 2 0
A 20 200 10 0 9 3 #=17
A 25 200 10 0 3 0 PINTYPE=BI
L 25 200 10 0 3 0 1 0 A16
P 80 180 200 115 200 0 3 0
A 160 200 10 0 3 3 #=32
A 145 200 10 0 9 0 PINTYPE=BI
L 135 200 10 0 3 0 1 0 B16
P 47 0 550 65 550 0 2 0
A 20 550 10 0 9 3 #=3
A 25 550 10 0 3 0 PINTYPE=BI
L 25 550 10 0 3 0 1 0 A2
P 45 180 550 115 550 0 3 0
A 160 550 10 0 3 3 #=46
A 145 550 10 0 9 0 PINTYPE=BI
L 135 550 10 0 3 0 1 0 B2
P 46 0 525 65 525 0 2 0
A 20 525 10 0 9 3 #=4
A 25 525 10 0 3 0 PINTYPE=BI
L 25 525 10 0 3 0 1 0 A3
P 44 180 525 115 525 0 3 0
A 160 525 10 0 3 3 #=45
A 145 525 10 0 9 0 PINTYPE=BI
L 135 525 10 0 3 0 1 0 B3
P 51 0 500 65 500 0 2 0
A 20 500 10 0 9 3 #=5
A 25 500 10 0 3 0 PINTYPE=BI
L 25 500 10 0 3 0 1 0 A4
P 49 180 500 115 500 0 3 0
A 160 500 10 0 3 3 #=44
A 145 500 10 0 9 0 PINTYPE=BI
L 135 500 10 0 3 0 1 0 B4
P 50 0 475 65 475 0 2 0
A 20 475 10 0 9 3 #=6
A 25 475 10 0 3 0 PINTYPE=BI
L 25 475 10 0 3 0 1 0 A5
P 48 180 475 115 475 0 3 0
A 160 475 10 0 3 3 #=43
A 145 475 10 0 9 0 PINTYPE=BI
L 135 475 10 0 3 0 1 0 B5
P 52 0 450 65 450 0 2 0
L 25 450 10 0 3 0 1 0 A6
A 25 450 10 0 3 0 PINTYPE=BI
A 20 450 10 0 9 3 #=7
P 54 180 450 115 450 0 3 0
L 135 450 10 0 3 0 1 0 B6
A 145 450 10 0 9 0 PINTYPE=BI
A 160 450 10 0 3 3 #=42
P 53 0 425 65 425 0 2 0
L 25 425 10 0 3 0 1 0 A7
A 25 425 10 0 3 0 PINTYPE=BI
A 20 425 10 0 9 3 #=8
P 55 180 425 115 425 0 3 0
L 135 425 10 0 3 0 1 0 B7
A 145 425 10 0 9 0 PINTYPE=BI
A 160 425 10 0 3 3 #=41
P 59 0 400 65 400 0 2 0
A 20 400 10 0 9 3 #=9
A 25 400 10 0 3 0 PINTYPE=BI
L 25 400 10 0 3 0 1 0 A8
P 57 180 400 115 400 0 3 0
A 160 400 10 0 3 3 #=40
A 145 400 10 0 9 0 PINTYPE=BI
L 135 400 10 0 3 0 1 0 B8
P 58 0 375 65 375 0 2 0
A 20 375 10 0 9 3 #=10
A 25 375 10 0 3 0 PINTYPE=BI
L 25 375 10 0 3 0 1 0 A9
P 56 180 375 115 375 0 3 0
A 160 375 10 0 3 3 #=39
A 145 375 10 0 9 0 PINTYPE=BI
L 135 375 10 0 3 0 1 0 B9
P 63 0 350 65 350 0 2 0
A 20 350 10 0 9 3 #=11
A 25 350 10 0 3 0 PINTYPE=BI
L 25 350 10 0 3 0 1 0 A10
P 64 180 350 115 350 0 3 0
A 160 350 10 0 3 3 #=38
A 145 350 10 0 9 0 PINTYPE=BI
L 135 350 10 0 3 0 1 0 B10
P 67 0 325 65 325 0 2 0
A 20 325 10 0 9 3 #=12
A 25 325 10 0 3 0 PINTYPE=BI
L 25 325 10 0 3 0 1 0 A11
P 68 180 325 115 325 0 3 0
A 160 325 10 0 3 3 #=37
A 145 325 10 0 9 0 PINTYPE=BI
L 135 325 10 0 3 0 1 0 B11
P 69 0 300 65 300 0 2 0
A 20 300 10 0 9 3 #=13
A 25 300 10 0 3 0 PINTYPE=BI
L 25 300 10 0 3 0 1 0 A12
P 70 180 300 115 300 0 3 0
A 160 300 10 0 3 3 #=36
A 145 300 10 0 9 0 PINTYPE=BI
L 135 300 10 0 3 0 1 0 B12
P 71 0 275 65 275 0 2 0
A 20 275 10 0 9 3 #=14
A 25 275 10 0 3 0 PINTYPE=BI
L 25 275 10 0 3 0 1 0 A13
P 72 180 275 115 275 0 3 0
A 160 275 10 0 3 3 #=35
A 145 275 10 0 9 0 PINTYPE=BI
L 135 275 10 0 3 0 1 0 B13
P 73 0 250 65 250 0 2 0
A 20 250 10 0 9 3 #=15
A 25 250 10 0 3 0 PINTYPE=BI
L 25 250 10 0 3 0 1 0 A14
P 74 180 250 115 250 0 3 0
A 160 250 10 0 3 3 #=34
A 145 250 10 0 9 0 PINTYPE=BI
L 135 250 10 0 3 0 1 0 B14
P 75 0 225 65 225 0 2 0
A 20 225 10 0 9 3 #=16
A 25 225 10 0 3 0 PINTYPE=BI
L 25 225 10 0 3 0 1 0 A15
P 76 180 225 115 225 0 3 0
A 160 225 10 0 3 3 #=33
A 145 225 10 0 9 0 PINTYPE=BI
L 135 225 10 0 3 0 1 0 B15
P 18 0 575 65 575 0 2 0
L 25 575 10 0 3 0 1 0 A1
A 25 575 10 0 3 0 PINTYPE=BI
A 20 575 10 0 9 3 #=2
P 17 180 575 115 575 0 3 0
L 135 575 10 0 3 0 1 0 B1
A 145 575 10 0 9 0 PINTYPE=BI
A 160 575 10 0 3 3 #=47
l 2 100 35 80 35
Q 14 0 0
l 2 100 25 100 35
Q 14 0 0
l 2 115 25 100 25
Q 14 0 0
l 2 80 25 65 25
Q 14 0 0
l 2 80 25 80 35
Q 14 0 0
l 2 100 60 80 60
Q 14 0 0
l 2 100 50 100 60
Q 14 0 0
l 2 115 50 100 50
Q 14 0 0
l 2 80 50 65 50
Q 14 0 0
l 2 80 50 80 60
Q 14 0 0
l 2 100 65 80 65
Q 14 0 0
l 2 100 85 80 85
Q 14 0 0
l 2 100 75 100 85
Q 14 0 0
l 2 115 75 100 75
Q 14 0 0
l 2 80 75 65 75
Q 14 0 0
l 2 80 75 80 85
Q 14 0 0
l 2 100 90 80 90
Q 14 0 0
l 2 100 110 80 110
Q 14 0 0
l 2 100 100 100 110
Q 14 0 0
l 2 115 100 100 100
Q 14 0 0
l 2 80 100 65 100
Q 14 0 0
l 2 80 100 80 110
Q 14 0 0
l 2 100 115 80 115
Q 14 0 0
l 2 100 135 80 135
Q 14 0 0
l 2 100 125 100 135
Q 14 0 0
l 2 115 125 100 125
Q 14 0 0
l 2 80 125 65 125
Q 14 0 0
l 2 80 125 80 135
Q 14 0 0
l 2 100 140 80 140
Q 14 0 0
l 2 100 160 80 160
Q 14 0 0
l 2 100 150 100 160
Q 14 0 0
l 2 115 150 100 150
Q 14 0 0
l 2 80 150 65 150
Q 14 0 0
l 2 80 150 80 160
Q 14 0 0
l 2 100 165 80 165
Q 14 0 0
l 2 100 185 80 185
Q 14 0 0
l 2 100 175 100 185
Q 14 0 0
l 2 115 175 100 175
Q 14 0 0
l 2 80 175 65 175
Q 14 0 0
l 2 80 175 80 185
Q 14 0 0
l 2 100 190 80 190
Q 14 0 0
l 2 100 210 80 210
Q 14 0 0
l 2 100 200 100 210
Q 14 0 0
l 2 115 200 100 200
Q 14 0 0
l 2 80 200 65 200
Q 14 0 0
l 2 80 200 80 210
Q 14 0 0
l 2 100 215 80 215
Q 14 0 0
l 2 100 235 80 235
Q 14 0 0
l 2 100 225 100 235
Q 14 0 0
l 2 115 225 100 225
Q 14 0 0
l 2 80 225 65 225
Q 14 0 0
l 2 80 225 80 235
Q 14 0 0
l 2 100 240 80 240
Q 14 0 0
l 2 100 260 80 260
Q 14 0 0
l 2 100 250 100 260
Q 14 0 0
l 2 115 250 100 250
Q 14 0 0
l 2 80 250 65 250
Q 14 0 0
l 2 80 250 80 260
Q 14 0 0
l 2 100 265 80 265
Q 14 0 0
l 2 100 285 80 285
Q 14 0 0
l 2 100 275 100 285
Q 14 0 0
l 2 115 275 100 275
Q 14 0 0
l 2 80 275 65 275
Q 14 0 0
l 2 80 275 80 285
Q 14 0 0
l 2 100 290 80 290
Q 14 0 0
l 2 100 310 80 310
Q 14 0 0
l 2 100 300 100 310
Q 14 0 0
l 2 115 300 100 300
Q 14 0 0
l 2 80 300 65 300
Q 14 0 0
l 2 80 300 80 310
Q 14 0 0
l 2 100 315 80 315
Q 14 0 0
l 2 100 335 80 335
Q 14 0 0
l 2 100 325 100 335
Q 14 0 0
l 2 115 325 100 325
Q 14 0 0
l 2 80 325 65 325
Q 14 0 0
l 2 80 325 80 335
Q 14 0 0
l 2 100 340 80 340
Q 14 0 0
l 2 100 360 80 360
Q 14 0 0
l 2 100 350 100 360
Q 14 0 0
l 2 115 350 100 350
Q 14 0 0
l 2 80 350 65 350
Q 14 0 0
l 2 80 350 80 360
Q 14 0 0
l 2 100 365 80 365
Q 14 0 0
l 2 100 385 80 385
Q 14 0 0
l 2 100 375 100 385
Q 14 0 0
l 2 115 375 100 375
Q 14 0 0
l 2 80 375 65 375
Q 14 0 0
l 2 80 375 80 385
Q 14 0 0
l 2 100 390 80 390
Q 14 0 0
l 2 100 410 80 410
Q 14 0 0
l 2 100 400 100 410
Q 14 0 0
l 2 115 400 100 400
Q 14 0 0
l 2 80 400 65 400
Q 14 0 0
l 2 80 400 80 410
Q 14 0 0
l 2 100 415 80 415
Q 14 0 0
l 2 100 435 80 435
Q 14 0 0
l 2 100 425 100 435
Q 14 0 0
l 2 115 425 100 425
Q 14 0 0
l 2 80 425 65 425
Q 14 0 0
l 2 80 425 80 435
Q 14 0 0
l 2 100 440 80 440
Q 14 0 0
l 2 100 460 80 460
Q 14 0 0
l 2 100 450 100 460
Q 14 0 0
l 2 115 450 100 450
Q 14 0 0
l 2 80 450 65 450
Q 14 0 0
l 2 80 450 80 460
Q 14 0 0
l 2 100 465 80 465
Q 14 0 0
l 2 100 485 80 485
Q 14 0 0
l 2 100 475 100 485
Q 14 0 0
l 2 115 475 100 475
Q 14 0 0
l 2 80 475 65 475
Q 14 0 0
l 2 80 475 80 485
Q 14 0 0
l 2 100 490 80 490
Q 14 0 0
l 2 100 510 80 510
Q 14 0 0
l 2 100 500 100 510
Q 14 0 0
l 2 115 500 100 500
Q 14 0 0
l 2 80 500 65 500
Q 14 0 0
l 2 80 500 80 510
Q 14 0 0
l 2 100 515 80 515
Q 14 0 0
l 2 100 535 80 535
Q 14 0 0
l 2 100 525 100 535
Q 14 0 0
l 2 115 525 100 525
Q 14 0 0
l 2 80 525 65 525
Q 14 0 0
l 2 80 525 80 535
Q 14 0 0
l 2 100 540 80 540
Q 14 0 0
l 2 100 560 80 560
Q 14 0 0
l 2 100 550 100 560
Q 14 0 0
l 2 115 550 100 550
Q 14 0 0
l 2 80 550 65 550
Q 14 0 0
l 2 80 550 80 560
Q 14 0 0
l 2 100 565 80 565
Q 14 0 0
l 2 80 575 80 585
Q 14 0 0
l 2 80 575 65 575
Q 14 0 0
l 2 115 575 100 575
Q 14 0 0
l 2 100 575 100 585
Q 14 0 0
l 2 100 585 80 585
Q 14 0 0
P 40 0 610 20 610 0 2 0
A -40 610 10 0 3 0 PINTYPE=IN
A 20 610 10 0 9 3 #=1
L 25 605 10 0 3 1 1 0 GND
P 62 180 610 160 610 0 3 0
L 155 605 10 4 3 0 1 0 GATE
A 160 610 10 4 9 3 #=48
A 220 610 10 4 3 0 PINTYPE=IN
l 2 100 590 80 590
Q 14 0 0
U 20 -10 16 0 3 3 REFDES=U?
U 110 -5 10 0 3 3 PKG_TYPE=XXXXX
P 90 180 75 115 75 0 3 0
A 160 75 10 0 3 3 #=27
A 145 75 10 0 9 0 PINTYPE=BI
L 135 75 10 0 3 0 1 0 B21
b 20 15 160 625
l 2 100 40 80 40
Q 14 0 0
l 2 90 610 90 40
Q 14 0 0
l 2 130 610 90 610
Q 14 0 0
P 91 0 50 65 50 0 2 0
A 20 50 10 0 9 3 #=23
A 25 50 10 0 3 0 PINTYPE=BI
L 25 50 10 0 3 0 1 0 A22
E
