V 53
K 1438025564 SN74LVC07APWR.1
F Case
|R 12:32:44_7-27-15
D 0 200 120 0
Y 1
Z 10
i 21
U 0 -20 10 0 3 0 LEVEL=STD
U 25 180 10 0 3 3 DEVICE=DEVICE
U 20 0 16 0 3 3 REFDES=U?
U 0 -60 10 0 3 0 PARTS=1
U 55 10 10 0 3 3 PKG_TYPE=PKG_TYPE
U 0 0 10 0 1 0 FORWARD_PCB=1
b 20 20 100 180
l 4 55 135 65 140 55 145 55 135 
l 2 65 140 80 140 
l 2 55 140 40 140 
l 2 76 156 76 156 
l 2 57 139 59 139 
l 5 59 140 58 139 57 140 58 141 59 140 
l 4 55 120 65 125 55 130 55 120 
l 2 65 125 80 125 
l 2 55 125 40 125 
l 2 57 124 59 124 
l 5 59 125 58 124 57 125 58 126 59 125 
l 4 55 105 65 110 55 115 55 105 
l 2 65 110 80 110 
l 2 55 110 40 110 
l 2 57 109 59 109 
l 5 59 110 58 109 57 110 58 111 59 110 
l 4 55 90 65 95 55 100 55 90 
l 2 65 95 80 95 
l 2 55 95 40 95 
l 2 57 94 59 94 
l 5 59 95 58 94 57 95 58 96 59 95 
l 4 55 75 65 80 55 85 55 75 
l 2 65 80 80 80 
l 2 55 80 40 80 
l 2 57 79 59 79 
l 5 59 80 58 79 57 80 58 81 59 80 
l 4 55 60 65 65 55 70 55 60 
l 2 65 65 80 65 
l 2 55 65 40 65 
l 2 57 64 59 64 
l 5 59 65 58 64 57 65 58 66 59 65 
P 1 0 140 20 140 0 2 0
L 25 135 10 0 3 0 1 0 1A
A 0 140 10 0 3 0 PINTYPE=IN
A 10 140 10 0 3 3 #=1
P 3 0 125 20 125 0 2 0
L 25 120 10 0 3 0 1 0 2A
A 0 125 10 0 3 0 PINTYPE=IN
A 10 125 10 0 3 3 #=3
P 4 0 110 20 110 0 2 0
L 25 105 10 0 3 0 1 0 3A
A 0 110 10 0 3 0 PINTYPE=IN
A 10 110 10 0 3 3 #=5
P 5 0 95 20 95 0 2 0
L 25 90 10 0 3 0 1 0 4A
A 0 95 10 0 3 0 PINTYPE=IN
A 10 95 10 0 3 3 #=9
P 6 0 80 20 80 0 2 0
L 25 75 10 0 3 0 1 0 5A
A 0 80 10 0 3 0 PINTYPE=IN
A 5 80 10 0 3 3 #=11
P 7 0 65 20 65 0 2 0
L 25 60 10 0 3 0 1 0 6A
A 0 65 10 0 3 0 PINTYPE=IN
A 5 65 10 0 3 3 #=13
P 10 120 140 100 140 0 3 0
L 85 135 10 0 3 0 1 0 1Y
A 120 140 10 0 9 0 PINTYPE=OUT
A 115 140 10 0 9 3 #=2
P 11 120 125 100 125 0 3 0
L 85 120 10 0 3 0 1 0 2Y
A 120 125 10 0 9 0 PINTYPE=OUT
A 115 125 10 0 9 3 #=4
P 12 120 110 100 110 0 3 0
L 85 105 10 0 3 0 1 0 3Y
A 120 110 10 0 9 0 PINTYPE=OUT
A 115 110 10 0 9 3 #=6
P 13 120 95 100 95 0 3 0
L 85 90 10 0 3 0 1 0 4Y
A 120 95 10 0 9 0 PINTYPE=OUT
A 115 95 10 0 9 3 #=8
P 14 120 80 100 80 0 3 0
L 85 75 10 0 3 0 1 0 5Y
A 120 80 10 0 9 0 PINTYPE=OUT
A 115 80 10 0 9 3 #=10
P 15 120 65 100 65 0 3 0
L 85 60 10 0 3 0 1 0 6Y
A 120 65 10 0 9 0 PINTYPE=OUT
A 115 65 10 0 9 3 #=12
P 19 0 160 20 160 0 2 0
L 40 155 10 0 9 0 1 0 VCC
A 0 160 10 0 3 0 PINTYPE=POWER
A 5 160 10 0 3 3 #=14
P 20 120 40 100 40 0 3 0
L 80 35 10 0 3 0 1 0 GND
A 120 40 10 0 9 0 PINTYPE=GROUND
A 115 40 10 0 9 3 #=7
E 
