V 51
K 74614242590 socket_dip14
|R 19:35_12-5-10
Y 1
D 0 0 100 80
Z 10
i 49
U 0 -50 10 0 3 0 MANF=ARIES
U 0 -40 10 0 3 0 DIST_P/N=535-4236-118-14
U 0 -30 10 0 3 0 DIST=MOUSER
U 0 -20 10 0 3 0 MANF_P/N=4236-118-14
U -190 -40 10 0 3 0 LEVEL=STD
U -190 -50 10 0 3 0 PARTS=1
P 49 0 50 20 50 0 2 0
A -30 40 10 0 9 0 PINTYPE=BI
A 15 50 10 0 9 3 #=1
L 25 50 10 0 2 0 1 0 OE_A
P 22 0 30 20 30 0 2 0
L 25 30 10 0 2 1 1 0 GND
A 15 30 10 0 9 3 #=7
A -30 20 10 0 9 0 PINTYPE=BI
P 18 0 40 20 40 0 2 0
L 25 40 10 0 2 0 1 0 OE_B
A 15 40 10 0 9 3 #=4
A -30 30 10 0 9 0 PINTYPE=BI
P 27 100 30 80 30 0 3 0
A 85 30 10 0 3 3 #=8
A 140 25 10 0 3 0 PINTYPE=BI
L 75 30 10 0 8 0 1 0 OUT
P 19 100 50 80 50 0 3 0
A 85 50 10 0 3 3 #=14
A 140 45 10 0 3 0 PINTYPE=BI
L 75 50 10 0 8 0 0 0 VCC_A
P 38 100 40 80 40 0 3 0
A 85 40 10 0 3 3 #=11
A 140 35 10 0 3 0 PINTYPE=BI
L 75 40 10 0 8 0 0 0 VCC_B
b 20 20 80 60
T 58 45 10 0 3 VCC
Q 15 0 0
T 58 35 10 0 3 VCC
Q 15 0 0
U 53 9 10 0 3 3 PKG_TYPE=DIP14
U 16 61 10 0 3 3 DEVICE=DIP14_SOCKET
U 20 0 18 0 3 3 REFDES=X?
E
