V 51
K 397385532300 stg3220
|R 0:50_8-26-10
Y 1
D 0 0 120 60
Z 10
i 13
U 20 -16 16 0 3 3 REFDES=U?
P 10 120 10 100 10 0 3 0
A 265 5 10 4 3 0 PINTYTPE=BI
L 100 5 10 4 3 0 1 0 D2
A 115 10 10 4 3 3 #=6
P 11 120 40 100 40 0 3 0
A 265 35 10 4 3 0 PINTYTPE=BI
L 100 35 10 4 3 0 1 0 1S2
A 115 40 10 4 3 3 #=9
P 13 120 30 100 30 0 3 0
A 115 30 10 4 3 3 #=8
L 100 25 10 4 3 0 1 0 D1
A 265 25 10 4 3 0 PINTYTPE=BI
P 8 0 10 20 10 0 2 0
A 5 10 10 0 3 3 #=5
L 20 5 10 0 3 0 1 0 2S2
A -145 5 10 0 3 0 PINTYTPE=BI
P 3 0 20 20 20 0 2 0
A -145 15 10 0 3 0 PINTYTPE=BI
L 20 15 10 0 3 0 1 0 2S1
A 5 20 10 0 3 3 #=4
P 7 0 30 20 30 0 2 0
A -145 25 10 0 3 0 PINTYTPE=BI
L 20 25 10 0 3 0 1 0 SEL
A 5 30 10 0 3 3 #=3
P 6 0 40 20 40 0 2 0
A 5 40 10 0 3 3 #=2
L 20 35 10 0 3 0 1 0 VCC
A -145 35 10 0 3 0 PINTYTPE=BI
P 2 0 50 20 50 0 2 0
A -145 45 10 0 3 0 PINTYTPE=BI
L 20 45 10 0 3 0 1 0 INT
A 5 50 10 0 3 3 #=1
P 12 120 50 100 50 0 3 0
A 115 50 10 4 3 3 #=10
L 100 45 10 4 3 0 1 0 1S1
A 265 45 10 4 3 0 PINTYTPE=BI
P 9 120 20 100 20 0 3 0
A 115 20 10 4 3 3 #=7
L 100 15 10 4 3 0 1 0 GND
A 265 15 10 4 3 0 PINTYTPE=BI
b 20 0 100 60
U 20 60 10 0 3 0 VALUE=VALUE
U 20 60 10 0 3 3 DEVICE=OSCILLATOR
U 70 -10 10 0 3 3 PKG_TYPE=DIP8
E
