V 53
K 1425402505 stm6601c.1
F Case
|R 9:08:25_3-3-15
D 0 160 150 0
Y 1
Z 10
i 34
U 0 -10 10 0 3 0 VALUE=XXXX
U 0 -40 10 0 3 0 MANF_P/N=XXXX
U 20 0 16 0 3 3 REFDES=U?
U 105 5 10 0 3 3 PKG_TYPE=XXXX
U 20 150 10 0 3 3 DEVICE=XXXX
U 0 0 10 0 1 0 FORWARD_PCB=1
b 20 20 130 150
P 1 0 70 20 70 0 2 0
L 25 65 10 0 3 0 1 0 PB_B
A 0 70 10 0 3 0 PINTYPE=OUT
A 15 70 10 0 9 3 #=6
P 9 150 110 130 110 0 3 0
L 125 110 10 0 8 0 1 0 INT_B
A 150 110 10 0 9 0 PINTYPE=BI
A 135 110 10 0 3 3 #=11
P 10 0 60 20 60 0 2 0
L 25 55 10 0 3 0 1 0 SR_B
A 0 60 10 0 3 0 PINTYPE=IN
A 15 60 10 0 9 3 #=2
P 11 0 90 20 90 0 2 0
L 25 85 10 0 3 0 1 0 PS_HOLD
A 0 90 10 0 3 0 PINTYPE=IN
A 15 90 10 0 9 3 #=4
P 12 0 30 20 30 0 2 0
L 25 25 10 0 3 0 1 0 C_SRD
A 0 30 10 0 3 0 PINTYPE=IN
A 15 30 10 0 9 3 #=5
P 14 0 40 20 40 0 2 0
L 25 35 10 0 3 0 1 0 VREF
A 0 40 10 0 3 0 PINTYPE=OUT
A 15 40 10 0 9 3 #=3
P 17 150 80 130 80 0 3 0
L 125 80 10 0 8 0 1 0 RST_B
A 150 80 10 0 9 0 PINTYPE=BI
A 135 80 10 0 3 3 #=10
P 25 150 120 130 120 0 3 0
L 125 120 10 0 8 0 1 0 EN
A 150 120 10 0 9 0 PINTYPE=POWER
A 135 120 10 0 3 3 #=9
P 28 150 30 130 30 0 3 0
L 125 30 10 0 8 0 1 0 GND
A 150 30 10 0 9 0 PINTYPE=POWER
A 135 30 10 0 3 3 #=12
P 31 0 130 20 130 0 2 0
L 25 125 10 0 3 0 1 0 VCC
A 0 130 10 0 3 0 PINTYPE=IN
A 15 130 10 0 9 3 #=1
P 32 0 110 20 110 0 2 0
L 25 105 10 0 3 0 1 0 VCCLO_B
A 0 110 10 0 3 0 PINTYPE=BI
A 15 110 10 0 9 3 #=7
P 33 150 60 130 60 0 3 0
L 125 60 10 0 8 0 1 0 PB_OUT_B
A 150 60 10 0 9 0 PINTYPE=BI
A 135 60 10 0 3 3 #=8
E 
