V 53
K 1449159744 PCIEX16EDGECON.1
F Case
|R 9:22:24_12-3-15
D -10 240 1380 0
Y 1
Z 10
i 181
U 0 -10 10 0 3 0 DEVICE=PCIEX16EDGECON
U 0 250 10 0 3 0 REFDES=U?
U 0 -30 10 0 3 0 PARTS=1
U 0 -40 10 0 3 0 LEVEL=STD
U 0 -50 10 0 3 0 PKG_TYPE=PCIEX16EDGECON
U -10 0 10 0 1 0 FORWARD_PCB=1
b -10 20 1370 220
b 140 70 150 170
T 130 90 10 1 2 Mechanical Key
P 2 0 0 0 20 0 1 0
L 0 30 10 1 2 0 1 0 PRSNT1N
A 3 15 10 1 9 3 #=A1
A 5 0 10 1 2 0 PINTYPE=BI
P 3 10 0 10 20 0 1 0
L 10 30 10 1 2 0 1 0 +12V_4
A 13 15 10 1 9 3 #=A2
A 15 0 10 1 2 0 PINTYPE=BI
P 4 20 0 20 20 0 1 0
L 20 30 10 1 2 0 1 0 +12V_5
A 23 15 10 1 9 3 #=A3
A 25 0 10 1 2 0 PINTYPE=BI
P 5 40 0 40 20 0 1 0
L 40 30 10 1 2 0 1 0 GND34
A 43 15 10 1 9 3 #=A4
A 45 0 10 1 2 0 PINTYPE=BI
P 6 60 0 60 20 0 1 0
L 60 30 10 1 2 0 1 0 JTAG2/TCK
A 63 15 10 1 9 3 #=A5
A 65 0 10 1 2 0 PINTYPE=BI
P 7 70 0 70 20 0 1 0
L 70 30 10 1 2 0 1 0 JTAG3/TDI
A 73 15 10 1 9 3 #=A6
A 75 0 10 1 2 0 PINTYPE=BI
P 8 80 0 80 20 0 1 0
L 80 30 10 1 2 0 1 0 JTAG4/TDO
A 83 15 10 1 9 3 #=A7
A 85 0 10 1 2 0 PINTYPE=BI
P 9 90 0 90 20 0 1 0
L 90 30 10 1 2 0 1 0 JTAG5/TMS
A 93 15 10 1 9 3 #=A8
A 95 0 10 1 2 0 PINTYPE=BI
P 10 110 0 110 20 0 1 0
L 110 30 10 1 2 0 1 0 +3.3V_2
A 113 15 10 1 9 3 #=A9
A 115 0 10 1 2 0 PINTYPE=BI
P 11 120 0 120 20 0 1 0
L 120 30 10 1 2 0 1 0 +3.3V_3
A 123 15 10 1 9 3 #=A10
A 125 -10 10 1 2 0 PINTYPE=BI
P 12 130 0 130 20 0 1 0
L 130 30 10 1 2 0 1 0 PERSTN
A 133 15 10 1 9 3 #=A11
A 135 -10 10 1 2 0 PINTYPE=BI
P 13 150 0 150 20 0 1 0
L 150 30 10 1 2 0 1 0 GND35
A 153 15 10 1 9 3 #=A12
A 155 -10 10 1 2 0 PINTYPE=BI
P 14 170 0 170 20 0 1 0
L 170 30 10 1 2 0 1 0 REFCLKP
A 173 15 10 1 9 3 #=A13
A 175 -10 10 1 2 0 PINTYPE=BI
P 15 190 0 190 20 0 1 0
L 190 30 10 1 2 0 1 0 REFCLKN
A 193 15 10 1 9 3 #=A14
A 195 -10 10 1 2 0 PINTYPE=BI
P 16 210 0 210 20 0 1 0
L 210 30 10 1 2 0 1 0 GND36
A 213 15 10 1 9 3 #=A15
A 215 -10 10 1 2 0 PINTYPE=BI
P 17 230 0 230 20 0 1 0
L 230 30 10 1 2 0 1 0 DSOP(0)
A 233 15 10 1 9 3 #=A16
A 235 -10 10 1 2 0 PINTYPE=BI
P 18 250 0 250 20 0 1 0
L 250 30 10 1 2 0 1 0 DSON(0)
A 253 15 10 1 9 3 #=A17
A 255 -10 10 1 2 0 PINTYPE=BI
P 19 270 0 270 20 0 1 0
L 270 30 10 1 2 0 1 0 GND37
A 273 15 10 1 9 3 #=A18
A 275 -10 10 1 2 0 PINTYPE=BI
P 20 280 0 280 20 0 1 0
L 280 30 10 1 2 0 1 0 RSVD3
A 283 15 10 1 9 3 #=A19
A 285 -10 10 1 2 0 PINTYPE=BI
P 21 290 0 290 20 0 1 0
L 290 30 10 1 2 0 1 0 GND38
A 293 15 10 1 9 3 #=A20
A 295 -10 10 1 2 0 PINTYPE=BI
P 22 310 0 310 20 0 1 0
L 310 30 10 1 2 0 1 0 DSOP(1)
A 313 15 10 1 9 3 #=A21
A 315 -10 10 1 2 0 PINTYPE=BI
P 23 330 0 330 20 0 1 0
L 330 30 10 1 2 0 1 0 DSON(1)
A 333 15 10 1 9 3 #=A22
A 335 -10 10 1 2 0 PINTYPE=BI
P 24 350 0 350 20 0 1 0
L 350 30 10 1 2 0 1 0 GND39
A 353 15 10 1 9 3 #=A23
A 355 -10 10 1 2 0 PINTYPE=BI
P 25 360 0 360 20 0 1 0
L 360 30 10 1 2 0 1 0 GND40
A 363 15 10 1 9 3 #=A24
A 365 -10 10 1 2 0 PINTYPE=BI
P 26 380 0 380 20 0 1 0
L 380 30 10 1 2 0 1 0 DSOP(2)
A 383 15 10 1 9 3 #=A25
A 385 -10 10 1 2 0 PINTYPE=BI
P 27 400 0 400 20 0 1 0
L 400 30 10 1 2 0 1 0 DSON(2)
A 403 15 10 1 9 3 #=A26
A 405 -10 10 1 2 0 PINTYPE=BI
P 28 420 0 420 20 0 1 0
L 420 30 10 1 2 0 1 0 GND41
A 423 15 10 1 9 3 #=A27
A 425 -10 10 1 2 0 PINTYPE=BI
P 29 430 0 430 20 0 1 0
L 430 30 10 1 2 0 1 0 GND42
A 433 15 10 1 9 3 #=A28
A 435 -10 10 1 2 0 PINTYPE=BI
P 30 450 0 450 20 0 1 0
L 450 30 10 1 2 0 1 0 DSOP(3)
A 453 15 10 1 9 3 #=A29
A 455 -10 10 1 2 0 PINTYPE=BI
P 31 470 0 470 20 0 1 0
L 470 30 10 1 2 0 1 0 DSON(3)
A 473 15 10 1 9 3 #=A30
A 475 -10 10 1 2 0 PINTYPE=BI
P 32 490 0 490 20 0 1 0
L 490 30 10 1 2 0 1 0 GND43
A 493 15 10 1 9 3 #=A31
A 495 -10 10 1 2 0 PINTYPE=BI
P 33 500 0 500 20 0 1 0
L 500 30 10 1 2 0 1 0 RSVD4
A 503 15 10 1 9 3 #=A32
A 505 -10 10 1 2 0 PINTYPE=BI
P 34 510 0 510 20 0 1 0
L 510 30 10 1 2 0 1 0 RSVD5
A 513 15 10 1 9 3 #=A33
A 515 -10 10 1 2 0 PINTYPE=BI
P 35 520 0 520 20 0 1 0
L 520 30 10 1 2 0 1 0 GND44
A 523 15 10 1 9 3 #=A34
A 525 -10 10 1 2 0 PINTYPE=BI
P 36 540 0 540 20 0 1 0
L 540 30 10 1 2 0 1 0 DSOP(4)
A 543 15 10 1 9 3 #=A35
A 545 -10 10 1 2 0 PINTYPE=BI
P 37 560 0 560 20 0 1 0
L 560 30 10 1 2 0 1 0 DSON(4)
A 563 15 10 1 9 3 #=A36
A 565 -10 10 1 2 0 PINTYPE=BI
P 38 580 0 580 20 0 1 0
L 580 30 10 1 2 0 1 0 GND45
A 583 15 10 1 9 3 #=A37
A 585 -10 10 1 2 0 PINTYPE=BI
P 39 590 0 590 20 0 1 0
L 590 30 10 1 2 0 1 0 GND46
A 593 15 10 1 9 3 #=A38
A 595 -10 10 1 2 0 PINTYPE=BI
P 40 610 0 610 20 0 1 0
L 610 30 10 1 2 0 1 0 DSOP(5)
A 613 15 10 1 9 3 #=A39
A 615 -10 10 1 2 0 PINTYPE=BI
P 41 630 0 630 20 0 1 0
L 630 30 10 1 2 0 1 0 DSON(5)
A 633 15 10 1 9 3 #=A40
A 635 -10 10 1 2 0 PINTYPE=BI
P 42 650 0 650 20 0 1 0
L 650 30 10 1 2 0 1 0 GND47
A 653 15 10 1 9 3 #=A41
A 655 -10 10 1 2 0 PINTYPE=BI
P 43 660 0 660 20 0 1 0
L 660 30 10 1 2 0 1 0 GND48
A 663 15 10 1 9 3 #=A42
A 665 -10 10 1 2 0 PINTYPE=BI
P 44 680 0 680 20 0 1 0
L 680 30 10 1 2 0 1 0 DSOP(6)
A 683 15 10 1 9 3 #=A43
A 685 -10 10 1 2 0 PINTYPE=BI
P 45 700 0 700 20 0 1 0
L 700 30 10 1 2 0 1 0 DSON(6)
A 703 15 10 1 9 3 #=A44
A 705 -10 10 1 2 0 PINTYPE=BI
P 46 720 0 720 20 0 1 0
L 720 30 10 1 2 0 1 0 GND49
A 723 15 10 1 9 3 #=A45
A 725 -10 10 1 2 0 PINTYPE=BI
P 47 730 0 730 20 0 1 0
L 730 30 10 1 2 0 1 0 GND50
A 733 15 10 1 9 3 #=A46
A 735 -10 10 1 2 0 PINTYPE=BI
P 48 750 0 750 20 0 1 0
L 750 30 10 1 2 0 1 0 DSOP(7)
A 753 15 10 1 9 3 #=A47
A 755 -10 10 1 2 0 PINTYPE=BI
P 49 770 0 770 20 0 1 0
L 770 30 10 1 2 0 1 0 DSON(7)
A 773 15 10 1 9 3 #=A48
A 775 -10 10 1 2 0 PINTYPE=BI
P 50 790 0 790 20 0 1 0
L 790 30 10 1 2 0 1 0 GND51
A 793 15 10 1 9 3 #=A49
A 795 -10 10 1 2 0 PINTYPE=BI
P 51 800 0 800 20 0 1 0
L 800 30 10 1 2 0 1 0 RSVD6
A 803 15 10 1 9 3 #=A50
A 805 -10 10 1 2 0 PINTYPE=BI
P 52 810 0 810 20 0 1 0
L 810 30 10 1 2 0 1 0 GND52
A 813 15 10 1 9 3 #=A51
A 815 -10 10 1 2 0 PINTYPE=BI
P 53 830 0 830 20 0 1 0
L 830 30 10 1 2 0 1 0 DSOP(8)
A 833 15 10 1 9 3 #=A52
A 835 -10 10 1 2 0 PINTYPE=BI
P 54 850 0 850 20 0 1 0
L 850 30 10 1 2 0 1 0 DSON(8)
A 853 15 10 1 9 3 #=A53
A 855 -10 10 1 2 0 PINTYPE=BI
P 55 870 0 870 20 0 1 0
L 870 30 10 1 2 0 1 0 GND53
A 873 15 10 1 9 3 #=A54
A 875 -10 10 1 2 0 PINTYPE=BI
P 56 880 0 880 20 0 1 0
L 880 30 10 1 2 0 1 0 GND54
A 883 15 10 1 9 3 #=A55
A 885 -10 10 1 2 0 PINTYPE=BI
P 57 900 0 900 20 0 1 0
L 900 30 10 1 2 0 1 0 DSOP(9)
A 903 15 10 1 9 3 #=A56
A 905 -10 10 1 2 0 PINTYPE=BI
P 58 920 0 920 20 0 1 0
L 920 30 10 1 2 0 1 0 DSON(9)
A 923 15 10 1 9 3 #=A57
A 925 -10 10 1 2 0 PINTYPE=BI
P 59 940 0 940 20 0 1 0
L 940 30 10 1 2 0 1 0 GND55
A 943 15 10 1 9 3 #=A58
A 945 -10 10 1 2 0 PINTYPE=BI
P 60 950 0 950 20 0 1 0
L 950 30 10 1 2 0 1 0 GND56
A 953 15 10 1 9 3 #=A59
A 955 -10 10 1 2 0 PINTYPE=BI
P 61 970 0 970 20 0 1 0
L 970 30 10 1 2 0 1 0 DSOP(10)
A 973 15 10 1 9 3 #=A60
A 975 -10 10 1 2 0 PINTYPE=BI
P 62 990 0 990 20 0 1 0
L 990 30 10 1 2 0 1 0 DSON(10)
A 993 15 10 1 9 3 #=A61
A 995 -10 10 1 2 0 PINTYPE=BI
P 63 1010 0 1010 20 0 1 0
L 1010 30 10 1 2 0 1 0 GND57
A 1013 15 10 1 9 3 #=A62
A 1015 -10 10 1 2 0 PINTYPE=BI
P 64 1020 0 1020 20 0 1 0
L 1020 30 10 1 2 0 1 0 GND58
A 1023 15 10 1 9 3 #=A63
A 1025 -10 10 1 2 0 PINTYPE=BI
P 65 1040 0 1040 20 0 1 0
L 1040 30 10 1 2 0 1 0 DSOP(11)
A 1043 15 10 1 9 3 #=A64
A 1045 -10 10 1 2 0 PINTYPE=BI
P 66 1060 0 1060 20 0 1 0
L 1060 30 10 1 2 0 1 0 DSON(11)
A 1063 15 10 1 9 3 #=A65
A 1065 -10 10 1 2 0 PINTYPE=BI
P 67 1080 0 1080 20 0 1 0
L 1080 30 10 1 2 0 1 0 GND59
A 1083 15 10 1 9 3 #=A66
A 1085 -10 10 1 2 0 PINTYPE=BI
P 68 1090 0 1090 20 0 1 0
L 1090 30 10 1 2 0 1 0 GND60
A 1093 15 10 1 9 3 #=A67
A 1095 -10 10 1 2 0 PINTYPE=BI
P 69 1110 0 1110 20 0 1 0
L 1110 30 10 1 2 0 1 0 DSOP(12)
A 1113 15 10 1 9 3 #=A68
A 1115 -10 10 1 2 0 PINTYPE=BI
P 70 1130 0 1130 20 0 1 0
L 1130 30 10 1 2 0 1 0 DSON(12)
A 1133 15 10 1 9 3 #=A69
A 1135 -10 10 1 2 0 PINTYPE=BI
P 71 1150 0 1150 20 0 1 0
L 1150 30 10 1 2 0 1 0 GND61
A 1153 15 10 1 9 3 #=A70
A 1155 -10 10 1 2 0 PINTYPE=BI
P 72 1160 0 1160 20 0 1 0
L 1160 30 10 1 2 0 1 0 GND62
A 1163 15 10 1 9 3 #=A71
A 1165 -10 10 1 2 0 PINTYPE=BI
P 73 1180 0 1180 20 0 1 0
L 1180 30 10 1 2 0 1 0 DSOP(13)
A 1183 15 10 1 9 3 #=A72
A 1185 -10 10 1 2 0 PINTYPE=BI
P 74 1200 0 1200 20 0 1 0
L 1200 30 10 1 2 0 1 0 DSON(13)
A 1203 15 10 1 9 3 #=A73
A 1205 -10 10 1 2 0 PINTYPE=BI
P 75 1220 0 1220 20 0 1 0
L 1220 30 10 1 2 0 1 0 GND63
A 1223 15 10 1 9 3 #=A74
A 1225 -10 10 1 2 0 PINTYPE=BI
P 76 1230 0 1230 20 0 1 0
L 1230 30 10 1 2 0 1 0 GND64
A 1233 15 10 1 9 3 #=A75
A 1235 -10 10 1 2 0 PINTYPE=BI
P 77 1250 0 1250 20 0 1 0
L 1250 30 10 1 2 0 1 0 DSOP(14)
A 1253 15 10 1 9 3 #=A76
A 1255 -10 10 1 2 0 PINTYPE=BI
P 78 1270 0 1270 20 0 1 0
L 1270 30 10 1 2 0 1 0 DSON(14)
A 1273 15 10 1 9 3 #=A77
A 1275 -10 10 1 2 0 PINTYPE=BI
P 79 1290 0 1290 20 0 1 0
L 1290 30 10 1 2 0 1 0 GND65
A 1293 15 10 1 9 3 #=A78
A 1295 -10 10 1 2 0 PINTYPE=BI
P 80 1300 0 1300 20 0 1 0
L 1300 30 10 1 2 0 1 0 GND66
A 1303 15 10 1 9 3 #=A79
A 1305 -10 10 1 2 0 PINTYPE=BI
P 81 1320 0 1320 20 0 1 0
L 1320 30 10 1 2 0 1 0 DSOP(15)
A 1323 15 10 1 9 3 #=A80
A 1325 -10 10 1 2 0 PINTYPE=BI
P 82 1340 0 1340 20 0 1 0
L 1340 30 10 1 2 0 1 0 DSON(15)
A 1343 15 10 1 9 3 #=A81
A 1345 -10 10 1 2 0 PINTYPE=BI
P 83 1360 0 1360 20 0 1 0
L 1360 30 10 1 2 0 1 0 GND67
A 1363 15 10 1 9 3 #=A82
A 1365 -10 10 1 2 0 PINTYPE=BI
P 84 0 240 0 220 0 0 0
L 0 210 10 1 8 0 1 0 +12V_1
A 3 225 10 1 3 3 #=B1
A 5 220 10 1 8 0 PINTYPE=BI
P 85 10 240 10 220 0 0 0
L 10 210 10 1 8 0 1 0 +12V_2
A 13 225 10 1 3 3 #=B2
A 15 220 10 1 8 0 PINTYPE=BI
P 86 20 240 20 220 0 0 0
L 20 210 10 1 8 0 1 0 +12V_3
A 23 225 10 1 3 3 #=B3
A 25 220 10 1 8 0 PINTYPE=BI
P 87 40 240 40 220 0 0 0
L 40 210 10 1 8 0 1 0 GND
A 43 225 10 1 3 3 #=B4
A 45 220 10 1 8 0 PINTYPE=BI
P 88 60 240 60 220 0 0 0
L 60 210 10 1 8 0 1 0 SMCLK
A 63 225 10 1 3 3 #=B5
A 65 220 10 1 8 0 PINTYPE=BI
P 89 70 240 70 220 0 0 0
L 70 210 10 1 8 0 1 0 SMDAT
A 73 225 10 1 3 3 #=B6
A 75 220 10 1 8 0 PINTYPE=BI
P 90 80 240 80 220 0 0 0
L 80 210 10 1 8 0 1 0 GND1
A 83 225 10 1 3 3 #=B7
A 85 220 10 1 8 0 PINTYPE=BI
P 91 90 240 90 220 0 0 0
L 90 210 10 1 8 0 1 0 +3.3V_1
A 93 225 10 1 3 3 #=B8
A 95 220 10 1 8 0 PINTYPE=BI
P 92 100 240 100 220 0 0 0
L 100 210 10 1 8 0 1 0 JTAG1/TRSTN
A 103 225 10 1 3 3 #=B9
A 105 220 10 1 8 0 PINTYPE=BI
P 93 120 240 120 220 0 0 0
L 120 210 10 1 8 0 1 0 3.3VAUX
A 123 225 10 1 3 3 #=B10
A 125 220 10 1 8 0 PINTYPE=BI
P 94 140 240 140 220 0 0 0
L 140 210 10 1 8 0 1 0 WAKEN
A 143 225 10 1 3 3 #=B11
A 145 220 10 1 8 0 PINTYPE=BI
P 95 160 240 160 220 0 0 0
L 160 210 10 1 8 0 1 0 RSVD
A 163 225 10 1 3 3 #=B12
A 165 220 10 1 8 0 PINTYPE=BI
P 96 170 240 170 220 0 0 0
L 170 210 10 1 8 0 1 0 GND2
A 173 225 10 1 3 3 #=B13
A 175 220 10 1 8 0 PINTYPE=BI
P 97 190 240 190 220 0 0 0
L 190 210 10 1 8 0 1 0 DS1P(0)
A 193 225 10 1 3 3 #=B14
A 195 220 10 1 8 0 PINTYPE=BI
P 98 210 240 210 220 0 0 0
L 210 210 10 1 8 0 1 0 DS1N(0)
A 213 225 10 1 3 3 #=B15
A 215 220 10 1 8 0 PINTYPE=BI
P 99 230 240 230 220 0 0 0
L 230 210 10 1 8 0 1 0 GND3
A 233 225 10 1 3 3 #=B16
A 235 220 10 1 8 0 PINTYPE=BI
P 100 240 240 240 220 0 0 0
L 240 210 10 1 8 0 1 0 PRSNTNX1
A 243 225 10 1 3 3 #=B17
A 245 220 10 1 8 0 PINTYPE=BI
P 101 250 240 250 220 0 0 0
L 250 210 10 1 8 0 1 0 GND4
A 253 225 10 1 3 3 #=B18
A 255 220 10 1 8 0 PINTYPE=BI
P 102 270 240 270 220 0 0 0
L 270 210 10 1 8 0 1 0 DS1P(1)
A 273 225 10 1 3 3 #=B19
A 275 220 10 1 8 0 PINTYPE=BI
P 103 290 240 290 220 0 0 0
L 290 210 10 1 8 0 1 0 DS1N(1)
A 293 225 10 1 3 3 #=B20
A 295 220 10 1 8 0 PINTYPE=BI
P 104 310 240 310 220 0 0 0
L 310 210 10 1 8 0 1 0 GND5
A 313 225 10 1 3 3 #=B21
A 315 220 10 1 8 0 PINTYPE=BI
P 105 320 240 320 220 0 0 0
L 320 210 10 1 8 0 1 0 GND6
A 323 225 10 1 3 3 #=B22
A 325 220 10 1 8 0 PINTYPE=BI
P 106 340 240 340 220 0 0 0
L 340 210 10 1 8 0 1 0 DS1P(2)
A 343 225 10 1 3 3 #=B23
A 345 220 10 1 8 0 PINTYPE=BI
P 107 360 240 360 220 0 0 0
L 360 210 10 1 8 0 1 0 DS1N(2)
A 363 225 10 1 3 3 #=B24
A 365 220 10 1 8 0 PINTYPE=BI
P 108 380 240 380 220 0 0 0
L 380 210 10 1 8 0 1 0 GND7
A 383 225 10 1 3 3 #=B25
A 385 220 10 1 8 0 PINTYPE=BI
P 109 390 240 390 220 0 0 0
L 390 210 10 1 8 0 1 0 GND8
A 393 225 10 1 3 3 #=B26
A 395 220 10 1 8 0 PINTYPE=BI
P 110 410 240 410 220 0 0 0
L 410 210 10 1 8 0 1 0 DS1P(3)
A 413 225 10 1 3 3 #=B27
A 415 220 10 1 8 0 PINTYPE=BI
P 111 430 240 430 220 0 0 0
L 430 210 10 1 8 0 1 0 DS1N(3)
A 433 225 10 1 3 3 #=B28
A 435 220 10 1 8 0 PINTYPE=BI
P 112 450 240 450 220 0 0 0
L 450 210 10 1 8 0 1 0 GND9
A 453 225 10 1 3 3 #=B29
A 455 220 10 1 8 0 PINTYPE=BI
P 113 460 240 460 220 0 0 0
L 460 210 10 1 8 0 1 0 RSVD1
A 463 225 10 1 3 3 #=B30
A 465 220 10 1 8 0 PINTYPE=BI
P 114 470 240 470 220 0 0 0
L 470 210 10 1 8 0 1 0 PRSNTNX4
A 473 225 10 1 3 3 #=B31
A 475 220 10 1 8 0 PINTYPE=BI
P 115 480 240 480 220 0 0 0
L 480 210 10 1 8 0 1 0 GND10
A 483 225 10 1 3 3 #=B32
A 485 220 10 1 8 0 PINTYPE=BI
P 116 510 240 510 220 0 0 0
L 510 210 10 1 8 0 1 0 DS1P(4)
A 513 225 10 1 3 3 #=B33
A 515 220 10 1 8 0 PINTYPE=BI
P 117 530 240 530 220 0 0 0
L 530 210 10 1 8 0 1 0 DS1N(4)
A 533 225 10 1 3 3 #=B34
A 535 220 10 1 8 0 PINTYPE=BI
P 118 550 240 550 220 0 0 0
L 550 210 10 1 8 0 1 0 GND11
A 553 225 10 1 3 3 #=B35
A 555 220 10 1 8 0 PINTYPE=BI
P 119 560 240 560 220 0 0 0
L 560 210 10 1 8 0 1 0 GND12
A 563 225 10 1 3 3 #=B36
A 565 220 10 1 8 0 PINTYPE=BI
P 120 580 240 580 220 0 0 0
L 580 210 10 1 8 0 1 0 DS1P(5)
A 583 225 10 1 3 3 #=B37
A 585 220 10 1 8 0 PINTYPE=BI
P 121 600 240 600 220 0 0 0
L 600 210 10 1 8 0 1 0 DS1N(5)
A 603 225 10 1 3 3 #=B38
A 605 220 10 1 8 0 PINTYPE=BI
P 122 620 240 620 220 0 0 0
L 620 210 10 1 8 0 1 0 GND13
A 623 225 10 1 3 3 #=B39
A 625 220 10 1 8 0 PINTYPE=BI
P 123 630 240 630 220 0 0 0
L 630 210 10 1 8 0 1 0 GND14
A 633 225 10 1 3 3 #=B40
A 635 220 10 1 8 0 PINTYPE=BI
P 124 650 240 650 220 0 0 0
L 650 210 10 1 8 0 1 0 DS1P(6)
A 653 225 10 1 3 3 #=B41
A 655 220 10 1 8 0 PINTYPE=BI
P 125 670 240 670 220 0 0 0
L 670 210 10 1 8 0 1 0 DS1N(6)
A 673 225 10 1 3 3 #=B42
A 675 220 10 1 8 0 PINTYPE=BI
P 126 690 240 690 220 0 0 0
L 690 210 10 1 8 0 1 0 GND15
A 693 225 10 1 3 3 #=B43
A 695 220 10 1 8 0 PINTYPE=BI
P 127 700 240 700 220 0 0 0
L 700 210 10 1 8 0 1 0 GND16
A 703 225 10 1 3 3 #=B44
A 705 220 10 1 8 0 PINTYPE=BI
P 128 720 240 720 220 0 0 0
L 720 210 10 1 8 0 1 0 DS1P(7)
A 723 225 10 1 3 3 #=B45
A 725 220 10 1 8 0 PINTYPE=BI
P 129 740 240 740 220 0 0 0
L 740 210 10 1 8 0 1 0 DS1N(7)
A 743 225 10 1 3 3 #=B46
A 745 220 10 1 8 0 PINTYPE=BI
P 130 760 240 760 220 0 0 0
L 760 210 10 1 8 0 1 0 GND17
A 763 225 10 1 3 3 #=B47
A 765 220 10 1 8 0 PINTYPE=BI
P 131 770 240 770 220 0 0 0
L 770 210 10 1 8 0 1 0 PRSNTNX8
A 773 225 10 1 3 3 #=B48
A 775 220 10 1 8 0 PINTYPE=BI
P 132 780 240 780 220 0 0 0
L 780 210 10 1 8 0 1 0 GND18
A 783 225 10 1 3 3 #=B49
A 785 220 10 1 8 0 PINTYPE=BI
P 133 800 240 800 220 0 0 0
L 800 210 10 1 8 0 1 0 DS1P(8)
A 803 225 10 1 3 3 #=B50
A 805 220 10 1 8 0 PINTYPE=BI
P 134 820 240 820 220 0 0 0
L 820 210 10 1 8 0 1 0 DS1N(8)
A 823 225 10 1 3 3 #=B51
A 825 220 10 1 8 0 PINTYPE=BI
P 135 840 240 840 220 0 0 0
L 840 210 10 1 8 0 1 0 GND19
A 843 225 10 1 3 3 #=B52
A 845 220 10 1 8 0 PINTYPE=BI
P 136 850 240 850 220 0 0 0
L 850 210 10 1 8 0 1 0 GND20
A 853 225 10 1 3 3 #=B53
A 855 220 10 1 8 0 PINTYPE=BI
P 137 870 240 870 220 0 0 0
L 870 210 10 1 8 0 1 0 DS1P(9)
A 873 225 10 1 3 3 #=B54
A 875 220 10 1 8 0 PINTYPE=BI
P 138 890 240 890 220 0 0 0
L 890 210 10 1 8 0 1 0 DS1N(9)
A 893 225 10 1 3 3 #=B55
A 895 220 10 1 8 0 PINTYPE=BI
P 139 910 240 910 220 0 0 0
L 910 210 10 1 8 0 1 0 GND21
A 913 225 10 1 3 3 #=B56
A 915 220 10 1 8 0 PINTYPE=BI
P 140 920 240 920 220 0 0 0
L 920 210 10 1 8 0 1 0 GND22
A 923 225 10 1 3 3 #=B57
A 925 220 10 1 8 0 PINTYPE=BI
P 141 940 240 940 220 0 0 0
L 940 210 10 1 8 0 1 0 DS1P(10)
A 943 225 10 1 3 3 #=B58
A 945 220 10 1 8 0 PINTYPE=BI
P 142 960 240 960 220 0 0 0
L 960 210 10 1 8 0 1 0 DS1N(10)
A 963 225 10 1 3 3 #=B59
A 965 220 10 1 8 0 PINTYPE=BI
P 143 980 240 980 220 0 0 0
L 980 210 10 1 8 0 1 0 GND23
A 983 225 10 1 3 3 #=B60
A 985 220 10 1 8 0 PINTYPE=BI
P 144 990 240 990 220 0 0 0
L 990 210 10 1 8 0 1 0 GND24
A 993 225 10 1 3 3 #=B61
A 995 220 10 1 8 0 PINTYPE=BI
P 145 1010 240 1010 220 0 0 0
L 1010 210 10 1 8 0 1 0 DS1P(11)
A 1013 225 10 1 3 3 #=B62
A 1015 220 10 1 8 0 PINTYPE=BI
P 146 1030 240 1030 220 0 0 0
L 1030 210 10 1 8 0 1 0 DS1N(11)
A 1033 225 10 1 3 3 #=B63
A 1035 220 10 1 8 0 PINTYPE=BI
P 147 1050 240 1050 220 0 0 0
L 1050 210 10 1 8 0 1 0 GND25
A 1053 225 10 1 3 3 #=B64
A 1055 220 10 1 8 0 PINTYPE=BI
P 148 1060 240 1060 220 0 0 0
L 1060 210 10 1 8 0 1 0 GND26
A 1063 225 10 1 3 3 #=B65
A 1065 220 10 1 8 0 PINTYPE=BI
P 149 1080 240 1080 220 0 0 0
L 1080 210 10 1 8 0 1 0 DS1P(12)
A 1083 225 10 1 3 3 #=B66
A 1085 220 10 1 8 0 PINTYPE=BI
P 150 1100 240 1100 220 0 0 0
L 1100 210 10 1 8 0 1 0 DS1N(12)
A 1103 225 10 1 3 3 #=B67
A 1105 220 10 1 8 0 PINTYPE=BI
P 151 1120 240 1120 220 0 0 0
L 1120 210 10 1 8 0 1 0 GND27
A 1123 225 10 1 3 3 #=B68
A 1125 220 10 1 8 0 PINTYPE=BI
P 152 1130 240 1130 220 0 0 0
L 1130 210 10 1 8 0 1 0 GND28
A 1133 225 10 1 3 3 #=B69
A 1135 220 10 1 8 0 PINTYPE=BI
P 153 1150 240 1150 220 0 0 0
L 1150 210 10 1 8 0 1 0 DS1P(13)
A 1153 225 10 1 3 3 #=B70
A 1155 220 10 1 8 0 PINTYPE=BI
P 154 1170 240 1170 220 0 0 0
L 1170 210 10 1 8 0 1 0 DS1N(13)
A 1173 225 10 1 3 3 #=B71
A 1175 220 10 1 8 0 PINTYPE=BI
P 155 1190 240 1190 220 0 0 0
L 1190 210 10 1 8 0 1 0 GND29
A 1193 225 10 1 3 3 #=B72
A 1195 220 10 1 8 0 PINTYPE=BI
P 156 1200 240 1200 220 0 0 0
L 1200 210 10 1 8 0 1 0 GND30
A 1203 225 10 1 3 3 #=B73
A 1205 220 10 1 8 0 PINTYPE=BI
P 157 1220 240 1220 220 0 0 0
L 1220 210 10 1 8 0 1 0 DS1P(14)
A 1223 225 10 1 3 3 #=B74
A 1225 220 10 1 8 0 PINTYPE=BI
P 158 1240 240 1240 220 0 0 0
L 1240 210 10 1 8 0 1 0 DS1N(14)
A 1243 225 10 1 3 3 #=B75
A 1245 220 10 1 8 0 PINTYPE=BI
P 159 1260 240 1260 220 0 0 0
L 1260 210 10 1 8 0 1 0 GND31
A 1263 225 10 1 3 3 #=B76
A 1265 220 10 1 8 0 PINTYPE=BI
P 160 1270 240 1270 220 0 0 0
L 1270 210 10 1 8 0 1 0 GND32
A 1273 225 10 1 3 3 #=B77
A 1275 220 10 1 8 0 PINTYPE=BI
P 161 1290 240 1290 220 0 0 0
L 1290 210 10 1 8 0 1 0 DS1P(15)
A 1293 225 10 1 3 3 #=B78
A 1295 220 10 1 8 0 PINTYPE=BI
P 162 1310 240 1310 220 0 0 0
L 1310 210 10 1 8 0 1 0 DS1N(15)
A 1313 225 10 1 3 3 #=B79
A 1315 220 10 1 8 0 PINTYPE=BI
P 163 1330 240 1330 220 0 0 0
L 1330 210 10 1 8 0 1 0 GND33
A 1333 225 10 1 3 3 #=B80
A 1335 220 10 1 8 0 PINTYPE=BI
P 164 1340 240 1340 220 0 0 0
L 1340 210 10 1 8 0 1 0 PRSNTNX16
A 1343 225 10 1 3 3 #=B81
A 1345 220 10 1 8 0 PINTYPE=BI
P 165 1350 240 1350 220 0 0 0
L 1350 210 10 1 8 0 1 0 RSVD2
A 1353 225 10 1 3 3 #=B82
A 1355 220 10 1 8 0 PINTYPE=BI
E 
