V 51
K 10982107090 sw-pbutton
Y 1
D 0 0 90 60
Z 10
i 6
U 0 -30 10 0 3 0 PART_NUMBER=EVQ-11L07K
U 0 -20 10 0 3 0 DEVICE=2800010
U 0 -10 10 0 3 0 PKG_TYPE=SW_PB_6MM
U 0 -50 10 0 3 0 PARTS=1
U 0 -60 10 0 3 0 LEVEL=STD
U 20 -10 10 0 3 3 REFDES=SW?
P 1 90 30 70 30 0 3 0
L 70 20 10 0 3 0 0 0 R1
A 110 30 10 0 3 0 PINTYPE=BI
A 70 30 10 0 3 3 #=1
P 6 0 30 20 30 0 2 0
L 0 15 10 0 3 0 0 0 R2
A -110 30 10 0 3 0 PINTYPE=BI
A 5 30 10 0 3 3 #=2
l 2 60 25 50 30
l 2 50 30 60 35
l 2 60 35 60 25
l 2 55 25 55 25
l 2 55 25 55 25
l 2 55 30 55 30
l 2 45 55 45 55
l 2 40 30 20 30
l 2 70 30 60 30
T 20 40 10 0 3 PB
b 40 20 45 40
Q 2 1 0
b 20 10 70 50
Q 14 0 0
E
