V 51
K 359032368300 sw_dip_5
|R 21:11_12-17-10
Y 1
D -30 0 70 80
Z 10
i 34
U 0 0 9 0 3 0 DEVICE=SW_DIP-5
U 0 0 9 0 3 0 PARTS=1
U 0 0 0 0 3 0 SOURCE_PATH
U 0 -5 16 0 3 3 REFDES=SW?
P 30 70 20 40 20 0 3 0
A 40 -10 9 4 3 0 PINTYPE=OUT
A 45 20 9 4 9 3 #=6
L 35 20 9 4 2 0 0 0 6
P 31 70 30 40 30 0 3 0
L 35 30 9 4 2 0 0 0 7
A 45 30 9 4 9 3 #=7
A 40 0 9 4 3 0 PINTYPE=OUT
P 32 70 40 40 40 0 3 0
L 35 40 9 4 2 0 0 0 8
A 45 40 9 4 9 3 #=8
A 40 0 9 4 3 0 PINTYPE=OUT
P 4 -30 30 0 30 0 2 0
L 5 30 9 0 2 0 0 0 4
A -5 30 9 0 9 3 #=4
A 0 -20 9 0 3 0 PINTYPE=OUT
P 3 -30 40 0 40 0 2 0
L 5 40 9 0 2 0 0 0 3
A -5 40 9 0 9 3 #=3
A 0 -20 9 0 3 0 PINTYPE=OUT
P 2 -30 50 0 50 0 2 0
L 5 50 9 0 2 0 0 0 2
A -5 50 9 0 9 3 #=2
A 0 -20 9 0 3 0 PINTYPE=OUT
P 1 -30 60 0 60 0 2 0
L 5 60 9 0 2 0 0 0 1
A -5 60 9 0 9 3 #=1
A 0 -20 9 0 3 0 PINTYPE=OUT
b 0 10 40 70
l 2 7 22 33 22
Q 9 0 0
l 2 33 22 33 18
Q 9 0 0
l 2 33 18 7 18
Q 9 0 0
l 2 7 18 7 22
Q 9 0 0
l 2 20 22 20 18
Q 9 0 0
l 2 35 68 35 64
Q 9 0 0
l 2 7 62 33 62
Q 9 0 0
l 2 33 62 33 58
Q 9 0 0
l 2 33 58 7 58
Q 9 0 0
l 2 7 58 7 62
Q 9 0 0
l 2 20 62 20 58
Q 9 0 0
l 2 24 65 23 66
Q 9 0 0
l 2 23 66 35 66
Q 9 0 0
l 2 7 52 33 52
Q 9 0 0
l 2 33 52 33 48
Q 9 0 0
l 2 33 48 7 48
Q 9 0 0
l 2 7 48 7 52
Q 9 0 0
l 2 20 52 20 48
Q 9 0 0
l 2 7 42 33 42
Q 9 0 0
l 2 33 42 33 38
Q 9 0 0
l 2 33 38 7 38
Q 9 0 0
l 2 7 38 7 42
Q 9 0 0
l 2 20 42 20 38
Q 9 0 0
l 2 7 32 33 32
Q 9 0 0
l 2 33 32 33 28
Q 9 0 0
l 2 33 28 7 28
Q 9 0 0
l 2 7 28 7 32
Q 9 0 0
l 2 20 32 20 28
Q 9 0 0
P 29 -30 20 0 20 0 2 0
L 5 20 9 0 2 0 0 0 5
A -5 20 9 0 9 3 #=5
A 0 -10 9 0 3 0 PINTYPE=OUT
U 0 70 10 0 3 3 VALUE=VALUE
P 34 70 60 40 60 0 3 0
L 35 60 9 4 2 0 0 0 10
A 45 60 9 4 9 3 #=10
A 40 20 9 4 3 0 PINTYPE=OUT
P 33 70 50 40 50 0 3 0
L 35 50 9 4 2 0 0 0 9
A 45 50 9 4 9 3 #=9
A 40 20 9 4 3 0 PINTYPE=OUT
E
