V 51
K 410065989300 sw_dip_6
|R 16:57_9-20-11
Y 1
D -30 0 70 60
Z 10
i 29
U 0 0 9 0 3 0 DEVICE=DEVICE
U 0 0 9 0 3 0 PARTS=1
U 0 0 0 0 3 0 SOURCE_PATH
U 0 -5 16 0 3 3 REFDES=SW?
P 3 -30 20 0 20 0 2 0
L 5 20 9 0 2 0 0 0 3
A -5 20 9 0 9 3 #=3
A 0 -40 9 0 3 0 PINTYPE=OUT
P 2 -30 30 0 30 0 2 0
L 5 30 9 0 2 0 0 0 2
A -5 30 9 0 9 3 #=2
A 0 -40 9 0 3 0 PINTYPE=OUT
P 1 -30 40 0 40 0 2 0
L 5 40 9 0 2 0 0 0 1
A -5 40 9 0 9 3 #=1
A 0 -40 9 0 3 0 PINTYPE=OUT
P 26 70 30 40 30 0 3 0
L 35 30 9 4 2 0 0 0 7
A 45 30 9 4 9 3 #=5
A 40 0 9 4 3 0 PINTYPE=OUT
P 27 70 20 40 20 0 3 0
A 40 -10 9 4 3 0 PINTYPE=OUT
A 45 20 9 4 9 3 #=4
L 35 20 9 4 2 0 0 0 6
P 25 70 40 40 40 0 3 0
L 35 40 9 4 2 0 0 0 8
A 45 40 9 4 9 3 #=6
A 40 0 9 4 3 0 PINTYPE=OUT
b 0 10 40 50
l 2 7 42 33 42
Q 9 0 0
l 2 33 42 33 38
Q 9 0 0
l 2 33 38 7 38
Q 9 0 0
l 2 7 38 7 42
Q 9 0 0
l 2 20 42 20 38
Q 9 0 0
l 2 24 45 23 46
Q 9 0 0
l 2 7 32 33 32
Q 9 0 0
l 2 33 32 33 28
Q 9 0 0
l 2 33 28 7 28
Q 9 0 0
l 2 7 28 7 32
Q 9 0 0
l 2 20 32 20 28
Q 9 0 0
l 2 7 22 33 22
Q 9 0 0
l 2 33 22 33 18
Q 9 0 0
l 2 33 18 7 18
Q 9 0 0
l 2 7 18 7 22
Q 9 0 0
l 2 20 22 20 18
Q 9 0 0
l 2 23 46 35 46
Q 9 0 0
l 2 35 48 35 44
Q 9 0 0
U 0 50 10 0 3 3 VALUE=VALUE
E
