V 50
K 153165148200 t56gff1924
Y 1
D 0 0 215 1440
Z 10
i 946
b 30 50 185 1390
P 1 0 1320 30 1320 0 2 0
A 25 1320 10 0 9 3 #=J13
L 35 1320 10 0 2 0 1 0 GND_J13
A 25 1320 10 0 9 0 PINTYPE=BI
P 2 0 1310 30 1310 0 2 0
A 25 1310 10 0 9 3 #=J14
L 35 1310 10 0 2 0 1 0 GND_J14
A 25 1310 10 0 9 0 PINTYPE=BI
P 3 0 1300 30 1300 0 2 0
A 25 1300 10 0 9 3 #=J15
L 35 1300 10 0 2 0 1 0 GND_J15
A 25 1300 10 0 9 0 PINTYPE=BI
P 4 0 1290 30 1290 0 2 0
A 25 1290 10 0 9 3 #=J16
L 35 1290 10 0 2 0 1 0 GND_J16
A 25 1290 10 0 9 0 PINTYPE=BI
P 5 0 1280 30 1280 0 2 0
A 25 1280 10 0 9 3 #=J17
L 35 1280 10 0 2 0 1 0 GND_J17
A 25 1280 10 0 9 0 PINTYPE=BI
P 6 0 1270 30 1270 0 2 0
A 25 1270 10 0 9 3 #=J18
L 35 1270 10 0 2 0 1 0 GND_J18
A 25 1270 10 0 9 0 PINTYPE=BI
P 7 0 1260 30 1260 0 2 0
A 25 1260 10 0 9 3 #=J19
L 35 1260 10 0 2 0 1 0 GND_J19
A 25 1260 10 0 9 0 PINTYPE=BI
P 8 0 1250 30 1250 0 2 0
A 25 1250 10 0 9 3 #=J20
L 35 1250 10 0 2 0 1 0 GND_J20
A 25 1250 10 0 9 0 PINTYPE=BI
P 9 0 1240 30 1240 0 2 0
A 25 1240 10 0 9 3 #=J21
L 35 1240 10 0 2 0 1 0 GND_J21
A 25 1240 10 0 9 0 PINTYPE=BI
P 10 0 1230 30 1230 0 2 0
A 25 1230 10 0 9 3 #=J22
L 35 1230 10 0 2 0 1 0 GND_J22
A 25 1230 10 0 9 0 PINTYPE=BI
P 11 0 1220 30 1220 0 2 0
A 25 1220 10 0 9 3 #=J23
L 35 1220 10 0 2 0 1 0 GND_J23
A 25 1220 10 0 9 0 PINTYPE=BI
P 12 0 1210 30 1210 0 2 0
A 25 1210 10 0 9 3 #=J24
L 35 1210 10 0 2 0 1 0 GND_J24
A 25 1210 10 0 9 0 PINTYPE=BI
P 13 0 1200 30 1200 0 2 0
A 25 1200 10 0 9 3 #=J25
L 35 1200 10 0 2 0 1 0 GND_J25
A 25 1200 10 0 9 0 PINTYPE=BI
P 14 0 1190 30 1190 0 2 0
A 25 1190 10 0 9 3 #=J26
L 35 1190 10 0 2 0 1 0 GND_J26
A 25 1190 10 0 9 0 PINTYPE=BI
P 15 0 1180 30 1180 0 2 0
A 25 1180 10 0 9 3 #=J27
L 35 1180 10 0 2 0 1 0 GND_J27
A 25 1180 10 0 9 0 PINTYPE=BI
P 16 0 1170 30 1170 0 2 0
A 25 1170 10 0 9 3 #=J28
L 35 1170 10 0 2 0 1 0 GND_J28
A 25 1170 10 0 9 0 PINTYPE=BI
P 17 0 1160 30 1160 0 2 0
A 25 1160 10 0 9 3 #=J29
L 35 1160 10 0 2 0 1 0 GND_J29
A 25 1160 10 0 9 0 PINTYPE=BI
P 18 0 1150 30 1150 0 2 0
A 25 1150 10 0 9 3 #=J30
L 35 1150 10 0 2 0 1 0 GND_J30
A 25 1150 10 0 9 0 PINTYPE=BI
P 19 0 1140 30 1140 0 2 0
A 25 1140 10 0 9 3 #=J31
L 35 1140 10 0 2 0 1 0 GND_J31
A 25 1140 10 0 9 0 PINTYPE=BI
P 20 0 1130 30 1130 0 2 0
A 25 1130 10 0 9 3 #=J32
L 35 1130 10 0 2 0 1 0 GND_J32
A 25 1130 10 0 9 0 PINTYPE=BI
P 21 0 1120 30 1120 0 2 0
A 25 1120 10 0 9 3 #=J33
L 35 1120 10 0 2 0 1 0 GND_J33
A 25 1120 10 0 9 0 PINTYPE=BI
P 22 0 1110 30 1110 0 2 0
A 25 1110 10 0 9 3 #=J34
L 35 1110 10 0 2 0 1 0 GND_J34
A 25 1110 10 0 9 0 PINTYPE=BI
P 23 0 1100 30 1100 0 2 0
A 25 1100 10 0 9 3 #=J35
L 35 1100 10 0 2 0 1 0 GND_J35
A 25 1100 10 0 9 0 PINTYPE=BI
P 24 0 1090 30 1090 0 2 0
A 25 1090 10 0 9 3 #=J36
L 35 1090 10 0 2 0 1 0 GND_J36
A 25 1090 10 0 9 0 PINTYPE=BI
P 25 0 1080 30 1080 0 2 0
A 25 1080 10 0 9 3 #=J37
L 35 1080 10 0 2 0 1 0 GND_J37
A 25 1080 10 0 9 0 PINTYPE=BI
P 26 0 1070 30 1070 0 2 0
A 25 1070 10 0 9 3 #=J38
L 35 1070 10 0 2 0 1 0 GND_J38
A 25 1070 10 0 9 0 PINTYPE=BI
P 27 0 1060 30 1060 0 2 0
A 25 1060 10 0 9 3 #=J39
L 35 1060 10 0 2 0 1 0 GND_J39
A 25 1060 10 0 9 0 PINTYPE=BI
P 28 0 1050 30 1050 0 2 0
A 25 1050 10 0 9 3 #=J40
L 35 1050 10 0 2 0 1 0 GND_J40
A 25 1050 10 0 9 0 PINTYPE=BI
P 29 0 1040 30 1040 0 2 0
A 25 1040 10 0 9 3 #=J41
L 35 1040 10 0 2 0 1 0 GND_J41
A 25 1040 10 0 9 0 PINTYPE=BI
P 30 0 1030 30 1030 0 2 0
A 25 1030 10 0 9 3 #=J42
L 35 1030 10 0 2 0 1 0 GND_J42
A 25 1030 10 0 9 0 PINTYPE=BI
P 31 0 1020 30 1020 0 2 0
A 25 1020 10 0 9 3 #=J43
L 35 1020 10 0 2 0 1 0 GND_J43
A 25 1020 10 0 9 0 PINTYPE=BI
P 32 0 1010 30 1010 0 2 0
A 25 1010 10 0 9 3 #=J44
L 35 1010 10 0 2 0 1 0 GND_J44
A 25 1010 10 0 9 0 PINTYPE=BI
P 33 0 1000 30 1000 0 2 0
A 25 1000 10 0 9 3 #=K3
L 35 1000 10 0 2 0 1 0 GND_K3
A 25 1000 10 0 9 0 PINTYPE=BI
P 34 0 990 30 990 0 2 0
A 25 990 10 0 9 3 #=K4
L 35 990 10 0 2 0 1 0 GND_K4
A 25 990 10 0 9 0 PINTYPE=BI
P 35 0 980 30 980 0 2 0
A 25 980 10 0 9 3 #=K5
L 35 980 10 0 2 0 1 0 GND_K5
A 25 980 10 0 9 0 PINTYPE=BI
P 36 0 970 30 970 0 2 0
A 25 970 10 0 9 3 #=K6
L 35 970 10 0 2 0 1 0 GND_K6
A 25 970 10 0 9 0 PINTYPE=BI
P 37 0 960 30 960 0 2 0
A 25 960 10 0 9 3 #=K7
L 35 960 10 0 2 0 1 0 GND_K7
A 25 960 10 0 9 0 PINTYPE=BI
P 38 0 950 30 950 0 2 0
A 25 950 10 0 9 3 #=K8
L 35 950 10 0 2 0 1 0 GND_K8
A 25 950 10 0 9 0 PINTYPE=BI
P 39 0 940 30 940 0 2 0
A 25 940 10 0 9 3 #=K9
L 35 940 10 0 2 0 1 0 GND_K9
A 25 940 10 0 9 0 PINTYPE=BI
P 40 0 930 30 930 0 2 0
A 25 930 10 0 9 3 #=K10
L 35 930 10 0 2 0 1 0 GND_K10
A 25 930 10 0 9 0 PINTYPE=BI
P 41 0 920 30 920 0 2 0
A 25 920 10 0 9 3 #=K11
L 35 920 10 0 2 0 1 0 GND_K11
A 25 920 10 0 9 0 PINTYPE=BI
P 42 0 910 30 910 0 2 0
A 25 910 10 0 9 3 #=K12
L 35 910 10 0 2 0 1 0 GND_K12
A 25 910 10 0 9 0 PINTYPE=BI
P 43 0 900 30 900 0 2 0
A 25 900 10 0 9 3 #=K13
L 35 900 10 0 2 0 1 0 GND_K13
A 25 900 10 0 9 0 PINTYPE=BI
P 44 0 890 30 890 0 2 0
A 25 890 10 0 9 3 #=K14
L 35 890 10 0 2 0 1 0 GND_K14
A 25 890 10 0 9 0 PINTYPE=BI
P 45 0 880 30 880 0 2 0
A 25 880 10 0 9 3 #=K15
L 35 880 10 0 2 0 1 0 GND_K15
A 25 880 10 0 9 0 PINTYPE=BI
P 46 0 870 30 870 0 2 0
A 25 870 10 0 9 3 #=K16
L 35 870 10 0 2 0 1 0 GND_K16
A 25 870 10 0 9 0 PINTYPE=BI
P 47 0 860 30 860 0 2 0
A 25 860 10 0 9 3 #=K17
L 35 860 10 0 2 0 1 0 GND_K17
A 25 860 10 0 9 0 PINTYPE=BI
P 48 0 850 30 850 0 2 0
A 25 850 10 0 9 3 #=K18
L 35 850 10 0 2 0 1 0 GND_K18
A 25 850 10 0 9 0 PINTYPE=BI
P 49 0 840 30 840 0 2 0
A 25 840 10 0 9 3 #=K20
L 35 840 10 0 2 0 1 0 GND_K20
A 25 840 10 0 9 0 PINTYPE=BI
P 50 0 830 30 830 0 2 0
A 25 830 10 0 9 3 #=K21
L 35 830 10 0 2 0 1 0 GND_K21
A 25 830 10 0 9 0 PINTYPE=BI
P 51 0 820 30 820 0 2 0
A 25 820 10 0 9 3 #=K22
L 35 820 10 0 2 0 1 0 GND_K22
A 25 820 10 0 9 0 PINTYPE=BI
P 52 0 810 30 810 0 2 0
A 25 810 10 0 9 3 #=K23
L 35 810 10 0 2 0 1 0 GND_K23
A 25 810 10 0 9 0 PINTYPE=BI
P 53 0 800 30 800 0 2 0
A 25 800 10 0 9 3 #=K24
L 35 800 10 0 2 0 1 0 GND_K24
A 25 800 10 0 9 0 PINTYPE=BI
P 54 0 790 30 790 0 2 0
A 25 790 10 0 9 3 #=K25
L 35 790 10 0 2 0 1 0 GND_K25
A 25 790 10 0 9 0 PINTYPE=BI
P 55 0 780 30 780 0 2 0
A 25 780 10 0 9 3 #=K27
L 35 780 10 0 2 0 1 0 GND_K27
A 25 780 10 0 9 0 PINTYPE=BI
P 56 0 770 30 770 0 2 0
A 25 770 10 0 9 3 #=K28
L 35 770 10 0 2 0 1 0 GND_K28
A 25 770 10 0 9 0 PINTYPE=BI
P 57 0 760 30 760 0 2 0
A 25 760 10 0 9 3 #=K29
L 35 760 10 0 2 0 1 0 GND_K29
A 25 760 10 0 9 0 PINTYPE=BI
P 58 0 750 30 750 0 2 0
A 25 750 10 0 9 3 #=K30
L 35 750 10 0 2 0 1 0 GND_K30
A 25 750 10 0 9 0 PINTYPE=BI
P 59 0 740 30 740 0 2 0
A 25 740 10 0 9 3 #=K31
L 35 740 10 0 2 0 1 0 GND_K31
A 25 740 10 0 9 0 PINTYPE=BI
P 60 0 730 30 730 0 2 0
A 25 730 10 0 9 3 #=K32
L 35 730 10 0 2 0 1 0 GND_K32
A 25 730 10 0 9 0 PINTYPE=BI
P 61 0 720 30 720 0 2 0
A 25 720 10 0 9 3 #=K33
L 35 720 10 0 2 0 1 0 GND_K33
A 25 720 10 0 9 0 PINTYPE=BI
P 62 0 710 30 710 0 2 0
A 25 710 10 0 9 3 #=K34
L 35 710 10 0 2 0 1 0 GND_K34
A 25 710 10 0 9 0 PINTYPE=BI
P 63 0 700 30 700 0 2 0
A 25 700 10 0 9 3 #=K35
L 35 700 10 0 2 0 1 0 GND_K35
A 25 700 10 0 9 0 PINTYPE=BI
P 64 0 690 30 690 0 2 0
A 25 690 10 0 9 3 #=K36
L 35 690 10 0 2 0 1 0 GND_K36
A 25 690 10 0 9 0 PINTYPE=BI
P 65 0 680 30 680 0 2 0
A 25 680 10 0 9 3 #=K37
L 35 680 10 0 2 0 1 0 GND_K37
A 25 680 10 0 9 0 PINTYPE=BI
P 66 0 670 30 670 0 2 0
A 25 670 10 0 9 3 #=K38
L 35 670 10 0 2 0 1 0 GND_K38
A 25 670 10 0 9 0 PINTYPE=BI
P 67 0 660 30 660 0 2 0
A 25 660 10 0 9 3 #=K39
L 35 660 10 0 2 0 1 0 GND_K39
A 25 660 10 0 9 0 PINTYPE=BI
P 68 0 650 30 650 0 2 0
A 25 650 10 0 9 3 #=K40
L 35 650 10 0 2 0 1 0 GND_K40
A 25 650 10 0 9 0 PINTYPE=BI
P 69 0 640 30 640 0 2 0
A 25 640 10 0 9 3 #=K41
L 35 640 10 0 2 0 1 0 GND_K41
A 25 640 10 0 9 0 PINTYPE=BI
P 70 0 630 30 630 0 2 0
A 25 630 10 0 9 3 #=K42
L 35 630 10 0 2 0 1 0 GND_K42
A 25 630 10 0 9 0 PINTYPE=BI
P 71 0 620 30 620 0 2 0
A 25 620 10 0 9 3 #=L1
L 35 620 10 0 2 0 1 0 GND_L1
A 25 620 10 0 9 0 PINTYPE=BI
P 72 0 610 30 610 0 2 0
A 25 610 10 0 9 3 #=L2
L 35 610 10 0 2 0 1 0 GND_L2
A 25 610 10 0 9 0 PINTYPE=BI
P 73 0 600 30 600 0 2 0
A 25 600 10 0 9 3 #=L3
L 35 600 10 0 2 0 1 0 GND_L3
A 25 600 10 0 9 0 PINTYPE=BI
P 74 0 590 30 590 0 2 0
A 25 590 10 0 9 3 #=L4
L 35 590 10 0 2 0 1 0 GND_L4
A 25 590 10 0 9 0 PINTYPE=BI
P 75 0 580 30 580 0 2 0
A 25 580 10 0 9 3 #=L5
L 35 580 10 0 2 0 1 0 GND_L5
A 25 580 10 0 9 0 PINTYPE=BI
P 76 0 570 30 570 0 2 0
A 25 570 10 0 9 3 #=L6
L 35 570 10 0 2 0 1 0 GND_L6
A 25 570 10 0 9 0 PINTYPE=BI
P 77 0 560 30 560 0 2 0
A 25 560 10 0 9 3 #=L7
L 35 560 10 0 2 0 1 0 GND_L7
A 25 560 10 0 9 0 PINTYPE=BI
P 78 0 550 30 550 0 2 0
A 25 550 10 0 9 3 #=L8
L 35 550 10 0 2 0 1 0 GND_L8
A 25 550 10 0 9 0 PINTYPE=BI
P 79 0 540 30 540 0 2 0
A 25 540 10 0 9 3 #=L9
L 35 540 10 0 2 0 1 0 GND_L9
A 25 540 10 0 9 0 PINTYPE=BI
P 80 0 530 30 530 0 2 0
A 25 530 10 0 9 3 #=L10
L 35 530 10 0 2 0 1 0 GND_L10
A 25 530 10 0 9 0 PINTYPE=BI
P 81 0 520 30 520 0 2 0
A 25 520 10 0 9 3 #=L11
L 35 520 10 0 2 0 1 0 GND_L11
A 25 520 10 0 9 0 PINTYPE=BI
P 82 0 510 30 510 0 2 0
A 25 510 10 0 9 3 #=L12
L 35 510 10 0 2 0 1 0 GND_L12
A 25 510 10 0 9 0 PINTYPE=BI
P 83 0 500 30 500 0 2 0
A 25 500 10 0 9 3 #=L13
L 35 500 10 0 2 0 1 0 GND_L13
A 25 500 10 0 9 0 PINTYPE=BI
P 84 0 490 30 490 0 2 0
A 25 490 10 0 9 3 #=L14
L 35 490 10 0 2 0 1 0 GND_L14
A 25 490 10 0 9 0 PINTYPE=BI
P 85 0 480 30 480 0 2 0
A 25 480 10 0 9 3 #=L15
L 35 480 10 0 2 0 1 0 GND_L15
A 25 480 10 0 9 0 PINTYPE=BI
P 86 0 470 30 470 0 2 0
A 25 470 10 0 9 3 #=L16
L 35 470 10 0 2 0 1 0 GND_L16
A 25 470 10 0 9 0 PINTYPE=BI
P 87 0 460 30 460 0 2 0
A 25 460 10 0 9 3 #=L17
L 35 460 10 0 2 0 1 0 GND_L17
A 25 460 10 0 9 0 PINTYPE=BI
P 88 0 450 30 450 0 2 0
A 25 450 10 0 9 3 #=L18
L 35 450 10 0 2 0 1 0 GND_L18
A 25 450 10 0 9 0 PINTYPE=BI
P 89 0 440 30 440 0 2 0
A 25 440 10 0 9 3 #=L19
L 35 440 10 0 2 0 1 0 GND_L19
A 25 440 10 0 9 0 PINTYPE=BI
P 90 0 430 30 430 0 2 0
A 25 430 10 0 9 3 #=L20
L 35 430 10 0 2 0 1 0 GND_L20
A 25 430 10 0 9 0 PINTYPE=BI
P 91 0 420 30 420 0 2 0
A 25 420 10 0 9 3 #=L21
L 35 420 10 0 2 0 1 0 GND_L21
A 25 420 10 0 9 0 PINTYPE=BI
P 92 0 410 30 410 0 2 0
A 25 410 10 0 9 3 #=L22
L 35 410 10 0 2 0 1 0 GND_L22
A 25 410 10 0 9 0 PINTYPE=BI
P 93 0 400 30 400 0 2 0
A 25 400 10 0 9 3 #=L23
L 35 400 10 0 2 0 1 0 GND_L23
A 25 400 10 0 9 0 PINTYPE=BI
P 94 0 390 30 390 0 2 0
A 25 390 10 0 9 3 #=L24
L 35 390 10 0 2 0 1 0 GND_L24
A 25 390 10 0 9 0 PINTYPE=BI
P 95 0 380 30 380 0 2 0
A 25 380 10 0 9 3 #=L25
L 35 380 10 0 2 0 1 0 GND_L25
A 25 380 10 0 9 0 PINTYPE=BI
P 96 0 370 30 370 0 2 0
A 25 370 10 0 9 3 #=L26
L 35 370 10 0 2 0 1 0 GND_L26
A 25 370 10 0 9 0 PINTYPE=BI
P 97 0 360 30 360 0 2 0
A 25 360 10 0 9 3 #=L27
L 35 360 10 0 2 0 1 0 GND_L27
A 25 360 10 0 9 0 PINTYPE=BI
P 98 0 350 30 350 0 2 0
A 25 350 10 0 9 3 #=L28
L 35 350 10 0 2 0 1 0 GND_L28
A 25 350 10 0 9 0 PINTYPE=BI
P 99 0 340 30 340 0 2 0
A 25 340 10 0 9 3 #=L29
L 35 340 10 0 2 0 1 0 GND_L29
A 25 340 10 0 9 0 PINTYPE=BI
P 100 0 330 30 330 0 2 0
A 25 330 10 0 9 3 #=L30
L 35 330 10 0 2 0 1 0 GND_L30
A 25 330 10 0 9 0 PINTYPE=BI
P 101 0 320 30 320 0 2 0
A 25 320 10 0 9 3 #=L31
L 35 320 10 0 2 0 1 0 GND_L31
A 25 320 10 0 9 0 PINTYPE=BI
P 102 0 310 30 310 0 2 0
A 25 310 10 0 9 3 #=L32
L 35 310 10 0 2 0 1 0 GND_L32
A 25 310 10 0 9 0 PINTYPE=BI
P 103 0 300 30 300 0 2 0
A 25 300 10 0 9 3 #=L33
L 35 300 10 0 2 0 1 0 GND_L33
A 25 300 10 0 9 0 PINTYPE=BI
P 104 0 290 30 290 0 2 0
A 25 290 10 0 9 3 #=L34
L 35 290 10 0 2 0 1 0 GND_L34
A 25 290 10 0 9 0 PINTYPE=BI
P 105 0 280 30 280 0 2 0
A 25 280 10 0 9 3 #=L35
L 35 280 10 0 2 0 1 0 GND_L35
A 25 280 10 0 9 0 PINTYPE=BI
P 106 0 270 30 270 0 2 0
A 25 270 10 0 9 3 #=L36
L 35 270 10 0 2 0 1 0 GND_L36
A 25 270 10 0 9 0 PINTYPE=BI
P 107 0 260 30 260 0 2 0
A 25 260 10 0 9 3 #=L37
L 35 260 10 0 2 0 1 0 GND_L37
A 25 260 10 0 9 0 PINTYPE=BI
P 108 0 250 30 250 0 2 0
A 25 250 10 0 9 3 #=L38
L 35 250 10 0 2 0 1 0 GND_L38
A 25 250 10 0 9 0 PINTYPE=BI
P 109 0 240 30 240 0 2 0
A 25 240 10 0 9 3 #=L39
L 35 240 10 0 2 0 1 0 GND_L39
A 25 240 10 0 9 0 PINTYPE=BI
P 110 0 230 30 230 0 2 0
A 25 230 10 0 9 3 #=L40
L 35 230 10 0 2 0 1 0 GND_L40
A 25 230 10 0 9 0 PINTYPE=BI
P 111 0 220 30 220 0 2 0
A 25 220 10 0 9 3 #=L41
L 35 220 10 0 2 0 1 0 GND_L41
A 25 220 10 0 9 0 PINTYPE=BI
P 112 0 210 30 210 0 2 0
A 25 210 10 0 9 3 #=L42
L 35 210 10 0 2 0 1 0 GND_L42
A 25 210 10 0 9 0 PINTYPE=BI
P 113 0 200 30 200 0 2 0
A 25 200 10 0 9 3 #=L43
L 35 200 10 0 2 0 1 0 GND_L43
A 25 200 10 0 9 0 PINTYPE=BI
P 114 0 190 30 190 0 2 0
A 25 190 10 0 9 3 #=L44
L 35 190 10 0 2 0 1 0 GND_L44
A 25 190 10 0 9 0 PINTYPE=BI
P 115 0 180 30 180 0 2 0
A 25 180 10 0 9 3 #=M3
L 35 180 10 0 2 0 1 0 GND_M3
A 25 180 10 0 9 0 PINTYPE=BI
P 116 0 170 30 170 0 2 0
A 25 170 10 0 9 3 #=M4
L 35 170 10 0 2 0 1 0 GND_M4
A 25 170 10 0 9 0 PINTYPE=BI
P 117 0 160 30 160 0 2 0
A 25 160 10 0 9 3 #=M5
L 35 160 10 0 2 0 1 0 GND_M5
A 25 160 10 0 9 0 PINTYPE=BI
P 118 0 150 30 150 0 2 0
A 25 150 10 0 9 3 #=M6
L 35 150 10 0 2 0 1 0 GND_M6
A 25 150 10 0 9 0 PINTYPE=BI
P 119 0 140 30 140 0 2 0
A 25 140 10 0 9 3 #=M7
L 35 140 10 0 2 0 1 0 GND_M7
A 25 140 10 0 9 0 PINTYPE=BI
P 120 0 130 30 130 0 2 0
A 25 130 10 0 9 3 #=M8
L 35 130 10 0 2 0 1 0 GND_M8
A 25 130 10 0 9 0 PINTYPE=BI
P 121 0 120 30 120 0 2 0
A 25 120 10 0 9 3 #=M9
L 35 120 10 0 2 0 1 0 GND_M9
A 25 120 10 0 9 0 PINTYPE=BI
P 122 0 110 30 110 0 2 0
A 25 110 10 0 9 3 #=M10
L 35 110 10 0 2 0 1 0 GND_M10
A 25 110 10 0 9 0 PINTYPE=BI
P 123 0 100 30 100 0 2 0
A 25 100 10 0 9 3 #=M11
L 35 100 10 0 2 0 1 0 GND_M11
A 25 100 10 0 9 0 PINTYPE=BI
P 124 0 90 30 90 0 2 0
A 25 90 10 0 9 3 #=M12
L 35 90 10 0 2 0 1 0 GND_M12
A 25 90 10 0 9 0 PINTYPE=BI
P 125 0 80 30 80 0 2 0
A 25 80 10 0 9 3 #=M13
L 35 80 10 0 2 0 1 0 GND_M13
A 25 80 10 0 9 0 PINTYPE=BI
P 126 215 1320 185 1320 0 3 0
A 190 1320 10 0 3 3 #=M14
L 180 1320 10 0 8 0 1 0 GND_M14
A 180 1320 10 0 3 0 PINTYPE=BI
P 127 215 1310 185 1310 0 3 0
A 190 1310 10 0 3 3 #=M15
L 180 1310 10 0 8 0 1 0 GND_M15
A 180 1310 10 0 3 0 PINTYPE=BI
P 128 215 1300 185 1300 0 3 0
A 190 1300 10 0 3 3 #=M16
L 180 1300 10 0 8 0 1 0 GND_M16
A 180 1300 10 0 3 0 PINTYPE=BI
P 129 215 1290 185 1290 0 3 0
A 190 1290 10 0 3 3 #=M17
L 180 1290 10 0 8 0 1 0 GND_M17
A 180 1290 10 0 3 0 PINTYPE=BI
P 130 215 1280 185 1280 0 3 0
A 190 1280 10 0 3 3 #=M18
L 180 1280 10 0 8 0 1 0 GND_M18
A 180 1280 10 0 3 0 PINTYPE=BI
P 131 215 1270 185 1270 0 3 0
A 190 1270 10 0 3 3 #=M19
L 180 1270 10 0 8 0 1 0 GND_M19
A 180 1270 10 0 3 0 PINTYPE=BI
P 132 215 1260 185 1260 0 3 0
A 190 1260 10 0 3 3 #=M20
L 180 1260 10 0 8 0 1 0 GND_M20
A 180 1260 10 0 3 0 PINTYPE=BI
P 133 215 1250 185 1250 0 3 0
A 190 1250 10 0 3 3 #=M21
L 180 1250 10 0 8 0 1 0 GND_M21
A 180 1250 10 0 3 0 PINTYPE=BI
P 134 215 1240 185 1240 0 3 0
A 190 1240 10 0 3 3 #=M22
L 180 1240 10 0 8 0 1 0 GND_M22
A 180 1240 10 0 3 0 PINTYPE=BI
P 135 215 1230 185 1230 0 3 0
A 190 1230 10 0 3 3 #=M23
L 180 1230 10 0 8 0 1 0 GND_M23
A 180 1230 10 0 3 0 PINTYPE=BI
P 136 215 1220 185 1220 0 3 0
A 190 1220 10 0 3 3 #=M24
L 180 1220 10 0 8 0 1 0 GND_M24
A 180 1220 10 0 3 0 PINTYPE=BI
P 137 215 1210 185 1210 0 3 0
A 190 1210 10 0 3 3 #=M25
L 180 1210 10 0 8 0 1 0 GND_M25
A 180 1210 10 0 3 0 PINTYPE=BI
P 138 215 1200 185 1200 0 3 0
A 190 1200 10 0 3 3 #=M26
L 180 1200 10 0 8 0 1 0 GND_M26
A 180 1200 10 0 3 0 PINTYPE=BI
P 139 215 1190 185 1190 0 3 0
A 190 1190 10 0 3 3 #=M27
L 180 1190 10 0 8 0 1 0 GND_M27
A 180 1190 10 0 3 0 PINTYPE=BI
P 140 215 1180 185 1180 0 3 0
A 190 1180 10 0 3 3 #=M28
L 180 1180 10 0 8 0 1 0 GND_M28
A 180 1180 10 0 3 0 PINTYPE=BI
P 141 215 1170 185 1170 0 3 0
A 190 1170 10 0 3 3 #=M29
L 180 1170 10 0 8 0 1 0 GND_M29
A 180 1170 10 0 3 0 PINTYPE=BI
P 142 215 1160 185 1160 0 3 0
A 190 1160 10 0 3 3 #=M30
L 180 1160 10 0 8 0 1 0 GND_M30
A 180 1160 10 0 3 0 PINTYPE=BI
P 143 215 1150 185 1150 0 3 0
A 190 1150 10 0 3 3 #=M31
L 180 1150 10 0 8 0 1 0 GND_M31
A 180 1150 10 0 3 0 PINTYPE=BI
P 144 215 1140 185 1140 0 3 0
A 190 1140 10 0 3 3 #=M32
L 180 1140 10 0 8 0 1 0 GND_M32
A 180 1140 10 0 3 0 PINTYPE=BI
P 145 215 1130 185 1130 0 3 0
A 190 1130 10 0 3 3 #=M33
L 180 1130 10 0 8 0 1 0 GND_M33
A 180 1130 10 0 3 0 PINTYPE=BI
P 146 215 1120 185 1120 0 3 0
A 190 1120 10 0 3 3 #=M34
L 180 1120 10 0 8 0 1 0 GND_M34
A 180 1120 10 0 3 0 PINTYPE=BI
P 147 215 1110 185 1110 0 3 0
A 190 1110 10 0 3 3 #=M35
L 180 1110 10 0 8 0 1 0 GND_M35
A 180 1110 10 0 3 0 PINTYPE=BI
P 148 215 1100 185 1100 0 3 0
A 190 1100 10 0 3 3 #=M36
L 180 1100 10 0 8 0 1 0 GND_M36
A 180 1100 10 0 3 0 PINTYPE=BI
P 149 215 1090 185 1090 0 3 0
A 190 1090 10 0 3 3 #=M37
L 180 1090 10 0 8 0 1 0 GND_M37
A 180 1090 10 0 3 0 PINTYPE=BI
P 150 215 1080 185 1080 0 3 0
A 190 1080 10 0 3 3 #=M38
L 180 1080 10 0 8 0 1 0 GND_M38
A 180 1080 10 0 3 0 PINTYPE=BI
P 151 215 1070 185 1070 0 3 0
A 190 1070 10 0 3 3 #=M39
L 180 1070 10 0 8 0 1 0 GND_M39
A 180 1070 10 0 3 0 PINTYPE=BI
P 152 215 1060 185 1060 0 3 0
A 190 1060 10 0 3 3 #=M40
L 180 1060 10 0 8 0 1 0 GND_M40
A 180 1060 10 0 3 0 PINTYPE=BI
P 153 215 1050 185 1050 0 3 0
A 190 1050 10 0 3 3 #=M41
L 180 1050 10 0 8 0 1 0 GND_M41
A 180 1050 10 0 3 0 PINTYPE=BI
P 154 215 1040 185 1040 0 3 0
A 190 1040 10 0 3 3 #=M42
L 180 1040 10 0 8 0 1 0 GND_M42
A 180 1040 10 0 3 0 PINTYPE=BI
P 155 215 1030 185 1030 0 3 0
A 190 1030 10 0 3 3 #=N1
L 180 1030 10 0 8 0 1 0 GND_N1
A 180 1030 10 0 3 0 PINTYPE=BI
P 156 215 1020 185 1020 0 3 0
A 190 1020 10 0 3 3 #=N2
L 180 1020 10 0 8 0 1 0 GND_N2
A 180 1020 10 0 3 0 PINTYPE=BI
P 157 215 1010 185 1010 0 3 0
A 190 1010 10 0 3 3 #=N3
L 180 1010 10 0 8 0 1 0 GND_N3
A 180 1010 10 0 3 0 PINTYPE=BI
P 158 215 1000 185 1000 0 3 0
A 190 1000 10 0 3 3 #=N4
L 180 1000 10 0 8 0 1 0 GND_N4
A 180 1000 10 0 3 0 PINTYPE=BI
P 159 215 990 185 990 0 3 0
A 190 990 10 0 3 3 #=N5
L 180 990 10 0 8 0 1 0 GND_N5
A 180 990 10 0 3 0 PINTYPE=BI
P 160 215 980 185 980 0 3 0
A 190 980 10 0 3 3 #=N6
L 180 980 10 0 8 0 1 0 GND_N6
A 180 980 10 0 3 0 PINTYPE=BI
P 161 215 970 185 970 0 3 0
A 190 970 10 0 3 3 #=N7
L 180 970 10 0 8 0 1 0 GND_N7
A 180 970 10 0 3 0 PINTYPE=BI
P 162 215 960 185 960 0 3 0
A 190 960 10 0 3 3 #=N8
L 180 960 10 0 8 0 1 0 GND_N8
A 180 960 10 0 3 0 PINTYPE=BI
P 163 215 950 185 950 0 3 0
A 190 950 10 0 3 3 #=N9
L 180 950 10 0 8 0 1 0 GND_N9
A 180 950 10 0 3 0 PINTYPE=BI
P 164 215 940 185 940 0 3 0
A 190 940 10 0 3 3 #=N10
L 180 940 10 0 8 0 1 0 GND_N10
A 180 940 10 0 3 0 PINTYPE=BI
P 165 215 930 185 930 0 3 0
A 190 930 10 0 3 3 #=N11
L 180 930 10 0 8 0 1 0 GND_N11
A 180 930 10 0 3 0 PINTYPE=BI
P 166 215 920 185 920 0 3 0
A 190 920 10 0 3 3 #=N12
L 180 920 10 0 8 0 1 0 GND_N12
A 180 920 10 0 3 0 PINTYPE=BI
P 167 215 910 185 910 0 3 0
A 190 910 10 0 3 3 #=N13
L 180 910 10 0 8 0 1 0 GND_N13
A 180 910 10 0 3 0 PINTYPE=BI
P 168 215 900 185 900 0 3 0
A 190 900 10 0 3 3 #=N15
L 180 900 10 0 8 0 1 0 GND_N15
A 180 900 10 0 3 0 PINTYPE=BI
P 169 215 890 185 890 0 3 0
A 190 890 10 0 3 3 #=N16
L 180 890 10 0 8 0 1 0 GND_N16
A 180 890 10 0 3 0 PINTYPE=BI
P 170 215 880 185 880 0 3 0
A 190 880 10 0 3 3 #=N17
L 180 880 10 0 8 0 1 0 GND_N17
A 180 880 10 0 3 0 PINTYPE=BI
P 171 215 870 185 870 0 3 0
A 190 870 10 0 3 3 #=N18
L 180 870 10 0 8 0 1 0 GND_N18
A 180 870 10 0 3 0 PINTYPE=BI
P 172 215 860 185 860 0 3 0
A 190 860 10 0 3 3 #=N19
L 180 860 10 0 8 0 1 0 GND_N19
A 180 860 10 0 3 0 PINTYPE=BI
P 173 215 850 185 850 0 3 0
A 190 850 10 0 3 3 #=N20
L 180 850 10 0 8 0 1 0 GND_N20
A 180 850 10 0 3 0 PINTYPE=BI
P 174 215 840 185 840 0 3 0
A 190 840 10 0 3 3 #=N21
L 180 840 10 0 8 0 1 0 GND_N21
A 180 840 10 0 3 0 PINTYPE=BI
P 175 215 830 185 830 0 3 0
A 190 830 10 0 3 3 #=N22
L 180 830 10 0 8 0 1 0 GND_N22
A 180 830 10 0 3 0 PINTYPE=BI
P 176 215 820 185 820 0 3 0
A 190 820 10 0 3 3 #=N23
L 180 820 10 0 8 0 1 0 GND_N23
A 180 820 10 0 3 0 PINTYPE=BI
P 177 215 810 185 810 0 3 0
A 190 810 10 0 3 3 #=N24
L 180 810 10 0 8 0 1 0 GND_N24
A 180 810 10 0 3 0 PINTYPE=BI
P 178 215 800 185 800 0 3 0
A 190 800 10 0 3 3 #=N25
L 180 800 10 0 8 0 1 0 GND_N25
A 180 800 10 0 3 0 PINTYPE=BI
P 179 215 790 185 790 0 3 0
A 190 790 10 0 3 3 #=N26
L 180 790 10 0 8 0 1 0 GND_N26
A 180 790 10 0 3 0 PINTYPE=BI
P 180 215 780 185 780 0 3 0
A 190 780 10 0 3 3 #=N27
L 180 780 10 0 8 0 1 0 GND_N27
A 180 780 10 0 3 0 PINTYPE=BI
P 181 215 770 185 770 0 3 0
A 190 770 10 0 3 3 #=N28
L 180 770 10 0 8 0 1 0 GND_N28
A 180 770 10 0 3 0 PINTYPE=BI
P 182 215 760 185 760 0 3 0
A 190 760 10 0 3 3 #=N29
L 180 760 10 0 8 0 1 0 GND_N29
A 180 760 10 0 3 0 PINTYPE=BI
P 183 215 750 185 750 0 3 0
A 190 750 10 0 3 3 #=N30
L 180 750 10 0 8 0 1 0 GND_N30
A 180 750 10 0 3 0 PINTYPE=BI
P 184 215 740 185 740 0 3 0
A 190 740 10 0 3 3 #=N32
L 180 740 10 0 8 0 1 0 GND_N32
A 180 740 10 0 3 0 PINTYPE=BI
P 185 215 730 185 730 0 3 0
A 190 730 10 0 3 3 #=N33
L 180 730 10 0 8 0 1 0 GND_N33
A 180 730 10 0 3 0 PINTYPE=BI
P 186 215 720 185 720 0 3 0
A 190 720 10 0 3 3 #=N34
L 180 720 10 0 8 0 1 0 GND_N34
A 180 720 10 0 3 0 PINTYPE=BI
P 187 215 710 185 710 0 3 0
A 190 710 10 0 3 3 #=N35
L 180 710 10 0 8 0 1 0 GND_N35
A 180 710 10 0 3 0 PINTYPE=BI
P 188 215 700 185 700 0 3 0
A 190 700 10 0 3 3 #=N36
L 180 700 10 0 8 0 1 0 GND_N36
A 180 700 10 0 3 0 PINTYPE=BI
P 189 215 690 185 690 0 3 0
A 190 690 10 0 3 3 #=N37
L 180 690 10 0 8 0 1 0 GND_N37
A 180 690 10 0 3 0 PINTYPE=BI
P 190 215 680 185 680 0 3 0
A 190 680 10 0 3 3 #=N38
L 180 680 10 0 8 0 1 0 GND_N38
A 180 680 10 0 3 0 PINTYPE=BI
P 191 215 670 185 670 0 3 0
A 190 670 10 0 3 3 #=N39
L 180 670 10 0 8 0 1 0 GND_N39
A 180 670 10 0 3 0 PINTYPE=BI
P 192 215 660 185 660 0 3 0
A 190 660 10 0 3 3 #=N40
L 180 660 10 0 8 0 1 0 GND_N40
A 180 660 10 0 3 0 PINTYPE=BI
P 193 215 650 185 650 0 3 0
A 190 650 10 0 3 3 #=N41
L 180 650 10 0 8 0 1 0 GND_N41
A 180 650 10 0 3 0 PINTYPE=BI
P 194 215 640 185 640 0 3 0
A 190 640 10 0 3 3 #=N42
L 180 640 10 0 8 0 1 0 GND_N42
A 180 640 10 0 3 0 PINTYPE=BI
P 195 215 630 185 630 0 3 0
A 190 630 10 0 3 3 #=N43
L 180 630 10 0 8 0 1 0 GND_N43
A 180 630 10 0 3 0 PINTYPE=BI
P 196 215 620 185 620 0 3 0
A 190 620 10 0 3 3 #=N44
L 180 620 10 0 8 0 1 0 GND_N44
A 180 620 10 0 3 0 PINTYPE=BI
P 197 215 610 185 610 0 3 0
A 190 610 10 0 3 3 #=P2
L 180 610 10 0 8 0 1 0 GND_P2
A 180 610 10 0 3 0 PINTYPE=BI
P 198 215 600 185 600 0 3 0
A 190 600 10 0 3 3 #=P3
L 180 600 10 0 8 0 1 0 GND_P3
A 180 600 10 0 3 0 PINTYPE=BI
P 199 215 590 185 590 0 3 0
A 190 590 10 0 3 3 #=P4
L 180 590 10 0 8 0 1 0 GND_P4
A 180 590 10 0 3 0 PINTYPE=BI
P 200 215 580 185 580 0 3 0
A 190 580 10 0 3 3 #=P5
L 180 580 10 0 8 0 1 0 GND_P5
A 180 580 10 0 3 0 PINTYPE=BI
P 201 215 570 185 570 0 3 0
A 190 570 10 0 3 3 #=P6
L 180 570 10 0 8 0 1 0 GND_P6
A 180 570 10 0 3 0 PINTYPE=BI
P 202 215 560 185 560 0 3 0
A 190 560 10 0 3 3 #=P7
L 180 560 10 0 8 0 1 0 GND_P7
A 180 560 10 0 3 0 PINTYPE=BI
P 203 215 550 185 550 0 3 0
A 190 550 10 0 3 3 #=P8
L 180 550 10 0 8 0 1 0 GND_P8
A 180 550 10 0 3 0 PINTYPE=BI
P 204 215 540 185 540 0 3 0
A 190 540 10 0 3 3 #=P9
L 180 540 10 0 8 0 1 0 GND_P9
A 180 540 10 0 3 0 PINTYPE=BI
P 205 215 530 185 530 0 3 0
A 190 530 10 0 3 3 #=P10
L 180 530 10 0 8 0 1 0 GND_P10
A 180 530 10 0 3 0 PINTYPE=BI
P 206 215 520 185 520 0 3 0
A 190 520 10 0 3 3 #=P11
L 180 520 10 0 8 0 1 0 GND_P11
A 180 520 10 0 3 0 PINTYPE=BI
P 207 215 510 185 510 0 3 0
A 190 510 10 0 3 3 #=P12
L 180 510 10 0 8 0 1 0 GND_P12
A 180 510 10 0 3 0 PINTYPE=BI
P 208 215 500 185 500 0 3 0
A 190 500 10 0 3 3 #=P13
L 180 500 10 0 8 0 1 0 GND_P13
A 180 500 10 0 3 0 PINTYPE=BI
P 209 215 490 185 490 0 3 0
A 190 490 10 0 3 3 #=P14
L 180 490 10 0 8 0 1 0 GND_P14
A 180 490 10 0 3 0 PINTYPE=BI
P 210 215 480 185 480 0 3 0
A 190 480 10 0 3 3 #=P16
L 180 480 10 0 8 0 1 0 GND_P16
A 180 480 10 0 3 0 PINTYPE=BI
P 211 215 470 185 470 0 3 0
A 190 470 10 0 3 3 #=P17
L 180 470 10 0 8 0 1 0 GND_P17
A 180 470 10 0 3 0 PINTYPE=BI
P 212 215 460 185 460 0 3 0
A 190 460 10 0 3 3 #=P18
L 180 460 10 0 8 0 1 0 GND_P18
A 180 460 10 0 3 0 PINTYPE=BI
P 213 215 450 185 450 0 3 0
A 190 450 10 0 3 3 #=P19
L 180 450 10 0 8 0 1 0 GND_P19
A 180 450 10 0 3 0 PINTYPE=BI
P 214 215 440 185 440 0 3 0
A 190 440 10 0 3 3 #=P20
L 180 440 10 0 8 0 1 0 GND_P20
A 180 440 10 0 3 0 PINTYPE=BI
P 215 215 430 185 430 0 3 0
A 190 430 10 0 3 3 #=P21
L 180 430 10 0 8 0 1 0 GND_P21
A 180 430 10 0 3 0 PINTYPE=BI
P 216 215 420 185 420 0 3 0
A 190 420 10 0 3 3 #=P22
L 180 420 10 0 8 0 1 0 GND_P22
A 180 420 10 0 3 0 PINTYPE=BI
P 217 215 410 185 410 0 3 0
A 190 410 10 0 3 3 #=P23
L 180 410 10 0 8 0 1 0 GND_P23
A 180 410 10 0 3 0 PINTYPE=BI
P 218 215 400 185 400 0 3 0
A 190 400 10 0 3 3 #=P24
L 180 400 10 0 8 0 1 0 GND_P24
A 180 400 10 0 3 0 PINTYPE=BI
P 219 215 390 185 390 0 3 0
A 190 390 10 0 3 3 #=P25
L 180 390 10 0 8 0 1 0 GND_P25
A 180 390 10 0 3 0 PINTYPE=BI
P 220 215 380 185 380 0 3 0
A 190 380 10 0 3 3 #=P26
L 180 380 10 0 8 0 1 0 GND_P26
A 180 380 10 0 3 0 PINTYPE=BI
P 221 215 370 185 370 0 3 0
A 190 370 10 0 3 3 #=P27
L 180 370 10 0 8 0 1 0 GND_P27
A 180 370 10 0 3 0 PINTYPE=BI
P 222 215 360 185 360 0 3 0
A 190 360 10 0 3 3 #=P28
L 180 360 10 0 8 0 1 0 GND_P28
A 180 360 10 0 3 0 PINTYPE=BI
P 223 215 350 185 350 0 3 0
A 190 350 10 0 3 3 #=P29
L 180 350 10 0 8 0 1 0 GND_P29
A 180 350 10 0 3 0 PINTYPE=BI
P 224 215 340 185 340 0 3 0
A 190 340 10 0 3 3 #=P31
L 180 340 10 0 8 0 1 0 GND_P31
A 180 340 10 0 3 0 PINTYPE=BI
P 225 215 330 185 330 0 3 0
A 190 330 10 0 3 3 #=P32
L 180 330 10 0 8 0 1 0 GND_P32
A 180 330 10 0 3 0 PINTYPE=BI
P 226 215 320 185 320 0 3 0
A 190 320 10 0 3 3 #=P33
L 180 320 10 0 8 0 1 0 GND_P33
A 180 320 10 0 3 0 PINTYPE=BI
P 227 215 310 185 310 0 3 0
A 190 310 10 0 3 3 #=P34
L 180 310 10 0 8 0 1 0 GND_P34
A 180 310 10 0 3 0 PINTYPE=BI
P 228 215 300 185 300 0 3 0
A 190 300 10 0 3 3 #=P35
L 180 300 10 0 8 0 1 0 GND_P35
A 180 300 10 0 3 0 PINTYPE=BI
P 229 215 290 185 290 0 3 0
A 190 290 10 0 3 3 #=P36
L 180 290 10 0 8 0 1 0 GND_P36
A 180 290 10 0 3 0 PINTYPE=BI
P 230 215 280 185 280 0 3 0
A 190 280 10 0 3 3 #=P37
L 180 280 10 0 8 0 1 0 GND_P37
A 180 280 10 0 3 0 PINTYPE=BI
P 231 215 270 185 270 0 3 0
A 190 270 10 0 3 3 #=P38
L 180 270 10 0 8 0 1 0 GND_P38
A 180 270 10 0 3 0 PINTYPE=BI
P 232 215 260 185 260 0 3 0
A 190 260 10 0 3 3 #=P39
L 180 260 10 0 8 0 1 0 GND_P39
A 180 260 10 0 3 0 PINTYPE=BI
P 233 215 250 185 250 0 3 0
A 190 250 10 0 3 3 #=P40
L 180 250 10 0 8 0 1 0 GND_P40
A 180 250 10 0 3 0 PINTYPE=BI
P 234 215 240 185 240 0 3 0
A 190 240 10 0 3 3 #=P41
L 180 240 10 0 8 0 1 0 GND_P41
A 180 240 10 0 3 0 PINTYPE=BI
P 235 215 230 185 230 0 3 0
A 190 230 10 0 3 3 #=P42
L 180 230 10 0 8 0 1 0 GND_P42
A 180 230 10 0 3 0 PINTYPE=BI
P 236 215 220 185 220 0 3 0
A 190 220 10 0 3 3 #=P43
L 180 220 10 0 8 0 1 0 GND_P43
A 180 220 10 0 3 0 PINTYPE=BI
P 237 215 210 185 210 0 3 0
A 190 210 10 0 3 3 #=R2
L 180 210 10 0 8 0 1 0 GND_R2
A 180 210 10 0 3 0 PINTYPE=BI
P 238 215 200 185 200 0 3 0
A 190 200 10 0 3 3 #=R3
L 180 200 10 0 8 0 1 0 GND_R3
A 180 200 10 0 3 0 PINTYPE=BI
P 239 215 190 185 190 0 3 0
A 190 190 10 0 3 3 #=R4
L 180 190 10 0 8 0 1 0 GND_R4
A 180 190 10 0 3 0 PINTYPE=BI
P 240 215 180 185 180 0 3 0
A 190 180 10 0 3 3 #=R5
L 180 180 10 0 8 0 1 0 GND_R5
A 180 180 10 0 3 0 PINTYPE=BI
P 241 215 170 185 170 0 3 0
A 190 170 10 0 3 3 #=R6
L 180 170 10 0 8 0 1 0 GND_R6
A 180 170 10 0 3 0 PINTYPE=BI
P 242 215 160 185 160 0 3 0
A 190 160 10 0 3 3 #=R7
L 180 160 10 0 8 0 1 0 GND_R7
A 180 160 10 0 3 0 PINTYPE=BI
P 243 215 150 185 150 0 3 0
A 190 150 10 0 3 3 #=R8
L 180 150 10 0 8 0 1 0 GND_R8
A 180 150 10 0 3 0 PINTYPE=BI
P 244 215 140 185 140 0 3 0
A 190 140 10 0 3 3 #=R9
L 180 140 10 0 8 0 1 0 GND_R9
A 180 140 10 0 3 0 PINTYPE=BI
P 245 215 130 185 130 0 3 0
A 190 130 10 0 3 3 #=R10
L 180 130 10 0 8 0 1 0 GND_R10
A 180 130 10 0 3 0 PINTYPE=BI
P 246 215 120 185 120 0 3 0
A 190 120 10 0 3 3 #=R12
L 180 120 10 0 8 0 1 0 GND_R12
A 180 120 10 0 3 0 PINTYPE=BI
P 247 215 110 185 110 0 3 0
A 190 110 10 0 3 3 #=R13
L 180 110 10 0 8 0 1 0 GND_R13
A 180 110 10 0 3 0 PINTYPE=BI
P 248 215 100 185 100 0 3 0
A 190 100 10 0 3 3 #=R15
L 180 100 10 0 8 0 1 0 GND_R15
A 180 100 10 0 3 0 PINTYPE=BI
P 249 215 90 185 90 0 3 0
A 190 90 10 0 3 3 #=R16
L 180 90 10 0 8 0 1 0 GND_R16
A 180 90 10 0 3 0 PINTYPE=BI
P 250 215 80 185 80 0 3 0
A 190 80 10 0 3 3 #=R17
L 180 80 10 0 8 0 1 0 GND_R17
A 180 80 10 0 3 0 PINTYPE=BI
T 110 1370 20 0 5 GND6
T 110 1350 20 0 5 T56GFF1924
U 30 1390 10 0 3 3 DEVICE=XXXXXXX
U 30 50 16 0 1 3 REFDES=U?
U 185 35 10 0 9 3 PKG_TYPE=XXXXXXX
U 0 0 10 0 3 0 HETERO=t56gff1924a_AVCC_A,t56gff1924a_AVCC_B,t56gff1924a_AVCC_C,t56gff1924a_AVCC_D,t56gff1924a_AVTT_A,t56gff1924a_AVTT_B,t56gff1924a_AVTT_C,t56gff1924a_AVTT_D,t56gff1924a_GND1,t56gff1924a_GND2,t56gff1924a_GND3,t56gff1924a_GND4,t56gff1924a_GND5,t56gff1924a_GND6,t56gff1924a_GND7,t56gff1924a_GT_A,t56gff1924a_GT_B,t56gff1924a_GT_C,t56gff1924a_GT_D,t56gff1924a_TEST_PORT_A,t56gff1924a_TEST_PORT_B,t56gff1924a_TEST_PORT_C,t56gff1924a_TEST_PORT_D,t56gff1924a_VCCAUX_A,t56gff1924a_VCCAUX_B,t56gff1924a_VCCAUX_C,t56gff1924a_VCCAUX_D,t56gff1924a_VCCINT,t56gff1924a_VCCO18_A,t56gff1924a_VCCO18_B,t56gff1924a_VCCO18_C,t56gff1924a_VCCO18_D
E