V 50
K 153165148200 t56gff1924
Y 1
D 0 0 215 550
Z 10
i 946
b 30 50 185 500
P 1 0 430 30 430 0 2 0
A 25 430 10 0 9 3 #=AA18
L 35 430 10 0 2 0 1 0 VCCINT_AA18
A 25 430 10 0 9 0 PINTYPE=BI
P 2 0 420 30 420 0 2 0
A 25 420 10 0 9 3 #=AA20
L 35 420 10 0 2 0 1 0 VCCINT_AA20
A 25 420 10 0 9 0 PINTYPE=BI
P 3 0 410 30 410 0 2 0
A 25 410 10 0 9 3 #=AA22
L 35 410 10 0 2 0 1 0 VCCINT_AA22
A 25 410 10 0 9 0 PINTYPE=BI
P 4 0 400 30 400 0 2 0
A 25 400 10 0 9 3 #=AA24
L 35 400 10 0 2 0 1 0 VCCINT_AA24
A 25 400 10 0 9 0 PINTYPE=BI
P 5 0 390 30 390 0 2 0
A 25 390 10 0 9 3 #=AA26
L 35 390 10 0 2 0 1 0 VCCINT_AA26
A 25 390 10 0 9 0 PINTYPE=BI
P 6 0 380 30 380 0 2 0
A 25 380 10 0 9 3 #=AA28
L 35 380 10 0 2 0 1 0 VCCINT_AA28
A 25 380 10 0 9 0 PINTYPE=BI
P 7 0 370 30 370 0 2 0
A 25 370 10 0 9 3 #=AB17
L 35 370 10 0 2 0 1 0 VCCINT_AB17
A 25 370 10 0 9 0 PINTYPE=BI
P 8 0 360 30 360 0 2 0
A 25 360 10 0 9 3 #=AB19
L 35 360 10 0 2 0 1 0 VCCINT_AB19
A 25 360 10 0 9 0 PINTYPE=BI
P 9 0 350 30 350 0 2 0
A 25 350 10 0 9 3 #=AB21
L 35 350 10 0 2 0 1 0 VCCINT_AB21
A 25 350 10 0 9 0 PINTYPE=BI
P 10 0 340 30 340 0 2 0
A 25 340 10 0 9 3 #=AB23
L 35 340 10 0 2 0 1 0 VCCINT_AB23
A 25 340 10 0 9 0 PINTYPE=BI
P 11 0 330 30 330 0 2 0
A 25 330 10 0 9 3 #=AB25
L 35 330 10 0 2 0 1 0 VCCINT_AB25
A 25 330 10 0 9 0 PINTYPE=BI
P 12 0 320 30 320 0 2 0
A 25 320 10 0 9 3 #=AB27
L 35 320 10 0 2 0 1 0 VCCINT_AB27
A 25 320 10 0 9 0 PINTYPE=BI
P 13 0 310 30 310 0 2 0
A 25 310 10 0 9 3 #=AC18
L 35 310 10 0 2 0 1 0 VCCINT_AC18
A 25 310 10 0 9 0 PINTYPE=BI
P 14 0 300 30 300 0 2 0
A 25 300 10 0 9 3 #=AC20
L 35 300 10 0 2 0 1 0 VCCINT_AC20
A 25 300 10 0 9 0 PINTYPE=BI
P 15 0 290 30 290 0 2 0
A 25 290 10 0 9 3 #=AC22
L 35 290 10 0 2 0 1 0 VCCINT_AC22
A 25 290 10 0 9 0 PINTYPE=BI
P 16 0 280 30 280 0 2 0
A 25 280 10 0 9 3 #=AC24
L 35 280 10 0 2 0 1 0 VCCINT_AC24
A 25 280 10 0 9 0 PINTYPE=BI
P 17 0 270 30 270 0 2 0
A 25 270 10 0 9 3 #=AC26
L 35 270 10 0 2 0 1 0 VCCINT_AC26
A 25 270 10 0 9 0 PINTYPE=BI
P 18 0 260 30 260 0 2 0
A 25 260 10 0 9 3 #=AC28
L 35 260 10 0 2 0 1 0 VCCINT_AC28
A 25 260 10 0 9 0 PINTYPE=BI
P 19 0 250 30 250 0 2 0
A 25 250 10 0 9 3 #=AD17
L 35 250 10 0 2 0 1 0 VCCINT_AD17
A 25 250 10 0 9 0 PINTYPE=BI
P 20 0 240 30 240 0 2 0
A 25 240 10 0 9 3 #=AD19
L 35 240 10 0 2 0 1 0 VCCINT_AD19
A 25 240 10 0 9 0 PINTYPE=BI
P 21 0 230 30 230 0 2 0
A 25 230 10 0 9 3 #=AD21
L 35 230 10 0 2 0 1 0 VCCINT_AD21
A 25 230 10 0 9 0 PINTYPE=BI
P 22 0 220 30 220 0 2 0
A 25 220 10 0 9 3 #=AD23
L 35 220 10 0 2 0 1 0 VCCINT_AD23
A 25 220 10 0 9 0 PINTYPE=BI
P 23 0 210 30 210 0 2 0
A 25 210 10 0 9 3 #=AD25
L 35 210 10 0 2 0 1 0 VCCINT_AD25
A 25 210 10 0 9 0 PINTYPE=BI
P 24 0 200 30 200 0 2 0
A 25 200 10 0 9 3 #=AD27
L 35 200 10 0 2 0 1 0 VCCINT_AD27
A 25 200 10 0 9 0 PINTYPE=BI
P 25 0 190 30 190 0 2 0
A 25 190 10 0 9 3 #=AE18
L 35 190 10 0 2 0 1 0 VCCINT_AE18
A 25 190 10 0 9 0 PINTYPE=BI
P 26 0 180 30 180 0 2 0
A 25 180 10 0 9 3 #=AE20
L 35 180 10 0 2 0 1 0 VCCINT_AE20
A 25 180 10 0 9 0 PINTYPE=BI
P 27 0 170 30 170 0 2 0
A 25 170 10 0 9 3 #=AE22
L 35 170 10 0 2 0 1 0 VCCINT_AE22
A 25 170 10 0 9 0 PINTYPE=BI
P 28 0 160 30 160 0 2 0
A 25 160 10 0 9 3 #=AE24
L 35 160 10 0 2 0 1 0 VCCINT_AE24
A 25 160 10 0 9 0 PINTYPE=BI
P 29 0 150 30 150 0 2 0
A 25 150 10 0 9 3 #=AE26
L 35 150 10 0 2 0 1 0 VCCINT_AE26
A 25 150 10 0 9 0 PINTYPE=BI
P 30 0 140 30 140 0 2 0
A 25 140 10 0 9 3 #=AE28
L 35 140 10 0 2 0 1 0 VCCINT_AE28
A 25 140 10 0 9 0 PINTYPE=BI
P 31 0 130 30 130 0 2 0
A 25 130 10 0 9 3 #=AF17
L 35 130 10 0 2 0 1 0 VCCINT_AF17
A 25 130 10 0 9 0 PINTYPE=BI
P 32 0 120 30 120 0 2 0
A 25 120 10 0 9 3 #=AF19
L 35 120 10 0 2 0 1 0 VCCINT_AF19
A 25 120 10 0 9 0 PINTYPE=BI
P 33 0 110 30 110 0 2 0
A 25 110 10 0 9 3 #=AF21
L 35 110 10 0 2 0 1 0 VCCINT_AF21
A 25 110 10 0 9 0 PINTYPE=BI
P 34 0 100 30 100 0 2 0
A 25 100 10 0 9 3 #=AF23
L 35 100 10 0 2 0 1 0 VCCINT_AF23
A 25 100 10 0 9 0 PINTYPE=BI
P 35 0 90 30 90 0 2 0
A 25 90 10 0 9 3 #=AF25
L 35 90 10 0 2 0 1 0 VCCINT_AF25
A 25 90 10 0 9 0 PINTYPE=BI
P 36 0 80 30 80 0 2 0
A 25 80 10 0 9 3 #=AF27
L 35 80 10 0 2 0 1 0 VCCINT_AF27
A 25 80 10 0 9 0 PINTYPE=BI
P 37 215 430 185 430 0 3 0
A 190 430 10 0 3 3 #=AG18
L 180 430 10 0 8 0 1 0 VCCINT_AG18
A 180 430 10 0 3 0 PINTYPE=BI
P 38 215 420 185 420 0 3 0
A 190 420 10 0 3 3 #=AG20
L 180 420 10 0 8 0 1 0 VCCINT_AG20
A 180 420 10 0 3 0 PINTYPE=BI
P 39 215 410 185 410 0 3 0
A 190 410 10 0 3 3 #=AG22
L 180 410 10 0 8 0 1 0 VCCINT_AG22
A 180 410 10 0 3 0 PINTYPE=BI
P 40 215 400 185 400 0 3 0
A 190 400 10 0 3 3 #=AG24
L 180 400 10 0 8 0 1 0 VCCINT_AG24
A 180 400 10 0 3 0 PINTYPE=BI
P 41 215 390 185 390 0 3 0
A 190 390 10 0 3 3 #=AG26
L 180 390 10 0 8 0 1 0 VCCINT_AG26
A 180 390 10 0 3 0 PINTYPE=BI
P 42 215 380 185 380 0 3 0
A 190 380 10 0 3 3 #=AG28
L 180 380 10 0 8 0 1 0 VCCINT_AG28
A 180 380 10 0 3 0 PINTYPE=BI
P 43 215 370 185 370 0 3 0
A 190 370 10 0 3 3 #=AH17
L 180 370 10 0 8 0 1 0 VCCINT_AH17
A 180 370 10 0 3 0 PINTYPE=BI
P 44 215 360 185 360 0 3 0
A 190 360 10 0 3 3 #=AH19
L 180 360 10 0 8 0 1 0 VCCINT_AH19
A 180 360 10 0 3 0 PINTYPE=BI
P 45 215 350 185 350 0 3 0
A 190 350 10 0 3 3 #=AH21
L 180 350 10 0 8 0 1 0 VCCINT_AH21
A 180 350 10 0 3 0 PINTYPE=BI
P 46 215 340 185 340 0 3 0
A 190 340 10 0 3 3 #=AH23
L 180 340 10 0 8 0 1 0 VCCINT_AH23
A 180 340 10 0 3 0 PINTYPE=BI
P 47 215 330 185 330 0 3 0
A 190 330 10 0 3 3 #=AH25
L 180 330 10 0 8 0 1 0 VCCINT_AH25
A 180 330 10 0 3 0 PINTYPE=BI
P 48 215 320 185 320 0 3 0
A 190 320 10 0 3 3 #=AH27
L 180 320 10 0 8 0 1 0 VCCINT_AH27
A 180 320 10 0 3 0 PINTYPE=BI
P 49 215 310 185 310 0 3 0
A 190 310 10 0 3 3 #=U18
L 180 310 10 0 8 0 1 0 VCCINT_U18
A 180 310 10 0 3 0 PINTYPE=BI
P 50 215 300 185 300 0 3 0
A 190 300 10 0 3 3 #=U20
L 180 300 10 0 8 0 1 0 VCCINT_U20
A 180 300 10 0 3 0 PINTYPE=BI
P 51 215 290 185 290 0 3 0
A 190 290 10 0 3 3 #=U22
L 180 290 10 0 8 0 1 0 VCCINT_U22
A 180 290 10 0 3 0 PINTYPE=BI
P 52 215 280 185 280 0 3 0
A 190 280 10 0 3 3 #=U24
L 180 280 10 0 8 0 1 0 VCCINT_U24
A 180 280 10 0 3 0 PINTYPE=BI
P 53 215 270 185 270 0 3 0
A 190 270 10 0 3 3 #=U26
L 180 270 10 0 8 0 1 0 VCCINT_U26
A 180 270 10 0 3 0 PINTYPE=BI
P 54 215 260 185 260 0 3 0
A 190 260 10 0 3 3 #=U28
L 180 260 10 0 8 0 1 0 VCCINT_U28
A 180 260 10 0 3 0 PINTYPE=BI
P 55 215 250 185 250 0 3 0
A 190 250 10 0 3 3 #=V17
L 180 250 10 0 8 0 1 0 VCCINT_V17
A 180 250 10 0 3 0 PINTYPE=BI
P 56 215 240 185 240 0 3 0
A 190 240 10 0 3 3 #=V19
L 180 240 10 0 8 0 1 0 VCCINT_V19
A 180 240 10 0 3 0 PINTYPE=BI
P 57 215 230 185 230 0 3 0
A 190 230 10 0 3 3 #=V21
L 180 230 10 0 8 0 1 0 VCCINT_V21
A 180 230 10 0 3 0 PINTYPE=BI
P 58 215 220 185 220 0 3 0
A 190 220 10 0 3 3 #=V23
L 180 220 10 0 8 0 1 0 VCCINT_V23
A 180 220 10 0 3 0 PINTYPE=BI
P 59 215 210 185 210 0 3 0
A 190 210 10 0 3 3 #=V25
L 180 210 10 0 8 0 1 0 VCCINT_V25
A 180 210 10 0 3 0 PINTYPE=BI
P 60 215 200 185 200 0 3 0
A 190 200 10 0 3 3 #=V27
L 180 200 10 0 8 0 1 0 VCCINT_V27
A 180 200 10 0 3 0 PINTYPE=BI
P 61 215 190 185 190 0 3 0
A 190 190 10 0 3 3 #=W18
L 180 190 10 0 8 0 1 0 VCCINT_W18
A 180 190 10 0 3 0 PINTYPE=BI
P 62 215 180 185 180 0 3 0
A 190 180 10 0 3 3 #=W20
L 180 180 10 0 8 0 1 0 VCCINT_W20
A 180 180 10 0 3 0 PINTYPE=BI
P 63 215 170 185 170 0 3 0
A 190 170 10 0 3 3 #=W22
L 180 170 10 0 8 0 1 0 VCCINT_W22
A 180 170 10 0 3 0 PINTYPE=BI
P 64 215 160 185 160 0 3 0
A 190 160 10 0 3 3 #=W24
L 180 160 10 0 8 0 1 0 VCCINT_W24
A 180 160 10 0 3 0 PINTYPE=BI
P 65 215 150 185 150 0 3 0
A 190 150 10 0 3 3 #=W26
L 180 150 10 0 8 0 1 0 VCCINT_W26
A 180 150 10 0 3 0 PINTYPE=BI
P 66 215 140 185 140 0 3 0
A 190 140 10 0 3 3 #=W28
L 180 140 10 0 8 0 1 0 VCCINT_W28
A 180 140 10 0 3 0 PINTYPE=BI
P 67 215 130 185 130 0 3 0
A 190 130 10 0 3 3 #=Y17
L 180 130 10 0 8 0 1 0 VCCINT_Y17
A 180 130 10 0 3 0 PINTYPE=BI
P 68 215 120 185 120 0 3 0
A 190 120 10 0 3 3 #=Y19
L 180 120 10 0 8 0 1 0 VCCINT_Y19
A 180 120 10 0 3 0 PINTYPE=BI
P 69 215 110 185 110 0 3 0
A 190 110 10 0 3 3 #=Y21
L 180 110 10 0 8 0 1 0 VCCINT_Y21
A 180 110 10 0 3 0 PINTYPE=BI
P 70 215 100 185 100 0 3 0
A 190 100 10 0 3 3 #=Y23
L 180 100 10 0 8 0 1 0 VCCINT_Y23
A 180 100 10 0 3 0 PINTYPE=BI
P 71 215 90 185 90 0 3 0
A 190 90 10 0 3 3 #=Y25
L 180 90 10 0 8 0 1 0 VCCINT_Y25
A 180 90 10 0 3 0 PINTYPE=BI
P 72 215 80 185 80 0 3 0
A 190 80 10 0 3 3 #=Y27
L 180 80 10 0 8 0 1 0 VCCINT_Y27
A 180 80 10 0 3 0 PINTYPE=BI
T 110 480 20 0 5 VCCINT
T 110 460 20 0 5 T56GFF1924
U 30 500 10 0 3 3 DEVICE=XXXXXXX
U 30 50 16 0 1 3 REFDES=U?
U 185 35 10 0 9 3 PKG_TYPE=XXXXXXX
U 0 0 10 0 3 0 HETERO=t56gff1924a_AVCC_A,t56gff1924a_AVCC_B,t56gff1924a_AVCC_C,t56gff1924a_AVCC_D,t56gff1924a_AVTT_A,t56gff1924a_AVTT_B,t56gff1924a_AVTT_C,t56gff1924a_AVTT_D,t56gff1924a_GND1,t56gff1924a_GND2,t56gff1924a_GND3,t56gff1924a_GND4,t56gff1924a_GND5,t56gff1924a_GND6,t56gff1924a_GND7,t56gff1924a_GT_A,t56gff1924a_GT_B,t56gff1924a_GT_C,t56gff1924a_GT_D,t56gff1924a_TEST_PORT_A,t56gff1924a_TEST_PORT_B,t56gff1924a_TEST_PORT_C,t56gff1924a_TEST_PORT_D,t56gff1924a_VCCAUX_A,t56gff1924a_VCCAUX_B,t56gff1924a_VCCAUX_C,t56gff1924a_VCCAUX_D,t56gff1924a_VCCINT,t56gff1924a_VCCO18_A,t56gff1924a_VCCO18_B,t56gff1924a_VCCO18_C,t56gff1924a_VCCO18_D
E