V 53
K 1436574313 tca9534.1
F Case
|R 17:25:13_7-10-15
D 0 230 140 0
Y 1
Z 10
i 153
U 25 0 16 0 3 3 REFDES=U?
U 80 5 10 0 3 3 PKG_TYPE=PKG_TYPE
U 25 210 10 0 3 3 DEVICE=DEVICE
U 25 0 10 0 1 0 VALUE=VALUE
U 25 -14 10 0 1 0 MANF_P/N=MANF_P/N
U 0 0 10 0 1 0 FORWARD_PCB=1
b 20 20 120 210
P 1 0 75 20 75 0 2 0
L 25 75 10 0 2 0 1 0 A0
A 0 75 10 0 3 0 PINTYPE=IN
A 10 75 10 0 3 3 #=1
P 2 0 65 20 65 0 2 0
L 25 65 10 0 2 0 1 0 A1
A 0 65 10 0 3 0 PINTYPE=IN
A 10 65 10 0 3 3 #=2
P 4 140 195 120 195 0 3 0
L 115 195 10 0 8 0 1 0 VCC
A 140 195 10 0 9 0 PINTYPE=IN
A 125 195 10 0 3 3 #=16
P 5 140 35 120 35 0 3 0
L 115 35 10 0 8 0 1 0 GND
A 140 35 10 0 9 0 PINTYPE=IN
A 125 35 10 0 3 3 #=8
P 6 0 55 20 55 0 2 0
L 25 55 10 0 2 0 1 0 A2
A 0 55 10 0 3 0 PINTYPE=IN
A 15 55 10 0 9 3 #=3
P 7 0 165 20 165 0 2 0
L 25 165 10 0 2 0 1 0 SDA
A 0 165 10 0 3 0 PINTYPE=BI
A 15 165 10 0 9 3 #=15
P 8 0 175 20 175 0 2 0
L 25 175 10 0 2 0 1 0 SCL
A 0 175 10 0 3 0 PINTYPE=IN
A 15 175 10 0 9 3 #=14
P 9 140 150 120 150 0 3 0
L 115 150 10 0 8 0 1 0 P0
A 140 150 10 0 9 0 PINTYPE=BI
A 125 150 10 0 3 3 #=4
P 10 140 140 120 140 0 3 0
L 115 140 10 0 8 0 1 0 P1
A 140 140 10 0 9 0 PINTYPE=BI
A 125 140 10 0 3 3 #=5
P 11 140 120 120 120 0 3 0
L 115 120 10 0 8 0 1 0 P3
A 140 120 10 0 9 0 PINTYPE=BI
A 125 120 10 0 3 3 #=7
P 12 140 130 120 130 0 3 0
L 115 130 10 0 8 0 1 0 P2
A 140 130 10 0 9 0 PINTYPE=BI
A 125 130 10 0 3 3 #=6
P 13 140 100 120 100 0 3 0
L 115 100 10 0 8 0 1 0 P5
A 140 100 10 0 9 0 PINTYPE=BI
A 125 100 10 0 3 3 #=10
P 14 140 110 120 110 0 3 0
L 115 110 10 0 8 0 1 0 P4
A 140 110 10 0 9 0 PINTYPE=BI
A 125 110 10 0 3 3 #=9
P 15 140 80 120 80 0 3 0
L 115 80 10 0 8 0 1 0 P7
A 140 80 10 0 9 0 PINTYPE=BI
A 125 80 10 0 3 3 #=12
P 16 140 90 120 90 0 3 0
L 115 90 10 0 8 0 1 0 P6
A 140 90 10 0 9 0 PINTYPE=BI
A 125 90 10 0 3 3 #=11
P 152 0 155 20 155 0 2 0
L 25 155 10 0 2 0 1 0 INT_B
A 0 155 10 0 1 0 PINTYPE=IN
A 15 155 10 0 9 3 #=13
E 
