V 53
K 1422498469 tca9546a.1
F Case
|R 18:27:49_1-28-15
D 0 230 140 0
Y 1
Z 10
i 98
U 25 0 16 0 3 3 REFDES=U?
U 80 5 10 0 3 3 PKG_TYPE=PKG_TYPE
U 25 210 10 0 3 3 DEVICE=DEVICE
U 25 0 10 0 1 0 VALUE=VALUE
U 25 -14 10 0 1 0 MANF_P/N=MANF_P/N
U 0 0 10 0 1 0 FORWARD_PCB=1
b 20 20 120 210
P 1 0 75 20 75 0 2 0
L 25 75 10 0 2 0 1 0 A0
A 0 75 10 0 3 0 PINTYPE=IN
A 10 75 10 0 3 3 #=1
P 2 0 65 20 65 0 2 0
L 25 65 10 0 2 0 1 0 A1
A 0 65 10 0 3 0 PINTYPE=IN
A 10 65 10 0 3 3 #=2
P 4 140 195 120 195 0 3 0
L 115 195 10 0 8 0 1 0 VCC
A 140 195 10 0 9 0 PINTYPE=IN
A 125 195 10 0 3 3 #=16
P 5 140 35 120 35 0 3 0
L 115 35 10 0 8 0 1 0 GND
A 140 35 10 0 9 0 PINTYPE=IN
A 125 35 10 0 3 3 #=8
P 6 0 55 20 55 0 2 0
L 25 55 10 0 2 0 1 0 A2
A 0 55 10 0 3 0 PINTYPE=IN
A 15 55 10 0 9 3 #=13
P 7 0 165 20 165 0 2 0
L 25 165 10 0 2 0 1 0 SDA
A 0 165 10 0 3 0 PINTYPE=BI
A 15 165 10 0 9 3 #=15
P 8 0 175 20 175 0 2 0
L 25 175 10 0 2 0 1 0 SCL
A 0 175 10 0 3 0 PINTYPE=IN
A 15 175 10 0 9 3 #=14
P 9 140 175 120 175 0 3 0
L 115 175 10 0 8 0 1 0 SC0
A 140 175 10 0 9 0 PINTYPE=BI
A 125 175 10 0 3 3 #=5
P 10 140 165 120 165 0 3 0
L 115 165 10 0 8 0 1 0 SD0
A 140 165 10 0 9 0 PINTYPE=BI
A 125 165 10 0 3 3 #=4
P 11 140 135 120 135 0 3 0
L 115 135 10 0 8 0 1 0 SD1
A 140 135 10 0 9 0 PINTYPE=IN
A 125 135 10 0 3 3 #=6
P 12 140 145 120 145 0 3 0
L 115 145 10 0 8 0 1 0 SC1
A 140 145 10 0 9 0 PINTYPE=IN
A 125 145 10 0 3 3 #=7
P 13 140 105 120 105 0 3 0
L 115 105 10 0 8 0 1 0 SD2
A 140 105 10 0 9 0 PINTYPE=IN
A 125 105 10 0 3 3 #=9
P 14 140 115 120 115 0 3 0
L 115 115 10 0 8 0 1 0 SC2
A 140 115 10 0 9 0 PINTYPE=IN
A 125 115 10 0 3 3 #=10
P 15 140 75 120 75 0 3 0
L 115 75 10 0 8 0 1 0 SD3
A 140 75 10 0 9 0 PINTYPE=IN
A 125 75 10 0 3 3 #=11
P 16 140 85 120 85 0 3 0
L 115 85 10 0 8 0 1 0 SC3
A 140 85 10 0 9 0 PINTYPE=IN
A 125 85 10 0 3 3 #=12
P 97 140 55 120 55 0 3 0
L 115 55 10 0 8 0 1 0 RESET_B
A 140 55 10 0 9 0 PINTYPE=IN
A 125 55 10 0 3 3 #=3
E 
