V 53
K 1446749162 thgbmfg6c1lbail.1
F Case
|R 10:46:2_11-5-15
D 0 280 140 -20
Y 1
Z 10
i 199
U 0 -10 10 0 3 0 HETERO=THGBMFG6C1LBAIL,THGBMFG6C1LBAIL_NC
U 75 -55 10 0 9 0 VALUE=VALUE
U 40 270 10 0 6 3 DEVICE=DEVICE
U 20 -20 16 0 3 3 REFDES=U?
U 85 -15 10 0 3 3 PKG_TYPE=PKG_TYPE
U 0 -20 10 0 1 0 FORWARD_PCB=1
b 20 0 120 270
P 1 0 250 20 250 0 2 0
L 25 250 10 0 2 0 1 0 DAT0
A 20 252 5 0 2 0 PINTYPE=BI
A 15 250 10 0 9 3 #=A3
P 2 0 240 20 240 0 2 0
L 25 240 10 0 2 0 1 0 DAT1
A 20 242 5 0 2 0 PINTYPE=BI
A 15 240 10 0 9 3 #=A4
P 3 0 230 20 230 0 2 0
L 25 230 10 0 2 0 1 0 DAT2
A 20 232 5 0 2 0 PINTYPE=BI
A 15 230 10 0 9 3 #=A5
P 4 0 220 20 220 0 2 0
L 25 220 10 0 2 0 1 0 DAT3
A 20 222 5 0 2 0 PINTYPE=BI
A 15 220 10 0 9 3 #=B2
P 5 0 210 20 210 0 2 0
L 25 210 10 0 2 0 1 0 DAT4
A 20 212 5 0 2 0 PINTYPE=BI
A 15 210 10 0 9 3 #=B3
P 6 0 200 20 200 0 2 0
L 25 200 10 0 2 0 1 0 DAT5
A 20 202 5 0 2 0 PINTYPE=BI
A 15 200 10 0 9 3 #=B4
P 7 0 190 20 190 0 2 0
L 25 190 10 0 2 0 1 0 DAT6
A 20 192 5 0 2 0 PINTYPE=BI
A 15 190 10 0 9 3 #=B5
P 8 0 180 20 180 0 2 0
L 25 180 10 0 2 0 1 0 DAT7
A 15 180 10 0 9 3 #=B6
A 20 182 5 0 2 0 PINTYPE=BI
P 17 0 110 20 110 0 2 0
L 25 110 10 0 2 0 1 0 RST_B
A 20 112 10 0 2 0 PINTYPE=IN
A 15 110 10 0 9 3 #=K5
P 19 0 150 20 150 0 2 0
L 25 150 10 0 2 0 1 0 CLK
A 20 152 10 0 2 0 PINTYPE=IN
A 15 150 10 0 9 3 #=M6
P 35 140 250 120 250 0 3 0
L 115 250 10 0 8 0 1 0 VCC1
A 120 252 10 0 2 0 PINTYPE=POWER
A 125 250 10 0 3 3 #=E6
P 36 140 240 120 240 0 3 0
L 115 240 10 0 8 0 1 0 VCC2
A 120 242 10 0 2 0 PINTYPE=POWER
A 125 240 10 0 3 3 #=F5
P 37 140 230 120 230 0 3 0
L 115 230 10 0 8 0 1 0 VCC3
A 120 232 10 0 2 0 PINTYPE=POWER
A 125 230 10 0 3 3 #=J10
P 38 140 220 120 220 0 3 0
L 115 220 10 0 8 0 1 0 VCC4
A 120 222 10 0 2 0 PINTYPE=POWER
A 125 220 10 0 3 3 #=K9
P 44 140 200 120 200 0 3 0
L 115 200 10 0 8 0 1 0 VDDI
A 125 200 10 0 3 3 #=C2
A 120 202 10 0 2 0 PINTYPE=IN
P 46 140 170 120 170 0 3 0
L 115 170 10 0 8 0 1 0 VCCQ2
A 120 172 10 0 2 0 PINTYPE=IN
A 125 170 10 0 3 3 #=M4
P 47 140 160 120 160 0 3 0
L 115 160 10 0 8 0 1 0 VCCQ3
A 120 162 10 0 2 0 PINTYPE=IN
A 125 160 10 0 3 3 #=N4
P 48 140 150 120 150 0 3 0
L 115 150 10 0 8 0 1 0 VCCQ4
A 120 152 10 0 2 0 PINTYPE=IN
A 125 150 10 0 3 3 #=P3
P 49 140 140 120 140 0 3 0
L 115 140 10 0 8 0 1 0 VCCQ5
A 120 142 10 0 2 0 PINTYPE=IN
A 125 140 10 0 3 3 #=P5
P 55 140 120 120 120 0 3 0
L 115 120 10 0 8 0 1 0 VSSQ1
A 120 122 10 0 2 0 PINTYPE=POWER
A 125 120 10 0 3 3 #=C4
P 56 140 110 120 110 0 3 0
L 115 110 10 0 8 0 1 0 VSSQ2
A 120 112 10 0 2 0 PINTYPE=POWER
A 125 110 10 0 3 3 #=N2
P 57 140 100 120 100 0 3 0
L 115 100 10 0 8 0 1 0 VSSQ3
A 120 102 10 0 2 0 PINTYPE=POWER
A 125 100 10 0 3 3 #=N5
P 58 140 90 120 90 0 3 0
L 115 90 10 0 8 0 1 0 VSSQ4
A 120 92 10 0 2 0 PINTYPE=POWER
A 125 90 10 0 3 3 #=P4
P 69 140 30 120 30 0 3 0
L 115 25 10 0 9 0 1 0 VSS4
A 125 30 10 0 9 0 PINTYPE=POWER
A 125 30 10 0 3 3 #=K8
P 73 140 80 120 80 0 3 0
L 115 80 10 0 8 0 1 0 VSSQ5
A 125 80 10 0 3 3 #=P6
A 120 82 10 0 2 0 PINTYPE=POWER
P 82 140 40 120 40 0 3 0
L 115 35 10 0 9 0 1 0 VSS3
A 125 40 10 0 9 0 PINTYPE=POWER
A 125 40 10 0 3 3 #=H10
P 83 140 50 120 50 0 3 0
L 115 45 10 0 9 0 1 0 VSS2
A 125 50 10 0 9 0 PINTYPE=POWER
A 125 50 10 0 3 3 #=G5
P 84 140 60 120 60 0 3 0
L 115 55 10 0 9 0 1 0 VSS1
A 125 60 10 0 9 0 PINTYPE=POWER
A 125 60 10 0 3 3 #=E7
P 89 140 180 120 180 0 3 0
L 115 180 10 0 8 0 1 0 VCCQ1
A 120 182 10 0 2 0 PINTYPE=IN
A 125 180 10 0 3 3 #=C6
P 90 0 130 20 130 0 2 0
L 25 130 10 0 2 0 1 0 CMD
A 15 130 10 0 9 3 #=M5
A 20 132 10 0 2 0 PINTYPE=IN
P 190 0 90 20 90 0 2 0
L 25 90 10 0 2 0 1 0 DATA_STB
A 20 92 10 0 2 0 PINTYPE=OUT
A 15 90 10 0 9 3 #=H5
P 194 0 50 20 50 0 2 0
L 25 50 10 0 2 0 1 0 VSS6
A 20 52 10 0 8 0 PINTYPE=POWER
A 15 50 10 0 9 3 #=J5
P 198 0 60 20 60 0 2 0
L 25 60 10 0 2 0 1 0 VSS5
A 20 62 10 0 8 0 PINTYPE=POWER
A 15 60 10 0 9 3 #=A6
E 
