V 51
K 382174916800 tl1963a_33dcyr
|R 18:14_5-10-11
Y 1
D 0 0 120 80
Z 10
i 51
U -190 -40 10 0 3 0 LEVEL=STD
U -190 -50 10 0 3 0 PARTS=1
U 5 0 16 0 3 3 REFDES=U?
U 30 70 10 0 3 3 DEVICE=XXXXXX
U 80 10 10 0 3 3 PKG_TYPE=XXXXXX
P 49 0 50 20 50 0 2 0
A -30 40 10 0 9 0 PINTYPE=BI
A 20 50 10 0 9 3 #=1
L 25 50 10 0 2 1 1 0 IN
P 19 120 50 100 50 0 3 0
A 100 50 10 0 3 3 #=3
A 160 45 10 0 3 0 PINTYPE=BI
L 95 50 10 0 8 1 1 0 OUT
P 50 50 0 50 20 0 1 0
A 50 20 10 3 1 0 PINTYPE=BI
L 55 25 10 1 3 0 0 0 GND1
A 40 20 10 0 1 3 #=2
b 20 20 100 70
T 50 25 10 1 2 GND
Q 15 0 0
T 70 25 10 1 2 GND
Q 15 0 0
P 51 70 0 70 20 0 1 0
A 70 20 10 3 1 0 PINTYPE=BI
L 75 25 10 1 3 0 0 0 GND2
A 60 20 10 0 1 3 #=4
E
