V 51
K 149885421300 tpd4e001drlr
|R 16:18_4-22-13
Y 1
D 0 0 150 60
Z 10
i 36
U -20 -20 10 0 3 0 LEVEL=STD
U -20 -40 10 0 3 0 PARTS=1
U 90 -10 10 0 3 3 PKG_TYPE=PKG_TYPE
U 32 -17 16 0 3 3 REFDES=U?
U 30 60 10 0 3 3 DEVICE=DEVICE
P 36 150 50 120 50 0 3 0
L 120 45 10 0 9 0 1 0 VCC
A 190 51 10 0 3 0 PINTYPE=BI
A 130 50 10 0 9 3 #=6
P 35 0 10 30 10 0 2 0
A 0 10 10 0 3 0 PINTYPE=BI
A 20 10 10 0 3 3 #=3
L 35 5 10 0 3 1 1 0 GND
P 34 0 30 30 30 0 2 0
A 0 30 10 0 3 0 PINTYPE=BI
A 20 30 10 0 3 3 #=2
L 35 25 10 0 3 1 1 0 IO2
P 33 0 50 30 50 0 2 0
A 0 50 10 0 3 0 PINTYPE=BI
A 20 50 10 0 3 3 #=1
L 35 45 10 0 3 0 1 0 IO1
P 22 150 10 120 10 0 3 0
A 130 10 10 0 9 3 #=4
A 190 11 10 0 3 0 PINTYPE=BI
L 120 5 10 0 9 0 1 0 IO3
P 20 150 30 120 30 0 3 0
A 130 30 10 0 9 3 #=5
A 190 31 10 0 3 0 PINTYPE=BI
L 120 25 10 0 9 0 1 0 IO4
b 30 0 120 60
E
