V 53
K 1437681926 TPD4E05U06DQAR.1
F Case
|R 14:05:26_7-23-15
D 0 120 120 0
Y 1
Z 10
i 27
U 0 -50 10 0 3 0 VALUE=TPD4E05U06DQAR
U 0 -40 10 0 3 0 LEVEL=STD
U 0 -30 10 0 3 0 PARTS=1
U 20 100 10 0 3 3 DEVICE=TPD4E05U06DQAR
U 20 5 16 0 3 3 REFDES=U?
U 65 10 10 0 3 3 PKG_TYPE=DQA_R_PSON_N10
U 0 0 10 0 1 0 FORWARD_PCB=1
l 2 80 90 45 90 
l 2 80 80 45 80 
l 2 80 30 45 30 
b 20 20 100 100
l 2 80 40 45 40 
P 3 0 60 20 60 0 2 0
L 20 55 10 0 3 0 1 0 GND1
A -10 60 10 0 3 0 PINTYPE=BI
A 15 60 10 0 9 3 #=3
P 9 0 80 20 80 0 2 0
L 20 75 10 0 3 0 1 0 D1_N
A -40 80 10 0 3 0 PINTYPE=IN
A 15 80 10 0 9 3 #=2
P 16 0 90 20 90 0 2 0
L 20 85 10 0 3 0 1 0 D1_P
A -40 90 10 0 3 0 PINTYPE=IN
A 15 90 10 0 9 3 #=1
P 20 120 60 100 60 0 3 0
L 100 55 10 0 9 0 1 0 GND2
A 105 60 10 0 3 3 #=8
A 130 60 10 0 9 0 PINTYPE=BI
P 21 0 40 20 40 0 2 0
L 20 35 10 0 3 0 1 0 D2_P
A 15 40 10 0 9 3 #=4
A -40 40 10 0 3 0 PINTYPE=IN
P 22 0 30 20 30 0 2 0
L 20 25 10 0 3 0 1 0 D2_N
A 15 30 10 0 9 3 #=5
A -40 30 10 0 3 0 PINTYPE=IN
P 23 120 30 100 30 0 3 0
L 100 25 10 0 9 0 1 0 NC1
A 105 30 10 0 3 3 #=6
A 130 30 10 0 9 0 PINTYPE=BI
P 24 120 40 100 40 0 3 0
L 100 35 10 0 9 0 1 0 NC2
A 130 40 10 0 9 0 PINTYPE=BI
A 105 40 10 0 3 3 #=7
P 25 120 80 100 80 0 3 0
L 100 75 10 0 9 0 1 0 NC3
A 130 80 10 0 9 0 PINTYPE=BI
A 105 80 10 0 3 3 #=9
P 26 120 90 100 90 0 3 0
L 100 85 10 0 9 0 1 0 NC4
A 105 90 10 0 3 3 #=10
A 130 90 10 0 9 0 PINTYPE=BI
E 
