V 53
K 1439922437 TPS74701DRCR.1
F Case
|R 11:27:17_8-18-15
D 0 200 190 0
Y 1
Z 10
i 37
U 125 5 10 0 3 3 PKG_TYPE=XXXX
U 30 185 10 0 3 3 DEVICE=XXXX
U 105 110 10 0 3 0 VALUE=XXXX
U 32 3 16 0 3 3 REFDES=U?
U 32 3 10 0 1 0 MANF_P/N=XXXX
U 0 0 10 0 1 0 FORWARD_PCB=1
b 30 20 160 185
|GRPHSTL 3249763 0 0 1
P 15 0 150 30 150 0 2 0
L 35 150 10 0 2 0 1 0 IN2
Q 15 0 0
|FNTSTL 16777215 0
A 20 150 10 0 3 3 #=2
A -40 151 10 0 9 0 PINTYPE=POWER
P 16 0 40 30 40 0 2 0
L 35 40 10 0 2 0 1 0 SS
A 20 40 10 0 3 3 #=7
A -40 41 10 0 9 0 PINTYPE=IN
P 17 0 60 30 60 0 2 0
L 35 60 10 0 2 0 1 0 EN
A 20 60 10 0 3 3 #=5
A -40 61 10 0 9 0 PINTYPE=IN
P 24 0 170 30 170 0 2 0
L 35 170 10 0 2 0 1 0 IN1
Q 15 0 0
|FNTSTL 16777215 0
A 20 170 10 0 3 3 #=1
A -40 171 10 0 9 0 PINTYPE=POWER
P 28 190 40 160 40 0 3 0
L 120 40 10 0 2 0 1 0 GNDPAD
A 175 40 10 0 9 3 #=11
A 190 40 10 0 9 0 PINTYPE=GROUND
P 29 0 120 30 120 0 2 0
L 35 120 10 0 2 0 1 0 BIAS
Q 15 0 0
|FNTSTL 16777215 0
A 20 120 10 0 3 3 #=4
A -40 121 10 0 9 0 PINTYPE=POWER
P 30 190 90 160 90 0 3 0
L 140 90 10 0 2 0 1 0 PG
A 190 90 10 0 9 0 PINTYPE=OUT
A 170 90 10 0 9 3 #=3
P 31 190 110 160 110 0 3 0
L 140 110 10 0 2 0 1 0 FB
A 170 110 10 0 9 3 #=8
A 190 110 10 0 9 0 PINTYPE=IN
P 32 190 150 160 150 0 3 0
L 155 150 10 0 8 0 1 0 OUT2
Q 15 0 0
|FNTSTL 16777215 0
A 190 150 10 0 9 0 PINTYPE=POWER
A 175 150 10 0 9 3 #=10
P 33 190 170 160 170 0 3 0
L 155 170 10 0 8 0 1 0 OUT1
Q 15 0 0
|FNTSTL 16777215 0
A 170 170 10 0 9 3 #=9
A 190 170 10 0 9 0 PINTYPE=POWER
P 81 190 60 160 60 0 3 0
L 135 60 10 0 2 0 1 0 GND
A 175 60 10 0 9 3 #=6
A 190 60 10 0 9 0 PINTYPE=GROUND
E 
