V 51
K 95912848790 tps7a4901
|R 19:21_6-16-13
Y 1
D 0 0 120 130
Z 10
i 52
U 0 -40 10 0 3 0 DIST_P/N=296-27751-2-ND
U 0 -30 10 0 3 0 DIST=DIGIKEY
U 0 -20 10 0 3 0 MFG_P/N=TPS7A4901DGNR
U 0 -10 10 0 3 0 MFG=TEXAS INSTRUMENTS
U -190 -40 10 0 3 0 LEVEL=STD
U -190 -50 10 0 3 0 PARTS=1
P 49 0 100 20 100 0 2 0
A -30 90 10 0 9 0 PINTYPE=IN
A 15 100 10 0 9 3 #=8
L 25 100 10 0 2 1 1 0 IN
P 20 0 50 20 50 0 2 0
A -30 40 10 0 9 0 PINTYPE=BI
A 15 50 10 0 9 3 #=3
L 25 50 10 0 2 0 1 0 NC_3
P 22 0 40 20 40 0 2 0
L 25 40 10 0 2 1 1 0 NC_7
A 15 40 10 0 9 3 #=7
A -30 30 10 0 9 0 PINTYPE=BI
U 60 10 10 0 3 3 PKG_TYPE=MSOP_8
U 25 0 16 0 3 3 REFDES=U?
b 20 20 100 110
P 51 0 30 20 30 0 2 0
L 25 30 10 0 2 0 1 0 NR_SS
A 15 30 10 0 9 3 #=6
A -30 20 10 0 9 0 PINTYPE=IN
P 52 120 30 100 30 0 3 0
A 105 30 10 0 3 3 #=4
A 160 25 10 0 3 0 PINTYPE=IN
L 95 30 10 0 8 0 1 0 GND
P 27 120 40 100 40 0 3 0
A 105 40 10 0 3 3 #=9
A 160 35 10 0 3 0 PINTYPE=IN
L 95 40 10 0 8 0 1 0 EPAD
P 19 120 100 100 100 0 3 0
A 105 100 10 0 3 3 #=1
A 160 95 10 0 3 0 PINTYPE=OUT
L 95 100 10 0 8 1 1 0 OUT
P 18 0 80 20 80 0 2 0
L 25 80 10 0 2 1 1 0 EN
A 15 80 10 0 9 3 #=5
A -30 70 10 0 9 0 PINTYPE=IN
P 38 120 50 100 50 0 3 0
A 105 50 10 0 3 3 #=2
A 160 45 10 0 3 0 PINTYPE=IN
L 95 50 10 0 8 0 1 0 FB
U 25 110 10 0 3 3 DEVICE=TPS7A4901
E
