V 53
K 1452792776 ts3a4741.1
F Case
|R 9:32:56_1-14-16
D 0 140 120 0
Y 1
Z 10
i 29
U 0 -60 10 0 3 0 DIST_P/N=296-24793-1-ND
U 0 -50 10 0 3 0 DIST=DIGIKEY
U 0 -40 10 0 3 0 MANF_P/N=TS3A4741DCNR
U 0 -30 10 0 3 0 MANF=TI
U 0 -20 10 0 3 0 PARTS=1
U 0 -10 10 0 3 0 LEVEL=STD
U 20 0 16 0 3 3 REFDES=U?
U 25 125 10 0 3 3 DEVICE=TS3A4741
U 60 5 10 0 3 3 PKG_TYPE=SOT23_8
U 0 0 10 0 1 0 FORWARD_PCB=1
l 2 60 40 60 66 
Q 2 0 1
|GRPHSTL 33280 0 1 1
l 2 60 40 44 40 
Q 2 0 1
|GRPHSTL 33280 0 1 1
l 2 60 50 44 50 
Q 2 0 1
|GRPHSTL 33280 0 1 1
l 2 62 75 54 70 
c 54 70 2
Q 2 1 0
|GRPHSTL 33280 1 0 1
l 2 54 70 43 70 
l 2 72 70 61 70 
l 2 63 73 61 70 
l 2 65 70 63 73 
l 2 62 85 54 80 
c 54 80 2
Q 2 1 0
|GRPHSTL 33280 1 0 1
l 2 54 80 43 80 
l 2 72 80 61 80 
l 2 63 83 61 80 
l 2 65 80 63 83 
T 30 90 10 0 3 2 x SPST
b 20 20 100 120
P 1 0 50 20 50 0 2 0
L 25 45 10 0 3 0 1 0 IN1
A 0 50 10 0 3 0 PINTYPE=BI
A 10 50 10 0 3 3 #=1
P 9 120 80 100 80 0 3 0
L 75 75 10 0 3 0 1 0 COM1
A 120 80 10 0 9 0 PINTYPE=BI
A 110 80 10 0 9 3 #=7
P 10 0 80 20 80 0 2 0
L 25 75 10 0 3 0 1 0 NO1
A 0 80 10 0 3 0 PINTYPE=BI
A 10 80 10 0 3 3 #=8
P 11 0 40 20 40 0 2 0
L 25 35 10 0 3 0 1 0 IN2
A 0 40 10 0 3 0 PINTYPE=BI
A 10 40 10 0 3 3 #=6
P 12 0 70 20 70 0 2 0
L 25 65 10 0 3 0 1 0 NO2
A 0 70 10 0 3 0 PINTYPE=BI
A 10 70 10 0 3 3 #=3
P 17 120 70 100 70 0 3 0
L 75 65 10 0 3 0 1 0 COM2
A 120 70 10 0 9 0 PINTYPE=BI
A 110 70 10 0 9 3 #=4
P 25 120 100 100 100 0 3 0
L 80 95 10 0 3 0 1 0 VCC
A 120 100 10 0 9 0 PINTYPE=IN
A 110 100 10 0 9 3 #=2
P 28 120 40 100 40 0 3 0
L 80 35 10 0 3 0 1 0 GND
A 120 40 10 0 9 0 PINTYPE=IN
A 110 40 10 0 9 3 #=5
E 
