V 53
K 1437092478 ts3a27518e.1
F Case
|R 17:21:18_7-16-15
D 0 225 130 0
Y 1
Z 10
i 233
U 0 -60 10 0 3 0 DIST_P/N=296-21913-1-ND
U 0 -50 10 0 3 0 DIST=DIGIKEY
U 0 -40 10 0 3 0 MANF_P/N=TS3A25718EPWR
U 0 -30 10 0 3 0 MANF=TI
U 0 -20 10 0 3 0 PARTS=1
U 0 -10 10 0 3 0 LEVEL=STD
U 20 0 16 0 3 3 REFDES=U?
U 70 5 10 0 3 3 PKG_TYPE=TSSOP_24
U 15 210 10 0 3 3 DEVICE=TS3A27518e
U 0 0 10 0 1 0 FORWARD_PCB=1
T 45 195 10 0 3 6 x SPDT
l 2 61 58 68 60 
l 2 64 55 62 58 
l 2 60 55 62 58 
l 2 62 62 60 65 
l 2 62 62 64 65 
l 2 64 55 49 55 
c 70 60 2
Q 2 1 0
|GRPHSTL 33280 1 0 1
l 2 72 60 79 60 
l 2 64 85 49 85 
l 2 61 78 68 80 
l 2 64 75 62 78 
l 2 60 75 62 78 
l 2 62 82 60 85 
l 2 62 82 64 85 
l 2 64 75 49 75 
c 70 80 2
Q 2 1 0
|GRPHSTL 33280 1 0 1
b 20 20 110 210
l 2 72 80 79 80 
l 2 64 65 49 65 
l 2 50 180 61 180 
Q 2 0 1
|GRPHSTL 33280 0 1 1
l 2 70 180 59 180 
Q 2 0 1
|GRPHSTL 33280 0 1 1
l 2 61 98 68 100 
l 2 64 95 62 98 
l 2 60 95 62 98 
l 2 62 102 60 105 
l 2 62 102 64 105 
l 2 64 95 49 95 
c 70 100 2
Q 2 1 0
|GRPHSTL 33280 1 0 1
l 2 72 100 79 100 
l 2 64 125 49 125 
l 2 61 118 68 120 
l 2 64 115 62 118 
l 2 60 115 62 118 
l 2 62 122 60 125 
l 2 62 122 64 125 
l 2 64 115 49 115 
c 70 120 2
Q 2 1 0
|GRPHSTL 33280 1 0 1
l 2 72 120 79 120 
l 2 64 105 49 105 
l 2 61 138 68 140 
l 2 64 135 62 138 
l 2 60 135 62 138 
l 2 62 142 60 145 
l 2 62 142 64 145 
l 2 64 135 49 135 
c 70 140 2
Q 2 1 0
|GRPHSTL 33280 1 0 1
l 2 72 140 79 140 
l 2 64 165 49 165 
l 2 61 158 68 160 
l 2 64 155 62 158 
l 2 60 155 62 158 
l 2 62 162 60 165 
l 2 62 162 64 165 
l 2 64 155 49 155 
c 70 160 2
Q 2 1 0
|GRPHSTL 33280 1 0 1
l 2 72 160 79 160 
l 2 64 145 49 145 
l 2 50 190 61 190 
Q 2 0 1
|GRPHSTL 33280 0 1 1
l 3 70 170 70 190 59 190 
Q 2 0 1
|GRPHSTL 33280 0 1 1
P 1 0 85 20 85 0 2 0
L 25 80 10 0 3 0 1 0 NO5
A 0 85 10 0 3 0 PINTYPE=BI
A 5 85 10 0 3 3 #=18
P 9 130 80 110 80 0 3 0
L 85 80 10 0 2 0 1 0 COM5
A 130 80 10 0 9 0 PINTYPE=BI
A 125 80 10 0 9 3 #=10
P 10 0 75 20 75 0 2 0
L 25 70 10 0 3 0 1 0 NC5
A 0 75 10 0 3 0 PINTYPE=BI
A 5 75 10 0 3 3 #=19
P 11 0 65 20 65 0 2 0
L 25 60 10 0 3 0 1 0 NO6
A 0 65 10 0 3 0 PINTYPE=BI
A 5 65 10 0 3 3 #=16
P 12 0 55 20 55 0 2 0
L 25 50 10 0 3 0 1 0 NC6
A 0 55 10 0 3 0 PINTYPE=BI
A 5 55 10 0 3 3 #=22
P 17 130 60 110 60 0 3 0
L 85 60 10 0 2 0 1 0 COM6
A 130 60 10 0 9 0 PINTYPE=BI
A 125 60 10 0 9 3 #=12
P 25 130 190 110 190 0 3 0
L 90 185 10 0 3 0 1 0 VCC
A 130 190 10 0 9 0 PINTYPE=IN
A 120 190 10 0 9 3 #=8
P 28 130 40 110 40 0 3 0
L 90 35 10 0 3 0 1 0 GND
A 130 40 10 0 9 0 PINTYPE=IN
A 120 40 10 0 9 3 #=5
P 31 0 180 20 180 0 2 0
L 25 175 10 0 3 0 1 0 IN2
A 0 180 10 0 3 0 PINTYPE=IN
A 5 180 10 0 3 3 #=14
P 32 0 190 20 190 0 2 0
L 25 185 10 0 3 0 1 0 IN1
A 0 190 10 0 3 0 PINTYPE=IN
A 5 190 10 0 3 3 #=24
P 96 0 125 20 125 0 2 0
L 25 125 10 0 2 0 1 0 NO3
A 0 125 10 0 3 0 PINTYPE=BI
A 5 125 10 0 3 3 #=15
P 98 130 120 110 120 0 3 0
L 85 120 10 0 2 0 1 0 COM3
A 130 120 10 0 9 0 PINTYPE=BI
A 120 120 10 0 9 3 #=7
P 100 0 115 20 115 0 2 0
L 25 115 10 0 2 0 1 0 NC3
A 0 115 10 0 3 0 PINTYPE=BI
A 5 115 10 0 3 3 #=23
P 102 0 105 20 105 0 2 0
L 25 105 10 0 2 0 1 0 NO4
A 0 105 10 0 3 0 PINTYPE=BI
A 5 105 10 0 3 3 #=17
P 104 0 95 20 95 0 2 0
L 25 95 10 0 2 0 1 0 NC4
A 0 95 10 0 3 0 PINTYPE=BI
A 5 95 10 0 3 3 #=21
P 106 130 100 110 100 0 3 0
L 85 100 10 0 2 0 1 0 COM4
A 130 100 10 0 9 0 PINTYPE=BI
A 120 100 10 0 9 3 #=9
P 156 0 165 20 165 0 2 0
L 25 165 10 0 2 0 1 0 NO1
A 0 165 10 0 3 0 PINTYPE=BI
A 5 165 10 0 3 3 #=11
P 158 130 160 110 160 0 3 0
L 85 160 10 0 2 0 1 0 COM1
A 130 160 10 0 9 0 PINTYPE=BI
A 120 160 10 0 9 3 #=4
P 160 0 155 20 155 0 2 0
L 25 155 10 0 2 0 1 0 NC1
A 0 155 10 0 3 0 PINTYPE=BI
A 5 155 10 0 3 3 #=2
P 162 0 145 20 145 0 2 0
L 25 145 10 0 2 0 1 0 NO2
A 0 145 10 0 3 0 PINTYPE=BI
A 5 145 10 0 3 3 #=13
P 164 0 135 20 135 0 2 0
L 25 135 10 0 2 0 1 0 NC2
A 0 135 10 0 3 0 PINTYPE=BI
A 5 135 10 0 3 3 #=1
P 166 130 140 110 140 0 3 0
L 85 140 10 0 2 0 1 0 COM2
A 130 140 10 0 9 0 PINTYPE=BI
A 120 140 10 0 9 3 #=6
P 200 0 40 20 40 0 2 0
L 25 35 10 0 3 0 1 0 EN_B
A 0 40 10 0 3 0 PINTYPE=BI
A 5 40 10 0 3 3 #=20
P 232 130 175 110 175 0 3 0
L 85 170 10 0 3 0 1 0 N.C.
A 130 175 10 0 9 0 PINTYPE=IN
A 120 175 10 0 9 3 #=3
E 
