V 51
K 257556898100 ts3a4751
|R 5:12_11-30-12
Y 1
D 0 0 120 180
Z 10
i 33
U 0 -60 10 0 3 0 DIST_P/N=296-24477-1-ND
U 0 -50 10 0 3 0 DIST=DIGIKEY
U 0 -40 10 0 3 0 MANF_P/N=TS3A4751RGYR
U 0 -30 10 0 3 0 MANF=FAIRCHILD
U 0 -20 10 0 3 0 PARTS=1
U 0 -10 10 0 3 0 LEVEL=STD
U 20 0 16 0 3 3 REFDES=U?
U 60 10 10 0 3 3 PKG_TYPE=VQFN_14
P 17 120 110 100 110 0 3 0
L 75 105 10 0 3 0 1 0 COM2
A 120 110 10 0 9 0 PINTYPE=BI
A 110 110 10 0 9 3 #=4
P 28 120 40 100 40 0 3 0
L 80 35 10 0 3 0 1 0 GND
A 120 40 10 0 9 0 PINTYPE=IN
A 110 40 10 0 9 3 #=7
P 25 120 140 100 140 0 3 0
L 80 135 10 0 3 0 1 0 VCC
A 120 140 10 0 9 0 PINTYPE=IN
A 115 140 10 0 9 3 #=14
P 15 0 40 20 40 0 2 0
L 25 35 10 0 3 0 1 0 IN4
A 0 40 10 0 3 0 PINTYPE=BI
A 5 40 10 0 3 3 #=12
P 9 120 120 100 120 0 3 0
L 75 115 10 0 3 0 1 0 COM1
A 120 120 10 0 9 0 PINTYPE=BI
A 110 120 10 0 9 3 #=2
P 19 120 100 100 100 0 3 0
L 75 95 10 0 3 0 1 0 COM3
A 120 100 10 0 9 0 PINTYPE=BI
A 110 100 10 0 9 3 #=9
P 20 120 90 100 90 0 3 0
L 75 85 10 0 3 0 1 0 COM4
A 120 90 10 0 9 0 PINTYPE=BI
A 115 90 10 0 9 3 #=10
P 10 0 120 20 120 0 2 0
L 25 115 10 0 3 0 1 0 NO1
A 0 120 10 0 3 0 PINTYPE=BI
A 10 120 10 0 3 3 #=1
P 12 0 110 20 110 0 2 0
L 25 105 10 0 3 0 1 0 NO2
A 0 110 10 0 3 0 PINTYPE=BI
A 10 110 10 0 3 3 #=3
P 14 0 100 20 100 0 2 0
L 25 95 10 0 3 0 1 0 NO3
A 0 100 10 0 3 0 PINTYPE=BI
A 10 100 10 0 3 3 #=8
P 16 0 90 20 90 0 2 0
L 25 85 10 0 3 0 1 0 NO4
A 0 90 10 0 3 0 PINTYPE=BI
A 5 90 10 0 3 3 #=11
P 13 0 50 20 50 0 2 0
L 25 45 10 0 3 0 1 0 IN3
A 0 50 10 0 3 0 PINTYPE=BI
A 10 50 10 0 3 3 #=6
P 11 0 60 20 60 0 2 0
L 25 55 10 0 3 0 1 0 IN2
A 0 60 10 0 3 0 PINTYPE=BI
A 10 60 10 0 3 3 #=5
P 1 0 70 20 70 0 2 0
L 25 65 10 0 3 0 1 0 IN1
A 0 70 10 0 3 0 PINTYPE=BI
A 5 70 10 0 3 3 #=13
l 2 62 95 54 90
c 54 90 2
Q 2 1 0
l 2 54 90 43 90
l 2 72 90 61 90
l 2 63 93 61 90
l 2 65 90 63 93
l 2 62 105 54 100
c 54 100 2
Q 2 1 0
l 2 54 100 43 100
l 2 72 100 61 100
l 2 63 103 61 100
l 2 65 100 63 103
l 2 62 115 54 110
c 54 110 2
Q 2 1 0
l 2 54 110 43 110
l 2 72 110 61 110
l 2 63 113 61 110
l 2 65 110 63 113
l 2 62 125 54 120
c 54 120 2
Q 2 1 0
l 2 54 120 43 120
l 2 72 120 61 120
l 2 63 123 61 120
l 2 65 120 63 123
l 2 59 40 59 86
Q 2 0 1
b 20 20 100 160
l 2 59 40 43 40
Q 2 0 1
l 2 59 50 43 50
Q 2 0 1
l 2 59 60 43 60
Q 2 0 1
l 2 59 70 43 70
Q 2 0 1
T 30 130 10 0 3 4 x SPST
Q 14 0 0
U 25 165 10 0 3 3 DEVICE=TS3A4751
E
