V 53
K 1444255780 ts5a23159_alt.1
F Case
|R 15:09:40_10-7-15
D 0 140 120 0
Y 1
Z 10
i 33
U 0 -60 10 0 3 0 DIST_P/N=296-21913-1-ND
U 0 -50 10 0 3 0 DIST=DIGIKEY
U 0 -40 10 0 3 0 MANF_P/N=TS5A23159DGSR
U 0 -30 10 0 3 0 MANF=TI
U 0 -20 10 0 3 0 PARTS=1
U 0 -10 10 0 3 0 LEVEL=STD
U 20 0 16 0 3 3 REFDES=U?
U 45 10 10 0 3 3 PKG_TYPE=DGS_MSOP_10
U 25 120 10 0 3 3 DEVICE=TS5A23159
U 0 0 10 0 1 0 FORWARD_PCB=1
b 20 20 100 120
P 1 0 45 20 45 0 2 0
L 25 40 10 0 3 0 1 0 NO1
A 0 45 10 0 3 0 PINTYPE=BI
A 10 45 10 0 3 3 #=2
P 9 120 75 100 75 0 3 0
L 75 70 10 0 3 0 1 0 COM1
A 120 75 10 0 9 0 PINTYPE=BI
A 115 75 10 0 9 3 #=10
P 10 0 75 20 75 0 2 0
L 25 70 10 0 3 0 1 0 NC1
A 0 75 10 0 3 0 PINTYPE=BI
A 10 75 10 0 3 3 #=9
P 11 0 35 20 35 0 2 0
L 25 30 10 0 3 0 1 0 NO2
A 0 35 10 0 3 0 PINTYPE=BI
A 10 35 10 0 3 3 #=4
P 12 0 65 20 65 0 2 0
L 25 60 10 0 3 0 1 0 NC2
A 0 65 10 0 3 0 PINTYPE=BI
A 10 65 10 0 3 3 #=7
P 17 120 65 100 65 0 3 0
L 75 60 10 0 3 0 1 0 COM2
A 120 65 10 0 9 0 PINTYPE=BI
A 110 65 10 0 9 3 #=6
P 25 120 105 100 105 0 3 0
L 80 100 10 0 3 0 1 0 VCC
A 120 105 10 0 9 0 PINTYPE=IN
A 110 105 10 0 9 3 #=8
P 28 120 35 100 35 0 3 0
L 80 30 10 0 3 0 1 0 GND
A 120 35 10 0 9 0 PINTYPE=IN
A 110 35 10 0 9 3 #=3
P 31 0 95 20 95 0 2 0
L 25 90 10 0 3 0 1 0 SEL2
A 0 95 10 0 3 0 PINTYPE=IN
A 10 95 10 0 3 3 #=5
P 32 0 105 20 105 0 2 0
L 25 100 10 0 3 0 1 0 SEL1
A 0 105 10 0 3 0 PINTYPE=IN
A 10 105 10 0 3 3 #=1
E 
