V 51
K 158629284700 ts5a3159a
|R 0:58_6-1-12
Y 1
D 0 0 120 100
Z 10
i 32
U 0 -60 10 0 3 0 DIST_P/N=296-19265-1-ND
U 0 -50 10 0 3 0 DIST=DIGIKEY
U 0 -40 10 0 3 0 MANF_P/N=TS5A3159ADBVR
U 0 -30 10 0 3 0 MANF=TI
U 0 -20 10 0 3 0 PARTS=1
U 0 -10 10 0 3 0 LEVEL=STD
U 20 0 16 0 3 3 REFDES=U?
U 55 10 10 0 3 3 PKG_TYPE=SOT23_6
U 25 80 10 0 3 3 DEVICE=TS5A3159A
P 28 120 30 100 30 0 3 0
L 80 25 10 0 3 0 1 0 GND
A 120 30 10 0 9 0 PINTYPE=IN
A 110 30 10 0 9 3 #=2
P 10 0 40 20 40 0 2 0
L 25 35 10 0 3 0 1 0 NC
A 0 40 10 0 3 0 PINTYPE=BI
A 10 40 10 0 3 3 #=3
P 1 0 60 20 60 0 2 0
L 25 55 10 0 3 0 1 0 NO
A 0 60 10 0 3 0 PINTYPE=BI
A 10 60 10 0 3 3 #=1
P 32 0 30 20 30 0 2 0
L 25 25 10 0 3 0 1 0 SEL
A 0 30 10 0 3 0 PINTYPE=IN
A 10 30 10 0 3 3 #=6
P 25 120 70 100 70 0 3 0
L 80 65 10 0 3 0 1 0 VCC
A 120 70 10 0 9 0 PINTYPE=IN
A 110 70 10 0 9 3 #=5
b 20 20 100 80
P 9 120 50 100 50 0 3 0
L 80 45 10 0 3 0 1 0 COM
A 120 50 10 0 9 0 PINTYPE=BI
A 110 50 10 0 9 3 #=4
E
