V 53
K 1398449685 tyco_2187194_recept.1
F Case
|R 11:14:45_4-25-14
D 0 780 170 0
Y 1
Z 10
i 143
U 60 500 10 0 3 0 MANF_P/N=2187194
U 60 510 10 0 3 0 MANF=TYCO
U 0 -30 10 0 3 0 PKG_TYPE=CON_TYCO_2187194
U 0 -40 10 0 3 0 LEVEL=STD
U 0 -50 10 0 3 0 PARTS=1
U 0 10 10 0 3 0 HETERO=TYCO_2187194_RECEPT,TYCO_2187194_RECEPT_GND1,TYCO_2187194_RECEPT_GND2
U 50 770 10 0 3 3 VALUE=RA_RECEPTACLE
U 30 0 10 0 3 3 DEVICE=TYCO_2187194_312_PIN
U 15 770 16 0 3 3 REFDES=J?
U 0 0 10 0 1 0 FORWARD_PCB=1
l 2 20 390 150 390 
b 20 10 150 770
P 22 0 420 20 420 0 2 0
L 25 420 10 0 2 0 1 0 RX11_P
A 15 420 10 0 9 3 #=J8
A 20 430 10 0 8 0 PINTYPE=IN
P 23 0 410 20 410 0 2 0
L 25 410 10 0 2 0 1 0 RX11_N
A 15 410 10 0 9 3 #=J9
A 20 420 10 0 8 0 PINTYPE=IN
P 24 170 720 150 720 0 3 0
L 145 720 10 0 8 0 1 0 RX13_P
A 155 720 10 0 3 3 #=J11
A 150 730 10 0 2 0 PINTYPE=IN
P 25 170 710 150 710 0 3 0
L 145 710 10 0 8 0 1 0 RX13_N
A 155 710 10 0 3 3 #=J12
A 150 720 10 0 2 0 PINTYPE=IN
P 26 170 750 150 750 0 3 0
L 145 750 10 0 8 0 1 0 RX12_P
A 155 750 10 0 3 3 #=G11
A 150 760 10 0 2 0 PINTYPE=IN
P 27 170 740 150 740 0 3 0
L 145 740 10 0 8 0 1 0 RX12_N
A 155 740 10 0 3 3 #=G12
A 150 750 10 0 2 0 PINTYPE=IN
P 28 170 600 150 600 0 3 0
L 145 600 10 0 8 0 1 0 RX17_P
A 155 600 10 0 3 3 #=D11
A 150 610 10 0 2 0 PINTYPE=IN
P 29 170 590 150 590 0 3 0
L 145 590 10 0 8 0 1 0 RX17_N
A 155 590 10 0 3 3 #=D12
A 150 600 10 0 2 0 PINTYPE=IN
P 30 170 630 150 630 0 3 0
L 145 630 10 0 8 0 1 0 RX16_P
A 155 630 10 0 3 3 #=B11
A 150 640 10 0 2 0 PINTYPE=IN
P 31 170 620 150 620 0 3 0
L 145 620 10 0 8 0 1 0 RX16_N
A 155 620 10 0 3 3 #=B12
A 150 630 10 0 2 0 PINTYPE=IN
P 32 170 660 150 660 0 3 0
L 145 660 10 0 8 0 1 0 RX15_P
A 155 660 10 0 3 3 #=J14
A 150 670 10 0 2 0 PINTYPE=IN
P 33 170 650 150 650 0 3 0
L 145 650 10 0 8 0 1 0 RX15_N
A 155 650 10 0 3 3 #=J15
A 150 660 10 0 2 0 PINTYPE=IN
P 34 170 690 150 690 0 3 0
L 145 690 10 0 8 0 1 0 RX14_P
A 155 690 10 0 3 3 #=G14
A 150 700 10 0 2 0 PINTYPE=IN
P 35 170 680 150 680 0 3 0
L 145 680 10 0 8 0 1 0 RX14_N
A 155 680 10 0 3 3 #=G15
A 150 690 10 0 2 0 PINTYPE=IN
P 42 170 160 150 160 0 3 0
L 145 160 10 0 8 0 1 0 TX18_P
A 155 160 10 0 3 3 #=A14
A 150 170 10 0 2 0 PINTYPE=OUT
P 43 170 150 150 150 0 3 0
L 145 150 10 0 8 0 1 0 TX18_N
A 155 150 10 0 3 3 #=A15
A 150 160 10 0 2 0 PINTYPE=OUT
P 44 170 190 150 190 0 3 0
L 145 190 10 0 8 0 1 0 TX17_P
A 155 190 10 0 3 3 #=C11
A 150 200 10 0 2 0 PINTYPE=OUT
P 45 170 180 150 180 0 3 0
L 145 180 10 0 8 0 1 0 TX17_N
A 155 180 10 0 3 3 #=C12
A 150 190 10 0 2 0 PINTYPE=OUT
P 46 170 220 150 220 0 3 0
L 145 220 10 0 8 0 1 0 TX16_P
A 155 220 10 0 3 3 #=A11
A 150 230 10 0 2 0 PINTYPE=OUT
P 47 170 210 150 210 0 3 0
L 145 210 10 0 8 0 1 0 TX16_N
A 155 210 10 0 3 3 #=A12
A 150 220 10 0 2 0 PINTYPE=OUT
P 48 170 250 150 250 0 3 0
L 145 250 10 0 8 0 1 0 TX15_P
A 155 250 10 0 3 3 #=H14
A 150 260 10 0 2 0 PINTYPE=OUT
P 49 170 240 150 240 0 3 0
L 145 240 10 0 8 0 1 0 TX15_N
A 155 240 10 0 3 3 #=H15
A 150 250 10 0 2 0 PINTYPE=OUT
P 50 170 280 150 280 0 3 0
L 145 280 10 0 8 0 1 0 TX14_P
A 155 280 10 0 3 3 #=F14
A 150 290 10 0 2 0 PINTYPE=OUT
P 51 170 270 150 270 0 3 0
L 145 270 10 0 8 0 1 0 TX14_N
A 155 270 10 0 3 3 #=F15
A 150 280 10 0 2 0 PINTYPE=OUT
P 52 170 310 150 310 0 3 0
L 145 310 10 0 8 0 1 0 TX13_P
A 155 310 10 0 3 3 #=H11
A 150 320 10 0 2 0 PINTYPE=OUT
P 53 170 300 150 300 0 3 0
L 145 300 10 0 8 0 1 0 TX13_N
A 155 300 10 0 3 3 #=H12
A 150 310 10 0 2 0 PINTYPE=OUT
P 54 170 340 150 340 0 3 0
L 145 340 10 0 8 0 1 0 TX12_P
A 155 340 10 0 3 3 #=F11
A 150 350 10 0 2 0 PINTYPE=OUT
P 55 170 330 150 330 0 3 0
L 145 330 10 0 8 0 1 0 TX12_N
A 155 330 10 0 3 3 #=F12
A 150 340 10 0 2 0 PINTYPE=OUT
P 56 0 40 20 40 0 2 0
L 55 40 10 0 8 0 1 0 TX11_P
A 15 40 10 0 9 3 #=H8
A 20 50 10 0 8 0 PINTYPE=OUT
P 57 0 30 20 30 0 2 0
L 55 30 10 0 8 0 1 0 TX11_N
A 15 30 10 0 9 3 #=H9
A 20 40 10 0 8 0 PINTYPE=OUT
P 69 170 560 150 560 0 3 0
L 145 560 10 0 8 0 1 0 RX18_N
A 155 560 10 0 3 3 #=B15
A 150 570 10 0 2 0 PINTYPE=IN
P 70 170 570 150 570 0 3 0
L 145 570 10 0 8 0 1 0 RX18_P
A 155 570 10 0 3 3 #=B14
A 150 580 10 0 2 0 PINTYPE=IN
P 71 170 530 150 530 0 3 0
L 145 530 10 0 8 0 1 0 RX19_N
A 155 530 10 0 3 3 #=D15
A 150 540 10 0 2 0 PINTYPE=IN
P 72 170 540 150 540 0 3 0
L 145 540 10 0 8 0 1 0 RX19_P
A 155 540 10 0 3 3 #=D14
A 150 550 10 0 2 0 PINTYPE=IN
P 73 170 500 150 500 0 3 0
L 145 500 10 0 8 0 1 0 RX20_N
A 155 500 10 0 3 3 #=B18
A 150 510 10 0 2 0 PINTYPE=IN
P 74 170 510 150 510 0 3 0
L 145 510 10 0 8 0 1 0 RX20_P
A 155 510 10 0 3 3 #=B17
A 150 520 10 0 2 0 PINTYPE=IN
P 75 170 120 150 120 0 3 0
L 145 120 10 0 8 0 1 0 TX19_N
A 155 120 10 0 3 3 #=C15
A 150 130 10 0 2 0 PINTYPE=OUT
P 76 170 130 150 130 0 3 0
L 145 130 10 0 8 0 1 0 TX19_P
A 155 130 10 0 3 3 #=C14
A 150 140 10 0 2 0 PINTYPE=OUT
P 77 170 90 150 90 0 3 0
L 145 90 10 0 8 0 1 0 TX20_N
A 155 90 10 0 3 3 #=A18
A 150 100 10 0 2 0 PINTYPE=OUT
P 78 170 100 150 100 0 3 0
L 145 100 10 0 8 0 1 0 TX20_P
A 155 100 10 0 3 3 #=A17
A 150 110 10 0 2 0 PINTYPE=OUT
P 79 0 470 20 470 0 2 0
L 25 470 10 0 2 0 1 0 RX9_N
A 15 470 10 0 9 3 #=J6
A 20 480 10 0 8 0 PINTYPE=IN
P 80 0 480 20 480 0 2 0
L 24 480 10 0 2 0 1 0 RX9_P
A 15 480 10 0 9 3 #=J5
A 20 490 10 0 8 0 PINTYPE=IN
P 81 0 440 20 440 0 2 0
L 25 440 10 0 2 0 1 0 RX10_N
A 15 440 10 0 9 3 #=G9
A 20 450 10 0 8 0 PINTYPE=IN
P 82 0 450 20 450 0 2 0
L 25 450 10 0 2 0 1 0 RX10_P
A 15 450 10 0 9 3 #=G8
A 20 460 10 0 8 0 PINTYPE=IN
P 83 0 710 20 710 0 2 0
L 25 710 10 0 2 0 1 0 RX1_N
A 15 710 10 0 9 3 #=D3
A 20 720 10 0 8 0 PINTYPE=IN
P 84 0 720 20 720 0 2 0
L 24 720 10 0 2 0 1 0 RX1_P
A 15 720 10 0 9 3 #=D2
A 20 730 10 0 8 0 PINTYPE=IN
P 85 0 680 20 680 0 2 0
L 25 680 10 0 2 0 1 0 RX2_N
A 15 680 10 0 9 3 #=B6
A 20 690 10 0 8 0 PINTYPE=IN
P 86 0 690 20 690 0 2 0
L 24 690 10 0 2 0 1 0 RX2_P
A 15 690 10 0 9 3 #=B5
A 20 700 10 0 8 0 PINTYPE=IN
P 87 0 650 20 650 0 2 0
L 25 650 10 0 2 0 1 0 RX3_N
A 15 650 10 0 9 3 #=D6
A 20 660 10 0 8 0 PINTYPE=IN
P 88 0 660 20 660 0 2 0
L 24 660 10 0 2 0 1 0 RX3_P
A 15 660 10 0 9 3 #=D5
A 20 670 10 0 8 0 PINTYPE=IN
P 89 0 620 20 620 0 2 0
L 25 620 10 0 2 0 1 0 RX4_N
A 15 620 10 0 9 3 #=B9
A 20 630 10 0 8 0 PINTYPE=IN
P 90 0 630 20 630 0 2 0
L 24 630 10 0 2 0 1 0 RX4_P
A 15 630 10 0 9 3 #=B8
A 20 640 10 0 8 0 PINTYPE=IN
P 91 0 590 20 590 0 2 0
L 25 590 10 0 2 0 1 0 RX5_N
A 15 590 10 0 9 3 #=D9
A 20 600 10 0 8 0 PINTYPE=IN
P 92 0 600 20 600 0 2 0
L 24 600 10 0 2 0 1 0 RX5_P
A 15 600 10 0 9 3 #=D8
A 20 610 10 0 8 0 PINTYPE=IN
P 93 0 560 20 560 0 2 0
L 25 560 10 0 2 0 1 0 RX6_N
A 15 560 10 0 9 3 #=G3
A 20 570 10 0 8 0 PINTYPE=IN
P 94 0 570 20 570 0 2 0
L 24 570 10 0 2 0 1 0 RX6_P
A 15 570 10 0 9 3 #=G2
A 20 580 10 0 8 0 PINTYPE=IN
P 95 0 530 20 530 0 2 0
L 25 530 10 0 2 0 1 0 RX7_N
A 15 530 10 0 9 3 #=J3
A 20 540 10 0 8 0 PINTYPE=IN
P 96 0 540 20 540 0 2 0
L 24 540 10 0 2 0 1 0 RX7_P
A 15 540 10 0 9 3 #=J2
A 20 550 10 0 8 0 PINTYPE=IN
P 97 0 500 20 500 0 2 0
L 25 500 10 0 2 0 1 0 RX8_N
A 15 500 10 0 9 3 #=G6
A 20 510 10 0 8 0 PINTYPE=IN
P 98 0 510 20 510 0 2 0
L 24 510 10 0 2 0 1 0 RX8_P
A 15 510 10 0 9 3 #=G5
A 20 520 10 0 8 0 PINTYPE=IN
P 99 0 90 20 90 0 2 0
L 50 90 10 0 8 0 1 0 TX9_N
A 15 90 10 0 9 3 #=H6
A 20 100 10 0 8 0 PINTYPE=OUT
P 100 0 100 20 100 0 2 0
L 50 100 10 0 8 0 1 0 TX9_P
A 15 100 10 0 9 3 #=H5
A 20 110 10 0 8 0 PINTYPE=OUT
P 101 0 60 20 60 0 2 0
L 55 60 10 0 8 0 1 0 TX10_N
A 15 60 10 0 9 3 #=F9
A 20 70 10 0 8 0 PINTYPE=OUT
P 102 0 70 20 70 0 2 0
L 55 70 10 0 8 0 1 0 TX10_P
A 15 70 10 0 9 3 #=F8
A 20 80 10 0 8 0 PINTYPE=OUT
P 103 0 330 20 330 0 2 0
L 50 330 10 0 8 0 1 0 TX1_N
A 15 330 10 0 9 3 #=C3
A 20 340 10 0 8 0 PINTYPE=OUT
P 104 0 340 20 340 0 2 0
L 50 340 10 0 8 0 1 0 TX1_P
A 15 340 10 0 9 3 #=C2
A 20 350 10 0 8 0 PINTYPE=OUT
P 105 0 300 20 300 0 2 0
L 50 300 10 0 8 0 1 0 TX2_N
A 15 300 10 0 9 3 #=A6
A 20 310 10 0 8 0 PINTYPE=OUT
P 106 0 310 20 310 0 2 0
L 50 310 10 0 8 0 1 0 TX2_P
A 15 310 10 0 9 3 #=A5
A 20 320 10 0 8 0 PINTYPE=OUT
P 107 0 270 20 270 0 2 0
L 50 270 10 0 8 0 1 0 TX3_N
A 15 270 10 0 9 3 #=C6
A 20 280 10 0 8 0 PINTYPE=OUT
P 108 0 280 20 280 0 2 0
L 50 280 10 0 8 0 1 0 TX3_P
A 15 280 10 0 9 3 #=C5
A 20 290 10 0 8 0 PINTYPE=OUT
P 109 0 240 20 240 0 2 0
L 50 240 10 0 8 0 1 0 TX4_N
A 15 240 10 0 9 3 #=A9
A 20 250 10 0 8 0 PINTYPE=OUT
P 110 0 250 20 250 0 2 0
L 50 250 10 0 8 0 1 0 TX4_P
A 15 250 10 0 9 3 #=A8
A 20 260 10 0 8 0 PINTYPE=OUT
P 111 0 210 20 210 0 2 0
L 50 210 10 0 8 0 1 0 TX5_N
A 15 210 10 0 9 3 #=C9
A 20 220 10 0 8 0 PINTYPE=OUT
P 112 0 220 20 220 0 2 0
L 50 220 10 0 8 0 1 0 TX5_P
A 15 220 10 0 9 3 #=C8
A 20 230 10 0 8 0 PINTYPE=OUT
P 113 0 180 20 180 0 2 0
L 50 180 10 0 8 0 1 0 TX6_N
A 15 180 10 0 9 3 #=F3
A 20 190 10 0 8 0 PINTYPE=OUT
P 114 0 190 20 190 0 2 0
L 50 190 10 0 8 0 1 0 TX6_P
A 15 190 10 0 9 3 #=F2
A 20 200 10 0 8 0 PINTYPE=OUT
P 115 0 150 20 150 0 2 0
L 50 150 10 0 8 0 1 0 TX7_N
A 15 150 10 0 9 3 #=H3
A 20 160 10 0 8 0 PINTYPE=OUT
P 116 0 160 20 160 0 2 0
L 50 160 10 0 8 0 1 0 TX7_P
A 15 160 10 0 9 3 #=H2
A 20 170 10 0 8 0 PINTYPE=OUT
P 117 0 120 20 120 0 2 0
L 50 120 10 0 8 0 1 0 TX8_N
A 15 120 10 0 9 3 #=F6
A 20 130 10 0 8 0 PINTYPE=OUT
P 118 0 130 20 130 0 2 0
L 50 130 10 0 8 0 1 0 TX8_P
A 15 130 10 0 9 3 #=F5
A 20 140 10 0 8 0 PINTYPE=OUT
P 119 0 740 20 740 0 2 0
L 25 740 10 0 2 0 1 0 RX0_N
A 15 740 10 0 9 3 #=B3
A 20 750 10 0 8 0 PINTYPE=IN
P 120 0 750 20 750 0 2 0
L 24 750 10 0 2 0 1 0 RX0_P
A 15 750 10 0 9 3 #=B2
A 20 760 10 0 8 0 PINTYPE=IN
P 121 170 470 150 470 0 3 0
L 145 470 10 0 8 0 1 0 RX21_N
A 155 470 10 0 3 3 #=D18
A 150 480 10 0 2 0 PINTYPE=IN
P 122 170 480 150 480 0 3 0
L 145 480 10 0 8 0 1 0 RX21_P
A 155 480 10 0 3 3 #=D17
A 150 490 10 0 2 0 PINTYPE=IN
P 123 170 440 150 440 0 3 0
L 145 440 10 0 8 0 1 0 SPARE1
A 155 440 10 0 3 3 #=G18
A 150 450 10 0 2 0 PINTYPE=IN
P 124 170 450 150 450 0 3 0
L 145 450 10 0 8 0 1 0 FC_TX_CLK
A 155 450 10 0 3 3 #=G17
A 150 460 10 0 2 0 PINTYPE=IN
P 125 170 410 150 410 0 3 0
L 145 410 10 0 8 0 1 0 FC_RX_SYNC
A 155 410 10 0 3 3 #=J18
A 150 420 10 0 2 0 PINTYPE=IN
P 126 170 420 150 420 0 3 0
L 145 420 10 0 8 0 1 0 FC_TX_SYNC
A 155 420 10 0 3 3 #=J17
A 150 430 10 0 2 0 PINTYPE=IN
P 127 0 360 20 360 0 2 0
L 50 360 10 0 8 0 1 0 TX0_N
A 15 360 10 0 9 3 #=A3
A 20 370 10 0 8 0 PINTYPE=OUT
P 128 0 370 20 370 0 2 0
L 50 370 10 0 8 0 1 0 TX0_P
A 15 370 10 0 9 3 #=A2
A 20 380 10 0 8 0 PINTYPE=OUT
P 129 170 30 150 30 0 3 0
L 145 30 10 0 8 0 1 0 SPARE2
A 155 30 10 0 3 3 #=F18
A 150 40 10 0 2 0 PINTYPE=OUT
P 130 170 40 150 40 0 3 0
L 145 40 10 0 8 0 1 0 FC_RX_CLK
A 155 40 10 0 3 3 #=F17
A 150 50 10 0 2 0 PINTYPE=OUT
P 131 170 360 150 360 0 3 0
L 145 360 10 0 8 0 1 0 FC_RX_DATA
A 155 360 10 0 3 3 #=H18
A 150 370 10 0 2 0 PINTYPE=BI
P 132 170 370 150 370 0 3 0
L 145 370 10 0 8 0 1 0 FC_TX_DATA
A 155 370 10 0 3 3 #=H17
A 150 380 10 0 2 0 PINTYPE=BI
P 133 170 60 150 60 0 3 0
L 145 60 10 0 8 0 1 0 TX21_N
A 155 60 10 0 3 3 #=C18
A 150 70 10 0 2 0 PINTYPE=OUT
P 134 170 70 150 70 0 3 0
L 145 70 10 0 8 0 1 0 TX21_P
A 155 70 10 0 3 3 #=C17
A 150 80 10 0 2 0 PINTYPE=OUT
E 
