V 50
K 153165148200 u095ffvd1924
Y 1
D 0 0 400 420
Z 10
i 946
b 50 50 350 370
P 1 400 100 350 100 0 3 0
A 355 100 10 0 3 3 #=AF7
L 345 100 10 0 8 0 1 0 MGTREFCLK1N_226_AF7
A 405 100 10 0 2 0 PINTYPE=BI
P 2 400 110 350 110 0 3 0
A 355 110 10 0 3 3 #=AF8
L 345 110 10 0 8 0 1 0 MGTREFCLK1P_226_AF8
A 405 110 10 0 2 0 PINTYPE=BI
P 3 400 120 350 120 0 3 0
A 355 120 10 0 3 3 #=AH7
L 345 120 10 0 8 0 1 0 MGTREFCLK0N_226_AH7
A 405 120 10 0 2 0 PINTYPE=BI
P 4 400 130 350 130 0 3 0
A 355 130 10 0 3 3 #=AH8
L 345 130 10 0 8 0 1 0 MGTREFCLK0P_226_AH8
A 405 130 10 0 2 0 PINTYPE=BI
P 5 400 140 350 140 0 3 0
A 355 140 10 0 3 3 #=AF3
L 345 140 10 0 8 0 1 0 MGTHRXN3_226_AF3
A 405 140 10 0 2 0 PINTYPE=BI
P 6 400 150 350 150 0 3 0
A 355 150 10 0 3 3 #=AF4
L 345 150 10 0 8 0 1 0 MGTHRXP3_226_AF4
A 405 150 10 0 2 0 PINTYPE=BI
P 7 400 160 350 160 0 3 0
A 355 160 10 0 3 3 #=AE5
L 345 160 10 0 8 0 1 0 MGTHTXN3_226_AE5
A 405 160 10 0 2 0 PINTYPE=BI
P 8 400 170 350 170 0 3 0
A 355 170 10 0 3 3 #=AE6
L 345 170 10 0 8 0 1 0 MGTHTXP3_226_AE6
A 405 170 10 0 2 0 PINTYPE=BI
P 9 400 180 350 180 0 3 0
A 355 180 10 0 3 3 #=AG1
L 345 180 10 0 8 0 1 0 MGTHRXN2_226_AG1
A 405 180 10 0 2 0 PINTYPE=BI
P 10 400 190 350 190 0 3 0
A 355 190 10 0 3 3 #=AG2
L 345 190 10 0 8 0 1 0 MGTHRXP2_226_AG2
A 405 190 10 0 2 0 PINTYPE=BI
P 11 400 200 350 200 0 3 0
A 355 200 10 0 3 3 #=AG5
L 345 200 10 0 8 0 1 0 MGTHTXN2_226_AG5
A 405 200 10 0 2 0 PINTYPE=BI
P 12 400 210 350 210 0 3 0
A 355 210 10 0 3 3 #=AG6
L 345 210 10 0 8 0 1 0 MGTHTXP2_226_AG6
A 405 210 10 0 2 0 PINTYPE=BI
P 13 400 220 350 220 0 3 0
A 355 220 10 0 3 3 #=AJ1
L 345 220 10 0 8 0 1 0 MGTHRXN1_226_AJ1
A 405 220 10 0 2 0 PINTYPE=BI
P 14 400 230 350 230 0 3 0
A 355 230 10 0 3 3 #=AJ2
L 345 230 10 0 8 0 1 0 MGTHRXP1_226_AJ2
A 405 230 10 0 2 0 PINTYPE=BI
P 15 400 240 350 240 0 3 0
A 355 240 10 0 3 3 #=AH3
L 345 240 10 0 8 0 1 0 MGTHTXN1_226_AH3
A 405 240 10 0 2 0 PINTYPE=BI
P 16 400 250 350 250 0 3 0
A 355 250 10 0 3 3 #=AH4
L 345 250 10 0 8 0 1 0 MGTHTXP1_226_AH4
A 405 250 10 0 2 0 PINTYPE=BI
P 17 400 260 350 260 0 3 0
A 355 260 10 0 3 3 #=AK3
L 345 260 10 0 8 0 1 0 MGTHRXN0_226_AK3
A 405 260 10 0 2 0 PINTYPE=BI
P 18 400 270 350 270 0 3 0
A 355 270 10 0 3 3 #=AK4
L 345 270 10 0 8 0 1 0 MGTHRXP0_226_AK4
A 405 270 10 0 2 0 PINTYPE=BI
P 19 400 280 350 280 0 3 0
A 355 280 10 0 3 3 #=AJ5
L 345 280 10 0 8 0 1 0 MGTHTXN0_226_AJ5
A 405 280 10 0 2 0 PINTYPE=BI
P 20 400 290 350 290 0 3 0
A 355 290 10 0 3 3 #=AJ6
L 345 290 10 0 8 0 1 0 MGTHTXP0_226_AJ6
A 405 290 10 0 2 0 PINTYPE=BI
T 220 310 20 0 5 XCVU095FFVD1924
T 220 330 20 0 5 BANK 226
c 70 350 10
U 50 380 10 0 3 3 DEVICE=XXXXXX
U 50 30 16 0 3 3 REFDES=U?
U 250 30 10 0 3 3 PKG_TYPE=XXXXXX
U 0 0 10 0 3 0 HETERO=u095ffvd1924a_0,u095ffvd1924a_44,u095ffvd1924a_45,u095ffvd1924a_46,u095ffvd1924a_47,u095ffvd1924a_48,u095ffvd1924a_49,u095ffvd1924a_50,u095ffvd1924a_51,u095ffvd1924a_65,u095ffvd1924a_66,u095ffvd1924a_67,u095ffvd1924a_68,u095ffvd1924a_69,u095ffvd1924a_70,u095ffvd1924a_71,u095ffvd1924a_84,u095ffvd1924a_94,u095ffvd1924a_125,u095ffvd1924a_126,u095ffvd1924a_127,u095ffvd1924a_128,u095ffvd1924a_129,u095ffvd1924a_130,u095ffvd1924a_224,u095ffvd1924a_225,u095ffvd1924a_226,u095ffvd1924a_227,u095ffvd1924a_228,u095ffvd1924a_229,u095ffvd1924a_230,u095ffvd1924a_MGTAVCC_LN,u095ffvd1924a_MGTAVCC_LS,u095ffvd1924a_MGTAVCC_RN,u095ffvd1924a_MGTAVCC_RS,u095ffvd1924a_MGTAVTT_LN,u095ffvd1924a_MGTAVTT_LS,u095ffvd1924a_MGTAVTT_RN,u095ffvd1924a_MGTAVTT_RS,u095ffvd1924a_MGTVCCAUX_LN,u095ffvd1924a_MGTVCCAUX_LS,u095ffvd1924a_MGTVCCAUX_RN,u095ffvd1924a_MGTVCCAUX_RS,u095ffvd1924a_GND1,u095ffvd1924a_GND2,u095ffvd1924a_VCCINT,u095ffvd1924a_VCCINT_IO,u095ffvd1924a_VCCAUX,u095ffvd1924a_VCCAUX_IO,u095ffvd1924a_VCCBRAM
U 0 -10 10 0 3 0 PARTS=1
U 0 -20 10 0 3 0 LEVEL=STD
U 0 -30 10 0 3 0 DATE=2013_12_09
E
