V 50
K 153165148200 u095ffvd1924
Y 1
D 0 0 400 440
Z 10
i 946
b 50 50 350 390
P 1 400 100 350 100 0 3 0
A 355 100 10 0 3 3 #=A6
L 345 100 10 0 8 0 1 0 MGTAVTTRCAL_229_A6
A 405 100 10 0 2 0 PINTYPE=BI
P 2 400 110 350 110 0 3 0
A 355 110 10 0 3 3 #=A5
L 345 110 10 0 8 0 1 0 MGTRREF_229_A5
A 405 110 10 0 2 0 PINTYPE=BI
P 3 400 120 350 120 0 3 0
A 355 120 10 0 3 3 #=R5
L 345 120 10 0 8 0 1 0 MGTREFCLK1N_229_R5
A 405 120 10 0 2 0 PINTYPE=BI
P 4 400 130 350 130 0 3 0
A 355 130 10 0 3 3 #=R6
L 345 130 10 0 8 0 1 0 MGTREFCLK1P_229_R6
A 405 130 10 0 2 0 PINTYPE=BI
P 5 400 140 350 140 0 3 0
A 355 140 10 0 3 3 #=T7
L 345 140 10 0 8 0 1 0 MGTREFCLK0N_229_T7
A 405 140 10 0 2 0 PINTYPE=BI
P 6 400 150 350 150 0 3 0
A 355 150 10 0 3 3 #=T8
L 345 150 10 0 8 0 1 0 MGTREFCLK0P_229_T8
A 405 150 10 0 2 0 PINTYPE=BI
P 7 400 160 350 160 0 3 0
A 355 160 10 0 3 3 #=G1
L 345 160 10 0 8 0 1 0 MGTHRXN3_229_G1
A 405 160 10 0 2 0 PINTYPE=BI
P 8 400 170 350 170 0 3 0
A 355 170 10 0 3 3 #=G2
L 345 170 10 0 8 0 1 0 MGTHRXP3_229_G2
A 405 170 10 0 2 0 PINTYPE=BI
P 9 400 180 350 180 0 3 0
A 355 180 10 0 3 3 #=H3
L 345 180 10 0 8 0 1 0 MGTHTXN3_229_H3
A 405 180 10 0 2 0 PINTYPE=BI
P 10 400 190 350 190 0 3 0
A 355 190 10 0 3 3 #=H4
L 345 190 10 0 8 0 1 0 MGTHTXP3_229_H4
A 405 190 10 0 2 0 PINTYPE=BI
P 11 400 200 350 200 0 3 0
A 355 200 10 0 3 3 #=J1
L 345 200 10 0 8 0 1 0 MGTHRXN2_229_J1
A 405 200 10 0 2 0 PINTYPE=BI
P 12 400 210 350 210 0 3 0
A 355 210 10 0 3 3 #=J2
L 345 210 10 0 8 0 1 0 MGTHRXP2_229_J2
A 405 210 10 0 2 0 PINTYPE=BI
P 13 400 220 350 220 0 3 0
A 355 220 10 0 3 3 #=J5
L 345 220 10 0 8 0 1 0 MGTHTXN2_229_J5
A 405 220 10 0 2 0 PINTYPE=BI
P 14 400 230 350 230 0 3 0
A 355 230 10 0 3 3 #=J6
L 345 230 10 0 8 0 1 0 MGTHTXP2_229_J6
A 405 230 10 0 2 0 PINTYPE=BI
P 15 400 240 350 240 0 3 0
A 355 240 10 0 3 3 #=L1
L 345 240 10 0 8 0 1 0 MGTHRXN1_229_L1
A 405 240 10 0 2 0 PINTYPE=BI
P 16 400 250 350 250 0 3 0
A 355 250 10 0 3 3 #=L2
L 345 250 10 0 8 0 1 0 MGTHRXP1_229_L2
A 405 250 10 0 2 0 PINTYPE=BI
P 17 400 260 350 260 0 3 0
A 355 260 10 0 3 3 #=K3
L 345 260 10 0 8 0 1 0 MGTHTXN1_229_K3
A 405 260 10 0 2 0 PINTYPE=BI
P 18 400 270 350 270 0 3 0
A 355 270 10 0 3 3 #=K4
L 345 270 10 0 8 0 1 0 MGTHTXP1_229_K4
A 405 270 10 0 2 0 PINTYPE=BI
P 19 400 280 350 280 0 3 0
A 355 280 10 0 3 3 #=N1
L 345 280 10 0 8 0 1 0 MGTHRXN0_229_N1
A 405 280 10 0 2 0 PINTYPE=BI
P 20 400 290 350 290 0 3 0
A 355 290 10 0 3 3 #=N2
L 345 290 10 0 8 0 1 0 MGTHRXP0_229_N2
A 405 290 10 0 2 0 PINTYPE=BI
P 21 400 300 350 300 0 3 0
A 355 300 10 0 3 3 #=M3
L 345 300 10 0 8 0 1 0 MGTHTXN0_229_M3
A 405 300 10 0 2 0 PINTYPE=BI
P 22 400 310 350 310 0 3 0
A 355 310 10 0 3 3 #=M4
L 345 310 10 0 8 0 1 0 MGTHTXP0_229_M4
A 405 310 10 0 2 0 PINTYPE=BI
T 220 330 20 0 5 XCVU095FFVD1924
T 220 350 20 0 5 BANK 229
c 70 370 10
U 50 400 10 0 3 3 DEVICE=XXXXXX
U 50 30 16 0 3 3 REFDES=U?
U 250 30 10 0 3 3 PKG_TYPE=XXXXXX
U 0 0 10 0 3 0 HETERO=u095ffvd1924b_0,u095ffvd1924b_44,u095ffvd1924b_45,u095ffvd1924b_46,u095ffvd1924b_47,u095ffvd1924b_48,u095ffvd1924b_49,u095ffvd1924b_50,u095ffvd1924b_51,u095ffvd1924b_65,u095ffvd1924b_66,u095ffvd1924b_67,u095ffvd1924b_68,u095ffvd1924b_69,u095ffvd1924b_70,u095ffvd1924b_71,u095ffvd1924b_84,u095ffvd1924b_94,u095ffvd1924b_125,u095ffvd1924b_126,u095ffvd1924b_127,u095ffvd1924b_128,u095ffvd1924b_129,u095ffvd1924b_130,u095ffvd1924b_224,u095ffvd1924b_225,u095ffvd1924b_226,u095ffvd1924b_227,u095ffvd1924b_228,u095ffvd1924b_229,u095ffvd1924b_230,u095ffvd1924b_MGTAVCC_LN,u095ffvd1924b_MGTAVCC_LS,u095ffvd1924b_MGTAVCC_RN,u095ffvd1924b_MGTAVCC_RS,u095ffvd1924b_MGTAVTT_LN,u095ffvd1924b_MGTAVTT_LS,u095ffvd1924b_MGTAVTT_RN,u095ffvd1924b_MGTAVTT_RS,u095ffvd1924b_MGTVCCAUX_LN,u095ffvd1924b_MGTVCCAUX_LS,u095ffvd1924b_MGTVCCAUX_RN,u095ffvd1924b_MGTVCCAUX_RS,u095ffvd1924b_GND1,u095ffvd1924b_GND2,u095ffvd1924b_VCCINT,u095ffvd1924b_VCCINT_IO,u095ffvd1924b_VCCAUX,u095ffvd1924b_VCCAUX_IO,u095ffvd1924b_VCCBRAM
U 0 -10 10 0 3 0 PARTS=1
U 0 -20 10 0 3 0 LEVEL=STD
U 0 -30 10 0 3 0 DATE=2013_12_09
E
