V 50
K 153165148200 u095ffvd1924
Y 1
D 0 0 400 420
Z 10
i 946
b 50 50 350 370
P 1 400 100 350 100 0 3 0
A 355 100 10 0 3 3 #=AL40
L 345 100 10 0 8 0 1 0 MGTREFCLK1N_125_AL40
A 405 100 10 0 2 0 PINTYPE=BI
P 2 400 110 350 110 0 3 0
A 355 110 10 0 3 3 #=AL39
L 345 110 10 0 8 0 1 0 MGTREFCLK1P_125_AL39
A 405 110 10 0 2 0 PINTYPE=BI
P 3 400 120 350 120 0 3 0
A 355 120 10 0 3 3 #=AN40
L 345 120 10 0 8 0 1 0 MGTREFCLK0N_125_AN40
A 405 120 10 0 2 0 PINTYPE=BI
P 4 400 130 350 130 0 3 0
A 355 130 10 0 3 3 #=AN39
L 345 130 10 0 8 0 1 0 MGTREFCLK0P_125_AN39
A 405 130 10 0 2 0 PINTYPE=BI
P 5 400 140 350 140 0 3 0
A 355 140 10 0 3 3 #=AR44
L 345 140 10 0 8 0 1 0 MGTYRXN3_125_AR44
A 405 140 10 0 2 0 PINTYPE=BI
P 6 400 150 350 150 0 3 0
A 355 150 10 0 3 3 #=AR43
L 345 150 10 0 8 0 1 0 MGTYRXP3_125_AR43
A 405 150 10 0 2 0 PINTYPE=BI
P 7 400 160 350 160 0 3 0
A 355 160 10 0 3 3 #=AT42
L 345 160 10 0 8 0 1 0 MGTYTXN3_125_AT42
A 405 160 10 0 2 0 PINTYPE=BI
P 8 400 170 350 170 0 3 0
A 355 170 10 0 3 3 #=AT41
L 345 170 10 0 8 0 1 0 MGTYTXP3_125_AT41
A 405 170 10 0 2 0 PINTYPE=BI
P 9 400 180 350 180 0 3 0
A 355 180 10 0 3 3 #=AU44
L 345 180 10 0 8 0 1 0 MGTYRXN2_125_AU44
A 405 180 10 0 2 0 PINTYPE=BI
P 10 400 190 350 190 0 3 0
A 355 190 10 0 3 3 #=AU43
L 345 190 10 0 8 0 1 0 MGTYRXP2_125_AU43
A 405 190 10 0 2 0 PINTYPE=BI
P 11 400 200 350 200 0 3 0
A 355 200 10 0 3 3 #=AV42
L 345 200 10 0 8 0 1 0 MGTYTXN2_125_AV42
A 405 200 10 0 2 0 PINTYPE=BI
P 12 400 210 350 210 0 3 0
A 355 210 10 0 3 3 #=AV41
L 345 210 10 0 8 0 1 0 MGTYTXP2_125_AV41
A 405 210 10 0 2 0 PINTYPE=BI
P 13 400 220 350 220 0 3 0
A 355 220 10 0 3 3 #=AW44
L 345 220 10 0 8 0 1 0 MGTYRXN1_125_AW44
A 405 220 10 0 2 0 PINTYPE=BI
P 14 400 230 350 230 0 3 0
A 355 230 10 0 3 3 #=AW43
L 345 230 10 0 8 0 1 0 MGTYRXP1_125_AW43
A 405 230 10 0 2 0 PINTYPE=BI
P 15 400 240 350 240 0 3 0
A 355 240 10 0 3 3 #=AY42
L 345 240 10 0 8 0 1 0 MGTYTXN1_125_AY42
A 405 240 10 0 2 0 PINTYPE=BI
P 16 400 250 350 250 0 3 0
A 355 250 10 0 3 3 #=AY41
L 345 250 10 0 8 0 1 0 MGTYTXP1_125_AY41
A 405 250 10 0 2 0 PINTYPE=BI
P 17 400 260 350 260 0 3 0
A 355 260 10 0 3 3 #=BA44
L 345 260 10 0 8 0 1 0 MGTYRXN0_125_BA44
A 405 260 10 0 2 0 PINTYPE=BI
P 18 400 270 350 270 0 3 0
A 355 270 10 0 3 3 #=BA43
L 345 270 10 0 8 0 1 0 MGTYRXP0_125_BA43
A 405 270 10 0 2 0 PINTYPE=BI
P 19 400 280 350 280 0 3 0
A 355 280 10 0 3 3 #=BB42
L 345 280 10 0 8 0 1 0 MGTYTXN0_125_BB42
A 405 280 10 0 2 0 PINTYPE=BI
P 20 400 290 350 290 0 3 0
A 355 290 10 0 3 3 #=BB41
L 345 290 10 0 8 0 1 0 MGTYTXP0_125_BB41
A 405 290 10 0 2 0 PINTYPE=BI
T 220 310 20 0 5 XCVU095FFVD1924
T 220 330 20 0 5 BANK 125
T 140 280 12 0 6 BANK MIGRATION:
T 140 270 10 0 6 VU125 = BANK 125
T 140 260 10 0 6 VU160 = BANK 125
T 140 250 10 0 6 KU115 = BANK 126
c 70 350 10
U 50 380 10 0 3 3 DEVICE=XXXXXX
U 50 30 16 0 3 3 REFDES=U?
U 250 30 10 0 3 3 PKG_TYPE=XXXXXX
U 0 0 10 0 3 0 HETERO=u095ffvd1924d_0,u095ffvd1924d_44,u095ffvd1924d_45,u095ffvd1924d_46,u095ffvd1924d_47,u095ffvd1924d_48,u095ffvd1924d_49,u095ffvd1924d_50,u095ffvd1924d_51,u095ffvd1924d_65,u095ffvd1924d_66,u095ffvd1924d_67,u095ffvd1924d_68,u095ffvd1924d_69,u095ffvd1924d_70,u095ffvd1924d_71,u095ffvd1924d_84,u095ffvd1924d_94,u095ffvd1924d_125,u095ffvd1924d_126,u095ffvd1924d_127,u095ffvd1924d_128,u095ffvd1924d_129,u095ffvd1924d_130,u095ffvd1924d_224,u095ffvd1924d_225,u095ffvd1924d_226,u095ffvd1924d_227,u095ffvd1924d_228,u095ffvd1924d_229,u095ffvd1924d_230,u095ffvd1924d_MGTAVCC_LN,u095ffvd1924d_MGTAVCC_LS,u095ffvd1924d_MGTAVCC_RN,u095ffvd1924d_MGTAVCC_RS,u095ffvd1924d_MGTAVTT_LN,u095ffvd1924d_MGTAVTT_LS,u095ffvd1924d_MGTAVTT_RN,u095ffvd1924d_MGTAVTT_RS,u095ffvd1924d_MGTVCCAUX_LN,u095ffvd1924d_MGTVCCAUX_LS,u095ffvd1924d_MGTVCCAUX_RN,u095ffvd1924d_MGTVCCAUX_RS,u095ffvd1924d_GND1,u095ffvd1924d_GND2,u095ffvd1924d_VCCINT,u095ffvd1924d_VCCINT_IO,u095ffvd1924d_VCCAUX,u095ffvd1924d_VCCAUX_IO,u095ffvd1924d_VCCBRAM
U 0 -10 10 0 3 0 PARTS=1
U 0 -20 10 0 3 0 LEVEL=STD
U 0 -30 10 0 3 0 DATE=2013_12_09
E
