V 50
K 153165148200 u095ffvd1924
Y 1
D 0 0 400 440
Z 10
i 946
b 50 50 350 390
P 1 400 100 350 100 0 3 0
A 355 100 10 0 3 3 #=BD4
L 345 100 10 0 8 0 1 0 MGTAVTTRCAL_225_BD4
A 405 100 10 0 2 0 PINTYPE=BI
P 2 400 110 350 110 0 3 0
A 355 110 10 0 3 3 #=BD3
L 345 110 10 0 8 0 1 0 MGTRREF_225_BD3
A 405 110 10 0 2 0 PINTYPE=BI
P 3 400 120 350 120 0 3 0
A 355 120 10 0 3 3 #=AK7
L 345 120 10 0 8 0 1 0 MGTREFCLK1N_225_AK7
A 405 120 10 0 2 0 PINTYPE=BI
P 4 400 130 350 130 0 3 0
A 355 130 10 0 3 3 #=AK8
L 345 130 10 0 8 0 1 0 MGTREFCLK1P_225_AK8
A 405 130 10 0 2 0 PINTYPE=BI
P 5 400 140 350 140 0 3 0
A 355 140 10 0 3 3 #=AL5
L 345 140 10 0 8 0 1 0 MGTREFCLK0N_225_AL5
A 405 140 10 0 2 0 PINTYPE=BI
P 6 400 150 350 150 0 3 0
A 355 150 10 0 3 3 #=AL6
L 345 150 10 0 8 0 1 0 MGTREFCLK0P_225_AL6
A 405 150 10 0 2 0 PINTYPE=BI
P 7 400 160 350 160 0 3 0
A 355 160 10 0 3 3 #=AL1
L 345 160 10 0 8 0 1 0 MGTHRXN3_225_AL1
A 405 160 10 0 2 0 PINTYPE=BI
P 8 400 170 350 170 0 3 0
A 355 170 10 0 3 3 #=AL2
L 345 170 10 0 8 0 1 0 MGTHRXP3_225_AL2
A 405 170 10 0 2 0 PINTYPE=BI
P 9 400 180 350 180 0 3 0
A 355 180 10 0 3 3 #=AM3
L 345 180 10 0 8 0 1 0 MGTHTXN3_225_AM3
A 405 180 10 0 2 0 PINTYPE=BI
P 10 400 190 350 190 0 3 0
A 355 190 10 0 3 3 #=AM4
L 345 190 10 0 8 0 1 0 MGTHTXP3_225_AM4
A 405 190 10 0 2 0 PINTYPE=BI
P 11 400 200 350 200 0 3 0
A 355 200 10 0 3 3 #=AN1
L 345 200 10 0 8 0 1 0 MGTHRXN2_225_AN1
A 405 200 10 0 2 0 PINTYPE=BI
P 12 400 210 350 210 0 3 0
A 355 210 10 0 3 3 #=AN2
L 345 210 10 0 8 0 1 0 MGTHRXP2_225_AN2
A 405 210 10 0 2 0 PINTYPE=BI
P 13 400 220 350 220 0 3 0
A 355 220 10 0 3 3 #=AP3
L 345 220 10 0 8 0 1 0 MGTHTXN2_225_AP3
A 405 220 10 0 2 0 PINTYPE=BI
P 14 400 230 350 230 0 3 0
A 355 230 10 0 3 3 #=AP4
L 345 230 10 0 8 0 1 0 MGTHTXP2_225_AP4
A 405 230 10 0 2 0 PINTYPE=BI
P 15 400 240 350 240 0 3 0
A 355 240 10 0 3 3 #=AR1
L 345 240 10 0 8 0 1 0 MGTHRXN1_225_AR1
A 405 240 10 0 2 0 PINTYPE=BI
P 16 400 250 350 250 0 3 0
A 355 250 10 0 3 3 #=AR2
L 345 250 10 0 8 0 1 0 MGTHRXP1_225_AR2
A 405 250 10 0 2 0 PINTYPE=BI
P 17 400 260 350 260 0 3 0
A 355 260 10 0 3 3 #=AT3
L 345 260 10 0 8 0 1 0 MGTHTXN1_225_AT3
A 405 260 10 0 2 0 PINTYPE=BI
P 18 400 270 350 270 0 3 0
A 355 270 10 0 3 3 #=AT4
L 345 270 10 0 8 0 1 0 MGTHTXP1_225_AT4
A 405 270 10 0 2 0 PINTYPE=BI
P 19 400 280 350 280 0 3 0
A 355 280 10 0 3 3 #=AU1
L 345 280 10 0 8 0 1 0 MGTHRXN0_225_AU1
A 405 280 10 0 2 0 PINTYPE=BI
P 20 400 290 350 290 0 3 0
A 355 290 10 0 3 3 #=AU2
L 345 290 10 0 8 0 1 0 MGTHRXP0_225_AU2
A 405 290 10 0 2 0 PINTYPE=BI
P 21 400 300 350 300 0 3 0
A 355 300 10 0 3 3 #=AU5
L 345 300 10 0 8 0 1 0 MGTHTXN0_225_AU5
A 405 300 10 0 2 0 PINTYPE=BI
P 22 400 310 350 310 0 3 0
A 355 310 10 0 3 3 #=AU6
L 345 310 10 0 8 0 1 0 MGTHTXP0_225_AU6
A 405 310 10 0 2 0 PINTYPE=BI
T 220 330 20 0 5 XCVU095FFVD1924
T 220 350 20 0 5 BANK 225
c 70 370 10
U 50 400 10 0 3 3 DEVICE=XXXXXX
U 50 30 16 0 3 3 REFDES=U?
U 250 30 10 0 3 3 PKG_TYPE=XXXXXX
U 0 0 10 0 3 0 HETERO=u095ffvd1924a_0,u095ffvd1924a_44,u095ffvd1924a_45,u095ffvd1924a_46,u095ffvd1924a_47,u095ffvd1924a_48,u095ffvd1924a_49,u095ffvd1924a_50,u095ffvd1924a_51,u095ffvd1924a_65,u095ffvd1924a_66,u095ffvd1924a_67,u095ffvd1924a_68,u095ffvd1924a_69,u095ffvd1924a_70,u095ffvd1924a_71,u095ffvd1924a_84,u095ffvd1924a_94,u095ffvd1924a_125,u095ffvd1924a_126,u095ffvd1924a_127,u095ffvd1924a_128,u095ffvd1924a_129,u095ffvd1924a_130,u095ffvd1924a_224,u095ffvd1924a_225,u095ffvd1924a_226,u095ffvd1924a_227,u095ffvd1924a_228,u095ffvd1924a_229,u095ffvd1924a_230,u095ffvd1924a_MGTAVCC_LN,u095ffvd1924a_MGTAVCC_LS,u095ffvd1924a_MGTAVCC_RN,u095ffvd1924a_MGTAVCC_RS,u095ffvd1924a_MGTAVTT_LN,u095ffvd1924a_MGTAVTT_LS,u095ffvd1924a_MGTAVTT_RN,u095ffvd1924a_MGTAVTT_RS,u095ffvd1924a_MGTVCCAUX_LN,u095ffvd1924a_MGTVCCAUX_LS,u095ffvd1924a_MGTVCCAUX_RN,u095ffvd1924a_MGTVCCAUX_RS,u095ffvd1924a_GND1,u095ffvd1924a_GND2,u095ffvd1924a_VCCINT,u095ffvd1924a_VCCINT_IO,u095ffvd1924a_VCCAUX,u095ffvd1924a_VCCAUX_IO,u095ffvd1924a_VCCBRAM
U 0 -10 10 0 3 0 PARTS=1
U 0 -20 10 0 3 0 LEVEL=STD
U 0 -30 10 0 3 0 DATE=2013_12_09
E
