V 50
K 153165148200 u115flvd1924
Y 1
D 0 0 400 440
Z 10
i 946
b 50 50 350 390
P 1 400 100 350 100 0 3 0
A 355 100 10 0 3 3 #=A39
L 345 100 10 0 8 0 1 0 MGTAVTTRCAL_LN_A39
A 405 100 10 0 2 0 PINTYPE=BI
P 2 400 110 350 110 0 3 0
A 355 110 10 0 3 3 #=A40
L 345 110 10 0 8 0 1 0 MGTRREF_LN_A40
A 405 110 10 0 2 0 PINTYPE=BI
P 3 400 120 350 120 0 3 0
A 355 120 10 0 3 3 #=N40
L 345 120 10 0 8 0 1 0 MGTREFCLK1N_133_N40
A 405 120 10 0 2 0 PINTYPE=BI
P 4 400 130 350 130 0 3 0
A 355 130 10 0 3 3 #=N39
L 345 130 10 0 8 0 1 0 MGTREFCLK1P_133_N39
A 405 130 10 0 2 0 PINTYPE=BI
P 5 400 140 350 140 0 3 0
A 355 140 10 0 3 3 #=R40
L 345 140 10 0 8 0 1 0 MGTREFCLK0N_133_R40
A 405 140 10 0 2 0 PINTYPE=BI
P 6 400 150 350 150 0 3 0
A 355 150 10 0 3 3 #=R39
L 345 150 10 0 8 0 1 0 MGTREFCLK0P_133_R39
A 405 150 10 0 2 0 PINTYPE=BI
P 7 400 160 350 160 0 3 0
A 355 160 10 0 3 3 #=C44
L 345 160 10 0 8 0 1 0 MGTHRXN3_133_C44
A 405 160 10 0 2 0 PINTYPE=BI
P 8 400 170 350 170 0 3 0
A 355 170 10 0 3 3 #=C43
L 345 170 10 0 8 0 1 0 MGTHRXP3_133_C43
A 405 170 10 0 2 0 PINTYPE=BI
P 9 400 180 350 180 0 3 0
A 355 180 10 0 3 3 #=B42
L 345 180 10 0 8 0 1 0 MGTHTXN3_133_B42
A 405 180 10 0 2 0 PINTYPE=BI
P 10 400 190 350 190 0 3 0
A 355 190 10 0 3 3 #=B41
L 345 190 10 0 8 0 1 0 MGTHTXP3_133_B41
A 405 190 10 0 2 0 PINTYPE=BI
P 11 400 200 350 200 0 3 0
A 355 200 10 0 3 3 #=E44
L 345 200 10 0 8 0 1 0 MGTHRXN2_133_E44
A 405 200 10 0 2 0 PINTYPE=BI
P 12 400 210 350 210 0 3 0
A 355 210 10 0 3 3 #=E43
L 345 210 10 0 8 0 1 0 MGTHRXP2_133_E43
A 405 210 10 0 2 0 PINTYPE=BI
P 13 400 220 350 220 0 3 0
A 355 220 10 0 3 3 #=D42
L 345 220 10 0 8 0 1 0 MGTHTXN2_133_D42
A 405 220 10 0 2 0 PINTYPE=BI
P 14 400 230 350 230 0 3 0
A 355 230 10 0 3 3 #=D41
L 345 230 10 0 8 0 1 0 MGTHTXP2_133_D41
A 405 230 10 0 2 0 PINTYPE=BI
P 15 400 240 350 240 0 3 0
A 355 240 10 0 3 3 #=G44
L 345 240 10 0 8 0 1 0 MGTHRXN1_133_G44
A 405 240 10 0 2 0 PINTYPE=BI
P 16 400 250 350 250 0 3 0
A 355 250 10 0 3 3 #=G43
L 345 250 10 0 8 0 1 0 MGTHRXP1_133_G43
A 405 250 10 0 2 0 PINTYPE=BI
P 17 400 260 350 260 0 3 0
A 355 260 10 0 3 3 #=F42
L 345 260 10 0 8 0 1 0 MGTHTXN1_133_F42
A 405 260 10 0 2 0 PINTYPE=BI
P 18 400 270 350 270 0 3 0
A 355 270 10 0 3 3 #=F41
L 345 270 10 0 8 0 1 0 MGTHTXP1_133_F41
A 405 270 10 0 2 0 PINTYPE=BI
P 19 400 280 350 280 0 3 0
A 355 280 10 0 3 3 #=J44
L 345 280 10 0 8 0 1 0 MGTHRXN0_133_J44
A 405 280 10 0 2 0 PINTYPE=BI
P 20 400 290 350 290 0 3 0
A 355 290 10 0 3 3 #=J43
L 345 290 10 0 8 0 1 0 MGTHRXP0_133_J43
A 405 290 10 0 2 0 PINTYPE=BI
P 21 400 300 350 300 0 3 0
A 355 300 10 0 3 3 #=H42
L 345 300 10 0 8 0 1 0 MGTHTXN0_133_H42
A 405 300 10 0 2 0 PINTYPE=BI
P 22 400 310 350 310 0 3 0
A 355 310 10 0 3 3 #=H41
L 345 310 10 0 8 0 1 0 MGTHTXP0_133_H41
A 405 310 10 0 2 0 PINTYPE=BI
T 220 330 20 0 5 XCKU115FLVD1924
T 220 350 20 0 5 BANK 133
T 135 300 12 0 6 BANK MIGRATION:
T 135 290 10 0 6 VU125 = BANK 132
T 135 280 10 0 6 VU095 = BANK 130
T 135 270 10 0 6 VU080 = BANK 130
T 135 260 10 0 6 KU100 = BANK 133
c 70 370 10
U 50 400 10 0 3 3 DEVICE=XXXXXX
U 50 30 16 0 3 3 REFDES=U?
U 250 30 10 0 3 3 PKG_TYPE=XXXXXX
U 0 0 10 0 3 0 HETERO=u115flvd1924b_0,u115flvd1924b_44,u115flvd1924b_45,u115flvd1924b_46,u115flvd1924b_47,u115flvd1924b_50,u115flvd1924b_51,u115flvd1924b_52,u115flvd1924b_53,u115flvd1924b_65,u115flvd1924b_66,u115flvd1924b_67,u115flvd1924b_70,u115flvd1924b_71,u115flvd1924b_72,u115flvd1924b_73,u115flvd1924b_84,u115flvd1924b_94,u115flvd1924b_126,u115flvd1924b_127,u115flvd1924b_128,u115flvd1924b_131,u115flvd1924b_132,u115flvd1924b_133,u115flvd1924b_224,u115flvd1924b_225,u115flvd1924b_226,u115flvd1924b_227,u115flvd1924b_231,u115flvd1924b_232,u115flvd1924b_233,u115flvd1924b_MGTAVCC_LN,u115flvd1924b_MGTAVCC_LS,u115flvd1924b_MGTAVCC_RN,u115flvd1924b_MGTAVCC_RS,u115flvd1924b_MGTAVTT_LN,u115flvd1924b_MGTAVTT_LS,u115flvd1924b_MGTAVTT_RN,u115flvd1924b_MGTAVTT_RS,u115flvd1924b_MGTVCCAUX_LN,u115flvd1924b_MGTVCCAUX_LS,u115flvd1924b_MGTVCCAUX_RN,u115flvd1924b_MGTVCCAUX_RS,u115flvd1924b_GND1,u115flvd1924b_GND2,u115flvd1924b_VCCINT,u115flvd1924b_VCCINT_IO,u115flvd1924b_VCCAUX,u115flvd1924b_VCCAUX_IO,u115flvd1924b_VCCBRAM
U 0 -10 10 0 3 0 PARTS=1
U 0 -20 10 0 3 0 LEVEL=STD
U 0 -30 10 0 3 0 DATE=2015_03_16
E
