V 51
K 194335230900 umx3n
|R 22:00_9-28-11
Y 1
D 0 0 160 120
Z 10
i 45
U 0 -140 10 0 3 0 PRICE=0.0
U 0 -130 10 0 3 0 ROHS=YES
U 0 -120 10 0 3 0 IBIS
U 0 -110 10 0 3 0 POWER
U 0 -100 10 0 3 0 VOLTAGE
U 0 -90 10 0 3 0 PART_TYPE=IC
U 0 -80 10 0 3 0 DIST_P/N=XXX
U 0 -70 10 0 3 0 DIST=XXXXX
U 0 -50 10 0 3 0 DATASHEET
U 0 -30 10 0 3 0 MANF=XXXXX
U 0 -20 10 0 3 0 MANF_P/N=XXXXXX
U 20 225 10 0 3 0 VALUE=XXXXXX
U 35 0 16 0 3 3 REFDES=U?
U 110 5 10 0 3 3 PKG_TYPE=XXXXXX
U 20 105 10 0 3 3 DEVICE=XXXXX
l 2 45 60 75 60
l 2 115 30 100 30
l 2 115 60 100 60
l 2 45 45 80 45
l 2 115 80 90 80
l 2 45 80 60 80
l 2 95 60 100 55
l 2 100 55 100 60
l 2 95 60 100 60
l 2 100 30 90 40
l 2 100 60 90 50
l 2 80 45 90 45
l 2 90 35 90 55
l 2 60 75 65 80
l 2 65 80 60 80
l 2 60 75 60 80
l 2 90 80 80 70
l 2 60 80 70 70
l 2 75 60 75 70
l 2 85 70 65 70
P 40 0 80 20 80 0 2 0
A -40 80 10 0 3 0 PINTYPE=IN
A 15 80 10 0 9 3 #=1
L 25 75 10 0 3 1 1 0 E_1
P 44 0 40 20 40 0 2 0
L 25 35 10 0 3 0 1 0 G_2
A 0 40 10 0 3 0 PINTYPE=IN
A 10 40 10 0 3 3 #=3
P 43 160 40 140 40 0 3 0
L 120 35 10 0 3 0 1 0 C_2
A 160 35 10 0 9 0 PINTYPE=IN
A 145 40 10 0 3 3 #=4
P 41 160 80 140 80 0 3 0
L 120 75 10 0 3 1 1 0 C_1
A 160 80 10 0 9 0 PINTYPE=IN
A 145 80 10 0 3 3 #=6
P 27 160 60 140 60 0 3 0
L 120 60 10 0 3 0 1 0 E_2
A 170 60 10 0 9 0 PINTYPE=BI
A 145 60 10 0 3 3 #=5
P 24 0 60 20 60 0 2 0
L 25 60 10 0 3 0 1 0 G_1
A -20 60 10 0 3 0 PINTYPE=BI
A 15 60 10 0 9 3 #=2
b 20 20 140 100
E
