V 50
K 153165148200 us01
Y 1
D 0 0 400 780
Z 10
i 946
b 50 50 350 730
P 1 400 100 350 100 0 3 0
A 355 100 10 0 3 3 #=A26
L 345 100 10 0 8 0 1 0 GND_A26
A 405 100 10 0 2 0 PINTYPE=BI
P 2 400 110 350 110 0 3 0
A 355 110 10 0 3 3 #=AA14
L 345 110 10 0 8 0 1 0 GND_AA14
A 405 110 10 0 2 0 PINTYPE=BI
P 3 400 120 350 120 0 3 0
A 355 120 10 0 3 3 #=AL14
L 345 120 10 0 8 0 1 0 GND_AL14
A 405 120 10 0 2 0 PINTYPE=BI
P 4 400 130 350 130 0 3 0
A 355 130 10 0 3 3 #=AN14
L 345 130 10 0 8 0 1 0 GND_AN14
A 405 130 10 0 2 0 PINTYPE=BI
P 5 400 140 350 140 0 3 0
A 355 140 10 0 3 3 #=AR14
L 345 140 10 0 8 0 1 0 GND_AR14
A 405 140 10 0 2 0 PINTYPE=BI
P 6 400 150 350 150 0 3 0
A 355 150 10 0 3 3 #=AU14
L 345 150 10 0 8 0 1 0 GND_AU14
A 405 150 10 0 2 0 PINTYPE=BI
P 7 400 160 350 160 0 3 0
A 355 160 10 0 3 3 #=AU18
L 345 160 10 0 8 0 1 0 GND_AU18
A 405 160 10 0 2 0 PINTYPE=BI
P 8 400 170 350 170 0 3 0
A 355 170 10 0 3 3 #=AV15
L 345 170 10 0 8 0 1 0 GND_AV15
A 405 170 10 0 2 0 PINTYPE=BI
P 9 400 180 350 180 0 3 0
A 355 180 10 0 3 3 #=AV25
L 345 180 10 0 8 0 1 0 GND_AV25
A 405 180 10 0 2 0 PINTYPE=BI
P 10 400 190 350 190 0 3 0
A 355 190 10 0 3 3 #=AV35
L 345 190 10 0 8 0 1 0 GND_AV35
A 405 190 10 0 2 0 PINTYPE=BI
P 11 400 200 350 200 0 3 0
A 355 200 10 0 3 3 #=AW14
L 345 200 10 0 8 0 1 0 GND_AW14
A 405 200 10 0 2 0 PINTYPE=BI
P 12 400 210 350 210 0 3 0
A 355 210 10 0 3 3 #=AW22
L 345 210 10 0 8 0 1 0 GND_AW22
A 405 210 10 0 2 0 PINTYPE=BI
P 13 400 220 350 220 0 3 0
A 355 220 10 0 3 3 #=AW32
L 345 220 10 0 8 0 1 0 GND_AW32
A 405 220 10 0 2 0 PINTYPE=BI
P 14 400 230 350 230 0 3 0
A 355 230 10 0 3 3 #=AY19
L 345 230 10 0 8 0 1 0 GND_AY19
A 405 230 10 0 2 0 PINTYPE=BI
P 15 400 240 350 240 0 3 0
A 355 240 10 0 3 3 #=AY29
L 345 240 10 0 8 0 1 0 GND_AY29
A 405 240 10 0 2 0 PINTYPE=BI
P 16 400 250 350 250 0 3 0
A 355 250 10 0 3 3 #=B23
L 345 250 10 0 8 0 1 0 GND_B23
A 405 250 10 0 2 0 PINTYPE=BI
P 17 400 260 350 260 0 3 0
A 355 260 10 0 3 3 #=BA14
L 345 260 10 0 8 0 1 0 GND_BA14
A 405 260 10 0 2 0 PINTYPE=BI
P 18 400 270 350 270 0 3 0
A 355 270 10 0 3 3 #=BA16
L 345 270 10 0 8 0 1 0 GND_BA16
A 405 270 10 0 2 0 PINTYPE=BI
P 19 400 280 350 280 0 3 0
A 355 280 10 0 3 3 #=BA26
L 345 280 10 0 8 0 1 0 GND_BA26
A 405 280 10 0 2 0 PINTYPE=BI
P 20 400 290 350 290 0 3 0
A 355 290 10 0 3 3 #=BA36
L 345 290 10 0 8 0 1 0 GND_BA36
A 405 290 10 0 2 0 PINTYPE=BI
P 21 400 300 350 300 0 3 0
A 355 300 10 0 3 3 #=BB23
L 345 300 10 0 8 0 1 0 GND_BB23
A 405 300 10 0 2 0 PINTYPE=BI
P 22 400 310 350 310 0 3 0
A 355 310 10 0 3 3 #=BB33
L 345 310 10 0 8 0 1 0 GND_BB33
A 405 310 10 0 2 0 PINTYPE=BI
P 23 400 320 350 320 0 3 0
A 355 320 10 0 3 3 #=BC20
L 345 320 10 0 8 0 1 0 GND_BC20
A 405 320 10 0 2 0 PINTYPE=BI
P 24 400 330 350 330 0 3 0
A 355 330 10 0 3 3 #=BC30
L 345 330 10 0 8 0 1 0 GND_BC30
A 405 330 10 0 2 0 PINTYPE=BI
P 25 400 340 350 340 0 3 0
A 355 340 10 0 3 3 #=BD27
L 345 340 10 0 8 0 1 0 GND_BD27
A 405 340 10 0 2 0 PINTYPE=BI
P 26 400 350 350 350 0 3 0
A 355 350 10 0 3 3 #=BE24
L 345 350 10 0 8 0 1 0 GND_BE24
A 405 350 10 0 2 0 PINTYPE=BI
P 27 400 360 350 360 0 3 0
A 355 360 10 0 3 3 #=BG28
L 345 360 10 0 8 0 1 0 GND_BG28
A 405 360 10 0 2 0 PINTYPE=BI
P 28 400 370 350 370 0 3 0
A 355 370 10 0 3 3 #=BH25
L 345 370 10 0 8 0 1 0 GND_BH25
A 405 370 10 0 2 0 PINTYPE=BI
P 29 400 380 350 380 0 3 0
A 355 380 10 0 3 3 #=BJ22
L 345 380 10 0 8 0 1 0 GND_BJ22
A 405 380 10 0 2 0 PINTYPE=BI
P 30 400 390 350 390 0 3 0
A 355 390 10 0 3 3 #=BK29
L 345 390 10 0 8 0 1 0 GND_BK29
A 405 390 10 0 2 0 PINTYPE=BI
P 31 400 400 350 400 0 3 0
A 355 400 10 0 3 3 #=BL26
L 345 400 10 0 8 0 1 0 GND_BL26
A 405 400 10 0 2 0 PINTYPE=BI
P 32 400 410 350 410 0 3 0
A 355 410 10 0 3 3 #=D27
L 345 410 10 0 8 0 1 0 GND_D27
A 405 410 10 0 2 0 PINTYPE=BI
P 33 400 420 350 420 0 3 0
A 355 420 10 0 3 3 #=E24
L 345 420 10 0 8 0 1 0 GND_E24
A 405 420 10 0 2 0 PINTYPE=BI
P 34 400 430 350 430 0 3 0
A 355 430 10 0 3 3 #=G28
L 345 430 10 0 8 0 1 0 GND_G28
A 405 430 10 0 2 0 PINTYPE=BI
P 35 400 440 350 440 0 3 0
A 355 440 10 0 3 3 #=H25
L 345 440 10 0 8 0 1 0 GND_H25
A 405 440 10 0 2 0 PINTYPE=BI
P 36 400 450 350 450 0 3 0
A 355 450 10 0 3 3 #=J22
L 345 450 10 0 8 0 1 0 GND_J22
A 405 450 10 0 2 0 PINTYPE=BI
P 37 400 460 350 460 0 3 0
A 355 460 10 0 3 3 #=K19
L 345 460 10 0 8 0 1 0 GND_K19
A 405 460 10 0 2 0 PINTYPE=BI
P 38 400 470 350 470 0 3 0
A 355 470 10 0 3 3 #=K29
L 345 470 10 0 8 0 1 0 GND_K29
A 405 470 10 0 2 0 PINTYPE=BI
P 39 400 480 350 480 0 3 0
A 355 480 10 0 3 3 #=L16
L 345 480 10 0 8 0 1 0 GND_L16
A 405 480 10 0 2 0 PINTYPE=BI
P 40 400 490 350 490 0 3 0
A 355 490 10 0 3 3 #=L26
L 345 490 10 0 8 0 1 0 GND_L26
A 405 490 10 0 2 0 PINTYPE=BI
P 41 400 500 350 500 0 3 0
A 355 500 10 0 3 3 #=L36
L 345 500 10 0 8 0 1 0 GND_L36
A 405 500 10 0 2 0 PINTYPE=BI
P 42 400 510 350 510 0 3 0
A 355 510 10 0 3 3 #=M23
L 345 510 10 0 8 0 1 0 GND_M23
A 405 510 10 0 2 0 PINTYPE=BI
P 43 400 520 350 520 0 3 0
A 355 520 10 0 3 3 #=M33
L 345 520 10 0 8 0 1 0 GND_M33
A 405 520 10 0 2 0 PINTYPE=BI
P 44 400 530 350 530 0 3 0
A 355 530 10 0 3 3 #=N14
L 345 530 10 0 8 0 1 0 GND_N14
A 405 530 10 0 2 0 PINTYPE=BI
P 45 400 540 350 540 0 3 0
A 355 540 10 0 3 3 #=N20
L 345 540 10 0 8 0 1 0 GND_N20
A 405 540 10 0 2 0 PINTYPE=BI
P 46 400 550 350 550 0 3 0
A 355 550 10 0 3 3 #=N30
L 345 550 10 0 8 0 1 0 GND_N30
A 405 550 10 0 2 0 PINTYPE=BI
P 47 400 560 350 560 0 3 0
A 355 560 10 0 3 3 #=P17
L 345 560 10 0 8 0 1 0 GND_P17
A 405 560 10 0 2 0 PINTYPE=BI
P 48 400 570 350 570 0 3 0
A 355 570 10 0 3 3 #=P27
L 345 570 10 0 8 0 1 0 GND_P27
A 405 570 10 0 2 0 PINTYPE=BI
P 49 400 580 350 580 0 3 0
A 355 580 10 0 3 3 #=P37
L 345 580 10 0 8 0 1 0 GND_P37
A 405 580 10 0 2 0 PINTYPE=BI
P 50 400 590 350 590 0 3 0
A 355 590 10 0 3 3 #=R14
L 345 590 10 0 8 0 1 0 GND_R14
A 405 590 10 0 2 0 PINTYPE=BI
P 51 400 600 350 600 0 3 0
A 355 600 10 0 3 3 #=R24
L 345 600 10 0 8 0 1 0 GND_R24
A 405 600 10 0 2 0 PINTYPE=BI
P 52 400 610 350 610 0 3 0
A 355 610 10 0 3 3 #=R34
L 345 610 10 0 8 0 1 0 GND_R34
A 405 610 10 0 2 0 PINTYPE=BI
P 53 400 620 350 620 0 3 0
A 355 620 10 0 3 3 #=T21
L 345 620 10 0 8 0 1 0 GND_T21
A 405 620 10 0 2 0 PINTYPE=BI
P 54 400 630 350 630 0 3 0
A 355 630 10 0 3 3 #=U14
L 345 630 10 0 8 0 1 0 GND_U14
A 405 630 10 0 2 0 PINTYPE=BI
P 55 400 640 350 640 0 3 0
A 355 640 10 0 3 3 #=U18
L 345 640 10 0 8 0 1 0 GND_U18
A 405 640 10 0 2 0 PINTYPE=BI
P 56 400 650 350 650 0 3 0
A 355 650 10 0 3 3 #=W14
L 345 650 10 0 8 0 1 0 GND_W14
A 405 650 10 0 2 0 PINTYPE=BI
T 220 670 20 0 5 XCVU190FLGA2577
T 220 690 20 0 5 BANK GND_H
c 70 710 10
U 50 740 10 0 3 3 DEVICE=XXXXXX
U 50 30 16 0 3 3 REFDES=U?
U 250 30 10 0 3 3 PKG_TYPE=XXXXXX
U 0 0 10 0 3 0 HETERO=us01a_0_H,us01a_61_H,us01a_62_H,us01a_63_H,us01a_65_H,us01a_66_H,us01a_67_H,us01a_68_H,us01a_70_H,us01a_71_H,us01a_72_H,us01a_GND_H
U 0 -10 10 0 3 0 PARTS=1
U 0 -20 10 0 3 0 LEVEL=STD
U 0 -30 10 0 3 0 DATE=2014_10_24
E
