V 50
K 153165148200 us01
Y 1
D 0 0 400 1420
Z 10
i 946
b 50 50 350 1370
P 1 400 100 350 100 0 3 0
A 355 100 10 0 3 3 #=BC3
L 345 100 10 0 8 0 1 0 GND_BC3
A 405 100 10 0 2 0 PINTYPE=BI
P 2 400 110 350 110 0 3 0
A 355 110 10 0 3 3 #=BC30
L 345 110 10 0 8 0 1 0 GND_BC30
A 405 110 10 0 2 0 PINTYPE=BI
P 3 400 120 350 120 0 3 0
A 355 120 10 0 3 3 #=BC38
L 345 120 10 0 8 0 1 0 GND_BC38
A 405 120 10 0 2 0 PINTYPE=BI
P 4 400 130 350 130 0 3 0
A 355 130 10 0 3 3 #=BC4
L 345 130 10 0 8 0 1 0 GND_BC4
A 405 130 10 0 2 0 PINTYPE=BI
P 5 400 140 350 140 0 3 0
A 355 140 10 0 3 3 #=BC40
L 345 140 10 0 8 0 1 0 GND_BC40
A 405 140 10 0 2 0 PINTYPE=BI
P 6 400 150 350 150 0 3 0
A 355 150 10 0 3 3 #=BC44
L 345 150 10 0 8 0 1 0 GND_BC44
A 405 150 10 0 2 0 PINTYPE=BI
P 7 400 160 350 160 0 3 0
A 355 160 10 0 3 3 #=BC47
L 345 160 10 0 8 0 1 0 GND_BC47
A 405 160 10 0 2 0 PINTYPE=BI
P 8 400 170 350 170 0 3 0
A 355 170 10 0 3 3 #=BC48
L 345 170 10 0 8 0 1 0 GND_BC48
A 405 170 10 0 2 0 PINTYPE=BI
P 9 400 180 350 180 0 3 0
A 355 180 10 0 3 3 #=BC49
L 345 180 10 0 8 0 1 0 GND_BC49
A 405 180 10 0 2 0 PINTYPE=BI
P 10 400 190 350 190 0 3 0
A 355 190 10 0 3 3 #=BC5
L 345 190 10 0 8 0 1 0 GND_BC5
A 405 190 10 0 2 0 PINTYPE=BI
P 11 400 200 350 200 0 3 0
A 355 200 10 0 3 3 #=BC8
L 345 200 10 0 8 0 1 0 GND_BC8
A 405 200 10 0 2 0 PINTYPE=BI
P 12 400 210 350 210 0 3 0
A 355 210 10 0 3 3 #=BD1
L 345 210 10 0 8 0 1 0 GND_BD1
A 405 210 10 0 2 0 PINTYPE=BI
P 13 400 220 350 220 0 3 0
A 355 220 10 0 3 3 #=BD11
L 345 220 10 0 8 0 1 0 GND_BD11
A 405 220 10 0 2 0 PINTYPE=BI
P 14 400 230 350 230 0 3 0
A 355 230 10 0 3 3 #=BD14
L 345 230 10 0 8 0 1 0 GND_BD14
A 405 230 10 0 2 0 PINTYPE=BI
P 15 400 240 350 240 0 3 0
A 355 240 10 0 3 3 #=BD2
L 345 240 10 0 8 0 1 0 GND_BD2
A 405 240 10 0 2 0 PINTYPE=BI
P 16 400 250 350 250 0 3 0
A 355 250 10 0 3 3 #=BD27
L 345 250 10 0 8 0 1 0 GND_BD27
A 405 250 10 0 2 0 PINTYPE=BI
P 17 400 260 350 260 0 3 0
A 355 260 10 0 3 3 #=BD38
L 345 260 10 0 8 0 1 0 GND_BD38
A 405 260 10 0 2 0 PINTYPE=BI
P 18 400 270 350 270 0 3 0
A 355 270 10 0 3 3 #=BD41
L 345 270 10 0 8 0 1 0 GND_BD41
A 405 270 10 0 2 0 PINTYPE=BI
P 19 400 280 350 280 0 3 0
A 355 280 10 0 3 3 #=BD46
L 345 280 10 0 8 0 1 0 GND_BD46
A 405 280 10 0 2 0 PINTYPE=BI
P 20 400 290 350 290 0 3 0
A 355 290 10 0 3 3 #=BD47
L 345 290 10 0 8 0 1 0 GND_BD47
A 405 290 10 0 2 0 PINTYPE=BI
P 21 400 300 350 300 0 3 0
A 355 300 10 0 3 3 #=BD5
L 345 300 10 0 8 0 1 0 GND_BD5
A 405 300 10 0 2 0 PINTYPE=BI
P 22 400 310 350 310 0 3 0
A 355 310 10 0 3 3 #=BD50
L 345 310 10 0 8 0 1 0 GND_BD50
A 405 310 10 0 2 0 PINTYPE=BI
P 23 400 320 350 320 0 3 0
A 355 320 10 0 3 3 #=BD51
L 345 320 10 0 8 0 1 0 GND_BD51
A 405 320 10 0 2 0 PINTYPE=BI
P 24 400 330 350 330 0 3 0
A 355 330 10 0 3 3 #=BD6
L 345 330 10 0 8 0 1 0 GND_BD6
A 405 330 10 0 2 0 PINTYPE=BI
P 25 400 340 350 340 0 3 0
A 355 340 10 0 3 3 #=BE12
L 345 340 10 0 8 0 1 0 GND_BE12
A 405 340 10 0 2 0 PINTYPE=BI
P 26 400 350 350 350 0 3 0
A 355 350 10 0 3 3 #=BE14
L 345 350 10 0 8 0 1 0 GND_BE14
A 405 350 10 0 2 0 PINTYPE=BI
P 27 400 360 350 360 0 3 0
A 355 360 10 0 3 3 #=BE15
L 345 360 10 0 8 0 1 0 GND_BE15
A 405 360 10 0 2 0 PINTYPE=BI
P 28 400 370 350 370 0 3 0
A 355 370 10 0 3 3 #=BE16
L 345 370 10 0 8 0 1 0 GND_BE16
A 405 370 10 0 2 0 PINTYPE=BI
P 29 400 380 350 380 0 3 0
A 355 380 10 0 3 3 #=BE17
L 345 380 10 0 8 0 1 0 GND_BE17
A 405 380 10 0 2 0 PINTYPE=BI
P 30 400 390 350 390 0 3 0
A 355 390 10 0 3 3 #=BE18
L 345 390 10 0 8 0 1 0 GND_BE18
A 405 390 10 0 2 0 PINTYPE=BI
P 31 400 400 350 400 0 3 0
A 355 400 10 0 3 3 #=BE19
L 345 400 10 0 8 0 1 0 GND_BE19
A 405 400 10 0 2 0 PINTYPE=BI
P 32 400 410 350 410 0 3 0
A 355 410 10 0 3 3 #=BE24
L 345 410 10 0 8 0 1 0 GND_BE24
A 405 410 10 0 2 0 PINTYPE=BI
P 33 400 420 350 420 0 3 0
A 355 420 10 0 3 3 #=BE3
L 345 420 10 0 8 0 1 0 GND_BE3
A 405 420 10 0 2 0 PINTYPE=BI
P 34 400 430 350 430 0 3 0
A 355 430 10 0 3 3 #=BE33
L 345 430 10 0 8 0 1 0 GND_BE33
A 405 430 10 0 2 0 PINTYPE=BI
P 35 400 440 350 440 0 3 0
A 355 440 10 0 3 3 #=BE34
L 345 440 10 0 8 0 1 0 GND_BE34
A 405 440 10 0 2 0 PINTYPE=BI
P 36 400 450 350 450 0 3 0
A 355 450 10 0 3 3 #=BE35
L 345 450 10 0 8 0 1 0 GND_BE35
A 405 450 10 0 2 0 PINTYPE=BI
P 37 400 460 350 460 0 3 0
A 355 460 10 0 3 3 #=BE36
L 345 460 10 0 8 0 1 0 GND_BE36
A 405 460 10 0 2 0 PINTYPE=BI
P 38 400 470 350 470 0 3 0
A 355 470 10 0 3 3 #=BE37
L 345 470 10 0 8 0 1 0 GND_BE37
A 405 470 10 0 2 0 PINTYPE=BI
P 39 400 480 350 480 0 3 0
A 355 480 10 0 3 3 #=BE38
L 345 480 10 0 8 0 1 0 GND_BE38
A 405 480 10 0 2 0 PINTYPE=BI
P 40 400 490 350 490 0 3 0
A 355 490 10 0 3 3 #=BE4
L 345 490 10 0 8 0 1 0 GND_BE4
A 405 490 10 0 2 0 PINTYPE=BI
P 41 400 500 350 500 0 3 0
A 355 500 10 0 3 3 #=BE40
L 345 500 10 0 8 0 1 0 GND_BE40
A 405 500 10 0 2 0 PINTYPE=BI
P 42 400 510 350 510 0 3 0
A 355 510 10 0 3 3 #=BE43
L 345 510 10 0 8 0 1 0 GND_BE43
A 405 510 10 0 2 0 PINTYPE=BI
P 43 400 520 350 520 0 3 0
A 355 520 10 0 3 3 #=BE47
L 345 520 10 0 8 0 1 0 GND_BE47
A 405 520 10 0 2 0 PINTYPE=BI
P 44 400 530 350 530 0 3 0
A 355 530 10 0 3 3 #=BE48
L 345 530 10 0 8 0 1 0 GND_BE48
A 405 530 10 0 2 0 PINTYPE=BI
P 45 400 540 350 540 0 3 0
A 355 540 10 0 3 3 #=BE49
L 345 540 10 0 8 0 1 0 GND_BE49
A 405 540 10 0 2 0 PINTYPE=BI
P 46 400 550 350 550 0 3 0
A 355 550 10 0 3 3 #=BE5
L 345 550 10 0 8 0 1 0 GND_BE5
A 405 550 10 0 2 0 PINTYPE=BI
P 47 400 560 350 560 0 3 0
A 355 560 10 0 3 3 #=BE9
L 345 560 10 0 8 0 1 0 GND_BE9
A 405 560 10 0 2 0 PINTYPE=BI
P 48 400 570 350 570 0 3 0
A 355 570 10 0 3 3 #=BF1
L 345 570 10 0 8 0 1 0 GND_BF1
A 405 570 10 0 2 0 PINTYPE=BI
P 49 400 580 350 580 0 3 0
A 355 580 10 0 3 3 #=BF10
L 345 580 10 0 8 0 1 0 GND_BF10
A 405 580 10 0 2 0 PINTYPE=BI
P 50 400 590 350 590 0 3 0
A 355 590 10 0 3 3 #=BF16
L 345 590 10 0 8 0 1 0 GND_BF16
A 405 590 10 0 2 0 PINTYPE=BI
P 51 400 600 350 600 0 3 0
A 355 600 10 0 3 3 #=BF19
L 345 600 10 0 8 0 1 0 GND_BF19
A 405 600 10 0 2 0 PINTYPE=BI
P 52 400 610 350 610 0 3 0
A 355 610 10 0 3 3 #=BF2
L 345 610 10 0 8 0 1 0 GND_BF2
A 405 610 10 0 2 0 PINTYPE=BI
P 53 400 620 350 620 0 3 0
A 355 620 10 0 3 3 #=BF20
L 345 620 10 0 8 0 1 0 GND_BF20
A 405 620 10 0 2 0 PINTYPE=BI
P 54 400 630 350 630 0 3 0
A 355 630 10 0 3 3 #=BF21
L 345 630 10 0 8 0 1 0 GND_BF21
A 405 630 10 0 2 0 PINTYPE=BI
P 55 400 640 350 640 0 3 0
A 355 640 10 0 3 3 #=BF31
L 345 640 10 0 8 0 1 0 GND_BF31
A 405 640 10 0 2 0 PINTYPE=BI
P 56 400 650 350 650 0 3 0
A 355 650 10 0 3 3 #=BF32
L 345 650 10 0 8 0 1 0 GND_BF32
A 405 650 10 0 2 0 PINTYPE=BI
P 57 400 660 350 660 0 3 0
A 355 660 10 0 3 3 #=BF33
L 345 660 10 0 8 0 1 0 GND_BF33
A 405 660 10 0 2 0 PINTYPE=BI
P 58 400 670 350 670 0 3 0
A 355 670 10 0 3 3 #=BF36
L 345 670 10 0 8 0 1 0 GND_BF36
A 405 670 10 0 2 0 PINTYPE=BI
P 59 400 680 350 680 0 3 0
A 355 680 10 0 3 3 #=BF42
L 345 680 10 0 8 0 1 0 GND_BF42
A 405 680 10 0 2 0 PINTYPE=BI
P 60 400 690 350 690 0 3 0
A 355 690 10 0 3 3 #=BF45
L 345 690 10 0 8 0 1 0 GND_BF45
A 405 690 10 0 2 0 PINTYPE=BI
P 61 400 700 350 700 0 3 0
A 355 700 10 0 3 3 #=BF46
L 345 700 10 0 8 0 1 0 GND_BF46
A 405 700 10 0 2 0 PINTYPE=BI
P 62 400 710 350 710 0 3 0
A 355 710 10 0 3 3 #=BF47
L 345 710 10 0 8 0 1 0 GND_BF47
A 405 710 10 0 2 0 PINTYPE=BI
P 63 400 720 350 720 0 3 0
A 355 720 10 0 3 3 #=BF5
L 345 720 10 0 8 0 1 0 GND_BF5
A 405 720 10 0 2 0 PINTYPE=BI
P 64 400 730 350 730 0 3 0
A 355 730 10 0 3 3 #=BF50
L 345 730 10 0 8 0 1 0 GND_BF50
A 405 730 10 0 2 0 PINTYPE=BI
P 65 400 740 350 740 0 3 0
A 355 740 10 0 3 3 #=BF51
L 345 740 10 0 8 0 1 0 GND_BF51
A 405 740 10 0 2 0 PINTYPE=BI
P 66 400 750 350 750 0 3 0
A 355 750 10 0 3 3 #=BF6
L 345 750 10 0 8 0 1 0 GND_BF6
A 405 750 10 0 2 0 PINTYPE=BI
P 67 400 760 350 760 0 3 0
A 355 760 10 0 3 3 #=BF7
L 345 760 10 0 8 0 1 0 GND_BF7
A 405 760 10 0 2 0 PINTYPE=BI
P 68 400 770 350 770 0 3 0
A 355 770 10 0 3 3 #=BG12
L 345 770 10 0 8 0 1 0 GND_BG12
A 405 770 10 0 2 0 PINTYPE=BI
P 69 400 780 350 780 0 3 0
A 355 780 10 0 3 3 #=BG16
L 345 780 10 0 8 0 1 0 GND_BG16
A 405 780 10 0 2 0 PINTYPE=BI
P 70 400 790 350 790 0 3 0
A 355 790 10 0 3 3 #=BG17
L 345 790 10 0 8 0 1 0 GND_BG17
A 405 790 10 0 2 0 PINTYPE=BI
P 71 400 800 350 800 0 3 0
A 355 800 10 0 3 3 #=BG18
L 345 800 10 0 8 0 1 0 GND_BG18
A 405 800 10 0 2 0 PINTYPE=BI
P 72 400 810 350 810 0 3 0
A 355 810 10 0 3 3 #=BG21
L 345 810 10 0 8 0 1 0 GND_BG21
A 405 810 10 0 2 0 PINTYPE=BI
P 73 400 820 350 820 0 3 0
A 355 820 10 0 3 3 #=BG28
L 345 820 10 0 8 0 1 0 GND_BG28
A 405 820 10 0 2 0 PINTYPE=BI
P 74 400 830 350 830 0 3 0
A 355 830 10 0 3 3 #=BG3
L 345 830 10 0 8 0 1 0 GND_BG3
A 405 830 10 0 2 0 PINTYPE=BI
P 75 400 840 350 840 0 3 0
A 355 840 10 0 3 3 #=BG31
L 345 840 10 0 8 0 1 0 GND_BG31
A 405 840 10 0 2 0 PINTYPE=BI
P 76 400 850 350 850 0 3 0
A 355 850 10 0 3 3 #=BG34
L 345 850 10 0 8 0 1 0 GND_BG34
A 405 850 10 0 2 0 PINTYPE=BI
P 77 400 860 350 860 0 3 0
A 355 860 10 0 3 3 #=BG35
L 345 860 10 0 8 0 1 0 GND_BG35
A 405 860 10 0 2 0 PINTYPE=BI
P 78 400 870 350 870 0 3 0
A 355 870 10 0 3 3 #=BG36
L 345 870 10 0 8 0 1 0 GND_BG36
A 405 870 10 0 2 0 PINTYPE=BI
P 79 400 880 350 880 0 3 0
A 355 880 10 0 3 3 #=BG4
L 345 880 10 0 8 0 1 0 GND_BG4
A 405 880 10 0 2 0 PINTYPE=BI
P 80 400 890 350 890 0 3 0
A 355 890 10 0 3 3 #=BG40
L 345 890 10 0 8 0 1 0 GND_BG40
A 405 890 10 0 2 0 PINTYPE=BI
P 81 400 900 350 900 0 3 0
A 355 900 10 0 3 3 #=BG44
L 345 900 10 0 8 0 1 0 GND_BG44
A 405 900 10 0 2 0 PINTYPE=BI
P 82 400 910 350 910 0 3 0
A 355 910 10 0 3 3 #=BG45
L 345 910 10 0 8 0 1 0 GND_BG45
A 405 910 10 0 2 0 PINTYPE=BI
P 83 400 920 350 920 0 3 0
A 355 920 10 0 3 3 #=BG48
L 345 920 10 0 8 0 1 0 GND_BG48
A 405 920 10 0 2 0 PINTYPE=BI
P 84 400 930 350 930 0 3 0
A 355 930 10 0 3 3 #=BG49
L 345 930 10 0 8 0 1 0 GND_BG49
A 405 930 10 0 2 0 PINTYPE=BI
P 85 400 940 350 940 0 3 0
A 355 940 10 0 3 3 #=BG7
L 345 940 10 0 8 0 1 0 GND_BG7
A 405 940 10 0 2 0 PINTYPE=BI
P 86 400 950 350 950 0 3 0
A 355 950 10 0 3 3 #=BG8
L 345 950 10 0 8 0 1 0 GND_BG8
A 405 950 10 0 2 0 PINTYPE=BI
P 87 400 960 350 960 0 3 0
A 355 960 10 0 3 3 #=BH1
L 345 960 10 0 8 0 1 0 GND_BH1
A 405 960 10 0 2 0 PINTYPE=BI
P 88 400 970 350 970 0 3 0
A 355 970 10 0 3 3 #=BH11
L 345 970 10 0 8 0 1 0 GND_BH11
A 405 970 10 0 2 0 PINTYPE=BI
P 89 400 980 350 980 0 3 0
A 355 980 10 0 3 3 #=BH15
L 345 980 10 0 8 0 1 0 GND_BH15
A 405 980 10 0 2 0 PINTYPE=BI
P 90 400 990 350 990 0 3 0
A 355 990 10 0 3 3 #=BH16
L 345 990 10 0 8 0 1 0 GND_BH16
A 405 990 10 0 2 0 PINTYPE=BI
P 91 400 1000 350 1000 0 3 0
A 355 1000 10 0 3 3 #=BH19
L 345 1000 10 0 8 0 1 0 GND_BH19
A 405 1000 10 0 2 0 PINTYPE=BI
P 92 400 1010 350 1010 0 3 0
A 355 1010 10 0 3 3 #=BH2
L 345 1010 10 0 8 0 1 0 GND_BH2
A 405 1010 10 0 2 0 PINTYPE=BI
P 93 400 1020 350 1020 0 3 0
A 355 1020 10 0 3 3 #=BH20
L 345 1020 10 0 8 0 1 0 GND_BH20
A 405 1020 10 0 2 0 PINTYPE=BI
P 94 400 1030 350 1030 0 3 0
A 355 1030 10 0 3 3 #=BH21
L 345 1030 10 0 8 0 1 0 GND_BH21
A 405 1030 10 0 2 0 PINTYPE=BI
P 95 400 1040 350 1040 0 3 0
A 355 1040 10 0 3 3 #=BH25
L 345 1040 10 0 8 0 1 0 GND_BH25
A 405 1040 10 0 2 0 PINTYPE=BI
P 96 400 1050 350 1050 0 3 0
A 355 1050 10 0 3 3 #=BH31
L 345 1050 10 0 8 0 1 0 GND_BH31
A 405 1050 10 0 2 0 PINTYPE=BI
P 97 400 1060 350 1060 0 3 0
A 355 1060 10 0 3 3 #=BH32
L 345 1060 10 0 8 0 1 0 GND_BH32
A 405 1060 10 0 2 0 PINTYPE=BI
P 98 400 1070 350 1070 0 3 0
A 355 1070 10 0 3 3 #=BH33
L 345 1070 10 0 8 0 1 0 GND_BH33
A 405 1070 10 0 2 0 PINTYPE=BI
P 99 400 1080 350 1080 0 3 0
A 355 1080 10 0 3 3 #=BH36
L 345 1080 10 0 8 0 1 0 GND_BH36
A 405 1080 10 0 2 0 PINTYPE=BI
P 100 400 1090 350 1090 0 3 0
A 355 1090 10 0 3 3 #=BH37
L 345 1090 10 0 8 0 1 0 GND_BH37
A 405 1090 10 0 2 0 PINTYPE=BI
P 101 400 1100 350 1100 0 3 0
A 355 1100 10 0 3 3 #=BH41
L 345 1100 10 0 8 0 1 0 GND_BH41
A 405 1100 10 0 2 0 PINTYPE=BI
P 102 400 1110 350 1110 0 3 0
A 355 1110 10 0 3 3 #=BH45
L 345 1110 10 0 8 0 1 0 GND_BH45
A 405 1110 10 0 2 0 PINTYPE=BI
P 103 400 1120 350 1120 0 3 0
A 355 1120 10 0 3 3 #=BH46
L 345 1120 10 0 8 0 1 0 GND_BH46
A 405 1120 10 0 2 0 PINTYPE=BI
P 104 400 1130 350 1130 0 3 0
A 355 1130 10 0 3 3 #=BH47
L 345 1130 10 0 8 0 1 0 GND_BH47
A 405 1130 10 0 2 0 PINTYPE=BI
P 105 400 1140 350 1140 0 3 0
A 355 1140 10 0 3 3 #=BH5
L 345 1140 10 0 8 0 1 0 GND_BH5
A 405 1140 10 0 2 0 PINTYPE=BI
P 106 400 1150 350 1150 0 3 0
A 355 1150 10 0 3 3 #=BH50
L 345 1150 10 0 8 0 1 0 GND_BH50
A 405 1150 10 0 2 0 PINTYPE=BI
P 107 400 1160 350 1160 0 3 0
A 355 1160 10 0 3 3 #=BH51
L 345 1160 10 0 8 0 1 0 GND_BH51
A 405 1160 10 0 2 0 PINTYPE=BI
P 108 400 1170 350 1170 0 3 0
A 355 1170 10 0 3 3 #=BH6
L 345 1170 10 0 8 0 1 0 GND_BH6
A 405 1170 10 0 2 0 PINTYPE=BI
P 109 400 1180 350 1180 0 3 0
A 355 1180 10 0 3 3 #=BH7
L 345 1180 10 0 8 0 1 0 GND_BH7
A 405 1180 10 0 2 0 PINTYPE=BI
P 110 400 1190 350 1190 0 3 0
A 355 1190 10 0 3 3 #=BJ13
L 345 1190 10 0 8 0 1 0 GND_BJ13
A 405 1190 10 0 2 0 PINTYPE=BI
P 111 400 1200 350 1200 0 3 0
A 355 1200 10 0 3 3 #=BJ16
L 345 1200 10 0 8 0 1 0 GND_BJ16
A 405 1200 10 0 2 0 PINTYPE=BI
P 112 400 1210 350 1210 0 3 0
A 355 1210 10 0 3 3 #=BJ17
L 345 1210 10 0 8 0 1 0 GND_BJ17
A 405 1210 10 0 2 0 PINTYPE=BI
P 113 400 1220 350 1220 0 3 0
A 355 1220 10 0 3 3 #=BJ18
L 345 1220 10 0 8 0 1 0 GND_BJ18
A 405 1220 10 0 2 0 PINTYPE=BI
P 114 400 1230 350 1230 0 3 0
A 355 1230 10 0 3 3 #=BJ2
L 345 1230 10 0 8 0 1 0 GND_BJ2
A 405 1230 10 0 2 0 PINTYPE=BI
P 115 400 1240 350 1240 0 3 0
A 355 1240 10 0 3 3 #=BJ21
L 345 1240 10 0 8 0 1 0 GND_BJ21
A 405 1240 10 0 2 0 PINTYPE=BI
P 116 400 1250 350 1250 0 3 0
A 355 1250 10 0 3 3 #=BJ22
L 345 1250 10 0 8 0 1 0 GND_BJ22
A 405 1250 10 0 2 0 PINTYPE=BI
P 117 400 1260 350 1260 0 3 0
A 355 1260 10 0 3 3 #=BJ3
L 345 1260 10 0 8 0 1 0 GND_BJ3
A 405 1260 10 0 2 0 PINTYPE=BI
P 118 400 1270 350 1270 0 3 0
A 355 1270 10 0 3 3 #=BJ31
L 345 1270 10 0 8 0 1 0 GND_BJ31
A 405 1270 10 0 2 0 PINTYPE=BI
P 119 400 1280 350 1280 0 3 0
A 355 1280 10 0 3 3 #=BJ34
L 345 1280 10 0 8 0 1 0 GND_BJ34
A 405 1280 10 0 2 0 PINTYPE=BI
P 120 400 1290 350 1290 0 3 0
A 355 1290 10 0 3 3 #=BJ35
L 345 1290 10 0 8 0 1 0 GND_BJ35
A 405 1290 10 0 2 0 PINTYPE=BI
P 121 400 1300 350 1300 0 3 0
A 355 1300 10 0 3 3 #=BJ36
L 345 1300 10 0 8 0 1 0 GND_BJ36
A 405 1300 10 0 2 0 PINTYPE=BI
P 122 0 110 50 110 0 2 0
A 45 110 10 0 9 3 #=BJ39
L 55 110 10 0 2 0 1 0 GND_BJ39
A 10 110 10 0 2 0 PINTYPE=BI
P 123 0 120 50 120 0 2 0
A 45 120 10 0 9 3 #=BJ4
L 55 120 10 0 2 0 1 0 GND_BJ4
A 10 120 10 0 2 0 PINTYPE=BI
P 124 0 130 50 130 0 2 0
A 45 130 10 0 9 3 #=BJ43
L 55 130 10 0 2 0 1 0 GND_BJ43
A 10 130 10 0 2 0 PINTYPE=BI
P 125 0 140 50 140 0 2 0
A 45 140 10 0 9 3 #=BJ45
L 55 140 10 0 2 0 1 0 GND_BJ45
A 10 140 10 0 2 0 PINTYPE=BI
P 126 0 150 50 150 0 2 0
A 45 150 10 0 9 3 #=BJ48
L 55 150 10 0 2 0 1 0 GND_BJ48
A 10 150 10 0 2 0 PINTYPE=BI
P 127 0 160 50 160 0 2 0
A 45 160 10 0 9 3 #=BJ49
L 55 160 10 0 2 0 1 0 GND_BJ49
A 10 160 10 0 2 0 PINTYPE=BI
P 128 0 170 50 170 0 2 0
A 45 170 10 0 9 3 #=BJ50
L 55 170 10 0 2 0 1 0 GND_BJ50
A 10 170 10 0 2 0 PINTYPE=BI
P 129 0 180 50 180 0 2 0
A 45 180 10 0 9 3 #=BJ7
L 55 180 10 0 2 0 1 0 GND_BJ7
A 10 180 10 0 2 0 PINTYPE=BI
P 130 0 190 50 190 0 2 0
A 45 190 10 0 9 3 #=BJ9
L 55 190 10 0 2 0 1 0 GND_BJ9
A 10 190 10 0 2 0 PINTYPE=BI
P 131 0 200 50 200 0 2 0
A 45 200 10 0 9 3 #=BK10
L 55 200 10 0 2 0 1 0 GND_BK10
A 10 200 10 0 2 0 PINTYPE=BI
P 132 0 210 50 210 0 2 0
A 45 210 10 0 9 3 #=BK14
L 55 210 10 0 2 0 1 0 GND_BK14
A 10 210 10 0 2 0 PINTYPE=BI
P 133 0 220 50 220 0 2 0
A 45 220 10 0 9 3 #=BK16
L 55 220 10 0 2 0 1 0 GND_BK16
A 10 220 10 0 2 0 PINTYPE=BI
P 134 0 230 50 230 0 2 0
A 45 230 10 0 9 3 #=BK19
L 55 230 10 0 2 0 1 0 GND_BK19
A 10 230 10 0 2 0 PINTYPE=BI
P 135 0 240 50 240 0 2 0
A 45 240 10 0 9 3 #=BK20
L 55 240 10 0 2 0 1 0 GND_BK20
A 10 240 10 0 2 0 PINTYPE=BI
P 136 0 250 50 250 0 2 0
A 45 250 10 0 9 3 #=BK21
L 55 250 10 0 2 0 1 0 GND_BK21
A 10 250 10 0 2 0 PINTYPE=BI
P 137 0 260 50 260 0 2 0
A 45 260 10 0 9 3 #=BK29
L 55 260 10 0 2 0 1 0 GND_BK29
A 10 260 10 0 2 0 PINTYPE=BI
P 138 0 270 50 270 0 2 0
A 45 270 10 0 9 3 #=BK3
L 55 270 10 0 2 0 1 0 GND_BK3
A 10 270 10 0 2 0 PINTYPE=BI
P 139 0 280 50 280 0 2 0
A 45 280 10 0 9 3 #=BK31
L 55 280 10 0 2 0 1 0 GND_BK31
A 10 280 10 0 2 0 PINTYPE=BI
P 140 0 290 50 290 0 2 0
A 45 290 10 0 9 3 #=BK32
L 55 290 10 0 2 0 1 0 GND_BK32
A 10 290 10 0 2 0 PINTYPE=BI
P 141 0 300 50 300 0 2 0
A 45 300 10 0 9 3 #=BK33
L 55 300 10 0 2 0 1 0 GND_BK33
A 10 300 10 0 2 0 PINTYPE=BI
P 142 0 310 50 310 0 2 0
A 45 310 10 0 9 3 #=BK36
L 55 310 10 0 2 0 1 0 GND_BK36
A 10 310 10 0 2 0 PINTYPE=BI
P 143 0 320 50 320 0 2 0
A 45 320 10 0 9 3 #=BK38
L 55 320 10 0 2 0 1 0 GND_BK38
A 10 320 10 0 2 0 PINTYPE=BI
P 144 0 330 50 330 0 2 0
A 45 330 10 0 9 3 #=BK4
L 55 330 10 0 2 0 1 0 GND_BK4
A 10 330 10 0 2 0 PINTYPE=BI
P 145 0 340 50 340 0 2 0
A 45 340 10 0 9 3 #=BK42
L 55 340 10 0 2 0 1 0 GND_BK42
A 10 340 10 0 2 0 PINTYPE=BI
P 146 0 350 50 350 0 2 0
A 45 350 10 0 9 3 #=BK45
L 55 350 10 0 2 0 1 0 GND_BK45
A 10 350 10 0 2 0 PINTYPE=BI
P 147 0 360 50 360 0 2 0
A 45 360 10 0 9 3 #=BK46
L 55 360 10 0 2 0 1 0 GND_BK46
A 10 360 10 0 2 0 PINTYPE=BI
P 148 0 370 50 370 0 2 0
A 45 370 10 0 9 3 #=BK47
L 55 370 10 0 2 0 1 0 GND_BK47
A 10 370 10 0 2 0 PINTYPE=BI
P 149 0 380 50 380 0 2 0
A 45 380 10 0 9 3 #=BK48
L 55 380 10 0 2 0 1 0 GND_BK48
A 10 380 10 0 2 0 PINTYPE=BI
P 150 0 390 50 390 0 2 0
A 45 390 10 0 9 3 #=BK49
L 55 390 10 0 2 0 1 0 GND_BK49
A 10 390 10 0 2 0 PINTYPE=BI
P 151 0 400 50 400 0 2 0
A 45 400 10 0 9 3 #=BK5
L 55 400 10 0 2 0 1 0 GND_BK5
A 10 400 10 0 2 0 PINTYPE=BI
P 152 0 410 50 410 0 2 0
A 45 410 10 0 9 3 #=BK6
L 55 410 10 0 2 0 1 0 GND_BK6
A 10 410 10 0 2 0 PINTYPE=BI
P 153 0 420 50 420 0 2 0
A 45 420 10 0 9 3 #=BK7
L 55 420 10 0 2 0 1 0 GND_BK7
A 10 420 10 0 2 0 PINTYPE=BI
P 154 0 430 50 430 0 2 0
A 45 430 10 0 9 3 #=BL12
L 55 430 10 0 2 0 1 0 GND_BL12
A 10 430 10 0 2 0 PINTYPE=BI
P 155 0 440 50 440 0 2 0
A 45 440 10 0 9 3 #=BL16
L 55 440 10 0 2 0 1 0 GND_BL16
A 10 440 10 0 2 0 PINTYPE=BI
P 156 0 450 50 450 0 2 0
A 45 450 10 0 9 3 #=BL17
L 55 450 10 0 2 0 1 0 GND_BL17
A 10 450 10 0 2 0 PINTYPE=BI
P 157 0 460 50 460 0 2 0
A 45 460 10 0 9 3 #=BL18
L 55 460 10 0 2 0 1 0 GND_BL18
A 10 460 10 0 2 0 PINTYPE=BI
P 158 0 470 50 470 0 2 0
A 45 470 10 0 9 3 #=BL21
L 55 470 10 0 2 0 1 0 GND_BL21
A 10 470 10 0 2 0 PINTYPE=BI
P 159 0 480 50 480 0 2 0
A 45 480 10 0 9 3 #=BL26
L 55 480 10 0 2 0 1 0 GND_BL26
A 10 480 10 0 2 0 PINTYPE=BI
P 160 0 490 50 490 0 2 0
A 45 490 10 0 9 3 #=BL31
L 55 490 10 0 2 0 1 0 GND_BL31
A 10 490 10 0 2 0 PINTYPE=BI
P 161 0 500 50 500 0 2 0
A 45 500 10 0 9 3 #=BL34
L 55 500 10 0 2 0 1 0 GND_BL34
A 10 500 10 0 2 0 PINTYPE=BI
P 162 0 510 50 510 0 2 0
A 45 510 10 0 9 3 #=BL35
L 55 510 10 0 2 0 1 0 GND_BL35
A 10 510 10 0 2 0 PINTYPE=BI
P 163 0 520 50 520 0 2 0
A 45 520 10 0 9 3 #=BL36
L 55 520 10 0 2 0 1 0 GND_BL36
A 10 520 10 0 2 0 PINTYPE=BI
P 164 0 530 50 530 0 2 0
A 45 530 10 0 9 3 #=BL4
L 55 530 10 0 2 0 1 0 GND_BL4
A 10 530 10 0 2 0 PINTYPE=BI
P 165 0 540 50 540 0 2 0
A 45 540 10 0 9 3 #=BL40
L 55 540 10 0 2 0 1 0 GND_BL40
A 10 540 10 0 2 0 PINTYPE=BI
P 166 0 550 50 550 0 2 0
A 45 550 10 0 9 3 #=BL44
L 55 550 10 0 2 0 1 0 GND_BL44
A 10 550 10 0 2 0 PINTYPE=BI
P 167 0 560 50 560 0 2 0
A 45 560 10 0 9 3 #=BL45
L 55 560 10 0 2 0 1 0 GND_BL45
A 10 560 10 0 2 0 PINTYPE=BI
P 168 0 570 50 570 0 2 0
A 45 570 10 0 9 3 #=BL48
L 55 570 10 0 2 0 1 0 GND_BL48
A 10 570 10 0 2 0 PINTYPE=BI
P 169 0 580 50 580 0 2 0
A 45 580 10 0 9 3 #=BL7
L 55 580 10 0 2 0 1 0 GND_BL7
A 10 580 10 0 2 0 PINTYPE=BI
P 170 0 590 50 590 0 2 0
A 45 590 10 0 9 3 #=BL8
L 55 590 10 0 2 0 1 0 GND_BL8
A 10 590 10 0 2 0 PINTYPE=BI
P 171 0 600 50 600 0 2 0
A 45 600 10 0 9 3 #=C12
L 55 600 10 0 2 0 1 0 GND_C12
A 10 600 10 0 2 0 PINTYPE=BI
P 172 0 610 50 610 0 2 0
A 45 610 10 0 9 3 #=C16
L 55 610 10 0 2 0 1 0 GND_C16
A 10 610 10 0 2 0 PINTYPE=BI
P 173 0 620 50 620 0 2 0
A 45 620 10 0 9 3 #=C17
L 55 620 10 0 2 0 1 0 GND_C17
A 10 620 10 0 2 0 PINTYPE=BI
P 174 0 630 50 630 0 2 0
A 45 630 10 0 9 3 #=C18
L 55 630 10 0 2 0 1 0 GND_C18
A 10 630 10 0 2 0 PINTYPE=BI
P 175 0 640 50 640 0 2 0
A 45 640 10 0 9 3 #=C2
L 55 640 10 0 2 0 1 0 GND_C2
A 10 640 10 0 2 0 PINTYPE=BI
P 176 0 650 50 650 0 2 0
A 45 650 10 0 9 3 #=C21
L 55 650 10 0 2 0 1 0 GND_C21
A 10 650 10 0 2 0 PINTYPE=BI
P 177 0 660 50 660 0 2 0
A 45 660 10 0 9 3 #=C3
L 55 660 10 0 2 0 1 0 GND_C3
A 10 660 10 0 2 0 PINTYPE=BI
P 178 0 670 50 670 0 2 0
A 45 670 10 0 9 3 #=C31
L 55 670 10 0 2 0 1 0 GND_C31
A 10 670 10 0 2 0 PINTYPE=BI
P 179 0 680 50 680 0 2 0
A 45 680 10 0 9 3 #=C34
L 55 680 10 0 2 0 1 0 GND_C34
A 10 680 10 0 2 0 PINTYPE=BI
P 180 0 690 50 690 0 2 0
A 45 690 10 0 9 3 #=C35
L 55 690 10 0 2 0 1 0 GND_C35
A 10 690 10 0 2 0 PINTYPE=BI
P 181 0 700 50 700 0 2 0
A 45 700 10 0 9 3 #=C36
L 55 700 10 0 2 0 1 0 GND_C36
A 10 700 10 0 2 0 PINTYPE=BI
P 182 0 710 50 710 0 2 0
A 45 710 10 0 9 3 #=C4
L 55 710 10 0 2 0 1 0 GND_C4
A 10 710 10 0 2 0 PINTYPE=BI
P 183 0 720 50 720 0 2 0
A 45 720 10 0 9 3 #=C40
L 55 720 10 0 2 0 1 0 GND_C40
A 10 720 10 0 2 0 PINTYPE=BI
P 184 0 730 50 730 0 2 0
A 45 730 10 0 9 3 #=C44
L 55 730 10 0 2 0 1 0 GND_C44
A 10 730 10 0 2 0 PINTYPE=BI
P 185 0 740 50 740 0 2 0
A 45 740 10 0 9 3 #=C45
L 55 740 10 0 2 0 1 0 GND_C45
A 10 740 10 0 2 0 PINTYPE=BI
P 186 0 750 50 750 0 2 0
A 45 750 10 0 9 3 #=C48
L 55 750 10 0 2 0 1 0 GND_C48
A 10 750 10 0 2 0 PINTYPE=BI
P 187 0 760 50 760 0 2 0
A 45 760 10 0 9 3 #=C49
L 55 760 10 0 2 0 1 0 GND_C49
A 10 760 10 0 2 0 PINTYPE=BI
P 188 0 770 50 770 0 2 0
A 45 770 10 0 9 3 #=C50
L 55 770 10 0 2 0 1 0 GND_C50
A 10 770 10 0 2 0 PINTYPE=BI
P 189 0 780 50 780 0 2 0
A 45 780 10 0 9 3 #=C7
L 55 780 10 0 2 0 1 0 GND_C7
A 10 780 10 0 2 0 PINTYPE=BI
P 190 0 790 50 790 0 2 0
A 45 790 10 0 9 3 #=C8
L 55 790 10 0 2 0 1 0 GND_C8
A 10 790 10 0 2 0 PINTYPE=BI
P 191 0 800 50 800 0 2 0
A 45 800 10 0 9 3 #=D1
L 55 800 10 0 2 0 1 0 GND_D1
A 10 800 10 0 2 0 PINTYPE=BI
P 192 0 810 50 810 0 2 0
A 45 810 10 0 9 3 #=D11
L 55 810 10 0 2 0 1 0 GND_D11
A 10 810 10 0 2 0 PINTYPE=BI
P 193 0 820 50 820 0 2 0
A 45 820 10 0 9 3 #=D15
L 55 820 10 0 2 0 1 0 GND_D15
A 10 820 10 0 2 0 PINTYPE=BI
P 194 0 830 50 830 0 2 0
A 45 830 10 0 9 3 #=D16
L 55 830 10 0 2 0 1 0 GND_D16
A 10 830 10 0 2 0 PINTYPE=BI
P 195 0 840 50 840 0 2 0
A 45 840 10 0 9 3 #=D19
L 55 840 10 0 2 0 1 0 GND_D19
A 10 840 10 0 2 0 PINTYPE=BI
P 196 0 850 50 850 0 2 0
A 45 850 10 0 9 3 #=D2
L 55 850 10 0 2 0 1 0 GND_D2
A 10 850 10 0 2 0 PINTYPE=BI
P 197 0 860 50 860 0 2 0
A 45 860 10 0 9 3 #=D20
L 55 860 10 0 2 0 1 0 GND_D20
A 10 860 10 0 2 0 PINTYPE=BI
P 198 0 870 50 870 0 2 0
A 45 870 10 0 9 3 #=D21
L 55 870 10 0 2 0 1 0 GND_D21
A 10 870 10 0 2 0 PINTYPE=BI
P 199 0 880 50 880 0 2 0
A 45 880 10 0 9 3 #=D27
L 55 880 10 0 2 0 1 0 GND_D27
A 10 880 10 0 2 0 PINTYPE=BI
P 200 0 890 50 890 0 2 0
A 45 890 10 0 9 3 #=D31
L 55 890 10 0 2 0 1 0 GND_D31
A 10 890 10 0 2 0 PINTYPE=BI
P 201 0 900 50 900 0 2 0
A 45 900 10 0 9 3 #=D32
L 55 900 10 0 2 0 1 0 GND_D32
A 10 900 10 0 2 0 PINTYPE=BI
P 202 0 910 50 910 0 2 0
A 45 910 10 0 9 3 #=D33
L 55 910 10 0 2 0 1 0 GND_D33
A 10 910 10 0 2 0 PINTYPE=BI
P 203 0 920 50 920 0 2 0
A 45 920 10 0 9 3 #=D36
L 55 920 10 0 2 0 1 0 GND_D36
A 10 920 10 0 2 0 PINTYPE=BI
P 204 0 930 50 930 0 2 0
A 45 930 10 0 9 3 #=D37
L 55 930 10 0 2 0 1 0 GND_D37
A 10 930 10 0 2 0 PINTYPE=BI
P 205 0 940 50 940 0 2 0
A 45 940 10 0 9 3 #=D41
L 55 940 10 0 2 0 1 0 GND_D41
A 10 940 10 0 2 0 PINTYPE=BI
P 206 0 950 50 950 0 2 0
A 45 950 10 0 9 3 #=D45
L 55 950 10 0 2 0 1 0 GND_D45
A 10 950 10 0 2 0 PINTYPE=BI
P 207 0 960 50 960 0 2 0
A 45 960 10 0 9 3 #=D46
L 55 960 10 0 2 0 1 0 GND_D46
A 10 960 10 0 2 0 PINTYPE=BI
P 208 0 970 50 970 0 2 0
A 45 970 10 0 9 3 #=D47
L 55 970 10 0 2 0 1 0 GND_D47
A 10 970 10 0 2 0 PINTYPE=BI
P 209 0 980 50 980 0 2 0
A 45 980 10 0 9 3 #=D5
L 55 980 10 0 2 0 1 0 GND_D5
A 10 980 10 0 2 0 PINTYPE=BI
P 210 0 990 50 990 0 2 0
A 45 990 10 0 9 3 #=D50
L 55 990 10 0 2 0 1 0 GND_D50
A 10 990 10 0 2 0 PINTYPE=BI
P 211 0 1000 50 1000 0 2 0
A 45 1000 10 0 9 3 #=D51
L 55 1000 10 0 2 0 1 0 GND_D51
A 10 1000 10 0 2 0 PINTYPE=BI
P 212 0 1010 50 1010 0 2 0
A 45 1010 10 0 9 3 #=D6
L 55 1010 10 0 2 0 1 0 GND_D6
A 10 1010 10 0 2 0 PINTYPE=BI
P 213 0 1020 50 1020 0 2 0
A 45 1020 10 0 9 3 #=D7
L 55 1020 10 0 2 0 1 0 GND_D7
A 10 1020 10 0 2 0 PINTYPE=BI
P 214 0 1030 50 1030 0 2 0
A 45 1030 10 0 9 3 #=E12
L 55 1030 10 0 2 0 1 0 GND_E12
A 10 1030 10 0 2 0 PINTYPE=BI
P 215 0 1040 50 1040 0 2 0
A 45 1040 10 0 9 3 #=E16
L 55 1040 10 0 2 0 1 0 GND_E16
A 10 1040 10 0 2 0 PINTYPE=BI
P 216 0 1050 50 1050 0 2 0
A 45 1050 10 0 9 3 #=E17
L 55 1050 10 0 2 0 1 0 GND_E17
A 10 1050 10 0 2 0 PINTYPE=BI
P 217 0 1060 50 1060 0 2 0
A 45 1060 10 0 9 3 #=E18
L 55 1060 10 0 2 0 1 0 GND_E18
A 10 1060 10 0 2 0 PINTYPE=BI
P 218 0 1070 50 1070 0 2 0
A 45 1070 10 0 9 3 #=E21
L 55 1070 10 0 2 0 1 0 GND_E21
A 10 1070 10 0 2 0 PINTYPE=BI
P 219 0 1080 50 1080 0 2 0
A 45 1080 10 0 9 3 #=E24
L 55 1080 10 0 2 0 1 0 GND_E24
A 10 1080 10 0 2 0 PINTYPE=BI
P 220 0 1090 50 1090 0 2 0
A 45 1090 10 0 9 3 #=E3
L 55 1090 10 0 2 0 1 0 GND_E3
A 10 1090 10 0 2 0 PINTYPE=BI
P 221 0 1100 50 1100 0 2 0
A 45 1100 10 0 9 3 #=E31
L 55 1100 10 0 2 0 1 0 GND_E31
A 10 1100 10 0 2 0 PINTYPE=BI
P 222 0 1110 50 1110 0 2 0
A 45 1110 10 0 9 3 #=E34
L 55 1110 10 0 2 0 1 0 GND_E34
A 10 1110 10 0 2 0 PINTYPE=BI
P 223 0 1120 50 1120 0 2 0
A 45 1120 10 0 9 3 #=E35
L 55 1120 10 0 2 0 1 0 GND_E35
A 10 1120 10 0 2 0 PINTYPE=BI
P 224 0 1130 50 1130 0 2 0
A 45 1130 10 0 9 3 #=E36
L 55 1130 10 0 2 0 1 0 GND_E36
A 10 1130 10 0 2 0 PINTYPE=BI
P 225 0 1140 50 1140 0 2 0
A 45 1140 10 0 9 3 #=E39
L 55 1140 10 0 2 0 1 0 GND_E39
A 10 1140 10 0 2 0 PINTYPE=BI
P 226 0 1150 50 1150 0 2 0
A 45 1150 10 0 9 3 #=E4
L 55 1150 10 0 2 0 1 0 GND_E4
A 10 1150 10 0 2 0 PINTYPE=BI
P 227 0 1160 50 1160 0 2 0
A 45 1160 10 0 9 3 #=E43
L 55 1160 10 0 2 0 1 0 GND_E43
A 10 1160 10 0 2 0 PINTYPE=BI
P 228 0 1170 50 1170 0 2 0
A 45 1170 10 0 9 3 #=E45
L 55 1170 10 0 2 0 1 0 GND_E45
A 10 1170 10 0 2 0 PINTYPE=BI
P 229 0 1180 50 1180 0 2 0
A 45 1180 10 0 9 3 #=E48
L 55 1180 10 0 2 0 1 0 GND_E48
A 10 1180 10 0 2 0 PINTYPE=BI
P 230 0 1190 50 1190 0 2 0
A 45 1190 10 0 9 3 #=E49
L 55 1190 10 0 2 0 1 0 GND_E49
A 10 1190 10 0 2 0 PINTYPE=BI
P 231 0 1200 50 1200 0 2 0
A 45 1200 10 0 9 3 #=E7
L 55 1200 10 0 2 0 1 0 GND_E7
A 10 1200 10 0 2 0 PINTYPE=BI
P 232 0 1210 50 1210 0 2 0
A 45 1210 10 0 9 3 #=E9
L 55 1210 10 0 2 0 1 0 GND_E9
A 10 1210 10 0 2 0 PINTYPE=BI
P 233 0 1220 50 1220 0 2 0
A 45 1220 10 0 9 3 #=F1
L 55 1220 10 0 2 0 1 0 GND_F1
A 10 1220 10 0 2 0 PINTYPE=BI
P 234 0 1230 50 1230 0 2 0
A 45 1230 10 0 9 3 #=F10
L 55 1230 10 0 2 0 1 0 GND_F10
A 10 1230 10 0 2 0 PINTYPE=BI
P 235 0 1240 50 1240 0 2 0
A 45 1240 10 0 9 3 #=F14
L 55 1240 10 0 2 0 1 0 GND_F14
A 10 1240 10 0 2 0 PINTYPE=BI
P 236 0 1250 50 1250 0 2 0
A 45 1250 10 0 9 3 #=F16
L 55 1250 10 0 2 0 1 0 GND_F16
A 10 1250 10 0 2 0 PINTYPE=BI
P 237 0 1260 50 1260 0 2 0
A 45 1260 10 0 9 3 #=F19
L 55 1260 10 0 2 0 1 0 GND_F19
A 10 1260 10 0 2 0 PINTYPE=BI
P 238 0 1270 50 1270 0 2 0
A 45 1270 10 0 9 3 #=F2
L 55 1270 10 0 2 0 1 0 GND_F2
A 10 1270 10 0 2 0 PINTYPE=BI
P 239 0 1280 50 1280 0 2 0
A 45 1280 10 0 9 3 #=F20
L 55 1280 10 0 2 0 1 0 GND_F20
A 10 1280 10 0 2 0 PINTYPE=BI
P 240 0 1290 50 1290 0 2 0
A 45 1290 10 0 9 3 #=F21
L 55 1290 10 0 2 0 1 0 GND_F21
A 10 1290 10 0 2 0 PINTYPE=BI
P 241 0 1300 50 1300 0 2 0
A 45 1300 10 0 9 3 #=F31
L 55 1300 10 0 2 0 1 0 GND_F31
A 10 1300 10 0 2 0 PINTYPE=BI
T 220 1320 20 0 5 XCVU190FLGA2577
T 220 1340 20 0 5 BANK GND3
c 70 1350 10
U 50 1380 10 0 3 3 DEVICE=XXXXXX
U 50 30 16 0 3 3 REFDES=U?
U 250 30 10 0 3 3 PKG_TYPE=XXXXXX
U 0 0 10 0 3 0 HETERO=us01a_0,us01a_61,us01a_62,us01a_63,us01a_65,us01a_66,us01a_67,us01a_68,us01a_70,us01a_71,us01a_72,us01a_119,us01a_120,us01a_121,us01a_122,us01a_123,us01a_124,us01a_125,us01a_126,us01a_127,us01a_128,us01a_129,us01a_130,us01a_131,us01a_132,us01a_133,us01a_134,us01a_219,us01a_220,us01a_221,us01a_222,us01a_223,us01a_224,us01a_225,us01a_226,us01a_227,us01a_228,us01a_229,us01a_230,us01a_231,us01a_232,us01a_233,us01a_234,us01a_MGTAVCC_LLC,us01a_MGTAVCC_LN,us01a_MGTAVCC_LS,us01a_MGTAVCC_LUC,us01a_MGTAVCC_RLC,us01a_MGTAVCC_RN,us01a_MGTAVCC_RS,us01a_MGTAVCC_RUC,us01a_MGTAVTT_LLC,us01a_MGTAVTT_LN,us01a_MGTAVTT_LS,us01a_MGTAVTT_LUC,us01a_MGTAVTT_RLC,us01a_MGTAVTT_RN,us01a_MGTAVTT_RS,us01a_MGTAVTT_RUC,us01a_MGTVCCAUX_LLC,us01a_MGTVCCAUX_LN,us01a_MGTVCCAUX_LS,us01a_MGTVCCAUX_LUC,us01a_MGTVCCAUX_RLC,us01a_MGTVCCAUX_RN,us01a_MGTVCCAUX_RS,us01a_MGTVCCAUX_RUC,us01a_GND1,us01a_GND2,us01a_GND3,us01a_GND4,us01a_VCCINT,us01a_VCCINT_IO,us01a_VCCAUX,us01a_VCCAUX_IO,us01a_VCCBRAM,us01a_NC
U 0 -10 10 0 3 0 PARTS=1
U 0 -20 10 0 3 0 LEVEL=STD
U 0 -30 10 0 3 0 DATE=2014_10_24
E
