V 51
K 239231524400 usb3320_qfn32_alt1
|R 22:41_2-16-13
Y 1
D 0 0 140 280
Z 10
i 47
U 0 -70 10 0 3 0 VALUE=USB3320
U 0 -40 10 0 3 0 MANF_P/N=XXXX
U 20 0 16 0 3 3 REFDES=U?
U 25 265 10 0 3 3 DEVICE=USB3320
U 120 5 10 0 9 3 PKG_TYPE=XXXX
P 44 140 80 120 80 0 3 0
L 115 80 10 0 8 0 1 0 SPK_R
A 140 80 10 0 9 0 PINTYPE=BI
A 125 80 10 0 3 3 #=16
P 42 0 40 20 40 0 2 0
L 25 35 10 0 3 0 1 0 REFSEL0
A 0 40 10 0 3 0 PINTYPE=OUT
A 15 40 10 0 9 3 #=8
P 37 140 110 120 110 0 3 0
L 115 110 10 0 8 0 1 0 XO
A 140 110 10 0 9 0 PINTYPE=BI
A 125 110 10 0 3 3 #=25
P 10 0 200 20 200 0 2 0
L 25 195 10 0 3 0 1 0 DATA5
A 0 200 10 0 3 0 PINTYPE=BI
A 15 200 10 0 9 3 #=9
P 11 0 190 20 190 0 2 0
L 25 185 10 0 3 0 1 0 DATA4
A 0 190 10 0 3 0 PINTYPE=BI
A 15 190 10 0 9 3 #=7
P 12 0 180 20 180 0 2 0
L 25 175 10 0 3 0 1 0 DATA3
A 0 180 10 0 3 0 PINTYPE=BI
A 15 180 10 0 9 3 #=6
P 13 0 170 20 170 0 2 0
L 25 165 10 0 3 0 1 0 DATA2
A 0 170 10 0 3 0 PINTYPE=BI
A 15 170 10 0 9 3 #=5
P 14 0 160 20 160 0 2 0
L 25 155 10 0 3 0 1 0 DATA1
A 0 160 10 0 3 0 PINTYPE=BI
A 15 160 10 0 9 3 #=4
P 30 140 40 120 40 0 3 0
L 115 40 10 0 8 0 1 0 GND
A 140 40 10 0 9 0 PINTYPE=POWER
A 125 40 10 0 3 3 #=33
P 32 0 220 20 220 0 2 0
L 25 215 10 0 3 0 1 0 DATA7
A 0 220 10 0 3 0 PINTYPE=IN
A 15 220 10 0 9 3 #=13
P 1 0 210 20 210 0 2 0
L 25 205 10 0 3 0 1 0 DATA6
A 0 210 10 0 3 0 PINTYPE=BI
A 15 210 10 0 9 3 #=10
P 34 0 80 20 80 0 2 0
L 25 75 10 0 3 0 1 0 RESET_B
A 0 80 10 0 3 0 PINTYPE=IN
A 15 80 10 0 9 3 #=27
P 33 0 120 20 120 0 2 0
L 25 115 10 0 3 0 1 0 STP
A 0 120 10 0 3 0 PINTYPE=IN
A 15 120 10 0 9 3 #=29
P 16 0 130 20 130 0 2 0
L 25 125 10 0 3 0 1 0 DIR
A 0 130 10 0 3 0 PINTYPE=OUT
A 15 130 10 0 9 3 #=31
P 15 0 150 20 150 0 2 0
L 25 145 10 0 3 0 1 0 DATA0
A 0 150 10 0 3 0 PINTYPE=BI
A 15 150 10 0 9 3 #=3
P 27 0 240 20 240 0 2 0
L 25 235 10 0 3 0 1 0 CLKOUT
A 0 240 10 0 3 0 PINTYPE=OUT
A 15 240 10 0 9 3 #=1
P 19 140 150 120 150 0 3 0
L 115 150 10 0 8 0 1 0 DM
A 140 150 10 0 9 0 PINTYPE=BI
A 125 150 10 0 3 3 #=19
P 17 140 160 120 160 0 3 0
L 115 160 10 0 8 0 1 0 DP
A 140 160 10 0 9 0 PINTYPE=BI
A 125 160 10 0 3 3 #=18
P 23 140 120 120 120 0 3 0
L 115 120 10 0 8 0 1 0 REFCLK
A 140 120 10 0 9 0 PINTYPE=BI
A 125 120 10 0 3 3 #=26
P 40 0 60 20 60 0 2 0
L 25 55 10 0 3 0 1 0 REFSEL2
A 0 60 10 0 3 0 PINTYPE=OUT
A 15 60 10 0 9 3 #=14
P 41 0 50 20 50 0 2 0
L 25 45 10 0 3 0 1 0 REFSEL1
A 0 50 10 0 3 0 PINTYPE=OUT
A 15 50 10 0 9 3 #=11
P 24 140 50 120 50 0 3 0
L 115 50 10 0 8 0 1 0 RBIAS
A 140 50 10 0 9 0 PINTYPE=BI
A 125 50 10 0 3 3 #=24
P 9 140 200 120 200 0 3 0
L 255 250 10 0 8 0 0 0 VDD18_28
A 140 200 10 0 9 0 PINTYPE=POWER
A 125 200 10 0 3 3 #=28
P 43 140 90 120 90 0 3 0
L 115 90 10 0 8 0 1 0 SPK_L
A 140 90 10 0 9 0 PINTYPE=BI
A 125 90 10 0 3 3 #=15
P 31 0 110 20 110 0 2 0
L 25 105 10 0 3 0 1 0 NXT
A 0 110 10 0 3 0 PINTYPE=OUT
A 15 110 10 0 9 3 #=2
P 46 140 60 120 60 0 3 0
L 115 60 10 0 8 0 1 0 CPEN
A 140 60 10 0 9 0 PINTYPE=BI
A 125 60 10 0 3 3 #=17
P 45 140 190 120 190 0 3 0
L 255 240 10 0 8 0 0 0 VDD18_30
A 140 190 10 0 9 0 PINTYPE=POWER
A 125 190 10 0 3 3 #=30
P 47 0 90 20 90 0 2 0
L 25 85 10 0 3 0 1 0 NC
A 0 90 10 0 3 0 PINTYPE=OUT
A 15 90 10 0 9 3 #=12
P 26 140 210 120 210 0 3 0
L 115 210 10 0 8 0 1 0 VDDIO
A 140 210 10 0 9 0 PINTYPE=POWER
A 125 210 10 0 3 3 #=32
P 35 140 230 120 230 0 3 0
L 115 230 10 0 8 0 1 0 VDD33
A 140 230 10 0 9 0 PINTYPE=POWER
A 125 230 10 0 3 3 #=20
P 21 140 170 120 170 0 3 0
L 115 170 10 0 8 0 1 0 VBUS
A 140 170 10 0 9 0 PINTYPE=BI
A 125 170 10 0 3 3 #=22
T 115 190 10 0 8 VDD18
Q 15 0 0
T 115 200 10 0 8 VDD18
Q 15 0 0
b 20 20 120 260
P 25 140 240 120 240 0 3 0
L 115 240 10 0 8 0 1 0 VBAT
A 140 240 10 0 9 0 PINTYPE=POWER
A 125 240 10 0 3 3 #=21
P 20 140 220 120 220 0 3 0
L 115 220 10 0 8 0 1 0 ID
A 140 220 10 0 9 0 PINTYPE=BI
A 125 220 10 0 3 3 #=23
E
