V 53
K 1457567368 usb_standard_a_3_0_alt.1
F Case
|R 15:49:28_3-9-16
D -30 224 110 0
Y 1
Z 10
i 38
U 0 -10 10 0 3 0 DEVICE=692122030100
U -20 -40 10 0 3 0 PARTS=1
U 80 10 10 0 3 0 PKG_TYPE=PKG_TYPE
U 0 210 10 0 3 3 VALUE=VALUE
U 82 3 16 0 3 3 REFDES=J?
U -30 0 10 0 1 0 FORWARD_PCB=1
b 0 20 80 210
P 15 110 180 80 180 0 3 0
L 80 175 10 0 9 0 1 0 D_N
A 150 181 10 0 3 0 PINTYPE=BI
A 89 182 10 0 3 3 #=2
P 16 110 160 80 160 0 3 0
L 80 155 10 0 9 0 1 0 D_P
A 89 162 10 0 3 3 #=3
A 150 161 10 0 3 0 PINTYPE=BI
P 24 110 200 80 200 0 3 0
L 80 195 10 0 9 0 1 0 VBUS
A 89 202 10 0 3 3 #=1
A 150 201 10 0 3 0 PINTYPE=BI
P 25 -30 50 0 50 0 2 0
L 20 45 6 0 9 0 1 0 SHLD1
A -80 49 10 0 3 0 PINTYPE=BI
A -20 50 10 0 3 3 #=11
P 26 -30 30 0 30 0 2 0
L 20 25 6 0 9 0 1 0 SHLD2
A -20 30 10 0 3 3 #=10
A -80 29 10 0 3 0 PINTYPE=BI
P 30 110 140 80 140 0 3 0
L 80 135 10 0 9 0 1 0 GND
A 89 142 10 0 3 3 #=4
A 150 141 10 0 3 0 PINTYPE=BI
P 33 110 110 80 110 0 3 0
L 80 105 10 0 9 0 1 0 SSRXN
A 89 112 10 0 3 3 #=5
A 150 111 10 0 3 0 PINTYPE=BI
P 34 110 70 80 70 0 3 0
L 80 65 10 0 9 0 1 0 GND_DRAIN
A 150 71 10 0 3 0 PINTYPE=BI
A 89 72 10 0 3 3 #=7
P 35 110 30 80 30 0 3 0
L 80 25 10 0 9 0 1 0 SSTXP
A 89 32 10 0 3 3 #=9
A 150 31 10 0 3 0 PINTYPE=BI
P 36 110 50 80 50 0 3 0
L 80 45 10 0 9 0 1 0 SSTXN
A 150 51 10 0 3 0 PINTYPE=BI
A 89 52 10 0 3 3 #=8
P 37 110 90 80 90 0 3 0
L 80 85 10 0 9 0 1 0 SSRXP
A 150 91 10 0 3 0 PINTYPE=BI
A 89 92 10 0 3 3 #=6
E 
