V 50
K 153165148200 vdu
Y 1
D 0 0 190 670
Z 10
i 946
b 30 50 160 620
P 1 190 550 160 550 0 3 0
A 165 550 10 0 3 3 #=49
L 155 550 10 0 8 0 1 0 DCIFACE_A_D024_49
A 155 550 10 0 3 0 PINTYPE=BI
P 2 190 540 160 540 0 3 0
A 165 540 10 0 3 3 #=50
L 155 540 10 0 8 0 1 0 DCIFACE_A_D025_50
A 155 540 10 0 3 0 PINTYPE=BI
P 3 190 530 160 530 0 3 0
A 165 530 10 0 3 3 #=51
L 155 530 10 0 8 0 1 0 DCIFACE_A_D026_51
A 155 530 10 0 3 0 PINTYPE=BI
P 4 190 520 160 520 0 3 0
A 165 520 10 0 3 3 #=52
L 155 520 10 0 8 0 1 0 DCIFACE_A_D027_52
A 155 520 10 0 3 0 PINTYPE=BI
P 5 190 510 160 510 0 3 0
A 165 510 10 0 3 3 #=53
L 155 510 10 0 8 0 1 0 DCIFACE_A_D028_53
A 155 510 10 0 3 0 PINTYPE=BI
P 6 190 500 160 500 0 3 0
A 165 500 10 0 3 3 #=54
L 155 500 10 0 8 0 1 0 DCIFACE_A_D029_54
A 155 500 10 0 3 0 PINTYPE=BI
P 7 190 490 160 490 0 3 0
A 165 490 10 0 3 3 #=55
L 155 490 10 0 8 0 1 0 DCIFACE_A_D030_55
A 155 490 10 0 3 0 PINTYPE=BI
P 8 190 480 160 480 0 3 0
A 165 480 10 0 3 3 #=56
L 155 480 10 0 8 0 1 0 DCIFACE_A_D031_56
A 155 480 10 0 3 0 PINTYPE=BI
P 9 190 470 160 470 0 3 0
A 165 470 10 0 3 3 #=57
L 155 470 10 0 8 0 1 0 DCIFACE_A_D032_57
A 155 470 10 0 3 0 PINTYPE=BI
P 10 190 460 160 460 0 3 0
A 165 460 10 0 3 3 #=58
L 155 460 10 0 8 0 1 0 DCIFACE_A_D033_58
A 155 460 10 0 3 0 PINTYPE=BI
P 11 190 450 160 450 0 3 0
A 165 450 10 0 3 3 #=59
L 155 450 10 0 8 0 1 0 DCIFACE_A_D034_59
A 155 450 10 0 3 0 PINTYPE=BI
P 12 190 440 160 440 0 3 0
A 165 440 10 0 3 3 #=60
L 155 440 10 0 8 0 1 0 DCIFACE_A_D035_60
A 155 440 10 0 3 0 PINTYPE=BI
P 13 190 430 160 430 0 3 0
A 165 430 10 0 3 3 #=61
L 155 430 10 0 8 0 1 0 DCIFACE_A_D036_61
A 155 430 10 0 3 0 PINTYPE=BI
P 14 190 420 160 420 0 3 0
A 165 420 10 0 3 3 #=62
L 155 420 10 0 8 0 1 0 DCIFACE_A_D037_62
A 155 420 10 0 3 0 PINTYPE=BI
P 15 190 410 160 410 0 3 0
A 165 410 10 0 3 3 #=63
L 155 410 10 0 8 0 1 0 DCIFACE_A_D038_63
A 155 410 10 0 3 0 PINTYPE=BI
P 16 190 400 160 400 0 3 0
A 165 400 10 0 3 3 #=64
L 155 400 10 0 8 0 1 0 DCIFACE_A_D039_64
A 155 400 10 0 3 0 PINTYPE=BI
P 17 190 390 160 390 0 3 0
A 165 390 10 0 3 3 #=65
L 155 390 10 0 8 0 1 0 DCIFACE_A_D040_65
A 155 390 10 0 3 0 PINTYPE=BI
P 18 190 380 160 380 0 3 0
A 165 380 10 0 3 3 #=66
L 155 380 10 0 8 0 1 0 DCIFACE_A_D041_66
A 155 380 10 0 3 0 PINTYPE=BI
P 19 190 370 160 370 0 3 0
A 165 370 10 0 3 3 #=67
L 155 370 10 0 8 0 1 0 DCIFACE_A_D042_67
A 155 370 10 0 3 0 PINTYPE=BI
P 20 190 360 160 360 0 3 0
A 165 360 10 0 3 3 #=68
L 155 360 10 0 8 0 1 0 DCIFACE_A_D043_68
A 155 360 10 0 3 0 PINTYPE=BI
P 21 190 350 160 350 0 3 0
A 165 350 10 0 3 3 #=69
L 155 350 10 0 8 0 1 0 DCIFACE_A_D068_69
A 155 350 10 0 3 0 PINTYPE=BI
P 22 190 340 160 340 0 3 0
A 165 340 10 0 3 3 #=70
L 155 340 10 0 8 0 1 0 DCIFACE_A_D069_70
A 155 340 10 0 3 0 PINTYPE=BI
P 23 190 330 160 330 0 3 0
A 165 330 10 0 3 3 #=71
L 155 330 10 0 8 0 1 0 DCIFACE_A_D070_71
A 155 330 10 0 3 0 PINTYPE=BI
P 24 190 320 160 320 0 3 0
A 165 320 10 0 3 3 #=72
L 155 320 10 0 8 0 1 0 DCIFACE_A_D071_72
A 155 320 10 0 3 0 PINTYPE=BI
P 25 190 310 160 310 0 3 0
A 165 310 10 0 3 3 #=73
L 155 310 10 0 8 0 1 0 DCIFACE_A_D072_73
A 155 310 10 0 3 0 PINTYPE=BI
P 26 190 300 160 300 0 3 0
A 165 300 10 0 3 3 #=74
L 155 300 10 0 8 0 1 0 DCIFACE_A_D073_74
A 155 300 10 0 3 0 PINTYPE=BI
P 27 190 290 160 290 0 3 0
A 165 290 10 0 3 3 #=75
L 155 290 10 0 8 0 1 0 DCIFACE_A_D074_75
A 155 290 10 0 3 0 PINTYPE=BI
P 28 190 280 160 280 0 3 0
A 165 280 10 0 3 3 #=76
L 155 280 10 0 8 0 1 0 DCIFACE_A_D075_76
A 155 280 10 0 3 0 PINTYPE=BI
P 29 190 270 160 270 0 3 0
A 165 270 10 0 3 3 #=77
L 155 270 10 0 8 0 1 0 DCIFACE_A_D076_77
A 155 270 10 0 3 0 PINTYPE=BI
P 30 190 260 160 260 0 3 0
A 165 260 10 0 3 3 #=78
L 155 260 10 0 8 0 1 0 DCIFACE_A_D077_78
A 155 260 10 0 3 0 PINTYPE=BI
P 31 190 250 160 250 0 3 0
A 165 250 10 0 3 3 #=79
L 155 250 10 0 8 0 1 0 DCIFACE_A_D078_79
A 155 250 10 0 3 0 PINTYPE=BI
P 32 190 240 160 240 0 3 0
A 165 240 10 0 3 3 #=80
L 155 240 10 0 8 0 1 0 DCIFACE_A_D079_80
A 155 240 10 0 3 0 PINTYPE=BI
P 33 190 230 160 230 0 3 0
A 165 230 10 0 3 3 #=81
L 155 230 10 0 8 0 1 0 DCIFACE_A_D080_81
A 155 230 10 0 3 0 PINTYPE=BI
P 34 190 220 160 220 0 3 0
A 165 220 10 0 3 3 #=82
L 155 220 10 0 8 0 1 0 DCIFACE_A_D081_82
A 155 220 10 0 3 0 PINTYPE=BI
P 35 190 210 160 210 0 3 0
A 165 210 10 0 3 3 #=83
L 155 210 10 0 8 0 1 0 DCIFACE_A_D082_83
A 155 210 10 0 3 0 PINTYPE=BI
P 36 190 200 160 200 0 3 0
A 165 200 10 0 3 3 #=84
L 155 200 10 0 8 0 1 0 DCIFACE_A_D083_84
A 155 200 10 0 3 0 PINTYPE=BI
P 37 190 190 160 190 0 3 0
A 165 190 10 0 3 3 #=85
L 155 190 10 0 8 0 1 0 DCIFACE_A_D084_85
A 155 190 10 0 3 0 PINTYPE=BI
P 38 190 180 160 180 0 3 0
A 165 180 10 0 3 3 #=86
L 155 180 10 0 8 0 1 0 DCIFACE_A_D085_86
A 155 180 10 0 3 0 PINTYPE=BI
P 39 190 170 160 170 0 3 0
A 165 170 10 0 3 3 #=87
L 155 170 10 0 8 0 1 0 DCIFACE_A_D086_87
A 155 170 10 0 3 0 PINTYPE=BI
P 40 190 160 160 160 0 3 0
A 165 160 10 0 3 3 #=88
L 155 160 10 0 8 0 1 0 DCIFACE_A_D087_88
A 155 160 10 0 3 0 PINTYPE=BI
P 41 190 150 160 150 0 3 0
A 165 150 10 0 3 3 #=89
L 155 150 10 0 8 0 1 0 DCIFACE_A_D088_89
A 155 150 10 0 3 0 PINTYPE=BI
P 42 190 140 160 140 0 3 0
A 165 140 10 0 3 3 #=90
L 155 140 10 0 8 0 1 0 DCIFACE_A_D089_90
A 155 140 10 0 3 0 PINTYPE=BI
P 43 190 130 160 130 0 3 0
A 165 130 10 0 3 3 #=91
L 155 130 10 0 8 0 1 0 DCIFACE_A_D090_91
A 155 130 10 0 3 0 PINTYPE=BI
P 44 190 120 160 120 0 3 0
A 165 120 10 0 3 3 #=92
L 155 120 10 0 8 0 1 0 DCIFACE_A_D091_92
A 155 120 10 0 3 0 PINTYPE=BI
P 45 190 110 160 110 0 3 0
A 165 110 10 0 3 3 #=93
L 155 110 10 0 8 0 1 0 DCIFACE_A_D092_93
A 155 110 10 0 3 0 PINTYPE=BI
P 46 190 100 160 100 0 3 0
A 165 100 10 0 3 3 #=94
L 155 100 10 0 8 0 1 0 DCIFACE_A_D093_94
A 155 100 10 0 3 0 PINTYPE=BI
P 47 190 90 160 90 0 3 0
A 165 90 10 0 3 3 #=95
L 155 90 10 0 8 0 1 0 DCIFACE_A_D094_95
A 155 90 10 0 3 0 PINTYPE=BI
P 48 190 80 160 80 0 3 0
A 165 80 10 0 3 3 #=96
L 155 80 10 0 8 0 1 0 DCIFACE_A_D095_96
A 155 80 10 0 3 0 PINTYPE=BI
T 95 600 20 0 5 BANK_39
T 95 580 20 0 5 VDU
U 30 620 10 0 3 3 DEVICE=XXXXXXX
U 30 50 16 0 1 3 REFDES=U?
U 160 35 10 0 9 3 PKG_TYPE=XXXXXXX
U 0 0 10 0 3 0 HETERO=vdua_BANK_38,vdua_BANK_39,vdua_BANK_35,vdua_BANK_34,vdua_BANK_33,vdua_BANK_19,vdua_BANK_18,vdua_BANK_17,vdua_BANK_16,vdua_BANK_15,vdua_BANK_13,vdua_BANK_11,vdua_BANK_10,vdua_BANK_12,vdua_BANK_30,vdua_BANK_31
E