V 50
K 153165148200 vdu
Y 1
D 0 0 190 670
Z 10
i 946
b 30 50 160 620
P 1 190 550 160 550 0 3 0
A 165 550 10 0 3 3 #=625
L 155 550 10 0 8 0 1 0 DCIFACE_A_D608_625
A 155 550 10 0 3 0 PINTYPE=BI
P 2 190 540 160 540 0 3 0
A 165 540 10 0 3 3 #=626
L 155 540 10 0 8 0 1 0 DCIFACE_A_D609_626
A 155 540 10 0 3 0 PINTYPE=BI
P 3 190 530 160 530 0 3 0
A 165 530 10 0 3 3 #=627
L 155 530 10 0 8 0 1 0 DCIFACE_A_D610_627
A 155 530 10 0 3 0 PINTYPE=BI
P 4 190 520 160 520 0 3 0
A 165 520 10 0 3 3 #=628
L 155 520 10 0 8 0 1 0 DCIFACE_A_D611_628
A 155 520 10 0 3 0 PINTYPE=BI
P 5 190 510 160 510 0 3 0
A 165 510 10 0 3 3 #=629
L 155 510 10 0 8 0 1 0 DCIFACE_A_D612_629
A 155 510 10 0 3 0 PINTYPE=BI
P 6 190 500 160 500 0 3 0
A 165 500 10 0 3 3 #=630
L 155 500 10 0 8 0 1 0 DCIFACE_A_D613_630
A 155 500 10 0 3 0 PINTYPE=BI
P 7 190 490 160 490 0 3 0
A 165 490 10 0 3 3 #=631
L 155 490 10 0 8 0 1 0 DCIFACE_A_D614_631
A 155 490 10 0 3 0 PINTYPE=BI
P 8 190 480 160 480 0 3 0
A 165 480 10 0 3 3 #=632
L 155 480 10 0 8 0 1 0 DCIFACE_A_D615_632
A 155 480 10 0 3 0 PINTYPE=BI
P 9 190 470 160 470 0 3 0
A 165 470 10 0 3 3 #=633
L 155 470 10 0 8 0 1 0 DCIFACE_A_D616_633
A 155 470 10 0 3 0 PINTYPE=BI
P 10 190 460 160 460 0 3 0
A 165 460 10 0 3 3 #=634
L 155 460 10 0 8 0 1 0 DCIFACE_A_D617_634
A 155 460 10 0 3 0 PINTYPE=BI
P 11 190 450 160 450 0 3 0
A 165 450 10 0 3 3 #=635
L 155 450 10 0 8 0 1 0 DCIFACE_A_D618_635
A 155 450 10 0 3 0 PINTYPE=BI
P 12 190 440 160 440 0 3 0
A 165 440 10 0 3 3 #=636
L 155 440 10 0 8 0 1 0 DCIFACE_A_D619_636
A 155 440 10 0 3 0 PINTYPE=BI
P 13 190 430 160 430 0 3 0
A 165 430 10 0 3 3 #=637
L 155 430 10 0 8 0 1 0 DCIFACE_A_D620_637
A 155 430 10 0 3 0 PINTYPE=BI
P 14 190 420 160 420 0 3 0
A 165 420 10 0 3 3 #=638
L 155 420 10 0 8 0 1 0 DCIFACE_A_D621_638
A 155 420 10 0 3 0 PINTYPE=BI
P 15 190 410 160 410 0 3 0
A 165 410 10 0 3 3 #=639
L 155 410 10 0 8 0 1 0 DCIFACE_A_D622_639
A 155 410 10 0 3 0 PINTYPE=BI
P 16 190 400 160 400 0 3 0
A 165 400 10 0 3 3 #=640
L 155 400 10 0 8 0 1 0 DCIFACE_A_D623_640
A 155 400 10 0 3 0 PINTYPE=BI
P 17 190 390 160 390 0 3 0
A 165 390 10 0 3 3 #=641
L 155 390 10 0 8 0 1 0 DCIFACE_A_D624_641
A 155 390 10 0 3 0 PINTYPE=BI
P 18 190 380 160 380 0 3 0
A 165 380 10 0 3 3 #=642
L 155 380 10 0 8 0 1 0 DCIFACE_A_D625_642
A 155 380 10 0 3 0 PINTYPE=BI
P 19 190 370 160 370 0 3 0
A 165 370 10 0 3 3 #=643
L 155 370 10 0 8 0 1 0 DCIFACE_A_D626_643
A 155 370 10 0 3 0 PINTYPE=BI
P 20 190 360 160 360 0 3 0
A 165 360 10 0 3 3 #=644
L 155 360 10 0 8 0 1 0 DCIFACE_A_D627_644
A 155 360 10 0 3 0 PINTYPE=BI
P 21 190 350 160 350 0 3 0
A 165 350 10 0 3 3 #=645
L 155 350 10 0 8 0 1 0 DCIFACE_A_D628_645
A 155 350 10 0 3 0 PINTYPE=BI
P 22 190 340 160 340 0 3 0
A 165 340 10 0 3 3 #=646
L 155 340 10 0 8 0 1 0 DCIFACE_A_D629_646
A 155 340 10 0 3 0 PINTYPE=BI
P 23 190 330 160 330 0 3 0
A 165 330 10 0 3 3 #=647
L 155 330 10 0 8 0 1 0 DCIFACE_A_D630_647
A 155 330 10 0 3 0 PINTYPE=BI
P 24 190 320 160 320 0 3 0
A 165 320 10 0 3 3 #=648
L 155 320 10 0 8 0 1 0 DCIFACE_A_D631_648
A 155 320 10 0 3 0 PINTYPE=BI
P 25 190 310 160 310 0 3 0
A 165 310 10 0 3 3 #=649
L 155 310 10 0 8 0 1 0 DCIFACE_A_D696_649
A 155 310 10 0 3 0 PINTYPE=BI
P 26 190 300 160 300 0 3 0
A 165 300 10 0 3 3 #=650
L 155 300 10 0 8 0 1 0 DCIFACE_A_D697_650
A 155 300 10 0 3 0 PINTYPE=BI
P 27 190 290 160 290 0 3 0
A 165 290 10 0 3 3 #=651
L 155 290 10 0 8 0 1 0 DCIFACE_A_D698_651
A 155 290 10 0 3 0 PINTYPE=BI
P 28 190 280 160 280 0 3 0
A 165 280 10 0 3 3 #=652
L 155 280 10 0 8 0 1 0 DCIFACE_A_D699_652
A 155 280 10 0 3 0 PINTYPE=BI
P 29 190 270 160 270 0 3 0
A 165 270 10 0 3 3 #=653
L 155 270 10 0 8 0 1 0 DCIFACE_A_D700_653
A 155 270 10 0 3 0 PINTYPE=BI
P 30 190 260 160 260 0 3 0
A 165 260 10 0 3 3 #=654
L 155 260 10 0 8 0 1 0 DCIFACE_A_D701_654
A 155 260 10 0 3 0 PINTYPE=BI
P 31 190 250 160 250 0 3 0
A 165 250 10 0 3 3 #=655
L 155 250 10 0 8 0 1 0 DCIFACE_A_D702_655
A 155 250 10 0 3 0 PINTYPE=BI
P 32 190 240 160 240 0 3 0
A 165 240 10 0 3 3 #=656
L 155 240 10 0 8 0 1 0 DCIFACE_A_D703_656
A 155 240 10 0 3 0 PINTYPE=BI
P 33 190 230 160 230 0 3 0
A 165 230 10 0 3 3 #=657
L 155 230 10 0 8 0 1 0 DCIFACE_A_D704_657
A 155 230 10 0 3 0 PINTYPE=BI
P 34 190 220 160 220 0 3 0
A 165 220 10 0 3 3 #=658
L 155 220 10 0 8 0 1 0 DCIFACE_A_D705_658
A 155 220 10 0 3 0 PINTYPE=BI
P 35 190 210 160 210 0 3 0
A 165 210 10 0 3 3 #=659
L 155 210 10 0 8 0 1 0 DCIFACE_A_D706_659
A 155 210 10 0 3 0 PINTYPE=BI
P 36 190 200 160 200 0 3 0
A 165 200 10 0 3 3 #=660
L 155 200 10 0 8 0 1 0 DCIFACE_A_D707_660
A 155 200 10 0 3 0 PINTYPE=BI
P 37 190 190 160 190 0 3 0
A 165 190 10 0 3 3 #=661
L 155 190 10 0 8 0 1 0 DCIFACE_A_D708_661
A 155 190 10 0 3 0 PINTYPE=BI
P 38 190 180 160 180 0 3 0
A 165 180 10 0 3 3 #=662
L 155 180 10 0 8 0 1 0 DCIFACE_A_D709_662
A 155 180 10 0 3 0 PINTYPE=BI
P 39 190 170 160 170 0 3 0
A 165 170 10 0 3 3 #=663
L 155 170 10 0 8 0 1 0 DCIFACE_A_D710_663
A 155 170 10 0 3 0 PINTYPE=BI
P 40 190 160 160 160 0 3 0
A 165 160 10 0 3 3 #=664
L 155 160 10 0 8 0 1 0 DCIFACE_A_D711_664
A 155 160 10 0 3 0 PINTYPE=BI
P 41 190 150 160 150 0 3 0
A 165 150 10 0 3 3 #=665
L 155 150 10 0 8 0 1 0 DCIFACE_A_D712_665
A 155 150 10 0 3 0 PINTYPE=BI
P 42 190 140 160 140 0 3 0
A 165 140 10 0 3 3 #=666
L 155 140 10 0 8 0 1 0 DCIFACE_A_D713_666
A 155 140 10 0 3 0 PINTYPE=BI
P 43 190 130 160 130 0 3 0
A 165 130 10 0 3 3 #=667
L 155 130 10 0 8 0 1 0 DCIFACE_A_D714_667
A 155 130 10 0 3 0 PINTYPE=BI
P 44 190 120 160 120 0 3 0
A 165 120 10 0 3 3 #=668
L 155 120 10 0 8 0 1 0 DCIFACE_A_D715_668
A 155 120 10 0 3 0 PINTYPE=BI
P 45 190 110 160 110 0 3 0
A 165 110 10 0 3 3 #=669
L 155 110 10 0 8 0 1 0 DCIFACE_A_D716_669
A 155 110 10 0 3 0 PINTYPE=BI
P 46 190 100 160 100 0 3 0
A 165 100 10 0 3 3 #=670
L 155 100 10 0 8 0 1 0 DCIFACE_A_D717_670
A 155 100 10 0 3 0 PINTYPE=BI
P 47 190 90 160 90 0 3 0
A 165 90 10 0 3 3 #=671
L 155 90 10 0 8 0 1 0 DCIFACE_A_D718_671
A 155 90 10 0 3 0 PINTYPE=BI
P 48 190 80 160 80 0 3 0
A 165 80 10 0 3 3 #=672
L 155 80 10 0 8 0 1 0 DCIFACE_A_D719_672
A 155 80 10 0 3 0 PINTYPE=BI
T 95 600 20 0 5 BANK_12
T 95 580 20 0 5 VDU
U 30 620 10 0 3 3 DEVICE=XXXXXXX
U 30 50 16 0 1 3 REFDES=U?
U 160 35 10 0 9 3 PKG_TYPE=XXXXXXX
U 0 0 10 0 3 0 HETERO=vdua_BANK_38,vdua_BANK_39,vdua_BANK_35,vdua_BANK_34,vdua_BANK_33,vdua_BANK_19,vdua_BANK_18,vdua_BANK_17,vdua_BANK_16,vdua_BANK_15,vdua_BANK_13,vdua_BANK_11,vdua_BANK_10,vdua_BANK_12,vdua_BANK_30,vdua_BANK_31
E