V 51
K 157788999600 88e1116
|R 2:51_12-12-11
Y 1
D 0 0 275 550
Z 10
i 273
U 0 -20 10 0 3 0 VALUE=VSC8211
U 0 -10 10 0 3 0 MANF_P/N=XXXX
U 0 -30 10 0 3 0 HETERO=(VSC8211_A), (VSC8211_B)
U 20 0 16 0 3 3 REFDES=U?
U 235 5 10 0 9 3 PKG_TYPE=XXXX
U 25 540 10 0 3 3 DEVICE=VSC8211
P 273 0 295 20 295 0 2 0
A 15 295 10 4 3 3 #=B4
A -20 295 10 4 9 0 PINTYPE=OUT
L 25 295 10 4 8 0 1 0 COL
P 266 0 265 20 265 0 2 0
A 15 265 10 4 3 3 #=B9
A -20 265 10 4 9 0 PINTYPE=OUT
L 25 265 10 4 8 0 1 0 RXD6
P 267 0 255 20 255 0 2 0
A 15 255 10 4 3 3 #=A8
A -20 255 10 4 9 0 PINTYPE=OUT
L 25 255 10 4 8 0 1 0 RXD5
P 268 0 245 20 245 0 2 0
A 15 245 10 4 3 3 #=B8
A -20 245 10 4 9 0 PINTYPE=OUT
L 25 245 10 4 8 0 1 0 RXD4
P 269 0 275 20 275 0 2 0
A 15 275 10 4 3 3 #=A9
A -20 275 10 4 9 0 PINTYPE=OUT
L 25 275 10 4 8 0 1 0 RXD7
P 261 0 425 20 425 0 2 0
A 15 425 10 4 3 3 #=E2
A -20 425 10 4 9 0 PINTYPE=IN
L 25 425 10 4 8 0 1 0 TXD6
P 262 0 435 20 435 0 2 0
A 15 435 10 4 3 3 #=E1
A -20 435 10 4 9 0 PINTYPE=IN
L 25 435 10 4 8 0 1 0 TXD7
P 263 0 415 20 415 0 2 0
A 15 415 10 4 3 3 #=D1
A -20 415 10 4 9 0 PINTYPE=IN
L 25 415 10 4 8 0 1 0 TXD5
P 264 0 405 20 405 0 2 0
A 15 405 10 4 3 3 #=D2
A -20 405 10 4 9 0 PINTYPE=IN
L 25 405 10 4 8 0 1 0 TXD4
P 250 275 255 255 255 0 3 0
A 260 255 10 0 3 3 #=C13
A 295 255 10 0 9 0 PINTYPE=OUT
L 250 255 10 0 8 0 1 0 LED4
P 236 275 65 255 65 0 3 0
A 260 65 10 0 3 3 #=F11
A 295 65 10 0 9 0 PINTYPE=IN
L 250 65 10 0 8 0 1 0 CMODE0
P 237 275 75 255 75 0 3 0
A 260 75 10 0 3 3 #=G11
A 295 75 10 0 9 0 PINTYPE=IN
L 250 75 10 0 8 0 1 0 CMODE1
P 238 275 85 255 85 0 3 0
A 260 85 10 0 3 3 #=E11
A 295 85 10 0 9 0 PINTYPE=IN
L 250 85 10 0 8 0 1 0 CMODE2
P 239 275 95 255 95 0 3 0
A 260 95 10 0 3 3 #=E12
A 295 95 10 0 9 0 PINTYPE=IN
L 250 95 10 0 8 0 1 0 CMODE3
P 235 275 105 255 105 0 3 0
A 260 105 10 0 3 3 #=E13
A 295 105 10 0 9 0 PINTYPE=IN
L 250 105 10 0 8 0 1 0 CMODE4
P 234 275 115 255 115 0 3 0
A 260 115 10 0 3 3 #=D13
A 295 115 10 0 9 0 PINTYPE=IN
L 250 115 10 0 8 0 1 0 CMODE5
P 180 275 505 255 505 0 3 0
L 250 505 10 0 8 0 1 0 TXVNA_N
A 295 505 10 0 9 0 PINTYPE=ANALOG
A 260 505 10 0 3 3 #=J12
P 172 275 515 255 515 0 3 0
L 250 515 10 0 8 0 1 0 TXVPA_P
A 295 515 10 0 9 0 PINTYPE=ANALOG
A 260 515 10 0 3 3 #=J13
P 181 275 475 255 475 0 3 0
L 250 475 10 0 8 0 1 0 TXVNB_N
A 295 475 10 0 9 0 PINTYPE=ANALOG
A 260 475 10 0 3 3 #=H12
P 182 275 485 255 485 0 3 0
L 250 485 10 0 8 0 1 0 TXVPB_P
A 295 485 10 0 9 0 PINTYPE=ANALOG
A 260 485 10 0 3 3 #=H13
P 184 275 445 255 445 0 3 0
A 260 445 10 0 3 3 #=G12
A 295 445 10 0 9 0 PINTYPE=ANALOG
L 250 445 10 0 8 0 1 0 TXVNC_N
P 183 275 455 255 455 0 3 0
A 260 455 10 0 3 3 #=G13
A 295 455 10 0 9 0 PINTYPE=ANALOG
L 250 455 10 0 8 0 1 0 TXVPC_P
P 185 275 425 255 425 0 3 0
A 260 425 10 0 3 3 #=F13
A 295 425 10 0 9 0 PINTYPE=ANALOG
L 250 425 10 0 8 0 1 0 TXVPD_P
P 164 0 505 20 505 0 2 0
L 25 505 10 4 8 0 1 0 MDIO
A -20 505 10 4 9 0 PINTYPE=BI
A 15 505 10 4 3 3 #=G4
P 203 0 475 20 475 0 2 0
A 15 475 10 4 3 3 #=A2
A -20 475 10 4 9 0 PINTYPE=IN
L 25 475 10 4 8 0 1 0 TXC
P 206 0 385 20 385 0 2 0
A 15 385 10 4 3 3 #=C2
A -20 385 10 4 9 0 PINTYPE=IN
L 25 385 10 4 8 0 1 0 TXD2
P 205 0 395 20 395 0 2 0
A 15 395 10 4 3 3 #=C1
A -20 395 10 4 9 0 PINTYPE=IN
L 25 395 10 4 8 0 1 0 TXD3
P 207 0 375 20 375 0 2 0
A 15 375 10 4 3 3 #=B1
A -20 375 10 4 9 0 PINTYPE=IN
L 25 375 10 4 8 0 1 0 TXD1
P 216 0 345 20 345 0 2 0
A 15 345 10 4 3 3 #=B5
A -20 345 10 4 9 0 PINTYPE=OUT
L 25 345 10 4 8 0 1 0 RXC
P 219 0 225 20 225 0 2 0
A 15 225 10 4 3 3 #=B7
A -20 225 10 4 9 0 PINTYPE=OUT
L 25 225 10 4 8 0 1 0 RXD2
P 220 0 215 20 215 0 2 0
A 15 215 10 4 3 3 #=A6
A -20 215 10 4 9 0 PINTYPE=OUT
L 25 215 10 4 8 0 1 0 RXD1
P 215 0 205 20 205 0 2 0
A 15 205 10 4 3 3 #=B6
A -20 205 10 4 9 0 PINTYPE=OUT
L 25 205 10 4 8 0 1 0 RXD0
P 191 275 135 255 135 0 3 0
A 260 135 10 0 3 3 #=D11
A 295 135 10 0 9 0 PINTYPE=IN
L 250 135 10 0 8 0 1 0 CMODE7
P 233 275 125 255 125 0 3 0
A 260 125 10 0 3 3 #=D12
A 295 125 10 0 9 0 PINTYPE=IN
L 250 125 10 0 8 0 1 0 CMODE6
P 195 0 35 20 35 0 2 0
A 15 35 10 4 3 3 #=A12
A -20 35 10 4 9 0 PINTYPE=IN
L 25 35 10 4 8 0 1 0 RESET_B
P 193 0 125 20 125 0 2 0
A 15 125 10 4 3 3 #=H10
A -20 125 10 4 9 0 PINTYPE=OUT
L 25 125 10 4 8 0 1 0 XTAL2
P 222 275 185 255 185 0 3 0
A 260 185 10 0 3 3 #=A11
A 295 185 10 0 9 0 PINTYPE=IN
L 250 185 10 0 8 0 1 0 TDI
P 223 275 195 255 195 0 3 0
A 260 195 10 0 3 3 #=B10
A 295 195 10 0 9 0 PINTYPE=IN
L 250 195 10 0 8 0 1 0 TMS
P 221 275 175 255 175 0 3 0
A 260 175 10 0 3 3 #=B11
A 295 175 10 0 9 0 PINTYPE=OUT
L 250 175 10 0 8 0 1 0 TDO
P 187 0 495 20 495 0 2 0
A 15 495 10 4 3 3 #=H3
A -20 495 10 4 9 0 PINTYPE=OUT
L 25 495 10 4 8 0 1 0 MDC
P 240 0 115 20 115 0 2 0
A 15 115 10 4 3 3 #=G6
A -20 115 10 4 9 0 PINTYPE=BI
L 25 115 10 4 8 0 1 0 CLKOUTMICRO/OSCDIS_B
P 246 0 105 20 105 0 2 0
A 15 105 10 4 3 3 #=A10
A -20 105 10 4 9 0 PINTYPE=OUT
L 25 105 10 4 8 0 1 0 MODDEF0/CLKOUTMAC
P 241 0 85 20 85 0 2 0
A 15 85 10 4 3 3 #=J5
A -20 85 10 4 9 0 PINTYPE=BI
L 25 85 10 4 8 0 1 0 EECLK/PLLMODE
P 242 0 75 20 75 0 2 0
A 15 75 10 4 3 3 #=H5
A -20 75 10 4 9 0 PINTYPE=BI
L 25 75 10 4 8 0 1 0 EEDAT
P 228 275 215 255 215 0 3 0
A 260 215 10 0 3 3 #=A13
A 295 215 10 0 9 0 PINTYPE=OUT
L 250 215 10 0 8 0 1 0 LED0
P 247 275 225 255 225 0 3 0
A 260 225 10 0 3 3 #=B12
A 295 225 10 0 9 0 PINTYPE=OUT
L 250 225 10 0 8 0 1 0 LED1
P 248 275 235 255 235 0 3 0
A 260 235 10 0 3 3 #=B13
A 295 235 10 0 9 0 PINTYPE=OUT
L 250 235 10 0 8 0 1 0 LED2
P 249 275 245 255 245 0 3 0
A 260 245 10 0 3 3 #=C12
A 295 245 10 0 9 0 PINTYPE=OUT
L 250 245 10 0 8 0 1 0 LED3
P 201 275 365 255 365 0 3 0
A 260 365 10 0 3 3 #=J4
A 295 365 10 0 9 0 PINTYPE=IN
L 250 365 10 0 8 0 1 0 TD_N
P 256 275 315 255 315 0 3 0
A 260 315 10 0 3 3 #=G2
A 295 315 10 0 9 0 PINTYPE=IN
L 250 315 10 0 8 0 1 0 SDI_P
P 257 275 305 255 305 0 3 0
A 260 305 10 0 3 3 #=G1
A 295 305 10 0 9 0 PINTYPE=IN
L 250 305 10 0 8 0 1 0 SDI_N
P 202 275 355 255 355 0 3 0
A 260 355 10 0 3 3 #=H2
A 295 355 10 0 9 0 PINTYPE=OUT
L 250 355 10 0 8 0 1 0 RD_P
P 251 275 345 255 345 0 3 0
A 260 345 10 0 3 3 #=H1
A 295 345 10 0 9 0 PINTYPE=OUT
L 250 345 10 0 8 0 1 0 RD_N
P 200 275 375 255 375 0 3 0
A 260 375 10 0 3 3 #=J3
A 295 375 10 0 9 0 PINTYPE=IN
L 250 375 10 0 8 0 1 0 TD_P
P 258 275 295 255 295 0 3 0
A 260 295 10 0 3 3 #=F2
A 295 295 10 0 9 0 PINTYPE=OUT
L 250 295 10 0 8 0 1 0 SDO_P
P 253 275 335 255 335 0 3 0
A 260 335 10 0 3 3 #=J1
A 295 335 10 0 9 0 PINTYPE=OUT
L 250 335 10 0 8 0 1 0 SCLK_P
P 252 275 325 255 325 0 3 0
A 260 325 10 0 3 3 #=J2
A 295 325 10 0 9 0 PINTYPE=OUT
L 250 325 10 0 8 0 1 0 SCLK_N
P 260 275 275 255 275 0 3 0
A 260 275 10 0 3 3 #=C7
A 295 275 10 0 9 0 PINTYPE=BI
L 250 275 10 0 8 0 1 0 RXLOS/SIGDET
P 259 275 285 255 285 0 3 0
A 260 285 10 0 3 3 #=F1
A 295 285 10 0 9 0 PINTYPE=OUT
L 250 285 10 0 8 0 1 0 SDO_N
P 208 0 365 20 365 0 2 0
A 15 365 10 4 3 3 #=B2
A -20 365 10 4 9 0 PINTYPE=IN
L 25 365 10 4 8 0 1 0 TXD0
P 204 0 465 20 465 0 2 0
A 15 465 10 4 3 3 #=B3
A -20 465 10 4 9 0 PINTYPE=IN
L 25 465 10 4 8 0 1 0 TXCTL
P 218 0 235 20 235 0 2 0
A 15 235 10 4 3 3 #=A7
A -20 235 10 4 9 0 PINTYPE=OUT
L 25 235 10 4 8 0 1 0 RXD3
P 265 0 455 20 455 0 2 0
A 15 455 10 4 3 3 #=A1
A -20 455 10 4 9 0 PINTYPE=IN
L 25 455 10 4 8 0 1 0 TXEN
P 217 0 335 20 335 0 2 0
A 15 335 10 4 3 3 #=A4
A -20 335 10 4 9 0 PINTYPE=OUT
L 25 335 10 4 8 0 1 0 RXCTL
P 270 0 325 20 325 0 2 0
A 15 325 10 4 3 3 #=A3
A -20 325 10 4 9 0 PINTYPE=OUT
L 25 325 10 4 8 0 1 0 PMARXCLK1
P 271 0 315 20 315 0 2 0
A 15 315 10 4 3 3 #=A5
A -20 315 10 4 9 0 PINTYPE=OUT
L 25 315 10 4 8 0 1 0 RXDV
P 272 0 305 20 305 0 2 0
A 15 305 10 4 3 3 #=C4
A -20 305 10 4 9 0 PINTYPE=OUT
L 25 305 10 4 8 0 1 0 CRS
P 186 275 415 255 415 0 3 0
A 260 415 10 0 3 3 #=F12
A 295 415 10 0 9 0 PINTYPE=ANALOG
L 250 415 10 0 8 0 1 0 TXVND_N
P 194 0 185 20 185 0 2 0
A 15 185 10 4 3 3 #=J10
A -20 185 10 4 9 0 PINTYPE=IN
L 25 185 10 4 8 0 1 0 XTAL1/REFCLK
P 245 0 515 20 515 0 2 0
A 15 515 10 4 3 3 #=H4
A -20 515 10 4 9 0 PINTYPE=OUT
L 25 515 10 4 8 0 1 0 MDINT_B
P 244 275 45 255 45 0 3 0
A 260 45 10 0 3 3 #=J6
A 295 45 10 0 9 0 PINTYPE=ANALOG
L 250 45 10 0 8 0 1 0 REFREXT
P 243 275 35 255 35 0 3 0
A 260 35 10 0 3 3 #=H6
A 295 35 10 0 9 0 PINTYPE=ANALOG
L 250 35 10 0 8 0 1 0 REFFILT
P 196 0 45 20 45 0 2 0
A 15 45 10 4 3 3 #=G5
A -20 45 10 4 9 0 PINTYPE=BI
L 25 45 10 4 8 0 1 0 TXDIS/SRESET_B
l 2 65 520 75 520
l 2 210 200 200 200
l 2 210 150 200 150
l 2 200 150 200 200
l 2 65 490 75 490
l 2 75 490 75 520
T 80 500 10 0 3 SERIAL MGMT
l 2 170 270 170 380
l 2 180 380 170 380
l 2 180 270 170 270
l 2 205 410 195 410
l 2 195 410 195 520
l 2 205 520 195 520
l 2 65 205 75 205
T 195 170 10 0 9 JTAG
T 190 475 10 0 9 TWISTED
T 190 465 10 0 9 PAIR I/F
T 165 320 10 0 9 MEDIA I/F
T 165 330 10 0 9 SERIAL MAC/
l 2 65 480 75 480
l 2 75 205 75 480
T 80 365 10 0 3 PARALLEL
T 80 355 10 0 3 MAC I/F
l 2 100 90 110 90
b 20 20 255 535
T 115 80 10 0 2 EEPROM
l 2 100 70 110 70
l 2 110 70 110 90
P 225 275 165 255 165 0 3 0
A 260 165 10 0 3 3 #=C8
A 295 165 10 0 9 0 PINTYPE=IN
L 250 165 10 0 8 0 1 0 TRST_B
P 224 275 155 255 155 0 3 0
A 260 155 10 0 3 3 #=C9
A 295 155 10 0 9 0 PINTYPE=IN
L 250 155 10 0 8 0 1 0 TCK
E
