V 51
K 157788999600 88e1116
|R 19:23_12-6-11
Y 1
D 0 0 255 320
Z 10
i 220
U 0 -20 10 0 3 0 VALUE=VSC8211
U 0 -10 10 0 3 0 MANF_P/N=XXXX
U 40 0 16 0 3 3 REFDES=U?
U 155 0 10 0 3 3 PKG_TYPE=XXXX
U 0 -30 10 0 3 0 HETERO=(VSC8211_A), (VSC8211_B)
U 25 295 10 0 3 3 DEVICE=VSC8211
P 217 255 35 235 35 0 3 0
L 230 35 10 4 2 0 0 0 GND_J11
A 275 35 10 4 3 0 PINTYPE=POWER
A 240 35 10 4 9 3 #=J11
P 215 255 55 235 55 0 3 0
L 230 55 10 4 2 0 0 0 GND_J9
A 275 55 10 4 3 0 PINTYPE=POWER
A 240 55 10 4 9 3 #=J9
P 214 255 65 235 65 0 3 0
L 230 65 10 4 2 0 0 0 GND_H9
A 275 65 10 4 3 0 PINTYPE=POWER
A 240 65 10 4 9 3 #=H9
P 213 255 75 235 75 0 3 0
L 230 75 10 4 2 0 0 0 GND_J7
A 275 75 10 4 3 0 PINTYPE=POWER
A 240 75 10 4 9 3 #=J7
P 212 255 85 235 85 0 3 0
L 230 85 10 4 2 0 0 0 GND_F9
A 275 85 10 4 3 0 PINTYPE=POWER
A 240 85 10 4 9 3 #=F9
P 211 255 95 235 95 0 3 0
L 230 95 10 4 2 0 0 0 GND_F8
A 275 95 10 4 3 0 PINTYPE=POWER
A 240 95 10 4 9 3 #=F8
P 209 255 115 235 115 0 3 0
L 230 115 10 4 2 0 0 0 GND_F6
A 275 115 10 4 3 0 PINTYPE=POWER
A 240 115 10 4 9 3 #=F6
P 208 255 125 235 125 0 3 0
L 230 125 10 4 2 0 0 0 GND_F5
A 275 125 10 4 3 0 PINTYPE=POWER
A 240 125 10 4 9 3 #=F5
P 204 0 35 20 35 0 2 0
L 25 35 10 0 2 0 0 0 GND_E8
A -20 35 10 0 3 0 PINTYPE=POWER
A 15 35 10 0 9 3 #=E8
P 203 0 45 20 45 0 2 0
L 25 45 10 0 2 0 0 0 GND_E7
A -20 45 10 0 3 0 PINTYPE=POWER
A 15 45 10 0 9 3 #=E7
P 202 0 55 20 55 0 2 0
L 25 55 10 0 2 0 0 0 GND_E6
A -20 55 10 0 3 0 PINTYPE=POWER
A 15 55 10 0 9 3 #=E6
P 201 0 65 20 65 0 2 0
L 25 65 10 0 2 0 0 0 GND_E5
A -20 65 10 0 3 0 PINTYPE=POWER
A 15 65 10 0 9 3 #=E5
P 200 0 75 20 75 0 2 0
L 25 75 10 0 2 0 0 0 GND_E4
A -20 75 10 0 3 0 PINTYPE=POWER
A 15 75 10 0 9 3 #=E4
P 199 0 85 20 85 0 2 0
L 25 85 10 0 2 0 0 0 GND_D9
A -20 85 10 0 3 0 PINTYPE=POWER
A 15 85 10 0 9 3 #=D9
P 198 0 95 20 95 0 2 0
L 25 95 10 0 2 0 0 0 GND_D8
A -20 95 10 0 3 0 PINTYPE=POWER
A 15 95 10 0 9 3 #=D8
P 197 0 105 20 105 0 2 0
L 25 105 10 0 2 0 0 0 GND_D7
A -20 105 10 0 3 0 PINTYPE=POWER
A 15 105 10 0 9 3 #=D7
P 196 0 115 20 115 0 2 0
L 25 115 10 0 2 0 0 0 GND_D6
A -20 115 10 0 3 0 PINTYPE=POWER
A 15 115 10 0 9 3 #=D6
P 178 0 275 20 275 0 2 0
L 25 275 10 0 2 0 0 0 VDDIOMAC_C6
A -20 275 10 0 3 0 PINTYPE=POWER
A 15 275 10 0 9 3 #=C6
P 183 0 265 20 265 0 2 0
L 25 265 10 0 2 0 0 0 VDDIOMAC_C3
A -20 265 10 0 3 0 PINTYPE=POWER
A 15 265 10 0 9 3 #=C3
P 184 0 255 20 255 0 2 0
L 25 255 10 0 2 0 0 0 VDDIOMAC_D3
A -20 255 10 0 3 0 PINTYPE=POWER
A 15 255 10 0 9 3 #=D3
P 185 0 235 20 235 0 2 0
L 25 235 10 0 2 0 1 0 VDDIOMICRO
A -20 235 10 0 3 0 PINTYPE=POWER
A 15 235 10 0 9 3 #=G7
P 186 0 215 20 215 0 2 0
L 25 215 10 0 2 0 1 0 VDDIOCTRL
A -20 215 10 0 3 0 PINTYPE=POWER
A 15 215 10 0 9 3 #=D10
P 187 0 195 20 195 0 2 0
L 25 195 10 0 2 0 0 0 VDD33A_F10
A -20 195 10 0 3 0 PINTYPE=POWER
A 15 195 10 0 9 3 #=F10
P 188 0 185 20 185 0 2 0
L 25 185 10 0 2 0 0 0 VDD33A_G10
A -20 185 10 0 3 0 PINTYPE=POWER
A 15 185 10 0 9 3 #=G10
P 189 0 175 20 175 0 2 0
L 25 175 10 0 2 0 0 0 VDD33A_G9
A -20 175 10 0 3 0 PINTYPE=POWER
A 15 175 10 0 9 3 #=G9
P 190 0 165 20 165 0 2 0
L 25 165 10 0 2 0 0 0 VDD33A_G8
A -20 165 10 0 3 0 PINTYPE=POWER
A 15 165 10 0 9 3 #=G8
P 195 0 125 20 125 0 2 0
L 25 125 10 0 2 0 0 0 GND_D5
A -20 125 10 0 3 0 PINTYPE=POWER
A 15 125 10 0 9 3 #=D5
P 194 0 135 20 135 0 2 0
L 25 135 10 0 2 0 0 0 GND_D4
A -20 135 10 0 3 0 PINTYPE=POWER
A 15 135 10 0 9 3 #=D4
P 193 0 145 20 145 0 2 0
L 25 145 10 0 2 0 0 0 GND_C5
A -20 145 10 0 3 0 PINTYPE=POWER
A 15 145 10 0 9 3 #=C5
P 207 255 135 235 135 0 3 0
L 230 135 10 4 2 0 0 0 GND_E10
A 275 135 10 4 3 0 PINTYPE=POWER
A 240 135 10 4 9 3 #=E10
P 216 255 45 235 45 0 3 0
L 230 45 10 4 2 0 0 0 GND_H11
A 275 45 10 4 3 0 PINTYPE=POWER
A 240 45 10 4 9 3 #=H11
P 205 255 145 235 145 0 3 0
L 230 145 10 4 2 0 0 0 GND_E9
A 275 145 10 4 3 0 PINTYPE=POWER
A 240 145 10 4 9 3 #=E9
P 218 255 185 235 185 0 3 0
L 230 185 10 4 2 0 0 0 NC_E3
A 275 185 10 4 3 0 PINTYPE=IN
A 240 185 10 4 9 3 #=E3
P 219 255 175 235 175 0 3 0
L 230 175 10 4 2 0 0 0 NC_H8
A 275 175 10 4 3 0 PINTYPE=IN
A 240 175 10 4 9 3 #=H8
P 220 255 165 235 165 0 3 0
L 230 165 10 4 2 0 0 0 NC_J8
A 275 165 10 4 3 0 PINTYPE=IN
A 240 165 10 4 9 3 #=J8
P 210 255 105 235 105 0 3 0
L 230 105 10 4 2 0 0 0 GND_F7
A 275 105 10 4 3 0 PINTYPE=POWER
A 240 105 10 4 9 3 #=F7
P 170 255 255 235 255 0 3 0
L 230 255 10 0 8 0 0 0 VDD12_F3
A 275 255 10 0 9 0 PINTYPE=POWER
A 240 255 10 0 3 3 #=F3
P 169 255 265 235 265 0 3 0
L 230 265 10 0 8 0 0 0 VDD12_C11
A 275 265 10 0 9 0 PINTYPE=POWER
A 240 265 10 0 3 3 #=C11
P 168 255 275 235 275 0 3 0
L 230 275 10 0 8 0 0 0 VDD12_C10
A 275 275 10 0 9 0 PINTYPE=POWER
A 240 275 10 0 3 3 #=C10
P 192 255 210 235 210 0 3 0
L 230 210 10 0 8 0 1 0 VDD12A
A 275 210 10 0 9 0 PINTYPE=POWER
A 240 210 10 0 3 3 #=H7
P 171 255 245 235 245 0 3 0
L 230 245 10 0 8 0 0 0 VDD12_F4
A 275 245 10 0 9 0 PINTYPE=POWER
A 240 245 10 0 3 3 #=F4
P 191 255 235 235 235 0 3 0
L 230 235 10 0 8 0 0 0 VDD12_G3
A 275 235 10 0 9 0 PINTYPE=POWER
A 240 235 10 0 3 3 #=G3
T 25 165 10 0 2 VDD33A
Q 15 0 0
T 25 175 10 0 2 VDD33A
Q 15 0 0
T 25 185 10 0 2 VDD33A
Q 15 0 0
T 25 265 10 0 2 VDDIOMAC
Q 15 0 0
T 230 235 10 0 8 VDD12
Q 15 0 0
T 230 245 10 0 8 VDD12
Q 15 0 0
T 230 255 10 0 8 VDD12
Q 15 0 0
T 230 265 10 0 8 VDD12
Q 15 0 0
T 230 165 10 0 8 NC
Q 15 0 0
T 230 175 10 0 8 NC
Q 15 0 0
T 230 35 10 0 8 GND
Q 15 0 0
T 230 65 10 0 8 GND
Q 15 0 0
T 230 55 10 0 8 GND
Q 15 0 0
T 230 45 10 0 8 GND
Q 15 0 0
T 230 75 10 0 8 GND
Q 15 0 0
T 230 105 10 0 8 GND
Q 15 0 0
T 230 95 10 0 8 GND
Q 15 0 0
T 230 85 10 0 8 GND
Q 15 0 0
T 230 115 10 0 8 GND
Q 15 0 0
T 25 40 10 0 3 GND
Q 15 0 0
T 25 30 10 0 3 GND
Q 15 0 0
T 25 50 10 0 3 GND
Q 15 0 0
T 25 60 10 0 3 GND
Q 15 0 0
T 25 80 10 0 3 GND
Q 15 0 0
T 25 70 10 0 3 GND
Q 15 0 0
T 25 90 10 0 3 GND
Q 15 0 0
T 25 100 10 0 3 GND
Q 15 0 0
T 25 110 10 0 3 GND
Q 15 0 0
T 25 120 10 0 3 GND
Q 15 0 0
b 20 20 235 290
T 25 130 10 0 3 GND
Q 15 0 0
T 25 140 10 0 3 GND
Q 15 0 0
T 230 135 10 0 8 GND
Q 15 0 0
T 230 125 10 0 8 GND
Q 15 0 0
T 230 145 10 0 8 GND
Q 15 0 0
T 230 185 10 0 8 NC
Q 15 0 0
T 230 275 10 0 8 VDD12
Q 15 0 0
T 25 275 10 0 2 VDDIOMAC
Q 15 0 0
T 25 255 10 0 2 VDDIOMAC
Q 15 0 0
T 25 195 10 0 2 VDD33A
Q 15 0 0
E
