V 53
K 1395773941 vt7751s.1
F Case
|R 11:59:1_3-25-14
D 0 185 155 0
Y 1
Z 10
i 525
U 0 -10 10 0 3 0 LEVEL=STD
U 30 0 16 0 3 3 REFDES=U?
U 85 5 10 0 3 3 PKG_TYPE=HPQFN_19_A
U 20 165 10 0 3 3 DEVICE=VT7751S
U 30 0 10 0 1 0 VALUE=VT7751S
U 30 -14 10 0 1 0 MANF_P/N=VT7751S
U 0 0 10 0 1 0 FORWARD_PCB=1
b 20 20 135 165
T 115 55 10 0 2 VSS
Q 15 0 0
|FNTSTL 16777215 0
T 115 45 10 0 2 VSS
Q 15 0 0
|FNTSTL 16777215 0
T 115 35 10 0 2 VSS
Q 15 0 0
|FNTSTL 16777215 0
T 120 140 10 0 2 VX
Q 15 0 0
|FNTSTL 16777215 0
T 120 130 10 0 2 VX
Q 15 0 0
|FNTSTL 16777215 0
T 120 120 10 0 2 VX
Q 15 0 0
|FNTSTL 16777215 0
T 25 110 10 0 2 GND
Q 15 0 0
|FNTSTL 16777215 0
T 25 100 10 0 2 GND
Q 15 0 0
|FNTSTL 16777215 0
T 25 90 10 0 2 GND
Q 15 0 0
|FNTSTL 16777215 0
P 183 0 120 20 120 0 2 0
L 25 115 10 0 3 0 1 0 AGND
A 0 120 10 0 3 0 PINTYPE=GROUND
A 5 120 10 0 3 3 #=14
P 191 0 140 20 140 0 2 0
L 25 135 10 0 3 0 1 0 VDD
A 0 140 10 0 3 0 PINTYPE=IN
A 5 140 10 0 3 3 #=12
P 235 0 35 20 35 0 2 0
L 25 30 10 0 3 0 1 0 TS_FAULTB
A 0 35 10 0 3 0 PINTYPE=OUT
A 5 35 10 0 3 3 #=16
P 443 0 150 20 150 0 2 0
L 25 145 10 0 3 0 1 0 VDDH
A 0 150 10 0 3 0 PINTYPE=IN
A 5 150 10 0 3 3 #=1
P 444 155 65 135 65 0 3 0
L 130 60 10 0 9 0 1 0 VSS
A 155 65 10 0 9 0 PINTYPE=GROUND
A 150 65 10 0 9 3 #=2
P 463 155 55 135 55 0 3 0
L 130 50 10 0 9 0 0 0 VSS_1
A 155 55 10 0 9 0 PINTYPE=GROUND
A 150 55 10 0 9 3 #=3
P 467 155 45 135 45 0 3 0
L 130 40 10 0 9 0 0 0 VSS_2
A 155 45 10 0 9 0 PINTYPE=GROUND
A 150 45 10 0 9 3 #=4
P 471 155 35 135 35 0 3 0
L 130 30 10 0 9 0 0 0 VSS_3
A 155 35 10 0 9 0 PINTYPE=GROUND
A 150 35 10 0 9 3 #=5
P 472 155 150 135 150 0 3 0
L 130 145 10 0 9 0 1 0 VX
A 155 150 10 0 9 0 PINTYPE=POWER
A 150 150 10 0 9 3 #=6
P 479 155 140 135 140 0 3 0
L 130 135 10 0 9 0 0 0 VX_1
A 155 140 10 0 9 0 PINTYPE=POWER
A 150 140 10 0 9 3 #=7
P 483 155 130 135 130 0 3 0
L 130 125 10 0 9 0 0 0 VX_2
A 155 130 10 0 9 0 PINTYPE=POWER
A 150 130 10 0 9 3 #=8
P 487 155 120 135 120 0 3 0
L 130 115 10 0 9 0 0 0 VX_3
A 155 120 10 0 9 0 PINTYPE=POWER
A 150 120 10 0 9 3 #=9
P 491 155 80 135 80 0 3 0
L 130 75 10 0 9 0 1 0 BST
A 155 80 10 0 9 0 PINTYPE=IN
A 150 80 10 0 9 3 #=10
P 492 0 130 20 130 0 2 0
L 25 125 10 0 3 0 1 0 VCC
A 0 130 10 0 3 0 PINTYPE=IN
A 5 130 10 0 3 3 #=11
P 500 0 55 20 55 0 2 0
L 25 50 10 0 3 0 1 0 PWM
A 0 55 10 0 3 0 PINTYPE=IN
A 5 55 10 0 3 3 #=13
P 511 0 110 20 110 0 2 0
L 25 105 10 0 3 0 0 0 GND_1
A 0 110 10 0 3 0 PINTYPE=GROUND
A 5 110 10 0 3 3 #=17
P 515 0 100 20 100 0 2 0
L 25 95 10 0 3 0 0 0 GND_2
A 0 100 10 0 3 0 PINTYPE=GROUND
A 5 100 10 0 3 3 #=18
P 519 0 90 20 90 0 2 0
L 25 85 10 0 3 0 0 0 GND_3
A 0 90 10 0 3 0 PINTYPE=GROUND
A 5 90 10 0 3 3 #=19
P 523 0 45 20 45 0 2 0
L 25 40 10 0 3 0 1 0 ISENSE
A 0 45 10 0 3 0 PINTYPE=OUT
A 5 45 10 0 3 3 #=15
E 
