V 50
K 153165148200 vu095ffvc1517
Y 1
D 0 0 400 480
Z 10
i 946
b 50 50 350 430
P 1 400 100 350 100 0 3 0
A 355 100 10 0 3 3 #=AB36
L 345 100 10 0 8 0 1 0 MGTAVCC_L_AB36
A 405 100 10 0 2 0 PINTYPE=BI
P 2 400 110 350 110 0 3 0
A 355 110 10 0 3 3 #=AC34
L 345 110 10 0 8 0 1 0 MGTAVCC_L_AC34
A 405 110 10 0 2 0 PINTYPE=BI
P 3 400 120 350 120 0 3 0
A 355 120 10 0 3 3 #=AF36
L 345 120 10 0 8 0 1 0 MGTAVCC_L_AF36
A 405 120 10 0 2 0 PINTYPE=BI
P 4 400 130 350 130 0 3 0
A 355 130 10 0 3 3 #=AG34
L 345 130 10 0 8 0 1 0 MGTAVCC_L_AG34
A 405 130 10 0 2 0 PINTYPE=BI
P 5 400 140 350 140 0 3 0
A 355 140 10 0 3 3 #=AJ34
L 345 140 10 0 8 0 1 0 MGTAVCC_L_AJ34
A 405 140 10 0 2 0 PINTYPE=BI
P 6 400 150 350 150 0 3 0
A 355 150 10 0 3 3 #=AK36
L 345 150 10 0 8 0 1 0 MGTAVCC_L_AK36
A 405 150 10 0 2 0 PINTYPE=BI
P 7 400 160 350 160 0 3 0
A 355 160 10 0 3 3 #=AL34
L 345 160 10 0 8 0 1 0 MGTAVCC_L_AL34
A 405 160 10 0 2 0 PINTYPE=BI
P 8 400 170 350 170 0 3 0
A 355 170 10 0 3 3 #=AN34
L 345 170 10 0 8 0 1 0 MGTAVCC_L_AN34
A 405 170 10 0 2 0 PINTYPE=BI
P 9 400 180 350 180 0 3 0
A 355 180 10 0 3 3 #=AP36
L 345 180 10 0 8 0 1 0 MGTAVCC_L_AP36
A 405 180 10 0 2 0 PINTYPE=BI
P 10 400 190 350 190 0 3 0
A 355 190 10 0 3 3 #=AR34
L 345 190 10 0 8 0 1 0 MGTAVCC_L_AR34
A 405 190 10 0 2 0 PINTYPE=BI
P 11 400 200 350 200 0 3 0
A 355 200 10 0 3 3 #=AU34
L 345 200 10 0 8 0 1 0 MGTAVCC_L_AU34
A 405 200 10 0 2 0 PINTYPE=BI
P 12 400 210 350 210 0 3 0
A 355 210 10 0 3 3 #=AV32
L 345 210 10 0 8 0 1 0 MGTAVCC_L_AV32
A 405 210 10 0 2 0 PINTYPE=BI
P 13 400 220 350 220 0 3 0
A 355 220 10 0 3 3 #=AV36
L 345 220 10 0 8 0 1 0 MGTAVCC_L_AV36
A 405 220 10 0 2 0 PINTYPE=BI
P 14 400 230 350 230 0 3 0
A 355 230 10 0 3 3 #=B32
L 345 230 10 0 8 0 1 0 MGTAVCC_L_B32
A 405 230 10 0 2 0 PINTYPE=BI
P 15 400 240 350 240 0 3 0
A 355 240 10 0 3 3 #=B36
L 345 240 10 0 8 0 1 0 MGTAVCC_L_B36
A 405 240 10 0 2 0 PINTYPE=BI
P 16 400 250 350 250 0 3 0
A 355 250 10 0 3 3 #=C34
L 345 250 10 0 8 0 1 0 MGTAVCC_L_C34
A 405 250 10 0 2 0 PINTYPE=BI
P 17 400 260 350 260 0 3 0
A 355 260 10 0 3 3 #=E34
L 345 260 10 0 8 0 1 0 MGTAVCC_L_E34
A 405 260 10 0 2 0 PINTYPE=BI
P 18 400 270 350 270 0 3 0
A 355 270 10 0 3 3 #=F36
L 345 270 10 0 8 0 1 0 MGTAVCC_L_F36
A 405 270 10 0 2 0 PINTYPE=BI
P 19 400 280 350 280 0 3 0
A 355 280 10 0 3 3 #=G34
L 345 280 10 0 8 0 1 0 MGTAVCC_L_G34
A 405 280 10 0 2 0 PINTYPE=BI
P 20 400 290 350 290 0 3 0
A 355 290 10 0 3 3 #=J34
L 345 290 10 0 8 0 1 0 MGTAVCC_L_J34
A 405 290 10 0 2 0 PINTYPE=BI
P 21 400 300 350 300 0 3 0
A 355 300 10 0 3 3 #=K36
L 345 300 10 0 8 0 1 0 MGTAVCC_L_K36
A 405 300 10 0 2 0 PINTYPE=BI
P 22 400 310 350 310 0 3 0
A 355 310 10 0 3 3 #=L34
L 345 310 10 0 8 0 1 0 MGTAVCC_L_L34
A 405 310 10 0 2 0 PINTYPE=BI
P 23 400 320 350 320 0 3 0
A 355 320 10 0 3 3 #=P36
L 345 320 10 0 8 0 1 0 MGTAVCC_L_P36
A 405 320 10 0 2 0 PINTYPE=BI
P 24 400 330 350 330 0 3 0
A 355 330 10 0 3 3 #=R34
L 345 330 10 0 8 0 1 0 MGTAVCC_L_R34
A 405 330 10 0 2 0 PINTYPE=BI
P 25 400 340 350 340 0 3 0
A 355 340 10 0 3 3 #=V36
L 345 340 10 0 8 0 1 0 MGTAVCC_L_V36
A 405 340 10 0 2 0 PINTYPE=BI
P 26 400 350 350 350 0 3 0
A 355 350 10 0 3 3 #=W34
L 345 350 10 0 8 0 1 0 MGTAVCC_L_W34
A 405 350 10 0 2 0 PINTYPE=BI
T 220 370 20 0 5 XCVU095FFVC1517
T 220 390 20 0 5 BANK MGTAVCC_L
c 70 410 10
U 50 440 10 0 3 3 DEVICE=XXXXXX
U 50 30 16 0 3 3 REFDES=U?
U 250 30 10 0 3 3 PKG_TYPE=XXXXXX
U 0 0 10 0 3 0 HETERO=vu095ffvc1517a_0,vu095ffvc1517a_44,vu095ffvc1517a_45,vu095ffvc1517a_46,vu095ffvc1517a_47,vu095ffvc1517a_48,vu095ffvc1517a_65,vu095ffvc1517a_66,vu095ffvc1517a_67,vu095ffvc1517a_68,vu095ffvc1517a_84,vu095ffvc1517a_94,vu095ffvc1517a_124,vu095ffvc1517a_125,vu095ffvc1517a_126,vu095ffvc1517a_127,vu095ffvc1517a_128,vu095ffvc1517a_129,vu095ffvc1517a_224,vu095ffvc1517a_225,vu095ffvc1517a_226,vu095ffvc1517a_227,vu095ffvc1517a_228,vu095ffvc1517a_229,vu095ffvc1517a_MGTAVCC_L,vu095ffvc1517a_MGTAVCC_R,vu095ffvc1517a_MGTAVTT_L,vu095ffvc1517a_MGTAVTT_R,vu095ffvc1517a_MGTVCCAUX_L,vu095ffvc1517a_MGTVCCAUX_R,vu095ffvc1517a_GND1,vu095ffvc1517a_GND2,vu095ffvc1517a_VCCINT,vu095ffvc1517a_VCCINT_IO,vu095ffvc1517a_VCCAUX,vu095ffvc1517a_VCCAUX_IO,vu095ffvc1517a_VCCBRAM
U 0 -10 10 0 3 0 PARTS=1
U 0 -20 10 0 3 0 LEVEL=STD
U 0 -30 10 0 3 0 DATE=2014_05_07
E
