V 50
K 153165148200 vu095ffvc1517
Y 1
D 0 0 400 420
Z 10
i 946
b 50 50 350 370
P 1 400 100 350 100 0 3 0
A 355 100 10 0 3 3 #=T5
L 345 100 10 0 8 0 1 0 MGTREFCLK1N_227_T5
A 405 100 10 0 2 0 PINTYPE=BI
P 2 400 110 350 110 0 3 0
A 355 110 10 0 3 3 #=T6
L 345 110 10 0 8 0 1 0 MGTREFCLK1P_227_T6
A 405 110 10 0 2 0 PINTYPE=BI
P 3 400 120 350 120 0 3 0
A 355 120 10 0 3 3 #=V5
L 345 120 10 0 8 0 1 0 MGTREFCLK0N_227_V5
A 405 120 10 0 2 0 PINTYPE=BI
P 4 400 130 350 130 0 3 0
A 355 130 10 0 3 3 #=V6
L 345 130 10 0 8 0 1 0 MGTREFCLK0P_227_V6
A 405 130 10 0 2 0 PINTYPE=BI
P 5 400 140 350 140 0 3 0
A 355 140 10 0 3 3 #=P1
L 345 140 10 0 8 0 1 0 MGTHRXN3_227_P1
A 405 140 10 0 2 0 PINTYPE=BI
P 6 400 150 350 150 0 3 0
A 355 150 10 0 3 3 #=P2
L 345 150 10 0 8 0 1 0 MGTHRXP3_227_P2
A 405 150 10 0 2 0 PINTYPE=BI
P 7 400 160 350 160 0 3 0
A 355 160 10 0 3 3 #=N3
L 345 160 10 0 8 0 1 0 MGTHTXN3_227_N3
A 405 160 10 0 2 0 PINTYPE=BI
P 8 400 170 350 170 0 3 0
A 355 170 10 0 3 3 #=N4
L 345 170 10 0 8 0 1 0 MGTHTXP3_227_N4
A 405 170 10 0 2 0 PINTYPE=BI
P 9 400 180 350 180 0 3 0
A 355 180 10 0 3 3 #=T1
L 345 180 10 0 8 0 1 0 MGTHRXN2_227_T1
A 405 180 10 0 2 0 PINTYPE=BI
P 10 400 190 350 190 0 3 0
A 355 190 10 0 3 3 #=T2
L 345 190 10 0 8 0 1 0 MGTHRXP2_227_T2
A 405 190 10 0 2 0 PINTYPE=BI
P 11 400 200 350 200 0 3 0
A 355 200 10 0 3 3 #=R3
L 345 200 10 0 8 0 1 0 MGTHTXN2_227_R3
A 405 200 10 0 2 0 PINTYPE=BI
P 12 400 210 350 210 0 3 0
A 355 210 10 0 3 3 #=R4
L 345 210 10 0 8 0 1 0 MGTHTXP2_227_R4
A 405 210 10 0 2 0 PINTYPE=BI
P 13 400 220 350 220 0 3 0
A 355 220 10 0 3 3 #=V1
L 345 220 10 0 8 0 1 0 MGTHRXN1_227_V1
A 405 220 10 0 2 0 PINTYPE=BI
P 14 400 230 350 230 0 3 0
A 355 230 10 0 3 3 #=V2
L 345 230 10 0 8 0 1 0 MGTHRXP1_227_V2
A 405 230 10 0 2 0 PINTYPE=BI
P 15 400 240 350 240 0 3 0
A 355 240 10 0 3 3 #=U3
L 345 240 10 0 8 0 1 0 MGTHTXN1_227_U3
A 405 240 10 0 2 0 PINTYPE=BI
P 16 400 250 350 250 0 3 0
A 355 250 10 0 3 3 #=U4
L 345 250 10 0 8 0 1 0 MGTHTXP1_227_U4
A 405 250 10 0 2 0 PINTYPE=BI
P 17 400 260 350 260 0 3 0
A 355 260 10 0 3 3 #=Y1
L 345 260 10 0 8 0 1 0 MGTHRXN0_227_Y1
A 405 260 10 0 2 0 PINTYPE=BI
P 18 400 270 350 270 0 3 0
A 355 270 10 0 3 3 #=Y2
L 345 270 10 0 8 0 1 0 MGTHRXP0_227_Y2
A 405 270 10 0 2 0 PINTYPE=BI
P 19 400 280 350 280 0 3 0
A 355 280 10 0 3 3 #=W3
L 345 280 10 0 8 0 1 0 MGTHTXN0_227_W3
A 405 280 10 0 2 0 PINTYPE=BI
P 20 400 290 350 290 0 3 0
A 355 290 10 0 3 3 #=W4
L 345 290 10 0 8 0 1 0 MGTHTXP0_227_W4
A 405 290 10 0 2 0 PINTYPE=BI
T 220 310 20 0 5 XCVU095FFVC1517
T 220 330 20 0 5 BANK 227
c 70 350 10
U 50 380 10 0 3 3 DEVICE=XXXXXX
U 50 30 16 0 3 3 REFDES=U?
U 250 30 10 0 3 3 PKG_TYPE=XXXXXX
U 0 0 10 0 3 0 HETERO=vu095ffvc1517b_0,vu095ffvc1517b_44,vu095ffvc1517b_45,vu095ffvc1517b_46,vu095ffvc1517b_47,vu095ffvc1517b_48,vu095ffvc1517b_65,vu095ffvc1517b_66,vu095ffvc1517b_67,vu095ffvc1517b_68,vu095ffvc1517b_84,vu095ffvc1517b_94,vu095ffvc1517b_124,vu095ffvc1517b_125,vu095ffvc1517b_126,vu095ffvc1517b_127,vu095ffvc1517b_128,vu095ffvc1517b_129,vu095ffvc1517b_224,vu095ffvc1517b_225,vu095ffvc1517b_226,vu095ffvc1517b_227,vu095ffvc1517b_228,vu095ffvc1517b_229,vu095ffvc1517b_MGTAVCC_L,vu095ffvc1517b_MGTAVCC_R,vu095ffvc1517b_MGTAVTT_L,vu095ffvc1517b_MGTAVTT_R,vu095ffvc1517b_MGTVCCAUX_L,vu095ffvc1517b_MGTVCCAUX_R,vu095ffvc1517b_GND1,vu095ffvc1517b_GND2,vu095ffvc1517b_VCCINT,vu095ffvc1517b_VCCINT_IO,vu095ffvc1517b_VCCAUX,vu095ffvc1517b_VCCAUX_IO,vu095ffvc1517b_VCCBRAM
U 0 -10 10 0 3 0 PARTS=1
U 0 -20 10 0 3 0 LEVEL=STD
U 0 -30 10 0 3 0 DATE=2014_08_18
E
