V 50
K 153165148200 vu125flvb1517
Y 1
D 0 0 400 440
Z 10
i 946
b 50 50 350 390
P 1 400 100 350 100 0 3 0
A 355 100 10 0 3 3 #=AD32
L 345 100 10 0 8 0 1 0 MGTAVTTRCAL_125_AD32
A 405 100 10 0 2 0 PINTYPE=BI
P 2 400 110 350 110 0 3 0
A 355 110 10 0 3 3 #=AD33
L 345 110 10 0 8 0 1 0 MGTRREF_125_AD33
A 405 110 10 0 2 0 PINTYPE=BI
P 3 400 120 350 120 0 3 0
A 355 120 10 0 3 3 #=AH35
L 345 120 10 0 8 0 1 0 MGTREFCLK1N_125_AH35
A 405 120 10 0 2 0 PINTYPE=BI
P 4 400 130 350 130 0 3 0
A 355 130 10 0 3 3 #=AH34
L 345 130 10 0 8 0 1 0 MGTREFCLK1P_125_AH34
A 405 130 10 0 2 0 PINTYPE=BI
P 5 400 140 350 140 0 3 0
A 355 140 10 0 3 3 #=AK35
L 345 140 10 0 8 0 1 0 MGTREFCLK0N_125_AK35
A 405 140 10 0 2 0 PINTYPE=BI
P 6 400 150 350 150 0 3 0
A 355 150 10 0 3 3 #=AK34
L 345 150 10 0 8 0 1 0 MGTREFCLK0P_125_AK34
A 405 150 10 0 2 0 PINTYPE=BI
P 7 400 160 350 160 0 3 0
A 355 160 10 0 3 3 #=AT39
L 345 160 10 0 8 0 1 0 MGTYRXN3_125_AT39
A 405 160 10 0 2 0 PINTYPE=BI
P 8 400 170 350 170 0 3 0
A 355 170 10 0 3 3 #=AT38
L 345 170 10 0 8 0 1 0 MGTYRXP3_125_AT38
A 405 170 10 0 2 0 PINTYPE=BI
P 9 400 180 350 180 0 3 0
A 355 180 10 0 3 3 #=AR37
L 345 180 10 0 8 0 1 0 MGTYTXN3_125_AR37
A 405 180 10 0 2 0 PINTYPE=BI
P 10 400 190 350 190 0 3 0
A 355 190 10 0 3 3 #=AR36
L 345 190 10 0 8 0 1 0 MGTYTXP3_125_AR36
A 405 190 10 0 2 0 PINTYPE=BI
P 11 400 200 350 200 0 3 0
A 355 200 10 0 3 3 #=AU37
L 345 200 10 0 8 0 1 0 MGTYRXN2_125_AU37
A 405 200 10 0 2 0 PINTYPE=BI
P 12 400 210 350 210 0 3 0
A 355 210 10 0 3 3 #=AU36
L 345 210 10 0 8 0 1 0 MGTYRXP2_125_AU36
A 405 210 10 0 2 0 PINTYPE=BI
P 13 400 220 350 220 0 3 0
A 355 220 10 0 3 3 #=AT35
L 345 220 10 0 8 0 1 0 MGTYTXN2_125_AT35
A 405 220 10 0 2 0 PINTYPE=BI
P 14 400 230 350 230 0 3 0
A 355 230 10 0 3 3 #=AT34
L 345 230 10 0 8 0 1 0 MGTYTXP2_125_AT34
A 405 230 10 0 2 0 PINTYPE=BI
P 15 400 240 350 240 0 3 0
A 355 240 10 0 3 3 #=AV39
L 345 240 10 0 8 0 1 0 MGTYRXN1_125_AV39
A 405 240 10 0 2 0 PINTYPE=BI
P 16 400 250 350 250 0 3 0
A 355 250 10 0 3 3 #=AV38
L 345 250 10 0 8 0 1 0 MGTYRXP1_125_AV38
A 405 250 10 0 2 0 PINTYPE=BI
P 17 400 260 350 260 0 3 0
A 355 260 10 0 3 3 #=AV35
L 345 260 10 0 8 0 1 0 MGTYTXN1_125_AV35
A 405 260 10 0 2 0 PINTYPE=BI
P 18 400 270 350 270 0 3 0
A 355 270 10 0 3 3 #=AV34
L 345 270 10 0 8 0 1 0 MGTYTXP1_125_AV34
A 405 270 10 0 2 0 PINTYPE=BI
P 19 400 280 350 280 0 3 0
A 355 280 10 0 3 3 #=AW37
L 345 280 10 0 8 0 1 0 MGTYRXN0_125_AW37
A 405 280 10 0 2 0 PINTYPE=BI
P 20 400 290 350 290 0 3 0
A 355 290 10 0 3 3 #=AW36
L 345 290 10 0 8 0 1 0 MGTYRXP0_125_AW36
A 405 290 10 0 2 0 PINTYPE=BI
P 21 400 300 350 300 0 3 0
A 355 300 10 0 3 3 #=AW33
L 345 300 10 0 8 0 1 0 MGTYTXN0_125_AW33
A 405 300 10 0 2 0 PINTYPE=BI
P 22 400 310 350 310 0 3 0
A 355 310 10 0 3 3 #=AW32
L 345 310 10 0 8 0 1 0 MGTYTXP0_125_AW32
A 405 310 10 0 2 0 PINTYPE=BI
T 220 330 20 0 5 XCVU125FLVB1517
T 220 350 20 0 5 BANK 125
T 135 300 12 0 6 BANK MIGRATION:
T 135 290 10 0 6 VU095 = BANK 125
T 135 280 10 0 6 VU080 = BANK 125
T 135 270 10 0 6 KU115 = BANK 126
T 135 260 10 0 6 KU100 = BANK 126
c 70 370 10
U 50 400 10 0 3 3 DEVICE=XXXXXX
U 50 30 16 0 3 3 REFDES=U?
U 250 30 10 0 3 3 PKG_TYPE=XXXXXX
U 0 0 10 0 3 0 HETERO=vu125flvb1517a_0,vu125flvb1517a_65,vu125flvb1517a_66,vu125flvb1517a_67,vu125flvb1517a_71,vu125flvb1517a_72,vu125flvb1517a_73,vu125flvb1517a_84,vu125flvb1517a_94,vu125flvb1517a_124,vu125flvb1517a_125,vu125flvb1517a_126,vu125flvb1517a_127,vu125flvb1517a_129,vu125flvb1517a_130,vu125flvb1517a_131,vu125flvb1517a_132,vu125flvb1517a_224,vu125flvb1517a_225,vu125flvb1517a_226,vu125flvb1517a_227,vu125flvb1517a_228,vu125flvb1517a_229,vu125flvb1517a_230,vu125flvb1517a_231,vu125flvb1517a_232,vu125flvb1517a_233,vu125flvb1517a_MGTAVCC_LN,vu125flvb1517a_MGTAVCC_LS,vu125flvb1517a_MGTAVCC_RN,vu125flvb1517a_MGTAVCC_RS,vu125flvb1517a_MGTAVTT_LN,vu125flvb1517a_MGTAVTT_LS,vu125flvb1517a_MGTAVTT_RN,vu125flvb1517a_MGTAVTT_RS,vu125flvb1517a_MGTVCCAUX_LN,vu125flvb1517a_MGTVCCAUX_LS,vu125flvb1517a_MGTVCCAUX_RN,vu125flvb1517a_MGTVCCAUX_RS,vu125flvb1517a_GND1,vu125flvb1517a_GND2,vu125flvb1517a_VCCINT,vu125flvb1517a_VCCINT_IO,vu125flvb1517a_VCCAUX,vu125flvb1517a_VCCAUX_IO,vu125flvb1517a_VCCBRAM
U 0 -10 10 0 3 0 PARTS=1
U 0 -20 10 0 3 0 LEVEL=STD
U 0 -30 10 0 3 0 DATE=2014_02_07
E
