V 50
K 153165148200 vu125flvd1517
Y 1
D 0 0 400 520
Z 10
i 946
b 50 50 350 470
P 1 0 100 50 100 0 2 0
A 45 100 10 0 9 3 #=AL26
L 55 100 10 0 2 0 1 0 VCCO_67_AL26
A 10 100 10 0 2 0 PINTYPE=BI
P 2 0 110 50 110 0 2 0
A 45 110 10 0 9 3 #=AK29
L 55 110 10 0 2 0 1 0 VCCO_67_AK29
A 10 110 10 0 2 0 PINTYPE=BI
P 3 0 120 50 120 0 2 0
A 45 120 10 0 9 3 #=AF31
L 55 120 10 0 2 0 1 0 VCCO_67_AF31
A 10 120 10 0 2 0 PINTYPE=BI
P 4 400 100 350 100 0 3 0
A 355 100 10 0 3 3 #=AD30
L 345 100 10 0 8 0 1 0 VREF_67_AD30
A 405 100 10 0 2 0 PINTYPE=BI
P 5 400 110 350 110 0 3 0
A 355 110 10 0 3 3 #=AL27
L 345 110 10 0 8 0 1 0 IO_L1N_T0L_N1_DBC_67_AL27
A 405 110 10 0 2 0 PINTYPE=BI
P 6 400 120 350 120 0 3 0
A 355 120 10 0 3 3 #=AK27
L 345 120 10 0 8 0 1 0 IO_L1P_T0L_N0_DBC_67_AK27
A 405 120 10 0 2 0 PINTYPE=BI
P 7 400 130 350 130 0 3 0
A 355 130 10 0 3 3 #=AM31
L 345 130 10 0 8 0 1 0 IO_T0U_N12_VRP_67_AM31
A 405 130 10 0 2 0 PINTYPE=BI
P 8 400 140 350 140 0 3 0
A 355 140 10 0 3 3 #=AM30
L 345 140 10 0 8 0 1 0 IO_L2N_T0L_N3_67_AM30
A 405 140 10 0 2 0 PINTYPE=BI
P 9 400 150 350 150 0 3 0
A 355 150 10 0 3 3 #=AM29
L 345 150 10 0 8 0 1 0 IO_L2P_T0L_N2_67_AM29
A 405 150 10 0 2 0 PINTYPE=BI
P 10 400 160 350 160 0 3 0
A 355 160 10 0 3 3 #=AL28
L 345 160 10 0 8 0 1 0 IO_L3N_T0L_N5_AD15N_67_AL28
A 405 160 10 0 2 0 PINTYPE=BI
P 11 400 170 350 170 0 3 0
A 355 170 10 0 3 3 #=AK28
L 345 170 10 0 8 0 1 0 IO_L3P_T0L_N4_AD15P_67_AK28
A 405 170 10 0 2 0 PINTYPE=BI
P 12 400 180 350 180 0 3 0
A 355 180 10 0 3 3 #=AK31
L 345 180 10 0 8 0 1 0 IO_L4N_T0U_N7_DBC_AD7N_67_AK31
A 405 180 10 0 2 0 PINTYPE=BI
P 13 400 190 350 190 0 3 0
A 355 190 10 0 3 3 #=AK30
L 345 190 10 0 8 0 1 0 IO_L4P_T0U_N6_DBC_AD7P_67_AK30
A 405 190 10 0 2 0 PINTYPE=BI
P 14 400 200 350 200 0 3 0
A 355 200 10 0 3 3 #=AL30
L 345 200 10 0 8 0 1 0 IO_L5N_T0U_N9_AD14N_67_AL30
A 405 200 10 0 2 0 PINTYPE=BI
P 15 400 210 350 210 0 3 0
A 355 210 10 0 3 3 #=AL29
L 345 210 10 0 8 0 1 0 IO_L5P_T0U_N8_AD14P_67_AL29
A 405 210 10 0 2 0 PINTYPE=BI
P 16 400 220 350 220 0 3 0
A 355 220 10 0 3 3 #=AJ28
L 345 220 10 0 8 0 1 0 IO_L6N_T0U_N11_AD6N_67_AJ28
A 405 220 10 0 2 0 PINTYPE=BI
P 17 400 230 350 230 0 3 0
A 355 230 10 0 3 3 #=AH28
L 345 230 10 0 8 0 1 0 IO_L6P_T0U_N10_AD6P_67_AH28
A 405 230 10 0 2 0 PINTYPE=BI
P 18 400 240 350 240 0 3 0
A 355 240 10 0 3 3 #=AH31
L 345 240 10 0 8 0 1 0 IO_L7N_T1L_N1_QBC_AD13N_67_AH31
A 405 240 10 0 2 0 PINTYPE=BI
P 19 400 250 350 250 0 3 0
A 355 250 10 0 3 3 #=AG31
L 345 250 10 0 8 0 1 0 IO_L7P_T1L_N0_QBC_AD13P_67_AG31
A 405 250 10 0 2 0 PINTYPE=BI
P 20 400 260 350 260 0 3 0
A 355 260 10 0 3 3 #=AG30
L 345 260 10 0 8 0 1 0 IO_L8N_T1L_N3_AD5N_67_AG30
A 405 260 10 0 2 0 PINTYPE=BI
P 21 400 270 350 270 0 3 0
A 355 270 10 0 3 3 #=AG29
L 345 270 10 0 8 0 1 0 IO_L8P_T1L_N2_AD5P_67_AG29
A 405 270 10 0 2 0 PINTYPE=BI
P 22 400 280 350 280 0 3 0
A 355 280 10 0 3 3 #=AF30
L 345 280 10 0 8 0 1 0 IO_L9N_T1L_N5_AD12N_67_AF30
A 405 280 10 0 2 0 PINTYPE=BI
P 23 400 290 350 290 0 3 0
A 355 290 10 0 3 3 #=AF29
L 345 290 10 0 8 0 1 0 IO_L9P_T1L_N4_AD12P_67_AF29
A 405 290 10 0 2 0 PINTYPE=BI
P 24 400 300 350 300 0 3 0
A 355 300 10 0 3 3 #=AE31
L 345 300 10 0 8 0 1 0 IO_L10N_T1U_N7_QBC_AD4N_67_AE31
A 405 300 10 0 2 0 PINTYPE=BI
P 25 400 310 350 310 0 3 0
A 355 310 10 0 3 3 #=AE30
L 345 310 10 0 8 0 1 0 IO_L10P_T1U_N6_QBC_AD4P_67_AE30
A 405 310 10 0 2 0 PINTYPE=BI
P 26 400 320 350 320 0 3 0
A 355 320 10 0 3 3 #=AJ31
L 345 320 10 0 8 0 1 0 IO_L11N_T1U_N9_GC_67_AJ31
A 405 320 10 0 2 0 PINTYPE=BI
P 27 400 330 350 330 0 3 0
A 355 330 10 0 3 3 #=AJ30
L 345 330 10 0 8 0 1 0 IO_L11P_T1U_N8_GC_67_AJ30
A 405 330 10 0 2 0 PINTYPE=BI
P 28 400 340 350 340 0 3 0
A 355 340 10 0 3 3 #=AD31
L 345 340 10 0 8 0 1 0 IO_T1U_N12_67_AD31
A 405 340 10 0 2 0 PINTYPE=BI
P 29 400 350 350 350 0 3 0
A 355 350 10 0 3 3 #=AJ29
L 345 350 10 0 8 0 1 0 IO_L12N_T1U_N11_GC_67_AJ29
A 405 350 10 0 2 0 PINTYPE=BI
P 30 400 360 350 360 0 3 0
A 355 360 10 0 3 3 #=AH29
L 345 360 10 0 8 0 1 0 IO_L12P_T1U_N10_GC_67_AH29
A 405 360 10 0 2 0 PINTYPE=BI
T 220 380 20 0 5 XCVU125FLVD1517
T 220 400 20 0 5 BANK 67_H
c 70 450 10
U 50 480 10 0 3 3 DEVICE=XXXXXX
U 50 30 16 0 3 3 REFDES=U?
U 250 30 10 0 3 3 PKG_TYPE=XXXXXX
U 0 0 10 0 3 0 HETERO=vu125flvd1517a_0_H,vu125flvd1517a_65_H,vu125flvd1517a_66_H,vu125flvd1517a_67_H,vu125flvd1517a_71_H,vu125flvd1517a_72_H,vu125flvd1517a_73_H,vu125flvd1517a_84_H,vu125flvd1517a_94_H,vu125flvd1517a_GND_H
U 0 -10 10 0 3 0 PARTS=1
U 0 -20 10 0 3 0 LEVEL=STD
U 0 -30 10 0 3 0 DATE=2014_12_19
E
