V 50
K 153165148200 vu13pb2104
Y 1
D 0 0 400 420
Z 10
i 946
b 50 50 350 370
P 1 400 100 350 100 0 3 0
A 355 100 10 0 3 3 #=AE37
L 345 100 10 0 8 0 1 0 MGTREFCLK1N_128_AE37
A 405 100 10 0 2 0 PINTYPE=BI
P 2 400 110 350 110 0 3 0
A 355 110 10 0 3 3 #=AE36
L 345 110 10 0 8 0 1 0 MGTREFCLK1P_128_AE36
A 405 110 10 0 2 0 PINTYPE=BI
P 3 400 120 350 120 0 3 0
A 355 120 10 0 3 3 #=AG37
L 345 120 10 0 8 0 1 0 MGTREFCLK0N_128_AG37
A 405 120 10 0 2 0 PINTYPE=BI
P 4 400 130 350 130 0 3 0
A 355 130 10 0 3 3 #=AG36
L 345 130 10 0 8 0 1 0 MGTREFCLK0P_128_AG36
A 405 130 10 0 2 0 PINTYPE=BI
P 5 400 140 350 140 0 3 0
A 355 140 10 0 3 3 #=AB44
L 345 140 10 0 8 0 1 0 MGTYRXN3_128_AB44
A 405 140 10 0 2 0 PINTYPE=BI
P 6 400 150 350 150 0 3 0
A 355 150 10 0 3 3 #=AB43
L 345 150 10 0 8 0 1 0 MGTYRXP3_128_AB43
A 405 150 10 0 2 0 PINTYPE=BI
P 7 400 160 350 160 0 3 0
A 355 160 10 0 3 3 #=AB39
L 345 160 10 0 8 0 1 0 MGTYTXN3_128_AB39
A 405 160 10 0 2 0 PINTYPE=BI
P 8 400 170 350 170 0 3 0
A 355 170 10 0 3 3 #=AB38
L 345 170 10 0 8 0 1 0 MGTYTXP3_128_AB38
A 405 170 10 0 2 0 PINTYPE=BI
P 9 400 180 350 180 0 3 0
A 355 180 10 0 3 3 #=AC46
L 345 180 10 0 8 0 1 0 MGTYRXN2_128_AC46
A 405 180 10 0 2 0 PINTYPE=BI
P 10 400 190 350 190 0 3 0
A 355 190 10 0 3 3 #=AC45
L 345 190 10 0 8 0 1 0 MGTYRXP2_128_AC45
A 405 190 10 0 2 0 PINTYPE=BI
P 11 400 200 350 200 0 3 0
A 355 200 10 0 3 3 #=AC41
L 345 200 10 0 8 0 1 0 MGTYTXN2_128_AC41
A 405 200 10 0 2 0 PINTYPE=BI
P 12 400 210 350 210 0 3 0
A 355 210 10 0 3 3 #=AC40
L 345 210 10 0 8 0 1 0 MGTYTXP2_128_AC40
A 405 210 10 0 2 0 PINTYPE=BI
P 13 400 220 350 220 0 3 0
A 355 220 10 0 3 3 #=AD44
L 345 220 10 0 8 0 1 0 MGTYRXN1_128_AD44
A 405 220 10 0 2 0 PINTYPE=BI
P 14 400 230 350 230 0 3 0
A 355 230 10 0 3 3 #=AD43
L 345 230 10 0 8 0 1 0 MGTYRXP1_128_AD43
A 405 230 10 0 2 0 PINTYPE=BI
P 15 400 240 350 240 0 3 0
A 355 240 10 0 3 3 #=AD39
L 345 240 10 0 8 0 1 0 MGTYTXN1_128_AD39
A 405 240 10 0 2 0 PINTYPE=BI
P 16 400 250 350 250 0 3 0
A 355 250 10 0 3 3 #=AD38
L 345 250 10 0 8 0 1 0 MGTYTXP1_128_AD38
A 405 250 10 0 2 0 PINTYPE=BI
P 17 400 260 350 260 0 3 0
A 355 260 10 0 3 3 #=AE46
L 345 260 10 0 8 0 1 0 MGTYRXN0_128_AE46
A 405 260 10 0 2 0 PINTYPE=BI
P 18 400 270 350 270 0 3 0
A 355 270 10 0 3 3 #=AE45
L 345 270 10 0 8 0 1 0 MGTYRXP0_128_AE45
A 405 270 10 0 2 0 PINTYPE=BI
P 19 400 280 350 280 0 3 0
A 355 280 10 0 3 3 #=AE41
L 345 280 10 0 8 0 1 0 MGTYTXN0_128_AE41
A 405 280 10 0 2 0 PINTYPE=BI
P 20 400 290 350 290 0 3 0
A 355 290 10 0 3 3 #=AE40
L 345 290 10 0 8 0 1 0 MGTYTXP0_128_AE40
A 405 290 10 0 2 0 PINTYPE=BI
T 220 310 20 0 5 XCVU13PFHGB2104
T 220 330 20 0 5 BANK 128
T 135 280 12 0 6 BANK MIGRATION:
T 135 270 10 0 6 VU11P = BANK 128
T 135 260 10 0 6 VU9P = BANK 124
T 135 250 10 0 6 VU7P = BANK 129
T 135 240 10 0 6 VU5P = BANK 129
c 70 350 10
U 50 380 10 0 3 3 DEVICE=XXXXXX
U 50 30 16 0 3 3 REFDES=U?
U 250 30 10 0 3 3 PKG_TYPE=XXXXXX
U 0 0 10 0 3 0 HETERO=vu13pb2104a_0,vu13pb2104a_67,vu13pb2104a_66,vu13pb2104a_65,vu13pb2104a_64,vu13pb2104a_63,vu13pb2104a_62,vu13pb2104a_61,vu13pb2104a_71,vu13pb2104a_70,vu13pb2104a_69,vu13pb2104a_68,vu13pb2104a_74,vu13pb2104a_73,vu13pb2104a_72,vu13pb2104a_124,vu13pb2104a_125,vu13pb2104a_126,vu13pb2104a_127,vu13pb2104a_128,vu13pb2104a_129,vu13pb2104a_130,vu13pb2104a_131,vu13pb2104a_133,vu13pb2104a_224,vu13pb2104a_225,vu13pb2104a_226,vu13pb2104a_227,vu13pb2104a_228,vu13pb2104a_229,vu13pb2104a_230,vu13pb2104a_231,vu13pb2104a_232,vu13pb2104a_233,vu13pb2104a_MGTAVCC_LN,vu13pb2104a_MGTAVCC_LS,vu13pb2104a_MGTAVCC_RN,vu13pb2104a_MGTAVCC_RS,vu13pb2104a_MGTAVTT_LN,vu13pb2104a_MGTAVTT_LS,vu13pb2104a_MGTAVTT_RN,vu13pb2104a_MGTAVTT_RS,vu13pb2104a_MGTVCCAUX_LN,vu13pb2104a_MGTVCCAUX_LS,vu13pb2104a_MGTVCCAUX_RN,vu13pb2104a_MGTVCCAUX_RS,vu13pb2104a_VCCAUX,vu13pb2104a_VCCAUX_IO,vu13pb2104a_VCCBRAM,vu13pb2104a_GND1,vu13pb2104a_GND2,vu13pb2104a_GND3,vu13pb2104a_VCCINT,vu13pb2104a_VCCINT_IO,vu13pb2104a_NC
U 0 -10 10 0 3 0 PARTS=1
U 0 -20 10 0 3 0 LEVEL=STD
U 0 -30 10 0 3 0 DATE=2016_01_27
E
