V 50
K 153165148200 vu13pd2104
Y 1
D 0 0 400 1370
Z 10
i 946
b 50 50 350 1320
P 1 400 100 350 100 0 3 0
A 355 100 10 0 3 3 #=AN1
L 345 100 10 0 8 0 1 0 GND_AN1
A 405 100 10 0 2 0 PINTYPE=BI
P 2 400 110 350 110 0 3 0
A 355 110 10 0 3 3 #=AN10
L 345 110 10 0 8 0 1 0 GND_AN10
A 405 110 10 0 2 0 PINTYPE=BI
P 3 400 120 350 120 0 3 0
A 355 120 10 0 3 3 #=AN12
L 345 120 10 0 8 0 1 0 GND_AN12
A 405 120 10 0 2 0 PINTYPE=BI
P 4 400 130 350 130 0 3 0
A 355 130 10 0 3 3 #=AN15
L 345 130 10 0 8 0 1 0 GND_AN15
A 405 130 10 0 2 0 PINTYPE=BI
P 5 400 140 350 140 0 3 0
A 355 140 10 0 3 3 #=AN2
L 345 140 10 0 8 0 1 0 GND_AN2
A 405 140 10 0 2 0 PINTYPE=BI
P 6 400 150 350 150 0 3 0
A 355 150 10 0 3 3 #=AN20
L 345 150 10 0 8 0 1 0 GND_AN20
A 405 150 10 0 2 0 PINTYPE=BI
P 7 400 160 350 160 0 3 0
A 355 160 10 0 3 3 #=AN25
L 345 160 10 0 8 0 1 0 GND_AN25
A 405 160 10 0 2 0 PINTYPE=BI
P 8 400 170 350 170 0 3 0
A 355 170 10 0 3 3 #=AN37
L 345 170 10 0 8 0 1 0 GND_AN37
A 405 170 10 0 2 0 PINTYPE=BI
P 9 400 180 350 180 0 3 0
A 355 180 10 0 3 3 #=AN39
L 345 180 10 0 8 0 1 0 GND_AN39
A 405 180 10 0 2 0 PINTYPE=BI
P 10 400 190 350 190 0 3 0
A 355 190 10 0 3 3 #=AN42
L 345 190 10 0 8 0 1 0 GND_AN42
A 405 190 10 0 2 0 PINTYPE=BI
P 11 400 200 350 200 0 3 0
A 355 200 10 0 3 3 #=AN43
L 345 200 10 0 8 0 1 0 GND_AN43
A 405 200 10 0 2 0 PINTYPE=BI
P 12 400 210 350 210 0 3 0
A 355 210 10 0 3 3 #=AN44
L 345 210 10 0 8 0 1 0 GND_AN44
A 405 210 10 0 2 0 PINTYPE=BI
P 13 400 220 350 220 0 3 0
A 355 220 10 0 3 3 #=AN5
L 345 220 10 0 8 0 1 0 GND_AN5
A 405 220 10 0 2 0 PINTYPE=BI
P 14 400 230 350 230 0 3 0
A 355 230 10 0 3 3 #=AN6
L 345 230 10 0 8 0 1 0 GND_AN6
A 405 230 10 0 2 0 PINTYPE=BI
P 15 400 240 350 240 0 3 0
A 355 240 10 0 3 3 #=AP12
L 345 240 10 0 8 0 1 0 GND_AP12
A 405 240 10 0 2 0 PINTYPE=BI
P 16 400 250 350 250 0 3 0
A 355 250 10 0 3 3 #=AP22
L 345 250 10 0 8 0 1 0 GND_AP22
A 405 250 10 0 2 0 PINTYPE=BI
P 17 400 260 350 260 0 3 0
A 355 260 10 0 3 3 #=AP3
L 345 260 10 0 8 0 1 0 GND_AP3
A 405 260 10 0 2 0 PINTYPE=BI
P 18 400 270 350 270 0 3 0
A 355 270 10 0 3 3 #=AP32
L 345 270 10 0 8 0 1 0 GND_AP32
A 405 270 10 0 2 0 PINTYPE=BI
P 19 400 280 350 280 0 3 0
A 355 280 10 0 3 3 #=AP37
L 345 280 10 0 8 0 1 0 GND_AP37
A 405 280 10 0 2 0 PINTYPE=BI
P 20 400 290 350 290 0 3 0
A 355 290 10 0 3 3 #=AP4
L 345 290 10 0 8 0 1 0 GND_AP4
A 405 290 10 0 2 0 PINTYPE=BI
P 21 400 300 350 300 0 3 0
A 355 300 10 0 3 3 #=AP41
L 345 300 10 0 8 0 1 0 GND_AP41
A 405 300 10 0 2 0 PINTYPE=BI
P 22 400 310 350 310 0 3 0
A 355 310 10 0 3 3 #=AP42
L 345 310 10 0 8 0 1 0 GND_AP42
A 405 310 10 0 2 0 PINTYPE=BI
P 23 400 320 350 320 0 3 0
A 355 320 10 0 3 3 #=AP45
L 345 320 10 0 8 0 1 0 GND_AP45
A 405 320 10 0 2 0 PINTYPE=BI
P 24 400 330 350 330 0 3 0
A 355 330 10 0 3 3 #=AP46
L 345 330 10 0 8 0 1 0 GND_AP46
A 405 330 10 0 2 0 PINTYPE=BI
P 25 400 340 350 340 0 3 0
A 355 340 10 0 3 3 #=AP5
L 345 340 10 0 8 0 1 0 GND_AP5
A 405 340 10 0 2 0 PINTYPE=BI
P 26 400 350 350 350 0 3 0
A 355 350 10 0 3 3 #=AP8
L 345 350 10 0 8 0 1 0 GND_AP8
A 405 350 10 0 2 0 PINTYPE=BI
P 27 400 360 350 360 0 3 0
A 355 360 10 0 3 3 #=AR1
L 345 360 10 0 8 0 1 0 GND_AR1
A 405 360 10 0 2 0 PINTYPE=BI
P 28 400 370 350 370 0 3 0
A 355 370 10 0 3 3 #=AR10
L 345 370 10 0 8 0 1 0 GND_AR10
A 405 370 10 0 2 0 PINTYPE=BI
P 29 400 380 350 380 0 3 0
A 355 380 10 0 3 3 #=AR12
L 345 380 10 0 8 0 1 0 GND_AR12
A 405 380 10 0 2 0 PINTYPE=BI
P 30 400 390 350 390 0 3 0
A 355 390 10 0 3 3 #=AR19
L 345 390 10 0 8 0 1 0 GND_AR19
A 405 390 10 0 2 0 PINTYPE=BI
P 31 400 400 350 400 0 3 0
A 355 400 10 0 3 3 #=AR2
L 345 400 10 0 8 0 1 0 GND_AR2
A 405 400 10 0 2 0 PINTYPE=BI
P 32 400 410 350 410 0 3 0
A 355 410 10 0 3 3 #=AR29
L 345 410 10 0 8 0 1 0 GND_AR29
A 405 410 10 0 2 0 PINTYPE=BI
P 33 400 420 350 420 0 3 0
A 355 420 10 0 3 3 #=AR34
L 345 420 10 0 8 0 1 0 GND_AR34
A 405 420 10 0 2 0 PINTYPE=BI
P 34 400 430 350 430 0 3 0
A 355 430 10 0 3 3 #=AR37
L 345 430 10 0 8 0 1 0 GND_AR37
A 405 430 10 0 2 0 PINTYPE=BI
P 35 400 440 350 440 0 3 0
A 355 440 10 0 3 3 #=AR39
L 345 440 10 0 8 0 1 0 GND_AR39
A 405 440 10 0 2 0 PINTYPE=BI
P 36 400 450 350 450 0 3 0
A 355 450 10 0 3 3 #=AR42
L 345 450 10 0 8 0 1 0 GND_AR42
A 405 450 10 0 2 0 PINTYPE=BI
P 37 400 460 350 460 0 3 0
A 355 460 10 0 3 3 #=AR43
L 345 460 10 0 8 0 1 0 GND_AR43
A 405 460 10 0 2 0 PINTYPE=BI
P 38 400 470 350 470 0 3 0
A 355 470 10 0 3 3 #=AR44
L 345 470 10 0 8 0 1 0 GND_AR44
A 405 470 10 0 2 0 PINTYPE=BI
P 39 400 480 350 480 0 3 0
A 355 480 10 0 3 3 #=AR5
L 345 480 10 0 8 0 1 0 GND_AR5
A 405 480 10 0 2 0 PINTYPE=BI
P 40 400 490 350 490 0 3 0
A 355 490 10 0 3 3 #=AR6
L 345 490 10 0 8 0 1 0 GND_AR6
A 405 490 10 0 2 0 PINTYPE=BI
P 41 400 500 350 500 0 3 0
A 355 500 10 0 3 3 #=AT12
L 345 500 10 0 8 0 1 0 GND_AT12
A 405 500 10 0 2 0 PINTYPE=BI
P 42 400 510 350 510 0 3 0
A 355 510 10 0 3 3 #=AT16
L 345 510 10 0 8 0 1 0 GND_AT16
A 405 510 10 0 2 0 PINTYPE=BI
P 43 400 520 350 520 0 3 0
A 355 520 10 0 3 3 #=AT26
L 345 520 10 0 8 0 1 0 GND_AT26
A 405 520 10 0 2 0 PINTYPE=BI
P 44 400 530 350 530 0 3 0
A 355 530 10 0 3 3 #=AT3
L 345 530 10 0 8 0 1 0 GND_AT3
A 405 530 10 0 2 0 PINTYPE=BI
P 45 400 540 350 540 0 3 0
A 355 540 10 0 3 3 #=AT31
L 345 540 10 0 8 0 1 0 GND_AT31
A 405 540 10 0 2 0 PINTYPE=BI
P 46 400 550 350 550 0 3 0
A 355 550 10 0 3 3 #=AT37
L 345 550 10 0 8 0 1 0 GND_AT37
A 405 550 10 0 2 0 PINTYPE=BI
P 47 400 560 350 560 0 3 0
A 355 560 10 0 3 3 #=AT4
L 345 560 10 0 8 0 1 0 GND_AT4
A 405 560 10 0 2 0 PINTYPE=BI
P 48 400 570 350 570 0 3 0
A 355 570 10 0 3 3 #=AT41
L 345 570 10 0 8 0 1 0 GND_AT41
A 405 570 10 0 2 0 PINTYPE=BI
P 49 400 580 350 580 0 3 0
A 355 580 10 0 3 3 #=AT42
L 345 580 10 0 8 0 1 0 GND_AT42
A 405 580 10 0 2 0 PINTYPE=BI
P 50 400 590 350 590 0 3 0
A 355 590 10 0 3 3 #=AT45
L 345 590 10 0 8 0 1 0 GND_AT45
A 405 590 10 0 2 0 PINTYPE=BI
P 51 400 600 350 600 0 3 0
A 355 600 10 0 3 3 #=AT46
L 345 600 10 0 8 0 1 0 GND_AT46
A 405 600 10 0 2 0 PINTYPE=BI
P 52 400 610 350 610 0 3 0
A 355 610 10 0 3 3 #=AT5
L 345 610 10 0 8 0 1 0 GND_AT5
A 405 610 10 0 2 0 PINTYPE=BI
P 53 400 620 350 620 0 3 0
A 355 620 10 0 3 3 #=AT8
L 345 620 10 0 8 0 1 0 GND_AT8
A 405 620 10 0 2 0 PINTYPE=BI
P 54 400 630 350 630 0 3 0
A 355 630 10 0 3 3 #=AU1
L 345 630 10 0 8 0 1 0 GND_AU1
A 405 630 10 0 2 0 PINTYPE=BI
P 55 400 640 350 640 0 3 0
A 355 640 10 0 3 3 #=AU10
L 345 640 10 0 8 0 1 0 GND_AU10
A 405 640 10 0 2 0 PINTYPE=BI
P 56 400 650 350 650 0 3 0
A 355 650 10 0 3 3 #=AU12
L 345 650 10 0 8 0 1 0 GND_AU12
A 405 650 10 0 2 0 PINTYPE=BI
P 57 400 660 350 660 0 3 0
A 355 660 10 0 3 3 #=AU2
L 345 660 10 0 8 0 1 0 GND_AU2
A 405 660 10 0 2 0 PINTYPE=BI
P 58 400 670 350 670 0 3 0
A 355 670 10 0 3 3 #=AU23
L 345 670 10 0 8 0 1 0 GND_AU23
A 405 670 10 0 2 0 PINTYPE=BI
P 59 400 680 350 680 0 3 0
A 355 680 10 0 3 3 #=AU33
L 345 680 10 0 8 0 1 0 GND_AU33
A 405 680 10 0 2 0 PINTYPE=BI
P 60 400 690 350 690 0 3 0
A 355 690 10 0 3 3 #=AU37
L 345 690 10 0 8 0 1 0 GND_AU37
A 405 690 10 0 2 0 PINTYPE=BI
P 61 400 700 350 700 0 3 0
A 355 700 10 0 3 3 #=AU38
L 345 700 10 0 8 0 1 0 GND_AU38
A 405 700 10 0 2 0 PINTYPE=BI
P 62 400 710 350 710 0 3 0
A 355 710 10 0 3 3 #=AU39
L 345 710 10 0 8 0 1 0 GND_AU39
A 405 710 10 0 2 0 PINTYPE=BI
P 63 400 720 350 720 0 3 0
A 355 720 10 0 3 3 #=AU42
L 345 720 10 0 8 0 1 0 GND_AU42
A 405 720 10 0 2 0 PINTYPE=BI
P 64 400 730 350 730 0 3 0
A 355 730 10 0 3 3 #=AU43
L 345 730 10 0 8 0 1 0 GND_AU43
A 405 730 10 0 2 0 PINTYPE=BI
P 65 400 740 350 740 0 3 0
A 355 740 10 0 3 3 #=AU44
L 345 740 10 0 8 0 1 0 GND_AU44
A 405 740 10 0 2 0 PINTYPE=BI
P 66 400 750 350 750 0 3 0
A 355 750 10 0 3 3 #=AU5
L 345 750 10 0 8 0 1 0 GND_AU5
A 405 750 10 0 2 0 PINTYPE=BI
P 67 400 760 350 760 0 3 0
A 355 760 10 0 3 3 #=AU6
L 345 760 10 0 8 0 1 0 GND_AU6
A 405 760 10 0 2 0 PINTYPE=BI
P 68 400 770 350 770 0 3 0
A 355 770 10 0 3 3 #=AV12
L 345 770 10 0 8 0 1 0 GND_AV12
A 405 770 10 0 2 0 PINTYPE=BI
P 69 400 780 350 780 0 3 0
A 355 780 10 0 3 3 #=AV15
L 345 780 10 0 8 0 1 0 GND_AV15
A 405 780 10 0 2 0 PINTYPE=BI
P 70 400 790 350 790 0 3 0
A 355 790 10 0 3 3 #=AV20
L 345 790 10 0 8 0 1 0 GND_AV20
A 405 790 10 0 2 0 PINTYPE=BI
P 71 400 800 350 800 0 3 0
A 355 800 10 0 3 3 #=AV3
L 345 800 10 0 8 0 1 0 GND_AV3
A 405 800 10 0 2 0 PINTYPE=BI
P 72 400 810 350 810 0 3 0
A 355 810 10 0 3 3 #=AV30
L 345 810 10 0 8 0 1 0 GND_AV30
A 405 810 10 0 2 0 PINTYPE=BI
P 73 400 820 350 820 0 3 0
A 355 820 10 0 3 3 #=AV39
L 345 820 10 0 8 0 1 0 GND_AV39
A 405 820 10 0 2 0 PINTYPE=BI
P 74 400 830 350 830 0 3 0
A 355 830 10 0 3 3 #=AV4
L 345 830 10 0 8 0 1 0 GND_AV4
A 405 830 10 0 2 0 PINTYPE=BI
P 75 400 840 350 840 0 3 0
A 355 840 10 0 3 3 #=AV41
L 345 840 10 0 8 0 1 0 GND_AV41
A 405 840 10 0 2 0 PINTYPE=BI
P 76 400 850 350 850 0 3 0
A 355 850 10 0 3 3 #=AV42
L 345 850 10 0 8 0 1 0 GND_AV42
A 405 850 10 0 2 0 PINTYPE=BI
P 77 400 860 350 860 0 3 0
A 355 860 10 0 3 3 #=AV45
L 345 860 10 0 8 0 1 0 GND_AV45
A 405 860 10 0 2 0 PINTYPE=BI
P 78 400 870 350 870 0 3 0
A 355 870 10 0 3 3 #=AV46
L 345 870 10 0 8 0 1 0 GND_AV46
A 405 870 10 0 2 0 PINTYPE=BI
P 79 400 880 350 880 0 3 0
A 355 880 10 0 3 3 #=AV5
L 345 880 10 0 8 0 1 0 GND_AV5
A 405 880 10 0 2 0 PINTYPE=BI
P 80 400 890 350 890 0 3 0
A 355 890 10 0 3 3 #=AV8
L 345 890 10 0 8 0 1 0 GND_AV8
A 405 890 10 0 2 0 PINTYPE=BI
P 81 400 900 350 900 0 3 0
A 355 900 10 0 3 3 #=AW1
L 345 900 10 0 8 0 1 0 GND_AW1
A 405 900 10 0 2 0 PINTYPE=BI
P 82 400 910 350 910 0 3 0
A 355 910 10 0 3 3 #=AW10
L 345 910 10 0 8 0 1 0 GND_AW10
A 405 910 10 0 2 0 PINTYPE=BI
P 83 400 920 350 920 0 3 0
A 355 920 10 0 3 3 #=AW11
L 345 920 10 0 8 0 1 0 GND_AW11
A 405 920 10 0 2 0 PINTYPE=BI
P 84 400 930 350 930 0 3 0
A 355 930 10 0 3 3 #=AW12
L 345 930 10 0 8 0 1 0 GND_AW12
A 405 930 10 0 2 0 PINTYPE=BI
P 85 400 940 350 940 0 3 0
A 355 940 10 0 3 3 #=AW17
L 345 940 10 0 8 0 1 0 GND_AW17
A 405 940 10 0 2 0 PINTYPE=BI
P 86 400 950 350 950 0 3 0
A 355 950 10 0 3 3 #=AW2
L 345 950 10 0 8 0 1 0 GND_AW2
A 405 950 10 0 2 0 PINTYPE=BI
P 87 400 960 350 960 0 3 0
A 355 960 10 0 3 3 #=AW22
L 345 960 10 0 8 0 1 0 GND_AW22
A 405 960 10 0 2 0 PINTYPE=BI
P 88 400 970 350 970 0 3 0
A 355 970 10 0 3 3 #=AW27
L 345 970 10 0 8 0 1 0 GND_AW27
A 405 970 10 0 2 0 PINTYPE=BI
P 89 400 980 350 980 0 3 0
A 355 980 10 0 3 3 #=AW37
L 345 980 10 0 8 0 1 0 GND_AW37
A 405 980 10 0 2 0 PINTYPE=BI
P 90 400 990 350 990 0 3 0
A 355 990 10 0 3 3 #=AW39
L 345 990 10 0 8 0 1 0 GND_AW39
A 405 990 10 0 2 0 PINTYPE=BI
P 91 400 1000 350 1000 0 3 0
A 355 1000 10 0 3 3 #=AW42
L 345 1000 10 0 8 0 1 0 GND_AW42
A 405 1000 10 0 2 0 PINTYPE=BI
P 92 400 1010 350 1010 0 3 0
A 355 1010 10 0 3 3 #=AW43
L 345 1010 10 0 8 0 1 0 GND_AW43
A 405 1010 10 0 2 0 PINTYPE=BI
P 93 400 1020 350 1020 0 3 0
A 355 1020 10 0 3 3 #=AW44
L 345 1020 10 0 8 0 1 0 GND_AW44
A 405 1020 10 0 2 0 PINTYPE=BI
P 94 400 1030 350 1030 0 3 0
A 355 1030 10 0 3 3 #=AW5
L 345 1030 10 0 8 0 1 0 GND_AW5
A 405 1030 10 0 2 0 PINTYPE=BI
P 95 400 1040 350 1040 0 3 0
A 355 1040 10 0 3 3 #=AW6
L 345 1040 10 0 8 0 1 0 GND_AW6
A 405 1040 10 0 2 0 PINTYPE=BI
P 96 400 1050 350 1050 0 3 0
A 355 1050 10 0 3 3 #=AY1
L 345 1050 10 0 8 0 1 0 GND_AY1
A 405 1050 10 0 2 0 PINTYPE=BI
P 97 400 1060 350 1060 0 3 0
A 355 1060 10 0 3 3 #=AY10
L 345 1060 10 0 8 0 1 0 GND_AY10
A 405 1060 10 0 2 0 PINTYPE=BI
P 98 400 1070 350 1070 0 3 0
A 355 1070 10 0 3 3 #=AY14
L 345 1070 10 0 8 0 1 0 GND_AY14
A 405 1070 10 0 2 0 PINTYPE=BI
P 99 400 1080 350 1080 0 3 0
A 355 1080 10 0 3 3 #=AY2
L 345 1080 10 0 8 0 1 0 GND_AY2
A 405 1080 10 0 2 0 PINTYPE=BI
P 100 400 1090 350 1090 0 3 0
A 355 1090 10 0 3 3 #=AY24
L 345 1090 10 0 8 0 1 0 GND_AY24
A 405 1090 10 0 2 0 PINTYPE=BI
P 101 400 1100 350 1100 0 3 0
A 355 1100 10 0 3 3 #=AY3
L 345 1100 10 0 8 0 1 0 GND_AY3
A 405 1100 10 0 2 0 PINTYPE=BI
P 102 400 1110 350 1110 0 3 0
A 355 1110 10 0 3 3 #=AY34
L 345 1110 10 0 8 0 1 0 GND_AY34
A 405 1110 10 0 2 0 PINTYPE=BI
P 103 400 1120 350 1120 0 3 0
A 355 1120 10 0 3 3 #=AY39
L 345 1120 10 0 8 0 1 0 GND_AY39
A 405 1120 10 0 2 0 PINTYPE=BI
P 104 400 1130 350 1130 0 3 0
A 355 1130 10 0 3 3 #=AY4
L 345 1130 10 0 8 0 1 0 GND_AY4
A 405 1130 10 0 2 0 PINTYPE=BI
P 105 400 1140 350 1140 0 3 0
A 355 1140 10 0 3 3 #=AY40
L 345 1140 10 0 8 0 1 0 GND_AY40
A 405 1140 10 0 2 0 PINTYPE=BI
P 106 400 1150 350 1150 0 3 0
A 355 1150 10 0 3 3 #=AY41
L 345 1150 10 0 8 0 1 0 GND_AY41
A 405 1150 10 0 2 0 PINTYPE=BI
P 107 400 1160 350 1160 0 3 0
A 355 1160 10 0 3 3 #=AY44
L 345 1160 10 0 8 0 1 0 GND_AY44
A 405 1160 10 0 2 0 PINTYPE=BI
P 108 400 1170 350 1170 0 3 0
A 355 1170 10 0 3 3 #=AY45
L 345 1170 10 0 8 0 1 0 GND_AY45
A 405 1170 10 0 2 0 PINTYPE=BI
P 109 400 1180 350 1180 0 3 0
A 355 1180 10 0 3 3 #=AY46
L 345 1180 10 0 8 0 1 0 GND_AY46
A 405 1180 10 0 2 0 PINTYPE=BI
P 110 400 1190 350 1190 0 3 0
A 355 1190 10 0 3 3 #=AY5
L 345 1190 10 0 8 0 1 0 GND_AY5
A 405 1190 10 0 2 0 PINTYPE=BI
P 111 400 1200 350 1200 0 3 0
A 355 1200 10 0 3 3 #=AY6
L 345 1200 10 0 8 0 1 0 GND_AY6
A 405 1200 10 0 2 0 PINTYPE=BI
P 112 400 1210 350 1210 0 3 0
A 355 1210 10 0 3 3 #=AY7
L 345 1210 10 0 8 0 1 0 GND_AY7
A 405 1210 10 0 2 0 PINTYPE=BI
P 113 400 1220 350 1220 0 3 0
A 355 1220 10 0 3 3 #=AY8
L 345 1220 10 0 8 0 1 0 GND_AY8
A 405 1220 10 0 2 0 PINTYPE=BI
P 114 400 1230 350 1230 0 3 0
A 355 1230 10 0 3 3 #=AY9
L 345 1230 10 0 8 0 1 0 GND_AY9
A 405 1230 10 0 2 0 PINTYPE=BI
P 115 400 1240 350 1240 0 3 0
A 355 1240 10 0 3 3 #=B12
L 345 1240 10 0 8 0 1 0 GND_B12
A 405 1240 10 0 2 0 PINTYPE=BI
P 116 400 1250 350 1250 0 3 0
A 355 1250 10 0 3 3 #=B18
L 345 1250 10 0 8 0 1 0 GND_B18
A 405 1250 10 0 2 0 PINTYPE=BI
P 117 0 110 50 110 0 2 0
A 45 110 10 0 9 3 #=B2
L 55 110 10 0 2 0 1 0 GND_B2
A 10 110 10 0 2 0 PINTYPE=BI
P 118 0 120 50 120 0 2 0
A 45 120 10 0 9 3 #=B23
L 55 120 10 0 2 0 1 0 GND_B23
A 10 120 10 0 2 0 PINTYPE=BI
P 119 0 130 50 130 0 2 0
A 45 130 10 0 9 3 #=B28
L 55 130 10 0 2 0 1 0 GND_B28
A 10 130 10 0 2 0 PINTYPE=BI
P 120 0 140 50 140 0 2 0
A 45 140 10 0 9 3 #=B3
L 55 140 10 0 2 0 1 0 GND_B3
A 10 140 10 0 2 0 PINTYPE=BI
P 121 0 150 50 150 0 2 0
A 45 150 10 0 9 3 #=B33
L 55 150 10 0 2 0 1 0 GND_B33
A 10 150 10 0 2 0 PINTYPE=BI
P 122 0 160 50 160 0 2 0
A 45 160 10 0 9 3 #=B38
L 55 160 10 0 2 0 1 0 GND_B38
A 10 160 10 0 2 0 PINTYPE=BI
P 123 0 170 50 170 0 2 0
A 45 170 10 0 9 3 #=B4
L 55 170 10 0 2 0 1 0 GND_B4
A 10 170 10 0 2 0 PINTYPE=BI
P 124 0 180 50 180 0 2 0
A 45 180 10 0 9 3 #=B41
L 55 180 10 0 2 0 1 0 GND_B41
A 10 180 10 0 2 0 PINTYPE=BI
P 125 0 190 50 190 0 2 0
A 45 190 10 0 9 3 #=B44
L 55 190 10 0 2 0 1 0 GND_B44
A 10 190 10 0 2 0 PINTYPE=BI
P 126 0 200 50 200 0 2 0
A 45 200 10 0 9 3 #=B45
L 55 200 10 0 2 0 1 0 GND_B45
A 10 200 10 0 2 0 PINTYPE=BI
P 127 0 210 50 210 0 2 0
A 45 210 10 0 9 3 #=B5
L 55 210 10 0 2 0 1 0 GND_B5
A 10 210 10 0 2 0 PINTYPE=BI
P 128 0 220 50 220 0 2 0
A 45 220 10 0 9 3 #=B6
L 55 220 10 0 2 0 1 0 GND_B6
A 10 220 10 0 2 0 PINTYPE=BI
P 129 0 230 50 230 0 2 0
A 45 230 10 0 9 3 #=B7
L 55 230 10 0 2 0 1 0 GND_B7
A 10 230 10 0 2 0 PINTYPE=BI
P 130 0 240 50 240 0 2 0
A 45 240 10 0 9 3 #=B8
L 55 240 10 0 2 0 1 0 GND_B8
A 10 240 10 0 2 0 PINTYPE=BI
P 131 0 250 50 250 0 2 0
A 45 250 10 0 9 3 #=BA21
L 55 250 10 0 2 0 1 0 GND_BA21
A 10 250 10 0 2 0 PINTYPE=BI
P 132 0 260 50 260 0 2 0
A 45 260 10 0 9 3 #=BA26
L 55 260 10 0 2 0 1 0 GND_BA26
A 10 260 10 0 2 0 PINTYPE=BI
P 133 0 270 50 270 0 2 0
A 45 270 10 0 9 3 #=BA3
L 55 270 10 0 2 0 1 0 GND_BA3
A 10 270 10 0 2 0 PINTYPE=BI
P 134 0 280 50 280 0 2 0
A 45 280 10 0 9 3 #=BA31
L 55 280 10 0 2 0 1 0 GND_BA31
A 10 280 10 0 2 0 PINTYPE=BI
P 135 0 290 50 290 0 2 0
A 45 290 10 0 9 3 #=BA41
L 55 290 10 0 2 0 1 0 GND_BA41
A 10 290 10 0 2 0 PINTYPE=BI
P 136 0 300 50 300 0 2 0
A 45 300 10 0 9 3 #=BA43
L 55 300 10 0 2 0 1 0 GND_BA43
A 10 300 10 0 2 0 PINTYPE=BI
P 137 0 310 50 310 0 2 0
A 45 310 10 0 9 3 #=BA44
L 55 310 10 0 2 0 1 0 GND_BA44
A 10 310 10 0 2 0 PINTYPE=BI
P 138 0 320 50 320 0 2 0
A 45 320 10 0 9 3 #=BA6
L 55 320 10 0 2 0 1 0 GND_BA6
A 10 320 10 0 2 0 PINTYPE=BI
P 139 0 330 50 330 0 2 0
A 45 330 10 0 9 3 #=BB1
L 55 330 10 0 2 0 1 0 GND_BB1
A 10 330 10 0 2 0 PINTYPE=BI
P 140 0 340 50 340 0 2 0
A 45 340 10 0 9 3 #=BB18
L 55 340 10 0 2 0 1 0 GND_BB18
A 10 340 10 0 2 0 PINTYPE=BI
P 141 0 350 50 350 0 2 0
A 45 350 10 0 9 3 #=BB2
L 55 350 10 0 2 0 1 0 GND_BB2
A 10 350 10 0 2 0 PINTYPE=BI
P 142 0 360 50 360 0 2 0
A 45 360 10 0 9 3 #=BB28
L 55 360 10 0 2 0 1 0 GND_BB28
A 10 360 10 0 2 0 PINTYPE=BI
P 143 0 370 50 370 0 2 0
A 45 370 10 0 9 3 #=BB3
L 55 370 10 0 2 0 1 0 GND_BB3
A 10 370 10 0 2 0 PINTYPE=BI
P 144 0 380 50 380 0 2 0
A 45 380 10 0 9 3 #=BB38
L 55 380 10 0 2 0 1 0 GND_BB38
A 10 380 10 0 2 0 PINTYPE=BI
P 145 0 390 50 390 0 2 0
A 45 390 10 0 9 3 #=BB41
L 55 390 10 0 2 0 1 0 GND_BB41
A 10 390 10 0 2 0 PINTYPE=BI
P 146 0 400 50 400 0 2 0
A 45 400 10 0 9 3 #=BB44
L 55 400 10 0 2 0 1 0 GND_BB44
A 10 400 10 0 2 0 PINTYPE=BI
P 147 0 410 50 410 0 2 0
A 45 410 10 0 9 3 #=BB45
L 55 410 10 0 2 0 1 0 GND_BB45
A 10 410 10 0 2 0 PINTYPE=BI
P 148 0 420 50 420 0 2 0
A 45 420 10 0 9 3 #=BB46
L 55 420 10 0 2 0 1 0 GND_BB46
A 10 420 10 0 2 0 PINTYPE=BI
P 149 0 430 50 430 0 2 0
A 45 430 10 0 9 3 #=BB6
L 55 430 10 0 2 0 1 0 GND_BB6
A 10 430 10 0 2 0 PINTYPE=BI
P 150 0 440 50 440 0 2 0
A 45 440 10 0 9 3 #=BC10
L 55 440 10 0 2 0 1 0 GND_BC10
A 10 440 10 0 2 0 PINTYPE=BI
P 151 0 450 50 450 0 2 0
A 45 450 10 0 9 3 #=BC15
L 55 450 10 0 2 0 1 0 GND_BC15
A 10 450 10 0 2 0 PINTYPE=BI
P 152 0 460 50 460 0 2 0
A 45 460 10 0 9 3 #=BC25
L 55 460 10 0 2 0 1 0 GND_BC25
A 10 460 10 0 2 0 PINTYPE=BI
P 153 0 470 50 470 0 2 0
A 45 470 10 0 9 3 #=BC3
L 55 470 10 0 2 0 1 0 GND_BC3
A 10 470 10 0 2 0 PINTYPE=BI
P 154 0 480 50 480 0 2 0
A 45 480 10 0 9 3 #=BC30
L 55 480 10 0 2 0 1 0 GND_BC30
A 10 480 10 0 2 0 PINTYPE=BI
P 155 0 490 50 490 0 2 0
A 45 490 10 0 9 3 #=BC35
L 55 490 10 0 2 0 1 0 GND_BC35
A 10 490 10 0 2 0 PINTYPE=BI
P 156 0 500 50 500 0 2 0
A 45 500 10 0 9 3 #=BC4
L 55 500 10 0 2 0 1 0 GND_BC4
A 10 500 10 0 2 0 PINTYPE=BI
P 157 0 510 50 510 0 2 0
A 45 510 10 0 9 3 #=BC41
L 55 510 10 0 2 0 1 0 GND_BC41
A 10 510 10 0 2 0 PINTYPE=BI
P 158 0 520 50 520 0 2 0
A 45 520 10 0 9 3 #=BC44
L 55 520 10 0 2 0 1 0 GND_BC44
A 10 520 10 0 2 0 PINTYPE=BI
P 159 0 530 50 530 0 2 0
A 45 530 10 0 9 3 #=BC6
L 55 530 10 0 2 0 1 0 GND_BC6
A 10 530 10 0 2 0 PINTYPE=BI
P 160 0 540 50 540 0 2 0
A 45 540 10 0 9 3 #=BD1
L 55 540 10 0 2 0 1 0 GND_BD1
A 10 540 10 0 2 0 PINTYPE=BI
P 161 0 550 50 550 0 2 0
A 45 550 10 0 9 3 #=BD12
L 55 550 10 0 2 0 1 0 GND_BD12
A 10 550 10 0 2 0 PINTYPE=BI
P 162 0 560 50 560 0 2 0
A 45 560 10 0 9 3 #=BD17
L 55 560 10 0 2 0 1 0 GND_BD17
A 10 560 10 0 2 0 PINTYPE=BI
P 163 0 570 50 570 0 2 0
A 45 570 10 0 9 3 #=BD2
L 55 570 10 0 2 0 1 0 GND_BD2
A 10 570 10 0 2 0 PINTYPE=BI
P 164 0 580 50 580 0 2 0
A 45 580 10 0 9 3 #=BD22
L 55 580 10 0 2 0 1 0 GND_BD22
A 10 580 10 0 2 0 PINTYPE=BI
P 165 0 590 50 590 0 2 0
A 45 590 10 0 9 3 #=BD27
L 55 590 10 0 2 0 1 0 GND_BD27
A 10 590 10 0 2 0 PINTYPE=BI
P 166 0 600 50 600 0 2 0
A 45 600 10 0 9 3 #=BD3
L 55 600 10 0 2 0 1 0 GND_BD3
A 10 600 10 0 2 0 PINTYPE=BI
P 167 0 610 50 610 0 2 0
A 45 610 10 0 9 3 #=BD32
L 55 610 10 0 2 0 1 0 GND_BD32
A 10 610 10 0 2 0 PINTYPE=BI
P 168 0 620 50 620 0 2 0
A 45 620 10 0 9 3 #=BD41
L 55 620 10 0 2 0 1 0 GND_BD41
A 10 620 10 0 2 0 PINTYPE=BI
P 169 0 630 50 630 0 2 0
A 45 630 10 0 9 3 #=BD44
L 55 630 10 0 2 0 1 0 GND_BD44
A 10 630 10 0 2 0 PINTYPE=BI
P 170 0 640 50 640 0 2 0
A 45 640 10 0 9 3 #=BD45
L 55 640 10 0 2 0 1 0 GND_BD45
A 10 640 10 0 2 0 PINTYPE=BI
P 171 0 650 50 650 0 2 0
A 45 650 10 0 9 3 #=BD46
L 55 650 10 0 2 0 1 0 GND_BD46
A 10 650 10 0 2 0 PINTYPE=BI
P 172 0 660 50 660 0 2 0
A 45 660 10 0 9 3 #=BD6
L 55 660 10 0 2 0 1 0 GND_BD6
A 10 660 10 0 2 0 PINTYPE=BI
P 173 0 670 50 670 0 2 0
A 45 670 10 0 9 3 #=BE14
L 55 670 10 0 2 0 1 0 GND_BE14
A 10 670 10 0 2 0 PINTYPE=BI
P 174 0 680 50 680 0 2 0
A 45 680 10 0 9 3 #=BE19
L 55 680 10 0 2 0 1 0 GND_BE19
A 10 680 10 0 2 0 PINTYPE=BI
P 175 0 690 50 690 0 2 0
A 45 690 10 0 9 3 #=BE2
L 55 690 10 0 2 0 1 0 GND_BE2
A 10 690 10 0 2 0 PINTYPE=BI
P 176 0 700 50 700 0 2 0
A 45 700 10 0 9 3 #=BE24
L 55 700 10 0 2 0 1 0 GND_BE24
A 10 700 10 0 2 0 PINTYPE=BI
P 177 0 710 50 710 0 2 0
A 45 710 10 0 9 3 #=BE29
L 55 710 10 0 2 0 1 0 GND_BE29
A 10 710 10 0 2 0 PINTYPE=BI
P 178 0 720 50 720 0 2 0
A 45 720 10 0 9 3 #=BE3
L 55 720 10 0 2 0 1 0 GND_BE3
A 10 720 10 0 2 0 PINTYPE=BI
P 179 0 730 50 730 0 2 0
A 45 730 10 0 9 3 #=BE34
L 55 730 10 0 2 0 1 0 GND_BE34
A 10 730 10 0 2 0 PINTYPE=BI
P 180 0 740 50 740 0 2 0
A 45 740 10 0 9 3 #=BE39
L 55 740 10 0 2 0 1 0 GND_BE39
A 10 740 10 0 2 0 PINTYPE=BI
P 181 0 750 50 750 0 2 0
A 45 750 10 0 9 3 #=BE4
L 55 750 10 0 2 0 1 0 GND_BE4
A 10 750 10 0 2 0 PINTYPE=BI
P 182 0 760 50 760 0 2 0
A 45 760 10 0 9 3 #=BE41
L 55 760 10 0 2 0 1 0 GND_BE41
A 10 760 10 0 2 0 PINTYPE=BI
P 183 0 770 50 770 0 2 0
A 45 770 10 0 9 3 #=BE42
L 55 770 10 0 2 0 1 0 GND_BE42
A 10 770 10 0 2 0 PINTYPE=BI
P 184 0 780 50 780 0 2 0
A 45 780 10 0 9 3 #=BE43
L 55 780 10 0 2 0 1 0 GND_BE43
A 10 780 10 0 2 0 PINTYPE=BI
P 185 0 790 50 790 0 2 0
A 45 790 10 0 9 3 #=BE44
L 55 790 10 0 2 0 1 0 GND_BE44
A 10 790 10 0 2 0 PINTYPE=BI
P 186 0 800 50 800 0 2 0
A 45 800 10 0 9 3 #=BE45
L 55 800 10 0 2 0 1 0 GND_BE45
A 10 800 10 0 2 0 PINTYPE=BI
P 187 0 810 50 810 0 2 0
A 45 810 10 0 9 3 #=BE6
L 55 810 10 0 2 0 1 0 GND_BE6
A 10 810 10 0 2 0 PINTYPE=BI
P 188 0 820 50 820 0 2 0
A 45 820 10 0 9 3 #=BE9
L 55 820 10 0 2 0 1 0 GND_BE9
A 10 820 10 0 2 0 PINTYPE=BI
P 189 0 830 50 830 0 2 0
A 45 830 10 0 9 3 #=BF11
L 55 830 10 0 2 0 1 0 GND_BF11
A 10 830 10 0 2 0 PINTYPE=BI
P 190 0 840 50 840 0 2 0
A 45 840 10 0 9 3 #=BF16
L 55 840 10 0 2 0 1 0 GND_BF16
A 10 840 10 0 2 0 PINTYPE=BI
P 191 0 850 50 850 0 2 0
A 45 850 10 0 9 3 #=BF21
L 55 850 10 0 2 0 1 0 GND_BF21
A 10 850 10 0 2 0 PINTYPE=BI
P 192 0 860 50 860 0 2 0
A 45 860 10 0 9 3 #=BF26
L 55 860 10 0 2 0 1 0 GND_BF26
A 10 860 10 0 2 0 PINTYPE=BI
P 193 0 870 50 870 0 2 0
A 45 870 10 0 9 3 #=BF3
L 55 870 10 0 2 0 1 0 GND_BF3
A 10 870 10 0 2 0 PINTYPE=BI
P 194 0 880 50 880 0 2 0
A 45 880 10 0 9 3 #=BF31
L 55 880 10 0 2 0 1 0 GND_BF31
A 10 880 10 0 2 0 PINTYPE=BI
P 195 0 890 50 890 0 2 0
A 45 890 10 0 9 3 #=BF36
L 55 890 10 0 2 0 1 0 GND_BF36
A 10 890 10 0 2 0 PINTYPE=BI
P 196 0 900 50 900 0 2 0
A 45 900 10 0 9 3 #=BF44
L 55 900 10 0 2 0 1 0 GND_BF44
A 10 900 10 0 2 0 PINTYPE=BI
P 197 0 910 50 910 0 2 0
A 45 910 10 0 9 3 #=BF6
L 55 910 10 0 2 0 1 0 GND_BF6
A 10 910 10 0 2 0 PINTYPE=BI
P 198 0 920 50 920 0 2 0
A 45 920 10 0 9 3 #=C1
L 55 920 10 0 2 0 1 0 GND_C1
A 10 920 10 0 2 0 PINTYPE=BI
P 199 0 930 50 930 0 2 0
A 45 930 10 0 9 3 #=C10
L 55 930 10 0 2 0 1 0 GND_C10
A 10 930 10 0 2 0 PINTYPE=BI
P 200 0 940 50 940 0 2 0
A 45 940 10 0 9 3 #=C12
L 55 940 10 0 2 0 1 0 GND_C12
A 10 940 10 0 2 0 PINTYPE=BI
P 201 0 950 50 950 0 2 0
A 45 950 10 0 9 3 #=C2
L 55 950 10 0 2 0 1 0 GND_C2
A 10 950 10 0 2 0 PINTYPE=BI
P 202 0 960 50 960 0 2 0
A 45 960 10 0 9 3 #=C20
L 55 960 10 0 2 0 1 0 GND_C20
A 10 960 10 0 2 0 PINTYPE=BI
P 203 0 970 50 970 0 2 0
A 45 970 10 0 9 3 #=C25
L 55 970 10 0 2 0 1 0 GND_C25
A 10 970 10 0 2 0 PINTYPE=BI
P 204 0 980 50 980 0 2 0
A 45 980 10 0 9 3 #=C30
L 55 980 10 0 2 0 1 0 GND_C30
A 10 980 10 0 2 0 PINTYPE=BI
P 205 0 990 50 990 0 2 0
A 45 990 10 0 9 3 #=C35
L 55 990 10 0 2 0 1 0 GND_C35
A 10 990 10 0 2 0 PINTYPE=BI
P 206 0 1000 50 1000 0 2 0
A 45 1000 10 0 9 3 #=C40
L 55 1000 10 0 2 0 1 0 GND_C40
A 10 1000 10 0 2 0 PINTYPE=BI
P 207 0 1010 50 1010 0 2 0
A 45 1010 10 0 9 3 #=C41
L 55 1010 10 0 2 0 1 0 GND_C41
A 10 1010 10 0 2 0 PINTYPE=BI
P 208 0 1020 50 1020 0 2 0
A 45 1020 10 0 9 3 #=C44
L 55 1020 10 0 2 0 1 0 GND_C44
A 10 1020 10 0 2 0 PINTYPE=BI
P 209 0 1030 50 1030 0 2 0
A 45 1030 10 0 9 3 #=C45
L 55 1030 10 0 2 0 1 0 GND_C45
A 10 1030 10 0 2 0 PINTYPE=BI
P 210 0 1040 50 1040 0 2 0
A 45 1040 10 0 9 3 #=C46
L 55 1040 10 0 2 0 1 0 GND_C46
A 10 1040 10 0 2 0 PINTYPE=BI
P 211 0 1050 50 1050 0 2 0
A 45 1050 10 0 9 3 #=C5
L 55 1050 10 0 2 0 1 0 GND_C5
A 10 1050 10 0 2 0 PINTYPE=BI
P 212 0 1060 50 1060 0 2 0
A 45 1060 10 0 9 3 #=D12
L 55 1060 10 0 2 0 1 0 GND_D12
A 10 1060 10 0 2 0 PINTYPE=BI
P 213 0 1070 50 1070 0 2 0
A 45 1070 10 0 9 3 #=D17
L 55 1070 10 0 2 0 1 0 GND_D17
A 10 1070 10 0 2 0 PINTYPE=BI
P 214 0 1080 50 1080 0 2 0
A 45 1080 10 0 9 3 #=D27
L 55 1080 10 0 2 0 1 0 GND_D27
A 10 1080 10 0 2 0 PINTYPE=BI
P 215 0 1090 50 1090 0 2 0
A 45 1090 10 0 9 3 #=D3
L 55 1090 10 0 2 0 1 0 GND_D3
A 10 1090 10 0 2 0 PINTYPE=BI
P 216 0 1100 50 1100 0 2 0
A 45 1100 10 0 9 3 #=D4
L 55 1100 10 0 2 0 1 0 GND_D4
A 10 1100 10 0 2 0 PINTYPE=BI
P 217 0 1110 50 1110 0 2 0
A 45 1110 10 0 9 3 #=D41
L 55 1110 10 0 2 0 1 0 GND_D41
A 10 1110 10 0 2 0 PINTYPE=BI
P 218 0 1120 50 1120 0 2 0
A 45 1120 10 0 9 3 #=D43
L 55 1120 10 0 2 0 1 0 GND_D43
A 10 1120 10 0 2 0 PINTYPE=BI
P 219 0 1130 50 1130 0 2 0
A 45 1130 10 0 9 3 #=D44
L 55 1130 10 0 2 0 1 0 GND_D44
A 10 1130 10 0 2 0 PINTYPE=BI
P 220 0 1140 50 1140 0 2 0
A 45 1140 10 0 9 3 #=D5
L 55 1140 10 0 2 0 1 0 GND_D5
A 10 1140 10 0 2 0 PINTYPE=BI
P 221 0 1150 50 1150 0 2 0
A 45 1150 10 0 9 3 #=D8
L 55 1150 10 0 2 0 1 0 GND_D8
A 10 1150 10 0 2 0 PINTYPE=BI
P 222 0 1160 50 1160 0 2 0
A 45 1160 10 0 9 3 #=E1
L 55 1160 10 0 2 0 1 0 GND_E1
A 10 1160 10 0 2 0 PINTYPE=BI
P 223 0 1170 50 1170 0 2 0
A 45 1170 10 0 9 3 #=E10
L 55 1170 10 0 2 0 1 0 GND_E10
A 10 1170 10 0 2 0 PINTYPE=BI
P 224 0 1180 50 1180 0 2 0
A 45 1180 10 0 9 3 #=E12
L 55 1180 10 0 2 0 1 0 GND_E12
A 10 1180 10 0 2 0 PINTYPE=BI
P 225 0 1190 50 1190 0 2 0
A 45 1190 10 0 9 3 #=E14
L 55 1190 10 0 2 0 1 0 GND_E14
A 10 1190 10 0 2 0 PINTYPE=BI
P 226 0 1200 50 1200 0 2 0
A 45 1200 10 0 9 3 #=E2
L 55 1200 10 0 2 0 1 0 GND_E2
A 10 1200 10 0 2 0 PINTYPE=BI
P 227 0 1210 50 1210 0 2 0
A 45 1210 10 0 9 3 #=E24
L 55 1210 10 0 2 0 1 0 GND_E24
A 10 1210 10 0 2 0 PINTYPE=BI
P 228 0 1220 50 1220 0 2 0
A 45 1220 10 0 9 3 #=E29
L 55 1220 10 0 2 0 1 0 GND_E29
A 10 1220 10 0 2 0 PINTYPE=BI
P 229 0 1230 50 1230 0 2 0
A 45 1230 10 0 9 3 #=E34
L 55 1230 10 0 2 0 1 0 GND_E34
A 10 1230 10 0 2 0 PINTYPE=BI
P 230 0 1240 50 1240 0 2 0
A 45 1240 10 0 9 3 #=E41
L 55 1240 10 0 2 0 1 0 GND_E41
A 10 1240 10 0 2 0 PINTYPE=BI
P 231 0 1250 50 1250 0 2 0
A 45 1250 10 0 9 3 #=E44
L 55 1250 10 0 2 0 1 0 GND_E44
A 10 1250 10 0 2 0 PINTYPE=BI
T 220 1270 20 0 5 XCVU13PFIGD2104
T 220 1290 20 0 5 BANK GND2
c 70 1300 10
U 50 1330 10 0 3 3 DEVICE=XXXXXX
U 50 30 16 0 3 3 REFDES=U?
U 250 30 10 0 3 3 PKG_TYPE=XXXXXX
U 0 0 10 0 3 0 HETERO=vu13pd2104a_0,vu13pd2104a_67,vu13pd2104a_66,vu13pd2104a_65,vu13pd2104a_64,vu13pd2104a_63,vu13pd2104a_62,vu13pd2104a_61,vu13pd2104a_71,vu13pd2104a_70,vu13pd2104a_69,vu13pd2104a_74,vu13pd2104a_73,vu13pd2104a_72,vu13pd2104a_120,vu13pd2104a_121,vu13pd2104a_122,vu13pd2104a_123,vu13pd2104a_128,vu13pd2104a_129,vu13pd2104a_130,vu13pd2104a_131,vu13pd2104a_133,vu13pd2104a_224,vu13pd2104a_225,vu13pd2104a_226,vu13pd2104a_227,vu13pd2104a_228,vu13pd2104a_229,vu13pd2104a_230,vu13pd2104a_231,vu13pd2104a_232,vu13pd2104a_233,vu13pd2104a_GND1,vu13pd2104a_GND2,vu13pd2104a_GND3,vu13pd2104a_MGTAVCC_LN,vu13pd2104a_MGTAVCC_LS,vu13pd2104a_MGTAVCC_RN,vu13pd2104a_MGTAVCC_RS,vu13pd2104a_MGTAVTT_LN,vu13pd2104a_MGTAVTT_LS,vu13pd2104a_MGTAVTT_RN,vu13pd2104a_MGTAVTT_RS,vu13pd2104a_MGTVCCAUX_LN,vu13pd2104a_MGTVCCAUX_LS,vu13pd2104a_MGTVCCAUX_RN,vu13pd2104a_MGTVCCAUX_RS,vu13pd2104a_VCCAUX,vu13pd2104a_VCCAUX_IO,vu13pd2104a_VCCBRAM,vu13pd2104a_VCCINT,vu13pd2104a_VCCINT_IO
U 0 -10 10 0 3 0 PARTS=1
U 0 -20 10 0 3 0 LEVEL=STD
U 0 -30 10 0 3 0 DATE=2016_05_27
E
