V 51
K 190064557700 soic_16_socket
|R 0:15_10-20-11
Y 1
D 0 0 160 220
Z 10
i 16
P 12 0 60 20 60 0 2 0
A 0 60 10 0 3 0 PINTYPE=IN
A 5 60 10 0 3 3 #=16
L 30 55 10 0 3 0 1 0 C
P 8 160 80 140 80 0 3 0
A 160 80 10 0 9 0 PINTYPE=IN
A 160 80 10 0 9 3 #=11
L 100 75 10 0 3 0 1 0 DNU_11
P 7 160 100 140 100 0 3 0
A 160 100 10 0 9 0 PINTYPE=IN
A 160 100 10 0 9 3 #=12
L 100 95 10 0 3 0 1 0 DNU_12
P 6 160 120 140 120 0 3 0
A 160 120 10 0 9 0 PINTYPE=IN
A 160 120 10 0 9 3 #=13
L 100 115 10 0 3 0 1 0 DNU_13
P 5 160 140 140 140 0 3 0
A 160 140 10 0 9 0 PINTYPE=IN
A 160 140 10 0 9 3 #=14
L 100 135 10 0 3 0 1 0 DNU_14
P 13 0 120 20 120 0 2 0
A 0 120 10 0 3 0 PINTYPE=BI
A 10 120 10 0 3 3 #=3
L 30 115 10 0 3 0 1 0 DNU_3
P 14 0 100 20 100 0 2 0
A 0 100 10 0 3 0 PINTYPE=BI
A 10 100 10 0 3 3 #=4
L 30 95 10 0 3 0 1 0 DNU_4
P 15 0 80 20 80 0 2 0
A 0 80 10 0 3 0 PINTYPE=BI
A 10 80 10 0 3 3 #=5
L 30 75 10 0 3 0 1 0 DNU_5
P 16 160 60 140 60 0 3 0
A 160 60 10 0 9 0 PINTYPE=IN
A 155 60 10 0 9 3 #=6
L 105 55 10 0 3 0 1 0 DNU_6
P 4 160 160 140 160 0 3 0
A 160 160 10 0 9 0 PINTYPE=IN
A 160 160 10 0 9 3 #=15
L 115 155 10 0 3 0 1 0 DQ0
P 9 0 140 20 140 0 2 0
A 0 140 10 0 3 0 PINTYPE=BI
A 10 140 10 0 3 3 #=8
L 30 135 10 0 3 0 1 0 DQ1
P 1 160 40 140 40 0 3 0
A 160 40 10 0 9 0 PINTYPE=IN
A 160 40 10 0 9 3 #=10
L 115 35 10 0 3 0 1 0 GND
P 10 0 180 20 180 0 2 0
A 0 180 10 0 3 0 PINTYPE=BI
A 10 180 10 0 3 3 #=1
L 30 175 10 0 3 0 1 0 HOLD_DQ3
P 2 0 40 20 40 0 2 0
A 0 40 10 0 3 0 PINTYPE=IN
A 10 40 10 0 3 3 #=7
L 30 35 10 0 3 0 1 0 S_B
P 3 160 180 140 180 0 3 0
A 160 180 10 0 9 0 PINTYPE=IN
A 155 180 10 0 9 3 #=2
L 115 175 10 0 3 0 1 0 VCC
P 11 0 160 20 160 0 2 0
A 0 160 10 0 3 0 PINTYPE=BI
A 10 160 10 0 3 3 #=9
L 30 155 10 0 3 0 1 0 WE_B_DQ2
U 0 -70 10 0 3 0 MANF_P/N=?
U 0 -60 10 0 3 0 MANF=?
U 0 -50 10 0 3 0 DIST_P/N=?
U 0 -40 10 0 3 0 DIST=?
U 0 -30 10 0 3 0 LEVEL=STD
U 0 -20 10 0 3 0 PARTS=1
U 0 -10 10 0 3 0 PKG_TYPE=SOIC_16
U 25 0 16 0 3 3 REFDES=S?
U 30 205 10 0 3 3 DEVICE=SPI_SOIC_16
b 20 20 140 200
E
