V 51
K 327082619900 xc2c256_cp132_gnd
|R 15:11_11-26-12
Y 1
D 0 0 340 220
Z 10
i 16
U 0 -90 10 0 3 0 PARTS=1
U 0 -80 10 0 3 0 LEVEL=STD
U 0 -70 10 0 3 0 DIST_P/N=XC2C256-7CP132
U 0 -60 10 0 3 0 MFG_P/N=XC2C256-7CP132
U 0 -50 10 0 3 0 DIST=XILINX
U 0 -40 10 0 3 0 MFG=XILINX
U 0 -10 10 0 3 0 HETERO=XC2C256_CP132_1,XC2C256_CP132_2,XC2C256_CP132_GND,XC2C25
+ 6_CP132_VCC,XC2C256_CP132_VAUX
U 30 205 10 0 3 3 DEVICE=XC2C256
U 25 -5 18 0 3 3 REFDES=U?
U 295 5 10 0 3 3 PKG_TYPE=CP132
P 16 340 60 320 60 0 3 0
A 340 60 10 0 9 0 PINTYPE=IN
A 340 60 10 0 9 3 #=B3
L 278 55 10 0 3 0 1 0 GND_B3
P 15 340 70 320 70 0 3 0
A 340 70 10 0 9 0 PINTYPE=IN
A 340 70 10 0 9 3 #=A9
L 278 65 10 0 3 0 1 0 GND_A9
P 14 340 80 320 80 0 3 0
A 340 80 10 0 9 0 PINTYPE=IN
A 340 80 10 0 9 3 #=B14
L 273 75 10 0 3 0 1 0 GND_B14
P 13 340 90 320 90 0 3 0
A 340 90 10 0 9 0 PINTYPE=IN
A 340 90 10 0 9 3 #=E14
L 273 85 10 0 3 0 1 0 GND_E14
P 12 340 100 320 100 0 3 0
A 340 100 10 0 9 0 PINTYPE=IN
A 340 100 10 0 9 3 #=H14
L 273 95 10 0 3 0 1 0 GND_H14
P 11 340 110 320 110 0 3 0
A 340 110 10 0 9 0 PINTYPE=IN
A 340 110 10 0 9 3 #=J14
L 273 105 10 0 3 0 1 0 GND_J14
P 9 340 130 320 130 0 3 0
A 340 130 10 0 9 0 PINTYPE=IN
A 340 130 10 0 9 3 #=N9
L 278 125 10 0 3 0 1 0 GND_N9
P 8 340 140 320 140 0 3 0
A 340 140 10 0 9 0 PINTYPE=IN
A 340 140 10 0 9 3 #=P4
L 278 135 10 0 3 0 1 0 GND_P4
P 1 340 160 320 160 0 3 0
A 340 160 10 0 9 0 PINTYPE=IN
A 340 160 10 0 9 3 #=K2
L 279 155 10 0 3 0 1 0 GND_K2
P 7 340 150 320 150 0 3 0
A 340 150 10 0 9 0 PINTYPE=IN
A 340 150 10 0 9 3 #=N1
L 279 145 10 0 3 0 1 0 GND_N1
P 10 340 120 320 120 0 3 0
A 340 120 10 0 9 0 PINTYPE=IN
A 340 120 10 0 9 3 #=N12
L 273 115 10 0 3 0 1 0 GND_N12
c 40 180 10
T 134 101 20 0 3 XC2C256
T 144 84 20 0 3 CP132
T 152 118 20 0 3 GND
b 20 20 320 200
E
