V 50
K 153165148200 xc7a350tffg1156
Y 1
D 0 0 400 430
Z 10
i 946
b 50 50 350 380
P 1 400 100 350 100 0 3 0
A 355 100 10 0 3 0 #=AH22
L 345 100 10 0 8 0 1 0 MGTRREF_213_AH22
A 405 100 10 0 2 0 PINTYPE=BI
P 2 400 110 350 110 0 3 0
A 355 110 10 0 3 0 #=AH18
L 345 110 10 0 8 0 1 0 MGTREFCLK1N_213_AH18
A 405 110 10 0 2 0 PINTYPE=BI
P 3 400 120 350 120 0 3 0
A 355 120 10 0 3 0 #=AG18
L 345 120 10 0 8 0 1 0 MGTREFCLK1P_213_AG18
A 405 120 10 0 2 0 PINTYPE=BI
P 4 400 130 350 130 0 3 0
A 355 130 10 0 3 0 #=AH20
L 345 130 10 0 8 0 1 0 MGTREFCLK0N_213_AH20
A 405 130 10 0 2 0 PINTYPE=BI
P 5 400 140 350 140 0 3 0
A 355 140 10 0 3 0 #=AG20
L 345 140 10 0 8 0 1 0 MGTREFCLK0P_213_AG20
A 405 140 10 0 2 0 PINTYPE=BI
P 6 400 150 350 150 0 3 0
A 355 150 10 0 3 0 #=AK21
L 345 150 10 0 8 0 1 0 MGTPRXN3_213_AK21
A 405 150 10 0 2 0 PINTYPE=BI
P 7 400 160 350 160 0 3 0
A 355 160 10 0 3 0 #=AJ21
L 345 160 10 0 8 0 1 0 MGTPRXP3_213_AJ21
A 405 160 10 0 2 0 PINTYPE=BI
P 8 400 170 350 170 0 3 0
A 355 170 10 0 3 0 #=AP23
L 345 170 10 0 8 0 1 0 MGTPTXN3_213_AP23
A 405 170 10 0 2 0 PINTYPE=BI
P 9 400 180 350 180 0 3 0
A 355 180 10 0 3 0 #=AN23
L 345 180 10 0 8 0 1 0 MGTPTXP3_213_AN23
A 405 180 10 0 2 0 PINTYPE=BI
P 10 400 190 350 190 0 3 0
A 355 190 10 0 3 0 #=AM20
L 345 190 10 0 8 0 1 0 MGTPRXN2_213_AM20
A 405 190 10 0 2 0 PINTYPE=BI
P 11 400 200 350 200 0 3 0
A 355 200 10 0 3 0 #=AL20
L 345 200 10 0 8 0 1 0 MGTPRXP2_213_AL20
A 405 200 10 0 2 0 PINTYPE=BI
P 12 400 210 350 210 0 3 0
A 355 210 10 0 3 0 #=AM22
L 345 210 10 0 8 0 1 0 MGTPTXN2_213_AM22
A 405 210 10 0 2 0 PINTYPE=BI
P 13 400 220 350 220 0 3 0
A 355 220 10 0 3 0 #=AL22
L 345 220 10 0 8 0 1 0 MGTPTXP2_213_AL22
A 405 220 10 0 2 0 PINTYPE=BI
P 14 400 230 350 230 0 3 0
A 355 230 10 0 3 0 #=AK19
L 345 230 10 0 8 0 1 0 MGTPRXN1_213_AK19
A 405 230 10 0 2 0 PINTYPE=BI
P 15 400 240 350 240 0 3 0
A 355 240 10 0 3 0 #=AJ19
L 345 240 10 0 8 0 1 0 MGTPRXP1_213_AJ19
A 405 240 10 0 2 0 PINTYPE=BI
P 16 400 250 350 250 0 3 0
A 355 250 10 0 3 0 #=AP21
L 345 250 10 0 8 0 1 0 MGTPTXN1_213_AP21
A 405 250 10 0 2 0 PINTYPE=BI
P 17 400 260 350 260 0 3 0
A 355 260 10 0 3 0 #=AN21
L 345 260 10 0 8 0 1 0 MGTPTXP1_213_AN21
A 405 260 10 0 2 0 PINTYPE=BI
P 18 400 270 350 270 0 3 0
A 355 270 10 0 3 0 #=AM18
L 345 270 10 0 8 0 1 0 MGTPRXN0_213_AM18
A 405 270 10 0 2 0 PINTYPE=BI
P 19 400 280 350 280 0 3 0
A 355 280 10 0 3 0 #=AL18
L 345 280 10 0 8 0 1 0 MGTPRXP0_213_AL18
A 405 280 10 0 2 0 PINTYPE=BI
P 20 400 290 350 290 0 3 0
A 355 290 10 0 3 0 #=AP19
L 345 290 10 0 8 0 1 0 MGTPTXN0_213_AP19
A 405 290 10 0 2 0 PINTYPE=BI
P 21 400 300 350 300 0 3 0
A 355 300 10 0 3 0 #=AN19
L 345 300 10 0 8 0 1 0 MGTPTXP0_213_AN19
A 405 300 10 0 2 0 PINTYPE=BI
T 220 320 20 0 5 XC7A350TFFG1156
T 220 340 20 0 5 BANK 213
c 70 360 10
U 50 390 10 0 3 3 DEVICE=XXXXXX
U 50 30 16 0 3 3 REFDES=U?
U 250 30 10 0 3 3 PKG_TYPE=XXXXXX
U 0 0 10 0 3 0 HETERO=xc7a350tffg1156_0,xc7a350tffg1156_12,xc7a350tffg1156_13,xc7a350tffg1156_14,xc7a350tffg1156_15,xc7a350tffg1156_16,xc7a350tffg1156_17,xc7a350tffg1156_32,xc7a350tffg1156_33,xc7a350tffg1156_34,xc7a350tffg1156_35,xc7a350tffg1156_36,xc7a350tffg1156_37,xc7a350tffg1156_113,xc7a350tffg1156_116,xc7a350tffg1156_213,xc7a350tffg1156_216,xc7a350tffg1156_MGTAVCC_G10,xc7a350tffg1156_MGTAVCC_G11,xc7a350tffg1156_MGTAVTT_G10,xc7a350tffg1156_MGTAVTT_G11,xc7a350tffg1156_GND1,xc7a350tffg1156_GND2,xc7a350tffg1156_VCCINT,xc7a350tffg1156_VCCAUX,xc7a350tffg1156_VCCBRAM
U 0 -10 10 0 3 0 PARTS=1
U 0 -20 10 0 3 0 LEVEL=STD
U 0 -30 10 0 3 0 DATE=2012_03_08
E
