V 50
K 153165148200 xc7a50tcpg236
Y 1
D 0 0 400 410
Z 10
i 946
b 50 50 350 360
P 1 400 100 350 100 0 3 0
A 355 100 10 0 3 0 #=A19
L 345 100 10 0 8 0 1 0 GND_A19
A 405 100 10 0 2 0 PINTYPE=BI
P 2 400 110 350 110 0 3 0
A 355 110 10 0 3 0 #=B14
L 345 110 10 0 8 0 1 0 GND_B14
A 405 110 10 0 2 0 PINTYPE=BI
P 3 400 120 350 120 0 3 0
A 355 120 10 0 3 0 #=C10
L 345 120 10 0 8 0 1 0 GND_C10
A 405 120 10 0 2 0 PINTYPE=BI
P 4 400 130 350 130 0 3 0
A 355 130 10 0 3 0 #=C19
L 345 130 10 0 8 0 1 0 GND_C19
A 405 130 10 0 2 0 PINTYPE=BI
P 5 400 140 350 140 0 3 0
A 355 140 10 0 3 0 #=E17
L 345 140 10 0 8 0 1 0 GND_E17
A 405 140 10 0 2 0 PINTYPE=BI
P 6 400 150 350 150 0 3 0
A 355 150 10 0 3 0 #=F19
L 345 150 10 0 8 0 1 0 GND_F19
A 405 150 10 0 2 0 PINTYPE=BI
P 7 400 160 350 160 0 3 0
A 355 160 10 0 3 0 #=G1
L 345 160 10 0 8 0 1 0 GND_G1
A 405 160 10 0 2 0 PINTYPE=BI
P 8 400 170 350 170 0 3 0
A 355 170 10 0 3 0 #=H18
L 345 170 10 0 8 0 1 0 GND_H18
A 405 170 10 0 2 0 PINTYPE=BI
P 9 400 180 350 180 0 3 0
A 355 180 10 0 3 0 #=L19
L 345 180 10 0 8 0 1 0 GND_L19
A 405 180 10 0 2 0 PINTYPE=BI
P 10 400 190 350 190 0 3 0
A 355 190 10 0 3 0 #=M13
L 345 190 10 0 8 0 1 0 GND_M13
A 405 190 10 0 2 0 PINTYPE=BI
P 11 400 200 350 200 0 3 0
A 355 200 10 0 3 0 #=N12
L 345 200 10 0 8 0 1 0 GND_N12
A 405 200 10 0 2 0 PINTYPE=BI
P 12 400 210 350 210 0 3 0
A 355 210 10 0 3 0 #=N13
L 345 210 10 0 8 0 1 0 GND_N13
A 405 210 10 0 2 0 PINTYPE=BI
P 13 400 220 350 220 0 3 0
A 355 220 10 0 3 0 #=P2
L 345 220 10 0 8 0 1 0 GND_P2
A 405 220 10 0 2 0 PINTYPE=BI
P 14 400 230 350 230 0 3 0
A 355 230 10 0 3 0 #=T19
L 345 230 10 0 8 0 1 0 GND_T19
A 405 230 10 0 2 0 PINTYPE=BI
P 15 400 240 350 240 0 3 0
A 355 240 10 0 3 0 #=U6
L 345 240 10 0 8 0 1 0 GND_U6
A 405 240 10 0 2 0 PINTYPE=BI
P 16 400 250 350 250 0 3 0
A 355 250 10 0 3 0 #=U9
L 345 250 10 0 8 0 1 0 GND_U9
A 405 250 10 0 2 0 PINTYPE=BI
P 17 400 260 350 260 0 3 0
A 355 260 10 0 3 0 #=V18
L 345 260 10 0 8 0 1 0 GND_V18
A 405 260 10 0 2 0 PINTYPE=BI
P 18 400 270 350 270 0 3 0
A 355 270 10 0 3 0 #=W1
L 345 270 10 0 8 0 1 0 GND_W1
A 405 270 10 0 2 0 PINTYPE=BI
P 19 400 280 350 280 0 3 0
A 355 280 10 0 3 0 #=W12
L 345 280 10 0 8 0 1 0 GND_W12
A 405 280 10 0 2 0 PINTYPE=BI
T 220 300 20 0 5 XC7A50TCPG236
T 220 320 20 0 5 BANK GND_H
c 70 340 10
U 50 370 10 0 3 3 DEVICE=XXXXXX
U 50 30 16 0 3 3 REFDES=U?
U 250 30 10 0 3 3 PKG_TYPE=XXXXXX
U 0 0 10 0 3 0 HETERO=xc7a50tcpg236_0_H,xc7a50tcpg236_14_H,xc7a50tcpg236_16_H,xc7a50tcpg236_34_H,xc7a50tcpg236_35_H,xc7a50tcpg236_GND_H
U 0 -10 10 0 3 0 PARTS=1
U 0 -20 10 0 3 0 LEVEL=STD
U 0 -30 10 0 3 0 DATE=2013_10_15
E
