V 50
K 153165148200 xc7a50tcsg325
Y 1
D 0 0 400 790
Z 10
i 946
b 50 50 350 740
P 1 0 100 50 100 0 2 0
A 45 100 10 0 9 0 #=V15
L 55 100 10 0 2 0 1 0 VCCO_14_V15
A 10 100 10 0 2 0 PINTYPE=BI
P 2 0 110 50 110 0 2 0
A 45 110 10 0 9 0 #=U18
L 55 110 10 0 2 0 1 0 VCCO_14_U18
A 10 110 10 0 2 0 PINTYPE=BI
P 3 0 120 50 120 0 2 0
A 45 120 10 0 9 0 #=U8
L 55 120 10 0 2 0 1 0 VCCO_14_U8
A 10 120 10 0 2 0 PINTYPE=BI
P 4 0 130 50 130 0 2 0
A 45 130 10 0 9 0 #=T11
L 55 130 10 0 2 0 1 0 VCCO_14_T11
A 10 130 10 0 2 0 PINTYPE=BI
P 5 0 140 50 140 0 2 0
A 45 140 10 0 9 0 #=R14
L 55 140 10 0 2 0 1 0 VCCO_14_R14
A 10 140 10 0 2 0 PINTYPE=BI
P 6 0 150 50 150 0 2 0
A 45 150 10 0 9 0 #=P17
L 55 150 10 0 2 0 1 0 VCCO_14_P17
A 10 150 10 0 2 0 PINTYPE=BI
P 7 0 160 50 160 0 2 0
A 45 160 10 0 9 0 #=L16
L 55 160 10 0 2 0 1 0 VCCO_14_L16
A 10 160 10 0 2 0 PINTYPE=BI
P 8 400 100 350 100 0 3 0
A 355 100 10 0 3 0 #=U10
L 345 100 10 0 8 0 1 0 IO_25_14_U10
A 405 100 10 0 2 0 PINTYPE=BI
P 9 400 110 350 110 0 3 0
A 355 110 10 0 3 0 #=V9
L 345 110 10 0 8 0 1 0 IO_L24N_T3_A00_D16_14_V9
A 405 110 10 0 2 0 PINTYPE=BI
P 10 400 120 350 120 0 3 0
A 355 120 10 0 3 0 #=U9
L 345 120 10 0 8 0 1 0 IO_L24P_T3_A01_D17_14_U9
A 405 120 10 0 2 0 PINTYPE=BI
P 11 400 130 350 130 0 3 0
A 355 130 10 0 3 0 #=V11
L 345 130 10 0 8 0 1 0 IO_L23N_T3_A02_D18_14_V11
A 405 130 10 0 2 0 PINTYPE=BI
P 12 400 140 350 140 0 3 0
A 355 140 10 0 3 0 #=U11
L 345 140 10 0 8 0 1 0 IO_L23P_T3_A03_D19_14_U11
A 405 140 10 0 2 0 PINTYPE=BI
P 13 400 150 350 150 0 3 0
A 355 150 10 0 3 0 #=U12
L 345 150 10 0 8 0 1 0 IO_L22N_T3_A04_D20_14_U12
A 405 150 10 0 2 0 PINTYPE=BI
P 14 400 160 350 160 0 3 0
A 355 160 10 0 3 0 #=T12
L 345 160 10 0 8 0 1 0 IO_L22P_T3_A05_D21_14_T12
A 405 160 10 0 2 0 PINTYPE=BI
P 15 400 170 350 170 0 3 0
A 355 170 10 0 3 0 #=V13
L 345 170 10 0 8 0 1 0 IO_L21N_T3_DQS_A06_D22_14_V13
A 405 170 10 0 2 0 PINTYPE=BI
P 16 400 180 350 180 0 3 0
A 355 180 10 0 3 0 #=V12
L 345 180 10 0 8 0 1 0 IO_L21P_T3_DQS_14_V12
A 405 180 10 0 2 0 PINTYPE=BI
P 17 400 190 350 190 0 3 0
A 355 190 10 0 3 0 #=V14
L 345 190 10 0 8 0 1 0 IO_L20N_T3_A07_D23_14_V14
A 405 190 10 0 2 0 PINTYPE=BI
P 18 400 200 350 200 0 3 0
A 355 200 10 0 3 0 #=U14
L 345 200 10 0 8 0 1 0 IO_L20P_T3_A08_D24_14_U14
A 405 200 10 0 2 0 PINTYPE=BI
P 19 400 210 350 210 0 3 0
A 355 210 10 0 3 0 #=T13
L 345 210 10 0 8 0 1 0 IO_L19N_T3_A09_D25_VREF_14_T13
A 405 210 10 0 2 0 PINTYPE=BI
P 20 400 220 350 220 0 3 0
A 355 220 10 0 3 0 #=R13
L 345 220 10 0 8 0 1 0 IO_L19P_T3_A10_D26_14_R13
A 405 220 10 0 2 0 PINTYPE=BI
P 21 400 230 350 230 0 3 0
A 355 230 10 0 3 0 #=V17
L 345 230 10 0 8 0 1 0 IO_L18N_T2_A11_D27_14_V17
A 405 230 10 0 2 0 PINTYPE=BI
P 22 400 240 350 240 0 3 0
A 355 240 10 0 3 0 #=V16
L 345 240 10 0 8 0 1 0 IO_L18P_T2_A12_D28_14_V16
A 405 240 10 0 2 0 PINTYPE=BI
P 23 400 250 350 250 0 3 0
A 355 250 10 0 3 0 #=U16
L 345 250 10 0 8 0 1 0 IO_L17N_T2_A13_D29_14_U16
A 405 250 10 0 2 0 PINTYPE=BI
P 24 400 260 350 260 0 3 0
A 355 260 10 0 3 0 #=U15
L 345 260 10 0 8 0 1 0 IO_L17P_T2_A14_D30_14_U15
A 405 260 10 0 2 0 PINTYPE=BI
P 25 400 270 350 270 0 3 0
A 355 270 10 0 3 0 #=U17
L 345 270 10 0 8 0 1 0 IO_L16N_T2_A15_D31_14_U17
A 405 270 10 0 2 0 PINTYPE=BI
P 26 400 280 350 280 0 3 0
A 355 280 10 0 3 0 #=T17
L 345 280 10 0 8 0 1 0 IO_L16P_T2_CSI_B_14_T17
A 405 280 10 0 2 0 PINTYPE=BI
P 27 400 290 350 290 0 3 0
A 355 290 10 0 3 0 #=T18
L 345 290 10 0 8 0 1 0 IO_L15N_T2_DQSDOUT_CSOB_14_T18
A 405 290 10 0 2 0 PINTYPE=BI
P 28 400 300 350 300 0 3 0
A 355 300 10 0 3 0 #=R18
L 345 300 10 0 8 0 1 0 IO_L15P_T2_DQS_RDWR_B_14_R18
A 405 300 10 0 2 0 PINTYPE=BI
P 29 400 310 350 310 0 3 0
A 355 310 10 0 3 0 #=R17
L 345 310 10 0 8 0 1 0 IO_L14N_T2_SRCC_14_R17
A 405 310 10 0 2 0 PINTYPE=BI
P 30 400 320 350 320 0 3 0
A 355 320 10 0 3 0 #=R16
L 345 320 10 0 8 0 1 0 IO_L14P_T2_SRCC_14_R16
A 405 320 10 0 2 0 PINTYPE=BI
P 31 400 330 350 330 0 3 0
A 355 330 10 0 3 0 #=T15
L 345 330 10 0 8 0 1 0 IO_L13N_T2_MRCC_14_T15
A 405 330 10 0 2 0 PINTYPE=BI
P 32 400 340 350 340 0 3 0
A 355 340 10 0 3 0 #=T14
L 345 340 10 0 8 0 1 0 IO_L13P_T2_MRCC_14_T14
A 405 340 10 0 2 0 PINTYPE=BI
P 33 400 350 350 350 0 3 0
A 355 350 10 0 3 0 #=R15
L 345 350 10 0 8 0 1 0 IO_L12N_T1_MRCC_14_R15
A 405 350 10 0 2 0 PINTYPE=BI
P 34 400 360 350 360 0 3 0
A 355 360 10 0 3 0 #=P14
L 345 360 10 0 8 0 1 0 IO_L12P_T1_MRCC_14_P14
A 405 360 10 0 2 0 PINTYPE=BI
P 35 400 370 350 370 0 3 0
A 355 370 10 0 3 0 #=P16
L 345 370 10 0 8 0 1 0 IO_L11N_T1_SRCC_14_P16
A 405 370 10 0 2 0 PINTYPE=BI
P 36 400 380 350 380 0 3 0
A 355 380 10 0 3 0 #=P15
L 345 380 10 0 8 0 1 0 IO_L11P_T1_SRCC_14_P15
A 405 380 10 0 2 0 PINTYPE=BI
P 37 400 390 350 390 0 3 0
A 355 390 10 0 3 0 #=P18
L 345 390 10 0 8 0 1 0 IO_L10N_T1_D15_14_P18
A 405 390 10 0 2 0 PINTYPE=BI
P 38 400 400 350 400 0 3 0
A 355 400 10 0 3 0 #=N18
L 345 400 10 0 8 0 1 0 IO_L10P_T1_D14_14_N18
A 405 400 10 0 2 0 PINTYPE=BI
P 39 400 410 350 410 0 3 0
A 355 410 10 0 3 0 #=N17
L 345 410 10 0 8 0 1 0 IO_L9N_T1_DQS_D13_14_N17
A 405 410 10 0 2 0 PINTYPE=BI
P 40 400 420 350 420 0 3 0
A 355 420 10 0 3 0 #=N16
L 345 420 10 0 8 0 1 0 IO_L9P_T1_DQS_14_N16
A 405 420 10 0 2 0 PINTYPE=BI
P 41 400 430 350 430 0 3 0
A 355 430 10 0 3 0 #=N14
L 345 430 10 0 8 0 1 0 IO_L8N_T1_D12_14_N14
A 405 430 10 0 2 0 PINTYPE=BI
P 42 400 440 350 440 0 3 0
A 355 440 10 0 3 0 #=M14
L 345 440 10 0 8 0 1 0 IO_L8P_T1_D11_14_M14
A 405 440 10 0 2 0 PINTYPE=BI
P 43 400 450 350 450 0 3 0
A 355 450 10 0 3 0 #=M17
L 345 450 10 0 8 0 1 0 IO_L7N_T1_D10_14_M17
A 405 450 10 0 2 0 PINTYPE=BI
P 44 400 460 350 460 0 3 0
A 355 460 10 0 3 0 #=M16
L 345 460 10 0 8 0 1 0 IO_L7P_T1_D09_14_M16
A 405 460 10 0 2 0 PINTYPE=BI
P 45 400 470 350 470 0 3 0
A 355 470 10 0 3 0 #=M15
L 345 470 10 0 8 0 1 0 IO_L6N_T0_D08_VREF_14_M15
A 405 470 10 0 2 0 PINTYPE=BI
P 46 400 480 350 480 0 3 0
A 355 480 10 0 3 0 #=L15
L 345 480 10 0 8 0 1 0 IO_L6P_T0_FCS_B_14_L15
A 405 480 10 0 2 0 PINTYPE=BI
P 47 400 490 350 490 0 3 0
A 355 490 10 0 3 0 #=K15
L 345 490 10 0 8 0 1 0 IO_L5N_T0_D07_14_K15
A 405 490 10 0 2 0 PINTYPE=BI
P 48 400 500 350 500 0 3 0
A 355 500 10 0 3 0 #=J14
L 345 500 10 0 8 0 1 0 IO_L5P_T0_D06_14_J14
A 405 500 10 0 2 0 PINTYPE=BI
P 49 400 510 350 510 0 3 0
A 355 510 10 0 3 0 #=L18
L 345 510 10 0 8 0 1 0 IO_L4N_T0_D05_14_L18
A 405 510 10 0 2 0 PINTYPE=BI
P 50 400 520 350 520 0 3 0
A 355 520 10 0 3 0 #=K17
L 345 520 10 0 8 0 1 0 IO_L4P_T0_D04_14_K17
A 405 520 10 0 2 0 PINTYPE=BI
P 51 400 530 350 530 0 3 0
A 355 530 10 0 3 0 #=K18
L 345 530 10 0 8 0 1 0 IO_L3N_T0_DQS_EMCCLK_14_K18
A 405 530 10 0 2 0 PINTYPE=BI
P 52 400 540 350 540 0 3 0
A 355 540 10 0 3 0 #=J18
L 345 540 10 0 8 0 1 0 IO_L3P_T0_DQS_PUDC_B_14_J18
A 405 540 10 0 2 0 PINTYPE=BI
P 53 400 550 350 550 0 3 0
A 355 550 10 0 3 0 #=J16
L 345 550 10 0 8 0 1 0 IO_L2N_T0_D03_14_J16
A 405 550 10 0 2 0 PINTYPE=BI
P 54 400 560 350 560 0 3 0
A 355 560 10 0 3 0 #=J15
L 345 560 10 0 8 0 1 0 IO_L2P_T0_D02_14_J15
A 405 560 10 0 2 0 PINTYPE=BI
P 55 400 570 350 570 0 3 0
A 355 570 10 0 3 0 #=L17
L 345 570 10 0 8 0 1 0 IO_L1N_T0_D01_DIN_14_L17
A 405 570 10 0 2 0 PINTYPE=BI
P 56 400 580 350 580 0 3 0
A 355 580 10 0 3 0 #=K16
L 345 580 10 0 8 0 1 0 IO_L1P_T0_D00_MOSI_14_K16
A 405 580 10 0 2 0 PINTYPE=BI
P 57 400 590 350 590 0 3 0
A 355 590 10 0 3 0 #=L14
L 345 590 10 0 8 0 1 0 IO_0_14_L14
A 405 590 10 0 2 0 PINTYPE=BI
T 220 610 20 0 5 XC7A50TCSG325
T 220 630 20 0 5 BANK 14_H
c 70 720 10
U 50 750 10 0 3 3 DEVICE=XXXXXX
U 50 30 16 0 3 3 REFDES=U?
U 250 30 10 0 3 3 PKG_TYPE=XXXXXX
U 0 0 10 0 3 0 HETERO=xc7a50tcsg325_0_H,xc7a50tcsg325_14_H,xc7a50tcsg325_15_H,xc7a50tcsg325_34_H,xc7a50tcsg325_GND_H
U 0 -10 10 0 3 0 PARTS=1
U 0 -20 10 0 3 0 LEVEL=STD
U 0 -30 10 0 3 0 DATE=2013_11_08
E
