V 50
K 153165148200 xc7a350tffg1156
Y 1
D 0 0 400 420
Z 10
i 946
b 50 50 350 370
P 1 400 100 350 100 0 3 0
A 355 100 10 0 3 0 #=G14
L 345 100 10 0 8 0 1 0 MGTREFCLK1N_116_G14
A 405 100 10 0 2 0 PINTYPE=BI
P 2 400 110 350 110 0 3 0
A 355 110 10 0 3 0 #=H14
L 345 110 10 0 8 0 1 0 MGTREFCLK1P_116_H14
A 405 110 10 0 2 0 PINTYPE=BI
P 3 400 120 350 120 0 3 0
A 355 120 10 0 3 0 #=G16
L 345 120 10 0 8 0 1 0 MGTREFCLK0N_116_G16
A 405 120 10 0 2 0 PINTYPE=BI
P 4 400 130 350 130 0 3 0
A 355 130 10 0 3 0 #=H16
L 345 130 10 0 8 0 1 0 MGTREFCLK0P_116_H16
A 405 130 10 0 2 0 PINTYPE=BI
P 5 400 140 350 140 0 3 0
A 355 140 10 0 3 0 #=E17
L 345 140 10 0 8 0 1 0 MGTPRXN3_116_E17
A 405 140 10 0 2 0 PINTYPE=BI
P 6 400 150 350 150 0 3 0
A 355 150 10 0 3 0 #=F17
L 345 150 10 0 8 0 1 0 MGTPRXP3_116_F17
A 405 150 10 0 2 0 PINTYPE=BI
P 7 400 160 350 160 0 3 0
A 355 160 10 0 3 0 #=A17
L 345 160 10 0 8 0 1 0 MGTPTXN3_116_A17
A 405 160 10 0 2 0 PINTYPE=BI
P 8 400 170 350 170 0 3 0
A 355 170 10 0 3 0 #=B17
L 345 170 10 0 8 0 1 0 MGTPTXP3_116_B17
A 405 170 10 0 2 0 PINTYPE=BI
P 9 400 180 350 180 0 3 0
A 355 180 10 0 3 0 #=C16
L 345 180 10 0 8 0 1 0 MGTPRXN2_116_C16
A 405 180 10 0 2 0 PINTYPE=BI
P 10 400 190 350 190 0 3 0
A 355 190 10 0 3 0 #=D16
L 345 190 10 0 8 0 1 0 MGTPRXP2_116_D16
A 405 190 10 0 2 0 PINTYPE=BI
P 11 400 200 350 200 0 3 0
A 355 200 10 0 3 0 #=A15
L 345 200 10 0 8 0 1 0 MGTPTXN2_116_A15
A 405 200 10 0 2 0 PINTYPE=BI
P 12 400 210 350 210 0 3 0
A 355 210 10 0 3 0 #=B15
L 345 210 10 0 8 0 1 0 MGTPTXP2_116_B15
A 405 210 10 0 2 0 PINTYPE=BI
P 13 400 220 350 220 0 3 0
A 355 220 10 0 3 0 #=E15
L 345 220 10 0 8 0 1 0 MGTPRXN1_116_E15
A 405 220 10 0 2 0 PINTYPE=BI
P 14 400 230 350 230 0 3 0
A 355 230 10 0 3 0 #=F15
L 345 230 10 0 8 0 1 0 MGTPRXP1_116_F15
A 405 230 10 0 2 0 PINTYPE=BI
P 15 400 240 350 240 0 3 0
A 355 240 10 0 3 0 #=C14
L 345 240 10 0 8 0 1 0 MGTPTXN1_116_C14
A 405 240 10 0 2 0 PINTYPE=BI
P 16 400 250 350 250 0 3 0
A 355 250 10 0 3 0 #=D14
L 345 250 10 0 8 0 1 0 MGTPTXP1_116_D14
A 405 250 10 0 2 0 PINTYPE=BI
P 17 400 260 350 260 0 3 0
A 355 260 10 0 3 0 #=E13
L 345 260 10 0 8 0 1 0 MGTPRXN0_116_E13
A 405 260 10 0 2 0 PINTYPE=BI
P 18 400 270 350 270 0 3 0
A 355 270 10 0 3 0 #=F13
L 345 270 10 0 8 0 1 0 MGTPRXP0_116_F13
A 405 270 10 0 2 0 PINTYPE=BI
P 19 400 280 350 280 0 3 0
A 355 280 10 0 3 0 #=A13
L 345 280 10 0 8 0 1 0 MGTPTXN0_116_A13
A 405 280 10 0 2 0 PINTYPE=BI
P 20 400 290 350 290 0 3 0
A 355 290 10 0 3 0 #=B13
L 345 290 10 0 8 0 1 0 MGTPTXP0_116_B13
A 405 290 10 0 2 0 PINTYPE=BI
T 220 310 20 0 5 XC7A350TFFG1156
T 220 330 20 0 5 BANK 116
c 70 350 10
U 50 380 10 0 3 3 DEVICE=XXXXXX
U 50 30 16 0 3 3 REFDES=U?
U 250 30 10 0 3 3 PKG_TYPE=XXXXXX
U 0 0 10 0 3 0 HETERO=xc7a350tffg1156_0,xc7a350tffg1156_12,xc7a350tffg1156_13,xc7a350tffg1156_14,xc7a350tffg1156_15,xc7a350tffg1156_16,xc7a350tffg1156_17,xc7a350tffg1156_32,xc7a350tffg1156_33,xc7a350tffg1156_34,xc7a350tffg1156_35,xc7a350tffg1156_36,xc7a350tffg1156_37,xc7a350tffg1156_113,xc7a350tffg1156_116,xc7a350tffg1156_213,xc7a350tffg1156_216,xc7a350tffg1156_MGTAVCC_G10,xc7a350tffg1156_MGTAVCC_G11,xc7a350tffg1156_MGTAVTT_G10,xc7a350tffg1156_MGTAVTT_G11,xc7a350tffg1156_GND1,xc7a350tffg1156_GND2,xc7a350tffg1156_VCCINT,xc7a350tffg1156_VCCAUX,xc7a350tffg1156_VCCBRAM
U 0 -10 10 0 3 0 PARTS=1
U 0 -20 10 0 3 0 LEVEL=STD
U 0 -30 10 0 3 0 DATE=2012_03_08
E
