V 50
K 153165148200 xc7a50tcpg236
Y 1
D 0 0 400 380
Z 10
i 946
b 50 50 350 330
P 1 0 100 50 100 0 2 0
A 45 100 10 0 9 0 #=G13
L 55 100 10 0 2 0 1 0 VCCO_16_G13
A 10 100 10 0 2 0 PINTYPE=BI
P 2 0 110 50 110 0 2 0
A 45 110 10 0 9 0 #=C18
L 55 110 10 0 2 0 1 0 VCCO_16_C18
A 10 110 10 0 2 0 PINTYPE=BI
P 3 0 120 50 120 0 2 0
A 45 120 10 0 9 0 #=C14
L 55 120 10 0 2 0 1 0 VCCO_16_C14
A 10 120 10 0 2 0 PINTYPE=BI
P 4 0 130 50 130 0 2 0
A 45 130 10 0 9 0 #=B19
L 55 130 10 0 2 0 1 0 VCCO_16_B19
A 10 130 10 0 2 0 PINTYPE=BI
P 5 400 100 350 100 0 3 0
A 355 100 10 0 3 0 #=A18
L 345 100 10 0 8 0 1 0 IO_L19N_T3_VREF_16_A18
A 405 100 10 0 2 0 PINTYPE=BI
P 6 400 110 350 110 0 3 0
A 355 110 10 0 3 0 #=B18
L 345 110 10 0 8 0 1 0 IO_L19P_T3_16_B18
A 405 110 10 0 2 0 PINTYPE=BI
P 7 400 120 350 120 0 3 0
A 355 120 10 0 3 0 #=B17
L 345 120 10 0 8 0 1 0 IO_L14N_T2_SRCC_16_B17
A 405 120 10 0 2 0 PINTYPE=BI
P 8 400 130 350 130 0 3 0
A 355 130 10 0 3 0 #=C17
L 345 130 10 0 8 0 1 0 IO_L14P_T2_SRCC_16_C17
A 405 130 10 0 2 0 PINTYPE=BI
P 9 400 140 350 140 0 3 0
A 355 140 10 0 3 0 #=B16
L 345 140 10 0 8 0 1 0 IO_L13N_T2_MRCC_16_B16
A 405 140 10 0 2 0 PINTYPE=BI
P 10 400 150 350 150 0 3 0
A 355 150 10 0 3 0 #=C16
L 345 150 10 0 8 0 1 0 IO_L13P_T2_MRCC_16_C16
A 405 150 10 0 2 0 PINTYPE=BI
P 11 400 160 350 160 0 3 0
A 355 160 10 0 3 0 #=A17
L 345 160 10 0 8 0 1 0 IO_L12N_T1_MRCC_16_A17
A 405 160 10 0 2 0 PINTYPE=BI
P 12 400 170 350 170 0 3 0
A 355 170 10 0 3 0 #=A16
L 345 170 10 0 8 0 1 0 IO_L12P_T1_MRCC_16_A16
A 405 170 10 0 2 0 PINTYPE=BI
P 13 400 180 350 180 0 3 0
A 355 180 10 0 3 0 #=B15
L 345 180 10 0 8 0 1 0 IO_L11N_T1_SRCC_16_B15
A 405 180 10 0 2 0 PINTYPE=BI
P 14 400 190 350 190 0 3 0
A 355 190 10 0 3 0 #=C15
L 345 190 10 0 8 0 1 0 IO_L11P_T1_SRCC_16_C15
A 405 190 10 0 2 0 PINTYPE=BI
P 15 400 200 350 200 0 3 0
A 355 200 10 0 3 0 #=A15
L 345 200 10 0 8 0 1 0 IO_L6N_T0_VREF_16_A15
A 405 200 10 0 2 0 PINTYPE=BI
P 16 400 210 350 210 0 3 0
A 355 210 10 0 3 0 #=A14
L 345 210 10 0 8 0 1 0 IO_L6P_T0_16_A14
A 405 210 10 0 2 0 PINTYPE=BI
T 220 230 20 0 5 XC7A50TCPG236
T 220 250 20 0 5 BANK 16
c 70 310 10
U 50 340 10 0 3 3 DEVICE=XXXXXX
U 50 30 16 0 3 3 REFDES=U?
U 250 30 10 0 3 3 PKG_TYPE=XXXXXX
U 0 0 10 0 3 0 HETERO=xc7a50tcpg236_0,xc7a50tcpg236_14,xc7a50tcpg236_16,xc7a50tcpg236_34,xc7a50tcpg236_35,xc7a50tcpg236_216,xc7a50tcpg236_VCCBRAM,xc7a50tcpg236_GND,xc7a50tcpg236_VCCINT,xc7a50tcpg236_VCCAUX,xc7a50tcpg236_MGTAVCC,xc7a50tcpg236_MGTAVTT
U 0 -10 10 0 3 0 PARTS=1
U 0 -20 10 0 3 0 LEVEL=STD
U 0 -30 10 0 3 0 DATE=2013_10_15
E
