V 50
K 153165148200 xc7a200tsbg484
Y 1
D 0 0 400 620
Z 10
i 946
b 50 50 350 570
P 1 0 100 50 100 0 2 0
A 45 100 10 0 9 0 #=AA17
L 55 100 10 0 2 0 1 0 VCCO_13_AA17
A 10 100 10 0 2 0 PINTYPE=BI
P 2 0 110 50 110 0 2 0
A 45 110 10 0 9 0 #=AB14
L 55 110 10 0 2 0 1 0 VCCO_13_AB14
A 10 110 10 0 2 0 PINTYPE=BI
P 3 0 120 50 120 0 2 0
A 45 120 10 0 9 0 #=V16
L 55 120 10 0 2 0 1 0 VCCO_13_V16
A 10 120 10 0 2 0 PINTYPE=BI
P 4 0 130 50 130 0 2 0
A 45 130 10 0 9 0 #=W13
L 55 130 10 0 2 0 1 0 VCCO_13_W13
A 10 130 10 0 2 0 PINTYPE=BI
P 5 0 140 50 140 0 2 0
A 45 140 10 0 9 0 #=Y10
L 55 140 10 0 2 0 1 0 VCCO_13_Y10
A 10 140 10 0 2 0 PINTYPE=BI
P 6 400 100 350 100 0 3 0
A 355 100 10 0 3 0 #=U16
L 345 100 10 0 8 0 1 0 IO_L17N_T2_13_U16
A 405 100 10 0 2 0 PINTYPE=BI
P 7 400 110 350 110 0 3 0
A 355 110 10 0 3 0 #=T16
L 345 110 10 0 8 0 1 0 IO_L17P_T2_13_T16
A 405 110 10 0 2 0 PINTYPE=BI
P 8 400 120 350 120 0 3 0
A 355 120 10 0 3 0 #=W16
L 345 120 10 0 8 0 1 0 IO_L16N_T2_13_W16
A 405 120 10 0 2 0 PINTYPE=BI
P 9 400 130 350 130 0 3 0
A 355 130 10 0 3 0 #=W15
L 345 130 10 0 8 0 1 0 IO_L16P_T2_13_W15
A 405 130 10 0 2 0 PINTYPE=BI
P 10 400 140 350 140 0 3 0
A 355 140 10 0 3 0 #=T15
L 345 140 10 0 8 0 1 0 IO_L15N_T2_DQS_13_T15
A 405 140 10 0 2 0 PINTYPE=BI
P 11 400 150 350 150 0 3 0
A 355 150 10 0 3 0 #=T14
L 345 150 10 0 8 0 1 0 IO_L15P_T2_DQS_13_T14
A 405 150 10 0 2 0 PINTYPE=BI
P 12 400 160 350 160 0 3 0
A 355 160 10 0 3 0 #=V15
L 345 160 10 0 8 0 1 0 IO_L14N_T2_SRCC_13_V15
A 405 160 10 0 2 0 PINTYPE=BI
P 13 400 170 350 170 0 3 0
A 355 170 10 0 3 0 #=U15
L 345 170 10 0 8 0 1 0 IO_L14P_T2_SRCC_13_U15
A 405 170 10 0 2 0 PINTYPE=BI
P 14 400 180 350 180 0 3 0
A 355 180 10 0 3 0 #=V14
L 345 180 10 0 8 0 1 0 IO_L13N_T2_MRCC_13_V14
A 405 180 10 0 2 0 PINTYPE=BI
P 15 400 190 350 190 0 3 0
A 355 190 10 0 3 0 #=V13
L 345 190 10 0 8 0 1 0 IO_L13P_T2_MRCC_13_V13
A 405 190 10 0 2 0 PINTYPE=BI
P 16 400 200 350 200 0 3 0
A 355 200 10 0 3 0 #=W12
L 345 200 10 0 8 0 1 0 IO_L12N_T1_MRCC_13_W12
A 405 200 10 0 2 0 PINTYPE=BI
P 17 400 210 350 210 0 3 0
A 355 210 10 0 3 0 #=W11
L 345 210 10 0 8 0 1 0 IO_L12P_T1_MRCC_13_W11
A 405 210 10 0 2 0 PINTYPE=BI
P 18 400 220 350 220 0 3 0
A 355 220 10 0 3 0 #=Y12
L 345 220 10 0 8 0 1 0 IO_L11N_T1_SRCC_13_Y12
A 405 220 10 0 2 0 PINTYPE=BI
P 19 400 230 350 230 0 3 0
A 355 230 10 0 3 0 #=Y11
L 345 230 10 0 8 0 1 0 IO_L11P_T1_SRCC_13_Y11
A 405 230 10 0 2 0 PINTYPE=BI
P 20 400 240 350 240 0 3 0
A 355 240 10 0 3 0 #=W10
L 345 240 10 0 8 0 1 0 IO_L10N_T1_13_W10
A 405 240 10 0 2 0 PINTYPE=BI
P 21 400 250 350 250 0 3 0
A 355 250 10 0 3 0 #=V10
L 345 250 10 0 8 0 1 0 IO_L10P_T1_13_V10
A 405 250 10 0 2 0 PINTYPE=BI
P 22 400 260 350 260 0 3 0
A 355 260 10 0 3 0 #=AA11
L 345 260 10 0 8 0 1 0 IO_L9N_T1_DQS_13_AA11
A 405 260 10 0 2 0 PINTYPE=BI
P 23 400 270 350 270 0 3 0
A 355 270 10 0 3 0 #=AA10
L 345 270 10 0 8 0 1 0 IO_L9P_T1_DQS_13_AA10
A 405 270 10 0 2 0 PINTYPE=BI
P 24 400 280 350 280 0 3 0
A 355 280 10 0 3 0 #=AB10
L 345 280 10 0 8 0 1 0 IO_L8N_T1_13_AB10
A 405 280 10 0 2 0 PINTYPE=BI
P 25 400 290 350 290 0 3 0
A 355 290 10 0 3 0 #=AA9
L 345 290 10 0 8 0 1 0 IO_L8P_T1_13_AA9
A 405 290 10 0 2 0 PINTYPE=BI
P 26 400 300 350 300 0 3 0
A 355 300 10 0 3 0 #=AB12
L 345 300 10 0 8 0 1 0 IO_L7N_T1_13_AB12
A 405 300 10 0 2 0 PINTYPE=BI
P 27 400 310 350 310 0 3 0
A 355 310 10 0 3 0 #=AB11
L 345 310 10 0 8 0 1 0 IO_L7P_T1_13_AB11
A 405 310 10 0 2 0 PINTYPE=BI
P 28 400 320 350 320 0 3 0
A 355 320 10 0 3 0 #=Y14
L 345 320 10 0 8 0 1 0 IO_L6N_T0_VREF_13_Y14
A 405 320 10 0 2 0 PINTYPE=BI
P 29 400 330 350 330 0 3 0
A 355 330 10 0 3 0 #=W14
L 345 330 10 0 8 0 1 0 IO_L6P_T0_13_W14
A 405 330 10 0 2 0 PINTYPE=BI
P 30 400 340 350 340 0 3 0
A 355 340 10 0 3 0 #=AA14
L 345 340 10 0 8 0 1 0 IO_L5N_T0_13_AA14
A 405 340 10 0 2 0 PINTYPE=BI
P 31 400 350 350 350 0 3 0
A 355 350 10 0 3 0 #=Y13
L 345 350 10 0 8 0 1 0 IO_L5P_T0_13_Y13
A 405 350 10 0 2 0 PINTYPE=BI
P 32 400 360 350 360 0 3 0
A 355 360 10 0 3 0 #=AB15
L 345 360 10 0 8 0 1 0 IO_L4N_T0_13_AB15
A 405 360 10 0 2 0 PINTYPE=BI
P 33 400 370 350 370 0 3 0
A 355 370 10 0 3 0 #=AA15
L 345 370 10 0 8 0 1 0 IO_L4P_T0_13_AA15
A 405 370 10 0 2 0 PINTYPE=BI
P 34 400 380 350 380 0 3 0
A 355 380 10 0 3 0 #=AB13
L 345 380 10 0 8 0 1 0 IO_L3N_T0_DQS_13_AB13
A 405 380 10 0 2 0 PINTYPE=BI
P 35 400 390 350 390 0 3 0
A 355 390 10 0 3 0 #=AA13
L 345 390 10 0 8 0 1 0 IO_L3P_T0_DQS_13_AA13
A 405 390 10 0 2 0 PINTYPE=BI
P 36 400 400 350 400 0 3 0
A 355 400 10 0 3 0 #=AB17
L 345 400 10 0 8 0 1 0 IO_L2N_T0_13_AB17
A 405 400 10 0 2 0 PINTYPE=BI
P 37 400 410 350 410 0 3 0
A 355 410 10 0 3 0 #=AB16
L 345 410 10 0 8 0 1 0 IO_L2P_T0_13_AB16
A 405 410 10 0 2 0 PINTYPE=BI
P 38 400 420 350 420 0 3 0
A 355 420 10 0 3 0 #=AA16
L 345 420 10 0 8 0 1 0 IO_L1N_T0_13_AA16
A 405 420 10 0 2 0 PINTYPE=BI
P 39 400 430 350 430 0 3 0
A 355 430 10 0 3 0 #=Y16
L 345 430 10 0 8 0 1 0 IO_L1P_T0_13_Y16
A 405 430 10 0 2 0 PINTYPE=BI
P 40 400 440 350 440 0 3 0
A 355 440 10 0 3 0 #=Y17
L 345 440 10 0 8 0 1 0 IO_0_13_Y17
A 405 440 10 0 2 0 PINTYPE=BI
T 220 460 20 0 5 XC7A200TSBG484
T 220 480 20 0 5 BANK 13
c 70 550 10
U 50 580 10 0 3 3 DEVICE=XXXXXX
U 50 30 16 0 3 3 REFDES=U?
U 250 30 10 0 3 3 PKG_TYPE=XXXXXX
U 0 0 10 0 3 0 HETERO=xc7a200tsbg484_0,xc7a200tsbg484_13,xc7a200tsbg484_14,xc7a200tsbg484_15,xc7a200tsbg484_16,xc7a200tsbg484_34,xc7a200tsbg484_35,xc7a200tsbg484_216,xc7a200tsbg484_MGTAVCC,xc7a200tsbg484_MGTAVTT,xc7a200tsbg484_GND,xc7a200tsbg484_VCCINT,xc7a200tsbg484_VCCAUX,xc7a200tsbg484_VCCBRAM
U 0 -10 10 0 3 0 PARTS=1
U 0 -20 10 0 3 0 LEVEL=STD
U 0 -30 10 0 3 0 DATE=2012_03_01
E
