V 50
K 153165148200 xc7a15cpg236
Y 1
D 0 0 400 450
Z 10
i 946
b 50 50 350 400
P 1 0 100 50 100 0 2 0
A 45 100 10 0 9 0 #=D17
L 55 100 10 0 2 0 1 0 VCCO_15_D17
A 10 100 10 0 2 0 PINTYPE=BI
P 2 0 110 50 110 0 2 0
A 45 110 10 0 9 0 #=B12
L 55 110 10 0 2 0 1 0 VCCO_15_B12
A 10 110 10 0 2 0 PINTYPE=BI
P 3 0 120 50 120 0 2 0
A 45 120 10 0 9 0 #=A16
L 55 120 10 0 2 0 1 0 VCCO_15_A16
A 10 120 10 0 2 0 PINTYPE=BI
P 4 400 100 350 100 0 3 0
A 355 100 10 0 3 0 #=C16
L 345 100 10 0 8 0 1 0 IO_L19N_T3_A21_VREF_15_C16
A 405 100 10 0 2 0 PINTYPE=BI
P 5 400 110 350 110 0 3 0
A 355 110 10 0 3 0 #=D16
L 345 110 10 0 8 0 1 0 IO_L19P_T3_A22_15_D16
A 405 110 10 0 2 0 PINTYPE=BI
P 6 400 120 350 120 0 3 0
A 355 120 10 0 3 0 #=C18
L 345 120 10 0 8 0 1 0 IO_L14N_T2_SRCC_15_C18
A 405 120 10 0 2 0 PINTYPE=BI
P 7 400 130 350 130 0 3 0
A 355 130 10 0 3 0 #=D18
L 345 130 10 0 8 0 1 0 IO_L14P_T2_SRCC_15_D18
A 405 130 10 0 2 0 PINTYPE=BI
P 8 400 140 350 140 0 3 0
A 355 140 10 0 3 0 #=B18
L 345 140 10 0 8 0 1 0 IO_L13N_T2_MRCC_15_B18
A 405 140 10 0 2 0 PINTYPE=BI
P 9 400 150 350 150 0 3 0
A 355 150 10 0 3 0 #=C17
L 345 150 10 0 8 0 1 0 IO_L13P_T2_MRCC_15_C17
A 405 150 10 0 2 0 PINTYPE=BI
P 10 400 160 350 160 0 3 0
A 355 160 10 0 3 0 #=A17
L 345 160 10 0 8 0 1 0 IO_L12N_T1_MRCC_15_A17
A 405 160 10 0 2 0 PINTYPE=BI
P 11 400 170 350 170 0 3 0
A 355 170 10 0 3 0 #=B17
L 345 170 10 0 8 0 1 0 IO_L12P_T1_MRCC_15_B17
A 405 170 10 0 2 0 PINTYPE=BI
P 12 400 180 350 180 0 3 0
A 355 180 10 0 3 0 #=B16
L 345 180 10 0 8 0 1 0 IO_L11N_T1_SRCC_15_B16
A 405 180 10 0 2 0 PINTYPE=BI
P 13 400 190 350 190 0 3 0
A 355 190 10 0 3 0 #=B15
L 345 190 10 0 8 0 1 0 IO_L11P_T1_SRCC_15_B15
A 405 190 10 0 2 0 PINTYPE=BI
P 14 400 200 350 200 0 3 0
A 355 200 10 0 3 0 #=E12
L 345 200 10 0 8 0 1 0 IO_L6N_T0_VREF_15_E12
A 405 200 10 0 2 0 PINTYPE=BI
P 15 400 210 350 210 0 3 0
A 355 210 10 0 3 0 #=E11
L 345 210 10 0 8 0 1 0 IO_L6P_T0_15_E11
A 405 210 10 0 2 0 PINTYPE=BI
P 16 400 220 350 220 0 3 0
A 355 220 10 0 3 0 #=A15
L 345 220 10 0 8 0 1 0 IO_L5N_T0_AD9N_15_A15
A 405 220 10 0 2 0 PINTYPE=BI
P 17 400 230 350 230 0 3 0
A 355 230 10 0 3 0 #=B14
L 345 230 10 0 8 0 1 0 IO_L5P_T0_AD9P_15_B14
A 405 230 10 0 2 0 PINTYPE=BI
P 18 400 240 350 240 0 3 0
A 355 240 10 0 3 0 #=A13
L 345 240 10 0 8 0 1 0 IO_L3N_T0_DQS_AD1N_15_A13
A 405 240 10 0 2 0 PINTYPE=BI
P 19 400 250 350 250 0 3 0
A 355 250 10 0 3 0 #=B13
L 345 250 10 0 8 0 1 0 IO_L3P_T0_DQS_AD1P_15_B13
A 405 250 10 0 2 0 PINTYPE=BI
P 20 400 260 350 260 0 3 0
A 355 260 10 0 3 0 #=A11
L 345 260 10 0 8 0 1 0 IO_L2N_T0_AD8N_15_A11
A 405 260 10 0 2 0 PINTYPE=BI
P 21 400 270 350 270 0 3 0
A 355 270 10 0 3 0 #=B10
L 345 270 10 0 8 0 1 0 IO_L2P_T0_AD8P_15_B10
A 405 270 10 0 2 0 PINTYPE=BI
P 22 400 280 350 280 0 3 0
A 355 280 10 0 3 0 #=A12
L 345 280 10 0 8 0 1 0 IO_L1N_T0_AD0N_15_A12
A 405 280 10 0 2 0 PINTYPE=BI
P 23 400 290 350 290 0 3 0
A 355 290 10 0 3 0 #=B11
L 345 290 10 0 8 0 1 0 IO_L1P_T0_AD0P_15_B11
A 405 290 10 0 2 0 PINTYPE=BI
T 220 310 20 0 5 XC7A15CPG236
T 220 330 20 0 5 BANK 15_H
c 70 380 10
U 50 410 10 0 3 3 DEVICE=XXXXXX
U 50 30 16 0 3 3 REFDES=U?
U 250 30 10 0 3 3 PKG_TYPE=XXXXXX
U 0 0 10 0 3 0 HETERO=xc7a15cpg236_0_H,xc7a15cpg236_14_H,xc7a15cpg236_15_H,xc7a15cpg236_34_H,xc7a15cpg236_35_H,xc7a15cpg236_GND_H,xc7a15cpg236_VCCINT_H,xc7a15cpg236_VCCAUX_H,xc7a15cpg236_VCCBRAM_H
U 0 -10 10 0 3 0 PARTS=1
U 0 -20 10 0 3 0 LEVEL=STD
U 0 -30 10 0 3 0 DATE=2011_11_18
E
