V 50
K 153165148200 xc7k160tfbg484
Y 1
D 0 0 400 370
Z 10
i 946
b 50 50 350 320
P 1 0 100 50 100 0 2 0
A 45 100 10 0 9 0 #=J7
L 55 100 10 0 2 0 1 0 VCCO_0_J7
A 10 100 10 0 2 0 PINTYPE=BI
P 2 0 110 50 110 0 2 0
A 45 110 10 0 9 0 #=N7
L 55 110 10 0 2 0 1 0 VCCO_0_N7
A 10 110 10 0 2 0 PINTYPE=BI
P 3 400 100 350 100 0 3 0
A 355 100 10 0 3 0 #=H6
L 345 100 10 0 8 0 1 0 M1_0_H6
A 405 100 10 0 2 0 PINTYPE=BI
P 4 400 110 350 110 0 3 0
A 355 110 10 0 3 0 #=H7
L 345 110 10 0 8 0 1 0 M0_0_H7
A 405 110 10 0 2 0 PINTYPE=BI
P 5 400 120 350 120 0 3 0
A 355 120 10 0 3 0 #=J5
L 345 120 10 0 8 0 1 0 M2_0_J5
A 405 120 10 0 2 0 PINTYPE=BI
P 6 400 130 350 130 0 3 0
A 355 130 10 0 3 0 #=P6
L 345 130 10 0 8 0 1 0 DONE_0_P6
A 405 130 10 0 2 0 PINTYPE=BI
P 7 400 140 350 140 0 3 0
A 355 140 10 0 3 0 #=M7
L 345 140 10 0 8 0 1 0 CFGBVS_0_M7
A 405 140 10 0 2 0 PINTYPE=BI
P 8 400 150 350 150 0 3 0
A 355 150 10 0 3 0 #=M6
L 345 150 10 0 8 0 1 0 PROGRAM_B_0_M6
A 405 150 10 0 2 0 PINTYPE=BI
P 9 400 160 350 160 0 3 0
A 355 160 10 0 3 0 #=L7
L 345 160 10 0 8 0 1 0 INIT_B_0_L7
A 405 160 10 0 2 0 PINTYPE=BI
P 10 400 170 350 170 0 3 0
A 355 170 10 0 3 0 #=K6
L 345 170 10 0 8 0 1 0 TDI_0_K6
A 405 170 10 0 2 0 PINTYPE=BI
P 11 400 180 350 180 0 3 0
A 355 180 10 0 3 0 #=J6
L 345 180 10 0 8 0 1 0 TDO_0_J6
A 405 180 10 0 2 0 PINTYPE=BI
P 12 400 190 350 190 0 3 0
A 355 190 10 0 3 0 #=L6
L 345 190 10 0 8 0 1 0 TMS_0_L6
A 405 190 10 0 2 0 PINTYPE=BI
P 13 400 200 350 200 0 3 0
A 355 200 10 0 3 0 #=K7
L 345 200 10 0 8 0 1 0 TCK_0_K7
A 405 200 10 0 2 0 PINTYPE=BI
P 14 400 210 350 210 0 3 0
A 355 210 10 0 3 0 #=G7
L 345 210 10 0 8 0 1 0 CCLK_0_G7
A 405 210 10 0 2 0 PINTYPE=BI
P 15 400 220 350 220 0 3 0
A 355 220 10 0 3 0 #=P7
L 345 220 10 0 8 0 1 0 VCCBATT_0_P7
A 405 220 10 0 2 0 PINTYPE=BI
T 220 240 20 0 5 XC7K160TFBG484
T 220 260 20 0 5 BANK 0_H
c 70 300 10
U 50 330 10 0 3 3 DEVICE=XXXXXX
U 50 30 16 0 3 3 REFDES=U?
U 250 30 10 0 3 3 PKG_TYPE=XXXXXX
U 0 0 10 0 3 0 HETERO=xc7k160tfbg484_0_H,xc7k160tfbg484_13_H,xc7k160tfbg484_14_H,xc7k160tfbg484_15_H,xc7k160tfbg484_16_H,xc7k160tfbg484_33_H,xc7k160tfbg484_34_H,xc7k160tfbg484_GND_H
U 0 -10 10 0 3 0 PARTS=1
U 0 -20 10 0 3 0 LEVEL=STD
U 0 -30 10 0 3 0 DATE=2012_01_13
E
