V 50
K 153165148200 xc7k325tffg900
Y 1
D 0 0 400 780
Z 10
i 946
b 50 50 350 730
P 1 400 100 350 100 0 3 0
A 355 100 10 0 3 0 #=Y13
L 345 100 10 0 8 0 1 0 IO_0_VRN_33_Y13
A 405 100 10 0 2 0 PINTYPE=BI
P 2 400 110 350 110 0 3 0
A 355 110 10 0 3 0 #=AA12
L 345 110 10 0 8 0 1 0 IO_L1P_T0_33_AA12
A 405 110 10 0 2 0 PINTYPE=BI
P 3 400 120 350 120 0 3 0
A 355 120 10 0 3 0 #=AB12
L 345 120 10 0 8 0 1 0 IO_L1N_T0_33_AB12
A 405 120 10 0 2 0 PINTYPE=BI
P 4 400 130 350 130 0 3 0
A 355 130 10 0 3 0 #=AA8
L 345 130 10 0 8 0 1 0 IO_L2P_T0_33_AA8
A 405 130 10 0 2 0 PINTYPE=BI
P 5 400 140 350 140 0 3 0
A 355 140 10 0 3 0 #=AB8
L 345 140 10 0 8 0 1 0 IO_L2N_T0_33_AB8
A 405 140 10 0 2 0 PINTYPE=BI
P 6 400 150 350 150 0 3 0
A 355 150 10 0 3 0 #=AB9
L 345 150 10 0 8 0 1 0 IO_L3P_T0_DQS_33_AB9
A 405 150 10 0 2 0 PINTYPE=BI
P 7 400 160 350 160 0 3 0
A 355 160 10 0 3 0 #=AC9
L 345 160 10 0 8 0 1 0 IO_L3N_T0_DQS_33_AC9
A 405 160 10 0 2 0 PINTYPE=BI
P 8 400 170 350 170 0 3 0
A 355 170 10 0 3 0 #=Y11
L 345 170 10 0 8 0 1 0 IO_L4P_T0_33_Y11
A 405 170 10 0 2 0 PINTYPE=BI
P 9 400 180 350 180 0 3 0
A 355 180 10 0 3 0 #=Y10
L 345 180 10 0 8 0 1 0 IO_L4N_T0_33_Y10
A 405 180 10 0 2 0 PINTYPE=BI
P 10 400 190 350 190 0 3 0
A 355 190 10 0 3 0 #=AA11
L 345 190 10 0 8 0 1 0 IO_L5P_T0_33_AA11
A 405 190 10 0 2 0 PINTYPE=BI
P 11 400 200 350 200 0 3 0
A 355 200 10 0 3 0 #=AA10
L 345 200 10 0 8 0 1 0 IO_L5N_T0_33_AA10
A 405 200 10 0 2 0 PINTYPE=BI
P 12 400 210 350 210 0 3 0
A 355 210 10 0 3 0 #=AA13
L 345 210 10 0 8 0 1 0 IO_L6P_T0_33_AA13
A 405 210 10 0 2 0 PINTYPE=BI
P 13 400 220 350 220 0 3 0
A 355 220 10 0 3 0 #=AB13
L 345 220 10 0 8 0 1 0 IO_L6N_T0_VREF_33_AB13
A 405 220 10 0 2 0 PINTYPE=BI
P 14 400 230 350 230 0 3 0
A 355 230 10 0 3 0 #=AB10
L 345 230 10 0 8 0 1 0 IO_L7P_T1_33_AB10
A 405 230 10 0 2 0 PINTYPE=BI
P 15 400 240 350 240 0 3 0
A 355 240 10 0 3 0 #=AC10
L 345 240 10 0 8 0 1 0 IO_L7N_T1_33_AC10
A 405 240 10 0 2 0 PINTYPE=BI
P 16 400 250 350 250 0 3 0
A 355 250 10 0 3 0 #=AD8
L 345 250 10 0 8 0 1 0 IO_L8P_T1_33_AD8
A 405 250 10 0 2 0 PINTYPE=BI
P 17 400 260 350 260 0 3 0
A 355 260 10 0 3 0 #=AE8
L 345 260 10 0 8 0 1 0 IO_L8N_T1_33_AE8
A 405 260 10 0 2 0 PINTYPE=BI
P 18 400 270 350 270 0 3 0
A 355 270 10 0 3 0 #=AC12
L 345 270 10 0 8 0 1 0 IO_L9P_T1_DQS_33_AC12
A 405 270 10 0 2 0 PINTYPE=BI
P 19 400 280 350 280 0 3 0
A 355 280 10 0 3 0 #=AC11
L 345 280 10 0 8 0 1 0 IO_L9N_T1_DQS_33_AC11
A 405 280 10 0 2 0 PINTYPE=BI
P 20 400 290 350 290 0 3 0
A 355 290 10 0 3 0 #=AD9
L 345 290 10 0 8 0 1 0 IO_L10P_T1_33_AD9
A 405 290 10 0 2 0 PINTYPE=BI
P 21 400 300 350 300 0 3 0
A 355 300 10 0 3 0 #=AE9
L 345 300 10 0 8 0 1 0 IO_L10N_T1_33_AE9
A 405 300 10 0 2 0 PINTYPE=BI
P 22 400 310 350 310 0 3 0
A 355 310 10 0 3 0 #=AE11
L 345 310 10 0 8 0 1 0 IO_L11P_T1_SRCC_33_AE11
A 405 310 10 0 2 0 PINTYPE=BI
P 23 400 320 350 320 0 3 0
A 355 320 10 0 3 0 #=AF11
L 345 320 10 0 8 0 1 0 IO_L11N_T1_SRCC_33_AF11
A 405 320 10 0 2 0 PINTYPE=BI
P 24 400 330 350 330 0 3 0
A 355 330 10 0 3 0 #=AD12
L 345 330 10 0 8 0 1 0 IO_L12P_T1_MRCC_33_AD12
A 405 330 10 0 2 0 PINTYPE=BI
P 25 400 340 350 340 0 3 0
A 355 340 10 0 3 0 #=AD11
L 345 340 10 0 8 0 1 0 IO_L12N_T1_MRCC_33_AD11
A 405 340 10 0 2 0 PINTYPE=BI
P 26 400 350 350 350 0 3 0
A 355 350 10 0 3 0 #=AG10
L 345 350 10 0 8 0 1 0 IO_L13P_T2_MRCC_33_AG10
A 405 350 10 0 2 0 PINTYPE=BI
P 27 400 360 350 360 0 3 0
A 355 360 10 0 3 0 #=AH10
L 345 360 10 0 8 0 1 0 IO_L13N_T2_MRCC_33_AH10
A 405 360 10 0 2 0 PINTYPE=BI
P 28 400 370 350 370 0 3 0
A 355 370 10 0 3 0 #=AE10
L 345 370 10 0 8 0 1 0 IO_L14P_T2_SRCC_33_AE10
A 405 370 10 0 2 0 PINTYPE=BI
P 29 400 380 350 380 0 3 0
A 355 380 10 0 3 0 #=AF10
L 345 380 10 0 8 0 1 0 IO_L14N_T2_SRCC_33_AF10
A 405 380 10 0 2 0 PINTYPE=BI
P 30 400 390 350 390 0 3 0
A 355 390 10 0 3 0 #=AJ9
L 345 390 10 0 8 0 1 0 IO_L15P_T2_DQS_33_AJ9
A 405 390 10 0 2 0 PINTYPE=BI
P 31 400 400 350 400 0 3 0
A 355 400 10 0 3 0 #=AK9
L 345 400 10 0 8 0 1 0 IO_L15N_T2_DQS_33_AK9
A 405 400 10 0 2 0 PINTYPE=BI
P 32 400 410 350 410 0 3 0
A 355 410 10 0 3 0 #=AG9
L 345 410 10 0 8 0 1 0 IO_L16P_T2_33_AG9
A 405 410 10 0 2 0 PINTYPE=BI
P 33 400 420 350 420 0 3 0
A 355 420 10 0 3 0 #=AH9
L 345 420 10 0 8 0 1 0 IO_L16N_T2_33_AH9
A 405 420 10 0 2 0 PINTYPE=BI
P 34 400 430 350 430 0 3 0
A 355 430 10 0 3 0 #=AK11
L 345 430 10 0 8 0 1 0 IO_L17P_T2_33_AK11
A 405 430 10 0 2 0 PINTYPE=BI
P 35 400 440 350 440 0 3 0
A 355 440 10 0 3 0 #=AK10
L 345 440 10 0 8 0 1 0 IO_L17N_T2_33_AK10
A 405 440 10 0 2 0 PINTYPE=BI
P 36 400 450 350 450 0 3 0
A 355 450 10 0 3 0 #=AH11
L 345 450 10 0 8 0 1 0 IO_L18P_T2_33_AH11
A 405 450 10 0 2 0 PINTYPE=BI
P 37 400 460 350 460 0 3 0
A 355 460 10 0 3 0 #=AJ11
L 345 460 10 0 8 0 1 0 IO_L18N_T2_33_AJ11
A 405 460 10 0 2 0 PINTYPE=BI
P 38 400 470 350 470 0 3 0
A 355 470 10 0 3 0 #=AE13
L 345 470 10 0 8 0 1 0 IO_L19P_T3_33_AE13
A 405 470 10 0 2 0 PINTYPE=BI
P 39 400 480 350 480 0 3 0
A 355 480 10 0 3 0 #=AF13
L 345 480 10 0 8 0 1 0 IO_L19N_T3_VREF_33_AF13
A 405 480 10 0 2 0 PINTYPE=BI
P 40 400 490 350 490 0 3 0
A 355 490 10 0 3 0 #=AK14
L 345 490 10 0 8 0 1 0 IO_L20P_T3_33_AK14
A 405 490 10 0 2 0 PINTYPE=BI
P 41 400 500 350 500 0 3 0
A 355 500 10 0 3 0 #=AK13
L 345 500 10 0 8 0 1 0 IO_L20N_T3_33_AK13
A 405 500 10 0 2 0 PINTYPE=BI
P 42 400 510 350 510 0 3 0
A 355 510 10 0 3 0 #=AH14
L 345 510 10 0 8 0 1 0 IO_L21P_T3_DQS_33_AH14
A 405 510 10 0 2 0 PINTYPE=BI
P 43 400 520 350 520 0 3 0
A 355 520 10 0 3 0 #=AJ14
L 345 520 10 0 8 0 1 0 IO_L21N_T3_DQS_33_AJ14
A 405 520 10 0 2 0 PINTYPE=BI
P 44 400 530 350 530 0 3 0
A 355 530 10 0 3 0 #=AJ13
L 345 530 10 0 8 0 1 0 IO_L22P_T3_33_AJ13
A 405 530 10 0 2 0 PINTYPE=BI
P 45 400 540 350 540 0 3 0
A 355 540 10 0 3 0 #=AJ12
L 345 540 10 0 8 0 1 0 IO_L22N_T3_33_AJ12
A 405 540 10 0 2 0 PINTYPE=BI
P 46 400 550 350 550 0 3 0
A 355 550 10 0 3 0 #=AF12
L 345 550 10 0 8 0 1 0 IO_L23P_T3_33_AF12
A 405 550 10 0 2 0 PINTYPE=BI
P 47 400 560 350 560 0 3 0
A 355 560 10 0 3 0 #=AG12
L 345 560 10 0 8 0 1 0 IO_L23N_T3_33_AG12
A 405 560 10 0 2 0 PINTYPE=BI
P 48 400 570 350 570 0 3 0
A 355 570 10 0 3 0 #=AG13
L 345 570 10 0 8 0 1 0 IO_L24P_T3_33_AG13
A 405 570 10 0 2 0 PINTYPE=BI
P 49 400 580 350 580 0 3 0
A 355 580 10 0 3 0 #=AH12
L 345 580 10 0 8 0 1 0 IO_L24N_T3_33_AH12
A 405 580 10 0 2 0 PINTYPE=BI
P 50 400 590 350 590 0 3 0
A 355 590 10 0 3 0 #=AD13
L 345 590 10 0 8 0 1 0 IO_25_VRP_33_AD13
A 405 590 10 0 2 0 PINTYPE=BI
P 51 0 100 50 100 0 2 0
A 45 100 10 0 9 0 #=AA9
L 55 100 10 0 2 0 1 0 VCCO_33_AA9
A 10 100 10 0 2 0 PINTYPE=BI
P 52 0 110 50 110 0 2 0
A 45 110 10 0 9 0 #=AC13
L 55 110 10 0 2 0 1 0 VCCO_33_AC13
A 10 110 10 0 2 0 PINTYPE=BI
P 53 0 120 50 120 0 2 0
A 45 120 10 0 9 0 #=AD10
L 55 120 10 0 2 0 1 0 VCCO_33_AD10
A 10 120 10 0 2 0 PINTYPE=BI
P 54 0 130 50 130 0 2 0
A 45 130 10 0 9 0 #=AG11
L 55 130 10 0 2 0 1 0 VCCO_33_AG11
A 10 130 10 0 2 0 PINTYPE=BI
P 55 0 140 50 140 0 2 0
A 45 140 10 0 9 0 #=AK12
L 55 140 10 0 2 0 1 0 VCCO_33_AK12
A 10 140 10 0 2 0 PINTYPE=BI
P 56 0 150 50 150 0 2 0
A 45 150 10 0 9 0 #=Y12
L 55 150 10 0 2 0 1 0 VCCO_33_Y12
A 10 150 10 0 2 0 PINTYPE=BI
T 220 610 20 0 5 XC7K325TFFG900
T 220 630 20 0 5 BANK 33
c 70 710 10
U 50 740 10 0 3 3 DEVICE=XXXXXX
U 50 30 16 0 3 3 REFDES=U?
U 250 30 10 0 3 3 PKG_TYPE=XXXXXX
U 0 0 10 0 3 0 HETERO=xc7k325tffg900_0,xc7k325tffg900_12,xc7k325tffg900_13,xc7k325tffg900_14,xc7k325tffg900_15,xc7k325tffg900_16,xc7k325tffg900_17,xc7k325tffg900_18,xc7k325tffg900_32,xc7k325tffg900_33,xc7k325tffg900_34,xc7k325tffg900_115,xc7k325tffg900_116,xc7k325tffg900_117,xc7k325tffg900_118,xc7k325tffg900_MGTAVCC,xc7k325tffg900_MGTVCCAUX,xc7k325tffg900_MGTAVTT,xc7k325tffg900_VCCBRAM,xc7k325tffg900_GND,xc7k325tffg900_VCCINT,xc7k325tffg900_VCCAUX,xc7k325tffg900_VCCAUX_IO_G0
U 0 -10 10 0 3 0 PARTS=1
U 0 -20 10 0 3 0 LEVEL=STD
U 0 -30 10 0 3 0 DATE=2011_06_01
E
