V 50
K 153165148200 xc7k480tffg901
Y 1
D 0 0 400 560
Z 10
i 946
b 50 50 350 510
P 1 0 100 50 100 0 2 0
A 45 100 10 0 9 0 #=J15
L 55 100 10 0 2 0 1 0 VCCO_18_J15
A 10 100 10 0 2 0 PINTYPE=BI
P 2 0 110 50 110 0 2 0
A 45 110 10 0 9 0 #=F14
L 55 110 10 0 2 0 1 0 VCCO_18_F14
A 10 110 10 0 2 0 PINTYPE=BI
P 3 0 120 50 120 0 2 0
A 45 120 10 0 9 0 #=E17
L 55 120 10 0 2 0 1 0 VCCO_18_E17
A 10 120 10 0 2 0 PINTYPE=BI
P 4 0 130 50 130 0 2 0
A 45 130 10 0 9 0 #=B16
L 55 130 10 0 2 0 1 0 VCCO_18_B16
A 10 130 10 0 2 0 PINTYPE=BI
P 5 400 100 350 100 0 3 0
A 355 100 10 0 3 0 #=A17
L 345 100 10 0 8 0 1 0 IO_L20N_T3_18_A17
A 405 100 10 0 2 0 PINTYPE=BI
P 6 400 110 350 110 0 3 0
A 355 110 10 0 3 0 #=B17
L 345 110 10 0 8 0 1 0 IO_L20P_T3_18_B17
A 405 110 10 0 2 0 PINTYPE=BI
P 7 400 120 350 120 0 3 0
A 355 120 10 0 3 0 #=C17
L 345 120 10 0 8 0 1 0 IO_L19N_T3_VREF_18_C17
A 405 120 10 0 2 0 PINTYPE=BI
P 8 400 130 350 130 0 3 0
A 355 130 10 0 3 0 #=D17
L 345 130 10 0 8 0 1 0 IO_L19P_T3_18_D17
A 405 130 10 0 2 0 PINTYPE=BI
P 9 400 140 350 140 0 3 0
A 355 140 10 0 3 0 #=A16
L 345 140 10 0 8 0 1 0 IO_L18N_T2_18_A16
A 405 140 10 0 2 0 PINTYPE=BI
P 10 400 150 350 150 0 3 0
A 355 150 10 0 3 0 #=A15
L 345 150 10 0 8 0 1 0 IO_L18P_T2_18_A15
A 405 150 10 0 2 0 PINTYPE=BI
P 11 400 160 350 160 0 3 0
A 355 160 10 0 3 0 #=A14
L 345 160 10 0 8 0 1 0 IO_L17N_T2_18_A14
A 405 160 10 0 2 0 PINTYPE=BI
P 12 400 170 350 170 0 3 0
A 355 170 10 0 3 0 #=B14
L 345 170 10 0 8 0 1 0 IO_L17P_T2_18_B14
A 405 170 10 0 2 0 PINTYPE=BI
P 13 400 180 350 180 0 3 0
A 355 180 10 0 3 0 #=B15
L 345 180 10 0 8 0 1 0 IO_L16N_T2_18_B15
A 405 180 10 0 2 0 PINTYPE=BI
P 14 400 190 350 190 0 3 0
A 355 190 10 0 3 0 #=C14
L 345 190 10 0 8 0 1 0 IO_L16P_T2_18_C14
A 405 190 10 0 2 0 PINTYPE=BI
P 15 400 200 350 200 0 3 0
A 355 200 10 0 3 0 #=D14
L 345 200 10 0 8 0 1 0 IO_L15N_T2_DQS_18_D14
A 405 200 10 0 2 0 PINTYPE=BI
P 16 400 210 350 210 0 3 0
A 355 210 10 0 3 0 #=E14
L 345 210 10 0 8 0 1 0 IO_L15P_T2_DQS_18_E14
A 405 210 10 0 2 0 PINTYPE=BI
P 17 400 220 350 220 0 3 0
A 355 220 10 0 3 0 #=D16
L 345 220 10 0 8 0 1 0 IO_L14N_T2_SRCC_18_D16
A 405 220 10 0 2 0 PINTYPE=BI
P 18 400 230 350 230 0 3 0
A 355 230 10 0 3 0 #=E15
L 345 230 10 0 8 0 1 0 IO_L14P_T2_SRCC_18_E15
A 405 230 10 0 2 0 PINTYPE=BI
P 19 400 240 350 240 0 3 0
A 355 240 10 0 3 0 #=C16
L 345 240 10 0 8 0 1 0 IO_L13N_T2_MRCC_18_C16
A 405 240 10 0 2 0 PINTYPE=BI
P 20 400 250 350 250 0 3 0
A 355 250 10 0 3 0 #=C15
L 345 250 10 0 8 0 1 0 IO_L13P_T2_MRCC_18_C15
A 405 250 10 0 2 0 PINTYPE=BI
P 21 400 260 350 260 0 3 0
A 355 260 10 0 3 0 #=F15
L 345 260 10 0 8 0 1 0 IO_L12N_T1_MRCC_18_F15
A 405 260 10 0 2 0 PINTYPE=BI
P 22 400 270 350 270 0 3 0
A 355 270 10 0 3 0 #=G15
L 345 270 10 0 8 0 1 0 IO_L12P_T1_MRCC_18_G15
A 405 270 10 0 2 0 PINTYPE=BI
P 23 400 280 350 280 0 3 0
A 355 280 10 0 3 0 #=E16
L 345 280 10 0 8 0 1 0 IO_L11N_T1_SRCC_18_E16
A 405 280 10 0 2 0 PINTYPE=BI
P 24 400 290 350 290 0 3 0
A 355 290 10 0 3 0 #=F16
L 345 290 10 0 8 0 1 0 IO_L11P_T1_SRCC_18_F16
A 405 290 10 0 2 0 PINTYPE=BI
P 25 400 300 350 300 0 3 0
A 355 300 10 0 3 0 #=F17
L 345 300 10 0 8 0 1 0 IO_L10N_T1_18_F17
A 405 300 10 0 2 0 PINTYPE=BI
P 26 400 310 350 310 0 3 0
A 355 310 10 0 3 0 #=G17
L 345 310 10 0 8 0 1 0 IO_L10P_T1_18_G17
A 405 310 10 0 2 0 PINTYPE=BI
P 27 400 320 350 320 0 3 0
A 355 320 10 0 3 0 #=G14
L 345 320 10 0 8 0 1 0 IO_L9N_T1_DQS_18_G14
A 405 320 10 0 2 0 PINTYPE=BI
P 28 400 330 350 330 0 3 0
A 355 330 10 0 3 0 #=H14
L 345 330 10 0 8 0 1 0 IO_L9P_T1_DQS_18_H14
A 405 330 10 0 2 0 PINTYPE=BI
P 29 400 340 350 340 0 3 0
A 355 340 10 0 3 0 #=H17
L 345 340 10 0 8 0 1 0 IO_L8N_T1_18_H17
A 405 340 10 0 2 0 PINTYPE=BI
P 30 400 350 350 350 0 3 0
A 355 350 10 0 3 0 #=H16
L 345 350 10 0 8 0 1 0 IO_L8P_T1_18_H16
A 405 350 10 0 2 0 PINTYPE=BI
P 31 400 360 350 360 0 3 0
A 355 360 10 0 3 0 #=H15
L 345 360 10 0 8 0 1 0 IO_L7N_T1_18_H15
A 405 360 10 0 2 0 PINTYPE=BI
P 32 400 370 350 370 0 3 0
A 355 370 10 0 3 0 #=J14
L 345 370 10 0 8 0 1 0 IO_L7P_T1_18_J14
A 405 370 10 0 2 0 PINTYPE=BI
P 33 400 380 350 380 0 3 0
A 355 380 10 0 3 0 #=J17
L 345 380 10 0 8 0 1 0 IO_L6N_T0_VREF_18_J17
A 405 380 10 0 2 0 PINTYPE=BI
P 34 400 390 350 390 0 3 0
A 355 390 10 0 3 0 #=J16
L 345 390 10 0 8 0 1 0 IO_L6P_T0_18_J16
A 405 390 10 0 2 0 PINTYPE=BI
T 220 410 20 0 5 XC7K480TFFG901
T 220 430 20 0 5 BANK 18
c 70 490 10
U 50 520 10 0 3 3 DEVICE=XXXXXX
U 50 30 16 0 3 3 REFDES=U?
U 250 30 10 0 3 3 PKG_TYPE=XXXXXX
U 0 0 10 0 3 0 HETERO=xc7k480tffg901_0,xc7k480tffg901_11,xc7k480tffg901_12,xc7k480tffg901_13,xc7k480tffg901_14,xc7k480tffg901_15,xc7k480tffg901_16,xc7k480tffg901_17,xc7k480tffg901_18,xc7k480tffg901_111,xc7k480tffg901_112,xc7k480tffg901_113,xc7k480tffg901_114,xc7k480tffg901_115,xc7k480tffg901_116,xc7k480tffg901_117,xc7k480tffg901_MGTAVCC_G11,xc7k480tffg901_MGTAVCC_G10,xc7k480tffg901_MGTVCCAUX_G11,xc7k480tffg901_MGTVCCAUX_G10,xc7k480tffg901_MGTAVTT_G11,xc7k480tffg901_MGTAVTT_G10,xc7k480tffg901_GND,xc7k480tffg901_VCCINT,xc7k480tffg901_VCCAUX,xc7k480tffg901_VCCBRAM
U 0 -10 10 0 3 0 PARTS=1
U 0 -20 10 0 3 0 LEVEL=STD
U 0 -30 10 0 3 0 DATE=2011_05_05
E
