V 50
K 153165148200 xc7k480tffg1156
Y 1
D 0 0 400 360
Z 10
i 946
b 50 50 350 310
P 1 400 100 350 100 0 3 0
A 355 100 10 0 3 0 #=AA16
L 345 100 10 0 8 0 1 0 VCCAUX_AA16
A 405 100 10 0 2 0 PINTYPE=BI
P 2 400 110 350 110 0 3 0
A 355 110 10 0 3 0 #=AA18
L 345 110 10 0 8 0 1 0 VCCAUX_AA18
A 405 110 10 0 2 0 PINTYPE=BI
P 3 400 120 350 120 0 3 0
A 355 120 10 0 3 0 #=AB15
L 345 120 10 0 8 0 1 0 VCCAUX_AB15
A 405 120 10 0 2 0 PINTYPE=BI
P 4 400 130 350 130 0 3 0
A 355 130 10 0 3 0 #=AB17
L 345 130 10 0 8 0 1 0 VCCAUX_AB17
A 405 130 10 0 2 0 PINTYPE=BI
P 5 400 140 350 140 0 3 0
A 355 140 10 0 3 0 #=AC16
L 345 140 10 0 8 0 1 0 VCCAUX_AC16
A 405 140 10 0 2 0 PINTYPE=BI
P 6 400 150 350 150 0 3 0
A 355 150 10 0 3 0 #=AC18
L 345 150 10 0 8 0 1 0 VCCAUX_AC18
A 405 150 10 0 2 0 PINTYPE=BI
P 7 400 160 350 160 0 3 0
A 355 160 10 0 3 0 #=AD15
L 345 160 10 0 8 0 1 0 VCCAUX_AD15
A 405 160 10 0 2 0 PINTYPE=BI
P 8 400 170 350 170 0 3 0
A 355 170 10 0 3 0 #=AD17
L 345 170 10 0 8 0 1 0 VCCAUX_AD17
A 405 170 10 0 2 0 PINTYPE=BI
P 9 400 180 350 180 0 3 0
A 355 180 10 0 3 0 #=AE16
L 345 180 10 0 8 0 1 0 VCCAUX_AE16
A 405 180 10 0 2 0 PINTYPE=BI
P 10 400 190 350 190 0 3 0
A 355 190 10 0 3 0 #=AE18
L 345 190 10 0 8 0 1 0 VCCAUX_AE18
A 405 190 10 0 2 0 PINTYPE=BI
P 11 400 200 350 200 0 3 0
A 355 200 10 0 3 0 #=AF15
L 345 200 10 0 8 0 1 0 VCCAUX_AF15
A 405 200 10 0 2 0 PINTYPE=BI
P 12 400 210 350 210 0 3 0
A 355 210 10 0 3 0 #=AF17
L 345 210 10 0 8 0 1 0 VCCAUX_AF17
A 405 210 10 0 2 0 PINTYPE=BI
P 13 400 220 350 220 0 3 0
A 355 220 10 0 3 0 #=Y15
L 345 220 10 0 8 0 1 0 VCCAUX_Y15
A 405 220 10 0 2 0 PINTYPE=BI
P 14 400 230 350 230 0 3 0
A 355 230 10 0 3 0 #=Y17
L 345 230 10 0 8 0 1 0 VCCAUX_Y17
A 405 230 10 0 2 0 PINTYPE=BI
T 220 250 20 0 5 XC7K480TFFG1156
T 220 270 20 0 5 BANK VCCAUX
c 70 290 10
U 50 320 10 0 3 3 DEVICE=XXXXXX
U 50 30 16 0 3 3 REFDES=U?
U 250 30 10 0 3 3 PKG_TYPE=XXXXXX
U 0 0 10 0 3 0 HETERO=xc7k480tffg1156_0,xc7k480tffg1156_11,xc7k480tffg1156_12,xc7k480tffg1156_13,xc7k480tffg1156_14,xc7k480tffg1156_15,xc7k480tffg1156_16,xc7k480tffg1156_17,xc7k480tffg1156_18,xc7k480tffg1156_111,xc7k480tffg1156_112,xc7k480tffg1156_113,xc7k480tffg1156_114,xc7k480tffg1156_115,xc7k480tffg1156_116,xc7k480tffg1156_117,xc7k480tffg1156_118,xc7k480tffg1156_MGTAVCC_G11,xc7k480tffg1156_MGTAVCC_G10,xc7k480tffg1156_MGTVCCAUX_G11,xc7k480tffg1156_MGTVCCAUX_G10,xc7k480tffg1156_MGTAVTT_G11,xc7k480tffg1156_MGTAVTT_G10,xc7k480tffg1156_GND1,xc7k480tffg1156_GND2,xc7k480tffg1156_VCCINT,xc7k480tffg1156_VCCAUX,xc7k480tffg1156_VCCBRAM
U 0 -10 10 0 3 0 PARTS=1
U 0 -20 10 0 3 0 LEVEL=STD
U 0 -30 10 0 3 0 DATE=2011_05_05
E
