V 50
K 153165148200 xc7k480tffg1156
Y 1
D 0 0 400 440
Z 10
i 946
b 50 50 350 390
P 1 400 100 350 100 0 3 0
A 355 100 10 0 3 0 #=T9
L 345 100 10 0 8 0 1 0 MGTRREF_115_T9
A 405 100 10 0 2 0 PINTYPE=BI
P 2 400 110 350 110 0 3 0
A 355 110 10 0 3 0 #=T10
L 345 110 10 0 8 0 1 0 MGTAVTTRCAL_115_T10
A 405 110 10 0 2 0 PINTYPE=BI
P 3 400 120 350 120 0 3 0
A 355 120 10 0 3 0 #=U7
L 345 120 10 0 8 0 1 0 MGTREFCLK1N_115_U7
A 405 120 10 0 2 0 PINTYPE=BI
P 4 400 130 350 130 0 3 0
A 355 130 10 0 3 0 #=U8
L 345 130 10 0 8 0 1 0 MGTREFCLK1P_115_U8
A 405 130 10 0 2 0 PINTYPE=BI
P 5 400 140 350 140 0 3 0
A 355 140 10 0 3 0 #=R7
L 345 140 10 0 8 0 1 0 MGTREFCLK0N_115_R7
A 405 140 10 0 2 0 PINTYPE=BI
P 6 400 150 350 150 0 3 0
A 355 150 10 0 3 0 #=R8
L 345 150 10 0 8 0 1 0 MGTREFCLK0P_115_R8
A 405 150 10 0 2 0 PINTYPE=BI
P 7 400 160 350 160 0 3 0
A 355 160 10 0 3 0 #=M5
L 345 160 10 0 8 0 1 0 MGTXRXN3_115_M5
A 405 160 10 0 2 0 PINTYPE=BI
P 8 400 170 350 170 0 3 0
A 355 170 10 0 3 0 #=M6
L 345 170 10 0 8 0 1 0 MGTXRXP3_115_M6
A 405 170 10 0 2 0 PINTYPE=BI
P 9 400 180 350 180 0 3 0
A 355 180 10 0 3 0 #=N3
L 345 180 10 0 8 0 1 0 MGTXTXN3_115_N3
A 405 180 10 0 2 0 PINTYPE=BI
P 10 400 190 350 190 0 3 0
A 355 190 10 0 3 0 #=N4
L 345 190 10 0 8 0 1 0 MGTXTXP3_115_N4
A 405 190 10 0 2 0 PINTYPE=BI
P 11 400 200 350 200 0 3 0
A 355 200 10 0 3 0 #=P5
L 345 200 10 0 8 0 1 0 MGTXRXN2_115_P5
A 405 200 10 0 2 0 PINTYPE=BI
P 12 400 210 350 210 0 3 0
A 355 210 10 0 3 0 #=P6
L 345 210 10 0 8 0 1 0 MGTXRXP2_115_P6
A 405 210 10 0 2 0 PINTYPE=BI
P 13 400 220 350 220 0 3 0
A 355 220 10 0 3 0 #=P1
L 345 220 10 0 8 0 1 0 MGTXTXN2_115_P1
A 405 220 10 0 2 0 PINTYPE=BI
P 14 400 230 350 230 0 3 0
A 355 230 10 0 3 0 #=P2
L 345 230 10 0 8 0 1 0 MGTXTXP2_115_P2
A 405 230 10 0 2 0 PINTYPE=BI
P 15 400 240 350 240 0 3 0
A 355 240 10 0 3 0 #=R3
L 345 240 10 0 8 0 1 0 MGTXRXN1_115_R3
A 405 240 10 0 2 0 PINTYPE=BI
P 16 400 250 350 250 0 3 0
A 355 250 10 0 3 0 #=R4
L 345 250 10 0 8 0 1 0 MGTXRXP1_115_R4
A 405 250 10 0 2 0 PINTYPE=BI
P 17 400 260 350 260 0 3 0
A 355 260 10 0 3 0 #=T1
L 345 260 10 0 8 0 1 0 MGTXTXN1_115_T1
A 405 260 10 0 2 0 PINTYPE=BI
P 18 400 270 350 270 0 3 0
A 355 270 10 0 3 0 #=T2
L 345 270 10 0 8 0 1 0 MGTXTXP1_115_T2
A 405 270 10 0 2 0 PINTYPE=BI
P 19 400 280 350 280 0 3 0
A 355 280 10 0 3 0 #=T5
L 345 280 10 0 8 0 1 0 MGTXRXN0_115_T5
A 405 280 10 0 2 0 PINTYPE=BI
P 20 400 290 350 290 0 3 0
A 355 290 10 0 3 0 #=T6
L 345 290 10 0 8 0 1 0 MGTXRXP0_115_T6
A 405 290 10 0 2 0 PINTYPE=BI
P 21 400 300 350 300 0 3 0
A 355 300 10 0 3 0 #=U3
L 345 300 10 0 8 0 1 0 MGTXTXN0_115_U3
A 405 300 10 0 2 0 PINTYPE=BI
P 22 400 310 350 310 0 3 0
A 355 310 10 0 3 0 #=U4
L 345 310 10 0 8 0 1 0 MGTXTXP0_115_U4
A 405 310 10 0 2 0 PINTYPE=BI
T 220 330 20 0 5 XC7K480TFFG1156
T 220 350 20 0 5 BANK 115
c 70 370 10
U 50 400 10 0 3 3 DEVICE=XXXXXX
U 50 30 16 0 3 3 REFDES=U?
U 250 30 10 0 3 3 PKG_TYPE=XXXXXX
U 0 0 10 0 3 0 HETERO=xc7k480tffg1156_0,xc7k480tffg1156_11,xc7k480tffg1156_12,xc7k480tffg1156_13,xc7k480tffg1156_14,xc7k480tffg1156_15,xc7k480tffg1156_16,xc7k480tffg1156_17,xc7k480tffg1156_18,xc7k480tffg1156_111,xc7k480tffg1156_112,xc7k480tffg1156_113,xc7k480tffg1156_114,xc7k480tffg1156_115,xc7k480tffg1156_116,xc7k480tffg1156_117,xc7k480tffg1156_118,xc7k480tffg1156_MGTAVCC_G11,xc7k480tffg1156_MGTAVCC_G10,xc7k480tffg1156_MGTVCCAUX_G11,xc7k480tffg1156_MGTVCCAUX_G10,xc7k480tffg1156_MGTAVTT_G11,xc7k480tffg1156_MGTAVTT_G10,xc7k480tffg1156_GND1,xc7k480tffg1156_GND2,xc7k480tffg1156_VCCINT,xc7k480tffg1156_VCCAUX,xc7k480tffg1156_VCCBRAM
U 0 -10 10 0 3 0 PARTS=1
U 0 -20 10 0 3 0 LEVEL=STD
U 0 -30 10 0 3 0 DATE=2011_05_05
E
