V 50
K 153165148200 xc7k480tffg1156
Y 1
D 0 0 400 320
Z 10
i 946
b 50 50 350 270
P 1 400 100 350 100 0 3 0
A 355 100 10 0 3 0 #=AA6
L 345 100 10 0 8 0 1 0 MGTAVCC_G10_AA6
A 405 100 10 0 2 0 PINTYPE=BI
P 2 400 110 350 110 0 3 0
A 355 110 10 0 3 0 #=AC6
L 345 110 10 0 8 0 1 0 MGTAVCC_G10_AC6
A 405 110 10 0 2 0 PINTYPE=BI
P 3 400 120 350 120 0 3 0
A 355 120 10 0 3 0 #=AE6
L 345 120 10 0 8 0 1 0 MGTAVCC_G10_AE6
A 405 120 10 0 2 0 PINTYPE=BI
P 4 400 130 350 130 0 3 0
A 355 130 10 0 3 0 #=AG6
L 345 130 10 0 8 0 1 0 MGTAVCC_G10_AG6
A 405 130 10 0 2 0 PINTYPE=BI
P 5 400 140 350 140 0 3 0
A 355 140 10 0 3 0 #=AJ6
L 345 140 10 0 8 0 1 0 MGTAVCC_G10_AJ6
A 405 140 10 0 2 0 PINTYPE=BI
P 6 400 150 350 150 0 3 0
A 355 150 10 0 3 0 #=AJ9
L 345 150 10 0 8 0 1 0 MGTAVCC_G10_AJ9
A 405 150 10 0 2 0 PINTYPE=BI
P 7 400 160 350 160 0 3 0
A 355 160 10 0 3 0 #=AK12
L 345 160 10 0 8 0 1 0 MGTAVCC_G10_AK12
A 405 160 10 0 2 0 PINTYPE=BI
P 8 400 170 350 170 0 3 0
A 355 170 10 0 3 0 #=AM12
L 345 170 10 0 8 0 1 0 MGTAVCC_G10_AM12
A 405 170 10 0 2 0 PINTYPE=BI
P 9 400 180 350 180 0 3 0
A 355 180 10 0 3 0 #=AP12
L 345 180 10 0 8 0 1 0 MGTAVCC_G10_AP12
A 405 180 10 0 2 0 PINTYPE=BI
P 10 400 190 350 190 0 3 0
A 355 190 10 0 3 0 #=W6
L 345 190 10 0 8 0 1 0 MGTAVCC_G10_W6
A 405 190 10 0 2 0 PINTYPE=BI
T 220 210 20 0 5 XC7K480TFFG1156
T 220 230 20 0 5 BANK MGTAVCC_G10
c 70 250 10
U 50 280 10 0 3 3 DEVICE=XXXXXX
U 50 30 16 0 3 3 REFDES=U?
U 250 30 10 0 3 3 PKG_TYPE=XXXXXX
U 0 0 10 0 3 0 HETERO=xc7k480tffg1156_0,xc7k480tffg1156_11,xc7k480tffg1156_12,xc7k480tffg1156_13,xc7k480tffg1156_14,xc7k480tffg1156_15,xc7k480tffg1156_16,xc7k480tffg1156_17,xc7k480tffg1156_18,xc7k480tffg1156_111,xc7k480tffg1156_112,xc7k480tffg1156_113,xc7k480tffg1156_114,xc7k480tffg1156_115,xc7k480tffg1156_116,xc7k480tffg1156_117,xc7k480tffg1156_118,xc7k480tffg1156_MGTAVCC_G11,xc7k480tffg1156_MGTAVCC_G10,xc7k480tffg1156_MGTVCCAUX_G11,xc7k480tffg1156_MGTVCCAUX_G10,xc7k480tffg1156_MGTAVTT_G11,xc7k480tffg1156_MGTAVTT_G10,xc7k480tffg1156_GND1,xc7k480tffg1156_GND2,xc7k480tffg1156_VCCINT,xc7k480tffg1156_VCCAUX,xc7k480tffg1156_VCCBRAM
U 0 -10 10 0 3 0 PARTS=1
U 0 -20 10 0 3 0 LEVEL=STD
U 0 -30 10 0 3 0 DATE=2011_05_05
E
