V 50
K 153165148200 xc7k160tfbg484
Y 1
D 0 0 400 360
Z 10
i 946
b 50 50 350 310
P 1 400 100 350 100 0 3 0
A 355 100 10 0 3 0 #=J11
L 345 100 10 0 8 0 1 0 VCCINT_J11
A 405 100 10 0 2 0 PINTYPE=BI
P 2 400 110 350 110 0 3 0
A 355 110 10 0 3 0 #=J13
L 345 110 10 0 8 0 1 0 VCCINT_J13
A 405 110 10 0 2 0 PINTYPE=BI
P 3 400 120 350 120 0 3 0
A 355 120 10 0 3 0 #=J15
L 345 120 10 0 8 0 1 0 VCCINT_J15
A 405 120 10 0 2 0 PINTYPE=BI
P 4 400 130 350 130 0 3 0
A 355 130 10 0 3 0 #=J9
L 345 130 10 0 8 0 1 0 VCCINT_J9
A 405 130 10 0 2 0 PINTYPE=BI
P 5 400 140 350 140 0 3 0
A 355 140 10 0 3 0 #=K14
L 345 140 10 0 8 0 1 0 VCCINT_K14
A 405 140 10 0 2 0 PINTYPE=BI
P 6 400 150 350 150 0 3 0
A 355 150 10 0 3 0 #=K8
L 345 150 10 0 8 0 1 0 VCCINT_K8
A 405 150 10 0 2 0 PINTYPE=BI
P 7 400 160 350 160 0 3 0
A 355 160 10 0 3 0 #=L15
L 345 160 10 0 8 0 1 0 VCCINT_L15
A 405 160 10 0 2 0 PINTYPE=BI
P 8 400 170 350 170 0 3 0
A 355 170 10 0 3 0 #=L9
L 345 170 10 0 8 0 1 0 VCCINT_L9
A 405 170 10 0 2 0 PINTYPE=BI
P 9 400 180 350 180 0 3 0
A 355 180 10 0 3 0 #=M14
L 345 180 10 0 8 0 1 0 VCCINT_M14
A 405 180 10 0 2 0 PINTYPE=BI
P 10 400 190 350 190 0 3 0
A 355 190 10 0 3 0 #=M8
L 345 190 10 0 8 0 1 0 VCCINT_M8
A 405 190 10 0 2 0 PINTYPE=BI
P 11 400 200 350 200 0 3 0
A 355 200 10 0 3 0 #=N15
L 345 200 10 0 8 0 1 0 VCCINT_N15
A 405 200 10 0 2 0 PINTYPE=BI
P 12 400 210 350 210 0 3 0
A 355 210 10 0 3 0 #=N9
L 345 210 10 0 8 0 1 0 VCCINT_N9
A 405 210 10 0 2 0 PINTYPE=BI
P 13 400 220 350 220 0 3 0
A 355 220 10 0 3 0 #=P14
L 345 220 10 0 8 0 1 0 VCCINT_P14
A 405 220 10 0 2 0 PINTYPE=BI
P 14 400 230 350 230 0 3 0
A 355 230 10 0 3 0 #=R15
L 345 230 10 0 8 0 1 0 VCCINT_R15
A 405 230 10 0 2 0 PINTYPE=BI
T 220 250 20 0 5 XC7K160TFBG484
T 220 270 20 0 5 BANK VCCINT
c 70 290 10
U 50 320 10 0 3 3 DEVICE=XXXXXX
U 50 30 16 0 3 3 REFDES=U?
U 250 30 10 0 3 3 PKG_TYPE=XXXXXX
U 0 0 10 0 3 0 HETERO=xc7k160tfbg484_0,xc7k160tfbg484_13,xc7k160tfbg484_14,xc7k160tfbg484_15,xc7k160tfbg484_16,xc7k160tfbg484_33,xc7k160tfbg484_34,xc7k160tfbg484_115,xc7k160tfbg484_MGTAVCC,xc7k160tfbg484_MGTAVTT,xc7k160tfbg484_MGTVCCAUX,xc7k160tfbg484_GND,xc7k160tfbg484_VCCINT,xc7k160tfbg484_VCCAUX,xc7k160tfbg484_VCCBRAM
U 0 -10 10 0 3 0 PARTS=1
U 0 -20 10 0 3 0 LEVEL=STD
U 0 -30 10 0 3 0 DATE=2012_01_13
E
