V 50
K 153165148200 xc7k480tffg1156
Y 1
D 0 0 400 340
Z 10
i 946
b 50 50 350 290
P 1 400 100 350 100 0 3 0
A 355 100 10 0 3 0 #=C2
L 345 100 10 0 8 0 1 0 MGTAVTT_G11_C2
A 405 100 10 0 2 0 PINTYPE=BI
P 2 400 110 350 110 0 3 0
A 355 110 10 0 3 0 #=C6
L 345 110 10 0 8 0 1 0 MGTAVTT_G11_C6
A 405 110 10 0 2 0 PINTYPE=BI
P 3 400 120 350 120 0 3 0
A 355 120 10 0 3 0 #=C9
L 345 120 10 0 8 0 1 0 MGTAVTT_G11_C9
A 405 120 10 0 2 0 PINTYPE=BI
P 4 400 130 350 130 0 3 0
A 355 130 10 0 3 0 #=D3
L 345 130 10 0 8 0 1 0 MGTAVTT_G11_D3
A 405 130 10 0 2 0 PINTYPE=BI
P 5 400 140 350 140 0 3 0
A 355 140 10 0 3 0 #=E6
L 345 140 10 0 8 0 1 0 MGTAVTT_G11_E6
A 405 140 10 0 2 0 PINTYPE=BI
P 6 400 150 350 150 0 3 0
A 355 150 10 0 3 0 #=E9
L 345 150 10 0 8 0 1 0 MGTAVTT_G11_E9
A 405 150 10 0 2 0 PINTYPE=BI
P 7 400 160 350 160 0 3 0
A 355 160 10 0 3 0 #=G2
L 345 160 10 0 8 0 1 0 MGTAVTT_G11_G2
A 405 160 10 0 2 0 PINTYPE=BI
P 8 400 170 350 170 0 3 0
A 355 170 10 0 3 0 #=H3
L 345 170 10 0 8 0 1 0 MGTAVTT_G11_H3
A 405 170 10 0 2 0 PINTYPE=BI
P 9 400 180 350 180 0 3 0
A 355 180 10 0 3 0 #=L2
L 345 180 10 0 8 0 1 0 MGTAVTT_G11_L2
A 405 180 10 0 2 0 PINTYPE=BI
P 10 400 190 350 190 0 3 0
A 355 190 10 0 3 0 #=M3
L 345 190 10 0 8 0 1 0 MGTAVTT_G11_M3
A 405 190 10 0 2 0 PINTYPE=BI
P 11 400 200 350 200 0 3 0
A 355 200 10 0 3 0 #=R2
L 345 200 10 0 8 0 1 0 MGTAVTT_G11_R2
A 405 200 10 0 2 0 PINTYPE=BI
P 12 400 210 350 210 0 3 0
A 355 210 10 0 3 0 #=T3
L 345 210 10 0 8 0 1 0 MGTAVTT_G11_T3
A 405 210 10 0 2 0 PINTYPE=BI
T 220 230 20 0 5 XC7K480TFFG1156
T 220 250 20 0 5 BANK MGTAVTT_G11
c 70 270 10
U 50 300 10 0 3 3 DEVICE=XXXXXX
U 50 30 16 0 3 3 REFDES=U?
U 250 30 10 0 3 3 PKG_TYPE=XXXXXX
U 0 0 10 0 3 0 HETERO=xc7k480tffg1156_0,xc7k480tffg1156_11,xc7k480tffg1156_12,xc7k480tffg1156_13,xc7k480tffg1156_14,xc7k480tffg1156_15,xc7k480tffg1156_16,xc7k480tffg1156_17,xc7k480tffg1156_18,xc7k480tffg1156_111,xc7k480tffg1156_112,xc7k480tffg1156_113,xc7k480tffg1156_114,xc7k480tffg1156_115,xc7k480tffg1156_116,xc7k480tffg1156_117,xc7k480tffg1156_118,xc7k480tffg1156_MGTAVCC_G11,xc7k480tffg1156_MGTAVCC_G10,xc7k480tffg1156_MGTVCCAUX_G11,xc7k480tffg1156_MGTVCCAUX_G10,xc7k480tffg1156_MGTAVTT_G11,xc7k480tffg1156_MGTAVTT_G10,xc7k480tffg1156_GND1,xc7k480tffg1156_GND2,xc7k480tffg1156_VCCINT,xc7k480tffg1156_VCCAUX,xc7k480tffg1156_VCCBRAM
U 0 -10 10 0 3 0 PARTS=1
U 0 -20 10 0 3 0 LEVEL=STD
U 0 -30 10 0 3 0 DATE=2011_05_05
E
