V 50
K 153165148200 xc7k160tfbg484
Y 1
D 0 0 400 610
Z 10
i 946
b 50 50 350 560
P 1 0 100 50 100 0 2 0
A 45 100 10 0 9 0 #=G9
L 55 100 10 0 2 0 1 0 VCCO_16_G9
A 10 100 10 0 2 0 PINTYPE=BI
P 2 0 110 50 110 0 2 0
A 45 110 10 0 9 0 #=F12
L 55 110 10 0 2 0 1 0 VCCO_16_F12
A 10 110 10 0 2 0 PINTYPE=BI
P 3 0 120 50 120 0 2 0
A 45 120 10 0 9 0 #=D8
L 55 120 10 0 2 0 1 0 VCCO_16_D8
A 10 120 10 0 2 0 PINTYPE=BI
P 4 0 130 50 130 0 2 0
A 45 130 10 0 9 0 #=C11
L 55 130 10 0 2 0 1 0 VCCO_16_C11
A 10 130 10 0 2 0 PINTYPE=BI
P 5 400 100 350 100 0 3 0
A 355 100 10 0 3 0 #=E8
L 345 100 10 0 8 0 1 0 IO_24_T3_16_E8
A 405 100 10 0 2 0 PINTYPE=BI
P 6 400 110 350 110 0 3 0
A 355 110 10 0 3 0 #=A10
L 345 110 10 0 8 0 1 0 IO_L23N_T3_16_A10
A 405 110 10 0 2 0 PINTYPE=BI
P 7 400 120 350 120 0 3 0
A 355 120 10 0 3 0 #=A11
L 345 120 10 0 8 0 1 0 IO_L23P_T3_16_A11
A 405 120 10 0 2 0 PINTYPE=BI
P 8 400 130 350 130 0 3 0
A 355 130 10 0 3 0 #=B8
L 345 130 10 0 8 0 1 0 IO_L22N_T3_16_B8
A 405 130 10 0 2 0 PINTYPE=BI
P 9 400 140 350 140 0 3 0
A 355 140 10 0 3 0 #=C8
L 345 140 10 0 8 0 1 0 IO_L22P_T3_16_C8
A 405 140 10 0 2 0 PINTYPE=BI
P 10 400 150 350 150 0 3 0
A 355 150 10 0 3 0 #=A8
L 345 150 10 0 8 0 1 0 IO_L21N_T3_DQS_16_A8
A 405 150 10 0 2 0 PINTYPE=BI
P 11 400 160 350 160 0 3 0
A 355 160 10 0 3 0 #=A9
L 345 160 10 0 8 0 1 0 IO_L21P_T3_DQS_16_A9
A 405 160 10 0 2 0 PINTYPE=BI
P 12 400 170 350 170 0 3 0
A 355 170 10 0 3 0 #=B10
L 345 170 10 0 8 0 1 0 IO_L20N_T3_16_B10
A 405 170 10 0 2 0 PINTYPE=BI
P 13 400 180 350 180 0 3 0
A 355 180 10 0 3 0 #=B11
L 345 180 10 0 8 0 1 0 IO_L20P_T3_16_B11
A 405 180 10 0 2 0 PINTYPE=BI
P 14 400 190 350 190 0 3 0
A 355 190 10 0 3 0 #=C9
L 345 190 10 0 8 0 1 0 IO_L19N_T3_VREF_16_C9
A 405 190 10 0 2 0 PINTYPE=BI
P 15 400 200 350 200 0 3 0
A 355 200 10 0 3 0 #=D9
L 345 200 10 0 8 0 1 0 IO_L19P_T3_16_D9
A 405 200 10 0 2 0 PINTYPE=BI
P 16 400 210 350 210 0 3 0
A 355 210 10 0 3 0 #=H10
L 345 210 10 0 8 0 1 0 IO_18_T2_16_H10
A 405 210 10 0 2 0 PINTYPE=BI
P 17 400 220 350 220 0 3 0
A 355 220 10 0 3 0 #=F8
L 345 220 10 0 8 0 1 0 IO_L17N_T2_16_F8
A 405 220 10 0 2 0 PINTYPE=BI
P 18 400 230 350 230 0 3 0
A 355 230 10 0 3 0 #=G8
L 345 230 10 0 8 0 1 0 IO_L17P_T2_16_G8
A 405 230 10 0 2 0 PINTYPE=BI
P 19 400 240 350 240 0 3 0
A 355 240 10 0 3 0 #=H8
L 345 240 10 0 8 0 1 0 IO_L16N_T2_16_H8
A 405 240 10 0 2 0 PINTYPE=BI
P 20 400 250 350 250 0 3 0
A 355 250 10 0 3 0 #=H9
L 345 250 10 0 8 0 1 0 IO_L16P_T2_16_H9
A 405 250 10 0 2 0 PINTYPE=BI
P 21 400 260 350 260 0 3 0
A 355 260 10 0 3 0 #=E9
L 345 260 10 0 8 0 1 0 IO_L15N_T2_DQS_16_E9
A 405 260 10 0 2 0 PINTYPE=BI
P 22 400 270 350 270 0 3 0
A 355 270 10 0 3 0 #=F9
L 345 270 10 0 8 0 1 0 IO_L15P_T2_DQS_16_F9
A 405 270 10 0 2 0 PINTYPE=BI
P 23 400 280 350 280 0 3 0
A 355 280 10 0 3 0 #=G12
L 345 280 10 0 8 0 1 0 IO_L14N_T2_SRCC_16_G12
A 405 280 10 0 2 0 PINTYPE=BI
P 24 400 290 350 290 0 3 0
A 355 290 10 0 3 0 #=H12
L 345 290 10 0 8 0 1 0 IO_L14P_T2_SRCC_16_H12
A 405 290 10 0 2 0 PINTYPE=BI
P 25 400 300 350 300 0 3 0
A 355 300 10 0 3 0 #=G10
L 345 300 10 0 8 0 1 0 IO_L13N_T2_MRCC_16_G10
A 405 300 10 0 2 0 PINTYPE=BI
P 26 400 310 350 310 0 3 0
A 355 310 10 0 3 0 #=G11
L 345 310 10 0 8 0 1 0 IO_L13P_T2_MRCC_16_G11
A 405 310 10 0 2 0 PINTYPE=BI
P 27 400 320 350 320 0 3 0
A 355 320 10 0 3 0 #=D11
L 345 320 10 0 8 0 1 0 IO_L12N_T1_MRCC_16_D11
A 405 320 10 0 2 0 PINTYPE=BI
P 28 400 330 350 330 0 3 0
A 355 330 10 0 3 0 #=E11
L 345 330 10 0 8 0 1 0 IO_L12P_T1_MRCC_16_E11
A 405 330 10 0 2 0 PINTYPE=BI
P 29 400 340 350 340 0 3 0
A 355 340 10 0 3 0 #=F10
L 345 340 10 0 8 0 1 0 IO_L11N_T1_SRCC_16_F10
A 405 340 10 0 2 0 PINTYPE=BI
P 30 400 350 350 350 0 3 0
A 355 350 10 0 3 0 #=F11
L 345 350 10 0 8 0 1 0 IO_L11P_T1_SRCC_16_F11
A 405 350 10 0 2 0 PINTYPE=BI
P 31 400 360 350 360 0 3 0
A 355 360 10 0 3 0 #=E12
L 345 360 10 0 8 0 1 0 IO_L10N_T1_16_E12
A 405 360 10 0 2 0 PINTYPE=BI
P 32 400 370 350 370 0 3 0
A 355 370 10 0 3 0 #=E13
L 345 370 10 0 8 0 1 0 IO_L10P_T1_16_E13
A 405 370 10 0 2 0 PINTYPE=BI
P 33 400 380 350 380 0 3 0
A 355 380 10 0 3 0 #=H13
L 345 380 10 0 8 0 1 0 IO_L9N_T1_DQS_16_H13
A 405 380 10 0 2 0 PINTYPE=BI
P 34 400 390 350 390 0 3 0
A 355 390 10 0 3 0 #=H14
L 345 390 10 0 8 0 1 0 IO_L9P_T1_DQS_16_H14
A 405 390 10 0 2 0 PINTYPE=BI
P 35 400 400 350 400 0 3 0
A 355 400 10 0 3 0 #=F13
L 345 400 10 0 8 0 1 0 IO_L8N_T1_16_F13
A 405 400 10 0 2 0 PINTYPE=BI
P 36 400 410 350 410 0 3 0
A 355 410 10 0 3 0 #=G13
L 345 410 10 0 8 0 1 0 IO_L8P_T1_16_G13
A 405 410 10 0 2 0 PINTYPE=BI
P 37 400 420 350 420 0 3 0
A 355 420 10 0 3 0 #=C10
L 345 420 10 0 8 0 1 0 IO_L7N_T1_16_C10
A 405 420 10 0 2 0 PINTYPE=BI
P 38 400 430 350 430 0 3 0
A 355 430 10 0 3 0 #=D10
L 345 430 10 0 8 0 1 0 IO_L7P_T1_16_D10
A 405 430 10 0 2 0 PINTYPE=BI
P 39 400 440 350 440 0 3 0
A 355 440 10 0 3 0 #=F14
L 345 440 10 0 8 0 1 0 IO_6_T0_VREF_16_F14
A 405 440 10 0 2 0 PINTYPE=BI
T 220 460 20 0 5 XC7K160TFBG484
T 220 480 20 0 5 BANK 16_H
c 70 540 10
U 50 570 10 0 3 3 DEVICE=XXXXXX
U 50 30 16 0 3 3 REFDES=U?
U 250 30 10 0 3 3 PKG_TYPE=XXXXXX
U 0 0 10 0 3 0 HETERO=xc7k160tfbg484_0_H,xc7k160tfbg484_13_H,xc7k160tfbg484_14_H,xc7k160tfbg484_15_H,xc7k160tfbg484_16_H,xc7k160tfbg484_33_H,xc7k160tfbg484_34_H,xc7k160tfbg484_GND_H
U 0 -10 10 0 3 0 PARTS=1
U 0 -20 10 0 3 0 LEVEL=STD
U 0 -30 10 0 3 0 DATE=2012_01_13
E
