V 50
K 153165148200 xc7vh870thcg1931
Y 1
D 0 0 400 790
Z 10
i 946
b 50 50 350 740
P 1 0 100 50 100 0 2 0
A 45 100 10 0 9 0 #=BD38
L 55 100 10 0 2 0 1 0 VCCO_13_BD38
A 10 100 10 0 2 0 PINTYPE=BI
P 2 0 110 50 110 0 2 0
A 45 110 10 0 9 0 #=BB34
L 55 110 10 0 2 0 1 0 VCCO_13_BB34
A 10 110 10 0 2 0 PINTYPE=BI
P 3 0 120 50 120 0 2 0
A 45 120 10 0 9 0 #=BA37
L 55 120 10 0 2 0 1 0 VCCO_13_BA37
A 10 120 10 0 2 0 PINTYPE=BI
P 4 0 130 50 130 0 2 0
A 45 130 10 0 9 0 #=AV36
L 55 130 10 0 2 0 1 0 VCCO_13_AV36
A 10 130 10 0 2 0 PINTYPE=BI
P 5 0 140 50 140 0 2 0
A 45 140 10 0 9 0 #=AR35
L 55 140 10 0 2 0 1 0 VCCO_13_AR35
A 10 140 10 0 2 0 PINTYPE=BI
P 6 0 150 50 150 0 2 0
A 45 150 10 0 9 0 #=AM34
L 55 150 10 0 2 0 1 0 VCCO_13_AM34
A 10 150 10 0 2 0 PINTYPE=BI
P 7 0 160 50 160 0 2 0
A 45 160 10 0 9 0 #=AL37
L 55 160 10 0 2 0 1 0 VCCO_13_AL37
A 10 160 10 0 2 0 PINTYPE=BI
P 8 400 100 350 100 0 3 0
A 355 100 10 0 3 0 #=BC39
L 345 100 10 0 8 0 1 0 IO_25_VRP_13_BC39
A 405 100 10 0 2 0 PINTYPE=BI
P 9 400 110 350 110 0 3 0
A 355 110 10 0 3 0 #=BD35
L 345 110 10 0 8 0 1 0 IO_L24N_T3_13_BD35
A 405 110 10 0 2 0 PINTYPE=BI
P 10 400 120 350 120 0 3 0
A 355 120 10 0 3 0 #=BC35
L 345 120 10 0 8 0 1 0 IO_L24P_T3_13_BC35
A 405 120 10 0 2 0 PINTYPE=BI
P 11 400 130 350 130 0 3 0
A 355 130 10 0 3 0 #=BD34
L 345 130 10 0 8 0 1 0 IO_L23N_T3_13_BD34
A 405 130 10 0 2 0 PINTYPE=BI
P 12 400 140 350 140 0 3 0
A 355 140 10 0 3 0 #=BC34
L 345 140 10 0 8 0 1 0 IO_L23P_T3_13_BC34
A 405 140 10 0 2 0 PINTYPE=BI
P 13 400 150 350 150 0 3 0
A 355 150 10 0 3 0 #=BA39
L 345 150 10 0 8 0 1 0 IO_L22N_T3_13_BA39
A 405 150 10 0 2 0 PINTYPE=BI
P 14 400 160 350 160 0 3 0
A 355 160 10 0 3 0 #=BA38
L 345 160 10 0 8 0 1 0 IO_L22P_T3_13_BA38
A 405 160 10 0 2 0 PINTYPE=BI
P 15 400 170 350 170 0 3 0
A 355 170 10 0 3 0 #=BC37
L 345 170 10 0 8 0 1 0 IO_L21N_T3_DQS_13_BC37
A 405 170 10 0 2 0 PINTYPE=BI
P 16 400 180 350 180 0 3 0
A 355 180 10 0 3 0 #=BB37
L 345 180 10 0 8 0 1 0 IO_L21P_T3_DQS_13_BB37
A 405 180 10 0 2 0 PINTYPE=BI
P 17 400 190 350 190 0 3 0
A 355 190 10 0 3 0 #=BD37
L 345 190 10 0 8 0 1 0 IO_L20N_T3_13_BD37
A 405 190 10 0 2 0 PINTYPE=BI
P 18 400 200 350 200 0 3 0
A 355 200 10 0 3 0 #=BD36
L 345 200 10 0 8 0 1 0 IO_L20P_T3_13_BD36
A 405 200 10 0 2 0 PINTYPE=BI
P 19 400 210 350 210 0 3 0
A 355 210 10 0 3 0 #=BC38
L 345 210 10 0 8 0 1 0 IO_L19N_T3_VREF_13_BC38
A 405 210 10 0 2 0 PINTYPE=BI
P 20 400 220 350 220 0 3 0
A 355 220 10 0 3 0 #=BB38
L 345 220 10 0 8 0 1 0 IO_L19P_T3_13_BB38
A 405 220 10 0 2 0 PINTYPE=BI
P 21 400 230 350 230 0 3 0
A 355 230 10 0 3 0 #=BB36
L 345 230 10 0 8 0 1 0 IO_L18N_T2_13_BB36
A 405 230 10 0 2 0 PINTYPE=BI
P 22 400 240 350 240 0 3 0
A 355 240 10 0 3 0 #=BA36
L 345 240 10 0 8 0 1 0 IO_L18P_T2_13_BA36
A 405 240 10 0 2 0 PINTYPE=BI
P 23 400 250 350 250 0 3 0
A 355 250 10 0 3 0 #=BA34
L 345 250 10 0 8 0 1 0 IO_L17N_T2_13_BA34
A 405 250 10 0 2 0 PINTYPE=BI
P 24 400 260 350 260 0 3 0
A 355 260 10 0 3 0 #=AY34
L 345 260 10 0 8 0 1 0 IO_L17P_T2_13_AY34
A 405 260 10 0 2 0 PINTYPE=BI
P 25 400 270 350 270 0 3 0
A 355 270 10 0 3 0 #=AW34
L 345 270 10 0 8 0 1 0 IO_L16N_T2_13_AW34
A 405 270 10 0 2 0 PINTYPE=BI
P 26 400 280 350 280 0 3 0
A 355 280 10 0 3 0 #=AV34
L 345 280 10 0 8 0 1 0 IO_L16P_T2_13_AV34
A 405 280 10 0 2 0 PINTYPE=BI
P 27 400 290 350 290 0 3 0
A 355 290 10 0 3 0 #=BB35
L 345 290 10 0 8 0 1 0 IO_L15N_T2_DQS_13_BB35
A 405 290 10 0 2 0 PINTYPE=BI
P 28 400 300 350 300 0 3 0
A 355 300 10 0 3 0 #=BA35
L 345 300 10 0 8 0 1 0 IO_L15P_T2_DQS_13_BA35
A 405 300 10 0 2 0 PINTYPE=BI
P 29 400 310 350 310 0 3 0
A 355 310 10 0 3 0 #=AY36
L 345 310 10 0 8 0 1 0 IO_L14N_T2_SRCC_13_AY36
A 405 310 10 0 2 0 PINTYPE=BI
P 30 400 320 350 320 0 3 0
A 355 320 10 0 3 0 #=AW36
L 345 320 10 0 8 0 1 0 IO_L14P_T2_SRCC_13_AW36
A 405 320 10 0 2 0 PINTYPE=BI
P 31 400 330 350 330 0 3 0
A 355 330 10 0 3 0 #=AW35
L 345 330 10 0 8 0 1 0 IO_L13N_T2_MRCC_13_AW35
A 405 330 10 0 2 0 PINTYPE=BI
P 32 400 340 350 340 0 3 0
A 355 340 10 0 3 0 #=AV35
L 345 340 10 0 8 0 1 0 IO_L13P_T2_MRCC_13_AV35
A 405 340 10 0 2 0 PINTYPE=BI
P 33 400 350 350 350 0 3 0
A 355 350 10 0 3 0 #=AU36
L 345 350 10 0 8 0 1 0 IO_L12N_T1_MRCC_13_AU36
A 405 350 10 0 2 0 PINTYPE=BI
P 34 400 360 350 360 0 3 0
A 355 360 10 0 3 0 #=AT36
L 345 360 10 0 8 0 1 0 IO_L12P_T1_MRCC_13_AT36
A 405 360 10 0 2 0 PINTYPE=BI
P 35 400 370 350 370 0 3 0
A 355 370 10 0 3 0 #=AU35
L 345 370 10 0 8 0 1 0 IO_L11N_T1_SRCC_13_AU35
A 405 370 10 0 2 0 PINTYPE=BI
P 36 400 380 350 380 0 3 0
A 355 380 10 0 3 0 #=AT35
L 345 380 10 0 8 0 1 0 IO_L11P_T1_SRCC_13_AT35
A 405 380 10 0 2 0 PINTYPE=BI
P 37 400 390 350 390 0 3 0
A 355 390 10 0 3 0 #=AT34
L 345 390 10 0 8 0 1 0 IO_L10N_T1_13_AT34
A 405 390 10 0 2 0 PINTYPE=BI
P 38 400 400 350 400 0 3 0
A 355 400 10 0 3 0 #=AR34
L 345 400 10 0 8 0 1 0 IO_L10P_T1_13_AR34
A 405 400 10 0 2 0 PINTYPE=BI
P 39 400 410 350 410 0 3 0
A 355 410 10 0 3 0 #=AV37
L 345 410 10 0 8 0 1 0 IO_L9N_T1_DQS_13_AV37
A 405 410 10 0 2 0 PINTYPE=BI
P 40 400 420 350 420 0 3 0
A 355 420 10 0 3 0 #=AU37
L 345 420 10 0 8 0 1 0 IO_L9P_T1_DQS_13_AU37
A 405 420 10 0 2 0 PINTYPE=BI
P 41 400 430 350 430 0 3 0
A 355 430 10 0 3 0 #=AY37
L 345 430 10 0 8 0 1 0 IO_L8N_T1_13_AY37
A 405 430 10 0 2 0 PINTYPE=BI
P 42 400 440 350 440 0 3 0
A 355 440 10 0 3 0 #=AW37
L 345 440 10 0 8 0 1 0 IO_L8P_T1_13_AW37
A 405 440 10 0 2 0 PINTYPE=BI
P 43 400 450 350 450 0 3 0
A 355 450 10 0 3 0 #=AR37
L 345 450 10 0 8 0 1 0 IO_L7N_T1_13_AR37
A 405 450 10 0 2 0 PINTYPE=BI
P 44 400 460 350 460 0 3 0
A 355 460 10 0 3 0 #=AP37
L 345 460 10 0 8 0 1 0 IO_L7P_T1_13_AP37
A 405 460 10 0 2 0 PINTYPE=BI
P 45 400 470 350 470 0 3 0
A 355 470 10 0 3 0 #=AR36
L 345 470 10 0 8 0 1 0 IO_L6N_T0_VREF_13_AR36
A 405 470 10 0 2 0 PINTYPE=BI
P 46 400 480 350 480 0 3 0
A 355 480 10 0 3 0 #=AP36
L 345 480 10 0 8 0 1 0 IO_L6P_T0_13_AP36
A 405 480 10 0 2 0 PINTYPE=BI
P 47 400 490 350 490 0 3 0
A 355 490 10 0 3 0 #=AN37
L 345 490 10 0 8 0 1 0 IO_L5N_T0_13_AN37
A 405 490 10 0 2 0 PINTYPE=BI
P 48 400 500 350 500 0 3 0
A 355 500 10 0 3 0 #=AM37
L 345 500 10 0 8 0 1 0 IO_L5P_T0_13_AM37
A 405 500 10 0 2 0 PINTYPE=BI
P 49 400 510 350 510 0 3 0
A 355 510 10 0 3 0 #=AP34
L 345 510 10 0 8 0 1 0 IO_L4N_T0_13_AP34
A 405 510 10 0 2 0 PINTYPE=BI
P 50 400 520 350 520 0 3 0
A 355 520 10 0 3 0 #=AN34
L 345 520 10 0 8 0 1 0 IO_L4P_T0_13_AN34
A 405 520 10 0 2 0 PINTYPE=BI
P 51 400 530 350 530 0 3 0
A 355 530 10 0 3 0 #=AM36
L 345 530 10 0 8 0 1 0 IO_L3N_T0_DQS_13_AM36
A 405 530 10 0 2 0 PINTYPE=BI
P 52 400 540 350 540 0 3 0
A 355 540 10 0 3 0 #=AL36
L 345 540 10 0 8 0 1 0 IO_L3P_T0_DQS_13_AL36
A 405 540 10 0 2 0 PINTYPE=BI
P 53 400 550 350 550 0 3 0
A 355 550 10 0 3 0 #=AP35
L 345 550 10 0 8 0 1 0 IO_L2N_T0_13_AP35
A 405 550 10 0 2 0 PINTYPE=BI
P 54 400 560 350 560 0 3 0
A 355 560 10 0 3 0 #=AN35
L 345 560 10 0 8 0 1 0 IO_L2P_T0_13_AN35
A 405 560 10 0 2 0 PINTYPE=BI
P 55 400 570 350 570 0 3 0
A 355 570 10 0 3 0 #=AM35
L 345 570 10 0 8 0 1 0 IO_L1N_T0_13_AM35
A 405 570 10 0 2 0 PINTYPE=BI
P 56 400 580 350 580 0 3 0
A 355 580 10 0 3 0 #=AL35
L 345 580 10 0 8 0 1 0 IO_L1P_T0_13_AL35
A 405 580 10 0 2 0 PINTYPE=BI
P 57 400 590 350 590 0 3 0
A 355 590 10 0 3 0 #=BD39
L 345 590 10 0 8 0 1 0 IO_0_VRN_13_BD39
A 405 590 10 0 2 0 PINTYPE=BI
T 220 610 20 0 5 XC7VH870THCG1931
T 220 630 20 0 5 BANK 13_H
c 70 720 10
U 50 750 10 0 3 3 DEVICE=XXXXXX
U 50 30 16 0 3 3 REFDES=U?
U 250 30 10 0 3 3 PKG_TYPE=XXXXXX
U 0 0 10 0 3 0 HETERO=xc7vh870thcg1931_0_H,xc7vh870thcg1931_13_H,xc7vh870thcg1931_14_H,xc7vh870thcg1931_15_H,xc7vh870thcg1931_16_H,xc7vh870thcg1931_17_H,xc7vh870thcg1931_18_H,xc7vh870thcg1931_32_H,xc7vh870thcg1931_33_H,xc7vh870thcg1931_34_H,xc7vh870thcg1931_35_H,xc7vh870thcg1931_36_H,xc7vh870thcg1931_37_H,xc7vh870thcg1931_38_H,xc7vh870thcg1931_300_H,xc7vh870thcg1931_GND_H
U 0 -10 10 0 3 0 PARTS=1
U 0 -20 10 0 3 0 LEVEL=STD
U 0 -30 10 0 3 0 DATE=2012_04_19
E
