V 50
K 153165148200 xc7vx690tffg1157
Y 1
D 0 0 400 650
Z 10
i 946
b 50 50 350 600
P 1 400 100 350 100 0 3 0
A 355 100 10 0 3 0 #=AA10
L 345 100 10 0 8 0 1 0 VCCINT_AA10
A 405 100 10 0 2 0 PINTYPE=BI
P 2 400 110 350 110 0 3 0
A 355 110 10 0 3 0 #=AA12
L 345 110 10 0 8 0 1 0 VCCINT_AA12
A 405 110 10 0 2 0 PINTYPE=BI
P 3 400 120 350 120 0 3 0
A 355 120 10 0 3 0 #=AA16
L 345 120 10 0 8 0 1 0 VCCINT_AA16
A 405 120 10 0 2 0 PINTYPE=BI
P 4 400 130 350 130 0 3 0
A 355 130 10 0 3 0 #=AA22
L 345 130 10 0 8 0 1 0 VCCINT_AA22
A 405 130 10 0 2 0 PINTYPE=BI
P 5 400 140 350 140 0 3 0
A 355 140 10 0 3 0 #=AB11
L 345 140 10 0 8 0 1 0 VCCINT_AB11
A 405 140 10 0 2 0 PINTYPE=BI
P 6 400 150 350 150 0 3 0
A 355 150 10 0 3 0 #=AB15
L 345 150 10 0 8 0 1 0 VCCINT_AB15
A 405 150 10 0 2 0 PINTYPE=BI
P 7 400 160 350 160 0 3 0
A 355 160 10 0 3 0 #=AB19
L 345 160 10 0 8 0 1 0 VCCINT_AB19
A 405 160 10 0 2 0 PINTYPE=BI
P 8 400 170 350 170 0 3 0
A 355 170 10 0 3 0 #=AB23
L 345 170 10 0 8 0 1 0 VCCINT_AB23
A 405 170 10 0 2 0 PINTYPE=BI
P 9 400 180 350 180 0 3 0
A 355 180 10 0 3 0 #=M21
L 345 180 10 0 8 0 1 0 VCCINT_M21
A 405 180 10 0 2 0 PINTYPE=BI
P 10 400 190 350 190 0 3 0
A 355 190 10 0 3 0 #=M23
L 345 190 10 0 8 0 1 0 VCCINT_M23
A 405 190 10 0 2 0 PINTYPE=BI
P 11 400 200 350 200 0 3 0
A 355 200 10 0 3 0 #=N10
L 345 200 10 0 8 0 1 0 VCCINT_N10
A 405 200 10 0 2 0 PINTYPE=BI
P 12 400 210 350 210 0 3 0
A 355 210 10 0 3 0 #=N12
L 345 210 10 0 8 0 1 0 VCCINT_N12
A 405 210 10 0 2 0 PINTYPE=BI
P 13 400 220 350 220 0 3 0
A 355 220 10 0 3 0 #=N16
L 345 220 10 0 8 0 1 0 VCCINT_N16
A 405 220 10 0 2 0 PINTYPE=BI
P 14 400 230 350 230 0 3 0
A 355 230 10 0 3 0 #=N22
L 345 230 10 0 8 0 1 0 VCCINT_N22
A 405 230 10 0 2 0 PINTYPE=BI
P 15 400 240 350 240 0 3 0
A 355 240 10 0 3 0 #=P11
L 345 240 10 0 8 0 1 0 VCCINT_P11
A 405 240 10 0 2 0 PINTYPE=BI
P 16 400 250 350 250 0 3 0
A 355 250 10 0 3 0 #=P13
L 345 250 10 0 8 0 1 0 VCCINT_P13
A 405 250 10 0 2 0 PINTYPE=BI
P 17 400 260 350 260 0 3 0
A 355 260 10 0 3 0 #=P15
L 345 260 10 0 8 0 1 0 VCCINT_P15
A 405 260 10 0 2 0 PINTYPE=BI
P 18 400 270 350 270 0 3 0
A 355 270 10 0 3 0 #=P17
L 345 270 10 0 8 0 1 0 VCCINT_P17
A 405 270 10 0 2 0 PINTYPE=BI
P 19 400 280 350 280 0 3 0
A 355 280 10 0 3 0 #=P19
L 345 280 10 0 8 0 1 0 VCCINT_P19
A 405 280 10 0 2 0 PINTYPE=BI
P 20 400 290 350 290 0 3 0
A 355 290 10 0 3 0 #=P21
L 345 290 10 0 8 0 1 0 VCCINT_P21
A 405 290 10 0 2 0 PINTYPE=BI
P 21 400 300 350 300 0 3 0
A 355 300 10 0 3 0 #=R10
L 345 300 10 0 8 0 1 0 VCCINT_R10
A 405 300 10 0 2 0 PINTYPE=BI
P 22 400 310 350 310 0 3 0
A 355 310 10 0 3 0 #=R12
L 345 310 10 0 8 0 1 0 VCCINT_R12
A 405 310 10 0 2 0 PINTYPE=BI
P 23 400 320 350 320 0 3 0
A 355 320 10 0 3 0 #=R16
L 345 320 10 0 8 0 1 0 VCCINT_R16
A 405 320 10 0 2 0 PINTYPE=BI
P 24 400 330 350 330 0 3 0
A 355 330 10 0 3 0 #=R22
L 345 330 10 0 8 0 1 0 VCCINT_R22
A 405 330 10 0 2 0 PINTYPE=BI
P 25 400 340 350 340 0 3 0
A 355 340 10 0 3 0 #=T11
L 345 340 10 0 8 0 1 0 VCCINT_T11
A 405 340 10 0 2 0 PINTYPE=BI
P 26 400 350 350 350 0 3 0
A 355 350 10 0 3 0 #=T15
L 345 350 10 0 8 0 1 0 VCCINT_T15
A 405 350 10 0 2 0 PINTYPE=BI
P 27 400 360 350 360 0 3 0
A 355 360 10 0 3 0 #=T19
L 345 360 10 0 8 0 1 0 VCCINT_T19
A 405 360 10 0 2 0 PINTYPE=BI
P 28 400 370 350 370 0 3 0
A 355 370 10 0 3 0 #=T23
L 345 370 10 0 8 0 1 0 VCCINT_T23
A 405 370 10 0 2 0 PINTYPE=BI
P 29 400 380 350 380 0 3 0
A 355 380 10 0 3 0 #=U10
L 345 380 10 0 8 0 1 0 VCCINT_U10
A 405 380 10 0 2 0 PINTYPE=BI
P 30 400 390 350 390 0 3 0
A 355 390 10 0 3 0 #=U12
L 345 390 10 0 8 0 1 0 VCCINT_U12
A 405 390 10 0 2 0 PINTYPE=BI
P 31 400 400 350 400 0 3 0
A 355 400 10 0 3 0 #=U22
L 345 400 10 0 8 0 1 0 VCCINT_U22
A 405 400 10 0 2 0 PINTYPE=BI
P 32 400 410 350 410 0 3 0
A 355 410 10 0 3 0 #=V11
L 345 410 10 0 8 0 1 0 VCCINT_V11
A 405 410 10 0 2 0 PINTYPE=BI
P 33 400 420 350 420 0 3 0
A 355 420 10 0 3 0 #=V15
L 345 420 10 0 8 0 1 0 VCCINT_V15
A 405 420 10 0 2 0 PINTYPE=BI
P 34 400 430 350 430 0 3 0
A 355 430 10 0 3 0 #=V19
L 345 430 10 0 8 0 1 0 VCCINT_V19
A 405 430 10 0 2 0 PINTYPE=BI
P 35 400 440 350 440 0 3 0
A 355 440 10 0 3 0 #=W10
L 345 440 10 0 8 0 1 0 VCCINT_W10
A 405 440 10 0 2 0 PINTYPE=BI
P 36 400 450 350 450 0 3 0
A 355 450 10 0 3 0 #=W12
L 345 450 10 0 8 0 1 0 VCCINT_W12
A 405 450 10 0 2 0 PINTYPE=BI
P 37 400 460 350 460 0 3 0
A 355 460 10 0 3 0 #=W22
L 345 460 10 0 8 0 1 0 VCCINT_W22
A 405 460 10 0 2 0 PINTYPE=BI
P 38 400 470 350 470 0 3 0
A 355 470 10 0 3 0 #=Y9
L 345 470 10 0 8 0 1 0 VCCINT_Y9
A 405 470 10 0 2 0 PINTYPE=BI
P 39 400 480 350 480 0 3 0
A 355 480 10 0 3 0 #=Y11
L 345 480 10 0 8 0 1 0 VCCINT_Y11
A 405 480 10 0 2 0 PINTYPE=BI
P 40 400 490 350 490 0 3 0
A 355 490 10 0 3 0 #=Y15
L 345 490 10 0 8 0 1 0 VCCINT_Y15
A 405 490 10 0 2 0 PINTYPE=BI
P 41 400 500 350 500 0 3 0
A 355 500 10 0 3 0 #=Y17
L 345 500 10 0 8 0 1 0 VCCINT_Y17
A 405 500 10 0 2 0 PINTYPE=BI
P 42 400 510 350 510 0 3 0
A 355 510 10 0 3 0 #=Y19
L 345 510 10 0 8 0 1 0 VCCINT_Y19
A 405 510 10 0 2 0 PINTYPE=BI
P 43 400 520 350 520 0 3 0
A 355 520 10 0 3 0 #=Y23
L 345 520 10 0 8 0 1 0 VCCINT_Y23
A 405 520 10 0 2 0 PINTYPE=BI
T 220 540 20 0 5 XC7VX690TFFG1157
T 220 560 20 0 5 BANK VCCINT
c 70 580 10
U 50 610 10 0 3 3 DEVICE=XXXXXX
U 50 30 16 0 3 3 REFDES=U?
U 250 30 10 0 3 3 PKG_TYPE=XXXXXX
U 0 0 10 0 3 0 HETERO=xc7vx690tffg1157_0,xc7vx690tffg1157_14,xc7vx690tffg1157_15,xc7vx690tffg1157_16,xc7vx690tffg1157_17,xc7vx690tffg1157_18,xc7vx690tffg1157_19,xc7vx690tffg1157_34,xc7vx690tffg1157_35,xc7vx690tffg1157_36,xc7vx690tffg1157_37,xc7vx690tffg1157_38,xc7vx690tffg1157_39,xc7vx690tffg1157_114,xc7vx690tffg1157_115,xc7vx690tffg1157_116,xc7vx690tffg1157_117,xc7vx690tffg1157_118,xc7vx690tffg1157_VCCBRAM,xc7vx690tffg1157_MGTAVCC_G11,xc7vx690tffg1157_MGTAVCC_G10,xc7vx690tffg1157_MGTAVTT_G11,xc7vx690tffg1157_MGTAVTT_G10,xc7vx690tffg1157_MGTVCCAUX_G11,xc7vx690tffg1157_MGTVCCAUX_G10,xc7vx690tffg1157_GND1,xc7vx690tffg1157_GND2,xc7vx690tffg1157_VCCINT,xc7vx690tffg1157_VCCAUX,xc7vx690tffg1157_VCCAUX_IO_G0,xc7vx690tffg1157_VCCAUX_IO_G1,xc7vx690tffg1157_VCCAUX_IO_G2,xc7vx690tffg1157_VCCAUX_IO_G3,xc7vx690tffg1157_NC
U 0 -10 10 0 3 0 PARTS=1
U 0 -20 10 0 3 0 LEVEL=STD
U 0 -30 10 0 3 0 DATE=2011_05_20
E
