V 50
K 153165148200 xc7vh870thcg1931
Y 1
D 0 0 400 440
Z 10
i 946
b 50 50 350 390
P 1 400 100 350 100 0 3 0
A 355 100 10 0 3 0 #=W40
L 345 100 10 0 8 0 1 0 MGTRREF_218_W40
A 405 100 10 0 2 0 PINTYPE=BI
P 2 400 110 350 110 0 3 0
A 355 110 10 0 3 0 #=W39
L 345 110 10 0 8 0 1 0 MGTAVTTRCAL_218_W39
A 405 110 10 0 2 0 PINTYPE=BI
P 3 400 120 350 120 0 3 0
A 355 120 10 0 3 0 #=L40
L 345 120 10 0 8 0 1 0 MGTREFCLK1N_218_L40
A 405 120 10 0 2 0 PINTYPE=BI
P 4 400 130 350 130 0 3 0
A 355 130 10 0 3 0 #=L39
L 345 130 10 0 8 0 1 0 MGTREFCLK1P_218_L39
A 405 130 10 0 2 0 PINTYPE=BI
P 5 400 140 350 140 0 3 0
A 355 140 10 0 3 0 #=J40
L 345 140 10 0 8 0 1 0 MGTREFCLK0N_218_J40
A 405 140 10 0 2 0 PINTYPE=BI
P 6 400 150 350 150 0 3 0
A 355 150 10 0 3 0 #=J39
L 345 150 10 0 8 0 1 0 MGTREFCLK0P_218_J39
A 405 150 10 0 2 0 PINTYPE=BI
P 7 400 160 350 160 0 3 0
A 355 160 10 0 3 0 #=A40
L 345 160 10 0 8 0 1 0 MGTHRXN3_218_A40
A 405 160 10 0 2 0 PINTYPE=BI
P 8 400 170 350 170 0 3 0
A 355 170 10 0 3 0 #=A39
L 345 170 10 0 8 0 1 0 MGTHRXP3_218_A39
A 405 170 10 0 2 0 PINTYPE=BI
P 9 400 180 350 180 0 3 0
A 355 180 10 0 3 0 #=B42
L 345 180 10 0 8 0 1 0 MGTHTXN3_218_B42
A 405 180 10 0 2 0 PINTYPE=BI
P 10 400 190 350 190 0 3 0
A 355 190 10 0 3 0 #=B41
L 345 190 10 0 8 0 1 0 MGTHTXP3_218_B41
A 405 190 10 0 2 0 PINTYPE=BI
P 11 400 200 350 200 0 3 0
A 355 200 10 0 3 0 #=C40
L 345 200 10 0 8 0 1 0 MGTHRXN2_218_C40
A 405 200 10 0 2 0 PINTYPE=BI
P 12 400 210 350 210 0 3 0
A 355 210 10 0 3 0 #=C39
L 345 210 10 0 8 0 1 0 MGTHRXP2_218_C39
A 405 210 10 0 2 0 PINTYPE=BI
P 13 400 220 350 220 0 3 0
A 355 220 10 0 3 0 #=D42
L 345 220 10 0 8 0 1 0 MGTHTXN2_218_D42
A 405 220 10 0 2 0 PINTYPE=BI
P 14 400 230 350 230 0 3 0
A 355 230 10 0 3 0 #=D41
L 345 230 10 0 8 0 1 0 MGTHTXP2_218_D41
A 405 230 10 0 2 0 PINTYPE=BI
P 15 400 240 350 240 0 3 0
A 355 240 10 0 3 0 #=E40
L 345 240 10 0 8 0 1 0 MGTHRXN1_218_E40
A 405 240 10 0 2 0 PINTYPE=BI
P 16 400 250 350 250 0 3 0
A 355 250 10 0 3 0 #=E39
L 345 250 10 0 8 0 1 0 MGTHRXP1_218_E39
A 405 250 10 0 2 0 PINTYPE=BI
P 17 400 260 350 260 0 3 0
A 355 260 10 0 3 0 #=C44
L 345 260 10 0 8 0 1 0 MGTHTXN1_218_C44
A 405 260 10 0 2 0 PINTYPE=BI
P 18 400 270 350 270 0 3 0
A 355 270 10 0 3 0 #=C43
L 345 270 10 0 8 0 1 0 MGTHTXP1_218_C43
A 405 270 10 0 2 0 PINTYPE=BI
P 19 400 280 350 280 0 3 0
A 355 280 10 0 3 0 #=G40
L 345 280 10 0 8 0 1 0 MGTHRXN0_218_G40
A 405 280 10 0 2 0 PINTYPE=BI
P 20 400 290 350 290 0 3 0
A 355 290 10 0 3 0 #=G39
L 345 290 10 0 8 0 1 0 MGTHRXP0_218_G39
A 405 290 10 0 2 0 PINTYPE=BI
P 21 400 300 350 300 0 3 0
A 355 300 10 0 3 0 #=E44
L 345 300 10 0 8 0 1 0 MGTHTXN0_218_E44
A 405 300 10 0 2 0 PINTYPE=BI
P 22 400 310 350 310 0 3 0
A 355 310 10 0 3 0 #=E43
L 345 310 10 0 8 0 1 0 MGTHTXP0_218_E43
A 405 310 10 0 2 0 PINTYPE=BI
T 220 330 20 0 5 XC7VH870THCG1931
T 220 350 20 0 5 BANK 218
c 70 370 10
U 50 400 10 0 3 3 DEVICE=XXXXXX
U 50 30 16 0 3 3 REFDES=U?
U 250 30 10 0 3 3 PKG_TYPE=XXXXXX
U 0 0 10 0 3 0 HETERO=xc7vh870thcg1931_0,xc7vh870thcg1931_13,xc7vh870thcg1931_14,xc7vh870thcg1931_15,xc7vh870thcg1931_16,xc7vh870thcg1931_17,xc7vh870thcg1931_18,xc7vh870thcg1931_32,xc7vh870thcg1931_33,xc7vh870thcg1931_34,xc7vh870thcg1931_35,xc7vh870thcg1931_36,xc7vh870thcg1931_37,xc7vh870thcg1931_38,xc7vh870thcg1931_113,xc7vh870thcg1931_114,xc7vh870thcg1931_115,xc7vh870thcg1931_116,xc7vh870thcg1931_117,xc7vh870thcg1931_118,xc7vh870thcg1931_213,xc7vh870thcg1931_214,xc7vh870thcg1931_215,xc7vh870thcg1931_216,xc7vh870thcg1931_217,xc7vh870thcg1931_218,xc7vh870thcg1931_300,xc7vh870thcg1931_MGTAVCC_G11,xc7vh870thcg1931_MGTAVCC_G12,xc7vh870thcg1931_MGTAVCC_G21,xc7vh870thcg1931_MGTAVCC_G22,xc7vh870thcg1931_MGTVCCAUX_G11,xc7vh870thcg1931_MGTVCCAUX_G21,xc7vh870thcg1931_MGTVCCAUX_G12,xc7vh870thcg1931_MGTVCCAUX_G22,xc7vh870thcg1931_MGTAVTT_G11,xc7vh870thcg1931_MGTAVTT_G12,xc7vh870thcg1931_MGTAVTT_G21,xc7vh870thcg1931_MGTAVTT_G22,xc7vh870thcg1931_GND1,xc7vh870thcg1931_GND2,xc7vh870thcg1931_GND3,xc7vh870thcg1931_VCCINT,xc7vh870thcg1931_VCCAUX,xc7vh870thcg1931_VCCAUX_IO_G0,xc7vh870thcg1931_VCCAUX_IO_G1,xc7vh870thcg1931_VCCAUX_IO_G2,xc7vh870thcg1931_VCCAUX_IO_G3,xc7vh870thcg1931_VCCBRAM
U 0 -10 10 0 3 0 PARTS=1
U 0 -20 10 0 3 0 LEVEL=STD
U 0 -30 10 0 3 0 DATE=2012_04_19
E
