V 50
K 153165148200 xc7vx690tffg1929
Y 1
D 0 0 400 780
Z 10
i 946
b 50 50 350 730
P 1 0 100 50 100 0 2 0
A 45 100 10 0 9 0 #=BD28
L 55 100 10 0 2 0 1 0 VCCO_14_BD28
A 10 100 10 0 2 0 PINTYPE=BI
P 2 0 110 50 110 0 2 0
A 45 110 10 0 9 0 #=BA27
L 55 110 10 0 2 0 1 0 VCCO_14_BA27
A 10 110 10 0 2 0 PINTYPE=BI
P 3 0 120 50 120 0 2 0
A 45 120 10 0 9 0 #=AY30
L 55 120 10 0 2 0 1 0 VCCO_14_AY30
A 10 120 10 0 2 0 PINTYPE=BI
P 4 0 130 50 130 0 2 0
A 45 130 10 0 9 0 #=AU29
L 55 130 10 0 2 0 1 0 VCCO_14_AU29
A 10 130 10 0 2 0 PINTYPE=BI
P 5 0 140 50 140 0 2 0
A 45 140 10 0 9 0 #=AP28
L 55 140 10 0 2 0 1 0 VCCO_14_AP28
A 10 140 10 0 2 0 PINTYPE=BI
P 6 0 150 50 150 0 2 0
A 45 150 10 0 9 0 #=AL27
L 55 150 10 0 2 0 1 0 VCCO_14_AL27
A 10 150 10 0 2 0 PINTYPE=BI
P 7 400 100 350 100 0 3 0
A 355 100 10 0 3 0 #=AR27
L 345 100 10 0 8 0 1 0 IO_25_VRP_14_AR27
A 405 100 10 0 2 0 PINTYPE=BI
P 8 400 110 350 110 0 3 0
A 355 110 10 0 3 0 #=AL29
L 345 110 10 0 8 0 1 0 IO_L24N_T3_A00_D16_14_AL29
A 405 110 10 0 2 0 PINTYPE=BI
P 9 400 120 350 120 0 3 0
A 355 120 10 0 3 0 #=AL28
L 345 120 10 0 8 0 1 0 IO_L24P_T3_A01_D17_14_AL28
A 405 120 10 0 2 0 PINTYPE=BI
P 10 400 130 350 130 0 3 0
A 355 130 10 0 3 0 #=AK29
L 345 130 10 0 8 0 1 0 IO_L23N_T3_A02_D18_14_AK29
A 405 130 10 0 2 0 PINTYPE=BI
P 11 400 140 350 140 0 3 0
A 355 140 10 0 3 0 #=AJ29
L 345 140 10 0 8 0 1 0 IO_L23P_T3_A03_D19_14_AJ29
A 405 140 10 0 2 0 PINTYPE=BI
P 12 400 150 350 150 0 3 0
A 355 150 10 0 3 0 #=AM28
L 345 150 10 0 8 0 1 0 IO_L22N_T3_A04_D20_14_AM28
A 405 150 10 0 2 0 PINTYPE=BI
P 13 400 160 350 160 0 3 0
A 355 160 10 0 3 0 #=AM27
L 345 160 10 0 8 0 1 0 IO_L22P_T3_A05_D21_14_AM27
A 405 160 10 0 2 0 PINTYPE=BI
P 14 400 170 350 170 0 3 0
A 355 170 10 0 3 0 #=AK28
L 345 170 10 0 8 0 1 0 IO_L21N_T3_DQS_A06_D22_14_AK28
A 405 170 10 0 2 0 PINTYPE=BI
P 15 400 180 350 180 0 3 0
A 355 180 10 0 3 0 #=AK27
L 345 180 10 0 8 0 1 0 IO_L21P_T3_DQS_14_AK27
A 405 180 10 0 2 0 PINTYPE=BI
P 16 400 190 350 190 0 3 0
A 355 190 10 0 3 0 #=AN30
L 345 190 10 0 8 0 1 0 IO_L20N_T3_A07_D23_14_AN30
A 405 190 10 0 2 0 PINTYPE=BI
P 17 400 200 350 200 0 3 0
A 355 200 10 0 3 0 #=AM30
L 345 200 10 0 8 0 1 0 IO_L20P_T3_A08_D24_14_AM30
A 405 200 10 0 2 0 PINTYPE=BI
P 18 400 210 350 210 0 3 0
A 355 210 10 0 3 0 #=AN29
L 345 210 10 0 8 0 1 0 IO_L19N_T3A09D25_VREF_14_AN29
A 405 210 10 0 2 0 PINTYPE=BI
P 19 400 220 350 220 0 3 0
A 355 220 10 0 3 0 #=AN28
L 345 220 10 0 8 0 1 0 IO_L19P_T3_A10_D26_14_AN28
A 405 220 10 0 2 0 PINTYPE=BI
P 20 400 230 350 230 0 3 0
A 355 230 10 0 3 0 #=AR29
L 345 230 10 0 8 0 1 0 IO_L18N_T2_A11_D27_14_AR29
A 405 230 10 0 2 0 PINTYPE=BI
P 21 400 240 350 240 0 3 0
A 355 240 10 0 3 0 #=AR28
L 345 240 10 0 8 0 1 0 IO_L18P_T2_A12_D28_14_AR28
A 405 240 10 0 2 0 PINTYPE=BI
P 22 400 250 350 250 0 3 0
A 355 250 10 0 3 0 #=AP30
L 345 250 10 0 8 0 1 0 IO_L17N_T2_A13_D29_14_AP30
A 405 250 10 0 2 0 PINTYPE=BI
P 23 400 260 350 260 0 3 0
A 355 260 10 0 3 0 #=AP29
L 345 260 10 0 8 0 1 0 IO_L17P_T2_A14_D30_14_AP29
A 405 260 10 0 2 0 PINTYPE=BI
P 24 400 270 350 270 0 3 0
A 355 270 10 0 3 0 #=AT29
L 345 270 10 0 8 0 1 0 IO_L16N_T2_A15_D31_14_AT29
A 405 270 10 0 2 0 PINTYPE=BI
P 25 400 280 350 280 0 3 0
A 355 280 10 0 3 0 #=AT28
L 345 280 10 0 8 0 1 0 IO_L16P_T2_CSI_B_14_AT28
A 405 280 10 0 2 0 PINTYPE=BI
P 26 400 290 350 290 0 3 0
A 355 290 10 0 3 0 #=AP27
L 345 290 10 0 8 0 1 0 IO_L15N_T2_DQSDOUT_CSOB_14_AP27
A 405 290 10 0 2 0 PINTYPE=BI
P 27 400 300 350 300 0 3 0
A 355 300 10 0 3 0 #=AN27
L 345 300 10 0 8 0 1 0 IO_L15P_T2_DQS_RDWR_B_14_AN27
A 405 300 10 0 2 0 PINTYPE=BI
P 28 400 310 350 310 0 3 0
A 355 310 10 0 3 0 #=AV29
L 345 310 10 0 8 0 1 0 IO_L14N_T2_SRCC_14_AV29
A 405 310 10 0 2 0 PINTYPE=BI
P 29 400 320 350 320 0 3 0
A 355 320 10 0 3 0 #=AU28
L 345 320 10 0 8 0 1 0 IO_L14P_T2_SRCC_14_AU28
A 405 320 10 0 2 0 PINTYPE=BI
P 30 400 330 350 330 0 3 0
A 355 330 10 0 3 0 #=AV30
L 345 330 10 0 8 0 1 0 IO_L13N_T2_MRCC_14_AV30
A 405 330 10 0 2 0 PINTYPE=BI
P 31 400 340 350 340 0 3 0
A 355 340 10 0 3 0 #=AU30
L 345 340 10 0 8 0 1 0 IO_L13P_T2_MRCC_14_AU30
A 405 340 10 0 2 0 PINTYPE=BI
P 32 400 350 350 350 0 3 0
A 355 350 10 0 3 0 #=AV28
L 345 350 10 0 8 0 1 0 IO_L12N_T1_MRCC_14_AV28
A 405 350 10 0 2 0 PINTYPE=BI
P 33 400 360 350 360 0 3 0
A 355 360 10 0 3 0 #=AV27
L 345 360 10 0 8 0 1 0 IO_L12P_T1_MRCC_14_AV27
A 405 360 10 0 2 0 PINTYPE=BI
P 34 400 370 350 370 0 3 0
A 355 370 10 0 3 0 #=AW31
L 345 370 10 0 8 0 1 0 IO_L11N_T1_SRCC_14_AW31
A 405 370 10 0 2 0 PINTYPE=BI
P 35 400 380 350 380 0 3 0
A 355 380 10 0 3 0 #=AW30
L 345 380 10 0 8 0 1 0 IO_L11P_T1_SRCC_14_AW30
A 405 380 10 0 2 0 PINTYPE=BI
P 36 400 390 350 390 0 3 0
A 355 390 10 0 3 0 #=BA28
L 345 390 10 0 8 0 1 0 IO_L10N_T1_D15_14_BA28
A 405 390 10 0 2 0 PINTYPE=BI
P 37 400 400 350 400 0 3 0
A 355 400 10 0 3 0 #=AY28
L 345 400 10 0 8 0 1 0 IO_L10P_T1_D14_14_AY28
A 405 400 10 0 2 0 PINTYPE=BI
P 38 400 410 350 410 0 3 0
A 355 410 10 0 3 0 #=BA31
L 345 410 10 0 8 0 1 0 IO_L9N_T1_DQS_D13_14_BA31
A 405 410 10 0 2 0 PINTYPE=BI
P 39 400 420 350 420 0 3 0
A 355 420 10 0 3 0 #=AY31
L 345 420 10 0 8 0 1 0 IO_L9P_T1_DQS_14_AY31
A 405 420 10 0 2 0 PINTYPE=BI
P 40 400 430 350 430 0 3 0
A 355 430 10 0 3 0 #=AY27
L 345 430 10 0 8 0 1 0 IO_L8N_T1_D12_14_AY27
A 405 430 10 0 2 0 PINTYPE=BI
P 41 400 440 350 440 0 3 0
A 355 440 10 0 3 0 #=AW27
L 345 440 10 0 8 0 1 0 IO_L8P_T1_D11_14_AW27
A 405 440 10 0 2 0 PINTYPE=BI
P 42 400 450 350 450 0 3 0
A 355 450 10 0 3 0 #=AY29
L 345 450 10 0 8 0 1 0 IO_L7N_T1_D10_14_AY29
A 405 450 10 0 2 0 PINTYPE=BI
P 43 400 460 350 460 0 3 0
A 355 460 10 0 3 0 #=AW29
L 345 460 10 0 8 0 1 0 IO_L7P_T1_D09_14_AW29
A 405 460 10 0 2 0 PINTYPE=BI
P 44 400 470 350 470 0 3 0
A 355 470 10 0 3 0 #=BA30
L 345 470 10 0 8 0 1 0 IO_L6N_T0_D08_VREF_14_BA30
A 405 470 10 0 2 0 PINTYPE=BI
P 45 400 480 350 480 0 3 0
A 355 480 10 0 3 0 #=BA29
L 345 480 10 0 8 0 1 0 IO_L6P_T0_FCS_B_14_BA29
A 405 480 10 0 2 0 PINTYPE=BI
P 46 400 490 350 490 0 3 0
A 355 490 10 0 3 0 #=BC29
L 345 490 10 0 8 0 1 0 IO_L5N_T0_D07_14_BC29
A 405 490 10 0 2 0 PINTYPE=BI
P 47 400 500 350 500 0 3 0
A 355 500 10 0 3 0 #=BC28
L 345 500 10 0 8 0 1 0 IO_L5P_T0_D06_14_BC28
A 405 500 10 0 2 0 PINTYPE=BI
P 48 400 510 350 510 0 3 0
A 355 510 10 0 3 0 #=BC30
L 345 510 10 0 8 0 1 0 IO_L4N_T0_D05_14_BC30
A 405 510 10 0 2 0 PINTYPE=BI
P 49 400 520 350 520 0 3 0
A 355 520 10 0 3 0 #=BB30
L 345 520 10 0 8 0 1 0 IO_L4P_T0_D04_14_BB30
A 405 520 10 0 2 0 PINTYPE=BI
P 50 400 530 350 530 0 3 0
A 355 530 10 0 3 0 #=BB28
L 345 530 10 0 8 0 1 0 IO_L3N_T0_DQS_EMCCLK_14_BB28
A 405 530 10 0 2 0 PINTYPE=BI
P 51 400 540 350 540 0 3 0
A 355 540 10 0 3 0 #=BB27
L 345 540 10 0 8 0 1 0 IO_L3P_T0_DQS_PUDC_B_14_BB27
A 405 540 10 0 2 0 PINTYPE=BI
P 52 400 550 350 550 0 3 0
A 355 550 10 0 3 0 #=BD30
L 345 550 10 0 8 0 1 0 IO_L2N_T0_D03_14_BD30
A 405 550 10 0 2 0 PINTYPE=BI
P 53 400 560 350 560 0 3 0
A 355 560 10 0 3 0 #=BD29
L 345 560 10 0 8 0 1 0 IO_L2P_T0_D02_14_BD29
A 405 560 10 0 2 0 PINTYPE=BI
P 54 400 570 350 570 0 3 0
A 355 570 10 0 3 0 #=BD27
L 345 570 10 0 8 0 1 0 IO_L1N_T0_D01_DIN_14_BD27
A 405 570 10 0 2 0 PINTYPE=BI
P 55 400 580 350 580 0 3 0
A 355 580 10 0 3 0 #=BC27
L 345 580 10 0 8 0 1 0 IO_L1P_T0_D00_MOSI_14_BC27
A 405 580 10 0 2 0 PINTYPE=BI
P 56 400 590 350 590 0 3 0
A 355 590 10 0 3 0 #=AT30
L 345 590 10 0 8 0 1 0 IO_0_VRN_14_AT30
A 405 590 10 0 2 0 PINTYPE=BI
T 220 610 20 0 5 XC7VX690TFFG1929
T 220 630 20 0 5 BANK 14
c 70 710 10
U 50 740 10 0 3 3 DEVICE=XXXXXX
U 50 30 16 0 3 3 REFDES=U?
U 250 30 10 0 3 3 PKG_TYPE=XXXXXX
U 0 0 10 0 3 0 HETERO=xc7vx690tffg1929_0,xc7vx690tffg1929_14,xc7vx690tffg1929_15,xc7vx690tffg1929_16,xc7vx690tffg1929_17,xc7vx690tffg1929_18,xc7vx690tffg1929_19,xc7vx690tffg1929_34,xc7vx690tffg1929_35,xc7vx690tffg1929_36,xc7vx690tffg1929_37,xc7vx690tffg1929_38,xc7vx690tffg1929_39,xc7vx690tffg1929_110,xc7vx690tffg1929_111,xc7vx690tffg1929_112,xc7vx690tffg1929_113,xc7vx690tffg1929_114,xc7vx690tffg1929_115,xc7vx690tffg1929_116,xc7vx690tffg1929_117,xc7vx690tffg1929_118,xc7vx690tffg1929_119,xc7vx690tffg1929_210,xc7vx690tffg1929_211,xc7vx690tffg1929_212,xc7vx690tffg1929_213,xc7vx690tffg1929_214,xc7vx690tffg1929_215,xc7vx690tffg1929_216,xc7vx690tffg1929_217,xc7vx690tffg1929_218,xc7vx690tffg1929_219,xc7vx690tffg1929_MGTAVCC_G11,xc7vx690tffg1929_MGTAVCC_G10,xc7vx690tffg1929_MGTAVCC_G21,xc7vx690tffg1929_MGTAVCC_G20,xc7vx690tffg1929_MGTVCCAUX_G11,xc7vx690tffg1929_MGTVCCAUX_G10,xc7vx690tffg1929_MGTVCCAUX_G21,xc7vx690tffg1929_MGTVCCAUX_G20,xc7vx690tffg1929_MGTAVTT_G11,xc7vx690tffg1929_MGTAVTT_G10,xc7vx690tffg1929_MGTAVTT_G21,xc7vx690tffg1929_MGTAVTT_G20,xc7vx690tffg1929_MGTHAVCC_G10,xc7vx690tffg1929_MGTHAVCC_G20,xc7vx690tffg1929_MGTHVCCAUX_G10,xc7vx690tffg1929_MGTHVCCAUX_G20,xc7vx690tffg1929_MGTHAVTT_G10,xc7vx690tffg1929_MGTHAVTT_G20,xc7vx690tffg1929_GND1,xc7vx690tffg1929_GND2,xc7vx690tffg1929_GND3,xc7vx690tffg1929_VCCINT,xc7vx690tffg1929_VCCAUX,xc7vx690tffg1929_VCCAUX_IO_G3,xc7vx690tffg1929_VCCAUX_IO_G2,xc7vx690tffg1929_VCCAUX_IO_G1,xc7vx690tffg1929_VCCAUX_IO_G0,xc7vx690tffg1929_VCCBRAM
U 0 -10 10 0 3 0 PARTS=1
U 0 -20 10 0 3 0 LEVEL=STD
U 0 -30 10 0 3 0 DATE=2011_02_08
E
