V 50
K 153165148200 xc7vx690tffg1927
Y 1
D 0 0 400 440
Z 10
i 946
b 50 50 350 390
P 1 400 100 350 100 0 3 0
A 355 100 10 0 3 0 #=AJ35
L 345 100 10 0 8 0 1 0 MGTRREF_212_AJ35
A 405 100 10 0 2 0 PINTYPE=BI
P 2 400 110 350 110 0 3 0
A 355 110 10 0 3 0 #=AJ36
L 345 110 10 0 8 0 1 0 MGTAVTTRCAL_212_AJ36
A 405 110 10 0 2 0 PINTYPE=BI
P 3 400 120 350 120 0 3 0
A 355 120 10 0 3 0 #=AN36
L 345 120 10 0 8 0 1 0 MGTREFCLK1N_212_AN36
A 405 120 10 0 2 0 PINTYPE=BI
P 4 400 130 350 130 0 3 0
A 355 130 10 0 3 0 #=AN35
L 345 130 10 0 8 0 1 0 MGTREFCLK1P_212_AN35
A 405 130 10 0 2 0 PINTYPE=BI
P 5 400 140 350 140 0 3 0
A 355 140 10 0 3 0 #=AL36
L 345 140 10 0 8 0 1 0 MGTREFCLK0N_212_AL36
A 405 140 10 0 2 0 PINTYPE=BI
P 6 400 150 350 150 0 3 0
A 355 150 10 0 3 0 #=AL35
L 345 150 10 0 8 0 1 0 MGTREFCLK0P_212_AL35
A 405 150 10 0 2 0 PINTYPE=BI
P 7 400 160 350 160 0 3 0
A 355 160 10 0 3 0 #=AL40
L 345 160 10 0 8 0 1 0 MGTHRXN3_212_AL40
A 405 160 10 0 2 0 PINTYPE=BI
P 8 400 170 350 170 0 3 0
A 355 170 10 0 3 0 #=AL39
L 345 170 10 0 8 0 1 0 MGTHRXP3_212_AL39
A 405 170 10 0 2 0 PINTYPE=BI
P 9 400 180 350 180 0 3 0
A 355 180 10 0 3 0 #=AL44
L 345 180 10 0 8 0 1 0 MGTHTXN3_212_AL44
A 405 180 10 0 2 0 PINTYPE=BI
P 10 400 190 350 190 0 3 0
A 355 190 10 0 3 0 #=AL43
L 345 190 10 0 8 0 1 0 MGTHTXP3_212_AL43
A 405 190 10 0 2 0 PINTYPE=BI
P 11 400 200 350 200 0 3 0
A 355 200 10 0 3 0 #=AM38
L 345 200 10 0 8 0 1 0 MGTHRXN2_212_AM38
A 405 200 10 0 2 0 PINTYPE=BI
P 12 400 210 350 210 0 3 0
A 355 210 10 0 3 0 #=AM37
L 345 210 10 0 8 0 1 0 MGTHRXP2_212_AM37
A 405 210 10 0 2 0 PINTYPE=BI
P 13 400 220 350 220 0 3 0
A 355 220 10 0 3 0 #=AN44
L 345 220 10 0 8 0 1 0 MGTHTXN2_212_AN44
A 405 220 10 0 2 0 PINTYPE=BI
P 14 400 230 350 230 0 3 0
A 355 230 10 0 3 0 #=AN43
L 345 230 10 0 8 0 1 0 MGTHTXP2_212_AN43
A 405 230 10 0 2 0 PINTYPE=BI
P 15 400 240 350 240 0 3 0
A 355 240 10 0 3 0 #=AM42
L 345 240 10 0 8 0 1 0 MGTHRXN1_212_AM42
A 405 240 10 0 2 0 PINTYPE=BI
P 16 400 250 350 250 0 3 0
A 355 250 10 0 3 0 #=AM41
L 345 250 10 0 8 0 1 0 MGTHRXP1_212_AM41
A 405 250 10 0 2 0 PINTYPE=BI
P 17 400 260 350 260 0 3 0
A 355 260 10 0 3 0 #=AP42
L 345 260 10 0 8 0 1 0 MGTHTXN1_212_AP42
A 405 260 10 0 2 0 PINTYPE=BI
P 18 400 270 350 270 0 3 0
A 355 270 10 0 3 0 #=AP41
L 345 270 10 0 8 0 1 0 MGTHTXP1_212_AP41
A 405 270 10 0 2 0 PINTYPE=BI
P 19 400 280 350 280 0 3 0
A 355 280 10 0 3 0 #=AN40
L 345 280 10 0 8 0 1 0 MGTHRXN0_212_AN40
A 405 280 10 0 2 0 PINTYPE=BI
P 20 400 290 350 290 0 3 0
A 355 290 10 0 3 0 #=AN39
L 345 290 10 0 8 0 1 0 MGTHRXP0_212_AN39
A 405 290 10 0 2 0 PINTYPE=BI
P 21 400 300 350 300 0 3 0
A 355 300 10 0 3 0 #=AR44
L 345 300 10 0 8 0 1 0 MGTHTXN0_212_AR44
A 405 300 10 0 2 0 PINTYPE=BI
P 22 400 310 350 310 0 3 0
A 355 310 10 0 3 0 #=AR43
L 345 310 10 0 8 0 1 0 MGTHTXP0_212_AR43
A 405 310 10 0 2 0 PINTYPE=BI
T 220 330 20 0 5 XC7VX690TFFG1927
T 220 350 20 0 5 BANK 212
c 70 370 10
U 50 400 10 0 3 3 DEVICE=XXXXXX
U 50 30 16 0 3 3 REFDES=U?
U 250 30 10 0 3 3 PKG_TYPE=XXXXXX
U 0 0 10 0 3 0 HETERO=xc7vx690tffg1927_0,xc7vx690tffg1927_14,xc7vx690tffg1927_15,xc7vx690tffg1927_16,xc7vx690tffg1927_17,xc7vx690tffg1927_18,xc7vx690tffg1927_19,xc7vx690tffg1927_34,xc7vx690tffg1927_35,xc7vx690tffg1927_36,xc7vx690tffg1927_37,xc7vx690tffg1927_38,xc7vx690tffg1927_39,xc7vx690tffg1927_110,xc7vx690tffg1927_111,xc7vx690tffg1927_112,xc7vx690tffg1927_113,xc7vx690tffg1927_114,xc7vx690tffg1927_115,xc7vx690tffg1927_116,xc7vx690tffg1927_117,xc7vx690tffg1927_118,xc7vx690tffg1927_119,xc7vx690tffg1927_210,xc7vx690tffg1927_211,xc7vx690tffg1927_212,xc7vx690tffg1927_213,xc7vx690tffg1927_214,xc7vx690tffg1927_215,xc7vx690tffg1927_216,xc7vx690tffg1927_217,xc7vx690tffg1927_218,xc7vx690tffg1927_219,xc7vx690tffg1927_MGTAVCC_G10,xc7vx690tffg1927_MGTAVCC_G11,xc7vx690tffg1927_MGTAVCC_G20,xc7vx690tffg1927_MGTAVCC_G21,xc7vx690tffg1927_MGTAVTT_G10,xc7vx690tffg1927_MGTAVTT_G11,xc7vx690tffg1927_MGTAVTT_G20,xc7vx690tffg1927_MGTAVTT_G21,xc7vx690tffg1927_MGTAVCC_G9,xc7vx690tffg1927_MGTAVCC_G19,xc7vx690tffg1927_MGTAVTT_G9,xc7vx690tffg1927_MGTAVTT_G19,xc7vx690tffg1927_MGTVCCAUX_G9,xc7vx690tffg1927_MGTVCCAUX_G19,xc7vx690tffg1927_MGTVCCAUX_G10,xc7vx690tffg1927_MGTVCCAUX_G11,xc7vx690tffg1927_MGTVCCAUX_G20,xc7vx690tffg1927_MGTVCCAUX_G21,xc7vx690tffg1927_GND1,xc7vx690tffg1927_GND2,xc7vx690tffg1927_GND3,xc7vx690tffg1927_VCCINT,xc7vx690tffg1927_VCCAUX,xc7vx690tffg1927_VCCAUX_IO_G3,xc7vx690tffg1927_VCCAUX_IO_G2,xc7vx690tffg1927_VCCAUX_IO_G1,xc7vx690tffg1927_VCCAUX_IO_G0,xc7vx690tffg1927_VCCBRAM
U 0 -10 10 0 3 0 PARTS=1
U 0 -20 10 0 3 0 LEVEL=STD
U 0 -30 10 0 3 0 DATE=2011_04_11
E
