V 50
K 153165148200 xc7v2000tflg1925
Y 1
D 0 0 400 360
Z 10
i 946
b 50 50 350 310
P 1 0 100 50 100 0 2 0
A 45 100 10 0 9 0 #=AB9
L 55 100 10 0 2 0 1 0 VCCO_0_AB9
A 10 100 10 0 2 0 PINTYPE=BI
P 2 400 100 350 100 0 3 0
A 355 100 10 0 3 0 #=AG11
L 345 100 10 0 8 0 1 0 M1_0_AG11
A 405 100 10 0 2 0 PINTYPE=BI
P 3 400 110 350 110 0 3 0
A 355 110 10 0 3 0 #=AH11
L 345 110 10 0 8 0 1 0 M0_0_AH11
A 405 110 10 0 2 0 PINTYPE=BI
P 4 400 120 350 120 0 3 0
A 355 120 10 0 3 0 #=AG10
L 345 120 10 0 8 0 1 0 M2_0_AG10
A 405 120 10 0 2 0 PINTYPE=BI
P 5 400 130 350 130 0 3 0
A 355 130 10 0 3 0 #=AD10
L 345 130 10 0 8 0 1 0 DONE_0_AD10
A 405 130 10 0 2 0 PINTYPE=BI
P 6 400 140 350 140 0 3 0
A 355 140 10 0 3 0 #=AC10
L 345 140 10 0 8 0 1 0 CFGBVS_0_AC10
A 405 140 10 0 2 0 PINTYPE=BI
P 7 400 150 350 150 0 3 0
A 355 150 10 0 3 0 #=AB10
L 345 150 10 0 8 0 1 0 PROGRAM_B_0_AB10
A 405 150 10 0 2 0 PINTYPE=BI
P 8 400 160 350 160 0 3 0
A 355 160 10 0 3 0 #=AB3
L 345 160 10 0 8 0 1 0 INIT_B_0_AB3
A 405 160 10 0 2 0 PINTYPE=BI
P 9 400 170 350 170 0 3 0
A 355 170 10 0 3 0 #=AB4
L 345 170 10 0 8 0 1 0 TDI_0_AB4
A 405 170 10 0 2 0 PINTYPE=BI
P 10 400 180 350 180 0 3 0
A 355 180 10 0 3 0 #=AB7
L 345 180 10 0 8 0 1 0 TDO_0_AB7
A 405 180 10 0 2 0 PINTYPE=BI
P 11 400 190 350 190 0 3 0
A 355 190 10 0 3 0 #=AB6
L 345 190 10 0 8 0 1 0 TMS_0_AB6
A 405 190 10 0 2 0 PINTYPE=BI
P 12 400 200 350 200 0 3 0
A 355 200 10 0 3 0 #=AB5
L 345 200 10 0 8 0 1 0 TCK_0_AB5
A 405 200 10 0 2 0 PINTYPE=BI
P 13 400 210 350 210 0 3 0
A 355 210 10 0 3 0 #=AB2
L 345 210 10 0 8 0 1 0 CCLK_0_AB2
A 405 210 10 0 2 0 PINTYPE=BI
P 14 400 220 350 220 0 3 0
A 355 220 10 0 3 0 #=AB1
L 345 220 10 0 8 0 1 0 VCCBATT_0_AB1
A 405 220 10 0 2 0 PINTYPE=BI
T 220 240 20 0 5 XC7V2000TFLG1925
T 220 260 20 0 5 BANK 0_H
c 70 290 10
U 50 320 10 0 3 3 DEVICE=XXXXXX
U 50 30 16 0 3 3 REFDES=U?
U 250 30 10 0 3 3 PKG_TYPE=XXXXXX
U 0 0 10 0 3 0 HETERO=xc7v2000tflg1925_0_H,xc7v2000tflg1925_11_H,xc7v2000tflg1925_12_H,xc7v2000tflg1925_13_H,xc7v2000tflg1925_14_H,xc7v2000tflg1925_15_H,xc7v2000tflg1925_16_H,xc7v2000tflg1925_17_H,xc7v2000tflg1925_18_H,xc7v2000tflg1925_19_H,xc7v2000tflg1925_20_H,xc7v2000tflg1925_21_H,xc7v2000tflg1925_22_H,xc7v2000tflg1925_31_H,xc7v2000tflg1925_32_H,xc7v2000tflg1925_33_H,xc7v2000tflg1925_34_H,xc7v2000tflg1925_35_H,xc7v2000tflg1925_36_H,xc7v2000tflg1925_37_H,xc7v2000tflg1925_38_H,xc7v2000tflg1925_39_H,xc7v2000tflg1925_40_H,xc7v2000tflg1925_41_H,xc7v2000tflg1925_42_H,xc7v2000tflg1925_GND_H
U 0 -10 10 0 3 0 PARTS=1
U 0 -20 10 0 3 0 LEVEL=STD
U 0 -30 10 0 3 0 DATE=2011_04_21
E
