V 50
K 153165148200 xc7vh870thcg1932
Y 1
D 0 0 400 430
Z 10
i 946
b 50 50 350 380
P 1 0 100 50 100 0 2 0
A 45 100 10 0 9 0 #=V17
L 55 100 10 0 2 0 1 0 VCCO_0_V17
A 10 100 10 0 2 0 PINTYPE=BI
P 2 0 110 50 110 0 2 0
A 45 110 10 0 9 0 #=W16
L 55 110 10 0 2 0 1 0 VCCO_0_W16
A 10 110 10 0 2 0 PINTYPE=BI
P 3 400 100 350 100 0 3 0
A 355 100 10 0 3 0 #=AM21
L 345 100 10 0 8 0 1 0 M1_0_AM21
A 405 100 10 0 2 0 PINTYPE=BI
P 4 400 110 350 110 0 3 0
A 355 110 10 0 3 0 #=AM23
L 345 110 10 0 8 0 1 0 M0_0_AM23
A 405 110 10 0 2 0 PINTYPE=BI
P 5 400 120 350 120 0 3 0
A 355 120 10 0 3 0 #=AM19
L 345 120 10 0 8 0 1 0 M2_0_AM19
A 405 120 10 0 2 0 PINTYPE=BI
P 6 400 130 350 130 0 3 0
A 355 130 10 0 3 0 #=AJ26
L 345 130 10 0 8 0 1 0 DONE_0_AJ26
A 405 130 10 0 2 0 PINTYPE=BI
P 7 400 140 350 140 0 3 0
A 355 140 10 0 3 0 #=AL26
L 345 140 10 0 8 0 1 0 PROGRAM_B_0_AL26
A 405 140 10 0 2 0 PINTYPE=BI
P 8 400 150 350 150 0 3 0
A 355 150 10 0 3 0 #=AK19
L 345 150 10 0 8 0 1 0 INIT_B_0_AK19
A 405 150 10 0 2 0 PINTYPE=BI
P 9 400 160 350 160 0 3 0
A 355 160 10 0 3 0 #=R20
L 345 160 10 0 8 0 1 0 TDI_0_R20
A 405 160 10 0 2 0 PINTYPE=BI
P 10 400 170 350 170 0 3 0
A 355 170 10 0 3 0 #=N20
L 345 170 10 0 8 0 1 0 TMS_0_N20
A 405 170 10 0 2 0 PINTYPE=BI
P 11 400 180 350 180 0 3 0
A 355 180 10 0 3 0 #=N22
L 345 180 10 0 8 0 1 0 TCK_0_N22
A 405 180 10 0 2 0 PINTYPE=BI
P 12 400 190 350 190 0 3 0
A 355 190 10 0 3 0 #=R26
L 345 190 10 0 8 0 1 0 CCLK_0_R26
A 405 190 10 0 2 0 PINTYPE=BI
P 13 400 200 350 200 0 3 0
A 355 200 10 0 3 0 #=R22
L 345 200 10 0 8 0 1 0 VCCBATT_0_R22
A 405 200 10 0 2 0 PINTYPE=BI
P 14 400 210 350 210 0 3 0
A 355 210 10 0 3 0 #=AC22
L 345 210 10 0 8 0 1 0 VN_0_AC22
A 405 210 10 0 2 0 PINTYPE=BI
P 15 400 220 350 220 0 3 0
A 355 220 10 0 3 0 #=AB23
L 345 220 10 0 8 0 1 0 VP_0_AB23
A 405 220 10 0 2 0 PINTYPE=BI
P 16 400 230 350 230 0 3 0
A 355 230 10 0 3 0 #=AC23
L 345 230 10 0 8 0 1 0 VREFP_0_AC23
A 405 230 10 0 2 0 PINTYPE=BI
P 17 400 240 350 240 0 3 0
A 355 240 10 0 3 0 #=AB22
L 345 240 10 0 8 0 1 0 VREFN_0_AB22
A 405 240 10 0 2 0 PINTYPE=BI
P 18 400 250 350 250 0 3 0
A 355 250 10 0 3 0 #=AD23
L 345 250 10 0 8 0 1 0 DXP_0_AD23
A 405 250 10 0 2 0 PINTYPE=BI
P 19 400 260 350 260 0 3 0
A 355 260 10 0 3 0 #=AA22
L 345 260 10 0 8 0 1 0 GNDADC_0_AA22
A 405 260 10 0 2 0 PINTYPE=BI
P 20 400 270 350 270 0 3 0
A 355 270 10 0 3 0 #=AA23
L 345 270 10 0 8 0 1 0 VCCADC_0_AA23
A 405 270 10 0 2 0 PINTYPE=BI
P 21 400 280 350 280 0 3 0
A 355 280 10 0 3 0 #=AD22
L 345 280 10 0 8 0 1 0 DXN_0_AD22
A 405 280 10 0 2 0 PINTYPE=BI
T 220 300 20 0 5 XC7VH870THCG1932
T 220 320 20 0 5 BANK 0
c 70 360 10
U 50 390 10 0 3 3 DEVICE=XXXXXX
U 50 30 16 0 3 3 REFDES=U?
U 250 30 10 0 3 3 PKG_TYPE=XXXXXX
U 0 0 10 0 3 0 HETERO=xc7vh870thcg1932_0,xc7vh870thcg1932_13,xc7vh870thcg1932_14,xc7vh870thcg1932_15,xc7vh870thcg1932_33,xc7vh870thcg1932_34,xc7vh870thcg1932_35,xc7vh870thcg1932_110,xc7vh870thcg1932_111,xc7vh870thcg1932_112,xc7vh870thcg1932_113,xc7vh870thcg1932_114,xc7vh870thcg1932_115,xc7vh870thcg1932_116,xc7vh870thcg1932_117,xc7vh870thcg1932_118,xc7vh870thcg1932_210,xc7vh870thcg1932_211,xc7vh870thcg1932_212,xc7vh870thcg1932_213,xc7vh870thcg1932_214,xc7vh870thcg1932_215,xc7vh870thcg1932_216,xc7vh870thcg1932_217,xc7vh870thcg1932_218,xc7vh870thcg1932_300,xc7vh870thcg1932_400,xc7vh870thcg1932_MGTAVCC_G10,xc7vh870thcg1932_MGTAVCC_G11,xc7vh870thcg1932_MGTAVCC_G12,xc7vh870thcg1932_MGTAVCC_G20,xc7vh870thcg1932_MGTAVCC_G21,xc7vh870thcg1932_MGTAVCC_G22,xc7vh870thcg1932_MGTVCCAUX_G10,xc7vh870thcg1932_MGTVCCAUX_G11,xc7vh870thcg1932_MGTVCCAUX_G12,xc7vh870thcg1932_MGTVCCAUX_G20,xc7vh870thcg1932_MGTVCCAUX_G21,xc7vh870thcg1932_MGTVCCAUX_G22,xc7vh870thcg1932_MGTAVTT_G10,xc7vh870thcg1932_MGTAVTT_G11,xc7vh870thcg1932_MGTAVTT_G12,xc7vh870thcg1932_MGTAVTT_G20,xc7vh870thcg1932_MGTAVTT_G21,xc7vh870thcg1932_MGTAVTT_G22,xc7vh870thcg1932_GND1,xc7vh870thcg1932_GND2,xc7vh870thcg1932_GND3,xc7vh870thcg1932_VCCINT,xc7vh870thcg1932_VCCAUX,xc7vh870thcg1932_VCCAUX_IO_G0,xc7vh870thcg1932_VCCAUX_IO_G2,xc7vh870thcg1932_VCCBRAM
U 0 -10 10 0 3 0 PARTS=1
U 0 -20 10 0 3 0 LEVEL=STD
U 0 -30 10 0 3 0 DATE=2012_05_22
E
