V 50
K 153165148200 xc7vh580thcg1155
Y 1
D 0 0 400 1020
Z 10
i 946
b 50 50 350 970
P 1 400 100 350 100 0 3 0
A 355 100 10 0 3 0 #=A3
L 345 100 10 0 8 0 1 0 GND_A3
A 405 100 10 0 2 0 PINTYPE=BI
P 2 400 110 350 110 0 3 0
A 355 110 10 0 3 0 #=A31
L 345 110 10 0 8 0 1 0 GND_A31
A 405 110 10 0 2 0 PINTYPE=BI
P 3 400 120 350 120 0 3 0
A 355 120 10 0 3 0 #=A32
L 345 120 10 0 8 0 1 0 GND_A32
A 405 120 10 0 2 0 PINTYPE=BI
P 4 400 130 350 130 0 3 0
A 355 130 10 0 3 0 #=A4
L 345 130 10 0 8 0 1 0 GND_A4
A 405 130 10 0 2 0 PINTYPE=BI
P 5 400 140 350 140 0 3 0
A 355 140 10 0 3 0 #=AA11
L 345 140 10 0 8 0 1 0 GND_AA11
A 405 140 10 0 2 0 PINTYPE=BI
P 6 400 150 350 150 0 3 0
A 355 150 10 0 3 0 #=AA13
L 345 150 10 0 8 0 1 0 GND_AA13
A 405 150 10 0 2 0 PINTYPE=BI
P 7 400 160 350 160 0 3 0
A 355 160 10 0 3 0 #=AA15
L 345 160 10 0 8 0 1 0 GND_AA15
A 405 160 10 0 2 0 PINTYPE=BI
P 8 400 170 350 170 0 3 0
A 355 170 10 0 3 0 #=AA16
L 345 170 10 0 8 0 1 0 GND_AA16
A 405 170 10 0 2 0 PINTYPE=BI
P 9 400 180 350 180 0 3 0
A 355 180 10 0 3 0 #=AA17
L 345 180 10 0 8 0 1 0 GND_AA17
A 405 180 10 0 2 0 PINTYPE=BI
P 10 400 190 350 190 0 3 0
A 355 190 10 0 3 0 #=AA19
L 345 190 10 0 8 0 1 0 GND_AA19
A 405 190 10 0 2 0 PINTYPE=BI
P 11 400 200 350 200 0 3 0
A 355 200 10 0 3 0 #=AA21
L 345 200 10 0 8 0 1 0 GND_AA21
A 405 200 10 0 2 0 PINTYPE=BI
P 12 400 210 350 210 0 3 0
A 355 210 10 0 3 0 #=AA23
L 345 210 10 0 8 0 1 0 GND_AA23
A 405 210 10 0 2 0 PINTYPE=BI
P 13 400 220 350 220 0 3 0
A 355 220 10 0 3 0 #=AA25
L 345 220 10 0 8 0 1 0 GND_AA25
A 405 220 10 0 2 0 PINTYPE=BI
P 14 400 230 350 230 0 3 0
A 355 230 10 0 3 0 #=AA28
L 345 230 10 0 8 0 1 0 GND_AA28
A 405 230 10 0 2 0 PINTYPE=BI
P 15 400 240 350 240 0 3 0
A 355 240 10 0 3 0 #=AA3
L 345 240 10 0 8 0 1 0 GND_AA3
A 405 240 10 0 2 0 PINTYPE=BI
P 16 400 250 350 250 0 3 0
A 355 250 10 0 3 0 #=AA31
L 345 250 10 0 8 0 1 0 GND_AA31
A 405 250 10 0 2 0 PINTYPE=BI
P 17 400 260 350 260 0 3 0
A 355 260 10 0 3 0 #=AA32
L 345 260 10 0 8 0 1 0 GND_AA32
A 405 260 10 0 2 0 PINTYPE=BI
P 18 400 270 350 270 0 3 0
A 355 270 10 0 3 0 #=AA4
L 345 270 10 0 8 0 1 0 GND_AA4
A 405 270 10 0 2 0 PINTYPE=BI
P 19 400 280 350 280 0 3 0
A 355 280 10 0 3 0 #=AA7
L 345 280 10 0 8 0 1 0 GND_AA7
A 405 280 10 0 2 0 PINTYPE=BI
P 20 400 290 350 290 0 3 0
A 355 290 10 0 3 0 #=AA9
L 345 290 10 0 8 0 1 0 GND_AA9
A 405 290 10 0 2 0 PINTYPE=BI
P 21 400 300 350 300 0 3 0
A 355 300 10 0 3 0 #=AB1
L 345 300 10 0 8 0 1 0 GND_AB1
A 405 300 10 0 2 0 PINTYPE=BI
P 22 400 310 350 310 0 3 0
A 355 310 10 0 3 0 #=AB10
L 345 310 10 0 8 0 1 0 GND_AB10
A 405 310 10 0 2 0 PINTYPE=BI
P 23 400 320 350 320 0 3 0
A 355 320 10 0 3 0 #=AB12
L 345 320 10 0 8 0 1 0 GND_AB12
A 405 320 10 0 2 0 PINTYPE=BI
P 24 400 330 350 330 0 3 0
A 355 330 10 0 3 0 #=AB23
L 345 330 10 0 8 0 1 0 GND_AB23
A 405 330 10 0 2 0 PINTYPE=BI
P 25 400 340 350 340 0 3 0
A 355 340 10 0 3 0 #=AB28
L 345 340 10 0 8 0 1 0 GND_AB28
A 405 340 10 0 2 0 PINTYPE=BI
P 26 400 350 350 350 0 3 0
A 355 350 10 0 3 0 #=AB29
L 345 350 10 0 8 0 1 0 GND_AB29
A 405 350 10 0 2 0 PINTYPE=BI
P 27 400 360 350 360 0 3 0
A 355 360 10 0 3 0 #=AB34
L 345 360 10 0 8 0 1 0 GND_AB34
A 405 360 10 0 2 0 PINTYPE=BI
P 28 400 370 350 370 0 3 0
A 355 370 10 0 3 0 #=AB6
L 345 370 10 0 8 0 1 0 GND_AB6
A 405 370 10 0 2 0 PINTYPE=BI
P 29 400 380 350 380 0 3 0
A 355 380 10 0 3 0 #=AB7
L 345 380 10 0 8 0 1 0 GND_AB7
A 405 380 10 0 2 0 PINTYPE=BI
P 30 400 390 350 390 0 3 0
A 355 390 10 0 3 0 #=AB8
L 345 390 10 0 8 0 1 0 GND_AB8
A 405 390 10 0 2 0 PINTYPE=BI
P 31 400 400 350 400 0 3 0
A 355 400 10 0 3 0 #=AC10
L 345 400 10 0 8 0 1 0 GND_AC10
A 405 400 10 0 2 0 PINTYPE=BI
P 32 400 410 350 410 0 3 0
A 355 410 10 0 3 0 #=AC20
L 345 410 10 0 8 0 1 0 GND_AC20
A 405 410 10 0 2 0 PINTYPE=BI
P 33 400 420 350 420 0 3 0
A 355 420 10 0 3 0 #=AC28
L 345 420 10 0 8 0 1 0 GND_AC28
A 405 420 10 0 2 0 PINTYPE=BI
P 34 400 430 350 430 0 3 0
A 355 430 10 0 3 0 #=AC3
L 345 430 10 0 8 0 1 0 GND_AC3
A 405 430 10 0 2 0 PINTYPE=BI
P 35 400 440 350 440 0 3 0
A 355 440 10 0 3 0 #=AC32
L 345 440 10 0 8 0 1 0 GND_AC32
A 405 440 10 0 2 0 PINTYPE=BI
P 36 400 450 350 450 0 3 0
A 355 450 10 0 3 0 #=AC7
L 345 450 10 0 8 0 1 0 GND_AC7
A 405 450 10 0 2 0 PINTYPE=BI
P 37 400 460 350 460 0 3 0
A 355 460 10 0 3 0 #=AD1
L 345 460 10 0 8 0 1 0 GND_AD1
A 405 460 10 0 2 0 PINTYPE=BI
P 38 400 470 350 470 0 3 0
A 355 470 10 0 3 0 #=AD17
L 345 470 10 0 8 0 1 0 GND_AD17
A 405 470 10 0 2 0 PINTYPE=BI
P 39 400 480 350 480 0 3 0
A 355 480 10 0 3 0 #=AD27
L 345 480 10 0 8 0 1 0 GND_AD27
A 405 480 10 0 2 0 PINTYPE=BI
P 40 400 490 350 490 0 3 0
A 355 490 10 0 3 0 #=AD28
L 345 490 10 0 8 0 1 0 GND_AD28
A 405 490 10 0 2 0 PINTYPE=BI
P 41 400 500 350 500 0 3 0
A 355 500 10 0 3 0 #=AD29
L 345 500 10 0 8 0 1 0 GND_AD29
A 405 500 10 0 2 0 PINTYPE=BI
P 42 400 510 350 510 0 3 0
A 355 510 10 0 3 0 #=AD30
L 345 510 10 0 8 0 1 0 GND_AD30
A 405 510 10 0 2 0 PINTYPE=BI
P 43 400 520 350 520 0 3 0
A 355 520 10 0 3 0 #=AD34
L 345 520 10 0 8 0 1 0 GND_AD34
A 405 520 10 0 2 0 PINTYPE=BI
P 44 400 530 350 530 0 3 0
A 355 530 10 0 3 0 #=AD5
L 345 530 10 0 8 0 1 0 GND_AD5
A 405 530 10 0 2 0 PINTYPE=BI
P 45 400 540 350 540 0 3 0
A 355 540 10 0 3 0 #=AD6
L 345 540 10 0 8 0 1 0 GND_AD6
A 405 540 10 0 2 0 PINTYPE=BI
P 46 400 550 350 550 0 3 0
A 355 550 10 0 3 0 #=AD7
L 345 550 10 0 8 0 1 0 GND_AD7
A 405 550 10 0 2 0 PINTYPE=BI
P 47 400 560 350 560 0 3 0
A 355 560 10 0 3 0 #=AE14
L 345 560 10 0 8 0 1 0 GND_AE14
A 405 560 10 0 2 0 PINTYPE=BI
P 48 400 570 350 570 0 3 0
A 355 570 10 0 3 0 #=AE24
L 345 570 10 0 8 0 1 0 GND_AE24
A 405 570 10 0 2 0 PINTYPE=BI
P 49 400 580 350 580 0 3 0
A 355 580 10 0 3 0 #=AE3
L 345 580 10 0 8 0 1 0 GND_AE3
A 405 580 10 0 2 0 PINTYPE=BI
P 50 400 590 350 590 0 3 0
A 355 590 10 0 3 0 #=AE30
L 345 590 10 0 8 0 1 0 GND_AE30
A 405 590 10 0 2 0 PINTYPE=BI
P 51 400 600 350 600 0 3 0
A 355 600 10 0 3 0 #=AE31
L 345 600 10 0 8 0 1 0 GND_AE31
A 405 600 10 0 2 0 PINTYPE=BI
P 52 400 610 350 610 0 3 0
A 355 610 10 0 3 0 #=AE32
L 345 610 10 0 8 0 1 0 GND_AE32
A 405 610 10 0 2 0 PINTYPE=BI
P 53 400 620 350 620 0 3 0
A 355 620 10 0 3 0 #=AE4
L 345 620 10 0 8 0 1 0 GND_AE4
A 405 620 10 0 2 0 PINTYPE=BI
P 54 400 630 350 630 0 3 0
A 355 630 10 0 3 0 #=AE5
L 345 630 10 0 8 0 1 0 GND_AE5
A 405 630 10 0 2 0 PINTYPE=BI
P 55 400 640 350 640 0 3 0
A 355 640 10 0 3 0 #=AF1
L 345 640 10 0 8 0 1 0 GND_AF1
A 405 640 10 0 2 0 PINTYPE=BI
P 56 400 650 350 650 0 3 0
A 355 650 10 0 3 0 #=AF11
L 345 650 10 0 8 0 1 0 GND_AF11
A 405 650 10 0 2 0 PINTYPE=BI
P 57 400 660 350 660 0 3 0
A 355 660 10 0 3 0 #=AF2
L 345 660 10 0 8 0 1 0 GND_AF2
A 405 660 10 0 2 0 PINTYPE=BI
P 58 400 670 350 670 0 3 0
A 355 670 10 0 3 0 #=AF21
L 345 670 10 0 8 0 1 0 GND_AF21
A 405 670 10 0 2 0 PINTYPE=BI
P 59 400 680 350 680 0 3 0
A 355 680 10 0 3 0 #=AF3
L 345 680 10 0 8 0 1 0 GND_AF3
A 405 680 10 0 2 0 PINTYPE=BI
P 60 400 690 350 690 0 3 0
A 355 690 10 0 3 0 #=AF31
L 345 690 10 0 8 0 1 0 GND_AF31
A 405 690 10 0 2 0 PINTYPE=BI
P 61 400 700 350 700 0 3 0
A 355 700 10 0 3 0 #=AF32
L 345 700 10 0 8 0 1 0 GND_AF32
A 405 700 10 0 2 0 PINTYPE=BI
P 62 400 710 350 710 0 3 0
A 355 710 10 0 3 0 #=AF33
L 345 710 10 0 8 0 1 0 GND_AF33
A 405 710 10 0 2 0 PINTYPE=BI
P 63 400 720 350 720 0 3 0
A 355 720 10 0 3 0 #=AF34
L 345 720 10 0 8 0 1 0 GND_AF34
A 405 720 10 0 2 0 PINTYPE=BI
P 64 400 730 350 730 0 3 0
A 355 730 10 0 3 0 #=AG18
L 345 730 10 0 8 0 1 0 GND_AG18
A 405 730 10 0 2 0 PINTYPE=BI
P 65 400 740 350 740 0 3 0
A 355 740 10 0 3 0 #=AG28
L 345 740 10 0 8 0 1 0 GND_AG28
A 405 740 10 0 2 0 PINTYPE=BI
P 66 400 750 350 750 0 3 0
A 355 750 10 0 3 0 #=AG8
L 345 750 10 0 8 0 1 0 GND_AG8
A 405 750 10 0 2 0 PINTYPE=BI
P 67 400 760 350 760 0 3 0
A 355 760 10 0 3 0 #=AH15
L 345 760 10 0 8 0 1 0 GND_AH15
A 405 760 10 0 2 0 PINTYPE=BI
P 68 400 770 350 770 0 3 0
A 355 770 10 0 3 0 #=AH25
L 345 770 10 0 8 0 1 0 GND_AH25
A 405 770 10 0 2 0 PINTYPE=BI
P 69 400 780 350 780 0 3 0
A 355 780 10 0 3 0 #=AH5
L 345 780 10 0 8 0 1 0 GND_AH5
A 405 780 10 0 2 0 PINTYPE=BI
P 70 400 790 350 790 0 3 0
A 355 790 10 0 3 0 #=AJ12
L 345 790 10 0 8 0 1 0 GND_AJ12
A 405 790 10 0 2 0 PINTYPE=BI
P 71 400 800 350 800 0 3 0
A 355 800 10 0 3 0 #=AJ2
L 345 800 10 0 8 0 1 0 GND_AJ2
A 405 800 10 0 2 0 PINTYPE=BI
P 72 400 810 350 810 0 3 0
A 355 810 10 0 3 0 #=AJ22
L 345 810 10 0 8 0 1 0 GND_AJ22
A 405 810 10 0 2 0 PINTYPE=BI
P 73 400 820 350 820 0 3 0
A 355 820 10 0 3 0 #=AJ32
L 345 820 10 0 8 0 1 0 GND_AJ32
A 405 820 10 0 2 0 PINTYPE=BI
P 74 400 830 350 830 0 3 0
A 355 830 10 0 3 0 #=AK19
L 345 830 10 0 8 0 1 0 GND_AK19
A 405 830 10 0 2 0 PINTYPE=BI
P 75 400 840 350 840 0 3 0
A 355 840 10 0 3 0 #=AK29
L 345 840 10 0 8 0 1 0 GND_AK29
A 405 840 10 0 2 0 PINTYPE=BI
P 76 400 850 350 850 0 3 0
A 355 850 10 0 3 0 #=AK9
L 345 850 10 0 8 0 1 0 GND_AK9
A 405 850 10 0 2 0 PINTYPE=BI
P 77 400 860 350 860 0 3 0
A 355 860 10 0 3 0 #=AL16
L 345 860 10 0 8 0 1 0 GND_AL16
A 405 860 10 0 2 0 PINTYPE=BI
P 78 400 870 350 870 0 3 0
A 355 870 10 0 3 0 #=AL26
L 345 870 10 0 8 0 1 0 GND_AL26
A 405 870 10 0 2 0 PINTYPE=BI
P 79 400 880 350 880 0 3 0
A 355 880 10 0 3 0 #=AL6
L 345 880 10 0 8 0 1 0 GND_AL6
A 405 880 10 0 2 0 PINTYPE=BI
P 80 400 890 350 890 0 3 0
A 355 890 10 0 3 0 #=AM13
L 345 890 10 0 8 0 1 0 GND_AM13
A 405 890 10 0 2 0 PINTYPE=BI
P 81 400 900 350 900 0 3 0
A 355 900 10 0 3 0 #=AM23
L 345 900 10 0 8 0 1 0 GND_AM23
A 405 900 10 0 2 0 PINTYPE=BI
P 82 0 110 50 110 0 2 0
A 45 110 10 0 9 0 #=AM3
L 55 110 10 0 2 0 1 0 GND_AM3
A 10 110 10 0 2 0 PINTYPE=BI
P 83 0 120 50 120 0 2 0
A 45 120 10 0 9 0 #=AM33
L 55 120 10 0 2 0 1 0 GND_AM33
A 10 120 10 0 2 0 PINTYPE=BI
P 84 0 130 50 130 0 2 0
A 45 130 10 0 9 0 #=AN10
L 55 130 10 0 2 0 1 0 GND_AN10
A 10 130 10 0 2 0 PINTYPE=BI
P 85 0 140 50 140 0 2 0
A 45 140 10 0 9 0 #=AN20
L 55 140 10 0 2 0 1 0 GND_AN20
A 10 140 10 0 2 0 PINTYPE=BI
P 86 0 150 50 150 0 2 0
A 45 150 10 0 9 0 #=AN30
L 55 150 10 0 2 0 1 0 GND_AN30
A 10 150 10 0 2 0 PINTYPE=BI
P 87 0 160 50 160 0 2 0
A 45 160 10 0 9 0 #=AP17
L 55 160 10 0 2 0 1 0 GND_AP17
A 10 160 10 0 2 0 PINTYPE=BI
P 88 0 170 50 170 0 2 0
A 45 170 10 0 9 0 #=AP27
L 55 170 10 0 2 0 1 0 GND_AP27
A 10 170 10 0 2 0 PINTYPE=BI
P 89 0 180 50 180 0 2 0
A 45 180 10 0 9 0 #=AP34
L 55 180 10 0 2 0 1 0 GND_AP34
A 10 180 10 0 2 0 PINTYPE=BI
P 90 0 190 50 190 0 2 0
A 45 190 10 0 9 0 #=AP7
L 55 190 10 0 2 0 1 0 GND_AP7
A 10 190 10 0 2 0 PINTYPE=BI
P 91 0 200 50 200 0 2 0
A 45 200 10 0 9 0 #=B1
L 55 200 10 0 2 0 1 0 GND_B1
A 10 200 10 0 2 0 PINTYPE=BI
P 92 0 210 50 210 0 2 0
A 45 210 10 0 9 0 #=B34
L 55 210 10 0 2 0 1 0 GND_B34
A 10 210 10 0 2 0 PINTYPE=BI
P 93 0 220 50 220 0 2 0
A 45 220 10 0 9 0 #=C3
L 55 220 10 0 2 0 1 0 GND_C3
A 10 220 10 0 2 0 PINTYPE=BI
P 94 0 230 50 230 0 2 0
A 45 230 10 0 9 0 #=C32
L 55 230 10 0 2 0 1 0 GND_C32
A 10 230 10 0 2 0 PINTYPE=BI
P 95 0 240 50 240 0 2 0
A 45 240 10 0 9 0 #=D1
L 55 240 10 0 2 0 1 0 GND_D1
A 10 240 10 0 2 0 PINTYPE=BI
P 96 0 250 50 250 0 2 0
A 45 250 10 0 9 0 #=D2
L 55 250 10 0 2 0 1 0 GND_D2
A 10 250 10 0 2 0 PINTYPE=BI
P 97 0 260 50 260 0 2 0
A 45 260 10 0 9 0 #=D33
L 55 260 10 0 2 0 1 0 GND_D33
A 10 260 10 0 2 0 PINTYPE=BI
P 98 0 270 50 270 0 2 0
A 45 270 10 0 9 0 #=D34
L 55 270 10 0 2 0 1 0 GND_D34
A 10 270 10 0 2 0 PINTYPE=BI
P 99 0 280 50 280 0 2 0
A 45 280 10 0 9 0 #=E10
L 55 280 10 0 2 0 1 0 GND_E10
A 10 280 10 0 2 0 PINTYPE=BI
P 100 0 290 50 290 0 2 0
A 45 290 10 0 9 0 #=E11
L 55 290 10 0 2 0 1 0 GND_E11
A 10 290 10 0 2 0 PINTYPE=BI
P 101 0 300 50 300 0 2 0
A 45 300 10 0 9 0 #=E12
L 55 300 10 0 2 0 1 0 GND_E12
A 10 300 10 0 2 0 PINTYPE=BI
P 102 0 310 50 310 0 2 0
A 45 310 10 0 9 0 #=E13
L 55 310 10 0 2 0 1 0 GND_E13
A 10 310 10 0 2 0 PINTYPE=BI
P 103 0 320 50 320 0 2 0
A 45 320 10 0 9 0 #=E15
L 55 320 10 0 2 0 1 0 GND_E15
A 10 320 10 0 2 0 PINTYPE=BI
P 104 0 330 50 330 0 2 0
A 45 330 10 0 9 0 #=E18
L 55 330 10 0 2 0 1 0 GND_E18
A 10 330 10 0 2 0 PINTYPE=BI
P 105 0 340 50 340 0 2 0
A 45 340 10 0 9 0 #=E19
L 55 340 10 0 2 0 1 0 GND_E19
A 10 340 10 0 2 0 PINTYPE=BI
P 106 0 350 50 350 0 2 0
A 45 350 10 0 9 0 #=E22
L 55 350 10 0 2 0 1 0 GND_E22
A 10 350 10 0 2 0 PINTYPE=BI
P 107 0 360 50 360 0 2 0
A 45 360 10 0 9 0 #=E23
L 55 360 10 0 2 0 1 0 GND_E23
A 10 360 10 0 2 0 PINTYPE=BI
P 108 0 370 50 370 0 2 0
A 45 370 10 0 9 0 #=E24
L 55 370 10 0 2 0 1 0 GND_E24
A 10 370 10 0 2 0 PINTYPE=BI
P 109 0 380 50 380 0 2 0
A 45 380 10 0 9 0 #=E25
L 55 380 10 0 2 0 1 0 GND_E25
A 10 380 10 0 2 0 PINTYPE=BI
P 110 0 390 50 390 0 2 0
A 45 390 10 0 9 0 #=E26
L 55 390 10 0 2 0 1 0 GND_E26
A 10 390 10 0 2 0 PINTYPE=BI
P 111 0 400 50 400 0 2 0
A 45 400 10 0 9 0 #=E27
L 55 400 10 0 2 0 1 0 GND_E27
A 10 400 10 0 2 0 PINTYPE=BI
P 112 0 410 50 410 0 2 0
A 45 410 10 0 9 0 #=E28
L 55 410 10 0 2 0 1 0 GND_E28
A 10 410 10 0 2 0 PINTYPE=BI
P 113 0 420 50 420 0 2 0
A 45 420 10 0 9 0 #=E29
L 55 420 10 0 2 0 1 0 GND_E29
A 10 420 10 0 2 0 PINTYPE=BI
P 114 0 430 50 430 0 2 0
A 45 430 10 0 9 0 #=E3
L 55 430 10 0 2 0 1 0 GND_E3
A 10 430 10 0 2 0 PINTYPE=BI
P 115 0 440 50 440 0 2 0
A 45 440 10 0 9 0 #=E30
L 55 440 10 0 2 0 1 0 GND_E30
A 10 440 10 0 2 0 PINTYPE=BI
P 116 0 450 50 450 0 2 0
A 45 450 10 0 9 0 #=E31
L 55 450 10 0 2 0 1 0 GND_E31
A 10 450 10 0 2 0 PINTYPE=BI
P 117 0 460 50 460 0 2 0
A 45 460 10 0 9 0 #=E32
L 55 460 10 0 2 0 1 0 GND_E32
A 10 460 10 0 2 0 PINTYPE=BI
P 118 0 470 50 470 0 2 0
A 45 470 10 0 9 0 #=E4
L 55 470 10 0 2 0 1 0 GND_E4
A 10 470 10 0 2 0 PINTYPE=BI
P 119 0 480 50 480 0 2 0
A 45 480 10 0 9 0 #=E5
L 55 480 10 0 2 0 1 0 GND_E5
A 10 480 10 0 2 0 PINTYPE=BI
P 120 0 490 50 490 0 2 0
A 45 490 10 0 9 0 #=E6
L 55 490 10 0 2 0 1 0 GND_E6
A 10 490 10 0 2 0 PINTYPE=BI
P 121 0 500 50 500 0 2 0
A 45 500 10 0 9 0 #=E7
L 55 500 10 0 2 0 1 0 GND_E7
A 10 500 10 0 2 0 PINTYPE=BI
P 122 0 510 50 510 0 2 0
A 45 510 10 0 9 0 #=E8
L 55 510 10 0 2 0 1 0 GND_E8
A 10 510 10 0 2 0 PINTYPE=BI
P 123 0 520 50 520 0 2 0
A 45 520 10 0 9 0 #=E9
L 55 520 10 0 2 0 1 0 GND_E9
A 10 520 10 0 2 0 PINTYPE=BI
P 124 0 530 50 530 0 2 0
A 45 530 10 0 9 0 #=F1
L 55 530 10 0 2 0 1 0 GND_F1
A 10 530 10 0 2 0 PINTYPE=BI
P 125 0 540 50 540 0 2 0
A 45 540 10 0 9 0 #=F11
L 55 540 10 0 2 0 1 0 GND_F11
A 10 540 10 0 2 0 PINTYPE=BI
P 126 0 550 50 550 0 2 0
A 45 550 10 0 9 0 #=F13
L 55 550 10 0 2 0 1 0 GND_F13
A 10 550 10 0 2 0 PINTYPE=BI
P 127 0 560 50 560 0 2 0
A 45 560 10 0 9 0 #=F15
L 55 560 10 0 2 0 1 0 GND_F15
A 10 560 10 0 2 0 PINTYPE=BI
P 128 0 570 50 570 0 2 0
A 45 570 10 0 9 0 #=F17
L 55 570 10 0 2 0 1 0 GND_F17
A 10 570 10 0 2 0 PINTYPE=BI
P 129 0 580 50 580 0 2 0
A 45 580 10 0 9 0 #=F19
L 55 580 10 0 2 0 1 0 GND_F19
A 10 580 10 0 2 0 PINTYPE=BI
P 130 0 590 50 590 0 2 0
A 45 590 10 0 9 0 #=F21
L 55 590 10 0 2 0 1 0 GND_F21
A 10 590 10 0 2 0 PINTYPE=BI
P 131 0 600 50 600 0 2 0
A 45 600 10 0 9 0 #=F22
L 55 600 10 0 2 0 1 0 GND_F22
A 10 600 10 0 2 0 PINTYPE=BI
P 132 0 610 50 610 0 2 0
A 45 610 10 0 9 0 #=F30
L 55 610 10 0 2 0 1 0 GND_F30
A 10 610 10 0 2 0 PINTYPE=BI
P 133 0 620 50 620 0 2 0
A 45 620 10 0 9 0 #=F34
L 55 620 10 0 2 0 1 0 GND_F34
A 10 620 10 0 2 0 PINTYPE=BI
P 134 0 630 50 630 0 2 0
A 45 630 10 0 9 0 #=F5
L 55 630 10 0 2 0 1 0 GND_F5
A 10 630 10 0 2 0 PINTYPE=BI
P 135 0 640 50 640 0 2 0
A 45 640 10 0 9 0 #=G13
L 55 640 10 0 2 0 1 0 GND_G13
A 10 640 10 0 2 0 PINTYPE=BI
P 136 0 650 50 650 0 2 0
A 45 650 10 0 9 0 #=G15
L 55 650 10 0 2 0 1 0 GND_G15
A 10 650 10 0 2 0 PINTYPE=BI
P 137 0 660 50 660 0 2 0
A 45 660 10 0 9 0 #=G18
L 55 660 10 0 2 0 1 0 GND_G18
A 10 660 10 0 2 0 PINTYPE=BI
P 138 0 670 50 670 0 2 0
A 45 670 10 0 9 0 #=G19
L 55 670 10 0 2 0 1 0 GND_G19
A 10 670 10 0 2 0 PINTYPE=BI
P 139 0 680 50 680 0 2 0
A 45 680 10 0 9 0 #=G22
L 55 680 10 0 2 0 1 0 GND_G22
A 10 680 10 0 2 0 PINTYPE=BI
P 140 0 690 50 690 0 2 0
A 45 690 10 0 9 0 #=G28
L 55 690 10 0 2 0 1 0 GND_G28
A 10 690 10 0 2 0 PINTYPE=BI
P 141 0 700 50 700 0 2 0
A 45 700 10 0 9 0 #=G3
L 55 700 10 0 2 0 1 0 GND_G3
A 10 700 10 0 2 0 PINTYPE=BI
P 142 0 710 50 710 0 2 0
A 45 710 10 0 9 0 #=G30
L 55 710 10 0 2 0 1 0 GND_G30
A 10 710 10 0 2 0 PINTYPE=BI
P 143 0 720 50 720 0 2 0
A 45 720 10 0 9 0 #=G32
L 55 720 10 0 2 0 1 0 GND_G32
A 10 720 10 0 2 0 PINTYPE=BI
P 144 0 730 50 730 0 2 0
A 45 730 10 0 9 0 #=G5
L 55 730 10 0 2 0 1 0 GND_G5
A 10 730 10 0 2 0 PINTYPE=BI
P 145 0 740 50 740 0 2 0
A 45 740 10 0 9 0 #=G8
L 55 740 10 0 2 0 1 0 GND_G8
A 10 740 10 0 2 0 PINTYPE=BI
P 146 0 750 50 750 0 2 0
A 45 750 10 0 9 0 #=H1
L 55 750 10 0 2 0 1 0 GND_H1
A 10 750 10 0 2 0 PINTYPE=BI
P 147 0 760 50 760 0 2 0
A 45 760 10 0 9 0 #=H13
L 55 760 10 0 2 0 1 0 GND_H13
A 10 760 10 0 2 0 PINTYPE=BI
P 148 0 770 50 770 0 2 0
A 45 770 10 0 9 0 #=H14
L 55 770 10 0 2 0 1 0 GND_H14
A 10 770 10 0 2 0 PINTYPE=BI
P 149 0 780 50 780 0 2 0
A 45 780 10 0 9 0 #=H15
L 55 780 10 0 2 0 1 0 GND_H15
A 10 780 10 0 2 0 PINTYPE=BI
P 150 0 790 50 790 0 2 0
A 45 790 10 0 9 0 #=H16
L 55 790 10 0 2 0 1 0 GND_H16
A 10 790 10 0 2 0 PINTYPE=BI
P 151 0 800 50 800 0 2 0
A 45 800 10 0 9 0 #=H17
L 55 800 10 0 2 0 1 0 GND_H17
A 10 800 10 0 2 0 PINTYPE=BI
P 152 0 810 50 810 0 2 0
A 45 810 10 0 9 0 #=H19
L 55 810 10 0 2 0 1 0 GND_H19
A 10 810 10 0 2 0 PINTYPE=BI
P 153 0 820 50 820 0 2 0
A 45 820 10 0 9 0 #=H2
L 55 820 10 0 2 0 1 0 GND_H2
A 10 820 10 0 2 0 PINTYPE=BI
P 154 0 830 50 830 0 2 0
A 45 830 10 0 9 0 #=H21
L 55 830 10 0 2 0 1 0 GND_H21
A 10 830 10 0 2 0 PINTYPE=BI
P 155 0 840 50 840 0 2 0
A 45 840 10 0 9 0 #=H22
L 55 840 10 0 2 0 1 0 GND_H22
A 10 840 10 0 2 0 PINTYPE=BI
P 156 0 850 50 850 0 2 0
A 45 850 10 0 9 0 #=H25
L 55 850 10 0 2 0 1 0 GND_H25
A 10 850 10 0 2 0 PINTYPE=BI
P 157 0 860 50 860 0 2 0
A 45 860 10 0 9 0 #=H30
L 55 860 10 0 2 0 1 0 GND_H30
A 10 860 10 0 2 0 PINTYPE=BI
P 158 0 870 50 870 0 2 0
A 45 870 10 0 9 0 #=H33
L 55 870 10 0 2 0 1 0 GND_H33
A 10 870 10 0 2 0 PINTYPE=BI
P 159 0 880 50 880 0 2 0
A 45 880 10 0 9 0 #=H34
L 55 880 10 0 2 0 1 0 GND_H34
A 10 880 10 0 2 0 PINTYPE=BI
P 160 0 890 50 890 0 2 0
A 45 890 10 0 9 0 #=H5
L 55 890 10 0 2 0 1 0 GND_H5
A 10 890 10 0 2 0 PINTYPE=BI
P 161 0 900 50 900 0 2 0
A 45 900 10 0 9 0 #=J12
L 55 900 10 0 2 0 1 0 GND_J12
A 10 900 10 0 2 0 PINTYPE=BI
T 220 920 20 0 5 XC7VH580THCG1155
T 220 940 20 0 5 BANK GND1
c 70 950 10
U 50 980 10 0 3 3 DEVICE=XXXXXX
U 50 30 16 0 3 3 REFDES=U?
U 250 30 10 0 3 3 PKG_TYPE=XXXXXX
U 0 0 10 0 3 0 HETERO=xc7vh580thcg1155_0,xc7vh580thcg1155_13,xc7vh580thcg1155_14,xc7vh580thcg1155_15,xc7vh580thcg1155_16,xc7vh580thcg1155_33,xc7vh580thcg1155_34,xc7vh580thcg1155_35,xc7vh580thcg1155_36,xc7vh580thcg1155_113,xc7vh580thcg1155_114,xc7vh580thcg1155_115,xc7vh580thcg1155_213,xc7vh580thcg1155_214,xc7vh580thcg1155_215,xc7vh580thcg1155_300,xc7vh580thcg1155_MGTAVCC_G10,xc7vh580thcg1155_MGTAVCC_G20,xc7vh580thcg1155_MGTVCCAUX_G10,xc7vh580thcg1155_MGTVCCAUX_G20,xc7vh580thcg1155_MGTAVTT_G10,xc7vh580thcg1155_MGTAVTT_G20,xc7vh580thcg1155_GND1,xc7vh580thcg1155_GND2,xc7vh580thcg1155_VCCINT,xc7vh580thcg1155_VCCAUX,xc7vh580thcg1155_VCCAUX_IO_G0,xc7vh580thcg1155_VCCAUX_IO_G1,xc7vh580thcg1155_VCCBRAM
U 0 -10 10 0 3 0 PARTS=1
U 0 -20 10 0 3 0 LEVEL=STD
U 0 -30 10 0 3 0 DATE=2012_01_09
E
