V 50
K 153165148200 xc7vh870thcg1932
Y 1
D 0 0 400 1240
Z 10
i 946
b 50 50 350 1190
P 1 0 100 50 100 0 2 0
A 45 100 10 0 9 0 #=BD37
L 55 100 10 0 2 0 1 0 MGTZAGND_400_BD37
A 10 100 10 0 2 0 PINTYPE=BI
P 2 0 110 50 110 0 2 0
A 45 110 10 0 9 0 #=BD34
L 55 110 10 0 2 0 1 0 MGTZAGND_400_BD34
A 10 110 10 0 2 0 PINTYPE=BI
P 3 0 120 50 120 0 2 0
A 45 120 10 0 9 0 #=BD31
L 55 120 10 0 2 0 1 0 MGTZAGND_400_BD31
A 10 120 10 0 2 0 PINTYPE=BI
P 4 0 130 50 130 0 2 0
A 45 130 10 0 9 0 #=BD30
L 55 130 10 0 2 0 1 0 MGTZAGND_400_BD30
A 10 130 10 0 2 0 PINTYPE=BI
P 5 0 140 50 140 0 2 0
A 45 140 10 0 9 0 #=BD27
L 55 140 10 0 2 0 1 0 MGTZAGND_400_BD27
A 10 140 10 0 2 0 PINTYPE=BI
P 6 0 150 50 150 0 2 0
A 45 150 10 0 9 0 #=BD24
L 55 150 10 0 2 0 1 0 MGTZAGND_400_BD24
A 10 150 10 0 2 0 PINTYPE=BI
P 7 0 160 50 160 0 2 0
A 45 160 10 0 9 0 #=BD23
L 55 160 10 0 2 0 1 0 MGTZAGND_400_BD23
A 10 160 10 0 2 0 PINTYPE=BI
P 8 0 170 50 170 0 2 0
A 45 170 10 0 9 0 #=BD22
L 55 170 10 0 2 0 1 0 MGTZAGND_400_BD22
A 10 170 10 0 2 0 PINTYPE=BI
P 9 0 180 50 180 0 2 0
A 45 180 10 0 9 0 #=BD19
L 55 180 10 0 2 0 1 0 MGTZAGND_400_BD19
A 10 180 10 0 2 0 PINTYPE=BI
P 10 0 190 50 190 0 2 0
A 45 190 10 0 9 0 #=BD16
L 55 190 10 0 2 0 1 0 MGTZAGND_400_BD16
A 10 190 10 0 2 0 PINTYPE=BI
P 11 0 200 50 200 0 2 0
A 45 200 10 0 9 0 #=BD15
L 55 200 10 0 2 0 1 0 MGTZAGND_400_BD15
A 10 200 10 0 2 0 PINTYPE=BI
P 12 0 210 50 210 0 2 0
A 45 210 10 0 9 0 #=BD12
L 55 210 10 0 2 0 1 0 MGTZAGND_400_BD12
A 10 210 10 0 2 0 PINTYPE=BI
P 13 0 220 50 220 0 2 0
A 45 220 10 0 9 0 #=BD9
L 55 220 10 0 2 0 1 0 MGTZAGND_400_BD9
A 10 220 10 0 2 0 PINTYPE=BI
P 14 0 230 50 230 0 2 0
A 45 230 10 0 9 0 #=BD8
L 55 230 10 0 2 0 1 0 MGTZAGND_400_BD8
A 10 230 10 0 2 0 PINTYPE=BI
P 15 0 240 50 240 0 2 0
A 45 240 10 0 9 0 #=BC37
L 55 240 10 0 2 0 1 0 MGTZAGND_400_BC37
A 10 240 10 0 2 0 PINTYPE=BI
P 16 0 250 50 250 0 2 0
A 45 250 10 0 9 0 #=BC35
L 55 250 10 0 2 0 1 0 MGTZAGND_400_BC35
A 10 250 10 0 2 0 PINTYPE=BI
P 17 0 260 50 260 0 2 0
A 45 260 10 0 9 0 #=BC33
L 55 260 10 0 2 0 1 0 MGTZAGND_400_BC33
A 10 260 10 0 2 0 PINTYPE=BI
P 18 0 270 50 270 0 2 0
A 45 270 10 0 9 0 #=BC31
L 55 270 10 0 2 0 1 0 MGTZAGND_400_BC31
A 10 270 10 0 2 0 PINTYPE=BI
P 19 0 280 50 280 0 2 0
A 45 280 10 0 9 0 #=BC29
L 55 280 10 0 2 0 1 0 MGTZAGND_400_BC29
A 10 280 10 0 2 0 PINTYPE=BI
P 20 0 290 50 290 0 2 0
A 45 290 10 0 9 0 #=BC27
L 55 290 10 0 2 0 1 0 MGTZAGND_400_BC27
A 10 290 10 0 2 0 PINTYPE=BI
P 21 0 300 50 300 0 2 0
A 45 300 10 0 9 0 #=BC25
L 55 300 10 0 2 0 1 0 MGTZAGND_400_BC25
A 10 300 10 0 2 0 PINTYPE=BI
P 22 0 310 50 310 0 2 0
A 45 310 10 0 9 0 #=BC23
L 55 310 10 0 2 0 1 0 MGTZAGND_400_BC23
A 10 310 10 0 2 0 PINTYPE=BI
P 23 0 320 50 320 0 2 0
A 45 320 10 0 9 0 #=BC21
L 55 320 10 0 2 0 1 0 MGTZAGND_400_BC21
A 10 320 10 0 2 0 PINTYPE=BI
P 24 0 330 50 330 0 2 0
A 45 330 10 0 9 0 #=BC19
L 55 330 10 0 2 0 1 0 MGTZAGND_400_BC19
A 10 330 10 0 2 0 PINTYPE=BI
P 25 0 340 50 340 0 2 0
A 45 340 10 0 9 0 #=BC17
L 55 340 10 0 2 0 1 0 MGTZAGND_400_BC17
A 10 340 10 0 2 0 PINTYPE=BI
P 26 0 350 50 350 0 2 0
A 45 350 10 0 9 0 #=BC15
L 55 350 10 0 2 0 1 0 MGTZAGND_400_BC15
A 10 350 10 0 2 0 PINTYPE=BI
P 27 0 360 50 360 0 2 0
A 45 360 10 0 9 0 #=BC13
L 55 360 10 0 2 0 1 0 MGTZAGND_400_BC13
A 10 360 10 0 2 0 PINTYPE=BI
P 28 0 370 50 370 0 2 0
A 45 370 10 0 9 0 #=BC11
L 55 370 10 0 2 0 1 0 MGTZAGND_400_BC11
A 10 370 10 0 2 0 PINTYPE=BI
P 29 0 380 50 380 0 2 0
A 45 380 10 0 9 0 #=BC9
L 55 380 10 0 2 0 1 0 MGTZAGND_400_BC9
A 10 380 10 0 2 0 PINTYPE=BI
P 30 0 390 50 390 0 2 0
A 45 390 10 0 9 0 #=BB37
L 55 390 10 0 2 0 1 0 MGTZAGND_400_BB37
A 10 390 10 0 2 0 PINTYPE=BI
P 31 0 400 50 400 0 2 0
A 45 400 10 0 9 0 #=BB36
L 55 400 10 0 2 0 1 0 MGTZAGND_400_BB36
A 10 400 10 0 2 0 PINTYPE=BI
P 32 0 410 50 410 0 2 0
A 45 410 10 0 9 0 #=BB33
L 55 410 10 0 2 0 1 0 MGTZAGND_400_BB33
A 10 410 10 0 2 0 PINTYPE=BI
P 33 0 420 50 420 0 2 0
A 45 420 10 0 9 0 #=BB30
L 55 420 10 0 2 0 1 0 MGTZAGND_400_BB30
A 10 420 10 0 2 0 PINTYPE=BI
P 34 0 430 50 430 0 2 0
A 45 430 10 0 9 0 #=BB29
L 55 430 10 0 2 0 1 0 MGTZAGND_400_BB29
A 10 430 10 0 2 0 PINTYPE=BI
P 35 0 440 50 440 0 2 0
A 45 440 10 0 9 0 #=BB26
L 55 440 10 0 2 0 1 0 MGTZAGND_400_BB26
A 10 440 10 0 2 0 PINTYPE=BI
P 36 0 450 50 450 0 2 0
A 45 450 10 0 9 0 #=BB23
L 55 450 10 0 2 0 1 0 MGTZAGND_400_BB23
A 10 450 10 0 2 0 PINTYPE=BI
P 37 0 460 50 460 0 2 0
A 45 460 10 0 9 0 #=BB22
L 55 460 10 0 2 0 1 0 MGTZAGND_400_BB22
A 10 460 10 0 2 0 PINTYPE=BI
P 38 0 470 50 470 0 2 0
A 45 470 10 0 9 0 #=BB21
L 55 470 10 0 2 0 1 0 MGTZAGND_400_BB21
A 10 470 10 0 2 0 PINTYPE=BI
P 39 0 480 50 480 0 2 0
A 45 480 10 0 9 0 #=BB18
L 55 480 10 0 2 0 1 0 MGTZAGND_400_BB18
A 10 480 10 0 2 0 PINTYPE=BI
P 40 0 490 50 490 0 2 0
A 45 490 10 0 9 0 #=BB15
L 55 490 10 0 2 0 1 0 MGTZAGND_400_BB15
A 10 490 10 0 2 0 PINTYPE=BI
P 41 0 500 50 500 0 2 0
A 45 500 10 0 9 0 #=BB14
L 55 500 10 0 2 0 1 0 MGTZAGND_400_BB14
A 10 500 10 0 2 0 PINTYPE=BI
P 42 0 510 50 510 0 2 0
A 45 510 10 0 9 0 #=BB11
L 55 510 10 0 2 0 1 0 MGTZAGND_400_BB11
A 10 510 10 0 2 0 PINTYPE=BI
P 43 0 520 50 520 0 2 0
A 45 520 10 0 9 0 #=BB8
L 55 520 10 0 2 0 1 0 MGTZAGND_400_BB8
A 10 520 10 0 2 0 PINTYPE=BI
P 44 0 530 50 530 0 2 0
A 45 530 10 0 9 0 #=BA37
L 55 530 10 0 2 0 1 0 MGTZAGND_400_BA37
A 10 530 10 0 2 0 PINTYPE=BI
P 45 0 540 50 540 0 2 0
A 45 540 10 0 9 0 #=BA36
L 55 540 10 0 2 0 1 0 MGTZAGND_400_BA36
A 10 540 10 0 2 0 PINTYPE=BI
P 46 0 550 50 550 0 2 0
A 45 550 10 0 9 0 #=BA35
L 55 550 10 0 2 0 1 0 MGTZAGND_400_BA35
A 10 550 10 0 2 0 PINTYPE=BI
P 47 0 560 50 560 0 2 0
A 45 560 10 0 9 0 #=BA34
L 55 560 10 0 2 0 1 0 MGTZAGND_400_BA34
A 10 560 10 0 2 0 PINTYPE=BI
P 48 0 570 50 570 0 2 0
A 45 570 10 0 9 0 #=BA33
L 55 570 10 0 2 0 1 0 MGTZAGND_400_BA33
A 10 570 10 0 2 0 PINTYPE=BI
P 49 0 580 50 580 0 2 0
A 45 580 10 0 9 0 #=BA32
L 55 580 10 0 2 0 1 0 MGTZAGND_400_BA32
A 10 580 10 0 2 0 PINTYPE=BI
P 50 0 590 50 590 0 2 0
A 45 590 10 0 9 0 #=BA31
L 55 590 10 0 2 0 1 0 MGTZAGND_400_BA31
A 10 590 10 0 2 0 PINTYPE=BI
P 51 0 600 50 600 0 2 0
A 45 600 10 0 9 0 #=BA30
L 55 600 10 0 2 0 1 0 MGTZAGND_400_BA30
A 10 600 10 0 2 0 PINTYPE=BI
P 52 0 610 50 610 0 2 0
A 45 610 10 0 9 0 #=BA29
L 55 610 10 0 2 0 1 0 MGTZAGND_400_BA29
A 10 610 10 0 2 0 PINTYPE=BI
P 53 0 620 50 620 0 2 0
A 45 620 10 0 9 0 #=BA28
L 55 620 10 0 2 0 1 0 MGTZAGND_400_BA28
A 10 620 10 0 2 0 PINTYPE=BI
P 54 0 630 50 630 0 2 0
A 45 630 10 0 9 0 #=BA27
L 55 630 10 0 2 0 1 0 MGTZAGND_400_BA27
A 10 630 10 0 2 0 PINTYPE=BI
P 55 0 640 50 640 0 2 0
A 45 640 10 0 9 0 #=BA26
L 55 640 10 0 2 0 1 0 MGTZAGND_400_BA26
A 10 640 10 0 2 0 PINTYPE=BI
P 56 0 650 50 650 0 2 0
A 45 650 10 0 9 0 #=BA25
L 55 650 10 0 2 0 1 0 MGTZAGND_400_BA25
A 10 650 10 0 2 0 PINTYPE=BI
P 57 0 660 50 660 0 2 0
A 45 660 10 0 9 0 #=BA24
L 55 660 10 0 2 0 1 0 MGTZAGND_400_BA24
A 10 660 10 0 2 0 PINTYPE=BI
P 58 0 670 50 670 0 2 0
A 45 670 10 0 9 0 #=BA23
L 55 670 10 0 2 0 1 0 MGTZAGND_400_BA23
A 10 670 10 0 2 0 PINTYPE=BI
P 59 0 680 50 680 0 2 0
A 45 680 10 0 9 0 #=BA22
L 55 680 10 0 2 0 1 0 MGTZAGND_400_BA22
A 10 680 10 0 2 0 PINTYPE=BI
P 60 0 690 50 690 0 2 0
A 45 690 10 0 9 0 #=BA21
L 55 690 10 0 2 0 1 0 MGTZAGND_400_BA21
A 10 690 10 0 2 0 PINTYPE=BI
P 61 0 700 50 700 0 2 0
A 45 700 10 0 9 0 #=BA20
L 55 700 10 0 2 0 1 0 MGTZAGND_400_BA20
A 10 700 10 0 2 0 PINTYPE=BI
P 62 0 710 50 710 0 2 0
A 45 710 10 0 9 0 #=BA19
L 55 710 10 0 2 0 1 0 MGTZAGND_400_BA19
A 10 710 10 0 2 0 PINTYPE=BI
P 63 0 720 50 720 0 2 0
A 45 720 10 0 9 0 #=BA18
L 55 720 10 0 2 0 1 0 MGTZAGND_400_BA18
A 10 720 10 0 2 0 PINTYPE=BI
P 64 0 730 50 730 0 2 0
A 45 730 10 0 9 0 #=BA17
L 55 730 10 0 2 0 1 0 MGTZAGND_400_BA17
A 10 730 10 0 2 0 PINTYPE=BI
P 65 0 740 50 740 0 2 0
A 45 740 10 0 9 0 #=BA16
L 55 740 10 0 2 0 1 0 MGTZAGND_400_BA16
A 10 740 10 0 2 0 PINTYPE=BI
P 66 0 750 50 750 0 2 0
A 45 750 10 0 9 0 #=BA15
L 55 750 10 0 2 0 1 0 MGTZAGND_400_BA15
A 10 750 10 0 2 0 PINTYPE=BI
P 67 0 760 50 760 0 2 0
A 45 760 10 0 9 0 #=BA14
L 55 760 10 0 2 0 1 0 MGTZAGND_400_BA14
A 10 760 10 0 2 0 PINTYPE=BI
P 68 0 770 50 770 0 2 0
A 45 770 10 0 9 0 #=BA13
L 55 770 10 0 2 0 1 0 MGTZAGND_400_BA13
A 10 770 10 0 2 0 PINTYPE=BI
P 69 0 780 50 780 0 2 0
A 45 780 10 0 9 0 #=BA12
L 55 780 10 0 2 0 1 0 MGTZAGND_400_BA12
A 10 780 10 0 2 0 PINTYPE=BI
P 70 0 790 50 790 0 2 0
A 45 790 10 0 9 0 #=BA11
L 55 790 10 0 2 0 1 0 MGTZAGND_400_BA11
A 10 790 10 0 2 0 PINTYPE=BI
P 71 0 800 50 800 0 2 0
A 45 800 10 0 9 0 #=BA10
L 55 800 10 0 2 0 1 0 MGTZAGND_400_BA10
A 10 800 10 0 2 0 PINTYPE=BI
P 72 0 810 50 810 0 2 0
A 45 810 10 0 9 0 #=BA9
L 55 810 10 0 2 0 1 0 MGTZAGND_400_BA9
A 10 810 10 0 2 0 PINTYPE=BI
P 73 0 820 50 820 0 2 0
A 45 820 10 0 9 0 #=BA8
L 55 820 10 0 2 0 1 0 MGTZAGND_400_BA8
A 10 820 10 0 2 0 PINTYPE=BI
P 74 0 830 50 830 0 2 0
A 45 830 10 0 9 0 #=AP25
L 55 830 10 0 2 0 1 0 MGTZVCCL_400_AP25
A 10 830 10 0 2 0 PINTYPE=BI
P 75 0 840 50 840 0 2 0
A 45 840 10 0 9 0 #=AP23
L 55 840 10 0 2 0 1 0 MGTZVCCL_400_AP23
A 10 840 10 0 2 0 PINTYPE=BI
P 76 0 850 50 850 0 2 0
A 45 850 10 0 9 0 #=AP21
L 55 850 10 0 2 0 1 0 MGTZVCCL_400_AP21
A 10 850 10 0 2 0 PINTYPE=BI
P 77 0 860 50 860 0 2 0
A 45 860 10 0 9 0 #=AP19
L 55 860 10 0 2 0 1 0 MGTZVCCL_400_AP19
A 10 860 10 0 2 0 PINTYPE=BI
P 78 0 870 50 870 0 2 0
A 45 870 10 0 9 0 #=AW25
L 55 870 10 0 2 0 1 0 MGTZVCCH_400_AW25
A 10 870 10 0 2 0 PINTYPE=BI
P 79 0 880 50 880 0 2 0
A 45 880 10 0 9 0 #=AW23
L 55 880 10 0 2 0 1 0 MGTZVCCH_400_AW23
A 10 880 10 0 2 0 PINTYPE=BI
P 80 0 890 50 890 0 2 0
A 45 890 10 0 9 0 #=AW21
L 55 890 10 0 2 0 1 0 MGTZVCCH_400_AW21
A 10 890 10 0 2 0 PINTYPE=BI
P 81 0 900 50 900 0 2 0
A 45 900 10 0 9 0 #=AW19
L 55 900 10 0 2 0 1 0 MGTZVCCH_400_AW19
A 10 900 10 0 2 0 PINTYPE=BI
P 82 0 910 50 910 0 2 0
A 45 910 10 0 9 0 #=AV27
L 55 910 10 0 2 0 1 0 MGTZVCCH_400_AV27
A 10 910 10 0 2 0 PINTYPE=BI
P 83 0 920 50 920 0 2 0
A 45 920 10 0 9 0 #=AT26
L 55 920 10 0 2 0 1 0 MGTZVCCH_400_AT26
A 10 920 10 0 2 0 PINTYPE=BI
P 84 0 930 50 930 0 2 0
A 45 930 10 0 9 0 #=AT24
L 55 930 10 0 2 0 1 0 MGTZVCCH_400_AT24
A 10 930 10 0 2 0 PINTYPE=BI
P 85 0 940 50 940 0 2 0
A 45 940 10 0 9 0 #=AT22
L 55 940 10 0 2 0 1 0 MGTZVCCH_400_AT22
A 10 940 10 0 2 0 PINTYPE=BI
P 86 0 950 50 950 0 2 0
A 45 950 10 0 9 0 #=AT20
L 55 950 10 0 2 0 1 0 MGTZVCCH_400_AT20
A 10 950 10 0 2 0 PINTYPE=BI
P 87 0 960 50 960 0 2 0
A 45 960 10 0 9 0 #=AT18
L 55 960 10 0 2 0 1 0 MGTZVCCH_400_AT18
A 10 960 10 0 2 0 PINTYPE=BI
P 88 0 970 50 970 0 2 0
A 45 970 10 0 9 0 #=BC36
L 55 970 10 0 2 0 1 0 MGTZAVCC_400_BC36
A 10 970 10 0 2 0 PINTYPE=BI
P 89 0 980 50 980 0 2 0
A 45 980 10 0 9 0 #=BC34
L 55 980 10 0 2 0 1 0 MGTZAVCC_400_BC34
A 10 980 10 0 2 0 PINTYPE=BI
P 90 0 990 50 990 0 2 0
A 45 990 10 0 9 0 #=BC32
L 55 990 10 0 2 0 1 0 MGTZAVCC_400_BC32
A 10 990 10 0 2 0 PINTYPE=BI
P 91 0 1000 50 1000 0 2 0
A 45 1000 10 0 9 0 #=BC30
L 55 1000 10 0 2 0 1 0 MGTZAVCC_400_BC30
A 10 1000 10 0 2 0 PINTYPE=BI
P 92 0 1010 50 1010 0 2 0
A 45 1010 10 0 9 0 #=BC28
L 55 1010 10 0 2 0 1 0 MGTZAVCC_400_BC28
A 10 1010 10 0 2 0 PINTYPE=BI
P 93 0 1020 50 1020 0 2 0
A 45 1020 10 0 9 0 #=BC26
L 55 1020 10 0 2 0 1 0 MGTZAVCC_400_BC26
A 10 1020 10 0 2 0 PINTYPE=BI
P 94 0 1030 50 1030 0 2 0
A 45 1030 10 0 9 0 #=BC24
L 55 1030 10 0 2 0 1 0 MGTZAVCC_400_BC24
A 10 1030 10 0 2 0 PINTYPE=BI
P 95 0 1040 50 1040 0 2 0
A 45 1040 10 0 9 0 #=BC22
L 55 1040 10 0 2 0 1 0 MGTZAVCC_400_BC22
A 10 1040 10 0 2 0 PINTYPE=BI
P 96 0 1050 50 1050 0 2 0
A 45 1050 10 0 9 0 #=BC20
L 55 1050 10 0 2 0 1 0 MGTZAVCC_400_BC20
A 10 1050 10 0 2 0 PINTYPE=BI
P 97 0 1060 50 1060 0 2 0
A 45 1060 10 0 9 0 #=BC18
L 55 1060 10 0 2 0 1 0 MGTZAVCC_400_BC18
A 10 1060 10 0 2 0 PINTYPE=BI
P 98 0 1070 50 1070 0 2 0
A 45 1070 10 0 9 0 #=BC16
L 55 1070 10 0 2 0 1 0 MGTZAVCC_400_BC16
A 10 1070 10 0 2 0 PINTYPE=BI
P 99 0 1080 50 1080 0 2 0
A 45 1080 10 0 9 0 #=BC14
L 55 1080 10 0 2 0 1 0 MGTZAVCC_400_BC14
A 10 1080 10 0 2 0 PINTYPE=BI
P 100 0 1090 50 1090 0 2 0
A 45 1090 10 0 9 0 #=BC12
L 55 1090 10 0 2 0 1 0 MGTZAVCC_400_BC12
A 10 1090 10 0 2 0 PINTYPE=BI
P 101 0 1100 50 1100 0 2 0
A 45 1100 10 0 9 0 #=BC10
L 55 1100 10 0 2 0 1 0 MGTZAVCC_400_BC10
A 10 1100 10 0 2 0 PINTYPE=BI
P 102 0 1110 50 1110 0 2 0
A 45 1110 10 0 9 0 #=BC8
L 55 1110 10 0 2 0 1 0 MGTZAVCC_400_BC8
A 10 1110 10 0 2 0 PINTYPE=BI
P 103 400 100 350 100 0 3 0
A 355 100 10 0 3 0 #=AV25
L 345 100 10 0 8 0 1 0 MGTZ_THERM_OUT_400_AV25
A 405 100 10 0 2 0 PINTYPE=BI
P 104 400 110 350 110 0 3 0
A 355 110 10 0 3 0 #=AV24
L 345 110 10 0 8 0 1 0 MGTZ_THERM_IN_400_AV24
A 405 110 10 0 2 0 PINTYPE=BI
P 105 400 120 350 120 0 3 0
A 355 120 10 0 3 0 #=AR25
L 345 120 10 0 8 0 1 0 MGTZ_SENSE_GNDL_400_AR25
A 405 120 10 0 2 0 PINTYPE=BI
P 106 400 130 350 130 0 3 0
A 355 130 10 0 3 0 #=AV19
L 345 130 10 0 8 0 1 0 MGTZ_SENSE_GND_400_AV19
A 405 130 10 0 2 0 PINTYPE=BI
P 107 400 140 350 140 0 3 0
A 355 140 10 0 3 0 #=AW27
L 345 140 10 0 8 0 1 0 MGTZ_SENSE_AGND_400_AW27
A 405 140 10 0 2 0 PINTYPE=BI
P 108 400 150 350 150 0 3 0
A 355 150 10 0 3 0 #=AY27
L 345 150 10 0 8 0 1 0 MGTZ_SENSE_AVCC_400_AY27
A 405 150 10 0 2 0 PINTYPE=BI
P 109 400 160 350 160 0 3 0
A 355 160 10 0 3 0 #=AU19
L 345 160 10 0 8 0 1 0 MGTZ_SENSE_VCC_400_AU19
A 405 160 10 0 2 0 PINTYPE=BI
P 110 400 170 350 170 0 3 0
A 355 170 10 0 3 0 #=AV18
L 345 170 10 0 8 0 1 0 MGTZ_SENSE_VCCH_400_AV18
A 405 170 10 0 2 0 PINTYPE=BI
P 111 400 180 350 180 0 3 0
A 355 180 10 0 3 0 #=AR26
L 345 180 10 0 8 0 1 0 MGTZ_SENSE_VCCL_400_AR26
A 405 180 10 0 2 0 PINTYPE=BI
P 112 400 190 350 190 0 3 0
A 355 190 10 0 3 0 #=AU23
L 345 190 10 0 8 0 1 0 MGTZ_OBS_CLK_N_400_AU23
A 405 190 10 0 2 0 PINTYPE=BI
P 113 400 200 350 200 0 3 0
A 355 200 10 0 3 0 #=AT23
L 345 200 10 0 8 0 1 0 MGTZ_OBS_CLK_P_400_AT23
A 405 200 10 0 2 0 PINTYPE=BI
P 114 400 210 350 210 0 3 0
A 355 210 10 0 3 0 #=AY21
L 345 210 10 0 8 0 1 0 MGTZREFCLK1N_400_AY21
A 405 210 10 0 2 0 PINTYPE=BI
P 115 400 220 350 220 0 3 0
A 355 220 10 0 3 0 #=AY20
L 345 220 10 0 8 0 1 0 MGTZREFCLK1P_400_AY20
A 405 220 10 0 2 0 PINTYPE=BI
P 116 400 230 350 230 0 3 0
A 355 230 10 0 3 0 #=AY25
L 345 230 10 0 8 0 1 0 MGTZREFCLK0N_400_AY25
A 405 230 10 0 2 0 PINTYPE=BI
P 117 400 240 350 240 0 3 0
A 355 240 10 0 3 0 #=AY24
L 345 240 10 0 8 0 1 0 MGTZREFCLK0P_400_AY24
A 405 240 10 0 2 0 PINTYPE=BI
P 118 400 250 350 250 0 3 0
A 355 250 10 0 3 0 #=BD36
L 345 250 10 0 8 0 1 0 MGTZRXN7_400_BD36
A 405 250 10 0 2 0 PINTYPE=BI
P 119 400 260 350 260 0 3 0
A 355 260 10 0 3 0 #=BD35
L 345 260 10 0 8 0 1 0 MGTZRXP7_400_BD35
A 405 260 10 0 2 0 PINTYPE=BI
P 120 400 270 350 270 0 3 0
A 355 270 10 0 3 0 #=BD29
L 345 270 10 0 8 0 1 0 MGTZTXN7_400_BD29
A 405 270 10 0 2 0 PINTYPE=BI
P 121 400 280 350 280 0 3 0
A 355 280 10 0 3 0 #=BD28
L 345 280 10 0 8 0 1 0 MGTZTXP7_400_BD28
A 405 280 10 0 2 0 PINTYPE=BI
P 122 400 290 350 290 0 3 0
A 355 290 10 0 3 0 #=BB35
L 345 290 10 0 8 0 1 0 MGTZRXN6_400_BB35
A 405 290 10 0 2 0 PINTYPE=BI
P 123 400 300 350 300 0 3 0
A 355 300 10 0 3 0 #=BB34
L 345 300 10 0 8 0 1 0 MGTZRXP6_400_BB34
A 405 300 10 0 2 0 PINTYPE=BI
P 124 400 310 350 310 0 3 0
A 355 310 10 0 3 0 #=BB28
L 345 310 10 0 8 0 1 0 MGTZTXN6_400_BB28
A 405 310 10 0 2 0 PINTYPE=BI
P 125 400 320 350 320 0 3 0
A 355 320 10 0 3 0 #=BB27
L 345 320 10 0 8 0 1 0 MGTZTXP6_400_BB27
A 405 320 10 0 2 0 PINTYPE=BI
P 126 400 330 350 330 0 3 0
A 355 330 10 0 3 0 #=BD33
L 345 330 10 0 8 0 1 0 MGTZRXN5_400_BD33
A 405 330 10 0 2 0 PINTYPE=BI
P 127 400 340 350 340 0 3 0
A 355 340 10 0 3 0 #=BD32
L 345 340 10 0 8 0 1 0 MGTZRXP5_400_BD32
A 405 340 10 0 2 0 PINTYPE=BI
P 128 400 350 350 350 0 3 0
A 355 350 10 0 3 0 #=BD26
L 345 350 10 0 8 0 1 0 MGTZTXN5_400_BD26
A 405 350 10 0 2 0 PINTYPE=BI
P 129 400 360 350 360 0 3 0
A 355 360 10 0 3 0 #=BD25
L 345 360 10 0 8 0 1 0 MGTZTXP5_400_BD25
A 405 360 10 0 2 0 PINTYPE=BI
P 130 400 370 350 370 0 3 0
A 355 370 10 0 3 0 #=BB32
L 345 370 10 0 8 0 1 0 MGTZRXN4_400_BB32
A 405 370 10 0 2 0 PINTYPE=BI
P 131 400 380 350 380 0 3 0
A 355 380 10 0 3 0 #=BB31
L 345 380 10 0 8 0 1 0 MGTZRXP4_400_BB31
A 405 380 10 0 2 0 PINTYPE=BI
P 132 400 390 350 390 0 3 0
A 355 390 10 0 3 0 #=BB25
L 345 390 10 0 8 0 1 0 MGTZTXN4_400_BB25
A 405 390 10 0 2 0 PINTYPE=BI
P 133 400 400 350 400 0 3 0
A 355 400 10 0 3 0 #=BB24
L 345 400 10 0 8 0 1 0 MGTZTXP4_400_BB24
A 405 400 10 0 2 0 PINTYPE=BI
P 134 400 410 350 410 0 3 0
A 355 410 10 0 3 0 #=BD21
L 345 410 10 0 8 0 1 0 MGTZRXN3_400_BD21
A 405 410 10 0 2 0 PINTYPE=BI
P 135 400 420 350 420 0 3 0
A 355 420 10 0 3 0 #=BD20
L 345 420 10 0 8 0 1 0 MGTZRXP3_400_BD20
A 405 420 10 0 2 0 PINTYPE=BI
P 136 400 430 350 430 0 3 0
A 355 430 10 0 3 0 #=BD14
L 345 430 10 0 8 0 1 0 MGTZTXN3_400_BD14
A 405 430 10 0 2 0 PINTYPE=BI
P 137 400 440 350 440 0 3 0
A 355 440 10 0 3 0 #=BD13
L 345 440 10 0 8 0 1 0 MGTZTXP3_400_BD13
A 405 440 10 0 2 0 PINTYPE=BI
P 138 400 450 350 450 0 3 0
A 355 450 10 0 3 0 #=BB20
L 345 450 10 0 8 0 1 0 MGTZRXN2_400_BB20
A 405 450 10 0 2 0 PINTYPE=BI
P 139 400 460 350 460 0 3 0
A 355 460 10 0 3 0 #=BB19
L 345 460 10 0 8 0 1 0 MGTZRXP2_400_BB19
A 405 460 10 0 2 0 PINTYPE=BI
P 140 400 470 350 470 0 3 0
A 355 470 10 0 3 0 #=BB13
L 345 470 10 0 8 0 1 0 MGTZTXN2_400_BB13
A 405 470 10 0 2 0 PINTYPE=BI
P 141 400 480 350 480 0 3 0
A 355 480 10 0 3 0 #=BB12
L 345 480 10 0 8 0 1 0 MGTZTXP2_400_BB12
A 405 480 10 0 2 0 PINTYPE=BI
P 142 400 490 350 490 0 3 0
A 355 490 10 0 3 0 #=BD18
L 345 490 10 0 8 0 1 0 MGTZRXN1_400_BD18
A 405 490 10 0 2 0 PINTYPE=BI
P 143 400 500 350 500 0 3 0
A 355 500 10 0 3 0 #=BD17
L 345 500 10 0 8 0 1 0 MGTZRXP1_400_BD17
A 405 500 10 0 2 0 PINTYPE=BI
P 144 400 510 350 510 0 3 0
A 355 510 10 0 3 0 #=BD11
L 345 510 10 0 8 0 1 0 MGTZTXN1_400_BD11
A 405 510 10 0 2 0 PINTYPE=BI
P 145 400 520 350 520 0 3 0
A 355 520 10 0 3 0 #=BD10
L 345 520 10 0 8 0 1 0 MGTZTXP1_400_BD10
A 405 520 10 0 2 0 PINTYPE=BI
P 146 400 530 350 530 0 3 0
A 355 530 10 0 3 0 #=BB17
L 345 530 10 0 8 0 1 0 MGTZRXN0_400_BB17
A 405 530 10 0 2 0 PINTYPE=BI
P 147 400 540 350 540 0 3 0
A 355 540 10 0 3 0 #=BB16
L 345 540 10 0 8 0 1 0 MGTZRXP0_400_BB16
A 405 540 10 0 2 0 PINTYPE=BI
P 148 400 550 350 550 0 3 0
A 355 550 10 0 3 0 #=BB10
L 345 550 10 0 8 0 1 0 MGTZTXN0_400_BB10
A 405 550 10 0 2 0 PINTYPE=BI
P 149 400 560 350 560 0 3 0
A 355 560 10 0 3 0 #=BB9
L 345 560 10 0 8 0 1 0 MGTZTXP0_400_BB9
A 405 560 10 0 2 0 PINTYPE=BI
T 220 1140 20 0 5 XC7VH870THCG1932
T 220 1160 20 0 5 BANK 400
c 70 1170 10
U 50 1200 10 0 3 3 DEVICE=XXXXXX
U 50 30 16 0 3 3 REFDES=U?
U 250 30 10 0 3 3 PKG_TYPE=XXXXXX
U 0 0 10 0 3 0 HETERO=xc7vh870thcg1932_0,xc7vh870thcg1932_13,xc7vh870thcg1932_14,xc7vh870thcg1932_15,xc7vh870thcg1932_33,xc7vh870thcg1932_34,xc7vh870thcg1932_35,xc7vh870thcg1932_110,xc7vh870thcg1932_111,xc7vh870thcg1932_112,xc7vh870thcg1932_113,xc7vh870thcg1932_114,xc7vh870thcg1932_115,xc7vh870thcg1932_116,xc7vh870thcg1932_117,xc7vh870thcg1932_118,xc7vh870thcg1932_210,xc7vh870thcg1932_211,xc7vh870thcg1932_212,xc7vh870thcg1932_213,xc7vh870thcg1932_214,xc7vh870thcg1932_215,xc7vh870thcg1932_216,xc7vh870thcg1932_217,xc7vh870thcg1932_218,xc7vh870thcg1932_300,xc7vh870thcg1932_400,xc7vh870thcg1932_MGTAVCC_G10,xc7vh870thcg1932_MGTAVCC_G11,xc7vh870thcg1932_MGTAVCC_G12,xc7vh870thcg1932_MGTAVCC_G20,xc7vh870thcg1932_MGTAVCC_G21,xc7vh870thcg1932_MGTAVCC_G22,xc7vh870thcg1932_MGTVCCAUX_G10,xc7vh870thcg1932_MGTVCCAUX_G11,xc7vh870thcg1932_MGTVCCAUX_G12,xc7vh870thcg1932_MGTVCCAUX_G20,xc7vh870thcg1932_MGTVCCAUX_G21,xc7vh870thcg1932_MGTVCCAUX_G22,xc7vh870thcg1932_MGTAVTT_G10,xc7vh870thcg1932_MGTAVTT_G11,xc7vh870thcg1932_MGTAVTT_G12,xc7vh870thcg1932_MGTAVTT_G20,xc7vh870thcg1932_MGTAVTT_G21,xc7vh870thcg1932_MGTAVTT_G22,xc7vh870thcg1932_GND1,xc7vh870thcg1932_GND2,xc7vh870thcg1932_GND3,xc7vh870thcg1932_VCCINT,xc7vh870thcg1932_VCCAUX,xc7vh870thcg1932_VCCAUX_IO_G0,xc7vh870thcg1932_VCCAUX_IO_G2,xc7vh870thcg1932_VCCBRAM
U 0 -10 10 0 3 0 PARTS=1
U 0 -20 10 0 3 0 LEVEL=STD
U 0 -30 10 0 3 0 DATE=2012_05_22
E
