V 50
K 153165148200 xc7vh870thcg1932
Y 1
D 0 0 400 440
Z 10
i 946
b 50 50 350 390
P 1 400 100 350 100 0 3 0
A 355 100 10 0 3 0 #=AV7
L 345 100 10 0 8 0 1 0 MGTRREF_112_AV7
A 405 100 10 0 2 0 PINTYPE=BI
P 2 400 110 350 110 0 3 0
A 355 110 10 0 3 0 #=AV8
L 345 110 10 0 8 0 1 0 MGTAVTTRCAL_112_AV8
A 405 110 10 0 2 0 PINTYPE=BI
P 3 400 120 350 120 0 3 0
A 355 120 10 0 3 0 #=AL9
L 345 120 10 0 8 0 1 0 MGTREFCLK1N_112_AL9
A 405 120 10 0 2 0 PINTYPE=BI
P 4 400 130 350 130 0 3 0
A 355 130 10 0 3 0 #=AL10
L 345 130 10 0 8 0 1 0 MGTREFCLK1P_112_AL10
A 405 130 10 0 2 0 PINTYPE=BI
P 5 400 140 350 140 0 3 0
A 355 140 10 0 3 0 #=AK7
L 345 140 10 0 8 0 1 0 MGTREFCLK0N_112_AK7
A 405 140 10 0 2 0 PINTYPE=BI
P 6 400 150 350 150 0 3 0
A 355 150 10 0 3 0 #=AK8
L 345 150 10 0 8 0 1 0 MGTREFCLK0P_112_AK8
A 405 150 10 0 2 0 PINTYPE=BI
P 7 400 160 350 160 0 3 0
A 355 160 10 0 3 0 #=AH7
L 345 160 10 0 8 0 1 0 MGTHRXN3_112_AH7
A 405 160 10 0 2 0 PINTYPE=BI
P 8 400 170 350 170 0 3 0
A 355 170 10 0 3 0 #=AH8
L 345 170 10 0 8 0 1 0 MGTHRXP3_112_AH8
A 405 170 10 0 2 0 PINTYPE=BI
P 9 400 180 350 180 0 3 0
A 355 180 10 0 3 0 #=AJ1
L 345 180 10 0 8 0 1 0 MGTHTXN3_112_AJ1
A 405 180 10 0 2 0 PINTYPE=BI
P 10 400 190 350 190 0 3 0
A 355 190 10 0 3 0 #=AJ2
L 345 190 10 0 8 0 1 0 MGTHTXP3_112_AJ2
A 405 190 10 0 2 0 PINTYPE=BI
P 11 400 200 350 200 0 3 0
A 355 200 10 0 3 0 #=AJ5
L 345 200 10 0 8 0 1 0 MGTHRXN2_112_AJ5
A 405 200 10 0 2 0 PINTYPE=BI
P 12 400 210 350 210 0 3 0
A 355 210 10 0 3 0 #=AJ6
L 345 210 10 0 8 0 1 0 MGTHRXP2_112_AJ6
A 405 210 10 0 2 0 PINTYPE=BI
P 13 400 220 350 220 0 3 0
A 355 220 10 0 3 0 #=AK3
L 345 220 10 0 8 0 1 0 MGTHTXN2_112_AK3
A 405 220 10 0 2 0 PINTYPE=BI
P 14 400 230 350 230 0 3 0
A 355 230 10 0 3 0 #=AK4
L 345 230 10 0 8 0 1 0 MGTHTXP2_112_AK4
A 405 230 10 0 2 0 PINTYPE=BI
P 15 400 240 350 240 0 3 0
A 355 240 10 0 3 0 #=AL5
L 345 240 10 0 8 0 1 0 MGTHRXN1_112_AL5
A 405 240 10 0 2 0 PINTYPE=BI
P 16 400 250 350 250 0 3 0
A 355 250 10 0 3 0 #=AL6
L 345 250 10 0 8 0 1 0 MGTHRXP1_112_AL6
A 405 250 10 0 2 0 PINTYPE=BI
P 17 400 260 350 260 0 3 0
A 355 260 10 0 3 0 #=AL1
L 345 260 10 0 8 0 1 0 MGTHTXN1_112_AL1
A 405 260 10 0 2 0 PINTYPE=BI
P 18 400 270 350 270 0 3 0
A 355 270 10 0 3 0 #=AL2
L 345 270 10 0 8 0 1 0 MGTHTXP1_112_AL2
A 405 270 10 0 2 0 PINTYPE=BI
P 19 400 280 350 280 0 3 0
A 355 280 10 0 3 0 #=AN5
L 345 280 10 0 8 0 1 0 MGTHRXN0_112_AN5
A 405 280 10 0 2 0 PINTYPE=BI
P 20 400 290 350 290 0 3 0
A 355 290 10 0 3 0 #=AN6
L 345 290 10 0 8 0 1 0 MGTHRXP0_112_AN6
A 405 290 10 0 2 0 PINTYPE=BI
P 21 400 300 350 300 0 3 0
A 355 300 10 0 3 0 #=AM3
L 345 300 10 0 8 0 1 0 MGTHTXN0_112_AM3
A 405 300 10 0 2 0 PINTYPE=BI
P 22 400 310 350 310 0 3 0
A 355 310 10 0 3 0 #=AM4
L 345 310 10 0 8 0 1 0 MGTHTXP0_112_AM4
A 405 310 10 0 2 0 PINTYPE=BI
T 220 330 20 0 5 XC7VH870THCG1932
T 220 350 20 0 5 BANK 112
c 70 370 10
U 50 400 10 0 3 3 DEVICE=XXXXXX
U 50 30 16 0 3 3 REFDES=U?
U 250 30 10 0 3 3 PKG_TYPE=XXXXXX
U 0 0 10 0 3 0 HETERO=xc7vh870thcg1932_0,xc7vh870thcg1932_13,xc7vh870thcg1932_14,xc7vh870thcg1932_15,xc7vh870thcg1932_33,xc7vh870thcg1932_34,xc7vh870thcg1932_35,xc7vh870thcg1932_110,xc7vh870thcg1932_111,xc7vh870thcg1932_112,xc7vh870thcg1932_113,xc7vh870thcg1932_114,xc7vh870thcg1932_115,xc7vh870thcg1932_116,xc7vh870thcg1932_117,xc7vh870thcg1932_118,xc7vh870thcg1932_210,xc7vh870thcg1932_211,xc7vh870thcg1932_212,xc7vh870thcg1932_213,xc7vh870thcg1932_214,xc7vh870thcg1932_215,xc7vh870thcg1932_216,xc7vh870thcg1932_217,xc7vh870thcg1932_218,xc7vh870thcg1932_300,xc7vh870thcg1932_400,xc7vh870thcg1932_MGTAVCC_G10,xc7vh870thcg1932_MGTAVCC_G11,xc7vh870thcg1932_MGTAVCC_G12,xc7vh870thcg1932_MGTAVCC_G20,xc7vh870thcg1932_MGTAVCC_G21,xc7vh870thcg1932_MGTAVCC_G22,xc7vh870thcg1932_MGTVCCAUX_G10,xc7vh870thcg1932_MGTVCCAUX_G11,xc7vh870thcg1932_MGTVCCAUX_G12,xc7vh870thcg1932_MGTVCCAUX_G20,xc7vh870thcg1932_MGTVCCAUX_G21,xc7vh870thcg1932_MGTVCCAUX_G22,xc7vh870thcg1932_MGTAVTT_G10,xc7vh870thcg1932_MGTAVTT_G11,xc7vh870thcg1932_MGTAVTT_G12,xc7vh870thcg1932_MGTAVTT_G20,xc7vh870thcg1932_MGTAVTT_G21,xc7vh870thcg1932_MGTAVTT_G22,xc7vh870thcg1932_GND1,xc7vh870thcg1932_GND2,xc7vh870thcg1932_GND3,xc7vh870thcg1932_VCCINT,xc7vh870thcg1932_VCCAUX,xc7vh870thcg1932_VCCAUX_IO_G0,xc7vh870thcg1932_VCCAUX_IO_G2,xc7vh870thcg1932_VCCBRAM
U 0 -10 10 0 3 0 PARTS=1
U 0 -20 10 0 3 0 LEVEL=STD
U 0 -30 10 0 3 0 DATE=2012_05_22
E
