V 50
K 153165148200 xc7vx690tffg1929
Y 1
D 0 0 400 450
Z 10
i 946
b 50 50 350 400
P 1 0 100 50 100 0 2 0
A 45 100 10 0 9 0 #=AG12
L 55 100 10 0 2 0 1 0 VCCO_0_AG12
A 10 100 10 0 2 0 PINTYPE=BI
P 2 0 110 50 110 0 2 0
A 45 110 10 0 9 0 #=AE12
L 55 110 10 0 2 0 1 0 VCCO_0_AE12
A 10 110 10 0 2 0 PINTYPE=BI
P 3 400 100 350 100 0 3 0
A 355 100 10 0 3 0 #=AG10
L 345 100 10 0 8 0 1 0 M1_0_AG10
A 405 100 10 0 2 0 PINTYPE=BI
P 4 400 110 350 110 0 3 0
A 355 110 10 0 3 0 #=AG11
L 345 110 10 0 8 0 1 0 M0_0_AG11
A 405 110 10 0 2 0 PINTYPE=BI
P 5 400 120 350 120 0 3 0
A 355 120 10 0 3 0 #=AF10
L 345 120 10 0 8 0 1 0 M2_0_AF10
A 405 120 10 0 2 0 PINTYPE=BI
P 6 400 130 350 130 0 3 0
A 355 130 10 0 3 0 #=AE11
L 345 130 10 0 8 0 1 0 DONE_0_AE11
A 405 130 10 0 2 0 PINTYPE=BI
P 7 400 140 350 140 0 3 0
A 355 140 10 0 3 0 #=AK11
L 345 140 10 0 8 0 1 0 CFGBVS_0_AK11
A 405 140 10 0 2 0 PINTYPE=BI
P 8 400 150 350 150 0 3 0
A 355 150 10 0 3 0 #=AE10
L 345 150 10 0 8 0 1 0 PROGRAM_B_0_AE10
A 405 150 10 0 2 0 PINTYPE=BI
P 9 400 160 350 160 0 3 0
A 355 160 10 0 3 0 #=AK34
L 345 160 10 0 8 0 1 0 INIT_B_0_AK34
A 405 160 10 0 2 0 PINTYPE=BI
P 10 400 170 350 170 0 3 0
A 355 170 10 0 3 0 #=AG35
L 345 170 10 0 8 0 1 0 TDI_0_AG35
A 405 170 10 0 2 0 PINTYPE=BI
P 11 400 180 350 180 0 3 0
A 355 180 10 0 3 0 #=AG34
L 345 180 10 0 8 0 1 0 TDO_0_AG34
A 405 180 10 0 2 0 PINTYPE=BI
P 12 400 190 350 190 0 3 0
A 355 190 10 0 3 0 #=AF34
L 345 190 10 0 8 0 1 0 TMS_0_AF34
A 405 190 10 0 2 0 PINTYPE=BI
P 13 400 200 350 200 0 3 0
A 355 200 10 0 3 0 #=AF35
L 345 200 10 0 8 0 1 0 TCK_0_AF35
A 405 200 10 0 2 0 PINTYPE=BI
P 14 400 210 350 210 0 3 0
A 355 210 10 0 3 0 #=AE34
L 345 210 10 0 8 0 1 0 CCLK_0_AE34
A 405 210 10 0 2 0 PINTYPE=BI
P 15 400 220 350 220 0 3 0
A 355 220 10 0 3 0 #=AE35
L 345 220 10 0 8 0 1 0 VCCBATT_0_AE35
A 405 220 10 0 2 0 PINTYPE=BI
P 16 400 230 350 230 0 3 0
A 355 230 10 0 3 0 #=AD22
L 345 230 10 0 8 0 1 0 VN_0_AD22
A 405 230 10 0 2 0 PINTYPE=BI
P 17 400 240 350 240 0 3 0
A 355 240 10 0 3 0 #=AC23
L 345 240 10 0 8 0 1 0 VP_0_AC23
A 405 240 10 0 2 0 PINTYPE=BI
P 18 400 250 350 250 0 3 0
A 355 250 10 0 3 0 #=AD23
L 345 250 10 0 8 0 1 0 VREFP_0_AD23
A 405 250 10 0 2 0 PINTYPE=BI
P 19 400 260 350 260 0 3 0
A 355 260 10 0 3 0 #=AC22
L 345 260 10 0 8 0 1 0 VREFN_0_AC22
A 405 260 10 0 2 0 PINTYPE=BI
P 20 400 270 350 270 0 3 0
A 355 270 10 0 3 0 #=AE23
L 345 270 10 0 8 0 1 0 DXP_0_AE23
A 405 270 10 0 2 0 PINTYPE=BI
P 21 400 280 350 280 0 3 0
A 355 280 10 0 3 0 #=AB22
L 345 280 10 0 8 0 1 0 GNDADC_0_AB22
A 405 280 10 0 2 0 PINTYPE=BI
P 22 400 290 350 290 0 3 0
A 355 290 10 0 3 0 #=AB23
L 345 290 10 0 8 0 1 0 VCCADC_0_AB23
A 405 290 10 0 2 0 PINTYPE=BI
P 23 400 300 350 300 0 3 0
A 355 300 10 0 3 0 #=AE22
L 345 300 10 0 8 0 1 0 DXN_0_AE22
A 405 300 10 0 2 0 PINTYPE=BI
T 220 320 20 0 5 XC7VX690TFFG1929
T 220 340 20 0 5 BANK 0
c 70 380 10
U 50 410 10 0 3 3 DEVICE=XXXXXX
U 50 30 16 0 3 3 REFDES=U?
U 250 30 10 0 3 3 PKG_TYPE=XXXXXX
U 0 0 10 0 3 0 HETERO=xc7vx690tffg1929_0,xc7vx690tffg1929_14,xc7vx690tffg1929_15,xc7vx690tffg1929_16,xc7vx690tffg1929_17,xc7vx690tffg1929_18,xc7vx690tffg1929_19,xc7vx690tffg1929_34,xc7vx690tffg1929_35,xc7vx690tffg1929_36,xc7vx690tffg1929_37,xc7vx690tffg1929_38,xc7vx690tffg1929_39,xc7vx690tffg1929_110,xc7vx690tffg1929_111,xc7vx690tffg1929_112,xc7vx690tffg1929_113,xc7vx690tffg1929_114,xc7vx690tffg1929_115,xc7vx690tffg1929_116,xc7vx690tffg1929_117,xc7vx690tffg1929_118,xc7vx690tffg1929_119,xc7vx690tffg1929_210,xc7vx690tffg1929_211,xc7vx690tffg1929_212,xc7vx690tffg1929_213,xc7vx690tffg1929_214,xc7vx690tffg1929_215,xc7vx690tffg1929_216,xc7vx690tffg1929_217,xc7vx690tffg1929_218,xc7vx690tffg1929_219,xc7vx690tffg1929_MGTAVCC_G11,xc7vx690tffg1929_MGTAVCC_G10,xc7vx690tffg1929_MGTAVCC_G21,xc7vx690tffg1929_MGTAVCC_G20,xc7vx690tffg1929_MGTVCCAUX_G11,xc7vx690tffg1929_MGTVCCAUX_G10,xc7vx690tffg1929_MGTVCCAUX_G21,xc7vx690tffg1929_MGTVCCAUX_G20,xc7vx690tffg1929_MGTAVTT_G11,xc7vx690tffg1929_MGTAVTT_G10,xc7vx690tffg1929_MGTAVTT_G21,xc7vx690tffg1929_MGTAVTT_G20,xc7vx690tffg1929_MGTHAVCC_G10,xc7vx690tffg1929_MGTHAVCC_G20,xc7vx690tffg1929_MGTHVCCAUX_G10,xc7vx690tffg1929_MGTHVCCAUX_G20,xc7vx690tffg1929_MGTHAVTT_G10,xc7vx690tffg1929_MGTHAVTT_G20,xc7vx690tffg1929_GND1,xc7vx690tffg1929_GND2,xc7vx690tffg1929_GND3,xc7vx690tffg1929_VCCINT,xc7vx690tffg1929_VCCAUX,xc7vx690tffg1929_VCCAUX_IO_G3,xc7vx690tffg1929_VCCAUX_IO_G2,xc7vx690tffg1929_VCCAUX_IO_G1,xc7vx690tffg1929_VCCAUX_IO_G0,xc7vx690tffg1929_VCCBRAM
U 0 -10 10 0 3 0 PARTS=1
U 0 -20 10 0 3 0 LEVEL=STD
U 0 -30 10 0 3 0 DATE=2011_02_08
E
