V 50
K 153165148200 xc7v2000tflg1925
Y 1
D 0 0 400 1470
Z 10
i 946
b 50 50 350 1420
P 1 400 100 350 100 0 3 0
A 355 100 10 0 3 0 #=A11
L 345 100 10 0 8 0 1 0 GND_A11
A 405 100 10 0 2 0 PINTYPE=BI
P 2 400 110 350 110 0 3 0
A 355 110 10 0 3 0 #=A21
L 345 110 10 0 8 0 1 0 GND_A21
A 405 110 10 0 2 0 PINTYPE=BI
P 3 400 120 350 120 0 3 0
A 355 120 10 0 3 0 #=A31
L 345 120 10 0 8 0 1 0 GND_A31
A 405 120 10 0 2 0 PINTYPE=BI
P 4 400 130 350 130 0 3 0
A 355 130 10 0 3 0 #=A41
L 345 130 10 0 8 0 1 0 GND_A41
A 405 130 10 0 2 0 PINTYPE=BI
P 5 400 140 350 140 0 3 0
A 355 140 10 0 3 0 #=AA1
L 345 140 10 0 8 0 1 0 GND_AA1
A 405 140 10 0 2 0 PINTYPE=BI
P 6 400 150 350 150 0 3 0
A 355 150 10 0 3 0 #=AA11
L 345 150 10 0 8 0 1 0 GND_AA11
A 405 150 10 0 2 0 PINTYPE=BI
P 7 400 160 350 160 0 3 0
A 355 160 10 0 3 0 #=AA13
L 345 160 10 0 8 0 1 0 GND_AA13
A 405 160 10 0 2 0 PINTYPE=BI
P 8 400 170 350 170 0 3 0
A 355 170 10 0 3 0 #=AA15
L 345 170 10 0 8 0 1 0 GND_AA15
A 405 170 10 0 2 0 PINTYPE=BI
P 9 400 180 350 180 0 3 0
A 355 180 10 0 3 0 #=AA17
L 345 180 10 0 8 0 1 0 GND_AA17
A 405 180 10 0 2 0 PINTYPE=BI
P 10 400 190 350 190 0 3 0
A 355 190 10 0 3 0 #=AA19
L 345 190 10 0 8 0 1 0 GND_AA19
A 405 190 10 0 2 0 PINTYPE=BI
P 11 400 200 350 200 0 3 0
A 355 200 10 0 3 0 #=AA23
L 345 200 10 0 8 0 1 0 GND_AA23
A 405 200 10 0 2 0 PINTYPE=BI
P 12 400 210 350 210 0 3 0
A 355 210 10 0 3 0 #=AA25
L 345 210 10 0 8 0 1 0 GND_AA25
A 405 210 10 0 2 0 PINTYPE=BI
P 13 400 220 350 220 0 3 0
A 355 220 10 0 3 0 #=AA27
L 345 220 10 0 8 0 1 0 GND_AA27
A 405 220 10 0 2 0 PINTYPE=BI
P 14 400 230 350 230 0 3 0
A 355 230 10 0 3 0 #=AA31
L 345 230 10 0 8 0 1 0 GND_AA31
A 405 230 10 0 2 0 PINTYPE=BI
P 15 400 240 350 240 0 3 0
A 355 240 10 0 3 0 #=AA41
L 345 240 10 0 8 0 1 0 GND_AA41
A 405 240 10 0 2 0 PINTYPE=BI
P 16 400 250 350 250 0 3 0
A 355 250 10 0 3 0 #=AB12
L 345 250 10 0 8 0 1 0 GND_AB12
A 405 250 10 0 2 0 PINTYPE=BI
P 17 400 260 350 260 0 3 0
A 355 260 10 0 3 0 #=AB14
L 345 260 10 0 8 0 1 0 GND_AB14
A 405 260 10 0 2 0 PINTYPE=BI
P 18 400 270 350 270 0 3 0
A 355 270 10 0 3 0 #=AB16
L 345 270 10 0 8 0 1 0 GND_AB16
A 405 270 10 0 2 0 PINTYPE=BI
P 19 400 280 350 280 0 3 0
A 355 280 10 0 3 0 #=AB18
L 345 280 10 0 8 0 1 0 GND_AB18
A 405 280 10 0 2 0 PINTYPE=BI
P 20 400 290 350 290 0 3 0
A 355 290 10 0 3 0 #=AB22
L 345 290 10 0 8 0 1 0 GND_AB22
A 405 290 10 0 2 0 PINTYPE=BI
P 21 400 300 350 300 0 3 0
A 355 300 10 0 3 0 #=AB24
L 345 300 10 0 8 0 1 0 GND_AB24
A 405 300 10 0 2 0 PINTYPE=BI
P 22 400 310 350 310 0 3 0
A 355 310 10 0 3 0 #=AB26
L 345 310 10 0 8 0 1 0 GND_AB26
A 405 310 10 0 2 0 PINTYPE=BI
P 23 400 320 350 320 0 3 0
A 355 320 10 0 3 0 #=AB38
L 345 320 10 0 8 0 1 0 GND_AB38
A 405 320 10 0 2 0 PINTYPE=BI
P 24 400 330 350 330 0 3 0
A 355 330 10 0 3 0 #=AB8
L 345 330 10 0 8 0 1 0 GND_AB8
A 405 330 10 0 2 0 PINTYPE=BI
P 25 400 340 350 340 0 3 0
A 355 340 10 0 3 0 #=AC1
L 345 340 10 0 8 0 1 0 GND_AC1
A 405 340 10 0 2 0 PINTYPE=BI
P 26 400 350 350 350 0 3 0
A 355 350 10 0 3 0 #=AC11
L 345 350 10 0 8 0 1 0 GND_AC11
A 405 350 10 0 2 0 PINTYPE=BI
P 27 400 360 350 360 0 3 0
A 355 360 10 0 3 0 #=AC13
L 345 360 10 0 8 0 1 0 GND_AC13
A 405 360 10 0 2 0 PINTYPE=BI
P 28 400 370 350 370 0 3 0
A 355 370 10 0 3 0 #=AC15
L 345 370 10 0 8 0 1 0 GND_AC15
A 405 370 10 0 2 0 PINTYPE=BI
P 29 400 380 350 380 0 3 0
A 355 380 10 0 3 0 #=AC17
L 345 380 10 0 8 0 1 0 GND_AC17
A 405 380 10 0 2 0 PINTYPE=BI
P 30 400 390 350 390 0 3 0
A 355 390 10 0 3 0 #=AC19
L 345 390 10 0 8 0 1 0 GND_AC19
A 405 390 10 0 2 0 PINTYPE=BI
P 31 400 400 350 400 0 3 0
A 355 400 10 0 3 0 #=AC2
L 345 400 10 0 8 0 1 0 GND_AC2
A 405 400 10 0 2 0 PINTYPE=BI
P 32 400 410 350 410 0 3 0
A 355 410 10 0 3 0 #=AC23
L 345 410 10 0 8 0 1 0 GND_AC23
A 405 410 10 0 2 0 PINTYPE=BI
P 33 400 420 350 420 0 3 0
A 355 420 10 0 3 0 #=AC25
L 345 420 10 0 8 0 1 0 GND_AC25
A 405 420 10 0 2 0 PINTYPE=BI
P 34 400 430 350 430 0 3 0
A 355 430 10 0 3 0 #=AC27
L 345 430 10 0 8 0 1 0 GND_AC27
A 405 430 10 0 2 0 PINTYPE=BI
P 35 400 440 350 440 0 3 0
A 355 440 10 0 3 0 #=AC3
L 345 440 10 0 8 0 1 0 GND_AC3
A 405 440 10 0 2 0 PINTYPE=BI
P 36 400 450 350 450 0 3 0
A 355 450 10 0 3 0 #=AC35
L 345 450 10 0 8 0 1 0 GND_AC35
A 405 450 10 0 2 0 PINTYPE=BI
P 37 400 460 350 460 0 3 0
A 355 460 10 0 3 0 #=AC4
L 345 460 10 0 8 0 1 0 GND_AC4
A 405 460 10 0 2 0 PINTYPE=BI
P 38 400 470 350 470 0 3 0
A 355 470 10 0 3 0 #=AC5
L 345 470 10 0 8 0 1 0 GND_AC5
A 405 470 10 0 2 0 PINTYPE=BI
P 39 400 480 350 480 0 3 0
A 355 480 10 0 3 0 #=AC6
L 345 480 10 0 8 0 1 0 GND_AC6
A 405 480 10 0 2 0 PINTYPE=BI
P 40 400 490 350 490 0 3 0
A 355 490 10 0 3 0 #=AC7
L 345 490 10 0 8 0 1 0 GND_AC7
A 405 490 10 0 2 0 PINTYPE=BI
P 41 400 500 350 500 0 3 0
A 355 500 10 0 3 0 #=AC9
L 345 500 10 0 8 0 1 0 GND_AC9
A 405 500 10 0 2 0 PINTYPE=BI
P 42 400 510 350 510 0 3 0
A 355 510 10 0 3 0 #=AD12
L 345 510 10 0 8 0 1 0 GND_AD12
A 405 510 10 0 2 0 PINTYPE=BI
P 43 400 520 350 520 0 3 0
A 355 520 10 0 3 0 #=AD14
L 345 520 10 0 8 0 1 0 GND_AD14
A 405 520 10 0 2 0 PINTYPE=BI
P 44 400 530 350 530 0 3 0
A 355 530 10 0 3 0 #=AD16
L 345 530 10 0 8 0 1 0 GND_AD16
A 405 530 10 0 2 0 PINTYPE=BI
P 45 400 540 350 540 0 3 0
A 355 540 10 0 3 0 #=AD18
L 345 540 10 0 8 0 1 0 GND_AD18
A 405 540 10 0 2 0 PINTYPE=BI
P 46 400 550 350 550 0 3 0
A 355 550 10 0 3 0 #=AD22
L 345 550 10 0 8 0 1 0 GND_AD22
A 405 550 10 0 2 0 PINTYPE=BI
P 47 400 560 350 560 0 3 0
A 355 560 10 0 3 0 #=AD24
L 345 560 10 0 8 0 1 0 GND_AD24
A 405 560 10 0 2 0 PINTYPE=BI
P 48 400 570 350 570 0 3 0
A 355 570 10 0 3 0 #=AD26
L 345 570 10 0 8 0 1 0 GND_AD26
A 405 570 10 0 2 0 PINTYPE=BI
P 49 400 580 350 580 0 3 0
A 355 580 10 0 3 0 #=AD28
L 345 580 10 0 8 0 1 0 GND_AD28
A 405 580 10 0 2 0 PINTYPE=BI
P 50 400 590 350 590 0 3 0
A 355 590 10 0 3 0 #=AD3
L 345 590 10 0 8 0 1 0 GND_AD3
A 405 590 10 0 2 0 PINTYPE=BI
P 51 400 600 350 600 0 3 0
A 355 600 10 0 3 0 #=AD32
L 345 600 10 0 8 0 1 0 GND_AD32
A 405 600 10 0 2 0 PINTYPE=BI
P 52 400 610 350 610 0 3 0
A 355 610 10 0 3 0 #=AD4
L 345 610 10 0 8 0 1 0 GND_AD4
A 405 610 10 0 2 0 PINTYPE=BI
P 53 400 620 350 620 0 3 0
A 355 620 10 0 3 0 #=AD42
L 345 620 10 0 8 0 1 0 GND_AD42
A 405 620 10 0 2 0 PINTYPE=BI
P 54 400 630 350 630 0 3 0
A 355 630 10 0 3 0 #=AD8
L 345 630 10 0 8 0 1 0 GND_AD8
A 405 630 10 0 2 0 PINTYPE=BI
P 55 400 640 350 640 0 3 0
A 355 640 10 0 3 0 #=AD9
L 345 640 10 0 8 0 1 0 GND_AD9
A 405 640 10 0 2 0 PINTYPE=BI
P 56 400 650 350 650 0 3 0
A 355 650 10 0 3 0 #=AE1
L 345 650 10 0 8 0 1 0 GND_AE1
A 405 650 10 0 2 0 PINTYPE=BI
P 57 400 660 350 660 0 3 0
A 355 660 10 0 3 0 #=AE10
L 345 660 10 0 8 0 1 0 GND_AE10
A 405 660 10 0 2 0 PINTYPE=BI
P 58 400 670 350 670 0 3 0
A 355 670 10 0 3 0 #=AE11
L 345 670 10 0 8 0 1 0 GND_AE11
A 405 670 10 0 2 0 PINTYPE=BI
P 59 400 680 350 680 0 3 0
A 355 680 10 0 3 0 #=AE13
L 345 680 10 0 8 0 1 0 GND_AE13
A 405 680 10 0 2 0 PINTYPE=BI
P 60 400 690 350 690 0 3 0
A 355 690 10 0 3 0 #=AE15
L 345 690 10 0 8 0 1 0 GND_AE15
A 405 690 10 0 2 0 PINTYPE=BI
P 61 400 700 350 700 0 3 0
A 355 700 10 0 3 0 #=AE17
L 345 700 10 0 8 0 1 0 GND_AE17
A 405 700 10 0 2 0 PINTYPE=BI
P 62 400 710 350 710 0 3 0
A 355 710 10 0 3 0 #=AE19
L 345 710 10 0 8 0 1 0 GND_AE19
A 405 710 10 0 2 0 PINTYPE=BI
P 63 400 720 350 720 0 3 0
A 355 720 10 0 3 0 #=AE2
L 345 720 10 0 8 0 1 0 GND_AE2
A 405 720 10 0 2 0 PINTYPE=BI
P 64 400 730 350 730 0 3 0
A 355 730 10 0 3 0 #=AE21
L 345 730 10 0 8 0 1 0 GND_AE21
A 405 730 10 0 2 0 PINTYPE=BI
P 65 400 740 350 740 0 3 0
A 355 740 10 0 3 0 #=AE23
L 345 740 10 0 8 0 1 0 GND_AE23
A 405 740 10 0 2 0 PINTYPE=BI
P 66 400 750 350 750 0 3 0
A 355 750 10 0 3 0 #=AE25
L 345 750 10 0 8 0 1 0 GND_AE25
A 405 750 10 0 2 0 PINTYPE=BI
P 67 400 760 350 760 0 3 0
A 355 760 10 0 3 0 #=AE27
L 345 760 10 0 8 0 1 0 GND_AE27
A 405 760 10 0 2 0 PINTYPE=BI
P 68 400 770 350 770 0 3 0
A 355 770 10 0 3 0 #=AE29
L 345 770 10 0 8 0 1 0 GND_AE29
A 405 770 10 0 2 0 PINTYPE=BI
P 69 400 780 350 780 0 3 0
A 355 780 10 0 3 0 #=AE39
L 345 780 10 0 8 0 1 0 GND_AE39
A 405 780 10 0 2 0 PINTYPE=BI
P 70 400 790 350 790 0 3 0
A 355 790 10 0 3 0 #=AE6
L 345 790 10 0 8 0 1 0 GND_AE6
A 405 790 10 0 2 0 PINTYPE=BI
P 71 400 800 350 800 0 3 0
A 355 800 10 0 3 0 #=AE9
L 345 800 10 0 8 0 1 0 GND_AE9
A 405 800 10 0 2 0 PINTYPE=BI
P 72 400 810 350 810 0 3 0
A 355 810 10 0 3 0 #=AF12
L 345 810 10 0 8 0 1 0 GND_AF12
A 405 810 10 0 2 0 PINTYPE=BI
P 73 400 820 350 820 0 3 0
A 355 820 10 0 3 0 #=AF14
L 345 820 10 0 8 0 1 0 GND_AF14
A 405 820 10 0 2 0 PINTYPE=BI
P 74 400 830 350 830 0 3 0
A 355 830 10 0 3 0 #=AF16
L 345 830 10 0 8 0 1 0 GND_AF16
A 405 830 10 0 2 0 PINTYPE=BI
P 75 400 840 350 840 0 3 0
A 355 840 10 0 3 0 #=AF18
L 345 840 10 0 8 0 1 0 GND_AF18
A 405 840 10 0 2 0 PINTYPE=BI
P 76 400 850 350 850 0 3 0
A 355 850 10 0 3 0 #=AF20
L 345 850 10 0 8 0 1 0 GND_AF20
A 405 850 10 0 2 0 PINTYPE=BI
P 77 400 860 350 860 0 3 0
A 355 860 10 0 3 0 #=AF22
L 345 860 10 0 8 0 1 0 GND_AF22
A 405 860 10 0 2 0 PINTYPE=BI
P 78 400 870 350 870 0 3 0
A 355 870 10 0 3 0 #=AF24
L 345 870 10 0 8 0 1 0 GND_AF24
A 405 870 10 0 2 0 PINTYPE=BI
P 79 400 880 350 880 0 3 0
A 355 880 10 0 3 0 #=AF26
L 345 880 10 0 8 0 1 0 GND_AF26
A 405 880 10 0 2 0 PINTYPE=BI
P 80 400 890 350 890 0 3 0
A 355 890 10 0 3 0 #=AF28
L 345 890 10 0 8 0 1 0 GND_AF28
A 405 890 10 0 2 0 PINTYPE=BI
P 81 400 900 350 900 0 3 0
A 355 900 10 0 3 0 #=AF36
L 345 900 10 0 8 0 1 0 GND_AF36
A 405 900 10 0 2 0 PINTYPE=BI
P 82 400 910 350 910 0 3 0
A 355 910 10 0 3 0 #=AF4
L 345 910 10 0 8 0 1 0 GND_AF4
A 405 910 10 0 2 0 PINTYPE=BI
P 83 400 920 350 920 0 3 0
A 355 920 10 0 3 0 #=AF7
L 345 920 10 0 8 0 1 0 GND_AF7
A 405 920 10 0 2 0 PINTYPE=BI
P 84 400 930 350 930 0 3 0
A 355 930 10 0 3 0 #=AG1
L 345 930 10 0 8 0 1 0 GND_AG1
A 405 930 10 0 2 0 PINTYPE=BI
P 85 400 940 350 940 0 3 0
A 355 940 10 0 3 0 #=AG13
L 345 940 10 0 8 0 1 0 GND_AG13
A 405 940 10 0 2 0 PINTYPE=BI
P 86 400 950 350 950 0 3 0
A 355 950 10 0 3 0 #=AG15
L 345 950 10 0 8 0 1 0 GND_AG15
A 405 950 10 0 2 0 PINTYPE=BI
P 87 400 960 350 960 0 3 0
A 355 960 10 0 3 0 #=AG17
L 345 960 10 0 8 0 1 0 GND_AG17
A 405 960 10 0 2 0 PINTYPE=BI
P 88 400 970 350 970 0 3 0
A 355 970 10 0 3 0 #=AG19
L 345 970 10 0 8 0 1 0 GND_AG19
A 405 970 10 0 2 0 PINTYPE=BI
P 89 400 980 350 980 0 3 0
A 355 980 10 0 3 0 #=AG2
L 345 980 10 0 8 0 1 0 GND_AG2
A 405 980 10 0 2 0 PINTYPE=BI
P 90 400 990 350 990 0 3 0
A 355 990 10 0 3 0 #=AG21
L 345 990 10 0 8 0 1 0 GND_AG21
A 405 990 10 0 2 0 PINTYPE=BI
P 91 400 1000 350 1000 0 3 0
A 355 1000 10 0 3 0 #=AG23
L 345 1000 10 0 8 0 1 0 GND_AG23
A 405 1000 10 0 2 0 PINTYPE=BI
P 92 400 1010 350 1010 0 3 0
A 355 1010 10 0 3 0 #=AG25
L 345 1010 10 0 8 0 1 0 GND_AG25
A 405 1010 10 0 2 0 PINTYPE=BI
P 93 400 1020 350 1020 0 3 0
A 355 1020 10 0 3 0 #=AG27
L 345 1020 10 0 8 0 1 0 GND_AG27
A 405 1020 10 0 2 0 PINTYPE=BI
P 94 400 1030 350 1030 0 3 0
A 355 1030 10 0 3 0 #=AG33
L 345 1030 10 0 8 0 1 0 GND_AG33
A 405 1030 10 0 2 0 PINTYPE=BI
P 95 400 1040 350 1040 0 3 0
A 355 1040 10 0 3 0 #=AG43
L 345 1040 10 0 8 0 1 0 GND_AG43
A 405 1040 10 0 2 0 PINTYPE=BI
P 96 400 1050 350 1050 0 3 0
A 355 1050 10 0 3 0 #=AG5
L 345 1050 10 0 8 0 1 0 GND_AG5
A 405 1050 10 0 2 0 PINTYPE=BI
P 97 400 1060 350 1060 0 3 0
A 355 1060 10 0 3 0 #=AG6
L 345 1060 10 0 8 0 1 0 GND_AG6
A 405 1060 10 0 2 0 PINTYPE=BI
P 98 400 1070 350 1070 0 3 0
A 355 1070 10 0 3 0 #=AG9
L 345 1070 10 0 8 0 1 0 GND_AG9
A 405 1070 10 0 2 0 PINTYPE=BI
P 99 400 1080 350 1080 0 3 0
A 355 1080 10 0 3 0 #=AH10
L 345 1080 10 0 8 0 1 0 GND_AH10
A 405 1080 10 0 2 0 PINTYPE=BI
P 100 400 1090 350 1090 0 3 0
A 355 1090 10 0 3 0 #=AH12
L 345 1090 10 0 8 0 1 0 GND_AH12
A 405 1090 10 0 2 0 PINTYPE=BI
P 101 400 1100 350 1100 0 3 0
A 355 1100 10 0 3 0 #=AH14
L 345 1100 10 0 8 0 1 0 GND_AH14
A 405 1100 10 0 2 0 PINTYPE=BI
P 102 400 1110 350 1110 0 3 0
A 355 1110 10 0 3 0 #=AH16
L 345 1110 10 0 8 0 1 0 GND_AH16
A 405 1110 10 0 2 0 PINTYPE=BI
P 103 400 1120 350 1120 0 3 0
A 355 1120 10 0 3 0 #=AH18
L 345 1120 10 0 8 0 1 0 GND_AH18
A 405 1120 10 0 2 0 PINTYPE=BI
P 104 400 1130 350 1130 0 3 0
A 355 1130 10 0 3 0 #=AH20
L 345 1130 10 0 8 0 1 0 GND_AH20
A 405 1130 10 0 2 0 PINTYPE=BI
P 105 400 1140 350 1140 0 3 0
A 355 1140 10 0 3 0 #=AH22
L 345 1140 10 0 8 0 1 0 GND_AH22
A 405 1140 10 0 2 0 PINTYPE=BI
P 106 400 1150 350 1150 0 3 0
A 355 1150 10 0 3 0 #=AH24
L 345 1150 10 0 8 0 1 0 GND_AH24
A 405 1150 10 0 2 0 PINTYPE=BI
P 107 400 1160 350 1160 0 3 0
A 355 1160 10 0 3 0 #=AH26
L 345 1160 10 0 8 0 1 0 GND_AH26
A 405 1160 10 0 2 0 PINTYPE=BI
P 108 400 1170 350 1170 0 3 0
A 355 1170 10 0 3 0 #=AH3
L 345 1170 10 0 8 0 1 0 GND_AH3
A 405 1170 10 0 2 0 PINTYPE=BI
P 109 400 1180 350 1180 0 3 0
A 355 1180 10 0 3 0 #=AH30
L 345 1180 10 0 8 0 1 0 GND_AH30
A 405 1180 10 0 2 0 PINTYPE=BI
P 110 400 1190 350 1190 0 3 0
A 355 1190 10 0 3 0 #=AH4
L 345 1190 10 0 8 0 1 0 GND_AH4
A 405 1190 10 0 2 0 PINTYPE=BI
P 111 400 1200 350 1200 0 3 0
A 355 1200 10 0 3 0 #=AH40
L 345 1200 10 0 8 0 1 0 GND_AH40
A 405 1200 10 0 2 0 PINTYPE=BI
P 112 400 1210 350 1210 0 3 0
A 355 1210 10 0 3 0 #=AH7
L 345 1210 10 0 8 0 1 0 GND_AH7
A 405 1210 10 0 2 0 PINTYPE=BI
P 113 400 1220 350 1220 0 3 0
A 355 1220 10 0 3 0 #=AH9
L 345 1220 10 0 8 0 1 0 GND_AH9
A 405 1220 10 0 2 0 PINTYPE=BI
P 114 400 1230 350 1230 0 3 0
A 355 1230 10 0 3 0 #=AJ1
L 345 1230 10 0 8 0 1 0 GND_AJ1
A 405 1230 10 0 2 0 PINTYPE=BI
P 115 400 1240 350 1240 0 3 0
A 355 1240 10 0 3 0 #=AJ17
L 345 1240 10 0 8 0 1 0 GND_AJ17
A 405 1240 10 0 2 0 PINTYPE=BI
P 116 400 1250 350 1250 0 3 0
A 355 1250 10 0 3 0 #=AJ2
L 345 1250 10 0 8 0 1 0 GND_AJ2
A 405 1250 10 0 2 0 PINTYPE=BI
P 117 400 1260 350 1260 0 3 0
A 355 1260 10 0 3 0 #=AJ27
L 345 1260 10 0 8 0 1 0 GND_AJ27
A 405 1260 10 0 2 0 PINTYPE=BI
P 118 400 1270 350 1270 0 3 0
A 355 1270 10 0 3 0 #=AJ37
L 345 1270 10 0 8 0 1 0 GND_AJ37
A 405 1270 10 0 2 0 PINTYPE=BI
P 119 400 1280 350 1280 0 3 0
A 355 1280 10 0 3 0 #=AJ6
L 345 1280 10 0 8 0 1 0 GND_AJ6
A 405 1280 10 0 2 0 PINTYPE=BI
P 120 400 1290 350 1290 0 3 0
A 355 1290 10 0 3 0 #=AJ9
L 345 1290 10 0 8 0 1 0 GND_AJ9
A 405 1290 10 0 2 0 PINTYPE=BI
P 121 400 1300 350 1300 0 3 0
A 355 1300 10 0 3 0 #=AK14
L 345 1300 10 0 8 0 1 0 GND_AK14
A 405 1300 10 0 2 0 PINTYPE=BI
P 122 400 1310 350 1310 0 3 0
A 355 1310 10 0 3 0 #=AK24
L 345 1310 10 0 8 0 1 0 GND_AK24
A 405 1310 10 0 2 0 PINTYPE=BI
P 123 400 1320 350 1320 0 3 0
A 355 1320 10 0 3 0 #=AK34
L 345 1320 10 0 8 0 1 0 GND_AK34
A 405 1320 10 0 2 0 PINTYPE=BI
P 124 400 1330 350 1330 0 3 0
A 355 1330 10 0 3 0 #=AK4
L 345 1330 10 0 8 0 1 0 GND_AK4
A 405 1330 10 0 2 0 PINTYPE=BI
P 125 400 1340 350 1340 0 3 0
A 355 1340 10 0 3 0 #=AK44
L 345 1340 10 0 8 0 1 0 GND_AK44
A 405 1340 10 0 2 0 PINTYPE=BI
P 126 400 1350 350 1350 0 3 0
A 355 1350 10 0 3 0 #=AK7
L 345 1350 10 0 8 0 1 0 GND_AK7
A 405 1350 10 0 2 0 PINTYPE=BI
P 127 0 110 50 110 0 2 0
A 45 110 10 0 9 0 #=AK9
L 55 110 10 0 2 0 1 0 GND_AK9
A 10 110 10 0 2 0 PINTYPE=BI
P 128 0 120 50 120 0 2 0
A 45 120 10 0 9 0 #=AL1
L 55 120 10 0 2 0 1 0 GND_AL1
A 10 120 10 0 2 0 PINTYPE=BI
P 129 0 130 50 130 0 2 0
A 45 130 10 0 9 0 #=AL11
L 55 130 10 0 2 0 1 0 GND_AL11
A 10 130 10 0 2 0 PINTYPE=BI
P 130 0 140 50 140 0 2 0
A 45 140 10 0 9 0 #=AL2
L 55 140 10 0 2 0 1 0 GND_AL2
A 10 140 10 0 2 0 PINTYPE=BI
P 131 0 150 50 150 0 2 0
A 45 150 10 0 9 0 #=AL21
L 55 150 10 0 2 0 1 0 GND_AL21
A 10 150 10 0 2 0 PINTYPE=BI
P 132 0 160 50 160 0 2 0
A 45 160 10 0 9 0 #=AL31
L 55 160 10 0 2 0 1 0 GND_AL31
A 10 160 10 0 2 0 PINTYPE=BI
P 133 0 170 50 170 0 2 0
A 45 170 10 0 9 0 #=AL41
L 55 170 10 0 2 0 1 0 GND_AL41
A 10 170 10 0 2 0 PINTYPE=BI
P 134 0 180 50 180 0 2 0
A 45 180 10 0 9 0 #=AL5
L 55 180 10 0 2 0 1 0 GND_AL5
A 10 180 10 0 2 0 PINTYPE=BI
P 135 0 190 50 190 0 2 0
A 45 190 10 0 9 0 #=AL6
L 55 190 10 0 2 0 1 0 GND_AL6
A 10 190 10 0 2 0 PINTYPE=BI
P 136 0 200 50 200 0 2 0
A 45 200 10 0 9 0 #=AL9
L 55 200 10 0 2 0 1 0 GND_AL9
A 10 200 10 0 2 0 PINTYPE=BI
P 137 0 210 50 210 0 2 0
A 45 210 10 0 9 0 #=AM18
L 55 210 10 0 2 0 1 0 GND_AM18
A 10 210 10 0 2 0 PINTYPE=BI
P 138 0 220 50 220 0 2 0
A 45 220 10 0 9 0 #=AM28
L 55 220 10 0 2 0 1 0 GND_AM28
A 10 220 10 0 2 0 PINTYPE=BI
P 139 0 230 50 230 0 2 0
A 45 230 10 0 9 0 #=AM3
L 55 230 10 0 2 0 1 0 GND_AM3
A 10 230 10 0 2 0 PINTYPE=BI
P 140 0 240 50 240 0 2 0
A 45 240 10 0 9 0 #=AM38
L 55 240 10 0 2 0 1 0 GND_AM38
A 10 240 10 0 2 0 PINTYPE=BI
P 141 0 250 50 250 0 2 0
A 45 250 10 0 9 0 #=AM4
L 55 250 10 0 2 0 1 0 GND_AM4
A 10 250 10 0 2 0 PINTYPE=BI
P 142 0 260 50 260 0 2 0
A 45 260 10 0 9 0 #=AM7
L 55 260 10 0 2 0 1 0 GND_AM7
A 10 260 10 0 2 0 PINTYPE=BI
P 143 0 270 50 270 0 2 0
A 45 270 10 0 9 0 #=AM9
L 55 270 10 0 2 0 1 0 GND_AM9
A 10 270 10 0 2 0 PINTYPE=BI
P 144 0 280 50 280 0 2 0
A 45 280 10 0 9 0 #=AN1
L 55 280 10 0 2 0 1 0 GND_AN1
A 10 280 10 0 2 0 PINTYPE=BI
P 145 0 290 50 290 0 2 0
A 45 290 10 0 9 0 #=AN15
L 55 290 10 0 2 0 1 0 GND_AN15
A 10 290 10 0 2 0 PINTYPE=BI
P 146 0 300 50 300 0 2 0
A 45 300 10 0 9 0 #=AN2
L 55 300 10 0 2 0 1 0 GND_AN2
A 10 300 10 0 2 0 PINTYPE=BI
P 147 0 310 50 310 0 2 0
A 45 310 10 0 9 0 #=AN25
L 55 310 10 0 2 0 1 0 GND_AN25
A 10 310 10 0 2 0 PINTYPE=BI
P 148 0 320 50 320 0 2 0
A 45 320 10 0 9 0 #=AN35
L 55 320 10 0 2 0 1 0 GND_AN35
A 10 320 10 0 2 0 PINTYPE=BI
P 149 0 330 50 330 0 2 0
A 45 330 10 0 9 0 #=AN6
L 55 330 10 0 2 0 1 0 GND_AN6
A 10 330 10 0 2 0 PINTYPE=BI
P 150 0 340 50 340 0 2 0
A 45 340 10 0 9 0 #=AN9
L 55 340 10 0 2 0 1 0 GND_AN9
A 10 340 10 0 2 0 PINTYPE=BI
P 151 0 350 50 350 0 2 0
A 45 350 10 0 9 0 #=AP12
L 55 350 10 0 2 0 1 0 GND_AP12
A 10 350 10 0 2 0 PINTYPE=BI
P 152 0 360 50 360 0 2 0
A 45 360 10 0 9 0 #=AP22
L 55 360 10 0 2 0 1 0 GND_AP22
A 10 360 10 0 2 0 PINTYPE=BI
P 153 0 370 50 370 0 2 0
A 45 370 10 0 9 0 #=AP32
L 55 370 10 0 2 0 1 0 GND_AP32
A 10 370 10 0 2 0 PINTYPE=BI
P 154 0 380 50 380 0 2 0
A 45 380 10 0 9 0 #=AP4
L 55 380 10 0 2 0 1 0 GND_AP4
A 10 380 10 0 2 0 PINTYPE=BI
P 155 0 390 50 390 0 2 0
A 45 390 10 0 9 0 #=AP42
L 55 390 10 0 2 0 1 0 GND_AP42
A 10 390 10 0 2 0 PINTYPE=BI
P 156 0 400 50 400 0 2 0
A 45 400 10 0 9 0 #=AP7
L 55 400 10 0 2 0 1 0 GND_AP7
A 10 400 10 0 2 0 PINTYPE=BI
P 157 0 410 50 410 0 2 0
A 45 410 10 0 9 0 #=AP9
L 55 410 10 0 2 0 1 0 GND_AP9
A 10 410 10 0 2 0 PINTYPE=BI
P 158 0 420 50 420 0 2 0
A 45 420 10 0 9 0 #=AR1
L 55 420 10 0 2 0 1 0 GND_AR1
A 10 420 10 0 2 0 PINTYPE=BI
P 159 0 430 50 430 0 2 0
A 45 430 10 0 9 0 #=AR19
L 55 430 10 0 2 0 1 0 GND_AR19
A 10 430 10 0 2 0 PINTYPE=BI
P 160 0 440 50 440 0 2 0
A 45 440 10 0 9 0 #=AR2
L 55 440 10 0 2 0 1 0 GND_AR2
A 10 440 10 0 2 0 PINTYPE=BI
P 161 0 450 50 450 0 2 0
A 45 450 10 0 9 0 #=AR29
L 55 450 10 0 2 0 1 0 GND_AR29
A 10 450 10 0 2 0 PINTYPE=BI
P 162 0 460 50 460 0 2 0
A 45 460 10 0 9 0 #=AR39
L 55 460 10 0 2 0 1 0 GND_AR39
A 10 460 10 0 2 0 PINTYPE=BI
P 163 0 470 50 470 0 2 0
A 45 470 10 0 9 0 #=AR5
L 55 470 10 0 2 0 1 0 GND_AR5
A 10 470 10 0 2 0 PINTYPE=BI
P 164 0 480 50 480 0 2 0
A 45 480 10 0 9 0 #=AR6
L 55 480 10 0 2 0 1 0 GND_AR6
A 10 480 10 0 2 0 PINTYPE=BI
P 165 0 490 50 490 0 2 0
A 45 490 10 0 9 0 #=AR9
L 55 490 10 0 2 0 1 0 GND_AR9
A 10 490 10 0 2 0 PINTYPE=BI
P 166 0 500 50 500 0 2 0
A 45 500 10 0 9 0 #=AT16
L 55 500 10 0 2 0 1 0 GND_AT16
A 10 500 10 0 2 0 PINTYPE=BI
P 167 0 510 50 510 0 2 0
A 45 510 10 0 9 0 #=AT26
L 55 510 10 0 2 0 1 0 GND_AT26
A 10 510 10 0 2 0 PINTYPE=BI
P 168 0 520 50 520 0 2 0
A 45 520 10 0 9 0 #=AT3
L 55 520 10 0 2 0 1 0 GND_AT3
A 10 520 10 0 2 0 PINTYPE=BI
P 169 0 530 50 530 0 2 0
A 45 530 10 0 9 0 #=AT36
L 55 530 10 0 2 0 1 0 GND_AT36
A 10 530 10 0 2 0 PINTYPE=BI
P 170 0 540 50 540 0 2 0
A 45 540 10 0 9 0 #=AT4
L 55 540 10 0 2 0 1 0 GND_AT4
A 10 540 10 0 2 0 PINTYPE=BI
P 171 0 550 50 550 0 2 0
A 45 550 10 0 9 0 #=AT7
L 55 550 10 0 2 0 1 0 GND_AT7
A 10 550 10 0 2 0 PINTYPE=BI
P 172 0 560 50 560 0 2 0
A 45 560 10 0 9 0 #=AT9
L 55 560 10 0 2 0 1 0 GND_AT9
A 10 560 10 0 2 0 PINTYPE=BI
P 173 0 570 50 570 0 2 0
A 45 570 10 0 9 0 #=AU1
L 55 570 10 0 2 0 1 0 GND_AU1
A 10 570 10 0 2 0 PINTYPE=BI
P 174 0 580 50 580 0 2 0
A 45 580 10 0 9 0 #=AU13
L 55 580 10 0 2 0 1 0 GND_AU13
A 10 580 10 0 2 0 PINTYPE=BI
P 175 0 590 50 590 0 2 0
A 45 590 10 0 9 0 #=AU2
L 55 590 10 0 2 0 1 0 GND_AU2
A 10 590 10 0 2 0 PINTYPE=BI
P 176 0 600 50 600 0 2 0
A 45 600 10 0 9 0 #=AU23
L 55 600 10 0 2 0 1 0 GND_AU23
A 10 600 10 0 2 0 PINTYPE=BI
P 177 0 610 50 610 0 2 0
A 45 610 10 0 9 0 #=AU33
L 55 610 10 0 2 0 1 0 GND_AU33
A 10 610 10 0 2 0 PINTYPE=BI
P 178 0 620 50 620 0 2 0
A 45 620 10 0 9 0 #=AU43
L 55 620 10 0 2 0 1 0 GND_AU43
A 10 620 10 0 2 0 PINTYPE=BI
P 179 0 630 50 630 0 2 0
A 45 630 10 0 9 0 #=AU6
L 55 630 10 0 2 0 1 0 GND_AU6
A 10 630 10 0 2 0 PINTYPE=BI
P 180 0 640 50 640 0 2 0
A 45 640 10 0 9 0 #=AU9
L 55 640 10 0 2 0 1 0 GND_AU9
A 10 640 10 0 2 0 PINTYPE=BI
P 181 0 650 50 650 0 2 0
A 45 650 10 0 9 0 #=AV10
L 55 650 10 0 2 0 1 0 GND_AV10
A 10 650 10 0 2 0 PINTYPE=BI
P 182 0 660 50 660 0 2 0
A 45 660 10 0 9 0 #=AV20
L 55 660 10 0 2 0 1 0 GND_AV20
A 10 660 10 0 2 0 PINTYPE=BI
P 183 0 670 50 670 0 2 0
A 45 670 10 0 9 0 #=AV30
L 55 670 10 0 2 0 1 0 GND_AV30
A 10 670 10 0 2 0 PINTYPE=BI
P 184 0 680 50 680 0 2 0
A 45 680 10 0 9 0 #=AV4
L 55 680 10 0 2 0 1 0 GND_AV4
A 10 680 10 0 2 0 PINTYPE=BI
P 185 0 690 50 690 0 2 0
A 45 690 10 0 9 0 #=AV40
L 55 690 10 0 2 0 1 0 GND_AV40
A 10 690 10 0 2 0 PINTYPE=BI
P 186 0 700 50 700 0 2 0
A 45 700 10 0 9 0 #=AV7
L 55 700 10 0 2 0 1 0 GND_AV7
A 10 700 10 0 2 0 PINTYPE=BI
P 187 0 710 50 710 0 2 0
A 45 710 10 0 9 0 #=AV9
L 55 710 10 0 2 0 1 0 GND_AV9
A 10 710 10 0 2 0 PINTYPE=BI
P 188 0 720 50 720 0 2 0
A 45 720 10 0 9 0 #=AW1
L 55 720 10 0 2 0 1 0 GND_AW1
A 10 720 10 0 2 0 PINTYPE=BI
P 189 0 730 50 730 0 2 0
A 45 730 10 0 9 0 #=AW17
L 55 730 10 0 2 0 1 0 GND_AW17
A 10 730 10 0 2 0 PINTYPE=BI
P 190 0 740 50 740 0 2 0
A 45 740 10 0 9 0 #=AW2
L 55 740 10 0 2 0 1 0 GND_AW2
A 10 740 10 0 2 0 PINTYPE=BI
P 191 0 750 50 750 0 2 0
A 45 750 10 0 9 0 #=AW27
L 55 750 10 0 2 0 1 0 GND_AW27
A 10 750 10 0 2 0 PINTYPE=BI
P 192 0 760 50 760 0 2 0
A 45 760 10 0 9 0 #=AW37
L 55 760 10 0 2 0 1 0 GND_AW37
A 10 760 10 0 2 0 PINTYPE=BI
P 193 0 770 50 770 0 2 0
A 45 770 10 0 9 0 #=AW5
L 55 770 10 0 2 0 1 0 GND_AW5
A 10 770 10 0 2 0 PINTYPE=BI
P 194 0 780 50 780 0 2 0
A 45 780 10 0 9 0 #=AW6
L 55 780 10 0 2 0 1 0 GND_AW6
A 10 780 10 0 2 0 PINTYPE=BI
P 195 0 790 50 790 0 2 0
A 45 790 10 0 9 0 #=AW9
L 55 790 10 0 2 0 1 0 GND_AW9
A 10 790 10 0 2 0 PINTYPE=BI
P 196 0 800 50 800 0 2 0
A 45 800 10 0 9 0 #=AY14
L 55 800 10 0 2 0 1 0 GND_AY14
A 10 800 10 0 2 0 PINTYPE=BI
P 197 0 810 50 810 0 2 0
A 45 810 10 0 9 0 #=AY24
L 55 810 10 0 2 0 1 0 GND_AY24
A 10 810 10 0 2 0 PINTYPE=BI
P 198 0 820 50 820 0 2 0
A 45 820 10 0 9 0 #=AY3
L 55 820 10 0 2 0 1 0 GND_AY3
A 10 820 10 0 2 0 PINTYPE=BI
P 199 0 830 50 830 0 2 0
A 45 830 10 0 9 0 #=AY34
L 55 830 10 0 2 0 1 0 GND_AY34
A 10 830 10 0 2 0 PINTYPE=BI
P 200 0 840 50 840 0 2 0
A 45 840 10 0 9 0 #=AY4
L 55 840 10 0 2 0 1 0 GND_AY4
A 10 840 10 0 2 0 PINTYPE=BI
P 201 0 850 50 850 0 2 0
A 45 850 10 0 9 0 #=AY44
L 55 850 10 0 2 0 1 0 GND_AY44
A 10 850 10 0 2 0 PINTYPE=BI
P 202 0 860 50 860 0 2 0
A 45 860 10 0 9 0 #=AY7
L 55 860 10 0 2 0 1 0 GND_AY7
A 10 860 10 0 2 0 PINTYPE=BI
P 203 0 870 50 870 0 2 0
A 45 870 10 0 9 0 #=AY9
L 55 870 10 0 2 0 1 0 GND_AY9
A 10 870 10 0 2 0 PINTYPE=BI
P 204 0 880 50 880 0 2 0
A 45 880 10 0 9 0 #=B18
L 55 880 10 0 2 0 1 0 GND_B18
A 10 880 10 0 2 0 PINTYPE=BI
P 205 0 890 50 890 0 2 0
A 45 890 10 0 9 0 #=B28
L 55 890 10 0 2 0 1 0 GND_B28
A 10 890 10 0 2 0 PINTYPE=BI
P 206 0 900 50 900 0 2 0
A 45 900 10 0 9 0 #=B38
L 55 900 10 0 2 0 1 0 GND_B38
A 10 900 10 0 2 0 PINTYPE=BI
P 207 0 910 50 910 0 2 0
A 45 910 10 0 9 0 #=B8
L 55 910 10 0 2 0 1 0 GND_B8
A 10 910 10 0 2 0 PINTYPE=BI
P 208 0 920 50 920 0 2 0
A 45 920 10 0 9 0 #=BA1
L 55 920 10 0 2 0 1 0 GND_BA1
A 10 920 10 0 2 0 PINTYPE=BI
P 209 0 930 50 930 0 2 0
A 45 930 10 0 9 0 #=BA11
L 55 930 10 0 2 0 1 0 GND_BA11
A 10 930 10 0 2 0 PINTYPE=BI
P 210 0 940 50 940 0 2 0
A 45 940 10 0 9 0 #=BA2
L 55 940 10 0 2 0 1 0 GND_BA2
A 10 940 10 0 2 0 PINTYPE=BI
P 211 0 950 50 950 0 2 0
A 45 950 10 0 9 0 #=BA21
L 55 950 10 0 2 0 1 0 GND_BA21
A 10 950 10 0 2 0 PINTYPE=BI
P 212 0 960 50 960 0 2 0
A 45 960 10 0 9 0 #=BA31
L 55 960 10 0 2 0 1 0 GND_BA31
A 10 960 10 0 2 0 PINTYPE=BI
P 213 0 970 50 970 0 2 0
A 45 970 10 0 9 0 #=BA41
L 55 970 10 0 2 0 1 0 GND_BA41
A 10 970 10 0 2 0 PINTYPE=BI
P 214 0 980 50 980 0 2 0
A 45 980 10 0 9 0 #=BA6
L 55 980 10 0 2 0 1 0 GND_BA6
A 10 980 10 0 2 0 PINTYPE=BI
P 215 0 990 50 990 0 2 0
A 45 990 10 0 9 0 #=BA9
L 55 990 10 0 2 0 1 0 GND_BA9
A 10 990 10 0 2 0 PINTYPE=BI
P 216 0 1000 50 1000 0 2 0
A 45 1000 10 0 9 0 #=BB18
L 55 1000 10 0 2 0 1 0 GND_BB18
A 10 1000 10 0 2 0 PINTYPE=BI
P 217 0 1010 50 1010 0 2 0
A 45 1010 10 0 9 0 #=BB28
L 55 1010 10 0 2 0 1 0 GND_BB28
A 10 1010 10 0 2 0 PINTYPE=BI
P 218 0 1020 50 1020 0 2 0
A 45 1020 10 0 9 0 #=BB38
L 55 1020 10 0 2 0 1 0 GND_BB38
A 10 1020 10 0 2 0 PINTYPE=BI
P 219 0 1030 50 1030 0 2 0
A 45 1030 10 0 9 0 #=BB4
L 55 1030 10 0 2 0 1 0 GND_BB4
A 10 1030 10 0 2 0 PINTYPE=BI
P 220 0 1040 50 1040 0 2 0
A 45 1040 10 0 9 0 #=BB7
L 55 1040 10 0 2 0 1 0 GND_BB7
A 10 1040 10 0 2 0 PINTYPE=BI
P 221 0 1050 50 1050 0 2 0
A 45 1050 10 0 9 0 #=BB9
L 55 1050 10 0 2 0 1 0 GND_BB9
A 10 1050 10 0 2 0 PINTYPE=BI
P 222 0 1060 50 1060 0 2 0
A 45 1060 10 0 9 0 #=BC15
L 55 1060 10 0 2 0 1 0 GND_BC15
A 10 1060 10 0 2 0 PINTYPE=BI
P 223 0 1070 50 1070 0 2 0
A 45 1070 10 0 9 0 #=BC2
L 55 1070 10 0 2 0 1 0 GND_BC2
A 10 1070 10 0 2 0 PINTYPE=BI
P 224 0 1080 50 1080 0 2 0
A 45 1080 10 0 9 0 #=BC25
L 55 1080 10 0 2 0 1 0 GND_BC25
A 10 1080 10 0 2 0 PINTYPE=BI
P 225 0 1090 50 1090 0 2 0
A 45 1090 10 0 9 0 #=BC35
L 55 1090 10 0 2 0 1 0 GND_BC35
A 10 1090 10 0 2 0 PINTYPE=BI
P 226 0 1100 50 1100 0 2 0
A 45 1100 10 0 9 0 #=BC5
L 55 1100 10 0 2 0 1 0 GND_BC5
A 10 1100 10 0 2 0 PINTYPE=BI
P 227 0 1110 50 1110 0 2 0
A 45 1110 10 0 9 0 #=BC6
L 55 1110 10 0 2 0 1 0 GND_BC6
A 10 1110 10 0 2 0 PINTYPE=BI
P 228 0 1120 50 1120 0 2 0
A 45 1120 10 0 9 0 #=BC9
L 55 1120 10 0 2 0 1 0 GND_BC9
A 10 1120 10 0 2 0 PINTYPE=BI
P 229 0 1130 50 1130 0 2 0
A 45 1130 10 0 9 0 #=BD12
L 55 1130 10 0 2 0 1 0 GND_BD12
A 10 1130 10 0 2 0 PINTYPE=BI
P 230 0 1140 50 1140 0 2 0
A 45 1140 10 0 9 0 #=BD22
L 55 1140 10 0 2 0 1 0 GND_BD22
A 10 1140 10 0 2 0 PINTYPE=BI
P 231 0 1150 50 1150 0 2 0
A 45 1150 10 0 9 0 #=BD3
L 55 1150 10 0 2 0 1 0 GND_BD3
A 10 1150 10 0 2 0 PINTYPE=BI
P 232 0 1160 50 1160 0 2 0
A 45 1160 10 0 9 0 #=BD32
L 55 1160 10 0 2 0 1 0 GND_BD32
A 10 1160 10 0 2 0 PINTYPE=BI
P 233 0 1170 50 1170 0 2 0
A 45 1170 10 0 9 0 #=BD4
L 55 1170 10 0 2 0 1 0 GND_BD4
A 10 1170 10 0 2 0 PINTYPE=BI
P 234 0 1180 50 1180 0 2 0
A 45 1180 10 0 9 0 #=BD42
L 55 1180 10 0 2 0 1 0 GND_BD42
A 10 1180 10 0 2 0 PINTYPE=BI
P 235 0 1190 50 1190 0 2 0
A 45 1190 10 0 9 0 #=BD7
L 55 1190 10 0 2 0 1 0 GND_BD7
A 10 1190 10 0 2 0 PINTYPE=BI
P 236 0 1200 50 1200 0 2 0
A 45 1200 10 0 9 0 #=BD8
L 55 1200 10 0 2 0 1 0 GND_BD8
A 10 1200 10 0 2 0 PINTYPE=BI
P 237 0 1210 50 1210 0 2 0
A 45 1210 10 0 9 0 #=BD9
L 55 1210 10 0 2 0 1 0 GND_BD9
A 10 1210 10 0 2 0 PINTYPE=BI
P 238 0 1220 50 1220 0 2 0
A 45 1220 10 0 9 0 #=C15
L 55 1220 10 0 2 0 1 0 GND_C15
A 10 1220 10 0 2 0 PINTYPE=BI
P 239 0 1230 50 1230 0 2 0
A 45 1230 10 0 9 0 #=C25
L 55 1230 10 0 2 0 1 0 GND_C25
A 10 1230 10 0 2 0 PINTYPE=BI
P 240 0 1240 50 1240 0 2 0
A 45 1240 10 0 9 0 #=C35
L 55 1240 10 0 2 0 1 0 GND_C35
A 10 1240 10 0 2 0 PINTYPE=BI
P 241 0 1250 50 1250 0 2 0
A 45 1250 10 0 9 0 #=C5
L 55 1250 10 0 2 0 1 0 GND_C5
A 10 1250 10 0 2 0 PINTYPE=BI
P 242 0 1260 50 1260 0 2 0
A 45 1260 10 0 9 0 #=D12
L 55 1260 10 0 2 0 1 0 GND_D12
A 10 1260 10 0 2 0 PINTYPE=BI
P 243 0 1270 50 1270 0 2 0
A 45 1270 10 0 9 0 #=D2
L 55 1270 10 0 2 0 1 0 GND_D2
A 10 1270 10 0 2 0 PINTYPE=BI
P 244 0 1280 50 1280 0 2 0
A 45 1280 10 0 9 0 #=D22
L 55 1280 10 0 2 0 1 0 GND_D22
A 10 1280 10 0 2 0 PINTYPE=BI
P 245 0 1290 50 1290 0 2 0
A 45 1290 10 0 9 0 #=D32
L 55 1290 10 0 2 0 1 0 GND_D32
A 10 1290 10 0 2 0 PINTYPE=BI
P 246 0 1300 50 1300 0 2 0
A 45 1300 10 0 9 0 #=D42
L 55 1300 10 0 2 0 1 0 GND_D42
A 10 1300 10 0 2 0 PINTYPE=BI
P 247 0 1310 50 1310 0 2 0
A 45 1310 10 0 9 0 #=E19
L 55 1310 10 0 2 0 1 0 GND_E19
A 10 1310 10 0 2 0 PINTYPE=BI
P 248 0 1320 50 1320 0 2 0
A 45 1320 10 0 9 0 #=E29
L 55 1320 10 0 2 0 1 0 GND_E29
A 10 1320 10 0 2 0 PINTYPE=BI
P 249 0 1330 50 1330 0 2 0
A 45 1330 10 0 9 0 #=E39
L 55 1330 10 0 2 0 1 0 GND_E39
A 10 1330 10 0 2 0 PINTYPE=BI
P 250 0 1340 50 1340 0 2 0
A 45 1340 10 0 9 0 #=E9
L 55 1340 10 0 2 0 1 0 GND_E9
A 10 1340 10 0 2 0 PINTYPE=BI
T 220 1360 20 0 5 XC7V2000TFLG1925
T 220 1380 20 0 5 BANK GND1
c 70 1400 10
U 50 1430 10 0 3 3 DEVICE=XXXXXX
U 50 30 16 0 3 3 REFDES=U?
U 250 30 10 0 3 3 PKG_TYPE=XXXXXX
U 0 0 10 0 3 0 HETERO=xc7v2000tflg1925_0,xc7v2000tflg1925_11,xc7v2000tflg1925_12,xc7v2000tflg1925_13,xc7v2000tflg1925_14,xc7v2000tflg1925_15,xc7v2000tflg1925_16,xc7v2000tflg1925_17,xc7v2000tflg1925_18,xc7v2000tflg1925_19,xc7v2000tflg1925_20,xc7v2000tflg1925_21,xc7v2000tflg1925_22,xc7v2000tflg1925_31,xc7v2000tflg1925_32,xc7v2000tflg1925_33,xc7v2000tflg1925_34,xc7v2000tflg1925_35,xc7v2000tflg1925_36,xc7v2000tflg1925_37,xc7v2000tflg1925_38,xc7v2000tflg1925_39,xc7v2000tflg1925_40,xc7v2000tflg1925_41,xc7v2000tflg1925_42,xc7v2000tflg1925_112,xc7v2000tflg1925_113,xc7v2000tflg1925_114,xc7v2000tflg1925_115,xc7v2000tflg1925_MGTVCCAUX_G11,xc7v2000tflg1925_MGTVCCAUX_G10,xc7v2000tflg1925_MGTAVCC_G11,xc7v2000tflg1925_MGTAVCC_G10,xc7v2000tflg1925_MGTAVTT_G11,xc7v2000tflg1925_MGTAVTT_G10,xc7v2000tflg1925_GND1,xc7v2000tflg1925_GND2,xc7v2000tflg1925_VCCINT,xc7v2000tflg1925_VCCAUX,xc7v2000tflg1925_VCCAUX_IO_G0,xc7v2000tflg1925_VCCAUX_IO_G1,xc7v2000tflg1925_VCCAUX_IO_G2,xc7v2000tflg1925_VCCAUX_IO_G3,xc7v2000tflg1925_VCCAUX_IO_G4,xc7v2000tflg1925_VCCAUX_IO_G5,xc7v2000tflg1925_VCCAUX_IO_G6,xc7v2000tflg1925_VCCAUX_IO_G7,xc7v2000tflg1925_VCCBRAM
U 0 -10 10 0 3 0 PARTS=1
U 0 -20 10 0 3 0 LEVEL=STD
U 0 -30 10 0 3 0 DATE=2011_04_21
E
