V 50
K 153165148200 xc7vx1140tflg1930
Y 1
D 0 0 400 780
Z 10
i 946
b 50 50 350 730
P 1 0 100 50 100 0 2 0
A 45 100 10 0 9 0 #=AN41
L 55 100 10 0 2 0 1 0 VCCO_15_AN41
A 10 100 10 0 2 0 PINTYPE=BI
P 2 0 110 50 110 0 2 0
A 45 110 10 0 9 0 #=AM44
L 55 110 10 0 2 0 1 0 VCCO_15_AM44
A 10 110 10 0 2 0 PINTYPE=BI
P 3 0 120 50 120 0 2 0
A 45 120 10 0 9 0 #=AM34
L 55 120 10 0 2 0 1 0 VCCO_15_AM34
A 10 120 10 0 2 0 PINTYPE=BI
P 4 0 130 50 130 0 2 0
A 45 130 10 0 9 0 #=AL37
L 55 130 10 0 2 0 1 0 VCCO_15_AL37
A 10 130 10 0 2 0 PINTYPE=BI
P 5 0 140 50 140 0 2 0
A 45 140 10 0 9 0 #=AK40
L 55 140 10 0 2 0 1 0 VCCO_15_AK40
A 10 140 10 0 2 0 PINTYPE=BI
P 6 0 150 50 150 0 2 0
A 45 150 10 0 9 0 #=AJ33
L 55 150 10 0 2 0 1 0 VCCO_15_AJ33
A 10 150 10 0 2 0 PINTYPE=BI
P 7 400 100 350 100 0 3 0
A 355 100 10 0 3 0 #=AN32
L 345 100 10 0 8 0 1 0 IO_25_VRP_15_AN32
A 405 100 10 0 2 0 PINTYPE=BI
P 8 400 110 350 110 0 3 0
A 355 110 10 0 3 0 #=AN34
L 345 110 10 0 8 0 1 0 IO_L24N_T3_RS0_15_AN34
A 405 110 10 0 2 0 PINTYPE=BI
P 9 400 120 350 120 0 3 0
A 355 120 10 0 3 0 #=AN33
L 345 120 10 0 8 0 1 0 IO_L24P_T3_RS1_15_AN33
A 405 120 10 0 2 0 PINTYPE=BI
P 10 400 130 350 130 0 3 0
A 355 130 10 0 3 0 #=AL34
L 345 130 10 0 8 0 1 0 IO_L23N_T3_FWE_B_15_AL34
A 405 130 10 0 2 0 PINTYPE=BI
P 11 400 140 350 140 0 3 0
A 355 140 10 0 3 0 #=AL33
L 345 140 10 0 8 0 1 0 IO_L23P_T3_FOE_B_15_AL33
A 405 140 10 0 2 0 PINTYPE=BI
P 12 400 150 350 150 0 3 0
A 355 150 10 0 3 0 #=AM33
L 345 150 10 0 8 0 1 0 IO_L22N_T3_A16_15_AM33
A 405 150 10 0 2 0 PINTYPE=BI
P 13 400 160 350 160 0 3 0
A 355 160 10 0 3 0 #=AM32
L 345 160 10 0 8 0 1 0 IO_L22P_T3_A17_15_AM32
A 405 160 10 0 2 0 PINTYPE=BI
P 14 400 170 350 170 0 3 0
A 355 170 10 0 3 0 #=AJ32
L 345 170 10 0 8 0 1 0 IO_L21N_T3_DQS_A18_15_AJ32
A 405 170 10 0 2 0 PINTYPE=BI
P 15 400 180 350 180 0 3 0
A 355 180 10 0 3 0 #=AH32
L 345 180 10 0 8 0 1 0 IO_L21P_T3_DQS_15_AH32
A 405 180 10 0 2 0 PINTYPE=BI
P 16 400 190 350 190 0 3 0
A 355 190 10 0 3 0 #=AK33
L 345 190 10 0 8 0 1 0 IO_L20N_T3_A19_15_AK33
A 405 190 10 0 2 0 PINTYPE=BI
P 17 400 200 350 200 0 3 0
A 355 200 10 0 3 0 #=AK32
L 345 200 10 0 8 0 1 0 IO_L20P_T3_A20_15_AK32
A 405 200 10 0 2 0 PINTYPE=BI
P 18 400 210 350 210 0 3 0
A 355 210 10 0 3 0 #=AK34
L 345 210 10 0 8 0 1 0 IO_L19N_T3_A21_VREF_15_AK34
A 405 210 10 0 2 0 PINTYPE=BI
P 19 400 220 350 220 0 3 0
A 355 220 10 0 3 0 #=AJ34
L 345 220 10 0 8 0 1 0 IO_L19P_T3_A22_15_AJ34
A 405 220 10 0 2 0 PINTYPE=BI
P 20 400 230 350 230 0 3 0
A 355 230 10 0 3 0 #=AM36
L 345 230 10 0 8 0 1 0 IO_L18N_T2_A23_15_AM36
A 405 230 10 0 2 0 PINTYPE=BI
P 21 400 240 350 240 0 3 0
A 355 240 10 0 3 0 #=AL35
L 345 240 10 0 8 0 1 0 IO_L18P_T2_A24_15_AL35
A 405 240 10 0 2 0 PINTYPE=BI
P 22 400 250 350 250 0 3 0
A 355 250 10 0 3 0 #=AN35
L 345 250 10 0 8 0 1 0 IO_L17N_T2_A25_15_AN35
A 405 250 10 0 2 0 PINTYPE=BI
P 23 400 260 350 260 0 3 0
A 355 260 10 0 3 0 #=AM35
L 345 260 10 0 8 0 1 0 IO_L17P_T2_A26_15_AM35
A 405 260 10 0 2 0 PINTYPE=BI
P 24 400 270 350 270 0 3 0
A 355 270 10 0 3 0 #=AL36
L 345 270 10 0 8 0 1 0 IO_L16N_T2_A27_15_AL36
A 405 270 10 0 2 0 PINTYPE=BI
P 25 400 280 350 280 0 3 0
A 355 280 10 0 3 0 #=AK36
L 345 280 10 0 8 0 1 0 IO_L16P_T2_A28_15_AK36
A 405 280 10 0 2 0 PINTYPE=BI
P 26 400 290 350 290 0 3 0
A 355 290 10 0 3 0 #=AP37
L 345 290 10 0 8 0 1 0 IO_L15N_T2_DQS_ADV_B_15_AP37
A 405 290 10 0 2 0 PINTYPE=BI
P 27 400 300 350 300 0 3 0
A 355 300 10 0 3 0 #=AN37
L 345 300 10 0 8 0 1 0 IO_L15P_T2_DQS_15_AN37
A 405 300 10 0 2 0 PINTYPE=BI
P 28 400 310 350 310 0 3 0
A 355 310 10 0 3 0 #=AM38
L 345 310 10 0 8 0 1 0 IO_L14N_T2_SRCC_15_AM38
A 405 310 10 0 2 0 PINTYPE=BI
P 29 400 320 350 320 0 3 0
A 355 320 10 0 3 0 #=AM37
L 345 320 10 0 8 0 1 0 IO_L14P_T2_SRCC_15_AM37
A 405 320 10 0 2 0 PINTYPE=BI
P 30 400 330 350 330 0 3 0
A 355 330 10 0 3 0 #=AK37
L 345 330 10 0 8 0 1 0 IO_L13N_T2_MRCC_15_AK37
A 405 330 10 0 2 0 PINTYPE=BI
P 31 400 340 350 340 0 3 0
A 355 340 10 0 3 0 #=AJ36
L 345 340 10 0 8 0 1 0 IO_L13P_T2_MRCC_15_AJ36
A 405 340 10 0 2 0 PINTYPE=BI
P 32 400 350 350 350 0 3 0
A 355 350 10 0 3 0 #=AN39
L 345 350 10 0 8 0 1 0 IO_L12N_T1_MRCC_15_AN39
A 405 350 10 0 2 0 PINTYPE=BI
P 33 400 360 350 360 0 3 0
A 355 360 10 0 3 0 #=AN38
L 345 360 10 0 8 0 1 0 IO_L12P_T1_MRCC_15_AN38
A 405 360 10 0 2 0 PINTYPE=BI
P 34 400 370 350 370 0 3 0
A 355 370 10 0 3 0 #=AL38
L 345 370 10 0 8 0 1 0 IO_L11N_T1_SRCC_15_AL38
A 405 370 10 0 2 0 PINTYPE=BI
P 35 400 380 350 380 0 3 0
A 355 380 10 0 3 0 #=AK38
L 345 380 10 0 8 0 1 0 IO_L11P_T1_SRCC_15_AK38
A 405 380 10 0 2 0 PINTYPE=BI
P 36 400 390 350 390 0 3 0
A 355 390 10 0 3 0 #=AP40
L 345 390 10 0 8 0 1 0 IO_L10N_T1_AD11N_15_AP40
A 405 390 10 0 2 0 PINTYPE=BI
P 37 400 400 350 400 0 3 0
A 355 400 10 0 3 0 #=AP39
L 345 400 10 0 8 0 1 0 IO_L10P_T1_AD11P_15_AP39
A 405 400 10 0 2 0 PINTYPE=BI
P 38 400 410 350 410 0 3 0
A 355 410 10 0 3 0 #=AL39
L 345 410 10 0 8 0 1 0 IO_L9N_T1_DQS_AD3N_15_AL39
A 405 410 10 0 2 0 PINTYPE=BI
P 39 400 420 350 420 0 3 0
A 355 420 10 0 3 0 #=AK39
L 345 420 10 0 8 0 1 0 IO_L9P_T1_DQS_AD3P_15_AK39
A 405 420 10 0 2 0 PINTYPE=BI
P 40 400 430 350 430 0 3 0
A 355 430 10 0 3 0 #=AP41
L 345 430 10 0 8 0 1 0 IO_L8N_T1_AD10N_15_AP41
A 405 430 10 0 2 0 PINTYPE=BI
P 41 400 440 350 440 0 3 0
A 355 440 10 0 3 0 #=AN40
L 345 440 10 0 8 0 1 0 IO_L8P_T1_AD10P_15_AN40
A 405 440 10 0 2 0 PINTYPE=BI
P 42 400 450 350 450 0 3 0
A 355 450 10 0 3 0 #=AM40
L 345 450 10 0 8 0 1 0 IO_L7N_T1_AD2N_15_AM40
A 405 450 10 0 2 0 PINTYPE=BI
P 43 400 460 350 460 0 3 0
A 355 460 10 0 3 0 #=AL40
L 345 460 10 0 8 0 1 0 IO_L7P_T1_AD2P_15_AL40
A 405 460 10 0 2 0 PINTYPE=BI
P 44 400 470 350 470 0 3 0
A 355 470 10 0 3 0 #=AL41
L 345 470 10 0 8 0 1 0 IO_L6N_T0_VREF_15_AL41
A 405 470 10 0 2 0 PINTYPE=BI
P 45 400 480 350 480 0 3 0
A 355 480 10 0 3 0 #=AK41
L 345 480 10 0 8 0 1 0 IO_L6P_T0_15_AK41
A 405 480 10 0 2 0 PINTYPE=BI
P 46 400 490 350 490 0 3 0
A 355 490 10 0 3 0 #=AN43
L 345 490 10 0 8 0 1 0 IO_L5N_T0_AD9N_15_AN43
A 405 490 10 0 2 0 PINTYPE=BI
P 47 400 500 350 500 0 3 0
A 355 500 10 0 3 0 #=AM43
L 345 500 10 0 8 0 1 0 IO_L5P_T0_AD9P_15_AM43
A 405 500 10 0 2 0 PINTYPE=BI
P 48 400 510 350 510 0 3 0
A 355 510 10 0 3 0 #=AP42
L 345 510 10 0 8 0 1 0 IO_L4N_T0_15_AP42
A 405 510 10 0 2 0 PINTYPE=BI
P 49 400 520 350 520 0 3 0
A 355 520 10 0 3 0 #=AN42
L 345 520 10 0 8 0 1 0 IO_L4P_T0_15_AN42
A 405 520 10 0 2 0 PINTYPE=BI
P 50 400 530 350 530 0 3 0
A 355 530 10 0 3 0 #=AP44
L 345 530 10 0 8 0 1 0 IO_L3N_T0_DQS_AD1N_15_AP44
A 405 530 10 0 2 0 PINTYPE=BI
P 51 400 540 350 540 0 3 0
A 355 540 10 0 3 0 #=AN44
L 345 540 10 0 8 0 1 0 IO_L3P_T0_DQS_AD1P_15_AN44
A 405 540 10 0 2 0 PINTYPE=BI
P 52 400 550 350 550 0 3 0
A 355 550 10 0 3 0 #=AM42
L 345 550 10 0 8 0 1 0 IO_L2N_T0_AD8N_15_AM42
A 405 550 10 0 2 0 PINTYPE=BI
P 53 400 560 350 560 0 3 0
A 355 560 10 0 3 0 #=AM41
L 345 560 10 0 8 0 1 0 IO_L2P_T0_AD8P_15_AM41
A 405 560 10 0 2 0 PINTYPE=BI
P 54 400 570 350 570 0 3 0
A 355 570 10 0 3 0 #=AL44
L 345 570 10 0 8 0 1 0 IO_L1N_T0_AD0N_15_AL44
A 405 570 10 0 2 0 PINTYPE=BI
P 55 400 580 350 580 0 3 0
A 355 580 10 0 3 0 #=AL43
L 345 580 10 0 8 0 1 0 IO_L1P_T0_AD0P_15_AL43
A 405 580 10 0 2 0 PINTYPE=BI
P 56 400 590 350 590 0 3 0
A 355 590 10 0 3 0 #=AJ35
L 345 590 10 0 8 0 1 0 IO_0_VRN_15_AJ35
A 405 590 10 0 2 0 PINTYPE=BI
T 220 610 20 0 5 XC7VX1140TFLG1930
T 220 630 20 0 5 BANK 15
c 70 710 10
U 50 740 10 0 3 3 DEVICE=XXXXXX
U 50 30 16 0 3 3 REFDES=U?
U 250 30 10 0 3 3 PKG_TYPE=XXXXXX
U 0 0 10 0 3 0 HETERO=xc7vx1140tflg1930_0,xc7vx1140tflg1930_10,xc7vx1140tflg1930_11,xc7vx1140tflg1930_12,xc7vx1140tflg1930_13,xc7vx1140tflg1930_14,xc7vx1140tflg1930_15,xc7vx1140tflg1930_16,xc7vx1140tflg1930_17,xc7vx1140tflg1930_18,xc7vx1140tflg1930_19,xc7vx1140tflg1930_20,xc7vx1140tflg1930_21,xc7vx1140tflg1930_30,xc7vx1140tflg1930_31,xc7vx1140tflg1930_32,xc7vx1140tflg1930_33,xc7vx1140tflg1930_34,xc7vx1140tflg1930_35,xc7vx1140tflg1930_36,xc7vx1140tflg1930_37,xc7vx1140tflg1930_38,xc7vx1140tflg1930_39,xc7vx1140tflg1930_113,xc7vx1140tflg1930_114,xc7vx1140tflg1930_115,xc7vx1140tflg1930_116,xc7vx1140tflg1930_117,xc7vx1140tflg1930_118,xc7vx1140tflg1930_MGTAVCC_G11,xc7vx1140tflg1930_MGTAVCC_G10,xc7vx1140tflg1930_MGTAVTT_G11,xc7vx1140tflg1930_MGTAVTT_G10,xc7vx1140tflg1930_MGTVCCAUX_G11,xc7vx1140tflg1930_MGTVCCAUX_G10,xc7vx1140tflg1930_GND1,xc7vx1140tflg1930_GND2,xc7vx1140tflg1930_VCCINT,xc7vx1140tflg1930_VCCAUX,xc7vx1140tflg1930_VCCAUX_IO_G0,xc7vx1140tflg1930_VCCAUX_IO_G1,xc7vx1140tflg1930_VCCAUX_IO_G2,xc7vx1140tflg1930_VCCAUX_IO_G3,xc7vx1140tflg1930_VCCAUX_IO_G4,xc7vx1140tflg1930_VCCAUX_IO_G5,xc7vx1140tflg1930_VCCAUX_IO_G6,xc7vx1140tflg1930_VCCAUX_IO_G7,xc7vx1140tflg1930_VCCBRAM
U 0 -10 10 0 3 0 PARTS=1
U 0 -20 10 0 3 0 LEVEL=STD
U 0 -30 10 0 3 0 DATE=2011_05_16
E
