V 50
K 153165148200 xc7vx1140tflg1930
Y 1
D 0 0 400 780
Z 10
i 946
b 50 50 350 730
P 1 0 100 50 100 0 2 0
A 45 100 10 0 9 0 #=J43
L 55 100 10 0 2 0 1 0 VCCO_20_J43
A 10 100 10 0 2 0 PINTYPE=BI
P 2 0 110 50 110 0 2 0
A 45 110 10 0 9 0 #=J33
L 55 110 10 0 2 0 1 0 VCCO_20_J33
A 10 110 10 0 2 0 PINTYPE=BI
P 3 0 120 50 120 0 2 0
A 45 120 10 0 9 0 #=H36
L 55 120 10 0 2 0 1 0 VCCO_20_H36
A 10 120 10 0 2 0 PINTYPE=BI
P 4 0 130 50 130 0 2 0
A 45 130 10 0 9 0 #=G39
L 55 130 10 0 2 0 1 0 VCCO_20_G39
A 10 130 10 0 2 0 PINTYPE=BI
P 5 0 140 50 140 0 2 0
A 45 140 10 0 9 0 #=F32
L 55 140 10 0 2 0 1 0 VCCO_20_F32
A 10 140 10 0 2 0 PINTYPE=BI
P 6 0 150 50 150 0 2 0
A 45 150 10 0 9 0 #=E35
L 55 150 10 0 2 0 1 0 VCCO_20_E35
A 10 150 10 0 2 0 PINTYPE=BI
P 7 400 100 350 100 0 3 0
A 355 100 10 0 3 0 #=H33
L 345 100 10 0 8 0 1 0 IO_25_VRP_20_H33
A 405 100 10 0 2 0 PINTYPE=BI
P 8 400 110 350 110 0 3 0
A 355 110 10 0 3 0 #=H43
L 345 110 10 0 8 0 1 0 IO_L24N_T3_A00_D16_20_H43
A 405 110 10 0 2 0 PINTYPE=BI
P 9 400 120 350 120 0 3 0
A 355 120 10 0 3 0 #=H42
L 345 120 10 0 8 0 1 0 IO_L24P_T3_A01_D17_20_H42
A 405 120 10 0 2 0 PINTYPE=BI
P 10 400 130 350 130 0 3 0
A 355 130 10 0 3 0 #=G43
L 345 130 10 0 8 0 1 0 IO_L23N_T3_A02_D18_20_G43
A 405 130 10 0 2 0 PINTYPE=BI
P 11 400 140 350 140 0 3 0
A 355 140 10 0 3 0 #=G42
L 345 140 10 0 8 0 1 0 IO_L23P_T3_A03_D19_20_G42
A 405 140 10 0 2 0 PINTYPE=BI
P 12 400 150 350 150 0 3 0
A 355 150 10 0 3 0 #=H44
L 345 150 10 0 8 0 1 0 IO_L22N_T3_A04_D20_20_H44
A 405 150 10 0 2 0 PINTYPE=BI
P 13 400 160 350 160 0 3 0
A 355 160 10 0 3 0 #=J44
L 345 160 10 0 8 0 1 0 IO_L22P_T3_A05_D21_20_J44
A 405 160 10 0 2 0 PINTYPE=BI
P 14 400 170 350 170 0 3 0
A 355 170 10 0 3 0 #=F44
L 345 170 10 0 8 0 1 0 IO_L21N_T3_DQS_A06_D22_20_F44
A 405 170 10 0 2 0 PINTYPE=BI
P 15 400 180 350 180 0 3 0
A 355 180 10 0 3 0 #=F43
L 345 180 10 0 8 0 1 0 IO_L21P_T3_DQS_20_F43
A 405 180 10 0 2 0 PINTYPE=BI
P 16 400 190 350 190 0 3 0
A 355 190 10 0 3 0 #=J42
L 345 190 10 0 8 0 1 0 IO_L20N_T3_A07_D23_20_J42
A 405 190 10 0 2 0 PINTYPE=BI
P 17 400 200 350 200 0 3 0
A 355 200 10 0 3 0 #=J41
L 345 200 10 0 8 0 1 0 IO_L20P_T3_A08_D24_20_J41
A 405 200 10 0 2 0 PINTYPE=BI
P 18 400 210 350 210 0 3 0
A 355 210 10 0 3 0 #=F41
L 345 210 10 0 8 0 1 0 IO_L19N_T3_A09_D25_VREF_20_F41
A 405 210 10 0 2 0 PINTYPE=BI
P 19 400 220 350 220 0 3 0
A 355 220 10 0 3 0 #=G41
L 345 220 10 0 8 0 1 0 IO_L19P_T3_A10_D26_20_G41
A 405 220 10 0 2 0 PINTYPE=BI
P 20 400 230 350 230 0 3 0
A 355 230 10 0 3 0 #=J40
L 345 230 10 0 8 0 1 0 IO_L18N_T2_A11_D27_20_J40
A 405 230 10 0 2 0 PINTYPE=BI
P 21 400 240 350 240 0 3 0
A 355 240 10 0 3 0 #=J39
L 345 240 10 0 8 0 1 0 IO_L18P_T2_A12_D28_20_J39
A 405 240 10 0 2 0 PINTYPE=BI
P 22 400 250 350 250 0 3 0
A 355 250 10 0 3 0 #=F40
L 345 250 10 0 8 0 1 0 IO_L17N_T2_A13_D29_20_F40
A 405 250 10 0 2 0 PINTYPE=BI
P 23 400 260 350 260 0 3 0
A 355 260 10 0 3 0 #=G40
L 345 260 10 0 8 0 1 0 IO_L17P_T2_A14_D30_20_G40
A 405 260 10 0 2 0 PINTYPE=BI
P 24 400 270 350 270 0 3 0
A 355 270 10 0 3 0 #=H40
L 345 270 10 0 8 0 1 0 IO_L16N_T2_A15_D31_20_H40
A 405 270 10 0 2 0 PINTYPE=BI
P 25 400 280 350 280 0 3 0
A 355 280 10 0 3 0 #=H39
L 345 280 10 0 8 0 1 0 IO_L16P_T2_CSI_B_20_H39
A 405 280 10 0 2 0 PINTYPE=BI
P 26 400 290 350 290 0 3 0
A 355 290 10 0 3 0 #=F39
L 345 290 10 0 8 0 1 0 IO_L15N_T2_DQSDOUT_CSOB_20_F39
A 405 290 10 0 2 0 PINTYPE=BI
P 27 400 300 350 300 0 3 0
A 355 300 10 0 3 0 #=F38
L 345 300 10 0 8 0 1 0 IO_L15P_T2_DQS_RDWR_B_20_F38
A 405 300 10 0 2 0 PINTYPE=BI
P 28 400 310 350 310 0 3 0
A 355 310 10 0 3 0 #=G38
L 345 310 10 0 8 0 1 0 IO_L14N_T2_SRCC_20_G38
A 405 310 10 0 2 0 PINTYPE=BI
P 29 400 320 350 320 0 3 0
A 355 320 10 0 3 0 #=H38
L 345 320 10 0 8 0 1 0 IO_L14P_T2_SRCC_20_H38
A 405 320 10 0 2 0 PINTYPE=BI
P 30 400 330 350 330 0 3 0
A 355 330 10 0 3 0 #=H37
L 345 330 10 0 8 0 1 0 IO_L13N_T2_MRCC_20_H37
A 405 330 10 0 2 0 PINTYPE=BI
P 31 400 340 350 340 0 3 0
A 355 340 10 0 3 0 #=J37
L 345 340 10 0 8 0 1 0 IO_L13P_T2_MRCC_20_J37
A 405 340 10 0 2 0 PINTYPE=BI
P 32 400 350 350 350 0 3 0
A 355 350 10 0 3 0 #=G37
L 345 350 10 0 8 0 1 0 IO_L12N_T1_MRCC_20_G37
A 405 350 10 0 2 0 PINTYPE=BI
P 33 400 360 350 360 0 3 0
A 355 360 10 0 3 0 #=G36
L 345 360 10 0 8 0 1 0 IO_L12P_T1_MRCC_20_G36
A 405 360 10 0 2 0 PINTYPE=BI
P 34 400 370 350 370 0 3 0
A 355 370 10 0 3 0 #=J36
L 345 370 10 0 8 0 1 0 IO_L11N_T1_SRCC_20_J36
A 405 370 10 0 2 0 PINTYPE=BI
P 35 400 380 350 380 0 3 0
A 355 380 10 0 3 0 #=J35
L 345 380 10 0 8 0 1 0 IO_L11P_T1_SRCC_20_J35
A 405 380 10 0 2 0 PINTYPE=BI
P 36 400 390 350 390 0 3 0
A 355 390 10 0 3 0 #=F36
L 345 390 10 0 8 0 1 0 IO_L10N_T1_D15_20_F36
A 405 390 10 0 2 0 PINTYPE=BI
P 37 400 400 350 400 0 3 0
A 355 400 10 0 3 0 #=F35
L 345 400 10 0 8 0 1 0 IO_L10P_T1_D14_20_F35
A 405 400 10 0 2 0 PINTYPE=BI
P 38 400 410 350 410 0 3 0
A 355 410 10 0 3 0 #=G35
L 345 410 10 0 8 0 1 0 IO_L9N_T1_DQS_D13_20_G35
A 405 410 10 0 2 0 PINTYPE=BI
P 39 400 420 350 420 0 3 0
A 355 420 10 0 3 0 #=H35
L 345 420 10 0 8 0 1 0 IO_L9P_T1_DQS_20_H35
A 405 420 10 0 2 0 PINTYPE=BI
P 40 400 430 350 430 0 3 0
A 355 430 10 0 3 0 #=E34
L 345 430 10 0 8 0 1 0 IO_L8N_T1_D12_20_E34
A 405 430 10 0 2 0 PINTYPE=BI
P 41 400 440 350 440 0 3 0
A 355 440 10 0 3 0 #=F34
L 345 440 10 0 8 0 1 0 IO_L8P_T1_D11_20_F34
A 405 440 10 0 2 0 PINTYPE=BI
P 42 400 450 350 450 0 3 0
A 355 450 10 0 3 0 #=H34
L 345 450 10 0 8 0 1 0 IO_L7N_T1_D10_20_H34
A 405 450 10 0 2 0 PINTYPE=BI
P 43 400 460 350 460 0 3 0
A 355 460 10 0 3 0 #=J34
L 345 460 10 0 8 0 1 0 IO_L7P_T1_D09_20_J34
A 405 460 10 0 2 0 PINTYPE=BI
P 44 400 470 350 470 0 3 0
A 355 470 10 0 3 0 #=F33
L 345 470 10 0 8 0 1 0 IO_L6N_T0_D08_VREF_20_F33
A 405 470 10 0 2 0 PINTYPE=BI
P 45 400 480 350 480 0 3 0
A 355 480 10 0 3 0 #=G33
L 345 480 10 0 8 0 1 0 IO_L6P_T0_FCS_B_20_G33
A 405 480 10 0 2 0 PINTYPE=BI
P 46 400 490 350 490 0 3 0
A 355 490 10 0 3 0 #=K32
L 345 490 10 0 8 0 1 0 IO_L5N_T0_D07_20_K32
A 405 490 10 0 2 0 PINTYPE=BI
P 47 400 500 350 500 0 3 0
A 355 500 10 0 3 0 #=K31
L 345 500 10 0 8 0 1 0 IO_L5P_T0_D06_20_K31
A 405 500 10 0 2 0 PINTYPE=BI
P 48 400 510 350 510 0 3 0
A 355 510 10 0 3 0 #=E33
L 345 510 10 0 8 0 1 0 IO_L4N_T0_D05_20_E33
A 405 510 10 0 2 0 PINTYPE=BI
P 49 400 520 350 520 0 3 0
A 355 520 10 0 3 0 #=E32
L 345 520 10 0 8 0 1 0 IO_L4P_T0_D04_20_E32
A 405 520 10 0 2 0 PINTYPE=BI
P 50 400 530 350 530 0 3 0
A 355 530 10 0 3 0 #=J32
L 345 530 10 0 8 0 1 0 IO_L3N_T0_DQS_EMCCLK_20_J32
A 405 530 10 0 2 0 PINTYPE=BI
P 51 400 540 350 540 0 3 0
A 355 540 10 0 3 0 #=J31
L 345 540 10 0 8 0 1 0 IO_L3P_T0_DQS_PUDC_B_20_J31
A 405 540 10 0 2 0 PINTYPE=BI
P 52 400 550 350 550 0 3 0
A 355 550 10 0 3 0 #=F31
L 345 550 10 0 8 0 1 0 IO_L2N_T0_D03_20_F31
A 405 550 10 0 2 0 PINTYPE=BI
P 53 400 560 350 560 0 3 0
A 355 560 10 0 3 0 #=G31
L 345 560 10 0 8 0 1 0 IO_L2P_T0_D02_20_G31
A 405 560 10 0 2 0 PINTYPE=BI
P 54 400 570 350 570 0 3 0
A 355 570 10 0 3 0 #=G32
L 345 570 10 0 8 0 1 0 IO_L1N_T0_D01_DIN_20_G32
A 405 570 10 0 2 0 PINTYPE=BI
P 55 400 580 350 580 0 3 0
A 355 580 10 0 3 0 #=H32
L 345 580 10 0 8 0 1 0 IO_L1P_T0_D00_MOSI_20_H32
A 405 580 10 0 2 0 PINTYPE=BI
P 56 400 590 350 590 0 3 0
A 355 590 10 0 3 0 #=E31
L 345 590 10 0 8 0 1 0 IO_0_VRN_20_E31
A 405 590 10 0 2 0 PINTYPE=BI
T 220 610 20 0 5 XC7VX1140TFLG1930
T 220 630 20 0 5 BANK 20_H
c 70 710 10
U 50 740 10 0 3 3 DEVICE=XXXXXX
U 50 30 16 0 3 3 REFDES=U?
U 250 30 10 0 3 3 PKG_TYPE=XXXXXX
U 0 0 10 0 3 0 HETERO=xc7vx1140tflg1930_0_H,xc7vx1140tflg1930_10_H,xc7vx1140tflg1930_11_H,xc7vx1140tflg1930_12_H,xc7vx1140tflg1930_13_H,xc7vx1140tflg1930_14_H,xc7vx1140tflg1930_15_H,xc7vx1140tflg1930_16_H,xc7vx1140tflg1930_17_H,xc7vx1140tflg1930_18_H,xc7vx1140tflg1930_19_H,xc7vx1140tflg1930_20_H,xc7vx1140tflg1930_21_H,xc7vx1140tflg1930_30_H,xc7vx1140tflg1930_31_H,xc7vx1140tflg1930_32_H,xc7vx1140tflg1930_33_H,xc7vx1140tflg1930_34_H,xc7vx1140tflg1930_35_H,xc7vx1140tflg1930_36_H,xc7vx1140tflg1930_37_H,xc7vx1140tflg1930_38_H,xc7vx1140tflg1930_39_H,xc7vx1140tflg1930_GND_H,xc7vx1140tflg1930_VCCINT_H
U 0 -10 10 0 3 0 PARTS=1
U 0 -20 10 0 3 0 LEVEL=STD
U 0 -30 10 0 3 0 DATE=2011_05_16
E
