V 50
K 153165148200 xc7v2000tfhg1761
Y 1
D 0 0 400 380
Z 10
i 946
b 50 50 350 330
P 1 400 100 350 100 0 3 0
A 355 100 10 0 3 0 #=AA10
L 345 100 10 0 8 0 1 0 VCCINT_AA10
A 405 100 10 0 2 0 PINTYPE=BI
P 2 400 110 350 110 0 3 0
A 355 110 10 0 3 0 #=AA28
L 345 110 10 0 8 0 1 0 VCCINT_AA28
A 405 110 10 0 2 0 PINTYPE=BI
P 3 400 120 350 120 0 3 0
A 355 120 10 0 3 0 #=AB11
L 345 120 10 0 8 0 1 0 VCCINT_AB11
A 405 120 10 0 2 0 PINTYPE=BI
P 4 400 130 350 130 0 3 0
A 355 130 10 0 3 0 #=AC28
L 345 130 10 0 8 0 1 0 VCCINT_AC28
A 405 130 10 0 2 0 PINTYPE=BI
P 5 400 140 350 140 0 3 0
A 355 140 10 0 3 0 #=AD11
L 345 140 10 0 8 0 1 0 VCCINT_AD11
A 405 140 10 0 2 0 PINTYPE=BI
P 6 400 150 350 150 0 3 0
A 355 150 10 0 3 0 #=AE10
L 345 150 10 0 8 0 1 0 VCCINT_AE10
A 405 150 10 0 2 0 PINTYPE=BI
P 7 400 160 350 160 0 3 0
A 355 160 10 0 3 0 #=AE28
L 345 160 10 0 8 0 1 0 VCCINT_AE28
A 405 160 10 0 2 0 PINTYPE=BI
P 8 400 170 350 170 0 3 0
A 355 170 10 0 3 0 #=AF11
L 345 170 10 0 8 0 1 0 VCCINT_AF11
A 405 170 10 0 2 0 PINTYPE=BI
P 9 400 180 350 180 0 3 0
A 355 180 10 0 3 0 #=AG28
L 345 180 10 0 8 0 1 0 VCCINT_AG28
A 405 180 10 0 2 0 PINTYPE=BI
P 10 400 190 350 190 0 3 0
A 355 190 10 0 3 0 #=AH11
L 345 190 10 0 8 0 1 0 VCCINT_AH11
A 405 190 10 0 2 0 PINTYPE=BI
P 11 400 200 350 200 0 3 0
A 355 200 10 0 3 0 #=P13
L 345 200 10 0 8 0 1 0 VCCINT_P13
A 405 200 10 0 2 0 PINTYPE=BI
P 12 400 210 350 210 0 3 0
A 355 210 10 0 3 0 #=P15
L 345 210 10 0 8 0 1 0 VCCINT_P15
A 405 210 10 0 2 0 PINTYPE=BI
P 13 400 220 350 220 0 3 0
A 355 220 10 0 3 0 #=P27
L 345 220 10 0 8 0 1 0 VCCINT_P27
A 405 220 10 0 2 0 PINTYPE=BI
P 14 400 230 350 230 0 3 0
A 355 230 10 0 3 0 #=V11
L 345 230 10 0 8 0 1 0 VCCINT_V11
A 405 230 10 0 2 0 PINTYPE=BI
P 15 400 240 350 240 0 3 0
A 355 240 10 0 3 0 #=W28
L 345 240 10 0 8 0 1 0 VCCINT_W28
A 405 240 10 0 2 0 PINTYPE=BI
P 16 400 250 350 250 0 3 0
A 355 250 10 0 3 0 #=Y11
L 345 250 10 0 8 0 1 0 VCCINT_Y11
A 405 250 10 0 2 0 PINTYPE=BI
T 220 270 20 0 5 XC7V2000TFHG1761
T 220 290 20 0 5 BANK VCCINT_H
c 70 310 10
U 50 340 10 0 3 3 DEVICE=XXXXXX
U 50 30 16 0 3 3 REFDES=U?
U 250 30 10 0 3 3 PKG_TYPE=XXXXXX
U 0 0 10 0 3 0 HETERO=xc7v2000tfhg1761_0_H,xc7v2000tfhg1761_12_H,xc7v2000tfhg1761_13_H,xc7v2000tfhg1761_14_H,xc7v2000tfhg1761_15_H,xc7v2000tfhg1761_16_H,xc7v2000tfhg1761_17_H,xc7v2000tfhg1761_18_H,xc7v2000tfhg1761_19_H,xc7v2000tfhg1761_31_H,xc7v2000tfhg1761_32_H,xc7v2000tfhg1761_33_H,xc7v2000tfhg1761_34_H,xc7v2000tfhg1761_35_H,xc7v2000tfhg1761_36_H,xc7v2000tfhg1761_37_H,xc7v2000tfhg1761_38_H,xc7v2000tfhg1761_39_H,xc7v2000tfhg1761_111_H,xc7v2000tfhg1761_112_H,xc7v2000tfhg1761_115_H,xc7v2000tfhg1761_118_H,xc7v2000tfhg1761_119_H,xc7v2000tfhg1761_GND_H,xc7v2000tfhg1761_VCCINT_H
U 0 -10 10 0 3 0 PARTS=1
U 0 -20 10 0 3 0 LEVEL=STD
U 0 -30 10 0 3 0 DATE=2011_03_23
E
