V 50
K 153165148200 xc7vx1140tflg1930
Y 1
D 0 0 400 780
Z 10
i 946
b 50 50 350 730
P 1 0 100 50 100 0 2 0
A 45 100 10 0 9 0 #=F42
L 55 100 10 0 2 0 1 0 VCCO_21_F42
A 10 100 10 0 2 0 PINTYPE=BI
P 2 0 110 50 110 0 2 0
A 45 110 10 0 9 0 #=D38
L 55 110 10 0 2 0 1 0 VCCO_21_D38
A 10 110 10 0 2 0 PINTYPE=BI
P 3 0 120 50 120 0 2 0
A 45 120 10 0 9 0 #=C41
L 55 120 10 0 2 0 1 0 VCCO_21_C41
A 10 120 10 0 2 0 PINTYPE=BI
P 4 0 130 50 130 0 2 0
A 45 130 10 0 9 0 #=C31
L 55 130 10 0 2 0 1 0 VCCO_21_C31
A 10 130 10 0 2 0 PINTYPE=BI
P 5 0 140 50 140 0 2 0
A 45 140 10 0 9 0 #=B34
L 55 140 10 0 2 0 1 0 VCCO_21_B34
A 10 140 10 0 2 0 PINTYPE=BI
P 6 0 150 50 150 0 2 0
A 45 150 10 0 9 0 #=A37
L 55 150 10 0 2 0 1 0 VCCO_21_A37
A 10 150 10 0 2 0 PINTYPE=BI
P 7 400 100 350 100 0 3 0
A 355 100 10 0 3 0 #=D35
L 345 100 10 0 8 0 1 0 IO_25_VRP_21_D35
A 405 100 10 0 2 0 PINTYPE=BI
P 8 400 110 350 110 0 3 0
A 355 110 10 0 3 0 #=E44
L 345 110 10 0 8 0 1 0 IO_L24N_T3_RS0_21_E44
A 405 110 10 0 2 0 PINTYPE=BI
P 9 400 120 350 120 0 3 0
A 355 120 10 0 3 0 #=E43
L 345 120 10 0 8 0 1 0 IO_L24P_T3_RS1_21_E43
A 405 120 10 0 2 0 PINTYPE=BI
P 10 400 130 350 130 0 3 0
A 355 130 10 0 3 0 #=C44
L 345 130 10 0 8 0 1 0 IO_L23N_T3_FWE_B_21_C44
A 405 130 10 0 2 0 PINTYPE=BI
P 11 400 140 350 140 0 3 0
A 355 140 10 0 3 0 #=D44
L 345 140 10 0 8 0 1 0 IO_L23P_T3_FOE_B_21_D44
A 405 140 10 0 2 0 PINTYPE=BI
P 12 400 150 350 150 0 3 0
A 355 150 10 0 3 0 #=C43
L 345 150 10 0 8 0 1 0 IO_L22N_T3_A16_21_C43
A 405 150 10 0 2 0 PINTYPE=BI
P 13 400 160 350 160 0 3 0
A 355 160 10 0 3 0 #=C42
L 345 160 10 0 8 0 1 0 IO_L22P_T3_A17_21_C42
A 405 160 10 0 2 0 PINTYPE=BI
P 14 400 170 350 170 0 3 0
A 355 170 10 0 3 0 #=D42
L 345 170 10 0 8 0 1 0 IO_L21N_T3_DQS_A18_21_D42
A 405 170 10 0 2 0 PINTYPE=BI
P 15 400 180 350 180 0 3 0
A 355 180 10 0 3 0 #=E42
L 345 180 10 0 8 0 1 0 IO_L21P_T3_DQS_21_E42
A 405 180 10 0 2 0 PINTYPE=BI
P 16 400 190 350 190 0 3 0
A 355 190 10 0 3 0 #=B43
L 345 190 10 0 8 0 1 0 IO_L20N_T3_A19_21_B43
A 405 190 10 0 2 0 PINTYPE=BI
P 17 400 200 350 200 0 3 0
A 355 200 10 0 3 0 #=B42
L 345 200 10 0 8 0 1 0 IO_L20P_T3_A20_21_B42
A 405 200 10 0 2 0 PINTYPE=BI
P 18 400 210 350 210 0 3 0
A 355 210 10 0 3 0 #=D41
L 345 210 10 0 8 0 1 0 IO_L19N_T3_A21_VREF_21_D41
A 405 210 10 0 2 0 PINTYPE=BI
P 19 400 220 350 220 0 3 0
A 355 220 10 0 3 0 #=E41
L 345 220 10 0 8 0 1 0 IO_L19P_T3_A22_21_E41
A 405 220 10 0 2 0 PINTYPE=BI
P 20 400 230 350 230 0 3 0
A 355 230 10 0 3 0 #=B40
L 345 230 10 0 8 0 1 0 IO_L18N_T2_A23_21_B40
A 405 230 10 0 2 0 PINTYPE=BI
P 21 400 240 350 240 0 3 0
A 355 240 10 0 3 0 #=C40
L 345 240 10 0 8 0 1 0 IO_L18P_T2_A24_21_C40
A 405 240 10 0 2 0 PINTYPE=BI
P 22 400 250 350 250 0 3 0
A 355 250 10 0 3 0 #=A41
L 345 250 10 0 8 0 1 0 IO_L17N_T2_A25_21_A41
A 405 250 10 0 2 0 PINTYPE=BI
P 23 400 260 350 260 0 3 0
A 355 260 10 0 3 0 #=B41
L 345 260 10 0 8 0 1 0 IO_L17P_T2_A26_21_B41
A 405 260 10 0 2 0 PINTYPE=BI
P 24 400 270 350 270 0 3 0
A 355 270 10 0 3 0 #=D40
L 345 270 10 0 8 0 1 0 IO_L16N_T2_A27_21_D40
A 405 270 10 0 2 0 PINTYPE=BI
P 25 400 280 350 280 0 3 0
A 355 280 10 0 3 0 #=E39
L 345 280 10 0 8 0 1 0 IO_L16P_T2_A28_21_E39
A 405 280 10 0 2 0 PINTYPE=BI
P 26 400 290 350 290 0 3 0
A 355 290 10 0 3 0 #=A40
L 345 290 10 0 8 0 1 0 IO_L15N_T2_DQS_ADV_B_21_A40
A 405 290 10 0 2 0 PINTYPE=BI
P 27 400 300 350 300 0 3 0
A 355 300 10 0 3 0 #=A39
L 345 300 10 0 8 0 1 0 IO_L15P_T2_DQS_21_A39
A 405 300 10 0 2 0 PINTYPE=BI
P 28 400 310 350 310 0 3 0
A 355 310 10 0 3 0 #=C39
L 345 310 10 0 8 0 1 0 IO_L14N_T2_SRCC_21_C39
A 405 310 10 0 2 0 PINTYPE=BI
P 29 400 320 350 320 0 3 0
A 355 320 10 0 3 0 #=D39
L 345 320 10 0 8 0 1 0 IO_L14P_T2_SRCC_21_D39
A 405 320 10 0 2 0 PINTYPE=BI
P 30 400 330 350 330 0 3 0
A 355 330 10 0 3 0 #=A38
L 345 330 10 0 8 0 1 0 IO_L13N_T2_MRCC_21_A38
A 405 330 10 0 2 0 PINTYPE=BI
P 31 400 340 350 340 0 3 0
A 355 340 10 0 3 0 #=B38
L 345 340 10 0 8 0 1 0 IO_L13P_T2_MRCC_21_B38
A 405 340 10 0 2 0 PINTYPE=BI
P 32 400 350 350 350 0 3 0
A 355 350 10 0 3 0 #=B37
L 345 350 10 0 8 0 1 0 IO_L12N_T1_MRCC_21_B37
A 405 350 10 0 2 0 PINTYPE=BI
P 33 400 360 350 360 0 3 0
A 355 360 10 0 3 0 #=C37
L 345 360 10 0 8 0 1 0 IO_L12P_T1_MRCC_21_C37
A 405 360 10 0 2 0 PINTYPE=BI
P 34 400 370 350 370 0 3 0
A 355 370 10 0 3 0 #=C38
L 345 370 10 0 8 0 1 0 IO_L11N_T1_SRCC_21_C38
A 405 370 10 0 2 0 PINTYPE=BI
P 35 400 380 350 380 0 3 0
A 355 380 10 0 3 0 #=D37
L 345 380 10 0 8 0 1 0 IO_L11P_T1_SRCC_21_D37
A 405 380 10 0 2 0 PINTYPE=BI
P 36 400 390 350 390 0 3 0
A 355 390 10 0 3 0 #=B36
L 345 390 10 0 8 0 1 0 IO_L10N_T1_AD11N_21_B36
A 405 390 10 0 2 0 PINTYPE=BI
P 37 400 400 350 400 0 3 0
A 355 400 10 0 3 0 #=B35
L 345 400 10 0 8 0 1 0 IO_L10P_T1_AD11P_21_B35
A 405 400 10 0 2 0 PINTYPE=BI
P 38 400 410 350 410 0 3 0
A 355 410 10 0 3 0 #=E38
L 345 410 10 0 8 0 1 0 IO_L9N_T1_DQS_AD3N_21_E38
A 405 410 10 0 2 0 PINTYPE=BI
P 39 400 420 350 420 0 3 0
A 355 420 10 0 3 0 #=E37
L 345 420 10 0 8 0 1 0 IO_L9P_T1_DQS_AD3P_21_E37
A 405 420 10 0 2 0 PINTYPE=BI
P 40 400 430 350 430 0 3 0
A 355 430 10 0 3 0 #=A36
L 345 430 10 0 8 0 1 0 IO_L8N_T1_AD10N_21_A36
A 405 430 10 0 2 0 PINTYPE=BI
P 41 400 440 350 440 0 3 0
A 355 440 10 0 3 0 #=A35
L 345 440 10 0 8 0 1 0 IO_L8P_T1_AD10P_21_A35
A 405 440 10 0 2 0 PINTYPE=BI
P 42 400 450 350 450 0 3 0
A 355 450 10 0 3 0 #=D36
L 345 450 10 0 8 0 1 0 IO_L7N_T1_AD2N_21_D36
A 405 450 10 0 2 0 PINTYPE=BI
P 43 400 460 350 460 0 3 0
A 355 460 10 0 3 0 #=E36
L 345 460 10 0 8 0 1 0 IO_L7P_T1_AD2P_21_E36
A 405 460 10 0 2 0 PINTYPE=BI
P 44 400 470 350 470 0 3 0
A 355 470 10 0 3 0 #=D32
L 345 470 10 0 8 0 1 0 IO_L6N_T0_VREF_21_D32
A 405 470 10 0 2 0 PINTYPE=BI
P 45 400 480 350 480 0 3 0
A 355 480 10 0 3 0 #=D31
L 345 480 10 0 8 0 1 0 IO_L6P_T0_21_D31
A 405 480 10 0 2 0 PINTYPE=BI
P 46 400 490 350 490 0 3 0
A 355 490 10 0 3 0 #=C35
L 345 490 10 0 8 0 1 0 IO_L5N_T0_AD9N_21_C35
A 405 490 10 0 2 0 PINTYPE=BI
P 47 400 500 350 500 0 3 0
A 355 500 10 0 3 0 #=D34
L 345 500 10 0 8 0 1 0 IO_L5P_T0_AD9P_21_D34
A 405 500 10 0 2 0 PINTYPE=BI
P 48 400 510 350 510 0 3 0
A 355 510 10 0 3 0 #=A31
L 345 510 10 0 8 0 1 0 IO_L4N_T0_21_A31
A 405 510 10 0 2 0 PINTYPE=BI
P 49 400 520 350 520 0 3 0
A 355 520 10 0 3 0 #=B31
L 345 520 10 0 8 0 1 0 IO_L4P_T0_21_B31
A 405 520 10 0 2 0 PINTYPE=BI
P 50 400 530 350 530 0 3 0
A 355 530 10 0 3 0 #=C34
L 345 530 10 0 8 0 1 0 IO_L3N_T0_DQS_AD1N_21_C34
A 405 530 10 0 2 0 PINTYPE=BI
P 51 400 540 350 540 0 3 0
A 355 540 10 0 3 0 #=C33
L 345 540 10 0 8 0 1 0 IO_L3P_T0_DQS_AD1P_21_C33
A 405 540 10 0 2 0 PINTYPE=BI
P 52 400 550 350 550 0 3 0
A 355 550 10 0 3 0 #=A34
L 345 550 10 0 8 0 1 0 IO_L2N_T0_AD8N_21_A34
A 405 550 10 0 2 0 PINTYPE=BI
P 53 400 560 350 560 0 3 0
A 355 560 10 0 3 0 #=A33
L 345 560 10 0 8 0 1 0 IO_L2P_T0_AD8P_21_A33
A 405 560 10 0 2 0 PINTYPE=BI
P 54 400 570 350 570 0 3 0
A 355 570 10 0 3 0 #=B33
L 345 570 10 0 8 0 1 0 IO_L1N_T0_AD0N_21_B33
A 405 570 10 0 2 0 PINTYPE=BI
P 55 400 580 350 580 0 3 0
A 355 580 10 0 3 0 #=B32
L 345 580 10 0 8 0 1 0 IO_L1P_T0_AD0P_21_B32
A 405 580 10 0 2 0 PINTYPE=BI
P 56 400 590 350 590 0 3 0
A 355 590 10 0 3 0 #=C32
L 345 590 10 0 8 0 1 0 IO_0_VRN_21_C32
A 405 590 10 0 2 0 PINTYPE=BI
T 220 610 20 0 5 XC7VX1140TFLG1930
T 220 630 20 0 5 BANK 21_H
c 70 710 10
U 50 740 10 0 3 3 DEVICE=XXXXXX
U 50 30 16 0 3 3 REFDES=U?
U 250 30 10 0 3 3 PKG_TYPE=XXXXXX
U 0 0 10 0 3 0 HETERO=xc7vx1140tflg1930_0_H,xc7vx1140tflg1930_10_H,xc7vx1140tflg1930_11_H,xc7vx1140tflg1930_12_H,xc7vx1140tflg1930_13_H,xc7vx1140tflg1930_14_H,xc7vx1140tflg1930_15_H,xc7vx1140tflg1930_16_H,xc7vx1140tflg1930_17_H,xc7vx1140tflg1930_18_H,xc7vx1140tflg1930_19_H,xc7vx1140tflg1930_20_H,xc7vx1140tflg1930_21_H,xc7vx1140tflg1930_30_H,xc7vx1140tflg1930_31_H,xc7vx1140tflg1930_32_H,xc7vx1140tflg1930_33_H,xc7vx1140tflg1930_34_H,xc7vx1140tflg1930_35_H,xc7vx1140tflg1930_36_H,xc7vx1140tflg1930_37_H,xc7vx1140tflg1930_38_H,xc7vx1140tflg1930_39_H,xc7vx1140tflg1930_GND_H,xc7vx1140tflg1930_VCCINT_H
U 0 -10 10 0 3 0 PARTS=1
U 0 -20 10 0 3 0 LEVEL=STD
U 0 -30 10 0 3 0 DATE=2011_05_16
E
