V 50
K 153165148200 xc7z045ff900
Y 1
D 0 0 400 280
Z 10
i 946
b 50 50 350 230
P 1 400 100 350 100 0 3 0
A 355 100 10 0 3 0 #=M11
L 345 100 10 0 8 0 1 0 VCCAUX_M11
A 405 100 10 0 2 0 PINTYPE=BI
P 2 400 110 350 110 0 3 0
A 355 110 10 0 3 0 #=N10
L 345 110 10 0 8 0 1 0 VCCAUX_N10
A 405 110 10 0 2 0 PINTYPE=BI
P 3 400 120 350 120 0 3 0
A 355 120 10 0 3 0 #=R10
L 345 120 10 0 8 0 1 0 VCCAUX_R10
A 405 120 10 0 2 0 PINTYPE=BI
P 4 400 130 350 130 0 3 0
A 355 130 10 0 3 0 #=U10
L 345 130 10 0 8 0 1 0 VCCAUX_U10
A 405 130 10 0 2 0 PINTYPE=BI
P 5 400 140 350 140 0 3 0
A 355 140 10 0 3 0 #=W10
L 345 140 10 0 8 0 1 0 VCCAUX_W10
A 405 140 10 0 2 0 PINTYPE=BI
P 6 400 150 350 150 0 3 0
A 355 150 10 0 3 0 #=Y11
L 345 150 10 0 8 0 1 0 VCCAUX_Y11
A 405 150 10 0 2 0 PINTYPE=BI
T 220 170 20 0 5 XC7Z045FF900
T 220 190 20 0 5 BANK VCCAUX
c 70 210 10
U 50 240 10 0 3 3 DEVICE=XXXXXX
U 50 30 16 0 3 3 REFDES=U?
U 250 30 10 0 3 3 PKG_TYPE=XXXXXX
U 0 0 10 0 3 0 HETERO=xc7z045ff900_0,xc7z045ff900_9,xc7z045ff900_10,xc7z045ff900_11,xc7z045ff900_12,xc7z045ff900_13,xc7z045ff900_33,xc7z045ff900_34,xc7z045ff900_35,xc7z045ff900_109,xc7z045ff900_110,xc7z045ff900_111,xc7z045ff900_112,xc7z045ff900_500,xc7z045ff900_501,xc7z045ff900_502,xc7z045ff900_MGTAVCC,xc7z045ff900_MGTAVTT,xc7z045ff900_MGTVCCAUX,xc7z045ff900_GND,xc7z045ff900_VCCINT,xc7z045ff900_VCCAUX,xc7z045ff900_VCCAUX_IO_G0,xc7z045ff900_VCCBRAM,xc7z045ff900_VCCPAUX,xc7z045ff900_VCCPINT,xc7z045ff900_VCCPLL
U 0 -10 10 0 3 0 PARTS=1
U 0 -20 10 0 3 0 LEVEL=STD
U 0 -30 10 0 3 0 DATE=2012_02_18
E
