V 50
K 153165148200 xc7z010clg225
Y 1
D 0 0 400 420
Z 10
i 946
b 50 50 350 370
P 1 0 100 50 100 0 2 0
A 45 100 10 0 9 0 #=E14
L 55 100 10 0 2 0 1 0 VCCO_MIO1_501_E14
A 10 100 10 0 2 0 PINTYPE=BI
P 2 0 110 50 110 0 2 0
A 45 110 10 0 9 0 #=C10
L 55 110 10 0 2 0 1 0 VCCO_MIO1_501_C10
A 10 110 10 0 2 0 PINTYPE=BI
P 3 0 120 50 120 0 2 0
A 45 120 10 0 9 0 #=B13
L 55 120 10 0 2 0 1 0 VCCO_MIO1_501_B13
A 10 120 10 0 2 0 PINTYPE=BI
P 4 400 100 350 100 0 3 0
A 355 100 10 0 3 0 #=C13
L 345 100 10 0 8 0 1 0 PS_MIO53_501_C13
A 405 100 10 0 2 0 PINTYPE=BI
P 5 400 110 350 110 0 3 0
A 355 110 10 0 3 0 #=D13
L 345 110 10 0 8 0 1 0 PS_MIO49_501_D13
A 405 110 10 0 2 0 PINTYPE=BI
P 6 400 120 350 120 0 3 0
A 355 120 10 0 3 0 #=D14
L 345 120 10 0 8 0 1 0 PS_MIO39_501_D14
A 405 120 10 0 2 0 PINTYPE=BI
P 7 400 130 350 130 0 3 0
A 355 130 10 0 3 0 #=C14
L 345 130 10 0 8 0 1 0 PS_MIO37_501_C14
A 405 130 10 0 2 0 PINTYPE=BI
P 8 400 140 350 140 0 3 0
A 355 140 10 0 3 0 #=B14
L 345 140 10 0 8 0 1 0 PS_MIO36_501_B14
A 405 140 10 0 2 0 PINTYPE=BI
P 9 400 150 350 150 0 3 0
A 355 150 10 0 3 0 #=D15
L 345 150 10 0 8 0 1 0 PS_MIO34_501_D15
A 405 150 10 0 2 0 PINTYPE=BI
P 10 400 160 350 160 0 3 0
A 355 160 10 0 3 0 #=E15
L 345 160 10 0 8 0 1 0 PS_MIO32_501_E15
A 405 160 10 0 2 0 PINTYPE=BI
P 11 400 170 350 170 0 3 0
A 355 170 10 0 3 0 #=B15
L 345 170 10 0 8 0 1 0 PS_MIO30_501_B15
A 405 170 10 0 2 0 PINTYPE=BI
P 12 400 180 350 180 0 3 0
A 355 180 10 0 3 0 #=A15
L 345 180 10 0 8 0 1 0 PS_MIO28_501_A15
A 405 180 10 0 2 0 PINTYPE=BI
P 13 400 190 350 190 0 3 0
A 355 190 10 0 3 0 #=B11
L 345 190 10 0 8 0 1 0 PS_SRST_B_501_B11
A 405 190 10 0 2 0 PINTYPE=BI
P 14 400 200 350 200 0 3 0
A 355 200 10 0 3 0 #=A12
L 345 200 10 0 8 0 1 0 PS_MIO52_501_A12
A 405 200 10 0 2 0 PINTYPE=BI
P 15 400 210 350 210 0 3 0
A 355 210 10 0 3 0 #=B12
L 345 210 10 0 8 0 1 0 PS_MIO48_501_B12
A 405 210 10 0 2 0 PINTYPE=BI
P 16 400 220 350 220 0 3 0
A 355 220 10 0 3 0 #=A13
L 345 220 10 0 8 0 1 0 PS_MIO38_501_A13
A 405 220 10 0 2 0 PINTYPE=BI
P 17 400 230 350 230 0 3 0
A 355 230 10 0 3 0 #=A14
L 345 230 10 0 8 0 1 0 PS_MIO35_501_A14
A 405 230 10 0 2 0 PINTYPE=BI
P 18 400 240 350 240 0 3 0
A 355 240 10 0 3 0 #=C11
L 345 240 10 0 8 0 1 0 PS_MIO33_501_C11
A 405 240 10 0 2 0 PINTYPE=BI
P 19 400 250 350 250 0 3 0
A 355 250 10 0 3 0 #=C12
L 345 250 10 0 8 0 1 0 PS_MIO31_501_C12
A 405 250 10 0 2 0 PINTYPE=BI
P 20 400 260 350 260 0 3 0
A 355 260 10 0 3 0 #=D11
L 345 260 10 0 8 0 1 0 PS_MIO29_501_D11
A 405 260 10 0 2 0 PINTYPE=BI
T 220 280 20 0 5 XC7Z010CLG225
T 220 300 20 0 5 BANK 501
c 70 350 10
U 50 380 10 0 3 3 DEVICE=XXXXXX
U 50 30 16 0 3 3 REFDES=U?
U 250 30 10 0 3 3 PKG_TYPE=XXXXXX
U 0 0 10 0 3 0 HETERO=xc7z010clg225e_0,xc7z010clg225e_34,xc7z010clg225e_35,xc7z010clg225e_500,xc7z010clg225e_501,xc7z010clg225e_502,xc7z010clg225e_GND,xc7z010clg225e_VCCINT,xc7z010clg225e_VCCAUX,xc7z010clg225e_VCCPAUX,xc7z010clg225e_VCCPINT,xc7z010clg225e_VCCPLL
U 0 -10 10 0 3 0 PARTS=1
U 0 -20 10 0 3 0 LEVEL=STD
U 0 -30 10 0 3 0 DATE=2012_08_08
E
