V 50
K 153165148200 xc7z100ff900
Y 1
D 0 0 400 440
Z 10
i 946
b 50 50 350 390
P 1 400 100 350 100 0 3 0
A 355 100 10 0 3 0 #=AB9
L 345 100 10 0 8 0 1 0 MGTRREF_112_AB9
A 405 100 10 0 2 0 PINTYPE=BI
P 2 400 110 350 110 0 3 0
A 355 110 10 0 3 0 #=AB10
L 345 110 10 0 8 0 1 0 MGTAVTTRCAL_112_AB10
A 405 110 10 0 2 0 PINTYPE=BI
P 3 400 120 350 120 0 3 0
A 355 120 10 0 3 0 #=R7
L 345 120 10 0 8 0 1 0 MGTREFCLK1N_112_R7
A 405 120 10 0 2 0 PINTYPE=BI
P 4 400 130 350 130 0 3 0
A 355 130 10 0 3 0 #=R8
L 345 130 10 0 8 0 1 0 MGTREFCLK1P_112_R8
A 405 130 10 0 2 0 PINTYPE=BI
P 5 400 140 350 140 0 3 0
A 355 140 10 0 3 0 #=N7
L 345 140 10 0 8 0 1 0 MGTREFCLK0N_112_N7
A 405 140 10 0 2 0 PINTYPE=BI
P 6 400 150 350 150 0 3 0
A 355 150 10 0 3 0 #=N8
L 345 150 10 0 8 0 1 0 MGTREFCLK0P_112_N8
A 405 150 10 0 2 0 PINTYPE=BI
P 7 400 160 350 160 0 3 0
A 355 160 10 0 3 0 #=P5
L 345 160 10 0 8 0 1 0 MGTXRXN3_112_P5
A 405 160 10 0 2 0 PINTYPE=BI
P 8 400 170 350 170 0 3 0
A 355 170 10 0 3 0 #=P6
L 345 170 10 0 8 0 1 0 MGTXRXP3_112_P6
A 405 170 10 0 2 0 PINTYPE=BI
P 9 400 180 350 180 0 3 0
A 355 180 10 0 3 0 #=N3
L 345 180 10 0 8 0 1 0 MGTXTXN3_112_N3
A 405 180 10 0 2 0 PINTYPE=BI
P 10 400 190 350 190 0 3 0
A 355 190 10 0 3 0 #=N4
L 345 190 10 0 8 0 1 0 MGTXTXP3_112_N4
A 405 190 10 0 2 0 PINTYPE=BI
P 11 400 200 350 200 0 3 0
A 355 200 10 0 3 0 #=T5
L 345 200 10 0 8 0 1 0 MGTXRXN2_112_T5
A 405 200 10 0 2 0 PINTYPE=BI
P 12 400 210 350 210 0 3 0
A 355 210 10 0 3 0 #=T6
L 345 210 10 0 8 0 1 0 MGTXRXP2_112_T6
A 405 210 10 0 2 0 PINTYPE=BI
P 13 400 220 350 220 0 3 0
A 355 220 10 0 3 0 #=P1
L 345 220 10 0 8 0 1 0 MGTXTXN2_112_P1
A 405 220 10 0 2 0 PINTYPE=BI
P 14 400 230 350 230 0 3 0
A 355 230 10 0 3 0 #=P2
L 345 230 10 0 8 0 1 0 MGTXTXP2_112_P2
A 405 230 10 0 2 0 PINTYPE=BI
P 15 400 240 350 240 0 3 0
A 355 240 10 0 3 0 #=U3
L 345 240 10 0 8 0 1 0 MGTXRXN1_112_U3
A 405 240 10 0 2 0 PINTYPE=BI
P 16 400 250 350 250 0 3 0
A 355 250 10 0 3 0 #=U4
L 345 250 10 0 8 0 1 0 MGTXRXP1_112_U4
A 405 250 10 0 2 0 PINTYPE=BI
P 17 400 260 350 260 0 3 0
A 355 260 10 0 3 0 #=R3
L 345 260 10 0 8 0 1 0 MGTXTXN1_112_R3
A 405 260 10 0 2 0 PINTYPE=BI
P 18 400 270 350 270 0 3 0
A 355 270 10 0 3 0 #=R4
L 345 270 10 0 8 0 1 0 MGTXTXP1_112_R4
A 405 270 10 0 2 0 PINTYPE=BI
P 19 400 280 350 280 0 3 0
A 355 280 10 0 3 0 #=V5
L 345 280 10 0 8 0 1 0 MGTXRXN0_112_V5
A 405 280 10 0 2 0 PINTYPE=BI
P 20 400 290 350 290 0 3 0
A 355 290 10 0 3 0 #=V6
L 345 290 10 0 8 0 1 0 MGTXRXP0_112_V6
A 405 290 10 0 2 0 PINTYPE=BI
P 21 400 300 350 300 0 3 0
A 355 300 10 0 3 0 #=T1
L 345 300 10 0 8 0 1 0 MGTXTXN0_112_T1
A 405 300 10 0 2 0 PINTYPE=BI
P 22 400 310 350 310 0 3 0
A 355 310 10 0 3 0 #=T2
L 345 310 10 0 8 0 1 0 MGTXTXP0_112_T2
A 405 310 10 0 2 0 PINTYPE=BI
T 220 330 20 0 5 XC7z100ff900
T 220 350 20 0 5 BANK 112
c 70 370 10
U 50 400 10 0 3 3 DEVICE=XXXXXX
U 50 30 16 0 3 3 REFDES=U?
U 250 30 10 0 3 3 PKG_TYPE=XXXXXX
U 0 0 10 0 3 0 HETERO=xc7z100ff900_0,xc7z100ff900_9,xc7z100ff900_10,xc7z100ff900_11,xc7z100ff900_12,xc7z100ff900_13,xc7z100ff900_33,xc7z100ff900_34,xc7z100ff900_35,xc7z100ff900_109,xc7z100ff900_110,xc7z100ff900_111,xc7z100ff900_112,xc7z100ff900_500,xc7z100ff900_501,xc7z100ff900_502,xc7z100ff900_MGTAVCC,xc7z100ff900_MGTAVTT,xc7z100ff900_MGTVCCAUX,xc7z100ff900_GND,xc7z100ff900_VCCINT,xc7z100ff900_VCCAUX,xc7z100ff900_VCCAUX_IO_G0,xc7z100ff900_VCCBRAM,xc7z100ff900_VCCPAUX,xc7z100ff900_VCCPINT,xc7z100ff900_VCCPLL
U 0 -10 10 0 3 0 PARTS=1
U 0 -20 10 0 3 0 LEVEL=STD
U 0 -30 10 0 3 0 DATE=2015_02_20
E
