V 50
K 153165148200 xc7z010clg225
Y 1
D 0 0 400 320
Z 10
i 946
b 50 50 350 270
P 1 0 100 50 100 0 2 0
A 45 100 10 0 9 0 #=H15
L 55 100 10 0 2 0 1 0 VCCO_35_H15
A 10 100 10 0 2 0 PINTYPE=BI
P 2 0 110 50 110 0 2 0
A 45 110 10 0 9 0 #=F11
L 55 110 10 0 2 0 1 0 VCCO_35_F11
A 10 110 10 0 2 0 PINTYPE=BI
P 3 400 100 350 100 0 3 0
A 355 100 10 0 3 0 #=F15
L 345 100 10 0 8 0 1 0 IO_L5N_T0_AD9N_35_F15
A 405 100 10 0 2 0 PINTYPE=BI
P 4 400 110 350 110 0 3 0
A 355 110 10 0 3 0 #=G15
L 345 110 10 0 8 0 1 0 IO_L5P_T0_AD9P_35_G15
A 405 110 10 0 2 0 PINTYPE=BI
P 5 400 120 350 120 0 3 0
A 355 120 10 0 3 0 #=F14
L 345 120 10 0 8 0 1 0 IO_L3N_T0_DQS_AD1N_35_F14
A 405 120 10 0 2 0 PINTYPE=BI
P 6 400 130 350 130 0 3 0
A 355 130 10 0 3 0 #=F13
L 345 130 10 0 8 0 1 0 IO_L3P_T0_DQS_AD1P_35_F13
A 405 130 10 0 2 0 PINTYPE=BI
P 7 400 140 350 140 0 3 0
A 355 140 10 0 3 0 #=E12
L 345 140 10 0 8 0 1 0 IO_L2N_T0_AD8N_35_E12
A 405 140 10 0 2 0 PINTYPE=BI
P 8 400 150 350 150 0 3 0
A 355 150 10 0 3 0 #=E11
L 345 150 10 0 8 0 1 0 IO_L2P_T0_AD8P_35_E11
A 405 150 10 0 2 0 PINTYPE=BI
P 9 400 160 350 160 0 3 0
A 355 160 10 0 3 0 #=E13
L 345 160 10 0 8 0 1 0 IO_L1N_T0_AD0N_35_E13
A 405 160 10 0 2 0 PINTYPE=BI
P 10 400 170 350 170 0 3 0
A 355 170 10 0 3 0 #=F12
L 345 170 10 0 8 0 1 0 IO_L1P_T0_AD0P_35_F12
A 405 170 10 0 2 0 PINTYPE=BI
T 220 190 20 0 5 XC7Z010CLG225
T 220 210 20 0 5 BANK 35
c 70 250 10
U 50 280 10 0 3 3 DEVICE=XXXXXX
U 50 30 16 0 3 3 REFDES=U?
U 250 30 10 0 3 3 PKG_TYPE=XXXXXX
U 0 0 10 0 3 0 HETERO=xc7z010clg225_0,xc7z010clg225_34,xc7z010clg225_35,xc7z010clg225_500,xc7z010clg225_501,xc7z010clg225_502,xc7z010clg225_GND,xc7z010clg225_VCCINT,xc7z010clg225_VCCAUX,xc7z010clg225_VCCPAUX,xc7z010clg225_VCCPINT,xc7z010clg225_VCCPLL
U 0 -10 10 0 3 0 PARTS=1
U 0 -20 10 0 3 0 LEVEL=STD
U 0 -30 10 0 3 0 DATE=2012_08_08
E
