V 50
K 153165148200 xc7z100ff1156
Y 1
D 0 0 400 370
Z 10
i 946
b 50 50 350 320
P 1 400 100 350 100 0 3 0
A 355 100 10 0 3 0 #=AA22
L 345 100 10 0 8 0 1 0 VCCBRAM_AA22
A 405 100 10 0 2 0 PINTYPE=BI
P 2 400 110 350 110 0 3 0
A 355 110 10 0 3 0 #=AA24
L 345 110 10 0 8 0 1 0 VCCBRAM_AA24
A 405 110 10 0 2 0 PINTYPE=BI
P 3 400 120 350 120 0 3 0
A 355 120 10 0 3 0 #=AB21
L 345 120 10 0 8 0 1 0 VCCBRAM_AB21
A 405 120 10 0 2 0 PINTYPE=BI
P 4 400 130 350 130 0 3 0
A 355 130 10 0 3 0 #=AB23
L 345 130 10 0 8 0 1 0 VCCBRAM_AB23
A 405 130 10 0 2 0 PINTYPE=BI
P 5 400 140 350 140 0 3 0
A 355 140 10 0 3 0 #=AB25
L 345 140 10 0 8 0 1 0 VCCBRAM_AB25
A 405 140 10 0 2 0 PINTYPE=BI
P 6 400 150 350 150 0 3 0
A 355 150 10 0 3 0 #=AC22
L 345 150 10 0 8 0 1 0 VCCBRAM_AC22
A 405 150 10 0 2 0 PINTYPE=BI
P 7 400 160 350 160 0 3 0
A 355 160 10 0 3 0 #=AC24
L 345 160 10 0 8 0 1 0 VCCBRAM_AC24
A 405 160 10 0 2 0 PINTYPE=BI
P 8 400 170 350 170 0 3 0
A 355 170 10 0 3 0 #=AD25
L 345 170 10 0 8 0 1 0 VCCBRAM_AD25
A 405 170 10 0 2 0 PINTYPE=BI
P 9 400 180 350 180 0 3 0
A 355 180 10 0 3 0 #=U24
L 345 180 10 0 8 0 1 0 VCCBRAM_U24
A 405 180 10 0 2 0 PINTYPE=BI
P 10 400 190 350 190 0 3 0
A 355 190 10 0 3 0 #=V23
L 345 190 10 0 8 0 1 0 VCCBRAM_V23
A 405 190 10 0 2 0 PINTYPE=BI
P 11 400 200 350 200 0 3 0
A 355 200 10 0 3 0 #=V25
L 345 200 10 0 8 0 1 0 VCCBRAM_V25
A 405 200 10 0 2 0 PINTYPE=BI
P 12 400 210 350 210 0 3 0
A 355 210 10 0 3 0 #=W22
L 345 210 10 0 8 0 1 0 VCCBRAM_W22
A 405 210 10 0 2 0 PINTYPE=BI
P 13 400 220 350 220 0 3 0
A 355 220 10 0 3 0 #=W24
L 345 220 10 0 8 0 1 0 VCCBRAM_W24
A 405 220 10 0 2 0 PINTYPE=BI
P 14 400 230 350 230 0 3 0
A 355 230 10 0 3 0 #=Y23
L 345 230 10 0 8 0 1 0 VCCBRAM_Y23
A 405 230 10 0 2 0 PINTYPE=BI
P 15 400 240 350 240 0 3 0
A 355 240 10 0 3 0 #=Y25
L 345 240 10 0 8 0 1 0 VCCBRAM_Y25
A 405 240 10 0 2 0 PINTYPE=BI
T 220 260 20 0 5 XC7Z100FF1156
T 220 280 20 0 5 BANK VCCBRAM
c 70 300 10
U 50 330 10 0 3 3 DEVICE=XXXXXX
U 50 30 16 0 3 3 REFDES=U?
U 250 30 10 0 3 3 PKG_TYPE=XXXXXX
U 0 0 10 0 3 0 HETERO=xc7z100ff1156e_0,xc7z100ff1156e_9,xc7z100ff1156e_10,xc7z100ff1156e_11,xc7z100ff1156e_12,xc7z100ff1156e_13,xc7z100ff1156e_33,xc7z100ff1156e_34,xc7z100ff1156e_35,xc7z100ff1156e_109,xc7z100ff1156e_110,xc7z100ff1156e_111,xc7z100ff1156e_112,xc7z100ff1156e_500,xc7z100ff1156e_501,xc7z100ff1156e_502,xc7z100ff1156e_GND1,xc7z100ff1156e_GND2,xc7z100ff1156e_MGTAVCC,xc7z100ff1156e_MGTAVTT,xc7z100ff1156e_MGTVCCAUX,xc7z100ff1156e_VCCAUX,xc7z100ff1156e_VCCAUX_IO_G0,xc7z100ff1156e_VCCBRAM,xc7z100ff1156e_VCCINT,xc7z100ff1156e_VCCPAUX,xc7z100ff1156e_VCCPINT,xc7z100ff1156e_VCCPLL
U 0 -10 10 0 3 0 PARTS=1
U 0 -20 10 0 3 0 LEVEL=STD
U 0 -30 10 0 3 0 DATE=2013_01_17
E
