V 50
K 153165148200 xc7z045ff900
Y 1
D 0 0 400 390
Z 10
i 946
b 50 50 350 340
P 1 400 100 350 100 0 3 0
A 355 100 10 0 3 0 #=AA6
L 345 100 10 0 8 0 1 0 MGTAVCC_AA6
A 405 100 10 0 2 0 PINTYPE=BI
P 2 400 110 350 110 0 3 0
A 355 110 10 0 3 0 #=AB8
L 345 110 10 0 8 0 1 0 MGTAVCC_AB8
A 405 110 10 0 2 0 PINTYPE=BI
P 3 400 120 350 120 0 3 0
A 355 120 10 0 3 0 #=AC10
L 345 120 10 0 8 0 1 0 MGTAVCC_AC10
A 405 120 10 0 2 0 PINTYPE=BI
P 4 400 130 350 130 0 3 0
A 355 130 10 0 3 0 #=AC6
L 345 130 10 0 8 0 1 0 MGTAVCC_AC6
A 405 130 10 0 2 0 PINTYPE=BI
P 5 400 140 350 140 0 3 0
A 355 140 10 0 3 0 #=AD8
L 345 140 10 0 8 0 1 0 MGTAVCC_AD8
A 405 140 10 0 2 0 PINTYPE=BI
P 6 400 150 350 150 0 3 0
A 355 150 10 0 3 0 #=AE10
L 345 150 10 0 8 0 1 0 MGTAVCC_AE10
A 405 150 10 0 2 0 PINTYPE=BI
P 7 400 160 350 160 0 3 0
A 355 160 10 0 3 0 #=AE6
L 345 160 10 0 8 0 1 0 MGTAVCC_AE6
A 405 160 10 0 2 0 PINTYPE=BI
P 8 400 170 350 170 0 3 0
A 355 170 10 0 3 0 #=AF8
L 345 170 10 0 8 0 1 0 MGTAVCC_AF8
A 405 170 10 0 2 0 PINTYPE=BI
P 9 400 180 350 180 0 3 0
A 355 180 10 0 3 0 #=AG10
L 345 180 10 0 8 0 1 0 MGTAVCC_AG10
A 405 180 10 0 2 0 PINTYPE=BI
P 10 400 190 350 190 0 3 0
A 355 190 10 0 3 0 #=AH8
L 345 190 10 0 8 0 1 0 MGTAVCC_AH8
A 405 190 10 0 2 0 PINTYPE=BI
P 11 400 200 350 200 0 3 0
A 355 200 10 0 3 0 #=AJ10
L 345 200 10 0 8 0 1 0 MGTAVCC_AJ10
A 405 200 10 0 2 0 PINTYPE=BI
P 12 400 210 350 210 0 3 0
A 355 210 10 0 3 0 #=N6
L 345 210 10 0 8 0 1 0 MGTAVCC_N6
A 405 210 10 0 2 0 PINTYPE=BI
P 13 400 220 350 220 0 3 0
A 355 220 10 0 3 0 #=P8
L 345 220 10 0 8 0 1 0 MGTAVCC_P8
A 405 220 10 0 2 0 PINTYPE=BI
P 14 400 230 350 230 0 3 0
A 355 230 10 0 3 0 #=R6
L 345 230 10 0 8 0 1 0 MGTAVCC_R6
A 405 230 10 0 2 0 PINTYPE=BI
P 15 400 240 350 240 0 3 0
A 355 240 10 0 3 0 #=U6
L 345 240 10 0 8 0 1 0 MGTAVCC_U6
A 405 240 10 0 2 0 PINTYPE=BI
P 16 400 250 350 250 0 3 0
A 355 250 10 0 3 0 #=W6
L 345 250 10 0 8 0 1 0 MGTAVCC_W6
A 405 250 10 0 2 0 PINTYPE=BI
P 17 400 260 350 260 0 3 0
A 355 260 10 0 3 0 #=Y8
L 345 260 10 0 8 0 1 0 MGTAVCC_Y8
A 405 260 10 0 2 0 PINTYPE=BI
T 220 280 20 0 5 XC7Z045FF900
T 220 300 20 0 5 BANK MGTAVCC
c 70 320 10
U 50 350 10 0 3 3 DEVICE=XXXXXX
U 50 30 16 0 3 3 REFDES=U?
U 250 30 10 0 3 3 PKG_TYPE=XXXXXX
U 0 0 10 0 3 0 HETERO=xc7z045ff900_0,xc7z045ff900_9,xc7z045ff900_10,xc7z045ff900_11,xc7z045ff900_12,xc7z045ff900_13,xc7z045ff900_33,xc7z045ff900_34,xc7z045ff900_35,xc7z045ff900_109,xc7z045ff900_110,xc7z045ff900_111,xc7z045ff900_112,xc7z045ff900_500,xc7z045ff900_501,xc7z045ff900_502,xc7z045ff900_MGTAVCC,xc7z045ff900_MGTAVTT,xc7z045ff900_MGTVCCAUX,xc7z045ff900_GND,xc7z045ff900_VCCINT,xc7z045ff900_VCCAUX,xc7z045ff900_VCCAUX_IO_G0,xc7z045ff900_VCCBRAM,xc7z045ff900_VCCPAUX,xc7z045ff900_VCCPINT,xc7z045ff900_VCCPLL
U 0 -10 10 0 3 0 PARTS=1
U 0 -20 10 0 3 0 LEVEL=STD
U 0 -30 10 0 3 0 DATE=2012_02_18
E
