V 50
K 153165148200 xc7z100ff900
Y 1
D 0 0 400 450
Z 10
i 946
b 50 50 350 400
P 1 0 100 50 100 0 2 0
A 45 100 10 0 9 0 #=Y13
L 55 100 10 0 2 0 1 0 VCCO_0_Y13
A 10 100 10 0 2 0 PINTYPE=BI
P 2 0 110 50 110 0 2 0
A 45 110 10 0 9 0 #=Y15
L 55 110 10 0 2 0 1 0 VCCO_0_Y15
A 10 110 10 0 2 0 PINTYPE=BI
P 3 400 100 350 100 0 3 0
A 355 100 10 0 3 0 #=T9
L 345 100 10 0 8 0 1 0 RSVDVCC_T9
A 405 100 10 0 2 0 PINTYPE=BI
P 4 400 110 350 110 0 3 0
A 355 110 10 0 3 0 #=R9
L 345 110 10 0 8 0 1 0 RSVDVCC_R9
A 405 110 10 0 2 0 PINTYPE=BI
P 5 400 120 350 120 0 3 0
A 355 120 10 0 3 0 #=U9
L 345 120 10 0 8 0 1 0 RSVDVCC_U9
A 405 120 10 0 2 0 PINTYPE=BI
P 6 400 130 350 130 0 3 0
A 355 130 10 0 3 0 #=AA9
L 345 130 10 0 8 0 1 0 DONE_0_AA9
A 405 130 10 0 2 0 PINTYPE=BI
P 7 400 140 350 140 0 3 0
A 355 140 10 0 3 0 #=V9
L 345 140 10 0 8 0 1 0 CFGBVS_0_V9
A 405 140 10 0 2 0 PINTYPE=BI
P 8 400 150 350 150 0 3 0
A 355 150 10 0 3 0 #=Y9
L 345 150 10 0 8 0 1 0 PROGRAM_B_0_Y9
A 405 150 10 0 2 0 PINTYPE=BI
P 9 400 160 350 160 0 3 0
A 355 160 10 0 3 0 #=W9
L 345 160 10 0 8 0 1 0 INIT_B_0_W9
A 405 160 10 0 2 0 PINTYPE=BI
P 10 400 170 350 170 0 3 0
A 355 170 10 0 3 0 #=P10
L 345 170 10 0 8 0 1 0 TDI_0_P10
A 405 170 10 0 2 0 PINTYPE=BI
P 11 400 180 350 180 0 3 0
A 355 180 10 0 3 0 #=Y10
L 345 180 10 0 8 0 1 0 TDO_0_Y10
A 405 180 10 0 2 0 PINTYPE=BI
P 12 400 190 350 190 0 3 0
A 355 190 10 0 3 0 #=V10
L 345 190 10 0 8 0 1 0 TMS_0_V10
A 405 190 10 0 2 0 PINTYPE=BI
P 13 400 200 350 200 0 3 0
A 355 200 10 0 3 0 #=Y12
L 345 200 10 0 8 0 1 0 TCK_0_Y12
A 405 200 10 0 2 0 PINTYPE=BI
P 14 400 210 350 210 0 3 0
A 355 210 10 0 3 0 #=AA12
L 345 210 10 0 8 0 1 0 RSVDGND_AA12
A 405 210 10 0 2 0 PINTYPE=BI
P 15 400 220 350 220 0 3 0
A 355 220 10 0 3 0 #=P9
L 345 220 10 0 8 0 1 0 VCCBATT_0_P9
A 405 220 10 0 2 0 PINTYPE=BI
P 16 400 230 350 230 0 3 0
A 355 230 10 0 3 0 #=T14
L 345 230 10 0 8 0 1 0 VN_0_T14
A 405 230 10 0 2 0 PINTYPE=BI
P 17 400 240 350 240 0 3 0
A 355 240 10 0 3 0 #=R15
L 345 240 10 0 8 0 1 0 VP_0_R15
A 405 240 10 0 2 0 PINTYPE=BI
P 18 400 250 350 250 0 3 0
A 355 250 10 0 3 0 #=T15
L 345 250 10 0 8 0 1 0 VREFP_0_T15
A 405 250 10 0 2 0 PINTYPE=BI
P 19 400 260 350 260 0 3 0
A 355 260 10 0 3 0 #=R14
L 345 260 10 0 8 0 1 0 VREFN_0_R14
A 405 260 10 0 2 0 PINTYPE=BI
P 20 400 270 350 270 0 3 0
A 355 270 10 0 3 0 #=U15
L 345 270 10 0 8 0 1 0 DXP_0_U15
A 405 270 10 0 2 0 PINTYPE=BI
P 21 400 280 350 280 0 3 0
A 355 280 10 0 3 0 #=P14
L 345 280 10 0 8 0 1 0 GNDADC_0_P14
A 405 280 10 0 2 0 PINTYPE=BI
P 22 400 290 350 290 0 3 0
A 355 290 10 0 3 0 #=P15
L 345 290 10 0 8 0 1 0 VCCADC_0_P15
A 405 290 10 0 2 0 PINTYPE=BI
P 23 400 300 350 300 0 3 0
A 355 300 10 0 3 0 #=U14
L 345 300 10 0 8 0 1 0 DXN_0_U14
A 405 300 10 0 2 0 PINTYPE=BI
T 220 320 20 0 5 XC7Z100ff900
T 220 340 20 0 5 BANK 0
c 70 380 10
U 50 410 10 0 3 3 DEVICE=XXXXXX
U 50 30 16 0 3 3 REFDES=U?
U 250 30 10 0 3 3 PKG_TYPE=XXXXXX
U 0 0 10 0 3 0 HETERO=xc7z100ff900_0,xc7z100ff900_9,xc7z100ff900_10,xc7z100ff900_11,xc7z100ff900_12,xc7z100ff900_13,xc7z100ff900_33,xc7z100ff900_34,xc7z100ff900_35,xc7z100ff900_109,xc7z100ff900_110,xc7z100ff900_111,xc7z100ff900_112,xc7z100ff900_500,xc7z100ff900_501,xc7z100ff900_502,xc7z100ff900_MGTAVCC,xc7z100ff900_MGTAVTT,xc7z100ff900_MGTVCCAUX,xc7z100ff900_GND,xc7z100ff900_VCCINT,xc7z100ff900_VCCAUX,xc7z100ff900_VCCAUX_IO_G0,xc7z100ff900_VCCBRAM,xc7z100ff900_VCCPAUX,xc7z100ff900_VCCPINT,xc7z100ff900_VCCPLL
U 0 -10 10 0 3 0 PARTS=1
U 0 -20 10 0 3 0 LEVEL=STD
U 0 -30 10 0 3 0 DATE=2015_02_20
E
