V 50
K 153165148200 xc7z010clg225
Y 1
D 0 0 400 530
Z 10
i 946
b 50 50 350 480
P 1 400 100 350 100 0 3 0
A 355 100 10 0 3 0 #=A1
L 345 100 10 0 8 0 1 0 GND_A1
A 405 100 10 0 2 0 PINTYPE=BI
P 2 400 110 350 110 0 3 0
A 355 110 10 0 3 0 #=A11
L 345 110 10 0 8 0 1 0 GND_A11
A 405 110 10 0 2 0 PINTYPE=BI
P 3 400 120 350 120 0 3 0
A 355 120 10 0 3 0 #=B8
L 345 120 10 0 8 0 1 0 GND_B8
A 405 120 10 0 2 0 PINTYPE=BI
P 4 400 130 350 130 0 3 0
A 355 130 10 0 3 0 #=C15
L 345 130 10 0 8 0 1 0 GND_C15
A 405 130 10 0 2 0 PINTYPE=BI
P 5 400 140 350 140 0 3 0
A 355 140 10 0 3 0 #=C5
L 345 140 10 0 8 0 1 0 GND_C5
A 405 140 10 0 2 0 PINTYPE=BI
P 6 400 150 350 150 0 3 0
A 355 150 10 0 3 0 #=D12
L 345 150 10 0 8 0 1 0 GND_D12
A 405 150 10 0 2 0 PINTYPE=BI
P 7 400 160 350 160 0 3 0
A 355 160 10 0 3 0 #=D2
L 345 160 10 0 8 0 1 0 GND_D2
A 405 160 10 0 2 0 PINTYPE=BI
P 8 400 170 350 170 0 3 0
A 355 170 10 0 3 0 #=E5
L 345 170 10 0 8 0 1 0 GND_E5
A 405 170 10 0 2 0 PINTYPE=BI
P 9 400 180 350 180 0 3 0
A 355 180 10 0 3 0 #=E7
L 345 180 10 0 8 0 1 0 GND_E7
A 405 180 10 0 2 0 PINTYPE=BI
P 10 400 190 350 190 0 3 0
A 355 190 10 0 3 0 #=E9
L 345 190 10 0 8 0 1 0 GND_E9
A 405 190 10 0 2 0 PINTYPE=BI
P 11 400 200 350 200 0 3 0
A 355 200 10 0 3 0 #=F10
L 345 200 10 0 8 0 1 0 GND_F10
A 405 200 10 0 2 0 PINTYPE=BI
P 12 400 210 350 210 0 3 0
A 355 210 10 0 3 0 #=G13
L 345 210 10 0 8 0 1 0 GND_G13
A 405 210 10 0 2 0 PINTYPE=BI
P 13 400 220 350 220 0 3 0
A 355 220 10 0 3 0 #=G3
L 345 220 10 0 8 0 1 0 GND_G3
A 405 220 10 0 2 0 PINTYPE=BI
P 14 400 230 350 230 0 3 0
A 355 230 10 0 3 0 #=G5
L 345 230 10 0 8 0 1 0 GND_G5
A 405 230 10 0 2 0 PINTYPE=BI
P 15 400 240 350 240 0 3 0
A 355 240 10 0 3 0 #=H10
L 345 240 10 0 8 0 1 0 GND_H10
A 405 240 10 0 2 0 PINTYPE=BI
P 16 400 250 350 250 0 3 0
A 355 250 10 0 3 0 #=H6
L 345 250 10 0 8 0 1 0 GND_H6
A 405 250 10 0 2 0 PINTYPE=BI
P 17 400 260 350 260 0 3 0
A 355 260 10 0 3 0 #=J5
L 345 260 10 0 8 0 1 0 GND_J5
A 405 260 10 0 2 0 PINTYPE=BI
P 18 400 270 350 270 0 3 0
A 355 270 10 0 3 0 #=J9
L 345 270 10 0 8 0 1 0 GND_J9
A 405 270 10 0 2 0 PINTYPE=BI
P 19 400 280 350 280 0 3 0
A 355 280 10 0 3 0 #=K10
L 345 280 10 0 8 0 1 0 GND_K10
A 405 280 10 0 2 0 PINTYPE=BI
P 20 400 290 350 290 0 3 0
A 355 290 10 0 3 0 #=K14
L 345 290 10 0 8 0 1 0 GND_K14
A 405 290 10 0 2 0 PINTYPE=BI
P 21 400 300 350 300 0 3 0
A 355 300 10 0 3 0 #=K4
L 345 300 10 0 8 0 1 0 GND_K4
A 405 300 10 0 2 0 PINTYPE=BI
P 22 400 310 350 310 0 3 0
A 355 310 10 0 3 0 #=K7
L 345 310 10 0 8 0 1 0 GND_K7
A 405 310 10 0 2 0 PINTYPE=BI
P 23 400 320 350 320 0 3 0
A 355 320 10 0 3 0 #=L1
L 345 320 10 0 8 0 1 0 GND_L1
A 405 320 10 0 2 0 PINTYPE=BI
P 24 400 330 350 330 0 3 0
A 355 330 10 0 3 0 #=L11
L 345 330 10 0 8 0 1 0 GND_L11
A 405 330 10 0 2 0 PINTYPE=BI
P 25 400 340 350 340 0 3 0
A 355 340 10 0 3 0 #=L5
L 345 340 10 0 8 0 1 0 GND_L5
A 405 340 10 0 2 0 PINTYPE=BI
P 26 400 350 350 350 0 3 0
A 355 350 10 0 3 0 #=M8
L 345 350 10 0 8 0 1 0 GND_M8
A 405 350 10 0 2 0 PINTYPE=BI
P 27 400 360 350 360 0 3 0
A 355 360 10 0 3 0 #=N15
L 345 360 10 0 8 0 1 0 GND_N15
A 405 360 10 0 2 0 PINTYPE=BI
P 28 400 370 350 370 0 3 0
A 355 370 10 0 3 0 #=N5
L 345 370 10 0 8 0 1 0 GND_N5
A 405 370 10 0 2 0 PINTYPE=BI
P 29 400 380 350 380 0 3 0
A 355 380 10 0 3 0 #=P12
L 345 380 10 0 8 0 1 0 GND_P12
A 405 380 10 0 2 0 PINTYPE=BI
P 30 400 390 350 390 0 3 0
A 355 390 10 0 3 0 #=P2
L 345 390 10 0 8 0 1 0 GND_P2
A 405 390 10 0 2 0 PINTYPE=BI
P 31 400 400 350 400 0 3 0
A 355 400 10 0 3 0 #=R9
L 345 400 10 0 8 0 1 0 GND_R9
A 405 400 10 0 2 0 PINTYPE=BI
T 220 420 20 0 5 XC7Z010CLG225
T 220 440 20 0 5 BANK GND
c 70 460 10
U 50 490 10 0 3 3 DEVICE=XXXXXX
U 50 30 16 0 3 3 REFDES=U?
U 250 30 10 0 3 3 PKG_TYPE=XXXXXX
U 0 0 10 0 3 0 HETERO=xc7z010clg225_0,xc7z010clg225_34,xc7z010clg225_35,xc7z010clg225_500,xc7z010clg225_501,xc7z010clg225_502,xc7z010clg225_GND,xc7z010clg225_VCCINT,xc7z010clg225_VCCAUX,xc7z010clg225_VCCPAUX,xc7z010clg225_VCCPINT,xc7z010clg225_VCCPLL
U 0 -10 10 0 3 0 PARTS=1
U 0 -20 10 0 3 0 LEVEL=STD
U 0 -30 10 0 3 0 DATE=2012_08_08
E
