V 50
K 153165148200 xc7z100ff1156
Y 1
D 0 0 400 430
Z 10
i 946
b 50 50 350 380
P 1 0 100 50 100 0 2 0
A 45 100 10 0 9 0 #=H25
L 55 100 10 0 2 0 1 0 VCCO_MIO0_500_H25
A 10 100 10 0 2 0 PINTYPE=BI
P 2 0 110 50 110 0 2 0
A 45 110 10 0 9 0 #=E24
L 55 110 10 0 2 0 1 0 VCCO_MIO0_500_E24
A 10 110 10 0 2 0 PINTYPE=BI
P 3 0 120 50 120 0 2 0
A 45 120 10 0 9 0 #=A26
L 55 120 10 0 2 0 1 0 VCCO_MIO0_500_A26
A 10 120 10 0 2 0 PINTYPE=BI
P 4 400 100 350 100 0 3 0
A 355 100 10 0 3 0 #=B25
L 345 100 10 0 8 0 1 0 PS_MIO15_500_B25
A 405 100 10 0 2 0 PINTYPE=BI
P 5 400 110 350 110 0 3 0
A 355 110 10 0 3 0 #=A25
L 345 110 10 0 8 0 1 0 PS_MIO14_500_A25
A 405 110 10 0 2 0 PINTYPE=BI
P 6 400 120 350 120 0 3 0
A 355 120 10 0 3 0 #=A27
L 345 120 10 0 8 0 1 0 PS_MIO13_500_A27
A 405 120 10 0 2 0 PINTYPE=BI
P 7 400 130 350 130 0 3 0
A 355 130 10 0 3 0 #=D24
L 345 130 10 0 8 0 1 0 PS_MIO12_500_D24
A 405 130 10 0 2 0 PINTYPE=BI
P 8 400 140 350 140 0 3 0
A 355 140 10 0 3 0 #=B26
L 345 140 10 0 8 0 1 0 PS_MIO11_500_B26
A 405 140 10 0 2 0 PINTYPE=BI
P 9 400 150 350 150 0 3 0
A 355 150 10 0 3 0 #=D25
L 345 150 10 0 8 0 1 0 PS_MIO10_500_D25
A 405 150 10 0 2 0 PINTYPE=BI
P 10 400 160 350 160 0 3 0
A 355 160 10 0 3 0 #=G25
L 345 160 10 0 8 0 1 0 PS_MIO9_500_G25
A 405 160 10 0 2 0 PINTYPE=BI
P 11 400 170 350 170 0 3 0
A 355 170 10 0 3 0 #=G24
L 345 170 10 0 8 0 1 0 PS_MIO8_500_G24
A 405 170 10 0 2 0 PINTYPE=BI
P 12 400 180 350 180 0 3 0
A 355 180 10 0 3 0 #=E25
L 345 180 10 0 8 0 1 0 PS_MIO7_500_E25
A 405 180 10 0 2 0 PINTYPE=BI
P 13 400 190 350 190 0 3 0
A 355 190 10 0 3 0 #=F25
L 345 190 10 0 8 0 1 0 PS_MIO6_500_F25
A 405 190 10 0 2 0 PINTYPE=BI
P 14 400 200 350 200 0 3 0
A 355 200 10 0 3 0 #=B27
L 345 200 10 0 8 0 1 0 PS_MIO5_500_B27
A 405 200 10 0 2 0 PINTYPE=BI
P 15 400 210 350 210 0 3 0
A 355 210 10 0 3 0 #=E26
L 345 210 10 0 8 0 1 0 PS_MIO4_500_E26
A 405 210 10 0 2 0 PINTYPE=BI
P 16 400 220 350 220 0 3 0
A 355 220 10 0 3 0 #=D26
L 345 220 10 0 8 0 1 0 PS_MIO3_500_D26
A 405 220 10 0 2 0 PINTYPE=BI
P 17 400 230 350 230 0 3 0
A 355 230 10 0 3 0 #=J26
L 345 230 10 0 8 0 1 0 PS_MIO2_500_J26
A 405 230 10 0 2 0 PINTYPE=BI
P 18 400 240 350 240 0 3 0
A 355 240 10 0 3 0 #=C26
L 345 240 10 0 8 0 1 0 PS_MIO1_500_C26
A 405 240 10 0 2 0 PINTYPE=BI
P 19 400 250 350 250 0 3 0
A 355 250 10 0 3 0 #=J25
L 345 250 10 0 8 0 1 0 PS_MIO0_500_J25
A 405 250 10 0 2 0 PINTYPE=BI
P 20 400 260 350 260 0 3 0
A 355 260 10 0 3 0 #=H24
L 345 260 10 0 8 0 1 0 PS_CLK_500_H24
A 405 260 10 0 2 0 PINTYPE=BI
P 21 400 270 350 270 0 3 0
A 355 270 10 0 3 0 #=F24
L 345 270 10 0 8 0 1 0 PS_POR_B_500_F24
A 405 270 10 0 2 0 PINTYPE=BI
T 220 290 20 0 5 XC7Z100FF1156
T 220 310 20 0 5 BANK 500_H
c 70 360 10
U 50 390 10 0 3 3 DEVICE=XXXXXX
U 50 30 16 0 3 3 REFDES=U?
U 250 30 10 0 3 3 PKG_TYPE=XXXXXX
U 0 0 10 0 3 0 HETERO=xc7z100ff1156_0_H,xc7z100ff1156_9_H,xc7z100ff1156_10_H,xc7z100ff1156_11_H,xc7z100ff1156_12_H,xc7z100ff1156_13_H,xc7z100ff1156_33_H,xc7z100ff1156_34_H,xc7z100ff1156_35_H,xc7z100ff1156_500_H,xc7z100ff1156_501_H,xc7z100ff1156_502_H,xc7z100ff1156_GND_H
U 0 -10 10 0 3 0 PARTS=1
U 0 -20 10 0 3 0 LEVEL=STD
U 0 -30 10 0 3 0 DATE=2013_01_17
E
