V 50
K 153165148200 xc7z100ff900
Y 1
D 0 0 400 360
Z 10
i 946
b 50 50 350 310
P 1 0 100 50 100 0 2 0
A 45 100 10 0 9 0 #=Y19
L 55 100 10 0 2 0 1 0 VCCO_9_Y19
A 10 100 10 0 2 0 PINTYPE=BI
P 2 0 110 50 110 0 2 0
A 45 110 10 0 9 0 #=AC20
L 55 110 10 0 2 0 1 0 VCCO_9_AC20
A 10 110 10 0 2 0 PINTYPE=BI
P 3 400 100 350 100 0 3 0
A 355 100 10 0 3 0 #=AE20
L 345 100 10 0 8 0 1 0 IO_L19N_T3_VREF_9_AE20
A 405 100 10 0 2 0 PINTYPE=BI
P 4 400 110 350 110 0 3 0
A 355 110 10 0 3 0 #=AD20
L 345 110 10 0 8 0 1 0 IO_L19P_T3_9_AD20
A 405 110 10 0 2 0 PINTYPE=BI
P 5 400 120 350 120 0 3 0
A 355 120 10 0 3 0 #=AB20
L 345 120 10 0 8 0 1 0 IO_L14N_T2_SRCC_9_AB20
A 405 120 10 0 2 0 PINTYPE=BI
P 6 400 130 350 130 0 3 0
A 355 130 10 0 3 0 #=AB19
L 345 130 10 0 8 0 1 0 IO_L14P_T2_SRCC_9_AB19
A 405 130 10 0 2 0 PINTYPE=BI
P 7 400 140 350 140 0 3 0
A 355 140 10 0 3 0 #=AA19
L 345 140 10 0 8 0 1 0 IO_L13N_T2_MRCC_9_AA19
A 405 140 10 0 2 0 PINTYPE=BI
P 8 400 150 350 150 0 3 0
A 355 150 10 0 3 0 #=AA18
L 345 150 10 0 8 0 1 0 IO_L13P_T2_MRCC_9_AA18
A 405 150 10 0 2 0 PINTYPE=BI
P 9 400 160 350 160 0 3 0
A 355 160 10 0 3 0 #=AD19
L 345 160 10 0 8 0 1 0 IO_L12N_T1_MRCC_9_AD19
A 405 160 10 0 2 0 PINTYPE=BI
P 10 400 170 350 170 0 3 0
A 355 170 10 0 3 0 #=AD18
L 345 170 10 0 8 0 1 0 IO_L12P_T1_MRCC_9_AD18
A 405 170 10 0 2 0 PINTYPE=BI
P 11 400 180 350 180 0 3 0
A 355 180 10 0 3 0 #=AC19
L 345 180 10 0 8 0 1 0 IO_L11N_T1_SRCC_9_AC19
A 405 180 10 0 2 0 PINTYPE=BI
P 12 400 190 350 190 0 3 0
A 355 190 10 0 3 0 #=AC18
L 345 190 10 0 8 0 1 0 IO_L11P_T1_SRCC_9_AC18
A 405 190 10 0 2 0 PINTYPE=BI
P 13 400 200 350 200 0 3 0
A 355 200 10 0 3 0 #=AA20
L 345 200 10 0 8 0 1 0 IO_L6N_T0_VREF_9_AA20
A 405 200 10 0 2 0 PINTYPE=BI
P 14 400 210 350 210 0 3 0
A 355 210 10 0 3 0 #=Y20
L 345 210 10 0 8 0 1 0 IO_L6P_T0_9_Y20
A 405 210 10 0 2 0 PINTYPE=BI
T 220 230 20 0 5 XC7z100ff900
T 220 250 20 0 5 BANK 9
c 70 290 10
U 50 320 10 0 3 3 DEVICE=XXXXXX
U 50 30 16 0 3 3 REFDES=U?
U 250 30 10 0 3 3 PKG_TYPE=XXXXXX
U 0 0 10 0 3 0 HETERO=xc7z100ff900_0,xc7z100ff900_9,xc7z100ff900_10,xc7z100ff900_11,xc7z100ff900_12,xc7z100ff900_13,xc7z100ff900_33,xc7z100ff900_34,xc7z100ff900_35,xc7z100ff900_109,xc7z100ff900_110,xc7z100ff900_111,xc7z100ff900_112,xc7z100ff900_500,xc7z100ff900_501,xc7z100ff900_502,xc7z100ff900_MGTAVCC,xc7z100ff900_MGTAVTT,xc7z100ff900_MGTVCCAUX,xc7z100ff900_GND,xc7z100ff900_VCCINT,xc7z100ff900_VCCAUX,xc7z100ff900_VCCAUX_IO_G0,xc7z100ff900_VCCBRAM,xc7z100ff900_VCCPAUX,xc7z100ff900_VCCPINT,xc7z100ff900_VCCPLL
U 0 -10 10 0 3 0 PARTS=1
U 0 -20 10 0 3 0 LEVEL=STD
U 0 -30 10 0 3 0 DATE=2015_02_20
E
