V 50
K 153165148200 xc7z100ff1156
Y 1
D 0 0 400 290
Z 10
i 946
b 50 50 350 240
P 1 400 100 350 100 0 3 0
A 355 100 10 0 3 0 #=K23
L 345 100 10 0 8 0 1 0 VCCPAUX_K23
A 405 100 10 0 2 0 PINTYPE=BI
P 2 400 110 350 110 0 3 0
A 355 110 10 0 3 0 #=L24
L 345 110 10 0 8 0 1 0 VCCPAUX_L24
A 405 110 10 0 2 0 PINTYPE=BI
P 3 400 120 350 120 0 3 0
A 355 120 10 0 3 0 #=M25
L 345 120 10 0 8 0 1 0 VCCPAUX_M25
A 405 120 10 0 2 0 PINTYPE=BI
P 4 400 130 350 130 0 3 0
A 355 130 10 0 3 0 #=N24
L 345 130 10 0 8 0 1 0 VCCPAUX_N24
A 405 130 10 0 2 0 PINTYPE=BI
P 5 400 140 350 140 0 3 0
A 355 140 10 0 3 0 #=P25
L 345 140 10 0 8 0 1 0 VCCPAUX_P25
A 405 140 10 0 2 0 PINTYPE=BI
P 6 400 150 350 150 0 3 0
A 355 150 10 0 3 0 #=R24
L 345 150 10 0 8 0 1 0 VCCPAUX_R24
A 405 150 10 0 2 0 PINTYPE=BI
P 7 400 160 350 160 0 3 0
A 355 160 10 0 3 0 #=T25
L 345 160 10 0 8 0 1 0 VCCPAUX_T25
A 405 160 10 0 2 0 PINTYPE=BI
T 220 180 20 0 5 XC7Z100FF1156
T 220 200 20 0 5 BANK VCCPAUX
c 70 220 10
U 50 250 10 0 3 3 DEVICE=XXXXXX
U 50 30 16 0 3 3 REFDES=U?
U 250 30 10 0 3 3 PKG_TYPE=XXXXXX
U 0 0 10 0 3 0 HETERO=xc7z100ff1156e_0,xc7z100ff1156e_9,xc7z100ff1156e_10,xc7z100ff1156e_11,xc7z100ff1156e_12,xc7z100ff1156e_13,xc7z100ff1156e_33,xc7z100ff1156e_34,xc7z100ff1156e_35,xc7z100ff1156e_109,xc7z100ff1156e_110,xc7z100ff1156e_111,xc7z100ff1156e_112,xc7z100ff1156e_500,xc7z100ff1156e_501,xc7z100ff1156e_502,xc7z100ff1156e_GND1,xc7z100ff1156e_GND2,xc7z100ff1156e_MGTAVCC,xc7z100ff1156e_MGTAVTT,xc7z100ff1156e_MGTVCCAUX,xc7z100ff1156e_VCCAUX,xc7z100ff1156e_VCCAUX_IO_G0,xc7z100ff1156e_VCCBRAM,xc7z100ff1156e_VCCINT,xc7z100ff1156e_VCCPAUX,xc7z100ff1156e_VCCPINT,xc7z100ff1156e_VCCPLL
U 0 -10 10 0 3 0 PARTS=1
U 0 -20 10 0 3 0 LEVEL=STD
U 0 -30 10 0 3 0 DATE=2013_01_17
E
