V 50
K 153165148200 xc7z020csg484
Y 1
D 0 0 400 870
Z 10
i 946
b 50 50 350 820
P 1 400 100 350 100 0 3 0
A 355 100 10 0 3 0 #=Y1
L 345 100 10 0 8 0 1 0 PS_DDR_DQ31_Y1
A 405 100 10 0 2 0 PINTYPE=BI
P 2 400 110 350 110 0 3 0
A 355 110 10 0 3 0 #=W3
L 345 110 10 0 8 0 1 0 PS_DDR_DQ30_W3
A 405 110 10 0 2 0 PINTYPE=BI
P 3 400 120 350 120 0 3 0
A 355 120 10 0 3 0 #=Y3
L 345 120 10 0 8 0 1 0 PS_DDR_DQ29_Y3
A 405 120 10 0 2 0 PINTYPE=BI
P 4 400 130 350 130 0 3 0
A 355 130 10 0 3 0 #=W1
L 345 130 10 0 8 0 1 0 PS_DDR_DQ28_W1
A 405 130 10 0 2 0 PINTYPE=BI
P 5 400 140 350 140 0 3 0
A 355 140 10 0 3 0 #=W2
L 345 140 10 0 8 0 1 0 PS_DDR_DQS_N3_W2
A 405 140 10 0 2 0 PINTYPE=BI
P 6 400 150 350 150 0 3 0
A 355 150 10 0 3 0 #=V2
L 345 150 10 0 8 0 1 0 PS_DDR_DQS_P3_V2
A 405 150 10 0 2 0 PINTYPE=BI
P 7 400 160 350 160 0 3 0
A 355 160 10 0 3 0 #=AA2
L 345 160 10 0 8 0 1 0 PS_DDR_DM3_AA2
A 405 160 10 0 2 0 PINTYPE=BI
P 8 400 170 350 170 0 3 0
A 355 170 10 0 3 0 #=U2
L 345 170 10 0 8 0 1 0 PS_DDR_DQ27_U2
A 405 170 10 0 2 0 PINTYPE=BI
P 9 400 180 350 180 0 3 0
A 355 180 10 0 3 0 #=AA1
L 345 180 10 0 8 0 1 0 PS_DDR_DQ26_AA1
A 405 180 10 0 2 0 PINTYPE=BI
P 10 400 190 350 190 0 3 0
A 355 190 10 0 3 0 #=U1
L 345 190 10 0 8 0 1 0 PS_DDR_DQ25_U1
A 405 190 10 0 2 0 PINTYPE=BI
P 11 400 200 350 200 0 3 0
A 355 200 10 0 3 0 #=AA3
L 345 200 10 0 8 0 1 0 PS_DDR_DQ24_AA3
A 405 200 10 0 2 0 PINTYPE=BI
P 12 400 210 350 210 0 3 0
A 355 210 10 0 3 0 #=R1
L 345 210 10 0 8 0 1 0 PS_DDR_DQ23_R1
A 405 210 10 0 2 0 PINTYPE=BI
P 13 400 220 350 220 0 3 0
A 355 220 10 0 3 0 #=M2
L 345 220 10 0 8 0 1 0 PS_DDR_DQ22_M2
A 405 220 10 0 2 0 PINTYPE=BI
P 14 400 230 350 230 0 3 0
A 355 230 10 0 3 0 #=T2
L 345 230 10 0 8 0 1 0 PS_DDR_DQ21_T2
A 405 230 10 0 2 0 PINTYPE=BI
P 15 400 240 350 240 0 3 0
A 355 240 10 0 3 0 #=R3
L 345 240 10 0 8 0 1 0 PS_DDR_DQ20_R3
A 405 240 10 0 2 0 PINTYPE=BI
P 16 400 250 350 250 0 3 0
A 355 250 10 0 3 0 #=P2
L 345 250 10 0 8 0 1 0 PS_DDR_DQS_N2_P2
A 405 250 10 0 2 0 PINTYPE=BI
P 17 400 260 350 260 0 3 0
A 355 260 10 0 3 0 #=N2
L 345 260 10 0 8 0 1 0 PS_DDR_DQS_P2_N2
A 405 260 10 0 2 0 PINTYPE=BI
P 18 400 270 350 270 0 3 0
A 355 270 10 0 3 0 #=P1
L 345 270 10 0 8 0 1 0 PS_DDR_DM2_P1
A 405 270 10 0 2 0 PINTYPE=BI
P 19 400 280 350 280 0 3 0
A 355 280 10 0 3 0 #=T1
L 345 280 10 0 8 0 1 0 PS_DDR_DQ19_T1
A 405 280 10 0 2 0 PINTYPE=BI
P 20 400 290 350 290 0 3 0
A 355 290 10 0 3 0 #=N3
L 345 290 10 0 8 0 1 0 PS_DDR_DQ18_N3
A 405 290 10 0 2 0 PINTYPE=BI
P 21 400 300 350 300 0 3 0
A 355 300 10 0 3 0 #=T3
L 345 300 10 0 8 0 1 0 PS_DDR_DQ17_T3
A 405 300 10 0 2 0 PINTYPE=BI
P 22 400 310 350 310 0 3 0
A 355 310 10 0 3 0 #=M1
L 345 310 10 0 8 0 1 0 PS_DDR_DQ16_M1
A 405 310 10 0 2 0 PINTYPE=BI
P 23 400 320 350 320 0 3 0
A 355 320 10 0 3 0 #=R5
L 345 320 10 0 8 0 1 0 PS_DDR_RAS_B_R5
A 405 320 10 0 2 0 PINTYPE=BI
P 24 400 330 350 330 0 3 0
A 355 330 10 0 3 0 #=P3
L 345 330 10 0 8 0 1 0 PS_DDR_CAS_B_P3
A 405 330 10 0 2 0 PINTYPE=BI
P 25 400 340 350 340 0 3 0
A 355 340 10 0 3 0 #=R4
L 345 340 10 0 8 0 1 0 PS_DDR_WE_B_R4
A 405 340 10 0 2 0 PINTYPE=BI
P 26 400 350 350 350 0 3 0
A 355 350 10 0 3 0 #=V3
L 345 350 10 0 8 0 1 0 PS_DDR_CKE_V3
A 405 350 10 0 2 0 PINTYPE=BI
P 27 400 360 350 360 0 3 0
A 355 360 10 0 3 0 #=P6
L 345 360 10 0 8 0 1 0 PS_DDR_CS_B_P6
A 405 360 10 0 2 0 PINTYPE=BI
P 28 400 370 350 370 0 3 0
A 355 370 10 0 3 0 #=P5
L 345 370 10 0 8 0 1 0 PS_DDR_ODT_P5
A 405 370 10 0 2 0 PINTYPE=BI
P 29 400 380 350 380 0 3 0
A 355 380 10 0 3 0 #=L7
L 345 380 10 0 8 0 1 0 PS_DDR_BA0_L7
A 405 380 10 0 2 0 PINTYPE=BI
P 30 400 390 350 390 0 3 0
A 355 390 10 0 3 0 #=L6
L 345 390 10 0 8 0 1 0 PS_DDR_BA1_L6
A 405 390 10 0 2 0 PINTYPE=BI
P 31 400 400 350 400 0 3 0
A 355 400 10 0 3 0 #=M6
L 345 400 10 0 8 0 1 0 PS_DDR_BA2_M6
A 405 400 10 0 2 0 PINTYPE=BI
P 32 400 410 350 410 0 3 0
A 355 410 10 0 3 0 #=M4
L 345 410 10 0 8 0 1 0 PS_DDR_A0_M4
A 405 410 10 0 2 0 PINTYPE=BI
P 33 400 420 350 420 0 3 0
A 355 420 10 0 3 0 #=M5
L 345 420 10 0 8 0 1 0 PS_DDR_A1_M5
A 405 420 10 0 2 0 PINTYPE=BI
P 34 400 430 350 430 0 3 0
A 355 430 10 0 3 0 #=K4
L 345 430 10 0 8 0 1 0 PS_DDR_A2_K4
A 405 430 10 0 2 0 PINTYPE=BI
P 35 400 440 350 440 0 3 0
A 355 440 10 0 3 0 #=N5
L 345 440 10 0 8 0 1 0 PS_DDR_CKN_N5
A 405 440 10 0 2 0 PINTYPE=BI
P 36 400 450 350 450 0 3 0
A 355 450 10 0 3 0 #=N4
L 345 450 10 0 8 0 1 0 PS_DDR_CKP_N4
A 405 450 10 0 2 0 PINTYPE=BI
P 37 400 460 350 460 0 3 0
A 355 460 10 0 3 0 #=N7
L 345 460 10 0 8 0 1 0 PS_DDR_VRP_N7
A 405 460 10 0 2 0 PINTYPE=BI
P 38 400 470 350 470 0 3 0
A 355 470 10 0 3 0 #=M7
L 345 470 10 0 8 0 1 0 PS_DDR_VRN_M7
A 405 470 10 0 2 0 PINTYPE=BI
P 39 400 480 350 480 0 3 0
A 355 480 10 0 3 0 #=L4
L 345 480 10 0 8 0 1 0 PS_DDR_A3_L4
A 405 480 10 0 2 0 PINTYPE=BI
P 40 400 490 350 490 0 3 0
A 355 490 10 0 3 0 #=K6
L 345 490 10 0 8 0 1 0 PS_DDR_A4_K6
A 405 490 10 0 2 0 PINTYPE=BI
P 41 400 500 350 500 0 3 0
A 355 500 10 0 3 0 #=K5
L 345 500 10 0 8 0 1 0 PS_DDR_A5_K5
A 405 500 10 0 2 0 PINTYPE=BI
P 42 400 510 350 510 0 3 0
A 355 510 10 0 3 0 #=J7
L 345 510 10 0 8 0 1 0 PS_DDR_A6_J7
A 405 510 10 0 2 0 PINTYPE=BI
P 43 400 520 350 520 0 3 0
A 355 520 10 0 3 0 #=J6
L 345 520 10 0 8 0 1 0 PS_DDR_A7_J6
A 405 520 10 0 2 0 PINTYPE=BI
P 44 400 530 350 530 0 3 0
A 355 530 10 0 3 0 #=J5
L 345 530 10 0 8 0 1 0 PS_DDR_A8_J5
A 405 530 10 0 2 0 PINTYPE=BI
P 45 400 540 350 540 0 3 0
A 355 540 10 0 3 0 #=H5
L 345 540 10 0 8 0 1 0 PS_DDR_A9_H5
A 405 540 10 0 2 0 PINTYPE=BI
P 46 400 550 350 550 0 3 0
A 355 550 10 0 3 0 #=J3
L 345 550 10 0 8 0 1 0 PS_DDR_A10_J3
A 405 550 10 0 2 0 PINTYPE=BI
P 47 400 560 350 560 0 3 0
A 355 560 10 0 3 0 #=G5
L 345 560 10 0 8 0 1 0 PS_DDR_A11_G5
A 405 560 10 0 2 0 PINTYPE=BI
P 48 400 570 350 570 0 3 0
A 355 570 10 0 3 0 #=H4
L 345 570 10 0 8 0 1 0 PS_DDR_A12_H4
A 405 570 10 0 2 0 PINTYPE=BI
P 49 400 580 350 580 0 3 0
A 355 580 10 0 3 0 #=F4
L 345 580 10 0 8 0 1 0 PS_DDR_A13_F4
A 405 580 10 0 2 0 PINTYPE=BI
P 50 400 590 350 590 0 3 0
A 355 590 10 0 3 0 #=G4
L 345 590 10 0 8 0 1 0 PS_DDR_A14_G4
A 405 590 10 0 2 0 PINTYPE=BI
P 51 400 600 350 600 0 3 0
A 355 600 10 0 3 0 #=K3
L 345 600 10 0 8 0 1 0 PS_DDR_DQ15_K3
A 405 600 10 0 2 0 PINTYPE=BI
P 52 400 610 350 610 0 3 0
A 355 610 10 0 3 0 #=J1
L 345 610 10 0 8 0 1 0 PS_DDR_DQ14_J1
A 405 610 10 0 2 0 PINTYPE=BI
P 53 400 620 350 620 0 3 0
A 355 620 10 0 3 0 #=K1
L 345 620 10 0 8 0 1 0 PS_DDR_DQ13_K1
A 405 620 10 0 2 0 PINTYPE=BI
P 54 400 630 350 630 0 3 0
A 355 630 10 0 3 0 #=L3
L 345 630 10 0 8 0 1 0 PS_DDR_DQ12_L3
A 405 630 10 0 2 0 PINTYPE=BI
P 55 400 640 350 640 0 3 0
A 355 640 10 0 3 0 #=J2
L 345 640 10 0 8 0 1 0 PS_DDR_DQS_N1_J2
A 405 640 10 0 2 0 PINTYPE=BI
P 56 400 650 350 650 0 3 0
A 355 650 10 0 3 0 #=H2
L 345 650 10 0 8 0 1 0 PS_DDR_DQS_P1_H2
A 405 650 10 0 2 0 PINTYPE=BI
P 57 400 660 350 660 0 3 0
A 355 660 10 0 3 0 #=H3
L 345 660 10 0 8 0 1 0 PS_DDR_DM1_H3
A 405 660 10 0 2 0 PINTYPE=BI
P 58 400 670 350 670 0 3 0
A 355 670 10 0 3 0 #=L2
L 345 670 10 0 8 0 1 0 PS_DDR_DQ11_L2
A 405 670 10 0 2 0 PINTYPE=BI
P 59 400 680 350 680 0 3 0
A 355 680 10 0 3 0 #=L1
L 345 680 10 0 8 0 1 0 PS_DDR_DQ10_L1
A 405 680 10 0 2 0 PINTYPE=BI
P 60 400 690 350 690 0 3 0
A 355 690 10 0 3 0 #=G1
L 345 690 10 0 8 0 1 0 PS_DDR_DQ9_G1
A 405 690 10 0 2 0 PINTYPE=BI
P 61 400 700 350 700 0 3 0
A 355 700 10 0 3 0 #=G2
L 345 700 10 0 8 0 1 0 PS_DDR_DQ8_G2
A 405 700 10 0 2 0 PINTYPE=BI
P 62 400 710 350 710 0 3 0
A 355 710 10 0 3 0 #=F1
L 345 710 10 0 8 0 1 0 PS_DDR_DQ7_F1
A 405 710 10 0 2 0 PINTYPE=BI
P 63 400 720 350 720 0 3 0
A 355 720 10 0 3 0 #=F2
L 345 720 10 0 8 0 1 0 PS_DDR_DQ6_F2
A 405 720 10 0 2 0 PINTYPE=BI
P 64 400 730 350 730 0 3 0
A 355 730 10 0 3 0 #=E1
L 345 730 10 0 8 0 1 0 PS_DDR_DQ5_E1
A 405 730 10 0 2 0 PINTYPE=BI
P 65 400 740 350 740 0 3 0
A 355 740 10 0 3 0 #=E3
L 345 740 10 0 8 0 1 0 PS_DDR_DQ4_E3
A 405 740 10 0 2 0 PINTYPE=BI
P 66 400 750 350 750 0 3 0
A 355 750 10 0 3 0 #=D2
L 345 750 10 0 8 0 1 0 PS_DDR_DQS_N0_D2
A 405 750 10 0 2 0 PINTYPE=BI
P 67 0 110 50 110 0 2 0
A 45 110 10 0 9 0 #=C2
L 55 110 10 0 2 0 1 0 PS_DDR_DQS_P0_C2
A 10 110 10 0 2 0 PINTYPE=BI
P 68 0 120 50 120 0 2 0
A 45 120 10 0 9 0 #=B1
L 55 120 10 0 2 0 1 0 PS_DDR_DM0_B1
A 10 120 10 0 2 0 PINTYPE=BI
P 69 0 130 50 130 0 2 0
A 45 130 10 0 9 0 #=D3
L 55 130 10 0 2 0 1 0 PS_DDR_DQ3_D3
A 10 130 10 0 2 0 PINTYPE=BI
P 70 0 140 50 140 0 2 0
A 45 140 10 0 9 0 #=B2
L 55 140 10 0 2 0 1 0 PS_DDR_DQ2_B2
A 10 140 10 0 2 0 PINTYPE=BI
P 71 0 150 50 150 0 2 0
A 45 150 10 0 9 0 #=C3
L 55 150 10 0 2 0 1 0 PS_DDR_DQ1_C3
A 10 150 10 0 2 0 PINTYPE=BI
P 72 0 160 50 160 0 2 0
A 45 160 10 0 9 0 #=D1
L 55 160 10 0 2 0 1 0 PS_DDR_DQ0_D1
A 10 160 10 0 2 0 PINTYPE=BI
P 73 0 170 50 170 0 2 0
A 45 170 10 0 9 0 #=F3
L 55 170 10 0 2 0 1 0 PS_DDR_DRST_B_F3
A 10 170 10 0 2 0 PINTYPE=BI
P 74 0 180 50 180 0 2 0
A 45 180 10 0 9 0 #=G6
L 55 180 10 0 2 0 1 0 PS_MIO0_G6
A 10 180 10 0 2 0 PINTYPE=BI
P 75 0 190 50 190 0 2 0
A 45 190 10 0 9 0 #=A1
L 55 190 10 0 2 0 1 0 PS_MIO1_A1
A 10 190 10 0 2 0 PINTYPE=BI
P 76 0 200 50 200 0 2 0
A 45 200 10 0 9 0 #=A2
L 55 200 10 0 2 0 1 0 PS_MIO2_A2
A 10 200 10 0 2 0 PINTYPE=BI
P 77 0 210 50 210 0 2 0
A 45 210 10 0 9 0 #=F6
L 55 210 10 0 2 0 1 0 PS_MIO3_F6
A 10 210 10 0 2 0 PINTYPE=BI
P 78 0 220 50 220 0 2 0
A 45 220 10 0 9 0 #=E4
L 55 220 10 0 2 0 1 0 PS_MIO4_E4
A 10 220 10 0 2 0 PINTYPE=BI
P 79 0 230 50 230 0 2 0
A 45 230 10 0 9 0 #=A3
L 55 230 10 0 2 0 1 0 PS_MIO5_A3
A 10 230 10 0 2 0 PINTYPE=BI
P 80 0 240 50 240 0 2 0
A 45 240 10 0 9 0 #=A4
L 55 240 10 0 2 0 1 0 PS_MIO6_A4
A 10 240 10 0 2 0 PINTYPE=BI
P 81 0 250 50 250 0 2 0
A 45 250 10 0 9 0 #=D5
L 55 250 10 0 2 0 1 0 PS_MIO7_D5
A 10 250 10 0 2 0 PINTYPE=BI
P 82 0 260 50 260 0 2 0
A 45 260 10 0 9 0 #=E5
L 55 260 10 0 2 0 1 0 PS_MIO8_E5
A 10 260 10 0 2 0 PINTYPE=BI
P 83 0 270 50 270 0 2 0
A 45 270 10 0 9 0 #=C4
L 55 270 10 0 2 0 1 0 PS_MIO9_C4
A 10 270 10 0 2 0 PINTYPE=BI
P 84 0 280 50 280 0 2 0
A 45 280 10 0 9 0 #=G7
L 55 280 10 0 2 0 1 0 PS_MIO10_G7
A 10 280 10 0 2 0 PINTYPE=BI
P 85 0 290 50 290 0 2 0
A 45 290 10 0 9 0 #=B4
L 55 290 10 0 2 0 1 0 PS_MIO11_B4
A 10 290 10 0 2 0 PINTYPE=BI
P 86 0 300 50 300 0 2 0
A 45 300 10 0 9 0 #=C5
L 55 300 10 0 2 0 1 0 PS_MIO12_C5
A 10 300 10 0 2 0 PINTYPE=BI
P 87 0 310 50 310 0 2 0
A 45 310 10 0 9 0 #=A6
L 55 310 10 0 2 0 1 0 PS_MIO13_A6
A 10 310 10 0 2 0 PINTYPE=BI
P 88 0 320 50 320 0 2 0
A 45 320 10 0 9 0 #=C12
L 55 320 10 0 2 0 1 0 PS_MIO53_C12
A 10 320 10 0 2 0 PINTYPE=BI
P 89 0 330 50 330 0 2 0
A 45 330 10 0 9 0 #=C10
L 55 330 10 0 2 0 1 0 PS_MIO51_C10
A 10 330 10 0 2 0 PINTYPE=BI
P 90 0 340 50 340 0 2 0
A 45 340 10 0 9 0 #=C14
L 55 340 10 0 2 0 1 0 PS_MIO49_C14
A 10 340 10 0 2 0 PINTYPE=BI
P 91 0 350 50 350 0 2 0
A 45 350 10 0 9 0 #=B10
L 55 350 10 0 2 0 1 0 PS_MIO47_B10
A 10 350 10 0 2 0 PINTYPE=BI
P 92 0 360 50 360 0 2 0
A 45 360 10 0 9 0 #=B9
L 55 360 10 0 2 0 1 0 PS_MIO45_B9
A 10 360 10 0 2 0 PINTYPE=BI
P 93 0 370 50 370 0 2 0
A 45 370 10 0 9 0 #=B11
L 55 370 10 0 2 0 1 0 PS_MIO43_B11
A 10 370 10 0 2 0 PINTYPE=BI
P 94 0 380 50 380 0 2 0
A 45 380 10 0 9 0 #=C8
L 55 380 10 0 2 0 1 0 PS_MIO41_C8
A 10 380 10 0 2 0 PINTYPE=BI
P 95 0 390 50 390 0 2 0
A 45 390 10 0 9 0 #=C13
L 55 390 10 0 2 0 1 0 PS_MIO39_C13
A 10 390 10 0 2 0 PINTYPE=BI
P 96 0 400 50 400 0 2 0
A 45 400 10 0 9 0 #=B14
L 55 400 10 0 2 0 1 0 PS_MIO37_B14
A 10 400 10 0 2 0 PINTYPE=BI
P 97 0 410 50 410 0 2 0
A 45 410 10 0 9 0 #=A9
L 55 410 10 0 2 0 1 0 PS_MIO36_A9
A 10 410 10 0 2 0 PINTYPE=BI
P 98 0 420 50 420 0 2 0
A 45 420 10 0 9 0 #=B12
L 55 420 10 0 2 0 1 0 PS_MIO34_B12
A 10 420 10 0 2 0 PINTYPE=BI
P 99 0 430 50 430 0 2 0
A 45 430 10 0 9 0 #=C7
L 55 430 10 0 2 0 1 0 PS_MIO32_C7
A 10 430 10 0 2 0 PINTYPE=BI
P 100 0 440 50 440 0 2 0
A 45 440 10 0 9 0 #=A11
L 55 440 10 0 2 0 1 0 PS_MIO30_A11
A 10 440 10 0 2 0 PINTYPE=BI
P 101 0 450 50 450 0 2 0
A 45 450 10 0 9 0 #=A12
L 55 450 10 0 2 0 1 0 PS_MIO28_A12
A 10 450 10 0 2 0 PINTYPE=BI
P 102 0 460 50 460 0 2 0
A 45 460 10 0 9 0 #=A13
L 55 460 10 0 2 0 1 0 PS_MIO26_A13
A 10 460 10 0 2 0 PINTYPE=BI
P 103 0 470 50 470 0 2 0
A 45 470 10 0 9 0 #=B7
L 55 470 10 0 2 0 1 0 PS_MIO24_B7
A 10 470 10 0 2 0 PINTYPE=BI
P 104 0 480 50 480 0 2 0
A 45 480 10 0 9 0 #=A14
L 55 480 10 0 2 0 1 0 PS_MIO22_A14
A 10 480 10 0 2 0 PINTYPE=BI
P 105 0 490 50 490 0 2 0
A 45 490 10 0 9 0 #=A8
L 55 490 10 0 2 0 1 0 PS_MIO20_A8
A 10 490 10 0 2 0 PINTYPE=BI
P 106 0 500 50 500 0 2 0
A 45 500 10 0 9 0 #=A7
L 55 500 10 0 2 0 1 0 PS_MIO18_A7
A 10 500 10 0 2 0 PINTYPE=BI
P 107 0 510 50 510 0 2 0
A 45 510 10 0 9 0 #=D6
L 55 510 10 0 2 0 1 0 PS_MIO16_D6
A 10 510 10 0 2 0 PINTYPE=BI
P 108 0 520 50 520 0 2 0
A 45 520 10 0 9 0 #=B6
L 55 520 10 0 2 0 1 0 PS_MIO14_B6
A 10 520 10 0 2 0 PINTYPE=BI
P 109 0 530 50 530 0 2 0
A 45 530 10 0 9 0 #=C9
L 55 530 10 0 2 0 1 0 PS_SRST_B_C9
A 10 530 10 0 2 0 PINTYPE=BI
P 110 0 540 50 540 0 2 0
A 45 540 10 0 9 0 #=D10
L 55 540 10 0 2 0 1 0 PS_MIO52_D10
A 10 540 10 0 2 0 PINTYPE=BI
P 111 0 550 50 550 0 2 0
A 45 550 10 0 9 0 #=D13
L 55 550 10 0 2 0 1 0 PS_MIO50_D13
A 10 550 10 0 2 0 PINTYPE=BI
P 112 0 560 50 560 0 2 0
A 45 560 10 0 9 0 #=D11
L 55 560 10 0 2 0 1 0 PS_MIO48_D11
A 10 560 10 0 2 0 PINTYPE=BI
P 113 0 570 50 570 0 2 0
A 45 570 10 0 9 0 #=D12
L 55 570 10 0 2 0 1 0 PS_MIO46_D12
A 10 570 10 0 2 0 PINTYPE=BI
P 114 0 580 50 580 0 2 0
A 45 580 10 0 9 0 #=E13
L 55 580 10 0 2 0 1 0 PS_MIO44_E13
A 10 580 10 0 2 0 PINTYPE=BI
P 115 0 590 50 590 0 2 0
A 45 590 10 0 9 0 #=D8
L 55 590 10 0 2 0 1 0 PS_MIO42_D8
A 10 590 10 0 2 0 PINTYPE=BI
P 116 0 600 50 600 0 2 0
A 45 600 10 0 9 0 #=E14
L 55 600 10 0 2 0 1 0 PS_MIO40_E14
A 10 600 10 0 2 0 PINTYPE=BI
P 117 0 610 50 610 0 2 0
A 45 610 10 0 9 0 #=F13
L 55 610 10 0 2 0 1 0 PS_MIO38_F13
A 10 610 10 0 2 0 PINTYPE=BI
P 118 0 620 50 620 0 2 0
A 45 620 10 0 9 0 #=F14
L 55 620 10 0 2 0 1 0 PS_MIO35_F14
A 10 620 10 0 2 0 PINTYPE=BI
P 119 0 630 50 630 0 2 0
A 45 630 10 0 9 0 #=G13
L 55 630 10 0 2 0 1 0 PS_MIO33_G13
A 10 630 10 0 2 0 PINTYPE=BI
P 120 0 640 50 640 0 2 0
A 45 640 10 0 9 0 #=F9
L 55 640 10 0 2 0 1 0 PS_MIO31_F9
A 10 640 10 0 2 0 PINTYPE=BI
P 121 0 650 50 650 0 2 0
A 45 650 10 0 9 0 #=E8
L 55 650 10 0 2 0 1 0 PS_MIO29_E8
A 10 650 10 0 2 0 PINTYPE=BI
P 122 0 660 50 660 0 2 0
A 45 660 10 0 9 0 #=D7
L 55 660 10 0 2 0 1 0 PS_MIO27_D7
A 10 660 10 0 2 0 PINTYPE=BI
P 123 0 670 50 670 0 2 0
A 45 670 10 0 9 0 #=F12
L 55 670 10 0 2 0 1 0 PS_MIO25_F12
A 10 670 10 0 2 0 PINTYPE=BI
P 124 0 680 50 680 0 2 0
A 45 680 10 0 9 0 #=E11
L 55 680 10 0 2 0 1 0 PS_MIO23_E11
A 10 680 10 0 2 0 PINTYPE=BI
P 125 0 690 50 690 0 2 0
A 45 690 10 0 9 0 #=F11
L 55 690 10 0 2 0 1 0 PS_MIO21_F11
A 10 690 10 0 2 0 PINTYPE=BI
P 126 0 700 50 700 0 2 0
A 45 700 10 0 9 0 #=E10
L 55 700 10 0 2 0 1 0 PS_MIO19_E10
A 10 700 10 0 2 0 PINTYPE=BI
P 127 0 710 50 710 0 2 0
A 45 710 10 0 9 0 #=E9
L 55 710 10 0 2 0 1 0 PS_MIO17_E9
A 10 710 10 0 2 0 PINTYPE=BI
P 128 0 720 50 720 0 2 0
A 45 720 10 0 9 0 #=E6
L 55 720 10 0 2 0 1 0 PS_MIO15_E6
A 10 720 10 0 2 0 PINTYPE=BI
P 129 0 730 50 730 0 2 0
A 45 730 10 0 9 0 #=B5
L 55 730 10 0 2 0 1 0 PS_POR_B_B5
A 10 730 10 0 2 0 PINTYPE=BI
P 130 0 740 50 740 0 2 0
A 45 740 10 0 9 0 #=F8
L 55 740 10 0 2 0 1 0 PS_VREF_MIO_15_F8
A 10 740 10 0 2 0 PINTYPE=BI
P 131 0 750 50 750 0 2 0
A 45 750 10 0 9 0 #=F7
L 55 750 10 0 2 0 1 0 PS_CLK_F7
A 10 750 10 0 2 0 PINTYPE=BI
T 220 770 20 0 5 XC7Z020CSG484
T 220 790 20 0 5 BANK 15
c 70 800 10
U 50 830 10 0 3 3 DEVICE=XXXXXX
U 50 30 16 0 3 3 REFDES=U?
U 250 30 10 0 3 3 PKG_TYPE=XXXXXX
U 0 0 10 0 3 0 HETERO=xc7z020csg484_0,xc7z020csg484_13,xc7z020csg484_15,xc7z020csg484_33,xc7z020csg484_34,xc7z020csg484_35,xc7z020csg484_GND,xc7z020csg484_VCCINT,xc7z020csg484_VCCAUX,xc7z020csg484_VCCBRAM,xc7z020csg484_VCCDDRO,xc7z020csg484_VCCPLL,xc7z020csg484_VCCPAUX,xc7z020csg484_VCCPINT,xc7z020csg484_VCCPO0,xc7z020csg484_VCCPO1,xc7z020csg484_PS_DDR_VREF0,xc7z020csg484_PS_DDR_VREF1
U 0 -10 10 0 3 0 PARTS=1
U 0 -20 10 0 3 0 LEVEL=STD
U 0 -30 10 0 3 0 DATE=2011_07_11
E
