V 50
K 153165148200 xcku040sfva784
Y 1
D 0 0 400 490
Z 10
i 946
b 50 50 350 440
P 1 400 100 350 100 0 3 0
A 355 100 10 0 3 3 #=K11
L 345 100 10 0 8 0 1 0 VCCINT_K11
A 405 100 10 0 2 0 PINTYPE=BI
P 2 400 110 350 110 0 3 0
A 355 110 10 0 3 3 #=K13
L 345 110 10 0 8 0 1 0 VCCINT_K13
A 405 110 10 0 2 0 PINTYPE=BI
P 3 400 120 350 120 0 3 0
A 355 120 10 0 3 3 #=K15
L 345 120 10 0 8 0 1 0 VCCINT_K15
A 405 120 10 0 2 0 PINTYPE=BI
P 4 400 130 350 130 0 3 0
A 355 130 10 0 3 3 #=K16
L 345 130 10 0 8 0 1 0 VCCINT_K16
A 405 130 10 0 2 0 PINTYPE=BI
P 5 400 140 350 140 0 3 0
A 355 140 10 0 3 3 #=L12
L 345 140 10 0 8 0 1 0 VCCINT_L12
A 405 140 10 0 2 0 PINTYPE=BI
P 6 400 150 350 150 0 3 0
A 355 150 10 0 3 3 #=L14
L 345 150 10 0 8 0 1 0 VCCINT_L14
A 405 150 10 0 2 0 PINTYPE=BI
P 7 400 160 350 160 0 3 0
A 355 160 10 0 3 3 #=L16
L 345 160 10 0 8 0 1 0 VCCINT_L16
A 405 160 10 0 2 0 PINTYPE=BI
P 8 400 170 350 170 0 3 0
A 355 170 10 0 3 3 #=M13
L 345 170 10 0 8 0 1 0 VCCINT_M13
A 405 170 10 0 2 0 PINTYPE=BI
P 9 400 180 350 180 0 3 0
A 355 180 10 0 3 3 #=M16
L 345 180 10 0 8 0 1 0 VCCINT_M16
A 405 180 10 0 2 0 PINTYPE=BI
P 10 400 190 350 190 0 3 0
A 355 190 10 0 3 3 #=N12
L 345 190 10 0 8 0 1 0 VCCINT_N12
A 405 190 10 0 2 0 PINTYPE=BI
P 11 400 200 350 200 0 3 0
A 355 200 10 0 3 3 #=N13
L 345 200 10 0 8 0 1 0 VCCINT_N13
A 405 200 10 0 2 0 PINTYPE=BI
P 12 400 210 350 210 0 3 0
A 355 210 10 0 3 3 #=P13
L 345 210 10 0 8 0 1 0 VCCINT_P13
A 405 210 10 0 2 0 PINTYPE=BI
P 13 400 220 350 220 0 3 0
A 355 220 10 0 3 3 #=P16
L 345 220 10 0 8 0 1 0 VCCINT_P16
A 405 220 10 0 2 0 PINTYPE=BI
P 14 400 230 350 230 0 3 0
A 355 230 10 0 3 3 #=R12
L 345 230 10 0 8 0 1 0 VCCINT_R12
A 405 230 10 0 2 0 PINTYPE=BI
P 15 400 240 350 240 0 3 0
A 355 240 10 0 3 3 #=R13
L 345 240 10 0 8 0 1 0 VCCINT_R13
A 405 240 10 0 2 0 PINTYPE=BI
P 16 400 250 350 250 0 3 0
A 355 250 10 0 3 3 #=T13
L 345 250 10 0 8 0 1 0 VCCINT_T13
A 405 250 10 0 2 0 PINTYPE=BI
P 17 400 260 350 260 0 3 0
A 355 260 10 0 3 3 #=T14
L 345 260 10 0 8 0 1 0 VCCINT_T14
A 405 260 10 0 2 0 PINTYPE=BI
P 18 400 270 350 270 0 3 0
A 355 270 10 0 3 3 #=T16
L 345 270 10 0 8 0 1 0 VCCINT_T16
A 405 270 10 0 2 0 PINTYPE=BI
P 19 400 280 350 280 0 3 0
A 355 280 10 0 3 3 #=U12
L 345 280 10 0 8 0 1 0 VCCINT_U12
A 405 280 10 0 2 0 PINTYPE=BI
P 20 400 290 350 290 0 3 0
A 355 290 10 0 3 3 #=U13
L 345 290 10 0 8 0 1 0 VCCINT_U13
A 405 290 10 0 2 0 PINTYPE=BI
P 21 400 300 350 300 0 3 0
A 355 300 10 0 3 3 #=U15
L 345 300 10 0 8 0 1 0 VCCINT_U15
A 405 300 10 0 2 0 PINTYPE=BI
P 22 400 310 350 310 0 3 0
A 355 310 10 0 3 3 #=V13
L 345 310 10 0 8 0 1 0 VCCINT_V13
A 405 310 10 0 2 0 PINTYPE=BI
P 23 400 320 350 320 0 3 0
A 355 320 10 0 3 3 #=V14
L 345 320 10 0 8 0 1 0 VCCINT_V14
A 405 320 10 0 2 0 PINTYPE=BI
P 24 400 330 350 330 0 3 0
A 355 330 10 0 3 3 #=V16
L 345 330 10 0 8 0 1 0 VCCINT_V16
A 405 330 10 0 2 0 PINTYPE=BI
P 25 400 340 350 340 0 3 0
A 355 340 10 0 3 3 #=W12
L 345 340 10 0 8 0 1 0 VCCINT_W12
A 405 340 10 0 2 0 PINTYPE=BI
P 26 400 350 350 350 0 3 0
A 355 350 10 0 3 3 #=W13
L 345 350 10 0 8 0 1 0 VCCINT_W13
A 405 350 10 0 2 0 PINTYPE=BI
P 27 400 360 350 360 0 3 0
A 355 360 10 0 3 3 #=W15
L 345 360 10 0 8 0 1 0 VCCINT_W15
A 405 360 10 0 2 0 PINTYPE=BI
T 220 380 20 0 5 XCKU040SFVA784
T 220 400 20 0 5 BANK VCCINT
c 70 420 10
U 50 450 10 0 3 3 DEVICE=XXXXXX
U 50 30 16 0 3 3 REFDES=U?
U 250 30 10 0 3 3 PKG_TYPE=XXXXXX
U 0 0 10 0 3 0 HETERO=xcku040sfva784c_0,xcku040sfva784c_44,xcku040sfva784c_45,xcku040sfva784c_46,xcku040sfva784c_47,xcku040sfva784c_66,xcku040sfva784c_67,xcku040sfva784c_68,xcku040sfva784c_64,xcku040sfva784c_65,xcku040sfva784c_224,xcku040sfva784c_225,xcku040sfva784c_MGTAVCC,xcku040sfva784c_MGTAVTT,xcku040sfva784c_MGTVCCAUX,xcku040sfva784c_GND,xcku040sfva784c_VCCINT,xcku040sfva784c_VCCINT_IO,xcku040sfva784c_VCCAUX,xcku040sfva784c_VCCAUX_IO,xcku040sfva784c_VCCBRAM
U 0 -10 10 0 3 0 PARTS=1
U 0 -20 10 0 3 0 LEVEL=STD
U 0 -30 10 0 3 0 DATE=2015_06_17
E
