V 50
K 153165148200 xcku5pffvb676
Y 1
D 0 0 400 780
Z 10
i 946
b 50 50 350 730
P 1 0 100 50 100 0 2 0
A 45 100 10 0 9 3 #=AD22
L 55 100 10 0 2 0 1 0 VCCO_64_AD22
A 10 100 10 0 2 0 PINTYPE=BI
P 2 0 110 50 110 0 2 0
A 45 110 10 0 9 3 #=AB18
L 55 110 10 0 2 0 1 0 VCCO_64_AB18
A 10 110 10 0 2 0 PINTYPE=BI
P 3 0 120 50 120 0 2 0
A 45 120 10 0 9 3 #=AA21
L 55 120 10 0 2 0 1 0 VCCO_64_AA21
A 10 120 10 0 2 0 PINTYPE=BI
P 4 400 100 350 100 0 3 0
A 355 100 10 0 3 3 #=W18
L 345 100 10 0 8 0 1 0 VREF_64_W18
A 405 100 10 0 2 0 PINTYPE=BI
P 5 400 110 350 110 0 3 0
A 355 110 10 0 3 3 #=AE25
L 345 110 10 0 8 0 1 0 IO_L1P_T0L_N0_DBC_64_AE25
A 405 110 10 0 2 0 PINTYPE=BI
P 6 400 120 350 120 0 3 0
A 355 120 10 0 3 3 #=AE26
L 345 120 10 0 8 0 1 0 IO_L1N_T0L_N1_DBC_64_AE26
A 405 120 10 0 2 0 PINTYPE=BI
P 7 400 130 350 130 0 3 0
A 355 130 10 0 3 3 #=AB25
L 345 130 10 0 8 0 1 0 IO_L2P_T0L_N2_64_AB25
A 405 130 10 0 2 0 PINTYPE=BI
P 8 400 140 350 140 0 3 0
A 355 140 10 0 3 3 #=AB26
L 345 140 10 0 8 0 1 0 IO_L2N_T0L_N3_64_AB26
A 405 140 10 0 2 0 PINTYPE=BI
P 9 400 150 350 150 0 3 0
A 355 150 10 0 3 3 #=AF24
L 345 150 10 0 8 0 1 0 IO_L3P_T0L_N4_AD15P_64_AF24
A 405 150 10 0 2 0 PINTYPE=BI
P 10 400 160 350 160 0 3 0
A 355 160 10 0 3 3 #=AF25
L 345 160 10 0 8 0 1 0 IO_L3N_T0L_N5_AD15N_64_AF25
A 405 160 10 0 2 0 PINTYPE=BI
P 11 400 170 350 170 0 3 0
A 355 170 10 0 3 3 #=AC26
L 345 170 10 0 8 0 1 0 IO_L4P_T0U_N6_DBC_AD7P_64_AC26
A 405 170 10 0 2 0 PINTYPE=BI
P 12 400 180 350 180 0 3 0
A 355 180 10 0 3 3 #=AD26
L 345 180 10 0 8 0 1 0 IO_L4N_T0U_N7_DBC_AD7N_64_AD26
A 405 180 10 0 2 0 PINTYPE=BI
P 13 400 190 350 190 0 3 0
A 355 190 10 0 3 3 #=AD24
L 345 190 10 0 8 0 1 0 IO_L5P_T0U_N8_AD14P_64_AD24
A 405 190 10 0 2 0 PINTYPE=BI
P 14 400 200 350 200 0 3 0
A 355 200 10 0 3 3 #=AD25
L 345 200 10 0 8 0 1 0 IO_L5N_T0U_N9_AD14N_64_AD25
A 405 200 10 0 2 0 PINTYPE=BI
P 15 400 210 350 210 0 3 0
A 355 210 10 0 3 3 #=AB24
L 345 210 10 0 8 0 1 0 IO_L6P_T0U_N10_AD6P_64_AB24
A 405 210 10 0 2 0 PINTYPE=BI
P 16 400 220 350 220 0 3 0
A 355 220 10 0 3 3 #=AC24
L 345 220 10 0 8 0 1 0 IO_L6N_T0U_N11_AD6N_64_AC24
A 405 220 10 0 2 0 PINTYPE=BI
P 17 400 230 350 230 0 3 0
A 355 230 10 0 3 3 #=AF23
L 345 230 10 0 8 0 1 0 IO_T0U_N12_VRP_64_AF23
A 405 230 10 0 2 0 PINTYPE=BI
P 18 400 240 350 240 0 3 0
A 355 240 10 0 3 3 #=AE22
L 345 240 10 0 8 0 1 0 IO_L7P_T1L_N0_QBC_AD13P_64_AE22
A 405 240 10 0 2 0 PINTYPE=BI
P 19 400 250 350 250 0 3 0
A 355 250 10 0 3 3 #=AF22
L 345 250 10 0 8 0 1 0 IO_L7N_T1L_N1_QBC_AD13N_64_AF22
A 405 250 10 0 2 0 PINTYPE=BI
P 20 400 260 350 260 0 3 0
A 355 260 10 0 3 3 #=AD23
L 345 260 10 0 8 0 1 0 IO_L8P_T1L_N2_AD5P_64_AD23
A 405 260 10 0 2 0 PINTYPE=BI
P 21 400 270 350 270 0 3 0
A 355 270 10 0 3 3 #=AE23
L 345 270 10 0 8 0 1 0 IO_L8N_T1L_N3_AD5N_64_AE23
A 405 270 10 0 2 0 PINTYPE=BI
P 22 400 280 350 280 0 3 0
A 355 280 10 0 3 3 #=AC22
L 345 280 10 0 8 0 1 0 IO_L9P_T1L_N4_AD12P_64_AC22
A 405 280 10 0 2 0 PINTYPE=BI
P 23 400 290 350 290 0 3 0
A 355 290 10 0 3 3 #=AC23
L 345 290 10 0 8 0 1 0 IO_L9N_T1L_N5_AD12N_64_AC23
A 405 290 10 0 2 0 PINTYPE=BI
P 24 400 300 350 300 0 3 0
A 355 300 10 0 3 3 #=AA22
L 345 300 10 0 8 0 1 0 IO_L10P_T1U_N6_QBC_AD4P_64_AA22
A 405 300 10 0 2 0 PINTYPE=BI
P 25 400 310 350 310 0 3 0
A 355 310 10 0 3 3 #=AB22
L 345 310 10 0 8 0 1 0 IO_L10N_T1U_N7_QBC_AD4N_64_AB22
A 405 310 10 0 2 0 PINTYPE=BI
P 26 400 320 350 320 0 3 0
A 355 320 10 0 3 3 #=AD21
L 345 320 10 0 8 0 1 0 IO_L11P_T1U_N8_GC_64_AD21
A 405 320 10 0 2 0 PINTYPE=BI
P 27 400 330 350 330 0 3 0
A 355 330 10 0 3 3 #=AE21
L 345 330 10 0 8 0 1 0 IO_L11N_T1U_N9_GC_64_AE21
A 405 330 10 0 2 0 PINTYPE=BI
P 28 400 340 350 340 0 3 0
A 355 340 10 0 3 3 #=AB21
L 345 340 10 0 8 0 1 0 IO_L12P_T1U_N10_GC_64_AB21
A 405 340 10 0 2 0 PINTYPE=BI
P 29 400 350 350 350 0 3 0
A 355 350 10 0 3 3 #=AC21
L 345 350 10 0 8 0 1 0 IO_L12N_T1U_N11_GC_64_AC21
A 405 350 10 0 2 0 PINTYPE=BI
P 30 400 360 350 360 0 3 0
A 355 360 10 0 3 3 #=AF20
L 345 360 10 0 8 0 1 0 IO_T1U_N12_64_AF20
A 405 360 10 0 2 0 PINTYPE=BI
P 31 400 370 350 370 0 3 0
A 355 370 10 0 3 3 #=AD20
L 345 370 10 0 8 0 1 0 IO_L13P_T2L_N0_GC_QBC_64_AD20
A 405 370 10 0 2 0 PINTYPE=BI
P 32 400 380 350 380 0 3 0
A 355 380 10 0 3 3 #=AE20
L 345 380 10 0 8 0 1 0 IO_L13N_T2L_N1_GC_QBC_64_AE20
A 405 380 10 0 2 0 PINTYPE=BI
P 33 400 390 350 390 0 3 0
A 355 390 10 0 3 3 #=AC19
L 345 390 10 0 8 0 1 0 IO_L14P_T2L_N2_GC_64_AC19
A 405 390 10 0 2 0 PINTYPE=BI
P 34 400 400 350 400 0 3 0
A 355 400 10 0 3 3 #=AD19
L 345 400 10 0 8 0 1 0 IO_L14N_T2L_N3_GC_64_AD19
A 405 400 10 0 2 0 PINTYPE=BI
P 35 400 410 350 410 0 3 0
A 355 410 10 0 3 3 #=AF18
L 345 410 10 0 8 0 1 0 IO_L15P_T2L_N4_AD11P_64_AF18
A 405 410 10 0 2 0 PINTYPE=BI
P 36 400 420 350 420 0 3 0
A 355 420 10 0 3 3 #=AF19
L 345 420 10 0 8 0 1 0 IO_L15N_T2L_N5_AD11N_64_AF19
A 405 420 10 0 2 0 PINTYPE=BI
P 37 400 430 350 430 0 3 0
A 355 430 10 0 3 3 #=AC18
L 345 430 10 0 8 0 1 0 IO_L16P_T2U_N6_QBC_AD3P_64_AC18
A 405 430 10 0 2 0 PINTYPE=BI
P 38 400 440 350 440 0 3 0
A 355 440 10 0 3 3 #=AD18
L 345 440 10 0 8 0 1 0 IO_L16N_T2U_N7_QBC_AD3N_64_AD18
A 405 440 10 0 2 0 PINTYPE=BI
P 39 400 450 350 450 0 3 0
A 355 450 10 0 3 3 #=AE17
L 345 450 10 0 8 0 1 0 IO_L17P_T2U_N8_AD10P_64_AE17
A 405 450 10 0 2 0 PINTYPE=BI
P 40 400 460 350 460 0 3 0
A 355 460 10 0 3 3 #=AF17
L 345 460 10 0 8 0 1 0 IO_L17N_T2U_N9_AD10N_64_AF17
A 405 460 10 0 2 0 PINTYPE=BI
P 41 400 470 350 470 0 3 0
A 355 470 10 0 3 3 #=AD16
L 345 470 10 0 8 0 1 0 IO_L18P_T2U_N10_AD2P_64_AD16
A 405 470 10 0 2 0 PINTYPE=BI
P 42 400 480 350 480 0 3 0
A 355 480 10 0 3 3 #=AE16
L 345 480 10 0 8 0 1 0 IO_L18N_T2U_N11_AD2N_64_AE16
A 405 480 10 0 2 0 PINTYPE=BI
P 43 400 490 350 490 0 3 0
A 355 490 10 0 3 3 #=AE18
L 345 490 10 0 8 0 1 0 IO_T2U_N12_64_AE18
A 405 490 10 0 2 0 PINTYPE=BI
P 44 400 500 350 500 0 3 0
A 355 500 10 0 3 3 #=Y20
L 345 500 10 0 8 0 1 0 IO_L19P_T3L_N0_DBC_AD9P_64_Y20
A 405 500 10 0 2 0 PINTYPE=BI
P 45 400 510 350 510 0 3 0
A 355 510 10 0 3 3 #=Y21
L 345 510 10 0 8 0 1 0 IO_L19N_T3L_N1_DBC_AD9N_64_Y21
A 405 510 10 0 2 0 PINTYPE=BI
P 46 400 520 350 520 0 3 0
A 355 520 10 0 3 3 #=AA19
L 345 520 10 0 8 0 1 0 IO_L20P_T3L_N2_AD1P_64_AA19
A 405 520 10 0 2 0 PINTYPE=BI
P 47 400 530 350 530 0 3 0
A 355 530 10 0 3 3 #=AB19
L 345 530 10 0 8 0 1 0 IO_L20N_T3L_N3_AD1N_64_AB19
A 405 530 10 0 2 0 PINTYPE=BI
P 48 400 540 350 540 0 3 0
A 355 540 10 0 3 3 #=AA20
L 345 540 10 0 8 0 1 0 IO_L21P_T3L_N4_AD8P_64_AA20
A 405 540 10 0 2 0 PINTYPE=BI
P 49 400 550 350 550 0 3 0
A 355 550 10 0 3 3 #=AB20
L 345 550 10 0 8 0 1 0 IO_L21N_T3L_N5_AD8N_64_AB20
A 405 550 10 0 2 0 PINTYPE=BI
P 50 400 560 350 560 0 3 0
A 355 560 10 0 3 3 #=AB17
L 345 560 10 0 8 0 1 0 IO_L22P_T3U_N6_DBC_AD0P_64_AB17
A 405 560 10 0 2 0 PINTYPE=BI
P 51 400 570 350 570 0 3 0
A 355 570 10 0 3 3 #=AC17
L 345 570 10 0 8 0 1 0 IO_L22N_T3U_N7_DBC_AD0N_64_AC17
A 405 570 10 0 2 0 PINTYPE=BI
P 52 400 580 350 580 0 3 0
A 355 580 10 0 3 3 #=Y17
L 345 580 10 0 8 0 1 0 IO_L23P_T3U_N8_64_Y17
A 405 580 10 0 2 0 PINTYPE=BI
P 53 400 590 350 590 0 3 0
A 355 590 10 0 3 3 #=AA17
L 345 590 10 0 8 0 1 0 IO_L23N_T3U_N9_64_AA17
A 405 590 10 0 2 0 PINTYPE=BI
P 54 400 600 350 600 0 3 0
A 355 600 10 0 3 3 #=Y18
L 345 600 10 0 8 0 1 0 IO_L24P_T3U_N10_64_Y18
A 405 600 10 0 2 0 PINTYPE=BI
P 55 400 610 350 610 0 3 0
A 355 610 10 0 3 3 #=AA18
L 345 610 10 0 8 0 1 0 IO_L24N_T3U_N11_64_AA18
A 405 610 10 0 2 0 PINTYPE=BI
P 56 400 620 350 620 0 3 0
A 355 620 10 0 3 3 #=AC16
L 345 620 10 0 8 0 1 0 IO_T3U_N12_64_AC16
A 405 620 10 0 2 0 PINTYPE=BI
T 220 640 20 0 5 XCKU5PFFVB676
T 220 660 20 0 5 BANK 64
c 70 710 10
U 50 740 10 0 3 3 DEVICE=XXXXXX
U 50 30 16 0 3 3 REFDES=U?
U 250 30 10 0 3 3 PKG_TYPE=XXXXXX
U 0 0 10 0 3 0 HETERO=xcku5pffvb676b_0,xcku5pffvb676b_67,xcku5pffvb676b_66,xcku5pffvb676b_65,xcku5pffvb676b_64,xcku5pffvb676b_87,xcku5pffvb676b_86,xcku5pffvb676b_84,xcku5pffvb676b_224,xcku5pffvb676b_225,xcku5pffvb676b_226,xcku5pffvb676b_227,xcku5pffvb676b_GND,xcku5pffvb676b_MGTAVCC_R,xcku5pffvb676b_MGTAVTT_R,xcku5pffvb676b_MGTVCCAUX_R,xcku5pffvb676b_VCCAUX,xcku5pffvb676b_VCCAUX_IO,xcku5pffvb676b_VCCBRAM,xcku5pffvb676b_VCCINT,xcku5pffvb676b_VCCINT_IO
U 0 -10 10 0 3 0 PARTS=1
U 0 -20 10 0 3 0 LEVEL=STD
U 0 -30 10 0 3 0 DATE=2016_05_11
E
