V 50
K 153165148200 xcku075ffva1156
Y 1
D 0 0 400 440
Z 10
i 946
b 50 50 350 390
P 1 400 100 350 100 0 3 0
A 355 100 10 0 3 3 #=A33
L 345 100 10 0 8 0 1 0 MGTAVTTRCAL_131_A33
A 405 100 10 0 2 0 PINTYPE=BI
P 2 400 110 350 110 0 3 0
A 355 110 10 0 3 3 #=A34
L 345 110 10 0 8 0 1 0 MGTRREF_131_A34
A 405 110 10 0 2 0 PINTYPE=BI
P 3 400 120 350 120 0 3 0
A 355 120 10 0 3 3 #=N30
L 345 120 10 0 8 0 1 0 MGTREFCLK1N_131_N30
A 405 120 10 0 2 0 PINTYPE=BI
P 4 400 130 350 130 0 3 0
A 355 130 10 0 3 3 #=N29
L 345 130 10 0 8 0 1 0 MGTREFCLK1P_131_N29
A 405 130 10 0 2 0 PINTYPE=BI
P 5 400 140 350 140 0 3 0
A 355 140 10 0 3 3 #=R30
L 345 140 10 0 8 0 1 0 MGTREFCLK0N_131_R30
A 405 140 10 0 2 0 PINTYPE=BI
P 6 400 150 350 150 0 3 0
A 355 150 10 0 3 3 #=R29
L 345 150 10 0 8 0 1 0 MGTREFCLK0P_131_R29
A 405 150 10 0 2 0 PINTYPE=BI
P 7 400 160 350 160 0 3 0
A 355 160 10 0 3 3 #=J34
L 345 160 10 0 8 0 1 0 MGTHRXN3_131_J34
A 405 160 10 0 2 0 PINTYPE=BI
P 8 400 170 350 170 0 3 0
A 355 170 10 0 3 3 #=J33
L 345 170 10 0 8 0 1 0 MGTHRXP3_131_J33
A 405 170 10 0 2 0 PINTYPE=BI
P 9 400 180 350 180 0 3 0
A 355 180 10 0 3 3 #=K32
L 345 180 10 0 8 0 1 0 MGTHTXN3_131_K32
A 405 180 10 0 2 0 PINTYPE=BI
P 10 400 190 350 190 0 3 0
A 355 190 10 0 3 3 #=K31
L 345 190 10 0 8 0 1 0 MGTHTXP3_131_K31
A 405 190 10 0 2 0 PINTYPE=BI
P 11 400 200 350 200 0 3 0
A 355 200 10 0 3 3 #=L34
L 345 200 10 0 8 0 1 0 MGTHRXN2_131_L34
A 405 200 10 0 2 0 PINTYPE=BI
P 12 400 210 350 210 0 3 0
A 355 210 10 0 3 3 #=L33
L 345 210 10 0 8 0 1 0 MGTHRXP2_131_L33
A 405 210 10 0 2 0 PINTYPE=BI
P 13 400 220 350 220 0 3 0
A 355 220 10 0 3 3 #=M32
L 345 220 10 0 8 0 1 0 MGTHTXN2_131_M32
A 405 220 10 0 2 0 PINTYPE=BI
P 14 400 230 350 230 0 3 0
A 355 230 10 0 3 3 #=M31
L 345 230 10 0 8 0 1 0 MGTHTXP2_131_M31
A 405 230 10 0 2 0 PINTYPE=BI
P 15 400 240 350 240 0 3 0
A 355 240 10 0 3 3 #=N34
L 345 240 10 0 8 0 1 0 MGTHRXN1_131_N34
A 405 240 10 0 2 0 PINTYPE=BI
P 16 400 250 350 250 0 3 0
A 355 250 10 0 3 3 #=N33
L 345 250 10 0 8 0 1 0 MGTHRXP1_131_N33
A 405 250 10 0 2 0 PINTYPE=BI
P 17 400 260 350 260 0 3 0
A 355 260 10 0 3 3 #=P32
L 345 260 10 0 8 0 1 0 MGTHTXN1_131_P32
A 405 260 10 0 2 0 PINTYPE=BI
P 18 400 270 350 270 0 3 0
A 355 270 10 0 3 3 #=P31
L 345 270 10 0 8 0 1 0 MGTHTXP1_131_P31
A 405 270 10 0 2 0 PINTYPE=BI
P 19 400 280 350 280 0 3 0
A 355 280 10 0 3 3 #=R34
L 345 280 10 0 8 0 1 0 MGTHRXN0_131_R34
A 405 280 10 0 2 0 PINTYPE=BI
P 20 400 290 350 290 0 3 0
A 355 290 10 0 3 3 #=R33
L 345 290 10 0 8 0 1 0 MGTHRXP0_131_R33
A 405 290 10 0 2 0 PINTYPE=BI
P 21 400 300 350 300 0 3 0
A 355 300 10 0 3 3 #=T32
L 345 300 10 0 8 0 1 0 MGTHTXN0_131_T32
A 405 300 10 0 2 0 PINTYPE=BI
P 22 400 310 350 310 0 3 0
A 355 310 10 0 3 3 #=T31
L 345 310 10 0 8 0 1 0 MGTHTXP0_131_T31
A 405 310 10 0 2 0 PINTYPE=BI
T 220 330 20 0 5 XCKU075FFVA1156
T 220 350 20 0 5 BANK 131
c 70 370 10
U 50 400 10 0 3 3 DEVICE=XXXXXX
U 50 30 16 0 3 3 REFDES=U?
U 250 30 10 0 3 3 PKG_TYPE=XXXXXX
U 0 0 10 0 3 0 HETERO=xcku075ffva1156c_0,xcku075ffva1156c_44,xcku075ffva1156c_45,xcku075ffva1156c_46,xcku075ffva1156c_47,xcku075ffva1156c_48,xcku075ffva1156c_66,xcku075ffva1156c_67,xcku075ffva1156c_68,xcku075ffva1156c_64,xcku075ffva1156c_65,xcku075ffva1156c_131,xcku075ffva1156c_132,xcku075ffva1156c_224,xcku075ffva1156c_225,xcku075ffva1156c_226,xcku075ffva1156c_227,xcku075ffva1156c_228,xcku075ffva1156c_MGTAVCC_R,xcku075ffva1156c_MGTAVCC_L,xcku075ffva1156c_MGTAVTT_R,xcku075ffva1156c_MGTAVTT_L,xcku075ffva1156c_MGTVCCAUX_R,xcku075ffva1156c_MGTVCCAUX_L,xcku075ffva1156c_GND1,xcku075ffva1156c_GND2,xcku075ffva1156c_VCCINT,xcku075ffva1156c_VCCINT_IO,xcku075ffva1156c_VCCAUX,xcku075ffva1156c_VCCAUX_IO,xcku075ffva1156c_VCCBRAM
U 0 -10 10 0 3 0 PARTS=1
U 0 -20 10 0 3 0 LEVEL=STD
U 0 -30 10 0 3 0 DATE=2013_09_17
E
