V 50
K 153165148200 xcku040sfva784
Y 1
D 0 0 400 810
Z 10
i 946
b 50 50 350 760
P 1 0 100 50 100 0 2 0
A 45 100 10 0 9 3 #=G18
L 55 100 10 0 2 0 1 0 VCCO_48_G18
A 10 100 10 0 2 0 PINTYPE=BI
P 2 0 110 50 110 0 2 0
A 45 110 10 0 9 3 #=F21
L 55 110 10 0 2 0 1 0 VCCO_48_F21
A 10 110 10 0 2 0 PINTYPE=BI
P 3 0 120 50 120 0 2 0
A 45 120 10 0 9 3 #=D17
L 55 120 10 0 2 0 1 0 VCCO_48_D17
A 10 120 10 0 2 0 PINTYPE=BI
P 4 0 130 50 130 0 2 0
A 45 130 10 0 9 3 #=C20
L 55 130 10 0 2 0 1 0 VCCO_48_C20
A 10 130 10 0 2 0 PINTYPE=BI
P 5 0 140 50 140 0 2 0
A 45 140 10 0 9 3 #=B23
L 55 140 10 0 2 0 1 0 VCCO_48_B23
A 10 140 10 0 2 0 PINTYPE=BI
P 6 0 150 50 150 0 2 0
A 45 150 10 0 9 3 #=A16
L 55 150 10 0 2 0 1 0 VCCO_48_A16
A 10 150 10 0 2 0 PINTYPE=BI
P 7 400 100 350 100 0 3 0
A 355 100 10 0 3 3 #=J17
L 345 100 10 0 8 0 1 0 VREF_48_J17
A 405 100 10 0 2 0 PINTYPE=BI
P 8 400 110 350 110 0 3 0
A 355 110 10 0 3 3 #=H18
L 345 110 10 0 8 0 1 0 IO_L1N_T0L_N1_DBC_48_H18
A 405 110 10 0 2 0 PINTYPE=BI
P 9 400 120 350 120 0 3 0
A 355 120 10 0 3 3 #=H17
L 345 120 10 0 8 0 1 0 IO_L1P_T0L_N0_DBC_48_H17
A 405 120 10 0 2 0 PINTYPE=BI
P 10 400 130 350 130 0 3 0
A 355 130 10 0 3 3 #=J18
L 345 130 10 0 8 0 1 0 IO_T0U_N12_VRP_48_J18
A 405 130 10 0 2 0 PINTYPE=BI
P 11 400 140 350 140 0 3 0
A 355 140 10 0 3 3 #=G19
L 345 140 10 0 8 0 1 0 IO_L2N_T0L_N3_48_G19
A 405 140 10 0 2 0 PINTYPE=BI
P 12 400 150 350 150 0 3 0
A 355 150 10 0 3 3 #=H19
L 345 150 10 0 8 0 1 0 IO_L2P_T0L_N2_48_H19
A 405 150 10 0 2 0 PINTYPE=BI
P 13 400 160 350 160 0 3 0
A 355 160 10 0 3 3 #=G17
L 345 160 10 0 8 0 1 0 IO_L3N_T0L_N5_AD15N_48_G17
A 405 160 10 0 2 0 PINTYPE=BI
P 14 400 170 350 170 0 3 0
A 355 170 10 0 3 3 #=G16
L 345 170 10 0 8 0 1 0 IO_L3P_T0L_N4_AD15P_48_G16
A 405 170 10 0 2 0 PINTYPE=BI
P 15 400 180 350 180 0 3 0
A 355 180 10 0 3 3 #=F19
L 345 180 10 0 8 0 1 0 IO_L4N_T0U_N7_DBC_AD7N_48_F19
A 405 180 10 0 2 0 PINTYPE=BI
P 16 400 190 350 190 0 3 0
A 355 190 10 0 3 3 #=F18
L 345 190 10 0 8 0 1 0 IO_L4P_T0U_N6_DBC_AD7P_48_F18
A 405 190 10 0 2 0 PINTYPE=BI
P 17 400 200 350 200 0 3 0
A 355 200 10 0 3 3 #=E18
L 345 200 10 0 8 0 1 0 IO_L5N_T0U_N9_AD14N_48_E18
A 405 200 10 0 2 0 PINTYPE=BI
P 18 400 210 350 210 0 3 0
A 355 210 10 0 3 3 #=F17
L 345 210 10 0 8 0 1 0 IO_L5P_T0U_N8_AD14P_48_F17
A 405 210 10 0 2 0 PINTYPE=BI
P 19 400 220 350 220 0 3 0
A 355 220 10 0 3 3 #=E17
L 345 220 10 0 8 0 1 0 IO_L6N_T0U_N11_AD6N_48_E17
A 405 220 10 0 2 0 PINTYPE=BI
P 20 400 230 350 230 0 3 0
A 355 230 10 0 3 3 #=E16
L 345 230 10 0 8 0 1 0 IO_L6P_T0U_N10_AD6P_48_E16
A 405 230 10 0 2 0 PINTYPE=BI
P 21 400 240 350 240 0 3 0
A 355 240 10 0 3 3 #=C17
L 345 240 10 0 8 0 1 0 IO_L7N_T1L_N1_QBC_AD13N_48_C17
A 405 240 10 0 2 0 PINTYPE=BI
P 22 400 250 350 250 0 3 0
A 355 250 10 0 3 3 #=C16
L 345 250 10 0 8 0 1 0 IO_L7P_T1L_N0_QBC_AD13P_48_C16
A 405 250 10 0 2 0 PINTYPE=BI
P 23 400 260 350 260 0 3 0
A 355 260 10 0 3 3 #=B17
L 345 260 10 0 8 0 1 0 IO_L8N_T1L_N3_AD5N_48_B17
A 405 260 10 0 2 0 PINTYPE=BI
P 24 400 270 350 270 0 3 0
A 355 270 10 0 3 3 #=B16
L 345 270 10 0 8 0 1 0 IO_L8P_T1L_N2_AD5P_48_B16
A 405 270 10 0 2 0 PINTYPE=BI
P 25 400 280 350 280 0 3 0
A 355 280 10 0 3 3 #=A18
L 345 280 10 0 8 0 1 0 IO_L9N_T1L_N5_AD12N_48_A18
A 405 280 10 0 2 0 PINTYPE=BI
P 26 400 290 350 290 0 3 0
A 355 290 10 0 3 3 #=A17
L 345 290 10 0 8 0 1 0 IO_L9P_T1L_N4_AD12P_48_A17
A 405 290 10 0 2 0 PINTYPE=BI
P 27 400 300 350 300 0 3 0
A 355 300 10 0 3 3 #=A19
L 345 300 10 0 8 0 1 0 IO_L10N_T1U_N7_QBC_AD4N_48_A19
A 405 300 10 0 2 0 PINTYPE=BI
P 28 400 310 350 310 0 3 0
A 355 310 10 0 3 3 #=B19
L 345 310 10 0 8 0 1 0 IO_L10P_T1U_N6_QBC_AD4P_48_B19
A 405 310 10 0 2 0 PINTYPE=BI
P 29 400 320 350 320 0 3 0
A 355 320 10 0 3 3 #=D19
L 345 320 10 0 8 0 1 0 IO_L11N_T1U_N9_GC_48_D19
A 405 320 10 0 2 0 PINTYPE=BI
P 30 400 330 350 330 0 3 0
A 355 330 10 0 3 3 #=D18
L 345 330 10 0 8 0 1 0 IO_L11P_T1U_N8_GC_48_D18
A 405 330 10 0 2 0 PINTYPE=BI
P 31 400 340 350 340 0 3 0
A 355 340 10 0 3 3 #=D16
L 345 340 10 0 8 0 1 0 IO_T1U_N12_48_D16
A 405 340 10 0 2 0 PINTYPE=BI
P 32 400 350 350 350 0 3 0
A 355 350 10 0 3 3 #=C19
L 345 350 10 0 8 0 1 0 IO_L12N_T1U_N11_GC_48_C19
A 405 350 10 0 2 0 PINTYPE=BI
P 33 400 360 350 360 0 3 0
A 355 360 10 0 3 3 #=C18
L 345 360 10 0 8 0 1 0 IO_L12P_T1U_N10_GC_48_C18
A 405 360 10 0 2 0 PINTYPE=BI
P 34 400 370 350 370 0 3 0
A 355 370 10 0 3 3 #=D20
L 345 370 10 0 8 0 1 0 IO_L13N_T2L_N1_GC_QBC_48_D20
A 405 370 10 0 2 0 PINTYPE=BI
P 35 400 380 350 380 0 3 0
A 355 380 10 0 3 3 #=E20
L 345 380 10 0 8 0 1 0 IO_L13P_T2L_N0_GC_QBC_48_E20
A 405 380 10 0 2 0 PINTYPE=BI
P 36 400 390 350 390 0 3 0
A 355 390 10 0 3 3 #=A20
L 345 390 10 0 8 0 1 0 IO_T2U_N12_48_A20
A 405 390 10 0 2 0 PINTYPE=BI
P 37 400 400 350 400 0 3 0
A 355 400 10 0 3 3 #=C21
L 345 400 10 0 8 0 1 0 IO_L14N_T2L_N3_GC_48_C21
A 405 400 10 0 2 0 PINTYPE=BI
P 38 400 410 350 410 0 3 0
A 355 410 10 0 3 3 #=D21
L 345 410 10 0 8 0 1 0 IO_L14P_T2L_N2_GC_48_D21
A 405 410 10 0 2 0 PINTYPE=BI
P 39 400 420 350 420 0 3 0
A 355 420 10 0 3 3 #=B21
L 345 420 10 0 8 0 1 0 IO_L15N_T2L_N5_AD11N_48_B21
A 405 420 10 0 2 0 PINTYPE=BI
P 40 400 430 350 430 0 3 0
A 355 430 10 0 3 3 #=B20
L 345 430 10 0 8 0 1 0 IO_L15P_T2L_N4_AD11P_48_B20
A 405 430 10 0 2 0 PINTYPE=BI
P 41 400 440 350 440 0 3 0
A 355 440 10 0 3 3 #=B22
L 345 440 10 0 8 0 1 0 IO_L16N_T2U_N7_QBC_AD3N_48_B22
A 405 440 10 0 2 0 PINTYPE=BI
P 42 400 450 350 450 0 3 0
A 355 450 10 0 3 3 #=C22
L 345 450 10 0 8 0 1 0 IO_L16P_T2U_N6_QBC_AD3P_48_C22
A 405 450 10 0 2 0 PINTYPE=BI
P 43 400 460 350 460 0 3 0
A 355 460 10 0 3 3 #=A23
L 345 460 10 0 8 0 1 0 IO_L17N_T2U_N9_AD10N_48_A23
A 405 460 10 0 2 0 PINTYPE=BI
P 44 400 470 350 470 0 3 0
A 355 470 10 0 3 3 #=A22
L 345 470 10 0 8 0 1 0 IO_L17P_T2U_N8_AD10P_48_A22
A 405 470 10 0 2 0 PINTYPE=BI
P 45 400 480 350 480 0 3 0
A 355 480 10 0 3 3 #=C23
L 345 480 10 0 8 0 1 0 IO_L18N_T2U_N11_AD2N_48_C23
A 405 480 10 0 2 0 PINTYPE=BI
P 46 400 490 350 490 0 3 0
A 355 490 10 0 3 3 #=D23
L 345 490 10 0 8 0 1 0 IO_L18P_T2U_N10_AD2P_48_D23
A 405 490 10 0 2 0 PINTYPE=BI
P 47 400 500 350 500 0 3 0
A 355 500 10 0 3 3 #=J20
L 345 500 10 0 8 0 1 0 IO_L19N_T3L_N1_DBC_AD9N_48_J20
A 405 500 10 0 2 0 PINTYPE=BI
P 48 400 510 350 510 0 3 0
A 355 510 10 0 3 3 #=J19
L 345 510 10 0 8 0 1 0 IO_L19P_T3L_N0_DBC_AD9P_48_J19
A 405 510 10 0 2 0 PINTYPE=BI
P 49 400 520 350 520 0 3 0
A 355 520 10 0 3 3 #=H21
L 345 520 10 0 8 0 1 0 IO_L20N_T3L_N3_AD1N_48_H21
A 405 520 10 0 2 0 PINTYPE=BI
P 50 400 530 350 530 0 3 0
A 355 530 10 0 3 3 #=J21
L 345 530 10 0 8 0 1 0 IO_L20P_T3L_N2_AD1P_48_J21
A 405 530 10 0 2 0 PINTYPE=BI
P 51 400 540 350 540 0 3 0
A 355 540 10 0 3 3 #=G22
L 345 540 10 0 8 0 1 0 IO_L21N_T3L_N5_AD8N_48_G22
A 405 540 10 0 2 0 PINTYPE=BI
P 52 400 550 350 550 0 3 0
A 355 550 10 0 3 3 #=H22
L 345 550 10 0 8 0 1 0 IO_L21P_T3L_N4_AD8P_48_H22
A 405 550 10 0 2 0 PINTYPE=BI
P 53 400 560 350 560 0 3 0
A 355 560 10 0 3 3 #=F22
L 345 560 10 0 8 0 1 0 IO_L22N_T3U_N7_DBC_AD0N_48_F22
A 405 560 10 0 2 0 PINTYPE=BI
P 54 400 570 350 570 0 3 0
A 355 570 10 0 3 3 #=G21
L 345 570 10 0 8 0 1 0 IO_L22P_T3U_N6_DBC_AD0P_48_G21
A 405 570 10 0 2 0 PINTYPE=BI
P 55 400 580 350 580 0 3 0
A 355 580 10 0 3 3 #=E22
L 345 580 10 0 8 0 1 0 IO_L23N_T3U_N9_48_E22
A 405 580 10 0 2 0 PINTYPE=BI
P 56 400 590 350 590 0 3 0
A 355 590 10 0 3 3 #=E21
L 345 590 10 0 8 0 1 0 IO_L23P_T3U_N8_48_E21
A 405 590 10 0 2 0 PINTYPE=BI
P 57 400 600 350 600 0 3 0
A 355 600 10 0 3 3 #=E23
L 345 600 10 0 8 0 1 0 IO_T3U_N12_48_E23
A 405 600 10 0 2 0 PINTYPE=BI
P 58 400 610 350 610 0 3 0
A 355 610 10 0 3 3 #=F20
L 345 610 10 0 8 0 1 0 IO_L24N_T3U_N11_48_F20
A 405 610 10 0 2 0 PINTYPE=BI
P 59 400 620 350 620 0 3 0
A 355 620 10 0 3 3 #=G20
L 345 620 10 0 8 0 1 0 IO_L24P_T3U_N10_48_G20
A 405 620 10 0 2 0 PINTYPE=BI
T 220 640 20 0 5 XCKU040SFVA784
T 220 660 20 0 5 BANK 48_H
c 70 740 10
U 50 770 10 0 3 3 DEVICE=XXXXXX
U 50 30 16 0 3 3 REFDES=U?
U 250 30 10 0 3 3 PKG_TYPE=XXXXXX
U 0 0 10 0 3 0 HETERO=xcku040sfva784b_0_H,xcku040sfva784b_44_H,xcku040sfva784b_45_H,xcku040sfva784b_46_H,xcku040sfva784b_47_H,xcku040sfva784b_48_H,xcku040sfva784b_66_H,xcku040sfva784b_67_H,xcku040sfva784b_64_H,xcku040sfva784b_65_H,xcku040sfva784b_GND_H
U 0 -10 10 0 3 0 PARTS=1
U 0 -20 10 0 3 0 LEVEL=STD
U 0 -30 10 0 3 0 DATE=2015_04_08
E
