V 50
K 153165148200 xcvu125flva1760
Y 1
D 0 0 400 820
Z 10
i 946
b 50 50 350 770
P 1 0 100 50 100 0 2 0
A 45 100 10 0 9 3 #=AY39
L 55 100 10 0 2 0 1 0 VCCO_45_AY39
A 10 100 10 0 2 0 PINTYPE=BI
P 2 0 110 50 110 0 2 0
A 45 110 10 0 9 3 #=AW42
L 55 110 10 0 2 0 1 0 VCCO_45_AW42
A 10 110 10 0 2 0 PINTYPE=BI
P 3 0 120 50 120 0 2 0
A 45 120 10 0 9 3 #=AU38
L 55 120 10 0 2 0 1 0 VCCO_45_AU38
A 10 120 10 0 2 0 PINTYPE=BI
P 4 0 130 50 130 0 2 0
A 45 130 10 0 9 3 #=AT41
L 55 130 10 0 2 0 1 0 VCCO_45_AT41
A 10 130 10 0 2 0 PINTYPE=BI
P 5 0 140 50 140 0 2 0
A 45 140 10 0 9 3 #=AP37
L 55 140 10 0 2 0 1 0 VCCO_45_AP37
A 10 140 10 0 2 0 PINTYPE=BI
P 6 0 150 50 150 0 2 0
A 45 150 10 0 9 3 #=AN40
L 55 150 10 0 2 0 1 0 VCCO_45_AN40
A 10 150 10 0 2 0 PINTYPE=BI
P 7 0 160 50 160 0 2 0
A 45 160 10 0 9 3 #=AL36
L 55 160 10 0 2 0 1 0 VCCO_45_AL36
A 10 160 10 0 2 0 PINTYPE=BI
P 8 400 100 350 100 0 3 0
A 355 100 10 0 3 3 #=AM36
L 345 100 10 0 8 0 1 0 VREF_45_AM36
A 405 100 10 0 2 0 PINTYPE=BI
P 9 400 110 350 110 0 3 0
A 355 110 10 0 3 3 #=AY40
L 345 110 10 0 8 0 1 0 IO_L1N_T0L_N1_DBC_45_AY40
A 405 110 10 0 2 0 PINTYPE=BI
P 10 400 120 350 120 0 3 0
A 355 120 10 0 3 3 #=AW39
L 345 120 10 0 8 0 1 0 IO_L1P_T0L_N0_DBC_45_AW39
A 405 120 10 0 2 0 PINTYPE=BI
P 11 400 130 350 130 0 3 0
A 355 130 10 0 3 3 #=BA42
L 345 130 10 0 8 0 1 0 IO_T0U_N12_VRP_45_BA42
A 405 130 10 0 2 0 PINTYPE=BI
P 12 400 140 350 140 0 3 0
A 355 140 10 0 3 3 #=BB41
L 345 140 10 0 8 0 1 0 IO_L2N_T0L_N3_45_BB41
A 405 140 10 0 2 0 PINTYPE=BI
P 13 400 150 350 150 0 3 0
A 355 150 10 0 3 3 #=BB40
L 345 150 10 0 8 0 1 0 IO_L2P_T0L_N2_45_BB40
A 405 150 10 0 2 0 PINTYPE=BI
P 14 400 160 350 160 0 3 0
A 355 160 10 0 3 3 #=AW41
L 345 160 10 0 8 0 1 0 IO_L3N_T0L_N5_AD15N_45_AW41
A 405 160 10 0 2 0 PINTYPE=BI
P 15 400 170 350 170 0 3 0
A 355 170 10 0 3 3 #=AW40
L 345 170 10 0 8 0 1 0 IO_L3P_T0L_N4_AD15P_45_AW40
A 405 170 10 0 2 0 PINTYPE=BI
P 16 400 180 350 180 0 3 0
A 355 180 10 0 3 3 #=BA40
L 345 180 10 0 8 0 1 0 IO_L4N_T0U_N7_DBC_AD7N_45_BA40
A 405 180 10 0 2 0 PINTYPE=BI
P 17 400 190 350 190 0 3 0
A 355 190 10 0 3 3 #=BA39
L 345 190 10 0 8 0 1 0 IO_L4P_T0U_N6_DBC_AD7P_45_BA39
A 405 190 10 0 2 0 PINTYPE=BI
P 18 400 200 350 200 0 3 0
A 355 200 10 0 3 3 #=AV42
L 345 200 10 0 8 0 1 0 IO_L5N_T0U_N9_AD14N_45_AV42
A 405 200 10 0 2 0 PINTYPE=BI
P 19 400 210 350 210 0 3 0
A 355 210 10 0 3 3 #=AV41
L 345 210 10 0 8 0 1 0 IO_L5P_T0U_N8_AD14P_45_AV41
A 405 210 10 0 2 0 PINTYPE=BI
P 20 400 220 350 220 0 3 0
A 355 220 10 0 3 3 #=AY42
L 345 220 10 0 8 0 1 0 IO_L6N_T0U_N11_AD6N_45_AY42
A 405 220 10 0 2 0 PINTYPE=BI
P 21 400 230 350 230 0 3 0
A 355 230 10 0 3 3 #=AY41
L 345 230 10 0 8 0 1 0 IO_L6P_T0U_N10_AD6P_45_AY41
A 405 230 10 0 2 0 PINTYPE=BI
P 22 400 240 350 240 0 3 0
A 355 240 10 0 3 3 #=AU37
L 345 240 10 0 8 0 1 0 IO_L7N_T1L_N1_QBC_AD13N_45_AU37
A 405 240 10 0 2 0 PINTYPE=BI
P 23 400 250 350 250 0 3 0
A 355 250 10 0 3 3 #=AT37
L 345 250 10 0 8 0 1 0 IO_L7P_T1L_N0_QBC_AD13P_45_AT37
A 405 250 10 0 2 0 PINTYPE=BI
P 24 400 260 350 260 0 3 0
A 355 260 10 0 3 3 #=AV39
L 345 260 10 0 8 0 1 0 IO_L8N_T1L_N3_AD5N_45_AV39
A 405 260 10 0 2 0 PINTYPE=BI
P 25 400 270 350 270 0 3 0
A 355 270 10 0 3 3 #=AV38
L 345 270 10 0 8 0 1 0 IO_L8P_T1L_N2_AD5P_45_AV38
A 405 270 10 0 2 0 PINTYPE=BI
P 26 400 280 350 280 0 3 0
A 355 280 10 0 3 3 #=AT42
L 345 280 10 0 8 0 1 0 IO_L9N_T1L_N5_AD12N_45_AT42
A 405 280 10 0 2 0 PINTYPE=BI
P 27 400 290 350 290 0 3 0
A 355 290 10 0 3 3 #=AR42
L 345 290 10 0 8 0 1 0 IO_L9P_T1L_N4_AD12P_45_AR42
A 405 290 10 0 2 0 PINTYPE=BI
P 28 400 300 350 300 0 3 0
A 355 300 10 0 3 3 #=AU42
L 345 300 10 0 8 0 1 0 IO_L10N_T1U_N7_QBC_AD4N_45_AU42
A 405 300 10 0 2 0 PINTYPE=BI
P 29 400 310 350 310 0 3 0
A 355 310 10 0 3 3 #=AU41
L 345 310 10 0 8 0 1 0 IO_L10P_T1U_N6_QBC_AD4P_45_AU41
A 405 310 10 0 2 0 PINTYPE=BI
P 30 400 320 350 320 0 3 0
A 355 320 10 0 3 3 #=AT40
L 345 320 10 0 8 0 1 0 IO_L11N_T1U_N9_GC_45_AT40
A 405 320 10 0 2 0 PINTYPE=BI
P 31 400 330 350 330 0 3 0
A 355 330 10 0 3 3 #=AT39
L 345 330 10 0 8 0 1 0 IO_L11P_T1U_N8_GC_45_AT39
A 405 330 10 0 2 0 PINTYPE=BI
P 32 400 340 350 340 0 3 0
A 355 340 10 0 3 3 #=AT38
L 345 340 10 0 8 0 1 0 IO_T1U_N12_45_AT38
A 405 340 10 0 2 0 PINTYPE=BI
P 33 400 350 350 350 0 3 0
A 355 350 10 0 3 3 #=AU40
L 345 350 10 0 8 0 1 0 IO_L12N_T1U_N11_GC_45_AU40
A 405 350 10 0 2 0 PINTYPE=BI
P 34 400 360 350 360 0 3 0
A 355 360 10 0 3 3 #=AU39
L 345 360 10 0 8 0 1 0 IO_L12P_T1U_N10_GC_45_AU39
A 405 360 10 0 2 0 PINTYPE=BI
P 35 400 370 350 370 0 3 0
A 355 370 10 0 3 3 #=AP39
L 345 370 10 0 8 0 1 0 IO_L13N_T2L_N1_GC_QBC_45_AP39
A 405 370 10 0 2 0 PINTYPE=BI
P 36 400 380 350 380 0 3 0
A 355 380 10 0 3 3 #=AN39
L 345 380 10 0 8 0 1 0 IO_L13P_T2L_N0_GC_QBC_45_AN39
A 405 380 10 0 2 0 PINTYPE=BI
P 37 400 390 350 390 0 3 0
A 355 390 10 0 3 3 #=AL42
L 345 390 10 0 8 0 1 0 IO_T2U_N12_45_AL42
A 405 390 10 0 2 0 PINTYPE=BI
P 38 400 400 350 400 0 3 0
A 355 400 10 0 3 3 #=AR40
L 345 400 10 0 8 0 1 0 IO_L14N_T2L_N3_GC_45_AR40
A 405 400 10 0 2 0 PINTYPE=BI
P 39 400 410 350 410 0 3 0
A 355 410 10 0 3 3 #=AP40
L 345 410 10 0 8 0 1 0 IO_L14P_T2L_N2_GC_45_AP40
A 405 410 10 0 2 0 PINTYPE=BI
P 40 400 420 350 420 0 3 0
A 355 420 10 0 3 3 #=AM42
L 345 420 10 0 8 0 1 0 IO_L15N_T2L_N5_AD11N_45_AM42
A 405 420 10 0 2 0 PINTYPE=BI
P 41 400 430 350 430 0 3 0
A 355 430 10 0 3 3 #=AM41
L 345 430 10 0 8 0 1 0 IO_L15P_T2L_N4_AD11P_45_AM41
A 405 430 10 0 2 0 PINTYPE=BI
P 42 400 440 350 440 0 3 0
A 355 440 10 0 3 3 #=AR41
L 345 440 10 0 8 0 1 0 IO_L16N_T2U_N7_QBC_AD3N_45_AR41
A 405 440 10 0 2 0 PINTYPE=BI
P 43 400 450 350 450 0 3 0
A 355 450 10 0 3 3 #=AP41
L 345 450 10 0 8 0 1 0 IO_L16P_T2U_N6_QBC_AD3P_45_AP41
A 405 450 10 0 2 0 PINTYPE=BI
P 44 400 460 350 460 0 3 0
A 355 460 10 0 3 3 #=AM40
L 345 460 10 0 8 0 1 0 IO_L17N_T2U_N9_AD10N_45_AM40
A 405 460 10 0 2 0 PINTYPE=BI
P 45 400 470 350 470 0 3 0
A 355 470 10 0 3 3 #=AL40
L 345 470 10 0 8 0 1 0 IO_L17P_T2U_N8_AD10P_45_AL40
A 405 470 10 0 2 0 PINTYPE=BI
P 46 400 480 350 480 0 3 0
A 355 480 10 0 3 3 #=AN42
L 345 480 10 0 8 0 1 0 IO_L18N_T2U_N11_AD2N_45_AN42
A 405 480 10 0 2 0 PINTYPE=BI
P 47 400 490 350 490 0 3 0
A 355 490 10 0 3 3 #=AN41
L 345 490 10 0 8 0 1 0 IO_L18P_T2U_N10_AD2P_45_AN41
A 405 490 10 0 2 0 PINTYPE=BI
P 48 400 500 350 500 0 3 0
A 355 500 10 0 3 3 #=AN37
L 345 500 10 0 8 0 1 0 IO_L19N_T3L_N1_DBC_AD9N_45_AN37
A 405 500 10 0 2 0 PINTYPE=BI
P 49 400 510 350 510 0 3 0
A 355 510 10 0 3 3 #=AM37
L 345 510 10 0 8 0 1 0 IO_L19P_T3L_N0_DBC_AD9P_45_AM37
A 405 510 10 0 2 0 PINTYPE=BI
P 50 400 520 350 520 0 3 0
A 355 520 10 0 3 3 #=AR36
L 345 520 10 0 8 0 1 0 IO_L20N_T3L_N3_AD1N_45_AR36
A 405 520 10 0 2 0 PINTYPE=BI
P 51 400 530 350 530 0 3 0
A 355 530 10 0 3 3 #=AP36
L 345 530 10 0 8 0 1 0 IO_L20P_T3L_N2_AD1P_45_AP36
A 405 530 10 0 2 0 PINTYPE=BI
P 52 400 540 350 540 0 3 0
A 355 540 10 0 3 3 #=AM39
L 345 540 10 0 8 0 1 0 IO_L21N_T3L_N5_AD8N_45_AM39
A 405 540 10 0 2 0 PINTYPE=BI
P 53 400 550 350 550 0 3 0
A 355 550 10 0 3 3 #=AL39
L 345 550 10 0 8 0 1 0 IO_L21P_T3L_N4_AD8P_45_AL39
A 405 550 10 0 2 0 PINTYPE=BI
P 54 400 560 350 560 0 3 0
A 355 560 10 0 3 3 #=AR38
L 345 560 10 0 8 0 1 0 IO_L22N_T3U_N7_DBC_AD0N_45_AR38
A 405 560 10 0 2 0 PINTYPE=BI
P 55 400 570 350 570 0 3 0
A 355 570 10 0 3 3 #=AR37
L 345 570 10 0 8 0 1 0 IO_L22P_T3U_N6_DBC_AD0P_45_AR37
A 405 570 10 0 2 0 PINTYPE=BI
P 56 400 580 350 580 0 3 0
A 355 580 10 0 3 3 #=AL38
L 345 580 10 0 8 0 1 0 IO_L23N_T3U_N9_45_AL38
A 405 580 10 0 2 0 PINTYPE=BI
P 57 400 590 350 590 0 3 0
A 355 590 10 0 3 3 #=AL37
L 345 590 10 0 8 0 1 0 IO_L23P_T3U_N8_45_AL37
A 405 590 10 0 2 0 PINTYPE=BI
P 58 400 600 350 600 0 3 0
A 355 600 10 0 3 3 #=AN36
L 345 600 10 0 8 0 1 0 IO_T3U_N12_45_AN36
A 405 600 10 0 2 0 PINTYPE=BI
P 59 400 610 350 610 0 3 0
A 355 610 10 0 3 3 #=AP38
L 345 610 10 0 8 0 1 0 IO_L24N_T3U_N11_45_AP38
A 405 610 10 0 2 0 PINTYPE=BI
P 60 400 620 350 620 0 3 0
A 355 620 10 0 3 3 #=AN38
L 345 620 10 0 8 0 1 0 IO_L24P_T3U_N10_45_AN38
A 405 620 10 0 2 0 PINTYPE=BI
T 220 640 20 0 5 XCVU125FLVA1760
T 220 660 20 0 5 BANK 45_H
c 70 750 10
U 50 780 10 0 3 3 DEVICE=XXXXXX
U 50 30 16 0 3 3 REFDES=U?
U 250 30 10 0 3 3 PKG_TYPE=XXXXXX
U 0 0 10 0 3 0 HETERO=xcvu125flva1760a_0_H,xcvu125flva1760a_44_H,xcvu125flva1760a_45_H,xcvu125flva1760a_46_H,xcvu125flva1760a_47_H,xcvu125flva1760a_48_H,xcvu125flva1760a_49_H,xcvu125flva1760a_50_H,xcvu125flva1760a_51_H,xcvu125flva1760a_52_H,xcvu125flva1760a_53_H,xcvu125flva1760a_65_H,xcvu125flva1760a_66_H,xcvu125flva1760a_67_H,xcvu125flva1760a_84_H,xcvu125flva1760a_94_H,xcvu125flva1760a_225_H,xcvu125flva1760a_GND_H
U 0 -10 10 0 3 0 PARTS=1
U 0 -20 10 0 3 0 LEVEL=STD
U 0 -30 10 0 3 0 DATE=2014_01_22
E
