V 50
K 153165148200 xcvu3pffvc1517
Y 1
D 0 0 400 420
Z 10
i 946
b 50 50 350 370
P 1 400 100 350 100 0 3 0
A 355 100 10 0 3 3 #=P9
L 345 100 10 0 8 0 1 0 M0_0_P9
A 405 100 10 0 2 0 PINTYPE=BI
P 2 400 110 350 110 0 3 0
A 355 110 10 0 3 3 #=P8
L 345 110 10 0 8 0 1 0 M1_0_P8
A 405 110 10 0 2 0 PINTYPE=BI
P 3 400 120 350 120 0 3 0
A 355 120 10 0 3 3 #=P10
L 345 120 10 0 8 0 1 0 M2_0_P10
A 405 120 10 0 2 0 PINTYPE=BI
P 4 400 130 350 130 0 3 0
A 355 130 10 0 3 3 #=AB8
L 345 130 10 0 8 0 1 0 D00_MOSI_0_AB8
A 405 130 10 0 2 0 PINTYPE=BI
P 5 400 140 350 140 0 3 0
A 355 140 10 0 3 3 #=AD8
L 345 140 10 0 8 0 1 0 D01_DIN_0_AD8
A 405 140 10 0 2 0 PINTYPE=BI
P 6 400 150 350 150 0 3 0
A 355 150 10 0 3 3 #=Y8
L 345 150 10 0 8 0 1 0 D02_0_Y8
A 405 150 10 0 2 0 PINTYPE=BI
P 7 400 160 350 160 0 3 0
A 355 160 10 0 3 3 #=AC8
L 345 160 10 0 8 0 1 0 D03_0_AC8
A 405 160 10 0 2 0 PINTYPE=BI
P 8 400 170 350 170 0 3 0
A 355 170 10 0 3 3 #=U9
L 345 170 10 0 8 0 1 0 DONE_0_U9
A 405 170 10 0 2 0 PINTYPE=BI
P 9 400 180 350 180 0 3 0
A 355 180 10 0 3 3 #=R8
L 345 180 10 0 8 0 1 0 RSVDGND_R8
A 405 180 10 0 2 0 PINTYPE=BI
P 10 400 190 350 190 0 3 0
A 355 190 10 0 3 3 #=V10
L 345 190 10 0 8 0 1 0 PROGRAM_B_0_V10
A 405 190 10 0 2 0 PINTYPE=BI
P 11 400 200 350 200 0 3 0
A 355 200 10 0 3 3 #=T10
L 345 200 10 0 8 0 1 0 INIT_B_0_T10
A 405 200 10 0 2 0 PINTYPE=BI
P 12 400 210 350 210 0 3 0
A 355 210 10 0 3 3 #=AC9
L 345 210 10 0 8 0 1 0 TDI_0_AC9
A 405 210 10 0 2 0 PINTYPE=BI
P 13 400 220 350 220 0 3 0
A 355 220 10 0 3 3 #=Y9
L 345 220 10 0 8 0 1 0 TDO_0_Y9
A 405 220 10 0 2 0 PINTYPE=BI
P 14 400 230 350 230 0 3 0
A 355 230 10 0 3 3 #=AD10
L 345 230 10 0 8 0 1 0 TMS_0_AD10
A 405 230 10 0 2 0 PINTYPE=BI
P 15 400 240 350 240 0 3 0
A 355 240 10 0 3 3 #=Y10
L 345 240 10 0 8 0 1 0 TCK_0_Y10
A 405 240 10 0 2 0 PINTYPE=BI
P 16 400 250 350 250 0 3 0
A 355 250 10 0 3 3 #=AB10
L 345 250 10 0 8 0 1 0 CCLK_0_AB10
A 405 250 10 0 2 0 PINTYPE=BI
P 17 400 260 350 260 0 3 0
A 355 260 10 0 3 3 #=AF8
L 345 260 10 0 8 0 1 0 VBATT_AF8
A 405 260 10 0 2 0 PINTYPE=BI
P 18 400 270 350 270 0 3 0
A 355 270 10 0 3 3 #=AE8
L 345 270 10 0 8 0 1 0 RDWR_FCS_B_0_AE8
A 405 270 10 0 2 0 PINTYPE=BI
P 19 400 280 350 280 0 3 0
A 355 280 10 0 3 3 #=V8
L 345 280 10 0 8 0 1 0 POR_OVERRIDE_V8
A 405 280 10 0 2 0 PINTYPE=BI
P 20 400 290 350 290 0 3 0
A 355 290 10 0 3 3 #=U8
L 345 290 10 0 8 0 1 0 PUDC_B_0_U8
A 405 290 10 0 2 0 PINTYPE=BI
T 220 310 20 0 5 XCVU3PFFVC1517
T 220 330 20 0 5 BANK 0_H
c 70 350 10
U 50 380 10 0 3 3 DEVICE=XXXXXX
U 50 30 16 0 3 3 REFDES=U?
U 250 30 10 0 3 3 PKG_TYPE=XXXXXX
U 0 0 10 0 3 0 HETERO=xcvu3pffvc1517a_0_H,xcvu3pffvc1517a_48_H,xcvu3pffvc1517a_47_H,xcvu3pffvc1517a_46_H,xcvu3pffvc1517a_45_H,xcvu3pffvc1517a_44_H,xcvu3pffvc1517a_68_H,xcvu3pffvc1517a_67_H,xcvu3pffvc1517a_66_H,xcvu3pffvc1517a_65_H,xcvu3pffvc1517a_64_H,xcvu3pffvc1517a_GND_H,xcvu3pffvc1517a_NC_H
U 0 -10 10 0 3 0 PARTS=1
U 0 -20 10 0 3 0 LEVEL=STD
U 0 -30 10 0 3 0 DATE=2015_09_30
E
