V 50
K 153165148200 xcvu095ffvc1517
Y 1
D 0 0 400 420
Z 10
i 946
b 50 50 350 370
P 1 400 100 350 100 0 3 0
A 355 100 10 0 3 3 #=W34
L 345 100 10 0 8 0 1 0 MGTREFCLK1N_127_W34
A 405 100 10 0 2 0 PINTYPE=BI
P 2 400 110 350 110 0 3 0
A 355 110 10 0 3 3 #=W33
L 345 110 10 0 8 0 1 0 MGTREFCLK1P_127_W33
A 405 110 10 0 2 0 PINTYPE=BI
P 3 400 120 350 120 0 3 0
A 355 120 10 0 3 3 #=AA34
L 345 120 10 0 8 0 1 0 MGTREFCLK0N_127_AA34
A 405 120 10 0 2 0 PINTYPE=BI
P 4 400 130 350 130 0 3 0
A 355 130 10 0 3 3 #=AA33
L 345 130 10 0 8 0 1 0 MGTREFCLK0P_127_AA33
A 405 130 10 0 2 0 PINTYPE=BI
P 5 400 140 350 140 0 3 0
A 355 140 10 0 3 3 #=U39
L 345 140 10 0 8 0 1 0 MGTYRXN3_127_U39
A 405 140 10 0 2 0 PINTYPE=BI
P 6 400 150 350 150 0 3 0
A 355 150 10 0 3 3 #=U38
L 345 150 10 0 8 0 1 0 MGTYRXP3_127_U38
A 405 150 10 0 2 0 PINTYPE=BI
P 7 400 160 350 160 0 3 0
A 355 160 10 0 3 3 #=T36
L 345 160 10 0 8 0 1 0 MGTYTXN3_127_T36
A 405 160 10 0 2 0 PINTYPE=BI
P 8 400 170 350 170 0 3 0
A 355 170 10 0 3 3 #=T35
L 345 170 10 0 8 0 1 0 MGTYTXP3_127_T35
A 405 170 10 0 2 0 PINTYPE=BI
P 9 400 180 350 180 0 3 0
A 355 180 10 0 3 3 #=W39
L 345 180 10 0 8 0 1 0 MGTYRXN2_127_W39
A 405 180 10 0 2 0 PINTYPE=BI
P 10 400 190 350 190 0 3 0
A 355 190 10 0 3 3 #=W38
L 345 190 10 0 8 0 1 0 MGTYRXP2_127_W38
A 405 190 10 0 2 0 PINTYPE=BI
P 11 400 200 350 200 0 3 0
A 355 200 10 0 3 3 #=V36
L 345 200 10 0 8 0 1 0 MGTYTXN2_127_V36
A 405 200 10 0 2 0 PINTYPE=BI
P 12 400 210 350 210 0 3 0
A 355 210 10 0 3 3 #=V35
L 345 210 10 0 8 0 1 0 MGTYTXP2_127_V35
A 405 210 10 0 2 0 PINTYPE=BI
P 13 400 220 350 220 0 3 0
A 355 220 10 0 3 3 #=AA39
L 345 220 10 0 8 0 1 0 MGTYRXN1_127_AA39
A 405 220 10 0 2 0 PINTYPE=BI
P 14 400 230 350 230 0 3 0
A 355 230 10 0 3 3 #=AA38
L 345 230 10 0 8 0 1 0 MGTYRXP1_127_AA38
A 405 230 10 0 2 0 PINTYPE=BI
P 15 400 240 350 240 0 3 0
A 355 240 10 0 3 3 #=AB36
L 345 240 10 0 8 0 1 0 MGTYTXN1_127_AB36
A 405 240 10 0 2 0 PINTYPE=BI
P 16 400 250 350 250 0 3 0
A 355 250 10 0 3 3 #=AB35
L 345 250 10 0 8 0 1 0 MGTYTXP1_127_AB35
A 405 250 10 0 2 0 PINTYPE=BI
P 17 400 260 350 260 0 3 0
A 355 260 10 0 3 3 #=AC39
L 345 260 10 0 8 0 1 0 MGTYRXN0_127_AC39
A 405 260 10 0 2 0 PINTYPE=BI
P 18 400 270 350 270 0 3 0
A 355 270 10 0 3 3 #=AC38
L 345 270 10 0 8 0 1 0 MGTYRXP0_127_AC38
A 405 270 10 0 2 0 PINTYPE=BI
P 19 400 280 350 280 0 3 0
A 355 280 10 0 3 3 #=AD36
L 345 280 10 0 8 0 1 0 MGTYTXN0_127_AD36
A 405 280 10 0 2 0 PINTYPE=BI
P 20 400 290 350 290 0 3 0
A 355 290 10 0 3 3 #=AD35
L 345 290 10 0 8 0 1 0 MGTYTXP0_127_AD35
A 405 290 10 0 2 0 PINTYPE=BI
T 220 310 20 0 5 XCVU095FFVC1517
T 220 330 20 0 5 BANK 127
T 135 280 12 0 6 BANK MIGRATION:
T 135 270 10 0 6 VU065 = BANK 126
T 135 260 10 0 6 VU080 = BANK 127
c 70 350 10
U 50 380 10 0 3 3 DEVICE=XXXXXX
U 50 30 16 0 3 3 REFDES=U?
U 250 30 10 0 3 3 PKG_TYPE=XXXXXX
U 0 0 10 0 3 0 HETERO=xcvu095ffvc1517c_0,xcvu095ffvc1517c_44,xcvu095ffvc1517c_45,xcvu095ffvc1517c_46,xcvu095ffvc1517c_47,xcvu095ffvc1517c_48,xcvu095ffvc1517c_65,xcvu095ffvc1517c_66,xcvu095ffvc1517c_67,xcvu095ffvc1517c_68,xcvu095ffvc1517c_84,xcvu095ffvc1517c_94,xcvu095ffvc1517c_125,xcvu095ffvc1517c_126,xcvu095ffvc1517c_127,xcvu095ffvc1517c_128,xcvu095ffvc1517c_129,xcvu095ffvc1517c_224,xcvu095ffvc1517c_225,xcvu095ffvc1517c_226,xcvu095ffvc1517c_227,xcvu095ffvc1517c_228,xcvu095ffvc1517c_MGTAVCC_L,xcvu095ffvc1517c_MGTAVCC_R,xcvu095ffvc1517c_MGTAVTT_L,xcvu095ffvc1517c_MGTAVTT_R,xcvu095ffvc1517c_MGTVCCAUX_L,xcvu095ffvc1517c_MGTVCCAUX_R,xcvu095ffvc1517c_GND1,xcvu095ffvc1517c_GND2,xcvu095ffvc1517c_VCCINT,xcvu095ffvc1517c_VCCAUX,xcvu095ffvc1517c_VCCAUX_IO,xcvu095ffvc1517c_VCCINT_IO,xcvu095ffvc1517c_VCCBRAM
U 0 -10 10 0 3 0 PARTS=1
U 0 -20 10 0 3 0 LEVEL=STD
U 0 -30 10 0 3 0 DATE=2014_12_17
E
