V 53
K 1458757156 xczu3sbva484b_504.1
F Case
|R 11:19:16_3-23-16
D 0 735 400 0
Y 1
Z 10
i 100
U 50 695 10 0 3 3 DEVICE=XXXXXX
U 50 30 16 0 3 3 REFDES=U?
U 250 30 10 0 3 3 PKG_TYPE=XXXXXX
U 0 0 10 0 3 0 HETERO=xczu3sbva484b_0,xczu3sbva484b_26,xczu3sbva484b_66,xczu3sbva484b_65,xczu3sbva484b_500,xczu3sbva484b_501,xczu3sbva484b_502,xczu3sbva484b_503,xczu3sbva484b_504,xczu3sbva484b_505,xczu3sbva484b_GND,xczu3sbva484b_PS_POWER,xczu3sbva484b_PS_MGTRAVCC,xczu3sbva484b_PS_MGTRAVTT,xczu3sbva484b_VCCAUX,xczu3sbva484b_VCCAUX_IO,xczu3sbva484b_VCCBRAM,xczu3sbva484b_VCCINT,xczu3sbva484b_VCCINT_IO
U 0 -10 10 0 3 0 PARTS=1
U 0 -20 10 0 3 0 LEVEL=STD
U 0 -30 10 0 3 0 DATE=2016_01_29
U 0 0 10 0 1 0 FORWARD_PCB=1
b 50 50 350 685
T 220 639 20 0 5 XCZU3SBVA484
T 220 659 20 0 5 BANK 504
c 70 665 10
P 1 0 90 50 90 0 2 0
L 55 90 10 0 2 0 1 0 VCCO_PSDDR_504_AB18
A 45 90 10 0 9 3 #=AB18
A 10 90 10 0 2 0 PINTYPE=BI
P 2 0 100 50 100 0 2 0
L 55 100 10 0 2 0 1 0 VCCO_PSDDR_504_P19
A 45 100 10 0 9 3 #=P19
A 10 100 10 0 2 0 PINTYPE=BI
P 3 0 110 50 110 0 2 0
L 55 110 10 0 2 0 1 0 VCCO_PSDDR_504_T20
A 45 110 10 0 9 3 #=T20
A 10 110 10 0 2 0 PINTYPE=BI
P 4 0 120 50 120 0 2 0
L 55 120 10 0 2 0 1 0 VCCO_PSDDR_504_V16
A 45 120 10 0 9 3 #=V16
A 10 120 10 0 2 0 PINTYPE=BI
P 5 0 130 50 130 0 2 0
L 55 130 10 0 2 0 1 0 VCCO_PSDDR_504_V21
A 45 130 10 0 9 3 #=V21
A 10 130 10 0 2 0 PINTYPE=BI
P 6 0 140 50 140 0 2 0
L 55 140 10 0 2 0 1 0 VCCO_PSDDR_504_Y17
A 45 140 10 0 9 3 #=Y17
A 10 140 10 0 2 0 PINTYPE=BI
P 7 0 150 50 150 0 2 0
L 55 150 10 0 2 0 1 0 VCCO_PSDDR_504_Y22
A 45 150 10 0 9 3 #=Y22
A 10 150 10 0 2 0 PINTYPE=BI
P 8 400 90 350 90 0 3 0
L 345 90 10 0 8 0 1 0 PS_DDR_ZQ_T19
A 355 90 10 0 3 3 #=T19
A 405 90 10 0 2 0 PINTYPE=BI
P 9 400 220 350 220 0 3 0
L 345 220 10 0 8 0 1 0 PS_DDR_DQ71_N19
A 355 220 10 0 3 3 #=N19
A 405 220 10 0 2 0 PINTYPE=BI
P 10 400 230 350 230 0 3 0
L 345 230 10 0 8 0 1 0 PS_DDR_DQ70_N18
A 355 230 10 0 3 3 #=N18
A 405 230 10 0 2 0 PINTYPE=BI
P 11 400 240 350 240 0 3 0
L 345 240 10 0 8 0 1 0 PS_DDR_DQ69_P18
A 355 240 10 0 3 3 #=P18
A 405 240 10 0 2 0 PINTYPE=BI
P 12 400 250 350 250 0 3 0
L 345 250 10 0 8 0 1 0 PS_DDR_DQ68_R18
A 355 250 10 0 3 3 #=R18
A 405 250 10 0 2 0 PINTYPE=BI
P 13 400 260 350 260 0 3 0
L 345 260 10 0 8 0 1 0 PS_DDR_DQ67_P21
A 355 260 10 0 3 3 #=P21
A 405 260 10 0 2 0 PINTYPE=BI
P 14 400 270 350 270 0 3 0
L 345 270 10 0 8 0 1 0 PS_DDR_DQ66_R21
A 355 270 10 0 3 3 #=R21
A 405 270 10 0 2 0 PINTYPE=BI
P 15 400 280 350 280 0 3 0
L 345 280 10 0 8 0 1 0 PS_DDR_DQ65_P22
A 355 280 10 0 3 3 #=P22
A 405 280 10 0 2 0 PINTYPE=BI
P 16 400 290 350 290 0 3 0
L 345 290 10 0 8 0 1 0 PS_DDR_DQ64_T22
A 355 290 10 0 3 3 #=T22
A 405 290 10 0 2 0 PINTYPE=BI
P 17 400 310 350 310 0 3 0
L 345 310 10 0 8 0 1 0 PS_DDR_DQ31_V15
A 355 310 10 0 3 3 #=V15
A 405 310 10 0 2 0 PINTYPE=BI
P 18 400 320 350 320 0 3 0
L 345 320 10 0 8 0 1 0 PS_DDR_DQ30_W15
A 355 320 10 0 3 3 #=W15
A 405 320 10 0 2 0 PINTYPE=BI
P 19 400 330 350 330 0 3 0
L 345 330 10 0 8 0 1 0 PS_DDR_DQ29_U14
A 355 330 10 0 3 3 #=U14
A 405 330 10 0 2 0 PINTYPE=BI
P 20 400 340 350 340 0 3 0
L 345 340 10 0 8 0 1 0 PS_DDR_DQ28_V14
A 355 340 10 0 3 3 #=V14
A 405 340 10 0 2 0 PINTYPE=BI
P 21 400 350 350 350 0 3 0
L 345 350 10 0 8 0 1 0 PS_DDR_DQ27_W11
A 355 350 10 0 3 3 #=W11
A 405 350 10 0 2 0 PINTYPE=BI
P 22 400 360 350 360 0 3 0
L 345 360 10 0 8 0 1 0 PS_DDR_DQ26_W12
A 355 360 10 0 3 3 #=W12
A 405 360 10 0 2 0 PINTYPE=BI
P 23 400 370 350 370 0 3 0
L 345 370 10 0 8 0 1 0 PS_DDR_DQ25_U12
A 355 370 10 0 3 3 #=U12
A 405 370 10 0 2 0 PINTYPE=BI
P 24 400 380 350 380 0 3 0
L 345 380 10 0 8 0 1 0 PS_DDR_DQ24_U11
A 355 380 10 0 3 3 #=U11
A 405 380 10 0 2 0 PINTYPE=BI
P 25 400 390 350 390 0 3 0
L 345 390 10 0 8 0 1 0 PS_DDR_DQ23_T10
A 355 390 10 0 3 3 #=T10
A 405 390 10 0 2 0 PINTYPE=BI
P 26 400 400 350 400 0 3 0
L 345 400 10 0 8 0 1 0 PS_DDR_DQ22_U10
A 355 400 10 0 3 3 #=U10
A 405 400 10 0 2 0 PINTYPE=BI
P 27 400 410 350 410 0 3 0
L 345 410 10 0 8 0 1 0 PS_DDR_DQ21_T9
A 355 410 10 0 3 3 #=T9
A 405 410 10 0 2 0 PINTYPE=BI
P 28 400 420 350 420 0 3 0
L 345 420 10 0 8 0 1 0 PS_DDR_DQ20_U7
A 355 420 10 0 3 3 #=U7
A 405 420 10 0 2 0 PINTYPE=BI
P 29 400 430 350 430 0 3 0
L 345 430 10 0 8 0 1 0 PS_DDR_DQ19_V10
A 355 430 10 0 3 3 #=V10
A 405 430 10 0 2 0 PINTYPE=BI
P 30 400 440 350 440 0 3 0
L 345 440 10 0 8 0 1 0 PS_DDR_DQ18_V7
A 355 440 10 0 3 3 #=V7
A 405 440 10 0 2 0 PINTYPE=BI
P 31 400 450 350 450 0 3 0
L 345 450 10 0 8 0 1 0 PS_DDR_DQ17_W7
A 355 450 10 0 3 3 #=W7
A 405 450 10 0 2 0 PINTYPE=BI
P 32 400 460 350 460 0 3 0
L 345 460 10 0 8 0 1 0 PS_DDR_DQ16_W8
A 355 460 10 0 3 3 #=W8
A 405 460 10 0 2 0 PINTYPE=BI
P 33 400 470 350 470 0 3 0
L 345 470 10 0 8 0 1 0 PS_DDR_DQ15_AB15
A 355 470 10 0 3 3 #=AB15
A 405 470 10 0 2 0 PINTYPE=BI
P 34 400 480 350 480 0 3 0
L 345 480 10 0 8 0 1 0 PS_DDR_DQ14_Y15
A 355 480 10 0 3 3 #=Y15
A 405 480 10 0 2 0 PINTYPE=BI
P 35 400 490 350 490 0 3 0
L 345 490 10 0 8 0 1 0 PS_DDR_DQ13_AA14
A 355 490 10 0 3 3 #=AA14
A 405 490 10 0 2 0 PINTYPE=BI
P 36 400 500 350 500 0 3 0
L 345 500 10 0 8 0 1 0 PS_DDR_DQ12_Y14
A 355 500 10 0 3 3 #=Y14
A 405 500 10 0 2 0 PINTYPE=BI
P 37 400 510 350 510 0 3 0
L 345 510 10 0 8 0 1 0 PS_DDR_DQ11_AB12
A 355 510 10 0 3 3 #=AB12
A 405 510 10 0 2 0 PINTYPE=BI
P 38 400 520 350 520 0 3 0
L 345 520 10 0 8 0 1 0 PS_DDR_DQ10_AA12
A 355 520 10 0 3 3 #=AA12
A 405 520 10 0 2 0 PINTYPE=BI
P 39 400 530 350 530 0 3 0
L 345 530 10 0 8 0 1 0 PS_DDR_DQ9_Y11
A 355 530 10 0 3 3 #=Y11
A 405 530 10 0 2 0 PINTYPE=BI
P 40 400 540 350 540 0 3 0
L 345 540 10 0 8 0 1 0 PS_DDR_DQ8_AA11
A 355 540 10 0 3 3 #=AA11
A 405 540 10 0 2 0 PINTYPE=BI
P 41 400 550 350 550 0 3 0
L 345 550 10 0 8 0 1 0 PS_DDR_DQ7_AA7
A 355 550 10 0 3 3 #=AA7
A 405 550 10 0 2 0 PINTYPE=BI
P 42 400 560 350 560 0 3 0
L 345 560 10 0 8 0 1 0 PS_DDR_DQ6_AB7
A 355 560 10 0 3 3 #=AB7
A 405 560 10 0 2 0 PINTYPE=BI
P 43 400 570 350 570 0 3 0
L 345 570 10 0 8 0 1 0 PS_DDR_DQ5_Y8
A 355 570 10 0 3 3 #=Y8
A 405 570 10 0 2 0 PINTYPE=BI
P 44 400 580 350 580 0 3 0
L 345 580 10 0 8 0 1 0 PS_DDR_DQ4_AA8
A 355 580 10 0 3 3 #=AA8
A 405 580 10 0 2 0 PINTYPE=BI
P 45 400 590 350 590 0 3 0
L 345 590 10 0 8 0 1 0 PS_DDR_DQ3_W10
A 355 590 10 0 3 3 #=W10
A 405 590 10 0 2 0 PINTYPE=BI
P 46 400 600 350 600 0 3 0
L 345 600 10 0 8 0 1 0 PS_DDR_DQ2_AB10
A 355 600 10 0 3 3 #=AB10
A 405 600 10 0 2 0 PINTYPE=BI
P 47 400 610 350 610 0 3 0
L 345 610 10 0 8 0 1 0 PS_DDR_DQ1_Y10
A 355 610 10 0 3 3 #=Y10
A 405 610 10 0 2 0 PINTYPE=BI
P 48 400 620 350 620 0 3 0
L 345 620 10 0 8 0 1 0 PS_DDR_DQ0_AB11
A 355 620 10 0 3 3 #=AB11
A 405 620 10 0 2 0 PINTYPE=BI
P 49 400 150 350 150 0 3 0
L 345 150 10 0 8 0 1 0 PS_DDR_DM8_R19
A 355 150 10 0 3 3 #=R19
A 405 150 10 0 2 0 PINTYPE=BI
P 50 400 160 350 160 0 3 0
L 345 160 10 0 8 0 1 0 PS_DDR_DM3_W13
A 355 160 10 0 3 3 #=W13
A 405 160 10 0 2 0 PINTYPE=BI
P 51 400 170 350 170 0 3 0
L 345 170 10 0 8 0 1 0 PS_DDR_DM2_U9
A 355 170 10 0 3 3 #=U9
A 405 170 10 0 2 0 PINTYPE=BI
P 52 400 180 350 180 0 3 0
L 345 180 10 0 8 0 1 0 PS_DDR_DM1_AB14
A 355 180 10 0 3 3 #=AB14
A 405 180 10 0 2 0 PINTYPE=BI
P 53 400 190 350 190 0 3 0
L 345 190 10 0 8 0 1 0 PS_DDR_DM0_AB9
A 355 190 10 0 3 3 #=AB9
A 405 190 10 0 2 0 PINTYPE=BI
P 54 0 170 50 170 0 2 0
L 55 170 10 0 2 0 1 0 PS_DDR_DQS_N8_R20
A 45 170 10 0 9 3 #=R20
A -5 170 10 0 8 0 PINTYPE=BI
P 55 0 180 50 180 0 2 0
L 55 180 10 0 2 0 1 0 PS_DDR_DQS_P8_P20
A 45 180 10 0 9 3 #=P20
A -5 180 10 0 8 0 PINTYPE=BI
P 56 0 190 50 190 0 2 0
L 55 190 10 0 2 0 1 0 PS_DDR_DQS_N3_V13
A 45 190 10 0 9 3 #=V13
A -5 190 10 0 8 0 PINTYPE=BI
P 57 0 200 50 200 0 2 0
L 55 200 10 0 2 0 1 0 PS_DDR_DQS_P3_V12
A 45 200 10 0 9 3 #=V12
A 10 200 10 0 2 0 PINTYPE=BI
P 58 0 210 50 210 0 2 0
L 55 210 10 0 2 0 1 0 PS_DDR_DQS_N2_V8
A 45 210 10 0 9 3 #=V8
A 10 210 10 0 2 0 PINTYPE=BI
P 59 0 220 50 220 0 2 0
L 55 220 10 0 2 0 1 0 PS_DDR_DQS_P2_V9
A 45 220 10 0 9 3 #=V9
A 10 220 10 0 2 0 PINTYPE=BI
P 60 0 230 50 230 0 2 0
L 55 230 10 0 2 0 1 0 PS_DDR_DQS_N1_AA13
A 45 230 10 0 9 3 #=AA13
A 10 230 10 0 2 0 PINTYPE=BI
P 61 0 240 50 240 0 2 0
L 55 240 10 0 2 0 1 0 PS_DDR_DQS_P1_Y13
A 45 240 10 0 9 3 #=Y13
A 10 240 10 0 2 0 PINTYPE=BI
P 62 0 250 50 250 0 2 0
L 55 250 10 0 2 0 1 0 PS_DDR_DQS_N0_AA9
A 45 250 10 0 9 3 #=AA9
A 10 250 10 0 2 0 PINTYPE=BI
P 63 0 260 50 260 0 2 0
L 55 260 10 0 2 0 1 0 PS_DDR_DQS_P0_Y9
A 45 260 10 0 9 3 #=Y9
A 10 260 10 0 2 0 PINTYPE=BI
P 64 0 270 50 270 0 2 0
L 55 270 10 0 2 0 1 0 PS_DDR_ODT1_W21
A 45 270 10 0 9 3 #=W21
A 10 270 10 0 2 0 PINTYPE=BI
P 65 0 280 50 280 0 2 0
L 55 280 10 0 2 0 1 0 PS_DDR_ODT0_W22
A 45 280 10 0 9 3 #=W22
A 10 280 10 0 2 0 PINTYPE=BI
P 66 0 290 50 290 0 2 0
L 55 290 10 0 2 0 1 0 PS_DDR_CKE1_U21
A 45 290 10 0 9 3 #=U21
A 10 290 10 0 2 0 PINTYPE=BI
P 67 0 300 50 300 0 2 0
L 55 300 10 0 2 0 1 0 PS_DDR_CKE0_U22
A 45 300 10 0 9 3 #=U22
A 10 300 10 0 2 0 PINTYPE=BI
P 68 0 310 50 310 0 2 0
L 55 310 10 0 2 0 1 0 PS_DDR_CK_N1_V19
A 45 310 10 0 9 3 #=V19
A 10 310 10 0 2 0 PINTYPE=BI
P 69 0 320 50 320 0 2 0
L 55 320 10 0 2 0 1 0 PS_DDR_CK1_V18
A 45 320 10 0 9 3 #=V18
A 10 320 10 0 2 0 PINTYPE=BI
P 70 0 330 50 330 0 2 0
L 55 330 10 0 2 0 1 0 PS_DDR_CK_N0_W20
A 45 330 10 0 9 3 #=W20
A 10 330 10 0 2 0 PINTYPE=BI
P 71 0 340 50 340 0 2 0
L 55 340 10 0 2 0 1 0 PS_DDR_CK0_V20
A 45 340 10 0 9 3 #=V20
A 10 340 10 0 2 0 PINTYPE=BI
P 72 0 350 50 350 0 2 0
L 55 350 10 0 2 0 1 0 PS_DDR_CS_N1_U20
A 45 350 10 0 9 3 #=U20
A 10 350 10 0 2 0 PINTYPE=BI
P 73 0 360 50 360 0 2 0
L 55 360 10 0 2 0 1 0 PS_DDR_CS_N0_V22
A 45 360 10 0 9 3 #=V22
A 10 360 10 0 2 0 PINTYPE=BI
P 74 0 370 50 370 0 2 0
L 55 370 10 0 2 0 1 0 PS_DDR_BG1_W18
A 45 370 10 0 9 3 #=W18
A 10 370 10 0 2 0 PINTYPE=BI
P 75 0 380 50 380 0 2 0
L 55 380 10 0 2 0 1 0 PS_DDR_BG0_U16
A 45 380 10 0 9 3 #=U16
A 10 380 10 0 2 0 PINTYPE=BI
P 76 0 390 50 390 0 2 0
L 55 390 10 0 2 0 1 0 PS_DDR_RAM_RST_N_T18
A 45 390 10 0 9 3 #=T18
A 10 390 10 0 2 0 PINTYPE=BI
P 77 0 400 50 400 0 2 0
L 55 400 10 0 2 0 1 0 PS_DDR_PARITY_U19
A 45 400 10 0 9 3 #=U19
A 10 400 10 0 2 0 PINTYPE=BI
P 78 0 410 50 410 0 2 0
L 55 410 10 0 2 0 1 0 PS_DDR_ALERT_N_T21
A 45 410 10 0 9 3 #=T21
A 10 410 10 0 2 0 PINTYPE=BI
P 79 0 420 50 420 0 2 0
L 55 420 10 0 2 0 1 0 PS_DDR_ACT_N_U15
A 45 420 10 0 9 3 #=U15
A 10 420 10 0 2 0 PINTYPE=BI
P 80 0 430 50 430 0 2 0
L 55 430 10 0 2 0 1 0 PS_DDR_BA1_V17
A 45 430 10 0 9 3 #=V17
A 10 430 10 0 2 0 PINTYPE=BI
P 81 0 440 50 440 0 2 0
L 55 440 10 0 2 0 1 0 PS_DDR_BA0_U17
A 45 440 10 0 9 3 #=U17
A 10 440 10 0 2 0 PINTYPE=BI
P 82 0 450 50 450 0 2 0
L 55 450 10 0 2 0 1 0 PS_DDR_A17_W16
A 45 450 10 0 9 3 #=W16
A 10 450 10 0 2 0 PINTYPE=BI
P 83 0 460 50 460 0 2 0
L 55 460 10 0 2 0 1 0 PS_DDR_A16_Y16
A 45 460 10 0 9 3 #=Y16
A 10 460 10 0 2 0 PINTYPE=BI
P 84 0 470 50 470 0 2 0
L 55 470 10 0 2 0 1 0 PS_DDR_A15_AA16
A 45 470 10 0 9 3 #=AA16
A 10 470 10 0 2 0 PINTYPE=BI
P 85 0 480 50 480 0 2 0
L 55 480 10 0 2 0 1 0 PS_DDR_A14_AA17
A 45 480 10 0 9 3 #=AA17
A 10 480 10 0 2 0 PINTYPE=BI
P 86 0 490 50 490 0 2 0
L 55 490 10 0 2 0 1 0 PS_DDR_A13_AA19
A 45 490 10 0 9 3 #=AA19
A 10 490 10 0 2 0 PINTYPE=BI
P 87 0 500 50 500 0 2 0
L 55 500 10 0 2 0 1 0 PS_DDR_A12_AA18
A 45 500 10 0 9 3 #=AA18
A 10 500 10 0 2 0 PINTYPE=BI
P 88 0 510 50 510 0 2 0
L 55 510 10 0 2 0 1 0 PS_DDR_A11_AA21
A 45 510 10 0 9 3 #=AA21
A 10 510 10 0 2 0 PINTYPE=BI
P 89 0 520 50 520 0 2 0
L 55 520 10 0 2 0 1 0 PS_DDR_A10_Y21
A 45 520 10 0 9 3 #=Y21
A 10 520 10 0 2 0 PINTYPE=BI
P 90 0 530 50 530 0 2 0
L 55 530 10 0 2 0 1 0 PS_DDR_A9_Y18
A 45 530 10 0 9 3 #=Y18
A 10 530 10 0 2 0 PINTYPE=BI
P 91 0 540 50 540 0 2 0
L 55 540 10 0 2 0 1 0 PS_DDR_A8_W17
A 45 540 10 0 9 3 #=W17
A 10 540 10 0 2 0 PINTYPE=BI
P 92 0 550 50 550 0 2 0
L 55 550 10 0 2 0 1 0 PS_DDR_A7_Y19
A 45 550 10 0 9 3 #=Y19
A 10 550 10 0 2 0 PINTYPE=BI
P 93 0 560 50 560 0 2 0
L 55 560 10 0 2 0 1 0 PS_DDR_A6_Y20
A 45 560 10 0 9 3 #=Y20
A 10 560 10 0 2 0 PINTYPE=BI
P 94 0 570 50 570 0 2 0
L 55 570 10 0 2 0 1 0 PS_DDR_A5_AB16
A 45 570 10 0 9 3 #=AB16
A 10 570 10 0 2 0 PINTYPE=BI
P 95 0 580 50 580 0 2 0
L 55 580 10 0 2 0 1 0 PS_DDR_A4_AB21
A 45 580 10 0 9 3 #=AB21
A 10 580 10 0 2 0 PINTYPE=BI
P 96 0 590 50 590 0 2 0
L 55 590 10 0 2 0 1 0 PS_DDR_A3_AB19
A 45 590 10 0 9 3 #=AB19
A 10 590 10 0 2 0 PINTYPE=BI
P 97 0 600 50 600 0 2 0
L 55 600 10 0 2 0 1 0 PS_DDR_A2_AB17
A 45 600 10 0 9 3 #=AB17
A 10 600 10 0 2 0 PINTYPE=BI
P 98 0 610 50 610 0 2 0
L 55 610 10 0 2 0 1 0 PS_DDR_A1_AB20
A 45 610 10 0 9 3 #=AB20
A 10 610 10 0 2 0 PINTYPE=BI
P 99 0 620 50 620 0 2 0
L 55 620 10 0 2 0 1 0 PS_DDR_A0_AA22
A 45 620 10 0 9 3 #=AA22
A 10 620 10 0 2 0 PINTYPE=BI
E 
