V 50
K 153165148200 xczu9ffvb1156
Y 1
D 0 0 400 510
Z 10
i 946
b 50 50 350 460
P 1 400 100 350 100 0 3 0
A 355 100 10 0 3 3 #=F22
L 345 100 10 0 8 0 1 0 PS_MIO52_F22
A 405 100 10 0 2 0 PINTYPE=BI
P 2 400 110 350 110 0 3 0
A 355 110 10 0 3 3 #=E23
L 345 110 10 0 8 0 1 0 PS_MIO53_E23
A 405 110 10 0 2 0 PINTYPE=BI
P 3 400 120 350 120 0 3 0
A 355 120 10 0 3 3 #=F23
L 345 120 10 0 8 0 1 0 PS_MIO54_F23
A 405 120 10 0 2 0 PINTYPE=BI
P 4 400 130 350 130 0 3 0
A 355 130 10 0 3 3 #=B23
L 345 130 10 0 8 0 1 0 PS_MIO55_B23
A 405 130 10 0 2 0 PINTYPE=BI
P 5 400 140 350 140 0 3 0
A 355 140 10 0 3 3 #=C23
L 345 140 10 0 8 0 1 0 PS_MIO56_C23
A 405 140 10 0 2 0 PINTYPE=BI
P 6 400 150 350 150 0 3 0
A 355 150 10 0 3 3 #=A23
L 345 150 10 0 8 0 1 0 PS_MIO57_A23
A 405 150 10 0 2 0 PINTYPE=BI
P 7 400 160 350 160 0 3 0
A 355 160 10 0 3 3 #=G23
L 345 160 10 0 8 0 1 0 PS_MIO58_G23
A 405 160 10 0 2 0 PINTYPE=BI
P 8 400 170 350 170 0 3 0
A 355 170 10 0 3 3 #=B24
L 345 170 10 0 8 0 1 0 PS_MIO59_B24
A 405 170 10 0 2 0 PINTYPE=BI
P 9 400 180 350 180 0 3 0
A 355 180 10 0 3 3 #=E24
L 345 180 10 0 8 0 1 0 PS_MIO60_E24
A 405 180 10 0 2 0 PINTYPE=BI
P 10 400 190 350 190 0 3 0
A 355 190 10 0 3 3 #=C24
L 345 190 10 0 8 0 1 0 PS_MIO61_C24
A 405 190 10 0 2 0 PINTYPE=BI
P 11 400 200 350 200 0 3 0
A 355 200 10 0 3 3 #=G24
L 345 200 10 0 8 0 1 0 PS_MIO62_G24
A 405 200 10 0 2 0 PINTYPE=BI
P 12 400 210 350 210 0 3 0
A 355 210 10 0 3 3 #=D24
L 345 210 10 0 8 0 1 0 PS_MIO63_D24
A 405 210 10 0 2 0 PINTYPE=BI
P 13 400 220 350 220 0 3 0
A 355 220 10 0 3 3 #=A25
L 345 220 10 0 8 0 1 0 PS_MIO64_A25
A 405 220 10 0 2 0 PINTYPE=BI
P 14 400 230 350 230 0 3 0
A 355 230 10 0 3 3 #=A26
L 345 230 10 0 8 0 1 0 PS_MIO65_A26
A 405 230 10 0 2 0 PINTYPE=BI
P 15 400 240 350 240 0 3 0
A 355 240 10 0 3 3 #=A27
L 345 240 10 0 8 0 1 0 PS_MIO66_A27
A 405 240 10 0 2 0 PINTYPE=BI
P 16 400 250 350 250 0 3 0
A 355 250 10 0 3 3 #=B25
L 345 250 10 0 8 0 1 0 PS_MIO67_B25
A 405 250 10 0 2 0 PINTYPE=BI
P 17 400 260 350 260 0 3 0
A 355 260 10 0 3 3 #=B26
L 345 260 10 0 8 0 1 0 PS_MIO68_B26
A 405 260 10 0 2 0 PINTYPE=BI
P 18 400 270 350 270 0 3 0
A 355 270 10 0 3 3 #=B27
L 345 270 10 0 8 0 1 0 PS_MIO69_B27
A 405 270 10 0 2 0 PINTYPE=BI
P 19 400 280 350 280 0 3 0
A 355 280 10 0 3 3 #=C26
L 345 280 10 0 8 0 1 0 PS_MIO70_C26
A 405 280 10 0 2 0 PINTYPE=BI
P 20 400 290 350 290 0 3 0
A 355 290 10 0 3 3 #=C27
L 345 290 10 0 8 0 1 0 PS_MIO71_C27
A 405 290 10 0 2 0 PINTYPE=BI
P 21 400 300 350 300 0 3 0
A 355 300 10 0 3 3 #=E25
L 345 300 10 0 8 0 1 0 PS_MIO72_E25
A 405 300 10 0 2 0 PINTYPE=BI
P 22 400 310 350 310 0 3 0
A 355 310 10 0 3 3 #=H24
L 345 310 10 0 8 0 1 0 PS_MIO73_H24
A 405 310 10 0 2 0 PINTYPE=BI
P 23 400 320 350 320 0 3 0
A 355 320 10 0 3 3 #=G25
L 345 320 10 0 8 0 1 0 PS_MIO74_G25
A 405 320 10 0 2 0 PINTYPE=BI
P 24 400 330 350 330 0 3 0
A 355 330 10 0 3 3 #=D25
L 345 330 10 0 8 0 1 0 PS_MIO75_D25
A 405 330 10 0 2 0 PINTYPE=BI
P 25 400 340 350 340 0 3 0
A 355 340 10 0 3 3 #=H25
L 345 340 10 0 8 0 1 0 PS_MIO76_H25
A 405 340 10 0 2 0 PINTYPE=BI
P 26 400 350 350 350 0 3 0
A 355 350 10 0 3 3 #=F25
L 345 350 10 0 8 0 1 0 PS_MIO77_F25
A 405 350 10 0 2 0 PINTYPE=BI
P 27 0 100 50 100 0 2 0
A 45 100 10 0 9 3 #=G22
L 55 100 10 0 2 0 1 0 VCCO_PSIO2_502_G22
A 10 100 10 0 2 0 PINTYPE=BI
P 28 0 110 50 110 0 2 0
A 45 110 10 0 9 3 #=F24
L 55 110 10 0 2 0 1 0 VCCO_PSIO2_502_F24
A 10 110 10 0 2 0 PINTYPE=BI
P 29 0 120 50 120 0 2 0
A 45 120 10 0 9 3 #=D23
L 55 120 10 0 2 0 1 0 VCCO_PSIO2_502_D23
A 10 120 10 0 2 0 PINTYPE=BI
T 220 370 20 0 5 XCZU9FFVB1156
T 220 390 20 0 5 BANK 502
c 70 440 10
U 50 470 10 0 3 3 DEVICE=XXXXXX
U 50 30 16 0 3 3 REFDES=U?
U 250 30 10 0 3 3 PKG_TYPE=XXXXXX
U 0 0 10 0 3 0 HETERO=xczu9ffvb1156e_0,xczu9ffvb1156e_50,xczu9ffvb1156e_49,xczu9ffvb1156e_48,xczu9ffvb1156e_47,xczu9ffvb1156e_44,xczu9ffvb1156e_67,xczu9ffvb1156e_66,xczu9ffvb1156e_65,xczu9ffvb1156e_64,xczu9ffvb1156e_128,xczu9ffvb1156e_129,xczu9ffvb1156e_130,xczu9ffvb1156e_228,xczu9ffvb1156e_229,xczu9ffvb1156e_230,xczu9ffvb1156e_500,xczu9ffvb1156e_501,xczu9ffvb1156e_502,xczu9ffvb1156e_503,xczu9ffvb1156e_504,xczu9ffvb1156e_505,xczu9ffvb1156e_PS_POWER,xczu9ffvb1156e_GND1,xczu9ffvb1156e_GND2,xczu9ffvb1156e_MGTAVCC_L,xczu9ffvb1156e_MGTAVCC_R,xczu9ffvb1156e_MGTAVTT_L,xczu9ffvb1156e_MGTAVTT_R,xczu9ffvb1156e_MGTVCCAUX_L,xczu9ffvb1156e_MGTVCCAUX_R,xczu9ffvb1156e_PS_MGTRAVCC,xczu9ffvb1156e_PS_MGTRAVTT,xczu9ffvb1156e_VCCAUX,xczu9ffvb1156e_VCCAUX_IO,xczu9ffvb1156e_VCCBRAM,xczu9ffvb1156e_VCCINT,xczu9ffvb1156e_VCCINT_IO
U 0 -10 10 0 3 0 PARTS=1
U 0 -20 10 0 3 0 LEVEL=STD
U 0 -30 10 0 3 0 DATE=2015_07_29
E
