V 50
K 153165148200 xczu9ffvb1156
Y 1
D 0 0 400 510
Z 10
i 946
b 50 50 350 460
P 1 400 100 350 100 0 3 0
A 355 100 10 0 3 3 #=AF16
L 345 100 10 0 8 0 1 0 PS_MIO0_AF16
A 405 100 10 0 2 0 PINTYPE=BI
P 2 400 110 350 110 0 3 0
A 355 110 10 0 3 3 #=AJ16
L 345 110 10 0 8 0 1 0 PS_MIO1_AJ16
A 405 110 10 0 2 0 PINTYPE=BI
P 3 400 120 350 120 0 3 0
A 355 120 10 0 3 3 #=AD16
L 345 120 10 0 8 0 1 0 PS_MIO2_AD16
A 405 120 10 0 2 0 PINTYPE=BI
P 4 400 130 350 130 0 3 0
A 355 130 10 0 3 3 #=AG16
L 345 130 10 0 8 0 1 0 PS_MIO3_AG16
A 405 130 10 0 2 0 PINTYPE=BI
P 5 400 140 350 140 0 3 0
A 355 140 10 0 3 3 #=AH16
L 345 140 10 0 8 0 1 0 PS_MIO4_AH16
A 405 140 10 0 2 0 PINTYPE=BI
P 6 400 150 350 150 0 3 0
A 355 150 10 0 3 3 #=AM15
L 345 150 10 0 8 0 1 0 PS_MIO5_AM15
A 405 150 10 0 2 0 PINTYPE=BI
P 7 400 160 350 160 0 3 0
A 355 160 10 0 3 3 #=AL15
L 345 160 10 0 8 0 1 0 PS_MIO6_AL15
A 405 160 10 0 2 0 PINTYPE=BI
P 8 400 170 350 170 0 3 0
A 355 170 10 0 3 3 #=AD17
L 345 170 10 0 8 0 1 0 PS_MIO7_AD17
A 405 170 10 0 2 0 PINTYPE=BI
P 9 400 180 350 180 0 3 0
A 355 180 10 0 3 3 #=AE17
L 345 180 10 0 8 0 1 0 PS_MIO8_AE17
A 405 180 10 0 2 0 PINTYPE=BI
P 10 400 190 350 190 0 3 0
A 355 190 10 0 3 3 #=AP15
L 345 190 10 0 8 0 1 0 PS_MIO9_AP15
A 405 190 10 0 2 0 PINTYPE=BI
P 11 400 200 350 200 0 3 0
A 355 200 10 0 3 3 #=AH17
L 345 200 10 0 8 0 1 0 PS_MIO10_AH17
A 405 200 10 0 2 0 PINTYPE=BI
P 12 400 210 350 210 0 3 0
A 355 210 10 0 3 3 #=AF17
L 345 210 10 0 8 0 1 0 PS_MIO11_AF17
A 405 210 10 0 2 0 PINTYPE=BI
P 13 400 220 350 220 0 3 0
A 355 220 10 0 3 3 #=AJ17
L 345 220 10 0 8 0 1 0 PS_MIO12_AJ17
A 405 220 10 0 2 0 PINTYPE=BI
P 14 400 230 350 230 0 3 0
A 355 230 10 0 3 3 #=AK17
L 345 230 10 0 8 0 1 0 PS_MIO13_AK17
A 405 230 10 0 2 0 PINTYPE=BI
P 15 400 240 350 240 0 3 0
A 355 240 10 0 3 3 #=AL16
L 345 240 10 0 8 0 1 0 PS_MIO14_AL16
A 405 240 10 0 2 0 PINTYPE=BI
P 16 400 250 350 250 0 3 0
A 355 250 10 0 3 3 #=AN16
L 345 250 10 0 8 0 1 0 PS_MIO15_AN16
A 405 250 10 0 2 0 PINTYPE=BI
P 17 400 260 350 260 0 3 0
A 355 260 10 0 3 3 #=AM16
L 345 260 10 0 8 0 1 0 PS_MIO16_AM16
A 405 260 10 0 2 0 PINTYPE=BI
P 18 400 270 350 270 0 3 0
A 355 270 10 0 3 3 #=AP16
L 345 270 10 0 8 0 1 0 PS_MIO17_AP16
A 405 270 10 0 2 0 PINTYPE=BI
P 19 400 280 350 280 0 3 0
A 355 280 10 0 3 3 #=AE18
L 345 280 10 0 8 0 1 0 PS_MIO18_AE18
A 405 280 10 0 2 0 PINTYPE=BI
P 20 400 290 350 290 0 3 0
A 355 290 10 0 3 3 #=AL17
L 345 290 10 0 8 0 1 0 PS_MIO19_AL17
A 405 290 10 0 2 0 PINTYPE=BI
P 21 400 300 350 300 0 3 0
A 355 300 10 0 3 3 #=AD18
L 345 300 10 0 8 0 1 0 PS_MIO20_AD18
A 405 300 10 0 2 0 PINTYPE=BI
P 22 400 310 350 310 0 3 0
A 355 310 10 0 3 3 #=AF18
L 345 310 10 0 8 0 1 0 PS_MIO21_AF18
A 405 310 10 0 2 0 PINTYPE=BI
P 23 400 320 350 320 0 3 0
A 355 320 10 0 3 3 #=AD20
L 345 320 10 0 8 0 1 0 PS_MIO22_AD20
A 405 320 10 0 2 0 PINTYPE=BI
P 24 400 330 350 330 0 3 0
A 355 330 10 0 3 3 #=AD19
L 345 330 10 0 8 0 1 0 PS_MIO23_AD19
A 405 330 10 0 2 0 PINTYPE=BI
P 25 400 340 350 340 0 3 0
A 355 340 10 0 3 3 #=AE20
L 345 340 10 0 8 0 1 0 PS_MIO24_AE20
A 405 340 10 0 2 0 PINTYPE=BI
P 26 400 350 350 350 0 3 0
A 355 350 10 0 3 3 #=AE19
L 345 350 10 0 8 0 1 0 PS_MIO25_AE19
A 405 350 10 0 2 0 PINTYPE=BI
P 27 0 100 50 100 0 2 0
A 45 100 10 0 9 3 #=AK16
L 55 100 10 0 2 0 1 0 VCCO_PSIO0_500_AK16
A 10 100 10 0 2 0 PINTYPE=BI
P 28 0 110 50 110 0 2 0
A 45 110 10 0 9 3 #=AG17
L 55 110 10 0 2 0 1 0 VCCO_PSIO0_500_AG17
A 10 110 10 0 2 0 PINTYPE=BI
P 29 0 120 50 120 0 2 0
A 45 120 10 0 9 3 #=AE16
L 55 120 10 0 2 0 1 0 VCCO_PSIO0_500_AE16
A 10 120 10 0 2 0 PINTYPE=BI
T 220 370 20 0 5 XCZU9FFVB1156
T 220 390 20 0 5 BANK 500_H
c 70 440 10
U 50 470 10 0 3 3 DEVICE=XXXXXX
U 50 30 16 0 3 3 REFDES=U?
U 250 30 10 0 3 3 PKG_TYPE=XXXXXX
U 0 0 10 0 3 0 HETERO=xczu9ffvb1156a_0_H,xczu9ffvb1156a_44_H,xczu9ffvb1156a_47_H,xczu9ffvb1156a_48_H,xczu9ffvb1156a_49_H,xczu9ffvb1156a_50_H,xczu9ffvb1156a_64_H,xczu9ffvb1156a_65_H,xczu9ffvb1156a_66_H,xczu9ffvb1156a_67_H,xczu9ffvb1156a_500_H,xczu9ffvb1156a_501_H,xczu9ffvb1156a_502_H,xczu9ffvb1156a_503_H,xczu9ffvb1156a_504_H,xczu9ffvb1156a_GND_H
U 0 -10 10 0 3 0 PARTS=1
U 0 -20 10 0 3 0 LEVEL=STD
U 0 -30 10 0 3 0 DATE=2015_06_11
E
