V 53
K 1424543985 xtal_40mhz.1
F Case
|R 10:39:45_2-21-15
D 0 70 90 0
Y 1
Z 10
i 10
U 0 -120 10 0 3 0 LEVEL=STD
U 0 -110 10 0 3 0 PARTS=1
U 0 50 10 0 3 0 PKG_TYPE=SOJ_4
U 0 -70 10 0 3 0 DEVICE=AM_40_000
U 45 0 10 0 3 3 TOLERANCE=30PPM
U 20 -10 16 0 6 3 REFDES=X?
U 10 60 10 0 3 3 VALUE=40MHZ
U 0 0 10 0 1 0 FORWARD_PCB=1
l 2 30 20 10 20 
b 30 30 60 40
l 2 55 25 35 25 
l 2 55 45 35 45 
l 4 45 45 45 45 45 50 30 50 
l 4 45 25 45 25 45 20 30 20 
l 2 30 50 10 50 
T 55 15 10 0 3 GND2
Q 15 0 0
|FNTSTL 16777215 0
b 10 10 80 60
T 55 45 10 0 3 GND1
Q 15 0 0
|FNTSTL 16777215 0
P 1 0 50 10 50 0 2 0
L 25 50 10 0 9 0 1 0 X1
A -15 30 10 0 7 0 PINTYPE=BI
A 3 49 10 0 3 3 #=1
P 3 0 20 10 20 0 2 0
L 25 10 10 0 9 0 1 0 X2
A 3 19 10 0 3 3 #=3
A -15 0 10 0 7 0 PINTYPE=BI
P 8 90 50 80 50 0 3 0
L 60 45 10 0 3 0 0 0 NC_2
A 100 50 10 0 9 0 PINTYPE=BI
A 87 49 10 0 9 3 #=2
P 9 90 20 80 20 0 3 0
L 60 15 10 0 3 0 0 0 NC_3
A 100 20 10 0 9 0 PINTYPE=BI
A 87 19 10 0 9 3 #=4
E 
