V 50
K 153165148200 zu19d1760
Y 1
D 0 0 400 320
Z 10
i 946
b 50 50 350 270
P 1 400 100 350 100 0 3 0
A 355 100 10 0 3 3 #=AB20
L 345 100 10 0 8 0 1 0 VN_AB20
A 405 100 10 0 2 0 PINTYPE=BI
P 2 400 110 350 110 0 3 0
A 355 110 10 0 3 3 #=AA21
L 345 110 10 0 8 0 1 0 VP_AA21
A 405 110 10 0 2 0 PINTYPE=BI
P 3 400 120 350 120 0 3 0
A 355 120 10 0 3 3 #=AA20
L 345 120 10 0 8 0 1 0 VREFN_AA20
A 405 120 10 0 2 0 PINTYPE=BI
P 4 400 130 350 130 0 3 0
A 355 130 10 0 3 3 #=AB21
L 345 130 10 0 8 0 1 0 VREFP_AB21
A 405 130 10 0 2 0 PINTYPE=BI
P 5 400 140 350 140 0 3 0
A 355 140 10 0 3 3 #=Y21
L 345 140 10 0 8 0 1 0 GNDADC_Y21
A 405 140 10 0 2 0 PINTYPE=BI
P 6 400 150 350 150 0 3 0
A 355 150 10 0 3 3 #=Y20
L 345 150 10 0 8 0 1 0 VCCADC_Y20
A 405 150 10 0 2 0 PINTYPE=BI
P 7 400 160 350 160 0 3 0
A 355 160 10 0 3 3 #=AC20
L 345 160 10 0 8 0 1 0 DXN_AC20
A 405 160 10 0 2 0 PINTYPE=BI
P 8 400 170 350 170 0 3 0
A 355 170 10 0 3 3 #=AC21
L 345 170 10 0 8 0 1 0 DXP_AC21
A 405 170 10 0 2 0 PINTYPE=BI
P 9 400 180 350 180 0 3 0
A 355 180 10 0 3 3 #=AG14
L 345 180 10 0 8 0 1 0 POR_OVERRIDE_AG14
A 405 180 10 0 2 0 PINTYPE=BI
P 10 400 190 350 190 0 3 0
A 355 190 10 0 3 3 #=AG15
L 345 190 10 0 8 0 1 0 PUDC_B_AG15
A 405 190 10 0 2 0 PINTYPE=BI
T 220 220 20 0 5 XCZU19EGFFVD1760
T 220 240 20 0 5 BANK 0
c 70 250 10
U 50 280 10 0 3 3 DEVICE=XXXXXX
U 50 30 16 0 3 3 REFDES=U?
U 250 30 10 0 3 3 PKG_TYPE=XXXXXX
U 0 0 10 0 3 0 HETERO=zu19d1760a_0,zu19d1760a_71,zu19d1760a_70,zu19d1760a_69,zu19d1760a_66,zu19d1760a_65,zu19d1760a_91,zu19d1760a_90,zu19d1760a_128,zu19d1760a_129,zu19d1760a_130,zu19d1760a_131,zu19d1760a_132,zu19d1760a_133,zu19d1760a_134,zu19d1760a_224,zu19d1760a_225,zu19d1760a_226,zu19d1760a_227,zu19d1760a_228,zu19d1760a_229,zu19d1760a_230,zu19d1760a_231,zu19d1760a_232,zu19d1760a_233,zu19d1760a_234,zu19d1760a_500,zu19d1760a_501,zu19d1760a_502,zu19d1760a_503,zu19d1760a_504,zu19d1760a_505,zu19d1760a_PS_POWER,zu19d1760a_GND1,zu19d1760a_GND2,zu19d1760a_GND3,zu19d1760a_MGTAVCC_L,zu19d1760a_MGTAVCC_RN,zu19d1760a_MGTAVCC_RS,zu19d1760a_MGTAVTT_L,zu19d1760a_MGTAVTT_RN,zu19d1760a_MGTAVTT_RS,zu19d1760a_MGTVCCAUX_L,zu19d1760a_MGTVCCAUX_RN,zu19d1760a_MGTVCCAUX_RS,zu19d1760a_PS_MGTRAVCC,zu19d1760a_PS_MGTRAVTT,zu19d1760a_VCCAUX,zu19d1760a_VCCAUX_IO,zu19d1760a_VCCBRAM,zu19d1760a_VCCINT,zu19d1760a_VCCINT_IO
U 0 -10 10 0 3 0 PARTS=1
U 0 -20 10 0 3 0 LEVEL=STD
U 0 -30 10 0 3 0 DATE=2016_09_22
E
