V 50
K 153165148200 zu19ffvc1760
Y 1
D 0 0 400 420
Z 10
i 946
b 50 50 350 370
P 1 400 100 350 100 0 3 0
A 355 100 10 0 3 3 #=J33
L 345 100 10 0 8 0 1 0 MGTREFCLK1N_131_J33
A 405 100 10 0 2 0 PINTYPE=BI
P 2 400 110 350 110 0 3 0
A 355 110 10 0 3 3 #=J32
L 345 110 10 0 8 0 1 0 MGTREFCLK1P_131_J32
A 405 110 10 0 2 0 PINTYPE=BI
P 3 400 120 350 120 0 3 0
A 355 120 10 0 3 3 #=L33
L 345 120 10 0 8 0 1 0 MGTREFCLK0N_131_L33
A 405 120 10 0 2 0 PINTYPE=BI
P 4 400 130 350 130 0 3 0
A 355 130 10 0 3 3 #=L32
L 345 130 10 0 8 0 1 0 MGTREFCLK0P_131_L32
A 405 130 10 0 2 0 PINTYPE=BI
P 5 400 140 350 140 0 3 0
A 355 140 10 0 3 3 #=D40
L 345 140 10 0 8 0 1 0 MGTYRXN3_131_D40
A 405 140 10 0 2 0 PINTYPE=BI
P 6 400 150 350 150 0 3 0
A 355 150 10 0 3 3 #=D39
L 345 150 10 0 8 0 1 0 MGTYRXP3_131_D39
A 405 150 10 0 2 0 PINTYPE=BI
P 7 400 160 350 160 0 3 0
A 355 160 10 0 3 3 #=E37
L 345 160 10 0 8 0 1 0 MGTYTXN3_131_E37
A 405 160 10 0 2 0 PINTYPE=BI
P 8 400 170 350 170 0 3 0
A 355 170 10 0 3 3 #=E36
L 345 170 10 0 8 0 1 0 MGTYTXP3_131_E36
A 405 170 10 0 2 0 PINTYPE=BI
P 9 400 180 350 180 0 3 0
A 355 180 10 0 3 3 #=E42
L 345 180 10 0 8 0 1 0 MGTYRXN2_131_E42
A 405 180 10 0 2 0 PINTYPE=BI
P 10 400 190 350 190 0 3 0
A 355 190 10 0 3 3 #=E41
L 345 190 10 0 8 0 1 0 MGTYRXP2_131_E41
A 405 190 10 0 2 0 PINTYPE=BI
P 11 400 200 350 200 0 3 0
A 355 200 10 0 3 3 #=F35
L 345 200 10 0 8 0 1 0 MGTYTXN2_131_F35
A 405 200 10 0 2 0 PINTYPE=BI
P 12 400 210 350 210 0 3 0
A 355 210 10 0 3 3 #=F34
L 345 210 10 0 8 0 1 0 MGTYTXP2_131_F34
A 405 210 10 0 2 0 PINTYPE=BI
P 13 400 220 350 220 0 3 0
A 355 220 10 0 3 3 #=F40
L 345 220 10 0 8 0 1 0 MGTYRXN1_131_F40
A 405 220 10 0 2 0 PINTYPE=BI
P 14 400 230 350 230 0 3 0
A 355 230 10 0 3 3 #=F39
L 345 230 10 0 8 0 1 0 MGTYRXP1_131_F39
A 405 230 10 0 2 0 PINTYPE=BI
P 15 400 240 350 240 0 3 0
A 355 240 10 0 3 3 #=G37
L 345 240 10 0 8 0 1 0 MGTYTXN1_131_G37
A 405 240 10 0 2 0 PINTYPE=BI
P 16 400 250 350 250 0 3 0
A 355 250 10 0 3 3 #=G36
L 345 250 10 0 8 0 1 0 MGTYTXP1_131_G36
A 405 250 10 0 2 0 PINTYPE=BI
P 17 400 260 350 260 0 3 0
A 355 260 10 0 3 3 #=G42
L 345 260 10 0 8 0 1 0 MGTYRXN0_131_G42
A 405 260 10 0 2 0 PINTYPE=BI
P 18 400 270 350 270 0 3 0
A 355 270 10 0 3 3 #=G41
L 345 270 10 0 8 0 1 0 MGTYRXP0_131_G41
A 405 270 10 0 2 0 PINTYPE=BI
P 19 400 280 350 280 0 3 0
A 355 280 10 0 3 3 #=H35
L 345 280 10 0 8 0 1 0 MGTYTXN0_131_H35
A 405 280 10 0 2 0 PINTYPE=BI
P 20 400 290 350 290 0 3 0
A 355 290 10 0 3 3 #=H34
L 345 290 10 0 8 0 1 0 MGTYTXP0_131_H34
A 405 290 10 0 2 0 PINTYPE=BI
T 220 310 20 0 5 XCZU19EGFFVC1760
T 220 330 20 0 5 BANK 131
c 70 350 10
U 50 380 10 0 3 3 DEVICE=XXXXXX
U 50 30 16 0 3 3 REFDES=U?
U 250 30 10 0 3 3 PKG_TYPE=XXXXXX
U 0 0 10 0 3 0 HETERO=zu19ffvc1760a_0,zu19ffvc1760a_71,zu19ffvc1760a_70,zu19ffvc1760a_69,zu19ffvc1760a_68,zu19ffvc1760a_67,zu19ffvc1760a_66,zu19ffvc1760a_65,zu19ffvc1760a_64,zu19ffvc1760a_94,zu19ffvc1760a_93,zu19ffvc1760a_91,zu19ffvc1760a_90,zu19ffvc1760a_128,zu19ffvc1760a_129,zu19ffvc1760a_130,zu19ffvc1760a_131,zu19ffvc1760a_224,zu19ffvc1760a_225,zu19ffvc1760a_226,zu19ffvc1760a_227,zu19ffvc1760a_228,zu19ffvc1760a_229,zu19ffvc1760a_230,zu19ffvc1760a_231,zu19ffvc1760a_500,zu19ffvc1760a_501,zu19ffvc1760a_502,zu19ffvc1760a_503,zu19ffvc1760a_504,zu19ffvc1760a_505,zu19ffvc1760a_PS_POWER,zu19ffvc1760a_GND1,zu19ffvc1760a_GND2,zu19ffvc1760a_GND3,zu19ffvc1760a_MGTAVCC_L,zu19ffvc1760a_MGTAVCC_RN,zu19ffvc1760a_MGTAVCC_RS,zu19ffvc1760a_MGTAVTT_L,zu19ffvc1760a_MGTAVTT_RN,zu19ffvc1760a_MGTAVTT_RS,zu19ffvc1760a_MGTVCCAUX_L,zu19ffvc1760a_MGTVCCAUX_RN,zu19ffvc1760a_MGTVCCAUX_RS,zu19ffvc1760a_PS_MGTRAVCC,zu19ffvc1760a_PS_MGTRAVTT,zu19ffvc1760a_VCCAUX,zu19ffvc1760a_VCCAUX_IO,zu19ffvc1760a_VCCBRAM,zu19ffvc1760a_VCCINT,zu19ffvc1760a_VCCINT_IO
U 0 -10 10 0 3 0 PARTS=1
U 0 -20 10 0 3 0 LEVEL=STD
U 0 -30 10 0 3 0 DATE=2016_04_18
E
