V 50
K 153165148200 zu19ffvb1517
Y 1
D 0 0 400 470
Z 10
i 946
b 50 50 350 420
P 1 400 100 350 100 0 3 0
A 355 100 10 0 3 3 #=AF33
L 345 100 10 0 8 0 1 0 PS_MGTRREF_505_AF33
A 405 100 10 0 2 0 PINTYPE=BI
P 2 400 110 350 110 0 3 0
A 355 110 10 0 3 3 #=AB39
L 345 110 10 0 8 0 1 0 PS_MGTREFCLK3N_505_AB39
A 405 110 10 0 2 0 PINTYPE=BI
P 3 400 120 350 120 0 3 0
A 355 120 10 0 3 3 #=AB38
L 345 120 10 0 8 0 1 0 PS_MGTREFCLK3P_505_AB38
A 405 120 10 0 2 0 PINTYPE=BI
P 4 400 130 350 130 0 3 0
A 355 130 10 0 3 3 #=AB35
L 345 130 10 0 8 0 1 0 PS_MGTREFCLK2N_505_AB35
A 405 130 10 0 2 0 PINTYPE=BI
P 5 400 140 350 140 0 3 0
A 355 140 10 0 3 3 #=AB34
L 345 140 10 0 8 0 1 0 PS_MGTREFCLK2P_505_AB34
A 405 140 10 0 2 0 PINTYPE=BI
P 6 400 150 350 150 0 3 0
A 355 150 10 0 3 3 #=AB31
L 345 150 10 0 8 0 1 0 PS_MGTREFCLK1N_505_AB31
A 405 150 10 0 2 0 PINTYPE=BI
P 7 400 160 350 160 0 3 0
A 355 160 10 0 3 3 #=AB30
L 345 160 10 0 8 0 1 0 PS_MGTREFCLK1P_505_AB30
A 405 160 10 0 2 0 PINTYPE=BI
P 8 400 170 350 170 0 3 0
A 355 170 10 0 3 3 #=AD31
L 345 170 10 0 8 0 1 0 PS_MGTREFCLK0N_505_AD31
A 405 170 10 0 2 0 PINTYPE=BI
P 9 400 180 350 180 0 3 0
A 355 180 10 0 3 3 #=AD30
L 345 180 10 0 8 0 1 0 PS_MGTREFCLK0P_505_AD30
A 405 180 10 0 2 0 PINTYPE=BI
P 10 400 190 350 190 0 3 0
A 355 190 10 0 3 3 #=AC37
L 345 190 10 0 8 0 1 0 PS_MGTRRXN3_505_AC37
A 405 190 10 0 2 0 PINTYPE=BI
P 11 400 200 350 200 0 3 0
A 355 200 10 0 3 3 #=AC36
L 345 200 10 0 8 0 1 0 PS_MGTRRXP3_505_AC36
A 405 200 10 0 2 0 PINTYPE=BI
P 12 400 210 350 210 0 3 0
A 355 210 10 0 3 3 #=AC33
L 345 210 10 0 8 0 1 0 PS_MGTRTXN3_505_AC33
A 405 210 10 0 2 0 PINTYPE=BI
P 13 400 220 350 220 0 3 0
A 355 220 10 0 3 3 #=AC32
L 345 220 10 0 8 0 1 0 PS_MGTRTXP3_505_AC32
A 405 220 10 0 2 0 PINTYPE=BI
P 14 400 230 350 230 0 3 0
A 355 230 10 0 3 3 #=AD39
L 345 230 10 0 8 0 1 0 PS_MGTRRXN2_505_AD39
A 405 230 10 0 2 0 PINTYPE=BI
P 15 400 240 350 240 0 3 0
A 355 240 10 0 3 3 #=AD38
L 345 240 10 0 8 0 1 0 PS_MGTRRXP2_505_AD38
A 405 240 10 0 2 0 PINTYPE=BI
P 16 400 250 350 250 0 3 0
A 355 250 10 0 3 3 #=AD35
L 345 250 10 0 8 0 1 0 PS_MGTRTXN2_505_AD35
A 405 250 10 0 2 0 PINTYPE=BI
P 17 400 260 350 260 0 3 0
A 355 260 10 0 3 3 #=AD34
L 345 260 10 0 8 0 1 0 PS_MGTRTXP2_505_AD34
A 405 260 10 0 2 0 PINTYPE=BI
P 18 400 270 350 270 0 3 0
A 355 270 10 0 3 3 #=AE37
L 345 270 10 0 8 0 1 0 PS_MGTRRXN1_505_AE37
A 405 270 10 0 2 0 PINTYPE=BI
P 19 400 280 350 280 0 3 0
A 355 280 10 0 3 3 #=AE36
L 345 280 10 0 8 0 1 0 PS_MGTRRXP1_505_AE36
A 405 280 10 0 2 0 PINTYPE=BI
P 20 400 290 350 290 0 3 0
A 355 290 10 0 3 3 #=AE33
L 345 290 10 0 8 0 1 0 PS_MGTRTXN1_505_AE33
A 405 290 10 0 2 0 PINTYPE=BI
P 21 400 300 350 300 0 3 0
A 355 300 10 0 3 3 #=AE32
L 345 300 10 0 8 0 1 0 PS_MGTRTXP1_505_AE32
A 405 300 10 0 2 0 PINTYPE=BI
P 22 400 310 350 310 0 3 0
A 355 310 10 0 3 3 #=AF39
L 345 310 10 0 8 0 1 0 PS_MGTRRXN0_505_AF39
A 405 310 10 0 2 0 PINTYPE=BI
P 23 400 320 350 320 0 3 0
A 355 320 10 0 3 3 #=AF38
L 345 320 10 0 8 0 1 0 PS_MGTRRXP0_505_AF38
A 405 320 10 0 2 0 PINTYPE=BI
P 24 400 330 350 330 0 3 0
A 355 330 10 0 3 3 #=AF35
L 345 330 10 0 8 0 1 0 PS_MGTRTXN0_505_AF35
A 405 330 10 0 2 0 PINTYPE=BI
P 25 400 340 350 340 0 3 0
A 355 340 10 0 3 3 #=AF34
L 345 340 10 0 8 0 1 0 PS_MGTRTXP0_505_AF34
A 405 340 10 0 2 0 PINTYPE=BI
T 220 370 20 0 5 XCZU19EGFFVB1517
T 220 390 20 0 5 BANK 505
c 70 400 10
U 50 430 10 0 3 3 DEVICE=XXXXXX
U 50 30 16 0 3 3 REFDES=U?
U 250 30 10 0 3 3 PKG_TYPE=XXXXXX
U 0 0 10 0 3 0 HETERO=zu19ffvb1517a_0,zu19ffvb1517a_74,zu19ffvb1517a_73,zu19ffvb1517a_72,zu19ffvb1517a_71,zu19ffvb1517a_70,zu19ffvb1517a_69,zu19ffvb1517a_68,zu19ffvb1517a_67,zu19ffvb1517a_66,zu19ffvb1517a_65,zu19ffvb1517a_64,zu19ffvb1517a_93,zu19ffvb1517a_91,zu19ffvb1517a_90,zu19ffvb1517a_224,zu19ffvb1517a_225,zu19ffvb1517a_226,zu19ffvb1517a_227,zu19ffvb1517a_500,zu19ffvb1517a_PS_POWER,zu19ffvb1517a_501,zu19ffvb1517a_502,zu19ffvb1517a_503,zu19ffvb1517a_504,zu19ffvb1517a_505,zu19ffvb1517a_GND1,zu19ffvb1517a_GND2,zu19ffvb1517a_MGTAVCC_R,zu19ffvb1517a_MGTAVTT_R,zu19ffvb1517a_MGTVCCAUX_R,zu19ffvb1517a_PS_MGTRAVCC,zu19ffvb1517a_PS_MGTRAVTT,zu19ffvb1517a_VCCAUX,zu19ffvb1517a_VCCAUX_IO,zu19ffvb1517a_VCCBRAM,zu19ffvb1517a_VCCINT,zu19ffvb1517a_VCCINT_IO
U 0 -10 10 0 3 0 PARTS=1
U 0 -20 10 0 3 0 LEVEL=STD
U 0 -30 10 0 3 0 DATE=2016_04_22
E
