V 50
K 153165148200 zu19ffve1924
Y 1
D 0 0 400 780
Z 10
i 946
b 50 50 350 730
P 1 0 100 50 100 0 2 0
A 45 100 10 0 9 3 #=Y39
L 55 100 10 0 2 0 1 0 VCCO_67_Y39
A 10 100 10 0 2 0 PINTYPE=BI
P 2 0 110 50 110 0 2 0
A 45 110 10 0 9 3 #=AB33
L 55 110 10 0 2 0 1 0 VCCO_67_AB33
A 10 110 10 0 2 0 PINTYPE=BI
P 3 0 120 50 120 0 2 0
A 45 120 10 0 9 3 #=AA36
L 55 120 10 0 2 0 1 0 VCCO_67_AA36
A 10 120 10 0 2 0 PINTYPE=BI
P 4 400 100 350 100 0 3 0
A 355 100 10 0 3 3 #=AB30
L 345 100 10 0 8 0 1 0 VREF_67_AB30
A 405 100 10 0 2 0 PINTYPE=BI
P 5 400 110 350 110 0 3 0
A 355 110 10 0 3 3 #=AE43
L 345 110 10 0 8 0 1 0 IO_L1P_T0L_N0_DBC_67_AE43
A 405 110 10 0 2 0 PINTYPE=BI
P 6 400 120 350 120 0 3 0
A 355 120 10 0 3 3 #=AD43
L 345 120 10 0 8 0 1 0 IO_L1N_T0L_N1_DBC_67_AD43
A 405 120 10 0 2 0 PINTYPE=BI
P 7 400 130 350 130 0 3 0
A 355 130 10 0 3 3 #=AD44
L 345 130 10 0 8 0 1 0 IO_L2P_T0L_N2_67_AD44
A 405 130 10 0 2 0 PINTYPE=BI
P 8 400 140 350 140 0 3 0
A 355 140 10 0 3 3 #=AC44
L 345 140 10 0 8 0 1 0 IO_L2N_T0L_N3_67_AC44
A 405 140 10 0 2 0 PINTYPE=BI
P 9 400 150 350 150 0 3 0
A 355 150 10 0 3 3 #=AC42
L 345 150 10 0 8 0 1 0 IO_L3P_T0L_N4_AD15P_67_AC42
A 405 150 10 0 2 0 PINTYPE=BI
P 10 400 160 350 160 0 3 0
A 355 160 10 0 3 3 #=AC43
L 345 160 10 0 8 0 1 0 IO_L3N_T0L_N5_AD15N_67_AC43
A 405 160 10 0 2 0 PINTYPE=BI
P 11 400 170 350 170 0 3 0
A 355 170 10 0 3 3 #=AB44
L 345 170 10 0 8 0 1 0 IO_L4P_T0U_N6_DBC_AD7P_67_AB44
A 405 170 10 0 2 0 PINTYPE=BI
P 12 400 180 350 180 0 3 0
A 355 180 10 0 3 3 #=AA44
L 345 180 10 0 8 0 1 0 IO_L4N_T0U_N7_DBC_AD7N_67_AA44
A 405 180 10 0 2 0 PINTYPE=BI
P 13 400 190 350 190 0 3 0
A 355 190 10 0 3 3 #=AB42
L 345 190 10 0 8 0 1 0 IO_L5P_T0U_N8_AD14P_67_AB42
A 405 190 10 0 2 0 PINTYPE=BI
P 14 400 200 350 200 0 3 0
A 355 200 10 0 3 3 #=AA42
L 345 200 10 0 8 0 1 0 IO_L5N_T0U_N9_AD14N_67_AA42
A 405 200 10 0 2 0 PINTYPE=BI
P 15 400 210 350 210 0 3 0
A 355 210 10 0 3 3 #=AA43
L 345 210 10 0 8 0 1 0 IO_L6P_T0U_N10_AD6P_67_AA43
A 405 210 10 0 2 0 PINTYPE=BI
P 16 400 220 350 220 0 3 0
A 355 220 10 0 3 3 #=Y43
L 345 220 10 0 8 0 1 0 IO_L6N_T0U_N11_AD6N_67_Y43
A 405 220 10 0 2 0 PINTYPE=BI
P 17 400 230 350 230 0 3 0
A 355 230 10 0 3 3 #=Y42
L 345 230 10 0 8 0 1 0 IO_T0U_N12_VRP_67_Y42
A 405 230 10 0 2 0 PINTYPE=BI
P 18 400 240 350 240 0 3 0
A 355 240 10 0 3 3 #=AD41
L 345 240 10 0 8 0 1 0 IO_L7P_T1L_N0_QBC_AD13P_67_AD41
A 405 240 10 0 2 0 PINTYPE=BI
P 19 400 250 350 250 0 3 0
A 355 250 10 0 3 3 #=AC41
L 345 250 10 0 8 0 1 0 IO_L7N_T1L_N1_QBC_AD13N_67_AC41
A 405 250 10 0 2 0 PINTYPE=BI
P 20 400 260 350 260 0 3 0
A 355 260 10 0 3 3 #=AB40
L 345 260 10 0 8 0 1 0 IO_L8P_T1L_N2_AD5P_67_AB40
A 405 260 10 0 2 0 PINTYPE=BI
P 21 400 270 350 270 0 3 0
A 355 270 10 0 3 3 #=AB41
L 345 270 10 0 8 0 1 0 IO_L8N_T1L_N3_AD5N_67_AB41
A 405 270 10 0 2 0 PINTYPE=BI
P 22 400 280 350 280 0 3 0
A 355 280 10 0 3 3 #=AA40
L 345 280 10 0 8 0 1 0 IO_L9P_T1L_N4_AD12P_67_AA40
A 405 280 10 0 2 0 PINTYPE=BI
P 23 400 290 350 290 0 3 0
A 355 290 10 0 3 3 #=Y40
L 345 290 10 0 8 0 1 0 IO_L9N_T1L_N5_AD12N_67_Y40
A 405 290 10 0 2 0 PINTYPE=BI
P 24 400 300 350 300 0 3 0
A 355 300 10 0 3 3 #=AD39
L 345 300 10 0 8 0 1 0 IO_L10P_T1U_N6_QBC_AD4P_67_AD39
A 405 300 10 0 2 0 PINTYPE=BI
P 25 400 310 350 310 0 3 0
A 355 310 10 0 3 3 #=AD40
L 345 310 10 0 8 0 1 0 IO_L10N_T1U_N7_QBC_AD4N_67_AD40
A 405 310 10 0 2 0 PINTYPE=BI
P 26 400 320 350 320 0 3 0
A 355 320 10 0 3 3 #=AC39
L 345 320 10 0 8 0 1 0 IO_L11P_T1U_N8_GC_67_AC39
A 405 320 10 0 2 0 PINTYPE=BI
P 27 400 330 350 330 0 3 0
A 355 330 10 0 3 3 #=AB39
L 345 330 10 0 8 0 1 0 IO_L11N_T1U_N9_GC_67_AB39
A 405 330 10 0 2 0 PINTYPE=BI
P 28 400 340 350 340 0 3 0
A 355 340 10 0 3 3 #=AA38
L 345 340 10 0 8 0 1 0 IO_L12P_T1U_N10_GC_67_AA38
A 405 340 10 0 2 0 PINTYPE=BI
P 29 400 350 350 350 0 3 0
A 355 350 10 0 3 3 #=AA39
L 345 350 10 0 8 0 1 0 IO_L12N_T1U_N11_GC_67_AA39
A 405 350 10 0 2 0 PINTYPE=BI
P 30 400 360 350 360 0 3 0
A 355 360 10 0 3 3 #=Y41
L 345 360 10 0 8 0 1 0 IO_T1U_N12_67_Y41
A 405 360 10 0 2 0 PINTYPE=BI
P 31 400 370 350 370 0 3 0
A 355 370 10 0 3 3 #=Y37
L 345 370 10 0 8 0 1 0 IO_L13P_T2L_N0_GC_QBC_67_Y37
A 405 370 10 0 2 0 PINTYPE=BI
P 32 400 380 350 380 0 3 0
A 355 380 10 0 3 3 #=Y38
L 345 380 10 0 8 0 1 0 IO_L13N_T2L_N1_GC_QBC_67_Y38
A 405 380 10 0 2 0 PINTYPE=BI
P 33 400 390 350 390 0 3 0
A 355 390 10 0 3 3 #=AB37
L 345 390 10 0 8 0 1 0 IO_L14P_T2L_N2_GC_67_AB37
A 405 390 10 0 2 0 PINTYPE=BI
P 34 400 400 350 400 0 3 0
A 355 400 10 0 3 3 #=AA37
L 345 400 10 0 8 0 1 0 IO_L14N_T2L_N3_GC_67_AA37
A 405 400 10 0 2 0 PINTYPE=BI
P 35 400 410 350 410 0 3 0
A 355 410 10 0 3 3 #=AD38
L 345 410 10 0 8 0 1 0 IO_L15P_T2L_N4_AD11P_67_AD38
A 405 410 10 0 2 0 PINTYPE=BI
P 36 400 420 350 420 0 3 0
A 355 420 10 0 3 3 #=AC38
L 345 420 10 0 8 0 1 0 IO_L15N_T2L_N5_AD11N_67_AC38
A 405 420 10 0 2 0 PINTYPE=BI
P 37 400 430 350 430 0 3 0
A 355 430 10 0 3 3 #=AC36
L 345 430 10 0 8 0 1 0 IO_L16P_T2U_N6_QBC_AD3P_67_AC36
A 405 430 10 0 2 0 PINTYPE=BI
P 38 400 440 350 440 0 3 0
A 355 440 10 0 3 3 #=AC37
L 345 440 10 0 8 0 1 0 IO_L16N_T2U_N7_QBC_AD3N_67_AC37
A 405 440 10 0 2 0 PINTYPE=BI
P 39 400 450 350 450 0 3 0
A 355 450 10 0 3 3 #=AD35
L 345 450 10 0 8 0 1 0 IO_L17P_T2U_N8_AD10P_67_AD35
A 405 450 10 0 2 0 PINTYPE=BI
P 40 400 460 350 460 0 3 0
A 355 460 10 0 3 3 #=AD36
L 345 460 10 0 8 0 1 0 IO_L17N_T2U_N9_AD10N_67_AD36
A 405 460 10 0 2 0 PINTYPE=BI
P 41 400 470 350 470 0 3 0
A 355 470 10 0 3 3 #=AB35
L 345 470 10 0 8 0 1 0 IO_L18P_T2U_N10_AD2P_67_AB35
A 405 470 10 0 2 0 PINTYPE=BI
P 42 400 480 350 480 0 3 0
A 355 480 10 0 3 3 #=AB36
L 345 480 10 0 8 0 1 0 IO_L18N_T2U_N11_AD2N_67_AB36
A 405 480 10 0 2 0 PINTYPE=BI
P 43 400 490 350 490 0 3 0
A 355 490 10 0 3 3 #=AA35
L 345 490 10 0 8 0 1 0 IO_T2U_N12_67_AA35
A 405 490 10 0 2 0 PINTYPE=BI
P 44 400 500 350 500 0 3 0
A 355 500 10 0 3 3 #=AD33
L 345 500 10 0 8 0 1 0 IO_L19P_T3L_N0_DBC_AD9P_67_AD33
A 405 500 10 0 2 0 PINTYPE=BI
P 45 400 510 350 510 0 3 0
A 355 510 10 0 3 3 #=AD34
L 345 510 10 0 8 0 1 0 IO_L19N_T3L_N1_DBC_AD9N_67_AD34
A 405 510 10 0 2 0 PINTYPE=BI
P 46 400 520 350 520 0 3 0
A 355 520 10 0 3 3 #=AC34
L 345 520 10 0 8 0 1 0 IO_L20P_T3L_N2_AD1P_67_AC34
A 405 520 10 0 2 0 PINTYPE=BI
P 47 400 530 350 530 0 3 0
A 355 530 10 0 3 3 #=AB34
L 345 530 10 0 8 0 1 0 IO_L20N_T3L_N3_AD1N_67_AB34
A 405 530 10 0 2 0 PINTYPE=BI
P 48 400 540 350 540 0 3 0
A 355 540 10 0 3 3 #=AC32
L 345 540 10 0 8 0 1 0 IO_L21P_T3L_N4_AD8P_67_AC32
A 405 540 10 0 2 0 PINTYPE=BI
P 49 400 550 350 550 0 3 0
A 355 550 10 0 3 3 #=AC33
L 345 550 10 0 8 0 1 0 IO_L21N_T3L_N5_AD8N_67_AC33
A 405 550 10 0 2 0 PINTYPE=BI
P 50 400 560 350 560 0 3 0
A 355 560 10 0 3 3 #=AA32
L 345 560 10 0 8 0 1 0 IO_L22P_T3U_N6_DBC_AD0P_67_AA32
A 405 560 10 0 2 0 PINTYPE=BI
P 51 400 570 350 570 0 3 0
A 355 570 10 0 3 3 #=AA33
L 345 570 10 0 8 0 1 0 IO_L22N_T3U_N7_DBC_AD0N_67_AA33
A 405 570 10 0 2 0 PINTYPE=BI
P 52 400 580 350 580 0 3 0
A 355 580 10 0 3 3 #=AB31
L 345 580 10 0 8 0 1 0 IO_L23P_T3U_N8_67_AB31
A 405 580 10 0 2 0 PINTYPE=BI
P 53 400 590 350 590 0 3 0
A 355 590 10 0 3 3 #=AB32
L 345 590 10 0 8 0 1 0 IO_L23N_T3U_N9_67_AB32
A 405 590 10 0 2 0 PINTYPE=BI
P 54 400 600 350 600 0 3 0
A 355 600 10 0 3 3 #=AD31
L 345 600 10 0 8 0 1 0 IO_L24P_T3U_N10_67_AD31
A 405 600 10 0 2 0 PINTYPE=BI
P 55 400 610 350 610 0 3 0
A 355 610 10 0 3 3 #=AC31
L 345 610 10 0 8 0 1 0 IO_L24N_T3U_N11_67_AC31
A 405 610 10 0 2 0 PINTYPE=BI
P 56 400 620 350 620 0 3 0
A 355 620 10 0 3 3 #=AA34
L 345 620 10 0 8 0 1 0 IO_T3U_N12_67_AA34
A 405 620 10 0 2 0 PINTYPE=BI
T 220 680 20 0 5 XCZU19EGFFVE1924
T 220 700 20 0 5 BANK 67
c 70 710 10
U 50 740 10 0 3 3 DEVICE=XXXXXX
U 50 30 16 0 3 3 REFDES=U?
U 250 30 10 0 3 3 PKG_TYPE=XXXXXX
U 0 0 10 0 3 0 HETERO=zu19ffve1924b_0,zu19ffve1924b_74,zu19ffve1924b_73,zu19ffve1924b_72,zu19ffve1924b_71,zu19ffve1924b_70,zu19ffve1924b_69,zu19ffve1924b_68,zu19ffve1924b_67,zu19ffve1924b_66,zu19ffve1924b_65,zu19ffve1924b_64,zu19ffve1924b_94,zu19ffve1924b_93,zu19ffve1924b_91,zu19ffve1924b_90,zu19ffve1924b_224,zu19ffve1924b_225,zu19ffve1924b_226,zu19ffve1924b_227,zu19ffve1924b_228,zu19ffve1924b_229,zu19ffve1924b_230,zu19ffve1924b_231,zu19ffve1924b_232,zu19ffve1924b_233,zu19ffve1924b_234,zu19ffve1924b_500,zu19ffve1924b_501,zu19ffve1924b_502,zu19ffve1924b_503,zu19ffve1924b_504,zu19ffve1924b_505,zu19ffve1924b_PS_POWER,zu19ffve1924b_GND1,zu19ffve1924b_GND2,zu19ffve1924b_GND3,zu19ffve1924b_MGTAVCC_RN,zu19ffve1924b_MGTAVCC_RS,zu19ffve1924b_MGTAVTT_RN,zu19ffve1924b_MGTAVTT_RS,zu19ffve1924b_MGTVCCAUX_RN,zu19ffve1924b_MGTVCCAUX_RS,zu19ffve1924b_PS_MGTRAVCC,zu19ffve1924b_PS_MGTRAVTT,zu19ffve1924b_VCCAUX,zu19ffve1924b_VCCAUX_IO,zu19ffve1924b_VCCBRAM,zu19ffve1924b_VCCINT,zu19ffve1924b_VCCINT_IO
U 0 -10 10 0 3 0 PARTS=1
U 0 -20 10 0 3 0 LEVEL=STD
U 0 -30 10 0 3 0 DATE=2016_08_02
E
