V 53
K 1461809240 zu19ffvc1760a_93_H.1
F Case
|R 19:07:20_4-27-16
D 0 480 400 0
Y 1
Z 10
i 27
U 50 440 10 0 3 3 DEVICE=XXXXXX
U 50 30 16 0 3 3 REFDES=U?
U 250 30 10 0 3 3 PKG_TYPE=XXXXXX
U 0 0 10 0 3 0 HETERO=zu19ffvc1760a_0_H,zu19ffvc1760a_71_H,zu19ffvc1760a_70_H,zu19ffvc1760a_69_H,zu19ffvc1760a_68_H,zu19ffvc1760a_67_H,zu19ffvc1760a_66_H,zu19ffvc1760a_65_H,zu19ffvc1760a_64_H,zu19ffvc1760a_94_H,zu19ffvc1760a_93_H,zu19ffvc1760a_91_H,zu19ffvc1760a_90_H,zu19ffvc1760a_500_H,zu19ffvc1760a_501_H,zu19ffvc1760a_502_H,zu19ffvc1760a_503_H,zu19ffvc1760a_GND_H
U 0 -10 10 0 3 0 PARTS=1
U 0 -20 10 0 3 0 LEVEL=STD
U 0 -30 10 0 3 0 DATE=2016_04_18
U 0 0 10 0 1 0 FORWARD_PCB=1
b 50 50 350 430
T 220 380 20 0 5 XCZU19EGFFVC1760
T 220 400 20 0 5 BANK 93_H
T 135 355 12 0 6 BANK MIGRATION:
T 130 345 10 0 6 ZU17EG = BANK 93-HD
T 130 335 10 0 6 ZU11EG = BANK 90-HD
c 70 410 10
P 1 0 100 50 100 0 2 0
L 55 100 10 0 2 0 1 0 VCCO_93_G9
A 45 100 10 0 9 3 #=G9
A 10 100 10 0 2 0 PINTYPE=BI
P 2 0 110 50 110 0 2 0
L 55 110 10 0 2 0 1 0 VCCO_93_B9
A 45 110 10 0 9 3 #=B9
A 10 110 10 0 2 0 PINTYPE=BI
P 3 400 100 350 100 0 3 0
L 345 100 10 0 8 0 1 0 IO_L1P_AD11P_93_G6
A 355 100 10 0 3 3 #=G6
A 405 100 10 0 2 0 PINTYPE=BI
P 4 400 110 350 110 0 3 0
L 345 110 10 0 8 0 1 0 IO_L1N_AD11N_93_F6
A 355 110 10 0 3 3 #=F6
A 405 110 10 0 2 0 PINTYPE=BI
P 5 400 120 350 120 0 3 0
L 345 120 10 0 8 0 1 0 IO_L2P_AD10P_93_J8
A 355 120 10 0 3 3 #=J8
A 405 120 10 0 2 0 PINTYPE=BI
P 6 400 130 350 130 0 3 0
L 345 130 10 0 8 0 1 0 IO_L2N_AD10N_93_H8
A 355 130 10 0 3 3 #=H8
A 405 130 10 0 2 0 PINTYPE=BI
P 7 400 140 350 140 0 3 0
L 345 140 10 0 8 0 1 0 IO_L3P_AD9P_93_J9
A 355 140 10 0 3 3 #=J9
A 405 140 10 0 2 0 PINTYPE=BI
P 8 400 150 350 150 0 3 0
L 345 150 10 0 8 0 1 0 IO_L3N_AD9N_93_H9
A 355 150 10 0 3 3 #=H9
A 405 150 10 0 2 0 PINTYPE=BI
P 9 400 160 350 160 0 3 0
L 345 160 10 0 8 0 1 0 IO_L4P_AD8P_93_F9
A 355 160 10 0 3 3 #=F9
A 405 160 10 0 2 0 PINTYPE=BI
P 10 400 170 350 170 0 3 0
L 345 170 10 0 8 0 1 0 IO_L4N_AD8N_93_E9
A 355 170 10 0 3 3 #=E9
A 405 170 10 0 2 0 PINTYPE=BI
P 11 400 180 350 180 0 3 0
L 345 180 10 0 8 0 1 0 IO_L5P_HDGC_AD7P_93_G7
A 355 180 10 0 3 3 #=G7
A 405 180 10 0 2 0 PINTYPE=BI
P 12 400 190 350 190 0 3 0
L 345 190 10 0 8 0 1 0 IO_L5N_HDGC_AD7N_93_F7
A 355 190 10 0 3 3 #=F7
A 405 190 10 0 2 0 PINTYPE=BI
P 13 400 200 350 200 0 3 0
L 345 200 10 0 8 0 1 0 IO_L6P_HDGC_AD6P_93_G8
A 355 200 10 0 3 3 #=G8
A 405 200 10 0 2 0 PINTYPE=BI
P 14 400 210 350 210 0 3 0
L 345 210 10 0 8 0 1 0 IO_L6N_HDGC_AD6N_93_F8
A 355 210 10 0 3 3 #=F8
A 405 210 10 0 2 0 PINTYPE=BI
P 15 400 220 350 220 0 3 0
L 345 220 10 0 8 0 1 0 IO_L7P_HDGC_AD5P_93_E7
A 355 220 10 0 3 3 #=E7
A 405 220 10 0 2 0 PINTYPE=BI
P 16 400 230 350 230 0 3 0
L 345 230 10 0 8 0 1 0 IO_L7N_HDGC_AD5N_93_D7
A 355 230 10 0 3 3 #=D7
A 405 230 10 0 2 0 PINTYPE=BI
P 17 400 240 350 240 0 3 0
L 345 240 10 0 8 0 1 0 IO_L8P_HDGC_AD4P_93_D8
A 355 240 10 0 3 3 #=D8
A 405 240 10 0 2 0 PINTYPE=BI
P 18 400 250 350 250 0 3 0
L 345 250 10 0 8 0 1 0 IO_L8N_HDGC_AD4N_93_C8
A 355 250 10 0 3 3 #=C8
A 405 250 10 0 2 0 PINTYPE=BI
P 19 400 260 350 260 0 3 0
L 345 260 10 0 8 0 1 0 IO_L9P_AD3P_93_E6
A 355 260 10 0 3 3 #=E6
A 405 260 10 0 2 0 PINTYPE=BI
P 20 400 270 350 270 0 3 0
L 345 270 10 0 8 0 1 0 IO_L9N_AD3N_93_D6
A 355 270 10 0 3 3 #=D6
A 405 270 10 0 2 0 PINTYPE=BI
P 21 400 280 350 280 0 3 0
L 345 280 10 0 8 0 1 0 IO_L10P_AD2P_93_B7
A 355 280 10 0 3 3 #=B7
A 405 280 10 0 2 0 PINTYPE=BI
P 22 400 290 350 290 0 3 0
L 345 290 10 0 8 0 1 0 IO_L10N_AD2N_93_A7
A 355 290 10 0 3 3 #=A7
A 405 290 10 0 2 0 PINTYPE=BI
P 23 400 300 350 300 0 3 0
L 345 300 10 0 8 0 1 0 IO_L11P_AD1P_93_B8
A 355 300 10 0 3 3 #=B8
A 405 300 10 0 2 0 PINTYPE=BI
P 24 400 310 350 310 0 3 0
L 345 310 10 0 8 0 1 0 IO_L11N_AD1N_93_A8
A 355 310 10 0 3 3 #=A8
A 405 310 10 0 2 0 PINTYPE=BI
P 25 400 320 350 320 0 3 0
L 345 320 10 0 8 0 1 0 IO_L12P_AD0P_93_D9
A 355 320 10 0 3 3 #=D9
A 405 320 10 0 2 0 PINTYPE=BI
P 26 400 330 350 330 0 3 0
L 345 330 10 0 8 0 1 0 IO_L12N_AD0N_93_C9
A 355 330 10 0 3 3 #=C9
A 405 330 10 0 2 0 PINTYPE=BI
E 
