V 50
K 153165148200 zu19ffvb1517
Y 1
D 0 0 400 440
Z 10
i 946
b 50 50 350 390
P 1 400 100 350 100 0 3 0
A 355 100 10 0 3 3 #=V9
L 345 100 10 0 8 0 1 0 MGTAVTTRCAL_R_V9
A 405 100 10 0 2 0 PINTYPE=BI
P 2 400 110 350 110 0 3 0
A 355 110 10 0 3 3 #=V10
L 345 110 10 0 8 0 1 0 MGTRREF_R_V10
A 405 110 10 0 2 0 PINTYPE=BI
P 3 400 120 350 120 0 3 0
A 355 120 10 0 3 3 #=U9
L 345 120 10 0 8 0 1 0 MGTREFCLK1N_226_U9
A 405 120 10 0 2 0 PINTYPE=BI
P 4 400 130 350 130 0 3 0
A 355 130 10 0 3 3 #=U10
L 345 130 10 0 8 0 1 0 MGTREFCLK1P_226_U10
A 405 130 10 0 2 0 PINTYPE=BI
P 5 400 140 350 140 0 3 0
A 355 140 10 0 3 3 #=W9
L 345 140 10 0 8 0 1 0 MGTREFCLK0N_226_W9
A 405 140 10 0 2 0 PINTYPE=BI
P 6 400 150 350 150 0 3 0
A 355 150 10 0 3 3 #=W10
L 345 150 10 0 8 0 1 0 MGTREFCLK0P_226_W10
A 405 150 10 0 2 0 PINTYPE=BI
P 7 400 160 350 160 0 3 0
A 355 160 10 0 3 3 #=U1
L 345 160 10 0 8 0 1 0 MGTHRXN3_226_U1
A 405 160 10 0 2 0 PINTYPE=BI
P 8 400 170 350 170 0 3 0
A 355 170 10 0 3 3 #=U2
L 345 170 10 0 8 0 1 0 MGTHRXP3_226_U2
A 405 170 10 0 2 0 PINTYPE=BI
P 9 400 180 350 180 0 3 0
A 355 180 10 0 3 3 #=U5
L 345 180 10 0 8 0 1 0 MGTHTXN3_226_U5
A 405 180 10 0 2 0 PINTYPE=BI
P 10 400 190 350 190 0 3 0
A 355 190 10 0 3 3 #=U6
L 345 190 10 0 8 0 1 0 MGTHTXP3_226_U6
A 405 190 10 0 2 0 PINTYPE=BI
P 11 400 200 350 200 0 3 0
A 355 200 10 0 3 3 #=V3
L 345 200 10 0 8 0 1 0 MGTHRXN2_226_V3
A 405 200 10 0 2 0 PINTYPE=BI
P 12 400 210 350 210 0 3 0
A 355 210 10 0 3 3 #=V4
L 345 210 10 0 8 0 1 0 MGTHRXP2_226_V4
A 405 210 10 0 2 0 PINTYPE=BI
P 13 400 220 350 220 0 3 0
A 355 220 10 0 3 3 #=V7
L 345 220 10 0 8 0 1 0 MGTHTXN2_226_V7
A 405 220 10 0 2 0 PINTYPE=BI
P 14 400 230 350 230 0 3 0
A 355 230 10 0 3 3 #=V8
L 345 230 10 0 8 0 1 0 MGTHTXP2_226_V8
A 405 230 10 0 2 0 PINTYPE=BI
P 15 400 240 350 240 0 3 0
A 355 240 10 0 3 3 #=W1
L 345 240 10 0 8 0 1 0 MGTHRXN1_226_W1
A 405 240 10 0 2 0 PINTYPE=BI
P 16 400 250 350 250 0 3 0
A 355 250 10 0 3 3 #=W2
L 345 250 10 0 8 0 1 0 MGTHRXP1_226_W2
A 405 250 10 0 2 0 PINTYPE=BI
P 17 400 260 350 260 0 3 0
A 355 260 10 0 3 3 #=W5
L 345 260 10 0 8 0 1 0 MGTHTXN1_226_W5
A 405 260 10 0 2 0 PINTYPE=BI
P 18 400 270 350 270 0 3 0
A 355 270 10 0 3 3 #=W6
L 345 270 10 0 8 0 1 0 MGTHTXP1_226_W6
A 405 270 10 0 2 0 PINTYPE=BI
P 19 400 280 350 280 0 3 0
A 355 280 10 0 3 3 #=Y3
L 345 280 10 0 8 0 1 0 MGTHRXN0_226_Y3
A 405 280 10 0 2 0 PINTYPE=BI
P 20 400 290 350 290 0 3 0
A 355 290 10 0 3 3 #=Y4
L 345 290 10 0 8 0 1 0 MGTHRXP0_226_Y4
A 405 290 10 0 2 0 PINTYPE=BI
P 21 400 300 350 300 0 3 0
A 355 300 10 0 3 3 #=Y7
L 345 300 10 0 8 0 1 0 MGTHTXN0_226_Y7
A 405 300 10 0 2 0 PINTYPE=BI
P 22 400 310 350 310 0 3 0
A 355 310 10 0 3 3 #=Y8
L 345 310 10 0 8 0 1 0 MGTHTXP0_226_Y8
A 405 310 10 0 2 0 PINTYPE=BI
T 220 340 20 0 5 XCZU19EGFFVB1517
T 220 360 20 0 5 BANK 226
c 70 370 10
U 50 400 10 0 3 3 DEVICE=XXXXXX
U 50 30 16 0 3 3 REFDES=U?
U 250 30 10 0 3 3 PKG_TYPE=XXXXXX
U 0 0 10 0 3 0 HETERO=zu19ffvb1517b_0,zu19ffvb1517b_74,zu19ffvb1517b_73,zu19ffvb1517b_72,zu19ffvb1517b_71,zu19ffvb1517b_70,zu19ffvb1517b_69,zu19ffvb1517b_68,zu19ffvb1517b_67,zu19ffvb1517b_66,zu19ffvb1517b_65,zu19ffvb1517b_64,zu19ffvb1517b_93,zu19ffvb1517b_91,zu19ffvb1517b_90,zu19ffvb1517b_224,zu19ffvb1517b_225,zu19ffvb1517b_226,zu19ffvb1517b_227,zu19ffvb1517b_500,zu19ffvb1517b_PS_POWER,zu19ffvb1517b_501,zu19ffvb1517b_502,zu19ffvb1517b_503,zu19ffvb1517b_504,zu19ffvb1517b_505,zu19ffvb1517b_GND1,zu19ffvb1517b_GND2,zu19ffvb1517b_MGTAVCC_R,zu19ffvb1517b_MGTAVTT_R,zu19ffvb1517b_MGTVCCAUX_R,zu19ffvb1517b_PS_MGTRAVCC,zu19ffvb1517b_PS_MGTRAVTT,zu19ffvb1517b_VCCAUX,zu19ffvb1517b_VCCAUX_IO,zu19ffvb1517b_VCCBRAM,zu19ffvb1517b_VCCINT,zu19ffvb1517b_VCCINT_IO
U 0 -10 10 0 3 0 PARTS=1
U 0 -20 10 0 3 0 LEVEL=STD
U 0 -30 10 0 3 0 DATE=2016_07_26
E
