V 50
K 153165148200 zu19d1760
Y 1
D 0 0 400 500
Z 10
i 946
b 50 50 350 450
P 1 400 100 350 100 0 3 0
A 355 100 10 0 3 3 #=A29
L 345 100 10 0 8 0 1 0 PS_MIO52_A29
A 405 100 10 0 2 0 PINTYPE=BI
P 2 400 110 350 110 0 3 0
A 355 110 10 0 3 3 #=A30
L 345 110 10 0 8 0 1 0 PS_MIO53_A30
A 405 110 10 0 2 0 PINTYPE=BI
P 3 400 120 350 120 0 3 0
A 355 120 10 0 3 3 #=B29
L 345 120 10 0 8 0 1 0 PS_MIO54_B29
A 405 120 10 0 2 0 PINTYPE=BI
P 4 400 130 350 130 0 3 0
A 355 130 10 0 3 3 #=B30
L 345 130 10 0 8 0 1 0 PS_MIO55_B30
A 405 130 10 0 2 0 PINTYPE=BI
P 5 400 140 350 140 0 3 0
A 355 140 10 0 3 3 #=C29
L 345 140 10 0 8 0 1 0 PS_MIO56_C29
A 405 140 10 0 2 0 PINTYPE=BI
P 6 400 150 350 150 0 3 0
A 355 150 10 0 3 3 #=C30
L 345 150 10 0 8 0 1 0 PS_MIO57_C30
A 405 150 10 0 2 0 PINTYPE=BI
P 7 400 160 350 160 0 3 0
A 355 160 10 0 3 3 #=D29
L 345 160 10 0 8 0 1 0 PS_MIO58_D29
A 405 160 10 0 2 0 PINTYPE=BI
P 8 400 170 350 170 0 3 0
A 355 170 10 0 3 3 #=D30
L 345 170 10 0 8 0 1 0 PS_MIO59_D30
A 405 170 10 0 2 0 PINTYPE=BI
P 9 400 180 350 180 0 3 0
A 355 180 10 0 3 3 #=E30
L 345 180 10 0 8 0 1 0 PS_MIO60_E30
A 405 180 10 0 2 0 PINTYPE=BI
P 10 400 190 350 190 0 3 0
A 355 190 10 0 3 3 #=F29
L 345 190 10 0 8 0 1 0 PS_MIO61_F29
A 405 190 10 0 2 0 PINTYPE=BI
P 11 400 200 350 200 0 3 0
A 355 200 10 0 3 3 #=F30
L 345 200 10 0 8 0 1 0 PS_MIO62_F30
A 405 200 10 0 2 0 PINTYPE=BI
P 12 400 210 350 210 0 3 0
A 355 210 10 0 3 3 #=G29
L 345 210 10 0 8 0 1 0 PS_MIO63_G29
A 405 210 10 0 2 0 PINTYPE=BI
P 13 400 220 350 220 0 3 0
A 355 220 10 0 3 3 #=G30
L 345 220 10 0 8 0 1 0 PS_MIO64_G30
A 405 220 10 0 2 0 PINTYPE=BI
P 14 400 230 350 230 0 3 0
A 355 230 10 0 3 3 #=H29
L 345 230 10 0 8 0 1 0 PS_MIO65_H29
A 405 230 10 0 2 0 PINTYPE=BI
P 15 400 240 350 240 0 3 0
A 355 240 10 0 3 3 #=H30
L 345 240 10 0 8 0 1 0 PS_MIO66_H30
A 405 240 10 0 2 0 PINTYPE=BI
P 16 400 250 350 250 0 3 0
A 355 250 10 0 3 3 #=J29
L 345 250 10 0 8 0 1 0 PS_MIO67_J29
A 405 250 10 0 2 0 PINTYPE=BI
P 17 400 260 350 260 0 3 0
A 355 260 10 0 3 3 #=J30
L 345 260 10 0 8 0 1 0 PS_MIO68_J30
A 405 260 10 0 2 0 PINTYPE=BI
P 18 400 270 350 270 0 3 0
A 355 270 10 0 3 3 #=K30
L 345 270 10 0 8 0 1 0 PS_MIO69_K30
A 405 270 10 0 2 0 PINTYPE=BI
P 19 400 280 350 280 0 3 0
A 355 280 10 0 3 3 #=L29
L 345 280 10 0 8 0 1 0 PS_MIO70_L29
A 405 280 10 0 2 0 PINTYPE=BI
P 20 400 290 350 290 0 3 0
A 355 290 10 0 3 3 #=L30
L 345 290 10 0 8 0 1 0 PS_MIO71_L30
A 405 290 10 0 2 0 PINTYPE=BI
P 21 400 300 350 300 0 3 0
A 355 300 10 0 3 3 #=M29
L 345 300 10 0 8 0 1 0 PS_MIO72_M29
A 405 300 10 0 2 0 PINTYPE=BI
P 22 400 310 350 310 0 3 0
A 355 310 10 0 3 3 #=M30
L 345 310 10 0 8 0 1 0 PS_MIO73_M30
A 405 310 10 0 2 0 PINTYPE=BI
P 23 400 320 350 320 0 3 0
A 355 320 10 0 3 3 #=N29
L 345 320 10 0 8 0 1 0 PS_MIO74_N29
A 405 320 10 0 2 0 PINTYPE=BI
P 24 400 330 350 330 0 3 0
A 355 330 10 0 3 3 #=N30
L 345 330 10 0 8 0 1 0 PS_MIO75_N30
A 405 330 10 0 2 0 PINTYPE=BI
P 25 400 340 350 340 0 3 0
A 355 340 10 0 3 3 #=P29
L 345 340 10 0 8 0 1 0 PS_MIO76_P29
A 405 340 10 0 2 0 PINTYPE=BI
P 26 400 350 350 350 0 3 0
A 355 350 10 0 3 3 #=P30
L 345 350 10 0 8 0 1 0 PS_MIO77_P30
A 405 350 10 0 2 0 PINTYPE=BI
P 27 0 100 50 100 0 2 0
A 45 100 10 0 9 3 #=K29
L 55 100 10 0 2 0 1 0 VCCO_PSIO2_502_K29
A 10 100 10 0 2 0 PINTYPE=BI
P 28 0 110 50 110 0 2 0
A 45 110 10 0 9 3 #=E29
L 55 110 10 0 2 0 1 0 VCCO_PSIO2_502_E29
A 10 110 10 0 2 0 PINTYPE=BI
T 220 400 20 0 5 XCZU19EGFFVD1760
T 220 420 20 0 5 BANK 502
c 70 430 10
U 50 460 10 0 3 3 DEVICE=XXXXXX
U 50 30 16 0 3 3 REFDES=U?
U 250 30 10 0 3 3 PKG_TYPE=XXXXXX
U 0 0 10 0 3 0 HETERO=zu19d1760a_0,zu19d1760a_71,zu19d1760a_70,zu19d1760a_69,zu19d1760a_66,zu19d1760a_65,zu19d1760a_91,zu19d1760a_90,zu19d1760a_128,zu19d1760a_129,zu19d1760a_130,zu19d1760a_131,zu19d1760a_132,zu19d1760a_133,zu19d1760a_134,zu19d1760a_224,zu19d1760a_225,zu19d1760a_226,zu19d1760a_227,zu19d1760a_228,zu19d1760a_229,zu19d1760a_230,zu19d1760a_231,zu19d1760a_232,zu19d1760a_233,zu19d1760a_234,zu19d1760a_500,zu19d1760a_501,zu19d1760a_502,zu19d1760a_503,zu19d1760a_504,zu19d1760a_505,zu19d1760a_PS_POWER,zu19d1760a_GND1,zu19d1760a_GND2,zu19d1760a_GND3,zu19d1760a_MGTAVCC_L,zu19d1760a_MGTAVCC_RN,zu19d1760a_MGTAVCC_RS,zu19d1760a_MGTAVTT_L,zu19d1760a_MGTAVTT_RN,zu19d1760a_MGTAVTT_RS,zu19d1760a_MGTVCCAUX_L,zu19d1760a_MGTVCCAUX_RN,zu19d1760a_MGTVCCAUX_RS,zu19d1760a_PS_MGTRAVCC,zu19d1760a_PS_MGTRAVTT,zu19d1760a_VCCAUX,zu19d1760a_VCCAUX_IO,zu19d1760a_VCCBRAM,zu19d1760a_VCCINT,zu19d1760a_VCCINT_IO
U 0 -10 10 0 3 0 PARTS=1
U 0 -20 10 0 3 0 LEVEL=STD
U 0 -30 10 0 3 0 DATE=2016_09_22
E
