V 50
K 153165148200 zu19ffvc1760
Y 1
D 0 0 400 890
Z 10
i 946
b 50 50 350 840
P 1 400 100 350 100 0 3 0
A 355 100 10 0 3 3 #=AA17
L 345 100 10 0 8 0 1 0 VCCINT_AA17
A 405 100 10 0 2 0 PINTYPE=BI
P 2 400 110 350 110 0 3 0
A 355 110 10 0 3 3 #=AA19
L 345 110 10 0 8 0 1 0 VCCINT_AA19
A 405 110 10 0 2 0 PINTYPE=BI
P 3 400 120 350 120 0 3 0
A 355 120 10 0 3 3 #=AA23
L 345 120 10 0 8 0 1 0 VCCINT_AA23
A 405 120 10 0 2 0 PINTYPE=BI
P 4 400 130 350 130 0 3 0
A 355 130 10 0 3 3 #=AA25
L 345 130 10 0 8 0 1 0 VCCINT_AA25
A 405 130 10 0 2 0 PINTYPE=BI
P 5 400 140 350 140 0 3 0
A 355 140 10 0 3 3 #=AB16
L 345 140 10 0 8 0 1 0 VCCINT_AB16
A 405 140 10 0 2 0 PINTYPE=BI
P 6 400 150 350 150 0 3 0
A 355 150 10 0 3 3 #=AB18
L 345 150 10 0 8 0 1 0 VCCINT_AB18
A 405 150 10 0 2 0 PINTYPE=BI
P 7 400 160 350 160 0 3 0
A 355 160 10 0 3 3 #=AB22
L 345 160 10 0 8 0 1 0 VCCINT_AB22
A 405 160 10 0 2 0 PINTYPE=BI
P 8 400 170 350 170 0 3 0
A 355 170 10 0 3 3 #=AB24
L 345 170 10 0 8 0 1 0 VCCINT_AB24
A 405 170 10 0 2 0 PINTYPE=BI
P 9 400 180 350 180 0 3 0
A 355 180 10 0 3 3 #=AB26
L 345 180 10 0 8 0 1 0 VCCINT_AB26
A 405 180 10 0 2 0 PINTYPE=BI
P 10 400 190 350 190 0 3 0
A 355 190 10 0 3 3 #=AC17
L 345 190 10 0 8 0 1 0 VCCINT_AC17
A 405 190 10 0 2 0 PINTYPE=BI
P 11 400 200 350 200 0 3 0
A 355 200 10 0 3 3 #=AC19
L 345 200 10 0 8 0 1 0 VCCINT_AC19
A 405 200 10 0 2 0 PINTYPE=BI
P 12 400 210 350 210 0 3 0
A 355 210 10 0 3 3 #=AC23
L 345 210 10 0 8 0 1 0 VCCINT_AC23
A 405 210 10 0 2 0 PINTYPE=BI
P 13 400 220 350 220 0 3 0
A 355 220 10 0 3 3 #=AC25
L 345 220 10 0 8 0 1 0 VCCINT_AC25
A 405 220 10 0 2 0 PINTYPE=BI
P 14 400 230 350 230 0 3 0
A 355 230 10 0 3 3 #=AD16
L 345 230 10 0 8 0 1 0 VCCINT_AD16
A 405 230 10 0 2 0 PINTYPE=BI
P 15 400 240 350 240 0 3 0
A 355 240 10 0 3 3 #=AD18
L 345 240 10 0 8 0 1 0 VCCINT_AD18
A 405 240 10 0 2 0 PINTYPE=BI
P 16 400 250 350 250 0 3 0
A 355 250 10 0 3 3 #=AD20
L 345 250 10 0 8 0 1 0 VCCINT_AD20
A 405 250 10 0 2 0 PINTYPE=BI
P 17 400 260 350 260 0 3 0
A 355 260 10 0 3 3 #=AD22
L 345 260 10 0 8 0 1 0 VCCINT_AD22
A 405 260 10 0 2 0 PINTYPE=BI
P 18 400 270 350 270 0 3 0
A 355 270 10 0 3 3 #=AD24
L 345 270 10 0 8 0 1 0 VCCINT_AD24
A 405 270 10 0 2 0 PINTYPE=BI
P 19 400 280 350 280 0 3 0
A 355 280 10 0 3 3 #=AE17
L 345 280 10 0 8 0 1 0 VCCINT_AE17
A 405 280 10 0 2 0 PINTYPE=BI
P 20 400 290 350 290 0 3 0
A 355 290 10 0 3 3 #=AE19
L 345 290 10 0 8 0 1 0 VCCINT_AE19
A 405 290 10 0 2 0 PINTYPE=BI
P 21 400 300 350 300 0 3 0
A 355 300 10 0 3 3 #=AE21
L 345 300 10 0 8 0 1 0 VCCINT_AE21
A 405 300 10 0 2 0 PINTYPE=BI
P 22 400 310 350 310 0 3 0
A 355 310 10 0 3 3 #=AE23
L 345 310 10 0 8 0 1 0 VCCINT_AE23
A 405 310 10 0 2 0 PINTYPE=BI
P 23 400 320 350 320 0 3 0
A 355 320 10 0 3 3 #=AF16
L 345 320 10 0 8 0 1 0 VCCINT_AF16
A 405 320 10 0 2 0 PINTYPE=BI
P 24 400 330 350 330 0 3 0
A 355 330 10 0 3 3 #=AF18
L 345 330 10 0 8 0 1 0 VCCINT_AF18
A 405 330 10 0 2 0 PINTYPE=BI
P 25 400 340 350 340 0 3 0
A 355 340 10 0 3 3 #=AF20
L 345 340 10 0 8 0 1 0 VCCINT_AF20
A 405 340 10 0 2 0 PINTYPE=BI
P 26 400 350 350 350 0 3 0
A 355 350 10 0 3 3 #=AF22
L 345 350 10 0 8 0 1 0 VCCINT_AF22
A 405 350 10 0 2 0 PINTYPE=BI
P 27 400 360 350 360 0 3 0
A 355 360 10 0 3 3 #=AF24
L 345 360 10 0 8 0 1 0 VCCINT_AF24
A 405 360 10 0 2 0 PINTYPE=BI
P 28 400 370 350 370 0 3 0
A 355 370 10 0 3 3 #=AG17
L 345 370 10 0 8 0 1 0 VCCINT_AG17
A 405 370 10 0 2 0 PINTYPE=BI
P 29 400 380 350 380 0 3 0
A 355 380 10 0 3 3 #=AG19
L 345 380 10 0 8 0 1 0 VCCINT_AG19
A 405 380 10 0 2 0 PINTYPE=BI
P 30 400 390 350 390 0 3 0
A 355 390 10 0 3 3 #=AG21
L 345 390 10 0 8 0 1 0 VCCINT_AG21
A 405 390 10 0 2 0 PINTYPE=BI
P 31 400 400 350 400 0 3 0
A 355 400 10 0 3 3 #=AG23
L 345 400 10 0 8 0 1 0 VCCINT_AG23
A 405 400 10 0 2 0 PINTYPE=BI
P 32 400 410 350 410 0 3 0
A 355 410 10 0 3 3 #=AH18
L 345 410 10 0 8 0 1 0 VCCINT_AH18
A 405 410 10 0 2 0 PINTYPE=BI
P 33 400 420 350 420 0 3 0
A 355 420 10 0 3 3 #=AH20
L 345 420 10 0 8 0 1 0 VCCINT_AH20
A 405 420 10 0 2 0 PINTYPE=BI
P 34 400 430 350 430 0 3 0
A 355 430 10 0 3 3 #=AH22
L 345 430 10 0 8 0 1 0 VCCINT_AH22
A 405 430 10 0 2 0 PINTYPE=BI
P 35 400 440 350 440 0 3 0
A 355 440 10 0 3 3 #=AH24
L 345 440 10 0 8 0 1 0 VCCINT_AH24
A 405 440 10 0 2 0 PINTYPE=BI
P 36 400 450 350 450 0 3 0
A 355 450 10 0 3 3 #=R17
L 345 450 10 0 8 0 1 0 VCCINT_R17
A 405 450 10 0 2 0 PINTYPE=BI
P 37 400 460 350 460 0 3 0
A 355 460 10 0 3 3 #=R19
L 345 460 10 0 8 0 1 0 VCCINT_R19
A 405 460 10 0 2 0 PINTYPE=BI
P 38 400 470 350 470 0 3 0
A 355 470 10 0 3 3 #=R21
L 345 470 10 0 8 0 1 0 VCCINT_R21
A 405 470 10 0 2 0 PINTYPE=BI
P 39 400 480 350 480 0 3 0
A 355 480 10 0 3 3 #=R23
L 345 480 10 0 8 0 1 0 VCCINT_R23
A 405 480 10 0 2 0 PINTYPE=BI
P 40 400 490 350 490 0 3 0
A 355 490 10 0 3 3 #=R25
L 345 490 10 0 8 0 1 0 VCCINT_R25
A 405 490 10 0 2 0 PINTYPE=BI
P 41 400 500 350 500 0 3 0
A 355 500 10 0 3 3 #=T16
L 345 500 10 0 8 0 1 0 VCCINT_T16
A 405 500 10 0 2 0 PINTYPE=BI
P 42 400 510 350 510 0 3 0
A 355 510 10 0 3 3 #=T18
L 345 510 10 0 8 0 1 0 VCCINT_T18
A 405 510 10 0 2 0 PINTYPE=BI
P 43 400 520 350 520 0 3 0
A 355 520 10 0 3 3 #=T20
L 345 520 10 0 8 0 1 0 VCCINT_T20
A 405 520 10 0 2 0 PINTYPE=BI
P 44 400 530 350 530 0 3 0
A 355 530 10 0 3 3 #=T22
L 345 530 10 0 8 0 1 0 VCCINT_T22
A 405 530 10 0 2 0 PINTYPE=BI
P 45 400 540 350 540 0 3 0
A 355 540 10 0 3 3 #=T24
L 345 540 10 0 8 0 1 0 VCCINT_T24
A 405 540 10 0 2 0 PINTYPE=BI
P 46 400 550 350 550 0 3 0
A 355 550 10 0 3 3 #=T26
L 345 550 10 0 8 0 1 0 VCCINT_T26
A 405 550 10 0 2 0 PINTYPE=BI
P 47 400 560 350 560 0 3 0
A 355 560 10 0 3 3 #=U17
L 345 560 10 0 8 0 1 0 VCCINT_U17
A 405 560 10 0 2 0 PINTYPE=BI
P 48 400 570 350 570 0 3 0
A 355 570 10 0 3 3 #=U19
L 345 570 10 0 8 0 1 0 VCCINT_U19
A 405 570 10 0 2 0 PINTYPE=BI
P 49 400 580 350 580 0 3 0
A 355 580 10 0 3 3 #=U21
L 345 580 10 0 8 0 1 0 VCCINT_U21
A 405 580 10 0 2 0 PINTYPE=BI
P 50 400 590 350 590 0 3 0
A 355 590 10 0 3 3 #=U23
L 345 590 10 0 8 0 1 0 VCCINT_U23
A 405 590 10 0 2 0 PINTYPE=BI
P 51 400 600 350 600 0 3 0
A 355 600 10 0 3 3 #=U25
L 345 600 10 0 8 0 1 0 VCCINT_U25
A 405 600 10 0 2 0 PINTYPE=BI
P 52 400 610 350 610 0 3 0
A 355 610 10 0 3 3 #=V16
L 345 610 10 0 8 0 1 0 VCCINT_V16
A 405 610 10 0 2 0 PINTYPE=BI
P 53 400 620 350 620 0 3 0
A 355 620 10 0 3 3 #=V18
L 345 620 10 0 8 0 1 0 VCCINT_V18
A 405 620 10 0 2 0 PINTYPE=BI
P 54 400 630 350 630 0 3 0
A 355 630 10 0 3 3 #=V20
L 345 630 10 0 8 0 1 0 VCCINT_V20
A 405 630 10 0 2 0 PINTYPE=BI
P 55 400 640 350 640 0 3 0
A 355 640 10 0 3 3 #=V22
L 345 640 10 0 8 0 1 0 VCCINT_V22
A 405 640 10 0 2 0 PINTYPE=BI
P 56 400 650 350 650 0 3 0
A 355 650 10 0 3 3 #=V24
L 345 650 10 0 8 0 1 0 VCCINT_V24
A 405 650 10 0 2 0 PINTYPE=BI
P 57 400 660 350 660 0 3 0
A 355 660 10 0 3 3 #=V26
L 345 660 10 0 8 0 1 0 VCCINT_V26
A 405 660 10 0 2 0 PINTYPE=BI
P 58 400 670 350 670 0 3 0
A 355 670 10 0 3 3 #=W17
L 345 670 10 0 8 0 1 0 VCCINT_W17
A 405 670 10 0 2 0 PINTYPE=BI
P 59 400 680 350 680 0 3 0
A 355 680 10 0 3 3 #=W19
L 345 680 10 0 8 0 1 0 VCCINT_W19
A 405 680 10 0 2 0 PINTYPE=BI
P 60 400 690 350 690 0 3 0
A 355 690 10 0 3 3 #=W21
L 345 690 10 0 8 0 1 0 VCCINT_W21
A 405 690 10 0 2 0 PINTYPE=BI
P 61 400 700 350 700 0 3 0
A 355 700 10 0 3 3 #=W23
L 345 700 10 0 8 0 1 0 VCCINT_W23
A 405 700 10 0 2 0 PINTYPE=BI
P 62 400 710 350 710 0 3 0
A 355 710 10 0 3 3 #=W25
L 345 710 10 0 8 0 1 0 VCCINT_W25
A 405 710 10 0 2 0 PINTYPE=BI
P 63 400 720 350 720 0 3 0
A 355 720 10 0 3 3 #=Y16
L 345 720 10 0 8 0 1 0 VCCINT_Y16
A 405 720 10 0 2 0 PINTYPE=BI
P 64 400 730 350 730 0 3 0
A 355 730 10 0 3 3 #=Y18
L 345 730 10 0 8 0 1 0 VCCINT_Y18
A 405 730 10 0 2 0 PINTYPE=BI
P 65 400 740 350 740 0 3 0
A 355 740 10 0 3 3 #=Y22
L 345 740 10 0 8 0 1 0 VCCINT_Y22
A 405 740 10 0 2 0 PINTYPE=BI
P 66 400 750 350 750 0 3 0
A 355 750 10 0 3 3 #=Y24
L 345 750 10 0 8 0 1 0 VCCINT_Y24
A 405 750 10 0 2 0 PINTYPE=BI
P 67 400 760 350 760 0 3 0
A 355 760 10 0 3 3 #=Y26
L 345 760 10 0 8 0 1 0 VCCINT_Y26
A 405 760 10 0 2 0 PINTYPE=BI
T 220 780 20 0 5 XCZU19EGFFVC1760
T 220 800 20 0 5 BANK VCCINT
c 70 820 10
U 50 850 10 0 3 3 DEVICE=XXXXXX
U 50 30 16 0 3 3 REFDES=U?
U 250 30 10 0 3 3 PKG_TYPE=XXXXXX
U 0 0 10 0 3 0 HETERO=zu19ffvc1760a_0,zu19ffvc1760a_71,zu19ffvc1760a_70,zu19ffvc1760a_69,zu19ffvc1760a_68,zu19ffvc1760a_67,zu19ffvc1760a_66,zu19ffvc1760a_65,zu19ffvc1760a_64,zu19ffvc1760a_94,zu19ffvc1760a_93,zu19ffvc1760a_91,zu19ffvc1760a_90,zu19ffvc1760a_128,zu19ffvc1760a_129,zu19ffvc1760a_130,zu19ffvc1760a_131,zu19ffvc1760a_224,zu19ffvc1760a_225,zu19ffvc1760a_226,zu19ffvc1760a_227,zu19ffvc1760a_228,zu19ffvc1760a_229,zu19ffvc1760a_230,zu19ffvc1760a_231,zu19ffvc1760a_500,zu19ffvc1760a_501,zu19ffvc1760a_502,zu19ffvc1760a_503,zu19ffvc1760a_504,zu19ffvc1760a_505,zu19ffvc1760a_PS_POWER,zu19ffvc1760a_GND1,zu19ffvc1760a_GND2,zu19ffvc1760a_GND3,zu19ffvc1760a_MGTAVCC_L,zu19ffvc1760a_MGTAVCC_RN,zu19ffvc1760a_MGTAVCC_RS,zu19ffvc1760a_MGTAVTT_L,zu19ffvc1760a_MGTAVTT_RN,zu19ffvc1760a_MGTAVTT_RS,zu19ffvc1760a_MGTVCCAUX_L,zu19ffvc1760a_MGTVCCAUX_RN,zu19ffvc1760a_MGTVCCAUX_RS,zu19ffvc1760a_PS_MGTRAVCC,zu19ffvc1760a_PS_MGTRAVTT,zu19ffvc1760a_VCCAUX,zu19ffvc1760a_VCCAUX_IO,zu19ffvc1760a_VCCBRAM,zu19ffvc1760a_VCCINT,zu19ffvc1760a_VCCINT_IO
U 0 -10 10 0 3 0 PARTS=1
U 0 -20 10 0 3 0 LEVEL=STD
U 0 -30 10 0 3 0 DATE=2016_04_18
E
