V 50
K 153165148200 xc7a350tfbg676
Y 1
D 0 0 400 320
Z 10
i 946
b 50 50 350 270
P 1 400 100 350 100 0 3 0
A 355 100 10 0 3 0 #=AA10
L 345 100 10 0 8 0 1 0 MGTAVCC_AA10
A 405 100 10 0 2 0 PINTYPE=BI
P 2 400 110 350 110 0 3 0
A 355 110 10 0 3 0 #=F10
L 345 110 10 0 8 0 1 0 MGTAVCC_F10
A 405 110 10 0 2 0 PINTYPE=BI
P 3 400 120 350 120 0 3 0
A 355 120 10 0 3 0 #=AA12
L 345 120 10 0 8 0 1 0 MGTAVCC_AA12
A 405 120 10 0 2 0 PINTYPE=BI
P 4 400 130 350 130 0 3 0
A 355 130 10 0 3 0 #=AC9
L 345 130 10 0 8 0 1 0 MGTAVCC_AC9
A 405 130 10 0 2 0 PINTYPE=BI
P 5 400 140 350 140 0 3 0
A 355 140 10 0 3 0 #=AC11
L 345 140 10 0 8 0 1 0 MGTAVCC_AC11
A 405 140 10 0 2 0 PINTYPE=BI
P 6 400 150 350 150 0 3 0
A 355 150 10 0 3 0 #=AC13
L 345 150 10 0 8 0 1 0 MGTAVCC_AC13
A 405 150 10 0 2 0 PINTYPE=BI
P 7 400 160 350 160 0 3 0
A 355 160 10 0 3 0 #=D9
L 345 160 10 0 8 0 1 0 MGTAVCC_D9
A 405 160 10 0 2 0 PINTYPE=BI
P 8 400 170 350 170 0 3 0
A 355 170 10 0 3 0 #=D11
L 345 170 10 0 8 0 1 0 MGTAVCC_D11
A 405 170 10 0 2 0 PINTYPE=BI
P 9 400 180 350 180 0 3 0
A 355 180 10 0 3 0 #=D13
L 345 180 10 0 8 0 1 0 MGTAVCC_D13
A 405 180 10 0 2 0 PINTYPE=BI
P 10 400 190 350 190 0 3 0
A 355 190 10 0 3 0 #=F12
L 345 190 10 0 8 0 1 0 MGTAVCC_F12
A 405 190 10 0 2 0 PINTYPE=BI
T 220 210 20 0 5 XC7A350TFBG676
T 220 230 20 0 5 BANK MGTAVCC
c 70 250 10
U 50 280 10 0 3 3 DEVICE=XXXXXX
U 50 30 16 0 3 3 REFDES=U?
U 250 30 10 0 3 3 PKG_TYPE=XXXXXX
U 0 0 10 0 3 0 HETERO=xc7a350tfbg676_0,xc7a350tfbg676_12,xc7a350tfbg676_13,xc7a350tfbg676_14,xc7a350tfbg676_15,xc7a350tfbg676_16,xc7a350tfbg676_33,xc7a350tfbg676_34,xc7a350tfbg676_35,xc7a350tfbg676_217,xc7a350tfbg676_212,xc7a350tfbg676_GND,xc7a350tfbg676_VCCINT,xc7a350tfbg676_VCCAUX,xc7a350tfbg676_VCCBRAM,xc7a350tfbg676_MGTAVCC,xc7a350tfbg676_MGTAVTT
U 0 -10 10 0 3 0 PARTS=1
U 0 -20 10 0 3 0 LEVEL=STD
U 0 -30 10 0 3 0 DATE=2011_09_11
E
