V 51
K 217884427300 osc-8
|R 0:47_8-26-10
Y 1
D 0 0 120 100
Z 10
i 13
U 0 -20 10 0 3 0 DEVICE=OSCILLATOR
U 0 -10 10 0 3 0 PKG_TYPE=DIP8
P 9 120 30 100 30 0 3 0
A 115 30 10 4 3 3 #=7
L 100 25 10 4 3 0 1 0 GND
A 265 25 10 4 3 0 PINTYTPE=BI
P 10 120 10 100 10 0 3 0
A 265 5 10 4 3 0 PINTYTPE=BI
L 100 5 10 4 3 0 1 0 D2
A 115 10 10 4 3 3 #=6
P 11 120 70 100 70 0 3 0
A 265 65 10 4 3 0 PINTYTPE=BI
L 100 65 10 4 3 0 1 0 1S2
A 115 70 10 4 3 3 #=9
P 12 120 90 100 90 0 3 0
A 115 90 10 4 3 3 #=10
L 100 85 10 4 3 0 1 0 1S1
A 265 85 10 4 3 0 PINTYTPE=BI
P 13 120 50 100 50 0 3 0
A 115 50 10 4 3 3 #=8
L 100 45 10 4 3 0 1 0 D1
A 265 45 10 4 3 0 PINTYTPE=BI
P 7 0 50 20 50 0 2 0
A -145 45 10 0 3 0 PINTYTPE=BI
L 20 45 10 0 3 0 1 0 SEL
A 5 50 10 0 3 3 #=3
P 2 0 90 20 90 0 2 0
A -145 85 10 0 3 0 PINTYTPE=BI
L 20 85 10 0 3 0 1 0 INT
A 5 90 10 0 3 3 #=1
P 6 0 70 20 70 0 2 0
A 5 70 10 0 3 3 #=2
L 20 65 10 0 3 0 1 0 VCC
A -145 65 10 0 3 0 PINTYTPE=BI
P 8 0 10 20 10 0 2 0
A 5 10 10 0 3 3 #=5
L 20 5 10 0 3 0 1 0 2S2
A -145 5 10 0 3 0 PINTYTPE=BI
P 3 0 30 20 30 0 2 0
A -145 25 10 0 3 0 PINTYTPE=BI
L 20 25 10 0 3 0 1 0 2S1
A 5 30 10 0 3 3 #=4
U 20 100 10 0 3 3 VALUE=VALUE
U 20 -16 16 0 3 3 REFDES=X?
b 20 0 100 100
E
